#;prob_registration_l1 -r /home/probabilistic_point_clouds_registration/build/tester /home/point_clouds_registration_benchmark/stairs_local.txt /home/point_clouds_registration_benchmark/stairs -s 0.2 -t 0.2 -p 0.3 -r 1000 -m 15 -i 40 
id;initial_error;final_error;transformation
5494384560000;0.832403;0.118941;0.989039 0.144687 -0.029453 0.934637 -0.141522 0.985801 0.0903791 0.575104 0.0421115 -0.0852202 0.995472 0.190933 0 0 0 1 
5494384560001;0.315086;0.116659;0.893055 0.294843 -0.339882 1.78991 -0.240997 0.951337 0.192039 1.38822 0.379964 -0.0895906 0.920652 -2.53819 0 0 0 1 
5494384560002;0.630491;0.118261;0.998854 0.015441 -0.0452973 0.829658 -0.0126827 0.998084 0.0605609 -0.144832 0.0461456 -0.0599171 0.997136 -0.049567 0 0 0 1 
5494384560003;0.317466;0.127906;0.968283 -0.0177909 -0.24922 1.03226 0.110876 0.924467 0.364785 -1.84161 0.223906 -0.380848 0.897118 -1.46298 0 0 0 1 
5494384560004;0.657978;0.117427;0.995403 0.095595 -0.0058711 -0.0348122 -0.0931477 0.980536 0.172839 0.793861 0.0222794 -0.171498 0.984933 0.275869 0 0 0 1 
5494384560005;0.751618;0.122404;0.996827 -0.0467665 -0.064419 -0.367452 0.0582611 0.980044 0.190053 -1.35716 0.0542453 -0.193203 0.979658 -0.510854 0 0 0 1 
5494384560006;0.696898;0.142994;0.913202 0.346286 -0.214821 1.53375 -0.359204 0.932975 -0.0230401 2.42915 0.192444 0.0982048 0.976382 -0.840572 0 0 0 1 
5494384560007;0.399045;0.107522;0.941112 -0.331429 -0.066811 0.821479 0.337101 0.934987 0.110281 -3.00725 0.025917 -0.126309 0.991652 -0.180175 0 0 0 1 
5494384560008;0.231215;0.114319;0.977962 -0.161317 -0.132538 0.486838 0.155522 0.986407 -0.0530431 -0.980897 0.139294 0.0312615 0.989758 -0.929908 0 0 0 1 
5494384560009;0.454804;0.127185;0.987802 0.0149258 -0.155 0.790066 0.00431111 0.992393 0.123037 -0.550838 0.155657 -0.122204 0.980223 -0.764358 0 0 0 1 
5494384560010;0.83506;0.12581;0.999116 0.0371763 -0.0196223 0.0945794 -0.0352645 0.995306 0.0901249 0.223985 0.0228808 -0.0893533 0.995737 0.712701 0 0 0 1 
5494384560011;0.300381;0.15337;0.994965 0.0978738 0.0215606 -0.0123429 -0.0904355 0.969515 -0.227731 1.19535 -0.0431923 0.224635 0.973485 0.331389 0 0 0 1 
5494384560012;0.513405;0.110238;0.929067 0.103452 -0.355152 1.32755 -0.146541 0.984479 -0.0965768 1.32012 0.339649 0.14177 0.929806 -1.93468 0 0 0 1 
5494384560013;0.592232;0.126694;0.988052 0.0616992 -0.141235 0.664025 -0.0547182 0.997105 0.0527927 0.868161 0.144083 -0.0444338 0.988567 -1.07901 0 0 0 1 
5494384560014;0.784839;0.106668;0.938656 0.254046 0.233207 0.611278 -0.304222 0.92847 0.213055 1.55761 -0.1624 -0.270932 0.9488 1.7388 0 0 0 1 
5494384560015;1.02961;0.119262;0.919889 0.369036 -0.132728 0.61697 -0.389546 0.898945 -0.200381 4.11853 0.0453675 0.236032 0.970686 0.345697 0 0 0 1 
5494384560016;0.692498;0.122963;0.981792 0.16479 -0.0944974 0.418682 -0.187589 0.919428 -0.345632 2.71807 0.029927 0.357065 0.9336 -0.499293 0 0 0 1 
5494384560017;0.125802;0.107708;0.998643 0.0445767 -0.0269367 0.159439 -0.0427784 0.997032 0.0640048 0.136244 0.0297098 -0.0627656 0.997586 -0.109382 0 0 0 1 
5494384560018;0.697368;0.119036;0.991455 0.0883041 -0.0960144 0.917948 -0.101876 0.983856 -0.147137 1.23141 0.0814716 0.155661 0.984445 -0.0817117 0 0 0 1 
5494384560019;0.372102;0.12566;0.942026 0.324622 0.0849011 0.346109 -0.333962 0.931602 0.143481 2.18824 -0.0325169 -0.163517 0.986005 -0.0151073 0 0 0 1 
5494384560020;0.725979;0.118493;0.928861 0.363338 0.0721318 0.370385 -0.365789 0.868947 0.33336 2.38186 0.0584437 -0.33603 0.940036 0.2106 0 0 0 1 
5494384560021;0.810082;0.125901;0.990403 0.123462 -0.0621162 -0.029472 -0.118543 0.989922 0.0774715 0.813742 0.071055 -0.0693646 0.995058 0.233124 0 0 0 1 
5494384560022;1.01164;0.12213;0.887665 -0.269797 -0.373177 1.62227 0.329328 0.938365 0.104952 -3.64419 0.321861 -0.21606 0.921805 -1.88664 0 0 0 1 
5494384560023;0.527542;0.119983;0.970646 0.141308 -0.194624 1.03461 -0.127288 0.988403 0.0828104 0.637147 0.204069 -0.0556062 0.977376 -1.97226 0 0 0 1 
5494384560024;0.419936;0.151222;0.925734 0.362745 -0.106927 1.22179 -0.357866 0.931684 0.0624209 2.60015 0.122265 -0.0195196 0.992306 -1.13218 0 0 0 1 
5494384560025;0.495752;0.118529;0.920085 0.347955 -0.179917 1.20301 -0.335225 0.937039 0.0978878 2.40639 0.20265 -0.0297523 0.978799 -1.05719 0 0 0 1 
5494384560026;0.350666;0.139834;0.976569 0.142335 0.161413 -0.101013 -0.105134 0.969985 -0.219263 1.30864 -0.187777 0.197156 0.962221 1.7627 0 0 0 1 
5494384560027;0.90423;0.104384;0.986977 0.107844 -0.119359 1.43559 -0.0819537 0.975578 0.20379 0.276502 0.138422 -0.191354 0.971711 -0.825713 0 0 0 1 
5494384560028;0.914969;0.136552;0.998227 -0.051104 -0.0305076 -0.747251 0.0535399 0.994921 0.0852401 -0.463076 0.0259965 -0.0867224 0.995893 -0.45185 0 0 0 1 
5494384560029;0.844853;0.133057;0.997207 0.0744382 -0.00612924 0.126633 -0.0735964 0.993282 0.0892988 -0.387609 0.0127353 -0.0885983 0.995986 -0.680317 0 0 0 1 
5494384560031;0.314572;0.25884;0.925858 -0.35108 -0.139752 0.389668 0.35721 0.933796 0.0206663 -1.45961 0.123244 -0.0690547 0.989971 -0.293216 0 0 0 1 
5494384560032;0.143255;0.243197;0.992025 0.069976 0.104832 -0.0328944 -0.0646675 0.996487 -0.0532126 0.198828 -0.108187 0.0460091 0.993065 0.627656 0 0 0 1 
5494384560033;0.256973;0.263874;0.996336 0.0189501 0.0834044 0.0907342 -0.00965791 0.993836 -0.110436 0.21034 -0.0849831 0.109226 0.990378 0.657416 0 0 0 1 
5494384560034;0.872658;0.263079;0.961739 -0.225365 0.155783 -0.0357198 0.196011 0.963288 0.183456 -1.80507 -0.191409 -0.145902 0.970606 0.391663 0 0 0 1 
5494384560035;0.383527;0.245796;0.993503 -0.0633989 0.0945091 -0.0293312 0.0558441 0.995185 0.0805464 0.0264856 -0.0991606 -0.0747453 0.99226 0.648717 0 0 0 1 
5494384560036;0.699819;0.243528;0.950304 0.288355 -0.117357 0.532427 -0.308961 0.919864 -0.241646 0.88506 0.0382726 0.265896 0.963242 0.739464 0 0 0 1 
5494384560037;0.785083;0.251263;0.963285 -0.0711176 0.25889 -0.394024 0.142077 0.953224 -0.266792 -0.222375 -0.227806 0.293779 0.928331 0.499093 0 0 0 1 
5494384560038;1.00964;0.253579;0.900513 -0.426856 0.0828849 -0.917672 0.428546 0.903516 -0.00290024 -1.33771 -0.0736498 0.0381317 0.996555 0.23873 0 0 0 1 
5494384560039;0.16472;0.25692;0.989909 -0.0649219 -0.125958 0.147909 0.0681878 0.997435 0.0217887 -0.27858 0.12422 -0.0301576 0.991796 -0.286492 0 0 0 1 
5494384560040;0.656318;0.256688;0.897616 0.34934 0.268786 0.56993 -0.348971 0.935756 -0.0508032 0.808914 -0.269266 -0.0481967 0.961859 1.47398 0 0 0 1 
5494384560041;0.496934;0.26308;0.863759 -0.291944 0.410717 -0.16494 0.293442 0.954028 0.0610139 -1.11204 -0.409648 0.0678203 0.909719 2.35054 0 0 0 1 
5494384560042;0.516103;0.294522;0.978055 -0.0147515 -0.207822 0.190884 0.0515227 0.983634 0.172657 -0.645665 0.201874 -0.179576 0.962808 -0.985603 0 0 0 1 
5494384560043;0.0787389;0.269386;0.998076 -0.0148457 0.0601924 -0.110956 0.0142396 0.999844 0.010486 -0.181947 -0.0603386 -0.0096087 0.998132 0.558418 0 0 0 1 
5494384560044;0.670233;0.255565;0.996315 0.0544992 0.066223 0.159514 -0.0581195 0.996847 0.0540291 0.254881 -0.0630696 -0.0576789 0.996341 1.20927 0 0 0 1 
5494384560045;0.454928;0.265565;0.89152 -0.266354 0.366398 -0.505362 0.15682 0.940322 0.301997 -1.10831 -0.42497 -0.211778 0.880085 1.99325 0 0 0 1 
5494384560046;0.663952;0.259198;0.982312 0.155988 -0.103585 0.340989 -0.153889 0.987691 0.0280029 1.21907 0.106678 -0.0115669 0.994226 -0.262441 0 0 0 1 
5494384560047;0.60701;0.278981;0.991487 0.0240222 -0.127973 -0.279254 -0.0456359 0.984602 -0.168747 0.705575 0.121949 0.173151 0.977316 -0.39047 0 0 0 1 
5494384560048;0.280379;0.247396;0.997656 0.0109633 0.0675471 -0.124824 -0.0144709 0.99856 0.0516599 -0.196275 -0.0668835 -0.0525163 0.996378 0.812228 0 0 0 1 
5494384560049;0.480826;0.266029;0.911013 0.341332 0.231404 0.541492 -0.340049 0.939247 -0.0466984 1.39776 -0.233285 -0.0361459 0.971736 1.13775 0 0 0 1 
5494384560050;0.519994;0.222749;0.971462 0.214105 0.102077 -0.223584 -0.210069 0.976463 -0.0488939 0.264375 -0.110143 0.0260552 0.993574 0.716334 0 0 0 1 
5494384560051;0.245903;0.245719;0.998209 -0.0135602 0.0582604 -0.0738314 0.0107352 0.998764 0.0485305 -0.32709 -0.0588465 -0.0478181 0.997121 0.259519 0 0 0 1 
5494384560052;0.581213;0.227424;0.941013 0.15985 0.298232 -0.402501 -0.201084 0.973042 0.112938 0.0294443 -0.272139 -0.166246 0.947788 1.06242 0 0 0 1 
5494384560053;0.543864;0.265428;0.95347 -0.211519 0.214839 -0.545189 0.18591 0.973476 0.133352 -1.28019 -0.237347 -0.087207 0.967503 0.846559 0 0 0 1 
5494384560054;0.812423;0.242747;0.982574 -0.0226194 -0.184489 0.207602 0.0355761 0.997103 0.0672252 -0.538542 0.182434 -0.0726172 0.980533 -1.32787 0 0 0 1 
5494384560055;0.804846;0.249721;0.906471 0.0148717 0.422005 0.481491 -0.067611 0.991598 0.110285 0.550752 -0.416819 -0.128502 0.89986 1.91085 0 0 0 1 
5494384560056;0.404608;0.253279;0.974951 0.164204 0.150028 -0.223308 -0.16357 0.986391 -0.0166396 0.195952 -0.150718 -0.00831731 0.988542 0.775873 0 0 0 1 
5494384560057;0.241612;0.254572;0.977264 0.203235 -0.0604206 0.257015 -0.194389 0.972612 0.127431 0.421085 0.0846643 -0.112789 0.990005 -0.030946 0 0 0 1 
5494384560058;0.361634;0.255233;0.989049 -0.0992994 0.109186 0.0468445 0.109651 0.989583 -0.0932814 -0.126691 -0.098786 0.104232 0.989635 0.673184 0 0 0 1 
5494384560059;0.672349;0.257405;0.996748 0.00199558 0.0805628 -0.136764 -0.00316391 0.999892 0.0143771 -0.0526246 -0.0805254 -0.0145852 0.996646 -0.18837 0 0 0 1 
5494384560060;0.435775;0.243498;0.953108 -0.289746 -0.0873624 -0.101067 0.302605 0.908783 0.287304 -1.67257 -0.00385151 -0.300268 0.953847 0.057836 0 0 0 1 
5494384560062;0.821662;0.136792;0.967143 -0.187484 -0.171708 0.384638 0.188109 0.982065 -0.0127768 -1.61431 0.171024 -0.0199428 0.985065 -1.23909 0 0 0 1 
5494384560063;1.2461;0.138865;0.943857 0.107397 -0.31241 1.76736 -0.107338 0.99407 0.0174378 0.732726 0.312431 0.0170749 0.949787 -2.38264 0 0 0 1 
5494384560064;0.351118;0.162011;0.919368 -0.393189 0.0128683 0.256468 0.39271 0.919201 0.0291242 -2.55917 -0.0232798 -0.0217223 0.999493 0.232395 0 0 0 1 
5494384560065;1.02628;0.173969;0.99684 0.0771303 0.0190103 -0.0421384 -0.0761902 0.996031 -0.046018 0.409829 -0.0224843 0.0444241 0.99876 1.00948 0 0 0 1 
5494384560066;0.385602;0.167634;0.895677 0.438411 -0.0745592 1.09668 -0.439517 0.898233 0.00174831 2.72003 0.067738 0.0312041 0.997215 -0.245234 0 0 0 1 
5494384560067;1.09812;0.171638;0.979582 -0.123294 0.158798 -0.383029 0.143033 0.982475 -0.119516 -0.891209 -0.141279 0.139789 0.980051 0.33508 0 0 0 1 
5494384560068;0.284277;0.160355;0.987716 0.146034 -0.0556047 0.330795 -0.123165 0.946551 0.298112 0.0502459 0.0961672 -0.287602 0.95291 -0.526587 0 0 0 1 
5494384560069;0.305684;0.175511;0.988329 0.149824 -0.0275267 0.455195 -0.148742 0.98815 0.0378743 0.906646 0.032875 -0.0333379 0.998903 -0.050083 0 0 0 1 
5494384560070;1.06788;0.174425;0.998059 0.0620968 0.00469264 0.748913 -0.0620658 0.985743 0.156393 0.066467 0.00508575 -0.15638 0.987684 -0.277013 0 0 0 1 
5494384560071;0.199717;0.160372;0.999881 -0.012232 0.0094365 0.0350632 0.0121598 0.999897 0.00767325 -0.112192 -0.00952938 -0.00755759 0.999926 0.294283 0 0 0 1 
5494384560072;1.02349;0.152864;0.963443 -0.00237837 -0.267903 1.1319 -0.0681696 0.964873 -0.25372 1.72791 0.259096 0.262708 0.929438 -1.28715 0 0 0 1 
5494384560073;0.123206;0.146676;0.99379 -0.110818 0.0100731 -0.0198362 0.110083 0.992322 0.0563794 -0.806473 -0.0162436 -0.0549203 0.998359 0.212202 0 0 0 1 
5494384560074;0.700296;0.412583;0.960879 0.273559 0.0433272 0.121877 -0.27331 0.961855 -0.0116952 2.09985 -0.0448738 -0.000604049 0.998992 0.116488 0 0 0 1 
5494384560075;0.186882;0.163324;0.999809 0.0136503 0.0139782 0.0704865 -0.0134567 0.999813 -0.0138541 0.16464 -0.0141647 0.0136633 0.999806 0.0822939 0 0 0 1 
5494384560076;1.00141;0.134268;0.992731 -0.0883848 0.0816891 -0.27434 0.0805422 0.992236 0.094771 -0.522241 -0.0894311 -0.0875027 0.992142 1.3691 0 0 0 1 
5494384560077;0.605922;0.155357;0.89419 -0.33213 -0.30019 1.40213 0.357202 0.933506 0.0311823 -2.28556 0.269873 -0.135112 0.953369 -1.81089 0 0 0 1 
5494384560078;0.686652;0.147365;0.920516 -0.387996 0.0459352 0.0892374 0.38651 0.887129 -0.252214 -1.78799 0.0571076 0.249921 0.966581 0.323611 0 0 0 1 
5494384560079;0.330281;0.168763;0.926516 0.375602 -0.0221889 0.689838 -0.367448 0.915937 0.161374 1.91754 0.080936 -0.141362 0.986644 -0.421434 0 0 0 1 
5494384560080;0.779401;0.174484;0.918139 0.389416 -0.0733235 1.27434 -0.378916 0.916937 0.125096 2.35729 0.115947 -0.087072 0.989431 -0.507772 0 0 0 1 
5494384560081;0.603531;0.168038;0.978588 0.201734 -0.0408587 0.536663 -0.205166 0.971952 -0.114958 1.82029 0.0165218 0.120879 0.99253 0.370734 0 0 0 1 
5494384560082;0.617118;0.136387;0.894408 -0.269866 -0.35666 1.42977 0.326534 0.938948 0.108408 -2.05758 0.305629 -0.213423 0.927923 -2.00586 0 0 0 1 
5494384560083;0.290683;0.177541;0.943657 0.307684 0.121829 0.189283 -0.29528 0.949083 -0.109781 2.13752 -0.149403 0.067622 0.986461 1.05384 0 0 0 1 
5494384560084;0.175327;0.171075;0.987968 -0.104616 -0.11391 0.346753 0.0921635 0.989695 -0.10959 -0.227138 0.124201 0.0977728 0.987428 -0.627875 0 0 0 1 
5494384560085;0.943472;0.161127;0.993658 -0.109325 -0.0263062 0.0638694 0.097007 0.951752 -0.291133 -0.208264 0.0568651 0.286735 0.956321 0.597479 0 0 0 1 
5494384560086;0.821732;0.158169;0.991173 -0.0216666 0.130791 -0.471322 0.00658712 0.993385 0.114643 -0.523413 -0.13241 -0.11277 0.984759 1.44794 0 0 0 1 
5494384560087;0.12902;0.138328;0.998968 0.026427 -0.036945 0.0545673 -0.0250288 0.998971 0.0378093 0.103085 0.0379062 -0.0368456 0.998602 -0.0834173 0 0 0 1 
5494384560088;1.25698;0.463288;0.891481 0.0637639 -0.448548 1.86262 -0.0488119 0.997801 0.0448308 -0.477659 0.450421 -0.0180713 0.892633 -2.3342 0 0 0 1 
5494384560089;1.3654;0.676985;0.944003 0.321614 0.073636 0.224984 -0.322169 0.946671 -0.00453682 2.47733 -0.0711682 -0.0194404 0.997275 -0.236909 0 0 0 1 
5494384560090;0.736364;0.154693;0.959807 -0.280497 -0.0096209 0.553131 0.258373 0.896454 -0.360018 -0.485018 0.109609 0.343062 0.932896 -0.175656 0 0 0 1 
5494384560091;0.484121;0.183511;0.94411 -0.147036 -0.295021 1.11767 0.212725 0.95546 0.20456 -1.7973 0.251803 -0.255886 0.933337 -1.08926 0 0 0 1 
5494384560093;0.0553842;0.29563;0.986798 0.109027 -0.119765 0.340598 -0.11635 0.991631 -0.0559447 0.972114 0.112663 0.0691408 0.991225 -0.500074 0 0 0 1 
5494384560094;0.672056;0.546222;0.87883 0.0849997 -0.469503 1.90103 -0.0544062 0.995438 0.0783768 0.0616689 0.474023 -0.043336 0.879445 -2.42298 0 0 0 1 
5494384560095;0.854827;0.338459;0.85983 0.49599 -0.121192 1.37169 -0.507084 0.857269 -0.0891963 3.08379 0.0596539 0.138148 0.988613 0.204499 0 0 0 1 
5494384560096;0.268636;0.342958;0.968832 -0.148218 -0.198482 0.469042 0.124875 0.984212 -0.125429 -0.67287 0.21394 0.0967338 0.972045 -1.2512 0 0 0 1 
5494384560097;0.745786;0.322449;0.99062 0.0964372 -0.096804 -0.144077 -0.098116 0.995094 -0.0127232 0.19526 0.095102 0.0221019 0.995222 -0.199788 0 0 0 1 
5494384560098;0.365154;0.439615;0.94919 -0.198669 -0.244066 0.654499 0.210094 0.977446 0.0214328 -1.60426 0.234303 -0.0716205 0.969522 -1.38881 0 0 0 1 
5494384560099;0.345567;0.410329;0.992997 0.11538 -0.0253792 -0.297437 -0.117717 0.984475 -0.130201 1.26574 0.0099627 0.132276 0.991163 0.111996 0 0 0 1 
5494384560100;0.37298;0.368195;0.940798 -0.0910071 -0.326522 0.793446 0.0844336 0.995839 -0.0342809 -0.431796 0.328283 0.00468203 0.944568 -1.73521 0 0 0 1 
5494384560101;0.595346;0.438273;0.877473 0.466388 0.11191 0.413119 -0.461581 0.88455 -0.0671877 3.37221 -0.130326 0.00729979 0.991444 1.50463 0 0 0 1 
5494384560102;0.240088;0.431187;0.996878 -0.0789401 -0.00134369 -0.295926 0.0780399 0.987804 -0.134731 -0.360763 0.011963 0.134206 0.990881 0.126023 0 0 0 1 
5494384560103;0.65911;0.341289;0.990548 0.0972718 -0.0967109 0.177585 -0.105531 0.990836 -0.0843081 0.785772 0.0876238 0.0937172 0.991735 -0.87938 0 0 0 1 
5494384560104;0.317417;0.467045;0.994872 0.0160601 -0.0998556 -0.0290368 0.00986304 0.9672 0.253825 -0.76259 0.100657 -0.253508 0.962082 -0.447673 0 0 0 1 
5494384560105;0.561217;0.381328;0.928933 0.153638 -0.336865 0.877841 -0.209183 0.968496 -0.135126 1.79617 0.305492 0.195989 0.931806 -1.2837 0 0 0 1 
5494384560106;0.669368;0.485912;0.986999 0.119329 0.107676 -0.274989 -0.113798 0.991916 -0.056154 0.418874 -0.113506 0.0431707 0.992599 1.2433 0 0 0 1 
5494384560107;0.196586;0.37671;0.960135 0.245884 -0.132973 0.479121 -0.248134 0.968726 -0.000364601 1.64127 0.128725 0.0333452 0.99112 -0.75867 0 0 0 1 
5494384560108;0.588165;0.439367;0.945091 0.292983 -0.144787 0.725525 -0.248335 0.931832 0.26461 1.00591 0.212443 -0.214125 0.953424 -1.46353 0 0 0 1 
5494384560109;0.964218;0.379212;0.965934 0.257351 0.0272264 0.0553378 -0.257125 0.966309 -0.0115577 1.85463 -0.0292835 0.00416343 0.999562 1.10493 0 0 0 1 
5494384560110;0.522946;0.396464;0.941532 -0.315634 -0.11787 0.0168939 0.308748 0.948324 -0.0731943 -2.12828 0.134882 0.0325226 0.990328 -0.815107 0 0 0 1 
5494384560111;0.382633;0.350773;0.992255 0.122284 -0.0218302 -0.218895 -0.124163 0.971198 -0.203367 1.41981 -0.00366712 0.204503 0.978859 0.0704435 0 0 0 1 
5494384560112;1.20633;0.383447;0.98403 -0.098905 -0.147993 -0.336582 0.098389 0.995089 -0.0108213 -0.233124 0.148336 -0.00391233 0.988929 -0.253892 0 0 0 1 
5494384560113;0.493118;0.346119;0.959914 0.249389 -0.127943 0.544116 -0.267111 0.952248 -0.147906 2.16815 0.084947 0.176152 0.980691 -0.650135 0 0 0 1 
5494384560114;0.011633;0.334254;0.988043 0.113134 -0.104745 0.228174 -0.120673 0.990315 -0.068665 1.04064 0.0959624 0.0804839 0.992126 -0.398955 0 0 0 1 
5494384560115;0.837027;0.350976;0.940798 0.0264117 -0.337938 0.686688 0.0197848 0.990981 0.13253 -0.91314 0.338391 -0.13137 0.931791 -1.73686 0 0 0 1 
5494384560116;0.753813;0.348616;0.987019 0.0754037 -0.141799 -0.277188 -0.0770432 0.997009 -0.00610021 0.623062 0.140915 0.0169457 0.989877 -1.02781 0 0 0 1 
5494384560117;0.39392;0.383692;0.906261 0.417052 -0.0689874 0.749691 -0.42095 0.905283 -0.0571315 3.038 0.0386264 0.0808163 0.99598 0.195388 0 0 0 1 
5494384560118;0.486867;0.313095;0.974696 0.168877 -0.146452 0.695214 -0.208459 0.923237 -0.322768 1.9976 0.0807016 0.345129 0.935079 -0.322725 0 0 0 1 
5494384560119;0.307339;0.426268;0.929061 0.362549 -0.0735134 0.688992 -0.359848 0.931795 0.0476168 2.38597 0.0857628 -0.0177852 0.996157 -0.30197 0 0 0 1 
5494384560120;1.07013;0.368261;0.971191 -0.111765 -0.210469 0.578506 0.0827375 0.9864 -0.142022 -0.137146 0.22348 0.120516 0.967229 -2.03499 0 0 0 1 
5494384560121;0.937742;0.350934;0.826924 0.492904 -0.270633 1.42345 -0.523424 0.850596 -0.0501418 3.01019 0.205484 0.183119 0.961376 -1.23575 0 0 0 1 
5494384560122;0.448809;0.375027;0.878448 0.468722 0.0928948 0.50262 -0.451702 0.87797 -0.158536 3.57492 -0.155868 0.0973047 0.982974 1.4781 0 0 0 1 
5494384560124;0.180601;0.532448;0.991264 -0.103151 0.082188 -0.278357 0.109855 0.990583 -0.081713 0.282867 -0.0729853 0.090028 0.993261 0.399035 0 0 0 1 
5494384560125;0.336264;0.491147;0.946332 -0.152297 0.285063 -0.553034 0.217225 0.952803 -0.212085 -0.0698031 -0.239309 0.262626 0.934751 1.13324 0 0 0 1 
5494384560126;0.158937;0.396456;0.991007 0.119564 0.0600727 -0.23089 -0.108956 0.981665 -0.156403 1.10481 -0.0776715 0.148452 0.985865 0.463258 0 0 0 1 
5494384560127;0.459182;0.469488;0.987491 -0.128677 -0.0911229 0.502857 0.107955 0.972983 -0.204081 0.740639 0.114922 0.191691 0.974704 -0.18709 0 0 0 1 
5494384560128;0.768681;0.355304;0.968862 -0.11579 0.21886 -0.667531 0.184222 0.927696 -0.324718 0.466816 -0.165436 0.354925 0.920141 0.340029 0 0 0 1 
5494384560129;0.8631;0.640942;0.921865 0.016969 0.38714 -0.936507 -0.0425608 0.997431 0.0576272 0.0428775 -0.385168 -0.0696015 0.920218 1.96414 0 0 0 1 
5494384560130;0.294138;0.548824;0.988025 -0.15098 -0.0318164 0.184366 0.147914 0.985495 -0.0831972 0.112916 0.043916 0.0774948 0.996025 -0.208248 0 0 0 1 
5494384560131;0.331415;0.42661;0.99664 -0.0350659 -0.0740197 -0.0255743 0.0239965 0.989073 -0.145459 0.58875 0.0783115 0.143194 0.986592 0.14408 0 0 0 1 
5494384560132;0.299743;0.581727;0.932794 -0.00285581 -0.360399 0.828128 -0.00711386 0.999628 -0.0263333 0.642501 0.360341 0.0271274 0.932426 -1.24689 0 0 0 1 
5494384560133;0.275606;0.552683;0.914866 0.128458 -0.382778 1.0812 -0.178975 0.978832 -0.0992742 1.47263 0.361923 0.15933 0.918491 -1.14724 0 0 0 1 
5494384560134;0.715759;0.38677;0.968362 0.249198 0.0132683 0.0706726 -0.246378 0.963149 -0.107898 1.59618 -0.0396671 0.101215 0.994073 1.02405 0 0 0 1 
5494384560135;0.221863;0.402305;0.947775 0.301632 0.103636 0.100473 -0.299487 0.953419 -0.0360388 1.83257 -0.109679 0.00311913 0.993962 0.569357 0 0 0 1 
5494384560136;0.513605;0.389187;0.956977 0.290074 0.00716195 -0.157435 -0.288199 0.95308 -0.0926279 2.15576 -0.0336948 0.0865787 0.995675 0.0406476 0 0 0 1 
5494384560137;0.0725673;0.409557;0.99889 0.0448378 -0.0143994 0.00184314 -0.0456063 0.99725 -0.0584161 0.751014 0.0117405 0.059008 0.998188 0.118898 0 0 0 1 
5494384560138;0.458946;0.427258;0.994941 -0.0116291 -0.0997824 0.117449 -0.015726 0.963001 -0.269038 0.955894 0.0992193 0.269246 0.957947 0.311637 0 0 0 1 
5494384560139;0.373858;0.408593;0.976204 0.188259 0.107634 0.077536 -0.170567 0.973079 -0.154999 1.09192 -0.133916 0.132952 0.982034 0.55678 0 0 0 1 
5494384560140;0.407687;0.380578;0.936699 0.325001 -0.130264 0.341232 -0.326037 0.945255 0.0138929 1.64178 0.127648 0.0294575 0.991382 -0.16611 0 0 0 1 
5494384560141;0.827786;0.372638;0.998694 0.0197202 0.0471221 -0.255493 -0.011868 0.986811 -0.161444 0.773502 -0.0496843 0.160674 0.985756 1.2977 0 0 0 1 
5494384560142;0.791925;0.515625;0.998015 -0.039822 0.0487881 -0.786209 0.0499476 0.972363 -0.228068 0.617722 -0.0383576 0.230052 0.972422 -0.225724 0 0 0 1 
5494384560143;0.413054;0.405484;0.877948 0.401337 0.261028 0.0926586 -0.381363 0.915869 -0.125484 2.05054 -0.289428 0.0106217 0.957141 1.26098 0 0 0 1 
5494384560144;0.460909;0.335051;0.986412 0.131865 -0.097996 0.218712 -0.134453 0.990713 -0.0202563 1.00605 0.0944148 0.0331568 0.994981 0.148167 0 0 0 1 
5494384560145;0.514439;0.521514;0.994663 -0.056921 0.0860565 -0.384768 0.0510053 0.996281 0.0694454 0.690415 -0.0896894 -0.0646855 0.993867 0.611745 0 0 0 1 
5494384560146;0.876277;0.413341;0.950915 0.30944 -0.00280396 1.01908 -0.308074 0.945783 -0.102882 1.68351 -0.0291838 0.0986956 0.99469 -0.346613 0 0 0 1 
5494384560147;0.0882485;0.323028;0.98826 0.034017 -0.148946 0.30188 -0.0443004 0.996817 -0.0662764 0.668205 0.146218 0.0720967 0.986622 -0.555539 0 0 0 1 
5494384560148;0.565514;0.335721;0.885136 0.345403 0.311818 0.298585 -0.284647 0.932003 -0.224381 2.35476 -0.368117 0.10985 0.923268 1.6849 0 0 0 1 
5494384560149;0.651367;0.499641;0.993774 -0.101774 0.0453413 -0.518349 0.105569 0.990228 -0.0911277 0.218042 -0.0356238 0.095347 0.994806 0.952113 0 0 0 1 
5494384560150;0.389377;0.383887;0.952256 -0.24911 0.1765 -0.381536 0.274446 0.951731 -0.137433 -0.626243 -0.133745 0.179312 0.974659 0.811689 0 0 0 1 
5494384560151;0.428451;0.584119;0.944226 -0.325078 -0.0525443 0.045237 0.314401 0.937411 -0.149709 -0.392626 0.0979228 0.124839 0.987333 -0.55687 0 0 0 1 
5494384560152;0.492131;0.589741;0.941797 -0.335947 -0.0125589 -0.0874389 0.335886 0.941879 -0.00674172 -1.11084 0.0140938 0.00213099 0.999898 -0.141163 0 0 0 1 
5494384560153;0.585822;0.329126;0.997635 0.0585499 -0.0359961 0.0616483 -0.0648128 0.975716 -0.20923 1.16672 0.0228716 0.211068 0.977204 -0.587048 0 0 0 1 
5494384560155;0.510199;0.446307;0.999766 -0.0213356 0.00361488 0.455827 0.0208572 0.99459 0.101768 0.203267 -0.0057666 -0.101668 0.994802 0.474323 0 0 0 1 
5494384560156;0.606536;0.400136;0.998071 0.0584171 -0.0209946 0.537701 -0.0561991 0.99398 0.0940547 -0.0627054 0.0263626 -0.0926935 0.995346 -0.676367 0 0 0 1 
5494384560157;0.698949;1.14945;0.873943 0.468346 0.129908 1.16295 -0.443417 0.658869 0.607678 -0.0309519 0.199011 -0.588679 0.783487 -0.451494 0 0 0 1 
5494384560158;0.932434;0.753833;0.965619 0.185126 0.182507 0.512331 -0.226268 0.944182 0.239424 0.387638 -0.127996 -0.272488 0.953607 0.718433 0 0 0 1 
5494384560159;0.588127;0.497532;0.941884 0.251773 0.222409 0.816423 -0.28425 0.950142 0.128188 0.112932 -0.179046 -0.183958 0.966489 0.603072 0 0 0 1 
5494384560160;0.813406;0.362335;0.955395 0.154347 -0.25179 1.38785 -0.11657 0.980424 0.158684 0.241352 0.271353 -0.122254 0.954684 -0.807027 0 0 0 1 
5494384560161;0.869163;0.45125;0.992056 0.122111 -0.0302235 0.689661 -0.116182 0.981522 0.152043 -0.762659 0.0482312 -0.147324 0.987912 -0.080051 0 0 0 1 
5494384560162;0.520155;0.528478;0.995726 -0.00552269 -0.0921906 0.341264 0.0121877 0.997338 0.0718906 0.516109 0.0915482 -0.0727069 0.993143 0.456833 0 0 0 1 
5494384560163;0.884248;0.531693;0.915922 0.400853 -0.0200986 1.62247 -0.401085 0.915996 -0.00906985 0.856435 0.0147746 0.0163685 0.999757 0.219553 0 0 0 1 
5494384560164;0.069281;0.407969;0.999015 0.0271019 -0.0351466 0.459338 -0.02446 0.996993 0.0735358 0.0798003 0.0370338 -0.0726037 0.996673 -0.0146423 0 0 0 1 
5494384560165;0.359877;0.537194;0.935696 0.322772 0.142448 0.540871 -0.312641 0.945677 -0.0891662 0.593169 -0.16349 0.0388973 0.985778 0.428749 0 0 0 1 
5494384560166;0.617506;0.562756;0.956486 0.0941195 -0.27618 1.08701 -0.0121913 0.958609 0.284464 -0.29804 0.291522 -0.268719 0.918044 -0.114655 0 0 0 1 
5494384560167;0.359577;1.67522;0.824931 0.529093 0.198872 1.00337 -0.518222 0.567475 0.639858 -0.938745 0.225689 -0.630898 0.742315 -1.02939 0 0 0 1 
5494384560168;0.367236;0.592637;0.977461 0.135855 0.161594 0.614402 -0.121267 0.98787 -0.0969866 0.28317 -0.17281 0.0752046 0.98208 0.407021 0 0 0 1 
5494384560169;0.299703;0.352175;0.995302 0.0666679 -0.0702076 0.473799 -0.0600514 0.993903 0.0924696 -0.0551128 0.0759443 -0.0878191 0.993237 0.0574542 0 0 0 1 
5494384560170;0.388752;0.40375;0.997219 0.0736724 -0.0112698 0.776007 -0.0716054 0.989018 0.129293 0.296447 0.0206713 -0.128126 0.991542 -0.144493 0 0 0 1 
5494384560171;0.436725;0.465686;0.998908 0.0376785 0.0276283 0.650771 -0.0407545 0.991832 0.120863 0.261359 -0.0228487 -0.121857 0.992285 -0.211823 0 0 0 1 
5494384560172;0.743415;0.47158;0.976608 0.214599 -0.013577 1.22379 -0.207181 0.95599 0.207747 0.0988807 0.0575618 -0.200075 0.978088 -0.0199017 0 0 0 1 
5494384560173;0.766137;0.909473;0.999394 0.0154894 -0.031187 0.681146 -0.0170849 0.998524 -0.0515598 1.25805 0.0303424 0.0520614 0.998183 0.0445228 0 0 0 1 
5494384560174;0.152675;0.355699;0.997541 -0.023852 -0.0659061 0.264093 0.0312372 0.993058 0.113403 0.00197315 0.0627437 -0.115183 0.991361 -0.10277 0 0 0 1 
5494384560175;0.731473;0.597614;0.985869 0.130046 -0.105594 0.859271 -0.121576 0.989101 0.0830555 -0.0548472 0.115244 -0.0690442 0.990935 -0.964232 0 0 0 1 
5494384560176;0.458408;0.558123;0.934133 0.0672269 0.350537 0.336476 -0.0884506 0.995069 0.0448715 0.661757 -0.345793 -0.0729212 0.935473 0.589235 0 0 0 1 
5494384560177;0.329052;0.564282;0.976408 0.03677 -0.21278 0.641465 0.00237735 0.983505 0.180866 -0.25917 0.215921 -0.177105 0.960215 -0.260498 0 0 0 1 
5494384560178;0.128329;0.306919;0.991273 0.0708656 -0.111158 0.421461 -0.0584419 0.992067 0.111297 0.0914387 0.118163 -0.103829 0.987551 -0.17154 0 0 0 1 
5494384560179;0.884119;1.18498;0.819041 0.480491 0.313529 0.506574 -0.573669 0.677542 0.460261 -0.102348 0.00872244 -0.556835 0.830578 -1.33246 0 0 0 1 
5494384560180;0.395688;0.384866;0.999172 0.00405524 -0.040481 0.244689 -0.00095475 0.997083 0.0763187 0.275682 0.0406724 -0.0762169 0.996261 -0.315087 0 0 0 1 
5494384560181;0.929561;0.979426;0.999755 -0.00660257 -0.0211125 0.290854 0.00827422 0.996753 0.0800977 0.147662 0.0205151 -0.0802528 0.996563 -0.644576 0 0 0 1 
5494384560182;0.699324;1.43692;0.875047 0.458092 0.156346 0.550515 -0.46396 0.701728 0.540665 -0.783122 0.137962 -0.545645 0.826582 -1.19834 0 0 0 1 
5494384560183;0.638253;0.54894;0.929122 -0.002003 0.369769 0.00184581 -0.0779995 0.976423 0.201279 -0.0237983 -0.361454 -0.215855 0.90706 0.915542 0 0 0 1 
5494384560184;0.208766;0.554941;0.959953 0.278739 -0.0281969 0.77038 -0.272315 0.951983 0.139904 0.177634 0.0658397 -0.126623 0.989763 -0.151979 0 0 0 1 
5494384560186;0.36111;0.411712;0.991537 -0.025737 0.127247 -0.0235458 0.027703 0.999522 -0.0137045 0.116326 -0.126833 0.0171137 0.991776 1.34593 0 0 0 1 
5494384560187;0.496451;0.452013;0.981403 0.189593 -0.0300411 0.792047 -0.172537 0.939837 0.294853 0.20798 0.0841357 -0.284186 0.95507 0.0298901 0 0 0 1 
5494384560188;0.447898;0.426024;0.916764 -0.351982 0.188817 -0.310604 0.30607 0.922773 0.23412 -1.70286 -0.256641 -0.156841 0.953696 1.38309 0 0 0 1 
5494384560189;0.616026;0.460986;0.972009 -0.21113 -0.103062 0.433296 0.209682 0.977455 -0.0248154 -0.303968 0.105978 0.00251045 0.994365 0.405976 0 0 0 1 
5494384560190;0.219844;0.473508;0.984854 -0.171216 0.0273361 -0.0889807 0.170122 0.984678 0.03832 -0.708798 -0.0334783 -0.0330891 0.998892 0.660974 0 0 0 1 
5494384560191;0.269957;0.475278;0.968033 0.196636 0.155715 0.335609 -0.194697 0.98047 -0.0277607 0.871825 -0.158132 -0.00344395 0.987412 1.14062 0 0 0 1 
5494384560192;0.563983;0.538466;0.997545 0.0288406 0.0638099 0.0221282 -0.0497882 0.932893 0.356697 -0.120801 -0.0492404 -0.358998 0.932038 1.14494 0 0 0 1 
5494384560193;0.714742;0.404907;0.99026 -0.136793 0.025922 0.393162 0.138832 0.956172 -0.2578 -0.581682 0.0104793 0.258888 0.965851 -0.0133419 0 0 0 1 
5494384560194;0.621903;0.437627;0.984545 -0.148472 0.0928843 -0.113825 0.149895 0.988666 -0.00848796 -0.698386 -0.0905713 0.0222796 0.995641 1.57806 0 0 0 1 
5494384560195;0.355585;0.422449;0.941743 -0.277419 0.190155 -0.279833 0.269455 0.960675 0.0670581 -1.22468 -0.20128 -0.0119133 0.979461 1.53313 0 0 0 1 
5494384560196;0.150749;0.462656;0.990564 0.0598181 0.123307 -0.00296169 -0.0658425 0.996798 0.0453722 0.101143 -0.120198 -0.053063 0.991331 1.14163 0 0 0 1 
5494384560197;0.514288;0.463288;0.899557 -0.43627 -0.0215807 0.558785 0.43663 0.896705 0.0726219 -1.80276 -0.0123312 -0.0747503 0.997126 0.853682 0 0 0 1 
5494384560198;0.530599;0.414252;0.978842 0.0567854 0.196581 -0.41305 0.0175095 0.933951 -0.356972 0.280227 -0.203868 0.352861 0.913196 1.31899 0 0 0 1 
5494384560199;0.148187;0.393086;0.987233 0.123319 0.100814 0.134362 -0.126443 0.991654 0.0251759 0.432165 -0.0968681 -0.0376016 0.994587 0.82295 0 0 0 1 
5494384560200;0.674054;0.473123;0.990342 -0.0686544 0.120455 -0.660589 0.0650278 0.997311 0.0337892 -0.670165 -0.122451 -0.02563 0.992144 0.701922 0 0 0 1 
5494384560201;0.851959;0.457094;0.917191 -0.21989 0.332277 -0.318288 0.130146 0.953522 0.271766 -0.993628 -0.376593 -0.206017 0.90318 1.24495 0 0 0 1 
5494384560202;0.0584502;0.461035;0.995223 -0.0315269 0.0924002 -0.0644347 0.0369224 0.997675 -0.0572765 -0.0348393 -0.0903797 0.0604145 0.994073 0.902717 0 0 0 1 
5494384560203;0.443983;0.415782;0.981871 0.00545264 0.189473 -0.227872 0.0688338 0.921092 -0.383212 0.55134 -0.176612 0.389307 0.904018 1.25807 0 0 0 1 
5494384560204;0.212563;0.422096;0.992207 0.0256251 0.121933 -0.107868 -0.0256337 0.99967 -0.0014982 0.0677147 -0.121932 -0.00163907 0.992537 0.753561 0 0 0 1 
5494384560205;0.664348;0.443094;0.824193 -0.284688 0.489549 0.00500386 0.230079 0.958229 0.169886 -1.03225 -0.517464 -0.0273841 0.855267 3.47284 0 0 0 1 
5494384560206;0.578856;0.436959;0.985404 -0.0740194 0.153298 -0.0329795 0.0753169 0.997156 -0.00266645 -0.194994 -0.152665 0.0141735 0.988176 1.80019 0 0 0 1 
5494384560207;0.371227;0.405441;0.960294 -0.0692294 0.270265 -0.38805 -0.0231948 0.945559 0.324623 -0.619616 -0.278025 -0.318002 0.906409 1.72903 0 0 0 1 
5494384560208;0.803964;0.438274;0.978818 0.0396581 0.200853 0.0155885 -0.0436525 0.998927 0.0154958 0.283905 -0.200023 -0.0239354 0.979499 2.25931 0 0 0 1 
5494384560209;0.402561;0.449374;0.92259 -0.38264 -0.049139 0.226825 0.369309 0.912825 -0.174243 -1.24147 0.111528 0.142607 0.983476 0.219186 0 0 0 1 
5494384560210;0.831689;0.475334;0.970083 0.122919 0.209357 -0.234313 -0.0696246 0.966987 -0.245129 1.38942 -0.232577 0.223219 0.946616 1.10016 0 0 0 1 
5494384560211;0.793568;0.436566;0.998985 -0.0374437 0.0250568 0.76592 0.0377379 0.999223 -0.0113719 0.141293 -0.0246115 0.0123059 0.999621 0.196233 0 0 0 1 
5494384560212;0.459124;0.457475;0.990835 -0.0141021 0.134342 0.209207 0.0117727 0.999767 0.0181177 0.0701322 -0.134566 -0.0163701 0.990769 1.48411 0 0 0 1 
5494384560213;0.436091;0.441342;0.97104 -0.0439654 -0.234837 0.695995 -0.0110571 0.9736 -0.227995 0.515473 0.238661 0.223989 0.944918 -0.00875683 0 0 0 1 
5494384560214;0.701608;0.442424;0.993969 -0.0188345 0.108033 -0.0794428 0.0169139 0.999683 0.018667 0.59153 -0.108351 -0.0167272 0.993972 0.609705 0 0 0 1 
5494384560215;0.568246;0.454401;0.984165 0.0233082 -0.175715 0.996877 0.016835 0.974544 0.223562 -0.458715 0.176453 -0.22298 0.95872 -0.198182 0 0 0 1 
5494384560217;0.781012;0.188213;0.972053 0.234154 -0.0169028 0.827867 -0.234763 0.969594 -0.0690979 1.1819 0.000209318 0.0711349 0.997467 0.432469 0 0 0 1 
5494384560218;0.673342;0.223387;0.864081 -0.059207 -0.499858 2.03935 0.0880733 0.995522 0.034331 -0.634876 0.495587 -0.0736889 0.865427 -1.91965 0 0 0 1 
5494384560219;0.333437;0.173867;0.955307 -0.271539 -0.116858 0.427089 0.271653 0.962274 -0.0152636 -1.50013 0.116594 -0.0171635 0.993031 -0.534451 0 0 0 1 
5494384560220;0.675306;0.194697;0.955068 -0.113534 -0.273779 0.720575 0.0715717 0.984731 -0.158687 0.0482019 0.287615 0.131962 0.948611 -0.785789 0 0 0 1 
5494384560221;0.374554;0.217533;0.866806 0.498521 0.0111238 1.03242 -0.479981 0.840199 -0.252357 3.44207 -0.135151 0.213405 0.96757 1.1346 0 0 0 1 
5494384560222;1.07278;0.195265;0.938048 0.193343 -0.287548 0.578244 -0.245725 0.956272 -0.158627 2.59396 0.244304 0.219458 0.944539 -0.782568 0 0 0 1 
5494384560223;0.406435;0.179924;0.898521 0.438749 -0.012578 0.668464 -0.43851 0.89604 -0.0694315 2.65459 -0.0191927 0.0679013 0.997507 0.438414 0 0 0 1 
5494384560224;0.20751;0.173909;0.990862 0.0045886 0.1348 -0.381055 -0.000351264 0.999506 -0.0314412 0.127022 -0.134878 0.0311065 0.990374 0.891926 0 0 0 1 
5494384560225;0.828158;0.159302;0.98719 0.105283 -0.119877 0.287607 -0.0859147 0.983915 0.156623 0.351129 0.134439 -0.144317 0.980356 0.0519831 0 0 0 1 
5494384560226;0.429538;0.199355;0.861005 0.176573 -0.476961 2.03823 -0.10228 0.978754 0.177706 0.51039 0.498206 -0.104222 0.860772 -2.63152 0 0 0 1 
5494384560227;0.623994;0.203058;0.956035 -0.274353 0.103573 -0.288995 0.259424 0.955925 0.137503 -1.32646 -0.136732 -0.104589 0.985071 0.64274 0 0 0 1 
5494384560228;0.349478;0.194767;0.984905 -0.0520537 -0.165085 0.461243 0.0987283 0.952303 0.288742 -0.986268 0.142181 -0.300682 0.943067 -0.746784 0 0 0 1 
5494384560229;0.390705;0.192621;0.986143 0.151739 -0.0670623 0.271116 -0.153265 0.988017 -0.0182089 1.24515 0.0634957 0.0282349 0.997583 0.0173737 0 0 0 1 
5494384560230;0.944473;0.265008;0.974851 0.196378 0.105363 -0.620135 -0.189634 0.979306 -0.0706971 1.57591 -0.117066 0.0489388 0.991918 0.339426 0 0 0 1 
5494384560231;0.749473;0.169009;0.949132 -0.14206 0.281011 -0.852886 0.113052 0.986681 0.116958 -0.753446 -0.293884 -0.0792397 0.952551 1.35616 0 0 0 1 
5494384560232;0.1939;0.1813;0.999245 0.0121028 0.0369278 -0.0673188 -0.017878 0.986904 0.160317 -0.220877 -0.0345039 -0.160857 0.986374 0.185194 0 0 0 1 
5494384560233;0.634182;0.191999;0.910372 0.301208 0.283718 -0.077754 -0.366144 0.905803 0.213212 1.74426 -0.192772 -0.297984 0.934904 0.755776 0 0 0 1 
5494384560234;0.39885;0.172512;0.925138 -0.298121 -0.235041 0.870032 0.299618 0.953582 -0.0301857 -1.61342 0.23313 -0.0424966 0.971517 -1.38118 0 0 0 1 
5494384560235;0.0516956;0.207088;0.9841 0.175188 -0.0292459 0.280346 -0.175866 0.984158 -0.0224646 1.20548 0.0248471 0.0272508 0.99932 -0.0769807 0 0 0 1 
5494384560236;0.391323;0.239764;0.996175 -0.0741013 -0.0463172 0.234191 0.0722594 0.996573 -0.0402523 0.151042 0.0491412 0.0367514 0.998115 -0.146527 0 0 0 1 
5494384560237;1.02921;0.161307;0.99546 0.0921385 0.0238713 0.542885 -0.085019 0.973519 -0.212207 1.34261 -0.0427916 0.209214 0.976933 1.20137 0 0 0 1 
5494384560238;0.757061;0.196951;0.931619 0.350002 -0.0978978 1.01588 -0.349569 0.93665 0.0221089 2.45966 0.0994341 0.0136249 0.994951 -0.961241 0 0 0 1 
5494384560239;0.288361;0.213695;0.893086 0.371783 0.253328 0.117051 -0.344925 0.927364 -0.14499 2.44739 -0.288832 0.042109 0.956453 1.9133 0 0 0 1 
5494384560240;0.0978136;0.15107;0.979499 0.142569 -0.142323 0.534113 -0.132772 0.988216 0.0761579 0.66448 0.151504 -0.0557001 0.986886 -0.801182 0 0 0 1 
5494384560241;0.673589;0.23682;0.894285 0.421344 -0.150745 1.0872 -0.444715 0.874292 -0.19453 3.64709 0.049831 0.241004 0.969244 0.121112 0 0 0 1 
5494384560242;1.04802;0.193213;0.972189 0.194644 0.130237 -0.330952 -0.172579 0.97134 -0.163446 2.08082 -0.158318 0.136424 0.977918 1.85488 0 0 0 1 
5494384560243;0.111566;0.17276;0.996234 0.0621307 -0.0604789 0.254484 -0.0622533 0.99806 -0.000143123 0.488895 0.0603527 0.00390759 0.998169 -0.340116 0 0 0 1 
5494384560244;1.00468;0.168189;0.98939 -0.145283 -0.00102744 0.38782 0.145213 0.988642 0.0387281 -0.67495 -0.00461075 -0.0384663 0.999249 -0.770029 0 0 0 1 
5494384560245;0.648612;0.160049;0.999521 -0.0303948 0.00577178 -0.00433495 0.0305411 0.999162 -0.027238 0.264182 -0.00493905 0.0274012 0.999612 0.606937 0 0 0 1 
5494384560246;0.310363;0.247698;0.992325 0.116594 0.0411962 0.0932331 -0.120602 0.986122 0.114099 0.623093 -0.0273212 -0.118192 0.992615 0.483142 0 0 0 1 
5494384560248;0.548689;0.515612;0.983848 -0.171909 0.0499055 0.143199 0.166822 0.981626 0.0926313 -2.74085 -0.0649128 -0.0828097 0.994449 1.37947 0 0 0 1 
5494384560249;0.350307;0.369037;0.948099 0.288865 0.13291 0.09551 -0.268884 0.95145 -0.149816 2.87721 -0.169733 0.106303 0.97974 1.41275 0 0 0 1 
5494384560250;0.482059;0.379353;0.985947 0.102409 0.131985 0.495456 -0.0936815 0.993086 -0.0707366 -0.00443377 -0.138317 0.0573779 0.988725 1.3504 0 0 0 1 
5494384560251;0.346948;0.376485;0.933453 0.274958 0.230354 -0.107764 -0.297462 0.952255 0.0687526 2.14495 -0.200452 -0.132699 0.970675 2.49802 0 0 0 1 
5494384560252;0.590914;0.342516;0.934951 -0.174598 -0.30884 1.88212 0.130275 0.978663 -0.158892 -2.07089 0.329993 0.108323 0.937748 -3.31266 0 0 0 1 
5494384560253;0.449485;0.556654;0.927207 0.0791051 -0.366101 1.9767 -0.109675 0.991941 -0.063436 0.812638 0.358132 0.0989705 0.92841 -3.56678 0 0 0 1 
5494384560254;0.682288;0.517265;0.97043 -0.228035 0.0791598 1.08617 0.213871 0.964319 0.156036 -3.66617 -0.111917 -0.134492 0.984574 1.99814 0 0 0 1 
5494384560255;0.468787;0.404833;0.99677 0.0466432 0.0653702 -0.302535 -0.0388635 0.992535 -0.115604 0.213073 -0.0702743 0.11269 0.991142 -0.142325 0 0 0 1 
5494384560256;0.445109;0.405201;0.895129 0.401382 0.194 -0.0557489 -0.425074 0.899613 0.100041 3.32582 -0.13437 -0.172014 0.975887 1.09452 0 0 0 1 
5494384560257;0.358958;0.509986;0.973394 -0.0301738 0.227144 -0.344846 -0.0045296 0.988564 0.150732 -1.15063 -0.229095 -0.14775 0.962126 2.79487 0 0 0 1 
5494384560258;0.299214;0.524778;0.971635 -0.204161 0.119344 0.451505 0.223059 0.958828 -0.175767 -2.38481 -0.0785452 0.197402 0.977171 0.401115 0 0 0 1 
5494384560259;0.232186;0.425409;0.996114 -0.0835462 0.0278626 0.293938 0.0799213 0.990428 0.112541 -1.87757 -0.0369982 -0.109877 0.993256 0.206315 0 0 0 1 
5494384560260;0.561418;0.385944;0.941833 0.31216 0.124527 -0.0784196 -0.322293 0.943948 0.071339 2.40798 -0.0952782 -0.107324 0.989648 1.87 0 0 0 1 
5494384560261;0.428236;0.368131;0.851792 0.312793 0.420252 0.0470763 -0.286223 0.949742 -0.126757 2.66662 -0.43878 -0.0123147 0.89851 4.60255 0 0 0 1 
5494384560262;0.264025;0.367438;0.99548 0.0227519 0.0922067 0.298789 -0.00921198 0.989434 -0.144688 -0.0283633 -0.0945244 0.143185 0.985172 0.408175 0 0 0 1 
5494384560263;0.26212;0.359541;0.994422 0.104279 -0.015864 0.30871 -0.103236 0.993055 0.056428 0.0527837 0.0216381 -0.0544755 0.998281 0.189033 0 0 0 1 
5494384560264;0.617641;0.47041;0.992942 -0.060216 -0.102178 0.920577 0.0136122 0.913691 -0.406182 0.980542 0.117817 0.401925 0.908062 -2.06645 0 0 0 1 
