#;prob_registration_l1 -r /home/probabilistic_point_clouds_registration/build/tester /home/point_clouds_registration_benchmark/devel/registration_pairs/urban05_local.txt /home/point_clouds_registration_benchmark/urban05 -s 0.2 -t 0.2 -p 0.3 -r 1000 -m 15 -i 40 
id;initial_error;final_error;transformation
34562489690000;0.13992;0.623003;1 -1.22811e-07 7.1103e-07 -0.879944 1.22811e-07 1 2.3161e-08 4.16653 -7.1103e-07 -2.3161e-08 1 -0.0462633 0 0 0 1 
34562489690001;0.182436;0.277541;1 -7.95728e-08 4.79796e-07 -0.688164 7.95728e-08 1 4.24559e-08 0.867604 -4.79796e-07 -4.24558e-08 1 -0.313167 0 0 0 1 
34562489690002;0.400034;0.510702;0.999958 1.67676e-06 -0.00912805 16.2367 5.58476e-06 1 0.000795492 -2.35128 0.00912804 -0.00079551 0.999958 -10.8906 0 0 0 1 
34562489690003;0.381518;0.452038;0.999981 8.56236e-07 -0.00616622 6.6024 2.45773e-06 1 0.000537431 -1.22985 0.00616622 -0.000537436 0.999981 -6.7819 0 0 0 1 
34562489690004;0.467995;0.908599;1 -1.78227e-07 4.48272e-07 -1.27655 1.78227e-07 1 4.70554e-08 3.98423 -4.48272e-07 -4.70553e-08 1 -0.292334 0 0 0 1 
34562489690005;0.423309;0.714348;1 -1.58317e-07 7.24327e-07 -1.20526 1.58317e-07 1 7.29488e-08 2.52193 -7.24327e-07 -7.29487e-08 1 -0.520369 0 0 0 1 
34562489690006;0.190415;1.14158;1 -7.79048e-08 1.5025e-06 -1.04326 7.79048e-08 1 -2.7794e-08 -9.55668 -1.5025e-06 2.77941e-08 1 -0.0876288 0 0 0 1 
34562489690007;0.167146;0.309391;1 -1.48899e-08 4.90628e-07 -0.00424434 1.48899e-08 1 7.32002e-09 1.59854 -4.90628e-07 -7.32001e-09 1 0.0185408 0 0 0 1 
34562489690008;0.102809;0.106084;1 -2.76414e-08 6.04613e-08 -0.179768 2.76414e-08 1 7.69254e-09 -0.237888 -6.04613e-08 -7.69253e-09 1 -0.036279 0 0 0 1 
34562489690009;0.0509686;0.113645;1 -2.87112e-06 -3.32851e-05 22.5846 2.87115e-06 1 8.71127e-07 -3.19345 3.32851e-05 -8.71222e-07 1 -16.4216 0 0 0 1 
34562489690010;0.0869115;0.770132;1 6.68763e-07 -3.94819e-06 -8.40519 -6.68762e-07 1 4.28238e-07 6.58518 3.94819e-06 -4.28236e-07 1 0.321576 0 0 0 1 
34562489690011;0.0782188;0.160134;0.99977 8.36037e-05 -0.0214657 -508.552 -4.32986e-05 0.999998 0.0018781 45.0428 0.0214659 -0.00187674 0.999768 21.6306 0 0 0 1 
34562489690012;0.0495854;0.876199;1 -2.31644e-08 1.26433e-07 -0.920424 2.31644e-08 1 5.90867e-09 -7.59528 -1.26433e-07 -5.90866e-09 1 -0.29358 0 0 0 1 
34562489690013;0.0622498;0.100935;1 -9.29595e-09 -1.2925e-08 -0.332601 9.29595e-09 1 -2.4998e-09 0.640417 1.2925e-08 2.4998e-09 1 0.0324847 0 0 0 1 
34562489690014;0.30978;1.16337;1 -2.40999e-07 -2.42599e-07 -1.11279 2.40999e-07 1 3.99478e-08 8.38085 2.42599e-07 -3.99479e-08 1 -0.0584439 0 0 0 1 
34562489690015;0.264634;0.335842;1 -3.4819e-08 1.09106e-07 -0.311163 3.4819e-08 1 8.65072e-09 -0.899438 -1.09106e-07 -8.65071e-09 1 -0.0680224 0 0 0 1 
34562489690016;0.0384264;0.183558;1 2.33504e-06 0.000137174 -19.3016 -2.33367e-06 1 -9.98922e-06 3.33444 -0.000137174 9.9889e-06 1 15.78 0 0 0 1 
34562489690017;0.317284;0.410034;1 -1.02819e-07 1.84573e-07 -0.961841 1.02819e-07 1 2.74019e-08 -2.23583 -1.84573e-07 -2.74019e-08 1 -0.20262 0 0 0 1 
34562489690018;0.287954;1.13628;1 -1.87694e-07 6.72624e-07 -1.0318 1.87694e-07 1 -1.79733e-09 8.94276 -6.72624e-07 1.79745e-09 1 0.141745 0 0 0 1 
34562489690019;0.362659;0.513946;0.996068 0.000337462 0.0885894 32.3363 0.000348732 0.99997 -0.00773019 -6.16842 -0.0885893 0.00773069 0.996038 27.5772 0 0 0 1 
34562489690020;0.112961;0.077265;1 -1.24982e-07 1.13261e-05 0.245255 1.24984e-07 1 -2.37811e-07 -0.487531 -1.13261e-05 2.37813e-07 1 5.05432 0 0 0 1 
34562489690021;0.197833;0.278154;1 -1.67965e-08 -4.00039e-07 -0.182956 1.67965e-08 1 -2.04064e-08 -1.52251 4.00039e-07 2.04064e-08 1 0.135318 0 0 0 1 
34562489690022;0.278308;1.28477;1 -1.55481e-07 1.08174e-06 -1.85287 1.55481e-07 1 -6.80426e-08 -9.80493 -1.08174e-06 6.80428e-08 1 0.286913 0 0 0 1 
34562489690023;0.193536;0.280877;0.999927 3.50508e-06 -0.0120954 23.7458 9.25436e-06 0.999999 0.00105485 -1.62616 0.0120954 -0.00105488 0.999926 -8.62195 0 0 0 1 
34562489690024;0.347959;0.369178;1 -4.28088e-08 1.27405e-06 -0.418457 4.28088e-08 1 3.60957e-08 -1.99457 -1.27405e-06 -3.60957e-08 1 -0.29133 0 0 0 1 
34562489690025;0.302077;0.641334;0.999906 5.73966e-06 -0.0136808 18.7665 1.05945e-05 0.999999 0.00119387 0.653043 0.0136808 -0.00119391 0.999906 -4.23794 0 0 0 1 
34562489690026;0.218188;0.249814;1 -5.97925e-08 4.82923e-07 -0.509721 5.97925e-08 1 2.96431e-08 0.757987 -4.82923e-07 -2.96431e-08 1 -0.215624 0 0 0 1 
34562489690027;0.18191;0.328509;0.999864 6.91871e-06 -0.0164977 41.1712 1.68259e-05 0.999999 0.00143912 -2.16789 0.0164977 -0.00143921 0.999863 -8.94947 0 0 0 1 
34562489690028;0.340963;0.460426;1 -7.61482e-08 2.26114e-07 -0.704365 7.61482e-08 1 1.21766e-08 -1.4945 -2.26114e-07 -1.21766e-08 1 -0.103242 0 0 0 1 
34562489690029;0.238574;0.230306;0.999934 6.52596e-06 0.0114493 -8.48498 4.91301e-06 1 -0.000999072 -0.217915 -0.0114493 0.000999063 0.999934 3.84807 0 0 0 1 
34562489690031;0.530935;0.721351;1 6.4013e-08 -3.37097e-07 0.533228 -6.4013e-08 1 -2.26353e-08 0.440279 3.37097e-07 2.26353e-08 1 0.181982 0 0 0 1 
34562489690032;0.306555;0.517181;0.991379 0.000750823 0.131022 -3.95102 0.000753449 0.999934 -0.0114312 -0.467394 -0.131022 0.0114313 0.991314 54.703 0 0 0 1 
34562489690033;0.46032;0.780956;0.999239 6.6393e-05 -0.039012 6.30857 6.64746e-05 0.999994 0.00340451 0.749271 0.039012 -0.00340451 0.999233 -9.89024 0 0 0 1 
34562489690034;0.385219;0.909064;0.999985 4.43408e-06 -0.00544021 -22.3453 -1.85515e-06 1 0.000474055 3.17623 0.00544021 -0.000474037 0.999985 -7.66741 0 0 0 1 
34562489690035;0.341621;0.444056;0.982751 0.00150923 0.184925 -53.2241 0.00150199 0.999869 -0.0161423 3.91885 -0.184925 0.0161417 0.98262 19.9494 0 0 0 1 
34562489690036;0.158469;0.382551;0.993418 0.000150658 -0.114545 3427.64 0.000921733 0.999956 0.00930918 -297.457 0.114541 -0.00935348 0.993374 -5195.18 0 0 0 1 
34562489690037;0.364175;0.647591;0.999988 -4.06992e-05 0.00491402 336.535 4.25442e-05 1 -0.000375342 -30.9429 -0.004914 0.000375547 0.999988 428.808 0 0 0 1 
34562489690038;0.437441;1.34944;0.996947 0.000273939 0.0780813 -67.1165 0.000259103 0.999977 -0.00681654 8.37907 -0.0780814 0.00681596 0.996924 4.68967 0 0 0 1 
34562489690039;0.392147;0.348727;1 1.88242e-08 -2.77233e-07 0.114403 -1.88242e-08 1 -2.53349e-08 -0.620464 2.77233e-07 2.53349e-08 1 0.177297 0 0 0 1 
34562489690040;0.283513;0.456793;0.997758 0.000201127 -0.0669269 -32.7558 0.00019008 0.999983 0.00583888 2.37604 0.0669269 -0.00583851 0.997741 -33.5548 0 0 0 1 
34562489690041;0.287266;0.628188;0.9956 0.000396753 -0.0937044 -87.267 0.00037142 0.999966 0.00818025 8.37145 0.0937045 -0.00817906 0.995566 -9.95892 0 0 0 1 
34562489690042;0.329992;1.13573;0.996759 0.000485895 0.0804433 -1641.71 0.000120552 0.999972 -0.00753378 146.192 -0.0804447 0.00751906 0.996731 -3992.54 0 0 0 1 
34562489690043;0.516204;0.851533;0.99933 6.46906e-05 -0.0366004 -43.5739 5.22297e-05 0.999995 0.00319354 4.34061 0.0366004 -0.00319331 0.999325 -14.8369 0 0 0 1 
34562489690044;0.236329;0.345096;0.999659 3.14672e-05 -0.0260987 -9.81489 2.79949e-05 0.999997 0.00227798 0.621147 0.0260987 -0.00227794 0.999657 -4.08199 0 0 0 1 
34562489690045;0.316589;0.431129;1 -3.37382e-07 -2.10936e-08 2.76087 3.37382e-07 1 5.98823e-07 -1.09804 2.10934e-08 -5.98823e-07 1 4.4618 0 0 0 1 
34562489690046;0.376135;0.287313;0.9988 0.000102241 -0.0489716 27.458 0.000107287 0.999991 0.00427593 -3.34068 0.0489715 -0.00427605 0.998791 6.5187 0 0 0 1 
34562489690047;0.485231;0.434884;1 2.25747e-08 1.03884e-07 0.187282 -2.25747e-08 1 2.60321e-08 -0.0829305 -1.03884e-07 -2.60321e-08 1 -0.233765 0 0 0 1 
34562489690048;0.199981;0.205588;1 5.01612e-08 -0.000762873 0.386441 1.22299e-10 1 6.59133e-05 0.10927 0.000762873 -6.59132e-05 1 -5.40819 0 0 0 1 
34562489690049;0.208318;0.206802;1 -4.66272e-11 -1.92986e-07 -0.00255432 4.66288e-11 1 8.69896e-09 -0.180428 1.92986e-07 -8.69896e-09 1 -0.0805256 0 0 0 1 
34562489690050;0.378047;0.572026;0.999997 1.67957e-06 -0.00229714 -10.6676 -1.21988e-06 1 0.000200119 0.858878 0.00229714 -0.000200116 0.999997 -3.61171 0 0 0 1 
34562489690051;0.381473;0.741119;1 9.64206e-08 2.70212e-07 0.816555 -9.64206e-08 1 5.84141e-09 0.749741 -2.70212e-07 -5.84144e-09 1 -0.0447537 0 0 0 1 
34562489690052;0.123011;0.652765;0.999532 4.82327e-05 -0.0305875 -53.1109 3.33911e-05 0.999996 0.00266801 4.68723 0.0305876 -0.00266779 0.999529 -20.0459 0 0 0 1 
34562489690053;0.447449;1.09432;1 1.30151e-07 1.63195e-07 1.14271 -1.30151e-07 1 4.16572e-09 1.42387 -1.63195e-07 -4.16574e-09 1 -0.0301826 0 0 0 1 
34562489690054;0.341689;0.604353;0.959054 0.00403232 -0.283194 -3641.87 0.00338888 0.999664 0.0257106 322.612 0.283202 -0.0256176 0.958718 7200.66 0 0 0 1 
34562489690055;0.435439;0.876874;1 1.15414e-07 -3.71017e-07 0.904807 -1.15414e-07 1 -1.14025e-08 -0.069992 3.71017e-07 1.14025e-08 1 0.0723967 0 0 0 1 
34562489690056;0.453077;0.26597;0.972875 0.00237431 -0.231321 -17.8065 0.00236089 0.999793 0.0201913 2.17352 0.231321 -0.0201898 0.972668 -31.2838 0 0 0 1 
34562489690057;0.243925;3.06458;0.999558 8.09864e-06 0.0297453 242.504 6.98095e-05 0.999997 -0.00261814 -30.4268 -0.0297452 0.00261905 0.999554 -179.38 0 0 0 1 
34562489690058;0.299623;0.598962;0.986911 0.00115023 0.161265 -81.8607 0.00113401 0.9999 -0.0140718 7.24208 -0.161265 0.0140704 0.986811 64.1612 0 0 0 1 
34562489690059;0.121954;0.231069;0.999959 4.57399e-06 -0.0090837 -6.08923 2.62784e-06 1 0.000792818 -0.000463966 0.0090837 -0.000792809 0.999958 -2.10813 0 0 0 1 
34562489690060;0.336224;0.902549;0.998956 9.74207e-05 0.0456842 -54.2471 8.48288e-05 0.999992 -0.00398737 5.42689 -0.0456842 0.00398709 0.998948 9.30185 0 0 0 1 
34562489690062;0.450678;0.298534;0.993995 0.000522813 0.109428 -2.75693 0.000525604 0.999954 -0.00955185 -0.606682 -0.109428 0.009552 0.993949 25.6062 0 0 0 1 
34562489690063;0.504888;0.597256;1 1.45196e-08 1.94406e-07 0.0936461 -1.45196e-08 1 -4.22302e-09 -0.3729 -1.94406e-07 4.22302e-09 1 0.0480418 0 0 0 1 
34562489690064;0.452148;0.414401;1 -1.07342e-08 -3.49822e-08 -0.122268 1.07342e-08 1 -9.30306e-09 -0.401694 3.49822e-08 9.30306e-09 1 0.0498013 0 0 0 1 
34562489690065;0.324911;0.401311;1 -6.82681e-09 -3.10455e-08 -0.096584 6.82681e-09 1 8.99372e-10 -0.478954 3.10455e-08 -8.99372e-10 1 0.0204311 0 0 0 1 
34562489690066;0.34336;0.397265;0.997618 0.000208872 0.068974 -16.5854 0.000206901 0.999982 -0.00602077 0.875357 -0.0689741 0.0060207 0.9976 16.4115 0 0 0 1 
34562489690067;0.18061;0.392486;1 -1.57967e-08 2.33984e-07 0.0785516 1.57967e-08 1 -9.2604e-09 -0.921192 -2.33984e-07 9.2604e-09 1 0.260972 0 0 0 1 
34562489690068;0.143206;0.400159;0.999853 1.54994e-05 0.0171479 -23.1747 1.01686e-05 0.999999 -0.00149677 1.16132 -0.0171479 0.00149673 0.999852 4.96935 0 0 0 1 
34562489690069;0.265071;0.176247;1 5.39389e-09 4.48914e-07 -0.0348464 -5.3939e-09 1 2.91414e-08 -0.699044 -4.48914e-07 -2.91414e-08 1 -0.228983 0 0 0 1 
34562489690070;0.337998;0.368062;0.962665 0.00326921 -0.270675 -35.7835 0.00325065 0.999715 0.0236356 2.39011 0.270675 -0.0236331 0.962381 -10.7383 0 0 0 1 
34562489690071;0.291767;0.18092;1 7.02005e-09 2.30432e-07 0.164962 -7.02006e-09 1 1.31311e-08 -0.554877 -2.30432e-07 -1.31311e-08 1 0.975697 0 0 0 1 
34562489690072;0.432542;0.466441;1 2.58393e-07 0.000502461 -1.74185 -2.36463e-07 1 -4.36448e-05 -0.280684 -0.000502461 4.36447e-05 1 1.75648 0 0 0 1 
34562489690073;0.333627;0.356752;1 1.59786e-08 2.51504e-08 0.0934631 -1.59786e-08 1 3.0257e-08 -0.288189 -2.51504e-08 -3.0257e-08 1 -0.24699 0 0 0 1 
34562489690074;0.333091;1.20119;0.958641 0.00362847 0.284595 -174.876 0.00359313 0.999685 -0.0248488 13.1083 -0.284595 0.0248437 0.958326 60.9974 0 0 0 1 
34562489690075;0.300984;0.553165;0.964523 0.00310071 -0.263981 13.632 0.00309331 0.99973 0.023045 -2.68847 0.263981 -0.023044 0.964253 -48.0208 0 0 0 1 
34562489690076;0.255405;0.381643;0.999481 4.38387e-05 0.0322034 7.02942 4.67365e-05 0.999996 -0.00281184 -1.20976 -0.0322034 0.00281188 0.999477 1.25341 0 0 0 1 
34562489690077;0.37018;0.360129;0.925295 0.00653118 -0.379191 -11.5002 0.00651312 0.999431 0.0331074 -0.00600531 0.379192 -0.0331038 0.924726 -44.5258 0 0 0 1 
34562489690078;0.123389;0.395694;0.996879 0.000273096 -0.0789405 6.09923 0.00027179 0.999976 0.00689167 -1.34028 0.0789405 -0.00689162 0.996856 -10.7925 0 0 0 1 
34562489690079;0.437756;0.687502;0.999393 5.8928e-05 -0.0348514 -41.5271 4.71449e-05 0.999995 0.00304275 2.65377 0.0348514 -0.00304254 0.999388 -5.26424 0 0 0 1 
34562489690080;0.248888;0.37852;0.999999 5.92812e-07 -0.00118901 -3.87252 -4.69416e-07 1 0.000103781 -0.052412 0.00118901 -0.00010378 0.999999 -0.39476 0 0 0 1 
34562489690081;0.238106;0.282435;1 -1.05302e-08 2.2167e-07 -0.133352 1.05302e-08 1 1.19796e-08 -0.688452 -2.2167e-07 -1.19796e-08 1 -0.0904858 0 0 0 1 
34562489690082;0.176775;0.163186;1 3.20058e-08 1.16533e-06 0.0072662 -3.20057e-08 1 -8.21557e-08 -0.219062 -1.16533e-06 8.21556e-08 1 0.140173 0 0 0 1 
34562489690083;0.334152;0.179535;0.999991 3.15623e-06 0.00420494 -20.0382 -1.61526e-06 1 -0.00036647 0.847347 -0.00420494 0.00036646 0.999991 6.46888 0 0 0 1 
34562489690084;0.376441;0.37738;1 1.1204e-08 -2.14402e-07 0.0775267 -1.1204e-08 1 3.577e-09 -0.195956 2.14402e-07 -3.577e-09 1 -0.0346196 0 0 0 1 
34562489690085;0.162081;0.515294;0.992113 0.000689262 -0.125344 13.1075 0.00068795 0.99994 0.0109438 -2.36043 0.125344 -0.0109438 0.992053 -8.54436 0 0 0 1 
34562489690086;0.435379;0.429443;0.999969 2.45744e-06 0.00790677 0.997996 3.00345e-06 1 -0.000690648 -0.496811 -0.00790677 0.00069065 0.999969 -1.12947 0 0 0 1 
34562489690087;0.326485;0.288464;1 6.34862e-12 -5.08911e-08 -0.0465459 -6.34927e-12 1 -1.27254e-08 -0.418817 5.08911e-08 1.27254e-08 1 0.0782848 0 0 0 1 
34562489690088;0.343468;0.375732;0.999842 1.45696e-05 -0.0177536 -3.73589 1.29415e-05 0.999999 0.0015495 -0.100586 0.0177536 -0.00154948 0.999841 -5.79502 0 0 0 1 
34562489690089;0.181879;0.258437;0.998214 0.000159754 -0.0597328 -22.2986 0.000152064 0.999986 0.00521562 1.44733 0.0597328 -0.00521539 0.998201 -3.06298 0 0 0 1 
34562489690090;0.274172;0.518471;0.977675 0.00195119 -0.210114 14.5494 0.00194691 0.99983 0.0183438 -2.50385 0.210114 -0.0183434 0.977505 -25.8231 0 0 0 1 
34562489690091;0.516972;0.988546;1 7.09731e-06 2.71198e-05 -55.0051 -7.09727e-06 1 -1.4651e-06 3.52636 -2.71198e-05 1.46491e-06 1 6.41575 0 0 0 1 
34562489690093;0.4248;0.488694;1 -4.13784e-08 1.14688e-06 -0.307081 4.13784e-08 1 8.48758e-09 1.30143 -1.14688e-06 -8.48753e-09 1 2.20007 0 0 0 1 
34562489690094;0.0934313;0.12489;0.99895 9.54228e-05 0.0458232 -36.3476 8.78166e-05 0.999992 -0.0039968 4.14776 -0.0458232 0.00399663 0.998942 32.7482 0 0 0 1 
34562489690095;0.144672;0.212517;0.999969 6.45382e-06 0.007934 -30.9627 -9.78851e-07 1 -0.000690068 3.96752 -0.007934 0.000690038 0.999968 21.9681 0 0 0 1 
34562489690096;0.228702;0.282623;0.999151 -2.2988e-05 -0.0411971 786.583 0.000173409 0.999993 0.00364769 -68.421 0.0411968 -0.00365174 0.999144 440.6 0 0 0 1 
34562489690097;0.121961;0.290722;0.998161 0.0001447 0.0606192 116.182 0.000176301 0.999986 -0.00528998 -11.75 -0.0606191 0.00529094 0.998147 13.6486 0 0 0 1 
34562489690098;0.286027;0.313627;0.99913 7.23463e-05 0.0417023 22.5643 7.95001e-05 0.999993 -0.00363953 -1.52998 -0.0417023 0.00363968 0.999123 11.2182 0 0 0 1 
34562489690099;0.0245713;0.0203808;1 -2.10715e-07 0.000616726 1.66824 2.43663e-07 1 -5.34238e-05 -0.113538 -0.000616726 5.34239e-05 1 3.19519 0 0 0 1 
34562489690100;0.214406;0.216974;1 -2.4185e-08 -2.9949e-08 -0.178801 2.4185e-08 1 2.75316e-08 0.698707 2.9949e-08 -2.75316e-08 1 -0.245071 0 0 0 1 
34562489690101;0.290539;0.323759;1 -3.96335e-08 2.50224e-07 -0.272443 3.96335e-08 1 -1.03788e-08 0.0504511 -2.50224e-07 1.03788e-08 1 0.0670387 0 0 0 1 
34562489690102;0.160438;0.172641;0.993004 0.000799623 -0.118082 -1501.94 0.000371685 0.999951 0.0098971 130.95 0.118084 -0.00987174 0.992955 -3524.61 0 0 0 1 
34562489690103;0.385248;0.431083;1 -1.0116e-08 6.36081e-08 -0.122098 1.0116e-08 1 -3.48879e-08 -0.563247 -6.36081e-08 3.48879e-08 1 0.203934 0 0 0 1 
34562489690104;0.150227;0.230958;0.999937 2.59762e-06 0.011254 20.9654 8.45811e-06 1 -0.000982331 -3.03954 -0.011254 0.000982364 0.999936 1.48221 0 0 0 1 
34562489690105;0.212702;0.243103;0.999268 5.98776e-05 0.0382489 25.8284 6.78324e-05 0.999994 -0.00333761 -3.44489 -0.0382489 0.00333776 0.999263 12.7237 0 0 0 1 
34562489690106;0.369761;0.400003;0.999997 -6.97611e-07 0.00231249 6.7122 1.16438e-06 1 -0.000201846 0.107789 -0.00231249 0.000201849 0.999997 0.558048 0 0 0 1 
34562489690107;0.232667;0.218251;1 -1.60411e-08 3.32714e-07 -0.120994 1.6041e-08 1 1.69086e-08 0.376525 -3.32714e-07 -1.69086e-08 1 -0.129718 0 0 0 1 
34562489690108;0.240619;0.274836;1 -2.0227e-08 -7.28826e-08 -0.100096 2.0227e-08 1 1.15201e-08 0.32754 7.28826e-08 -1.15201e-08 1 -0.0607297 0 0 0 1 
34562489690109;0.185949;0.210871;1 -2.94864e-08 -3.32045e-07 -0.15052 2.94864e-08 1 1.35242e-08 0.21218 3.32045e-07 -1.35243e-08 1 -0.0728166 0 0 0 1 
34562489690110;0.265953;0.275689;0.994025 -0.000324599 -0.109149 6823.82 0.00136216 0.999955 0.00943149 -592.707 0.109141 -0.00952382 0.993981 -41.1811 0 0 0 1 
34562489690111;0.165425;0.2468;0.999746 2.47831e-05 0.0225455 -23.7779 1.95647e-05 0.999998 -0.00196681 3.73977 -0.0225455 0.00196675 0.999744 13.1217 0 0 0 1 
34562489690112;0.350609;0.381105;0.998248 0.000155562 0.0591629 -28.924 0.000150053 0.999987 -0.00516118 4.09952 -0.059163 0.00516102 0.998235 34.6988 0 0 0 1 
34562489690113;0.399049;0.422424;1 -2.3654e-08 8.53949e-08 -0.169407 2.3654e-08 1 2.48135e-09 0.198243 -8.53949e-08 -2.48135e-09 1 -0.0173693 0 0 0 1 
34562489690114;0.0997142;0.166094;1 1.25882e-08 2.34541e-07 0.144354 -1.25882e-08 1 1.09538e-08 1.19912 -2.34541e-07 -1.09538e-08 1 -0.0611583 0 0 0 1 
34562489690115;0.280795;0.306755;1 -3.47259e-08 -8.32787e-09 -0.179481 3.47259e-08 1 6.68917e-09 -0.2446 8.32787e-09 -6.68917e-09 1 -0.106125 0 0 0 1 
34562489690116;0.37279;0.400084;1 -3.17747e-08 2.80869e-07 -0.23084 3.17747e-08 1 3.88221e-08 -0.0626817 -2.80869e-07 -3.88221e-08 1 -0.32769 0 0 0 1 
34562489690117;0.26675;0.419915;1 -3.21707e-08 -2.26124e-07 -0.113896 3.21707e-08 1 8.92878e-09 1.88042 2.26124e-07 -8.92878e-09 1 0.0459923 0 0 0 1 
34562489690118;0.0989808;0.229633;0.996048 -0.00230559 -0.0887833 21338.1 0.00292586 0.999972 0.00685684 -1834.61 0.0887651 -0.00708951 0.996027 -5313.67 0 0 0 1 
34562489690119;0.386067;0.571769;0.99995 -1.04108e-06 -0.0100365 42.7369 9.81487e-06 1 0.000874143 -3.15775 0.0100364 -0.000874198 0.999949 -16.7265 0 0 0 1 
34562489690120;0.309421;0.407819;0.999955 4.86001e-06 0.0094925 -8.4425 3.00622e-06 1 -0.000828663 2.18632 -0.0094925 0.000828654 0.999955 1.36967 0 0 0 1 
34562489690121;0.382301;0.415917;1 -3.30712e-08 2.10127e-08 -0.198517 3.30712e-08 1 -3.78402e-09 0.40419 -2.10127e-08 3.78402e-09 1 0.0986065 0 0 0 1 
34562489690122;0.179762;0.261463;0.999992 2.98906e-07 0.0041051 2.6116 1.17335e-06 1 -0.000358638 -1.09548 -0.0041051 0.00035864 0.999992 -1.17246 0 0 0 1 
34562489690124;0.346704;0.45235;1 -6.26939e-08 -1.97922e-07 -0.468131 6.26939e-08 1 2.6048e-08 0.353953 1.97922e-07 -2.60481e-08 1 -0.195219 0 0 0 1 
34562489690125;0.12865;0.182925;0.999966 3.89547e-06 -0.00823881 -6.21947 2.02539e-06 1 0.000718645 1.24069 0.00823881 -0.000718638 0.999966 -5.35042 0 0 0 1 
34562489690126;0.441684;0.694361;0.999508 4.8127e-05 0.0313718 -45.051 3.77964e-05 0.999996 -0.00273827 6.61569 -0.0313718 0.00273811 0.999504 8.20311 0 0 0 1 
34562489690127;0.210546;0.245173;0.999967 4.98201e-06 0.00812925 -17.7474 7.73536e-07 1 -0.000708001 2.28321 -0.00812925 0.000707984 0.999967 13.615 0 0 0 1 
34562489690128;0.0334274;0.152079;0.999774 -0.000392691 -0.021253 3320.69 0.000427866 0.999999 0.00165055 -290.223 0.0212523 -0.00165927 0.999773 -1578.99 0 0 0 1 
34562489690129;0.0803559;0.11051;1 -4.40611e-06 1.55752e-05 35.0318 4.40611e-06 1 -2.40406e-07 -2.68331 -1.55752e-05 2.40475e-07 1 8.4069 0 0 0 1 
34562489690130;0.355847;0.365198;1 -3.3326e-08 -3.48856e-08 -0.228277 3.3326e-08 1 2.30802e-08 0.268631 3.48856e-08 -2.30802e-08 1 -0.198777 0 0 0 1 
34562489690131;0.103607;0.249441;1 5.43821e-06 0.000106934 -42.9647 -5.43714e-06 1 -1.0019e-05 5.85878 -0.000106934 1.00185e-05 1 -6.023 0 0 0 1 
34562489690132;0.232394;0.269613;0.999797 1.47247e-05 -0.0201254 25.9356 2.06343e-05 0.999998 0.00175673 -0.868652 0.0201254 -0.00175679 0.999796 -3.51637 0 0 0 1 
34562489690133;0.372111;0.39119;1 -4.15657e-08 -2.54269e-07 -0.289008 4.15657e-08 1 3.10907e-08 0.378855 2.54269e-07 -3.10907e-08 1 -0.256502 0 0 0 1 
34562489690134;0.23228;0.250429;1 -4.87287e-08 -8.30291e-09 -0.349155 4.87287e-08 1 1.59618e-08 0.327417 8.30291e-09 -1.59618e-08 1 -0.151495 0 0 0 1 
34562489690135;0.171644;1.06433;1 -3.66947e-08 -1.24841e-06 -0.00544237 3.66947e-08 1 1.40484e-08 7.5758 1.24841e-06 -1.40485e-08 1 0.112849 0 0 0 1 
34562489690136;0.200279;0.205341;1 -4.34284e-08 -3.25216e-08 -0.298485 4.34284e-08 1 1.21476e-08 0.216101 3.25216e-08 -1.21476e-08 1 -0.0986008 0 0 0 1 
34562489690137;0.062551;0.121505;0.998773 0.000881286 -0.0495098 -6221.86 -0.000688044 0.999992 0.00392001 545.498 0.0495129 -0.00388114 0.998766 -3554.06 0 0 0 1 
34562489690138;0.126833;0.130228;1 2.86897e-08 -3.24816e-08 0.259943 -2.86897e-08 1 -1.09676e-08 0.762954 3.24816e-08 1.09676e-08 1 0.095856 0 0 0 1 
34562489690139;0.334771;0.425286;1 9.83937e-09 9.28343e-08 0.134552 -9.83937e-09 1 1.36615e-08 1.08163 -9.28343e-08 -1.36615e-08 1 -0.0714314 0 0 0 1 
34562489690140;0.169798;0.228526;1 -3.84787e-08 9.84549e-08 -0.210866 3.84787e-08 1 1.13962e-08 0.840561 -9.84549e-08 -1.13962e-08 1 -0.0875938 0 0 0 1 
34562489690141;0.269667;0.355777;1 1.40827e-08 -2.52288e-07 0.171338 -1.40827e-08 1 1.86905e-08 1.12543 2.52288e-07 -1.86905e-08 1 -0.117955 0 0 0 1 
34562489690142;0.0756236;0.188888;0.999505 -0.00031059 -0.0314569 2850.02 0.000389445 0.999997 0.00250065 -248.595 0.0314561 -0.00251166 0.999502 -1888.9 0 0 0 1 
34562489690143;0.273373;0.429275;0.999894 1.19466e-05 0.01458 -22.3834 6.58945e-06 0.999999 -0.00127129 3.33291 -0.01458 0.00127125 0.999893 13.4768 0 0 0 1 
34562489690144;0.115892;0.584751;0.999761 0.000133304 0.0218712 -906.537 -9.52035e-05 0.999998 -0.00174309 83.1548 -0.0218714 0.00174059 0.999759 1359.08 0 0 0 1 
34562489690145;0.160443;0.194181;0.999477 5.7951e-05 0.0323342 -103.409 4.02157e-05 0.999995 -0.00303535 8.03848 -0.0323342 0.00303506 0.999473 -1706.19 0 0 0 1 
34562489690146;0.0878609;1.0006;1 3.07277e-08 4.28065e-07 0.63989 -3.07277e-08 1 -9.28799e-09 7.34566 -4.28065e-07 9.28798e-09 1 0.342307 0 0 0 1 
34562489690147;0.0902058;0.219798;0.998935 -4.62941e-05 -0.0461489 1126.51 0.000232871 0.999992 0.00403758 -97.5761 0.0461483 -0.00404402 0.998926 119.342 0 0 0 1 
34562489690148;0.253989;0.461655;1 2.52409e-08 -2.96056e-07 0.325042 -2.52409e-08 1 4.38765e-09 1.97997 2.96056e-07 -4.38764e-09 1 0.0461622 0 0 0 1 
34562489690149;0.415878;0.417136;1 -2.5921e-08 1.18592e-07 -0.181367 2.5921e-08 1 2.53892e-08 0.1302 -1.18592e-07 -2.53892e-08 1 -0.228214 0 0 0 1 
34562489690150;0.323952;0.367043;1 -4.59266e-08 -1.94487e-07 -0.349277 4.59266e-08 1 1.34367e-08 0.0859506 1.94487e-07 -1.34367e-08 1 -0.101655 0 0 0 1 
34562489690151;0.0908205;0.201389;1 3.14398e-08 4.3836e-08 0.260804 -3.14398e-08 1 -7.81193e-11 0.913107 -4.3836e-08 7.81179e-11 1 0.00640305 0 0 0 1 
34562489690152;0.416208;0.425211;0.998561 0.000124398 -0.0536263 17.2019 0.000126662 0.999989 0.00467823 -1.04707 0.0536263 -0.00467829 0.99855 -29.2129 0 0 0 1 
34562489690153;0.0988573;0.128787;0.999922 9.78069e-06 -0.0125021 -21.4678 3.81599e-06 0.999999 0.00108753 0.309844 0.0125021 -0.00108749 0.999921 -32.1679 0 0 0 1 
34562489690155;0.259195;0.483026;0.999705 2.42778e-05 -0.0243049 15.6364 2.73058e-05 0.999998 0.00212201 0.551365 0.0243049 -0.00212205 0.999702 -0.395546 0 0 0 1 
34562489690156;0.172496;0.169642;1 -1.42126e-08 1.80804e-08 -0.0412773 1.42126e-08 1 3.16439e-08 0.500997 -1.80804e-08 -3.16439e-08 1 -0.287662 0 0 0 1 
34562489690157;0.159263;0.247398;1 5.23783e-08 7.05787e-07 0.465679 -5.23783e-08 1 -1.59716e-08 -0.113067 -7.05787e-07 1.59716e-08 1 0.0830656 0 0 0 1 
34562489690158;0.105511;0.223091;0.999833 2.0864e-05 0.0182849 -51.6362 8.28663e-06 0.999999 -0.00159417 4.27944 -0.0182849 0.00159406 0.999832 18.5891 0 0 0 1 
34562489690159;0.266866;0.319808;1 -9.19793e-09 3.4281e-07 -0.0124654 9.19792e-09 1 3.08279e-08 0.863389 -3.4281e-07 -3.08279e-08 1 -0.225547 0 0 0 1 
34562489690160;0.0473697;0.10228;1 3.2163e-08 6.17029e-07 0.276146 -3.2163e-08 1 6.88882e-09 0.232342 -6.17029e-07 -6.88884e-09 1 -0.078039 0 0 0 1 
34562489690161;0.216211;0.245065;1 -1.70014e-08 9.7507e-07 0.306874 1.70015e-08 1 -1.09948e-07 0.535657 -9.7507e-07 1.09948e-07 1 -0.0621221 0 0 0 1 
34562489690162;0.156911;0.269947;0.999993 2.7031e-06 0.00384804 -15.5602 -1.41349e-06 1 -0.000335138 1.89313 -0.00384804 0.00033513 0.999993 6.14572 0 0 0 1 
34562489690163;0.149607;0.138303;0.99887 9.61889e-05 0.0475256 13.5466 0.000101011 0.999991 -0.00414691 0.223974 -0.0475256 0.00414703 0.998861 18.143 0 0 0 1 
34562489690164;0.334807;0.418301;1 4.18337e-08 4.55306e-07 0.30352 -4.18337e-08 1 -2.85653e-08 -0.35376 -4.55306e-07 2.85653e-08 1 0.175882 0 0 0 1 
34562489690165;0.385816;0.534165;0.999991 2.81967e-06 0.0043183 -15.5535 -1.19384e-06 1 -0.0003765 2.69167 -0.0043183 0.000376491 0.999991 4.58475 0 0 0 1 
34562489690166;0.333068;0.382228;1 6.52925e-08 7.70362e-07 0.537796 -6.52925e-08 1 -4.67393e-09 0.26384 -7.70362e-07 4.67388e-09 1 0.02267 0 0 0 1 
34562489690167;0.363242;0.415579;1 5.67294e-09 2.92376e-07 0.145495 -5.67295e-09 1 2.28382e-08 0.743563 -2.92376e-07 -2.28382e-08 1 -0.18101 0 0 0 1 
34562489690168;0.405801;0.281241;0.999567 4.03504e-05 -0.0294314 -15.7344 3.51957e-05 0.999997 0.00256633 2.5462 0.0294314 -0.00256625 0.999564 -28.1216 0 0 0 1 
34562489690169;0.233383;0.398766;0.999778 1.73502e-05 -0.0210588 19.0668 2.13825e-05 0.999998 0.00183904 -0.424233 0.0210588 -0.00183908 0.999777 3.06486 0 0 0 1 
34562489690170;0.111556;0.14099;1 1.99541e-08 3.70417e-07 0.269828 -1.99541e-08 1 1.18784e-08 0.64658 -3.70417e-07 -1.18784e-08 1 -0.133363 0 0 0 1 
34562489690171;0.0960451;0.242403;0.999838 1.42055e-05 -0.0179879 2.21117 1.40501e-05 0.999999 0.00157068 1.4295 0.0179879 -0.00157068 0.999837 0.542824 0 0 0 1 
34562489690172;0.321124;0.384326;0.999935 8.43992e-06 0.0113721 -22.4436 2.82566e-06 1 -0.000990619 2.45718 -0.0113721 0.000990587 0.999935 17.1951 0 0 0 1 
34562489690173;0.268086;0.306113;1 1.31809e-08 1.94065e-07 0.534819 -1.31809e-08 1 -6.15528e-09 0.533935 -1.94065e-07 6.15528e-09 1 0.679469 0 0 0 1 
34562489690174;0.189053;0.242295;1 1.49144e-08 3.70749e-07 0.188684 -1.49144e-08 1 -2.81118e-09 0.347232 -3.70749e-07 2.81118e-09 1 -0.0106016 0 0 0 1 
34562489690175;0.133957;0.248746;0.999957 8.53239e-06 0.00924806 -38.6039 -1.08164e-06 1 -0.00080566 3.64811 -0.00924806 0.000805616 0.999957 14.393 0 0 0 1 
34562489690176;0.144022;0.339751;0.999966 6.4311e-06 0.0082492 -27.5837 -4.97171e-07 1 -0.000719336 1.54869 -0.0082492 0.000719308 0.999966 7.28593 0 0 0 1 
34562489690177;0.320514;0.380446;1 2.15318e-08 1.35549e-07 0.240308 -2.15318e-08 1 -1.73993e-09 0.398735 -1.35549e-07 1.73993e-09 1 0.0104324 0 0 0 1 
34562489690178;0.353901;0.583164;0.994447 0.000487539 -0.105241 -6.15694 0.000481589 0.999958 0.00918308 3.50758 0.105241 -0.00918276 0.994404 -45.0968 0 0 0 1 
34562489690179;0.0142393;0.0689581;1 2.3122e-08 1.82688e-07 0.231894 -2.3122e-08 1 -1.17287e-09 0.0609445 -1.82688e-07 1.17286e-09 1 -0.0106891 0 0 0 1 
34562489690180;0.106434;0.125404;0.999973 2.14154e-06 -0.0073005 2.44309 2.51015e-06 1 0.000637166 0.0181222 0.0073005 -0.000637167 0.999973 -2.04227 0 0 0 1 
34562489690181;0.139987;0.142981;1 3.10293e-09 -3.8523e-07 0.158006 -3.10292e-09 1 2.97237e-08 0.0959511 3.8523e-07 -2.97237e-08 1 0.23337 0 0 0 1 
34562489690182;0.247912;0.415951;0.998697 0.000109562 -0.0510254 40.5815 0.000117918 0.99999 0.00445514 -1.96898 0.0510254 -0.00445535 0.998687 2.6954 0 0 0 1 
34562489690183;0.115667;0.307864;1 2.39633e-08 6.28959e-07 0.283936 -2.39633e-08 1 3.25852e-08 1.34066 -6.28959e-07 -3.25853e-08 1 -0.213716 0 0 0 1 
34562489690184;0.228068;0.28586;1 2.5301e-08 3.22602e-07 0.262845 -2.5301e-08 1 -1.22548e-08 0.292944 -3.22602e-07 1.22548e-08 1 0.0551109 0 0 0 1 
34562489690186;0.0711037;0.123273;1 2.66916e-08 1.8102e-07 0.0800217 -2.66916e-08 1 1.29741e-08 -1.0187 -1.8102e-07 -1.29741e-08 1 -0.154002 0 0 0 1 
34562489690187;0.0441165;0.0691722;0.999861 -7.96345e-07 0.0166573 101.488 2.52787e-05 0.999999 -0.00146955 -9.13709 -0.0166573 0.00146977 0.99986 -125.78 0 0 0 1 
34562489690188;0.231973;0.228881;0.999825 1.65696e-05 -0.0187061 -7.66102 1.39672e-05 0.999999 0.00163232 1.59091 0.0187061 -0.0016323 0.999824 -6.69347 0 0 0 1 
34562489690189;0.393005;0.528525;0.996999 0.000257007 -0.0774105 50.2032 0.000266662 0.999977 0.00675441 -0.545093 0.0774105 -0.00675479 0.996976 -26.0773 0 0 0 1 
34562489690190;0.219538;0.440001;0.999949 2.47443e-06 -0.0100923 16.6915 6.42123e-06 1 0.000881397 2.83132 0.0100923 -0.000881417 0.999949 0.999758 0 0 0 1 
34562489690191;0.389147;0.637019;1 1.06187e-07 -6.20042e-08 0.567817 -1.06187e-07 1 -4.08628e-08 -4.25293 6.20042e-08 4.08628e-08 1 0.188725 0 0 0 1 
34562489690192;0.192134;0.236167;1 3.14557e-08 1.54408e-07 0.130811 -3.14557e-08 1 -4.75966e-10 -0.930955 -1.54408e-07 4.75961e-10 1 -0.0432611 0 0 0 1 
34562489690193;0.281462;0.28341;0.999952 2.11164e-06 -0.00982172 17.972 6.31097e-06 1 0.000857519 -1.14734 0.00982171 -0.000857539 0.999951 -0.552284 0 0 0 1 
34562489690194;0.204314;0.226915;0.999988 -3.06739e-07 0.00485479 10.2333 2.36166e-06 1 -0.000423271 -1.83371 -0.00485479 0.000423278 0.999988 4.80286 0 0 0 1 
34562489690195;0.157469;0.374179;0.99984 1.59586e-05 -0.0178717 -14.0207 1.19242e-05 0.999999 0.00156006 5.31504 0.0178717 -0.00156002 0.999839 -2.69518 0 0 0 1 
34562489690196;0.0529904;0.0453023;1 -1.622e-07 -4.227e-05 1.26449 1.62351e-07 1 3.58617e-06 0.509181 4.227e-05 -3.58618e-06 1 -1.80473 0 0 0 1 
34562489690197;0.438295;0.792;1 1.05524e-07 -8.15994e-08 0.232345 -1.05524e-07 1 -1.94172e-08 -6.66248 8.15994e-08 1.94172e-08 1 -0.0645647 0 0 0 1 
34562489690198;0.0525853;0.0418707;0.999989 1.0933e-06 -0.00470659 0.0619576 8.395e-07 1 0.000410657 0.948132 0.00470659 -0.000410657 0.999989 -2.14773 0 0 0 1 
34562489690199;0.186435;0.256713;1 -1.84393e-08 9.02145e-08 -0.044259 1.84393e-08 1 1.36803e-08 1.64679 -9.02145e-08 -1.36803e-08 1 -0.0544464 0 0 0 1 
34562489690200;0.246291;0.217996;0.999949 6.10274e-06 -0.0100618 -11.7806 2.72367e-06 1 0.000877206 1.37275 0.0100618 -0.000877189 0.999949 -9.37526 0 0 0 1 
34562489690201;0.100046;0.519074;1 5.66923e-08 4.77129e-07 0.205019 -5.66923e-08 1 -2.69297e-08 -6.49739 -4.77129e-07 2.69297e-08 1 0.0189848 0 0 0 1 
34562489690202;0.155088;0.156613;1 1.28649e-08 1.56052e-07 0.0882791 -1.28649e-08 1 1.08527e-08 0.441984 -1.56052e-07 -1.08527e-08 1 -0.077395 0 0 0 1 
34562489690203;0.0877176;0.0766259;0.999977 7.6128e-05 0.00670867 -597.414 -7.19649e-05 1 -0.000620803 53.2901 -0.00670871 0.000620306 0.999977 -278.016 0 0 0 1 
34562489690204;0.244178;0.340968;0.999897 1.01488e-05 0.0143346 -11.2787 7.79045e-06 0.999999 -0.0012514 -1.46704 -0.0143346 0.00125139 0.999896 1.64086 0 0 0 1 
34562489690205;0.481854;0.378628;0.99656 0.000308832 -0.0828776 -54.5308 0.000291716 0.999974 0.007234 4.17655 0.0828776 -0.00723329 0.996533 -17.04 0 0 0 1 
34562489690206;0.097924;0.179886;0.99848 5.59519e-05 0.0551121 608.792 0.00021655 0.999988 -0.00493852 -54.9952 -0.0551117 0.00494295 0.998468 -1059.64 0 0 0 1 
34562489690207;0.417969;0.421307;0.999502 4.17133e-05 -0.0315578 18.2029 4.52645e-05 0.999996 0.00275542 -0.428548 0.0315578 -0.00275548 0.999498 2.49534 0 0 0 1 
34562489690208;0.41666;0.410971;0.99999 3.57057e-06 -0.00448422 -20.5441 -1.81776e-06 1 0.000390889 1.00202 0.00448422 -0.000390877 0.99999 -5.13468 0 0 0 1 
34562489690209;0.102897;0.0724783;0.999929 0.000188138 -0.0118876 -1462.04 -0.000175685 0.999999 0.00104857 128.153 0.0118878 -0.00104641 0.999929 68.2785 0 0 0 1 
34562489690210;0.0465566;0.18628;0.999899 1.1609e-05 0.0141965 -24.3729 6.01851e-06 0.999999 -0.00124164 0.167794 -0.0141965 0.0012416 0.999898 -18.8595 0 0 0 1 
34562489690211;0.156365;0.728423;1 1.53783e-07 -3.05103e-07 0.133336 -1.53783e-07 1 -1.33734e-08 -9.14205 3.05103e-07 1.33734e-08 1 -0.0898105 0 0 0 1 
34562489690212;0.249667;0.27923;1 3.55407e-08 1.92534e-07 0.173483 -3.55407e-08 1 -2.72247e-09 -0.807096 -1.92534e-07 2.72246e-09 1 -0.00803239 0 0 0 1 
34562489690213;0.302086;0.322812;0.999942 8.19905e-06 0.0107763 -26.4514 1.93748e-06 1 -0.000940618 1.26004 -0.0107763 0.000940584 0.999941 1.75977 0 0 0 1 
34562489690214;0.0408606;0.0910241;1 -8.29269e-09 1.31897e-07 0.0481292 8.29269e-09 1 1.85777e-08 0.745778 -1.31897e-07 -1.85777e-08 1 -0.136568 0 0 0 1 
34562489690215;0.322976;0.330489;0.999942 1.4451e-06 0.0107556 27.0625 8.62983e-06 1 -0.000936669 -1.18243 -0.0107556 0.000936707 0.999942 18.0252 0 0 0 1 
34562489690217;0.345856;0.284202;0.999923 5.37164e-06 0.0123858 7.98084 8.00925e-06 0.999999 -0.00108029 -0.694945 -0.0123858 0.0010803 0.999923 9.85802 0 0 0 1 
34562489690218;0.369096;0.241655;1 -1.90687e-08 -2.01502e-07 -0.211266 1.90687e-08 1 -4.55943e-09 -0.59177 2.01502e-07 4.55943e-09 1 0.018208 0 0 0 1 
34562489690219;0.344434;0.450218;1 -3.70864e-08 -1.96602e-07 -0.262234 3.70864e-08 1 -1.24551e-08 0.317855 1.96602e-07 1.24551e-08 1 0.1216 0 0 0 1 
34562489690220;0.281678;0.369577;1 1.17976e-08 -5.92155e-07 0.0815662 -1.17976e-08 1 -1.32962e-08 -0.16324 5.92155e-07 1.32962e-08 1 0.0936147 0 0 0 1 
34562489690221;0.2479;0.366939;1 -3.24742e-08 7.96304e-08 -0.287069 3.24742e-08 1 1.90701e-08 -0.169329 -7.96304e-08 -1.90701e-08 1 -0.133165 0 0 0 1 
34562489690222;0.309448;0.453526;0.999434 4.5617e-05 -0.033646 34.4174 5.32776e-05 0.999996 0.00293837 -2.60554 0.033646 -0.0029385 0.999429 4.96106 0 0 0 1 
34562489690223;0.503992;0.560818;0.971134 0.00251699 -0.23852 59.4457 0.00252199 0.99978 0.0208185 -6.03145 0.23852 -0.0208191 0.970914 -53.6745 0 0 0 1 
34562489690224;0.505738;0.374299;0.998587 0.000119935 -0.0531402 34.0565 0.00012677 0.999989 0.00463915 -2.92446 0.0531402 -0.00463933 0.998576 -5.17388 0 0 0 1 
34562489690225;0.255572;0.334834;1 -2.36268e-08 2.39324e-07 -0.21314 2.36268e-08 1 -4.96725e-09 -0.150199 -2.39324e-07 4.96725e-09 1 0.0337799 0 0 0 1 
34562489690226;0.59187;0.563228;0.98335 0.00160207 -0.181717 -1168.07 0.00145898 0.999859 0.0167103 104.505 0.181718 -0.0166972 0.983209 6684.65 0 0 0 1 
34562489690227;0.535961;0.56632;0.996997 0.000307649 -0.0774447 -355.768 0.000223564 0.999977 0.00685049 30.5903 0.077445 -0.00684723 0.996973 684.758 0 0 0 1 
34562489690228;0.492348;0.915146;0.990326 0.000841242 -0.138758 45.5601 0.000847969 0.999926 0.0121142 -4.34918 0.138758 -0.0121147 0.990252 -6.05937 0 0 0 1 
34562489690229;0.377629;0.343173;0.999204 0.000170302 -0.039894 -805.654 -3.83732e-05 0.999995 0.00330771 70.007 0.0398944 -0.00330355 0.999198 -1446.23 0 0 0 1 
34562489690230;0.309344;0.590057;0.99425 0.000496536 -0.107085 58.8428 0.00050745 0.999956 0.00934813 -4.35551 0.107085 -0.00934872 0.994206 -10.5376 0 0 0 1 
34562489690231;0.422227;0.674678;0.999718 1.95178e-05 0.0237493 36.692 2.9716e-05 0.999998 -0.00207271 -2.77358 -0.0237493 0.00207283 0.999716 7.45588 0 0 0 1 
34562489690232;0.215127;0.338023;1 -2.89411e-08 3.24172e-07 -0.210115 2.89411e-08 1 1.149e-08 0.185561 -3.24172e-07 -1.149e-08 1 -0.0716266 0 0 0 1 
34562489690233;0.420689;0.515857;1 -4.53166e-08 8.81495e-08 -0.321759 4.53166e-08 1 1.30909e-08 0.434943 -8.81495e-08 -1.30909e-08 1 -0.0998165 0 0 0 1 
34562489690234;0.244511;0.37132;1 -4.64381e-08 1.31639e-07 -0.340904 4.64381e-08 1 1.68779e-08 0.249393 -1.31639e-07 -1.68779e-08 1 -0.109842 0 0 0 1 
34562489690235;0.305129;0.347943;0.999888 7.54498e-06 0.0149758 14.9668 1.20552e-05 0.999999 -0.0013087 -0.837924 -0.0149758 0.00130874 0.999887 -8.47876 0 0 0 1 
34562489690236;0.196522;0.694411;0.994813 0.000438013 0.101717 103.856 0.000467185 0.999961 -0.00887522 -8.39934 -0.101717 0.00887671 0.994774 37.9521 0 0 0 1 
34562489690237;0.236663;0.681135;0.997022 0.000256239 -0.0771223 40.1185 0.000263821 0.999977 0.00673305 -4.13927 0.0771223 -0.00673335 0.996999 -4.35428 0 0 0 1 
34562489690238;0.36003;0.420164;1 -3.62461e-08 1.07475e-07 -0.294535 3.62461e-08 1 -4.35429e-09 -0.00651588 -1.07475e-07 4.3543e-09 1 0.00667739 0 0 0 1 
34562489690239;0.243492;0.300754;1 -2.28036e-07 -1.25052e-05 0.920846 2.28046e-07 1 7.95523e-07 -0.575294 1.25052e-05 -7.95526e-07 1 -1.85585 0 0 0 1 
34562489690240;0.35283;0.321434;0.999982 -4.44177e-07 -0.00591946 15.9628 3.49791e-06 1 0.00051587 -2.37986 0.00591946 -0.000515882 0.999982 -8.06629 0 0 0 1 
34562489690241;0.379757;0.658354;0.999999 -1.11074e-06 0.00154832 8.52115 1.31913e-06 1 -0.000134588 -0.808361 -0.00154832 0.00013459 0.999999 4.56539 0 0 0 1 
34562489690242;0.378853;0.463251;0.999892 7.57255e-06 0.0146856 12.159 1.12619e-05 0.999999 -0.00128242 -1.01732 -0.0146856 0.00128245 0.999891 -0.773733 0 0 0 1 
34562489690243;0.301434;0.48516;1 -4.58754e-08 -1.6688e-07 -0.342167 4.58754e-08 1 -9.27769e-09 0.25624 1.6688e-07 9.27768e-09 1 0.0530321 0 0 0 1 
34562489690244;0.500189;0.730707;0.988175 0.00103004 -0.153328 40.6267 0.00103449 0.99991 0.0133844 -3.00881 0.153328 -0.0133848 0.988085 -22.5437 0 0 0 1 
34562489690245;0.271456;0.404256;0.999907 7.10822e-06 0.0136247 5.135 9.08139e-06 0.999999 -0.00118819 -0.597971 -0.0136247 0.0011882 0.999906 11.9616 0 0 0 1 
34562489690246;0.262584;0.539113;0.996133 0.000332909 -0.0878594 49.324 0.00034232 0.999971 0.00767016 -3.99574 0.0878594 -0.00767058 0.996103 -6.23237 0 0 0 1 
34562489690248;0.122472;0.189383;0.998243 -0.000841847 0.0592549 8000.18 0.0011342 0.999987 -0.00490038 -693.805 -0.05925 0.00495897 0.998231 1727.17 0 0 0 1 
34562489690249;0.236877;0.40749;0.997725 0.00020191 -0.0674191 -15.9792 0.000195264 0.999983 0.00588448 3.53967 0.0674191 -0.00588425 0.997707 -20.8334 0 0 0 1 
34562489690250;0.361013;0.416228;0.999969 4.99792e-06 0.00787021 -18.6103 3.96239e-07 1 -0.000685388 0.769126 -0.00787021 0.00068537 0.999969 14.4427 0 0 0 1 
34562489690251;0.0844088;0.125213;0.999619 3.45748e-05 -0.0276149 -5.86224 3.19908e-05 0.999997 0.00241006 0.817965 0.0276149 -0.00241002 0.999616 -9.66142 0 0 0 1 
34562489690252;0.195046;0.302502;1 2.55905e-08 -1.179e-08 0.309515 -2.55905e-08 1 5.40065e-09 0.816042 1.179e-08 -5.40065e-09 1 -0.00756018 0 0 0 1 
34562489690253;0.120903;0.169577;0.995381 -0.000188979 0.0959995 4752.33 0.00101798 0.999963 -0.00858655 -413.783 -0.0959942 0.00864462 0.995344 -2112.77 0 0 0 1 
34562489690254;0.246774;0.354178;1 -3.12053e-07 -1.84784e-06 3.90197 3.12053e-07 1 -2.76084e-07 -0.970641 1.84784e-06 2.76084e-07 1 -2.96167 0 0 0 1 
34562489690255;0.134202;0.152683;0.999931 4.56071e-06 0.0117516 10.5652 7.47015e-06 0.999999 -0.00102372 -1.23888 -0.0117516 0.00102373 0.99993 18.6308 0 0 0 1 
34562489690256;0.130561;0.203993;0.999205 6.62651e-05 0.0398546 21.1501 7.22397e-05 0.999994 -0.0034738 -1.4149 -0.0398546 0.00347392 0.999199 49.411 0 0 0 1 
34562489690257;0.163799;0.176261;0.999972 4.64662e-06 -0.0074721 -16.7115 2.22786e-07 1 0.000651677 1.74724 0.0074721 -0.000651661 0.999972 -6.88779 0 0 0 1 
34562489690258;0.294851;0.374414;0.999915 7.40841e-06 -0.0130361 1.90706 7.39418e-06 0.999999 0.00113546 -1.12298 0.0130361 -0.00113546 0.999914 -21.489 0 0 0 1 
34562489690259;0.334686;0.822428;1 1.85446e-07 -6.0628e-08 1.22489 -1.85446e-07 1 -4.88103e-08 -4.55616 6.0628e-08 4.88103e-08 1 0.275783 0 0 0 1 
34562489690260;0.32082;0.615709;1 9.17912e-09 -2.34538e-07 0.339572 -9.17912e-09 1 1.1642e-08 2.84223 2.34538e-07 -1.1642e-08 1 0.0159474 0 0 0 1 
34562489690261;0.124973;0.126601;0.995803 0.00130236 0.0915082 -7543.26 -0.000580078 0.999968 -0.0079192 661.849 -0.0915156 0.00783289 0.995773 1271.72 0 0 0 1 
34562489690262;0.295299;0.426831;0.992511 0.000659536 0.12215 -62.0527 0.000648025 0.999943 -0.0106645 6.59593 -0.12215 0.0106638 0.992454 17.4763 0 0 0 1 
