#;prob_registration_l1 -r /home/probabilistic_point_clouds_registration/build/tester /home/point_clouds_registration_benchmark/wood_autumn_local.txt /home/point_clouds_registration_benchmark/wood_autumn -s 0.2 -t 0.2 -p 0.3 -r 1000 -m 15 -i 40 
id;initial_error;final_error;transformation
26875431820000;0.498992;0.0788212;0.884859 0.462328 0.0572486 0.40242 -0.465671 0.874303 0.136914 0.996512 0.0132465 -0.147808 0.988927 -0.352471 0 0 0 1 
26875431820001;0.336145;0.0683596;0.90706 0.33555 -0.254262 0.694113 -0.300523 0.939017 0.167131 0.975014 0.294837 -0.0751864 0.952585 -0.765317 0 0 0 1 
26875431820002;0.60541;0.0547386;0.886833 0.392624 -0.243667 0.929911 -0.388953 0.918953 0.0651187 1.06232 0.249486 0.0370255 0.96767 -1.41597 0 0 0 1 
26875431820003;0.366204;0.0630439;0.992799 0.108464 -0.0508524 -0.179146 -0.105583 0.992816 0.056283 -0.0416064 0.0565918 -0.0505086 0.997119 -0.51147 0 0 0 1 
26875431820004;0.698046;0.0629692;0.958136 -0.286298 -0.00296689 0.828198 0.286165 0.957258 0.0420232 -1.1821 -0.00919106 -0.041113 0.999112 0.421474 0 0 0 1 
26875431820005;0.325213;0.0552531;0.921415 -0.233243 0.310791 -0.384344 0.263169 0.963035 -0.057487 -0.626224 -0.285895 0.13476 0.948738 1.03117 0 0 0 1 
26875431820006;0.554876;0.0434007;0.999984 0.0047348 0.00298664 -0.278194 -0.00475909 0.999955 0.0081793 0.751413 -0.00294777 -0.00819339 0.999962 0.561144 0 0 0 1 
26875431820007;0.383756;0.0506753;0.988738 -0.0386268 -0.144586 0.20332 0.0983079 0.896075 0.432879 -0.76296 0.112839 -0.442218 0.889781 -0.381029 0 0 0 1 
26875431820008;0.203498;0.043567;0.965985 0.0593626 -0.251692 0.124404 -0.0338927 0.993963 0.104351 0.145053 0.256367 -0.092271 0.962165 -0.966592 0 0 0 1 
26875431820009;0.180609;0.0608286;0.980656 -0.146884 -0.129379 0.0772296 0.144483 0.989117 -0.027806 -0.288884 0.132055 0.008575 0.991205 -0.345512 0 0 0 1 
26875431820010;0.462102;0.0502614;0.961095 -0.132877 -0.242157 0.712674 0.141396 0.989788 0.0180646 -0.684002 0.237284 -0.0516018 0.970069 -0.918012 0 0 0 1 
26875431820011;0.575398;0.05379;0.909078 0.0578393 0.412591 0.0862461 -0.149388 0.969718 0.193212 0.403935 -0.388921 -0.237281 0.89019 1.88801 0 0 0 1 
26875431820012;0.688058;0.0482209;0.941923 0.325248 -0.0836345 0.29014 -0.275043 0.890026 0.363601 -0.324143 0.192697 -0.319481 0.927793 -0.690715 0 0 0 1 
26875431820013;0.421251;0.0515613;0.9431 -0.33251 -0.000290511 -0.309932 0.33249 0.943032 0.0118855 -0.732866 -0.00367809 -0.0113058 0.999929 -0.329826 0 0 0 1 
26875431820014;0.330264;0.0663806;0.954842 -0.288565 0.0707574 -0.460372 0.288658 0.957389 0.00912341 -1.03016 -0.070375 0.0117133 0.997452 0.208868 0 0 0 1 
26875431820015;0.226693;0.0445948;0.979433 0.199409 0.0307641 0.0621684 -0.189996 0.962826 -0.192011 0.871189 -0.0679092 0.182217 0.98091 0.332681 0 0 0 1 
26875431820016;0.538469;0.0587566;0.90203 -0.00616139 0.43163 0.306834 -0.0514851 0.991225 0.121744 0.519895 -0.428593 -0.132039 0.893797 0.832701 0 0 0 1 
26875431820017;0.524419;0.0579195;0.984176 -0.15136 -0.0921244 -0.0408284 0.135112 0.977418 -0.162478 -0.34111 0.114637 0.14746 0.982402 0.563456 0 0 0 1 
26875431820018;0.579586;0.0537146;0.9797 0.0464152 -0.19502 0.384664 -0.0670996 0.992638 -0.10083 0.0222295 0.188905 0.111869 0.975603 0.370309 0 0 0 1 
26875431820019;0.351798;0.049087;0.97844 0.100396 -0.180489 0.250441 -0.101617 0.99482 0.00248989 0.632813 0.179804 0.0159046 0.983574 -0.938062 0 0 0 1 
26875431820020;0.0809749;0.0736108;0.995982 -0.0889772 0.0101758 -0.136462 0.0890861 0.995965 -0.0107972 -0.210392 -0.00917404 0.0116603 0.99989 0.028193 0 0 0 1 
26875431820021;0.644904;0.0501924;0.947328 0.0927128 -0.306552 1.1578 -0.00924012 0.964696 0.263205 0.121413 0.320132 -0.246509 0.91474 -0.639972 0 0 0 1 
26875431820022;0.0317767;0.04118;0.999278 0.0361804 0.0115879 -0.0216057 -0.0362331 0.999334 0.00436367 0.166089 -0.0114223 -0.00478039 0.999923 0.0782736 0 0 0 1 
26875431820023;0.284901;0.053711;0.998044 -0.0625162 -0.00031685 0.353009 0.0624921 0.997489 0.0333174 -0.239008 -0.00176682 -0.033272 0.999445 -0.0238952 0 0 0 1 
26875431820024;0.398113;0.0461883;0.997269 0.0118582 -0.0728943 0.331055 -0.012396 0.999899 -0.0069294 0.482863 0.0728048 0.00781407 0.997316 -0.558993 0 0 0 1 
26875431820025;0.5828;0.0661;0.901202 -0.41913 -0.110297 0.142172 0.412511 0.90758 -0.0783125 -1.15787 0.132926 0.0250767 0.990809 0.334077 0 0 0 1 
26875431820026;0.630426;0.0553793;0.978996 0.203564 0.0113137 -0.282224 -0.203677 0.978987 0.00999155 0.613006 -0.00904201 -0.012086 0.999886 0.93401 0 0 0 1 
26875431820027;0.464713;0.0494111;0.993525 0.113434 0.00641376 0.207107 -0.113615 0.992175 0.0517766 0.526246 -0.000490321 -0.05217 0.998638 0.685816 0 0 0 1 
26875431820028;0.337162;0.0553205;0.999989 -0.00288513 0.00360897 -0.464983 0.00269382 0.998647 0.0519354 -0.260524 -0.00375393 -0.0519252 0.998644 0.263362 0 0 0 1 
26875431820029;0.206492;0.0470934;0.999535 0.0180945 0.0245585 -0.312745 -0.0167417 0.998389 -0.0542164 -0.00932119 -0.0254999 0.05378 0.998227 0.224424 0 0 0 1 
26875431820031;0.22611;0.0456277;0.967831 0.10539 0.228464 -0.186064 -0.12579 0.989094 0.0766126 0.409941 -0.217898 -0.102887 0.970533 0.888569 0 0 0 1 
26875431820032;0.537519;0.344292;0.982145 -0.151758 -0.111181 0.409298 0.151761 0.988381 -0.00848512 -0.541901 0.111177 -0.00853935 0.993764 -0.628586 0 0 0 1 
26875431820033;0.515263;0.0487487;0.998248 0.0414385 -0.0422425 -0.177277 -0.0289883 0.964795 0.261401 -0.608707 0.0515874 -0.259718 0.964306 -0.980077 0 0 0 1 
26875431820034;0.18246;0.0511371;0.996578 0.0406701 -0.071954 -0.241394 -0.0398169 0.999119 0.0132529 0.157297 0.0724296 -0.0103426 0.99732 -0.23631 0 0 0 1 
26875431820035;0.31218;0.237909;0.972484 0.0724629 0.221413 0.14764 -0.103695 0.985697 0.132851 -0.142611 -0.20862 -0.152155 0.966088 1.02603 0 0 0 1 
26875431820036;0.352511;0.0834296;0.978434 -0.176132 0.107908 -0.146867 0.199921 0.938867 -0.280287 -0.471077 -0.0519438 0.295816 0.953832 -0.0108338 0 0 0 1 
26875431820037;0.447509;0.051977;0.998908 -0.0393161 0.0252205 0.212057 0.0392262 0.999222 0.00404874 -0.570226 -0.02536 -0.00305502 0.999674 -0.702121 0 0 0 1 
26875431820038;0.350569;0.0738428;0.996112 -0.0844256 -0.025152 0.108525 0.0725228 0.948 -0.309898 0.219802 0.0500074 0.306869 0.950437 -0.69157 0 0 0 1 
26875431820039;0.337073;0.196296;0.984901 -0.0975528 0.143016 -0.111178 0.0733933 0.983489 0.165416 -0.70426 -0.156791 -0.152422 0.975799 0.894409 0 0 0 1 
26875431820040;0.229197;0.0719974;0.993666 -0.112213 0.00598011 0.126409 0.110833 0.969882 -0.216899 -0.143715 0.0185389 0.216188 0.976176 -0.177363 0 0 0 1 
26875431820041;0.10838;0.0388247;0.997598 0.0656794 0.0220036 -0.0721785 -0.0655268 0.997822 -0.00758899 0.196478 -0.0224541 0.00612894 0.999729 0.171016 0 0 0 1 
26875431820042;0.455772;0.178741;0.939825 -0.317883 0.125216 0.304749 0.334633 0.930383 -0.149691 -1.66572 -0.0689152 0.182585 0.980772 0.496197 0 0 0 1 
26875431820043;0.274946;0.058242;0.977882 0.111759 0.176794 -0.150567 -0.132176 0.985298 0.108242 0.263069 -0.162098 -0.129216 0.978278 1.00729 0 0 0 1 
26875431820044;0.287192;0.061523;0.998335 0.0244548 0.0522398 0.0631037 -0.0238529 0.999642 -0.0121144 0.628642 -0.0525173 0.0108481 0.998561 0.245324 0 0 0 1 
26875431820045;0.572084;0.0629912;0.990068 0.0784061 -0.116697 0.603951 -0.0310789 0.931572 0.362225 -0.773298 0.137113 -0.355001 0.924756 -1.14234 0 0 0 1 
26875431820046;0.148614;0.0607151;0.999314 -0.0364832 0.00628756 -0.0183732 0.0346693 0.981806 0.186697 -0.417637 -0.0129844 -0.186351 0.982397 0.0403531 0 0 0 1 
26875431820047;0.191966;0.0434442;0.98738 0.156171 0.0262955 -0.0803708 -0.149193 0.972958 -0.176335 0.896934 -0.0531228 0.170187 0.983979 0.303041 0 0 0 1 
26875431820048;0.552949;0.159849;0.961144 0.251093 0.114695 -0.199448 -0.238338 0.964453 -0.11413 1.24466 -0.139275 0.0823596 0.986823 -0.257059 0 0 0 1 
26875431820049;0.452544;0.174108;0.943234 0.280522 0.177814 0.0603606 -0.278229 0.959754 -0.0382263 0.903077 -0.181381 -0.0134167 0.983321 0.972272 0 0 0 1 
26875431820050;0.381287;0.187809;0.983297 0.127255 0.130126 0.01945 -0.132836 0.990516 0.035115 0.156378 -0.124424 -0.051814 0.990875 0.891185 0 0 0 1 
26875431820051;0.357531;0.0697863;0.983925 -0.0322484 -0.175647 0.61593 0.0264519 0.999029 -0.0352432 0.0338326 0.176613 0.0300304 0.983822 -0.53195 0 0 0 1 
26875431820052;0.469273;0.0434151;0.964956 0.16932 -0.200476 0.485621 -0.219839 0.938776 -0.265273 1.90807 0.143286 0.300049 0.943101 -1.01679 0 0 0 1 
26875431820053;0.393672;0.0457004;0.991023 0.0418997 0.126957 0.684994 -0.0610878 0.986608 0.151239 0.00227102 -0.11892 -0.157637 0.980311 0.498906 0 0 0 1 
26875431820054;0.384531;0.0574904;0.938702 0.239841 -0.247617 0.61526 -0.1707 0.947444 0.270576 0.465061 0.299499 -0.211722 0.930309 -1.38742 0 0 0 1 
26875431820055;0.28566;0.112789;0.994542 -0.10423 -0.0047699 0.284263 0.104336 0.993829 0.0376528 -0.699103 0.000815911 -0.037945 0.999279 0.180993 0 0 0 1 
26875431820056;0.596591;0.070551;0.933345 -0.220196 0.283515 -0.126478 0.269972 0.951101 -0.150073 -1.04332 -0.236606 0.216611 0.947152 0.125993 0 0 0 1 
26875431820057;0.446113;0.327732;0.981699 -0.153673 0.112482 0.231525 0.158284 0.986834 -0.0332263 -0.682643 -0.105895 0.0504224 0.993098 0.434264 0 0 0 1 
26875431820058;0.224686;0.0543328;0.999933 0.0105048 -0.00478058 -0.127385 -0.0100796 0.996612 0.0816276 -0.0893266 0.00562186 -0.081574 0.996651 0.332862 0 0 0 1 
26875431820059;0.444316;0.0584002;0.956223 -0.128764 0.262789 -0.492171 0.133176 0.991092 0.00103322 -0.432573 -0.260581 0.0340091 0.964853 0.78143 0 0 0 1 
26875431820060;0.410765;0.0660999;0.98057 0.10416 0.166234 0.288158 -0.155349 0.929758 0.333791 0.445469 -0.119789 -0.35313 0.927874 1.14068 0 0 0 1 
26875431820062;0.368904;0.0716649;0.951572 0.17705 0.251325 0.562058 -0.229178 0.953436 0.196053 0.448659 -0.204911 -0.244156 0.947839 0.430172 0 0 0 1 
26875431820063;0.231158;0.0694623;0.958995 -0.0711693 -0.27434 0.548189 0.110169 0.985445 0.129466 -0.630196 0.261133 -0.154381 0.952878 -1.08729 0 0 0 1 
26875431820064;0.204838;0.0692056;0.996865 -0.00834148 0.078678 0.184581 -0.00241743 0.990751 0.135669 0.220098 -0.079082 -0.135434 0.987625 0.162989 0 0 0 1 
26875431820065;0.171053;0.0690739;0.997865 0.0573443 0.0312693 0.0386203 -0.0562216 0.997781 -0.0356723 -0.0195427 -0.0332455 0.0338381 0.998874 0.0519216 0 0 0 1 
26875431820066;0.341828;0.0737211;0.88791 0.456893 -0.0535233 1.01612 -0.454652 0.889312 0.0491527 1.83118 0.0700564 -0.0193087 0.997356 -0.284169 0 0 0 1 
26875431820067;0.359104;0.0694204;0.999864 0.0154685 -0.00567992 -0.0772887 -0.0154482 0.999874 0.00360128 0.380717 0.00573491 -0.00351305 0.999977 0.643948 0 0 0 1 
26875431820068;0.231956;0.0675726;0.999766 -0.016254 0.0142864 0.1754 0.0161746 0.999853 0.00565882 -0.105288 -0.0143762 -0.00542642 0.999882 0.563367 0 0 0 1 
26875431820069;0.168442;0.0666281;0.984325 -0.148198 0.0956068 0.193833 0.151293 0.988149 -0.0259337 -0.745766 -0.0906304 0.0399919 0.995081 0.544552 0 0 0 1 
26875431820070;0.120851;0.0674708;0.988594 0.133298 -0.070097 0.360383 -0.128854 0.989563 0.064518 0.456984 0.0779654 -0.0547499 0.995452 -0.375254 0 0 0 1 
26875431820071;0.559761;0.0636519;0.94159 -0.335832 0.0249987 1.11438 0.335734 0.941922 0.00812508 -1.2814 -0.0262755 0.000742434 0.999654 0.446163 0 0 0 1 
26875431820072;0.11141;0.0684172;0.998738 -0.0489392 0.0112716 -0.0296123 0.0494447 0.997521 -0.0500683 -0.297557 -0.0087934 0.0505624 0.998682 0.026539 0 0 0 1 
26875431820073;0.298534;0.0671855;0.954791 -0.297175 0.00782485 0.37192 0.297105 0.954803 0.00898828 -1.50504 -0.0101423 -0.00625713 0.999929 0.20691 0 0 0 1 
26875431820074;0.511902;0.0694968;0.94789 -0.23206 -0.218295 0.949168 0.183312 0.957648 -0.222051 -0.686375 0.260579 0.170464 0.950285 -1.64654 0 0 0 1 
26875431820075;0.368729;0.0762747;0.935681 -0.2323 0.265589 -0.0513428 0.1503 0.943401 0.295644 -1.12658 -0.319235 -0.23671 0.917637 1.53778 0 0 0 1 
26875431820076;0.104083;0.0684247;0.999717 -0.0225201 -0.00760412 0.11427 0.0218435 0.996582 -0.0796663 0.0907292 0.00937223 0.0794777 0.996793 0.0761499 0 0 0 1 
26875431820077;0.334061;0.0648994;0.959793 0.278076 -0.0383448 0.557966 -0.274655 0.95851 0.0763133 1.2282 0.0579747 -0.0627134 0.996346 -0.737349 0 0 0 1 
26875431820078;0.46154;0.0652997;0.964575 0.261431 0.0353405 -0.121067 -0.252974 0.95462 -0.157178 1.51082 -0.0748279 0.142669 0.986938 -0.055211 0 0 0 1 
26875431820079;0.388175;0.0791046;0.882399 -0.212597 0.419732 -0.0799127 0.131087 0.967856 0.214643 -0.944784 -0.451873 -0.13438 0.881903 1.77323 0 0 0 1 
26875431820080;0.446652;0.0688242;0.968641 0.246966 0.0272371 0.344783 -0.246341 0.968877 -0.0243429 1.19516 -0.0324013 0.01687 0.999333 -0.645251 0 0 0 1 
26875431820081;0.390076;0.0661656;0.916183 0.400695 0.00717447 0.827659 -0.388532 0.892477 -0.229188 1.98189 -0.0982374 0.20719 0.973356 0.759292 0 0 0 1 
26875431820082;0.269988;0.0662676;0.992156 0.124659 -0.00926577 -0.00266806 -0.121805 0.980774 0.152463 0.0529468 0.0280935 -0.150138 0.988266 -0.289861 0 0 0 1 
26875431820083;0.397996;0.075725;0.920489 -0.315636 0.230377 0.575394 0.313142 0.948477 0.0483112 -1.47791 -0.233756 0.027671 0.971901 1.41334 0 0 0 1 
26875431820084;0.431462;0.0695585;0.984988 0.10033 -0.140469 0.54321 -0.141299 0.936057 -0.322229 0.972008 0.099158 0.33724 0.936182 0.488827 0 0 0 1 
26875431820085;0.0561572;0.070293;0.999561 -0.0263543 0.0135521 0.0467557 0.02637 0.999652 -0.000982051 -0.105083 -0.0135215 0.00133899 0.999908 0.114906 0 0 0 1 
26875431820086;0.263745;0.0633573;0.973311 0.222093 0.057792 0.447614 -0.224384 0.973811 0.0366619 0.58716 -0.0481361 -0.0486511 0.997655 -0.0129009 0 0 0 1 
26875431820087;0.254275;0.0611254;0.975214 -0.0911527 -0.201616 0.416811 0.127783 0.975904 0.176867 -0.826454 0.180636 -0.198247 0.963363 -1.10501 0 0 0 1 
26875431820088;0.2679;0.068217;0.96709 0.254433 -0.0010984 0.579747 -0.254379 0.966776 -0.0252219 1.25405 -0.00535536 0.0246712 0.999681 -0.214653 0 0 0 1 
26875431820089;0.093436;0.0710712;0.999222 0.0385367 -0.00832669 0.199203 -0.0388604 0.998318 -0.0430305 0.334978 0.00665442 0.0433207 0.999039 0.0553572 0 0 0 1 
26875431820090;0.279476;0.0607756;0.998933 0.0427349 0.0175304 0.304628 -0.04228 0.998779 -0.0255439 -0.221961 -0.0186006 0.0247754 0.99952 0.480276 0 0 0 1 
26875431820091;0.394578;0.0597504;0.992771 0.117405 0.0249486 0.331528 -0.117557 0.993055 0.00471716 0.457925 -0.0242215 -0.00761594 0.999678 -0.710136 0 0 0 1 
26875431820093;0.345934;0.0312138;0.935794 -0.311182 -0.165696 2.60777 0.304233 0.950277 -0.0664469 -1.14003 0.178134 0.0117705 0.983936 -0.559403 0 0 0 1 
26875431820094;0.529735;0.0217451;0.938206 0.282191 0.200345 -2.52996 -0.268505 0.958773 -0.0930601 1.9053 -0.218346 0.0335159 0.975296 0.709866 0 0 0 1 
26875431820095;0.39088;0.0210242;0.964547 -0.0123864 -0.263621 0.327347 0.00648221 0.999709 -0.0232545 -0.112161 0.263833 0.0207212 0.964346 -0.737432 0 0 0 1 
26875431820096;0.29099;0.0175571;0.970629 0.157446 -0.181909 -0.474812 -0.194413 0.958707 -0.207566 1.25707 0.141717 0.236835 0.961158 -2.24626 0 0 0 1 
26875431820097;0.411668;0.0344083;0.959545 0.278417 0.0419227 -1.78594 -0.278026 0.960456 -0.015003 2.36472 -0.044442 0.00274044 0.999008 0.214693 0 0 0 1 
26875431820098;0.305728;0.0286359;0.961779 -0.201408 0.185517 0.995702 0.211295 0.976797 -0.0349521 -0.910896 -0.174173 0.0728152 0.982019 0.272675 0 0 0 1 
26875431820099;0.324227;0.0283609;0.907636 -0.419554 0.0130861 3.25283 0.418232 0.906553 0.0569491 -1.64996 -0.0357564 -0.046216 0.998291 0.477504 0 0 0 1 
26875431820100;0.476247;0.0382591;0.972246 -0.233888 -0.00582707 1.93392 0.233953 0.972117 0.0159764 -0.516341 0.00192789 -0.0168963 0.999855 -0.469178 0 0 0 1 
26875431820101;0.325622;0.0215894;0.951921 0.257812 0.165469 -1.783 -0.192566 0.92366 -0.331317 1.82523 -0.238255 0.283524 0.928897 -0.605051 0 0 0 1 
26875431820102;0.315339;0.0205795;0.974869 0.222108 0.0172617 -1.21376 -0.216125 0.961709 -0.168541 1.26457 -0.0540351 0.160575 0.985543 -1.13371 0 0 0 1 
26875431820103;0.395286;0.032337;0.996804 -0.0780709 0.0169576 0.309131 0.0782263 0.996898 -0.00869756 -0.323232 -0.016226 0.00999629 0.999818 -0.689401 0 0 0 1 
26875431820104;0.491587;0.0343176;0.99853 0.0435584 0.0322452 0.362907 -0.0416323 0.997438 -0.0581708 0.620408 -0.0346964 0.0567429 0.997786 -0.738012 0 0 0 1 
26875431820105;0.296198;0.0179764;0.989691 -0.0382158 0.138029 0.182828 0.0794269 0.948416 -0.306918 0.259657 -0.11918 0.314717 0.941674 -0.975652 0 0 0 1 
26875431820106;0.351999;0.0192634;0.953216 -0.293145 -0.0737954 1.97849 0.298287 0.951733 0.0723185 -1.67495 0.0490337 -0.0909474 0.994648 0.502611 0 0 0 1 
26875431820107;0.398745;0.0291373;0.893319 0.448472 -0.0292283 -2.42075 -0.445039 0.873668 -0.19658 3.4579 -0.0626248 0.188616 0.980052 -0.823543 0 0 0 1 
26875431820108;0.476963;0.0335876;0.962991 0.25391 0.0904317 -1.74273 -0.259709 0.963865 0.0592944 2.31957 -0.0721085 -0.0805859 0.994136 1.19652 0 0 0 1 
26875431820109;0.419848;0.0207501;0.893786 -0.448389 -0.009669 3.6875 0.448151 0.892056 0.0582841 -1.9304 -0.0175087 -0.0564267 0.998253 0.73527 0 0 0 1 
26875431820110;0.205033;0.0363551;0.995693 0.0159606 0.0913286 0.00788643 -0.00862434 0.996744 -0.0801656 0.388546 -0.0923107 0.0790327 0.992589 -0.115244 0 0 0 1 
26875431820111;0.333895;0.0261078;0.986285 -0.163882 0.0195873 1.31386 0.16436 0.986059 -0.0259518 -0.576663 -0.0150612 0.0288153 0.999471 0.47721 0 0 0 1 
26875431820112;0.392948;0.0259606;0.874728 -0.45057 -0.178432 3.54492 0.457505 0.889203 -0.00255834 -1.73569 0.159815 -0.0793956 0.983949 -0.187285 0 0 0 1 
26875431820113;0.35267;0.0238742;0.939505 -0.162056 0.301777 0.89148 0.242467 0.936935 -0.251719 -0.412028 -0.241953 0.309662 0.919548 -0.691105 0 0 0 1 
26875431820114;0.433722;0.0215322;0.908059 -0.379682 0.176835 3.19372 0.392096 0.919047 -0.0401556 -1.02378 -0.147273 0.1058 0.983421 -0.123386 0 0 0 1 
26875431820115;0.334392;0.0358341;0.973556 -0.223592 0.0468474 1.94681 0.197012 0.925561 0.323301 -0.869049 -0.115648 -0.305523 0.945136 2.55681 0 0 0 1 
26875431820116;0.39563;0.0218674;0.950057 -0.253382 0.18218 2.37394 0.26149 0.964965 -0.0215509 -1.30829 -0.170337 0.068113 0.983029 0.555099 0 0 0 1 
26875431820117;0.505945;0.0241974;0.968034 0.25072 0.00707929 -2.15407 -0.249972 0.966698 -0.054859 0.902444 -0.0205978 0.0513358 0.998469 -0.419359 0 0 0 1 
26875431820118;0.542637;0.0328481;0.908455 0.191789 0.371383 -1.01735 -0.279993 0.938934 0.200019 0.834526 -0.310343 -0.285693 0.906679 3.38882 0 0 0 1 
26875431820119;0.33961;0.0269532;0.961617 -0.056921 -0.268428 0.961347 -0.00595978 0.973684 -0.227823 0.0801933 0.274332 0.220678 0.935972 -2.51787 0 0 0 1 
26875431820120;0.431883;0.0384198;0.990003 0.124601 -0.0660931 -0.108609 -0.0911015 0.922629 0.374775 0.388569 0.107677 -0.365007 0.924757 2.00886 0 0 0 1 
26875431820121;0.296141;0.0234467;0.934886 -0.35279 -0.0390821 2.7549 0.351544 0.935502 -0.035385 -1.38212 0.0490448 0.0193419 0.998609 -0.524313 0 0 0 1 
26875431820122;0.699318;0.0204298;0.8969 0.0500268 0.439394 -1.13963 -0.0834915 0.994868 0.0571548 -0.104616 -0.43428 -0.0879479 0.896474 3.34861 0 0 0 1 
26875431820124;0.463953;0.104346;0.982473 0.0629466 -0.175457 -0.065365 -0.0939639 0.980162 -0.174511 0.946134 0.160991 0.187939 0.968897 -3.1656 0 0 0 1 
26875431820125;0.172503;0.0796118;0.976986 0.210151 -0.0365242 -1.75317 -0.20937 0.97754 0.0240891 1.15372 0.0407662 -0.0158876 0.999042 -0.0800539 0 0 0 1 
26875431820126;0.469661;0.103696;0.999726 -0.0234056 3.65674e-05 -0.324312 0.0233755 0.998361 -0.0522423 0.226555 0.00118625 0.0522288 0.998634 0.124695 0 0 0 1 
26875431820127;0.198437;0.107022;0.995377 -0.0958462 -0.00616117 0.775959 0.0958271 0.995392 -0.00331868 -0.301655 0.00645087 0.00271293 0.999976 -0.0767505 0 0 0 1 
26875431820128;0.38452;0.121535;0.943696 -0.330802 0.00286968 3.30478 0.330809 0.943693 -0.0028491 -1.14144 -0.00176561 0.003638 0.999992 -0.436161 0 0 0 1 
26875431820129;0.474436;0.115547;0.933128 -0.349129 0.0859106 3.52363 0.357279 0.927167 -0.112748 -1.3736 -0.0402899 0.135902 0.989903 -1.63039 0 0 0 1 
26875431820130;0.313572;0.0890289;0.993228 -0.116069 -0.00517525 0.939631 0.115904 0.992941 -0.0251835 -0.743845 0.00806174 0.0244131 0.999669 -0.819569 0 0 0 1 
26875431820131;0.549583;0.0894699;0.994477 0.102786 -0.0212354 -1.48638 -0.0997974 0.988692 0.111934 0.181625 0.0325005 -0.109196 0.993489 1.60933 0 0 0 1 
26875431820132;0.557397;0.0822777;0.898247 0.438026 -0.0358535 -2.82609 -0.436999 0.881504 -0.178835 3.7739 -0.0467291 0.176306 0.983226 -0.911545 0 0 0 1 
26875431820133;0.523064;0.114283;0.984193 -0.0665832 0.164109 0.477915 0.00609405 0.938819 0.344356 0.251877 -0.176997 -0.337913 0.924385 4.8429 0 0 0 1 
26875431820134;0.28355;0.0868065;0.983529 0.177069 0.0363014 -1.78822 -0.177065 0.984193 -0.00334977 1.17613 -0.0363207 -0.00313312 0.999335 -0.0310158 0 0 0 1 
26875431820135;0.398345;0.0829665;0.98095 -0.0596372 -0.184879 0.576559 0.0882381 0.984655 0.150558 -0.746418 0.173064 -0.164003 0.97116 1.17583 0 0 0 1 
26875431820136;0.188337;0.0997301;0.997381 0.0495603 0.0526866 -0.686667 -0.0486665 0.998651 -0.0181161 0.410194 -0.0535133 0.0155046 0.998447 0.169661 0 0 0 1 
26875431820137;0.314888;0.0947038;0.934557 -0.0319979 0.354371 0.00268894 0.0577052 0.996393 -0.0622125 -0.40124 -0.351102 0.0785903 0.933033 1.31479 0 0 0 1 
26875431820138;0.521003;0.0639056;0.999944 0.000779834 0.0105596 -0.356724 -0.000731126 0.999989 -0.00461577 -0.544272 -0.0105631 0.00460779 0.999934 0.800359 0 0 0 1 
26875431820139;0.534563;0.0508154;0.960808 -0.230349 -0.15423 3.09363 0.209319 0.967605 -0.14116 -1.28604 0.18175 0.103345 0.977899 -1.75343 0 0 0 1 
26875431820140;0.635129;0.110835;0.934856 0.10331 -0.339664 0.47502 -0.0987583 0.994637 0.0307094 0.991964 0.341015 0.00483576 0.940046 -1.60085 0 0 0 1 
26875431820141;0.451247;0.108796;0.931318 -0.362169 -0.0384639 3.53593 0.359466 0.897074 0.256989 -1.76718 -0.0585685 -0.253165 0.965649 3.02011 0 0 0 1 
26875431820142;0.45211;0.0830915;0.967672 0.0436948 -0.248397 -0.579886 -0.0687105 0.993298 -0.0929456 0.600235 0.242671 0.107008 0.964189 -1.76564 0 0 0 1 
26875431820143;0.371493;0.103836;0.927312 0.0292237 0.373147 -0.533958 -0.121221 0.966663 0.225542 0.408995 -0.354116 -0.254381 0.89994 4.31383 0 0 0 1 
26875431820144;0.382734;0.0977085;0.973979 0.00248148 0.226624 -0.152462 0.0754317 0.939381 -0.334475 0.686246 -0.213716 0.342867 0.91475 -1.90843 0 0 0 1 
26875431820145;0.502979;0.122046;0.973729 0.221512 0.0527645 -2.1653 -0.220168 0.974997 -0.0301288 1.74233 -0.0581191 0.0177202 0.998152 -0.448056 0 0 0 1 
26875431820146;0.275674;0.116995;0.961701 0.272695 0.0277078 -2.08561 -0.274019 0.958945 0.0730685 1.67247 -0.00664478 -0.0778626 0.996942 0.567489 0 0 0 1 
26875431820147;0.238197;0.098675;0.992385 0.0294737 -0.1196 0.0696046 -0.0429416 0.99282 -0.111643 0.444768 0.115451 0.115929 0.986525 -1.46751 0 0 0 1 
26875431820148;0.24302;0.0761894;0.98309 -0.147164 0.108983 1.12973 0.164523 0.97113 -0.17274 -0.846754 -0.0804157 0.18775 0.978919 -1.39139 0 0 0 1 
26875431820149;0.23664;0.0794676;0.939827 -0.33356 0.0739179 3.11422 0.338797 0.937809 -0.0757012 -1.35614 -0.04407 0.0961892 0.994387 -0.622377 0 0 0 1 
26875431820150;0.324251;0.0681964;0.983632 -0.177733 -0.029636 1.66847 0.174062 0.979774 -0.0987197 -0.935917 0.0465824 0.0919454 0.994674 -0.557069 0 0 0 1 
26875431820151;0.348638;0.125361;0.956852 -0.199401 -0.211362 2.24935 0.2477 0.940022 0.234528 -1.46213 0.15192 -0.276763 0.948853 1.87278 0 0 0 1 
26875431820152;0.39459;0.0964394;0.992377 -0.0948071 0.0787431 0.506019 0.0995034 0.993344 -0.0580202 -0.410763 -0.0727183 0.0654131 0.995205 -0.837582 0 0 0 1 
26875431820153;0.461448;0.0967456;0.965407 0.257507 -0.0409769 -1.9558 -0.255515 0.965605 0.0481637 1.38282 0.05197 -0.0360274 0.997999 -0.674913 0 0 0 1 
26875431820155;0.281618;0.0389718;0.995766 0.0598087 -0.0698129 0.479224 -0.0604901 0.998139 -0.00768572 0.165651 0.0692233 0.0118762 0.99753 -0.109951 0 0 0 1 
26875431820156;0.544215;0.059754;0.976978 0.207547 -0.0493838 -0.063593 -0.206318 0.97806 0.028849 0.276751 0.0542879 -0.017996 0.998363 0.635473 0 0 0 1 
26875431820157;0.2633;0.041846;0.985002 -0.171546 -0.0185244 0.0858089 0.162023 0.956514 -0.24255 -0.0322291 0.0593272 0.23591 0.969962 -0.149966 0 0 0 1 
26875431820158;0.308459;0.0639006;0.935813 0.352333 -0.0107605 0.0698558 -0.352402 0.935834 -0.00530991 0.9351 0.00819916 0.00876109 0.999928 0.200104 0 0 0 1 
26875431820159;0.600497;0.0548006;0.997302 0.0721144 0.0137093 0.758805 -0.0698268 0.98959 -0.125843 0.140978 -0.0226417 0.124547 0.991955 0.532174 0 0 0 1 
26875431820160;0.450407;0.031645;0.906373 -0.201739 0.371199 -0.191581 0.276509 0.947568 -0.160181 -0.150439 -0.319422 0.247824 0.914633 0.729836 0 0 0 1 
26875431820161;0.500041;0.0531117;0.977491 -0.205614 -0.0472641 -0.275774 0.203678 0.978106 -0.0427169 -0.471982 0.0550124 0.0321287 0.997969 0.448367 0 0 0 1 
26875431820162;0.266888;0.0680159;0.978231 0.162132 0.129531 -0.102357 -0.137554 0.973954 -0.180258 0.270655 -0.155382 0.158517 0.975053 0.477583 0 0 0 1 
26875431820163;0.112835;0.0314473;0.994449 0.0127432 0.104443 -0.0164605 -0.018077 0.998571 0.0502828 0.0791218 -0.103653 -0.0518917 0.993259 0.347594 0 0 0 1 
26875431820164;0.259006;0.0461395;0.986357 -0.16056 -0.0363482 0.0427164 0.161654 0.986408 0.0294507 -0.544932 0.0311255 -0.0349247 0.998905 -0.310935 0 0 0 1 
26875431820165;0.440579;0.059721;0.919017 0.394195 -0.00419381 0.104741 -0.382352 0.893896 0.234002 0.612368 0.0959913 -0.213449 0.972227 -0.462074 0 0 0 1 
26875431820166;0.350624;0.0431004;0.948474 -0.274232 -0.158722 0.0129917 0.253402 0.957234 -0.139609 -0.526888 0.19022 0.0921953 0.977403 -0.627877 0 0 0 1 
26875431820167;0.350308;0.0401867;0.981101 -0.184114 0.0595211 0.435923 0.191755 0.966305 -0.171711 -0.0726897 -0.0259012 0.179879 0.983348 0.001074 0 0 0 1 
26875431820168;0.226339;0.0613391;0.982754 -0.0455999 -0.179208 0.355118 0.0370384 0.99802 -0.0508347 -0.153042 0.181171 0.0433205 0.982497 -0.461983 0 0 0 1 
26875431820169;0.436398;0.0353425;0.999507 -0.0267535 -0.0164593 0.26013 0.0268673 0.999616 0.00673307 0.317308 0.0162729 -0.00717196 0.999842 0.512173 0 0 0 1 
26875431820170;0.561995;0.0654613;0.979219 0.0493019 0.19672 -0.470824 -0.0341489 0.996234 -0.0796917 -0.334846 -0.199908 0.0713179 0.977216 -0.0462853 0 0 0 1 
26875431820171;0.275385;0.0556411;0.996486 0.0836876 0.00343259 -0.0418422 -0.0837348 0.996338 0.0172978 0.258452 -0.00197241 -0.0175244 0.999844 0.420352 0 0 0 1 
26875431820172;0.126727;0.0434905;0.999982 0.00589264 -0.000704927 0.0118601 -0.00593112 0.996413 -0.0844113 0.101578 0.000204993 0.084414 0.996431 0.143759 0 0 0 1 
26875431820173;0.248339;0.0338746;0.991499 -0.0870346 0.0967224 -0.0936511 0.0832869 0.995634 0.0421394 0.113844 -0.0999678 -0.0337254 0.994419 0.314633 0 0 0 1 
26875431820174;0.442063;0.0374924;0.92546 -0.179595 0.333572 -0.323422 0.157017 0.983141 0.0936966 -0.581491 -0.344776 -0.0343362 0.938057 0.627064 0 0 0 1 
26875431820175;0.573407;0.0579265;0.906305 0.266778 -0.327782 0.819214 -0.350008 0.908489 -0.228349 0.872033 0.236867 0.32168 0.916742 -0.924071 0 0 0 1 
26875431820176;0.270556;0.0538148;0.988908 0.142771 -0.0409513 -0.309445 -0.147175 0.979054 -0.140688 0.425195 0.0200074 0.145154 0.989207 -0.0494678 0 0 0 1 
26875431820177;0.516211;0.054452;0.992586 0.0663923 -0.101806 -0.453418 -0.0832453 0.981673 -0.171431 -0.173246 0.0885583 0.178635 0.979922 -0.111579 0 0 0 1 
26875431820178;0.516876;0.0383515;0.908287 -0.355135 -0.221117 0.591556 0.390566 0.909242 0.144005 -0.923866 0.149907 -0.217159 0.964557 0.277243 0 0 0 1 
26875431820179;0.506678;0.451455;0.951258 0.288976 0.107712 -0.579106 -0.286809 0.957332 -0.0354338 1.02213 -0.113356 0.0028139 0.99355 0.17788 0 0 0 1 
26875431820180;0.166082;0.0438262;0.998335 0.00718499 0.0572285 -0.181719 -0.0129102 0.994873 0.100309 0.155167 -0.0562143 -0.100881 0.993309 0.0905781 0 0 0 1 
26875431820181;0.220973;0.0391127;0.984462 -0.174387 0.0205693 0.214451 0.168693 0.971771 0.164933 -0.360659 -0.0487508 -0.158901 0.98609 0.270554 0 0 0 1 
26875431820182;0.311591;0.0570964;0.999555 0.0255692 -0.0153601 0.474613 -0.0256235 0.999666 -0.0033482 0.18026 0.0152693 0.00374029 0.999876 -0.128429 0 0 0 1 
26875431820183;0.378261;0.0708132;0.894463 0.443914 -0.0536235 -0.031526 -0.431884 0.888768 0.153514 1.28837 0.115806 -0.114153 0.98669 -0.306785 0 0 0 1 
26875431820184;0.707951;0.0478667;0.960492 -0.272423 0.0569218 -0.0527848 0.276838 0.95621 -0.0949948 -0.305652 -0.0285504 0.107 0.993849 -0.928599 0 0 0 1 
26875431820186;0.0232744;0.0653983;0.999905 -0.0133676 0.00342555 -0.0142622 0.0134846 0.999232 -0.0367897 0.00242661 -0.00293113 0.0368324 0.999317 0.0985163 0 0 0 1 
26875431820187;0.469951;0.078958;0.997689 -0.0548932 0.0400495 0.120929 0.0564933 0.997602 -0.0399781 0.145387 -0.0377589 0.0421483 0.998398 -0.659982 0 0 0 1 
26875431820188;0.333415;0.118973;0.978609 0.0761216 0.191126 -0.0831839 -0.0573472 0.993139 -0.101916 0.640315 -0.197572 0.0887755 0.97626 0.160415 0 0 0 1 
26875431820189;0.215891;0.0725644;0.999376 -0.0288745 0.0203604 0.0086348 0.0323913 0.978928 -0.201618 0.375761 -0.0141097 0.202152 0.979253 0.164351 0 0 0 1 
26875431820190;0.353199;0.0740782;0.999202 -0.0151557 -0.0369535 0.116912 0.0134103 0.998803 -0.0470324 -0.00663349 0.0376221 0.0464993 0.99821 0.634485 0 0 0 1 
26875431820191;0.375035;0.084003;0.890634 0.0955129 -0.444577 0.610441 -0.0711749 0.994922 0.0711622 0.0040349 0.449116 -0.0317368 0.89291 -0.38617 0 0 0 1 
26875431820192;0.269163;0.0594109;0.998774 -0.0394105 0.0299628 -0.147419 0.041413 0.996726 -0.0694477 0.395893 -0.0271277 0.0706034 0.997136 0.299257 0 0 0 1 
26875431820193;0.42369;0.104609;0.920047 -0.17766 0.349215 -0.247695 0.276277 0.92616 -0.256709 0.00065941 -0.277822 0.332664 0.901193 0.563643 0 0 0 1 
26875431820194;0.276623;0.138678;0.960821 0.22299 0.164617 -0.188374 -0.206712 0.972157 -0.110366 0.531505 -0.184644 0.0720132 0.980164 0.588612 0 0 0 1 
26875431820195;0.12753;0.0898421;0.99842 0.0561076 0.00317572 -0.154639 -0.0559321 0.997603 -0.0407468 0.176999 -0.00545431 0.0405048 0.999164 -0.0521071 0 0 0 1 
26875431820196;0.182656;0.0860719;0.998323 -0.057883 -0.00124007 -0.106016 0.0575295 0.994178 -0.0911103 -0.221331 0.00650658 0.0908861 0.99584 -0.0693428 0 0 0 1 
26875431820197;0.141522;0.0757157;0.999583 0.0230677 -0.017392 -0.244211 -0.0233857 0.999559 -0.0183093 0.1256 0.0169619 0.0187084 0.999681 0.00364145 0 0 0 1 
26875431820198;0.296595;0.0678732;0.961871 -0.262745 -0.0759573 0.388752 0.260217 0.964652 -0.04163 -0.159194 0.0842104 0.0202773 0.996242 -0.265671 0 0 0 1 
26875431820199;0.374604;0.0917261;0.907769 -0.392156 -0.148891 0.548696 0.405747 0.910945 0.0744959 -0.589964 0.106418 -0.128037 0.986043 0.0270364 0 0 0 1 
26875431820200;0.14975;0.0785199;0.999014 0.0093792 -0.0434026 -0.195481 -0.0085582 0.999782 0.0190633 0.178842 0.0435719 -0.018673 0.998876 0.0408541 0 0 0 1 
26875431820201;0.180431;0.0910266;0.996196 -0.0432858 -0.0756293 0.285385 0.0407275 0.998555 -0.0350481 -0.0573853 0.0770371 0.0318346 0.99652 -0.0566517 0 0 0 1 
26875431820202;0.0568232;0.0777521;0.999087 -0.0425751 -0.0034742 -0.0227008 0.0420579 0.994649 -0.0943592 0.0660086 0.00747296 0.094127 0.995532 0.0490743 0 0 0 1 
26875431820203;0.370175;0.171185;0.990795 -0.112454 -0.075363 -0.0138857 0.126428 0.967677 0.218213 -0.149653 0.0483881 -0.225732 0.972987 0.126449 0 0 0 1 
26875431820204;0.336699;0.350587;0.979008 0.203539 -0.0107402 -0.240778 -0.202134 0.962786 -0.179402 0.910003 -0.0261748 0.177807 0.983717 0.0128228 0 0 0 1 
26875431820205;0.579018;0.183604;0.97007 0.00229629 0.242813 0.319975 -0.0179526 0.997897 0.062286 -0.429437 -0.242159 -0.064781 0.968071 -0.00747323 0 0 0 1 
26875431820206;0.454909;0.0962261;0.951587 0.0190276 0.306791 -0.23849 0.0677559 0.960548 -0.269736 -0.0121214 -0.29982 0.277464 0.912755 1.1141 0 0 0 1 
26875431820207;0.201469;0.107869;0.996149 0.0806963 0.0342853 -0.0955177 -0.0837564 0.991462 0.0999425 0.0497873 -0.0259276 -0.102429 0.994402 0.273534 0 0 0 1 
26875431820208;0.418791;0.193889;0.996729 -0.0806813 0.00469065 -0.188082 0.0771144 0.966822 0.243534 -0.136505 -0.0241836 -0.242375 0.969881 0.0766653 0 0 0 1 
26875431820209;0.261543;0.0730397;0.94308 -0.332424 0.00972851 0.287164 0.33241 0.94313 0.00301081 -0.395298 -0.0101761 0.000394421 0.999948 0.08632 0 0 0 1 
26875431820210;0.579052;0.104954;0.967317 -0.246114 -0.0610327 -0.372236 0.253551 0.935924 0.244455 -0.972583 -0.00304197 -0.251941 0.967738 -0.0668121 0 0 0 1 
26875431820211;0.254845;0.074142;0.972355 -0.231745 -0.0286242 0.269065 0.229942 0.971628 -0.055377 -0.346427 0.0406454 0.0472642 0.998055 0.27347 0 0 0 1 
26875431820212;0.320883;0.0790366;0.9692 -0.125727 0.211765 0.0372529 0.160479 0.974664 -0.155807 -0.188856 -0.18681 0.184992 0.964821 0.753097 0 0 0 1 
26875431820213;0.233658;0.073113;0.998139 -0.0602232 0.00954714 -0.10632 0.0609728 0.987173 -0.147549 0.0614269 -0.000538784 0.147857 0.989009 -0.31967 0 0 0 1 
26875431820214;0.442932;0.0886865;0.984718 0.0285571 -0.1718 0.291406 -0.0768218 0.956532 -0.281328 0.571803 0.156298 0.290226 0.944108 0.3854 0 0 0 1 
26875431820215;0.292551;0.0985952;0.973762 0.0416031 0.223735 0.0438265 0.018019 0.965965 -0.258044 -0.0784805 -0.226855 0.255304 0.93987 0.405023 0 0 0 1 
26875431820217;0.53888;0.19178;0.971234 -0.132884 0.1976 0.737573 0.194965 0.920191 -0.339466 -0.548704 -0.13672 0.368227 0.919629 -0.22938 0 0 0 1 
26875431820218;0.132212;0.114593;0.999757 0.0188201 0.0114779 -0.0317458 -0.0187478 0.999804 -0.00637502 0.103916 -0.0115957 0.00615828 0.999914 0.110073 0 0 0 1 
26875431820219;0.276971;0.10244;0.990812 -0.0117324 0.13474 0.311344 0.012349 0.999917 -0.00374106 -0.608768 -0.134685 0.00537059 0.990874 0.356425 0 0 0 1 
26875431820220;0.346183;0.425245;0.994192 0.0902854 0.0585734 -0.17901 -0.0929998 0.994631 0.0453959 0.147334 -0.0541603 -0.0505796 0.99725 0.191865 0 0 0 1 
26875431820221;0.22686;0.106388;0.999527 0.0220434 0.0214523 0.353062 -0.0224538 0.999566 0.0190841 -0.122942 -0.0210223 -0.0195568 0.999588 -0.257753 0 0 0 1 
26875431820222;0.271182;0.299256;0.98268 0.135811 0.126079 -0.210169 -0.132065 0.990526 -0.0376499 0.131126 -0.129998 0.0203472 0.991305 0.31632 0 0 0 1 
26875431820223;0.173034;0.0925459;0.999464 0.0215156 0.0246542 -0.210456 -0.0219389 0.999614 0.0170287 -0.21858 -0.0242783 -0.0175605 0.999551 -0.240268 0 0 0 1 
26875431820224;0.421446;0.0900558;0.992714 0.0714587 0.0970198 -0.729525 -0.0786663 0.994253 0.0726143 -0.367289 -0.0912733 -0.0797174 0.99263 0.631827 0 0 0 1 
26875431820225;0.149136;0.163922;0.993036 0.115901 0.0211166 -0.17751 -0.116929 0.991521 0.0566893 0.233108 -0.0143673 -0.0587637 0.998169 -0.0909069 0 0 0 1 
26875431820226;0.0692592;0.107628;0.999699 -3.0832e-05 0.0245346 0.122517 -0.000192882 0.999958 0.00911589 -0.169673 -0.0245339 -0.00911788 0.999657 -0.0270721 0 0 0 1 
26875431820227;0.394953;0.378348;0.986357 0.118138 0.114642 -0.485859 -0.129908 0.986339 0.101288 -0.109602 -0.10111 -0.114799 0.98823 -0.175048 0 0 0 1 
26875431820228;0.385763;0.179725;0.99966 0.016266 0.0203992 -0.285519 -0.0147329 0.99721 -0.0731762 0.517616 -0.0215326 0.0728507 0.99711 0.120122 0 0 0 1 
26875431820229;0.236316;0.14028;0.981075 -0.0566271 0.185165 0.126081 0.0515133 0.998149 0.0323165 -0.17018 -0.186652 -0.0221664 0.982176 0.762784 0 0 0 1 
26875431820230;0.353557;0.377294;0.970953 0.219595 0.0950172 -0.439266 -0.214546 0.974834 -0.0605622 0.621357 -0.105925 0.0384175 0.993632 0.09059 0 0 0 1 
26875431820231;0.448584;0.132268;0.997732 0.0343815 0.0578709 -0.337539 -0.0340474 0.999397 -0.00675059 0.129529 -0.0580681 0.00476492 0.998301 -0.692725 0 0 0 1 
26875431820232;0.290281;0.222139;0.964566 -0.135732 0.22625 0.452199 0.0634221 0.95166 0.300535 -0.722274 -0.256105 -0.275536 0.926547 1.22516 0 0 0 1 
26875431820233;0.217224;0.121344;0.999429 -0.0280386 -0.0188613 0.434874 0.0282714 0.999526 0.0121912 -0.322862 0.0185105 -0.0127174 0.999748 -0.232371 0 0 0 1 
26875431820234;0.288361;0.103135;0.99814 -0.0606008 0.00657464 0.03452 0.0597019 0.993665 0.0952105 -0.917121 -0.0123028 -0.094641 0.995435 -0.111093 0 0 0 1 
26875431820235;0.189456;0.144047;0.997516 -0.040813 -0.0574182 0.161394 0.0429261 0.998427 0.0360627 -0.410566 0.0558561 -0.0384378 0.997699 -0.336742 0 0 0 1 
26875431820236;0.315102;0.36633;0.963285 0.119477 0.240433 -0.200938 -0.111822 0.992696 -0.045286 0.0553451 -0.244087 0.0167376 0.969609 1.0424 0 0 0 1 
26875431820237;0.012092;0.0859884;0.999581 0.0142787 0.025173 -0.0229989 -0.0146577 0.999781 0.0149377 -0.103725 -0.0249542 -0.0153004 0.999572 0.0554626 0 0 0 1 
26875431820238;0.26454;0.190597;0.97157 -0.176866 0.157383 0.301786 0.160811 0.980884 0.109577 -1.24922 -0.173755 -0.0811526 0.98144 0.982222 0 0 0 1 
26875431820239;0.246987;0.0906418;0.997806 0.0526897 0.0400983 -0.335019 -0.0566053 0.99299 0.103763 -0.351388 -0.03435 -0.105805 0.993793 0.152382 0 0 0 1 
26875431820240;0.363487;0.334657;0.964507 0.24373 -0.101598 -0.371327 -0.227944 0.962728 0.145589 0.606114 0.133295 -0.117263 0.984115 -1.02207 0 0 0 1 
26875431820241;0.468508;0.211457;0.948593 -0.309368 0.0668124 0.158998 0.308403 0.950939 0.0245598 -1.85939 -0.0711325 -0.00269208 0.997463 0.650581 0 0 0 1 
26875431820242;0.496458;0.24584;0.993486 -0.108944 -0.0334095 0.341677 0.113341 0.91442 0.388575 -1.74248 -0.0117828 -0.38983 0.920811 0.099895 0 0 0 1 
26875431820243;0.419239;0.297767;0.934314 0.16802 0.314366 -0.453238 -0.141023 0.984217 -0.106907 0.315795 -0.327367 0.055552 0.943263 1.04684 0 0 0 1 
26875431820244;0.327061;0.137579;0.999119 0.0300047 0.02933 -0.533069 -0.0272598 0.995579 -0.0898833 0.399745 -0.0318973 0.0890046 0.99552 0.0420217 0 0 0 1 
26875431820245;0.440644;0.157266;0.908884 0.0592099 0.412825 -0.391883 -0.114458 0.987276 0.110392 0.0238531 -0.401036 -0.147585 0.904096 1.82587 0 0 0 1 
26875431820246;0.33651;0.111554;0.986997 -0.0217873 0.159257 -0.120838 0.00554475 0.994797 0.10173 -0.652968 -0.160645 -0.0995244 0.981982 0.253332 0 0 0 1 
26875431820248;0.482971;0.0561429;0.947912 -0.0859172 -0.306726 0.833409 0.116331 0.989798 0.0822593 -0.401169 0.296529 -0.113656 0.948237 -2.2202 0 0 0 1 
26875431820249;0.481186;0.0649969;0.974473 -0.193301 -0.114181 0.449796 0.184368 0.979235 -0.0842995 -0.732827 0.128105 0.0610962 0.989877 0.412495 0 0 0 1 
26875431820250;0.362957;0.0590882;0.96347 0.222939 0.148407 0.213709 -0.204285 0.970099 -0.13106 1.46217 -0.173188 0.0959545 0.980203 0.590877 0 0 0 1 
26875431820251;0.294996;0.0477819;0.996766 0.0799411 0.00813722 0.671304 -0.0802949 0.9948 0.0626612 -0.000562709 -0.00308569 -0.063112 0.998002 -0.239748 0 0 0 1 
26875431820252;0.28587;0.0526562;0.999397 -0.0252411 0.0238439 0.386537 0.0251578 0.999676 0.00378975 -0.625533 -0.0239318 -0.00318761 0.999709 0.342358 0 0 0 1 
26875431820253;0.612372;0.0501369;0.966905 0.0750321 -0.243855 1.18682 -0.0183491 0.973755 0.22686 -0.993302 0.254477 -0.214877 0.942905 -1.02798 0 0 0 1 
26875431820254;0.431445;0.333399;0.997585 0.0646662 0.0253542 -0.0879569 -0.0630974 0.996295 -0.0584333 0.334765 -0.0290389 0.0566923 0.997969 -0.043062 0 0 0 1 
26875431820255;0.351175;0.062091;0.999084 -0.0264132 0.033655 -0.178558 0.0260215 0.999589 0.0120248 -0.0394182 -0.0339588 -0.011138 0.999361 0.896078 0 0 0 1 
26875431820256;0.151421;0.0590662;0.983537 0.179234 0.023025 0.209561 -0.179003 0.983779 -0.0117257 0.807659 -0.0247532 0.00741112 0.999666 0.116069 0 0 0 1 
26875431820257;0.412483;0.0584884;0.986874 -0.158837 -0.0291602 -0.0416896 0.161057 0.981277 0.105623 -1.67692 0.0118374 -0.108933 0.993979 -0.212687 0 0 0 1 
26875431820258;0.238327;0.0665295;0.983369 0.181592 0.00323973 0.277942 -0.179482 0.968899 0.170355 0.579175 0.0277962 -0.168103 0.985377 0.0190075 0 0 0 1 
26875431820259;0.330266;0.0626117;0.945738 -0.279638 0.165478 -0.286882 0.285643 0.958245 -0.0131829 -1.47808 -0.154882 0.0597353 0.986125 0.68927 0 0 0 1 
