#;prob_registration_l1 -r /home/probabilistic_point_clouds_registration/build/tester /home/point_clouds_registration_benchmark/wood_summer_local.txt /home/point_clouds_registration_benchmark/wood_summer -s 0.2 -t 0.2 -p 0.3 -r 1000 -m 15 -i 40 
id;initial_error;final_error;transformation
2318808360000;0.0774618;0.0476176;0.998223 0.0372233 0.0465428 -0.473621 -0.0377614 0.999229 0.0107362 0.399292 -0.0461073 -0.0124746 0.998859 0.452034 0 0 0 1 
2318808360001;0.306883;0.0531826;0.997644 0.0662342 -0.0178655 -0.156456 -0.0663122 0.997792 -0.00381157 0.522043 0.0175736 0.0049873 0.999833 -0.34127 0 0 0 1 
2318808360002;0.495258;0.0610538;0.915811 -0.386996 -0.107356 4.74694 0.386504 0.921916 -0.0262049 -1.82822 0.109115 -0.0174948 0.993875 -0.0949753 0 0 0 1 
2318808360003;0.524546;0.0683183;0.911019 -0.409582 -0.0478146 4.37396 0.411889 0.898273 0.153143 -2.70446 -0.019774 -0.159211 0.987047 1.37354 0 0 0 1 
2318808360004;0.20511;0.0485324;0.997444 -0.0683947 0.0206557 0.607684 0.0681424 0.997595 0.0126805 -0.564865 -0.0214733 -0.0112406 0.999706 -0.119504 0 0 0 1 
2318808360005;0.440296;0.0554263;0.984485 0.0655388 -0.162769 -0.119517 -0.0164277 0.957979 0.286368 0.135116 0.174698 -0.279251 0.944192 0.927722 0 0 0 1 
2318808360006;0.169359;0.0514398;0.99596 -0.087311 0.0209776 0.992843 0.0875703 0.996089 -0.0117796 -0.462887 -0.0198671 0.0135691 0.999711 0.129303 0 0 0 1 
2318808360007;0.299345;0.0519991;0.92642 -0.371315 0.0622181 4.27823 0.36965 0.92844 0.0368596 -2.29644 -0.0714523 -0.0111485 0.997382 0.58213 0 0 0 1 
2318808360008;0.34518;0.0498543;0.929501 0.269041 0.25228 -2.45 -0.303098 0.946947 0.106876 2.88245 -0.210142 -0.175807 0.961734 3.84446 0 0 0 1 
2318808360009;0.553788;0.383361;0.997203 0.063376 0.0396085 -0.609781 -0.063929 0.997872 0.0128535 -0.011066 -0.0387096 -0.0153497 0.999133 0.686437 0 0 0 1 
2318808360010;0.296129;0.0428144;0.991605 -0.129285 0.00205679 1.21484 0.129075 0.990682 0.04346 -1.26046 -0.00765636 -0.0428297 0.999053 0.0461025 0 0 0 1 
2318808360011;0.267088;0.0490317;0.973235 -0.195396 0.120973 2.14168 0.18126 0.976257 0.118602 -1.27625 -0.141276 -0.0935 0.985545 2.3987 0 0 0 1 
2318808360012;0.117207;0.0413274;0.996361 -0.00982985 -0.0846703 0.11088 0.0148187 0.998178 0.0584958 -0.261845 0.083941 -0.0595376 0.99469 -0.212816 0 0 0 1 
2318808360013;0.297157;0.0320628;0.996697 -0.0556501 0.0591511 0.0231557 0.0571102 0.998096 -0.0232861 -0.65289 -0.0577426 0.0265873 0.997977 0.0327606 0 0 0 1 
2318808360014;0.320442;0.0532886;0.999978 0.00269093 0.00598749 -0.0621701 -0.0027427 0.999959 0.00865505 0.0121171 -0.00596395 -0.00867128 0.999945 -0.527675 0 0 0 1 
2318808360015;0.329054;0.047856;0.96446 0.232532 -0.12548 -2.08377 -0.244527 0.965417 -0.0904227 2.35817 0.100114 0.117892 0.987967 -2.46974 0 0 0 1 
2318808360016;0.335073;0.0422616;0.999546 0.0299505 0.00324428 -0.267566 -0.0299877 0.999477 0.0121273 -0.0819075 -0.00287936 -0.0122191 0.999921 -0.449441 0 0 0 1 
2318808360017;0.483715;0.0465419;0.973973 0.221103 -0.0499104 -2.52954 -0.221225 0.975218 0.00313396 1.70201 0.0493664 0.00798901 0.998749 0.209367 0 0 0 1 
2318808360018;0.313611;0.0470053;0.909372 -0.404342 -0.0977205 4.90138 0.396337 0.913519 -0.091653 -2.11356 0.126329 0.0446164 0.990985 -1.43234 0 0 0 1 
2318808360019;0.502137;0.0492654;0.94859 0.311475 -0.0562248 -2.46404 -0.316485 0.931269 -0.180487 2.83445 -0.00385674 0.189003 0.981969 -2.36167 0 0 0 1 
2318808360020;0.421809;0.0429532;0.965223 0.021531 0.260541 -0.588032 -0.00053487 0.996763 -0.0803906 0.223948 -0.261428 0.0774555 0.96211 0.587892 0 0 0 1 
2318808360021;0.393879;0.0447889;0.907526 -0.303909 -0.289889 4.34348 0.211679 0.927116 -0.309271 -0.897862 0.362751 0.219308 0.905713 -5.00067 0 0 0 1 
2318808360022;0.404256;0.0691605;0.99551 0.0334638 -0.088547 -0.357788 -0.0386578 0.99759 -0.0576091 1.0372 0.0864058 0.0607734 0.994405 -1.66521 0 0 0 1 
2318808360023;0.175152;0.0508627;0.978867 -0.191127 0.072737 1.91242 0.19414 0.980283 -0.0368183 -1.28586 -0.0642658 0.0501614 0.996671 -0.00461245 0 0 0 1 
2318808360024;0.438639;0.0411818;0.99322 0.00708965 -0.116032 -0.798649 -0.0189004 0.994706 -0.101008 0.373078 0.114702 0.102516 0.988096 -2.04949 0 0 0 1 
2318808360025;0.493149;0.0621451;0.984724 -0.173757 -0.0112703 1.68839 0.173515 0.984634 -0.019726 -0.725436 0.0145247 0.0174691 0.999742 0.413598 0 0 0 1 
2318808360026;0.26214;0.0406161;0.980685 0.0102912 -0.195322 -0.123795 0.00356277 0.997509 0.0704451 -0.133727 0.195561 -0.0697804 0.978206 -0.497589 0 0 0 1 
2318808360027;0.301824;0.0496944;0.971134 0.238454 -0.00625819 -2.29663 -0.231663 0.936573 -0.262991 2.91992 -0.0568499 0.256849 0.964778 -2.166 0 0 0 1 
2318808360028;0.111442;0.0494382;0.999112 -0.0316801 -0.0277708 0.298201 0.035206 0.989894 0.137369 -0.40923 0.0231383 -0.138225 0.990131 1.21851 0 0 0 1 
2318808360029;0.556383;0.0461608;0.994325 -0.0614504 -0.0868403 0.105999 0.0894707 0.924662 0.370129 -0.450004 0.0575533 -0.375798 0.924913 4.21958 0 0 0 1 
2318808360031;0.47988;0.0721308;0.90276 0.370347 -0.218787 -2.43545 -0.356936 0.92882 0.0994496 3.72887 0.240044 -0.0116861 0.970692 -2.21402 0 0 0 1 
2318808360032;0.536016;0.0580946;0.924104 0.0306143 -0.380912 1.00506 -0.140741 0.953986 -0.264769 2.61807 0.355279 0.298284 0.885891 -6.24749 0 0 0 1 
2318808360033;0.38485;0.0506567;0.990489 0.13649 0.0173927 -1.16398 -0.136322 0.990609 -0.010534 1.09152 -0.0186671 0.00806277 0.999793 -0.664317 0 0 0 1 
2318808360034;0.495664;0.0597601;0.876802 0.477315 0.0582167 -4.25927 -0.478356 0.878154 0.00458243 5.5308 -0.048936 -0.0318662 0.998293 0.238738 0 0 0 1 
2318808360035;0.329409;0.0606064;0.993419 0.0896716 -0.0712598 -0.533608 -0.090239 0.995909 -0.00477674 0.930897 0.0705399 0.0111757 0.997446 -1.2974 0 0 0 1 
2318808360036;0.430313;0.0617996;0.900876 0.232104 -0.366809 -0.903612 -0.222639 0.972487 0.0685591 1.89258 0.37263 0.0199028 0.927766 -3.34107 0 0 0 1 
2318808360037;0.120765;0.0662428;0.991388 -0.00427433 -0.130889 0.342491 -0.0114098 0.992847 -0.118843 0.329285 0.130461 0.119313 0.984248 -2.38819 0 0 0 1 
2318808360038;0.516165;0.0673761;0.976683 -0.1952 0.0893658 2.04547 0.193232 0.980686 0.030259 -2.07858 -0.0935464 -0.0122851 0.995539 1.52107 0 0 0 1 
2318808360039;0.413132;0.0721926;0.976375 -0.136923 0.167162 1.26281 0.130718 0.990275 0.0476292 -0.680962 -0.172058 -0.024653 0.984778 2.07048 0 0 0 1 
2318808360040;0.306491;0.0526463;0.988666 0.108807 -0.10344 -0.619517 -0.0920476 0.983634 0.15489 0.721116 0.118601 -0.143613 0.982502 0.13729 0 0 0 1 
2318808360041;0.475776;0.0610027;0.870651 -0.491104 -0.0279836 6.62248 0.489676 0.870714 -0.0455468 -2.67512 0.046734 0.0259525 0.99857 -0.246154 0 0 0 1 
2318808360042;0.392346;0.0721035;0.997206 0.034815 0.0660938 -0.387795 -0.0346898 0.999393 -0.00304214 0.2963 -0.0661596 0.000740857 0.997809 1.2172 0 0 0 1 
2318808360043;0.212163;0.0563619;0.988932 0.0582672 -0.136453 -0.274266 -0.0239946 0.970363 0.240459 0.162607 0.14642 -0.234523 0.96102 1.36021 0 0 0 1 
2318808360044;0.216595;0.055469;0.988142 0.106324 -0.110777 -1.13285 -0.0995449 0.992905 0.0650431 0.580205 0.116907 -0.0532445 0.991715 -0.313033 0 0 0 1 
2318808360045;0.469606;0.0766429;0.922886 0.218647 -0.316978 -1.48436 -0.309612 0.910768 -0.273207 3.88686 0.228957 0.350279 0.908231 -5.22127 0 0 0 1 
2318808360046;0.276896;0.0575489;0.999893 0.0078316 0.0123758 0.204464 -0.00774913 0.999948 -0.00669793 -0.411846 -0.0124276 0.00660131 0.999901 -0.194383 0 0 0 1 
2318808360047;0.219223;0.062849;0.957547 -0.14719 -0.247868 2.2942 0.141166 0.989094 -0.0420047 -0.885629 0.251347 0.0052309 0.967883 -2.23447 0 0 0 1 
2318808360048;0.2746;0.0694106;0.956367 -0.0336156 0.290228 0.338149 0.0131383 0.997302 0.0722186 -0.144504 -0.291872 -0.0652544 0.954229 3.06706 0 0 0 1 
2318808360049;0.475244;0.0625227;0.911031 -0.307671 -0.274519 4.81245 0.328335 0.944033 0.0315881 -2.25196 0.249436 -0.118912 0.961063 -1.31183 0 0 0 1 
2318808360050;0.266943;0.0607831;0.950461 -0.309094 -0.0329265 3.93054 0.309447 0.950897 0.00610854 -2.13589 0.0294216 -0.0159949 0.999439 -0.317471 0 0 0 1 
2318808360051;0.316495;0.0645997;0.980444 -0.0653809 0.185621 0.74092 0.038231 0.988509 0.146246 -0.521504 -0.193049 -0.13629 0.971677 3.54639 0 0 0 1 
2318808360052;0.442125;0.0703808;0.914039 0.380202 0.141351 -3.52704 -0.374807 0.924887 -0.0640608 3.52902 -0.15509 0.00557454 0.987885 1.46165 0 0 0 1 
2318808360053;0.502153;0.0528348;0.999143 -0.0410077 -0.00561091 1.22248 0.041389 0.990717 0.12949 -0.5595 0.000248723 -0.129612 0.991565 2.05964 0 0 0 1 
2318808360054;0.189299;0.057781;0.963712 -0.264335 -0.0372177 3.30762 0.260564 0.961794 -0.0840189 -1.70891 0.0580049 0.0712725 0.995769 -1.34604 0 0 0 1 
2318808360055;0.56348;0.0670998;0.947332 0.11978 -0.297009 0.194563 -0.154859 0.983118 -0.0974567 2.17512 0.280321 0.138318 0.949888 -3.82074 0 0 0 1 
2318808360056;0.0419399;0.058698;0.998533 0.0379674 -0.0386061 -0.279772 -0.0379122 0.999279 0.00216116 0.275481 0.0386603 -0.000694349 0.999252 -0.369517 0 0 0 1 
2318808360057;0.467263;0.0519658;0.996689 -0.0798013 -0.0155976 1.1345 0.0793152 0.996409 -0.0296364 -1.33723 0.0179066 0.0283011 0.999439 -1.00088 0 0 0 1 
2318808360058;0.291617;0.0697844;0.999863 -0.0024116 -0.0163464 0.152721 0.00464197 0.990447 0.137815 0.346907 0.0158579 -0.137872 0.990323 1.54794 0 0 0 1 
2318808360059;0.25976;0.0671778;0.969897 0.00873682 -0.24336 0.728881 -0.0272077 0.996987 -0.0726422 0.325524 0.241992 0.0770767 0.967212 -2.60796 0 0 0 1 
2318808360060;0.11731;0.0716886;0.994985 0.0830222 0.0557855 -0.858128 -0.0800253 0.995331 -0.053967 0.787837 -0.0600055 0.0492321 0.996983 -0.100272 0 0 0 1 
2318808360062;0.468711;0.0505884;0.910442 0.407544 -0.0707369 -0.962503 -0.365925 0.873294 0.321645 2.11726 0.192859 -0.266955 0.944214 0.204718 0 0 0 1 
2318808360063;0.468392;0.0531389;0.993873 -0.110351 0.00629282 -0.365175 0.108933 0.987567 0.113339 -1.15022 -0.0187216 -0.111959 0.993536 -0.114223 0 0 0 1 
2318808360064;0.317402;0.046991;0.944549 0.328364 -0.00176285 -0.469601 -0.328369 0.944539 -0.00449151 1.97064 0.00019023 0.00482132 0.999988 -0.431343 0 0 0 1 
2318808360065;0.263432;0.0524222;0.977022 -0.202615 0.0661429 0.768671 0.194742 0.974744 0.109317 -1.50015 -0.0866216 -0.0939243 0.991804 0.993899 0 0 0 1 
2318808360066;0.238324;0.0533024;0.999687 -0.0236819 -0.00805505 -0.297621 0.0238509 0.999483 0.0215718 -0.397272 0.00754002 -0.0217572 0.999735 0.100967 0 0 0 1 
2318808360067;0.429905;0.0456599;0.992194 0.104633 -0.0678433 0.774216 -0.100186 0.992781 0.0659414 0.545842 0.0742532 -0.0586298 0.995514 -0.555758 0 0 0 1 
2318808360068;0.55967;0.0412493;0.884797 -0.138806 -0.444823 2.06577 0.221417 0.965188 0.139236 -1.53623 0.410011 -0.221687 0.884729 -2.25087 0 0 0 1 
2318808360069;0.324897;0.0517013;0.997339 0.0709898 0.0165899 0.274615 -0.0712723 0.99731 0.0171061 0.0870146 -0.0153309 -0.018243 0.999716 -0.460352 0 0 0 1 
2318808360070;0.327797;0.0545756;0.996212 0.0669137 0.0555351 0.576636 -0.0639949 0.996554 -0.0527708 0.321099 -0.0588748 0.0490169 0.997061 -0.0204588 0 0 0 1 
2318808360071;0.127608;0.0565325;0.989479 0.127376 0.0686068 -0.341923 -0.127749 0.991806 0.00105979 0.732221 -0.0679096 -0.00981313 0.997643 0.349394 0 0 0 1 
2318808360072;0.27755;0.0556278;0.966389 -0.247877 -0.0681882 0.754969 0.248171 0.968707 -0.00424959 -1.14419 0.0671078 -0.0128156 0.997663 -0.589327 0 0 0 1 
2318808360073;0.377754;0.0436266;0.993682 -0.0585691 0.0957427 0.052313 0.0733576 0.984537 -0.159079 0.0317413 -0.0849451 0.165097 0.982613 -0.733946 0 0 0 1 
2318808360074;0.367604;0.0501402;0.889876 -0.455512 -0.0250987 1.99741 0.449463 0.884823 -0.122764 -2.21695 0.0781282 0.0979634 0.992119 -0.539467 0 0 0 1 
2318808360075;0.223733;0.0411287;0.965499 -0.007748 0.260292 0.0929247 0.00531056 0.999935 0.0100663 -0.263582 -0.260353 -0.00833667 0.965478 1.5826 0 0 0 1 
2318808360076;0.344651;0.0482525;0.994366 -0.104052 -0.0202404 0.87896 0.105854 0.964591 0.241576 -0.819146 -0.00561278 -0.242358 0.970171 1.17573 0 0 0 1 
2318808360077;0.167206;0.055539;0.995737 0.0353474 0.0852012 0.0472757 -0.0380776 0.998805 0.0306341 0.404726 -0.0840165 -0.0337477 0.995893 0.447911 0 0 0 1 
2318808360078;0.455663;0.0629172;0.923225 0.377736 0.0705044 -0.458539 -0.382944 0.919613 0.0875509 1.9591 -0.0317657 -0.107828 0.993662 -0.226498 0 0 0 1 
2318808360079;0.349782;0.0503907;0.990874 0.0872064 0.102777 -0.168723 -0.101792 0.983962 0.146485 0.4833 -0.0883543 -0.15561 0.983859 1.64694 0 0 0 1 
2318808360080;0.31557;0.0467962;0.991706 0.0522629 -0.117419 0.0861961 -0.00281691 0.92221 0.38668 -0.469831 0.128494 -0.383142 0.914708 0.420232 0 0 0 1 
2318808360081;0.265138;0.0449802;0.992726 0.0835549 -0.0866783 -0.00836356 -0.102069 0.965915 -0.237886 1.15816 0.0638474 0.245003 0.967418 -0.833369 0 0 0 1 
2318808360082;0.291619;0.0457363;0.97789 0.138481 -0.156697 0.0761397 -0.180381 0.937682 -0.297011 1.64766 0.105802 0.31871 0.941929 -1.51716 0 0 0 1 
2318808360083;0.406111;0.0439077;0.990256 -0.138876 0.0103655 0.0329995 0.137644 0.987347 0.078744 -0.947277 -0.0211699 -0.0765499 0.996841 -0.420639 0 0 0 1 
2318808360084;0.25521;0.047843;0.998945 0.04139 -0.0198754 0.155689 -0.0455984 0.945024 -0.323806 0.85547 0.00538038 0.324371 0.945915 -0.963801 0 0 0 1 
2318808360085;0.097134;0.0496208;0.999686 -0.00429269 0.0246675 0.0173565 0.00363799 0.999642 0.026525 -0.026566 -0.0247725 -0.0264269 0.999344 0.358755 0 0 0 1 
2318808360086;0.630308;0.0544227;0.957467 0.138608 -0.253071 0.716031 -0.0174324 0.90325 0.428761 -0.693275 0.288016 -0.406113 0.867248 -1.19417 0 0 0 1 
2318808360087;0.164964;0.0510756;0.988415 0.149457 0.0264435 -0.26793 -0.146141 0.984192 -0.100047 1.05755 -0.0409782 0.0950237 0.994631 -0.0680356 0 0 0 1 
2318808360088;0.426784;0.0517473;0.92354 0.214255 0.318072 -0.241163 -0.147524 0.964042 -0.22104 1.09634 -0.353993 0.157216 0.921939 2.14729 0 0 0 1 
2318808360089;0.0156956;0.0382798;0.999836 -0.00764156 -0.0164245 0.103501 0.0079763 0.99976 0.0204124 -0.122985 0.0162646 -0.0205401 0.999657 -0.0538157 0 0 0 1 
2318808360090;0.105965;0.0522444;0.999645 0.0157083 -0.0215299 -0.0888418 -0.0158352 0.999858 -0.00573289 0.186859 0.0214368 0.00607178 0.999752 -0.0903718 0 0 0 1 
2318808360091;0.471367;0.0447317;0.940133 -0.0845812 -0.330146 0.993701 0.00933755 0.974743 -0.223133 0.863443 0.34068 0.206692 0.917178 -2.85308 0 0 0 1 
2318808360093;0.358587;0.0328186;0.992078 0.0985695 0.077877 -0.173676 -0.0994373 0.995017 0.00733636 0.969057 -0.0767658 -0.0150221 0.996936 -0.298377 0 0 0 1 
2318808360094;0.104341;0.0320887;0.996113 0.08215 0.0317753 0.102414 -0.0808842 0.99595 -0.0392596 0.330205 -0.0348718 0.0365369 0.998724 0.321377 0 0 0 1 
2318808360095;0.369651;0.0476838;0.95891 -0.282759 0.0232109 0.398925 0.283508 0.9581 -0.040825 -1.1639 -0.0106947 0.045728 0.998897 -0.549308 0 0 0 1 
2318808360096;0.316121;0.0353565;0.998996 0.0365851 0.0258509 0.677369 -0.0365781 0.999331 -0.000746843 0.331519 -0.0258609 -0.000199484 0.999666 0.534587 0 0 0 1 
2318808360097;0.369151;0.0331391;0.902599 0.29043 0.317751 0.160986 -0.276614 0.956865 -0.0888475 1.13448 -0.329849 -0.00770069 0.944002 1.29282 0 0 0 1 
2318808360098;0.287285;0.0349994;0.954343 -0.295387 0.0444574 0.10178 0.293958 0.955141 0.0359742 -1.52782 -0.0530894 -0.0212631 0.998363 0.0362897 0 0 0 1 
2318808360099;0.367143;0.0404272;0.932386 -0.358691 0.0446862 0.504611 0.35969 0.932926 -0.0165234 -2.26293 -0.0357621 0.0314794 0.998864 -0.0492868 0 0 0 1 
2318808360100;0.403666;0.0416715;0.990894 -0.134126 -0.0117633 0.931597 0.134631 0.988061 0.0749045 -0.620215 0.00157622 -0.0758061 0.997121 -0.380029 0 0 0 1 
2318808360101;0.302239;0.0353134;0.936281 -0.156414 0.314505 -0.173183 0.17441 0.984224 -0.02973 -0.883494 -0.304893 0.0826883 0.94879 1.62548 0 0 0 1 
2318808360102;0.281834;0.0312199;0.988008 0.154105 0.00955628 0.135283 -0.151362 0.954492 0.256971 0.190551 0.030479 -0.255336 0.966372 -0.176295 0 0 0 1 
2318808360103;0.378578;0.0396658;0.94069 0.200286 -0.273839 0.715026 -0.126857 0.956248 0.263622 0.250801 0.314658 -0.213248 0.924941 -1.34332 0 0 0 1 
2318808360104;0.557659;0.0441146;0.882386 -0.470163 -0.0184858 0.270659 0.468414 0.881464 -0.0600771 -2.20914 0.0445406 0.0443522 0.998023 -0.976159 0 0 0 1 
2318808360105;0.460355;0.047947;0.907266 -0.419764 -0.0258372 0.716878 0.419839 0.90041 0.114008 -2.31342 -0.0245923 -0.114283 0.993144 -0.418737 0 0 0 1 
2318808360106;0.53681;0.0517505;0.937392 -0.0601947 -0.343034 1.3544 0.0504183 0.998029 -0.0373558 0.547665 0.344607 0.0177218 0.93858 -1.35507 0 0 0 1 
2318808360107;0.116161;0.0371256;0.990224 -0.00518067 0.139389 -0.0409683 0.0196959 0.994491 -0.102958 0.0104152 -0.138087 0.104697 0.984871 0.859727 0 0 0 1 
2318808360108;0.426496;0.0341296;0.972054 0.232525 0.0322981 0.71244 -0.231118 0.972016 -0.0420686 1.19403 -0.0411762 0.0334283 0.998593 -0.416283 0 0 0 1 
2318808360109;0.361092;0.043149;0.987522 0.148727 0.0517849 -0.829466 -0.146053 0.987905 -0.0520814 1.16128 -0.0589045 0.0438682 0.997299 0.183567 0 0 0 1 
2318808360110;0.188673;0.0467522;0.994546 -0.0230347 -0.101727 0.391511 0.0134933 0.995527 -0.0935038 0.244271 0.103426 0.0916211 0.990408 -0.582241 0 0 0 1 
2318808360111;0.302097;0.0402652;0.979636 0.183295 -0.0819527 -0.40046 -0.158943 0.957356 0.24126 0.719969 0.12268 -0.223321 0.966994 -0.377452 0 0 0 1 
2318808360112;0.226828;0.043245;0.96626 -0.248382 -0.0681744 0.488313 0.24979 0.968215 0.0128366 -1.2057 0.0628191 -0.0294328 0.997591 -0.210895 0 0 0 1 
2318808360113;0.311079;0.0466404;0.927758 -0.313334 -0.202697 0.560676 0.256962 0.930261 -0.261888 -0.968548 0.270619 0.190884 0.943572 -1.24929 0 0 0 1 
2318808360114;0.267587;0.0336169;0.987024 -0.0367381 0.156316 -0.0297225 0.0374728 0.999296 -0.00175507 0.119974 -0.156141 0.00758989 0.987706 1.39488 0 0 0 1 
2318808360115;0.283003;0.0336371;0.994344 -0.101584 0.0310059 -0.0560163 0.0889237 0.955879 0.279979 -0.858543 -0.0580792 -0.275638 0.959505 0.900247 0 0 0 1 
2318808360116;0.15967;0.0370574;0.999379 0.00843681 0.0342198 0.196813 -0.00808771 0.999914 -0.0103274 0.0717566 -0.0343039 0.0100442 0.999361 -0.112706 0 0 0 1 
2318808360117;0.274094;0.0453407;0.969701 0.176931 -0.168452 0.553111 -0.205817 0.963148 -0.173161 1.32823 0.131606 0.202584 0.970381 -0.76169 0 0 0 1 
2318808360118;0.309171;0.0379721;0.994446 -0.0438043 0.0957024 0.197154 0.0549695 0.99157 -0.117334 0.0432196 -0.0897559 0.121943 0.98847 1.15401 0 0 0 1 
2318808360119;0.136528;0.0358502;0.999937 0.0106572 0.00338118 0.0159164 -0.011077 0.985374 0.170042 -0.147122 -0.00151955 -0.170069 0.985431 0.305297 0 0 0 1 
2318808360120;0.394337;0.0463274;0.967143 -0.252092 0.0329323 0.323701 0.253029 0.967046 -0.0282566 -1.16069 -0.0247238 0.035661 0.999058 -0.632924 0 0 0 1 
2318808360121;0.407083;0.0446751;0.890177 -0.454079 0.03738 0.674086 0.45464 0.890642 -0.00773202 -2.18958 -0.0297812 0.0238773 0.999271 -0.225754 0 0 0 1 
2318808360122;0.325576;0.0468395;0.970007 0.0278333 -0.24148 0.818435 -0.0186747 0.99902 0.0401336 0.0334002 0.24236 -0.0344203 0.969576 -0.814786 0 0 0 1 
2318808360124;0.330187;0.0503588;0.952481 -0.170331 0.252522 1.67318 0.118895 0.971171 0.206616 -1.15063 -0.280435 -0.166774 0.945274 3.548 0 0 0 1 
2318808360125;0.152771;0.0314242;0.988324 -0.152318 -0.0039164 1.541 0.152368 0.987902 0.0288813 -1.25219 -0.000530128 -0.0291408 0.999575 0.382127 0 0 0 1 
2318808360126;0.0910746;0.0316261;0.997995 -0.00386553 -0.0631819 -0.0421656 0.00267406 0.999817 -0.0189315 0.077719 0.0632435 0.0187246 0.997822 -0.704232 0 0 0 1 
2318808360127;0.146509;0.0337416;0.992193 -0.115442 0.0471852 1.07994 0.112727 0.99201 0.0566432 -0.862437 -0.0533472 -0.050882 0.997279 1.10652 0 0 0 1 
2318808360128;0.288596;0.0335367;0.940606 0.116204 -0.318993 -0.308162 -0.140481 0.988604 -0.0540978 1.27141 0.309071 0.0956971 0.946212 -3.24395 0 0 0 1 
2318808360129;0.489639;0.0457915;0.979402 -0.139738 -0.145759 2.11774 0.0730028 0.918076 -0.389625 1.07664 0.188263 0.370958 0.909366 -5.16438 0 0 0 1 
2318808360130;0.532869;0.0477198;0.948045 -0.0552617 0.3133 0.0528128 -0.068427 0.926328 0.370451 1.13363 -0.31069 -0.372642 0.874419 6.7412 0 0 0 1 
2318808360131;0.255773;0.042802;0.998211 -0.017338 0.057213 -0.0554839 0.0112056 0.994323 0.105817 -0.258615 -0.0587228 -0.104986 0.992738 1.01103 0 0 0 1 
2318808360132;0.368015;0.336259;0.997366 0.0694626 0.0208613 -0.768959 -0.0682291 0.996156 -0.0549396 0.480732 -0.0245974 0.0533716 0.998272 -0.322181 0 0 0 1 
2318808360133;0.203483;0.0318241;0.988399 0.122334 -0.090015 -1.0118 -0.105871 0.97988 0.169196 0.705541 0.108902 -0.157703 0.981463 0.605879 0 0 0 1 
2318808360134;0.215895;0.0379772;0.997128 -0.0232227 -0.0720808 0.591654 0.0214132 0.999438 -0.0257748 -0.290862 0.0726389 0.0241573 0.997066 -0.60943 0 0 0 1 
2318808360135;0.357096;0.0448447;0.957014 0.0801858 -0.278739 -0.0243089 -0.0839567 0.996468 -0.00159677 0.944058 0.277626 0.0249301 0.960366 -2.04926 0 0 0 1 
2318808360136;0.39267;0.0477033;0.98919 -0.0918972 0.114272 0.841278 0.106329 0.986137 -0.127386 -0.106396 -0.100981 0.138159 0.985249 -0.0799586 0 0 0 1 
2318808360137;0.205186;0.0388321;0.981845 -0.0252829 -0.187994 0.725257 0.0325551 0.998832 0.0356963 -0.314403 0.186872 -0.0411684 0.981521 -1.03654 0 0 0 1 
2318808360138;0.524941;0.033238;0.984049 -0.1707 0.0500936 1.41847 0.169941 0.98527 0.0190695 -1.43177 -0.0526109 -0.0102524 0.998562 -0.427553 0 0 0 1 
2318808360139;0.224459;0.0339413;0.992603 0.113243 -0.0437721 -1.09987 -0.120149 0.968034 -0.220171 1.6268 0.0174401 0.223801 0.974479 -2.29852 0 0 0 1 
2318808360140;0.242736;0.0347687;0.992898 0.0548113 0.10559 -0.713279 -0.046385 0.995661 -0.0806692 0.609973 -0.109553 0.0751985 0.991132 -0.266662 0 0 0 1 
2318808360141;0.27546;0.0423172;0.969241 0.235179 0.0725503 -2.02087 -0.232362 0.971578 -0.0452166 2.16657 -0.0811222 0.0269678 0.996339 0.108411 0 0 0 1 
2318808360142;0.19755;0.0486894;0.992424 -0.111377 0.051868 0.959495 0.110631 0.993715 0.0170423 -0.696624 -0.0534401 -0.011175 0.998509 0.227489 0 0 0 1 
2318808360143;0.359468;0.0316038;0.970922 -0.0758598 -0.227058 1.08653 0.0833043 0.99625 0.0233716 -0.71198 0.224433 -0.0416069 0.973601 -0.683623 0 0 0 1 
2318808360144;0.260225;0.0364219;0.981628 -0.183462 0.0524278 1.62589 0.188371 0.975557 -0.113163 -0.989281 -0.0303853 0.120959 0.992192 -1.23705 0 0 0 1 
2318808360145;0.465801;0.0263091;0.908612 -0.236522 0.344212 2.67431 0.248486 0.968588 0.00962935 -1.5843 -0.335677 0.0767827 0.938842 2.50441 0 0 0 1 
2318808360146;0.208847;0.0418566;0.982372 -0.186934 0.000948547 1.90036 0.182218 0.956432 -0.228111 -0.662218 0.0417343 0.224262 0.973635 -2.61314 0 0 0 1 
2318808360147;0.522631;0.0316701;0.950383 0.250151 0.184923 -2.70957 -0.22244 0.96203 -0.158174 2.39998 -0.217468 0.109192 0.969941 -0.117341 0 0 0 1 
2318808360148;0.348601;0.0320285;0.962372 0.19047 0.193806 -1.93198 -0.219988 0.964785 0.144207 1.94718 -0.159514 -0.181416 0.970383 3.51834 0 0 0 1 
2318808360149;0.220362;0.0407396;0.986221 0.16348 -0.0253375 -1.6167 -0.163996 0.986261 -0.0198429 1.43757 0.0217455 0.0237248 0.999482 -0.715237 0 0 0 1 
2318808360150;0.310305;0.0366308;0.997989 0.0546091 0.0321708 -0.905402 -0.0566973 0.99607 0.0680381 0.401488 -0.0283289 -0.0697253 0.997164 0.385643 0 0 0 1 
2318808360151;0.0639999;0.0304583;0.999428 0.0120083 -0.0316063 -0.0943951 -0.0107082 0.999102 0.0409878 0.0157035 0.0320702 -0.0406259 0.99866 0.223734 0 0 0 1 
2318808360152;0.508923;0.0415266;0.976092 0.217069 -0.0111911 -1.25518 -0.21707 0.976155 0.00121136 1.90459 0.0111872 0.00124685 0.999937 0.454137 0 0 0 1 
2318808360153;0.520442;0.0386513;0.930055 0.36742 -0.00111092 -3.34465 -0.365501 0.925499 0.0993029 3.27577 0.037514 -0.0919511 0.995057 1.37276 0 0 0 1 
2318808360155;0.242296;0.0600368;0.967983 -0.0061487 0.250939 0.198245 0.0516148 0.983213 -0.17501 -0.136638 -0.245651 0.182359 0.952051 0.0833238 0 0 0 1 
2318808360156;0.545461;0.0780759;0.957803 -0.246137 0.148428 2.44963 0.229943 0.96601 0.11811 -2.054 -0.172454 -0.0789957 0.981845 1.19612 0 0 0 1 
2318808360157;0.417219;0.0773318;0.955483 -0.224476 -0.191474 2.54096 0.173048 0.951987 -0.252537 -0.155828 0.23897 0.208161 0.948453 -3.41446 0 0 0 1 
2318808360158;0.428586;0.088939;0.901995 0.21485 -0.374493 -0.693364 -0.241555 0.970058 -0.0252728 2.10381 0.35785 0.113257 0.926885 -3.45639 0 0 0 1 
2318808360159;0.360686;0.0646332;0.947978 -0.168098 0.270335 1.74506 0.25588 0.90756 -0.332957 -0.631218 -0.189376 0.38481 0.903359 -2.14356 0 0 0 1 
2318808360160;0.334724;0.0640114;0.92333 0.0539013 0.380207 -0.569742 -0.0290022 0.99706 -0.0709199 0.25278 -0.382912 0.0544556 0.922179 2.46215 0 0 0 1 
2318808360161;0.319806;0.244819;0.946396 0.246573 0.208652 -2.39402 -0.258404 0.965538 0.0310409 1.72464 -0.193808 -0.0832935 0.977497 2.23319 0 0 0 1 
2318808360162;0.00881013;0.0367887;0.999945 -0.0051674 0.00908109 -0.0082134 0.00516826 0.999987 -7.15152e-05 -0.0861236 -0.0090806 0.000118445 0.999959 0.0903884 0 0 0 1 
2318808360163;0.15049;0.0357169;0.996621 0.0821318 -0.00118696 -0.862417 -0.0821384 0.996593 -0.00746079 0.403555 0.00057015 0.00753307 0.999971 0.098185 0 0 0 1 
2318808360164;0.34564;0.33788;0.999198 0.0400046 0.00192143 -0.515639 -0.0398896 0.998331 -0.0417588 0.206557 -0.00358876 0.0416486 0.999126 -0.318259 0 0 0 1 
2318808360165;0.629483;0.0404296;0.929136 -0.159838 0.333404 0.890331 0.20115 0.975128 -0.0930786 -1.83618 -0.310234 0.153547 0.938178 0.563068 0 0 0 1 
2318808360166;0.356263;0.0513465;0.998154 0.0538313 -0.0281042 -0.116854 -0.0555999 0.996237 -0.066486 0.181206 0.0244194 0.0679258 0.997391 -0.325962 0 0 0 1 
2318808360167;0.348773;0.0688292;0.976943 -0.0373457 0.21021 0.103744 0.115456 0.92061 -0.373024 0.358948 -0.179591 0.388693 0.903695 -2.12237 0 0 0 1 
2318808360168;0.491205;0.0977342;0.969989 -0.121478 -0.210628 1.04713 0.148738 0.981718 0.118774 -0.840497 0.192349 -0.146538 0.970324 0.746288 0 0 0 1 
2318808360169;0.364685;0.099619;0.999782 -0.0205269 -0.00374702 0.226141 0.0204596 0.999643 -0.0171975 0.147377 0.0040987 0.0171171 0.999845 -0.731738 0 0 0 1 
2318808360170;0.293853;0.0490374;0.999155 0.0205773 0.0355837 -0.503207 -0.0204133 0.999779 -0.00496655 0.0166935 -0.035678 0.00423598 0.999354 -0.300423 0 0 0 1 
2318808360171;0.404455;0.0585349;0.995312 0.044378 0.0859362 -0.953839 -0.0640779 0.968105 0.242214 -0.0640339 -0.0724463 -0.246585 0.96641 2.64454 0 0 0 1 
2318808360172;0.214721;0.0632369;0.988258 -0.036783 0.1483 0.239829 0.0214811 0.994398 0.103493 -0.269614 -0.151276 -0.0990926 0.983512 2.44489 0 0 0 1 
2318808360173;0.439959;0.0693645;0.996001 -0.0686266 -0.0571984 0.99556 0.0497062 0.957686 -0.283491 0.780516 0.0742332 0.279515 0.957267 -3.42064 0 0 0 1 
2318808360174;0.284722;0.0494261;0.981744 -0.129155 0.139636 1.25699 0.158249 0.961914 -0.222887 -0.989169 -0.105531 0.240915 0.964792 -1.66961 0 0 0 1 
2318808360175;0.207536;0.0341248;0.997776 -0.0489347 -0.0452521 0.424485 0.0475776 0.998399 -0.0305967 -0.721705 0.0466769 0.0283757 0.998507 -0.712345 0 0 0 1 
2318808360176;0.417626;0.106906;0.968307 -0.180965 -0.172145 1.6768 0.222092 0.939176 0.26196 -1.47691 0.114269 -0.29189 0.949601 1.32873 0 0 0 1 
2318808360177;0.414555;0.0733838;0.957089 -0.0608503 -0.283334 1.44021 0.0293548 0.993034 -0.11411 0.055523 0.288304 0.100896 0.952208 -2.5474 0 0 0 1 
2318808360178;0.192544;0.0701678;0.994377 -0.104046 0.0196988 0.83604 0.10389 0.99455 0.00874979 -0.761307 -0.0205018 -0.00665407 0.999768 -0.101449 0 0 0 1 
2318808360179;0.369856;0.0974687;0.953761 0.289095 0.0822476 -2.45084 -0.28282 0.955828 -0.0800367 2.52051 -0.101753 0.0530746 0.993393 0.798745 0 0 0 1 
2318808360180;0.269585;0.057877;0.999718 0.000477655 0.0237297 -0.105748 -0.000626433 0.99998 0.00626265 -0.00644771 -0.0237262 -0.00627575 0.999699 0.784502 0 0 0 1 
2318808360181;0.159003;0.037459;0.998979 -0.0451528 -0.00146249 0.238847 0.0451649 0.998932 0.009724 -0.379153 0.00102186 -0.00978013 0.999952 0.366941 0 0 0 1 
2318808360182;0.250033;0.0642636;0.990124 0.137691 -0.0263875 -1.60174 -0.131642 0.977832 0.162837 0.802807 0.0482237 -0.157755 0.9863 1.19866 0 0 0 1 
2318808360183;0.583654;0.0975559;0.941551 -0.324725 -0.0896357 3.66685 0.328965 0.943615 0.0370555 -1.94288 0.0725487 -0.0643766 0.995285 -0.849964 0 0 0 1 
2318808360184;0.254669;0.0721406;0.989485 0.143749 -0.0159938 -1.154 -0.1433 0.989328 0.0263551 1.11403 0.0196116 -0.0237861 0.999525 0.475321 0 0 0 1 
2318808360186;0.32371;0.0244625;0.928257 -0.0132273 -0.371705 0.473559 -0.0184717 0.996495 -0.08159 0.122775 0.371482 0.0826025 0.924758 -2.53235 0 0 0 1 
2318808360187;0.391738;0.0320795;0.923248 -0.351986 -0.154009 1.42784 0.382337 0.88119 0.278069 -1.81217 0.0378348 -0.31561 0.948135 0.479574 0 0 0 1 
2318808360188;0.250929;0.0323604;0.962856 -0.269916 0.00738301 1.01257 0.262322 0.941549 0.211361 -1.58006 -0.0640011 -0.201573 0.97738 0.868817 0 0 0 1 
2318808360189;0.35413;0.0200142;0.946774 0.239036 -0.215595 0.0613991 -0.190172 0.955733 0.224519 1.15386 0.25972 -0.171568 0.950321 -0.655209 0 0 0 1 
2318808360190;0.38404;0.0274948;0.971363 0.0860248 0.221482 -0.571627 -0.0755122 0.995598 -0.0555188 0.544449 -0.225283 0.0372043 0.973583 0.529639 0 0 0 1 
2318808360191;0.142007;0.0309603;0.99357 -0.0695034 0.0893787 0.351429 0.0670412 0.997291 0.030265 -0.433736 -0.0912401 -0.0240783 0.995538 0.426613 0 0 0 1 
2318808360192;0.308225;0.0267964;0.997581 -0.0509935 0.0472468 -0.550877 0.052694 0.99798 -0.0354736 -0.229688 -0.0453425 0.0378774 0.998253 0.205621 0 0 0 1 
2318808360193;0.19468;0.0269658;0.988469 0.0814698 -0.127636 -0.110271 -0.072457 0.994642 0.0737384 0.632359 0.13296 -0.06364 0.989076 -0.625741 0 0 0 1 
2318808360194;0.35362;0.0258192;0.994344 -0.0401747 0.0983131 -0.135937 0.0385624 0.99909 0.0182463 -0.882663 -0.0989567 -0.0143519 0.994988 0.235378 0 0 0 1 
2318808360195;0.220312;0.0394925;0.993557 -0.112924 0.00960146 0.38054 0.110833 0.985855 0.12572 -0.697935 -0.0236624 -0.123846 0.992019 0.143351 0 0 0 1 
2318808360196;0.321597;0.0259956;0.995371 0.0427253 0.0860828 -0.431795 -0.0375245 0.997423 -0.0611556 0.605024 -0.0884738 0.0576423 0.994409 0.936302 0 0 0 1 
2318808360197;0.117422;0.0269898;0.999715 -0.0101654 0.0215949 0.187673 0.00965458 0.999674 0.0236298 -0.0941526 -0.021828 -0.0234146 0.999488 0.435645 0 0 0 1 
2318808360198;0.145591;0.0252519;0.995932 -0.0749294 -0.0500415 0.144968 0.0744675 0.997162 -0.011035 -0.485678 0.0507263 0.00726369 0.998686 -0.528356 0 0 0 1 
2318808360199;0.334769;0.0259648;0.999983 -0.00569425 0.00122315 -0.212846 0.00570221 0.999962 -0.00660384 -0.0542727 -0.0011855 0.0066107 0.999977 0.753275 0 0 0 1 
2318808360200;0.307694;0.028679;0.968814 0.246731 -0.022897 -0.327826 -0.24502 0.967662 0.0599576 1.88752 0.0369499 -0.0524775 0.997938 0.12361 0 0 0 1 
2318808360201;0.28708;0.0271383;0.994174 -0.107692 0.00441862 0.889431 0.107732 0.99413 -0.00993463 -0.533674 -0.0033228 0.0103528 0.999941 0.343401 0 0 0 1 
2318808360202;0.140274;0.0273322;0.991233 0.132098 -0.00272468 -0.266841 -0.132126 0.991007 -0.0211453 0.852169 -9.30643e-05 0.0213199 0.999773 0.127893 0 0 0 1 
2318808360203;0.354364;0.0213799;0.994956 0.0846262 -0.0538598 -0.180791 -0.0744831 0.982896 0.168426 -0.252154 0.0671919 -0.163565 0.984242 0.619032 0 0 0 1 
2318808360204;0.41534;0.0366263;0.906095 -0.0771596 0.415979 0.0124669 0.0211503 0.99026 0.137613 -0.416495 -0.422545 -0.115892 0.898902 2.69631 0 0 0 1 
2318808360205;0.260883;0.0297117;0.988349 -0.137559 -0.0651477 0.367523 0.134127 0.989468 -0.05443 -1.11425 0.0719489 0.0450578 0.99639 -0.185316 0 0 0 1 
2318808360206;0.381649;0.028499;0.902912 -0.309408 0.298357 0.955735 0.339789 0.938915 -0.0546041 -1.73433 -0.263237 0.150681 0.952891 1.22354 0 0 0 1 
2318808360207;0.376035;0.0280434;0.905129 0.294985 0.306146 -0.766672 -0.276918 0.955473 -0.101921 1.92083 -0.32258 0.00747446 0.946513 2.01678 0 0 0 1 
2318808360208;0.370049;0.0255766;0.994202 0.00520394 0.107404 -0.335039 -0.0149378 0.995828 0.0900242 -0.0597145 -0.106487 -0.0911066 0.990131 1.68275 0 0 0 1 
2318808360209;0.193142;0.0185598;0.974343 0.198534 -0.106015 -0.193611 -0.197738 0.980088 0.018069 1.17016 0.107491 0.00335784 0.9942 -0.54863 0 0 0 1 
2318808360210;0.416709;0.0345333;0.948303 -0.286107 0.137349 1.03285 0.207429 0.8863 0.414061 -1.65663 -0.240198 -0.364165 0.899827 2.6517 0 0 0 1 
2318808360211;0.229662;0.0276187;0.979396 -0.195868 -0.0491886 0.769604 0.201797 0.958647 0.200681 -1.39473 0.00784751 -0.206473 0.978421 0.552784 0 0 0 1 
2318808360212;0.235303;0.0241685;0.960275 0.278637 0.0152934 -0.665591 -0.277947 0.959902 -0.0365325 1.46189 -0.0248595 0.0308305 0.999215 0.0674984 0 0 0 1 
2318808360213;0.418371;0.0237476;0.971565 0.236342 0.0142536 -0.807193 -0.236579 0.971443 0.0181527 1.31537 -0.00955636 -0.0210086 0.999734 0.919132 0 0 0 1 
2318808360214;0.104638;0.0220543;0.994502 0.104711 -0.00134883 -0.206741 -0.104601 0.993902 0.0348835 0.516816 0.00499329 -0.0345506 0.99939 0.0132438 0 0 0 1 
2318808360215;0.379457;0.021692;0.924841 -0.00864139 -0.380255 1.04252 -0.0875474 0.968062 -0.234929 0.935731 0.370141 0.250562 0.894547 -2.51333 0 0 0 1 
2318808360217;0.475077;0.0783015;0.872785 0.21645 -0.437488 0.190181 -0.261078 0.964326 -0.0437429 1.72513 0.412413 0.152397 0.89816 -3.071 0 0 0 1 
2318808360218;0.538469;0.0889158;0.942079 -0.330945 -0.0544255 2.68664 0.335375 0.928025 0.162149 -1.86059 -0.00315419 -0.17101 0.985264 1.75214 0 0 0 1 
2318808360219;0.26223;0.0848492;0.97501 -0.067199 -0.211754 0.626284 0.080689 0.995181 0.0557128 -0.396113 0.20699 -0.0714067 0.975734 -1.20515 0 0 0 1 
2318808360220;0.178884;0.0952995;0.99648 0.0645887 0.0534479 -0.406814 -0.0588514 0.992968 -0.102721 0.506062 -0.0597067 0.0992142 0.993273 -0.100066 0 0 0 1 
2318808360221;0.32248;0.10928;0.928751 -0.313221 0.198278 2.07135 0.303608 0.949602 0.0779651 -1.85953 -0.212706 -0.0122112 0.97704 1.27835 0 0 0 1 
2318808360222;0.547442;0.320913;0.989485 0.133655 -0.0552797 -0.666282 -0.139962 0.981191 -0.132948 0.796144 0.0364708 0.139287 0.98958 -0.675944 0 0 0 1 
2318808360223;0.279763;0.105095;0.944383 0.323977 0.0563809 -1.50459 -0.325865 0.944999 0.0280763 2.17481 -0.0441839 -0.0448874 0.998014 0.297878 0 0 0 1 
2318808360224;0.19078;0.0918806;0.986899 -0.160928 0.0114992 1.05288 0.161335 0.984827 -0.0639361 -0.790731 -0.00103559 0.0649537 0.997888 -0.578977 0 0 0 1 
2318808360225;0.382191;0.0803141;0.943664 0.330899 -0.00195747 -1.52402 -0.325419 0.926932 -0.186814 2.59161 -0.060002 0.176926 0.982393 -1.1136 0 0 0 1 
2318808360226;0.232462;0.104747;0.979334 -0.197043 -0.0456041 1.35033 0.201986 0.964422 0.170562 -1.21118 0.0103736 -0.176248 0.984291 1.11991 0 0 0 1 
2318808360227;0.121258;0.0855771;0.999765 -0.00497202 -0.0211 0.167649 0.0053498 0.999826 0.0178854 -0.141701 0.0210074 -0.0179941 0.999617 -0.320301 0 0 0 1 
2318808360228;0.342472;0.0947721;0.9304 0.349555 -0.110304 -1.31438 -0.360318 0.927436 -0.100172 2.9043 0.0672842 0.132944 0.988837 -1.27496 0 0 0 1 
2318808360229;0.411101;0.0886877;0.986815 -0.00954744 0.161569 -0.331169 0.0269633 0.994006 -0.105946 -0.180339 -0.159589 0.108905 0.981158 0.88235 0 0 0 1 
2318808360230;0.270984;0.0982036;0.938295 -0.342622 -0.0470423 2.56559 0.339984 0.938761 -0.0560249 -1.78762 0.0633569 0.0365743 0.997321 -0.777933 0 0 0 1 
2318808360231;0.448163;0.0809763;0.993932 -0.0454825 -0.100156 -0.162503 2.3262e-05 0.910601 -0.413288 0.779812 0.11 0.410777 0.905076 -3.15614 0 0 0 1 
2318808360232;0.480703;0.0849743;0.991818 -0.111204 -0.0626967 1.07765 0.109052 0.993356 -0.0367679 -0.564627 0.0663688 0.0296299 0.997355 -1.50015 0 0 0 1 
2318808360233;0.538633;0.097072;0.981968 0.164181 0.0937242 -1.14664 -0.117594 0.918644 -0.377179 2.09664 -0.148025 0.359356 0.921386 -1.26273 0 0 0 1 
2318808360234;0.46577;0.120431;0.997878 -0.0638184 -0.0129265 0.52445 0.0639737 0.99788 0.0119763 0.309714 0.0121348 -0.0127778 0.999845 0.0443402 0 0 0 1 
2318808360235;0.501727;0.0686128;0.997882 0.0275326 -0.0589359 -0.00454182 -0.0259025 0.999265 0.0282473 -0.00451278 0.0596704 -0.0266609 0.997862 -1.23366 0 0 0 1 
2318808360236;0.219286;0.0922791;0.973233 0.180322 -0.142482 -0.588156 -0.180601 0.983494 0.011079 1.16918 0.142128 0.0149499 0.989735 -1.26734 0 0 0 1 
2318808360237;0.1427;0.0851871;0.997624 -0.0629326 -0.0280174 0.395635 0.0618345 0.997345 -0.038472 -0.383946 0.0303642 0.0366482 0.998867 -0.663956 0 0 0 1 
2318808360238;0.478527;0.0794333;0.890534 -0.161956 -0.42511 2.41059 0.0651732 0.970262 -0.233118 0.14265 0.450223 0.179894 0.874607 -4.19884 0 0 0 1 
2318808360239;0.07712;0.0681697;0.998251 0.0138583 -0.0574782 0.0347946 -0.0150643 0.999674 -0.0206018 0.0371524 0.057174 0.0214316 0.998134 -0.65838 0 0 0 1 
2318808360240;0.277432;0.0993942;0.973111 0.0300934 0.228364 -0.267019 -0.0589608 0.990941 0.120661 0.0294682 -0.222664 -0.130881 0.96607 2.31788 0 0 0 1 
2318808360241;0.414755;0.0868005;0.899551 0.193389 -0.391674 0.201916 -0.146942 0.978371 0.145594 0.718529 0.411359 -0.0734156 0.908512 -2.04894 0 0 0 1 
2318808360242;0.207147;0.0852508;0.987083 -0.156019 -0.036412 1.23454 0.157075 0.987184 0.0282093 -1.30715 0.0315441 -0.0335643 0.998939 -0.0097046 0 0 0 1 
2318808360243;0.526989;0.0895754;0.894196 -0.446956 0.025375 2.85206 0.424953 0.865272 0.265932 -2.68144 -0.140816 -0.227012 0.963658 2.13795 0 0 0 1 
2318808360244;0.293823;0.0955201;0.997767 0.0629657 0.0222799 -0.240055 -0.0650247 0.991952 0.108638 0.220868 -0.0152601 -0.109844 0.993832 1.1842 0 0 0 1 
2318808360245;0.161157;0.0801435;0.99859 -0.0514256 -0.0131592 0.422337 0.0511908 0.998534 -0.0175991 -0.509821 0.014045 0.0169007 0.999759 -0.515557 0 0 0 1 
2318808360246;0.48133;0.111039;0.954962 -0.00866811 0.2966 0.160185 -0.0513229 0.979683 0.193875 -0.424347 -0.292255 -0.200366 0.935115 2.46985 0 0 0 1 
2318808360248;0.277285;0.0875097;0.999782 -0.0132391 0.016129 0.0781181 0.0134143 0.999852 -0.010803 0.15174 -0.0159836 0.011017 0.999812 0.541436 0 0 0 1 
2318808360249;0.346523;0.157415;0.957975 0.25201 0.13702 -0.0673021 -0.262127 0.963082 0.0613422 1.10469 -0.116503 -0.0946809 0.988667 0.681691 0 0 0 1 
2318808360250;0.347649;0.0900692;0.968126 -0.14399 0.204938 0.0971645 0.161879 0.984085 -0.0732973 -1.47824 -0.191122 0.104136 0.976027 1.12976 0 0 0 1 
2318808360251;0.136295;0.0968567;0.99942 0.024426 -0.0237179 0.0309196 -0.0229 0.997775 0.0626119 -0.0541609 0.0251944 -0.0620324 0.997756 -0.460726 0 0 0 1 
2318808360252;0.263745;0.224409;0.99803 -0.061609 -0.0118534 0.0765955 0.0615543 0.998092 -0.00492248 -0.51487 0.0121341 0.00418316 0.999918 -0.159921 0 0 0 1 
2318808360253;0.38952;0.200613;0.986102 -0.148722 0.0740529 -0.418251 0.153484 0.986117 -0.0633764 -0.949552 -0.0635993 0.0738616 0.995238 0.144857 0 0 0 1 
2318808360254;0.304973;0.08015;0.997368 -0.0684038 0.0240272 0.628851 0.0689822 0.997326 -0.0241309 -0.327652 -0.0223123 0.0257249 0.99942 -0.476378 0 0 0 1 
2318808360255;0.467336;0.247911;0.986529 -0.161811 -0.0240261 0.166379 0.159936 0.984912 -0.0661029 -0.938615 0.0343598 0.0613699 0.997524 0.33982 0 0 0 1 
2318808360256;0.501332;0.176374;0.997011 0.0772594 0.000656839 -0.147363 -0.0744381 0.958256 0.276053 -0.646424 0.0206982 -0.275276 0.961142 0.0656446 0 0 0 1 
2318808360257;0.448145;0.156679;0.929267 0.323543 0.17828 0.639369 -0.327563 0.944802 -0.00723753 1.27396 -0.170781 -0.0516722 0.983953 0.565146 0 0 0 1 
2318808360258;0.160463;0.0924593;0.996968 -0.0598238 -0.0497646 0.264043 0.0592001 0.998149 -0.0139143 -0.40051 0.0505049 0.010926 0.998664 -0.554025 0 0 0 1 
2318808360259;0.461634;0.133364;0.922944 0.346178 -0.168332 0.075762 -0.3267 0.935715 0.133057 2.08404 0.203573 -0.0678101 0.976709 -1.09458 0 0 0 1 
2318808360260;0.337574;0.0945701;0.956269 0.275792 -0.0974081 0.274104 -0.290352 0.935273 -0.202384 1.93266 0.0352873 0.221817 0.97445 -0.475555 0 0 0 1 
2318808360261;0.307288;0.0626419;0.994677 0.0651003 -0.079872 0.74184 -0.076096 0.986734 -0.143408 0.362347 0.0694765 0.148722 0.986435 -0.468964 0 0 0 1 
