#;prob_registration_l1 -r /home/probabilistic_point_clouds_registration/build/tester /home/point_clouds_registration_benchmark//devel/registration_pairs/apartment_local.txt /home/point_clouds_registration_benchmark//eth/apartment -s 0.2 -t 0.2 -p 0.3 -r 1000 -m 10 -i 40 
id;initial_error;final_error;transformation
13001298760000;0.820981;0.99725;0.892803 -0.42972 0.135066 -0.302605 0.42342 0.90292 0.0738315 -2.96221 -0.15368 -0.00872751 0.988082 0.275352 0 0 0 1 
13001298760001;0.68771;0.811742;0.938876 -0.343433 -0.0237813 0.268516 0.342128 0.923177 0.175192 -2.05193 -0.0382122 -0.172619 0.984247 0.628568 0 0 0 1 
13001298760002;0.636186;0.332223;0.99406 0.0866629 -0.0658381 -0.135713 -0.0670475 0.964141 0.256781 -0.339667 0.0857306 -0.250841 0.964224 -0.764536 0 0 0 1 
13001298760003;0.411513;0.705059;0.961697 -0.256196 0.097485 -0.237275 0.255973 0.966568 0.0150064 -1.32869 -0.0980704 0.0105219 0.995124 -0.0914137 0 0 0 1 
13001298760004;0.857932;0.880918;0.911551 -0.384617 -0.145408 0.227458 0.366898 0.920464 -0.134656 -1.78233 0.185634 0.0693957 0.980166 0.373596 0 0 0 1 
13001298760005;0.460674;0.904938;0.921145 -0.386588 0.0451875 0.419444 0.385296 0.922136 0.0348126 -2.07269 -0.0551271 -0.0146569 0.998372 0.409617 0 0 0 1 
13001298760006;0.655521;0.648409;0.944553 0.328354 -0.00169553 0.0152944 -0.328184 0.944206 0.0277575 0.765161 0.0107152 -0.025662 0.999613 0.188055 0 0 0 1 
13001298760007;0.308888;0.291107;0.920386 0.261786 0.290442 -0.0442472 -0.299682 0.949404 0.0939334 0.480992 -0.251157 -0.173495 0.952271 0.823489 0 0 0 1 
13001298760008;0.466988;0.293989;0.957565 0.269133 0.103139 -0.110328 -0.269304 0.962974 -0.0125249 0.196324 -0.102691 -0.0157824 0.994588 0.0776009 0 0 0 1 
13001298760009;0.423945;0.414815;0.959099 0.272902 0.0751849 -0.167461 -0.257017 0.950851 -0.172696 0.597631 -0.118619 0.146309 0.982101 -0.175151 0 0 0 1 
13001298760010;0.258498;0.373808;0.975789 0.214082 -0.0447686 0.301424 -0.216929 0.973429 -0.0733343 0.625522 0.0278795 0.0812704 0.996302 0.017293 0 0 0 1 
13001298760011;0.784351;0.87144;0.999442 0.0285922 -0.0172658 -0.228977 -0.0210097 0.94001 0.340499 -1.07085 0.0259656 -0.339946 0.940086 -0.761353 0 0 0 1 
13001298760012;0.622128;0.24999;0.976799 0.213577 0.015785 0.27284 -0.213687 0.976886 0.00563382 -0.0959831 -0.0142169 -0.00887616 0.99986 0.275874 0 0 0 1 
13001298760013;0.398004;0.341157;0.91723 0.370568 0.146177 0.259158 -0.34509 0.922463 -0.173134 0.79727 -0.199001 0.108359 0.97399 0.845225 0 0 0 1 
13001298760014;0.755219;1.01013;0.981952 0.10855 -0.154878 0.69122 -0.0994399 0.99289 0.0654257 -0.443771 0.160879 -0.0488438 0.985765 -1.14012 0 0 0 1 
13001298760015;0.388158;0.813987;0.984305 0.112716 -0.135793 0.0989713 -0.113569 0.993529 0.00147344 -0.220254 0.13508 0.0139715 0.990736 -0.202285 0 0 0 1 
13001298760016;0.851768;1.01773;0.999706 -0.0238374 -0.00444111 0.128618 0.023836 0.999716 -0.000354278 -0.457325 0.00444829 0.000248316 0.99999 0.534087 0 0 0 1 
13001298760017;0.399547;0.323828;0.937763 0.345867 -0.0312598 0.504507 -0.346618 0.937726 -0.0229284 0.696614 0.021383 0.0323366 0.999248 0.216919 0 0 0 1 
13001298760018;0.820633;0.308234;0.936028 0.320239 -0.145937 0.270801 -0.325244 0.945564 -0.0111724 0.678002 0.134415 0.0579228 0.989231 0.528308 0 0 0 1 
13001298760019;0.329854;0.239766;0.994425 0.0776083 -0.07138 0.109958 -0.074976 0.996428 0.0388492 -0.222008 0.0741401 -0.0332808 0.996692 -0.234683 0 0 0 1 
13001298760020;0.847185;0.395629;0.97487 0.222735 -0.00411686 -0.245073 -0.222477 0.97436 0.0335557 0.648467 0.0114853 -0.0317966 0.999428 0.576661 0 0 0 1 
13001298760021;0.886722;0.837303;0.915764 -0.281783 -0.286313 0.835512 0.30806 0.950035 0.0503172 -2.00338 0.257828 -0.13428 0.956814 -1.25324 0 0 0 1 
13001298760022;0.59893;0.362102;0.975382 0.203372 -0.0852613 -0.0593295 -0.176725 0.952139 0.249398 0.208107 0.131901 -0.22819 0.96464 -0.835324 0 0 0 1 
13001298760023;0.367247;0.266013;0.995471 0.0891868 0.0329064 -0.000516186 -0.0898187 0.995791 0.0182483 -0.211979 -0.0311404 -0.0211212 0.999292 -0.134921 0 0 0 1 
13001298760024;0.0968236;0.298467;0.983122 0.172602 0.0606616 0.110519 -0.174967 0.983913 0.0360724 0.274716 -0.0534596 -0.0460773 0.997506 0.201691 0 0 0 1 
13001298760025;0.689632;0.465718;0.989129 0.10346 0.104498 -0.0964776 -0.0778962 0.971379 -0.224398 0.401071 -0.124723 0.213818 0.968879 0.597812 0 0 0 1 
13001298760026;0.452516;0.956772;0.970648 -0.230083 0.0700307 -0.220738 0.22796 0.972966 0.0370453 -1.19283 -0.076661 -0.0199938 0.996857 0.284628 0 0 0 1 
13001298760027;0.353163;0.916116;0.894708 -0.321657 0.309896 0.0346151 0.239252 0.931021 0.275604 -1.72456 -0.377169 -0.172442 0.909949 0.895586 0 0 0 1 
13001298760028;0.770166;0.628017;0.9993 0.0103651 0.0359355 -0.180932 -0.0062656 0.993647 -0.112368 0.0850266 -0.0368719 0.112064 0.993017 -0.128622 0 0 0 1 
13001298760029;0.444231;0.270513;0.90964 0.369417 0.189965 0.456702 -0.387047 0.919789 0.0646819 0.621338 -0.150833 -0.132363 0.979658 0.667896 0 0 0 1 
13001298760031;1.0814;0.633446;0.988357 0.010677 0.151775 -0.274076 0.00642614 0.993715 -0.111753 0.184008 -0.152014 0.111427 0.982077 0.906151 0 0 0 1 
13001298760032;0.762366;0.0577441;0.97313 -0.211492 -0.0910494 -0.602406 0.214507 0.976413 0.0245958 -0.718243 0.0836999 -0.0434656 0.995543 -0.823847 0 0 0 1 
13001298760033;0.562268;0.0812237;0.970568 -0.216459 -0.105558 -0.586998 0.206804 0.973733 -0.0952665 -0.649953 0.123406 0.0706329 0.989839 0.0731804 0 0 0 1 
13001298760034;0.913227;0.0995446;0.984695 -0.162153 -0.0638975 -0.515921 0.129546 0.926204 -0.354068 -0.228988 0.116595 0.340371 0.933034 0.920217 0 0 0 1 
13001298760035;0.190074;0.0869707;0.988416 0.11005 -0.104515 0.291626 -0.101292 0.991157 0.0857191 0.288525 0.113024 -0.0741396 0.990822 -0.567441 0 0 0 1 
13001298760036;1.3176;0.307526;0.990719 -0.135259 -0.0134734 -0.947899 0.135637 0.977235 0.163137 -0.0168256 -0.00889909 -0.16345 0.986511 -0.236308 0 0 0 1 
13001298760037;0.408209;0.0689788;0.991945 0.114809 -0.0535106 0.0962677 -0.120442 0.985703 -0.117829 0.642031 0.0392178 0.123325 0.991591 0.013715 0 0 0 1 
13001298760038;0.799177;0.083864;0.999978 -0.00620211 -0.00243939 0.422459 0.00652517 0.985595 0.168996 -0.398651 0.00135612 -0.169009 0.985614 -0.285448 0 0 0 1 
13001298760039;0.512139;0.0731915;0.999866 0.00213872 -0.0162077 -0.00877106 -0.00221193 0.999987 -0.00450065 0.00579439 0.0161979 0.0045359 0.999859 0.326136 0 0 0 1 
13001298760040;0.790161;0.069815;0.99999 -0.0040708 0.00177572 0.155872 0.00407919 0.99998 -0.00474489 0.207289 -0.00175637 0.00475209 0.999987 -0.467254 0 0 0 1 
13001298760041;0.304867;0.0831344;0.984674 -0.127414 0.119091 -0.301081 0.135315 0.988937 -0.0607699 -0.18291 -0.110031 0.0759534 0.991022 0.432446 0 0 0 1 
13001298760042;0.323258;0.0910645;0.998411 0.0562468 -0.00350564 0.132405 -0.0559632 0.996864 0.0559468 -0.0322119 0.00664148 -0.0556617 0.998428 -0.052156 0 0 0 1 
13001298760043;1.1294;0.0912917;0.942017 -0.328254 -0.0696704 -0.513912 0.333898 0.896232 0.292028 -2.01529 -0.0334186 -0.298358 0.953869 -0.838007 0 0 0 1 
13001298760044;0.672602;0.114105;0.988439 -0.0759096 0.131248 -0.586383 0.0805057 0.996301 -0.0300669 -0.0666595 -0.128481 0.0402856 0.990893 0.185341 0 0 0 1 
13001298760045;0.603165;0.425433;0.989827 0.034739 0.137969 0.126411 -0.0350809 0.999384 4.59378e-05 0.219655 -0.137882 -0.00488553 0.990437 0.235373 0 0 0 1 
13001298760046;0.435224;0.0934889;0.902412 0.10922 -0.416801 0.782869 -0.130401 0.991204 -0.0225916 0.535012 0.410667 0.0747384 0.908717 -1.06401 0 0 0 1 
13001298760047;1.03472;0.0775576;0.998468 -0.0372643 0.0408966 -0.272843 0.0256753 0.966833 0.254114 -0.572547 -0.0490096 -0.252674 0.966309 -0.9822 0 0 0 1 
13001298760048;1.38851;0.0993559;0.994439 0.068317 0.0801451 0.213744 -0.0963515 0.897399 0.430572 -0.784098 -0.0425068 -0.435899 0.898991 -1.31445 0 0 0 1 
13001298760049;0.308211;0.110247;0.989366 0.126708 -0.0714162 0.135985 -0.117793 0.986048 0.11762 0.216361 0.0853231 -0.107957 0.990487 -0.471305 0 0 0 1 
13001298760050;0.383404;0.0890143;0.99862 -0.052436 0.0029037 -0.380576 0.0524365 0.998624 -0.000116161 -0.229139 -0.00289361 0.000268261 0.999996 0.0485128 0 0 0 1 
13001298760051;1.39486;0.0762056;0.91223 -0.38652 0.135791 -1.58647 0.395899 0.916956 -0.0495553 -1.5039 -0.10536 0.0989652 0.989497 0.611117 0 0 0 1 
13001298760052;0.390791;0.109261;0.999945 -0.00984618 0.00365656 -0.27551 0.00982273 0.999931 0.00637906 -0.146581 -0.00371912 -0.00634279 0.999973 -0.0159149 0 0 0 1 
13001298760053;0.738841;0.69709;0.993781 0.111306 0.00327845 0.244228 -0.110657 0.983839 0.140771 0.311102 0.0124432 -0.140258 0.990037 -0.11429 0 0 0 1 
13001298760054;0.290741;0.050717;0.984794 -0.173599 -0.00658623 -0.420631 0.173558 0.984803 -0.00637155 -0.468987 0.00759223 0.00513157 0.999958 -0.161426 0 0 0 1 
13001298760055;0.983527;0.286692;0.968892 -0.04181 0.243925 -0.602046 0.0565241 0.99696 -0.0536347 -0.111908 -0.240941 0.0657539 0.96831 1.26327 0 0 0 1 
13001298760056;0.893456;0.47045;0.998885 -0.0469485 0.00486962 0.156117 0.0470034 0.998824 -0.0118575 -0.259756 -0.0043072 0.0120732 0.999918 -0.162459 0 0 0 1 
13001298760057;1.32906;0.0569343;0.99691 0.067716 0.039805 0.575997 -0.0684863 0.997484 0.0183179 0.81556 -0.0384644 -0.0209874 0.99904 -0.540854 0 0 0 1 
13001298760058;1.04418;0.364322;0.98182 -0.115207 0.150853 -0.534074 0.116259 0.993217 0.00185489 -0.347309 -0.150044 0.0157169 0.988554 -0.131624 0 0 0 1 
13001298760059;1.02726;0.0781362;0.997985 0.046006 -0.0436931 0.487936 -0.0339585 0.969012 0.244667 -0.211972 0.0535953 -0.24269 0.968622 -1.21046 0 0 0 1 
13001298760060;1.18019;0.951658;0.996909 -0.0670246 -0.0409957 0.0170707 0.0730723 0.982672 0.170343 -0.919371 0.0288682 -0.172812 0.984532 -0.251402 0 0 0 1 
13001298760062;0.42647;0.702038;0.993527 -0.113419 0.00635138 -0.332638 0.112179 0.988398 0.102396 -0.117467 -0.0178913 -0.10102 0.994723 -0.0350063 0 0 0 1 
13001298760063;0.820769;0.690417;0.986916 -0.159683 0.0222994 -0.0517853 0.159222 0.987017 0.0211103 -0.0565175 -0.0253808 -0.0172836 0.999528 0.606623 0 0 0 1 
13001298760064;0.637796;0.762053;0.999043 0.0422719 -0.0112648 0.0870947 -0.0423406 0.999086 -0.00593011 0.747665 0.0110038 0.00640139 0.999919 0.340852 0 0 0 1 
13001298760065;1.32441;0.888996;0.967025 -0.184 -0.176086 0.0644391 0.236633 0.904776 0.354097 -0.840608 0.0941646 -0.384088 0.918482 -2.12478 0 0 0 1 
13001298760066;0.832986;0.710499;0.955851 -0.293781 -0.00647197 -0.412696 0.293431 0.955427 -0.0325198 -0.174124 0.0157372 0.029185 0.99945 0.246773 0 0 0 1 
13001298760067;0.500971;0.704574;0.933284 -0.35677 -0.0411809 -0.404248 0.353223 0.932583 -0.0743164 -0.891503 0.0649185 0.0548122 0.996384 -0.375033 0 0 0 1 
13001298760068;1.1413;0.745097;0.942692 -0.303144 0.139413 -0.87596 0.280338 0.946171 0.161776 -0.096048 -0.18095 -0.113422 0.97693 0.643289 0 0 0 1 
13001298760069;0.277143;0.708975;0.988078 -0.0780319 -0.132713 0.0386974 0.105839 0.970311 0.217474 -0.126467 0.111803 -0.228928 0.967002 -1.0304 0 0 0 1 
13001298760070;1.31041;0.763191;0.981826 -0.178449 0.0646061 -0.348691 0.181332 0.98253 -0.0418691 -0.191182 -0.0560059 0.0528233 0.997032 -0.549093 0 0 0 1 
13001298760071;0.311671;0.770679;0.86378 -0.449748 -0.227181 -0.350759 0.486412 0.861942 0.143038 -1.78841 0.131486 -0.234057 0.963291 -1.15848 0 0 0 1 
13001298760072;0.364438;0.732464;0.940594 -0.339342 0.0114001 -0.47114 0.339447 0.940583 -0.00893411 -0.701843 -0.00769103 0.0122731 0.999895 0.174645 0 0 0 1 
13001298760073;1.33186;0.733837;0.885955 -0.374363 0.273746 -0.801463 0.439813 0.865473 -0.239835 -0.632573 -0.147135 0.332881 0.931419 1.00763 0 0 0 1 
13001298760074;0.375476;0.788291;0.859204 -0.33025 -0.390773 0.0984645 0.281628 0.942932 -0.177668 -0.570583 0.427147 0.0426003 0.903178 -1.43628 0 0 0 1 
13001298760075;0.892832;0.788509;0.972881 -0.147043 0.178553 -0.0506649 0.169294 0.978658 -0.116485 -0.208981 -0.157614 0.143554 0.977011 1.59399 0 0 0 1 
13001298760076;0.49285;0.746573;0.942601 -0.333912 -0.00250696 -0.745519 0.333577 0.941942 -0.0383709 -0.814722 0.0151739 0.0353322 0.99926 -0.153793 0 0 0 1 
13001298760077;1.25077;0.700664;0.993021 -0.117566 -0.00934934 -0.403083 0.11773 0.992853 0.0195408 0.333589 0.0069852 -0.0205051 0.999765 0.644008 0 0 0 1 
13001298760078;0.873453;0.803055;0.977403 -0.0908002 -0.190889 0.167989 0.109512 0.989915 0.0898595 0.294356 0.180805 -0.108734 0.97749 -1.44821 0 0 0 1 
13001298760079;0.135451;0.782774;0.984735 -0.165655 -0.053439 -0.104976 0.164836 0.98613 -0.0194118 -0.141019 0.0559134 0.0103068 0.998382 -0.175777 0 0 0 1 
13001298760080;0.477523;0.798612;0.78103 -0.533765 0.324172 -0.68271 0.466751 0.843808 0.264822 -1.87869 -0.414892 -0.0555264 0.908175 1.32071 0 0 0 1 
13001298760081;0.486196;0.661012;0.950525 0.0333296 -0.308855 0.618862 -0.0104034 0.997085 0.0755819 0.238802 0.310474 -0.0686293 0.948101 -1.28048 0 0 0 1 
13001298760082;0.60999;1.95753;0.907019 0.415814 -0.0664441 0.644924 -0.420827 0.889533 -0.177867 1.89404 -0.0148553 0.18929 0.981809 0.42368 0 0 0 1 
13001298760083;0.578912;0.865301;0.876628 -0.481101 -0.00813868 -0.330493 0.45431 0.822003 0.343384 -1.98497 -0.158512 -0.304718 0.93916 -0.251052 0 0 0 1 
13001298760084;0.295038;0.726581;0.999015 0.0388501 0.0214186 0.221131 -0.0382884 0.998927 -0.0260413 0.577638 -0.0224074 0.0251955 0.999431 0.1485 0 0 0 1 
13001298760085;0.331689;0.752468;0.994333 -0.104759 -0.0181042 -0.0271134 0.106274 0.974889 0.195695 -0.225313 -0.0028513 -0.19651 0.980498 -0.45952 0 0 0 1 
13001298760086;0.698459;0.808313;0.97574 -0.218879 -0.0049416 -0.449776 0.218783 0.975656 -0.0151278 -0.585381 0.00813246 0.0136797 0.999873 0.410577 0 0 0 1 
13001298760087;0.67213;0.73161;0.879599 -0.326684 -0.345808 0.124721 0.323829 0.943683 -0.0678037 -0.785557 0.348483 -0.0523423 0.935852 -1.72763 0 0 0 1 
13001298760088;0.268562;0.885784;0.890296 -0.345727 -0.296388 -0.099683 0.34873 0.936167 -0.0444867 -0.870359 0.292849 -0.063753 0.954031 -1.17487 0 0 0 1 
13001298760089;1.15866;0.966811;0.862863 -0.451789 0.226617 -0.95471 0.479347 0.873651 -0.0834246 -1.42993 -0.160294 0.180612 0.970405 1.54904 0 0 0 1 
13001298760090;0.714198;0.711771;0.975665 -0.207778 -0.0700389 -0.53139 0.214145 0.971589 0.10078 -0.508524 0.0471092 -0.113326 0.99244 -0.0424772 0 0 0 1 
13001298760091;1.1529;0.696989;0.979512 -0.181555 -0.0871447 -0.339013 0.181877 0.983312 -0.00430062 -0.58216 0.0864712 -0.0116371 0.996186 -1.07777 0 0 0 1 
13001298760093;1.04775;0.214785;0.892831 -0.34032 0.295018 -0.860876 0.350901 0.936238 0.0180509 -1.12659 -0.28235 0.0874058 0.955321 0.335939 0 0 0 1 
13001298760094;1.11373;0.218249;0.996385 -0.0797394 -0.0293176 -0.114544 0.0837923 0.979318 0.184159 -0.951827 0.0140265 -0.18595 0.982459 -1.34465 0 0 0 1 
13001298760095;0.293853;0.219446;0.990208 0.0749774 0.117757 0.275211 -0.0539535 0.983525 -0.172534 0.0634215 -0.128753 0.164491 0.977939 1.08004 0 0 0 1 
13001298760096;0.895384;0.13874;0.996016 -0.0753972 0.0476254 0.50804 0.0748518 0.997108 0.0131363 -0.696466 -0.0484782 -0.00951915 0.998779 0.174744 0 0 0 1 
13001298760097;0.339617;0.149689;0.99354 -0.0982214 -0.0568354 -0.023467 0.100217 0.994405 0.0333996 -0.435001 0.0532369 -0.0388797 0.997825 -0.50505 0 0 0 1 
13001298760098;0.188558;0.203596;0.989319 0.0216793 -0.144148 0.38096 -0.0162549 0.999119 0.0387029 -0.0776999 0.14486 -0.0359464 0.988799 -0.628322 0 0 0 1 
13001298760099;0.958706;0.355231;0.962855 0.207558 0.172716 0.517601 -0.218166 0.974889 0.0446742 -0.343244 -0.159106 -0.0806953 0.983958 0.180256 0 0 0 1 
13001298760100;0.754489;0.310242;0.979445 0.0675556 -0.190064 0.21184 -0.109379 0.969567 -0.219036 0.17762 0.169483 0.235323 0.957026 0.625588 0 0 0 1 
13001298760101;0.427244;0.25107;0.974247 0.220444 0.0474114 1.04329 -0.219089 0.975175 -0.0321625 0.433438 -0.0533244 0.0209468 0.998358 0.00663711 0 0 0 1 
13001298760102;0.55757;0.406733;0.990065 0.126271 -0.0618687 0.587823 -0.125527 0.991965 0.0157795 0.288753 0.063364 -0.00785651 0.99796 -0.0367214 0 0 0 1 
13001298760103;0.502682;0.288453;0.996967 -0.0674668 -0.0387913 0.0701866 0.0659268 0.997034 -0.0396975 0.103213 0.0413545 0.0370197 0.998458 0.094637 0 0 0 1 
13001298760104;0.301846;0.168612;0.919681 -0.389711 -0.0480895 -0.740585 0.390606 0.920498 0.0105 -1.41542 0.0401743 -0.0284407 0.998788 -0.158964 0 0 0 1 
13001298760105;0.905526;0.243181;0.969261 0.19391 -0.15143 0.95408 -0.200053 0.979432 -0.0262908 0.386467 0.143218 0.0557766 0.988118 -0.897292 0 0 0 1 
13001298760106;0.994487;0.175907;0.936509 -0.348991 -0.0339984 -0.893046 0.345741 0.935221 -0.0763192 -1.9662 0.0584307 0.059719 0.996504 0.546964 0 0 0 1 
13001298760107;0.0362635;0.133522;0.996282 -0.0766616 -0.0393181 -0.157123 0.0775867 0.99673 0.0225661 -0.327153 0.0374595 -0.0255328 0.998972 -0.197603 0 0 0 1 
13001298760108;1.01768;0.19252;0.966275 -0.2118 -0.146469 -0.166786 0.219472 0.974872 0.0381789 -0.817972 0.134702 -0.0690371 0.988478 -1.41455 0 0 0 1 
13001298760109;0.830454;0.171323;0.972967 -0.191534 -0.129038 -0.0609911 0.179669 0.978818 -0.0981508 -0.51051 0.145104 0.0723133 0.98677 -0.798176 0 0 0 1 
13001298760110;0.923517;0.396054;0.99223 -0.124256 -0.00630439 -0.524922 0.121977 0.981515 -0.147478 -0.345966 0.0245129 0.145563 0.989045 0.857082 0 0 0 1 
13001298760111;0.26829;0.214164;0.92293 -0.38495 0.00372317 -0.752042 0.383524 0.918588 -0.0954195 -1.37093 0.0333117 0.0894935 0.99543 0.158468 0 0 0 1 
13001298760112;0.495558;0.502513;0.978967 0.0837011 -0.186058 0.656505 -0.0642637 0.992054 0.10816 0.397961 0.193633 -0.0939279 0.976567 -0.993052 0 0 0 1 
13001298760113;0.269314;0.237658;0.99477 0.102086 -0.00344502 0.430022 -0.102058 0.99475 0.00753839 0.162509 0.00419649 -0.00714737 0.999966 -0.187669 0 0 0 1 
13001298760114;0.734561;0.324917;0.899286 -0.43675 0.0231174 -1.02795 0.437128 0.895819 -0.0801709 -1.16426 0.0143057 0.0822018 0.996513 0.232897 0 0 0 1 
13001298760115;0.321726;0.187523;0.996061 -0.088061 -0.0104128 -0.169573 0.0880826 0.996112 0.00163008 -0.409793 0.0102288 -0.00254085 0.999944 -0.262934 0 0 0 1 
13001298760116;1.15818;0.230756;0.982988 0.139314 -0.119688 1.47238 -0.165696 0.953789 -0.250662 0.559401 0.079236 0.266229 0.960648 1.0742 0 0 0 1 
13001298760117;0.977589;0.356449;0.970899 -0.191966 -0.143191 -0.337053 0.159131 0.963939 -0.213304 -0.793189 0.178974 0.184311 0.966436 0.647517 0 0 0 1 
13001298760118;0.349631;0.232193;0.961854 0.260307 0.0841205 0.911803 -0.250421 0.961605 -0.112273 0.582665 -0.110116 0.0869248 0.99011 0.489727 0 0 0 1 
13001298760119;0.966956;0.277331;0.892536 -0.349637 -0.28484 -0.101806 0.332861 0.936885 -0.107005 -0.875406 0.304275 0.000693624 0.952584 -1.64729 0 0 0 1 
13001298760120;0.820899;0.294818;0.995867 0.0893502 0.0163122 0.80595 -0.0904201 0.992266 0.0850391 -0.0681901 -0.00858782 -0.0861626 0.996244 0.373183 0 0 0 1 
13001298760121;0.247186;0.167238;0.994494 -0.104494 -0.00791937 -0.216372 0.104783 0.990459 0.0895083 -0.352207 -0.00150927 -0.0898453 0.995955 -0.0690306 0 0 0 1 
13001298760122;0.958553;0.12468;0.996265 0.060685 -0.0614344 0.495592 -0.0552895 0.994759 0.0860101 -0.713451 0.0663319 -0.0822922 0.994398 -0.153952 0 0 0 1 
13001298760124;1.10954;0.0723066;0.888745 -0.457608 0.0269723 -0.625837 0.452972 0.885725 0.101528 -3.26026 -0.0703501 -0.078015 0.994467 -0.307654 0 0 0 1 
13001298760125;0.573277;0.0510207;0.942203 0.0323473 -0.333479 0.676735 0.0899624 0.934352 0.344809 -0.785591 0.32274 -0.354881 0.877439 -2.90004 0 0 0 1 
13001298760126;0.254431;0.0750455;0.967099 0.182454 -0.177286 0.851751 -0.170558 0.98207 0.0803012 0.739435 0.188759 -0.0474217 0.980878 -0.923856 0 0 0 1 
13001298760127;0.992788;0.0529967;0.918308 -0.345487 -0.193262 -0.666154 0.348513 0.937107 -0.0192269 -2.64153 0.18775 -0.049698 0.980959 -1.14724 0 0 0 1 
13001298760128;0.0799235;0.0460719;0.999233 0.0377664 0.0103476 0.107104 -0.0375252 0.99904 -0.022591 0.167674 -0.0111909 0.0221854 0.999691 0.163503 0 0 0 1 
13001298760129;0.127861;0.0741411;0.998525 -0.0215412 -0.0498278 0.059769 0.0208573 0.999682 -0.0142064 -0.00325677 0.0501179 0.0131462 0.998657 -0.131791 0 0 0 1 
13001298760130;0.557579;0.0377938;0.97337 -0.212451 -0.0861161 -0.634401 0.211455 0.97717 -0.0206285 -1.22831 0.0885326 0.00186954 0.996072 0.0510741 0 0 0 1 
13001298760131;0.697726;0.0586302;0.988063 -0.152689 -0.0204405 0.0411983 0.148186 0.978305 -0.144777 -1.09071 0.0421029 0.14002 0.989253 0.367895 0 0 0 1 
13001298760132;0.915785;0.0687318;0.976293 0.0292358 0.214471 0.135738 -0.0241498 0.999362 -0.0262969 0.24067 -0.215103 0.020494 0.976376 0.277862 0 0 0 1 
13001298760133;0.526097;0.0527236;0.985321 0.146624 0.0874304 0.458427 -0.151041 0.987447 0.0462086 0.756094 -0.0795575 -0.0587359 0.995098 0.680924 0 0 0 1 
13001298760134;0.640051;0.0642688;0.994216 -0.0285019 -0.103552 0.234183 0.0262111 0.999382 -0.0234164 0.0794707 0.104155 0.0205667 0.994348 0.148032 0 0 0 1 
13001298760135;0.744448;0.0618624;0.896911 0.416994 -0.147194 1.9875 -0.421231 0.90695 0.00262324 1.83947 0.134592 0.0596499 0.989104 0.121162 0 0 0 1 
13001298760136;0.470128;0.0647459;0.992313 0.116557 -0.0415775 0.10729 -0.116443 0.993184 0.0051522 0.537186 0.0418947 -0.000271171 0.999122 -0.446579 0 0 0 1 
13001298760137;0.306436;0.0576701;0.964056 0.0778516 0.254037 0.165105 -0.0198029 0.974504 -0.223494 0.102739 -0.264959 0.21043 0.941019 2.05346 0 0 0 1 
13001298760138;0.926249;0.0676633;0.99967 -0.00396723 -0.0253916 -0.361477 0.00274094 0.998836 -0.0481491 -0.366731 0.025553 0.0480636 0.998517 -0.59325 0 0 0 1 
13001298760139;0.738974;0.0376888;0.962557 0.270764 -0.0130834 0.983695 -0.271074 0.961108 -0.0528232 1.334 -0.00172809 0.0543919 0.998518 0.82006 0 0 0 1 
13001298760140;1.02616;0.0706121;0.985075 0.146646 -0.0901182 0.256239 -0.14805 0.988938 -0.00906796 0.537641 0.0877916 0.0222747 0.99589 -1.17065 0 0 0 1 
13001298760141;0.897713;0.0576049;0.951896 -0.230705 0.201667 -0.827667 0.260396 0.955944 -0.135516 -1.68288 -0.161518 0.181511 0.970034 1.97238 0 0 0 1 
13001298760142;0.158181;0.0607482;0.998733 0.0141097 0.0482975 0.0227692 -0.00895346 0.994394 -0.105358 0.234278 -0.0495133 0.104792 0.993261 0.600502 0 0 0 1 
13001298760143;0.631582;0.256544;0.988173 0.153306 -0.00324268 0.421817 -0.149463 0.958247 -0.243769 0.950756 -0.034264 0.241371 0.969828 1.31563 0 0 0 1 
13001298760144;0.855274;0.0637194;0.986029 -0.10066 -0.132722 0.525397 0.106795 0.993479 0.0399274 -0.496233 0.127837 -0.0535435 0.990349 -0.352132 0 0 0 1 
13001298760145;0.0426315;0.0484227;0.99962 -0.022024 -0.0165795 -0.0465272 0.0214162 0.999123 -0.035986 -0.0506643 0.0173576 0.0356172 0.999215 0.088849 0 0 0 1 
13001298760146;0.950154;0.0566284;0.993804 0.0324548 -0.106303 0.193635 -0.0351651 0.9991 -0.0237213 0.0551609 0.105437 0.0273125 0.994051 0.505675 0 0 0 1 
13001298760147;0.397392;0.0934949;0.943927 0.109632 -0.31142 0.809329 -0.192082 0.949544 -0.247933 1.01704 0.268525 0.293849 0.917359 -0.248148 0 0 0 1 
13001298760148;0.554781;0.0642427;0.997508 -0.0636406 0.0304659 -0.216269 0.0681861 0.980486 -0.184387 -0.419628 -0.0181369 0.186004 0.982381 0.219681 0 0 0 1 
13001298760149;0.73823;0.0593363;0.999169 -0.0383849 -0.0137029 -0.0353763 0.038135 0.999109 -0.0180613 0.230508 0.0143839 0.0175238 0.999743 0.602167 0 0 0 1 
13001298760150;0.886242;0.0549339;0.969708 -0.24276 0.0271008 -0.303053 0.243182 0.969887 -0.0134993 -1.596 -0.0230077 0.0196808 0.999542 -0.402482 0 0 0 1 
13001298760151;1.10427;0.272287;0.968856 0.198826 0.147602 1.28816 -0.222901 0.959882 0.17012 1.32684 -0.107856 -0.197723 0.974306 0.00854929 0 0 0 1 
13001298760152;0.722566;0.0388152;0.952685 0.22812 0.200878 0.329088 -0.162403 0.940648 -0.298003 0.550077 -0.256936 0.25128 0.933189 2.28282 0 0 0 1 
13001298760153;0.343462;0.0874662;0.96541 0.238146 -0.106161 1.00679 -0.253044 0.953922 -0.161252 1.18606 0.062868 0.182538 0.981187 0.247832 0 0 0 1 
13001298760155;0.0682714;0.158529;0.99778 0.0344674 0.0569849 -0.142089 -0.0327289 0.998978 -0.0311649 0.103836 -0.0580008 0.0292307 0.997889 0.328848 0 0 0 1 
13001298760156;0.228778;0.258126;0.997647 0.0681633 0.00733962 -0.124332 -0.0657645 0.981751 -0.178435 0.391447 -0.0193684 0.177533 0.983924 0.179957 0 0 0 1 
13001298760157;0.606065;0.278351;0.992691 0.120108 -0.0118148 -0.70585 -0.120686 0.988419 -0.0919944 0.0384858 0.000628666 0.0927479 0.995689 0.324756 0 0 0 1 
13001298760158;0.344682;0.244738;0.974273 -0.00535876 -0.225306 0.14186 -0.024623 0.991202 -0.13005 0.317193 0.224021 0.132252 0.965569 -0.886748 0 0 0 1 
13001298760159;0.780294;0.617334;0.99608 0.0388372 -0.0794812 0.209829 -0.0322665 0.996081 0.082346 -0.0326449 0.0823678 -0.0794586 0.993429 -0.726059 0 0 0 1 
13001298760160;0.374691;0.326482;0.993774 0.0756946 -0.0817542 -0.294856 -0.0509873 0.961407 0.270365 0.052902 0.0990642 -0.264513 0.959281 -0.0263933 0 0 0 1 
13001298760161;0.829311;0.250305;0.893126 0.0850507 0.441692 -0.797631 -0.0796574 0.996347 -0.0307813 0.237876 -0.442696 -0.00769241 0.896639 2.20518 0 0 0 1 
13001298760162;0.477774;0.191553;0.977426 0.16898 -0.12682 -0.23451 -0.200849 0.929414 -0.309596 0.831677 0.0655523 0.328079 0.942373 0.232089 0 0 0 1 
13001298760163;0.737936;0.551716;0.996401 -0.0627749 0.0569512 -0.171138 0.0651834 0.997011 -0.0414655 -0.783055 -0.054178 0.0450285 0.997515 0.49507 0 0 0 1 
13001298760164;0.306679;0.267196;0.995894 0.0294172 -0.0856131 -0.197845 -0.0560499 0.943023 -0.327972 0.371089 0.0710871 0.331424 0.9408 -0.0941288 0 0 0 1 
13001298760165;0.655134;0.259409;0.987576 -0.151021 -0.0434385 -0.558516 0.153028 0.987089 0.0473006 -0.770852 0.0357343 -0.0533602 0.997936 -0.580406 0 0 0 1 
13001298760166;0.142166;0.255267;0.999018 -0.0425101 0.0124921 -0.305102 0.0432039 0.997151 -0.0618352 -0.16256 -0.00982786 0.0623142 0.998008 0.0208655 0 0 0 1 
13001298760167;0.73402;1.00917;0.9918 -0.0695733 0.107199 -0.662524 0.0705549 0.997493 -0.00538704 -0.545311 -0.106555 0.0129063 0.994223 0.931852 0 0 0 1 
13001298760168;0.457979;0.981195;0.99865 -0.0513788 0.00764458 -0.987423 0.0519415 0.989284 -0.136451 -0.148855 -0.000551972 0.136664 0.990617 -0.164249 0 0 0 1 
13001298760169;0.0971797;0.341728;0.993173 0.111119 0.0355071 -0.360541 -0.114792 0.985115 0.127948 0.333933 -0.0207612 -0.13115 0.991145 0.028421 0 0 0 1 
13001298760170;0.865636;1.00723;0.984394 -0.0485115 -0.169162 -0.922342 0.0377721 0.997095 -0.0661375 -0.563909 0.171879 0.0587158 0.983367 -0.0627535 0 0 0 1 
13001298760171;0.53187;0.229577;0.979313 -0.198021 -0.041643 -0.219244 0.200972 0.927816 0.314272 -1.19319 -0.0235954 -0.31614 0.948419 0.507499 0 0 0 1 
13001298760172;0.399772;0.403937;0.982953 0.147005 0.110425 -0.133576 -0.164048 0.972433 0.165716 0.371117 -0.0830195 -0.181006 0.979972 0.495217 0 0 0 1 
13001298760173;0.409814;0.644429;0.997705 -0.00726173 0.0673151 -0.551273 0.00435503 0.999056 0.0432272 -0.194626 -0.0675655 -0.0428348 0.996795 0.293427 0 0 0 1 
13001298760174;0.230776;0.231038;0.995792 0.0761054 -0.0510466 -0.210626 -0.0773858 0.996722 -0.0235907 0.127172 0.0490839 0.0274417 0.998418 0.0877179 0 0 0 1 
13001298760175;0.184973;0.15353;0.992025 0.0497899 -0.11579 -0.107888 -0.0620698 0.992535 -0.104988 0.242369 0.109698 0.111338 0.98771 -0.506509 0 0 0 1 
13001298760176;0.684651;0.223853;0.962781 0.267897 0.0358327 -0.258217 -0.258542 0.874179 0.411056 0.260833 0.0787962 -0.405021 0.910906 -0.752526 0 0 0 1 
13001298760177;0.712892;0.762213;0.999944 0.00529102 -0.00915678 -0.381396 -0.00782467 0.952634 -0.304017 0.105065 0.0071145 0.304072 0.952622 -0.296241 0 0 0 1 
13001298760178;0.372998;0.90728;0.992775 0.119793 0.00683271 -0.574829 -0.119543 0.992391 -0.0295034 -0.254712 -0.010315 0.0284734 0.999541 -0.0472221 0 0 0 1 
13001298760179;0.364497;0.243777;0.987638 0.040975 0.151304 -0.28795 -0.0939053 0.927521 0.361784 -0.0400067 -0.125513 -0.371519 0.919902 0.616996 0 0 0 1 
13001298760180;0.444705;0.454344;0.986257 -0.131272 -0.100321 -0.452585 0.160047 0.909816 0.38291 -0.793011 0.041008 -0.393704 0.918322 -0.301586 0 0 0 1 
13001298760181;0.327893;0.323264;0.981985 -0.0661688 0.176994 -0.531868 0.0759222 0.995914 -0.0489056 -0.347831 -0.173035 0.0614624 0.982996 0.572594 0 0 0 1 
13001298760182;0.549357;0.357209;0.994274 -0.00260903 -0.106834 -0.195613 0.0114157 0.996575 0.0819052 -0.669223 0.106254 -0.0826558 0.990898 -0.0197868 0 0 0 1 
13001298760183;0.363905;0.234564;0.975308 -0.0157678 -0.220284 -0.00307529 0.0692677 0.968957 0.237326 -0.540734 0.209703 -0.246724 0.946124 -0.504725 0 0 0 1 
13001298760184;0.185151;0.249333;0.973464 0.185649 -0.1338 0.00333409 -0.176625 0.981299 0.0765276 0.347842 0.145505 -0.0508644 0.988049 -0.516054 0 0 0 1 
13001298760186;0.752269;0.366646;0.994326 -0.0921339 -0.0531647 -0.157243 0.0914361 0.995692 -0.0154154 -0.205773 0.054356 0.0104668 0.998467 0.260636 0 0 0 1 
13001298760187;1.11885;0.334315;0.889734 -0.454661 0.0406957 -0.339365 0.455436 0.89019 -0.0118504 -2.09458 -0.030839 0.029078 0.999101 0.408525 0 0 0 1 
13001298760188;1.47853;0.442299;0.993721 -0.0894944 0.0671585 -0.396157 0.108016 0.923883 -0.367115 -0.0888694 -0.0291919 0.372064 0.927748 0.343699 0 0 0 1 
13001298760189;0.694353;0.386488;0.999646 0.026128 0.00501563 0.369644 -0.026104 0.999648 -0.00479441 -0.366417 -0.00513913 0.00466178 0.999976 -0.176423 0 0 0 1 
13001298760190;1.04867;0.362858;0.946095 -0.289535 -0.145167 -0.481916 0.295439 0.955143 0.020427 -1.73499 0.132741 -0.0622139 0.989196 -0.617358 0 0 0 1 
13001298760191;0.608395;0.376346;0.998905 0.0467535 0.00177244 0.104946 -0.0467376 0.998874 -0.00813292 -0.0876564 -0.00215069 0.00804117 0.999965 -0.30945 0 0 0 1 
13001298760192;0.728377;0.425338;0.975624 -0.202069 0.0855855 -0.42818 0.201401 0.979371 0.0164627 -0.531993 -0.0871465 0.0011756 0.996195 0.629017 0 0 0 1 
13001298760193;0.223967;0.31216;0.984595 -0.174603 0.00927924 -0.301729 0.174135 0.983981 0.0381962 -0.587548 -0.0157998 -0.035992 0.999227 -0.0845234 0 0 0 1 
13001298760194;0.894476;0.442267;0.998328 -0.0236111 0.0527663 -0.0851409 0.0294486 0.993188 -0.112744 -0.194574 -0.0497448 0.11411 0.992222 0.0382382 0 0 0 1 
13001298760195;0.58478;0.713844;0.995653 0.0927732 0.0082888 0.369395 -0.0928413 0.995647 0.00823941 -0.0901681 -0.00748832 -0.00897313 0.999932 0.243676 0 0 0 1 
13001298760196;0.904607;0.345085;0.991332 -0.1175 0.0587752 -0.58008 0.118471 0.992868 -0.0132978 -0.148135 -0.0567935 0.0201457 0.998183 -0.129711 0 0 0 1 
13001298760197;0.286883;0.32228;0.96834 -0.248784 -0.0205771 -0.423441 0.24937 0.967814 0.0339332 -1.06514 0.0114728 -0.0379902 0.999212 -0.0408014 0 0 0 1 
13001298760198;1.24998;1.26764;0.985172 0.169829 0.0243615 0.444205 -0.170405 0.985084 0.0239188 0.126235 -0.019936 -0.0277154 0.999417 -0.483827 0 0 0 1 
13001298760199;1.55468;0.378306;0.946984 -0.0993434 -0.305537 0.479099 0.101453 0.9948 -0.00901003 -0.373352 0.304843 -0.0224652 0.952137 -1.65849 0 0 0 1 
13001298760200;0.663257;0.312201;0.994063 -0.102862 0.0354778 -0.441174 0.102472 0.994656 0.0126414 -0.81979 -0.0365885 -0.0089309 0.999291 0.0345756 0 0 0 1 
13001298760201;0.427557;0.401987;0.999596 0.00546838 0.027888 -0.0436029 -0.00588974 0.999869 0.0150495 -0.155925 -0.0278021 -0.0152077 0.999498 -0.0315016 0 0 0 1 
13001298760202;1.14516;0.331899;0.981797 -0.163981 -0.0958396 -0.156353 0.170795 0.982972 0.067793 -0.739982 0.0830908 -0.0829279 0.993086 -0.991788 0 0 0 1 
13001298760203;0.345194;0.458072;0.998739 0.022078 -0.0450832 0.156249 -0.0177766 0.995444 0.0936772 -0.141907 0.046946 -0.0927577 0.994581 -0.25514 0 0 0 1 
13001298760204;0.987501;0.350147;0.970302 -0.236729 0.0497334 -0.775341 0.235382 0.971393 0.0314766 -0.590221 -0.0557621 -0.0188355 0.998266 -0.402863 0 0 0 1 
13001298760205;1.27725;0.412904;0.960963 -0.275736 -0.0227886 0.103385 0.275884 0.961185 0.00352729 -1.0925 0.0209315 -0.0096766 0.999734 0.445371 0 0 0 1 
13001298760206;0.732057;0.664781;0.999292 0.0201753 -0.0317698 0.0535761 -0.0238846 0.992356 -0.121077 -0.0704531 0.0290842 0.12175 0.992135 0.607707 0 0 0 1 
13001298760207;0.280311;0.334281;0.947144 -0.265611 -0.179913 -0.302965 0.273812 0.961533 0.0219323 -0.963004 0.167167 -0.0700354 0.983438 -0.521072 0 0 0 1 
13001298760208;0.976835;0.293925;0.986703 -0.151719 0.0582904 -0.124513 0.152091 0.988364 -0.00197592 -0.980853 -0.0573124 0.0108151 0.998298 0.578803 0 0 0 1 
13001298760209;0.510095;0.315078;0.996437 -0.0832552 -0.0135213 0.0148443 0.0832008 0.996522 -0.00453693 -0.491379 0.013852 0.00339578 0.999898 -0.100849 0 0 0 1 
13001298760210;0.786915;0.430802;0.968671 -0.209145 0.133918 -0.523591 0.21004 0.977663 0.00757021 -0.402396 -0.13251 0.0207951 0.990964 0.180418 0 0 0 1 
13001298760211;0.331308;0.293447;0.991864 -0.0587453 0.112937 -0.190499 0.0384841 0.984018 0.173862 -0.37247 -0.121345 -0.168101 0.978273 0.0609097 0 0 0 1 
13001298760212;0.525518;0.314017;0.993278 0.0371576 0.109625 -0.172511 -0.0383475 0.999226 0.00876606 -0.0919024 -0.109214 -0.012911 0.993934 0.109925 0 0 0 1 
13001298760213;1.26584;0.599281;0.974576 -0.214052 0.0662106 -0.0821075 0.221277 0.96591 -0.134365 -0.82143 -0.0351923 0.1456 0.988717 1.14948 0 0 0 1 
13001298760214;1.19532;1.73375;0.959814 -0.121937 0.252763 -0.311185 0.0895516 0.986663 0.135929 -0.809219 -0.265966 -0.107831 0.957932 0.672451 0 0 0 1 
13001298760215;0.473246;0.404777;0.992725 0.10288 0.0625567 0.161244 -0.105948 0.993218 0.0478794 -0.185254 -0.0572067 -0.0541588 0.996892 -0.0337881 0 0 0 1 
13001298760217;0.222897;0.0543322;0.993755 -0.0916109 -0.0637058 -0.181168 0.09462 0.994453 0.0459352 -0.457145 0.0591442 -0.0516761 0.996911 -0.267686 0 0 0 1 
13001298760218;0.56062;0.0517855;0.979568 0.105693 0.171101 0.56217 -0.144181 0.962191 0.231083 0.139122 -0.140208 -0.251031 0.957771 -0.139109 0 0 0 1 
13001298760219;1.35156;0.0598198;0.995291 -0.0969255 0.000587145 -0.37297 0.0969034 0.994893 -0.0282459 -0.0911268 0.0021536 0.0281698 0.999601 1.02787 0 0 0 1 
13001298760220;0.477483;0.0566172;0.91456 -0.224186 0.336631 -0.286992 0.178421 0.970586 0.161647 -0.673295 -0.362969 -0.0877739 0.927658 1.35175 0 0 0 1 
13001298760221;0.489369;0.0433164;0.952839 -0.132718 0.272918 -0.26266 0.0919958 0.983306 0.15699 -0.625007 -0.289197 -0.124479 0.949142 0.965382 0 0 0 1 
13001298760222;1.04527;0.0664145;0.998279 0.0484871 0.0329906 -0.237653 -0.0552733 0.965905 0.252926 -0.460003 -0.0196021 -0.254315 0.966923 -0.982873 0 0 0 1 
13001298760223;0.25956;0.041374;0.971897 0.0923896 0.216519 0.131214 -0.109182 0.991768 0.0668998 0.352214 -0.208555 -0.0886597 0.973984 0.500362 0 0 0 1 
13001298760224;0.137794;0.0439739;0.999066 -0.00355909 -0.043057 -0.00724925 0.00328254 0.999974 -0.0064918 7.69668e-05 0.043079 0.0063444 0.999052 -0.0562358 0 0 0 1 
13001298760225;1.05742;0.0629309;0.910521 -0.0131829 0.413252 -0.534935 0.0308828 0.998868 -0.0361801 -0.270171 -0.412307 0.0457051 0.909898 1.81897 0 0 0 1 
13001298760226;1.15936;0.0594063;0.98573 0.168188 -0.00694071 -0.0706342 -0.168293 0.98555 -0.0191966 0.531476 0.00361176 0.0200908 0.999792 0.626546 0 0 0 1 
13001298760227;0.324156;0.065162;0.938847 0.328288 -0.10389 1.25995 -0.339538 0.93281 -0.120742 1.19269 0.0572718 0.148633 0.987233 0.273203 0 0 0 1 
13001298760228;1.39459;0.0442173;0.933951 -0.127762 0.333785 -0.699298 0.233435 0.925259 -0.299004 -0.095248 -0.270636 0.357172 0.893971 1.80125 0 0 0 1 
13001298760229;0.664996;0.0577866;0.965913 -0.0336126 0.256674 -0.24297 -0.0358048 0.964657 0.261067 0.055572 -0.256377 -0.261358 0.930571 0.660261 0 0 0 1 
13001298760230;0.977712;0.0391963;0.950997 -0.307052 0.0363757 -0.559017 0.300602 0.945685 0.123763 -1.66449 -0.0724016 -0.106764 0.991645 -0.535537 0 0 0 1 
13001298760231;0.367575;0.0508669;0.899931 0.355761 0.252107 1.19433 -0.363129 0.931559 -0.0183325 1.17228 -0.241374 -0.0750493 0.967526 0.584938 0 0 0 1 
13001298760232;0.090517;0.0590649;0.997142 0.0403349 -0.0638758 0.201432 -0.0414124 0.99902 -0.0156354 0.205686 0.0631825 0.0182359 0.997835 -0.189975 0 0 0 1 
13001298760233;0.668099;0.0582627;0.968672 -0.248041 -0.0122799 -0.185293 0.248344 0.967612 0.0453083 -0.679834 0.000643864 -0.0469386 0.998898 -0.0819829 0 0 0 1 
13001298760234;0.755306;0.0666615;0.99276 0.109472 -0.0494242 0.207194 -0.100825 0.983159 0.152422 0.0291417 0.0652778 -0.146336 0.987079 -0.165353 0 0 0 1 
13001298760235;0.973297;0.0658398;0.998863 0.0377874 -0.0290702 0.163024 -0.0366571 0.998587 0.0384796 -0.523515 0.0304832 -0.0373702 0.998836 -0.41669 0 0 0 1 
13001298760236;0.97211;0.0575026;0.958964 -0.141595 -0.24564 0.120361 0.191894 0.961916 0.194665 -1.02656 0.208721 -0.233814 0.949614 -1.96202 0 0 0 1 
13001298760237;0.48343;0.059081;0.998547 0.0407245 0.0352805 0.0906408 -0.0401722 0.999061 -0.0162244 -0.125921 -0.0359081 0.0147836 0.999246 0.0177641 0 0 0 1 
13001298760238;0.245894;0.0490189;0.998574 0.0533815 -0.00105103 0.153156 -0.0533244 0.996129 -0.0698892 0.106227 -0.00268383 0.0698455 0.997554 0.3332 0 0 0 1 
13001298760239;0.597612;0.0440016;0.936932 0.347536 -0.0371046 1.2927 -0.344503 0.936196 0.0696706 1.01958 0.0589502 -0.0524939 0.99688 -0.694223 0 0 0 1 
13001298760240;0.379328;0.0526032;0.998179 -0.0598894 0.00725976 -0.135885 0.059425 0.996837 0.0527761 -0.127688 -0.0103975 -0.0522486 0.99858 0.157537 0 0 0 1 
13001298760241;0.905295;0.0445314;0.99764 -0.0522128 -0.0445833 0.412525 0.0596748 0.980546 0.186996 -0.032553 0.0339524 -0.189216 0.981348 -0.77132 0 0 0 1 
13001298760242;0.886526;0.0738131;0.921556 -0.341435 0.184817 -1.0214 0.314278 0.935537 0.161245 -1.38442 -0.227958 -0.0905127 0.969455 0.140265 0 0 0 1 
13001298760243;0.836676;0.0588983;0.951354 0.242842 0.189613 0.944988 -0.222894 0.967356 -0.120581 0.502354 -0.212705 0.0724522 0.974427 0.560375 0 0 0 1 
13001298760244;1.22657;0.043124;0.993566 0.113228 0.00258122 0.899886 -0.113245 0.993537 0.00768025 0.589255 -0.00169492 -0.00792314 0.999967 0.617364 0 0 0 1 
13001298760245;1.14759;0.0557023;0.998158 -0.0585465 -0.0158808 -0.895466 0.0566492 0.993255 -0.10117 0.0604136 0.0216969 0.100085 0.994742 -0.034199 0 0 0 1 
13001298760246;0.304771;0.0786498;0.939962 0.272004 -0.206121 1.11192 -0.281553 0.959378 -0.0179263 0.988624 0.192872 0.0748842 0.978362 -0.587234 0 0 0 1 
13001298760248;0.0489943;0.477777;0.995402 -0.0941016 -0.0178624 -0.391119 0.0940114 0.995554 -0.0058235 -0.671071 0.018331 0.00411746 0.999823 -0.0596139 0 0 0 1 
13001298760249;0.420407;0.311243;0.998003 -0.0619804 -0.0122177 -0.474067 0.0621314 0.997991 0.012391 -0.539623 0.0114251 -0.0131253 0.999849 -0.441225 0 0 0 1 
13001298760250;0.517589;0.452706;0.994623 -0.072137 0.0743059 -0.491724 0.0701799 0.997124 0.0286238 -0.448718 -0.076157 -0.0232551 0.996825 0.537562 0 0 0 1 
13001298760251;0.918817;1.17571;0.973917 -0.226513 0.0133083 -0.684141 0.223421 0.967554 0.11799 -1.13737 -0.0396028 -0.111939 0.992926 -0.597849 0 0 0 1 
13001298760252;0.624083;0.375665;0.997233 -0.00771419 -0.0739406 -0.190268 0.00473008 0.99917 -0.0404487 0.228849 0.0741913 0.039987 0.996442 -0.0960884 0 0 0 1 
13001298760253;0.848575;0.299773;0.975861 0.146664 0.161815 0.697179 -0.147669 0.989019 -0.0058646 0.187665 -0.160899 -0.0181722 0.986804 0.975628 0 0 0 1 
13001298760254;0.316984;0.386143;0.988683 -0.14338 -0.044148 -0.443405 0.13355 0.975217 -0.176398 -0.608127 0.0683458 0.168505 0.983328 0.400884 0 0 0 1 
13001298760255;0.292142;0.894259;0.979216 -0.134186 -0.152086 -0.495592 0.13133 0.990923 -0.0287158 -1.09525 0.154559 0.00814547 0.98795 -0.577767 0 0 0 1 
13001298760256;0.288912;0.446603;0.998825 0.00146684 -0.0484359 0.0523108 -0.000341579 0.99973 0.0232321 -0.530706 0.0484569 -0.0231883 0.998556 -0.106789 0 0 0 1 
13001298760257;0.0896223;0.478488;0.997783 -0.0597397 0.0293211 -0.286149 0.0570875 0.994812 0.0841982 -0.60953 -0.0341989 -0.0823377 0.996018 -0.191391 0 0 0 1 
13001298760258;0.918056;0.480579;0.995749 -0.00164578 0.0920915 -0.0459689 -0.00341902 0.998491 0.0548126 0.37241 -0.0920428 -0.0548945 0.994241 0.111298 0 0 0 1 
