#;prob_registration_l1 -r /home/probabilistic_point_clouds_registration/build/tester /home/point_clouds_registration_benchmark//devel/registration_pairs/box_met_local.txt /home/point_clouds_registration_benchmark//planetary/box_met -s 0.2 -t 0.2 -p 0.3 -r 1000 -m 10 -i 40 
id;initial_error;final_error;transformation
7680147070000;1.79635;2.09758;0.877209 0.208339 0.432549 -8.63574 -0.148427 0.974488 -0.168355 -6.70252 -0.456589 0.0834805 0.885753 -31.7546 0 0 0 1 
7680147070001;0.811107;2.02302;0.982184 0.168195 0.0838152 -4.54498 -0.1456 0.96308 -0.226446 -5.66559 -0.118808 0.210208 0.970411 -11.9665 0 0 0 1 
7680147070002;1.49386;1.90272;0.958822 0.00752568 -0.283907 -4.24594 -0.0830198 0.963413 -0.25484 -2.88149 0.271602 0.267916 0.924366 8.98473 0 0 0 1 
7680147070003;0.946768;2.1613;0.994198 0.10743 -0.005397 -3.35718 -0.106465 0.975622 -0.191901 -4.37672 -0.0153506 0.191362 0.981399 -3.82718 0 0 0 1 
7680147070004;1.43077;3.02547;0.998362 -0.0275551 -0.0501307 -1.16558 0.0208184 0.991262 -0.130258 2.56457 0.0532819 0.129001 0.990212 0.12141 0 0 0 1 
7680147070005;0.312811;2.01523;0.981189 0.188528 0.0415365 -5.27584 -0.189197 0.981856 0.0127698 -7.95213 -0.0383754 -0.0203881 0.999055 -2.77751 0 0 0 1 
7680147070006;1.56238;1.8151;0.999109 -0.0396398 -0.0144963 0.146542 0.0399063 0.999031 0.0185796 3.89383 0.0137458 -0.0191415 0.999722 -1.3536 0 0 0 1 
7680147070007;1.77223;2.65229;0.965244 0.153876 0.211249 -4.64411 -0.200296 0.954778 0.219729 -6.35912 -0.167885 -0.254404 0.952414 -8.76705 0 0 0 1 
7680147070008;0.368314;2.59594;0.981366 0.176887 0.0750506 -4.837 -0.177419 0.984135 0.000428665 -6.51587 -0.0737841 -0.0137361 0.99718 -4.90879 0 0 0 1 
7680147070009;2.02654;2.27573;0.998825 -0.0405097 0.0265845 -1.33235 0.0424582 0.996098 -0.0773638 4.53731 -0.0233468 0.0784017 0.996648 -6.40456 0 0 0 1 
7680147070010;1.67484;2.08394;0.991271 -0.00781183 -0.131609 -1.99492 0.00595027 0.999877 -0.0145319 2.58803 0.131707 0.013622 0.991195 8.97757 0 0 0 1 
7680147070011;1.58383;2.21102;0.976182 0.0704177 0.205206 -2.82424 0.0054873 0.937543 -0.347827 1.07104 -0.216883 0.340668 0.914826 -18.0001 0 0 0 1 
7680147070012;1.55669;1.96624;0.995825 -0.00461532 0.0911703 -2.16193 0.0229109 0.979391 -0.200669 3.27178 -0.0883653 0.20192 0.975408 -7.70307 0 0 0 1 
7680147070013;1.90796;2.51163;0.997856 0.0654377 -0.000944471 -2.36755 -0.0640546 0.97952 0.190884 0.443193 0.0134162 -0.190414 0.981612 0.608518 0 0 0 1 
7680147070014;1.7784;2.06533;0.98956 0.139643 -0.0356486 -4.15027 -0.142258 0.986058 -0.086325 -5.05248 0.0230969 0.090495 0.995629 -3.31872 0 0 0 1 
7680147070015;0.363704;2.68849;0.997799 0.0206275 -0.0630156 -3.51399 0.00398597 0.929999 0.36754 6.73821 0.0661859 -0.366982 0.92787 9.20559 0 0 0 1 
7680147070016;0.265959;2.06589;0.996154 0.0865501 0.0136409 -3.23148 -0.087099 0.995101 0.0467631 -1.99904 -0.00952673 -0.0477714 0.998813 -0.727262 0 0 0 1 
7680147070017;0.994504;2.21655;0.999298 0.0183137 -0.0326689 -2.02294 -0.0175806 0.99959 0.0225873 1.92459 0.0330692 -0.0219971 0.999211 0.384981 0 0 0 1 
7680147070018;1.14391;2.5125;0.916784 0.111164 -0.383602 -11.4991 -0.112088 0.993497 0.0200225 -2.57852 0.383333 0.0246409 0.923281 21.1249 0 0 0 1 
7680147070019;1.59901;1.80075;0.998571 0.052033 0.0122274 -1.27196 -0.0520379 0.998645 7.68624e-05 0.668564 -0.0122069 -0.000713042 0.999925 -1.03423 0 0 0 1 
7680147070020;1.99055;2.58672;0.976146 0.0293623 0.21512 -4.06282 -0.0530256 0.99305 0.105069 1.38195 -0.21054 -0.11397 0.970919 -9.95749 0 0 0 1 
7680147070021;1.30849;2.45449;0.967292 -0.00798625 -0.253541 -5.31261 0.0601109 0.978252 0.198517 8.58388 0.246441 -0.207265 0.946735 15.7988 0 0 0 1 
7680147070022;0.490232;2.55419;0.997804 -0.0504896 0.0428706 -0.762561 0.048437 0.99769 0.0476393 6.2422 -0.0451769 -0.0454582 0.997944 -2.13237 0 0 0 1 
7680147070023;1.93092;1.6243;0.98469 0.171538 0.0309733 -4.59745 -0.165115 0.974848 -0.149691 -5.50441 -0.0558721 0.142285 0.988248 -5.64619 0 0 0 1 
7680147070024;2.01577;3.42672;0.988474 0.0793963 -0.128902 -3.89223 -0.05304 0.979101 0.196337 1.02376 0.141797 -0.187237 0.972027 9.21669 0 0 0 1 
7680147070025;1.53658;1.86341;0.955133 -0.107231 -0.276084 -2.77549 0.0674665 0.986424 -0.149723 4.49073 0.288391 0.124379 0.9494 11.8906 0 0 0 1 
7680147070026;1.23157;2.48754;0.987609 0.150802 0.0434311 -4.1272 -0.153754 0.985229 0.0753839 -4.21596 -0.0314215 -0.0811276 0.996208 0.233263 0 0 0 1 
7680147070027;1.05263;2.16921;0.941352 0.0384112 0.335233 -4.45831 -0.0928091 0.984654 0.147791 -1.54611 -0.324412 -0.170236 0.930471 -17.1889 0 0 0 1 
7680147070028;0.137424;1.98832;0.998524 0.0526634 0.0132761 -2.36519 -0.0528038 0.99855 0.010452 -0.712652 -0.0127064 -0.0111376 0.999857 -1.11558 0 0 0 1 
7680147070029;1.81513;1.68899;0.99786 0.00476125 -0.0652169 -2.81212 -0.00648069 0.999636 -0.0261787 3.92664 0.0650686 0.0265453 0.997528 3.24032 0 0 0 1 
7680147070031;0.429088;0.389767;0.971696 -0.0376457 -0.233215 -1.27997 0.0404733 0.999154 0.00734919 0.559983 0.232741 -0.0165802 0.972397 1.97603 0 0 0 1 
7680147070032;0.91489;0.845073;0.996293 0.00961511 0.0854834 -0.0132161 -0.0177923 0.995278 0.0954176 0.646142 -0.0841624 -0.0965848 0.99176 0.962222 0 0 0 1 
7680147070033;0.415478;0.268566;0.980407 0.0323994 0.194302 -0.203339 0.0268509 0.955194 -0.29476 -0.300405 -0.195146 0.294202 0.935608 -9.10409 0 0 0 1 
7680147070034;0.600344;0.515472;0.983073 -0.0580042 -0.173791 -0.451206 0.0283025 0.985254 -0.16874 -0.218882 0.181016 0.160965 0.970218 -1.30489 0 0 0 1 
7680147070035;0.44843;0.387228;0.99723 0.0211142 0.0713214 -0.502671 -0.0356363 0.977275 0.208959 1.19927 -0.0652886 -0.210921 0.97532 3.12841 0 0 0 1 
7680147070036;0.879785;0.193719;0.999775 -0.014476 -0.0154934 -1.86175 0.0140854 0.999587 -0.0250326 0.889291 0.0158494 0.0248087 0.999567 -0.829946 0 0 0 1 
7680147070037;0.82527;0.257229;0.999838 0.00672563 0.0166921 -0.44739 -0.00728189 0.999413 0.0334907 0.591255 -0.0164571 -0.0336068 0.9993 2.22612 0 0 0 1 
7680147070038;0.802274;0.292566;0.978137 0.0156809 0.207368 -0.328179 -0.0752568 0.956261 0.282669 2.72757 -0.193865 -0.292095 0.936534 4.635 0 0 0 1 
7680147070039;1.33952;0.48036;0.998142 0.0609319 0.000529733 -4.23606 -0.0609217 0.997723 0.0289385 0.11586 0.00123475 -0.028917 0.999581 1.49317 0 0 0 1 
7680147070040;0.158831;0.214613;0.999527 -0.0120066 -0.0283202 -0.267063 0.00874645 0.993607 -0.112554 -0.391887 0.0294906 0.112253 0.993242 -2.14211 0 0 0 1 
7680147070041;1.36617;0.313544;0.999451 -0.00140609 0.0330973 -0.495201 8.94388e-07 0.9991 0.0424184 0.235481 -0.0331271 -0.0423951 0.998552 -2.32157 0 0 0 1 
7680147070042;0.46675;0.364175;0.997132 0.00915273 0.0751287 -0.125116 0.00608737 0.979746 -0.200153 -0.575188 -0.075439 0.200037 0.97688 -5.81633 0 0 0 1 
7680147070043;1.14629;1.02598;0.964537 0.059148 0.257234 -0.373051 0.000392813 0.974245 -0.22549 -0.660121 -0.263946 0.217594 0.939673 -7.40569 0 0 0 1 
7680147070044;0.702038;0.172434;0.999148 -0.00172693 -0.0412413 -0.625907 0.00506901 0.996695 0.0810708 0.904331 0.040965 -0.0812108 0.995855 3.54563 0 0 0 1 
7680147070045;0.887978;0.569802;0.999667 -0.00644691 0.0250061 -0.336861 0.0064229 0.999979 0.00104014 0.408051 -0.0250123 -0.000879186 0.999687 -1.43154 0 0 0 1 
7680147070046;0.520495;0.304609;0.995761 0.00746896 0.091678 0.0479012 0.00830586 0.985325 -0.170488 -0.531076 -0.091606 0.170527 0.981086 -5.67694 0 0 0 1 
7680147070047;1.3778;0.621359;0.99524 0.0566842 -0.0792676 -4.51298 -0.0315924 0.957166 0.287812 2.99652 0.0921866 -0.283938 0.954401 8.14403 0 0 0 1 
7680147070048;1.12108;1.09856;0.999996 0.00228297 0.00185232 -0.121279 -0.00219739 0.998986 -0.0449621 -0.271673 -0.00195309 0.0449579 0.998987 -0.765219 0 0 0 1 
7680147070049;0.932757;0.505243;0.996883 -0.039907 -0.0680575 -0.8518 0.0300431 0.989661 -0.140248 0.601623 0.0729507 0.137766 0.987775 -0.909273 0 0 0 1 
7680147070050;1.2993;0.359405;0.954464 -0.0502501 -0.294065 -3.51732 0.0157363 0.99282 -0.118578 0.187045 0.297912 0.108551 0.948401 0.113064 0 0 0 1 
7680147070051;0.92457;0.503363;0.99769 0.0168082 0.0658154 -0.280706 -0.0333222 0.965416 0.258576 1.40578 -0.0591931 -0.260172 0.963746 3.11764 0 0 0 1 
7680147070052;0.840224;0.71935;0.963947 -0.0321127 -0.264151 -1.57955 0.0749831 0.985244 0.153855 2.44666 0.255312 -0.168115 0.952131 7.00318 0 0 0 1 
7680147070053;0.82655;0.457458;0.999995 0.00268773 0.00140621 -0.336957 -0.00267499 0.999956 -0.00898873 0.219871 -0.00143031 0.00898493 0.999959 1.2155 0 0 0 1 
7680147070054;0.270576;0.276571;0.998676 0.0226865 0.0461601 -0.731916 -0.0251763 0.998218 0.0540928 0.135053 -0.0448507 -0.0551833 0.997468 0.698146 0 0 0 1 
7680147070055;0.73698;0.393165;0.983788 -0.110202 -0.141481 0.898189 0.0391111 0.90177 -0.430443 0.330533 0.175019 0.417932 0.89146 -6.76597 0 0 0 1 
7680147070056;0.896614;0.293079;0.999112 -0.0306657 -0.0288873 -0.0639092 0.0300664 0.999328 -0.0209557 0.270632 0.0295105 0.0200685 0.999363 -2.21078 0 0 0 1 
7680147070057;0.403726;0.281536;0.998472 0.0145312 0.0533215 -1.21992 -0.0125006 0.999191 -0.0382195 0.110663 -0.0538338 0.0374945 0.997846 -1.36811 0 0 0 1 
7680147070058;0.771956;0.287299;0.993888 0.020966 0.108384 -0.539667 -0.00302656 0.986605 -0.163097 -0.573178 -0.110352 0.161772 0.980639 -6.19437 0 0 0 1 
7680147070059;0.054331;0.175021;0.999876 0.000139795 0.0157706 -0.19854 -6.26073e-05 0.999988 -0.0048948 0.0617455 -0.0157711 0.0048932 0.999864 -0.427332 0 0 0 1 
7680147070060;0.252286;0.212055;0.999706 0.0217655 0.0106756 -0.835668 -0.0238748 0.960355 0.277756 2.16676 -0.00420687 -0.277929 0.960592 5.42668 0 0 0 1 
7680147070062;0.694613;1.99805;0.996885 0.0317702 0.0721821 1.50398 -0.0341147 0.998922 0.031483 -1.4683 -0.0711041 -0.0338474 0.996894 -1.33191 0 0 0 1 
7680147070063;0.642429;1.271;0.999809 -0.0114575 -0.0158261 1.60987 0.0114047 0.999929 -0.00341868 -0.503953 0.0158641 0.00323754 0.999869 -0.0868495 0 0 0 1 
7680147070064;1.73702;1.93459;0.99754 -0.0536053 -0.0451621 1.12263 0.0427088 0.975726 -0.214791 -0.355792 0.0555797 0.212333 0.975615 -3.41561 0 0 0 1 
7680147070065;2.03958;2.27788;0.982873 -0.00985433 -0.184021 -0.923402 0.0365703 0.98914 0.142357 1.70068 0.180619 -0.146649 0.972559 6.17669 0 0 0 1 
7680147070066;1.4044;1.90175;0.995568 -0.0226553 0.0912768 1.33968 0.0347279 0.990517 -0.132931 -0.0563318 -0.0873996 0.135512 0.986913 -4.27116 0 0 0 1 
7680147070067;2.44929;1.18729;0.997151 -0.0560821 -0.0504376 2.14846 0.0567749 0.99831 0.0124079 0.404739 0.0496564 -0.0152362 0.99865 -1.11298 0 0 0 1 
7680147070068;0.72785;1.51525;0.998053 -0.0135774 -0.0608689 1.45378 0.0109455 0.998999 -0.0433655 -0.619261 0.0613968 0.0426148 0.997203 1.72905 0 0 0 1 
7680147070069;0.403431;1.43861;0.997679 -0.0200947 0.0650577 2.16052 0.0457752 0.905272 -0.422359 -0.321655 -0.0504077 0.424357 0.904091 -8.99144 0 0 0 1 
7680147070070;2.46104;2.27001;0.930276 -0.103931 -0.351831 0.101981 0.0245795 0.974534 -0.222888 -1.54048 0.366036 0.198699 0.90914 3.49165 0 0 0 1 
7680147070071;1.40642;1.50391;0.944995 0.0602717 0.321482 1.23686 -0.099514 0.989261 0.107054 -1.77082 -0.311578 -0.133157 0.940845 -6.85784 0 0 0 1 
7680147070072;0.468235;1.15463;0.998045 -0.0133624 -0.0610615 0.958153 0.0126332 0.999844 -0.0123127 -0.198581 0.0612165 0.0115172 0.998058 1.05192 0 0 0 1 
7680147070073;0.953779;1.27665;0.99298 -0.0121653 0.117655 1.90705 0.0354117 0.979649 -0.197572 -0.434292 -0.112857 0.200351 0.973202 -5.39551 0 0 0 1 
7680147070074;0.189263;1.18318;0.997332 -0.0722666 0.010349 2.24394 0.0729718 0.982626 -0.170647 0.126911 0.00216285 0.170947 0.985278 -2.86492 0 0 0 1 
7680147070075;2.44638;1.78367;0.966009 -0.100843 -0.238028 3.31575 0.0247353 0.952606 -0.303198 -1.55264 0.257322 0.287004 0.922721 1.56087 0 0 0 1 
7680147070076;2.31741;1.81422;0.996748 -0.0285844 -0.0753405 2.01057 0.025927 0.999015 -0.0360181 -0.397814 0.0762959 0.0339476 0.996507 3.46496 0 0 0 1 
7680147070077;2.21484;1.42573;0.994028 -0.106339 0.0244867 4.42889 0.108318 0.988733 -0.103317 1.01165 -0.0132242 0.105352 0.994347 -0.0251929 0 0 0 1 
7680147070078;0.226189;1.45129;0.993384 0.00901336 -0.114488 0.622911 0.0295142 0.943394 0.330358 3.06894 0.110985 -0.331551 0.936887 8.09048 0 0 0 1 
7680147070079;1.94297;2.05972;0.99362 0.0264316 0.109643 0.751924 0.000907956 0.970245 -0.242125 -0.972558 -0.11278 0.24068 0.96403 -7.41204 0 0 0 1 
7680147070080;2.14298;1.31339;0.999365 -0.0352318 0.00536272 1.01695 0.0355973 0.979714 -0.197212 -0.338953 0.00169419 0.197277 0.980346 -0.877702 0 0 0 1 
7680147070081;1.69906;1.73476;0.996947 -0.0275336 0.0730686 3.17955 0.0361784 0.992143 -0.11976 -0.690155 -0.0691971 0.122038 0.99011 -2.28533 0 0 0 1 
7680147070082;2.0972;1.66401;0.960864 -0.109689 -0.254379 0.728268 0.0366434 0.960526 -0.275768 -0.629438 0.274586 0.255654 0.926954 3.75249 0 0 0 1 
7680147070083;0.59076;1.11268;0.998664 -0.0334136 0.0394176 1.80381 0.0443415 0.945816 -0.321662 -0.260253 -0.0265339 0.32298 0.946034 -6.69347 0 0 0 1 
7680147070084;0.946739;1.67177;0.999254 -0.0311494 -0.0228213 2.91213 0.0313931 0.999453 0.010398 -0.143895 0.0224849 -0.0111066 0.999685 1.66396 0 0 0 1 
7680147070085;1.67199;1.44021;0.963806 -0.0198491 -0.265864 -0.159728 0.109567 0.938607 0.327127 5.22673 0.243049 -0.344417 0.90681 12.7724 0 0 0 1 
7680147070086;1.58068;1.94747;0.999742 -0.0165219 -0.0155876 1.96707 0.0168475 0.999638 0.0209932 -0.592804 0.0152351 -0.0212504 0.999658 -0.851513 0 0 0 1 
7680147070087;0.945675;2.31501;0.99226 0.00871773 -0.12387 0.976848 -0.0343691 0.977844 -0.206495 -2.59706 0.119325 0.209154 0.970575 -1.01165 0 0 0 1 
7680147070088;1.00125;1.73161;0.979558 0.0446096 0.196151 1.49102 -0.0399333 0.998817 -0.0277333 -1.85874 -0.197157 0.0193334 0.980181 -5.51679 0 0 0 1 
7680147070089;1.42162;2.14585;0.99843 0.0219297 0.0515375 2.19062 -0.0230475 0.99951 0.0211955 -1.62347 -0.0510474 -0.02235 0.998446 0.773251 0 0 0 1 
7680147070090;0.678915;1.1831;0.998463 -0.0441368 -0.0335269 1.76803 0.0452762 0.998395 0.0340214 0.658787 0.0319715 -0.0354871 0.998859 1.22728 0 0 0 1 
7680147070091;1.30647;1.66677;0.98889 -0.0564484 -0.137517 0.348011 0.0414254 0.993095 -0.109757 0.377225 0.142763 0.102841 0.9844 1.6709 0 0 0 1 
7680147070093;0.528987;0.483438;0.99517 -0.0171448 -0.0966599 -0.725739 0.0227905 0.998079 0.0576099 1.93088 0.0954865 -0.0595346 0.993649 7.8022 0 0 0 1 
7680147070094;0.750267;0.708684;0.975246 -0.0323139 -0.218749 -2.61795 0.0598108 0.990938 0.120271 5.23137 0.21288 -0.130377 0.968341 17.7324 0 0 0 1 
7680147070095;1.32662;1.18338;0.995994 0.0529309 0.072077 -1.27242 -0.0312231 0.961121 -0.274358 -3.63415 -0.0837967 0.271009 0.958923 -12.965 0 0 0 1 
7680147070096;1.72861;0.186718;0.999709 0.0111325 0.0213774 -0.104064 -0.0100568 0.998709 -0.0497817 -0.87568 -0.021904 0.0495523 0.998531 0.344119 0 0 0 1 
7680147070097;1.58172;1.61514;0.996991 -0.0110695 -0.0767176 -0.53759 0.0157968 0.997995 0.0612897 1.58812 0.0758853 -0.0623172 0.995167 7.08476 0 0 0 1 
7680147070098;0.811119;0.56724;0.978896 -0.0367996 -0.201018 -2.19598 0.0147307 0.993801 -0.110198 0.287516 0.203827 0.104911 0.97337 12.8061 0 0 0 1 
7680147070099;0.734807;0.486971;0.999947 -0.00435674 0.00928084 -0.0279589 0.00442853 0.99996 -0.0077292 0.0236781 -0.0092468 0.00776989 0.999927 -1.38596 0 0 0 1 
7680147070100;0.613699;0.126113;0.937865 0.0726157 0.339317 -3.8685 -0.0523564 0.996277 -0.0684967 -4.26316 -0.343028 0.0464752 0.938175 -26.6268 0 0 0 1 
7680147070101;0.463274;0.396257;0.998851 -0.00508014 -0.0476475 -0.347698 -0.00076643 0.992543 -0.121891 -0.959136 0.0479114 0.121788 0.991399 0.259702 0 0 0 1 
7680147070102;1.71997;1.17572;0.991325 0.053108 0.120229 -1.40961 -0.0301632 0.982243 -0.185175 -3.43496 -0.127928 0.179942 0.975323 -15.7429 0 0 0 1 
7680147070103;0.768405;0.417177;0.985061 0.0323535 0.169142 -0.431062 -0.0395833 0.998433 0.0395478 -2.33152 -0.167597 -0.0456522 0.984798 -9.68788 0 0 0 1 
7680147070104;1.11988;0.95447;0.999935 0.00747329 0.00866168 -0.2758 -0.00696957 0.998362 -0.0567937 -1.13271 -0.00907193 0.0567296 0.998348 -2.39231 0 0 0 1 
7680147070105;0.792054;0.577625;0.969967 0.0504878 0.237938 -1.89542 -0.0510808 0.998688 -0.00367681 -3.83319 -0.237812 -0.00858768 0.971273 -17.7128 0 0 0 1 
7680147070106;0.562855;0.292411;0.998276 0.000480699 -0.0586849 -0.680979 -0.00404646 0.99815 -0.0606575 -0.601831 0.0585472 0.0607905 0.996432 3.59836 0 0 0 1 
7680147070107;0.610731;0.431006;0.999967 -0.00743033 0.00316498 0.0842229 0.00694717 0.991212 0.132099 1.7032 -0.00411871 -0.132073 0.991231 3.58448 0 0 0 1 
7680147070108;1.42716;1.14477;0.999113 0.000713724 -0.0420978 -0.494771 -0.00276796 0.998807 -0.0487587 -0.640423 0.0420127 0.048832 0.997923 0.645252 0 0 0 1 
7680147070109;0.474796;0.241028;0.901697 0.0296744 0.43135 -4.6586 -0.0924175 0.987813 0.125234 -5.4842 -0.422377 -0.152788 0.89345 -27.6365 0 0 0 1 
7680147070110;0.941477;0.816546;0.999975 0.00273332 0.00657847 -0.140667 -0.00226019 0.997482 -0.0708828 -0.813961 -0.00675565 0.0708661 0.997463 -2.41734 0 0 0 1 
7680147070111;1.47967;1.27582;0.999968 -0.00186388 0.00772198 0.142048 0.00199907 0.999844 -0.0175367 0.16902 -0.00768809 0.0175516 0.999816 0.415431 0 0 0 1 
7680147070112;1.75011;1.21961;0.994276 -0.0179407 -0.105326 -1.03421 0.0530075 0.938754 0.340486 6.94349 0.0927669 -0.34412 0.934332 12.6225 0 0 0 1 
7680147070113;1.0332;0.993311;0.997696 0.0125361 0.0666723 -0.00507067 -0.0085163 0.998148 -0.060238 -0.973472 -0.067304 0.0595315 0.995955 -5.74454 0 0 0 1 
7680147070114;0.426388;0.185086;0.982938 -0.0275928 0.181856 0.71809 -0.0448563 0.922876 0.382476 1.58919 -0.178385 -0.384108 0.905892 -3.79716 0 0 0 1 
7680147070115;1.70185;1.57896;0.994473 -0.0159835 -0.103767 -0.940526 -0.0235466 0.929214 -0.368792 -3.04412 0.102317 0.369197 0.923702 -2.3828 0 0 0 1 
7680147070116;1.08478;0.325749;0.998034 0.0500491 0.0377241 -1.47627 -0.0336795 0.935902 -0.350646 -3.46328 -0.0528556 0.348686 0.935748 -13.7691 0 0 0 1 
7680147070117;0.562653;0.555031;0.997251 0.0130778 0.0729354 0.0251127 -0.0203625 0.994774 0.100048 -0.597399 -0.0712458 -0.101258 0.992306 -2.59014 0 0 0 1 
7680147070118;0.421204;0.446908;0.991908 -0.0250813 -0.124456 -0.974812 0.012435 0.994771 -0.101367 0.191904 0.126348 0.0989989 0.987034 6.79559 0 0 0 1 
7680147070119;1.56631;0.363285;0.998209 0.00751506 0.0593571 -0.136697 -0.00396941 0.998213 -0.0596278 -1.1465 -0.0596991 0.0592853 0.996454 -8.10456 0 0 0 1 
7680147070120;0.829004;0.53213;0.999521 0.0145052 -0.0273547 -0.766604 -0.018817 0.986177 -0.164623 -2.37546 0.0245886 0.165059 0.985977 -1.2929 0 0 0 1 
7680147070121;0.0967963;0.0865241;0.997669 0.00369469 0.0681353 0.215402 -0.00621354 0.999304 0.0367935 -0.248017 -0.0679519 -0.0371311 0.996997 -3.79983 0 0 0 1 
7680147070122;0.194803;0.212749;0.999539 -0.0130508 -0.0274031 -0.00832453 0.012 0.999199 -0.0381657 0.467033 0.0278792 0.0378192 0.998896 1.33149 0 0 0 1 
7680147070124;1.64617;0.206808;0.997047 0.0264824 0.072083 -0.140179 -0.0160788 0.989843 -0.141256 -1.53039 -0.0750916 0.13968 0.987345 -6.5258 0 0 0 1 
7680147070125;1.40625;0.455991;0.999928 0.00349085 0.0114497 -0.153161 -0.00353815 0.999985 0.00411422 -0.174498 -0.0114352 -0.00415444 0.999926 -2.57423 0 0 0 1 
7680147070126;1.2267;0.410965;0.998452 -0.00404829 -0.0554658 -0.947612 0.00512499 0.999801 0.0192836 1.20954 0.0553767 -0.019538 0.998274 3.87699 0 0 0 1 
7680147070127;1.9725;1.27215;0.986379 -0.0427968 -0.158821 -1.40665 0.023159 0.992075 -0.123498 1.38001 0.162848 0.118138 0.979553 9.12662 0 0 0 1 
7680147070128;1.62499;0.566127;0.964143 -0.0436489 -0.261771 -3.1811 0.0475037 0.998836 0.00841276 3.18644 0.261099 -0.0205462 0.965093 14.4695 0 0 0 1 
7680147070129;0.486275;0.37252;0.998538 -0.00757798 -0.0535121 -0.328964 0.00509656 0.998912 -0.0463562 0.42148 0.0538052 0.0460158 0.997491 3.96647 0 0 0 1 
7680147070130;1.63305;0.669857;0.997669 0.00176666 0.0682196 -0.0430054 -0.00951168 0.993507 0.113374 0.559761 -0.0675764 -0.113758 0.991208 -3.00103 0 0 0 1 
7680147070131;2.14793;1.1267;0.937793 0.0960479 0.333645 -3.10852 -0.0106187 0.968459 -0.248948 -1.17377 -0.347032 0.229919 0.909234 -23.775 0 0 0 1 
7680147070132;1.4581;0.794599;0.994753 -0.0288011 -0.0981657 -0.691782 0.0289407 0.999581 -2.56421e-06 1.92462 0.0981247 -0.00283843 0.99517 4.39448 0 0 0 1 
7680147070133;1.07349;1.11219;0.999098 -0.00460087 -0.0422045 -0.321021 0.0044144 0.99998 -0.0045105 0.372301 0.0422244 0.00432013 0.999099 2.8943 0 0 0 1 
7680147070134;1.69636;0.667777;0.992364 -0.0257754 -0.120624 -1.26423 0.0103359 0.99186 -0.126913 0.669277 0.122913 0.124697 0.984552 10.3731 0 0 0 1 
7680147070135;0.51747;0.235315;0.935861 -0.0518107 -0.348538 -5.2665 0.0544358 0.998515 -0.00226493 3.57835 0.348138 -0.0168533 0.937292 21.3946 0 0 0 1 
7680147070136;0.646267;0.519698;0.912275 -0.102763 -0.396476 -7.51736 0.0531023 0.989518 -0.134289 3.4282 0.40612 0.101455 0.90817 26.861 0 0 0 1 
7680147070137;2.04694;1.21615;0.991884 -0.0154945 -0.1262 -1.24053 0.0342475 0.988422 0.147816 3.25645 0.122449 -0.150938 0.98093 9.31888 0 0 0 1 
7680147070138;0.720049;0.468138;0.999108 -0.0114923 -0.0406356 -0.332305 0.0073233 0.99483 -0.101293 0.367968 0.0415896 0.100905 0.994026 2.37785 0 0 0 1 
7680147070139;1.74647;0.261754;0.999768 0.00677312 0.020424 -0.0907664 -0.00625297 0.999657 -0.0254247 -0.595541 -0.0205892 0.0252911 0.999468 -3.60684 0 0 0 1 
7680147070140;0.663015;0.729454;0.999941 -0.00713714 -0.00818564 -0.209439 0.00647912 0.99695 -0.0777742 0.400843 0.00871576 0.0777166 0.996937 0.37339 0 0 0 1 
7680147070141;0.53013;0.484544;0.999957 -0.00921675 -0.000841031 0.0960426 0.00920851 0.999914 -0.00933456 0.623169 0.000926993 0.00932642 0.999956 0.126679 0 0 0 1 
7680147070142;1.96977;0.504718;0.979092 -0.0649125 -0.192781 -3.53025 0.0231536 0.977121 -0.21142 2.06956 0.202094 0.202537 0.958195 15.0116 0 0 0 1 
7680147070143;0.856847;0.578088;0.986489 0.00815654 0.163622 -0.865663 -0.0360984 0.985034 0.168536 -1.49467 -0.159799 -0.172166 0.97202 -11.1665 0 0 0 1 
7680147070144;1.63732;1.47572;0.997323 0.0164374 0.0712532 0.10402 -0.0173536 0.999774 0.012259 -1.21502 -0.0710356 -0.0134626 0.997383 -5.79184 0 0 0 1 
7680147070145;0.140484;0.140324;0.999922 -0.00697609 -0.0103528 -0.188685 0.00691475 0.999958 -0.0059488 0.510325 0.0103939 0.00587675 0.999929 0.775814 0 0 0 1 
7680147070146;1.19743;0.694938;0.995863 -0.0264522 -0.0869343 -0.804998 0.0288097 0.999247 0.0259762 2.08318 0.0861818 -0.0283733 0.995875 4.28508 0 0 0 1 
7680147070147;0.293378;0.36334;0.998393 0.0111135 0.0555676 0.0738374 -0.00582702 0.995517 -0.0944077 -0.469806 -0.0563677 0.0939322 0.993982 -3.31897 0 0 0 1 
7680147070148;2.08491;1.05407;0.993542 -0.0180756 -0.112019 -0.893377 0.0372113 0.984538 0.171175 3.55153 0.107193 -0.174238 0.978852 8.38648 0 0 0 1 
7680147070149;2.16398;1.87037;0.98592 -0.0414178 -0.162005 -1.65623 0.0147172 0.986572 -0.16266 1.01007 0.166566 0.157986 0.973291 11.1587 0 0 0 1 
7680147070150;0.570326;0.711162;0.999661 -0.00756156 0.0249314 -0.202217 0.0174046 0.905915 -0.423102 -0.0597328 -0.0193864 0.423392 0.905739 0.314101 0 0 0 1 
7680147070151;0.700204;0.526977;0.993383 -0.0230245 -0.112518 -1.13481 0.025738 0.99941 0.0227231 2.02113 0.111928 -0.0254687 0.99339 6.92878 0 0 0 1 
7680147070152;0.196422;0.1833;0.99928 -0.0109039 -0.0363535 -0.257622 0.0104443 0.999863 -0.0128083 0.731564 0.0364882 0.0124194 0.999257 2.52346 0 0 0 1 
7680147070153;0.328459;0.398419;0.998974 -0.0236782 -0.0386017 -0.475877 0.0111735 0.954937 -0.296598 0.00315698 0.0438851 0.295862 0.954222 3.99946 0 0 0 1 
7680147070155;0.140686;0.942511;0.999834 -0.0175555 -0.00495275 1.32776 0.0174781 0.999731 -0.0152616 2.32406 0.00521934 0.0151725 0.999871 0.389645 0 0 0 1 
7680147070156;0.73666;1.24499;0.999707 -0.015666 -0.0184594 2.413 0.015203 0.999573 -0.0249608 1.97681 0.0188426 0.0246728 0.999518 2.09869 0 0 0 1 
7680147070157;1.89722;1.61224;0.998887 -0.00170516 -0.0471361 0.406819 0.00434205 0.998427 0.0558965 1.38133 0.0469666 -0.056039 0.997323 6.93555 0 0 0 1 
7680147070158;1.79956;1.92194;0.997615 -0.0598513 -0.0343913 1.52014 0.0528219 0.98264 -0.177844 6.1451 0.0444384 0.175604 0.983457 6.07745 0 0 0 1 
7680147070159;1.65931;1.52603;0.999576 -0.000935969 -0.0290959 0.182915 0.000343005 0.999792 -0.0203779 -0.0389647 0.0291089 0.0203593 0.999369 1.66575 0 0 0 1 
7680147070160;0.0621527;0.931155;0.999761 -0.00735433 -0.0205699 1.26383 0.00698214 0.999812 -0.0181079 1.08997 0.0206992 0.0179599 0.999624 2.31287 0 0 0 1 
7680147070161;0.430207;1.58018;0.997341 -0.0622782 -0.0378444 2.02564 0.05987 0.996295 -0.0617445 6.92713 0.0415495 0.0593145 0.997374 4.74134 0 0 0 1 
7680147070162;0.473536;1.11156;0.965151 0.0421605 0.258275 -1.3433 -0.0487209 0.998631 0.0190502 -4.77847 -0.257118 -0.0309697 0.965884 -28.8185 0 0 0 1 
7680147070163;0.736349;1.11478;0.989161 0.0161082 0.145946 0.141425 -0.0372813 0.988944 0.143526 -3.41579 -0.14202 -0.147412 0.978826 -15.7139 0 0 0 1 
7680147070164;0.540732;1.44113;0.997075 -0.0702107 -0.0302024 1.38481 0.0648716 0.986352 -0.151332 7.00664 0.0404153 0.14893 0.988022 5.46114 0 0 0 1 
7680147070165;1.76832;1.16551;0.999796 0.0163742 -0.0118396 1.44263 -0.0166748 0.999529 -0.0257603 -1.17749 0.0114122 0.0259524 0.999598 3.96233 0 0 0 1 
7680147070166;0.877488;0.837937;0.996846 0.0142191 -0.0780766 0.868433 -0.00274237 0.989402 0.145174 0.373976 0.0793134 -0.144502 0.986321 6.56609 0 0 0 1 
7680147070167;0.355143;1.36283;0.996657 -0.0689264 -0.0438583 1.23672 0.0680448 0.997455 -0.0212878 7.73973 0.045214 0.0182323 0.998811 5.26411 0 0 0 1 
7680147070168;0.458362;1.36712;0.999084 -0.0113871 0.0412417 2.37932 0.0069995 0.994447 0.105009 1.8147 -0.0422084 -0.104624 0.993616 -5.48567 0 0 0 1 
7680147070169;1.52541;1.28637;0.964972 -0.0645811 -0.254278 -1.35463 0.0847173 0.99401 0.0690407 9.88021 0.248297 -0.0881642 0.964664 25.4704 0 0 0 1 
7680147070170;1.71122;1.86015;0.995926 0.0252558 0.0865662 0.718794 -0.0206286 0.998331 -0.0539363 -2.02872 -0.0877839 0.0519308 0.994785 -8.68369 0 0 0 1 
7680147070171;1.73488;0.981149;0.995325 -0.0421329 -0.0869075 2.89741 0.0181683 0.965445 -0.259973 2.20242 0.0948578 0.257179 0.961697 10.1257 0 0 0 1 
7680147070172;1.09968;1.36295;0.999964 -0.00827635 -0.00175653 2.56242 0.0082425 0.999795 -0.0184771 1.16415 0.0019091 0.0184619 0.999828 0.317234 0 0 0 1 
7680147070173;0.591876;0.875542;0.964931 -0.00304077 -0.262485 -3.75837 0.0208944 0.99765 0.0652534 3.09774 0.26167 -0.0684496 0.962727 28.5211 0 0 0 1 
7680147070174;1.36958;1.63378;0.997556 -0.0235173 0.0658007 1.1619 0.0331625 0.988195 -0.149568 3.06511 -0.0615065 0.151384 0.98656 -7.69642 0 0 0 1 
7680147070175;0.533565;1.12039;0.999615 -0.0147483 -0.0235231 1.59652 0.0142894 0.999707 -0.0195587 2.36766 0.0238046 0.019215 0.999532 3.08989 0 0 0 1 
7680147070176;0.79171;1.08549;0.990127 0.0266029 0.137624 1.14891 -0.01326 0.995199 -0.0969747 -1.49124 -0.139543 0.0941924 0.985726 -14.1992 0 0 0 1 
7680147070177;1.74498;1.93772;0.954765 0.0507127 0.293005 -2.45012 -0.025545 0.995696 -0.0890938 -2.9668 -0.296262 0.0775788 0.951951 -32.4123 0 0 0 1 
7680147070178;1.38005;1.49261;0.994178 -0.00443277 0.107662 0.65818 0.0166357 0.993488 -0.112714 1.71997 -0.106461 0.113849 0.987778 -12.7133 0 0 0 1 
7680147070179;1.66284;1.57576;0.997595 0.0374747 0.0583167 2.78538 -0.0395259 0.998625 0.0344279 -3.9694 -0.0569464 -0.0366501 0.997704 -5.27965 0 0 0 1 
7680147070180;1.25183;1.08501;0.974962 0.0113043 -0.222084 -2.61832 0.0223731 0.988653 0.148542 2.74147 0.221244 -0.149792 0.963646 21.7123 0 0 0 1 
7680147070181;1.00094;1.15224;0.997641 0.018988 0.0659671 1.26193 -0.0319834 0.978877 0.201935 -2.63496 -0.0607393 -0.203568 0.977175 -8.78947 0 0 0 1 
7680147070182;1.8528;1.20788;0.977076 0.0405504 0.208992 -0.0782881 -0.0669782 0.990394 0.120972 -6.71481 -0.202079 -0.132196 0.970406 -25.5184 0 0 0 1 
7680147070183;0.963883;1.02736;0.987264 0.0368115 0.154775 1.73966 -0.0645059 0.981928 0.177923 -6.23456 -0.145428 -0.185641 0.971796 -17.7024 0 0 0 1 
7680147070184;0.147928;1.01349;0.999256 0.0154747 -0.0353136 1.42363 -0.0152478 0.999861 0.00668557 -1.04637 0.0354122 -0.00614214 0.999354 3.88057 0 0 0 1 
7680147070186;1.27351;2.72548;0.997811 0.0559592 0.0352247 2.55329 -0.0529496 0.995287 -0.0812431 -3.20834 -0.0396049 0.0792002 0.996072 -3.53405 0 0 0 1 
7680147070187;0.700101;2.83629;0.951573 0.0547938 0.3025 -1.09238 -0.108698 0.980395 0.164347 -7.89792 -0.287564 -0.189269 0.938874 -31.0316 0 0 0 1 
7680147070188;1.39118;2.699;0.998729 0.0112878 0.0491193 2.76298 -0.0124175 0.999664 0.0227555 1.29084 -0.0488459 -0.0233365 0.998534 -7.38495 0 0 0 1 
7680147070189;1.30828;2.98443;0.959171 -0.0196693 -0.282142 -1.54563 0.117556 0.935051 0.334456 19.105 0.257239 -0.353968 0.899186 29.8653 0 0 0 1 
7680147070190;1.12112;2.90496;0.994852 -0.00201725 0.101321 2.78399 -0.0320215 0.942322 0.333174 1.59718 -0.0961492 -0.334703 0.937406 -9.58481 0 0 0 1 
7680147070191;1.94775;2.99893;0.996341 -0.0498905 -0.0693902 4.67941 0.0624045 0.979441 0.191835 12.2448 0.0583929 -0.195463 0.978971 7.07463 0 0 0 1 
7680147070192;1.68036;3.4118;0.985516 -0.0489642 0.162358 3.02169 0.0533263 0.998321 -0.0226163 9.7072 -0.160978 0.0309466 0.986473 -17.7755 0 0 0 1 
7680147070193;1.11849;2.8137;0.998815 -0.00365326 0.0485217 3.67652 0.0169024 0.961133 -0.27557 4.46199 -0.045629 0.276063 0.960056 -6.49072 0 0 0 1 
7680147070194;0.766853;3.05575;0.999502 0.0293984 0.0114929 2.01559 -0.0294944 0.999531 0.00827478 -0.180449 -0.0112442 -0.00860964 0.9999 -1.90079 0 0 0 1 
7680147070195;0.416426;2.67805;0.997421 0.0161683 0.0699235 2.90488 -0.0101184 0.996242 -0.0860254 1.6861 -0.0710516 0.085096 0.993836 -9.06209 0 0 0 1 
7680147070196;0.748225;2.95818;0.999399 -0.0228143 0.0261177 2.62714 0.0208846 0.997192 0.0719126 5.26975 -0.027685 -0.0713239 0.997069 -2.47742 0 0 0 1 
7680147070197;0.500793;2.69001;0.998852 0.0364824 0.0310509 2.66104 -0.0286187 0.974176 -0.22397 -0.824089 -0.03842 0.222824 0.974101 -6.18886 0 0 0 1 
7680147070198;0.104802;2.96576;0.999808 0.0188304 0.00532852 2.70067 -0.0192266 0.995931 0.0880463 1.90489 -0.00364889 -0.0881319 0.996102 0.0167227 0 0 0 1 
7680147070199;1.797;2.75531;0.980489 0.0963591 0.171334 0.00332087 -0.0866952 0.994239 -0.0630359 -6.82472 -0.176421 0.0469522 0.983194 -22.6189 0 0 0 1 
7680147070200;0.574851;2.70509;0.999025 0.0376578 -0.0230488 2.29212 -0.0362659 0.997652 0.0580909 -0.634619 0.0251823 -0.0571984 0.998045 2.44674 0 0 0 1 
7680147070201;1.66238;3.11926;0.969597 -0.0672414 -0.235288 -1.49692 0.0641548 0.997724 -0.0207577 8.77333 0.236149 0.00503174 0.971704 25.1048 0 0 0 1 
7680147070202;0.856075;3.15243;0.999668 -0.0152694 0.0207421 2.855 0.0115516 0.985581 0.16881 4.89352 -0.0230206 -0.168514 0.98543 -1.07172 0 0 0 1 
7680147070203;0.151635;3.05234;0.999836 0.0110738 0.0143339 2.8851 -0.0111544 0.999922 0.00555732 2.73856 -0.0142712 -0.00571629 0.999882 -1.79129 0 0 0 1 
7680147070204;1.87474;2.9999;0.999844 -0.00781315 0.0158431 1.63788 0.00806954 0.999836 -0.0161841 2.89781 -0.015714 0.0163094 0.999744 -0.392299 0 0 0 1 
7680147070205;1.34644;2.90066;0.999866 0.00254639 0.0161736 4.48518 -0.00406061 0.995536 0.0942923 4.76216 -0.0158613 -0.0943453 0.995413 -1.52119 0 0 0 1 
7680147070206;0.882492;2.69432;0.906002 -0.0928889 -0.412956 -8.7179 0.0430298 0.990781 -0.128458 8.32961 0.421081 0.0986136 0.901646 45.038 0 0 0 1 
7680147070207;1.16879;2.68639;0.995241 0.062811 0.0745013 1.12681 -0.0677467 0.995538 0.0656844 -4.81396 -0.0700432 -0.070419 0.995055 -6.17379 0 0 0 1 
7680147070208;1.24601;2.92824;0.995763 0.0806038 0.0442565 1.53912 -0.0851145 0.990073 0.111853 -6.32425 -0.0348014 -0.115146 0.992739 -3.16205 0 0 0 1 
7680147070209;1.20929;2.95836;0.996861 -0.0145316 -0.0778307 3.19526 0.044011 0.918853 0.392138 11.2312 0.0658166 -0.394332 0.916608 8.70084 0 0 0 1 
7680147070210;1.69015;2.71517;0.999625 -0.0150345 0.0229067 3.87253 0.0147142 0.999792 0.0140873 6.6722 -0.0231138 -0.013745 0.999638 -1.14443 0 0 0 1 
7680147070211;0.940014;3.12976;0.987745 -0.0130322 -0.155531 0.705303 0.0421537 0.98175 0.185447 9.12821 0.150276 -0.189731 0.970268 18.8937 0 0 0 1 
7680147070212;1.74535;3.13809;0.999013 -0.0411799 0.0166694 4.00844 0.0412416 0.999144 -0.00337325 8.73523 -0.0165162 0.0040574 0.999855 -3.07434 0 0 0 1 
7680147070213;0.400202;2.72343;0.999048 -0.018435 0.0395398 3.21136 0.017115 0.999293 0.0334663 5.33296 -0.0401288 -0.0327577 0.998657 -4.55302 0 0 0 1 
7680147070214;0.315659;2.97023;0.996079 -0.061475 -0.0636125 2.95303 0.0662709 0.994884 0.0762525 10.7882 0.0585994 -0.0801692 0.995057 6.92316 0 0 0 1 
7680147070215;0.611277;2.95104;0.997766 0.021661 0.0632017 2.62575 -0.0232045 0.999448 0.0237914 0.656101 -0.0626515 -0.0252048 0.997717 -7.73482 0 0 0 1 
7680147070217;0.89674;0.441859;0.998169 0.00907903 0.0598019 -0.133025 -0.00986456 0.999869 0.0128534 -0.358624 -0.0596773 -0.0134198 0.998128 -2.0953 0 0 0 1 
7680147070218;1.73564;0.577663;0.999946 -0.0025732 0.0100956 -0.864049 0.00259914 0.999993 -0.00255695 0.290965 -0.0100889 0.00258305 0.999946 1.66604 0 0 0 1 
7680147070219;1.39452;0.986687;0.961415 -0.0651228 -0.267284 -1.95459 0.0379475 0.993683 -0.105611 0.490155 0.272474 0.091393 0.957813 6.11889 0 0 0 1 
7680147070220;0.267296;0.352971;0.999813 -0.00811601 -0.0175441 -0.524453 0.000232339 0.91257 -0.40892 -1.28669 0.019329 0.40884 0.912402 4.07342 0 0 0 1 
7680147070221;1.27015;1.40049;0.999828 0.00287342 0.018324 -0.162445 -0.00690478 0.974582 0.223926 -0.255033 -0.0172148 -0.224014 0.974434 -2.71673 0 0 0 1 
7680147070222;1.97297;0.598525;0.99595 0.0289901 0.0851113 -1.78715 -0.031238 0.999194 0.0251995 -0.968345 -0.0843122 -0.0277561 0.996053 -1.01146 0 0 0 1 
7680147070223;1.53331;0.998259;0.997718 0.00266301 -0.0674643 -1.18305 -0.00250781 0.999994 0.00238498 -0.670895 0.0674703 -0.00221035 0.997719 -0.0770557 0 0 0 1 
7680147070224;2.30376;0.511966;0.911865 -0.0859466 -0.401392 -2.50693 0.0411601 0.992051 -0.118914 -0.0336574 0.408422 0.0919117 0.908154 4.0897 0 0 0 1 
7680147070225;1.4585;1.17095;0.998774 -0.0086941 -0.0487254 -0.3927 0.00596402 0.998419 -0.0558976 0.186532 0.0491343 0.0555385 0.997247 2.33552 0 0 0 1 
7680147070226;1.86707;0.676539;0.998413 -0.0119509 -0.0550421 -0.634296 0.0111086 0.999817 -0.0155833 0.464813 0.0552183 0.0149471 0.998362 2.96272 0 0 0 1 
7680147070227;0.781577;0.511204;0.999823 -0.00275688 -0.0185849 -0.242862 0.00272493 0.999995 -0.00174408 -0.17105 0.0185896 0.00169313 0.999826 -0.64609 0 0 0 1 
7680147070228;0.400914;0.488121;0.998335 0.0103689 0.0567503 -0.0731002 -0.0117927 0.999623 0.0248126 -0.21367 -0.0564716 -0.0254405 0.99808 -1.12747 0 0 0 1 
7680147070229;0.955663;0.768656;0.999728 -0.010388 -0.0208871 -1.16036 0.00946606 0.998997 -0.0437659 0.0505507 0.0213208 0.0435563 0.998823 0.947744 0 0 0 1 
7680147070230;0.317185;0.374889;0.980894 -0.0387119 -0.190651 -1.24016 0.029787 0.998332 -0.049459 0.288779 0.192248 0.0428351 0.980411 3.39009 0 0 0 1 
7680147070231;1.12926;1.0377;0.999976 -0.00152902 0.00673703 -0.245792 0.0014864 0.999979 0.00632666 -0.126669 -0.00674656 -0.0063165 0.999957 -0.980937 0 0 0 1 
7680147070232;1.51388;0.874867;0.99997 0.00112492 0.00771343 -1.02339 -0.00125539 0.999856 0.0169305 -0.594454 -0.00769328 -0.0169397 0.999827 -1.46028 0 0 0 1 
7680147070233;1.97376;1.27599;0.99102 -0.0150675 -0.13286 -1.84569 0.0571268 0.946092 0.31882 0.497901 0.120894 -0.323547 0.938457 -2.42689 0 0 0 1 
7680147070234;1.9935;0.577789;0.999769 -0.00885196 -0.0195693 -0.398506 0.00690528 0.995222 -0.0973963 -0.353083 0.020338 0.0972387 0.995053 -1.27883 0 0 0 1 
7680147070235;1.53051;1.02611;0.987 -0.0298459 -0.157924 -0.740164 0.0281707 0.999521 -0.0128359 0.0610894 0.158231 0.00822018 0.987368 0.998551 0 0 0 1 
7680147070236;0.104269;0.231054;0.999924 0.000909178 0.0123037 -0.262766 -0.000913421 1 0.000339237 -0.0614359 -0.0123034 -0.000350449 0.999924 -0.159102 0 0 0 1 
7680147070237;2.06657;0.413722;0.99741 -0.00375409 -0.0718272 -2.20108 -0.00886065 0.984617 -0.174503 -0.609794 0.0713774 0.174687 0.982033 4.11032 0 0 0 1 
7680147070238;1.4657;1.49628;0.916323 0.0259838 0.399597 -0.877975 -0.12714 0.965138 0.228788 -2.14709 -0.379721 -0.260448 0.887682 -8.77104 0 0 0 1 
7680147070239;0.672786;0.388657;0.992365 0.0147942 0.122445 -0.0205123 -0.0228583 0.997642 0.064718 -0.128865 -0.121199 -0.0670228 0.990363 -1.92293 0 0 0 1 
7680147070240;1.69401;0.437137;0.998838 0.00192408 0.048162 -0.254916 -0.00555795 0.997136 0.0754314 0.38416 -0.0478789 -0.0756114 0.995987 0.470599 0 0 0 1 
7680147070241;1.89764;0.905647;0.996435 -0.00991952 -0.0837805 -0.612509 0.0274668 0.977103 0.210986 -0.234818 0.0797693 -0.212535 0.973892 -3.09985 0 0 0 1 
7680147070242;1.04234;0.445738;0.997957 -0.00875373 -0.0632884 -1.17862 0.00922164 0.999932 0.00710501 0.0635214 0.0632219 -0.00767411 0.99797 1.57235 0 0 0 1 
7680147070243;1.63774;1.08376;0.969642 0.0315464 0.242486 -1.24805 -0.0395604 0.998818 0.0282501 -0.952124 -0.241308 -0.0369853 0.969744 -4.06573 0 0 0 1 
7680147070244;2.23994;1.67808;0.996482 -0.00090869 -0.0837993 -0.566361 0.018691 0.977164 0.211664 0.714787 0.0816933 -0.212486 0.973743 1.17627 0 0 0 1 
7680147070245;0.410551;0.386435;0.99976 0.000146668 -0.0219019 -0.374865 -9.18401e-05 0.999997 0.00250431 -0.188693 0.0219022 -0.0025017 0.999757 -0.208228 0 0 0 1 
7680147070246;0.921508;0.438992;0.994576 -0.0218242 -0.101695 -0.622265 0.01659 0.998507 -0.0520341 -0.0200064 0.102679 0.0500647 0.993454 0.879834 0 0 0 1 
7680147070248;1.50847;1.03261;0.971946 0.0162829 -0.23464 -1.3559 0.0549622 0.954258 0.293891 7.21401 0.228692 -0.298542 0.926592 23.8185 0 0 0 1 
7680147070249;1.33018;0.907699;0.996603 0.0628637 0.0531988 2.61638 -0.0631519 0.997997 0.00375338 -4.06921 -0.0528562 -0.00710023 0.998577 -3.29942 0 0 0 1 
7680147070250;0.124558;0.370724;0.999877 -0.0030341 0.0153557 0.891048 0.00299726 0.999993 0.00242165 0.611848 -0.0153629 -0.00237533 0.999879 -1.48486 0 0 0 1 
7680147070251;0.53556;1.16432;0.982989 0.0930666 0.158341 -0.164739 -0.108616 0.989766 0.0925507 -8.42156 -0.148107 -0.108175 0.983037 -12.2327 0 0 0 1 
7680147070252;1.1295;0.601091;0.989795 0.0814899 0.116898 -0.365231 -0.0732364 0.994621 -0.0732477 -5.7508 -0.122238 0.0639391 0.990439 -9.45557 0 0 0 1 
7680147070253;0.578449;0.407168;0.998417 -0.00405551 -0.0561057 0.428891 0.00455733 0.999951 0.00881915 1.05855 0.0560672 -0.00906088 0.998386 5.78191 0 0 0 1 
7680147070254;1.15198;0.548901;0.99961 0.0278403 0.00202903 1.77999 -0.0278469 0.999607 0.00329138 -0.848245 -0.0019366 -0.0033466 0.999993 -1.77829 0 0 0 1 
7680147070255;0.370863;0.83688;0.998163 0.0408237 0.0447648 1.05053 -0.0573906 0.873873 0.482755 -1.76007 -0.0194109 -0.484438 0.87461 2.15556 0 0 0 1 
7680147070256;1.32328;0.726423;0.967631 0.0847265 0.237723 -2.31215 -0.0382735 0.980332 -0.19361 -3.22945 -0.249451 0.178244 0.951842 -26.2658 0 0 0 1 
7680147070257;0.807316;0.473983;0.971096 -0.0774029 -0.22579 -0.930662 0.0283722 0.976686 -0.212792 2.45405 0.236996 0.200235 0.950652 20.1389 0 0 0 1 
7680147070258;0.260139;0.361562;0.95891 0.097965 0.266258 -3.03006 -0.0632456 0.988689 -0.135996 -5.59832 -0.276569 0.113568 0.95426 -26.1179 0 0 0 1 
7680147070259;0.965988;0.886294;0.989541 0.0259195 0.141904 -0.214646 -0.0372026 0.996302 0.0774451 -2.75313 -0.139372 -0.0819143 0.986846 -11.6704 0 0 0 1 
7680147070260;0.831214;0.770135;0.999631 0.015676 -0.0221871 1.72578 -0.0119011 0.986873 0.161061 1.0189 0.0244207 -0.160738 0.986695 3.27921 0 0 0 1 
7680147070261;1.06706;0.599699;0.98549 0.0619786 0.158012 -0.401077 -0.0240782 0.972581 -0.231314 -2.35248 -0.168016 0.224153 0.959961 -18.6701 0 0 0 1 
7680147070262;1.52451;1.21519;0.990335 0.0437043 0.13163 1.30236 -0.0449012 0.998973 0.00613709 -3.9786 -0.131226 -0.0119881 0.99128 -13.6035 0 0 0 1 
7680147070263;1.15131;0.614469;0.998633 0.0282443 0.0439891 0.0473746 -0.027017 0.999236 -0.0282494 -2.80049 -0.0447533 0.0270224 0.998633 -6.22807 0 0 0 1 
