#;prob_registration_l1 -r /home/probabilistic_point_clouds_registration/build/tester /home/point_clouds_registration_benchmark//devel/registration_pairs/gazebo_winter_local.txt /home/point_clouds_registration_benchmark//eth/gazebo_winter -s 0.2 -t 0.2 -p 0.3 -r 1000 -m 10 -i 40 
id;initial_error;final_error;transformation
38591597440000;0.538033;0.0277846;0.993526 -0.101103 -0.0518186 -0.408063 0.102756 0.994245 0.0302953 -0.446162 0.0484574 -0.0354239 0.998197 0.549539 0 0 0 1 
38591597440001;0.518725;0.223248;0.983617 0.0600291 0.169983 -0.189431 -0.0752589 0.993568 0.0846139 -0.00984507 -0.163811 -0.0960204 0.981808 0.0381686 0 0 0 1 
38591597440002;0.466312;0.0185929;0.983711 -0.132413 0.121573 0.0537908 0.137006 0.99011 -0.0301917 -0.323821 -0.116373 0.0463561 0.992123 -0.204598 0 0 0 1 
38591597440003;0.369171;0.193109;0.999066 0.0427538 0.00631865 -0.0837719 -0.0428442 0.99897 0.0149312 0.0825902 -0.00567378 -0.0151879 0.999869 0.394422 0 0 0 1 
38591597440004;0.566929;0.312914;0.962114 0.124236 -0.242696 0.715667 -0.125038 0.992077 0.0121579 0.338318 0.242283 0.0186488 0.970026 -1.50662 0 0 0 1 
38591597440005;0.214626;0.025802;0.99479 -0.082629 -0.0597152 -0.00588855 0.0822082 0.99657 -0.00947393 -0.293939 0.0602932 0.00451549 0.99817 -0.592014 0 0 0 1 
38591597440006;0.296525;0.0123866;0.962234 -0.211318 -0.171613 0.150038 0.232538 0.965816 0.114564 -1.00696 0.141537 -0.150144 0.97848 -0.354877 0 0 0 1 
38591597440007;0.55939;0.033981;0.9902 0.139634 -0.00233622 0.057497 -0.139129 0.987793 0.0700562 0.173398 0.0120899 -0.0690446 0.99754 -0.876265 0 0 0 1 
38591597440008;0.573696;0.0346771;0.908953 0.00526327 0.416866 0.303957 -0.109807 0.967635 0.22721 0.477453 -0.402178 -0.252298 0.880113 2.4571 0 0 0 1 
38591597440009;0.226381;0.0196593;0.999354 -0.029865 0.0200157 0.0329564 0.0290863 0.99885 0.0381264 0.0700109 -0.0211314 -0.0375196 0.999072 -0.241008 0 0 0 1 
38591597440010;0.405479;0.0308821;0.933873 -0.111993 0.339617 0.0829351 0.225884 0.920987 -0.317425 -0.776371 -0.277234 0.373149 0.885382 1.6639 0 0 0 1 
38591597440011;0.432428;0.292713;0.996983 -0.0578159 -0.0517996 0.151804 0.065453 0.98486 0.160521 -0.531034 0.0417347 -0.163427 0.985672 -0.298325 0 0 0 1 
38591597440012;0.493861;0.0339844;0.996377 -0.00372316 -0.0849649 0.323845 -0.00095009 0.998492 -0.0548955 -0.253768 0.0850412 0.0547774 0.994871 0.334741 0 0 0 1 
38591597440013;0.489902;0.265331;0.977135 0.0985311 0.188409 -0.124671 -0.107724 0.993409 0.0391667 0.0841954 -0.183308 -0.0585674 0.981309 0.428353 0 0 0 1 
38591597440014;0.265078;0.0331242;0.950393 -0.0575492 0.305681 -0.0761446 0.0902877 0.991464 -0.094055 -0.269149 -0.297659 0.116988 0.947477 1.44204 0 0 0 1 
38591597440015;0.50504;0.226453;0.989356 -0.108604 0.0968522 0.0179467 0.0922552 0.982845 0.159703 -0.80427 -0.112535 -0.149068 0.982403 0.122896 0 0 0 1 
38591597440016;0.306367;0.0210212;0.961482 0.115835 -0.249269 0.261085 -0.0682523 0.979075 0.191711 -0.0150453 0.26626 -0.167313 0.949269 -1.35465 0 0 0 1 
38591597440017;0.306001;0.0310075;0.991717 -0.127757 0.0132311 -0.215781 0.128375 0.989228 -0.0703437 -0.89609 -0.00410171 0.0714596 0.997435 0.110049 0 0 0 1 
38591597440018;0.310987;0.179834;0.998259 0.0577123 -0.0121648 0.197317 -0.0580207 0.997957 -0.0267411 0.233078 0.0105967 0.0274004 0.999568 -0.265712 0 0 0 1 
38591597440019;0.565481;0.356203;0.99417 -0.0920818 0.056091 -0.472037 0.078845 0.975722 0.204327 -0.492732 -0.073544 -0.198713 0.977294 -0.120421 0 0 0 1 
38591597440020;0.471158;0.187981;0.987752 -0.144459 -0.0589764 -0.0170438 0.131225 0.973571 -0.18692 -0.428615 0.0844201 0.176891 0.980603 0.263711 0 0 0 1 
38591597440021;0.264772;0.232594;0.984529 0.0495092 0.16808 -0.0887692 -0.0602315 0.996421 0.0593028 -0.0101591 -0.164543 -0.0685091 0.983988 0.566348 0 0 0 1 
38591597440022;0.382739;0.0329258;0.994609 -0.0269604 -0.100132 -0.312225 0.033281 0.997521 0.0619985 -0.457614 0.0982121 -0.0649967 0.993041 -0.0813957 0 0 0 1 
38591597440023;0.504596;0.314696;0.99765 0.0638978 -0.0247163 0.0294826 -0.0652907 0.996037 -0.0603942 0.366676 0.0207593 0.061866 0.997869 -0.588494 0 0 0 1 
38591597440024;0.223621;0.0262449;0.997161 -0.0532932 0.0531929 -0.0353979 0.0651937 0.964535 -0.255777 0.0569905 -0.0376752 0.258518 0.965271 0.324947 0 0 0 1 
38591597440025;0.497841;0.0300801;0.938392 -0.226578 0.260926 -0.362654 0.261658 0.959076 -0.108201 -1.31873 -0.225733 0.169808 0.959276 0.62316 0 0 0 1 
38591597440026;0.507307;0.308652;0.974702 -0.0772082 -0.209748 0.348659 0.0899178 0.994605 0.0517356 -0.268749 0.204622 -0.0692868 0.976386 -0.600479 0 0 0 1 
38591597440027;0.37107;0.022865;0.995879 0.002542 0.0906597 -0.262759 -0.044334 0.885684 0.462166 0.0939894 -0.0791211 -0.464281 0.882147 0.369494 0 0 0 1 
38591597440028;0.144155;0.0218916;0.986114 -0.157061 -0.0539467 0.0229931 0.155563 0.987341 -0.0309597 -0.587892 0.0581264 0.0221377 0.998064 -0.147655 0 0 0 1 
38591597440029;0.386592;0.168885;0.971632 -0.152076 0.181121 -0.208178 0.116567 0.974303 0.192733 -0.776117 -0.205777 -0.166152 0.964391 0.839733 0 0 0 1 
38591597440031;0.613756;0.374165;0.962077 -0.0546888 -0.267239 0.460926 0.0314445 0.9954 -0.0905 -0.513513 0.270959 0.0786648 0.959371 -1.22103 0 0 0 1 
38591597440032;0.317715;0.140908;0.977588 0.113161 -0.177531 0.461631 -0.130838 0.987199 -0.091216 0.818058 0.164936 0.112399 0.979879 -0.533426 0 0 0 1 
38591597440033;0.586776;0.365025;0.932067 -0.0548291 0.358114 0.0173072 0.0412974 0.998118 0.045332 0.211293 -0.359926 -0.0274632 0.932577 1.44966 0 0 0 1 
38591597440034;0.22655;0.0374951;0.988688 -0.129299 0.0760048 -0.311868 0.142105 0.96965 -0.198961 -0.826569 -0.0479725 0.207511 0.977056 0.601889 0 0 0 1 
38591597440035;0.489052;0.267001;0.992079 -0.00236367 0.12559 -0.0465691 0.0138192 0.995808 -0.0904208 -0.394961 -0.12485 0.0914402 0.987953 0.702367 0 0 0 1 
38591597440036;0.235684;0.17786;0.999022 -0.0441818 0.00156329 -0.0666154 0.0441956 0.99897 -0.0103089 -0.097336 -0.00110621 0.0103679 0.999946 -0.0562719 0 0 0 1 
38591597440037;0.200232;0.0231344;0.994813 0.100128 0.0179363 0.169315 -0.100131 0.994974 -0.000736843 0.420471 -0.01792 -0.00106296 0.999839 -0.238322 0 0 0 1 
38591597440038;0.419626;0.243632;0.993771 0.105048 -0.0372011 0.152993 -0.109893 0.979197 -0.170579 0.586435 0.0185081 0.173605 0.984641 0.671477 0 0 0 1 
38591597440039;0.360484;0.0215478;0.998654 -0.0235079 0.0462361 -0.0751298 0.030321 0.987812 -0.15267 -0.261211 -0.0420836 0.153867 0.987195 -0.067534 0 0 0 1 
38591597440040;0.46013;0.0250721;0.879674 0.233318 -0.414411 1.38913 -0.242898 0.969579 0.0302813 0.939248 0.408869 0.0740219 0.909586 -1.93817 0 0 0 1 
38591597440041;0.266595;0.0158209;0.998716 0.0501585 0.00713232 -0.331878 -0.0502372 0.998673 0.011331 0.167413 -0.00655451 -0.0116747 0.99991 0.0541689 0 0 0 1 
38591597440042;0.263344;0.0169098;0.966108 0.212069 -0.147184 0.608806 -0.196496 0.973916 0.113473 0.494813 0.167409 -0.0807066 0.982579 -0.735855 0 0 0 1 
38591597440043;0.518284;0.184004;0.986193 0.150196 -0.0697495 0.482811 -0.144143 0.985903 0.0849649 0.576358 0.0815276 -0.0737379 0.99394 -1.22134 0 0 0 1 
38591597440044;0.328581;0.204817;0.987496 0.12509 0.0959371 -0.00222195 -0.119484 0.99089 -0.0621264 0.519043 -0.102835 0.0498866 0.993447 0.83857 0 0 0 1 
38591597440045;0.358212;0.0268171;0.978765 0.162807 0.124555 0.127424 -0.166579 0.985816 0.0204286 0.929035 -0.119463 -0.040743 0.992002 0.866337 0 0 0 1 
38591597440046;0.061941;0.0314914;0.999516 -0.011694 0.0288302 0.00308709 0.0109869 0.999638 0.0245643 -0.0438772 -0.0291071 -0.0242357 0.999282 0.0602944 0 0 0 1 
38591597440047;0.281023;0.0311104;0.983051 0.16789 -0.0736513 0.553508 -0.159232 0.980995 0.11088 0.414876 0.0908672 -0.0972729 0.991101 -0.944208 0 0 0 1 
38591597440048;0.595102;0.0206139;0.986032 0.0479144 -0.159517 0.0184028 0.00277752 0.952865 0.303383 -0.851685 0.166535 -0.299588 0.939422 -2.04433 0 0 0 1 
38591597440049;0.461067;0.0132338;0.896778 0.121727 -0.425407 0.993555 -0.205639 0.965936 -0.1571 0.85289 0.391792 0.228364 0.891262 -1.62768 0 0 0 1 
38591597440050;0.266343;0.0199442;0.998729 0.0094867 -0.0494951 0.0726654 -0.0242731 0.951249 -0.307467 0.186036 0.0441653 0.308277 0.950271 0.129862 0 0 0 1 
38591597440051;0.432966;0.020828;0.926364 0.18581 -0.327605 1.11991 -0.185351 0.982121 0.0329205 1.09357 0.327864 0.0302256 0.944241 -1.19349 0 0 0 1 
38591597440052;0.0767887;0.0278155;0.994994 -0.0189099 0.098128 -0.0662332 0.0215997 0.999418 -0.0264208 -0.105052 -0.0975712 0.0284081 0.994823 0.443723 0 0 0 1 
38591597440053;0.465189;0.270155;0.989202 0.120281 -0.0837369 0.453248 -0.113321 0.990049 0.0834365 0.678619 0.0929394 -0.0730464 0.992989 -0.436528 0 0 0 1 
38591597440054;0.503874;0.0238353;0.997432 0.0459593 0.0549322 -0.740954 -0.0502124 0.99563 0.0787329 0.169661 -0.0510736 -0.081289 0.995381 0.219898 0 0 0 1 
38591597440055;0.362809;0.0329111;0.993012 -0.117847 0.0063134 -0.191835 0.117857 0.99303 -0.00125687 -0.661506 -0.00612127 0.00199216 0.999979 -0.554468 0 0 0 1 
38591597440056;0.349297;0.143798;0.976817 0.196637 0.0846293 0.235928 -0.213442 0.924968 0.314447 0.402398 -0.0164475 -0.325221 0.945495 -0.327887 0 0 0 1 
38591597440057;0.335627;0.0275401;0.926116 -0.0195609 -0.37673 0.556371 0.0371732 0.998526 0.0395367 -0.122128 0.375402 -0.0506199 0.925479 -1.68991 0 0 0 1 
38591597440058;0.689618;0.621593;0.997686 0.0474224 -0.0487194 0.100167 -0.047512 0.99887 -0.000681784 0.247332 0.0486321 0.00299497 0.998812 -0.560697 0 0 0 1 
38591597440059;0.45308;0.0264618;0.999972 0.0069615 0.00289944 -0.389008 -0.00693321 0.999929 -0.00965548 -0.349813 -0.00296645 0.0096351 0.999949 -0.554763 0 0 0 1 
38591597440060;0.265486;0.0228093;0.995321 -0.0948308 0.0185371 -0.00350534 0.0935005 0.993636 0.0628094 -0.6624 -0.0243754 -0.0607823 0.997853 0.289668 0 0 0 1 
38591597440062;0.128316;0.0302105;0.997065 -0.0765239 0.00253827 -0.202447 0.0753905 0.987004 0.141914 -0.518155 -0.0133651 -0.141306 0.989876 -0.411036 0 0 0 1 
38591597440063;0.451456;0.0279061;0.996414 -0.0333725 0.0777496 -0.219808 0.00730198 0.949415 0.313938 -0.511339 -0.0842935 -0.312245 0.946255 0.198859 0 0 0 1 
38591597440064;0.130373;0.0272183;0.997825 0.0658873 -0.00189961 0.0474971 -0.0658006 0.993991 -0.0874713 0.17908 -0.00387505 0.0874061 0.996165 0.17345 0 0 0 1 
38591597440065;0.480669;0.0340307;0.951079 0.0815482 0.29799 -0.0376031 -0.0585673 0.994635 -0.0852663 0.374022 -0.303345 0.0636425 0.950753 0.857283 0 0 0 1 
38591597440066;0.373674;0.0271184;0.918775 0.0327087 0.393424 0.14541 -0.070971 0.994011 0.0831001 0.355963 -0.38835 -0.104272 0.915594 1.67985 0 0 0 1 
38591597440067;0.212733;0.0338987;0.984645 0.141544 0.102175 0.323605 -0.163803 0.951497 0.260426 0.433813 -0.0603574 -0.273164 0.960072 -0.392077 0 0 0 1 
38591597440068;0.0642751;0.0295346;0.998271 -0.0378966 -0.0449354 -0.0962846 0.0351678 0.997576 -0.0600369 -0.128261 0.0471017 0.0583528 0.997184 -0.0475872 0 0 0 1 
38591597440069;0.225205;0.0284671;0.994013 -0.0502832 -0.0970016 -0.0827199 0.0422163 0.995614 -0.0834946 -0.148871 0.100774 0.0788997 0.991776 -0.630684 0 0 0 1 
38591597440070;0.596655;0.0276824;0.983308 -0.134428 0.122618 -1.01997 0.147273 0.98377 -0.102501 -0.00724892 -0.106849 0.118848 0.987147 0.493156 0 0 0 1 
38591597440071;0.538974;0.0338732;0.967899 0.205769 0.144328 0.278263 -0.232855 0.950275 0.206775 1.21133 -0.0946036 -0.233745 0.967685 0.435957 0 0 0 1 
38591597440072;0.398938;0.201997;0.996447 0.0746967 -0.038911 0.0626412 -0.0807562 0.978547 -0.189535 0.594349 0.0239186 0.192004 0.981103 0.0197819 0 0 0 1 
38591597440073;0.454646;0.193691;0.991427 0.128416 0.0241265 -0.246908 -0.128494 0.991709 0.00172406 0.497948 -0.0237051 -0.0048094 0.999707 -0.322987 0 0 0 1 
38591597440074;0.403252;0.0317732;0.995306 -0.0967693 -0.00091808 0.373101 0.096632 0.994318 -0.0446541 -0.353703 0.00523401 0.0443558 0.999002 0.266418 0 0 0 1 
38591597440075;0.606683;0.186988;0.997791 -0.0570114 -0.0340951 0.279457 0.0448765 0.956936 -0.286811 -0.0191821 0.0489783 0.284647 0.95738 1.03355 0 0 0 1 
38591597440076;0.528752;0.0277236;0.999262 0.0211156 -0.03209 -0.588233 -0.0203573 0.99951 0.023777 0.234093 0.0325763 -0.0231062 0.999202 0.318893 0 0 0 1 
38591597440077;0.46683;0.40009;0.97078 0.051562 0.234365 -0.494893 -0.0888624 0.984455 0.151496 0.23744 -0.22291 -0.167896 0.960272 0.53151 0 0 0 1 
38591597440078;0.164495;0.0329521;0.999956 -0.00875715 0.00329582 -0.268521 0.00879551 0.999892 -0.0118097 -0.065753 -0.00319204 0.0118382 0.999925 0.0814969 0 0 0 1 
38591597440079;0.383028;0.0298837;0.936242 0.0683229 0.344648 0.519571 -0.120574 0.983821 0.132509 0.373674 -0.330019 -0.165616 0.929332 0.622325 0 0 0 1 
38591597440080;0.593423;0.354186;0.997701 -0.0400727 -0.0546437 -0.0472495 0.0416679 0.998729 0.0283726 -0.26056 0.0534373 -0.0305842 0.998103 0.37067 0 0 0 1 
38591597440081;0.611108;0.022857;0.938553 -0.0111425 -0.344954 0.980835 -0.103354 0.944538 -0.311715 0.457461 0.329296 0.328213 0.885348 -1.17523 0 0 0 1 
38591597440082;0.502695;0.371743;0.995415 0.0904529 0.0311044 -0.381679 -0.0926323 0.99266 0.077758 0.430207 -0.0238427 -0.0802828 0.996487 -0.634555 0 0 0 1 
38591597440083;0.715049;0.230571;0.97048 -0.189529 0.149156 -0.362754 0.212206 0.964916 -0.154617 -0.907502 -0.114618 0.181705 0.97665 1.89556 0 0 0 1 
38591597440084;0.378082;0.032982;0.98892 -0.00655386 0.148304 -0.176945 -0.0214522 0.982229 0.186455 -0.0243447 -0.14689 -0.187571 0.971206 -0.425251 0 0 0 1 
38591597440085;0.428084;0.452711;0.998747 0.0121756 0.0485472 -0.157087 -0.0127157 0.99986 0.0108321 -0.0784254 -0.0484086 -0.0114358 0.998762 0.234151 0 0 0 1 
38591597440086;0.348552;0.239393;0.990604 0.104142 -0.0886431 0.164723 -0.116472 0.982145 -0.147731 0.462852 0.0716753 0.156668 0.985047 0.284075 0 0 0 1 
38591597440087;0.456571;0.248876;0.998527 -0.0450109 -0.0302807 -0.295118 0.0463328 0.997936 0.0444724 -0.183047 0.0282165 -0.0458099 0.998552 -0.754485 0 0 0 1 
38591597440088;0.581918;0.0282508;0.991937 0.0424148 0.119426 -0.417587 -0.0446665 0.99887 0.0162402 0.54484 -0.118602 -0.0214436 0.99271 -0.304471 0 0 0 1 
38591597440089;0.343578;0.0415313;0.975277 -0.181498 -0.126069 -0.254483 0.139217 0.947662 -0.287325 -0.443595 0.171619 0.26267 0.9495 -0.452351 0 0 0 1 
38591597440090;0.290589;0.0368418;0.994473 -0.101805 0.0256879 -0.208341 0.101656 0.994795 0.00703626 -0.151384 -0.0262705 -0.00438605 0.999645 0.35648 0 0 0 1 
38591597440091;0.344699;0.342059;0.999711 -0.00351813 0.0237932 -0.059108 0.00462134 0.998909 -0.0464718 -0.0213053 -0.0236037 0.0465683 0.998636 0.201427 0 0 0 1 
38591597440093;0.395285;0.223236;0.973154 -0.120299 0.196211 -0.362076 0.133723 0.9894 -0.0566211 0.0711915 -0.18732 0.0813391 0.978926 -0.177269 0 0 0 1 
38591597440094;0.48271;0.0122049;0.899899 0.098197 0.424899 0.0530148 -0.131254 0.990129 0.049159 0.478431 -0.415878 -0.100008 0.903905 -0.124236 0 0 0 1 
38591597440095;0.208258;0.194896;0.998291 0.0578746 -0.00814522 -0.192323 -0.057682 0.998089 0.0221645 -0.10192 0.00941242 -0.0216567 0.999721 -0.0220961 0 0 0 1 
38591597440096;0.348707;0.234503;0.957331 0.14965 -0.24723 -0.103292 -0.121028 0.984459 0.12725 -0.109544 0.26243 -0.091899 0.960565 -0.0505207 0 0 0 1 
38591597440097;0.0996698;0.0159123;0.995991 -0.0838943 -0.0310511 0.0399899 0.0836626 0.996456 -0.00869077 -0.128496 0.0316701 0.00605811 0.99948 0.0814031 0 0 0 1 
38591597440098;0.341585;0.0221788;0.918881 -0.296253 0.260562 0.16629 0.265847 0.952908 0.145917 -0.431695 -0.29152 -0.0648109 0.954367 0.419179 0 0 0 1 
38591597440099;0.517514;0.199387;0.900242 0.105539 0.422405 -0.893447 -0.141521 0.988425 0.0546536 0.103976 -0.411748 -0.108981 0.904758 0.53251 0 0 0 1 
38591597440100;0.554576;0.00600482;0.899839 0.240296 0.364071 -0.834334 -0.225401 0.970675 -0.083569 -0.28241 -0.373476 -0.00686348 0.927614 0.37292 0 0 0 1 
38591597440101;0.308911;0.0185378;0.997431 0.0126239 -0.0705056 0.410504 -0.0139482 0.999735 -0.0183235 -0.197863 0.0702556 0.0192598 0.997343 -0.678716 0 0 0 1 
38591597440102;0.281264;0.101038;0.973857 0.189919 0.124629 -0.11577 -0.212932 0.954324 0.209584 0.262861 -0.0791328 -0.230642 0.969816 0.0807571 0 0 0 1 
38591597440103;0.458862;0.120999;0.954178 -0.282706 0.098089 0.398665 0.264413 0.950021 0.165966 -0.785485 -0.140106 -0.132425 0.981241 -0.0617798 0 0 0 1 
38591597440104;0.179607;0.0200116;0.980543 0.0459259 -0.190859 0.128 -0.036152 0.997866 0.0543822 -0.13363 0.192949 -0.0464241 0.98011 -0.250801 0 0 0 1 
38591597440105;0.407802;0.305028;0.991395 -0.104108 -0.0793603 0.199753 0.104044 0.99456 -0.00494766 -0.160469 0.0794437 -0.0033519 0.996834 -0.140616 0 0 0 1 
38591597440106;0.119513;0.0116066;0.998054 -0.00799369 0.0618371 -0.125295 0.0117426 0.998099 -0.0605016 0.104856 -0.0612359 0.06111 0.996251 -0.130215 0 0 0 1 
38591597440107;0.268114;0.219934;0.997966 -0.0560545 -0.0303524 0.0402116 0.0551417 0.998024 -0.03012 -0.0192864 0.0319808 0.0283851 0.999085 0.0867294 0 0 0 1 
38591597440108;0.407271;0.24392;0.977896 0.142912 -0.152632 -0.191822 -0.12747 0.986096 0.10661 -0.226527 0.165746 -0.0847979 0.982516 0.296666 0 0 0 1 
38591597440109;0.443389;0.0122238;0.975342 0.160645 0.151331 -0.713171 -0.184199 0.97023 0.157237 -0.506604 -0.121566 -0.181235 0.975897 0.092006 0 0 0 1 
38591597440110;0.432632;0.0168977;0.97297 -0.0723928 0.219292 -0.616998 0.12928 0.957598 -0.257476 0.449835 -0.191354 0.278866 0.941072 0.0414443 0 0 0 1 
38591597440111;0.338245;0.0638508;0.92657 0.307442 -0.216672 0.0496692 -0.302731 0.951461 0.055464 0.0295181 0.223207 0.014202 0.974668 -0.0111175 0 0 0 1 
38591597440112;0.277197;0.00899012;0.970339 0.137265 0.198998 -0.350453 -0.100277 0.977546 -0.185332 -0.0367832 -0.219969 0.15988 0.962316 0.241952 0 0 0 1 
38591597440113;0.357829;0.210255;0.997894 0.0648614 0.000399672 -0.268982 -0.0648401 0.997366 0.0325089 -0.0552964 0.00170995 -0.0324664 0.999471 -0.510562 0 0 0 1 
38591597440114;0.246214;0.0106132;0.973523 0.223992 0.0456189 -0.183612 -0.216149 0.96696 -0.135157 0.493286 -0.0743859 0.121718 0.989773 -0.0438457 0 0 0 1 
38591597440115;0.388473;0.15975;0.915654 -0.274079 0.294037 -0.222907 0.299603 0.953018 -0.0446567 -0.322095 -0.267984 0.128985 0.95475 0.329163 0 0 0 1 
38591597440116;0.336493;0.248022;0.989104 -0.092742 0.114331 -0.0970131 0.117435 0.965394 -0.232858 0.0049149 -0.0887786 0.243747 0.965767 -0.2281 0 0 0 1 
38591597440117;0.374866;0.0124236;0.999732 0.0216758 -0.00816731 0.838233 -0.0214599 0.999441 0.0256466 -0.185912 0.00871865 -0.0254645 0.999638 0.235855 0 0 0 1 
38591597440118;0.178075;0.0125613;0.985634 -0.135343 0.101037 0.0551188 0.15572 0.95985 -0.233321 0.0364854 -0.065402 0.245703 0.967136 -0.0273327 0 0 0 1 
38591597440119;0.473817;0.017141;0.984013 -0.175584 0.0298198 1.06175 0.175999 0.984318 -0.0118996 -0.361847 -0.0272628 0.0169577 0.999484 0.374555 0 0 0 1 
38591597440120;0.215098;0.182299;0.999418 -0.0338306 0.00437498 0.0641606 0.0337797 0.999366 0.0112289 -0.0545052 -0.00475209 -0.0110745 0.999927 0.0240174 0 0 0 1 
38591597440121;0.418127;0.0138033;0.992045 0.0914622 0.0864963 0.0424443 -0.0969587 0.993378 0.0616308 0.00762845 -0.0802866 -0.0695271 0.994344 1.06089 0 0 0 1 
38591597440122;0.192825;0.0138436;0.972122 0.232493 0.0304218 -0.164799 -0.234459 0.965348 0.114592 0.176294 -0.0027257 -0.11853 0.992947 0.108662 0 0 0 1 
38591597440124;0.0779043;0.0285222;0.999415 0.0165247 -0.0299315 0.00822336 -0.0169661 0.99975 -0.0145551 0.0807946 0.0296835 0.0150544 0.999446 0.133801 0 0 0 1 
38591597440125;0.14453;0.0276162;0.99888 0.0113587 -0.0459419 0.0921646 -0.00018924 0.97172 0.236135 -0.190116 0.0473249 -0.235861 0.970634 -0.583513 0 0 0 1 
38591597440126;0.34028;0.195626;0.96321 -0.0800509 0.25655 -0.467951 0.114077 0.986125 -0.1206 0.209582 -0.243337 0.14543 0.958977 0.28947 0 0 0 1 
38591597440127;0.280733;0.0227822;0.975142 -0.109593 0.192583 -0.518599 0.105087 0.993899 0.0334885 0.232076 -0.195078 -0.012418 0.980709 0.259985 0 0 0 1 
38591597440128;0.300881;0.319659;0.989324 0.112448 -0.0926993 0.651721 -0.10094 0.987549 0.12066 0.0300844 0.105113 -0.110015 0.988356 -0.405009 0 0 0 1 
38591597440129;0.231531;0.027462;0.958324 0.0914125 -0.270663 0.503968 -0.0307436 0.974922 0.220413 -0.0128231 0.284024 -0.202906 0.937102 -0.713735 0 0 0 1 
38591597440130;0.346361;0.255925;0.999065 -0.0387001 0.0192687 -0.0989622 0.0385987 0.999239 0.00560401 -0.182496 -0.0194709 -0.00485502 0.999799 -0.201484 0 0 0 1 
38591597440131;0.336968;0.41383;0.98917 -0.129563 0.0689666 -0.0252292 0.129849 0.991534 0.000330014 0.468247 -0.0684255 0.00862883 0.997619 0.185327 0 0 0 1 
38591597440132;0.344656;0.276519;0.963259 0.137256 -0.230853 0.710152 -0.159618 0.983844 -0.0810719 0.344068 0.215996 0.114942 0.969605 0.233553 0 0 0 1 
38591597440133;0.350181;0.272728;0.997024 0.0720972 0.0272957 0.178357 -0.0692576 0.993197 -0.0936127 -0.00149743 -0.0338592 0.0914437 0.995234 0.472838 0 0 0 1 
38591597440134;0.561974;0.352879;0.955605 -0.166939 0.242797 0.190435 0.17292 0.98493 -0.00337734 0.499236 -0.238574 0.0452117 0.970071 0.946942 0 0 0 1 
38591597440135;0.216019;0.0220796;0.979455 -0.0305698 -0.199334 0.158544 0.0570524 0.990067 0.128498 -0.255476 0.193426 -0.137231 0.97147 -0.567922 0 0 0 1 
38591597440136;0.499684;0.317093;0.996997 -0.0773962 -0.00262593 0.214626 0.077414 0.996971 0.00753273 0.0324984 0.00203497 -0.0077134 0.999968 -0.707378 0 0 0 1 
38591597440137;0.297035;0.021894;0.994854 0.0997678 0.0176804 0.0849099 -0.0985879 0.993419 -0.0582989 0.680214 -0.0233805 0.0562558 0.998143 0.123237 0 0 0 1 
38591597440138;0.314957;0.0551225;0.941975 0.257498 0.215355 0.69921 -0.265616 0.964036 0.00913347 0.36665 -0.205258 -0.0658052 0.976493 -0.10275 0 0 0 1 
38591597440139;0.155913;0.0226553;0.994643 -0.00843836 0.103025 0.120504 0.0247121 0.987174 -0.157724 0.125887 -0.100373 0.159425 0.982094 0.618232 0 0 0 1 
38591597440140;0.442404;0.0167945;0.98358 -0.0694024 0.166596 -0.179232 0.0166762 0.954103 0.299015 -0.276997 -0.179702 -0.291327 0.939593 0.160335 0 0 0 1 
38591597440141;0.257242;0.0225315;0.976848 0.170779 -0.12885 0.726748 -0.110652 0.918798 0.378901 -0.378967 0.183095 -0.355871 0.916423 -1.08989 0 0 0 1 
38591597440142;0.222719;0.0223356;0.9778 0.118144 0.173061 0.217731 -0.121334 0.99258 0.00793262 0.148642 -0.17084 -0.0287546 0.984879 0.280088 0 0 0 1 
38591597440143;0.482302;0.0186302;0.942667 0.174682 -0.284367 0.780991 -0.0895088 0.953192 0.288813 -0.83064 0.321507 -0.246801 0.914179 -0.772749 0 0 0 1 
38591597440144;0.255934;0.0246931;0.996959 0.0766832 -0.0138416 0.286392 -0.0764811 0.996964 0.0145806 0.322018 0.0149177 -0.0134776 0.999798 -0.525084 0 0 0 1 
38591597440145;0.370694;0.380148;0.969902 -0.101182 -0.221477 0.262041 0.0924446 0.994487 -0.0494949 0.507763 0.225264 0.0275308 0.973909 -0.161008 0 0 0 1 
38591597440146;0.299941;0.0289753;0.996432 0.0625438 -0.0566675 0.22335 -0.0676183 0.993408 -0.0925675 -0.145158 0.0505045 0.096069 0.994093 0.765913 0 0 0 1 
38591597440147;0.410512;0.0215679;0.983816 -0.17596 0.0338346 -0.791423 0.176005 0.984388 0.00167322 0.131791 -0.0336007 0.00430891 0.999426 -0.601079 0 0 0 1 
38591597440148;0.471802;0.362681;0.976898 -0.154126 -0.148038 0.205045 0.161981 0.985879 0.0424837 0.149122 0.139399 -0.0654816 0.988069 -0.117738 0 0 0 1 
38591597440149;0.337741;0.0142634;0.999979 0.00195746 -0.00620826 0.0854427 -0.00198015 0.999991 -0.00365177 0.235616 0.00620106 0.00366399 0.999974 -0.693154 0 0 0 1 
38591597440150;0.131256;0.0190822;0.998618 -0.0524364 -0.00353103 -0.235977 0.0524248 0.998619 -0.0032925 0.0525004 0.0036988 0.00310284 0.999988 -0.222601 0 0 0 1 
38591597440151;0.387023;0.357223;0.994309 -0.0382034 -0.0994504 0.13407 0.0392225 0.999196 0.00831212 0.121502 0.0990528 -0.0121655 0.995008 0.260365 0 0 0 1 
38591597440152;0.263342;0.3291;0.998364 -0.0570216 -0.00424415 0.161187 0.0570829 0.99824 0.0160778 0.384188 0.00331989 -0.0162938 0.999862 0.000625484 0 0 0 1 
38591597440153;0.441403;0.0197552;0.989436 0.134734 -0.0535025 0.386993 -0.12493 0.979699 0.156787 0.550755 0.0735409 -0.148447 0.986182 0.235699 0 0 0 1 
38591597440155;0.258376;0.00738487;0.998733 0.0431594 0.0258783 -0.597558 -0.0442731 0.998044 0.0441296 0.244811 -0.0239231 -0.0452194 0.998691 0.524712 0 0 0 1 
38591597440156;0.221561;0.00669651;0.999758 0.0125111 -0.0181216 0.0330733 -0.0138787 0.996902 -0.0774215 0.0154544 0.0170968 0.0776542 0.996834 -0.709462 0 0 0 1 
38591597440157;0.430412;0.296978;0.993009 -0.0848895 -0.082021 0.447093 0.0722211 0.986544 -0.146682 0.235143 0.093369 0.139733 0.985777 -0.469262 0 0 0 1 
38591597440158;0.209175;0.00739378;0.987416 0.0358782 0.154023 -0.101127 -0.0422121 0.998384 0.0380505 0.186176 -0.152409 -0.0440733 0.987334 0.644493 0 0 0 1 
38591597440159;0.222826;0.159455;0.986003 -0.065839 -0.153175 0.134538 0.0567338 0.996395 -0.0630774 -0.0229517 0.156776 0.0535043 0.986184 -0.22319 0 0 0 1 
38591597440160;0.348174;0.00821361;0.998022 0.0466916 -0.0421067 -0.260724 -0.0496218 0.996208 -0.0714617 0.912646 0.0386104 0.0734097 0.996554 -0.545176 0 0 0 1 
38591597440161;0.528254;0.424092;0.997533 -0.0573751 -0.0404457 0.273878 0.0559682 0.997815 -0.0351004 -0.189656 0.0423713 0.0327501 0.998565 0.10349 0 0 0 1 
38591597440162;0.274646;0.00713765;0.997579 -0.0689242 -0.00924131 -0.736984 0.0689842 0.997598 0.00633704 -0.0216187 0.00878233 -0.0069592 0.999937 -0.128662 0 0 0 1 
38591597440163;0.298037;0.0129561;0.963148 -0.266676 -0.0350656 0.557543 0.26819 0.962084 0.0496857 -0.158653 0.0204861 -0.0572589 0.998149 -0.265459 0 0 0 1 
38591597440164;0.263298;0.00881719;0.976437 0.1832 -0.114055 -0.259226 -0.178651 0.982692 0.0489894 0.102015 0.121056 -0.027459 0.992266 0.54168 0 0 0 1 
38591597440165;0.352749;0.00970281;0.977327 0.209555 -0.0302967 -0.600836 -0.211218 0.954932 -0.208547 0.623975 -0.0147707 0.210218 0.977543 -0.419643 0 0 0 1 
38591597440166;0.206209;0.0076749;0.983059 -0.180804 0.0300841 0.336617 0.182178 0.981895 -0.0518969 0.209562 -0.0201563 0.0564984 0.998199 -0.196808 0 0 0 1 
38591597440167;0.319448;0.00891918;0.999946 -0.00382152 0.00965063 0.350378 0.00386281 0.999983 -0.00426373 -0.446938 -0.00963418 0.00430078 0.999944 -0.753892 0 0 0 1 
38591597440168;0.116047;0.0078162;0.999769 0.017742 -0.0121047 -0.0206612 -0.0191937 0.990955 -0.132813 0.135503 0.00963883 0.133015 0.991067 -0.206739 0 0 0 1 
38591597440169;0.218803;0.00772103;0.997532 -0.0262631 0.0651129 0.00157858 0.00970336 0.970073 0.24262 -0.199877 -0.0695362 -0.241389 0.967934 0.484891 0 0 0 1 
38591597440170;0.167043;0.00795848;0.999654 0.00964336 -0.0244848 0.0596424 -0.00952493 0.999942 0.00494885 -0.069278 0.0245311 -0.00471392 0.999688 -0.483945 0 0 0 1 
38591597440171;0.339075;0.00676314;0.962029 -0.253938 0.100073 0.466711 0.255801 0.966711 -0.00603035 0.0744819 -0.0952104 0.0314002 0.994962 0.66698 0 0 0 1 
38591597440172;0.374586;0.00724661;0.976567 -0.0872131 -0.196749 1.05939 0.0504609 0.981515 -0.184613 0.108249 0.209213 0.170359 0.962916 -0.0323811 0 0 0 1 
38591597440173;0.118391;0.00824352;0.997779 0.0266316 0.0610549 -0.296857 -0.0243766 0.999003 -0.0373874 0.0289983 -0.0619897 0.0358161 0.997434 0.176431 0 0 0 1 
38591597440174;0.158802;0.00710268;0.992965 -0.0373255 0.112373 -0.129629 0.0144541 0.980129 0.197836 -0.0719371 -0.117524 -0.19482 0.973773 0.200311 0 0 0 1 
38591597440175;0.263758;0.00685511;0.962965 0.184793 0.196343 -0.563883 -0.199883 0.977989 0.0598709 0.0945577 -0.180958 -0.0968993 0.978706 0.361689 0 0 0 1 
38591597440176;0.174741;0.00765078;0.998534 -0.053113 0.0104669 0.0680654 0.0504433 0.983063 0.176189 -0.341259 -0.0196475 -0.175402 0.984301 0.155883 0 0 0 1 
38591597440177;0.253101;0.00862441;0.992354 0.121156 0.0235483 -0.611044 -0.120482 0.992315 -0.0281872 -0.306161 -0.0267824 0.0251345 0.999325 -0.197493 0 0 0 1 
38591597440178;0.247175;0.0065999;0.996511 0.0785853 0.0281045 -0.358346 -0.0771072 0.995754 -0.0502903 -0.556598 -0.0319372 0.0479478 0.998339 -0.162284 0 0 0 1 
38591597440179;0.388374;0.360253;0.999285 -0.0356398 0.012614 -0.0177414 0.0360812 0.998675 -0.036697 0.0465804 -0.0112894 0.0371259 0.999247 0.0557945 0 0 0 1 
38591597440180;0.287474;0.00806597;0.906665 0.289859 -0.306496 -0.0448989 -0.274815 0.957069 0.0921701 0.240611 0.320054 0.000662327 0.947399 -0.337154 0 0 0 1 
38591597440181;0.269146;0.00835556;0.998825 -0.0345239 0.033996 0.229235 0.0311206 0.994895 0.095999 -0.725221 -0.0371367 -0.0948283 0.994801 -0.129987 0 0 0 1 
38591597440182;0.36237;0.1539;0.989993 0.109908 0.0885103 -0.769219 -0.120904 0.98407 0.130342 -0.215975 -0.0727746 -0.139739 0.98751 -0.164646 0 0 0 1 
38591597440183;0.418551;0.287871;0.995565 -0.0873604 -0.0349148 0.482693 0.0810854 0.98498 -0.152443 -0.0599818 0.0477078 0.148936 0.987695 -0.16982 0 0 0 1 
38591597440184;0.369769;0.00847453;0.999569 -0.0222662 0.0191538 -0.816484 0.024866 0.988613 -0.148408 -0.0475732 -0.0156313 0.148821 0.988741 -0.68893 0 0 0 1 
38591597440186;0.226268;0.0339153;0.999898 -0.00859116 0.0114268 -0.137461 0.00845663 0.999895 0.0117706 -0.299005 -0.0115267 -0.0116727 0.999865 0.0849598 0 0 0 1 
38591597440187;0.539163;0.21019;0.991308 -0.108502 0.0743978 0.220738 0.106866 0.993943 0.02565 -0.636482 -0.0767302 -0.0174765 0.996899 0.707355 0 0 0 1 
38591597440188;0.243538;0.167171;0.987819 0.0750152 0.136328 -0.354697 -0.097477 0.981232 0.166381 0.149267 -0.121288 -0.177643 0.976592 0.42225 0 0 0 1 
38591597440189;0.327282;0.0447114;0.998736 -0.017262 -0.0472042 0.144527 0.0198666 0.998273 0.0552778 -0.155271 0.0461685 -0.0561457 0.997355 -0.572038 0 0 0 1 
38591597440190;0.477387;0.0340821;0.943718 0.104655 0.313757 -0.114749 -0.183678 0.954725 0.234013 0.433402 -0.275061 -0.278473 0.920214 1.40734 0 0 0 1 
38591597440191;0.452785;0.248392;0.989269 0.0379683 0.141087 0.0563451 -0.0868361 0.92938 0.358766 0.0325909 -0.117502 -0.367168 0.922703 1.23254 0 0 0 1 
38591597440192;0.627235;0.381595;0.999141 -0.0304257 0.0281321 0.236145 0.0282498 0.996802 0.0747485 -0.395801 -0.0303164 -0.0738896 0.996806 0.761071 0 0 0 1 
38591597440193;0.3706;0.0397351;0.999757 -0.0017275 0.0219833 -0.130636 0.00483607 0.989833 -0.142151 0.213313 -0.0215143 0.142223 0.989601 -0.468657 0 0 0 1 
38591597440194;0.358294;0.162748;0.993771 0.0558146 0.0964599 0.118015 -0.0577052 0.99819 0.0169204 -0.103454 -0.095341 -0.0223812 0.995193 0.141875 0 0 0 1 
38591597440195;0.380792;0.188621;0.962389 0.173132 -0.209364 -0.129946 -0.175457 0.984458 0.00756435 0.371776 0.207419 0.0294545 0.977809 -0.347652 0 0 0 1 
38591597440196;0.614704;0.628254;0.994962 -0.0698111 -0.0719545 0.0612132 0.0814266 0.981417 0.173756 -0.351838 0.0584873 -0.17874 0.982156 0.331964 0 0 0 1 
38591597440197;0.540834;0.229512;0.985342 0.142197 -0.0942393 0.367297 -0.145971 0.988691 -0.0343996 0.447907 0.088282 0.0476516 0.994955 -0.0279871 0 0 0 1 
38591597440198;0.653732;0.0685754;0.979237 0.202441 -0.0106261 -0.00917308 -0.198029 0.944047 -0.263743 0.267325 -0.0433611 0.260372 0.964534 0.539399 0 0 0 1 
38591597440199;0.0659977;0.0381496;0.999639 -0.0201392 0.0177729 -0.0594942 0.0202696 0.999769 -0.00718776 -0.0808069 -0.017624 0.00754541 0.999816 0.0233186 0 0 0 1 
38591597440200;0.599375;0.0376444;0.998303 0.0574671 -0.00938243 0.51452 -0.057453 0.998347 0.00177357 0.738955 0.00946884 -0.00123151 0.999954 0.123592 0 0 0 1 
38591597440201;0.617035;0.0363955;0.994952 0.0559548 0.0833016 0.395112 -0.0348494 0.971111 -0.236068 0.218231 -0.0941042 0.231974 0.968159 -0.515769 0 0 0 1 
38591597440202;0.728849;0.151645;0.917711 -0.016268 -0.396915 0.672622 0.121118 0.963047 0.240566 -0.730092 0.378334 -0.268843 0.885769 -0.0261751 0 0 0 1 
38591597440203;0.628996;0.201587;0.987863 0.15129 -0.0351953 0.506247 -0.150079 0.98806 0.0348419 0.541468 0.0400463 -0.0291369 0.998773 0.0977815 0 0 0 1 
38591597440204;0.361491;0.334665;0.998097 -0.061191 -0.00761957 0.169564 0.0614114 0.997561 0.0331642 -0.335145 0.00557164 -0.033569 0.999421 0.32281 0 0 0 1 
38591597440205;0.426394;0.0415846;0.979339 0.145771 0.140161 -0.403635 -0.173177 0.962446 0.209062 0.280671 -0.104423 -0.229016 0.967806 0.73354 0 0 0 1 
38591597440206;0.39785;0.0323691;0.981619 0.096309 0.164769 -0.0201435 -0.150289 0.922199 0.356319 0.264759 -0.117633 -0.374532 0.919722 0.856304 0 0 0 1 
38591597440207;0.654746;0.0333533;0.988366 0.144567 0.0472487 -0.588639 -0.147141 0.987502 0.056478 -0.205012 -0.0384933 -0.0627732 0.997285 0.485029 0 0 0 1 
38591597440208;0.405729;0.035487;0.962236 -0.0344873 0.270022 -0.157717 -0.0219039 0.978916 0.203083 -0.43207 -0.271333 -0.201328 0.941193 0.627214 0 0 0 1 
38591597440209;0.302589;0.214899;0.988299 0.152388 -0.00662967 -0.306229 -0.152112 0.987868 0.0312954 0.273573 0.0113183 -0.0299207 0.999488 0.0313385 0 0 0 1 
38591597440210;0.290612;0.0319583;0.996284 0.0845977 -0.0161916 -0.131607 -0.0861056 0.97345 -0.212086 0.394812 -0.0021803 0.212692 0.977117 0.0806417 0 0 0 1 
38591597440211;0.669792;0.13285;0.994202 0.0453932 0.0974766 -0.297506 -0.0595491 0.98725 0.147619 -0.717317 -0.0895328 -0.152568 0.984229 0.555997 0 0 0 1 
38591597440212;0.674895;0.0335024;0.92196 0.105987 0.3725 0.700623 -0.226414 0.927841 0.296391 0.632276 -0.314208 -0.3576 0.879429 1.17087 0 0 0 1 
38591597440213;0.74739;0.0415452;0.990656 0.0581273 -0.123376 0.0586906 -0.0281417 0.972281 0.232115 -1.01045 0.133448 -0.226474 0.964832 0.00632047 0 0 0 1 
38591597440214;0.177349;0.0366405;0.999892 -0.00288712 -0.0143776 0.0710263 0.000253942 0.98369 -0.179871 0.0228235 0.0146624 0.179848 0.983585 -0.241959 0 0 0 1 
38591597440215;0.720627;0.048226;0.992902 0.0587584 -0.103405 -0.0380364 -0.0657952 0.995648 -0.0660071 0.519026 0.0990767 0.0723422 0.992447 -1.28645 0 0 0 1 
38591597440217;0.284412;0.0180788;0.999884 -0.0150879 -0.00196679 0.250703 0.0151064 0.999838 0.00977333 0.0648793 0.00181901 -0.00980191 0.99995 0.608807 0 0 0 1 
38591597440218;0.175507;0.0151166;0.980977 0.191134 -0.0339561 -0.155956 -0.1924 0.980539 -0.0390463 0.269466 0.0258323 0.0448366 0.99866 -0.0385259 0 0 0 1 
38591597440219;0.263573;0.0169331;0.983832 0.179012 0.0053121 -0.167279 -0.179001 0.983846 -0.00254056 0.377516 -0.00568107 0.00154861 0.999983 0.402169 0 0 0 1 
38591597440220;0.260161;0.0174001;0.998786 0.0331388 -0.0364351 0.023325 -0.0320317 0.99902 0.030561 0.5397 0.0374121 -0.0293568 0.998869 0.219353 0 0 0 1 
38591597440221;0.443483;0.0208588;0.993944 -0.0920509 -0.0600176 0.914275 0.101993 0.976067 0.192072 0.107314 0.0409007 -0.19703 0.979544 0.373832 0 0 0 1 
38591597440222;0.400675;0.0190682;0.995417 0.090977 0.0294724 -0.259154 -0.0917224 0.99547 0.0250105 0.33564 -0.0270635 -0.0275991 0.999253 -0.819322 0 0 0 1 
38591597440223;0.500048;0.380309;0.994755 0.0815923 0.0616888 -0.448729 -0.0853761 0.994454 0.0614129 -0.0604804 -0.0563359 -0.0663575 0.996204 0.449677 0 0 0 1 
38591597440224;0.319063;0.0183669;0.999678 0.0232795 -0.0101373 0.156871 -0.0232843 0.999729 -0.000359735 0.172629 0.0101262 0.000595659 0.999949 -0.744882 0 0 0 1 
38591597440225;0.246702;0.0185244;0.986161 -0.10281 0.130068 0.11938 0.0797966 0.982 0.171196 0.163419 -0.145327 -0.158447 0.976614 -0.0605216 0 0 0 1 
38591597440226;0.422905;0.324541;0.951308 0.124186 0.282119 -0.677971 -0.105691 0.991182 -0.079918 0.12682 -0.289556 0.0462093 0.956045 0.218651 0 0 0 1 
38591597440227;0.114525;0.0159611;0.998692 0.000687824 0.0511292 -0.0798274 -0.00532737 0.995868 0.0906609 -0.248904 -0.0508556 -0.0908147 0.994568 0.0296445 0 0 0 1 
38591597440228;0.227089;0.0166331;0.963048 -0.265976 0.0423638 0.115238 0.26776 0.962472 -0.0441719 -0.117237 -0.0290253 0.053883 0.998125 0.0611931 0 0 0 1 
38591597440229;0.366377;0.0157163;0.962161 0.270512 0.0326874 -0.548842 -0.268484 0.961674 -0.0556693 0.632437 -0.0464939 0.0447867 0.997914 -0.219543 0 0 0 1 
38591597440230;0.40791;0.0175182;0.999866 0.00967939 0.0132174 -0.0671217 -0.0106195 0.997275 0.0730113 -0.0408212 -0.0124747 -0.0731419 0.997244 1.0005 0 0 0 1 
38591597440231;0.122929;0.0152839;0.997569 0.0603904 -0.0347826 0.0846565 -0.0570283 0.994248 0.0906598 -0.197081 0.0400575 -0.0884558 0.995274 0.0503663 0 0 0 1 
38591597440232;0.235296;0.188354;0.998303 -0.0522052 0.0257999 0.0290032 0.0519964 0.998609 0.00869653 -0.0872568 -0.0262181 -0.00734027 0.999629 -0.022169 0 0 0 1 
38591597440233;0.450082;0.0182501;0.909945 -0.00633064 -0.414681 0.651125 0.11982 0.961257 0.248248 -0.400652 0.397044 -0.275579 0.87545 -0.405817 0 0 0 1 
38591597440234;0.442338;0.346728;0.991933 -0.0943439 -0.0846704 0.167644 0.0904317 0.994701 -0.0489175 -0.0331842 0.0888368 0.040866 0.995208 -0.244786 0 0 0 1 
38591597440235;0.600621;0.356566;0.996395 0.0818434 -0.0223165 -0.540654 -0.0814692 0.996528 0.0171948 0.148121 0.0236463 -0.0153147 0.999603 0.613039 0 0 0 1 
38591597440236;0.098733;0.017592;0.996138 0.0594943 -0.0645653 0.141897 -0.0591786 0.998224 0.00679371 0.0288046 0.0648549 -0.00294659 0.99789 -0.157913 0 0 0 1 
38591597440237;0.391996;0.0234596;0.99281 -0.117519 -0.0227422 0.48479 0.118972 0.989712 0.0794747 0.2999 0.0131684 -0.081609 0.996577 0.603789 0 0 0 1 
38591597440238;0.352561;0.0193931;0.918628 0.215265 0.331336 -0.323953 -0.259127 0.961267 0.0939051 0.125285 -0.298288 -0.172122 0.938828 0.558119 0 0 0 1 
38591597440239;0.273596;0.20414;0.994286 -0.0757728 0.0751908 0.01947 0.0777037 0.996709 -0.0230914 -0.0108944 -0.0731937 0.0288021 0.996902 -0.0704514 0 0 0 1 
38591597440240;0.59112;0.24881;0.981803 -0.151925 -0.113936 0.526995 0.164013 0.980801 0.105499 -0.560499 0.0957208 -0.122266 0.987871 0.561955 0 0 0 1 
38591597440241;0.457943;0.267356;0.994801 0.0987749 0.0247706 -0.35891 -0.0967086 0.992556 -0.0740302 0.191774 -0.0318985 0.0712498 0.996948 -0.648775 0 0 0 1 
38591597440242;0.307705;0.0147749;0.981919 0.187285 0.027559 0.216602 -0.187599 0.982202 0.00926619 -0.354993 -0.0253331 -0.0142687 0.999577 -0.0197593 0 0 0 1 
38591597440243;0.105317;0.0163822;0.998015 -0.0627337 0.00554853 0.0886314 0.0627103 0.998023 0.00428939 -0.0793565 -0.00580665 -0.00393293 0.999975 -0.184034 0 0 0 1 
38591597440244;0.562292;0.181802;0.970152 -0.174844 -0.168032 0.814808 0.149625 0.976893 -0.152618 0.00789738 0.190833 0.122921 0.973896 -0.947304 0 0 0 1 
38591597440245;0.374359;0.0205425;0.992865 -0.110399 -0.0450778 -0.50825 0.112735 0.992208 0.0530488 0.288881 0.03887 -0.0577521 0.997574 0.315363 0 0 0 1 
38591597440246;0.451519;0.400655;0.999177 0.0393437 0.00985597 -0.267345 -0.0391077 0.998968 -0.0230915 0.0485703 -0.0107543 0.022687 0.999685 -0.270638 0 0 0 1 
38591597440248;0.275634;0.216283;0.999179 0.0377982 0.0145887 -0.230409 -0.0377411 0.999279 -0.00417314 0.00115768 -0.0147359 0.00361912 0.999885 0.0231483 0 0 0 1 
38591597440249;0.256114;0.00603627;0.958353 -0.182989 -0.219259 0.594052 0.169571 0.982371 -0.0786931 -0.0400944 0.229794 0.0382359 0.972488 -0.382024 0 0 0 1 
38591597440250;0.238063;0.00622473;0.922391 -0.0166817 -0.385897 0.243405 -0.0398817 0.989614 -0.138107 0.31131 0.384193 0.142779 0.912146 -0.510156 0 0 0 1 
38591597440251;0.292932;0.00632241;0.999977 -0.000395305 0.006776 -0.0284886 0.000360326 0.999987 0.00516258 -0.0175803 -0.00677795 -0.00516002 0.999964 0.858638 0 0 0 1 
38591597440252;0.40515;0.032822;0.994024 -0.00607783 0.108993 -0.26879 0.0552139 0.889307 -0.453966 0.450574 -0.0941688 0.457271 0.884328 -0.34366 0 0 0 1 
38591597440253;0.264249;0.00902806;0.99965 -0.0181734 0.019224 -0.655949 0.0179159 0.999749 0.0134832 0.0147417 -0.0194642 -0.0131341 0.999724 -0.306863 0 0 0 1 
38591597440254;0.377732;0.0889006;0.931386 -0.328997 0.155821 0.568642 0.293234 0.931689 0.214404 -0.65378 -0.215715 -0.154001 0.964236 0.249792 0 0 0 1 
38591597440255;0.159826;0.00628724;0.976732 0.0826348 0.197904 0.106883 -0.0701508 0.995127 -0.0692942 0.124163 -0.202665 0.0537988 0.977769 0.376541 0 0 0 1 
38591597440256;0.0516293;0.00682534;0.999079 0.0283887 0.0321609 -0.0638526 -0.0275456 0.999273 -0.026359 0.128016 -0.0328858 0.0254489 0.999135 0.0490989 0 0 0 1 
38591597440257;0.294004;0.006527;0.986754 -0.124094 -0.104483 0.128604 0.115755 0.989852 -0.0824263 0.509488 0.113651 0.06924 0.991105 0.270179 0 0 0 1 
