#;prob_registration_l1 -r /home/probabilistic_point_clouds_registration/build/tester /home/point_clouds_registration_benchmark//devel/registration_pairs/gazebo_summer_local.txt /home/point_clouds_registration_benchmark//eth/gazebo_summer -s 0.2 -t 0.2 -p 0.3 -r 1000 -m 10 -i 40 
id;initial_error;final_error;transformation
36535719080000;0.0805842;0.0484248;0.999807 -0.0032131 0.0193993 -0.0642544 0.00136201 0.995506 0.0946896 -0.0814831 -0.0196164 -0.0946448 0.995318 0.089279 0 0 0 1 
36535719080001;0.11249;0.054486;0.990231 0.0166394 0.138438 -0.286948 -0.00658104 0.997325 -0.0727985 0.0408753 -0.139279 0.0711763 0.987692 0.272655 0 0 0 1 
36535719080002;0.259114;0.0559226;0.99132 0.0377453 0.125937 0.134892 -0.0601728 0.981943 0.179349 -0.43147 -0.116893 -0.185371 0.975691 0.169302 0 0 0 1 
36535719080003;0.441289;0.558798;0.969578 -0.200634 0.140232 -0.758495 0.20811 0.977258 -0.0407019 -0.140698 -0.128876 0.0686473 0.989282 0.0103544 0 0 0 1 
36535719080004;0.424931;0.556567;0.955263 -0.148737 0.255636 -1.02097 0.16066 0.98666 -0.0262896 0.291803 -0.248315 0.066184 0.966416 -0.0663695 0 0 0 1 
36535719080005;0.508351;0.0765818;0.987224 -0.116891 0.108285 0.426455 0.149381 0.915444 -0.373694 0.809236 -0.0554472 0.385095 0.92121 -0.296423 0 0 0 1 
36535719080006;0.482532;0.444661;0.991677 -0.0587386 -0.114567 -0.861944 0.0399306 0.986302 -0.160043 0.24394 0.122398 0.154137 0.980439 -1.30048 0 0 0 1 
36535719080007;0.407429;0.0585975;0.948346 -0.316695 -0.0185687 0.170862 0.30268 0.920802 -0.245984 -0.687327 0.0950001 0.227658 0.969096 -1.08747 0 0 0 1 
36535719080008;0.494873;0.434888;0.977066 -0.0326084 0.210423 -1.0782 0.0943112 0.952261 -0.290351 0.147658 -0.19091 0.303538 0.933498 -0.542619 0 0 0 1 
36535719080009;0.260051;0.0531945;0.990181 -0.0784735 0.115688 -0.210464 0.0737849 0.996291 0.0442744 -0.759145 -0.118733 -0.0353037 0.992298 -0.241262 0 0 0 1 
36535719080010;0.367096;0.0777921;0.980517 -0.164251 0.107738 0.486302 0.168645 0.985125 -0.0329654 -0.130739 -0.10072 0.0504926 0.993633 0.824657 0 0 0 1 
36535719080011;0.379627;0.0821711;0.971542 -0.200624 0.125919 0.043853 0.192589 0.978549 0.0731525 0.378356 -0.137894 -0.0468202 0.98934 -0.157845 0 0 0 1 
36535719080012;0.1676;0.0451595;0.999114 0.0409737 0.00960822 -0.263906 -0.0410381 0.999136 0.00660053 0.231053 -0.00932947 -0.00698898 0.999932 -0.460686 0 0 0 1 
36535719080013;0.445602;0.449599;0.964449 -0.0784632 0.252354 -0.193912 0.0800707 0.996782 0.0039094 -0.245375 -0.251848 0.0164357 0.967627 0.44862 0 0 0 1 
36535719080014;0.45281;0.457439;0.998197 0.0450723 0.0396323 -1.10705 -0.0449093 0.998979 -0.00499322 0.112738 -0.0398168 0.00320436 0.999202 0.105727 0 0 0 1 
36535719080015;0.366192;0.442303;0.9955 -0.02213 0.0921397 -1.15611 0.0180925 0.998849 0.0444262 -0.0299409 -0.0930168 -0.0425592 0.994755 0.335721 0 0 0 1 
36535719080016;0.0775968;0.0482003;0.993947 0.0127998 0.10911 -0.235075 -0.0172365 0.999058 0.0398171 0.0314463 -0.108497 -0.0414568 0.993232 0.219097 0 0 0 1 
36535719080017;0.294515;0.0515154;0.961298 0.0782261 0.264171 -0.303234 0.000478796 0.958369 -0.285534 0.207844 -0.275509 0.27461 0.921241 0.269508 0 0 0 1 
36535719080018;0.425335;0.453439;0.99921 -0.0146807 0.0369343 -0.778409 0.0173444 0.997191 -0.0728649 -0.195814 -0.0357608 0.0734479 0.996658 -0.453237 0 0 0 1 
36535719080019;0.389784;0.45568;0.999388 -0.00589523 -0.0344729 -0.755613 0.00386888 0.998277 -0.058555 -0.123423 0.0347587 0.0583858 0.997689 -0.452843 0 0 0 1 
36535719080020;0.317608;0.0548557;0.977392 0.199567 -0.0698362 -0.284198 -0.195642 0.978887 0.0592001 0.993473 0.0801761 -0.0441988 0.9958 0.0552247 0 0 0 1 
36535719080021;0.423824;0.0863271;0.919285 -0.297332 0.257894 0.393139 0.365232 0.888634 -0.277373 -0.37575 -0.146701 0.349176 0.925502 0.186798 0 0 0 1 
36535719080022;0.154215;0.0516331;0.999686 0.0225203 0.0109829 -0.463347 -0.0226337 0.999691 0.010317 -0.0290296 -0.0107471 -0.0105624 0.999886 -0.303287 0 0 0 1 
36535719080023;0.35143;0.057333;0.972817 0.0160409 -0.231019 -0.114392 0.00832717 0.99453 0.104121 0.248628 0.231426 -0.103214 0.967362 0.35446 0 0 0 1 
36535719080024;0.34005;0.0461394;0.959442 -0.234334 -0.156713 0.343805 0.165743 0.918574 -0.35882 -0.213505 0.228036 0.318293 0.920157 -1.01994 0 0 0 1 
36535719080025;0.273677;0.0576042;0.990883 0.0856021 -0.104032 -0.236849 -0.0657524 0.981256 0.181142 0.509571 0.117588 -0.17265 0.977939 0.067496 0 0 0 1 
36535719080026;0.254446;0.0757787;0.999477 -0.011454 0.0302575 0.306268 0.0114211 0.999934 0.00126041 0.491809 -0.03027 -0.000914177 0.999541 0.0238701 0 0 0 1 
36535719080027;0.274443;0.0610239;0.965319 0.244621 0.0912131 -0.677828 -0.244658 0.969548 -0.0109531 0.426649 -0.0911148 -0.0117428 0.995771 0.101166 0 0 0 1 
36535719080028;0.110223;0.0493707;0.993342 -0.0181033 0.113769 -0.270132 0.0256668 0.997531 -0.0653723 -0.13999 -0.112305 0.0678572 0.991354 0.0894196 0 0 0 1 
36535719080029;0.464721;0.532611;0.978947 -0.0534782 0.196982 -0.737392 0.0563351 0.998372 -0.00892419 0.00840596 -0.196184 0.0198333 0.980366 -0.249603 0 0 0 1 
36535719080031;0.562593;0.440047;0.992687 -0.0993966 0.0684989 -0.641484 0.100404 0.994881 -0.011415 0.502411 -0.0670137 0.0182091 0.997586 -0.13453 0 0 0 1 
36535719080032;0.49885;0.550783;0.994007 0.0875324 0.065478 -0.667171 -0.0937991 0.990586 0.0997081 0.780572 -0.0561339 -0.105252 0.99286 -0.152165 0 0 0 1 
36535719080033;0.471869;0.458878;0.99665 0.0512792 0.0637128 -0.638517 -0.0697398 0.939801 0.334531 0.602246 -0.0427228 -0.337854 0.940228 0.695875 0 0 0 1 
36535719080034;0.28376;0.586865;0.990862 0.036106 -0.129958 -0.498485 -0.0276118 0.997399 0.0665798 0.852778 0.132024 -0.062383 0.989282 -0.507768 0 0 0 1 
36535719080035;0.587922;0.922826;0.991857 -0.116322 0.0518574 -1.37758 0.117598 0.992812 -0.0222551 0.00160847 -0.0488959 0.0281722 0.998406 -0.813306 0 0 0 1 
36535719080036;0.406933;0.185136;0.998693 -0.0500947 -0.0101165 -0.517136 0.0501894 0.998696 0.00933222 0.192813 0.00963584 -0.00982777 0.999905 0.421851 0 0 0 1 
36535719080037;0.0919718;0.142776;0.997646 0.0174441 0.0663134 -0.164 -0.0182768 0.999761 0.011972 0.0521174 -0.0660887 -0.0131558 0.997727 0.10305 0 0 0 1 
36535719080038;0.581548;0.490019;0.988533 -0.146939 0.0347993 -1.46119 0.143257 0.985442 0.0915496 -0.402419 -0.0477449 -0.0855146 0.995192 0.496125 0 0 0 1 
36535719080039;0.434512;0.181486;0.995597 0.0764472 0.0542401 -0.71284 -0.0745103 0.996538 -0.0368794 0.706829 -0.0568716 0.0326756 0.997847 -0.57122 0 0 0 1 
36535719080040;0.566995;0.61852;0.966564 -0.086674 0.241333 -0.512179 0.044456 0.983532 0.175182 0.209469 -0.252542 -0.158596 0.9545 0.507872 0 0 0 1 
36535719080041;0.142283;0.174483;0.99505 0.0920715 0.037384 -0.145535 -0.0925866 0.995629 0.0122848 0.581032 -0.0360895 -0.0156853 0.999225 -0.0946942 0 0 0 1 
36535719080042;0.307724;0.252945;0.994126 -0.0846359 -0.0674512 -0.382929 0.0673307 0.971611 -0.2268 -0.272707 0.0847318 0.220926 0.971603 -0.191987 0 0 0 1 
36535719080043;0.210302;0.427447;0.994014 -0.060107 0.091235 -0.77695 0.0397467 0.97679 0.21048 -0.158959 -0.101769 -0.205593 0.973332 0.325936 0 0 0 1 
36535719080044;0.594242;0.729533;0.995253 -0.0900927 0.0368198 -0.892573 0.0845508 0.987721 0.131372 -0.595115 -0.0482034 -0.127635 0.990649 0.480285 0 0 0 1 
36535719080045;0.55307;0.180065;0.982447 0.182745 0.0374332 -0.925479 -0.175949 0.974472 -0.139448 1.35556 -0.0619611 0.130414 0.989522 0.396889 0 0 0 1 
36535719080046;0.383937;0.369603;0.993289 0.0916779 0.0705128 -0.445804 -0.0893198 0.995356 -0.0359036 0.813414 -0.0734769 0.0293644 0.996865 -0.459873 0 0 0 1 
36535719080047;0.507113;0.202878;0.999446 -0.0253149 0.0216068 0.0489346 0.0252296 0.999673 0.00421182 -0.185314 -0.0217064 -0.00366436 0.999758 0.723486 0 0 0 1 
36535719080048;0.299943;0.581222;0.973433 -0.0815634 0.213953 -0.958457 0.140431 0.950698 -0.276499 -0.088774 -0.180852 0.299199 0.936895 0.335794 0 0 0 1 
36535719080049;0.398366;0.840613;0.973671 -0.117256 0.19549 -1.28577 0.072399 0.972229 0.222551 -0.159015 -0.216156 -0.202538 0.95512 0.779159 0 0 0 1 
36535719080050;0.499825;0.224005;0.913779 0.0499728 -0.403125 -0.120552 -0.0322266 0.998194 0.0506904 0.494472 0.404931 -0.0333284 0.91374 -2.07927 0 0 0 1 
36535719080051;0.440086;0.894575;0.986997 -0.104011 0.122548 -1.28046 0.111742 0.992044 -0.0579789 0.0877626 -0.115543 0.0709187 0.990768 -0.245602 0 0 0 1 
36535719080052;0.307637;0.5827;0.983859 -0.0670043 0.165925 -0.988377 0.0249972 0.969621 0.243332 0.0566122 -0.177189 -0.235257 0.955645 0.528647 0 0 0 1 
36535719080053;0.461332;0.926444;0.966594 -0.0483877 0.251704 -1.3157 0.032501 0.99723 0.0668976 0.0249871 -0.254244 -0.0564822 0.965489 1.09628 0 0 0 1 
36535719080054;0.521749;0.491125;0.943716 -0.0393451 0.328408 -0.385275 -0.00545457 0.990913 0.134391 1.01279 -0.330711 -0.128619 0.934926 0.906612 0 0 0 1 
36535719080055;0.319357;0.928052;0.97561 -0.0324827 0.217094 -1.41016 0.051197 0.995387 -0.0811418 0.360548 -0.213457 0.0902773 0.972772 0.268273 0 0 0 1 
36535719080056;0.611624;0.919457;0.981238 -0.0913687 0.169777 -1.4981 0.103285 0.992672 -0.0627179 0.253323 -0.162802 0.0790765 0.983485 -0.605627 0 0 0 1 
36535719080057;0.403587;0.181059;0.991385 0.100257 -0.0842911 -0.207633 -0.109143 0.988096 -0.108421 -0.0822803 0.0724176 0.116687 0.990525 -0.528543 0 0 0 1 
36535719080058;0.354702;0.312665;0.964297 -0.172771 0.200702 -0.153471 0.189423 0.97962 -0.0668129 -0.532678 -0.185068 0.102445 0.977371 -0.0100656 0 0 0 1 
36535719080059;0.377989;0.227462;0.979022 0.181523 0.0925522 -0.41266 -0.163813 0.971336 -0.172255 1.0543 -0.121167 0.15348 0.980695 -0.322824 0 0 0 1 
36535719080060;0.383603;0.560908;0.996047 0.0172968 0.0871254 -0.742463 -0.0251337 0.995654 0.0896713 0.500601 -0.0851957 -0.0915067 0.992153 -0.158598 0 0 0 1 
36535719080062;0.362158;0.210106;0.985468 0.169259 -0.014262 -0.0659572 -0.169775 0.98414 -0.0514335 0.123961 0.00533026 0.0531074 0.998575 -1.22567 0 0 0 1 
36535719080063;0.299523;0.228905;0.989786 -0.133198 0.050817 0.123768 0.127329 0.986276 0.105108 -0.861679 -0.0641197 -0.0975637 0.993162 -0.776801 0 0 0 1 
36535719080064;0.461382;0.242258;0.992719 -0.0706952 -0.0975259 0.621947 0.0340209 0.941248 -0.335998 0.12191 0.11555 0.330234 0.9368 -1.63332 0 0 0 1 
36535719080065;0.4807;0.720347;0.960664 0.159144 0.22759 -0.256641 -0.198001 0.96714 0.159487 -1.91391 -0.19473 -0.198277 0.960607 0.921735 0 0 0 1 
36535719080066;0.231893;0.200904;0.992899 -0.0824175 0.0857878 0.510514 0.0754865 0.993841 0.0811242 -1.14601 -0.0919455 -0.0740723 0.993005 0.263125 0 0 0 1 
36535719080067;0.276753;0.231034;0.975064 0.204304 0.0866582 -0.0256222 -0.221051 0.859529 0.460811 -0.478346 0.0196604 -0.468476 0.883257 0.291488 0 0 0 1 
36535719080068;0.41506;0.460997;0.988544 -0.139814 0.0568571 0.363668 0.137674 0.989671 0.039977 -1.57266 -0.0618591 -0.0316913 0.997582 -0.950072 0 0 0 1 
36535719080069;0.168667;0.20732;0.997349 0.0266189 0.0677274 -0.0768116 -0.0387085 0.982164 0.183999 -0.764757 -0.0616215 -0.186133 0.98059 0.365611 0 0 0 1 
36535719080070;0.366766;0.21833;0.95691 0.269143 -0.10902 0.00464626 -0.20061 0.884157 0.421927 -0.549392 0.209949 -0.381876 0.900051 -0.967647 0 0 0 1 
36535719080071;0.314881;0.262774;0.993674 -0.110023 -0.0225033 -0.29377 0.108595 0.992447 -0.0570625 -0.519662 0.0286115 0.0542578 0.998117 -0.151034 0 0 0 1 
36535719080072;0.205179;0.251513;0.997018 -0.0656247 0.040594 0.186586 0.0613591 0.99323 0.0986409 -0.525774 -0.0467925 -0.0958559 0.994295 0.289326 0 0 0 1 
36535719080073;0.364246;0.34764;0.939442 -0.187282 0.28701 -0.212142 0.0773474 0.931734 0.354809 -1.65296 -0.333866 -0.311123 0.889795 0.933412 0 0 0 1 
36535719080074;0.343501;0.973875;0.983459 0.142335 0.112021 -0.140687 -0.165705 0.95675 0.239107 -2.97572 -0.0731432 -0.253715 0.96451 0.191534 0 0 0 1 
36535719080075;0.45993;0.979283;0.972031 0.173458 -0.158327 0.279094 -0.197653 0.968319 -0.152614 -1.84405 0.126839 0.179639 0.975521 -1.0191 0 0 0 1 
36535719080076;0.347563;0.210965;0.956584 0.289528 0.0334844 0.250306 -0.28894 0.926972 0.239241 -0.626943 0.0382278 -0.238529 0.970383 0.0176875 0 0 0 1 
36535719080077;0.245685;0.218573;0.954724 0.265343 -0.13452 0.0889119 -0.229412 0.944549 0.234941 -0.13944 0.189401 -0.193444 0.962656 -0.391699 0 0 0 1 
36535719080078;0.322722;0.224449;0.994722 0.101561 0.01462 -0.43362 -0.102602 0.982998 0.152278 -0.0680363 0.00109413 -0.152974 0.98823 -0.832557 0 0 0 1 
36535719080079;0.340882;0.50205;0.981413 0.155977 0.111803 -0.22424 -0.186792 0.91002 0.370098 -1.44718 -0.0440156 -0.384103 0.92224 -0.408626 0 0 0 1 
36535719080080;0.326117;0.214511;0.971507 0.152545 0.181396 0.290548 -0.198889 0.940972 0.273888 0.394216 -0.128908 -0.302162 0.9445 0.944862 0 0 0 1 
36535719080081;0.410409;0.522472;0.985998 -0.162151 0.0389251 -0.273996 0.159739 0.985414 0.0586731 -1.74826 -0.0478713 -0.0516338 0.997518 -0.838988 0 0 0 1 
36535719080082;0.216435;0.220893;0.993452 0.112062 -0.0222603 0.392228 -0.109965 0.990723 0.0798448 -0.0457942 0.0310014 -0.0768741 0.996559 0.189249 0 0 0 1 
36535719080083;0.161862;0.24096;0.977101 0.209401 0.0377552 0.0130858 -0.212482 0.969603 0.121335 -0.15486 -0.0111999 -0.126579 0.991893 -0.320262 0 0 0 1 
36535719080084;0.439577;0.900634;0.9935 -0.112565 0.0169081 0.123919 0.1112 0.991532 0.0670772 -3.16021 -0.0243155 -0.0647611 0.997605 -0.0821843 0 0 0 1 
36535719080085;0.124875;0.207042;0.983365 0.156485 0.092226 0.00390004 -0.169007 0.974305 0.148887 -0.190644 -0.0665577 -0.161997 0.984544 0.0792772 0 0 0 1 
36535719080086;0.392366;0.244747;0.948966 0.204628 -0.239982 1.02958 -0.171912 0.973572 0.150348 -0.219477 0.264405 -0.101419 0.959064 -1.26294 0 0 0 1 
36535719080087;0.41425;0.511013;0.99534 -0.0913806 -0.0307798 0.106991 0.0958756 0.903861 0.416944 -1.77106 -0.01028 -0.417952 0.908411 -0.535911 0 0 0 1 
36535719080088;0.317089;0.201771;0.97044 0.199579 0.135696 -0.0905145 -0.21216 0.973488 0.0854905 -0.136521 -0.115037 -0.111753 0.987055 -0.67645 0 0 0 1 
36535719080089;0.0976208;0.194266;0.99957 0.0078955 -0.028237 0.258171 -0.00642644 0.99864 0.0517435 -0.367487 0.0286071 -0.0515398 0.998261 -0.043601 0 0 0 1 
36535719080090;0.312576;0.200568;0.995049 0.0661041 -0.074208 0.519882 -0.0636993 0.997379 0.0343196 -1.0333 0.0762821 -0.0294227 0.996652 -0.106987 0 0 0 1 
36535719080091;0.378116;0.280532;0.967604 -0.110362 0.227073 0.803103 0.147874 0.976718 -0.155417 -1.23897 -0.204634 0.183961 0.961397 0.0811326 0 0 0 1 
36535719080093;0.290482;0.0206809;0.990062 0.0305183 -0.137283 0.470403 -0.0473955 0.991471 -0.121402 0.477545 0.132407 0.126702 0.983064 -0.329599 0 0 0 1 
36535719080094;0.395592;0.359376;0.995871 -0.0876377 -0.0236585 0.38984 0.0866834 0.995483 -0.0387284 -0.408903 0.0269457 0.0365177 0.99897 -0.11369 0 0 0 1 
36535719080095;0.347587;0.0184768;0.904272 0.250596 -0.34568 0.369224 -0.222541 0.967597 0.119295 0.633027 0.364374 -0.0309467 0.930738 -1.13198 0 0 0 1 
36535719080096;0.508705;0.0317745;0.954497 -0.195856 0.22489 0.3036 0.149073 0.966486 0.209002 -0.467683 -0.258288 -0.165967 0.951705 1.88751 0 0 0 1 
36535719080097;0.390373;0.0190742;0.900107 -0.328209 0.286508 0.302341 0.376232 0.917172 -0.13132 -1.34235 -0.219677 0.225995 0.949035 0.885726 0 0 0 1 
36535719080098;0.177167;0.0240696;0.959129 0.0130839 0.282666 0.0328703 -0.00685673 0.999712 -0.023008 0.0551909 -0.282886 0.0201295 0.958942 0.948454 0 0 0 1 
36535719080099;0.46993;0.235266;0.999583 -0.015725 0.0242263 0.455876 0.00728243 0.948914 0.315451 -0.187568 -0.0279492 -0.315143 0.948632 -0.0767378 0 0 0 1 
36535719080100;0.314307;0.0235491;0.999927 -0.0120188 -0.00126153 -0.247949 0.0120804 0.991278 0.131229 -0.414533 -0.000326681 -0.131235 0.991351 -0.379817 0 0 0 1 
36535719080101;0.365934;0.0602474;0.936766 0.346386 -0.04987 0.0972583 -0.344201 0.937694 0.0474903 1.29975 0.0632128 -0.0273219 0.997626 -0.0829596 0 0 0 1 
36535719080102;0.240105;0.0136424;0.988239 -0.13787 0.0661546 -0.0872072 0.140734 0.989207 -0.0407748 -0.509055 -0.059819 0.0496055 0.996976 -0.139412 0 0 0 1 
36535719080103;0.352767;0.0132528;0.993571 0.0761201 0.0837944 0.0509793 -0.0781737 0.996708 0.0215 -0.120336 -0.0818819 -0.0279123 0.996251 0.829691 0 0 0 1 
36535719080104;0.495293;0.182946;0.889991 0.0852803 -0.447933 0.1452 -0.0607833 0.995776 0.0688128 0.257667 0.451909 -0.0340159 0.891415 -1.47746 0 0 0 1 
36535719080105;0.433787;0.0161485;0.998404 0.0165792 0.0539802 0.0861321 -0.0156769 0.999731 -0.0170955 0.0744541 -0.0542491 0.016222 0.998396 1.05521 0 0 0 1 
36535719080106;0.129754;0.0176145;0.995501 -0.00352224 0.0946851 0.108034 -0.00428967 0.996609 0.0821741 0.0321989 -0.0946534 -0.0822106 0.99211 0.274062 0 0 0 1 
36535719080107;0.262145;0.0150285;0.961573 0.268592 -0.056893 0.0842525 -0.27186 0.960422 -0.0606734 1.22411 0.0383449 0.0738088 0.996535 -0.265128 0 0 0 1 
36535719080108;0.397924;0.311349;0.98834 0.152256 0.00162389 -0.275177 -0.148632 0.962391 0.227402 0.213019 0.0330606 -0.224992 0.9738 -0.179569 0 0 0 1 
36535719080109;0.398301;0.0243893;0.880319 0.387526 0.273608 0.229059 -0.381138 0.921185 -0.0784338 1.70612 -0.282439 -0.0352355 0.958638 1.20997 0 0 0 1 
36535719080110;0.208018;0.0258639;0.989521 0.144192 0.00747129 0.0156483 -0.144323 0.989291 0.0217682 0.334175 -0.00425247 -0.0226184 0.999735 -0.183436 0 0 0 1 
36535719080111;0.465339;0.0354961;0.951911 -0.190102 0.240263 -0.0372734 0.214569 0.973435 -0.0799074 -0.189761 -0.21869 0.127618 0.967413 1.2259 0 0 0 1 
36535719080112;0.541337;0.0243614;0.90128 0.344102 -0.263225 1.25107 -0.330273 0.938932 0.0965718 1.38448 0.280381 -0.000102123 0.959889 -1.07872 0 0 0 1 
36535719080113;0.28814;0.0110371;0.999789 0.0169168 0.0116214 0.0189313 -0.0169238 0.999857 0.000500896 0.616604 -0.0116113 -0.000697469 0.999932 0.183551 0 0 0 1 
36535719080114;0.343577;0.226804;0.999463 -0.0322087 0.00608842 0.168707 0.0322408 0.999466 -0.00524271 -0.0977002 -0.00591631 0.00543618 0.999968 0.40324 0 0 0 1 
36535719080115;0.500998;0.738584;0.99953 -0.0142761 -0.0271405 0.50869 0.0145213 0.999855 0.00885729 -0.709567 0.0270101 -0.00924723 0.999592 -0.189031 0 0 0 1 
36535719080116;0.41433;0.0310128;0.954982 -0.223079 0.195566 0.493006 0.163154 0.945499 0.281803 -0.783349 -0.247772 -0.237209 0.93933 1.50106 0 0 0 1 
36535719080117;0.508343;0.016804;0.996338 -0.0391635 0.0760115 0.0596395 0.0262974 0.986205 0.163425 0.0110864 -0.0813633 -0.160828 0.983623 1.33481 0 0 0 1 
36535719080118;0.0642213;0.024523;0.997699 0.0674646 -0.00673181 -0.0634102 -0.06758 0.997538 -0.0187126 0.322744 0.0054528 0.0191245 0.999802 -0.0521325 0 0 0 1 
36535719080119;0.384568;0.260101;0.959081 0.258816 0.114794 0.147883 -0.272321 0.954204 0.123834 0.672293 -0.0774864 -0.150027 0.985641 0.173942 0 0 0 1 
36535719080120;0.113108;0.0224811;0.998936 -0.034814 0.0302431 0.0571071 0.0339301 0.998996 0.0292633 -0.217998 -0.0312315 -0.028206 0.999114 0.295313 0 0 0 1 
36535719080121;0.423482;0.022619;0.974381 0.21855 -0.0530789 0.354138 -0.182547 0.906389 0.380968 0.238034 0.131371 -0.361519 0.923063 -0.300282 0 0 0 1 
36535719080122;0.427092;0.0145914;0.969477 -0.232766 0.0770377 0.169377 0.22535 0.969726 0.0940719 -1.53898 -0.0966022 -0.0738401 0.99258 0.764877 0 0 0 1 
36535719080124;0.190705;0.0157963;0.983859 0.171587 0.0507803 -0.0316987 -0.174175 0.983347 0.0518834 0.441443 -0.0410321 -0.0598907 0.997361 0.270214 0 0 0 1 
36535719080125;0.422416;0.209296;0.898982 0.378847 -0.219785 0.549858 -0.348957 0.922799 0.163311 1.03483 0.264687 -0.0701184 0.961782 -0.942623 0 0 0 1 
36535719080126;0.446714;0.0186078;0.992279 0.117964 -0.0382926 0.244246 -0.12072 0.989446 -0.08015 -0.236264 0.0284336 0.0841538 0.996047 -0.330255 0 0 0 1 
36535719080127;0.355012;0.534333;0.999693 0.00614248 0.0240111 0.679567 -0.0037544 0.995153 -0.0982655 0.269183 -0.0244983 0.0981452 0.994871 -0.0811765 0 0 0 1 
36535719080128;0.249905;0.019936;0.999996 -0.000270605 -0.00285731 0.0119184 0.000276693 0.999998 0.00213066 0.424397 0.00285673 -0.00213144 0.999994 -0.0206854 0 0 0 1 
36535719080129;0.526113;0.583863;0.999143 0.0164562 -0.0379854 0.758234 -0.0175074 0.999468 -0.0275081 0.0091968 0.0375125 0.0281496 0.9989 0.11098 0 0 0 1 
36535719080130;0.433817;0.021208;0.93749 0.0877539 0.336766 -0.178868 -0.0370531 0.987355 -0.154135 -0.295688 -0.346034 0.132022 0.928887 1.10305 0 0 0 1 
36535719080131;0.251532;0.365017;0.998991 -0.0434611 -0.0113388 0.631164 0.0432959 0.998958 -0.0144273 -0.0832881 0.011954 0.0139218 0.999832 0.0821269 0 0 0 1 
36535719080132;0.431426;0.0217226;0.983379 0.040445 -0.177002 -0.130302 -0.0307808 0.997899 0.0570094 -0.468866 0.178936 -0.0506135 0.982558 -0.941662 0 0 0 1 
36535719080133;0.541591;0.0177975;0.940176 0.221487 0.25887 0.0729901 -0.26724 0.950731 0.157138 0.574527 -0.211311 -0.216918 0.953045 1.57789 0 0 0 1 
36535719080134;0.252306;0.0223799;0.996578 -0.0787946 0.0249562 -0.179278 0.0798962 0.995707 -0.0467399 -0.439097 -0.0211662 0.0485739 0.998595 -0.195259 0 0 0 1 
36535719080135;0.472023;0.492376;0.972308 -0.0432626 0.229665 0.387518 0.0230425 0.995675 0.0900056 -0.147248 -0.232566 -0.0822211 0.969099 0.939629 0 0 0 1 
36535719080136;0.302061;0.0257287;0.974407 0.200472 -0.101692 0.0136909 -0.21191 0.970137 -0.118016 1.04505 0.0749967 0.136545 0.987791 -0.486389 0 0 0 1 
36535719080137;0.328535;0.018611;0.966938 0.23489 0.099285 -0.362804 -0.218614 0.963977 -0.151513 0.77008 -0.131297 0.124799 0.983456 0.127311 0 0 0 1 
36535719080138;0.576365;0.0113742;0.996711 0.0636311 0.0501852 0.575267 -0.0395456 0.92242 -0.384158 0.375744 -0.0707362 0.380909 0.921903 -0.438507 0 0 0 1 
36535719080139;0.521512;0.0756528;0.968712 -0.247142 0.022763 0.323303 0.242815 0.962726 0.119159 -1.50701 -0.0513637 -0.109903 0.992614 0.260122 0 0 0 1 
36535719080140;0.470285;0.261458;0.911118 0.387454 0.140514 0.213218 -0.383849 0.921872 -0.05303 1.29852 -0.150082 -0.00561938 0.988658 0.165369 0 0 0 1 
36535719080141;0.30287;0.0228802;0.971139 0.133802 0.197448 -0.422475 -0.149616 0.986443 0.0674121 0.208942 -0.185751 -0.0950078 0.977993 0.659214 0 0 0 1 
36535719080142;0.480003;0.0204775;0.972124 0.202232 0.118647 -0.203867 -0.233585 0.87919 0.415287 0.41053 -0.0203292 -0.431425 0.90192 0.0907406 0 0 0 1 
36535719080143;0.628053;0.729795;0.993923 0.071371 -0.0838048 0.341087 -0.0811076 0.989552 -0.119198 0.42948 0.0744219 0.125271 0.989327 -0.399352 0 0 0 1 
36535719080144;0.602003;0.0166314;0.943136 0.240616 -0.229343 0.339246 -0.286266 0.938621 -0.192466 1.30511 0.168956 0.247175 0.954127 -1.4882 0 0 0 1 
36535719080145;0.170435;0.0141852;0.993787 0.111163 0.00557601 -0.0871198 -0.111205 0.993765 0.00800692 0.414901 -0.00465117 -0.00857725 0.999952 0.224313 0 0 0 1 
36535719080146;0.207536;0.0269998;0.981067 0.189626 0.0393584 -0.0502704 -0.18498 0.97769 -0.099517 0.693783 -0.0573513 0.0903523 0.994257 0.0811153 0 0 0 1 
36535719080147;0.436345;0.0192001;0.984128 0.173282 -0.0382795 0.367544 -0.17026 0.982792 0.0716356 1.05551 0.050034 -0.0639812 0.996696 -0.394082 0 0 0 1 
36535719080148;0.640142;0.0451739;0.968262 -0.246348 -0.0422072 1.14857 0.234072 0.952984 -0.192439 0.0406628 0.0876296 0.176451 0.980401 -0.635273 0 0 0 1 
36535719080149;0.408897;0.0265906;0.997668 -0.0529414 -0.0430805 0.147828 0.0509193 0.997608 -0.0467561 -0.457967 0.0454528 0.0444534 0.997977 0.456862 0 0 0 1 
36535719080150;0.385378;0.0107747;0.995443 -0.00797071 0.095026 -0.067686 -0.00931678 0.983604 0.180102 0.423838 -0.0949035 -0.180166 0.979047 0.0363232 0 0 0 1 
36535719080151;0.147734;0.0149889;0.991307 0.0207804 0.129919 -0.139937 -0.0093204 0.996059 -0.0882021 0.0843712 -0.13124 0.0862244 0.987594 0.268122 0 0 0 1 
36535719080152;0.417728;0.0765465;0.902239 0.396155 -0.170374 0.204435 -0.373519 0.915354 0.150368 1.04114 0.215521 -0.0720304 0.973839 -0.424975 0 0 0 1 
36535719080153;0.136308;0.0145683;0.98896 -0.128943 0.0730152 0.0723154 0.126092 0.991112 0.0424089 -0.362385 -0.0778346 -0.0327341 0.996429 0.262333 0 0 0 1 
36535719080155;0.377066;0.293697;0.996418 -0.0246389 -0.0808925 0.501612 0.0441561 0.967435 0.249237 -0.119059 0.0721173 -0.251916 0.965058 0.275878 0 0 0 1 
36535719080156;0.280014;0.201305;0.989906 -0.0648334 -0.126024 0.603441 0.084759 0.983503 0.159807 0.0196058 0.113584 -0.168876 0.979071 -0.37954 0 0 0 1 
36535719080157;0.357849;0.146759;0.986197 -0.152963 -0.0633862 1.0692 0.165189 0.935093 0.31355 -0.148743 0.0113105 -0.319693 0.947454 0.517582 0 0 0 1 
36535719080158;0.214487;0.0912186;0.998896 -0.0448742 -0.0139154 0.491957 0.0455185 0.997707 0.0500782 0.239005 0.0116362 -0.0506563 0.998648 0.254295 0 0 0 1 
36535719080159;0.313033;0.0965767;0.989992 -0.0578123 -0.128736 0.430725 0.0288912 0.975944 -0.216097 -0.683717 0.138132 0.210215 0.967848 -0.989506 0 0 0 1 
36535719080160;0.477856;0.182575;0.938094 0.1523 -0.311103 -0.509136 -0.154744 0.987809 0.0169693 0.395838 0.309894 0.0322225 0.950225 -0.871278 0 0 0 1 
36535719080161;0.262671;0.106101;0.993985 0.104989 0.0311626 -0.160848 -0.107871 0.987721 0.113011 -0.162779 -0.018915 -0.115693 0.993105 0.48163 0 0 0 1 
36535719080162;0.249715;0.0793047;0.986596 0.163183 0.000676876 -0.282592 -0.157181 0.949174 0.272696 0.00534651 0.043857 -0.269147 0.9621 0.0290184 0 0 0 1 
36535719080163;0.453936;0.208296;0.935304 0.144982 -0.32278 0.916129 -0.171076 0.983786 -0.0538342 0.281978 0.309741 0.105571 0.944942 -1.18028 0 0 0 1 
36535719080164;0.466141;0.30057;0.987545 -0.0821408 0.134193 0.748196 0.0579971 0.98289 0.174827 0.148323 -0.146258 -0.164867 0.975412 1.05988 0 0 0 1 
36535719080165;0.321246;0.0883642;0.953996 -0.0615781 0.293429 0.0112711 -0.0441172 0.939198 0.340531 -0.194944 -0.296557 -0.33781 0.893274 0.894307 0 0 0 1 
36535719080166;0.389384;0.192799;0.904333 -0.197669 0.378296 0.853287 0.233257 0.97112 -0.0501773 -0.396145 -0.357453 0.133617 0.924324 0.663328 0 0 0 1 
36535719080167;0.40197;0.351921;0.999826 0.00440038 -0.0181052 0.76097 0.00276167 0.92598 0.377563 -0.0627802 0.0184265 -0.377548 0.925807 0.372094 0 0 0 1 
36535719080168;0.210711;0.195361;0.994578 0.0150792 0.102892 -0.169787 -0.0131059 0.999718 -0.0198271 -0.110425 -0.103162 0.0183712 0.994495 0.27505 0 0 0 1 
36535719080169;0.371812;0.0909633;0.963543 0.0628137 -0.260077 0.863311 0.00489205 0.967753 0.251855 -0.554583 0.26751 -0.243945 0.932163 -1.075 0 0 0 1 
36535719080170;0.32738;0.102451;0.994316 0.0794075 0.0709225 -0.137996 -0.0747301 0.994995 -0.0663358 0.310911 -0.0758351 0.0606587 0.995274 -0.788238 0 0 0 1 
36535719080171;0.334438;0.306341;0.991611 -0.129249 -0.00119005 0.63165 0.128868 0.989315 -0.068178 -0.523836 0.00998931 0.0674528 0.997672 0.0878771 0 0 0 1 
36535719080172;0.359248;0.172702;0.986046 0.158734 -0.0501653 0.073625 -0.146678 0.970931 0.189153 0.589515 0.0787322 -0.179156 0.980665 0.191839 0 0 0 1 
36535719080173;0.299017;0.0751975;0.995823 -0.0671702 -0.0618504 0.238959 0.0596254 0.991381 -0.116652 -0.52696 0.0691529 0.112477 0.991245 -1.10775 0 0 0 1 
36535719080174;0.332371;0.0719259;0.994549 -0.096256 -0.0400774 0.93533 0.0953779 0.995169 -0.0232769 0.308102 0.0421244 0.0193276 0.998925 -0.42691 0 0 0 1 
36535719080175;0.258801;0.121952;0.979687 -0.111199 -0.166877 0.489422 0.101958 0.992793 -0.0629847 -0.0767971 0.172678 0.0446908 0.983964 -1.10218 0 0 0 1 
36535719080176;0.244373;0.0818859;0.97165 0.0686984 0.226222 -0.230628 -0.0903689 0.992113 0.0868636 0.121782 -0.21847 -0.104844 0.970195 0.544045 0 0 0 1 
36535719080177;0.307368;0.292778;0.997402 -0.0414862 0.0588926 0.374161 0.0254828 0.967854 0.250217 -0.0388439 -0.06738 -0.248066 0.966397 0.842432 0 0 0 1 
36535719080178;0.333626;0.0864657;0.926707 0.0472582 -0.372801 0.759086 -0.00583398 0.993751 0.111471 -0.130337 0.375739 -0.101126 0.921191 -0.617984 0 0 0 1 
36535719080179;0.112272;0.0821866;0.997374 -0.0243247 -0.0682218 0.200369 0.0271918 0.998772 0.0414177 0.0769426 0.0671305 -0.043164 0.99681 -0.354802 0 0 0 1 
36535719080180;0.447488;0.399081;0.994661 0.102888 -0.00791928 0.768877 -0.1011 0.986995 0.124981 -0.189002 0.0206753 -0.123513 0.992128 -0.185905 0 0 0 1 
36535719080181;0.181751;0.162361;0.988421 -0.0475431 0.144098 0.0637807 0.0581627 0.995822 -0.0704019 -0.272976 -0.140148 0.0779678 0.987056 0.0840013 0 0 0 1 
36535719080182;0.227052;0.0842288;0.977388 -0.0728099 0.198525 0.210933 0.109908 0.976989 -0.182791 -0.0917083 -0.180648 0.200477 0.962899 0.0423369 0 0 0 1 
36535719080183;0.271702;0.082645;0.98572 -0.0835869 -0.146181 1.0056 0.101886 0.98722 0.122538 -0.296138 0.13407 -0.135682 0.981639 -0.416093 0 0 0 1 
36535719080184;0.317465;0.101968;0.962325 0.169155 -0.21288 0.457959 -0.0664341 0.905472 0.419175 -0.349656 0.263662 -0.38924 0.882595 -0.466185 0 0 0 1 
36535719080186;0.390645;0.129214;0.908814 -0.0708642 0.411139 0.0320399 0.188743 0.948691 -0.253695 -0.435893 -0.372066 0.308161 0.875559 1.56856 0 0 0 1 
36535719080187;0.111223;0.11064;0.99962 0.0161078 0.0223672 0.0307978 -0.0161243 0.99987 0.000556833 -0.0364775 -0.0223553 -0.000917276 0.99975 0.00432778 0 0 0 1 
36535719080188;0.65823;0.221365;0.877447 0.472263 0.0839868 -0.0327943 -0.475506 0.879417 0.0227964 1.9088 -0.0630935 -0.0599388 0.996206 1.1063 0 0 0 1 
36535719080189;0.357007;0.140549;0.999799 0.00795848 0.0183828 -0.698335 -0.00818165 0.999893 0.0120968 0.339983 -0.0182846 -0.0122447 0.999758 -0.474465 0 0 0 1 
36535719080190;0.473164;0.970372;0.935144 -0.353891 0.0163158 -1.47945 0.353907 0.935278 0.00200626 -2.44604 -0.0159698 0.00389812 0.999865 0.103232 0 0 0 1 
36535719080191;0.28216;0.141791;0.980128 0.197715 -0.0160416 -0.268574 -0.194589 0.974028 0.115781 0.759147 0.0385165 -0.110358 0.993145 -0.696238 0 0 0 1 
36535719080192;0.431029;0.119566;0.985252 -0.162057 0.0549091 -0.845075 0.165915 0.983281 -0.0750324 -0.419454 -0.0418316 0.083036 0.995668 0.476609 0 0 0 1 
36535719080193;0.312078;0.131094;0.991549 -0.12971 0.00224628 -0.05718 0.12635 0.969495 0.210035 -1.06158 -0.0294215 -0.207977 0.977691 -0.364491 0 0 0 1 
36535719080194;0.164987;0.127258;0.98399 0.178212 0.00182156 -0.113584 -0.178221 0.983932 0.0107575 0.683255 0.000124823 -0.0109099 0.99994 -0.0444311 0 0 0 1 
36535719080195;0.354366;0.105748;0.981416 -0.0339866 0.188858 0.0868987 0.0335414 0.999422 0.00555395 -0.487473 -0.188937 0.000883814 0.981989 0.219841 0 0 0 1 
36535719080196;0.523582;0.11676;0.985077 0.1632 0.0546712 -0.515226 -0.170598 0.88376 0.435734 0.856941 0.0227956 -0.438558 0.898414 -0.694902 0 0 0 1 
36535719080197;0.379637;0.129697;0.978111 -0.178991 -0.106114 0.127691 0.185482 0.981121 0.0547572 -1.02081 0.0943098 -0.073241 0.992845 -1.19519 0 0 0 1 
36535719080198;0.253973;0.143844;0.98348 -0.14445 0.109093 -0.211679 0.154067 0.98435 -0.0855451 -0.790861 -0.0950289 0.10094 0.990344 0.765125 0 0 0 1 
36535719080199;0.451651;0.125752;0.989077 0.14554 0.0233262 -0.679286 -0.145542 0.989351 -0.00163292 0.929166 -0.0233155 -0.00177985 0.999727 0.667812 0 0 0 1 
36535719080200;0.601292;0.982293;0.944611 -0.274844 0.179363 -1.27682 0.283816 0.958528 -0.025923 -1.71765 -0.164799 0.0753931 0.983441 1.22387 0 0 0 1 
36535719080201;0.316883;0.146513;0.879174 0.0830242 0.469213 0.00900396 0.00456246 0.983192 -0.182518 -0.0574739 -0.47648 0.162606 0.864018 2.32185 0 0 0 1 
36535719080202;0.389074;0.143862;0.970973 0.230235 0.0648374 -0.308358 -0.231735 0.972638 0.0165496 1.38237 -0.0592531 -0.0310944 0.997759 -0.330082 0 0 0 1 
36535719080203;0.247825;0.133475;0.971363 -0.236599 0.0217825 -0.181766 0.235198 0.970498 0.0530666 -1.1936 -0.0336953 -0.0464237 0.998353 0.265951 0 0 0 1 
36535719080204;0.323434;0.126262;0.998107 -0.0509044 0.0345235 -0.298452 0.0502379 0.998539 0.0199076 -1.00043 -0.0354864 -0.0181355 0.999206 -0.118371 0 0 0 1 
36535719080205;0.326801;0.167413;0.958921 -0.0658492 0.275924 0.0521202 0.153869 0.937901 -0.310912 -0.643646 -0.238316 0.340596 0.909505 1.02121 0 0 0 1 
36535719080206;0.360649;0.125005;0.994711 0.100383 0.0217735 -0.29693 -0.100263 0.99494 -0.00651246 1.07772 -0.0223171 0.00429493 0.999742 -0.00850814 0 0 0 1 
36535719080207;0.378318;0.127933;0.999494 -0.027843 0.0154107 0.571047 0.0277628 0.9996 0.00539214 -0.272701 -0.0155546 -0.00496156 0.999867 0.126833 0 0 0 1 
36535719080208;0.281021;0.114779;0.980085 -0.0617454 0.188736 -0.391282 0.0545648 0.997583 0.0430126 -0.497886 -0.190936 -0.0318576 0.981085 1.32785 0 0 0 1 
36535719080209;0.41046;0.152853;0.953655 -0.289351 0.0825727 -0.399749 0.269677 0.94361 0.192026 -2.01123 -0.133479 -0.160858 0.97791 0.710883 0 0 0 1 
36535719080210;0.243944;0.155685;0.975984 0.148908 0.159 0.100719 -0.156179 0.987137 0.0341855 0.410324 -0.151864 -0.058197 0.986687 0.650897 0 0 0 1 
36535719080211;0.419439;0.116348;0.92608 0.377325 -0.000945075 -0.195552 -0.377326 0.926081 -0.000241257 1.29799 0.000784183 0.000580024 1 -0.0238664 0 0 0 1 
36535719080212;0.411637;0.145262;0.953444 0.274738 0.124355 0.273724 -0.272158 0.961517 -0.0376184 0.626082 -0.129905 0.00202272 0.991524 0.802456 0 0 0 1 
36535719080213;0.271077;0.133064;0.972609 -0.183319 -0.142919 -0.223138 0.155636 0.970263 -0.185383 -0.900185 0.172653 0.158062 0.972218 -1.04069 0 0 0 1 
36535719080214;0.356981;0.104457;0.948644 0.15036 -0.278329 -0.111055 -0.159837 0.987076 -0.0115397 0.412375 0.272996 0.0554343 0.960417 -0.948654 0 0 0 1 
36535719080215;0.558879;0.126822;0.962106 0.217499 0.164458 -0.202061 -0.163929 0.943325 -0.288558 0.839896 -0.217899 0.250664 0.943232 1.99031 0 0 0 1 
36535719080217;0.267916;0.0177267;0.967523 -0.177947 -0.179539 0.531353 0.155299 0.978838 -0.133263 -0.253874 0.199453 0.101053 0.974683 -0.92532 0 0 0 1 
36535719080218;0.403611;0.0200118;0.997288 0.07348 -0.00419103 -0.330248 -0.073354 0.996996 0.0248684 0.720636 0.00600577 -0.0244935 0.999682 0.441649 0 0 0 1 
36535719080219;0.612805;0.51748;0.998645 -0.00873973 0.0512992 -0.0715911 0.00858064 0.999958 0.00332066 0.100964 -0.0513261 -0.00287598 0.998678 0.713134 0 0 0 1 
36535719080220;0.465305;0.0187428;0.970641 -0.118546 -0.209289 0.395429 0.0981006 0.989564 -0.105542 0.155933 0.219617 0.0819118 0.972141 -1.43642 0 0 0 1 
36535719080221;0.397154;0.275936;0.996462 -0.0570103 0.0617494 -0.129906 0.0569463 0.998373 0.00279818 -0.07215 -0.0618085 0.000728115 0.998088 -0.0757434 0 0 0 1 
36535719080222;0.388852;0.0176112;0.984371 -0.106408 0.140324 -0.447193 0.140005 0.956206 -0.25704 -0.222631 -0.106828 0.272669 0.956159 0.205224 0 0 0 1 
36535719080223;0.332061;0.0138157;0.928482 -0.190758 -0.318641 0.851951 0.167824 0.980912 -0.098215 -0.618173 0.331295 0.0377152 0.942773 -0.870806 0 0 0 1 
36535719080224;0.591626;0.0166657;0.994241 0.097792 0.0438425 -0.408218 -0.0799398 0.949195 -0.304367 1.24278 -0.0713798 0.29911 0.951545 0.438437 0 0 0 1 
36535719080225;0.418431;0.320761;0.989936 -0.0512143 0.131927 0.0131397 0.0482253 0.998504 0.0257549 -0.0536845 -0.133048 -0.0191335 0.990925 0.749501 0 0 0 1 
36535719080226;0.434396;0.423765;0.989169 0.0430659 -0.140319 0.196355 -0.0440478 0.999022 -0.00389818 0.0165527 0.140014 0.0100367 0.990099 -0.230693 0 0 0 1 
36535719080227;0.258425;0.0135015;0.981099 0.171377 0.0898589 -0.0774065 -0.175632 0.98357 0.0417448 0.431969 -0.0812284 -0.0567379 0.995079 0.581964 0 0 0 1 
36535719080228;0.348273;0.0161031;0.957792 -0.20036 0.206134 0.120478 0.208934 0.977715 -0.0204751 -0.290277 -0.197438 0.0626793 0.978309 0.87624 0 0 0 1 
36535719080229;0.349476;0.0159415;0.99504 0.0567889 0.081674 -0.213136 -0.0430594 0.986016 -0.160993 0.147467 -0.0896745 0.156678 0.98357 -0.434836 0 0 0 1 
36535719080230;0.507963;0.633933;0.941267 -0.0445539 0.33471 0.0513907 0.0499045 0.998727 -0.00739854 0.2404 -0.333954 0.0236675 0.942292 0.701953 0 0 0 1 
36535719080231;0.499847;0.0152113;0.999911 0.0022733 -0.013167 -0.321571 -0.00190351 0.999605 0.0280295 -0.420428 0.0132255 -0.0280019 0.99952 -0.847188 0 0 0 1 
36535719080232;0.400636;0.308053;0.998579 -0.0527863 -0.00726997 0.268466 0.053256 0.993179 0.103727 -0.253031 0.00174503 -0.103967 0.994579 0.297855 0 0 0 1 
36535719080233;0.232565;0.0132839;0.984761 0.0583806 -0.163822 0.0506103 -0.0397435 0.992591 0.114821 0.0647138 0.169312 -0.106561 0.979785 -0.0915531 0 0 0 1 
36535719080234;0.243089;0.01391;0.999984 0.00525619 0.00200303 0.185324 -0.00523682 0.999941 -0.00955381 0.131057 -0.00205313 0.00954317 0.999952 -0.425745 0 0 0 1 
36535719080235;0.336455;0.277255;0.999613 -0.0186773 -0.0205948 -0.083588 0.0202922 0.99649 0.0812148 0.11916 0.0190057 -0.0816013 0.996484 0.277828 0 0 0 1 
36535719080236;0.526732;0.0142151;0.959396 -0.131784 0.249383 0.568288 0.074509 0.971146 0.226549 -0.537542 -0.272043 -0.198769 0.941532 1.68535 0 0 0 1 
36535719080237;0.707625;0.469889;0.999898 0.0143037 0.000291728 0.0305362 -0.0143058 0.999858 0.00893389 0.233824 -0.000163899 -0.00893715 0.99996 0.780316 0 0 0 1 
36535719080238;0.378354;0.0139986;0.980379 0.183353 -0.0723836 0.332798 -0.165337 0.964795 0.204535 0.74054 0.107337 -0.188554 0.976179 -0.165461 0 0 0 1 
36535719080239;0.260619;0.0155908;0.999374 -0.02918 0.0199853 0.381226 0.028906 0.999486 0.0138668 -0.155317 -0.0203797 -0.0132805 0.999704 0.392846 0 0 0 1 
36535719080240;0.347346;0.0136819;0.997541 0.00620406 0.0698112 -0.058498 0.0200688 0.929081 -0.369332 0.353063 -0.0671516 0.369825 0.926672 -0.302857 0 0 0 1 
36535719080241;0.461675;0.0151998;0.945749 0.146089 0.290203 -0.227582 -0.0705243 0.964218 -0.255559 -0.19863 -0.317153 0.221228 0.92221 0.682806 0 0 0 1 
36535719080242;0.184835;0.0179363;0.992492 0.102668 0.0664776 -0.157407 -0.103999 0.994434 0.0168724 0.0306969 -0.0643754 -0.0236593 0.997645 0.143629 0 0 0 1 
36535719080243;0.50255;0.529818;0.999691 -0.0157295 0.0192614 0.0482667 0.0162835 0.999448 -0.028954 0.04831 -0.0187954 0.0292587 0.999395 -0.164492 0 0 0 1 
36535719080244;0.3548;0.133678;0.926804 0.217125 0.306417 -0.300507 -0.242179 0.969151 0.045773 0.325172 -0.287026 -0.11663 0.950796 1.20771 0 0 0 1 
36535719080245;0.421326;0.0246412;0.969762 0.122269 -0.211214 0.449176 -0.14221 0.986443 -0.0818996 0.551624 0.198337 0.10946 0.974003 -1.26192 0 0 0 1 
36535719080246;0.428678;0.031044;0.968535 0.248876 -0.000457704 0.101757 -0.247989 0.964925 -0.0861514 1.07176 -0.0209994 0.0835542 0.996282 -0.475489 0 0 0 1 
36535719080248;0.279109;0.00720185;0.999928 -0.00979161 -0.00686692 0.747372 0.00977629 0.99995 -0.0022612 0.245656 0.00688871 0.00219391 0.999974 -0.353253 0 0 0 1 
36535719080249;0.148582;0.0178795;0.997797 -0.0655158 -0.0104467 -0.270782 0.0655321 0.99785 0.00122933 -0.17913 0.0103437 -0.00191121 0.999945 -0.172617 0 0 0 1 
36535719080250;0.310686;0.0125278;0.996805 -0.00479101 0.079734 -0.300369 0.00462188 0.999987 0.00230561 0.248345 -0.079744 -0.00192972 0.996814 -0.671781 0 0 0 1 
36535719080251;0.298484;0.0191219;0.999286 0.0311379 -0.0214219 -0.532406 -0.0299475 0.998102 0.0538056 0.649523 0.0230567 -0.0531257 0.998322 0.18012 0 0 0 1 
36535719080252;0.364884;0.251589;0.979328 -0.138349 -0.147565 1.14351 0.138681 0.990304 -0.0080903 -0.515146 0.147254 -0.0125414 0.989019 -0.30947 0 0 0 1 
36535719080253;0.298099;0.233802;0.998323 -0.0491118 -0.0306331 0.521426 0.0473737 0.997357 -0.0550943 -0.0455448 0.0332579 0.0535507 0.998011 -0.591553 0 0 0 1 
36535719080254;0.413793;0.342571;0.996284 -0.0822724 -0.0254739 0.271361 0.0749807 0.974074 -0.213444 0.234536 0.042374 0.210741 0.976623 -0.396999 0 0 0 1 
36535719080255;0.265645;0.0180615;0.994633 -0.0766852 0.0694559 -0.112314 0.0926919 0.958699 -0.268896 -0.237327 -0.0459669 0.273891 0.960662 0.25113 0 0 0 1 
36535719080256;0.228269;0.201254;0.998659 0.0516735 0.00310644 0.0790113 -0.0517143 0.99855 0.0149503 0.0484714 -0.00232941 -0.0150909 0.999883 -0.047455 0 0 0 1 
36535719080257;0.266234;0.0143266;0.999226 -0.0392033 -0.0033048 -0.684955 0.0392892 0.998714 0.0320525 -0.290201 0.00204399 -0.0321575 0.999481 -0.0671845 0 0 0 1 
36535719080258;0.327944;0.0128984;0.998798 -0.0427433 -0.0239811 0.604061 0.0430787 0.998978 0.0136484 -0.675196 0.0233732 -0.0146651 0.999619 0.538296 0 0 0 1 
36535719080259;0.241821;0.00919269;0.982463 0.166255 -0.0844156 0.163181 -0.165523 0.986082 0.0156549 0.164325 0.0858434 -0.00140766 0.996308 -0.619399 0 0 0 1 
