#;prob_registration_l1 -r /home/probabilistic_point_clouds_registration/build/tester /home/point_clouds_registration_benchmark//devel/registration_pairs/hauptgebaude_local.txt /home/point_clouds_registration_benchmark//eth/hauptgebaude -s 0.2 -t 0.2 -p 0.3 -r 1000 -m 10 -i 40 
id;initial_error;final_error;transformation
3394309160000;0.248226;0.176311;0.999507 -0.00361155 0.0311806 0.103274 0.00240475 0.99925 0.0386546 -0.0211618 -0.0312968 -0.0385606 0.998766 -0.094528 0 0 0 1 
3394309160001;0.28369;0.00727211;0.992886 0.115935 -0.0271252 -0.391824 -0.114216 0.991756 0.0580879 0.856527 0.033636 -0.0545765 0.997943 -0.652954 0 0 0 1 
3394309160002;0.278932;0.0678619;0.987701 -0.00878632 0.156105 -0.0890105 0.0076456 0.99994 0.00790635 -0.0754311 -0.156165 -0.00661559 0.987709 0.497967 0 0 0 1 
3394309160003;0.0682056;0.0119999;0.995552 -0.0902027 0.0271844 0.042971 0.090669 0.995745 -0.0164344 -0.581014 -0.0255863 0.0188261 0.999495 0.17625 0 0 0 1 
3394309160004;0.286924;0.134734;0.999017 0.037844 -0.0230652 0.225203 -0.0376733 0.99926 0.00779122 0.746781 0.0233429 -0.00691462 0.999704 -0.338901 0 0 0 1 
3394309160005;0.492031;0.366551;0.997314 0.0717914 -0.0145162 -0.245512 -0.0717465 0.997416 0.0035927 0.686953 0.0147366 -0.00254157 0.999888 -0.562139 0 0 0 1 
3394309160006;0.393899;0.0135149;0.988253 0.0248609 0.15079 -0.254958 -0.0257303 0.999662 0.00381658 0.551816 -0.150644 -0.0076516 0.988559 1.88241 0 0 0 1 
3394309160007;0.411602;0.00755013;0.885646 -0.336621 0.319872 0.372863 0.343426 0.938461 0.0367393 -2.07905 -0.312554 0.0773144 0.946748 1.39717 0 0 0 1 
3394309160008;0.42721;0.389996;0.956282 -0.290865 -0.0303707 1.4866 0.291323 0.956551 0.011837 -1.91121 0.0256082 -0.0201672 0.999469 0.763155 0 0 0 1 
3394309160009;0.395375;0.0151368;0.978296 -0.199895 -0.0545707 0.445589 0.194514 0.976704 -0.0906324 -1.46483 0.0714163 0.0780506 0.994388 0.410549 0 0 0 1 
3394309160010;0.216746;0.00834492;0.991683 -0.00569036 -0.128581 -0.102118 -0.0167311 0.984846 -0.172623 0.491028 0.127615 0.173338 0.976559 -0.586008 0 0 0 1 
3394309160011;0.228138;0.762021;0.955769 -0.220913 -0.194173 2.39008 0.240024 0.967395 0.0808436 -1.71277 0.169982 -0.123874 0.97763 -0.932233 0 0 0 1 
3394309160012;0.324315;0.842925;0.944985 -0.325644 -0.0309834 1.93481 0.326425 0.932605 0.153929 -2.31114 -0.0212309 -0.155574 0.987596 -0.133202 0 0 0 1 
3394309160013;0.268523;0.243195;0.997627 0.0601735 -0.0334553 0.00638687 -0.060365 0.998165 -0.00474319 0.137496 0.0331085 0.00675146 0.999429 -0.477272 0 0 0 1 
3394309160014;0.217364;0.00610828;0.999754 0.0195733 0.0104121 -0.00232805 -0.021292 0.978556 0.204875 -0.306238 -0.00617878 -0.205047 0.978733 0.281053 0 0 0 1 
3394309160015;0.198549;0.0738307;0.98939 0.0986618 0.106648 -0.325742 -0.0956959 0.994877 -0.0325909 0.693395 -0.109317 0.0220393 0.993763 0.880857 0 0 0 1 
3394309160016;0.362241;0.0967586;0.929777 -0.230488 0.287037 0.418422 0.223926 0.972998 0.055962 -1.69514 -0.292185 0.0122429 0.956283 2.54876 0 0 0 1 
3394309160017;0.403444;0.0143021;0.925261 -0.271733 0.264674 -0.481526 0.264922 0.962286 0.0618224 -1.2546 -0.271492 0.012916 0.962354 1.7938 0 0 0 1 
3394309160018;0.415951;0.0742179;0.960788 0.264153 0.0843157 -0.808561 -0.268043 0.962635 0.0385469 1.91657 -0.070983 -0.0596357 0.995693 0.315517 0 0 0 1 
3394309160019;0.389264;0.0865109;0.967789 0.251032 -0.0191759 -0.129138 -0.251038 0.967975 0.0021007 1.30721 0.0190891 0.00278085 0.999814 -0.91846 0 0 0 1 
3394309160020;0.355901;0.121137;0.948274 -0.155992 -0.276483 0.821113 0.101711 0.974324 -0.200868 -0.461062 0.300718 0.162356 0.939792 -1.60442 0 0 0 1 
3394309160021;0.307009;0.0055453;0.991505 -0.117937 -0.0548551 0.633312 0.127304 0.96641 0.22326 -1.10967 0.0266818 -0.228347 0.973214 -0.31759 0 0 0 1 
3394309160022;0.159878;0.0103746;0.979792 -0.0346786 0.196991 -0.26739 0.050476 0.995849 -0.0757465 -0.247624 -0.193547 0.0841591 0.977475 1.25006 0 0 0 1 
3394309160023;0.179015;0.00820559;0.995518 -0.0423502 0.0845644 -0.166129 0.0443832 0.998766 -0.0223069 -0.319828 -0.0835153 0.0259602 0.996168 0.123949 0 0 0 1 
3394309160024;0.448507;0.813434;0.91509 -0.398226 0.0634507 2.44904 0.3971 0.917284 0.0300153 -2.53262 -0.0701552 -0.00227042 0.997534 1.20015 0 0 0 1 
3394309160025;0.259237;0.00964297;0.986818 0.161745 -0.00534802 -0.0932969 -0.161384 0.986001 0.0419086 1.05521 0.0120517 -0.040493 0.999107 -0.613204 0 0 0 1 
3394309160026;0.300277;0.239604;0.995038 0.0807793 0.0580804 -0.270334 -0.0773484 0.995252 -0.0590758 -0.034936 -0.0625768 0.0542903 0.996562 0.688139 0 0 0 1 
3394309160027;0.421694;0.494779;0.958955 -0.220965 -0.177706 1.6767 0.255841 0.944469 0.206213 -2.51539 0.122272 -0.243213 0.962235 -0.27139 0 0 0 1 
3394309160028;0.443835;0.0573507;0.944288 0.0881483 0.317097 -0.19727 0.00572312 0.958923 -0.283609 0.747763 -0.329071 0.269624 0.904995 1.84463 0 0 0 1 
3394309160029;0.512116;0.0975072;0.998614 -0.0193703 0.0489474 0.279893 0.0316836 0.963722 -0.265021 0.193867 -0.0420381 0.266205 0.962999 -0.653468 0 0 0 1 
3394309160031;0.426851;0.304108;0.972164 -0.204493 -0.114367 0.812096 0.217066 0.969816 0.111078 -0.719159 0.0881999 -0.132811 0.987209 -0.728588 0 0 0 1 
3394309160032;0.353703;0.215921;0.96312 -0.254772 -0.086552 0.322944 0.256589 0.966465 0.0103672 0.36067 0.0810082 -0.0321931 0.996193 -0.0581587 0 0 0 1 
3394309160033;0.139215;0.0110101;0.994103 -0.0266032 -0.105127 0.0433712 0.0216046 0.998594 -0.0484048 -0.182701 0.106267 0.0458482 0.99328 0.114997 0 0 0 1 
3394309160034;0.389775;0.0977153;0.952485 0.298467 -0.0607449 -0.202418 -0.294379 0.953269 0.0679623 0.0978026 0.0781908 -0.046851 0.995837 -0.570604 0 0 0 1 
3394309160035;0.19696;0.00879839;0.976647 0.173985 -0.126057 0.0740488 -0.188386 0.975565 -0.113062 0.457636 0.103306 0.134168 0.985559 -0.0902493 0 0 0 1 
3394309160036;0.370886;0.178518;0.948019 -0.318209 0.00167733 0.0801928 0.310596 0.926457 0.212622 -0.304856 -0.0692123 -0.201049 0.977133 0.489343 0 0 0 1 
3394309160037;0.384635;0.0109318;0.913998 -0.249894 0.319626 -0.244172 0.187838 0.95892 0.212575 -0.776999 -0.359617 -0.134255 0.923391 0.0477875 0 0 0 1 
3394309160038;0.368064;0.0816225;0.965019 0.260208 -0.0321075 -0.647574 -0.262067 0.960954 -0.0888126 0.406215 0.00774409 0.0941201 0.995531 -0.0822192 0 0 0 1 
3394309160039;0.0746977;0.0045986;0.999529 0.00728292 0.0298139 -0.109254 -0.00744347 0.999958 0.00527766 -0.0156873 -0.0297742 -0.00549709 0.999542 -0.118621 0 0 0 1 
3394309160040;0.279481;0.0438493;0.928271 -0.321366 0.187183 0.1551 0.302821 0.945307 0.121219 -0.513409 -0.215902 -0.0558414 0.974817 0.433284 0 0 0 1 
3394309160041;0.389623;0.158727;0.943293 -0.331429 0.0187671 0.626179 0.329425 0.941565 0.0702408 -0.301709 -0.0409503 -0.0600753 0.997354 0.00147539 0 0 0 1 
3394309160042;0.283783;0.363807;0.987471 -0.156734 0.0182982 0.404433 0.156781 0.987633 -0.00115155 -0.0950222 -0.0178914 0.00400594 0.999832 -0.263677 0 0 0 1 
3394309160043;0.314339;0.00601373;0.99819 0.0599665 0.00454469 0.20711 -0.0597548 0.980463 0.187407 -0.0546829 0.00678225 -0.18734 0.982272 0.648288 0 0 0 1 
3394309160044;0.531805;0.105057;0.920786 0.350962 -0.170232 -0.473708 -0.333804 0.934763 0.121626 0.405728 0.201813 -0.0551672 0.977869 0.447158 0 0 0 1 
3394309160045;0.395186;0.387594;0.98993 0.0850445 0.113162 -0.223004 -0.0758484 0.993639 -0.0832341 -0.117437 -0.119521 0.0738127 0.990084 0.102071 0 0 0 1 
3394309160046;0.217132;0.0110905;0.990325 -0.138711 0.00406978 0.174547 0.138669 0.990297 0.00914443 -0.595509 -0.00529872 -0.0084916 0.99995 0.136424 0 0 0 1 
3394309160047;0.371665;0.0028404;0.976206 -0.15177 0.15488 -0.0721376 0.167345 0.981504 -0.0929761 0.106445 -0.137904 0.116682 0.983549 -0.617097 0 0 0 1 
3394309160048;0.441321;0.218236;0.955122 0.292747 0.0451844 -0.136946 -0.276826 0.936442 -0.215509 0.648924 -0.105402 0.193329 0.975456 0.20203 0 0 0 1 
3394309160049;0.529697;0.332147;0.96844 -0.242171 -0.0589739 0.066709 0.246613 0.965309 0.0857978 -0.718935 0.0361503 -0.0976337 0.994566 -0.11223 0 0 0 1 
3394309160050;0.242722;0.002951;0.984417 -0.120996 0.127603 -0.0107185 0.121971 0.992534 0.000169789 -0.189864 -0.126671 0.0153967 0.991825 0.657963 0 0 0 1 
3394309160051;0.288745;0.0838269;0.994441 -0.0139562 0.104371 -0.154852 0.00303272 0.994563 0.104095 -0.0910573 -0.105256 -0.1032 0.989076 0.611654 0 0 0 1 
3394309160052;0.346607;0.00623844;0.995636 0.0918983 0.016226 0.0918309 -0.092053 0.995713 0.00905732 0.0188477 -0.0153241 -0.0105115 0.999827 -0.80722 0 0 0 1 
3394309160053;0.177457;0.0107653;0.993013 -0.00430632 0.117926 -0.32302 0.00453032 0.999988 -0.00163156 -0.199754 -0.117918 0.00215441 0.993021 0.381583 0 0 0 1 
3394309160054;0.393365;0.00464647;0.997725 -0.0355385 -0.0572821 0.650958 0.0450686 0.983577 0.17477 -0.684305 0.0501303 -0.176954 0.982942 0.412707 0 0 0 1 
3394309160055;0.395101;0.0123686;0.998431 -0.0544379 0.0130884 0.725194 0.05531 0.995293 -0.0795785 0.189144 -0.00869471 0.0801776 0.996743 -0.55908 0 0 0 1 
3394309160056;0.394726;0.00437847;0.984542 0.174441 0.0157273 -0.57674 -0.174811 0.973093 0.150104 0.452238 0.0108803 -0.150533 0.988545 -0.496377 0 0 0 1 
3394309160057;0.649395;0.342973;0.925748 0.366517 0.0930349 -0.985238 -0.369845 0.928859 0.0208598 0.734997 -0.0787708 -0.0537195 0.995444 0.234112 0 0 0 1 
3394309160058;0.444142;0.0398124;0.977776 0.209455 -0.00904537 -0.376584 -0.209644 0.976484 -0.0502829 0.580856 -0.00169937 0.0510618 0.998694 0.791401 0 0 0 1 
3394309160059;0.406193;0.374187;0.986015 0.00501659 0.166578 0.455087 0.000772958 0.999398 -0.0346727 -0.546854 -0.166652 0.0343165 0.985418 0.588526 0 0 0 1 
3394309160060;0.43448;0.28356;0.995424 0.0940197 0.0170458 0.142148 -0.0904543 0.984691 -0.149003 0.28306 -0.0307941 0.146779 0.98869 -0.448941 0 0 0 1 
3394309160062;0.235158;0.0132051;0.952258 -0.260531 0.159145 0.476354 0.275779 0.957687 -0.0823467 -6.07419 -0.130957 0.122304 0.983815 2.90914 0 0 0 1 
3394309160063;0.42419;0.0301265;0.976471 0.21524 -0.0132404 0.74103 -0.214954 0.976416 0.0201839 4.42537 0.0172725 -0.016863 0.999709 0.588005 0 0 0 1 
3394309160064;0.439802;0.616385;0.90746 0.375949 0.187561 0.0959385 -0.382214 0.924069 -0.00298091 8.50078 -0.17444 -0.0689832 0.982248 3.62707 0 0 0 1 
3394309160065;0.350677;0.0184841;0.987598 0.0856195 0.131604 0.274236 -0.0878707 0.996067 0.0113835 1.34358 -0.130112 -0.0228065 0.991237 2.15169 0 0 0 1 
3394309160066;0.242534;0.0112589;0.999301 0.0124553 -0.0352375 -0.161625 -0.0197084 0.976705 -0.213679 0.214208 0.0317552 0.214224 0.976268 -0.170668 0 0 0 1 
3394309160067;0.392633;0.250765;0.993939 0.109822 0.0050077 -0.188424 -0.10914 0.991191 -0.075031 2.55196 -0.0132036 0.0740297 0.997169 0.168456 0 0 0 1 
3394309160068;0.328762;0.0214342;0.989009 0.146844 0.0172589 0.218769 -0.147855 0.982502 0.113261 3.70781 -0.000325225 -0.114567 0.993415 -0.473552 0 0 0 1 
3394309160069;0.0998438;0.0183927;0.999794 0.0185142 -0.0083379 0.226043 -0.0185401 0.999823 -0.00304185 0.428613 0.00828011 0.00319581 0.999961 -0.270139 0 0 0 1 
3394309160070;0.429464;0.122124;0.929532 0.295606 0.220427 1.01018 -0.339557 0.919272 0.199099 7.38302 -0.143777 -0.259917 0.954867 3.32454 0 0 0 1 
3394309160071;0.0989399;0.0143861;0.998424 0.054881 -0.0117535 0.0681253 -0.0548324 0.998486 0.00441548 1.17435 0.011978 -0.00376405 0.999921 -0.46654 0 0 0 1 
3394309160072;0.334886;0.0790736;0.944092 -0.329591 0.00777616 1.11525 0.321456 0.925514 0.200225 -7.50435 -0.0731892 -0.186531 0.979719 1.13464 0 0 0 1 
3394309160073;0.372916;0.00558907;0.989554 -0.144164 0.000750145 0.859159 0.144163 0.989553 0.00129447 -3.24306 -0.000928924 -0.0011728 0.999999 0.379545 0 0 0 1 
3394309160074;0.236373;0.00704534;0.983474 -0.176614 -0.0398323 0.319326 0.179 0.981527 0.0675487 -4.05062 0.0271665 -0.0735624 0.996921 -1.09312 0 0 0 1 
3394309160075;0.259352;0.00817161;0.979176 0.0767739 -0.187937 0.748256 -0.124182 0.958852 -0.255307 2.9623 0.160602 0.273329 0.948419 -3.25047 0 0 0 1 
3394309160076;0.21267;0.0212368;0.974595 0.173282 0.141905 0.431577 -0.159672 0.981851 -0.102338 3.76681 -0.157063 0.0770797 0.984576 3.62791 0 0 0 1 
3394309160077;0.259302;0.015709;0.989582 0.137126 -0.0438682 0.245781 -0.142343 0.977568 -0.155242 3.2062 0.0215965 0.159869 0.986902 0.274809 0 0 0 1 
3394309160078;0.466153;0.197687;0.959392 -0.219689 0.176928 0.482064 0.242287 0.962994 -0.118065 -5.16289 -0.144443 0.156138 0.977117 4.07544 0 0 0 1 
3394309160079;0.423773;0.010555;0.967304 -0.161611 0.195463 -0.329899 0.18548 0.976404 -0.110598 -3.88466 -0.172977 0.143237 0.974455 3.2541 0 0 0 1 
3394309160080;0.255153;0.0168499;0.992719 0.00977071 0.120057 0.0937925 0.00824126 0.98886 -0.148622 0.00606497 -0.120172 0.148529 0.981579 2.30699 0 0 0 1 
3394309160081;0.296072;0.00916052;0.997414 -0.0655376 0.0294855 0.330845 0.0656832 0.997833 -0.00399806 -0.807223 -0.0291596 0.00592443 0.999557 0.545804 0 0 0 1 
3394309160082;0.355531;0.256989;0.982074 -0.164505 -0.0920277 0.823477 0.159991 0.985613 -0.0545063 -3.84793 0.0996702 0.0388057 0.994264 -2.14271 0 0 0 1 
3394309160083;0.180325;0.0109367;0.997492 -0.0695038 -0.013345 -0.0535009 0.0707731 0.979118 0.190578 -1.92774 -0.000179548 -0.191045 0.981581 -0.086777 0 0 0 1 
3394309160084;0.188147;0.00816604;0.99784 -0.0272249 -0.0597849 -0.0908704 0.0261156 0.999473 -0.0192583 -0.36534 0.0602777 0.0176554 0.998025 -1.6544 0 0 0 1 
3394309160085;0.149775;0.0157677;0.997186 0.0119672 0.0740074 -0.123172 -0.0238697 0.986485 0.162106 0.209137 -0.0710672 -0.163416 0.983994 1.36401 0 0 0 1 
3394309160086;0.360181;0.00298603;0.976285 0.0331232 -0.21394 1.31356 -0.0506516 0.995746 -0.0769754 1.26332 0.21048 0.0859864 0.973809 -3.71706 0 0 0 1 
3394309160087;0.069233;0.0115314;0.996671 -0.0793204 -0.0188626 0.0568814 0.0795702 0.996746 0.0128816 -1.77193 0.0177795 -0.0143396 0.999739 -0.393714 0 0 0 1 
3394309160088;0.334175;0.00560713;0.957932 -0.243863 0.151315 -0.252875 0.221326 0.96337 0.15144 -5.01893 -0.182703 -0.111579 0.976816 3.56198 0 0 0 1 
3394309160089;0.384231;0.00821294;0.968041 -0.215993 0.127453 0.0940826 0.204255 0.973892 0.0990677 -4.907 -0.145523 -0.0698686 0.986885 2.31246 0 0 0 1 
3394309160090;0.357505;0.160548;0.987626 -0.130483 0.0869966 0.239992 0.144761 0.971883 -0.185708 -2.81204 -0.0603189 0.196004 0.978746 1.88646 0 0 0 1 
3394309160091;0.460987;0.0393627;0.972064 0.229135 0.0508713 0.320789 -0.231156 0.972168 0.0381598 4.06073 -0.0407117 -0.048853 0.997976 0.424897 0 0 0 1 
3394309160093;0.186714;0.0191944;0.982181 -0.071841 -0.173663 0.506125 0.0765834 0.996847 0.0207543 -1.35421 0.171624 -0.0336842 0.984586 -3.40346 0 0 0 1 
3394309160094;0.310812;0.0306544;0.986194 -0.127091 0.106154 0.376085 0.127641 0.991819 0.00162592 -1.69114 -0.105492 0.011946 0.994348 1.97891 0 0 0 1 
3394309160095;0.222858;0.0280217;0.998837 -0.0313416 -0.0366286 0.240164 0.0306494 0.999344 -0.0193109 -0.654141 0.0372098 0.0181658 0.999142 -0.155515 0 0 0 1 
3394309160096;0.38163;0.0183064;0.996178 -0.0724979 -0.0487142 0.290714 0.077406 0.991149 0.107852 -1.71031 0.040464 -0.11121 0.992973 0.0335484 0 0 0 1 
3394309160097;0.257713;0.0314999;0.999809 0.00958125 -0.0170079 -0.0912584 -0.00942276 0.999912 0.00937422 0.173603 0.0170962 -0.00921217 0.999811 0.372414 0 0 0 1 
3394309160098;0.436886;0.300133;0.987875 0.154688 0.0132278 -0.318205 -0.152574 0.98306 -0.101557 2.64549 -0.0287134 0.0983077 0.994742 0.453496 0 0 0 1 
3394309160099;0.352112;0.0497846;0.990979 0.0995938 0.0896801 0.585685 -0.0817601 0.979467 -0.184282 2.0147 -0.106192 0.175287 0.978774 1.7265 0 0 0 1 
3394309160100;0.383134;0.0208347;0.996705 -0.0151263 -0.0796852 0.334925 0.0203094 0.997702 0.0646408 -0.336085 0.0785243 -0.0660461 0.994722 -0.52317 0 0 0 1 
3394309160101;0.349174;0.0381063;0.999794 0.0088065 0.0182679 0.0128303 -0.00459706 0.97576 -0.218794 0.773442 -0.0197519 0.218665 0.9756 1.3653 0 0 0 1 
3394309160102;0.328612;0.0244183;0.989544 0.0998666 -0.104061 0.323859 -0.0870559 0.988813 0.121119 1.50584 0.114992 -0.110794 0.987168 -1.39743 0 0 0 1 
3394309160103;0.353684;0.0219471;0.997614 -0.00272583 0.068984 -0.831461 -0.000790909 0.998703 0.0509005 -0.154795 -0.0690333 -0.0508336 0.996318 1.71451 0 0 0 1 
3394309160104;0.220681;0.0293459;0.980229 -0.138698 0.14112 -0.342514 0.133633 0.990018 0.0448036 -2.08035 -0.145925 -0.0250596 0.988978 2.54973 0 0 0 1 
3394309160105;0.408456;0.41839;0.93062 0.35602 0.0848321 0.336637 -0.362451 0.928674 0.0787081 6.73144 -0.0507596 -0.103995 0.993282 1.4167 0 0 0 1 
3394309160106;0.441483;0.0270738;0.897368 -0.416404 0.146075 1.44552 0.36853 0.889251 0.270958 -7.19344 -0.242725 -0.189316 0.951443 4.63308 0 0 0 1 
3394309160107;0.532391;0.00759612;0.918358 -0.366655 -0.148937 2.09069 0.351104 0.928503 -0.120863 -6.23588 0.182603 0.0587035 0.981433 -3.76295 0 0 0 1 
3394309160108;0.223867;0.0299815;0.999915 0.0130186 0.00103721 -0.153122 -0.0130257 0.99989 0.00715517 0.156851 -0.000943948 -0.00716807 0.999974 0.591435 0 0 0 1 
3394309160109;0.0784344;0.0160881;0.995125 -0.098585 -0.00257494 -0.0505935 0.0986161 0.994948 0.0187816 -1.82388 0.000710345 -0.018944 0.99982 -0.0419124 0 0 0 1 
3394309160110;0.305364;0.0347986;0.985744 -0.158568 0.0562661 -0.335379 0.166325 0.968843 -0.18352 -2.86434 -0.0254125 0.190262 0.981404 1.38205 0 0 0 1 
3394309160111;0.289575;0.879877;0.949874 0.244935 0.194284 -0.898139 -0.229042 0.968185 -0.100786 4.30544 -0.212789 0.0512346 0.975754 4.20033 0 0 0 1 
3394309160112;0.386373;0.015719;0.968836 -0.243289 0.0465504 0.163145 0.242975 0.969954 0.0123854 -4.53758 -0.048165 -0.000688881 0.998839 1.71694 0 0 0 1 
3394309160113;0.347639;0.0404199;0.999137 0.0415424 0.000198586 -0.183631 -0.0415424 0.999137 -0.000117048 1.02902 -0.000203277 0.000108697 1 0.884097 0 0 0 1 
3394309160114;0.578959;0.485543;0.999143 0.0404886 0.00863348 -0.0137991 -0.0405514 0.999151 0.00722551 0.370038 -0.0083336 -0.00756942 0.999937 0.0988198 0 0 0 1 
3394309160115;0.373208;0.0392741;0.996164 -0.00612687 0.087295 -0.372943 0.014049 0.995804 -0.0904283 -0.104091 -0.0863747 0.0913078 0.99207 0.777674 0 0 0 1 
3394309160116;0.177223;0.0352742;0.999751 -0.0220928 -0.00308527 0.230638 0.0220603 0.999705 -0.0101798 -0.0545625 0.00330926 0.0101092 0.999943 -0.137081 0 0 0 1 
3394309160117;0.448363;0.0277022;0.979375 -0.196911 -0.0452785 0.251589 0.176604 0.943133 -0.281623 -2.50107 0.0981584 0.267819 0.958456 -2.18021 0 0 0 1 
3394309160118;0.307421;0.109014;0.980772 0.165483 0.103452 0.210937 -0.138839 0.964173 -0.226041 2.97299 -0.137152 0.207332 0.968609 2.38344 0 0 0 1 
3394309160119;0.336676;0.0230256;0.935672 -0.347709 -0.0601334 1.0466 0.348369 0.937357 0.000518947 -6.23344 0.056186 -0.0214342 0.99819 -0.630069 0 0 0 1 
3394309160120;0.390228;0.0090061;0.883258 -0.43541 0.173993 1.43732 0.451235 0.890177 -0.0630213 -7.98915 -0.127445 0.134176 0.982728 2.82813 0 0 0 1 
3394309160121;0.364275;0.0629735;0.942693 -0.112114 0.314261 0.0812784 0.176027 0.967232 -0.182967 -2.49055 -0.28345 0.2278 0.931538 5.48203 0 0 0 1 
3394309160122;0.150012;0.0540052;0.981655 0.186765 -0.038374 0.637014 -0.187746 0.98193 -0.0237719 3.33077 0.0332408 0.0305404 0.998981 -0.53192 0 0 0 1 
3394309160124;0.265891;0.0138237;0.971694 -0.224312 0.0741321 -0.0760436 0.226494 0.973756 -0.0223625 -5.64797 -0.0671704 0.03852 0.996998 1.43072 0 0 0 1 
3394309160125;0.0924407;0.0350522;0.991359 0.0285721 0.128025 0.0282475 -0.0365096 0.997525 0.0600882 0.791032 -0.125991 -0.0642431 0.989949 2.80964 0 0 0 1 
3394309160126;0.454214;0.0345975;0.918117 0.299002 -0.260113 3.18752 -0.301168 0.953018 0.032474 7.54553 0.257602 0.0485227 0.965032 -5.80063 0 0 0 1 
3394309160127;0.391085;0.1367;0.934517 0.349627 -0.0666268 1.52961 -0.334523 0.926739 0.171026 8.00363 0.121541 -0.137539 0.983011 -3.15455 0 0 0 1 
3394309160128;0.398984;0.191662;0.96052 0.27475 0.0437579 0.366668 -0.265623 0.952419 -0.149474 6.88101 -0.0827436 0.131949 0.987797 2.05908 0 0 0 1 
3394309160129;0.0588853;0.0135748;1 0.000348776 0.000925623 -0.0784024 -0.000352368 0.999992 0.0038824 -0.0884999 -0.000924262 -0.00388272 0.999992 0.145751 0 0 0 1 
3394309160130;0.354684;0.410794;0.985598 -0.117643 0.121474 0.245319 0.117796 0.99302 0.0059463 -3.5738 -0.121325 0.00844843 0.992577 2.88874 0 0 0 1 
3394309160131;0.385569;0.255668;0.937015 0.342256 0.0697415 1.25851 -0.343431 0.939163 0.00525001 8.42728 -0.0637018 -0.0288708 0.997551 1.56475 0 0 0 1 
3394309160132;0.356548;0.0299072;0.910771 -0.408751 0.0584767 1.71633 0.41291 0.901109 -0.132318 -9.69102 0.0013913 0.144657 0.989481 0.106989 0 0 0 1 
3394309160133;0.361702;0.0134729;0.950361 -0.179767 -0.253962 1.52217 0.247004 0.932234 0.26444 -6.04269 0.189215 -0.314043 0.930363 -4.76605 0 0 0 1 
3394309160134;0.414145;0.0159943;0.978321 -0.205397 0.0264637 1.02538 0.206818 0.975607 -0.073603 -4.5397 -0.0107003 0.0774806 0.996936 0.329179 0 0 0 1 
3394309160135;0.292331;0.0131204;0.999226 0.0122215 -0.0373995 0.0989875 -0.00873547 0.995721 0.0919923 -0.264165 0.0383638 -0.0915944 0.995057 -1.62476 0 0 0 1 
3394309160136;0.443471;0.0634477;0.971468 0.236676 -0.0153175 0.825852 -0.236438 0.971517 0.0158412 5.82675 0.0186304 -0.0117676 0.999757 -1.27214 0 0 0 1 
3394309160137;0.250953;0.0108434;0.982476 -0.177955 -0.0554364 0.357907 0.182864 0.97785 0.10183 -4.42865 0.0360873 -0.110183 0.993256 -1.39477 0 0 0 1 
3394309160138;0.370395;0.0160842;0.92942 -0.262541 -0.259328 1.83013 0.239905 0.963844 -0.115977 -5.19585 0.2804 0.0455769 0.958801 -6.0386 0 0 0 1 
3394309160139;0.0858104;0.0266778;0.997371 0.0720079 -0.00816764 0.111767 -0.0711966 0.994639 0.0749913 1.49828 0.0135238 -0.0742126 0.997151 -0.467639 0 0 0 1 
3394309160140;0.322515;0.0336744;0.912934 -0.0471312 -0.405377 2.76116 0.0482771 0.998807 -0.00740342 -1.18472 0.405242 -0.0128116 0.91412 -9.67108 0 0 0 1 
3394309160141;0.361297;0.137567;0.954907 0.296898 0.00194391 0.680378 -0.296866 0.954656 0.02241 7.25625 0.00479771 -0.0219765 0.999747 -0.183836 0 0 0 1 
3394309160142;0.193657;0.0969009;0.977903 0.0239637 0.207681 -0.0101064 -0.0330557 0.998636 0.0404188 0.71644 -0.20643 -0.0463907 0.977361 5.04088 0 0 0 1 
3394309160143;0.448915;0.042653;0.972183 0.233818 -0.0137301 0.0454372 -0.233348 0.971951 0.0293261 5.10284 0.0202019 -0.0253064 0.999476 -0.835714 0 0 0 1 
3394309160144;0.382267;0.0326842;0.931851 -0.327267 -0.156687 0.969535 0.313017 0.94347 -0.109018 -7.80173 0.183507 0.0525426 0.981613 -4.4753 0 0 0 1 
3394309160145;0.390824;0.010445;0.909376 0.126768 -0.396188 2.88558 -0.216497 0.957506 -0.190557 5.35132 0.355196 0.259061 0.898178 -8.24849 0 0 0 1 
3394309160146;0.519843;0.0292953;0.987121 0.0539292 0.150609 0.151187 -0.0880052 0.969266 0.229734 1.80801 -0.133591 -0.24003 0.96153 3.99536 0 0 0 1 
3394309160147;0.314525;0.0498871;0.960326 -0.190888 -0.203312 0.612009 0.225311 0.960681 0.162258 -5.3468 0.164345 -0.201629 0.965576 -3.85146 0 0 0 1 
3394309160148;0.159477;0.0316838;0.996229 0.00923746 0.0862713 0.159746 -0.0178579 0.994858 0.0996927 0.0799964 -0.0849068 -0.100857 0.991271 1.8266 0 0 0 1 
3394309160149;0.32406;0.385482;0.997596 -0.06907 0.00563449 0.370861 0.0692523 0.996615 -0.0443049 -0.867938 -0.00255528 0.0445886 0.999002 0.119598 0 0 0 1 
3394309160150;0.0510986;0.0273557;0.998374 0.0544241 0.0169697 -0.0056194 -0.0544884 0.998509 0.00335273 1.26977 -0.016762 -0.00427193 0.99985 0.424512 0 0 0 1 
3394309160151;0.610087;0.0165824;0.930182 -0.334865 -0.150419 2.55128 0.321197 0.940812 -0.108188 -7.19547 0.177744 0.0523204 0.982685 -3.87521 0 0 0 1 
3394309160152;0.362678;0.0430379;0.923554 0.286192 -0.255229 2.61889 -0.31214 0.947682 -0.066839 7.46397 0.222747 0.141397 0.964568 -5.32244 0 0 0 1 
3394309160153;0.287468;0.0257352;0.955908 0.286405 -0.0648994 1.29828 -0.265944 0.937997 0.222341 5.81519 0.124555 -0.195278 0.972807 -2.94829 0 0 0 1 
3394309160155;0.447786;0.359113;0.969416 -0.229149 -0.0878889 0.521912 0.235291 0.969593 0.0672826 -2.10746 0.0697988 -0.0859042 0.993855 -0.633227 0 0 0 1 
3394309160156;0.233355;0.0213419;0.92937 0.0701493 -0.362423 1.17546 -0.0599475 0.997426 0.0393336 0.517839 0.36425 -0.0148291 0.931183 -3.19547 0 0 0 1 
3394309160157;0.264959;0.0759036;0.976327 0.0363002 0.213232 -0.188092 -0.084054 0.972011 0.219386 0.33733 -0.1993 -0.232115 0.952052 1.44177 0 0 0 1 
3394309160158;0.276214;0.0296308;0.98629 -0.160595 0.0379531 0.0620004 0.160809 0.986982 -0.00264097 -1.65486 -0.0370349 0.00870796 0.999276 -0.191711 0 0 0 1 
3394309160159;0.327677;0.036262;0.999375 0.0301801 0.0184235 -0.25272 -0.0313558 0.997242 0.0672703 0.193751 -0.0163425 -0.067806 0.997565 0.983751 0 0 0 1 
3394309160160;0.133668;0.0923239;0.99557 -0.0111562 0.0933605 -0.379062 0.0161327 0.998479 -0.0527207 -0.0555002 -0.0926303 0.0539933 0.994236 0.731165 0 0 0 1 
3394309160161;0.30505;0.244921;0.9859 0.161962 -0.0420706 -0.45459 -0.161282 0.986723 0.0191147 1.05735 0.0446079 -0.01206 0.998932 -0.0581658 0 0 0 1 
3394309160162;0.0502853;0.0323433;0.999957 -0.00922295 -0.00115895 0.0260162 0.00922051 0.999955 -0.00209842 -0.142184 0.00117825 0.00208765 0.999997 0.0761838 0 0 0 1 
3394309160163;0.250016;0.0368053;0.9945 -0.0730662 -0.0750394 0.0463828 0.0899 0.963104 0.253669 -1.27119 0.0537361 -0.25902 0.964376 -0.306366 0 0 0 1 
3394309160164;0.523579;0.286972;0.985663 0.161988 -0.0472003 -0.893337 -0.162456 0.986696 -0.00621968 0.536903 0.0455649 0.0137985 0.998866 0.0684305 0 0 0 1 
3394309160165;0.368871;0.0951896;0.967897 0.247772 -0.0422439 0.114995 -0.250329 0.935142 -0.250688 2.42294 -0.0226095 0.253215 0.967146 0.861205 0 0 0 1 
3394309160166;0.306131;0.0280455;0.999591 -0.0118578 -0.0260322 0.0743803 0.0118305 0.999929 -0.00120147 -0.113375 0.0260446 0.000893007 0.99966 -0.988255 0 0 0 1 
3394309160167;0.598213;0.0429883;0.907193 -0.13979 -0.396813 2.0523 0.209951 0.967772 0.13906 -2.7922 0.364585 -0.209465 0.907305 -2.76662 0 0 0 1 
3394309160168;0.1742;0.0398337;0.999355 0.0354501 -0.00566614 -0.100687 -0.0354463 0.999371 0.000755691 0.309956 0.00568937 -0.00055436 0.999984 0.431367 0 0 0 1 
3394309160169;0.457369;0.0282033;0.94316 -0.328127 0.0527397 0.258162 0.326594 0.944491 0.0356883 -3.90835 -0.0615224 -0.0164353 0.99797 1.10071 0 0 0 1 
3394309160170;0.210774;0.0447095;0.985557 -0.101865 0.135284 -0.29731 0.12337 0.979129 -0.161509 -0.944568 -0.116008 0.175867 0.977555 0.966209 0 0 0 1 
3394309160171;0.312176;0.0345319;0.979294 -0.199067 0.0368133 0.400826 0.180924 0.942195 0.282019 -2.00516 -0.0908261 -0.269519 0.958702 0.728782 0 0 0 1 
3394309160172;0.347442;0.0285716;0.991786 -0.0543 -0.115814 0.111907 0.0389254 0.990604 -0.131108 -0.351931 0.121845 0.125523 0.98458 -0.135893 0 0 0 1 
3394309160173;0.513361;0.359525;0.968874 -0.22671 0.0994263 0.556423 0.231936 0.971715 -0.0444478 -2.12471 -0.0865373 0.0661248 0.994052 0.713745 0 0 0 1 
3394309160174;0.158617;0.0306478;0.997407 0.0509163 -0.0508604 -0.234423 -0.0566733 0.99127 -0.119042 0.644136 0.0443552 0.121616 0.991586 -0.127708 0 0 0 1 
3394309160175;0.423765;0.0349558;0.98603 -0.0357813 -0.162678 1.04811 0.000725296 0.977568 -0.210621 0.479425 0.166565 0.207561 0.963937 -1.55624 0 0 0 1 
3394309160176;0.19621;0.04674;0.995582 -0.0392861 0.0852868 -0.0096246 0.035659 0.998411 0.0436426 -0.0900366 -0.0868658 -0.0404085 0.9954 0.448409 0 0 0 1 
3394309160177;0.557777;0.0310622;0.956023 0.179893 -0.231641 0.538182 -0.0791511 0.918748 0.38683 0.305473 0.282408 -0.351484 0.892583 -1.4915 0 0 0 1 
3394309160178;0.217629;0.0517853;0.999976 -0.00686531 0.000896512 0.268312 0.00686681 0.999975 -0.001685 -0.336198 -0.000884921 0.00169111 0.999998 0.357689 0 0 0 1 
3394309160179;0.268847;0.702907;0.960569 -0.277951 -0.00705424 1.62 0.27804 0.960212 0.0261948 -2.98528 -0.000507295 -0.0271233 0.999632 -0.0341438 0 0 0 1 
3394309160180;0.363436;0.0489867;0.997336 -0.0059364 0.0727073 -0.142952 0.0102957 0.998161 -0.0597301 0.339392 -0.0722191 0.0603195 0.995563 1.60983 0 0 0 1 
3394309160181;0.481709;0.30039;0.990802 -0.135319 -0.000262822 0.240292 0.135278 0.990548 -0.0226769 -1.8448 0.00332895 0.0224328 0.999743 0.722522 0 0 0 1 
3394309160182;0.293983;0.0237521;0.998414 -0.0450662 -0.0337399 -0.00873949 0.0448066 0.99896 -0.00841265 -0.927131 0.0340839 0.00688754 0.999395 0.27696 0 0 0 1 
3394309160183;0.436918;0.037579;0.972479 -0.232715 0.0112963 0.414384 0.220706 0.935661 0.275366 -2.98239 -0.0746513 -0.265295 0.961273 0.284355 0 0 0 1 
3394309160184;0.141133;0.0272115;0.999855 -0.00820503 -0.0149108 -0.355879 0.00784899 0.999686 -0.0237815 -0.145937 0.0151012 0.0236611 0.999606 0.0819893 0 0 0 1 
3394309160186;0.458534;0.105987;0.94542 0.323522 -0.0389132 1.24498 -0.324857 0.945117 -0.0349585 6.65087 0.0254677 0.0456917 0.998631 -1.13898 0 0 0 1 
3394309160187;0.388653;0.17734;0.942795 -0.333364 0.00242973 1.15329 0.332334 0.939256 -0.0857499 -6.69453 0.0263038 0.081652 0.996314 -0.20254 0 0 0 1 
3394309160188;0.269366;0.00783431;0.986333 -0.16476 -0.0011047 0.18111 0.162813 0.973607 0.159939 -3.42131 -0.0252759 -0.157933 0.987126 0.787107 0 0 0 1 
3394309160189;0.483079;0.0300455;0.968583 -0.202394 -0.144512 0.986315 0.155454 0.946311 -0.283425 -2.22563 0.194117 0.252055 0.948044 -3.96659 0 0 0 1 
3394309160190;0.0786131;0.00421402;0.997971 0.0608117 -0.0188383 0.11609 -0.0609055 0.998134 -0.00444307 1.15433 0.0185329 0.00558141 0.999813 -0.498064 0 0 0 1 
3394309160191;0.461554;0.135945;0.956523 -0.291561 -0.00742567 1.01678 0.291652 0.956334 0.0190725 -6.54558 0.00154061 -0.020409 0.999791 0.58869 0 0 0 1 
3394309160192;0.432023;0.00693158;0.987449 -0.028731 -0.155306 1.11817 -0.0124856 0.966038 -0.258098 1.04979 0.157447 0.256798 0.953554 -2.46991 0 0 0 1 
3394309160193;0.353577;0.0671436;0.964144 0.265303 -0.00632615 1.07665 -0.265379 0.963885 -0.0223516 5.32941 0.000167732 0.0232289 0.99973 -0.55591 0 0 0 1 
3394309160194;0.352735;0.0617444;0.952848 -0.220143 0.20885 0.361358 0.155478 0.945231 0.286994 -3.57792 -0.260591 -0.240989 0.934888 4.94882 0 0 0 1 
3394309160195;0.362433;0.313447;0.998857 0.040416 0.0255279 -0.00407066 -0.0402987 0.999175 -0.00509175 0.861417 -0.0257126 0.00405719 0.999661 0.345507 0 0 0 1 
3394309160196;0.182053;0.00800317;0.992768 -0.109266 0.0497332 -0.030572 0.100507 0.983031 0.153452 -2.34718 -0.0656564 -0.147344 0.986904 0.89908 0 0 0 1 
3394309160197;0.398636;0.107315;0.948671 0.302553 -0.0921122 1.55335 -0.314975 0.930111 -0.188901 6.58613 0.0285222 0.208218 0.977667 0.28207 0 0 0 1 
3394309160198;0.114611;0.0151048;0.991291 -0.131528 -0.00646218 0.0716662 0.131515 0.991311 -0.00241132 -2.67757 0.00672319 0.00154045 0.999976 -0.0764908 0 0 0 1 
3394309160199;0.260161;0.0681473;0.963277 0.268489 0.00350063 0.838122 -0.268194 0.962689 -0.0360752 5.46088 -0.0130558 0.0338116 0.999343 0.343454 0 0 0 1 
3394309160200;0.239388;0.00969318;0.999064 -0.0330453 -0.027903 0.00654596 0.0334001 0.999366 0.0123474 -0.738317 0.0274773 -0.0132678 0.999534 0.0798208 0 0 0 1 
3394309160201;0.340496;0.00510953;0.968865 -0.0753212 0.235854 0.594553 0.120207 0.975897 -0.182142 -1.71222 -0.21645 0.204822 0.954567 4.21345 0 0 0 1 
3394309160202;0.373558;0.00207195;0.986132 -0.0834995 0.143427 -0.682079 0.0841083 0.996455 0.00182413 -1.41676 -0.143071 0.0102646 0.989659 2.15336 0 0 0 1 
3394309160203;0.451354;0.111544;0.964465 0.258591 0.0542039 0.707243 -0.230382 0.923526 -0.306634 5.1967 -0.129352 0.28325 0.950283 2.67496 0 0 0 1 
3394309160204;0.469117;0.330039;0.996897 0.0781413 -0.00945877 0.0571434 -0.0780491 0.996902 0.00975649 1.61073 0.0101919 -0.00898797 0.999908 -0.722231 0 0 0 1 
3394309160205;0.327235;0.0229036;0.978646 -0.198582 -0.0530826 0.748732 0.200985 0.97858 0.0445567 -4.39926 0.0430975 -0.054274 0.997596 -1.23803 0 0 0 1 
3394309160206;0.165571;0.00344435;0.998221 -0.0118905 -0.0584208 -0.110545 0.00479841 0.992754 -0.120067 0.166924 0.0594251 0.119574 0.991045 -0.713262 0 0 0 1 
3394309160207;0.420271;0.00917455;0.971893 0.105914 0.210254 0.443651 -0.116237 0.99252 0.0373226 2.13307 -0.204728 -0.0607128 0.976934 4.93506 0 0 0 1 
3394309160208;0.487381;0.00392753;0.924742 0.307562 -0.224183 1.33211 -0.250481 0.935301 0.249941 4.16591 0.286551 -0.174977 0.941951 -5.32145 0 0 0 1 
3394309160209;0.287731;0.00276901;0.99591 0.0698907 0.0572662 -0.131346 -0.0772331 0.987407 0.138068 1.4813 -0.0468954 -0.141926 0.988766 0.107048 0 0 0 1 
3394309160210;0.372686;0.0985419;0.955204 -0.29199 0.0482336 0.824014 0.295652 0.948774 -0.111435 -5.52232 -0.0132248 0.120704 0.9926 1.01745 0 0 0 1 
3394309160211;0.423056;0.263286;0.992951 -0.0488313 -0.108004 0.739687 0.0559839 0.996365 0.0642151 -1.4797 0.104475 -0.0698089 0.992074 -1.43129 0 0 0 1 
3394309160212;0.468609;0.0291559;0.960926 -0.275654 0.0252086 1.18128 0.276145 0.960936 -0.0186186 -5.88545 -0.0190916 0.0248524 0.999509 0.992783 0 0 0 1 
3394309160213;0.266849;0.00392708;0.978402 -0.149628 0.142624 -0.311592 0.174999 0.966798 -0.186218 -3.06175 -0.110025 0.207155 0.972101 2.48387 0 0 0 1 
3394309160214;0.475344;0.41571;0.993997 -0.0940333 0.0559233 0.330127 0.0963676 0.994517 -0.0406172 -1.89156 -0.0517972 0.0457626 0.997609 1.82778 0 0 0 1 
3394309160215;0.281079;0.0590886;0.907107 0.0878589 -0.411628 2.36894 -0.0668073 0.995628 0.0652855 1.35522 0.415564 -0.0317212 0.909011 -8.19638 0 0 0 1 
3394309160217;0.276984;0.0187093;0.999994 0.0011917 0.00322411 -0.602934 -0.0011976 0.999998 0.00183029 0.366857 -0.00322192 -0.00183414 0.999993 0.391396 0 0 0 1 
3394309160218;0.423487;0.469883;0.972144 0.232572 -0.0290855 -0.467927 -0.227929 0.966988 0.113944 2.59529 0.0546254 -0.10414 0.993061 -0.144258 0 0 0 1 
3394309160219;0.217232;0.0373998;0.985593 0.1618 -0.0492735 0.419665 -0.16827 0.967462 -0.188953 2.51425 0.0170977 0.194522 0.980749 0.0649525 0 0 0 1 
3394309160220;0.375115;0.0138916;0.921706 0.182773 -0.34213 1.58156 -0.104354 0.96635 0.235113 0.570493 0.373589 -0.181002 0.909763 -5.23434 0 0 0 1 
3394309160221;0.326953;0.0312836;0.981158 0.18258 -0.0631937 -0.113382 -0.179414 0.982364 0.0526386 1.95562 0.0716899 -0.040309 0.996612 -0.396014 0 0 0 1 
3394309160222;0.142051;0.0105139;0.99923 -0.0346441 0.0183947 -0.272107 0.0351821 0.998937 -0.0297776 -0.727805 -0.0173436 0.0304018 0.999387 0.338851 0 0 0 1 
3394309160223;0.261461;0.0404261;0.959137 0.273442 -0.0726969 0.283193 -0.269882 0.961312 0.0551534 3.42194 0.0849657 -0.03328 0.995828 -1.1967 0 0 0 1 
3394309160224;0.0854273;0.0373674;0.993559 0.112676 -0.0119979 0.08084 -0.112568 0.993601 0.00927274 1.36718 0.012966 -0.00786243 0.999885 -0.161642 0 0 0 1 
3394309160225;0.231107;0.0144115;0.999962 0.0038305 -0.00780614 -0.252144 -0.00369455 0.999843 0.0173568 0.561319 0.00787139 -0.0173273 0.999819 0.0886327 0 0 0 1 
3394309160226;0.061528;0.0170056;0.99999 0.00378398 -0.00257162 -0.035586 -0.00379101 0.999989 -0.0027345 0.0887662 0.00256124 0.00274422 0.999993 -0.16714 0 0 0 1 
3394309160227;0.376137;0.489821;0.990099 0.134468 -0.0402759 -0.473944 -0.134268 0.990916 0.00765165 2.20241 0.0409389 -0.00216813 0.999159 -0.113061 0 0 0 1 
3394309160228;0.303595;0.0247947;0.96554 -0.248219 0.078235 0.258477 0.260014 0.93298 -0.24888 -2.97647 -0.0112148 0.260646 0.965369 0.193924 0 0 0 1 
3394309160229;0.401686;0.014604;0.930851 -0.3148 0.185518 1.07216 0.319255 0.947649 0.00614977 -3.65793 -0.177742 0.0535029 0.982622 2.47131 0 0 0 1 
3394309160230;0.10387;0.0379097;0.991383 0.126571 -0.0337592 0.0565514 -0.127714 0.991222 -0.0341652 1.66874 0.0291386 0.0381824 0.998846 -0.345024 0 0 0 1 
3394309160231;0.26477;0.033659;0.926399 -0.226669 0.300677 0.273279 0.190505 0.970921 0.144987 -2.78491 -0.324797 -0.0770357 0.942641 4.24724 0 0 0 1 
3394309160232;0.456423;0.0196458;0.870899 0.287445 -0.398636 2.82462 -0.285424 0.956135 0.0658764 3.90498 0.400085 0.0564087 0.91474 -5.51404 0 0 0 1 
3394309160233;0.155497;0.0316649;0.999136 0.034091 0.0237783 -0.211547 -0.0347252 0.999038 0.0267857 0.382263 -0.0228422 -0.0275883 0.999358 0.665831 0 0 0 1 
3394309160234;0.449685;0.213968;0.998449 -0.0477466 0.0286505 0.12068 0.0488486 0.998041 -0.0390817 -0.570273 -0.0267284 0.0404206 0.998825 -0.469742 0 0 0 1 
3394309160235;0.164832;0.0143521;0.972619 0.126398 -0.195029 0.33444 -0.116363 0.991262 0.0621284 1.49959 0.201178 -0.0377331 0.978828 -2.57984 0 0 0 1 
3394309160236;0.330502;0.0555695;0.973702 0.221402 0.0537144 0.0607359 -0.207627 0.959416 -0.190821 3.25397 -0.0937826 0.17465 0.980154 1.74483 0 0 0 1 
3394309160237;0.197559;0.0308696;0.999958 -0.00902697 0.00178442 0.24163 0.00901694 0.999944 0.00555157 0.131444 -0.00183443 -0.00553525 0.999983 -0.288007 0 0 0 1 
3394309160238;0.37956;0.046061;0.982584 -0.138223 0.124193 0.771592 0.123862 0.985406 0.116762 -1.48834 -0.138519 -0.0993459 0.985364 1.86562 0 0 0 1 
3394309160239;0.353533;0.0175077;0.995738 -0.0418059 0.0822025 -0.792909 0.0410191 0.999095 0.0112379 -0.375661 -0.0825979 -0.00781811 0.996552 0.466203 0 0 0 1 
3394309160240;0.540644;0.229767;0.973541 0.227991 -0.0154303 -0.303502 -0.219806 0.915847 -0.336021 3.86488 -0.062478 0.330522 0.941728 0.450625 0 0 0 1 
3394309160241;0.23847;0.410908;0.980001 0.0834684 0.18064 -0.645344 -0.093675 0.99441 0.0487147 1.00994 -0.175565 -0.064662 0.982342 1.82224 0 0 0 1 
3394309160242;0.249114;0.0185344;0.999401 -0.0224584 0.0263371 -0.318254 0.0219439 0.999566 0.0196645 -0.286896 -0.0267673 -0.0190747 0.99946 -0.263835 0 0 0 1 
3394309160243;0.309141;0.0684546;0.974258 0.146613 0.171246 -0.209307 -0.114595 0.976249 -0.183864 1.84112 -0.194136 0.159507 0.96792 2.29802 0 0 0 1 
3394309160244;0.346424;0.0375635;0.999992 -0.00217914 -0.00347291 0.490874 0.0021872 0.999995 0.00232051 -0.42223 0.00346783 -0.00232808 0.999991 0.590233 0 0 0 1 
3394309160245;0.222213;0.274915;0.982291 0.141531 0.122774 -0.538183 -0.147196 0.988365 0.0383196 2.03142 -0.115922 -0.0557129 0.991695 1.05892 0 0 0 1 
3394309160246;0.394505;0.293359;0.989739 0.142361 0.0122581 -0.677379 -0.142857 0.98409 0.105634 1.21054 0.00297501 -0.106301 0.99433 -0.0257484 0 0 0 1 
3394309160248;0.387346;0.359271;0.992839 0.0963669 -0.0705922 0.294527 -0.0915442 0.993433 0.0686386 1.74587 0.0767431 -0.0616848 0.995141 -0.743286 0 0 0 1 
3394309160249;0.0790091;0.0154448;0.996207 -0.0866021 0.0084914 0.03406 0.0865991 0.996243 0.000715792 -1.47604 -0.00852149 2.22708e-05 0.999964 0.12619 0 0 0 1 
3394309160250;0.489213;0.0242185;0.932431 0.266207 -0.244348 1.71816 -0.224664 0.956716 0.184987 3.25516 0.283017 -0.117592 0.951879 -3.92688 0 0 0 1 
3394309160251;0.37181;0.1646;0.884749 0.436346 -0.163774 1.98612 -0.395024 0.888543 0.23334 6.44081 0.247337 -0.141753 0.958504 -4.20038 0 0 0 1 
3394309160252;0.374908;0.255929;0.997595 -0.0692005 -0.00396046 0.130497 0.0692134 0.997597 0.00322347 -1.51923 0.00372787 -0.00348983 0.999987 -0.323928 0 0 0 1 
3394309160253;0.217625;0.0255913;0.97083 -0.152333 0.185161 0.23762 0.160914 0.986445 -0.0321479 -2.62036 -0.177754 0.0610052 0.982182 3.49362 0 0 0 1 
3394309160254;0.306431;0.00914595;0.999781 -0.0206956 0.00298754 -0.70778 0.020693 0.999785 0.000908601 -0.0478247 -0.0030057 -0.000846582 0.999995 0.39751 0 0 0 1 
3394309160255;0.470321;0.0255254;0.972273 -0.229509 -0.0448387 -0.332948 0.203954 0.926052 -0.317539 -2.59047 0.114401 0.299589 0.947185 -1.76767 0 0 0 1 
3394309160256;0.293686;0.0166978;0.999384 0.0310549 -0.0163667 -0.503763 -0.0307686 0.999374 0.0174624 0.012083 0.0168988 -0.016948 0.999714 -0.034158 0 0 0 1 
3394309160257;0.406176;0.0359308;0.989175 0.068635 0.129703 -0.0456727 -0.0415846 0.978752 -0.200784 1.81073 -0.140728 0.193217 0.971011 2.99868 0 0 0 1 
3394309160258;0.344851;0.0493815;0.98235 0.0475161 0.180916 -0.304111 -0.00975439 0.978894 -0.204134 0.914798 -0.186797 0.198766 0.96208 3.37046 0 0 0 1 
3394309160259;0.414136;0.212687;0.975019 -0.193386 -0.109272 0.808032 0.200914 0.977608 0.0625844 -3.84747 0.0947224 -0.0829752 0.99204 -1.66914 0 0 0 1 
3394309160260;0.148826;0.0137803;0.972091 0.0965457 -0.21382 0.864931 -0.0820051 0.993739 0.0758811 1.28494 0.219807 -0.056229 0.973922 -3.87596 0 0 0 1 
3394309160261;0.341319;0.0141417;0.985691 -0.166928 -0.0234032 0.320491 0.165923 0.985335 -0.0398027 -2.3737 0.0297041 0.03535 0.998933 0.167918 0 0 0 1 
