#;prob_registration_l1 -r /home/probabilistic_point_clouds_registration/build/tester /home/point_clouds_registration_benchmark//devel/registration_pairs/p2at_met_local.txt /home/point_clouds_registration_benchmark//planetary/p2at_met -s 0.2 -t 0.2 -p 0.3 -r 1000 -m 10 -i 40 
id;initial_error;final_error;transformation
27844314100000;0.368279;0.326518;0.99946 0.00233718 0.0327715 0.1753 -0.00683534 0.990433 0.137828 -0.162483 -0.0321358 -0.137977 0.989914 -8.24886 0 0 0 1 
27844314100001;0.325629;0.128608;0.987584 0.0309915 -0.154005 1.01428 -0.00199954 0.982747 0.184943 -0.398132 0.15708 -0.182339 0.970607 -7.73588 0 0 0 1 
27844314100002;0.342132;0.129453;0.932242 -0.0416587 0.359428 -2.75773 -0.0634728 0.959119 0.275793 -2.90042 -0.356224 -0.279919 0.891487 -24.695 0 0 0 1 
27844314100003;0.135271;0.100463;0.995034 -0.00835076 0.0991797 -0.257738 -0.00900105 0.984841 0.173226 -0.458696 -0.0991228 -0.173259 0.979876 -12.5624 0 0 0 1 
27844314100004;0.89077;0.715491;0.985767 0.0452883 -0.161903 1.77965 -0.00236271 0.96667 0.256016 -1.01011 0.168101 -0.25199 0.953018 -12.204 0 0 0 1 
27844314100005;0.300669;0.264751;0.934821 0.0458647 -0.352144 -0.106551 -0.000658618 0.991847 0.127434 0.0246227 0.355118 -0.118896 0.92723 1.06561 0 0 0 1 
27844314100006;0.461976;0.432571;0.999964 0.0077562 0.00344392 0.502882 -0.00786266 0.999455 0.032056 -0.0825706 -0.00319341 -0.0320819 0.99948 -1.79749 0 0 0 1 
27844314100007;1.17629;1.00254;0.999404 0.0115865 0.0325132 0.781051 -0.0144101 0.996016 0.0880013 -0.190705 -0.031364 -0.0884174 0.99559 -4.59462 0 0 0 1 
27844314100008;0.519074;0.430239;0.999927 0.0112157 0.0044098 0.668278 -0.0113623 0.999331 0.0347697 -0.144842 -0.00401689 -0.0348173 0.999386 -1.50839 0 0 0 1 
27844314100009;0.482706;0.483922;0.993115 -0.0106773 0.11666 -0.425426 0.0164158 0.998696 -0.0483398 0.121141 -0.115992 0.049922 0.991995 0.157097 0 0 0 1 
27844314100010;0.848926;0.0622959;0.999057 0.0248875 -0.0355856 1.56165 -0.0183769 0.984785 0.172802 -0.765882 0.0393448 -0.171985 0.984314 -11.2942 0 0 0 1 
27844314100011;0.370547;0.301155;0.980943 -0.00300408 -0.194273 -1.39143 -0.00865987 0.998211 -0.0591617 -0.545234 0.194104 0.0597166 0.979162 8.4712 0 0 0 1 
27844314100012;1.02719;0.42519;0.991313 0.000124365 -0.131521 -0.916543 -0.00600518 0.998999 -0.0443182 -0.358425 0.131384 0.044723 0.990322 7.91835 0 0 0 1 
27844314100013;0.818365;0.735276;0.998838 0.018099 -0.0446703 0.981546 -0.013596 0.994982 0.0991277 -0.33024 0.0462403 -0.0984052 0.994072 -5.53586 0 0 0 1 
27844314100014;0.722224;0.278709;0.998396 0.000167351 -0.0566103 -0.0649603 0.000185144 0.999981 0.00622139 0.00701338 0.0566103 -0.00622189 0.998377 -0.857541 0 0 0 1 
27844314100015;1.11358;0.650772;0.999521 -0.0019488 -0.0308761 0.067785 0.00120606 0.99971 -0.0240559 -0.0497339 0.030914 0.0240071 0.999234 -0.348407 0 0 0 1 
27844314100016;0.370882;0.075758;0.992727 -0.0152017 0.119427 -0.666366 0.063463 0.909054 -0.411817 -5.24447 -0.102306 0.416401 0.903407 21.7555 0 0 0 1 
27844314100017;0.341055;0.25538;0.995597 0.000148461 -0.0937416 -0.480943 0.00336303 0.999298 0.0373002 0.295294 0.0936813 -0.0374512 0.994898 0.107214 0 0 0 1 
27844314100018;0.853373;0.277101;0.999576 0.00498354 0.028699 0.494414 -0.00504459 0.999985 0.00205551 -0.0560778 -0.0286883 -0.00219941 0.999586 -2.94403 0 0 0 1 
27844314100019;0.871961;0.0841008;0.99998 0.00313156 0.00543565 0.378946 -0.002991 0.999666 -0.0256779 -0.136858 -0.00551424 0.0256611 0.999655 -0.978548 0 0 0 1 
27844314100020;0.613803;0.625689;0.996661 0.0281959 -0.0766292 1.26238 -0.00971995 0.972782 0.231517 -0.885494 0.0810714 -0.229999 0.969808 -11.9942 0 0 0 1 
27844314100021;0.300355;0.0905635;0.948556 -0.0133783 -0.316328 -3.18933 -0.00584559 0.998197 -0.0597451 -0.476524 0.316557 0.0585207 0.946767 10.881 0 0 0 1 
27844314100022;0.628187;0.0763559;0.999971 0.0010402 0.00748719 0.233626 -0.000878619 0.999767 -0.0215523 -0.0822366 -0.00750787 0.0215451 0.99974 -0.625866 0 0 0 1 
27844314100023;0.278091;0.0902806;0.996401 0.00508886 0.0846157 0.54279 -0.0014736 0.999085 -0.0427334 -0.23679 -0.0847558 0.0424549 0.995497 -0.244869 0 0 0 1 
27844314100024;0.416131;0.306371;0.969112 -0.00214855 -0.246613 -1.63159 -0.00746208 0.999249 -0.0380294 -0.289428 0.246509 0.0386949 0.968368 7.24169 0 0 0 1 
27844314100025;0.365706;0.318583;0.992098 -0.00508529 -0.125366 -0.910677 0.00466072 0.999982 -0.00367973 0.130685 0.125382 0.00306636 0.992104 2.7196 0 0 0 1 
27844314100026;0.38807;0.184406;0.983187 -0.00923659 0.182369 -0.404225 0.000376495 0.99882 0.0485584 0.0187671 -0.182602 -0.0476733 0.98203 -7.91809 0 0 0 1 
27844314100027;0.827287;0.742906;0.980827 -0.018932 -0.193961 -2.18747 -0.006678 0.991421 -0.13054 -1.16474 0.194768 0.129332 0.972285 11.7418 0 0 0 1 
27844314100028;0.216847;0.181786;0.993667 -0.0164166 0.11116 -0.786827 0.0304719 0.991568 -0.12595 -0.150114 -0.108155 0.12854 0.985789 4.97467 0 0 0 1 
27844314100029;0.528223;0.398464;0.997081 0.00788564 0.0759403 0.74331 -0.00623532 0.99974 -0.0219444 -0.20067 -0.0760936 0.0214069 0.996871 -1.24367 0 0 0 1 
27844314100031;1.32944;0.667188;0.999804 -0.0125018 -0.0153427 -0.127039 0.0124635 0.999919 -0.00259257 0.0415409 0.0153738 0.00240084 0.999879 2.63713 0 0 0 1 
27844314100032;1.35252;1.02428;0.950003 0.0532923 -0.307658 -1.58131 0.042169 0.954402 0.295532 1.76328 0.309379 -0.29373 0.904437 6.20381 0 0 0 1 
27844314100033;0.908498;0.531953;0.974561 0.0284568 -0.222308 -1.0037 0.0248677 0.972052 0.233445 1.05526 0.222738 -0.233034 0.946617 4.99624 0 0 0 1 
27844314100034;0.315932;0.281183;0.999965 0.00625131 0.00561831 -0.0669266 -0.00634025 0.999853 0.0159534 -0.0917821 -0.00551775 -0.0159884 0.999857 -0.168877 0 0 0 1 
27844314100035;0.38412;0.170173;0.999557 -0.00542962 -0.0292641 0.0400866 0.00408083 0.998935 -0.0459544 -0.0958772 0.0294824 0.0458146 0.998515 -0.472694 0 0 0 1 
27844314100036;0.255516;0.164073;0.997008 0.0174803 0.075291 0.0045628 -0.030058 0.985103 0.169318 0.0157497 -0.0712097 -0.171075 0.982681 -0.133043 0 0 0 1 
27844314100037;0.704806;0.474819;0.999712 -0.0183376 0.0155069 0.152226 0.0203708 0.989488 -0.143172 -0.0387912 -0.0127185 0.143446 0.989576 0.218214 0 0 0 1 
27844314100038;1.02577;0.673702;0.996364 0.0102381 0.084577 0.0778618 -0.00754278 0.999455 -0.0321266 0.050792 -0.0848598 0.0313718 0.995899 0.661518 0 0 0 1 
27844314100039;0.646323;0.210387;0.998354 -0.0100962 0.0564532 0.0294102 0.0217677 0.977427 -0.210149 -0.0870104 -0.0530572 0.211032 0.976038 0.121588 0 0 0 1 
27844314100040;0.526776;0.408145;0.957767 0.00811067 0.28743 -0.247654 0.00169288 0.999426 -0.0338427 -0.243539 -0.287539 0.0329 0.957204 -4.01749 0 0 0 1 
27844314100041;0.240913;0.169454;0.986761 -0.0243416 -0.160345 -0.317196 0.0150105 0.998136 -0.0591503 0.0177537 0.161486 0.0559603 0.985287 1.88529 0 0 0 1 
27844314100042;1.10623;0.808077;0.999709 -0.0040689 -0.0237664 0.0839362 0.00534002 0.998545 0.0536681 -0.196222 0.0235134 -0.0537794 0.998276 -0.865831 0 0 0 1 
27844314100043;0.537176;0.410036;0.951833 0.0230704 0.305746 -0.3935 -0.108915 0.957574 0.266813 -1.02006 -0.286619 -0.287261 0.913964 -3.39451 0 0 0 1 
27844314100044;0.682374;0.412562;0.991334 -0.00388034 0.131309 0.216062 0.0220346 0.990314 -0.137088 0.0941121 -0.129505 0.138793 0.981817 -1.06468 0 0 0 1 
27844314100045;0.577329;0.350782;0.996702 -0.011283 -0.0803568 -0.0527738 0.00749117 0.998851 -0.0473331 0.141045 0.0807985 0.0465751 0.995642 -0.0311526 0 0 0 1 
27844314100046;0.842689;0.619831;0.97828 0.0233756 -0.205964 -0.796008 0.00553028 0.990324 0.138663 0.0067924 0.207213 -0.13679 0.968685 3.47138 0 0 0 1 
27844314100047;0.331521;0.327385;0.999707 0.003089 0.0239999 -0.0172411 -0.00239939 0.999585 -0.0287098 -0.0299049 -0.0240786 0.0286438 0.9993 -0.268159 0 0 0 1 
27844314100048;0.326512;0.244229;0.999714 -0.00431785 0.0235305 0.0871128 0.00571393 0.998207 -0.05959 -0.0110155 -0.023231 0.0597074 0.997946 -0.0604729 0 0 0 1 
27844314100049;0.286094;0.156425;0.987341 0.00241717 -0.158594 -0.326094 0.00321663 0.999373 0.0352572 0.0163947 0.158579 -0.035321 0.986714 1.61688 0 0 0 1 
27844314100050;1.23172;0.928295;0.999815 0.00692521 -0.0179305 -0.235878 -0.0066566 0.999865 0.0149971 0.125053 0.0180319 -0.014875 0.999727 1.82153 0 0 0 1 
27844314100051;0.428034;0.175867;0.999721 -0.003717 -0.0233301 -0.0599715 0.00332612 0.999854 -0.016771 0.00653158 0.023389 0.0166887 0.999587 1.11535 0 0 0 1 
27844314100052;1.33827;0.928252;0.999557 -0.00600559 -0.0291674 0.164107 0.0094634 0.992741 0.119902 -0.21754 0.0282355 -0.120124 0.992357 -1.01381 0 0 0 1 
27844314100053;1.32669;0.791881;0.970538 -0.00575117 0.24088 0.261442 -0.0308806 0.988502 0.148023 -0.294727 -0.238961 -0.151101 0.959201 -0.324586 0 0 0 1 
27844314100054;0.560805;0.257463;0.990569 -0.00272677 0.136989 0.0718966 -0.00430738 0.998688 0.0510256 -0.113568 -0.136948 -0.0511344 0.989257 -0.432392 0 0 0 1 
27844314100055;0.956315;0.852562;0.999185 -0.00106011 0.0403391 0.0724652 0.00356005 0.998073 -0.0619518 0.143919 -0.0401957 0.062045 0.997264 0.299096 0 0 0 1 
27844314100056;1.36899;1.08929;0.998236 -0.0109683 0.0583428 0.143902 0.0181674 0.992074 -0.124334 -0.161528 -0.0565166 0.125174 0.990524 0.0434464 0 0 0 1 
27844314100057;0.0905846;0.0531975;0.990781 -0.00203234 0.135456 0.00547369 0.00293404 0.999975 -0.00645748 -0.0664642 -0.135439 0.00679538 0.990762 -1.64516 0 0 0 1 
27844314100058;0.707405;0.225735;0.999815 0.0152062 0.0117499 0.0614169 -0.0152019 0.999884 -0.000458267 -0.0310911 -0.0117555 0.000279562 0.999931 -1.47666 0 0 0 1 
27844314100059;0.65531;0.215821;0.893143 -0.00219177 0.449767 -1.09262 -0.0542913 0.992151 0.112646 -0.734604 -0.446484 -0.125027 0.886014 -6.19384 0 0 0 1 
27844314100060;1.27536;0.448552;0.981555 0.0135142 0.190702 -0.109023 -0.00230967 0.998264 -0.0588544 -0.482933 -0.191167 0.0573284 0.979882 -4.8755 0 0 0 1 
27844314100062;0.6633;0.495406;0.999985 -0.00543595 -0.000202575 -0.137962 0.00542562 0.99938 -0.0347747 -0.0388287 0.000391483 0.0347731 0.999395 0.504913 0 0 0 1 
27844314100063;1.6099;0.0945485;0.994411 0.00759066 -0.105303 0.247507 -0.00878845 0.999902 -0.0109154 -0.090399 0.10521 0.0117799 0.99438 -0.427916 0 0 0 1 
27844314100064;1.94982;1.80161;0.998611 0.00309508 0.0525959 0.206827 -0.000687366 0.998953 -0.0457342 -0.0595112 -0.0526824 0.0456345 0.997568 1.32971 0 0 0 1 
27844314100065;1.77485;0.836373;0.989157 0.0286866 0.144031 1.18558 -0.0832191 0.917569 0.38877 -2.981 -0.121006 -0.396541 0.910007 -15.9068 0 0 0 1 
27844314100066;1.08018;0.554341;0.99759 0.00794915 0.0689254 0.565563 -0.0119 0.998298 0.0571007 -0.0846517 -0.0683541 -0.0577833 0.995986 -3.94168 0 0 0 1 
27844314100067;1.0783;0.519137;0.999482 -0.00407725 0.0319291 -0.155357 0.00361935 0.99989 0.0143861 0.149644 -0.0319843 -0.0142631 0.999387 0.342072 0 0 0 1 
27844314100068;0.329721;0.29529;0.999913 0.0105164 0.00793289 0.357716 -0.0107258 0.999583 0.0268272 -0.0427227 -0.00764745 -0.0269099 0.999609 -1.08502 0 0 0 1 
27844314100069;0.992581;0.735369;0.917611 -0.0105429 0.397339 -0.447137 0.0391989 0.997175 -0.0640667 0.292897 -0.395541 0.0743635 0.915433 -4.08204 0 0 0 1 
27844314100070;1.68809;1.14681;0.999739 0.00474052 -0.0223568 -0.10452 -0.00420515 0.999705 0.023933 -2.71738e-05 0.0224636 -0.0238327 0.999464 1.28957 0 0 0 1 
27844314100071;2.20263;0.994933;0.986914 0.0355643 -0.157278 0.876229 0.00568863 0.967088 0.254377 -0.491876 0.161149 -0.251943 0.954231 -8.13921 0 0 0 1 
27844314100072;0.844195;0.210717;0.918611 -0.0305976 -0.393977 -3.47477 -0.0215386 0.991639 -0.127234 -1.04158 0.394576 0.125364 0.910271 9.94712 0 0 0 1 
27844314100073;1.02691;0.538301;0.999367 0.0103931 0.0340237 0.236422 -0.0158542 0.986265 0.164409 0.0786368 -0.0318477 -0.164844 0.985805 -4.35726 0 0 0 1 
27844314100074;0.384882;0.345317;0.998213 0.00776147 0.0592532 0.374302 -0.0175693 0.985826 0.16685 -0.174613 -0.0571183 -0.167593 0.9842 -6.11757 0 0 0 1 
27844314100075;1.31596;0.605214;0.997823 0.000239639 -0.0659478 0.0586525 -0.00225169 0.999534 -0.0304372 -0.0853416 0.0659098 0.0305194 0.997359 0.230475 0 0 0 1 
27844314100076;1.20785;1.19263;0.999924 -0.000684307 0.0123148 -0.00337227 0.000484205 0.999868 0.0162445 0.0727979 -0.0123243 -0.0162373 0.999792 -0.657581 0 0 0 1 
27844314100077;1.66098;0.439856;0.998018 0.018558 -0.0601227 0.685151 -0.0135145 0.996438 0.0832338 -0.247873 0.0614532 -0.0822563 0.994715 -3.83784 0 0 0 1 
27844314100078;1.89852;1.66712;0.999995 -0.00185848 -0.00257109 0.0434956 0.00184038 0.999974 -0.00702736 0.131585 0.00258408 0.00702259 0.999972 -0.79113 0 0 0 1 
27844314100079;1.7021;1.54016;0.996555 0.00580783 0.0827294 0.402046 -0.015237 0.993386 0.113806 -0.0986383 -0.0815213 -0.114675 0.990052 -3.87878 0 0 0 1 
27844314100080;1.10438;0.488482;0.972114 -0.00798544 0.234374 -0.0647368 -0.0104325 0.996958 0.0772387 -0.0614947 -0.234278 -0.0775299 0.969073 -6.92454 0 0 0 1 
27844314100081;0.430079;0.422597;0.999992 -0.00389365 0.00013764 -0.125937 0.003895 0.999924 -0.0117227 0.0407364 -9.19854e-05 0.0117231 0.999931 0.362961 0 0 0 1 
27844314100082;1.95213;1.48457;0.999154 0.0223136 0.0345563 0.621579 -0.032927 0.937373 0.346769 -1.02015 -0.0246545 -0.347613 0.937314 -9.64312 0 0 0 1 
27844314100083;0.583263;0.266752;0.965991 0.00155925 0.258569 0.231818 -0.0227469 0.996617 0.0789704 -0.120865 -0.257571 -0.0821664 0.962759 -6.72949 0 0 0 1 
27844314100084;0.503644;0.422243;0.990843 0.00155149 0.135009 0.284589 -0.0360038 0.966763 0.253126 -0.807462 -0.130129 -0.255669 0.957967 -9.99997 0 0 0 1 
27844314100085;0.720603;0.468289;0.997895 0.0238454 0.0603039 0.927966 -0.0376813 0.97005 0.239963 -0.854988 -0.0527758 -0.241731 0.968907 -8.83403 0 0 0 1 
27844314100086;1.70425;1.42969;0.995986 0.0447496 -0.0775238 1.13099 -0.0176642 0.947295 0.319874 -0.967547 0.0877522 -0.31722 0.944283 -9.55211 0 0 0 1 
27844314100087;1.08193;0.865304;0.978036 -0.0295298 -0.206335 -1.65596 0.00222372 0.991336 -0.131335 -0.562219 0.208426 0.127992 0.969627 5.89928 0 0 0 1 
27844314100088;1.41218;0.812357;0.998117 -0.0121082 0.0601281 -0.372174 0.0173741 0.995983 -0.0878435 -0.0817386 -0.0588229 0.0887228 0.994318 3.41658 0 0 0 1 
27844314100089;0.394008;0.345833;0.998562 0.00276277 -0.0535412 -0.125632 -0.00340896 0.999922 -0.0119814 -0.0460048 0.0535039 0.0121467 0.998494 1.0496 0 0 0 1 
27844314100090;1.35838;0.784787;0.990485 -0.0448243 -0.130117 -1.52512 0.00926642 0.965047 -0.261913 -1.47488 0.137309 0.258215 0.95628 8.31259 0 0 0 1 
27844314100091;1.04859;1.04559;0.999415 0.00271429 -0.0340804 -0.0794098 -0.000235356 0.997366 0.0725323 0.191056 0.0341875 -0.0724819 0.996784 -1.85431 0 0 0 1 
27844314100093;0.967031;0.456636;0.995011 -0.041302 -0.0908109 -4.39175 0.028842 0.990498 -0.13447 -0.460347 0.0955018 0.13118 0.986748 16.9128 0 0 0 1 
27844314100094;1.92323;0.210298;0.97238 0.0570647 -0.226322 3.3853 -0.0108149 0.979626 0.200537 -0.873275 0.233154 -0.192551 0.953186 -8.4377 0 0 0 1 
27844314100095;0.873202;0.433887;0.991689 -0.000624813 0.12866 0.482901 -0.0422882 0.942848 0.33053 -5.51778 -0.121513 -0.333223 0.934985 -36.1039 0 0 0 1 
27844314100096;0.430323;0.395992;0.990303 0.0108964 -0.138494 0.227099 -0.00988309 0.999919 0.00800245 -0.355714 0.13857 -0.00655611 0.990331 4.11614 0 0 0 1 
27844314100097;1.73872;1.17536;0.999939 -0.0105395 0.00316803 -0.8574 0.0104996 0.999869 0.0123532 0.506077 -0.00329781 -0.0123192 0.999919 0.0439839 0 0 0 1 
27844314100098;0.721991;0.372464;0.99988 0.0121531 0.00955785 1.35672 -0.0134359 0.988866 0.148202 -0.948763 -0.00765031 -0.148313 0.988911 -13.8787 0 0 0 1 
27844314100099;0.836004;0.835454;0.999406 -0.00687998 -0.033768 -0.756523 0.00886547 0.998218 0.059005 0.405685 0.0333018 -0.0592693 0.997686 -4.77614 0 0 0 1 
27844314100100;2.4061;0.279555;0.999662 -0.0241753 -0.00954296 -2.18559 0.0258663 0.961269 0.274395 -0.689907 0.00253977 -0.274549 0.96157 -23.8767 0 0 0 1 
27844314100101;0.366989;0.345157;0.99975 0.0193292 -0.01125 1.8459 -0.0131939 0.915907 0.401174 -7.08662 0.0180583 -0.400925 0.915933 -38.5674 0 0 0 1 
27844314100102;1.52564;1.33668;0.976615 -0.0146432 0.214497 -1.40051 0.0666483 0.96915 -0.237291 -1.8354 -0.204405 0.246038 0.947462 16.729 0 0 0 1 
27844314100103;2.09748;0.397134;0.999952 0.00150287 -0.00971938 0.510629 -0.00144697 0.999982 0.00575608 -0.0721748 0.00972786 -0.00574174 0.999936 -2.5996 0 0 0 1 
27844314100104;0.507469;0.272361;0.9997 0.0240675 -0.00456729 2.47103 -0.0239943 0.999593 0.0154623 -0.813154 0.00493757 -0.0153481 0.99987 -1.86807 0 0 0 1 
27844314100105;1.7041;1.80894;0.999208 -0.0260437 0.0300967 -2.27562 0.0305114 0.986796 -0.159069 -0.860159 -0.0255566 0.159861 0.986809 14.3452 0 0 0 1 
27844314100106;0.621555;0.309733;0.975525 0.0301866 -0.217808 1.73575 -0.00910875 0.99523 0.097135 -0.54149 0.219701 -0.0927737 0.971146 -1.72951 0 0 0 1 
27844314100107;0.153647;0.160788;0.99973 -0.0225065 -0.00575311 -2.17918 0.0224949 0.999745 -0.00208081 0.793675 0.00579848 0.00195083 0.999981 0.365557 0 0 0 1 
27844314100108;1.53872;0.936376;0.999576 -0.00875192 -0.0277802 -0.652742 0.00498965 0.991142 -0.132715 -1.14018 0.0286957 0.13252 0.990765 15.1049 0 0 0 1 
27844314100109;1.60611;0.906378;0.999515 0.00393187 -0.0309021 0.21628 -0.00182076 0.99768 0.0680493 -0.244868 0.031098 -0.06796 0.997203 -6.97285 0 0 0 1 
27844314100110;2.36031;0.971261;0.999541 0.0302225 -0.00222743 3.7638 -0.0302982 0.995139 -0.0936986 -2.50835 -0.000615199 0.093723 0.995598 11.089 0 0 0 1 
27844314100111;0.227132;0.172907;0.96819 0.0449602 -0.246144 2.47505 0.00302089 0.981552 0.19117 -0.911452 0.250199 -0.185833 0.950193 -9.3874 0 0 0 1 
27844314100112;2.20462;1.91692;0.999215 -0.0352604 -0.0180378 -3.47075 0.0283841 0.955147 -0.29477 -4.21782 0.0276225 0.294027 0.955398 28.246 0 0 0 1 
27844314100113;2.4063;0.239275;0.994042 -0.0689105 0.0844446 -6.37524 0.0814668 0.98445 -0.155635 0.499907 -0.0724065 0.161587 0.984199 16.0077 0 0 0 1 
27844314100114;0.335195;0.231625;0.981174 -0.0235103 0.19169 -2.14317 0.0409607 0.995314 -0.0875866 0.70516 -0.188732 0.0937894 0.97754 2.18664 0 0 0 1 
27844314100115;1.83608;1.57257;0.999966 -0.00808278 0.00135318 -0.547386 0.00805722 0.999807 0.0179349 0.541074 -0.00149788 -0.0179234 0.999838 -1.47211 0 0 0 1 
27844314100116;1.89876;1.53138;0.977107 -0.00780097 0.212604 -0.501903 -0.010086 0.996505 0.0829186 -0.197929 -0.212508 -0.0831647 0.973614 -14.2136 0 0 0 1 
27844314100117;2.29451;0.596088;0.991711 0.0261901 -0.125788 1.67952 0.00705513 0.966428 0.256841 -1.58977 0.128292 -0.2556 0.958233 -17.8815 0 0 0 1 
27844314100118;2.1601;2.28621;0.999851 -0.00501446 0.0164927 -0.199768 0.00540167 0.999709 -0.0235171 0.060912 -0.01637 0.0236027 0.999587 2.08916 0 0 0 1 
27844314100119;1.47956;0.803626;0.999938 0.0102626 -0.00425898 1.31014 -0.010029 0.998614 0.051662 -0.427968 0.00478327 -0.0516161 0.998656 -6.12351 0 0 0 1 
27844314100120;0.852594;0.393399;0.978217 -0.0574866 -0.199468 -7.14333 0.0152607 0.978205 -0.207078 -2.45202 0.207025 0.199523 0.957774 27.3285 0 0 0 1 
27844314100121;1.87824;0.61727;0.997987 -0.00211194 0.0633828 0.303968 0.000692102 0.999749 0.0224145 -0.0375555 -0.0634142 -0.0223256 0.997738 -6.47242 0 0 0 1 
27844314100122;1.73464;0.247907;0.969555 0.0325563 -0.242699 2.84241 -0.0336306 0.999434 -0.000283611 -0.66101 0.242552 0.00843707 0.970102 8.37884 0 0 0 1 
27844314100124;0.405551;0.162251;0.997513 -0.0533847 -0.0460265 -4.61355 0.0580477 0.992588 0.106772 1.86833 0.0399853 -0.109178 0.993218 -7.89948 0 0 0 1 
27844314100125;0.438401;0.166967;0.906666 -0.0973233 0.41047 -10.9415 0.14485 0.985688 -0.0862436 3.44926 -0.396202 0.137651 0.907787 -1.96477 0 0 0 1 
27844314100126;1.24567;0.588308;0.998102 -0.0144695 -0.0598619 -2.27726 0.0094285 0.99645 -0.0836521 -1.01152 0.0608599 0.0829289 0.994695 8.78204 0 0 0 1 
27844314100127;1.48846;1.1205;0.999283 0.0299938 -0.0231227 0.767129 -0.0283758 0.997324 0.0673843 -2.03293 0.025082 -0.0666798 0.997459 -2.69445 0 0 0 1 
27844314100128;1.19785;0.148354;0.996842 -0.0108335 -0.0786684 -1.53036 0.0063661 0.998364 -0.0568184 0.178519 0.0791552 0.0561382 0.99528 5.81902 0 0 0 1 
27844314100129;1.23822;0.184671;0.996826 0.0784094 0.0137647 5.11201 -0.0774073 0.995044 -0.0624217 -4.29606 -0.018591 0.0611581 0.997955 5.99399 0 0 0 1 
27844314100130;0.532996;0.155604;0.98217 0.00982211 -0.18774 -0.297258 -0.0494211 0.977 -0.207434 -3.93275 0.181384 0.213014 0.960065 24.618 0 0 0 1 
27844314100131;0.768744;0.433121;0.997032 0.0593689 -0.0490175 4.61009 -0.0477126 0.976148 0.211798 -3.21547 0.0604226 -0.20883 0.976084 -15.2847 0 0 0 1 
27844314100132;0.304449;0.159149;0.990016 0.0564493 -0.129157 3.87206 -0.0315472 0.981798 0.187288 -2.2277 0.137379 -0.181344 0.973777 -11.5529 0 0 0 1 
27844314100133;0.242712;0.157076;0.971843 -0.0997256 -0.213485 -10.8231 0.0248355 0.944328 -0.328067 -5.36566 0.234316 0.313528 0.920215 35.8205 0 0 0 1 
27844314100134;1.30166;0.181269;0.971617 0.030582 0.234574 2.21743 -0.0278925 0.999502 -0.0147751 -0.914062 -0.234909 0.00781284 0.971986 -9.52445 0 0 0 1 
27844314100135;0.261851;0.153358;0.993595 -0.0973959 0.0572925 -8.55069 0.0952432 0.994683 0.0391813 3.20128 -0.0608039 -0.0334737 0.997588 -4.85626 0 0 0 1 
27844314100136;1.42144;0.175129;0.990591 0.136594 0.00847777 11.5686 -0.135121 0.985982 -0.097884 -7.93202 -0.0217293 0.0958175 0.995162 9.52033 0 0 0 1 
27844314100137;1.20547;0.57689;0.998387 -0.0323106 0.0466747 -3.21929 0.0465772 0.936276 -0.348163 -5.89226 -0.032451 0.349776 0.936271 31.214 0 0 0 1 
27844314100138;0.244336;0.151574;0.993733 0.0322059 -0.107042 2.12757 -0.0515121 0.981796 -0.182822 -4.06727 0.0992056 0.18719 0.977301 19.7376 0 0 0 1 
27844314100139;1.59431;0.204299;0.999215 -0.0396036 0.000527516 -2.65766 0.0395985 0.999187 0.00762582 -0.708358 -0.000829097 -0.00759895 0.999971 -1.71397 0 0 0 1 
27844314100140;0.22734;0.163661;0.995648 -0.091975 0.0150498 -8.34923 0.0922291 0.99559 -0.0171591 3.00634 -0.0134052 0.0184725 0.999739 1.31187 0 0 0 1 
27844314100141;0.358346;0.249709;0.968228 -0.0659178 -0.241225 -7.77268 0.0213547 0.982904 -0.182877 -1.34353 0.249156 0.171916 0.953083 23.5875 0 0 0 1 
27844314100142;0.117962;0.206768;0.99951 0.022775 0.0214929 1.88919 -0.0217487 0.998666 -0.0468346 -1.14489 -0.0225309 0.0463442 0.998671 3.47603 0 0 0 1 
27844314100143;1.8568;1.71052;0.999818 0.013601 0.0133933 1.32634 -0.0120007 0.993516 -0.113061 -1.96105 -0.0148442 0.11288 0.993498 9.58912 0 0 0 1 
27844314100144;0.573265;0.161258;0.987699 0.00112994 -0.156366 -1.62732 0.00212808 0.999784 0.0206669 0.7758 0.156356 -0.0207454 0.987483 3.58758 0 0 0 1 
27844314100145;0.564902;0.498313;0.994133 -0.0411258 -0.100036 -4.31041 0.0274514 0.990545 -0.134417 -0.28785 0.104618 0.130882 0.985863 15.4286 0 0 0 1 
27844314100146;0.457208;0.145459;0.999582 0.0205435 0.0203296 1.62599 -0.0212029 0.999238 0.0327666 -0.755007 -0.019641 -0.033184 0.999256 -2.66029 0 0 0 1 
27844314100147;0.839697;0.146282;0.994695 -0.0408537 -0.0944057 -5.16098 0.0511717 0.992658 0.109596 1.67941 0.0892352 -0.113845 0.989483 -7.99754 0 0 0 1 
27844314100148;1.27087;0.166988;0.999322 0.00421206 0.036563 -1.17283 0.00188584 0.986265 -0.165161 -3.2682 -0.0367565 0.165118 0.985589 13.4374 0 0 0 1 
27844314100149;0.814525;0.581058;0.992699 -0.0106666 0.120142 -1.28573 0.0690734 0.866843 -0.493773 -11.284 -0.0988772 0.498467 0.861251 40.933 0 0 0 1 
27844314100150;1.30625;1.02116;0.99671 -0.0133167 0.0799551 -1.52331 0.0370071 0.952365 -0.302707 -4.13715 -0.0721154 0.30467 0.949724 23.5122 0 0 0 1 
27844314100151;1.21483;0.864137;0.987532 -0.0622384 0.144591 -5.50943 0.064366 0.997875 -0.0100789 2.22792 -0.143657 0.01926 0.98944 -1.9638 0 0 0 1 
27844314100152;0.850848;0.935515;0.979681 -0.00834503 0.200389 -1.31419 0.0607269 0.964577 -0.256719 -2.13692 -0.191148 0.263671 0.945484 16.3524 0 0 0 1 
27844314100153;1.33869;0.144414;0.988837 0.123154 0.0838747 8.82801 -0.12511 0.991971 0.0184624 -6.15881 -0.0809276 -0.0287499 0.996305 -5.8268 0 0 0 1 
27844314100155;1.31103;1.25166;0.997812 -0.0344951 -0.056398 -1.85696 0.0227046 0.979998 -0.197707 -1.24067 0.0620898 0.195994 0.978637 10.5426 0 0 0 1 
27844314100156;0.173499;0.227033;0.99962 -0.014443 -0.0234649 -0.959565 0.0148553 0.999737 0.0174888 0.620416 0.0232061 -0.0178307 0.999572 -0.423515 0 0 0 1 
27844314100157;1.77732;1.17122;0.99436 0.0343098 -0.100355 1.06194 -0.0243103 0.994769 0.0992189 -0.312175 0.103234 -0.0962196 0.989992 -3.53673 0 0 0 1 
27844314100158;2.31932;0.924941;0.974221 0.0754218 -0.212614 1.42877 0.0318358 0.887063 0.460548 -1.81691 0.223337 -0.455445 0.861795 -15.0635 0 0 0 1 
27844314100159;1.17995;0.252374;0.99689 0.0459055 -0.0640568 1.77153 -0.0409534 0.996221 0.0765883 -0.680869 0.0673306 -0.0737267 0.995003 -3.2208 0 0 0 1 
27844314100160;1.94121;0.788348;0.982074 -0.0218017 -0.18723 -2.46209 0.0270465 0.999309 0.0255034 1.06644 0.186545 -0.0301102 0.981985 4.66029 0 0 0 1 
27844314100161;0.541664;0.412052;0.992611 0.000119386 -0.121339 -0.802071 -0.0144441 0.993005 -0.117182 -0.941082 0.120477 0.118069 0.98567 8.59067 0 0 0 1 
27844314100162;1.51732;1.31525;0.999446 -0.0128689 -0.0306776 -0.848618 0.0128102 0.999916 -0.00210908 0.421304 0.0307022 0.00171492 0.999527 1.39583 0 0 0 1 
27844314100163;1.36524;1.13992;0.999106 -0.0168277 -0.0387895 -1.03371 0.0148176 0.998561 -0.0515396 -0.0243794 0.039601 0.0509187 0.997917 2.73649 0 0 0 1 
27844314100164;0.587208;0.329038;0.999827 -0.0164917 -0.00859585 -0.944146 0.0169483 0.998283 0.0560733 0.645345 0.00765635 -0.0562093 0.99839 -1.89139 0 0 0 1 
27844314100165;1.53313;0.314261;0.999691 0.0245462 -0.00391433 1.59682 -0.0244478 0.999426 0.0234517 -1.32604 0.00448774 -0.0233487 0.999717 0.0937718 0 0 0 1 
27844314100166;0.330265;0.339105;0.997703 -0.0310802 -0.0601915 -1.8318 0.0246482 0.994188 -0.1048 -0.0622592 0.0630989 0.103076 0.99267 6.35816 0 0 0 1 
27844314100167;0.903395;0.520104;0.998349 -0.0237469 0.0523031 -0.937972 0.0331459 0.981817 -0.186911 -0.979176 -0.0469135 0.188336 0.980983 6.87584 0 0 0 1 
27844314100168;2.432;0.293403;0.995119 -0.0384258 0.090891 -1.58582 0.0363069 0.999032 0.0248532 0.317409 -0.091758 -0.0214319 0.995551 -0.494625 0 0 0 1 
27844314100169;1.16953;0.933983;0.939061 0.0388672 0.341545 1.95235 0.0712595 0.949993 -0.304032 -2.20405 -0.336282 0.309843 0.889332 6.59485 0 0 0 1 
27844314100170;0.524881;0.289014;0.981475 -0.0497559 -0.185018 -3.32223 0.0713025 0.991182 0.111689 1.48409 0.177829 -0.122812 0.976368 -1.75887 0 0 0 1 
27844314100171;2.35705;0.500617;0.964234 0.0254469 0.263827 1.2985 0.0100063 0.991176 -0.132173 -0.379119 -0.264863 0.130085 0.955471 -2.44436 0 0 0 1 
27844314100172;0.422262;0.205956;0.997175 0.0207772 -0.0721853 0.278552 -0.0161912 0.997848 0.0635452 0.38594 0.0733502 -0.062197 0.995365 -1.29028 0 0 0 1 
27844314100173;0.404553;0.358629;0.997824 -0.0134536 -0.0645447 -0.944638 0.0206748 0.993431 0.11255 0.61746 0.0626065 -0.11364 0.991547 -3.75651 0 0 0 1 
27844314100174;0.99992;0.782027;0.999644 0.0201844 -0.0174752 0.732155 -0.0193646 0.99876 0.0458706 -0.276945 0.0183794 -0.0455158 0.998795 -2.17991 0 0 0 1 
27844314100175;0.837078;0.594147;0.999861 9.49896e-05 -0.016664 -0.146814 0.00045456 0.999456 0.0329714 0.344341 0.0166581 -0.0329744 0.999317 -1.3914 0 0 0 1 
27844314100176;0.793248;0.449241;0.997914 -0.0080299 -0.0640489 -0.791912 -0.0133514 0.9451 -0.32651 -4.15639 0.0631544 0.326684 0.943021 17.0802 0 0 0 1 
27844314100177;2.13358;0.208024;0.999936 -0.00338125 -0.0108195 -0.117682 0.00353577 0.999892 0.0142948 0.482091 0.01077 -0.0143321 0.999839 -2.77532 0 0 0 1 
27844314100178;1.06641;1.05959;0.998478 -0.0116635 -0.0539101 -0.809561 0.0112774 0.999909 -0.00746046 0.119971 0.0539922 0.00684114 0.998518 1.41409 0 0 0 1 
27844314100179;2.46162;0.80031;0.964641 -0.0258188 -0.262301 -2.61895 -0.0139506 0.988794 -0.148634 -0.884016 0.263199 0.147038 0.953471 10.2839 0 0 0 1 
27844314100180;2.13141;1.64795;0.966784 0.0299627 0.253834 1.37453 -0.0860475 0.97329 0.212844 -2.56589 -0.240676 -0.227616 0.943539 -16.7813 0 0 0 1 
27844314100181;0.683715;0.469189;0.999781 0.0138182 0.0157227 0.526349 -0.0145931 0.998628 0.0502832 0.0136217 -0.0150063 -0.0505017 0.998611 -2.0529 0 0 0 1 
27844314100182;1.078;0.325851;0.984452 -0.0228176 0.174166 -0.718156 0.0132579 0.998351 0.055856 0.344188 -0.175153 -0.0526785 0.983131 -5.33714 0 0 0 1 
27844314100183;1.04239;0.513203;0.9093 -0.028048 0.415194 -1.66126 -0.0615583 0.977683 0.200863 -1.28251 -0.411562 -0.208203 0.887281 -18.4414 0 0 0 1 
27844314100184;1.3844;0.998874;0.983547 0.00641551 0.180539 0.542723 -0.0198118 0.997172 0.0724965 -0.715129 -0.179563 -0.0748805 0.980892 -7.94532 0 0 0 1 
27844314100186;0.793481;0.173943;0.973478 0.0867038 -0.211716 3.93181 -0.0331214 0.969067 0.244567 -1.75815 0.226372 -0.231068 0.946236 -7.87137 0 0 0 1 
27844314100187;1.90684;0.933758;0.999864 0.0142939 0.00819049 1.08879 -0.0142504 0.999884 -0.00535623 -0.383868 -0.0082661 0.00523879 0.999952 1.42729 0 0 0 1 
27844314100188;0.899725;0.368505;0.911958 0.0056207 0.410245 -0.601512 -0.0286725 0.998335 0.0500598 -0.913692 -0.40928 -0.0574152 0.9106 -18.8879 0 0 0 1 
27844314100189;2.92803;2.77433;0.996621 -0.0219199 -0.079164 -2.03072 0.0133128 0.994099 -0.107659 -0.691114 0.0810567 0.106241 0.991031 10.1429 0 0 0 1 
27844314100190;2.25734;1.84705;0.999245 0.0194273 -0.0336396 1.24004 -0.0244052 0.987685 -0.154544 -2.56045 0.030223 0.155248 0.987413 12.3459 0 0 0 1 
27844314100191;2.96618;1.21905;0.989496 -0.00223475 0.144546 0.344231 0.0562306 0.927091 -0.370595 -5.60675 -0.133179 0.37483 0.917478 22.8783 0 0 0 1 
27844314100192;2.51273;2.10552;0.930516 -0.0163266 -0.365887 -4.98451 -0.0167919 0.996054 -0.0871508 -1.47016 0.365866 0.0872392 0.92657 17.8389 0 0 0 1 
27844314100193;1.47826;1.04936;0.994762 0.0267161 -0.0986663 1.11936 -0.0201898 0.997578 0.0665615 -0.490775 0.100206 -0.0642208 0.992892 -0.259371 0 0 0 1 
27844314100194;2.31253;1.51671;0.96959 0.0294956 -0.242952 -0.554094 -0.0217663 0.99917 0.0344378 -0.552343 0.243766 -0.0281024 0.969427 7.4689 0 0 0 1 
27844314100195;2.39108;0.567009;0.992099 -0.0484561 -0.115721 -3.56578 0.0129159 0.956947 -0.289974 -3.50578 0.12479 0.286188 0.950012 21.3688 0 0 0 1 
27844314100196;0.463067;0.437785;0.996185 0.00687191 0.0869938 0.854816 -0.0131936 0.997295 0.0723036 -0.409305 -0.0862617 -0.0731756 0.993582 -8.15504 0 0 0 1 
27844314100197;2.03095;1.91667;0.995799 -0.0149716 -0.0903357 -1.45999 0.00401031 0.992727 -0.12032 -0.997174 0.0914801 0.119453 0.988616 10.2053 0 0 0 1 
27844314100198;1.85236;1.33136;0.986869 -0.00725249 -0.161359 -1.68902 0.0146936 0.99888 0.0449699 0.435644 0.160853 -0.0467504 0.985871 3.10397 0 0 0 1 
27844314100199;0.504668;0.312235;0.999014 -0.00926033 -0.043414 -0.69274 0.0147526 0.991671 0.12795 0.416208 0.0418676 -0.128464 0.99083 -7.93986 0 0 0 1 
27844314100200;2.93423;1.16878;0.999621 -0.0250714 0.0113371 -1.3789 0.025934 0.996151 -0.0837282 0.327102 -0.00919426 0.0839905 0.996424 2.6733 0 0 0 1 
27844314100201;1.21539;0.459816;0.989054 0.0114391 0.147112 1.17909 -0.0400026 0.980441 0.192706 -2.12631 -0.14203 -0.196481 0.970166 -19.2551 0 0 0 1 
27844314100202;1.66781;0.428969;0.948367 0.0713903 -0.309035 1.25491 -0.032214 0.990982 0.130069 -0.827178 0.315534 -0.113398 0.942114 3.84149 0 0 0 1 
27844314100203;0.429271;0.43846;0.928908 -0.0206909 0.369731 -1.76616 -0.0668833 0.972643 0.222468 -3.04944 -0.364219 -0.231381 0.902112 -28.6695 0 0 0 1 
27844314100204;0.64969;0.79746;0.92263 0.0497 -0.38247 -0.761209 0.0287095 0.980061 0.196609 0.389895 0.384616 -0.192378 0.902807 -1.08244 0 0 0 1 
27844314100205;2.89316;2.50985;0.9962 -0.0078767 -0.0867427 -0.738109 0.00560203 0.999635 -0.0264355 -0.102987 0.0869193 0.0258491 0.99588 3.33482 0 0 0 1 
27844314100206;1.28236;0.997286;0.997832 -0.0125317 0.0646012 -0.388641 0.024239 0.98267 -0.183773 -1.53145 -0.0611786 0.184941 0.980844 10.2365 0 0 0 1 
27844314100207;1.92404;0.836724;0.977408 0.0685301 -0.199943 2.81082 -0.0468118 0.992672 0.111401 -1.40163 0.206112 -0.0995241 0.973454 1.53724 0 0 0 1 
27844314100208;1.88311;0.428245;0.91808 0.0155608 0.396089 0.0683862 0.044492 0.98887 -0.141975 0.256263 -0.39389 0.147967 0.907169 -5.49266 0 0 0 1 
27844314100209;2.33052;0.25872;0.999573 0.0229039 0.0181307 2.00318 -0.0235866 0.998985 0.038382 -0.66255 -0.0172332 -0.0387933 0.999099 -5.51341 0 0 0 1 
27844314100210;0.530209;0.484353;0.995289 -0.0142436 0.0959013 -0.479034 0.0228 0.995795 -0.0887252 -0.057286 -0.0942343 0.0904937 0.991429 2.58439 0 0 0 1 
27844314100211;2.44996;1.10851;0.9982 0.0101312 -0.0591045 0.233839 -0.010196 0.999948 -0.000795167 -0.304751 0.0590934 0.00139636 0.998251 4.00656 0 0 0 1 
27844314100212;2.84301;0.617643;0.998022 0.0184702 -0.0600879 1.50429 -0.0213704 0.998619 -0.0479863 -0.516017 0.0591186 0.0491755 0.997039 2.63691 0 0 0 1 
27844314100213;1.50297;1.16132;0.998696 -0.0184344 0.0476138 -0.830657 0.0257505 0.987113 -0.157938 -1.02564 -0.0440887 0.158959 0.9863 9.44028 0 0 0 1 
27844314100214;0.564234;0.348761;0.991258 -0.0373544 0.12654 -2.11508 0.0380982 0.999268 -0.00346177 1.26557 -0.126318 0.00825245 0.991955 -3.36622 0 0 0 1 
27844314100215;0.386204;0.436619;0.99444 -0.0045551 -0.105211 -0.867105 -0.00092741 0.998647 -0.0520022 -0.453313 0.105305 0.0518106 0.993089 6.79376 0 0 0 1 
27844314100217;0.459527;0.601047;0.996127 0.0181323 -0.0860411 -0.0023723 -0.0197558 0.999642 -0.0180552 -0.901498 0.0856829 0.0196851 0.996128 2.76836 0 0 0 1 
27844314100218;2.20727;0.183549;0.999488 0.0257589 -0.0189559 0.341049 -0.0259108 0.999634 -0.00781247 -1.07067 0.0187478 0.00829964 0.99979 3.41916 0 0 0 1 
27844314100219;2.19715;0.436758;0.999491 -0.0264539 -0.0178285 -0.597287 0.0258224 0.999062 -0.0347661 0.661957 0.0187314 0.0342881 0.999236 3.87647 0 0 0 1 
27844314100220;1.31114;0.0806864;0.997751 -0.0175574 -0.0646951 0.553498 0.0159176 0.999541 -0.0257765 -0.608881 0.065118 0.0246887 0.997572 2.29327 0 0 0 1 
27844314100221;1.65894;1.67028;0.999655 0.00718389 0.0252708 0.296289 -0.00786678 0.999604 0.027028 -0.0874922 -0.0250667 -0.0272175 0.999315 -0.74348 0 0 0 1 
27844314100222;1.73745;1.14588;0.979497 0.0529866 -0.194367 0.0732594 -0.0318298 0.993377 0.110402 -0.816728 0.19893 -0.101952 0.974696 4.81797 0 0 0 1 
27844314100223;2.40198;1.93085;0.99886 0.00352688 -0.0475967 -0.137554 -0.00361227 0.999992 -0.00170814 -0.0998824 0.0475903 0.00187812 0.998865 2.96703 0 0 0 1 
27844314100224;0.843273;0.823699;0.999231 0.0279561 -0.0275111 0.53343 -0.0256287 0.996336 0.0815918 -0.685905 0.0296912 -0.0808239 0.996286 -0.331464 0 0 0 1 
27844314100225;1.09219;1.19488;0.999856 -0.00868427 0.0145548 0.0839674 0.00957457 0.998014 -0.0622593 0.136393 -0.0139853 0.0623897 0.997954 0.77769 0 0 0 1 
27844314100226;2.28577;0.845218;0.944768 0.126144 -0.302492 -0.707877 -0.0572699 0.972304 0.226595 -1.48334 0.322698 -0.196756 0.925826 8.42273 0 0 0 1 
27844314100227;0.739768;0.884223;0.990612 0.035126 -0.132117 0.205306 -0.0310401 0.998978 0.0328606 -0.927774 0.133136 -0.0284512 0.990689 3.71044 0 0 0 1 
27844314100228;0.965544;0.0640292;0.990383 0.0832811 -0.110478 1.20495 -0.0793996 0.996076 0.0390873 -2.79187 0.1133 -0.0299394 0.99311 3.83364 0 0 0 1 
27844314100229;0.882458;0.803987;0.962836 0.0046031 0.270047 0.471834 0.0407002 0.985964 -0.16192 0.406261 -0.267002 0.166894 0.949135 -6.08442 0 0 0 1 
27844314100230;0.333053;0.102936;0.952505 0.151385 -0.264228 0.147568 -0.060022 0.943989 0.324473 -1.62072 0.298549 -0.293203 0.908241 3.05704 0 0 0 1 
27844314100231;2.08116;0.108728;0.99521 -0.0436432 0.0874833 -0.293058 0.0454975 0.998778 -0.0193146 0.979033 -0.0865334 0.0232024 0.995979 0.28167 0 0 0 1 
27844314100232;2.3687;2.08762;0.999786 -0.00432599 -0.0202533 -0.112394 0.00379324 0.999648 -0.0262692 0.30838 0.0203598 0.0261868 0.99945 -0.0536485 0 0 0 1 
27844314100233;0.91161;0.526195;0.999592 0.0225183 -0.0175915 0.716823 -0.0221862 0.999576 0.0188491 -0.718543 0.0180085 -0.0184511 0.999668 -0.759474 0 0 0 1 
27844314100234;2.15311;0.708583;0.997092 -0.00840979 0.0757481 0.783436 0.00747482 0.999892 0.0126182 0.479496 -0.0758461 -0.0120153 0.997047 -5.19252 0 0 0 1 
27844314100235;1.5865;1.41707;0.940833 0.00209477 -0.338865 -3.41716 -0.017948 0.998885 -0.0436564 -0.800262 0.338396 0.0471553 0.939822 10.7278 0 0 0 1 
27844314100236;0.801975;0.7446;0.999978 -0.00339977 -0.00566115 0.335482 0.00298512 0.997421 -0.0717079 -0.143313 0.00589034 0.0716895 0.99741 1.42136 0 0 0 1 
27844314100237;0.36254;0.389835;0.996617 0.0310059 -0.0761153 0.246791 -0.0277283 0.998658 0.0437476 -0.715457 0.0773696 -0.0414891 0.996139 1.77568 0 0 0 1 
27844314100238;0.509991;0.217439;0.995974 -0.0142135 -0.0885079 -0.504154 -0.0192109 0.930566 -0.365619 -3.51565 0.0875592 0.365847 0.926547 8.78256 0 0 0 1 
27844314100239;2.45541;1.3313;0.999362 0.0254532 -0.0250592 0.0588743 -0.0248373 0.999389 0.0245894 -0.643489 0.0256698 -0.0239513 0.999384 2.77249 0 0 0 1 
27844314100240;0.531694;0.302035;0.998943 -0.037218 0.0269932 -0.54261 0.0367207 0.999151 0.0186906 1.18315 -0.0276659 -0.0176796 0.999461 -0.652559 0 0 0 1 
27844314100241;1.90316;1.09095;0.998444 -0.00833415 0.0551453 0.76891 0.00484122 0.997991 0.0631735 0.628535 -0.055561 -0.0628082 0.996478 -4.21225 0 0 0 1 
27844314100242;0.857743;0.158849;0.987378 0.0295687 0.155596 1.11547 -0.033801 0.999125 0.0246251 -0.599931 -0.154732 -0.0295736 0.987514 -4.55036 0 0 0 1 
27844314100243;1.52979;1.63894;0.990062 -0.0124346 -0.140084 -0.925608 0.00594263 0.998893 -0.0466666 0.0818141 0.140509 0.0453704 0.989039 4.69196 0 0 0 1 
27844314100244;1.45043;0.876317;0.987318 0.0841041 -0.134645 0.515073 -0.0382803 0.949236 0.312228 -0.633975 0.154069 -0.303114 0.940417 0.129256 0 0 0 1 
27844314100245;0.353496;0.52148;0.997806 0.0464678 0.047161 1.40475 -0.0551936 0.977227 0.204893 -1.24449 -0.036566 -0.207047 0.977648 -4.93341 0 0 0 1 
27844314100246;0.304746;0.25157;0.998781 0.0232127 0.043561 0.628417 -0.0144193 0.981237 -0.192267 -1.69267 -0.0472067 0.191404 0.980375 2.01382 0 0 0 1 
27844314100248;1.91005;1.8065;0.999948 -0.000162909 0.0102029 0.0294209 -0.000134928 0.999574 0.0291839 0.186073 -0.0102033 -0.0291837 0.999522 -2.04045 0 0 0 1 
27844314100249;1.74539;1.11168;0.919534 0.0183833 0.39258 1.67376 0.0142871 0.996682 -0.0801361 -0.0359307 -0.39275 0.0792968 0.91622 4.43489 0 0 0 1 
27844314100250;2.4193;2.06901;0.888922 0.031191 -0.456995 0.926514 -0.0244311 0.999487 0.0206953 -0.249084 0.457406 -0.00723166 0.889229 0.0855583 0 0 0 1 
27844314100251;0.382775;0.183791;0.998241 0.0218929 0.0551049 1.33253 -0.0300673 0.987893 0.152192 -0.447278 -0.0511058 -0.153581 0.986814 -8.49399 0 0 0 1 
27844314100252;0.517763;0.572406;0.995213 -0.0179179 -0.0960707 -0.988709 -0.00645664 0.968845 -0.247582 -2.21863 0.0975138 0.247018 0.964092 12.8281 0 0 0 1 
27844314100253;0.421961;0.362711;0.995653 0.0029053 0.093095 0.390248 0.00314921 0.997892 -0.064823 -0.424173 -0.093087 0.0648344 0.993545 3.10764 0 0 0 1 
27844314100254;1.06506;0.275378;0.998373 0.0494894 -0.0283281 2.74188 -0.0415842 0.971788 0.23216 -1.23458 0.0390184 -0.230605 0.972265 -13.1239 0 0 0 1 
27844314100255;0.41574;0.307566;0.944025 -0.00400764 -0.32985 -1.01832 -0.00803926 0.99935 -0.0351502 -0.285946 0.329777 0.0358344 0.943379 2.62301 0 0 0 1 
27844314100256;0.221269;0.112495;0.999755 0.00174222 -0.0220824 -0.0145694 -0.000586705 0.998635 0.0522262 0.112336 0.0221433 -0.0522004 0.998391 -2.99453 0 0 0 1 
27844314100257;0.472366;0.252631;0.996469 0.0481894 0.0687617 2.78707 -0.0720814 0.910953 0.406164 -3.93084 -0.0430658 -0.409686 0.911209 -21.8227 0 0 0 1 
27844314100258;0.965959;0.704699;0.961163 0.010997 -0.27576 -0.304555 0.00161424 0.998965 0.0454639 0.0976903 0.275975 -0.0441434 0.960151 -1.38587 0 0 0 1 
27844314100259;0.701583;0.596063;0.999842 0.00996049 -0.0147114 0.661358 -0.0100338 0.999938 -0.00491876 -0.102789 0.0146615 0.0050656 0.99988 -0.237719 0 0 0 1 
