#;prob_registration_l1 -r /home/probabilistic_point_clouds_registration/build/tester /home/point_clouds_registration_benchmark//devel/registration_pairs/pioneer_slam_local.txt /home/point_clouds_registration_benchmark//tum/pioneer_slam -s 0.1 -t 0.1 -p 0.3 -r 1000 -m 10 -i 40 
id;initial_error;final_error;transformation
1807261650000;0.252801;0.196486;0.996696 0.00751948 0.0808732 -0.146739 -0.00476094 0.999402 -0.0342484 0.0102535 -0.0810823 0.0337502 0.996136 0.167305 0 0 0 1 
1807261650001;0.370505;0.137964;0.976902 0.0863434 0.195465 -0.00056274 -0.12367 0.97442 0.187646 0.308663 -0.174263 -0.207485 0.962591 0.868376 0 0 0 1 
1807261650002;0.611698;0.211969;0.999978 0.00616932 0.00224231 0.111572 -0.00610836 0.999637 -0.0262444 -0.669664 -0.00240341 0.0262301 0.999653 0.584944 0 0 0 1 
1807261650003;0.65444;0.390511;0.978486 0.198995 -0.0544602 0.186667 -0.195093 0.978319 0.0695043 0.507306 0.0671105 -0.0573842 0.996094 -0.963586 0 0 0 1 
1807261650004;0.70178;0.427557;0.946757 0.251456 0.201051 -0.0040511 -0.225404 0.963602 -0.143748 0.659609 -0.22988 0.0907762 0.968976 1.40451 0 0 0 1 
1807261650005;0.564667;0.159531;0.996756 -0.0799785 0.00897118 0.0552296 0.0798603 0.996723 0.0128471 0.0614859 -0.00996928 -0.012089 0.999877 0.762517 0 0 0 1 
1807261650006;0.456118;0.17272;0.997332 -0.0144144 -0.0715587 -0.074678 0.0054669 0.992306 -0.123692 0.234959 0.072791 0.12297 0.989737 -0.694354 0 0 0 1 
1807261650007;0.0911852;0.0429628;0.997772 0.0134625 0.0653381 -0.124011 -0.0145203 0.999771 0.0157423 0.0380698 -0.0651112 -0.016656 0.997739 0.264859 0 0 0 1 
1807261650008;0.628711;0.343523;0.958185 -0.0297632 0.284597 0.431849 -0.00454868 0.992866 0.119149 -0.19194 -0.286113 -0.115461 0.951214 0.72916 0 0 0 1 
1807261650009;0.268333;0.304851;0.994482 -0.104766 -0.00544668 0.0412311 0.104844 0.994347 0.0167631 -0.117248 0.00365969 -0.0172416 0.999845 -0.0963488 0 0 0 1 
1807261650010;0.71038;0.31193;0.966995 0.254538 0.0114374 -0.00852912 -0.254579 0.96705 0.00222089 0.658325 -0.0104952 -0.0050593 0.999932 -0.8561 0 0 0 1 
1807261650011;0.818748;0.285654;0.935826 0.352455 -0.00232792 -0.0496529 -0.352463 0.935805 -0.00615339 1.22568 9.68069e-06 0.00657901 0.999978 -0.866045 0 0 0 1 
1807261650012;0.646177;0.0418368;0.999989 -0.0046079 0.000736003 0.178462 0.00463866 0.998766 -0.0494514 -0.620053 -0.000507227 0.0494543 0.998776 -0.722947 0 0 0 1 
1807261650013;0.5425;0.0938399;0.990114 0.0259131 -0.137851 0.0780655 -0.0326461 0.99837 -0.046808 -0.0860787 0.136413 0.0508456 0.989346 -1.17143 0 0 0 1 
1807261650014;0.402811;0.153797;0.953791 0.154381 -0.257778 0.384096 -0.127123 0.98468 0.119354 0.296208 0.272254 -0.0810696 0.958804 -1.35515 0 0 0 1 
1807261650015;0.62098;0.24011;0.934621 -0.292892 0.201739 0.344023 0.291105 0.955889 0.0391565 -0.520449 -0.204309 0.0221307 0.978656 1.30887 0 0 0 1 
1807261650016;0.314215;0.25802;0.996633 0.0621806 -0.053437 -0.0987864 -0.0602862 0.997519 0.036363 0.191201 0.0555655 -0.0330191 0.997909 -0.00656625 0 0 0 1 
1807261650017;0.544853;0.158895;0.952586 0.10016 -0.287312 0.176565 -0.197678 0.921562 -0.334136 0.829328 0.231309 0.375088 0.897666 -1.06665 0 0 0 1 
1807261650018;0.870541;0.41607;0.927486 0.350124 0.131086 -0.00694168 -0.343371 0.936456 -0.0717404 1.25816 -0.147874 0.0215271 0.988772 1.22129 0 0 0 1 
1807261650019;0.408282;0.229024;0.985405 0.170224 6.78631e-06 -0.234381 -0.170206 0.985302 -0.0145027 0.274065 -0.00247539 0.0142899 0.999895 0.338433 0 0 0 1 
1807261650020;0.378251;0.075424;0.964431 0.022257 -0.263396 0.117678 -0.113238 0.935174 -0.335599 0.456784 0.238852 0.353489 0.904431 -0.897667 0 0 0 1 
1807261650021;0.0584465;0.069585;0.99949 0.0214656 -0.0236465 0.118179 -0.0213585 0.99976 0.00477447 -0.0445692 0.0237433 -0.00426698 0.999709 -0.0463228 0 0 0 1 
1807261650022;0.492617;0.232739;0.984145 -0.0504759 -0.170033 0.187639 0.0408546 0.997385 -0.0596183 0.0885969 0.172598 0.0517264 0.983633 -1.1514 0 0 0 1 
1807261650023;0.436303;0.31411;0.965166 0.259805 0.0309314 -0.0512899 -0.260575 0.965151 0.0241503 0.776897 -0.0235791 -0.031369 0.99923 0.17854 0 0 0 1 
1807261650024;0.611538;0.194194;0.996287 -0.0148423 0.0848046 0.0795348 0.0212196 0.996973 -0.0748006 0.326288 -0.0834376 0.0763224 0.993586 -0.404613 0 0 0 1 
1807261650025;0.222007;0.162152;0.994122 -0.0755221 -0.077581 -0.0779589 0.0658602 0.990547 -0.120328 -0.157754 0.085935 0.114511 0.989698 -0.0957786 0 0 0 1 
1807261650026;0.125003;0.029014;0.998198 -0.00255961 -0.0599527 -0.113492 -0.00357633 0.994776 -0.102016 0.0754147 0.0599007 0.102047 0.992975 -0.0764144 0 0 0 1 
1807261650027;0.446617;0.324078;0.952474 -0.296553 0.0696435 0.194058 0.288891 0.951884 0.102272 -0.776456 -0.0966215 -0.0772921 0.992316 0.409765 0 0 0 1 
1807261650028;0.18577;0.2245;0.989538 0.130773 -0.0609396 0.0797277 -0.133183 0.990389 -0.0373153 0.0526977 0.0554741 0.045041 0.997444 -0.184448 0 0 0 1 
1807261650029;0.503137;0.323618;0.991297 0.047254 -0.122871 0.0742331 -0.0735172 0.972966 -0.218936 0.446846 0.109204 0.226064 0.967972 -0.259182 0 0 0 1 
1807261650031;0.869936;0.827046;0.999866 0.0149618 -0.00659671 0.0600635 -0.0129338 0.970495 0.240773 -0.0672915 0.0100045 -0.240656 0.970559 -0.951063 0 0 0 1 
1807261650032;0.361529;0.269291;0.975403 -0.0167535 -0.219793 0.00261116 -0.0232171 0.983753 -0.178019 0.073308 0.219205 0.178743 0.959166 0.284129 0 0 0 1 
1807261650033;0.495733;0.481044;0.998966 0.00612812 0.0450379 0.0101241 -0.00613425 0.999981 -1.96099e-06 0.0398081 -0.045037 -0.000274315 0.998985 0.030386 0 0 0 1 
1807261650034;1.09057;0.897128;0.999044 0.0299258 -0.0318785 0.0813109 -0.0316643 0.997956 -0.055503 0.10392 0.0301524 0.0564593 0.997949 0.699256 0 0 0 1 
1807261650035;0.885672;0.838082;0.988572 0.0921943 -0.119271 0.300782 -0.0738527 0.985927 0.149979 0.199209 0.13142 -0.139456 0.981469 -0.0858267 0 0 0 1 
1807261650036;0.893017;0.171881;0.988345 0.0170618 0.15127 0.0689835 -0.0307636 0.995583 0.0887064 0.123582 -0.149088 -0.0923262 0.984504 0.705705 0 0 0 1 
1807261650037;0.513994;0.38173;0.999943 0.00316687 0.0101695 0.0604661 -0.00401507 0.996415 0.0845008 0.0835484 -0.00986543 -0.0845368 0.996372 -0.517066 0 0 0 1 
1807261650038;0.984234;0.479937;0.920317 0.0397865 0.389144 -0.111898 -0.0215432 0.998459 -0.0511343 0.43769 -0.390579 0.0386763 0.919756 -0.24611 0 0 0 1 
1807261650039;0.787771;0.233411;0.986713 0.0593682 0.15124 0.126559 -0.0383448 0.989646 -0.138312 0.263153 -0.157885 0.130674 0.978773 -0.144297 0 0 0 1 
1807261650040;0.449489;0.0764322;0.972784 -0.00988904 0.231504 -0.0260549 0.0016227 0.999355 0.0358704 0.0141738 -0.231709 -0.0345185 0.972173 0.538939 0 0 0 1 
1807261650041;0.636202;0.48968;0.999962 0.0063779 -0.00590785 0.0436761 -0.00633867 0.999958 0.00663558 0.0338829 0.00594992 -0.00659788 0.999961 -0.340854 0 0 0 1 
1807261650042;0.394001;0.374972;0.999944 -2.59815e-05 -0.0105904 -0.0122107 -9.69562e-05 0.999933 -0.0116078 0.0201084 0.01059 0.0116081 0.999877 0.0721 0 0 0 1 
1807261650043;0.493104;0.30272;0.969036 0.0436984 0.24302 0.146853 -0.046958 0.998868 0.00763355 0.188554 -0.242412 -0.0188089 0.969991 0.253103 0 0 0 1 
1807261650044;0.603128;0.428783;0.999759 0.00701229 -0.0207955 0.0136967 -0.00671773 0.999877 0.0142007 0.0329849 0.0208925 -0.0140576 0.999683 -0.445919 0 0 0 1 
1807261650045;0.822026;0.340866;0.995649 0.00452265 -0.0930777 0.0976903 0.0322721 0.920279 0.389929 -0.335022 0.087421 -0.391237 0.916129 -1.85829 0 0 0 1 
1807261650046;0.726796;0.518868;0.999347 -0.022244 -0.0284826 -0.0662902 0.0187593 0.992925 -0.11725 0.0480491 0.0308892 0.116639 0.992694 0.777711 0 0 0 1 
1807261650047;0.841796;0.460952;0.998147 -0.00508192 -0.0606339 -0.0191068 0.00442717 0.99993 -0.0109279 0.0959904 0.0606852 0.0106392 0.9981 0.62806 0 0 0 1 
1807261650048;0.923373;0.053861;0.984307 0.00902216 0.176234 0.0757774 -0.0449064 0.97862 0.200712 0.136754 -0.170656 -0.205476 0.963668 0.411319 0 0 0 1 
1807261650049;0.894299;0.737906;0.967797 -0.00849631 0.251587 0.0117138 -0.0173746 0.994792 0.100431 0.0681411 -0.25113 -0.101568 0.96261 0.507978 0 0 0 1 
1807261650050;0.776112;0.635871;0.988657 0.0479429 0.142333 0.175346 -0.010073 0.966715 -0.255656 0.267293 -0.149852 0.251323 0.956233 1.23834 0 0 0 1 
1807261650051;0.472646;0.276467;0.986422 0.0156708 0.163482 0.0760696 -0.0173005 0.999814 0.00854945 0.129398 -0.163317 -0.0112617 0.986509 0.495402 0 0 0 1 
1807261650052;0.367213;0.308859;0.998931 0.0181755 0.0424992 0.0336423 -0.026427 0.978925 0.202505 0.0232551 -0.0379229 -0.203411 0.978359 -0.425134 0 0 0 1 
1807261650053;0.543637;0.228171;0.911656 -0.0526642 -0.407565 0.00533685 -0.0456462 0.972641 -0.227784 0.229562 0.408411 0.226265 0.88431 0.284821 0 0 0 1 
1807261650054;0.296591;0.221097;0.992786 0.0112367 -0.119372 0.0548084 -0.0314067 0.985208 -0.168462 0.151496 0.115713 0.170995 0.978453 0.208335 0 0 0 1 
1807261650055;0.546573;0.397697;0.968842 0.0523454 -0.242085 0.119801 0.0331906 0.941157 0.336335 0.0869599 0.245446 -0.33389 0.910095 -0.892794 0 0 0 1 
1807261650056;0.638977;0.41339;0.999181 -0.0116631 -0.0387459 -0.11381 0.0103246 0.999349 -0.034567 0.0866287 0.0391239 0.0341386 0.998651 0.34729 0 0 0 1 
1807261650057;0.733154;0.671975;0.999781 0.00144284 -0.0208995 0.0115175 -0.00529588 0.982629 -0.185504 0.321748 0.0202689 0.185574 0.982421 0.462818 0 0 0 1 
1807261650058;1.00454;0.947478;0.973874 0.0642224 -0.217819 0.191999 -0.0527266 0.996912 0.0581906 0.202758 0.220884 -0.0451854 0.974253 -0.0564906 0 0 0 1 
1807261650059;0.328863;0.198741;0.960342 -0.0846956 0.265649 -0.218213 -0.0301918 0.915559 0.401049 -0.135417 -0.277184 -0.393165 0.876693 -0.7124 0 0 0 1 
1807261650060;0.479524;0.407974;0.999941 0.0107918 -0.000942561 0.0173073 -0.0108159 0.999454 -0.0312287 0.051386 0.000605034 0.0312371 0.999512 -0.0923424 0 0 0 1 
1807261650062;0.610394;0.110756;0.995882 0.0845405 -0.0327384 0.354217 -0.085527 0.995884 -0.0300052 0.230762 0.030067 0.0326817 0.999013 -0.655891 0 0 0 1 
1807261650063;0.0702684;0.111262;0.999433 0.00202147 0.0336037 -0.0801697 -0.00137323 0.999813 -0.0193027 0.125093 -0.0336364 0.0192456 0.999249 0.0344702 0 0 0 1 
1807261650064;0.431381;0.149603;0.973646 -0.122093 -0.19263 -0.422796 0.109761 0.991238 -0.0734813 -0.123398 0.199914 0.0504015 0.978516 -0.346172 0 0 0 1 
1807261650065;0.67345;0.228331;0.984544 0.0373909 -0.171101 0.178201 0.0452713 0.88941 0.454864 0.219716 0.169186 -0.455579 0.87397 -1.94665 0 0 0 1 
1807261650066;0.179936;0.264457;0.998879 -0.0440779 -0.0172302 -0.178759 0.0439496 0.999004 -0.0077567 0.286235 0.017555 0.00699074 0.999821 0.0412383 0 0 0 1 
1807261650067;0.697139;0.546589;0.996239 -0.0820607 -0.0278252 -0.0299928 0.0843952 0.991704 0.0969551 0.230359 0.0196382 -0.0989387 0.9949 -1.0622 0 0 0 1 
1807261650068;0.609754;0.616816;0.996803 -0.0776907 -0.0186641 -0.195556 0.0782931 0.996348 0.0340662 0.511455 0.0159493 -0.0354186 0.999245 -0.0102414 0 0 0 1 
1807261650069;0.14606;0.201675;0.998483 -0.0333257 -0.0438232 -0.15126 0.0336021 0.99942 0.00558424 0.206194 0.0436117 -0.00704833 0.999024 -0.0714097 0 0 0 1 
1807261650070;0.531087;0.124159;0.982168 0.0718452 -0.173734 0.390665 -0.00544895 0.934591 0.355682 0.0352108 0.187925 -0.348393 0.918317 -1.90051 0 0 0 1 
1807261650071;0.140553;0.10398;0.992911 -0.017542 -0.117561 -0.0814264 0.0106322 0.998193 -0.0591475 0.249049 0.118386 0.0574783 0.991303 0.0956378 0 0 0 1 
1807261650072;0.380476;0.318239;0.996218 0.000203912 -0.086883 0.0252173 -0.00327869 0.999373 -0.0352486 0.00833771 0.0868214 0.0354001 0.995595 -0.0944693 0 0 0 1 
1807261650073;0.531138;0.316162;0.985176 -0.0980258 0.140779 -0.283982 0.0479612 0.945319 0.322601 -0.114103 -0.164705 -0.311067 0.936007 -0.732306 0 0 0 1 
1807261650074;0.56209;0.146986;0.94899 0.178411 0.259974 0.699746 -0.168052 0.983843 -0.0617303 0.755463 -0.266787 0.0148922 0.96364 0.402452 0 0 0 1 
1807261650075;0.57785;0.143837;0.999672 -0.0255294 -0.00211737 -0.113485 0.0255432 0.999651 0.00676285 0.711283 0.00194397 -0.00681472 0.999975 -0.49565 0 0 0 1 
1807261650076;0.523862;0.277385;0.991718 -0.0782773 -0.101826 -0.384987 0.0629061 0.987243 -0.146266 0.609509 0.111976 0.138649 0.983991 0.935686 0 0 0 1 
1807261650077;0.611234;0.503538;0.999947 -0.00674544 0.00782282 -0.0236705 0.00799317 0.984998 -0.17238 -0.078322 -0.00654268 0.172434 0.984999 0.318958 0 0 0 1 
1807261650078;0.330727;0.145464;0.949842 0.0520107 -0.308376 0.302697 -0.0373635 0.997884 0.0532181 0.204824 0.310492 -0.0390268 0.949775 0.0448153 0 0 0 1 
1807261650079;0.421945;0.339076;0.913194 -0.13801 -0.383445 -0.36255 0.0967321 0.987427 -0.125024 -0.0656776 0.395879 0.0770797 0.915062 0.499016 0 0 0 1 
1807261650080;0.560936;0.291673;0.99003 0.0356364 -0.136277 0.25318 -0.080947 0.935702 -0.34338 0.154578 0.115278 0.350988 0.929257 1.14293 0 0 0 1 
1807261650081;0.503671;0.110764;0.983108 0.103837 0.15072 0.352012 -0.127534 0.979299 0.157191 0.0652197 -0.131278 -0.173758 0.975999 -1.28119 0 0 0 1 
1807261650082;0.722741;0.344446;0.99981 0.0184702 -0.00620165 0.168483 -0.0187416 0.998718 -0.0470144 -0.12746 0.00532533 0.0471217 0.998875 -0.62759 0 0 0 1 
1807261650083;0.552134;0.487887;0.999277 0.0186475 -0.0331237 0.116543 -0.0210557 0.997043 -0.0739084 -0.0146334 0.0316475 0.0745524 0.996715 0.00526217 0 0 0 1 
1807261650084;0.867721;0.472111;0.983377 0.124405 -0.132264 0.789582 -0.102634 0.981717 0.160308 0.324949 0.149789 -0.144069 0.978165 -0.931907 0 0 0 1 
1807261650085;0.404997;0.155235;0.979613 -0.137925 -0.146069 -0.556668 0.0740331 0.923759 -0.37575 -0.0307573 0.186757 0.357276 0.915137 0.980015 0 0 0 1 
1807261650086;0.258185;0.162286;0.998056 -0.0605993 0.0145781 -0.194831 0.0616736 0.99399 -0.0904452 0.184499 -0.00900956 0.0911685 0.995795 0.579267 0 0 0 1 
1807261650087;0.211815;0.157924;0.998147 0.0494979 0.0353834 0.184197 -0.047293 0.997038 -0.0606458 0.0590506 -0.0382804 0.0588601 0.997532 0.254905 0 0 0 1 
1807261650088;0.669831;0.436006;0.992842 -0.0919524 -0.0762168 -0.204186 0.0666098 0.956006 -0.285685 0.483357 0.0991331 0.278564 0.955288 0.495998 0 0 0 1 
1807261650089;0.143654;0.120155;0.992868 0.0404424 0.112149 0.112101 -0.0469924 0.997302 0.0563887 0.0168782 -0.109566 -0.0612567 0.99209 -0.111317 0 0 0 1 
1807261650090;0.732491;0.432151;0.995126 0.0674797 -0.0719054 0.23156 -0.0736348 0.99351 -0.086699 0.80381 0.0655882 0.0915712 0.993636 0.404093 0 0 0 1 
1807261650091;0.403612;0.0947277;0.989734 0.117497 -0.0813754 0.520757 -0.0874716 0.948239 0.305274 -0.0419346 0.113032 -0.295022 0.948781 -0.860006 0 0 0 1 
1807261650093;1.16071;0.302421;0.885956 0.296192 0.356865 -0.390971 -0.293844 0.95383 -0.0621627 0.202723 -0.358801 -0.0497892 0.932085 -0.246156 0 0 0 1 
1807261650094;0.696816;0.39288;0.983519 0.180797 0.00171265 -0.108696 -0.180415 0.981975 -0.0563507 -0.0136861 -0.0118698 0.0551129 0.99841 -0.100404 0 0 0 1 
1807261650095;0.832378;0.24521;0.927206 0.120818 0.354531 0.365707 -0.138053 0.990143 0.0236281 0.265095 -0.348182 -0.0708522 0.934746 -0.0489836 0 0 0 1 
1807261650096;1.24922;0.413304;0.959583 0.227913 0.165094 0.124442 -0.155037 0.917703 -0.365766 -0.448463 -0.23487 0.325387 0.915947 0.771726 0 0 0 1 
1807261650097;1.57732;0.267856;0.948621 0.158127 0.27407 0.351523 -0.212416 0.96023 0.18121 0.142956 -0.234516 -0.230116 0.944483 0.935488 0 0 0 1 
1807261650098;0.431654;0.170262;0.955991 -0.256839 0.14183 -0.102829 0.264554 0.963614 -0.0382013 -0.163903 -0.126857 0.0740417 0.989154 0.294123 0 0 0 1 
1807261650099;1.43162;0.200301;0.987313 -0.157848 0.0172408 0.582512 0.156184 0.945814 -0.284679 0.401026 0.0286294 0.28376 0.958468 0.60618 0 0 0 1 
1807261650100;0.198846;0.121759;0.984337 -0.00899263 -0.176067 0.122628 0.0159636 0.999142 0.0382162 -0.0489657 0.175572 -0.0404283 0.983636 -0.0760884 0 0 0 1 
1807261650101;0.403364;0.131333;0.996611 -0.067041 0.047675 0.0940547 0.0689482 0.996836 -0.0395516 -0.0997445 -0.0448726 0.0427047 0.99808 -0.176612 0 0 0 1 
1807261650102;0.400187;0.252864;0.99499 -0.0523142 0.0852 -0.14354 0.0542578 0.998313 -0.0206569 -0.137024 -0.0839756 0.0251762 0.99615 0.00623197 0 0 0 1 
1807261650103;1.02195;0.359158;0.966472 0.228273 0.117574 0.0533906 -0.241477 0.963696 0.113928 -0.225596 -0.0872986 -0.1385 0.986507 0.547114 0 0 0 1 
1807261650104;1.18672;0.150562;0.982735 0.0229676 -0.183589 0.0685184 -0.0168805 0.999257 0.0346507 -0.384183 0.184248 -0.0309534 0.982392 -0.687995 0 0 0 1 
1807261650105;1.18857;0.77426;0.990869 0.0130654 0.134192 -0.156389 -0.0169524 0.999468 0.0278645 -0.502845 -0.133757 -0.029885 0.990563 0.171568 0 0 0 1 
1807261650106;0.708535;0.244912;0.997651 -0.0238034 0.0642315 -0.235967 0.0243425 0.999675 -0.00762344 -0.273368 -0.0640291 0.00916908 0.997906 0.224956 0 0 0 1 
1807261650107;0.503291;0.205483;0.999575 0.00994154 -0.0274003 0.0968574 -0.00818688 0.997953 0.0634222 -0.0789863 0.0279747 -0.0631709 0.997611 0.268142 0 0 0 1 
1807261650108;1.52224;0.481278;0.955485 -0.194278 0.222046 0.0420492 0.218329 0.971787 -0.0892294 0.451021 -0.198446 0.133736 0.970945 -0.358455 0 0 0 1 
1807261650109;0.339127;0.0972579;0.961583 -0.101039 0.255242 -0.0669971 0.0899734 0.994441 0.0546949 0.0156591 -0.25935 -0.0296287 0.965329 0.194391 0 0 0 1 
1807261650110;0.998065;0.159599;0.975919 -0.210978 0.0554071 0.106626 0.20884 0.977049 0.0419629 -0.0233501 -0.0629887 -0.0293812 0.997582 -0.511436 0 0 0 1 
1807261650111;0.873902;0.14025;0.983303 0.147504 0.106572 0.12892 -0.150576 0.988368 0.0213303 -0.372004 -0.102186 -0.0370213 0.994076 0.410827 0 0 0 1 
1807261650112;0.213542;0.118555;0.989094 -0.0118689 -0.146806 0.120783 0.0155985 0.999584 0.0242796 -0.025265 0.146457 -0.0263047 0.988867 -0.132516 0 0 0 1 
1807261650113;1.08553;0.305667;0.969606 -0.208018 0.128816 -0.259995 0.228229 0.958696 -0.169747 -0.690381 -0.0881851 0.193988 0.977032 -0.0995461 0 0 0 1 
1807261650114;0.757919;0.488643;0.952656 0.290114 0.0909953 0.338801 -0.269882 0.944682 -0.186388 -0.0293138 -0.140035 0.153006 0.978253 0.56198 0 0 0 1 
1807261650115;1.40826;0.552852;0.978098 0.191014 0.0826903 -0.33082 -0.196138 0.9788 0.0589909 0.35044 -0.0696692 -0.0739176 0.994828 0.314194 0 0 0 1 
1807261650116;0.547781;0.107117;0.98504 0.172172 -0.00730997 0.0377986 -0.171046 0.982001 0.0801079 -0.0694483 0.0209707 -0.0776591 0.996759 0.267039 0 0 0 1 
1807261650117;1.14474;0.169168;0.932887 0.316921 -0.171124 -0.10567 -0.288456 0.941931 0.171928 0.497806 0.215675 -0.111027 0.970133 -0.408676 0 0 0 1 
1807261650118;1.22447;0.471205;0.963365 0.223011 -0.14898 -0.0583084 -0.249142 0.949787 -0.189298 0.0486404 0.0992834 0.21948 0.970552 -0.51634 0 0 0 1 
1807261650119;1.49971;0.153489;0.978087 0.116565 -0.172504 0.20672 -0.138695 0.982751 -0.122326 0.689377 0.155269 0.143571 0.977384 -0.703906 0 0 0 1 
1807261650120;0.30517;0.22059;0.946638 0.228872 0.226923 0.152883 -0.24214 0.969711 0.0320769 0.125555 -0.212708 -0.0853124 0.973384 0.174491 0 0 0 1 
1807261650121;1.42718;0.128357;0.937719 0.347215 0.0111953 0.394263 -0.346023 0.930667 0.11886 -0.689272 0.0308508 -0.115331 0.992848 0.257505 0 0 0 1 
1807261650122;1.45607;0.202837;0.958561 -0.181238 0.219802 -0.198421 0.219645 0.961515 -0.165062 -0.337078 -0.181427 0.206501 0.961479 -0.670781 0 0 0 1 
1807261650124;1.36594;4.53101;0.0139465 -0.960599 0.277588 2.33381 0.944133 -0.0787679 -0.320012 -0.376855 0.329269 0.266543 0.905835 0.280561 0 0 0 1 
1807261650125;0.804333;4.33749;0.147848 -0.739603 0.656603 1.91798 0.947792 0.295622 0.119576 -0.535051 -0.282546 0.604644 0.744697 0.367202 0 0 0 1 
1807261650126;0.880272;4.86849;0.169488 -0.88093 0.441855 2.30928 0.897734 0.322987 0.299588 -0.228618 -0.40663 0.345891 0.845584 0.348708 0 0 0 1 
1807261650127;1.55898;4.4646;0.112038 -0.940777 0.319979 1.78677 0.990793 0.0811327 -0.108379 -0.286963 0.0759998 0.329175 0.941205 -1.00304 0 0 0 1 
1807261650128;0.837192;4.542;0.257427 -0.913171 0.315989 1.69498 0.954099 0.292 0.0665671 -0.392887 -0.153056 0.284349 0.946425 -0.123835 0 0 0 1 
1807261650129;0.284015;4.41258;0.135348 -0.958078 0.252522 2.13217 0.990785 0.132213 -0.0294228 -0.137393 -0.00519742 0.254177 0.967144 -0.220936 0 0 0 1 
1807261650130;0.193395;4.42565;-0.0184701 -0.971523 0.236223 2.15503 0.993271 -0.0448467 -0.10678 -0.274346 0.114333 0.232661 0.965814 -0.318312 0 0 0 1 
1807261650131;0.6404;4.45115;0.24082 -0.933357 0.266177 2.19234 0.969941 0.241304 -0.0314043 -0.0410991 -0.0349181 0.265739 0.963412 -0.0842609 0 0 0 1 
1807261650132;1.48669;5.17064;0.0984152 -0.956696 0.273948 3.01121 0.99413 0.106948 0.0163511 0.216266 -0.0449413 0.27073 0.961606 -0.680505 0 0 0 1 
1807261650133;0.878362;4.52307;0.387428 -0.872415 0.297978 1.9904 0.908785 0.415742 0.0356075 -0.485577 -0.154947 0.257003 0.953908 0.0573222 0 0 0 1 
1807261650134;0.764145;1.29383;0.338285 0.918188 -0.206139 0.0626933 -0.450066 0.350236 0.821447 -0.557172 0.82644 -0.185107 0.531725 0.191572 0 0 0 1 
1807261650135;0.938287;4.42324;0.0851614 -0.956317 0.279651 2.17421 0.995631 0.0708929 -0.0607659 -0.304724 0.0382863 0.283604 0.958177 0.211191 0 0 0 1 
1807261650136;0.165136;4.23711;0.389765 -0.900657 0.192096 1.95447 0.917924 0.396751 -0.00227956 -0.320196 -0.0741611 0.177218 0.981374 -0.228239 0 0 0 1 
1807261650137;0.685906;4.36574;0.448864 -0.838802 0.30811 1.96679 0.893582 0.419146 -0.160708 -0.208771 0.00565855 0.347458 0.937679 0.0819321 0 0 0 1 
1807261650138;1.14592;4.44862;0.454457 -0.765013 0.456317 1.83713 0.809605 0.568379 0.146579 -0.681826 -0.371496 0.302822 0.877661 -0.235515 0 0 0 1 
1807261650139;0.608764;4.9544;0.104931 -0.944247 0.312069 2.42888 0.99272 0.0807973 -0.0893218 -0.275416 0.0591276 0.319169 0.945851 -0.617572 0 0 0 1 
1807261650140;1.51409;4.68024;0.295862 -0.913707 0.278579 1.79904 0.948135 0.31638 0.0307321 0.309436 -0.116217 0.255038 0.959922 0.239493 0 0 0 1 
1807261650141;0.713806;4.35682;0.174189 -0.983804 0.042283 1.95384 0.76244 0.107572 -0.638054 -0.296581 0.623172 0.14338 0.76883 -0.403811 0 0 0 1 
1807261650142;1.81337;4.42127;0.256366 -0.918653 0.300588 1.84248 0.947464 0.177294 -0.26623 -0.21801 0.19128 0.353048 0.915843 0.628586 0 0 0 1 
1807261650143;1.33398;4.32417;0.186942 -0.902564 0.387854 2.08062 0.982239 0.165264 -0.0888501 0.202509 0.0160947 0.397575 0.917428 0.237741 0 0 0 1 
1807261650144;0.523192;4.18273;0.36654 -0.809532 0.458592 1.69722 0.911821 0.410568 -0.00403448 -0.0965992 -0.185017 0.419632 0.888638 -0.275693 0 0 0 1 
1807261650145;1.32014;5.03443;0.0746879 -0.953484 0.292044 3.07269 0.997096 0.0670411 -0.0361189 -0.357088 0.0148598 0.293894 0.955722 -0.374141 0 0 0 1 
1807261650146;0.396214;4.5786;0.486598 -0.701276 0.520993 1.94074 0.856861 0.499375 -0.128116 -0.117314 -0.170326 0.50876 0.843891 -0.135499 0 0 0 1 
1807261650147;1.75836;4.47369;0.0422392 -0.956677 0.288071 1.64692 0.998507 0.0504177 0.0210274 -0.409091 -0.0346403 0.286753 0.957378 -1.03207 0 0 0 1 
1807261650148;1.81564;4.43125;0.389116 -0.852024 0.350205 2.18125 0.920762 0.371307 -0.119704 -0.981885 -0.0280427 0.369035 0.928993 0.228359 0 0 0 1 
1807261650149;1.27562;4.56738;0.0704833 -0.977922 0.196725 2.2721 0.988938 0.0943088 0.114491 -0.58331 -0.130516 0.186479 0.973751 -0.832127 0 0 0 1 
1807261650150;1.69552;4.55069;0.187102 -0.890903 0.413866 2.543 0.98232 0.172381 -0.0730158 -0.297126 -0.00629287 0.420211 0.907405 0.519315 0 0 0 1 
1807261650151;1.06641;4.34732;0.175925 -0.943988 0.279172 1.9679 0.979826 0.195236 0.0427147 -0.419208 -0.0948266 0.266026 0.95929 -0.759176 0 0 0 1 
1807261650152;1.1455;4.42213;0.265918 -0.920969 0.284788 2.37663 0.960499 0.227987 -0.159575 -0.614586 0.0820359 0.315973 0.945215 0.00144902 0 0 0 1 
1807261650153;0.956413;4.30938;0.332979 -0.907251 0.256947 2.34931 0.933919 0.354906 0.0428645 -0.580146 -0.130081 0.225695 0.965474 -0.146688 0 0 0 1 
1807261650155;0.606131;0.440316;0.99769 -0.019703 -0.0650101 0.00846058 0.0223695 0.998927 0.0405481 -0.00985929 0.0641415 -0.0419087 0.99706 -0.556352 0 0 0 1 
1807261650156;0.187806;0.0634544;0.99838 -0.0568945 0.000861091 -0.235705 0.0568937 0.99838 0.00100561 -0.107086 -0.000916909 -0.000954994 0.999999 0.208723 0 0 0 1 
1807261650157;0.551788;0.41319;0.99919 -0.0357015 0.0185799 -0.141863 0.0383616 0.984462 -0.171356 -0.0628517 -0.0121735 0.17193 0.985034 0.96551 0 0 0 1 
1807261650158;0.699792;0.59838;0.997711 -0.0246727 -0.0629526 -0.0907677 0.0284903 0.997762 0.0604839 -0.00867718 0.0613195 -0.062139 0.996182 -0.622603 0 0 0 1 
1807261650159;0.309546;0.116648;0.992544 0.0859128 -0.0864568 0.341215 -0.103105 0.970114 -0.219656 -0.0857338 0.0650017 0.226932 0.971739 1.06846 0 0 0 1 
1807261650160;0.485518;0.416616;0.999018 -0.029115 -0.0334105 -0.118888 0.0352734 0.978799 0.201764 -0.11222 0.0268278 -0.202744 0.978864 -0.796059 0 0 0 1 
1807261650161;0.330335;0.114087;0.998986 -0.044846 0.00398371 -0.215647 0.0425862 0.912508 -0.406836 -0.31932 0.0146098 0.406593 0.913493 1.35527 0 0 0 1 
1807261650162;0.550603;0.507416;0.993731 0.111373 0.00973269 0.37319 -0.111447 0.993742 0.00745101 -0.0517384 -0.00884195 -0.00848898 0.999925 -0.0384139 0 0 0 1 
1807261650163;0.739956;0.34921;0.992451 0.0442078 0.114397 0.243521 -0.0353983 0.996331 -0.077926 -0.723445 -0.117422 0.0732883 0.990374 0.675377 0 0 0 1 
1807261650164;0.228506;0.0711157;0.957024 0.1158 0.265888 0.428143 -0.12138 0.992596 0.00458999 -0.0870107 -0.263387 -0.036666 0.963993 -0.191588 0 0 0 1 
1807261650165;0.0638727;0.0689326;0.999909 0.00450895 0.0127009 0.0634511 -0.00429596 0.999851 -0.0167467 -0.0575572 -0.0127746 0.0166907 0.999779 0.145912 0 0 0 1 
1807261650166;0.691573;0.430467;0.997374 -0.0683931 -0.0238364 -0.318642 0.0699158 0.995071 0.0703185 -0.298807 0.0189096 -0.0718003 0.99724 0.0438431 0 0 0 1 
1807261650167;0.645574;0.428254;0.953046 -0.000500634 0.302824 0.0979736 -0.0556799 0.98266 0.17686 0.0017204 -0.297662 -0.185417 0.936492 -0.885958 0 0 0 1 
1807261650168;0.448255;0.369078;0.996457 0.0560704 0.0626784 0.20247 -0.0289544 0.928472 -0.370272 -0.37762 -0.0789565 0.367145 0.926806 1.45064 0 0 0 1 
1807261650169;0.539907;0.356635;0.997532 0.0162261 -0.0683095 0.0702765 -0.00977408 0.995548 0.0937488 -0.401669 0.0695265 -0.0928498 0.99325 -0.763093 0 0 0 1 
1807261650170;0.652735;0.344697;0.952941 0.112076 0.281678 0.519299 -0.115019 0.993344 -0.00611726 0.14092 -0.280489 -0.026569 0.95949 0.51692 0 0 0 1 
1807261650171;0.437786;0.274113;0.955922 0.162855 0.244319 0.588348 -0.213446 0.956816 0.197345 0.00693363 -0.20163 -0.240795 0.949402 -0.548368 0 0 0 1 
1807261650172;0.513271;0.433632;0.989266 -0.0347631 -0.141928 -0.266991 0.0340875 0.999393 -0.0071895 -0.659692 0.142092 0.00227436 0.989851 0.0752951 0 0 0 1 
1807261650173;0.421662;0.0866686;0.924624 -0.13466 -0.356282 -0.464826 0.128454 0.990862 -0.0411424 0.156659 0.358567 -0.00772447 0.933472 -0.362066 0 0 0 1 
1807261650174;0.342158;0.0995521;0.995198 0.0841753 -0.0499564 0.340078 -0.0969618 0.917633 -0.38542 -0.153609 0.0133987 0.388414 0.921388 1.30299 0 0 0 1 
1807261650175;0.695425;0.385236;0.995706 -0.0924647 0.0045452 -0.212982 0.0922826 0.995257 0.0307838 0.290912 -0.00737006 -0.0302322 0.999516 -0.294676 0 0 0 1 
1807261650176;0.628882;0.43983;0.997098 0.0626613 0.0432434 0.280673 -0.0583326 0.993768 -0.0949858 -0.207943 -0.0489258 0.0921876 0.994539 -0.177712 0 0 0 1 
1807261650177;0.385778;0.0717061;0.999159 -0.0399257 -0.00936561 -0.173131 0.0398921 0.999197 -0.00374825 0.0215322 0.00950774 0.00337148 0.999949 0.468204 0 0 0 1 
1807261650178;0.865032;0.452937;0.992739 -0.0273258 0.117142 -0.116929 0.0361372 0.99662 -0.0737682 0.00520535 -0.114731 0.0774658 0.990372 1.18688 0 0 0 1 
1807261650179;0.799283;0.0839715;0.898841 -0.259343 -0.353308 -1.41963 0.248616 0.965593 -0.0762895 -0.324784 0.360937 -0.019266 0.932391 0.567699 0 0 0 1 
1807261650180;0.951142;0.264372;0.941732 0.291838 0.167243 1.25383 -0.242199 0.933361 -0.264908 0.0516072 -0.233409 0.208967 0.94966 1.80042 0 0 0 1 
1807261650181;0.58947;0.115204;0.989464 -0.142569 0.0252138 -0.770326 0.141797 0.989437 0.0301364 -0.687692 -0.029244 -0.0262436 0.999228 0.0800329 0 0 0 1 
1807261650182;0.51362;0.338018;0.993202 0.00664814 -0.116212 0.0205482 -0.0125718 0.998654 -0.0503142 0.221908 0.115721 0.0514332 0.991949 -0.168311 0 0 0 1 
1807261650183;0.518467;0.323805;0.974382 0.0516238 -0.218895 0.338087 -0.0751999 0.992063 -0.100776 0.153015 0.211955 0.114655 0.97053 0.434188 0 0 0 1 
1807261650184;0.540083;0.128642;0.98753 -0.156548 0.0166399 -0.635238 0.155796 0.986997 0.0395623 -0.552803 -0.0226169 -0.0364766 0.999079 -0.433967 0 0 0 1 
1807261650186;0.453969;0.283678;0.998293 -0.049922 -0.0303267 0.0989675 0.0524049 0.994785 0.0875049 0.0060278 0.0258001 -0.0889447 0.995702 0.0333515 0 0 0 1 
1807261650187;0.217396;0.0525663;0.998324 0.018673 -0.0547717 -0.0725071 -0.0176314 0.999656 0.0194394 0.0372065 0.0551158 -0.0184412 0.99831 -0.426159 0 0 0 1 
1807261650188;0.833964;0.119165;0.985239 -0.0128006 0.170707 -0.0481224 -0.0251319 0.975579 0.218205 0.225724 -0.169331 -0.219274 0.960857 1.29795 0 0 0 1 
1807261650189;0.543168;0.0564442;0.867294 0.376239 -0.325953 0.255788 -0.367247 0.925635 0.0912692 0.55417 0.336052 0.0405478 0.94097 -1.09283 0 0 0 1 
1807261650190;0.468639;0.139132;0.934953 -0.196837 0.295158 0.0152712 0.223203 0.973038 -0.058117 -0.785535 -0.27576 0.120217 0.953679 1.09796 0 0 0 1 
1807261650191;0.203867;0.0356697;0.992153 0.0508494 0.114221 -0.125975 -0.0431089 0.996668 -0.0692467 -0.0103283 -0.117361 0.0637794 0.991039 0.476591 0 0 0 1 
1807261650192;0.50492;0.302614;0.993805 0.10392 0.0393966 0.352201 -0.0962545 0.982034 -0.162312 -0.0554205 -0.0555562 0.157514 0.985953 0.036742 0 0 0 1 
1807261650193;0.791638;0.181002;0.989877 -0.139719 -0.0249471 0.00971317 0.139791 0.99018 0.00116126 -0.443652 0.0245399 -0.00463688 0.999688 -1.00426 0 0 0 1 
1807261650194;0.736741;0.199685;0.978255 0.203149 -0.0418038 0.339284 -0.207369 0.961807 -0.178678 0.110744 0.00390891 0.183461 0.983019 -0.673418 0 0 0 1 
1807261650195;0.187863;0.0985057;0.975198 0.0150177 -0.220826 0.104438 0.00161935 0.997185 0.0749668 -0.0441528 0.22133 -0.073465 0.972428 -0.629271 0 0 0 1 
1807261650196;0.587609;0.115269;0.995534 0.0900445 -0.0283504 -0.125258 -0.0933861 0.983301 -0.156197 -0.249358 0.0138123 0.158147 0.987319 0.704025 0 0 0 1 
1807261650197;0.541762;0.0380391;0.962077 0.27275 -0.00402115 -0.226499 -0.272639 0.961951 0.0178413 0.93256 0.00873437 -0.0160684 0.999833 -0.186335 0 0 0 1 
1807261650198;0.789459;0.340273;0.994621 0.0428928 -0.0942873 0.286617 -0.0540706 0.991374 -0.11939 0.123446 0.088353 0.123846 0.98836 -0.914395 0 0 0 1 
1807261650199;0.344499;0.139495;0.991425 -0.0734853 -0.108055 0.0709214 0.0646557 0.994444 -0.0830666 -0.130496 0.113559 0.075368 0.990669 -0.515748 0 0 0 1 
1807261650200;0.665434;0.352084;0.995276 0.097078 -0.00123322 0.0438773 -0.0970525 0.995187 0.0135519 -0.307165 0.00254287 -0.0133682 0.999907 -0.0331305 0 0 0 1 
1807261650201;0.637949;0.328063;0.997103 0.0732767 -0.0203871 -0.273856 -0.0736562 0.997112 -0.0185297 0.00926049 0.0189704 0.0199777 0.99962 -0.312463 0 0 0 1 
1807261650202;0.360138;0.0346498;0.996588 0.0825022 -0.00234881 -0.244694 -0.082535 0.996067 -0.0322312 0.132978 -0.000319571 0.0323151 0.999478 -0.350067 0 0 0 1 
1807261650203;0.394841;0.136233;0.901257 -0.135172 -0.411661 0.222605 0.176881 0.982099 0.0647688 -0.568062 0.395537 -0.131188 0.909033 -1.13849 0 0 0 1 
1807261650204;0.612524;0.110655;0.998562 -0.0536032 -0.000770896 -0.0483363 0.0536076 0.998346 0.0207531 -0.259216 -0.000342809 -0.0207646 0.999784 0.7682 0 0 0 1 
1807261650205;0.404722;0.182494;0.87899 0.233292 -0.415873 0.266556 -0.289043 0.954328 -0.0755725 0.750798 0.379249 0.186633 0.906277 -0.922605 0 0 0 1 
1807261650206;0.626556;0.115219;0.963919 -0.263431 -0.0382771 -0.504989 0.257493 0.95918 -0.116919 -1.00724 0.0675148 0.102845 0.992404 0.450793 0 0 0 1 
1807261650207;0.542445;0.121149;0.999359 0.00415809 0.0355605 -0.137338 -0.00375232 0.999927 -0.0114697 -0.193149 -0.0356056 0.0113289 0.999302 0.785507 0 0 0 1 
1807261650208;0.417306;0.0797127;0.952687 -0.0323798 -0.302224 0.00985675 -0.00874274 0.990979 -0.133731 0.100428 0.303828 0.130046 0.94381 -1.04813 0 0 0 1 
1807261650209;0.115948;0.0676942;0.997807 -0.0246082 -0.0614525 -0.0546221 0.0204733 0.997541 -0.0670313 -0.0275007 0.0629509 0.0656262 0.995857 -0.1353 0 0 0 1 
1807261650210;0.290494;0.137747;0.97851 0.202167 0.0405831 0.0339373 -0.187548 0.954388 -0.232314 0.578065 -0.0856981 0.21971 0.971794 0.36086 0 0 0 1 
1807261650211;0.634223;0.457301;0.981845 0.135419 -0.132826 0.42495 -0.154513 0.977154 -0.14593 0.219661 0.11003 0.163804 0.980337 -0.310104 0 0 0 1 
1807261650212;0.518398;0.0623996;0.930396 0.235378 -0.280999 0.134012 -0.208982 0.970415 0.120918 0.66267 0.301147 -0.053778 0.95206 -1.25304 0 0 0 1 
1807261650213;0.562773;0.395624;0.991117 -0.132273 0.0138285 0.0807789 0.123229 0.952472 0.278587 -0.309289 -0.050021 -0.274408 0.960311 -0.131127 0 0 0 1 
1807261650214;0.522212;0.58372;0.990541 0.0970458 0.0970101 0.0622161 -0.113109 0.977719 0.176837 0.242273 -0.0776873 -0.186137 0.979448 0.199715 0 0 0 1 
1807261650215;0.876402;0.245375;0.926377 -0.313222 -0.209086 0.549033 0.30912 0.949551 -0.0528917 -1.21942 0.215104 -0.0156348 0.976466 -0.788671 0 0 0 1 
1807261650217;0.532131;0.388769;0.982315 0.00273781 0.187217 -0.135521 -0.0425618 0.976982 0.209031 -0.0977453 -0.182336 -0.213303 0.959821 -0.735558 0 0 0 1 
1807261650218;0.499155;0.36667;0.994263 -0.0631912 -0.0862968 -0.293151 0.0709121 0.993455 0.0895486 -0.136686 0.0800733 -0.0951543 0.992237 -0.129179 0 0 0 1 
1807261650219;0.721512;0.476193;0.998071 0.0423349 -0.0454061 -0.190789 -0.0398812 0.997763 0.0536474 -0.721185 0.0475757 -0.0517331 0.997527 -0.604672 0 0 0 1 
1807261650220;0.121853;0.0484559;0.994519 -0.0458725 0.093953 -0.152109 0.0429644 0.99854 0.0327461 -0.108269 -0.095318 -0.02853 0.995038 -0.0554491 0 0 0 1 
1807261650221;0.995809;0.341692;0.997513 -0.0704374 0.00247004 -0.348352 0.0704134 0.997479 0.0087645 -0.301864 -0.00308116 -0.00856879 0.999959 -0.868242 0 0 0 1 
1807261650222;1.09618;0.404029;0.999967 0.00112214 0.00808408 0.0127018 -0.00145911 0.999125 0.0417993 -0.243219 -0.0080301 -0.0418097 0.999093 -0.990644 0 0 0 1 
1807261650223;0.826304;0.561281;0.996368 -0.0845396 0.0101694 -0.301177 0.084193 0.995976 0.0307044 -0.335932 -0.0127243 -0.0297367 0.999477 -0.359744 0 0 0 1 
1807261650224;0.375842;0.171185;0.997134 -0.0126348 -0.074591 -0.0463897 0.0330547 0.959627 0.279326 -0.251266 0.0680503 -0.280991 0.957295 -1.09305 0 0 0 1 
1807261650225;0.55112;0.881393;0.996614 -0.0759791 -0.0314398 -0.684249 0.0716194 0.989936 -0.122059 -0.888377 0.0403972 0.119394 0.992025 0.51337 0 0 0 1 
1807261650226;0.761509;0.698227;0.997288 -0.0705965 -0.0208098 -0.336374 0.0703196 0.99743 -0.0137506 -0.176465 0.021727 0.0122499 0.999689 0.434585 0 0 0 1 
1807261650227;0.75985;0.731111;0.999704 0.00161088 -0.0242909 -0.0035016 -0.000729594 0.999343 0.0362456 0.000349909 0.0243333 -0.0362172 0.999048 -0.280612 0 0 0 1 
1807261650228;0.464961;0.401801;0.999114 0.00595105 -0.0416551 0.016081 -0.003082 0.997639 0.0686046 -0.0526826 0.0419651 -0.0684154 0.996774 -0.433973 0 0 0 1 
1807261650229;0.961907;0.441364;0.977465 0.00743888 0.210967 0.00116285 -0.0566022 0.97202 0.227979 0.056602 -0.203368 -0.234782 0.950536 0.241496 0 0 0 1 
1807261650230;1.24871;0.41879;0.95957 -0.0873175 -0.267582 -0.16759 0.107866 0.992164 0.0630521 -0.539201 0.25998 -0.089366 0.96147 -1.59525 0 0 0 1 
1807261650231;0.35278;0.252827;0.979307 -0.0521615 -0.195541 -0.154027 0.0165024 0.983578 -0.179727 -0.136364 0.201705 0.172781 0.964086 0.172265 0 0 0 1 
1807261650232;0.725754;0.644127;0.974722 -0.0102989 -0.223184 -0.0198506 0.0462982 0.986564 0.156675 -0.236611 0.218572 -0.163048 0.962103 -0.747268 0 0 0 1 
1807261650233;0.807473;0.796889;0.995609 -0.00165261 0.0935907 -0.0345791 -0.00518499 0.997335 0.0727682 8.10759e-05 -0.0934615 -0.072934 0.992948 -0.173278 0 0 0 1 
1807261650234;0.330571;0.10559;0.998327 -0.0446594 -0.0367262 -0.170919 0.0438001 0.998755 -0.0238793 -0.0648163 0.0377469 0.0222308 0.99904 0.282926 0 0 0 1 
1807261650235;0.476097;0.270476;0.996583 0.0360362 -0.0743173 -0.0199378 -0.0212758 0.981439 0.190592 -0.354507 0.0798061 -0.18836 0.978852 -0.237372 0 0 0 1 
1807261650236;0.451212;0.456695;0.913895 -0.0621718 -0.401161 -0.164315 0.0245392 0.994856 -0.0982792 -0.189939 0.405207 0.0799727 0.91072 -0.0564838 0 0 0 1 
1807261650237;0.797582;0.372575;0.947262 0.00574751 0.320407 -0.260681 -0.0595869 0.985562 0.158486 -0.378882 -0.31487 -0.169219 0.933928 -0.663298 0 0 0 1 
1807261650238;1.08583;0.952654;0.991626 -0.111126 -0.0658007 -0.617793 0.110118 0.993741 -0.0187646 -0.719574 0.0674742 0.0113616 0.997656 0.829196 0 0 0 1 
1807261650239;1.02135;0.933036;0.972018 0.082149 0.220073 -0.162055 -0.0478891 0.986482 -0.156718 -0.405025 -0.229972 0.141794 0.962812 0.04408 0 0 0 1 
1807261650240;0.859825;0.248494;0.999479 -0.0309354 0.00915588 -0.224625 0.0309232 0.999521 0.00146843 -1.09839e-05 -0.00919692 -0.00118453 0.999957 0.711807 0 0 0 1 
1807261650241;0.991567;0.924491;0.995974 -0.0036919 0.0895671 -0.00907138 -0.0232915 0.954179 0.298329 -0.178016 -0.0865645 -0.299214 0.950251 -0.611531 0 0 0 1 
1807261650242;0.558163;0.408962;0.981149 0.0418802 -0.188661 0.207338 -0.0211148 0.993623 0.110761 -0.0469745 0.192097 -0.10469 0.975776 -0.818705 0 0 0 1 
1807261650243;0.371812;0.281784;0.985017 0.129794 0.113555 0.259306 -0.166391 0.888359 0.42794 -0.279261 -0.0453337 -0.440423 0.896645 -1.14242 0 0 0 1 
1807261650244;0.711238;0.0669765;0.991778 -0.125133 -0.0267867 -0.47168 0.119602 0.980848 -0.153731 -0.437366 0.0455105 0.149263 0.98775 -0.190934 0 0 0 1 
1807261650245;0.732714;0.506787;0.990952 -0.0433406 -0.12703 -0.0866355 0.0129379 0.972868 -0.231 -0.0296013 0.133595 0.227266 0.964626 0.171618 0 0 0 1 
1807261650246;1.2033;0.753488;0.99005 -0.0467074 0.132741 -0.30087 0.0360591 0.996019 0.0815205 -0.352445 -0.13602 -0.0759229 0.987793 0.919728 0 0 0 1 
1807261650248;0.419559;0.47655;0.997436 -0.0693427 -0.0176724 -0.631654 0.0689571 0.997386 -0.0215709 -0.561938 0.019122 0.020297 0.999611 0.0855306 0 0 0 1 
1807261650249;0.496114;0.436694;0.994255 0.0866254 -0.0628726 -0.30286 -0.0938026 0.988088 -0.121995 -0.570573 0.0515558 0.127192 0.990537 0.715965 0 0 0 1 
1807261650250;0.34812;0.399986;0.995976 0.00842853 -0.0892259 -0.163497 -0.0210525 0.989714 -0.141505 -0.239326 0.0871154 0.142814 0.985908 0.784939 0 0 0 1 
1807261650251;0.451728;0.496152;0.961525 0.259193 -0.0910436 0.379006 -0.26768 0.958479 -0.0983094 -0.209927 0.0617824 0.118897 0.990983 0.678073 0 0 0 1 
1807261650252;0.33029;0.391192;0.890138 -0.264984 -0.370726 -1.43569 0.179477 0.951655 -0.24928 -0.284294 0.418858 0.155357 0.894663 0.809607 0 0 0 1 
1807261650253;0.249687;0.410448;0.996145 -0.0873847 0.00762674 -0.871015 0.0875064 0.996012 -0.0174191 -0.107405 -0.00607416 0.0180193 0.999819 -0.24837 0 0 0 1 
1807261650254;0.24129;0.405362;0.99465 0.0964267 0.0370525 -0.229401 -0.0881202 0.979199 -0.182769 -0.082489 -0.0539056 0.178527 0.982457 0.788958 0 0 0 1 
1807261650255;0.565737;0.420928;0.964356 0.0836665 0.251033 -0.279113 0.0198809 0.923105 -0.384034 -0.59551 -0.263861 0.375336 0.888538 2.07307 0 0 0 1 
1807261650256;0.73595;0.415628;0.908007 0.164324 0.385384 -0.0120403 -0.218206 0.970745 0.100201 0.0605746 -0.357644 -0.175076 0.9173 -1.37992 0 0 0 1 
1807261650257;0.0754684;0.39662;0.999561 -0.00836668 -0.0284172 -0.501587 0.00861271 0.999926 0.00854649 -0.0817366 0.0283436 -0.00878748 0.99956 -0.0802192 0 0 0 1 
1807261650258;0.796962;0.980026;0.961987 -0.270089 -0.0404192 -1.99294 0.271563 0.961713 0.0368978 0.0620893 0.028906 -0.0464716 0.998501 0.013804 0 0 0 1 
1807261650259;0.200045;0.420709;0.998656 -0.0514133 -0.00655203 -0.653069 0.0515418 0.998445 0.0212521 0.111239 0.0054492 -0.0215612 0.999753 -0.028609 0 0 0 1 
1807261650260;0.602384;0.447278;0.969436 -0.130103 -0.208008 -1.14816 0.183705 0.946891 0.263912 -0.216822 0.162626 -0.294058 0.941851 -0.55731 0 0 0 1 
