#;prob_registration_l1 -r /home/probabilistic_point_clouds_registration/build/tester /home/point_clouds_registration_benchmark//devel/registration_pairs/pioneer_slam3_local.txt /home/point_clouds_registration_benchmark//tum/pioneer_slam3 -s 0.1 -t 0.1 -p 0.3 -r 1000 -m 10 -i 40 
id;initial_error;final_error;transformation
39885980090000;0.518509;0.180449;0.994618 0.0110692 -0.103019 0.0407067 0.00246325 0.99147 0.130314 -0.0534397 0.103583 -0.129866 0.986106 -0.42189 0 0 0 1 
39885980090001;1.1366;0.984588;0.998351 -0.013941 -0.055678 0.0123936 0.0159655 0.999221 0.0360838 -0.183474 0.0551316 -0.0369132 0.997797 0.268012 0 0 0 1 
39885980090002;0.639436;0.634882;0.999792 0.0033293 0.0201003 -0.000237253 0.000790312 0.979479 -0.201546 -0.00413744 -0.0203588 0.20152 0.979273 -0.11242 0 0 0 1 
39885980090003;0.346141;0.141523;0.955566 -0.0578317 -0.289049 0.122086 -0.0314055 0.955012 -0.294899 0.0994228 0.293099 0.290873 0.910761 -0.836266 0 0 0 1 
39885980090004;1.0895;0.834157;0.969714 -0.024218 -0.243041 0.18507 -0.0289666 0.976646 -0.212893 0.301072 0.242521 0.213485 0.946365 -1.09707 0 0 0 1 
39885980090005;0.90722;0.752999;0.999828 0.00642351 -0.0173841 0.0237416 -0.00762073 0.997539 -0.0697032 0.0604442 0.0168935 0.0698237 0.997416 -0.443653 0 0 0 1 
39885980090006;0.367469;0.0968096;0.979155 -0.0231445 -0.201792 0.0597077 -0.0234839 0.973924 -0.225655 0.0815051 0.201753 0.22569 0.953079 -0.975776 0 0 0 1 
39885980090007;0.500039;0.360345;0.999739 -0.0228296 9.31e-05 0.013766 0.0215823 0.943773 -0.329888 -0.0153608 0.00744333 0.329804 0.94402 -0.353923 0 0 0 1 
39885980090008;1.30544;0.910556;0.985403 0.00702137 -0.170094 0.11385 -0.0187728 0.997537 -0.0675784 0.153932 0.169201 0.0697851 0.983108 -1.0698 0 0 0 1 
39885980090009;1.07285;1.03547;0.999582 -0.00176603 -0.0288436 -0.01776 0.00160114 0.999982 -0.00573885 -0.016541 0.0288533 0.00569027 0.999567 -0.0213582 0 0 0 1 
39885980090010;0.993349;0.848082;0.999853 0.0152722 -0.00778974 -0.010935 -0.0157148 0.998055 -0.0603289 0.0350877 0.00685323 0.0604424 0.998148 0.302117 0 0 0 1 
39885980090011;1.19076;0.785734;0.997935 0.0135142 0.0627878 -0.143897 0.00282693 0.967422 -0.253154 0.220097 -0.0641634 0.252809 0.965386 -0.590885 0 0 0 1 
39885980090012;1.08018;0.525622;0.996718 0.0136279 -0.0797955 0.146621 -0.0234601 0.992054 -0.12361 -0.0833544 0.0774769 0.125076 0.989117 -0.964444 0 0 0 1 
39885980090013;0.734434;0.299122;0.999529 -0.00236372 -0.0305869 -0.0252176 -0.00479827 0.972711 -0.231969 -0.036121 0.0303005 0.232007 0.972242 0.130953 0 0 0 1 
39885980090014;1.32795;0.97647;0.925502 0.0171158 -0.378357 0.291341 0.0563659 0.981629 0.182283 -0.18283 0.374526 -0.19003 0.907535 -1.1458 0 0 0 1 
39885980090015;0.724355;0.0541487;0.999644 0.0145534 0.0223738 0.021396 -0.0145164 0.999893 -0.00181522 0.102112 -0.0223978 0.00148979 0.999748 -0.49542 0 0 0 1 
39885980090016;0.348273;0.0228831;0.981028 0.0133897 -0.193404 0.0784851 0.0283387 0.976992 0.211384 -0.0236524 0.191785 -0.212855 0.958077 -0.374131 0 0 0 1 
39885980090017;0.847163;0.570766;0.9976 -0.000766909 -0.0692333 0.0605091 -0.0135083 0.978567 -0.205485 0.236553 0.067907 0.205927 0.976208 -0.843398 0 0 0 1 
39885980090018;0.98085;0.604912;0.988074 0.00190251 -0.153968 -0.0530469 -0.0277017 0.985805 -0.165592 0.105399 0.151467 0.167882 0.974101 -0.0144265 0 0 0 1 
39885980090019;1.01873;0.50819;0.998804 0.0263602 0.0411853 -0.0431452 -0.0283784 0.998385 0.0492126 -0.0925858 -0.0398216 -0.0503225 0.997939 0.778318 0 0 0 1 
39885980090020;0.349842;0.247708;0.979144 0.068646 0.191221 -0.0828753 -0.0386251 0.98692 -0.156513 0.114059 -0.199464 0.145863 0.968988 0.365769 0 0 0 1 
39885980090021;0.142777;0.0466876;0.977792 -0.00947817 -0.209361 0.0524132 -0.0096764 0.99587 -0.0902771 0.0469098 0.209352 0.0902981 0.973662 -0.543064 0 0 0 1 
39885980090022;0.343863;0.18175;0.9908 0.0170786 0.134251 -0.00631353 -0.0124961 0.999313 -0.0349024 0.0282999 -0.134755 0.0329037 0.990332 0.471324 0 0 0 1 
39885980090023;0.973502;0.906294;0.950147 0.0294205 -0.310412 0.111465 0.03359 0.980087 0.195708 -0.0632251 0.309989 -0.196378 0.930238 -0.557411 0 0 0 1 
39885980090024;1.13358;0.0901454;0.998055 0.0535911 0.0318484 -0.116206 -0.052086 0.997567 -0.0463437 0.0236729 -0.0342545 0.0445947 0.998418 -0.826228 0 0 0 1 
39885980090025;0.64818;0.466254;0.999319 -0.0281849 -0.0237949 0.0173842 0.0265223 0.997366 -0.0675126 -0.117927 0.0256351 0.0668355 0.997435 0.10049 0 0 0 1 
39885980090026;1.25567;0.298233;0.99203 -0.0466761 0.117034 0.0940595 0.0292533 0.988794 0.146392 -0.0488074 -0.122555 -0.141802 0.982279 1.41032 0 0 0 1 
39885980090027;0.709211;0.347885;0.999122 0.0210236 0.0362392 -0.00719285 -0.0207045 0.999744 -0.00915997 0.144068 -0.0364225 0.00840161 0.999301 0.500069 0 0 0 1 
39885980090028;1.02062;0.695699;0.999919 0.00557912 0.0114605 0.0042047 -0.00563499 0.999972 0.00484879 0.0465125 -0.0114331 -0.00491298 0.999923 0.584745 0 0 0 1 
39885980090029;0.737875;0.347102;0.992769 0.0548363 -0.106781 -0.0582875 -0.0350518 0.983218 0.179036 0.0808468 0.114807 -0.173998 0.978031 0.424861 0 0 0 1 
39885980090031;0.500388;0.189113;0.965966 0.0462893 -0.254492 0.353844 -0.0134627 0.991521 0.129247 0.21743 0.258317 -0.121422 0.958399 -1.51862 0 0 0 1 
39885980090032;0.490152;0.616506;0.950938 -0.295695 -0.0910052 0.130556 0.300395 0.95285 0.0428955 -0.405455 0.0740303 -0.0681284 0.994926 -0.350116 0 0 0 1 
39885980090033;0.259006;0.384999;0.960625 -0.170237 -0.219588 0.216756 0.18578 0.981212 0.052037 -0.0567167 0.206604 -0.0907832 0.974204 -0.794484 0 0 0 1 
39885980090034;0.13399;0.224307;0.996929 -0.0531765 -0.057492 0.0654181 0.0504384 0.99757 -0.048072 0.035069 0.0599086 0.0450245 0.997188 -0.218966 0 0 0 1 
39885980090035;0.310003;0.209976;0.992355 0.0700122 -0.10164 0.476498 -0.0929783 0.965656 -0.242617 0.41383 0.0811635 0.250212 0.964783 0.220948 0 0 0 1 
39885980090036;0.791909;0.205825;0.903676 0.0291048 -0.427227 1.45669 0.0677553 0.975401 0.209766 -0.32453 0.422823 -0.218507 0.879474 -1.97817 0 0 0 1 
39885980090037;0.326129;0.348648;0.999693 -0.00359508 0.0245302 0.0358011 0.0042408 0.999645 -0.0263221 0.122469 -0.0244269 0.0264181 0.999352 0.329065 0 0 0 1 
39885980090038;0.582863;0.59092;1 0.000191797 -0.000411026 0.0301907 -0.000206681 0.999333 -0.0365229 -0.000476148 0.000403747 0.036523 0.999333 -0.075451 0 0 0 1 
39885980090039;0.172583;0.239849;0.998738 -0.0487217 -0.012173 -0.0379574 0.0483368 0.998377 -0.0301281 0.137885 0.0136211 0.0295016 0.999472 0.134019 0 0 0 1 
39885980090040;0.259945;0.200052;0.996534 -0.0104455 0.0825259 0.194532 -0.00634413 0.979652 0.200605 0.40499 -0.082942 -0.200433 0.97619 -0.15302 0 0 0 1 
39885980090041;0.477445;0.467744;0.98868 -0.129964 0.0749733 0.00616972 0.127114 0.991014 0.0416261 -0.328161 -0.0797095 -0.0316247 0.996316 -0.103461 0 0 0 1 
39885980090042;0.418217;0.274547;0.997127 0.0756044 0.00456515 0.41967 -0.0755225 0.997015 -0.0160354 0.573593 -0.00576387 0.0156445 0.999861 0.300814 0 0 0 1 
39885980090043;0.341309;0.430082;0.994286 -0.0512627 -0.0936328 0.25402 0.0755042 0.957781 0.277406 -0.0458808 0.0754591 -0.282891 0.956179 -0.74644 0 0 0 1 
39885980090044;0.352045;0.304985;0.924381 -0.152735 0.349559 0.0486325 0.0748964 0.971177 0.226285 -0.0759712 -0.374046 -0.182993 0.909177 0.521809 0 0 0 1 
39885980090045;0.207777;0.411619;0.98092 -0.0650347 0.183213 0.223564 0.0666379 0.997774 -0.00260095 0.188652 -0.182636 0.0147602 0.98307 0.546458 0 0 0 1 
39885980090046;0.379302;0.350042;0.9528 0.0123934 0.303344 0.366488 0.0577834 0.973499 -0.22127 0.0568581 -0.298048 0.228354 0.926834 0.987857 0 0 0 1 
39885980090047;0.227046;0.219955;0.973123 0.0711751 0.219009 0.356235 -0.0856367 0.99468 0.0572513 0.37813 -0.213769 -0.0744678 0.974042 0.185437 0 0 0 1 
39885980090048;0.266999;0.198902;0.9894 0.0525905 0.135357 0.403965 -0.0261685 0.981428 -0.190036 0.299625 -0.142837 0.18448 0.972402 0.971712 0 0 0 1 
39885980090049;0.523967;0.210935;0.945846 -0.0015218 0.324611 0.531161 -0.0860155 0.963069 0.255145 0.357825 -0.313011 -0.26925 0.910785 0.99345 0 0 0 1 
39885980090050;0.207409;0.34854;0.999447 -0.0204311 -0.026216 0.21384 0.0207024 0.999734 0.010122 0.054702 0.0260022 -0.0106591 0.999605 -0.0643424 0 0 0 1 
39885980090051;0.499446;0.182778;0.989151 0.112915 0.0939674 0.694902 -0.0978742 0.983579 -0.151635 0.653112 -0.109546 0.140793 0.98396 -0.0368778 0 0 0 1 
39885980090052;0.316512;0.31471;0.990802 0.0629489 0.119784 0.302561 -0.0427896 0.985535 -0.163982 0.438826 -0.128374 0.157348 0.979164 0.338235 0 0 0 1 
39885980090053;0.450592;0.28115;0.993362 -0.105176 0.0465735 0.0504987 0.107458 0.992975 -0.0495387 0.0885131 -0.041036 0.0542146 0.997686 -0.411336 0 0 0 1 
39885980090054;0.48513;0.469358;0.980792 -0.19213 -0.0336677 0.060199 0.190676 0.907992 0.373087 -0.318871 -0.0411112 -0.37234 0.927185 -0.665879 0 0 0 1 
39885980090055;0.127893;0.266759;0.993908 -0.100152 -0.0460127 0.143846 0.097477 0.993598 -0.0571004 0.033082 0.0514369 0.0522673 0.997308 0.0246922 0 0 0 1 
39885980090056;0.526201;0.463564;0.970339 -0.241735 0.0024877 0.209931 0.238225 0.957898 0.160249 -0.0726743 -0.0411209 -0.154904 0.987073 0.397133 0 0 0 1 
39885980090057;0.593626;0.263691;0.972132 0.0434197 -0.23038 0.884728 0.0394488 0.93839 0.34332 0.0211152 0.231093 -0.34284 0.910525 -0.806855 0 0 0 1 
39885980090058;0.12749;0.151683;0.984974 0.00920404 -0.172458 0.1778 -0.0155044 0.999259 -0.0352215 0.194404 0.172006 0.0373661 0.984387 -0.379045 0 0 0 1 
39885980090059;0.597495;0.304455;0.935925 -0.0923276 -0.339881 0.125038 0.0201788 0.9775 -0.209968 0.105188 0.35162 0.189656 0.91673 0.200284 0 0 0 1 
39885980090060;0.466612;0.314139;0.98214 -0.187752 0.012222 0.00771089 0.18626 0.961036 -0.204247 -0.00845943 0.026602 0.202875 0.978843 0.766265 0 0 0 1 
39885980090062;0.722072;0.670099;0.988352 0.00784272 -0.15198 0.000683881 -0.00290459 0.999461 0.0326868 0.0305141 0.152154 -0.0318647 0.987843 -0.290164 0 0 0 1 
39885980090063;0.21414;0.0728764;0.998292 0.0243047 0.053132 -0.0144951 -0.00129487 0.918352 -0.395762 0.117924 -0.0584128 0.395017 0.916815 -0.338821 0 0 0 1 
39885980090064;0.937509;0.676275;0.999648 0.0116625 0.0238297 -0.0369143 -0.00689293 0.981524 -0.191212 0.0373685 -0.0256195 0.190981 0.981259 -0.700519 0 0 0 1 
39885980090065;0.614008;0.361831;0.943077 0.108131 0.314505 -0.139625 -0.0146652 0.958269 -0.285491 0.192196 -0.332251 0.264627 0.905308 0.458237 0 0 0 1 
39885980090066;0.857809;0.371301;0.99897 0.00528586 0.0450722 0.0214261 -0.00106523 0.995651 -0.0931559 -0.0567371 -0.0453686 0.0930119 0.994631 0.603318 0 0 0 1 
39885980090067;0.711929;0.690096;0.993855 -0.00962478 -0.110268 0.0391707 -0.00516859 0.99109 -0.133092 0.019666 0.110567 0.132844 0.98495 -0.575042 0 0 0 1 
39885980090068;0.589386;0.144893;0.99999 0.00342501 0.00271007 0.00869316 -0.00343978 0.999979 0.0054617 0.0377364 -0.00269131 -0.00547097 0.999981 0.496185 0 0 0 1 
39885980090069;0.410197;0.223215;0.998906 -0.00837702 -0.0460164 0.0452785 0.00919347 0.999804 0.0175598 -0.0496018 0.0458602 -0.0179636 0.998786 -0.360265 0 0 0 1 
39885980090070;0.483885;0.2359;0.936531 0.0784031 0.341705 -0.0200071 -0.0890134 0.995911 0.0154559 0.235759 -0.339096 -0.0448913 0.93968 1.10619 0 0 0 1 
39885980090071;0.64931;0.585927;0.976334 -0.0619169 -0.207213 0.0774704 -0.0120226 0.941119 -0.337861 0.108854 0.215932 0.332356 0.918103 -0.835418 0 0 0 1 
39885980090072;0.398606;0.365077;0.99923 -0.0121695 0.0372977 0.00204574 0.0037958 0.976203 0.216825 -0.0104034 -0.0390488 -0.216516 0.975498 0.378915 0 0 0 1 
39885980090073;0.928997;0.681323;0.954925 0.0947279 -0.281328 0.0460278 -0.0875164 0.995434 0.0381181 0.379403 0.283655 -0.0117791 0.958854 -0.430006 0 0 0 1 
39885980090074;0.42064;0.248502;0.913774 0.0271719 0.405314 0.140283 0.00816105 0.996331 -0.0851923 -0.0179819 -0.406142 0.0811543 0.910199 1.04398 0 0 0 1 
39885980090075;0.428471;0.190111;0.944509 0.0776693 0.319172 -0.00263267 -0.13378 0.978366 0.157806 0.416711 -0.30001 -0.191748 0.934466 1.17062 0 0 0 1 
39885980090076;0.878954;0.690982;0.994079 0.00501942 0.108543 0.032913 -0.00497121 0.999987 -0.000714749 0.00666179 -0.108545 0.000170927 0.994091 0.681172 0 0 0 1 
39885980090077;0.395145;0.411677;0.999331 0.0365428 0.00115369 -0.0499788 -0.0355469 0.97851 -0.203113 0.000863352 -0.00855122 0.202937 0.979155 -0.213785 0 0 0 1 
39885980090078;1.1758;0.179777;0.998978 -0.0367345 0.0263161 -0.011801 0.0379616 0.998137 -0.0477553 -0.13661 -0.0245128 0.0487055 0.998512 -0.96066 0 0 0 1 
39885980090079;1.02505;0.800712;0.964339 -0.0273382 -0.263255 -0.016037 -0.042484 0.965765 -0.255916 0.0809139 0.261239 0.257974 0.930163 -0.501127 0 0 0 1 
39885980090080;0.475546;0.0982094;0.999943 -0.00961081 -0.00470788 0.044987 0.0095161 0.99976 -0.0197436 -0.0237626 0.0048965 0.0196977 0.999794 -0.417995 0 0 0 1 
39885980090081;0.321616;0.0475491;0.94534 -0.0215544 0.325372 0.210273 0.0281745 0.999481 -0.0156476 -0.0849247 -0.324866 0.0239595 0.945457 0.947546 0 0 0 1 
39885980090082;1.0641;0.369881;0.965626 0.123062 0.22896 -0.357409 -0.127002 0.991899 0.0024987 0.408719 -0.226798 -0.0314912 0.973433 -0.0344966 0 0 0 1 
39885980090083;0.893927;0.244464;0.946951 0.0256572 0.320352 -0.130664 -0.131892 0.940022 0.314583 0.0556263 -0.293067 -0.340147 0.893539 0.756707 0 0 0 1 
39885980090084;0.543877;0.483368;0.995444 -0.0497951 -0.0813094 0.0980514 0.036354 0.986588 -0.159132 -0.346168 0.0881429 0.155451 0.983903 -0.337377 0 0 0 1 
39885980090085;0.738131;0.57747;0.881051 0.077179 0.466682 0.118944 -0.0972715 0.995075 0.0190757 0.132798 -0.462911 -0.0622015 0.884219 0.969313 0 0 0 1 
39885980090086;0.60161;0.0681453;0.999749 0.0217365 0.00541042 -0.0174759 -0.0219344 0.998971 0.0397036 0.0449646 -0.00454183 -0.0398123 0.999197 0.573925 0 0 0 1 
39885980090087;0.217577;0.154921;0.999539 0.00761112 -0.0293759 -0.0194629 -0.00691562 0.999695 0.0237054 -0.0311071 0.0295474 -0.0234913 0.999287 -0.117707 0 0 0 1 
39885980090088;0.201974;0.122512;0.99912 -0.0125428 0.040018 -0.0072241 0.0212541 0.974046 -0.225352 -0.0130775 -0.0361528 0.226004 0.973455 -0.247492 0 0 0 1 
39885980090089;0.645809;0.235512;0.914307 0.0210058 -0.404476 0.286442 0.0166051 0.99587 0.0892543 -0.0979586 0.404681 -0.0883222 0.910183 -1.31819 0 0 0 1 
39885980090090;0.450371;0.294058;0.96316 0.0500978 0.26422 -0.00039611 -0.0649533 0.996744 0.0477852 0.164732 -0.260966 -0.0631867 0.963278 0.930863 0 0 0 1 
39885980090091;0.498519;0.245803;0.996929 0.0136978 -0.0771074 -0.0386957 -0.00572823 0.994702 0.102643 -0.0735131 0.0781049 -0.101886 0.991725 0.311012 0 0 0 1 
39885980090093;0.227552;0.110615;0.981272 -0.0187525 0.191711 -0.0045744 0.00840079 0.998469 0.0546673 0.080903 -0.192442 -0.052033 0.979928 0.464204 0 0 0 1 
39885980090094;0.336698;0.363357;0.98418 -0.115227 0.134579 0.472209 0.118879 0.992719 -0.0193934 0.119419 -0.131365 0.0350852 0.990713 -0.0905604 0 0 0 1 
39885980090095;0.148785;0.185825;0.986551 0.011253 -0.163067 -0.0798152 -0.0197738 0.998517 -0.0507247 0.208478 0.162254 0.0532669 0.98531 -0.164525 0 0 0 1 
39885980090096;0.662123;0.403609;0.97384 0.100507 -0.203797 -0.169075 -0.0402594 0.958989 0.280569 0.0726853 0.223638 -0.265024 0.937949 0.176893 0 0 0 1 
39885980090097;0.657715;0.428332;0.968906 0.0504886 0.242222 -0.310513 -0.0650296 0.996506 0.0524126 -0.363823 -0.23873 -0.0665345 0.968804 0.243527 0 0 0 1 
39885980090098;0.630821;0.234864;0.999803 0.0190353 -0.00569053 -0.26185 -0.0198604 0.949815 -0.312181 -0.0525706 -0.000537492 0.312232 0.950006 -0.287942 0 0 0 1 
39885980090099;0.628543;0.465778;0.95753 0.0520445 0.283599 -0.123526 -0.0489574 0.998639 -0.0179672 0.746105 -0.284148 0.00331982 0.958775 0.664252 0 0 0 1 
39885980090100;0.425699;0.283948;0.957496 0.240893 0.158655 -1.1647 -0.2143 0.96226 -0.167724 0.637293 -0.193071 0.126595 0.972984 -0.543949 0 0 0 1 
39885980090101;0.696606;0.517269;0.999636 0.0143445 -0.022844 -0.0978974 -0.0094175 0.979183 0.202759 -0.0353655 0.0252769 -0.20247 0.978962 1.12271 0 0 0 1 
39885980090102;0.122477;0.0693137;0.999865 0.0157094 0.00472738 -0.106306 -0.0157859 0.999738 0.016602 0.0531033 -0.00446533 -0.0166744 0.999851 0.128385 0 0 0 1 
39885980090103;0.717527;0.508127;0.96854 0.139698 0.20595 -0.72012 -0.126965 0.989153 -0.0738653 0.233156 -0.214035 0.0453931 0.975771 0.159621 0 0 0 1 
39885980090104;0.685443;0.537827;0.999754 -0.0216011 -0.00504147 0.218284 0.0217162 0.999476 0.0240054 -0.138252 0.00452028 -0.024109 0.999699 -0.15043 0 0 0 1 
39885980090105;0.47354;0.45621;0.999791 -0.000710826 0.0204349 0.00217945 8.98847e-05 0.999539 0.0303711 -0.0199259 -0.0204471 -0.0303629 0.99933 0.166423 0 0 0 1 
39885980090106;0.459683;0.187734;0.954455 0.158112 -0.253015 -0.5627 -0.130117 0.983727 0.123899 0.268318 0.268488 -0.0853339 0.959496 -0.427097 0 0 0 1 
39885980090107;0.891834;0.83621;0.978104 -0.188708 0.0877565 0.650036 0.187205 0.981999 0.0251299 -0.0534792 -0.090919 -0.00815118 0.995825 0.179029 0 0 0 1 
39885980090108;0.424446;0.286216;0.897316 -0.159054 0.411735 0.405603 0.120863 0.985705 0.117375 0.260009 -0.424519 -0.0555589 0.903713 0.46682 0 0 0 1 
39885980090109;0.495711;0.213398;0.964182 0.265114 -0.00826761 -1.26204 -0.264459 0.963261 0.0467981 0.664099 0.0203707 -0.0429354 0.99887 0.353279 0 0 0 1 
39885980090110;0.968235;0.645462;0.989701 -0.0473889 0.135078 0.228831 0.0137103 0.970657 0.240077 -0.180398 -0.142492 -0.235753 0.96131 1.89909 0 0 0 1 
39885980090111;0.425117;0.0940088;0.999153 0.0352874 0.0211739 -0.263716 -0.0358993 0.998927 0.0292482 0.184229 -0.0201191 -0.0299835 0.999348 0.661458 0 0 0 1 
39885980090112;0.465914;0.238796;0.991399 0.129429 0.0193779 -0.567841 -0.118935 0.952824 -0.27925 0.535493 -0.0546068 0.274544 0.960023 -0.98144 0 0 0 1 
39885980090113;0.34947;0.0986991;0.994332 0.101917 0.0302659 -0.536023 -0.106001 0.928488 0.355912 0.506794 0.0081718 -0.357103 0.934029 1.51051 0 0 0 1 
39885980090114;0.0961654;0.0558053;0.997161 0.0562212 -0.0500818 -0.271092 -0.0557804 0.998391 0.0101556 0.113478 0.0505722 -0.00733323 0.998693 -0.113497 0 0 0 1 
39885980090115;0.726185;0.383268;0.985398 -0.0757353 -0.152497 0.101823 0.0715352 0.996897 -0.0328511 0.374386 0.154511 0.0214626 0.987758 0.746442 0 0 0 1 
39885980090116;0.788969;0.795671;0.999174 -0.00540619 -0.0402671 -0.0329971 0.00415183 0.999505 -0.0311696 0.699414 0.0404157 0.0309767 0.998703 0.639621 0 0 0 1 
39885980090117;0.478045;0.210724;0.995784 0.0450904 0.0798821 -0.310132 -0.0469063 0.998678 0.0210027 0.191376 -0.0788295 -0.0246611 0.996583 0.743634 0 0 0 1 
39885980090118;0.326438;0.353664;0.994694 -0.100215 0.0232367 0.372321 0.0994988 0.99458 0.0301792 0.227021 -0.0261352 -0.0277071 0.999274 0.325296 0 0 0 1 
39885980090119;0.735474;0.396107;0.982239 -0.0879182 0.165759 0.353949 0.0931451 0.995363 -0.0240124 0.102598 -0.16288 0.0390256 0.985874 0.833863 0 0 0 1 
39885980090120;0.723848;0.172569;0.992402 -0.0362679 0.11757 0.032844 0.0454659 0.996031 -0.0765204 0.484026 -0.114329 0.0812845 0.990112 0.548086 0 0 0 1 
39885980090121;0.394688;0.303122;0.998267 0.0550875 -0.0207057 -0.294489 -0.0574233 0.988791 -0.137825 -0.0907028 0.0128811 0.138775 0.99024 -0.211998 0 0 0 1 
39885980090122;0.722168;0.293608;0.987838 0.149716 0.0419634 -0.785544 -0.148859 0.988594 -0.0228638 0.187226 -0.0449078 0.0163391 0.998858 0.89747 0 0 0 1 
39885980090124;0.340489;0.0142552;0.995377 0.0958295 0.00646754 0.300315 -0.0958661 0.995378 0.0056226 -0.648315 -0.00589883 -0.00621663 0.999963 -0.396495 0 0 0 1 
39885980090125;0.370091;0.0819453;0.949481 0.0256635 0.312774 -0.198646 -0.0600071 0.993108 0.100677 -0.296102 -0.308034 -0.114359 0.944477 -1.06508 0 0 0 1 
39885980090126;0.34208;0.0519238;0.913616 0.249411 0.321093 0.687798 -0.260863 0.965346 -0.00759738 -0.533001 -0.311861 -0.0768202 0.947017 -0.571227 0 0 0 1 
39885980090127;0.0863411;0.0456296;0.995965 -0.0254286 -0.0860595 -0.0966396 0.0299907 0.998189 0.0521401 0.0318992 0.0845778 -0.0545107 0.994925 -0.00740245 0 0 0 1 
39885980090128;0.358883;0.0845831;0.985417 0.166178 0.0365798 0.732553 -0.167604 0.985037 0.0401273 0.0144088 -0.0293642 -0.0456731 0.998525 0.306515 0 0 0 1 
39885980090129;0.382249;0.191022;0.979391 0.201919 0.00475656 0.751122 -0.20191 0.979401 -0.00247169 -0.449315 -0.00515766 0.00146036 0.999986 -0.0155656 0 0 0 1 
39885980090130;0.323168;0.0551777;0.979349 0.170419 -0.108783 0.807686 -0.183175 0.975651 -0.120635 -0.0723251 0.0855758 0.13807 0.986718 0.307813 0 0 0 1 
39885980090131;0.505537;0.147635;0.999797 0.00056767 -0.0201574 -0.311273 -0.0017587 0.998249 -0.0591182 -0.633719 0.0200885 0.0591416 0.998047 -0.20099 0 0 0 1 
39885980090132;0.44134;0.366415;0.999319 -0.0113371 -0.035106 -0.0696732 0.00748408 0.994123 -0.108002 0.113665 0.0361241 0.107665 0.993531 0.811596 0 0 0 1 
39885980090133;0.275576;0.085424;0.999466 -0.0321561 -0.0058192 -0.45323 0.032169 0.99948 0.00213095 -0.0986307 0.00574765 -0.00231701 0.999981 -0.150581 0 0 0 1 
39885980090134;0.264805;0.0758322;0.989952 -0.0821756 0.115073 -0.323105 0.108581 0.963079 -0.24635 0.0440838 -0.0905801 0.256369 0.962325 0.964824 0 0 0 1 
39885980090135;0.321182;0.251454;0.99131 0.125041 0.0408594 0.492014 -0.118686 0.984102 -0.132126 -0.0949115 -0.056731 0.126128 0.99039 0.689988 0 0 0 1 
39885980090136;0.536598;0.0381088;0.992317 0.0467843 -0.114538 -0.196246 -0.0619272 0.989254 -0.132443 0.123089 0.107111 0.138519 0.984551 1.51141 0 0 0 1 
39885980090137;0.239766;0.029757;0.999156 0.0250584 0.032558 -0.102843 -0.026649 0.998425 0.0493769 0.0744971 -0.0312694 -0.0502029 0.998249 -0.626284 0 0 0 1 
39885980090138;0.366462;0.0707673;0.950672 -0.291077 -0.107228 -1.10224 0.283517 0.955592 -0.0803834 0.243384 0.125864 0.0460174 0.99098 0.0960602 0 0 0 1 
39885980090139;0.522118;0.370995;0.993179 0.111585 0.0338204 0.411903 -0.113619 0.991346 0.0657497 -0.630874 -0.0261911 -0.0691438 0.997263 0.178027 0 0 0 1 
39885980090140;0.328612;0.0180577;0.977846 -0.0306779 -0.207067 -0.138675 0.0133273 0.99632 -0.0846726 0.0302496 0.208903 0.0800371 0.974656 1.10056 0 0 0 1 
39885980090141;0.0802768;0.0204364;0.999277 -0.0060643 0.0375396 -0.0995064 0.00434781 0.998949 0.0456386 -0.0573184 -0.0377769 -0.0454424 0.998252 -0.134161 0 0 0 1 
39885980090142;0.374391;0.0494048;0.942787 0.235263 -0.236228 1.03818 -0.162633 0.943064 0.29014 -0.59881 0.291037 -0.235121 0.92737 -0.640087 0 0 0 1 
39885980090143;0.228673;0.0878575;0.992633 0.109905 -0.0509948 0.410286 -0.110214 0.993902 -0.00328144 -0.0645458 0.0503232 0.00887761 0.998694 -0.144928 0 0 0 1 
39885980090144;0.446317;0.104333;0.953236 0.302127 0.00775142 1.15368 -0.302227 0.952905 0.025109 -0.680872 0.00019973 -0.0262774 0.999655 0.24242 0 0 0 1 
39885980090145;0.0431272;0.0249548;0.999808 0.00657819 0.0184727 -0.0298065 -0.00729991 0.999202 0.0392777 -0.0466801 -0.0181996 -0.039405 0.999058 -0.174868 0 0 0 1 
39885980090146;0.329175;0.0227326;0.995145 -0.0883639 -0.0433386 -0.15557 0.087044 0.995708 -0.0314558 0.400809 0.0459322 0.0275307 0.998565 0.639545 0 0 0 1 
39885980090147;0.155218;0.0187632;0.999107 0.039332 0.01543 0.0119701 -0.0401615 0.997523 0.0577458 -0.0954689 -0.0131205 -0.058314 0.998212 0.020187 0 0 0 1 
39885980090148;0.427209;0.0143126;0.988688 0.136935 0.0611898 0.308815 -0.11826 0.962663 -0.243503 -0.445652 -0.0922492 0.233513 0.967968 1.50123 0 0 0 1 
39885980090149;0.211483;0.0440169;0.990158 -0.119251 0.07325 -0.608172 0.118446 0.992843 0.0152475 0.165715 -0.074544 -0.00642124 0.997197 0.0793112 0 0 0 1 
39885980090150;0.560906;0.125247;0.958716 0.186184 -0.21494 0.93452 -0.206343 0.975577 -0.0753116 0.401237 0.195668 0.116554 0.973719 0.208811 0 0 0 1 
39885980090151;0.283425;0.0392179;0.953169 0.267828 0.140491 0.844482 -0.221382 0.934352 -0.279242 -0.423305 -0.206057 0.235063 0.949887 0.624424 0 0 0 1 
39885980090152;0.461176;0.128446;0.944917 -0.299001 0.133158 -1.31129 0.294482 0.954192 0.0528987 0.275409 -0.142875 -0.0107722 0.989682 -0.366453 0 0 0 1 
39885980090153;0.364593;0.0250799;0.991522 0.118461 0.0533897 0.095712 -0.12187 0.990356 0.0659039 -0.599521 -0.0450678 -0.0718518 0.996397 -0.712897 0 0 0 1 
39885980090155;0.220386;0.49798;0.998727 -0.0502382 -0.0044168 0.0467399 0.050211 0.99872 -0.00606169 0.24038 0.00471567 0.00583221 0.999972 0.00437179 0 0 0 1 
39885980090156;0.547565;0.642687;0.962729 -0.0692458 0.261455 0.330016 0.0339683 0.989973 0.137114 0.255387 -0.268328 -0.123123 0.955427 1.29643 0 0 0 1 
39885980090157;0.178395;0.118948;0.999852 -0.00276622 0.0170023 0.017886 0.00288386 0.999972 -0.00689865 -0.0334067 -0.0169827 0.00694666 0.999832 -0.0410141 0 0 0 1 
39885980090158;0.913519;0.63124;0.910449 0.0323763 0.412353 0.573172 -0.0886716 0.989032 0.118126 0.762108 -0.404006 -0.144112 0.903333 2.04764 0 0 0 1 
39885980090159;0.31181;0.274213;0.999736 0.000871523 -0.0229596 -0.100979 -0.0110067 0.895322 -0.445284 0.0879389 0.0201681 0.445419 0.895095 -0.194111 0 0 0 1 
39885980090160;0.529179;0.122705;0.999622 -0.0137765 -0.0237936 -0.17044 0.0145143 0.99941 0.0311193 0.0255386 0.0233508 -0.0314529 0.999232 0.464194 0 0 0 1 
39885980090161;0.588623;0.699854;0.985427 -0.0696136 0.155204 0.171831 0.0499367 0.990612 0.127259 0.451216 -0.162606 -0.117654 0.979651 1.08376 0 0 0 1 
39885980090162;0.825722;0.732116;0.985768 -0.15723 -0.0595 0.337081 0.156947 0.987562 -0.00943456 0.207996 0.0602433 -3.80439e-05 0.998184 -0.930536 0 0 0 1 
39885980090163;0.504725;0.250308;0.9981 0.0615751 -0.00207645 0.0788646 -0.0614341 0.99723 0.0419353 0.770849 0.00465287 -0.041728 0.999118 0.0409978 0 0 0 1 
39885980090164;0.244441;0.0789641;0.996873 0.00852482 -0.0785539 0.0155409 0.00138837 0.99212 0.125286 0.00125976 0.0790029 -0.125003 0.989006 -0.400424 0 0 0 1 
39885980090165;0.707584;0.119691;0.999188 0.0390079 0.0100747 -0.234516 -0.0391063 0.999187 0.00975762 0.431973 -0.00968587 -0.0101437 0.999902 -0.637755 0 0 0 1 
39885980090166;0.507941;0.684835;0.983816 0.0976408 0.150244 -0.0828361 -0.0820794 0.990918 -0.106513 1.161 -0.15928 0.0924574 0.982895 0.782907 0 0 0 1 
39885980090167;0.79424;0.659223;0.989268 -0.121471 -0.0811998 0.197399 0.114085 0.989374 -0.0901319 0.430191 0.0912853 0.0799009 0.992614 0.395997 0 0 0 1 
39885980090168;0.994365;0.470966;0.995327 0.0956184 -0.0134649 0.225587 -0.0960307 0.994787 -0.0343158 1.12917 0.0101135 0.0354485 0.99932 0.731074 0 0 0 1 
39885980090169;0.602224;0.198296;0.985271 0.0848716 -0.148451 -0.184849 -0.0970898 0.992286 -0.0770812 0.724088 0.140764 0.090359 0.985911 -0.661625 0 0 0 1 
39885980090170;0.878287;0.947183;0.983204 -0.0233018 -0.181017 -0.0258439 0.062536 0.974789 0.214185 0.558182 0.171463 -0.221908 0.959874 0.349837 0 0 0 1 
39885980090171;0.174618;0.097433;0.991595 0.0617946 -0.113672 0.0124159 -0.0586919 0.997812 0.0304449 0.327698 0.115304 -0.0235174 0.993052 -0.426245 0 0 0 1 
39885980090172;0.809772;0.0260983;0.999893 0.0120667 -0.00822416 -0.38097 -0.0118562 0.999613 0.025171 0.205898 0.00852471 -0.0250709 0.999649 0.730011 0 0 0 1 
39885980090173;0.12527;0.198003;0.998896 -0.00825921 -0.0462449 -0.0496117 0.00272064 0.992942 -0.11857 0.213706 0.0468978 0.118314 0.991868 -0.202603 0 0 0 1 
39885980090174;1.08358;0.614927;0.955608 0.0428253 0.291511 0.0684228 -0.0635174 0.99606 0.0618886 0.71839 -0.287712 -0.0776573 0.954563 1.92063 0 0 0 1 
39885980090175;0.382051;0.12123;0.999853 0.0170938 0.00162831 -0.108643 -0.0171091 0.999804 0.00994116 0.14987 -0.00145805 -0.00996755 0.999949 0.415386 0 0 0 1 
39885980090176;1.01834;1.04107;0.955264 -0.0508239 0.291354 -0.013598 0.0612797 0.997759 -0.0268687 0.188872 -0.289336 0.0435208 0.956238 1.41633 0 0 0 1 
39885980090177;0.304463;0.173374;0.999055 -0.0136121 0.0412772 0.127395 0.01266 0.99965 0.0232403 0.142085 -0.0415791 -0.0226957 0.998877 -0.0755612 0 0 0 1 
39885980090178;0.543046;0.505406;0.995702 0.0123372 0.0917863 -0.202647 -0.00834205 0.999006 -0.043784 0.373005 -0.0922352 0.0428301 0.994816 0.684998 0 0 0 1 
39885980090179;0.361753;0.150273;0.990213 -0.00941838 -0.139246 -0.143225 0.00538624 0.999556 -0.0293056 0.0564273 0.13946 0.0282687 0.989824 -0.0869175 0 0 0 1 
39885980090180;0.25283;0.394861;0.997724 -0.0400494 -0.0542555 0.0497155 0.0413435 0.998882 0.0229431 0.268851 0.0532759 -0.025134 0.998263 0.0260046 0 0 0 1 
39885980090181;0.881259;0.994681;0.981314 0.00281693 -0.192393 -0.0240172 0.0219001 0.99176 0.126223 0.234527 0.191164 -0.128078 0.973166 -0.025523 0 0 0 1 
39885980090182;0.669254;0.478941;0.999227 0.0381919 0.0092736 -0.0463234 -0.0385456 0.998393 0.0415398 0.248109 -0.00767221 -0.0418652 0.999094 -0.511313 0 0 0 1 
39885980090183;0.198594;0.469048;0.968589 0.046282 0.244324 0.0803403 -0.0577528 0.99753 0.0399921 0.660336 -0.241869 -0.0528463 0.968869 0.898294 0 0 0 1 
39885980090184;0.838159;0.31687;0.998902 0.0466492 -0.00420951 -0.0843342 -0.0451007 0.933688 -0.355236 0.571119 -0.0126411 0.355036 0.934767 -0.728192 0 0 0 1 
39885980090186;1.03403;0.77866;0.995696 -0.0862835 0.0338446 0.201529 0.0873564 0.995675 -0.0316169 -1.11276 -0.0309702 0.0344374 0.998927 -0.642337 0 0 0 1 
39885980090187;0.391456;0.0620832;0.998818 0.00444855 0.0483985 -0.0357162 -0.0084977 0.996448 0.0837818 -0.0987561 -0.0478538 -0.084094 0.995308 -0.125017 0 0 0 1 
39885980090188;0.19321;0.0924558;0.995256 -0.0123731 -0.0965022 0.0169352 0.00274095 0.995052 -0.0993131 -0.0599802 0.0972535 0.0985775 0.990366 -0.550718 0 0 0 1 
39885980090189;0.694654;0.425731;0.9739 0.00513894 0.226918 0.124093 -0.0186554 0.998173 0.0574611 0.0830204 -0.226208 -0.0601947 0.972217 1.2561 0 0 0 1 
39885980090190;0.710931;0.11058;0.999171 0.00465575 -0.0404328 -0.0481611 0.00505343 0.971557 0.236753 0.0221648 0.040385 -0.236761 0.970728 0.71356 0 0 0 1 
39885980090191;0.303973;0.222463;0.998226 0.055438 0.0217147 -0.274646 -0.0555015 0.998456 0.00233445 0.0994276 -0.0215518 -0.00353551 0.999761 -0.123569 0 0 0 1 
39885980090192;0.937341;0.17949;0.999789 0.011362 0.0171249 -0.00168353 -0.0113785 0.999935 0.000869758 -0.485047 -0.0171139 -0.00106443 0.999853 0.775687 0 0 0 1 
39885980090193;0.0973903;0.101222;0.9999 0.0118926 0.00758968 -0.0301768 -0.0119305 0.999916 0.00496912 0.030073 -0.00752995 -0.00505917 0.999959 0.0394808 0 0 0 1 
39885980090194;0.330993;0.144831;0.999129 -0.0349264 0.0228521 -0.0127627 0.0359178 0.998363 -0.0445177 -0.32442 -0.0212598 0.0452997 0.998747 0.124894 0 0 0 1 
39885980090195;0.913121;0.249889;0.999189 0.0401527 0.00315746 -0.171481 -0.0399267 0.997771 -0.0534649 0.150265 -0.00529719 0.0532955 0.998565 -0.836681 0 0 0 1 
39885980090196;0.843835;0.182814;0.994073 0.0786846 0.0750223 -0.131118 -0.0809599 0.99633 0.0277799 0.197259 -0.0725612 -0.0336891 0.996795 -0.502425 0 0 0 1 
39885980090197;0.709255;0.137047;0.999392 0.0166946 0.0306168 -0.0735459 -0.0208276 0.989922 0.140074 -0.184618 -0.0279698 -0.140626 0.989668 -0.430076 0 0 0 1 
39885980090198;1.04503;0.594899;0.998559 -0.0321772 -0.0429462 -0.0515673 0.0272648 0.993509 -0.110435 -0.188028 0.046221 0.109104 0.992955 0.644745 0 0 0 1 
39885980090199;0.0833687;0.103923;0.999099 -0.00808261 0.0416665 -0.0226503 0.00783905 0.999951 0.00600538 -0.151931 -0.041713 -0.00567334 0.999114 0.107813 0 0 0 1 
39885980090200;1.06244;0.623778;0.999663 -0.0200361 -0.0165049 -0.0216796 0.0197178 0.999621 -0.0192242 -0.0851725 0.0168838 0.0188923 0.999679 0.75766 0 0 0 1 
39885980090201;0.454509;0.332277;0.978392 -0.0269097 -0.204998 -0.0136502 0.022235 0.999438 -0.0250736 -0.10985 0.205557 0.0199737 0.978441 -0.392537 0 0 0 1 
39885980090202;0.602175;0.297285;0.921544 0.0431858 -0.385864 -0.102221 -0.0176351 0.997425 0.0695144 0.0114557 0.387873 -0.0572558 0.919933 -0.943124 0 0 0 1 
39885980090203;0.367742;0.192622;0.914167 -0.0104079 0.405205 0.214896 -0.0568573 0.986494 0.153612 0.166713 -0.401331 -0.163466 0.901228 1.53916 0 0 0 1 
39885980090204;1.06319;0.16094;0.974343 0.0585098 0.217332 0.108862 -0.0380569 0.994544 -0.0971331 -0.0277427 -0.221829 0.08637 0.971253 1.61144 0 0 0 1 
39885980090205;0.675409;0.251443;0.998889 0.0470021 0.00329539 -0.417622 -0.0466607 0.996499 -0.0693727 -0.352496 -0.00654452 0.0691419 0.997585 -0.280731 0 0 0 1 
39885980090206;0.947378;0.0941478;0.995562 0.0479149 0.0809923 -0.221164 -0.0544471 0.995269 0.0804683 -0.13363 -0.0767535 -0.084521 0.993461 1.14623 0 0 0 1 
39885980090207;0.975527;0.378478;0.997877 -0.051473 -0.039892 -0.142054 0.0524072 0.998367 0.0227368 -0.193202 0.0386565 -0.0247791 0.998945 -0.943467 0 0 0 1 
39885980090208;0.357335;0.406393;0.971078 0.0713261 0.227859 -0.205969 -0.0530836 0.994947 -0.0852168 -0.0386134 -0.232786 0.0706565 0.969958 0.452469 0 0 0 1 
39885980090209;0.567849;0.13965;0.989892 0.141456 0.0101603 -0.603446 -0.141535 0.989904 0.00755864 0.199376 -0.00898848 -0.00892028 0.99992 0.153737 0 0 0 1 
39885980090210;0.29383;0.155145;0.976719 0.014005 0.214064 0.0141141 -0.0314978 0.996414 0.0785271 0.0157496 -0.212196 -0.0834415 0.973658 0.979645 0 0 0 1 
39885980090211;0.573799;0.45307;0.99772 0.0359089 0.0571504 -0.337444 -0.00972254 0.914362 -0.40478 -0.201124 -0.0667914 0.403301 0.912626 0.00434984 0 0 0 1 
39885980090212;0.324919;0.413643;0.996949 0.0632009 -0.0458105 -0.198839 -0.0591866 0.994686 0.0842402 -0.133924 0.0508911 -0.0812719 0.995392 0.163836 0 0 0 1 
39885980090213;0.920265;0.319076;0.993734 -0.0114431 -0.111187 -0.108525 0.0199647 0.996921 0.0758332 -0.296198 0.109977 -0.0775778 0.990902 0.484664 0 0 0 1 
39885980090214;0.527822;0.737773;0.998844 0.00494199 0.0478146 -0.313771 -0.00586766 0.999798 0.0192385 -0.332647 -0.0477099 -0.0194969 0.998671 0.47873 0 0 0 1 
39885980090215;0.58213;0.542913;0.996449 -0.0138711 0.0830463 0.00550496 0.0170086 0.999163 -0.0371921 -0.0913746 -0.0824609 0.0384726 0.995851 0.262226 0 0 0 1 
39885980090217;1.03417;0.87682;0.999789 0.0157452 -0.0132182 0.0139593 -0.0164357 0.998413 -0.0538646 0.109284 0.0123491 0.0540705 0.998461 -0.555221 0 0 0 1 
39885980090218;0.202378;0.177702;0.999554 0.012191 -0.0272767 -0.0255416 -0.0119644 0.999893 0.00845434 0.0578091 0.0273768 -0.00812422 0.999592 -0.156623 0 0 0 1 
39885980090219;0.470141;0.620732;0.993785 -0.0180591 0.109841 0.0719723 0.0109059 0.997801 0.0653785 0.169298 -0.11078 -0.0637743 0.991797 0.431591 0 0 0 1 
39885980090220;1.3181;0.477363;0.971025 0.118974 -0.207257 0.0926976 -0.132654 0.989725 -0.0533599 1.17539 0.198779 0.0793073 0.97683 -0.433702 0 0 0 1 
39885980090221;1.15923;1.06285;0.938573 -0.00061952 0.345079 -0.0141202 0.0594631 0.98533 -0.159963 -0.0401715 -0.339918 0.170657 0.924842 0.734976 0 0 0 1 
39885980090222;0.407338;0.243156;0.977462 -0.00972689 0.210887 0.0180495 -0.0150294 0.993197 0.115471 0.11729 -0.210576 -0.116038 0.970666 0.884077 0 0 0 1 
39885980090223;0.517255;0.505947;0.980078 0.0269715 0.196775 0.0717532 -0.0453548 0.994952 0.089523 0.26053 -0.193367 -0.0966642 0.976353 0.81288 0 0 0 1 
39885980090224;1.08029;1.08066;0.991848 -0.0261135 0.12472 0.0218056 0.014315 0.995415 0.0945759 -0.0338002 -0.126618 -0.0920196 0.987674 0.541358 0 0 0 1 
39885980090225;0.715361;0.465886;0.996089 -0.0204387 -0.0859561 -0.0156607 -0.00236182 0.966368 -0.257153 0.0947021 0.0883211 0.25635 0.96254 0.144676 0 0 0 1 
39885980090226;0.549209;0.469632;0.955753 -0.0184515 0.29359 0.0895958 -0.012582 0.994554 0.103465 0.0438558 -0.2939 -0.102581 0.950316 1.00126 0 0 0 1 
39885980090227;1.15995;0.785577;0.99075 0.135513 -0.00713978 0.221807 -0.134943 0.989404 0.0535807 0.793744 0.014325 -0.0521216 0.998538 -0.488916 0 0 0 1 
39885980090228;0.215505;0.215664;0.996318 0.064203 0.05682 0.013829 -0.0633664 0.997855 -0.0164061 0.319292 -0.0577515 0.0127452 0.99825 0.0104991 0 0 0 1 
39885980090229;0.121617;0.225503;0.999655 0.0262604 -0.00109024 -0.0111046 -0.0261601 0.99813 0.0552434 0.160515 0.00253891 -0.0551958 0.998472 -0.024322 0 0 0 1 
39885980090230;1.03093;0.855711;0.999599 0.0281947 0.00274239 0.0837374 -0.0282006 0.9996 0.00210664 0.178796 -0.0026819 -0.00218313 0.999994 0.522331 0 0 0 1 
39885980090231;0.888653;0.840518;0.993427 -0.00746194 0.114221 0.0101274 -0.0070105 0.992033 0.125782 0.0489598 -0.11425 -0.125756 0.985461 0.527914 0 0 0 1 
39885980090232;0.59802;0.517347;0.983834 -0.0605458 -0.168536 0.159788 0.00245545 0.945586 -0.325364 0.147849 0.179064 0.319691 0.930448 -0.401803 0 0 0 1 
39885980090233;0.0427632;0.162991;0.999119 0.0417359 0.00430183 0.00182359 -0.0417531 0.99912 0.00398343 0.253702 -0.0041318 -0.00415953 0.999983 0.00594091 0 0 0 1 
39885980090234;0.404716;0.25912;0.987839 0.0770215 -0.135063 0.0426351 -0.017405 0.917998 0.396203 0.167962 0.154503 -0.389034 0.908175 -0.44388 0 0 0 1 
39885980090235;0.881271;0.577315;0.994445 0.014221 -0.104291 0.424969 -0.0329387 0.983111 -0.180024 0.623839 0.0999698 0.182459 0.978118 -0.603138 0 0 0 1 
39885980090236;1.0378;0.23698;0.998534 0.05407 -0.00255684 -0.0142166 -0.0540634 0.998534 0.00256881 0.31157 0.00269199 -0.00242681 0.999993 -0.828399 0 0 0 1 
39885980090237;0.452033;0.21989;0.977304 0.0453242 -0.206936 0.151852 0.0174425 0.95631 0.291832 0.0264606 0.211122 -0.288818 0.933816 -0.768993 0 0 0 1 
39885980090238;0.922552;0.206732;0.952585 0.0124544 -0.304016 0.196971 -0.0788587 0.975127 -0.207144 0.690626 0.293875 0.221296 0.929874 -0.364784 0 0 0 1 
39885980090239;0.393854;0.365647;0.995554 -0.026883 -0.0902712 0.0212172 0.0014351 0.962622 -0.270845 0.0626587 0.0941782 0.269511 0.958381 -0.272543 0 0 0 1 
39885980090240;0.68439;0.333468;0.998148 0.0585378 0.0165573 0.0142615 -0.0569884 0.994984 -0.0822188 0.420906 -0.0212872 0.081123 0.996477 -0.231897 0 0 0 1 
39885980090241;0.655728;0.200916;0.961663 0.116078 0.248454 0.0494265 -0.0423202 0.957962 -0.283758 0.523153 -0.270948 0.262365 0.926149 0.32225 0 0 0 1 
39885980090242;0.353633;0.155672;0.908567 0.0990004 0.405839 0.248495 0.00838652 0.966993 -0.254664 0.171331 -0.417655 0.234782 0.877748 1.19779 0 0 0 1 
39885980090243;1.27115;0.648938;0.995217 -0.0915405 0.034123 0.209501 0.0906818 0.995543 0.0259209 0.117591 -0.0363437 -0.0227026 0.999081 0.854865 0 0 0 1 
39885980090244;0.554019;0.73738;0.98656 -0.110834 0.120067 0.202206 0.0826424 0.972329 0.21851 0.0223711 -0.140963 -0.205651 0.96842 0.323113 0 0 0 1 
39885980090245;0.651828;0.254334;0.998461 -0.00703813 -0.0550163 -0.00986366 0.0049399 0.999259 -0.0381816 0.204247 0.0552443 0.0378511 0.997755 0.278379 0 0 0 1 
39885980090246;0.546588;0.642806;0.995571 0.00222377 -0.0939913 0.159862 0.00819613 0.993861 0.110329 0.262049 0.0936597 -0.11061 0.989441 -0.523794 0 0 0 1 
39885980090248;0.37448;0.345974;0.971802 -0.108518 0.209344 -0.0266704 0.0988724 0.993521 0.0560362 0.300739 -0.214069 -0.0337577 0.976235 0.0203827 0 0 0 1 
39885980090249;0.482365;0.332637;0.992518 -0.116609 -0.0361908 0.0595062 0.117199 0.993001 0.0146021 0.103408 0.0342347 -0.0187343 0.999238 -0.325665 0 0 0 1 
39885980090250;0.869457;0.267837;0.929271 0.0567732 0.36501 0.00820982 -0.116453 0.982758 0.143617 -0.533101 -0.350563 -0.175965 0.91986 0.314009 0 0 0 1 
39885980090251;0.521745;0.383773;0.998727 -0.0245673 -0.0440477 0.0409804 0.0239245 0.9996 -0.0150629 -0.012278 0.0444001 0.0139899 0.998916 0.313039 0 0 0 1 
39885980090252;1.01023;0.0851722;0.995024 0.0948351 0.03054 0.31024 -0.0994988 0.961667 0.255532 -0.152712 -0.00513597 -0.257299 0.966318 -0.950492 0 0 0 1 
39885980090253;0.430197;0.15522;0.990694 0.0998687 -0.0924765 0.0788252 -0.0827758 0.98142 0.1731 0.310518 0.108046 -0.163834 0.980553 -0.102344 0 0 0 1 
39885980090254;0.437029;0.137935;0.997625 -0.0598852 0.0340382 -0.0283071 0.0612494 0.997298 -0.040556 0.145329 -0.0315175 0.0425445 0.998597 0.397609 0 0 0 1 
39885980090255;0.581357;0.138311;0.996129 0.0196502 0.0856774 0.096145 -0.0186647 0.99975 -0.0122884 -0.243159 -0.0858974 0.0106417 0.996247 0.372005 0 0 0 1 
39885980090256;0.383432;0.353108;0.982902 -0.17643 0.0526781 -0.0481057 0.178609 0.983109 -0.0399511 0.356499 -0.0447397 0.0486768 0.997812 0.00398721 0 0 0 1 
39885980090257;0.931685;0.169109;0.984545 0.156503 -0.0785969 -0.0251564 -0.161902 0.984478 -0.0677612 0.110346 0.0667721 0.0794389 0.994601 -0.838477 0 0 0 1 
