#;prob_registration_l1 -r /home/probabilistic_point_clouds_registration/build/tester /home/point_clouds_registration_benchmark//devel/registration_pairs/plain_local.txt /home/point_clouds_registration_benchmark//eth/plain -s 0.2 -t 0.2 -p 0.3 -r 1000 -m 10 -i 40 
id;initial_error;final_error;transformation
4215528470000;0.567788;0.485556;0.96224 -0.0313261 0.270395 0.316096 0.0152496 0.998 0.0613534 -0.139851 -0.271776 -0.0549133 0.960793 1.9477 0 0 0 1 
4215528470001;0.547226;0.0574277;0.992011 0.1008 -0.0758557 -0.630941 -0.0621035 0.913593 0.401859 0.84102 0.109809 -0.393937 0.912554 1.07 0 0 0 1 
4215528470002;0.032832;0.0207119;0.999952 0.00760826 0.00619761 -0.0438271 -0.00761945 0.999969 0.00178337 0.0251684 -0.00618386 -0.0018305 0.999979 0.0341543 0 0 0 1 
4215528470003;0.731607;0.540945;0.996391 -0.017941 0.0829597 0.0124514 0.0180265 0.999837 -0.00028149 -0.257989 -0.0829412 0.00177594 0.996553 0.350121 0 0 0 1 
4215528470004;0.518474;0.177483;0.965805 0.0716638 -0.24917 -0.136186 -0.0142794 0.974285 0.224866 0.161171 0.258878 -0.213618 0.941992 -0.228123 0 0 0 1 
4215528470005;0.0948906;0.0684312;0.999635 0.0143025 0.0229187 -0.099022 -0.0121975 0.995913 -0.0894866 0.130811 -0.0241049 0.0891744 0.995724 -0.299513 0 0 0 1 
4215528470006;0.93827;0.568502;0.998915 -0.0351721 -0.0305285 -0.0469646 0.0227125 0.940155 -0.33999 0.120749 0.0406597 0.338928 0.939933 -1.43367 0 0 0 1 
4215528470007;0.649378;0.512682;0.994149 -0.0435519 -0.0988458 0.218732 0.00584137 0.935449 -0.353413 0.408089 0.107857 0.350768 0.930231 -2.01118 0 0 0 1 
4215528470008;0.524363;0.438826;0.962391 0.0260107 -0.270418 0.19262 -0.0633044 0.989475 -0.130119 0.437045 0.264188 0.142344 0.953909 -2.33934 0 0 0 1 
4215528470009;0.400063;0.367999;0.969899 -0.0446187 0.239383 0.202735 0.0574276 0.997252 -0.0467989 -0.406071 -0.236637 0.0591374 0.969797 1.28956 0 0 0 1 
4215528470010;0.581956;0.406428;0.993584 -0.0693231 -0.0893553 0.459334 0.0425246 0.961129 -0.272806 -0.0710562 0.104794 0.267256 0.95791 -2.03775 0 0 0 1 
4215528470011;0.358216;0.165631;0.986487 -0.0856699 0.139656 0.371102 0.114978 0.96924 -0.217607 -0.628194 -0.116717 0.230724 0.965993 -0.133614 0 0 0 1 
4215528470012;0.581653;0.343698;0.984912 0.114877 -0.129425 -0.381613 -0.0730603 0.953996 0.290781 0.541721 0.156875 -0.276938 0.947996 -0.0685006 0 0 0 1 
4215528470013;0.612837;0.0796883;0.9827 -0.055585 0.176667 0.191972 0.0537103 0.998438 0.0153797 -0.29732 -0.177246 -0.00562478 0.984151 0.561732 0 0 0 1 
4215528470014;0.871128;0.650143;0.998823 -0.0144105 0.0463191 -0.0557522 0.0154575 0.999631 -0.0223248 -0.200775 -0.0459803 0.0230145 0.998677 0.725009 0 0 0 1 
4215528470015;0.0605696;0.0192111;0.999919 0.000267206 0.0127106 0.0289619 -5.90142e-05 0.999866 -0.016377 -0.02893 -0.0127133 0.0163749 0.999785 -0.0125708 0 0 0 1 
4215528470016;0.462589;0.13348;0.972989 -0.0212836 0.229867 0.0698836 0.0687516 0.977273 -0.200528 -0.361475 -0.220375 0.210915 0.952339 0.744767 0 0 0 1 
4215528470017;0.763704;0.284258;0.99479 0.0449036 0.0915276 -0.312023 -0.079624 0.902877 0.42246 0.759791 -0.0636682 -0.427547 0.901748 3.00939 0 0 0 1 
4215528470018;0.320962;0.320662;0.998407 -0.00888322 0.0557231 -0.0460302 0.00319481 0.994845 0.101353 -0.0657403 -0.0563362 -0.101014 0.993289 0.72573 0 0 0 1 
4215528470019;0.470754;0.206851;0.90538 0.15697 -0.394522 -0.184125 -0.0979288 0.981302 0.165699 0.605917 0.413155 -0.111385 0.903823 -2.00504 0 0 0 1 
4215528470020;0.901423;0.66471;0.988322 -0.0464459 0.145132 0.141716 0.0614482 0.993022 -0.100659 -0.27006 -0.139444 0.108401 0.984279 -0.0326073 0 0 0 1 
4215528470021;0.310289;0.0907363;0.999689 -0.00345292 -0.024692 -0.0668492 0.00587257 0.99511 0.098603 -0.10613 0.0242308 -0.0987173 0.99482 0.511803 0 0 0 1 
4215528470022;0.501427;0.186922;0.981448 0.0346398 -0.188574 0.117834 -0.0510132 0.99527 -0.0826779 0.362957 0.184818 0.0907638 0.978573 -1.97797 0 0 0 1 
4215528470023;0.509895;0.388724;0.994313 -0.0298708 0.10222 0.177021 0.0446997 0.988273 -0.146009 -0.0944765 -0.0966594 0.149748 0.983988 -0.380817 0 0 0 1 
4215528470024;0.756959;0.452382;0.998078 -0.0219325 0.0579571 0.0267083 0.0210274 0.999648 0.0161819 -0.230123 -0.0582916 -0.0149321 0.998188 0.976086 0 0 0 1 
4215528470025;0.187466;0.15193;0.99599 0.0587455 -0.0674729 -0.283252 -0.0524038 0.994361 0.0921937 0.281159 0.0725084 -0.0882882 0.993452 -0.0946137 0 0 0 1 
4215528470026;0.0729172;0.0295281;0.999372 -0.0353465 -0.00261703 0.163908 0.0353299 0.999357 -0.00613431 -0.223891 0.00283218 0.006038 0.999978 -0.109237 0 0 0 1 
4215528470027;0.80863;0.216773;0.9978 0.00543632 -0.0660725 -0.201469 -0.0137749 0.991882 -0.126413 -0.0281594 0.0648489 0.127045 0.989775 -0.3422 0 0 0 1 
4215528470028;0.511375;0.46146;0.996515 0.0330414 -0.0765959 -0.214141 -0.0184683 0.982812 0.183684 0.0582575 0.0813486 -0.18163 0.979996 0.479149 0 0 0 1 
4215528470029;0.874225;0.465876;0.881611 0.076146 -0.465794 0.699854 -0.0493181 0.99636 0.069536 0.494336 0.469393 -0.0383316 0.882157 -3.14016 0 0 0 1 
4215528470031;0.986719;0.236871;0.999724 -0.0050846 0.0229523 -0.0714349 0.00508632 0.999987 -1.63693e-05 -0.316899 -0.0229519 0.000133108 0.999737 0.926368 0 0 0 1 
4215528470032;1.06872;0.569294;0.994321 -0.0985972 0.0400638 0.467867 0.105513 0.864079 -0.492174 0.0632428 0.0139087 0.493606 0.869574 -2.67663 0 0 0 1 
4215528470033;0.525088;0.178022;0.998889 -0.0460562 0.0100216 0.212236 0.046302 0.998593 -0.0258593 -0.432661 -0.00881653 0.0262945 0.999615 -0.429678 0 0 0 1 
4215528470034;0.461314;0.0884984;0.998884 0.046265 0.00952615 -0.304894 -0.0464328 0.998755 0.018221 0.331314 -0.0086713 -0.0186429 0.999789 -0.173546 0 0 0 1 
4215528470035;0.980295;0.661353;0.999906 -0.0090016 -0.0103104 -0.209575 0.00900542 0.999959 0.000323943 -0.107272 0.0103071 -0.000416762 0.999947 0.0862151 0 0 0 1 
4215528470036;1.14169;0.534196;0.998399 0.052997 0.019749 -0.504161 -0.0563965 0.959195 0.277065 0.358795 -0.00425958 -0.277735 0.960648 2.35758 0 0 0 1 
4215528470037;0.241412;0.124411;0.999863 0.00805617 0.0144358 0.0173003 -0.00763699 0.999554 -0.028861 0.121497 -0.0146618 0.0287468 0.999479 0.0506506 0 0 0 1 
4215528470038;0.130156;0.120915;0.999592 0.0129366 0.0254603 -0.102889 -0.0132243 0.99985 0.011166 0.0927653 -0.025312 -0.0114982 0.999613 0.302182 0 0 0 1 
4215528470039;0.797747;0.337705;0.995402 -0.0534088 -0.0795134 0.200288 0.0301915 0.962746 -0.268716 -0.0561788 0.090903 0.26508 0.959932 -1.76795 0 0 0 1 
4215528470040;0.689028;0.610212;0.99776 0.00451995 -0.0667494 0.0752325 0.0019358 0.995347 0.0963361 -0.0609867 0.0668743 -0.0962495 0.993108 -0.409721 0 0 0 1 
4215528470041;0.231676;0.0770368;0.952649 -0.0741644 -0.294888 1.19217 0.0353608 0.99024 -0.134811 -0.148929 0.302008 0.118 0.945974 -3.33925 0 0 0 1 
4215528470042;0.841266;0.705788;0.989438 -0.0301099 0.141796 0.083337 0.015357 0.994458 0.10401 -0.0677175 -0.144142 -0.100734 0.984416 1.49804 0 0 0 1 
4215528470043;0.639843;0.582217;0.996507 0.0348903 -0.0758685 -0.125219 -0.0325078 0.998946 0.0324145 0.301162 0.0769194 -0.029835 0.996591 -0.617779 0 0 0 1 
4215528470044;0.994474;0.0778299;0.999925 0.00021536 0.0122659 0.0717983 -8.67654e-05 0.999945 -0.0104835 0.0148896 -0.0122675 0.0104816 0.99987 -0.788128 0 0 0 1 
4215528470045;0.386524;0.123575;0.994172 0.0206645 0.105807 -0.235066 -0.0678661 0.882542 0.465311 0.746162 -0.0837639 -0.46978 0.878801 3.4187 0 0 0 1 
4215528470046;1.07289;0.415795;0.97627 0.066294 -0.20616 -0.0492271 -0.0543829 0.996536 0.0629214 0.370384 0.209617 -0.0502167 0.976493 -0.834143 0 0 0 1 
4215528470047;0.459821;0.423853;0.993399 -0.00905394 0.114356 -0.0304942 0.00994543 0.999924 -0.00722755 -0.0901979 -0.114282 0.00831715 0.993414 0.897552 0 0 0 1 
4215528470048;0.649857;0.555415;0.99933 0.0226081 -0.0287928 -0.167162 -0.022239 0.999667 0.0130741 0.169629 0.0290788 -0.012425 0.9995 -0.0722939 0 0 0 1 
4215528470049;0.633618;0.396076;0.999856 -0.0120886 -0.0119176 -0.0792884 0.0137301 0.988744 0.148985 -0.200306 0.00998241 -0.149127 0.988768 1.13983 0 0 0 1 
4215528470050;0.671958;0.351875;0.997887 0.0285 -0.0583931 -0.0570334 -0.0268769 0.999235 0.0283954 0.199668 0.0591577 -0.026766 0.99789 -0.789261 0 0 0 1 
4215528470051;0.865997;0.654233;0.997728 -0.0285155 -0.061044 0.349006 0.0169535 0.983124 -0.182151 0.109065 0.0652079 0.180703 0.981374 -2.07018 0 0 0 1 
4215528470052;0.470145;0.410337;0.998382 0.0224591 -0.0522469 -0.0843461 -0.0238112 0.999394 -0.0254015 0.182726 0.0516447 0.0266045 0.998311 -0.653413 0 0 0 1 
4215528470053;1.01323;0.238612;0.993193 -0.0111374 0.115946 0.107254 0.0228676 0.994691 -0.100337 -0.0808229 -0.114212 0.102306 0.988175 -0.301308 0 0 0 1 
4215528470054;0.877545;0.585589;0.999201 0.0206419 -0.0342106 0.0239731 -0.0196162 0.999356 0.0300511 0.170222 0.0348089 -0.029356 0.998963 -0.681177 0 0 0 1 
4215528470055;0.503431;0.144687;0.996846 -0.0311492 0.0729949 0.0423691 0.0395262 0.992429 -0.116284 0.0460787 -0.0688201 0.118802 0.99053 0.145006 0 0 0 1 
4215528470056;0.338949;0.263444;0.99286 -0.0924873 0.0753351 0.400354 0.106329 0.972439 -0.207499 -0.597487 -0.0540678 0.214028 0.97533 -0.793745 0 0 0 1 
4215528470057;0.60477;0.076912;0.999648 -0.0209197 0.016325 0.16625 0.0204252 0.999344 0.0298904 -0.178244 -0.0169396 -0.0295464 0.99942 -0.195426 0 0 0 1 
4215528470058;0.117082;0.107231;0.998908 -0.0388808 0.0259203 0.177496 0.0396223 0.998801 -0.0287347 -0.304246 -0.024772 0.0297303 0.999251 0.016466 0 0 0 1 
4215528470059;0.289428;0.283776;0.998636 -0.0147157 -0.0500941 0.107949 0.00923568 0.994117 -0.107918 0.0496294 0.0513875 0.107309 0.992897 -1.10816 0 0 0 1 
4215528470060;0.876862;0.503908;0.963722 0.072073 -0.256994 0.439766 -0.0485265 0.994118 0.096823 0.391585 0.262461 -0.0808394 0.96155 -2.34996 0 0 0 1 
4215528470062;1.03489;0.708158;0.96041 -0.105839 0.257702 0.25567 0.171188 0.953985 -0.246183 -1.75298 -0.219788 0.280553 0.934336 2.66696 0 0 0 1 
4215528470063;0.150783;0.150411;0.996913 0.0399569 0.067587 -0.291116 -0.0463023 0.994392 0.095086 0.526141 -0.0634086 -0.0979219 0.993172 1.21259 0 0 0 1 
4215528470064;1.26892;0.233187;0.978283 0.0917119 -0.185877 0.675127 -0.0688302 0.989636 0.126029 0.739514 0.195509 -0.110498 0.974457 -3.04166 0 0 0 1 
4215528470065;0.672821;0.246701;0.999428 -0.0329625 0.00758472 0.0155488 0.0332533 0.998561 -0.0420771 -0.454656 -0.00618684 0.0423052 0.999086 -0.335921 0 0 0 1 
4215528470066;0.971407;0.178427;0.974456 -0.0558544 0.21752 0.102265 0.138166 0.912683 -0.384604 -1.00844 -0.177045 0.404834 0.897087 1.80208 0 0 0 1 
4215528470067;0.479383;0.638279;0.998342 -0.0276276 0.0505021 -0.12808 0.0348907 0.988202 -0.149126 -0.22674 -0.0457863 0.150641 0.987528 0.156018 0 0 0 1 
4215528470068;1.75898;1.44261;0.997436 0.0680461 -0.022153 -0.0469447 -0.0632834 0.983257 0.170885 0.805931 0.0334101 -0.169045 0.985042 -0.14068 0 0 0 1 
4215528470069;1.1695;0.322548;0.996071 -0.0349014 0.0813888 -0.161281 0.0314306 0.998557 0.043543 -0.494273 -0.0827911 -0.0408138 0.995731 1.94173 0 0 0 1 
4215528470070;0.627154;0.189143;0.999872 -0.011365 0.0112642 -0.0118195 0.0109992 0.999427 0.0320236 -0.0960802 -0.0116217 -0.0318956 0.999424 -0.0105498 0 0 0 1 
4215528470071;1.13782;0.371702;0.987384 0.023653 -0.156568 0.705506 -0.011013 0.996644 0.0811123 0.085359 0.157961 -0.0783647 0.984331 -2.49906 0 0 0 1 
4215528470072;1.12233;0.663673;0.998806 0.0129264 -0.0471021 -0.159522 -0.0121131 0.999773 0.0175112 0.0222388 0.0473178 -0.0169197 0.998737 -0.205644 0 0 0 1 
4215528470073;0.253366;0.034082;0.958175 -0.0936111 0.270441 0.322282 0.168561 0.948284 -0.26897 -1.64556 -0.231276 0.303306 0.924401 2.42109 0 0 0 1 
4215528470074;0.891847;0.335294;0.924153 0.169054 -0.342582 1.39482 -0.0881245 0.966909 0.239416 0.77263 0.371721 -0.191067 0.90847 -4.85239 0 0 0 1 
4215528470075;0.661748;0.430477;0.998488 0.0124181 0.0535523 -0.296653 -0.0127379 0.999903 0.00563446 0.251553 -0.0534772 -0.00630808 0.998549 1.08645 0 0 0 1 
4215528470076;1.55682;0.442242;0.99984 0.00286614 -0.0176648 0.107172 -0.00294501 0.999986 -0.00444009 0.215188 0.0176518 0.0044914 0.999834 -1.10659 0 0 0 1 
4215528470077;0.434483;0.367042;0.999227 -0.0389454 0.00527041 0.0846528 0.0392146 0.996896 -0.0682616 -0.373152 -0.00259558 0.0684155 0.997654 -0.312235 0 0 0 1 
4215528470078;1.12372;1.16579;0.960564 -0.0523908 0.27308 0.0305502 0.0550791 0.99848 -0.00218192 -0.780534 -0.272551 0.0171369 0.961989 3.92868 0 0 0 1 
4215528470079;1.36039;1.18898;0.993991 -0.0214921 0.107327 -0.264848 0.0366253 0.989319 -0.141089 -0.273766 -0.103148 0.144172 0.984162 1.30273 0 0 0 1 
4215528470080;1.57691;1.18283;0.981079 0.121707 -0.150568 0.199687 -0.0897134 0.974953 0.203516 1.16833 0.171566 -0.186157 0.967425 -1.65355 0 0 0 1 
4215528470081;1.29705;1.12797;0.997416 0.0591983 -0.0407106 -0.13908 -0.0537337 0.990794 0.124255 0.673236 0.0476915 -0.121746 0.991415 -0.225812 0 0 0 1 
4215528470082;0.754436;0.237509;0.995591 -0.0600818 -0.0720337 0.447036 0.0493226 0.988521 -0.142808 -0.58601 0.0797869 0.138625 0.987126 -1.33382 0 0 0 1 
4215528470083;1.36137;0.585913;0.994602 -0.0128728 0.102963 -0.417002 0.0195592 0.997746 -0.0641967 -0.117997 -0.101904 0.065864 0.992611 1.92653 0 0 0 1 
4215528470084;1.66015;1.34193;0.984584 -0.0139447 -0.174356 0.553499 0.00210634 0.99769 -0.067899 0.133325 0.174901 0.066485 0.982339 -2.96689 0 0 0 1 
4215528470085;1.13067;0.104656;0.999538 -0.0181394 -0.0243842 -0.127467 0.0202691 0.995723 0.0901386 -0.758258 0.0226448 -0.0905912 0.995631 0.570402 0 0 0 1 
4215528470086;1.1632;1.15794;0.928915 -0.0303328 0.369048 0.278252 0.0190294 0.999233 0.0342308 -0.345613 -0.369803 -0.0247747 0.92878 5.54093 0 0 0 1 
4215528470087;0.757202;0.735661;0.997594 -0.0120988 0.0682624 -0.264955 0.0189711 0.994711 -0.100944 -0.0995659 -0.06668 0.101996 0.992548 0.830056 0 0 0 1 
4215528470088;1.28516;0.75797;0.999852 -0.0167821 0.0037949 -0.168945 0.0169071 0.999219 -0.0357143 -0.238795 -0.00319257 0.0357732 0.999355 0.533099 0 0 0 1 
4215528470089;0.703952;0.397211;0.997972 0.0382827 -0.0508656 -0.195168 -0.0365009 0.998703 0.0355093 0.49524 0.052159 -0.0335806 0.998074 -0.294294 0 0 0 1 
4215528470090;1.03548;0.450574;0.958656 -0.112319 0.261465 0.229059 0.205611 0.9086 -0.363553 -1.74256 -0.196733 0.402283 0.894128 1.21454 0 0 0 1 
4215528470091;1.49069;1.55031;0.9983 0.047808 0.0333252 -0.284364 -0.0507738 0.994209 0.0947155 0.630895 -0.0286041 -0.0962466 0.994946 0.765855 0 0 0 1 
4215528470093;0.435815;0.382233;0.99948 -0.00516894 0.0318249 0.0044345 -0.00235077 0.972756 0.23182 -0.0357312 -0.0321562 -0.231775 0.972238 0.248435 0 0 0 1 
4215528470094;0.626818;0.0192077;0.999258 0.0368242 0.0112892 -0.0797248 -0.0363616 0.998587 -0.0387556 0.192578 -0.0127004 0.0383163 0.999185 -0.644353 0 0 0 1 
4215528470095;0.64508;0.478526;0.998802 -0.045587 -0.0177901 0.159172 0.0443759 0.997002 -0.0633832 -0.173769 0.0206262 0.0625178 0.997831 -0.405733 0 0 0 1 
4215528470096;0.715932;0.546646;0.999567 -0.0292144 0.00340702 0.0515572 0.0293425 0.99846 -0.0470788 -0.179571 -0.00202639 0.0471584 0.998885 -0.348228 0 0 0 1 
4215528470097;0.899584;0.857616;0.998654 -0.0492614 0.0162093 0.0755599 0.051528 0.977847 -0.202877 -0.295476 -0.00585616 0.203439 0.97907 0.306733 0 0 0 1 
4215528470098;0.598276;0.381206;0.989904 -0.0209893 0.14018 0.098286 -0.00275024 0.985945 0.167047 -0.062872 -0.141716 -0.165746 0.975933 0.106837 0 0 0 1 
4215528470099;0.333474;0.0400508;0.9713 0.0494273 -0.232666 0.102648 0.0501746 0.913584 0.403542 -0.113815 0.232506 -0.403634 0.884884 -0.44233 0 0 0 1 
4215528470100;0.645112;0.0234587;0.999819 -0.0189839 -0.00122663 0.0185566 0.018978 0.999809 -0.00467062 -0.0370789 0.00131506 0.0046465 0.999988 -0.698404 0 0 0 1 
4215528470101;0.802084;0.668037;0.998791 -0.00579586 0.0488171 0.111529 0.0085006 0.998429 -0.0553816 -0.0842197 -0.0484194 0.0557296 0.997271 0.372649 0 0 0 1 
4215528470102;0.571321;0.0402622;0.999881 -0.0145181 0.00518458 -0.157603 0.0147369 0.998879 -0.0449925 0.200621 -0.00452556 0.0450635 0.998974 -0.531418 0 0 0 1 
4215528470103;0.118159;0.118662;0.999961 -0.0082139 -0.00323234 -0.00796611 0.00820952 0.999965 -0.00136746 -0.0483013 0.00324346 0.00134087 0.999994 -0.0329842 0 0 0 1 
4215528470104;0.483078;0.0840893;0.959365 -0.0151898 0.281759 0.172463 -0.00998291 0.996098 0.0876912 -0.216396 -0.281992 -0.0869406 0.95547 1.163 0 0 0 1 
4215528470105;0.856272;0.752047;0.962948 -0.0155703 0.269239 0.0626559 0.0652858 0.982097 -0.176703 -0.232557 -0.261667 0.187733 0.946724 0.61226 0 0 0 1 
4215528470106;0.960069;0.68395;0.99531 -0.00976044 0.0962447 0.108533 0.00740652 0.999665 0.0247847 -0.105174 -0.0964544 -0.0239556 0.995049 0.841584 0 0 0 1 
4215528470107;0.403602;0.219415;0.952869 0.0477128 -0.299606 0.150795 -0.0485885 0.998809 0.00453078 0.259589 0.299465 0.0102402 0.954052 -1.00027 0 0 0 1 
4215528470108;0.717513;0.587862;0.999955 -0.00278228 0.00908106 0.0899441 0.00328471 0.998437 -0.0557891 -0.112427 -0.00891165 0.0558164 0.998401 0.0850194 0 0 0 1 
4215528470109;0.671253;0.185522;0.9999 -0.0128443 0.00583956 0.00268443 0.0129328 0.999798 -0.0153764 -0.0691926 -0.00564088 0.0154504 0.999865 0.615921 0 0 0 1 
4215528470110;0.085073;0.0205398;0.999695 0.0244371 0.00369083 -0.0265308 -0.0244089 0.999674 -0.00749408 0.0682839 -0.00387276 0.0074017 0.999965 -0.0753458 0 0 0 1 
4215528470111;0.687198;0.0130675;0.998538 0.00273898 0.0539823 -0.137972 -0.00601837 0.998139 0.0606807 -0.00956101 -0.0537156 -0.0609169 0.996696 0.892241 0 0 0 1 
4215528470112;0.990082;0.247472;0.999006 0.0401636 -0.0193358 -0.116577 -0.0364728 0.985881 0.163426 0.195265 0.0256266 -0.162558 0.986366 0.965297 0 0 0 1 
4215528470113;0.115928;0.090569;0.999731 0.0227911 -0.00421817 0.00146828 -0.0227995 0.999738 -0.00195959 0.109386 0.0041724 0.00205523 0.999989 -0.0277585 0 0 0 1 
4215528470114;0.310906;0.0522899;0.999996 -0.00145325 0.00228329 -0.130441 0.00146172 0.999992 -0.0037115 -0.0195773 -0.00227788 0.00371482 0.999991 -0.269379 0 0 0 1 
4215528470115;0.363564;0.301187;0.999795 0.0066508 0.0191056 0.0527729 -0.00513167 0.996902 -0.078489 0.0313356 -0.0195685 0.0783749 0.996732 -0.0283239 0 0 0 1 
4215528470116;0.348278;0.280114;0.922594 -0.0498447 0.382538 0.284909 0.00411281 0.992832 0.119447 0.0125476 -0.385749 -0.108628 0.916186 0.972856 0 0 0 1 
4215528470117;0.290367;0.292221;0.997703 0.0019945 -0.0677157 0.0347176 -0.00779173 0.996312 -0.0854556 0.0433457 0.0672955 0.0857869 0.994038 -0.156692 0 0 0 1 
4215528470118;0.65787;0.364656;0.998574 -0.012102 0.052003 0.193866 0.0160867 0.996909 -0.0769037 -0.126796 -0.0509116 0.0776306 0.995681 -0.328607 0 0 0 1 
4215528470119;0.205525;0.0296697;0.992524 -0.0799176 0.0922506 0.065203 0.0894933 0.990457 -0.104815 -0.121419 -0.0829936 0.112287 0.990204 0.213664 0 0 0 1 
4215528470120;0.310799;0.205512;0.995311 0.0266823 -0.0929716 0.0449289 0.0058519 0.942826 0.333233 0.0374202 0.0965475 -0.332215 0.938249 -0.0398206 0 0 0 1 
4215528470121;0.660347;0.0430545;0.939166 -0.0344362 0.341734 0.249721 0.151581 0.93438 -0.322425 -0.526072 -0.308206 0.354611 0.882757 1.1853 0 0 0 1 
4215528470122;0.789381;0.443672;0.984128 0.00145101 0.177452 -0.0675276 -0.0239396 0.991911 0.124656 0.00818846 -0.175836 -0.126925 0.976203 -0.0111624 0 0 0 1 
4215528470124;0.80876;0.585368;0.946842 0.00166631 0.321696 0.154819 0.0526281 0.985712 -0.160005 -0.0790808 -0.317366 0.16843 0.933226 0.727542 0 0 0 1 
4215528470125;0.139303;0.0860273;0.991167 -0.0382335 -0.12699 0.177066 0.0209003 0.990609 -0.135119 -0.0539752 0.130963 0.131271 0.982658 -0.873126 0 0 0 1 
4215528470126;0.0966618;0.123398;0.998034 -0.00901291 -0.0620233 -0.0342042 0.00985769 0.999863 0.0133278 -0.0310509 0.0618946 -0.013913 0.997986 -0.280981 0 0 0 1 
4215528470127;0.789796;0.224613;0.999951 -0.00967662 0.00220627 -0.161265 0.00967218 0.999951 0.00201368 -0.0271259 -0.00222564 -0.00199224 0.999996 0.662022 0 0 0 1 
4215528470128;0.207096;0.0295935;0.998846 0.0394245 0.027412 -0.125456 -0.039376 0.999222 -0.00230736 0.156523 -0.0274817 0.00122532 0.999622 -0.079879 0 0 0 1 
4215528470129;0.938911;0.108215;0.999945 0.00701288 0.00785442 -0.113158 -0.00699058 0.999971 -0.0028624 0.215602 -0.00787427 0.00280733 0.999965 0.873472 0 0 0 1 
4215528470130;0.991785;0.720334;0.985752 0.0393748 -0.163529 -0.243233 -0.0183236 0.991567 0.128296 0.0263901 0.167202 -0.123471 0.978161 -0.138874 0 0 0 1 
4215528470131;0.387282;0.36729;0.99994 -0.0109622 0.000298346 0.0361545 0.0109638 0.999924 -0.00566616 -0.0292817 -0.000236209 0.00566909 0.999984 -0.115687 0 0 0 1 
4215528470132;0.92999;0.417153;0.999293 -0.0315767 0.0203955 0.171075 0.0324077 0.998601 -0.041787 -0.0367386 -0.0190475 0.0424185 0.998918 -0.788718 0 0 0 1 
4215528470133;0.555582;0.46316;0.999674 0.0144898 0.0210032 -0.030021 -0.00951969 0.975483 -0.219868 0.17072 -0.0236741 0.219597 0.975303 -0.583514 0 0 0 1 
4215528470134;0.99593;0.688595;0.966775 0.00273544 0.255613 -0.0130496 -0.0236496 0.996611 0.0787821 0.0863679 -0.254531 -0.0822097 0.963564 0.482081 0 0 0 1 
4215528470135;1.17319;0.856754;0.987978 -0.0396363 0.14943 -0.00939894 0.0950543 0.918026 -0.384959 -0.349975 -0.121922 0.394535 0.910756 0.287113 0 0 0 1 
4215528470136;0.830588;0.771735;0.998569 -0.0148004 0.0513948 -0.0106269 -0.00108645 0.955137 0.296164 0.0494116 -0.0534724 -0.295796 0.953753 0.952925 0 0 0 1 
4215528470137;0.395265;0.23312;0.988447 -0.0389794 0.146471 -0.0121484 -0.0273782 0.904553 0.425481 0.275414 -0.149076 -0.424576 0.893035 1.76883 0 0 0 1 
4215528470138;1.02893;0.86707;0.995372 0.0493431 -0.082457 0.0314232 -0.0385638 0.991082 0.127554 0.231796 0.0880155 -0.123784 0.988398 -0.405199 0 0 0 1 
4215528470139;0.649753;0.303654;0.989732 -0.0388902 -0.137545 -0.0934816 0.00779432 0.975527 -0.21974 -0.00238518 0.142725 0.216411 0.965814 -0.679579 0 0 0 1 
4215528470140;0.360307;0.0337874;0.899751 -0.0703788 0.430691 0.52986 0.103294 0.993212 -0.0534906 -0.518355 -0.424003 0.092616 0.900913 1.76739 0 0 0 1 
4215528470141;0.657293;0.431846;0.997482 0.011024 -0.0700557 -0.235016 -0.0126663 0.999654 -0.0230422 0.116853 0.0697775 0.0238715 0.997277 -0.447376 0 0 0 1 
4215528470142;0.724166;0.580594;0.999904 0.0130216 0.00471784 -0.110728 -0.0128153 0.999061 -0.0413982 -0.0229285 -0.00525248 0.0413338 0.999132 0.230129 0 0 0 1 
4215528470143;0.681426;0.139429;0.943757 0.109409 -0.312015 -0.283501 -0.0314046 0.969062 0.244813 0.277156 0.329146 -0.221245 0.917994 -1.21999 0 0 0 1 
4215528470144;0.404104;0.266703;0.999811 0.0192841 -0.00258329 -0.191866 -0.0191514 0.998842 0.0441291 0.166272 0.00343129 -0.0440712 0.999022 -0.0162412 0 0 0 1 
4215528470145;0.189223;0.0321194;0.99778 -0.0532443 -0.0400035 0.166457 0.0396967 0.957797 -0.284692 -0.0479681 0.0534735 0.282472 0.957784 -0.88639 0 0 0 1 
4215528470146;0.235131;0.0429748;0.992032 0.0318325 0.121896 -0.151144 -0.0306758 0.999465 -0.0113545 0.0630165 -0.122193 0.0075248 0.992478 0.617291 0 0 0 1 
4215528470147;0.605051;0.375571;0.99911 0.0139293 -0.039811 -0.185251 -0.0140994 0.999893 -0.00399573 0.0563668 0.0397511 0.00455348 0.999199 -0.449368 0 0 0 1 
4215528470148;0.594371;0.286372;0.910696 -0.0515859 0.409844 0.470741 0.00299877 0.992971 0.118319 -0.0395908 -0.413067 -0.106523 0.904449 2.45778 0 0 0 1 
4215528470149;0.787506;0.687757;0.999809 -0.000425539 0.0195648 0.0172069 0.000495666 0.999993 -0.00357964 -0.100061 -0.0195631 0.00358865 0.999802 0.025665 0 0 0 1 
4215528470150;0.616542;0.245164;0.98476 0.0114574 0.173543 -0.0139154 -0.0143992 0.999773 0.015702 0.0120143 -0.173324 -0.0179616 0.984701 1.29129 0 0 0 1 
4215528470151;0.660847;0.517603;0.999643 -0.022438 0.0145226 0.068525 0.0234775 0.99684 -0.075881 -0.106574 -0.0127741 0.0761949 0.997011 -0.405821 0 0 0 1 
4215528470152;0.936036;0.190372;0.993992 0.0334304 0.104227 -0.120607 -0.0378538 0.998452 0.0407549 0.214768 -0.102703 -0.0444554 0.993718 -0.325547 0 0 0 1 
4215528470153;0.43556;0.432943;0.99372 -0.0278312 -0.108381 0.0187275 0.0109578 0.988124 -0.15327 0.00105486 0.11136 0.15112 0.982223 -0.884568 0 0 0 1 
4215528470155;0.767559;0.604732;0.999049 0.0410394 -0.0147013 -0.18667 -0.0393761 0.994246 0.0996242 0.238324 0.0187052 -0.0989506 0.994917 -0.243341 0 0 0 1 
4215528470156;0.534127;0.0298828;0.955453 0.0942401 -0.279692 0.174036 -0.0657073 0.991789 0.109714 0.170848 0.287735 -0.0864485 0.9538 -1.39721 0 0 0 1 
4215528470157;0.770434;0.377627;0.991353 0.00498743 0.131125 -0.0217597 0.00060321 0.999094 -0.0425619 -0.0275522 -0.131218 0.042273 0.990452 1.14019 0 0 0 1 
4215528470158;0.945303;0.645217;0.984738 0.0591168 -0.163694 0.0562069 -0.0318964 0.985915 0.164176 0.197069 0.171094 -0.156449 0.972754 -1.11606 0 0 0 1 
4215528470159;0.28795;0.177437;0.99938 -0.00503744 -0.0348332 -0.0576785 0.00420363 0.999704 -0.023969 0.0134779 0.0349436 0.0238078 0.999106 0.0989342 0 0 0 1 
4215528470160;0.771203;0.520503;0.998503 -0.0100336 -0.0537675 -0.0290734 0.00839993 0.999499 -0.0305248 0.000481413 0.0540468 0.0300275 0.998087 -0.852006 0 0 0 1 
4215528470161;0.233784;0.201116;0.992548 0.0179251 0.120529 0.0208284 -0.0183957 0.999827 0.00279272 0.0981662 -0.120458 -0.00498912 0.992706 0.345035 0 0 0 1 
4215528470162;0.571431;0.301268;0.997471 0.0177911 0.06881 -0.337152 -0.0290015 0.985778 0.16553 0.16062 -0.0648865 -0.167107 0.983801 0.641126 0 0 0 1 
4215528470163;0.611739;0.209974;0.998921 -0.0212602 0.0412879 -0.141211 0.0222524 0.999471 -0.0237235 -0.0464581 -0.0407617 0.0246167 0.998866 0.76587 0 0 0 1 
4215528470164;0.552648;0.45513;0.999063 -0.0175807 0.0395385 0.0535575 0.0190589 0.999121 -0.0373271 -0.169122 -0.0388475 0.0380457 0.998521 0.159419 0 0 0 1 
4215528470165;0.294545;0.0673736;0.998904 0.025351 -0.0393575 -0.0696761 -0.0245056 0.999462 0.0218164 0.335882 0.0398894 -0.020828 0.998987 -0.223381 0 0 0 1 
4215528470166;0.624564;0.53082;0.999193 0.00441777 0.0399273 0.0183265 -0.00291666 0.99929 -0.0375763 0.04461 -0.0400649 0.0374295 0.998496 -0.192736 0 0 0 1 
4215528470167;0.723593;0.0575141;0.996868 0.0790614 -0.00187389 -0.266887 -0.0790042 0.994525 -0.0683914 0.407875 -0.00354349 0.0683252 0.997657 0.78292 0 0 0 1 
4215528470168;0.682452;0.398507;0.926147 0.102987 -0.362831 -0.194891 -0.0746692 0.993023 0.0912647 0.268343 0.369698 -0.0574322 0.927375 -0.486793 0 0 0 1 
4215528470169;0.452691;0.14863;0.995814 0.0542148 -0.0735841 -0.00568124 -0.0457309 0.992605 0.112447 0.233923 0.0791363 -0.108612 0.990929 -0.617327 0 0 0 1 
4215528470170;0.927037;0.0595231;0.973345 0.188427 -0.130745 -0.510739 -0.118212 0.900706 0.418037 1.05717 0.196532 -0.391438 0.898972 -0.803661 0 0 0 1 
4215528470171;0.544194;0.351658;0.912989 -0.0236906 -0.407297 0.473312 -0.0707475 0.973995 -0.215239 0.313014 0.401804 0.225326 0.887571 -1.75234 0 0 0 1 
4215528470172;0.700934;0.486499;0.90402 0.00190177 0.427486 0.276806 0.0128184 0.99942 -0.0315538 -0.139179 -0.427298 0.0340049 0.903471 1.73493 0 0 0 1 
4215528470173;0.534414;0.28672;0.983331 0.0334277 -0.178728 0.041644 -0.0377645 0.999068 -0.0209169 0.153922 0.177862 0.0273178 0.983676 -1.13726 0 0 0 1 
4215528470174;0.297039;0.0488446;0.99718 0.0711054 0.0239992 -0.0720994 -0.0741812 0.982341 0.171763 0.25896 -0.0113621 -0.173059 0.984846 -0.0849315 0 0 0 1 
4215528470175;0.347703;0.197653;0.993715 0.0200789 0.110124 -0.0425491 -0.0624577 0.915863 0.396602 0.22777 -0.0928957 -0.400988 0.911361 0.548936 0 0 0 1 
4215528470176;0.75672;0.562243;0.950662 -0.0120689 0.309994 0.0358891 0.0761742 0.977733 -0.195538 -0.0593765 -0.300731 0.209505 0.930413 0.442451 0 0 0 1 
4215528470177;0.756848;0.222833;0.997601 0.0597967 -0.0348722 0.0223279 -0.0466778 0.953109 0.299006 0.124519 0.0511166 -0.296661 0.953614 -0.696484 0 0 0 1 
4215528470178;0.523311;0.483292;0.983187 -0.0205404 -0.181442 0.148097 0.00474244 0.99619 -0.0870772 -0.00434104 0.182539 0.0847527 0.979539 -0.891788 0 0 0 1 
4215528470179;0.41696;0.224331;0.957641 0.110424 -0.265951 0.00317845 -0.041386 0.966745 0.252373 0.32759 0.284974 -0.230676 0.930365 -0.745623 0 0 0 1 
4215528470180;0.591922;0.270461;0.993066 0.0364629 -0.111763 -0.0331349 -0.0328402 0.998879 0.0340866 0.217442 0.11288 -0.0301799 0.99315 -0.873047 0 0 0 1 
4215528470181;0.100371;0.0243062;0.997061 0.0728627 -0.023664 -0.0564757 -0.0694063 0.989903 0.123591 0.264609 0.0324302 -0.121585 0.992051 0.011217 0 0 0 1 
4215528470182;0.852078;0.358945;0.992472 0.00133841 -0.122461 0.0844788 0.003689 0.99916 0.0408172 0.029191 0.122413 -0.0409617 0.991634 -1.28725 0 0 0 1 
4215528470183;0.165427;0.0254646;0.99899 -0.00712516 0.0443703 0.0880352 0.011977 0.993853 -0.110062 -0.0276572 -0.0433133 0.110482 0.992934 0.136783 0 0 0 1 
4215528470184;0.841318;0.382834;0.87976 -0.00746588 -0.475359 0.592931 -0.0371458 0.995741 -0.0843856 0.366909 0.473964 0.0918966 0.875736 -2.41349 0 0 0 1 
4215528470186;0.933251;0.517774;0.999838 0.00554279 0.0171456 0.0168905 -0.00718828 0.995214 0.0974509 0.000552723 -0.0165234 -0.0975584 0.995093 -0.545366 0 0 0 1 
4215528470187;0.872934;0.515376;0.960523 -0.058819 -0.271912 0.331871 -0.00973306 0.969691 -0.244141 0.285016 0.278031 0.23715 0.930838 -2.3167 0 0 0 1 
4215528470188;0.636802;0.268745;0.999955 -0.00254474 -0.00913969 -0.153608 0.000942158 0.98523 -0.171235 -0.118029 0.00944045 0.171219 0.985188 0.0282784 0 0 0 1 
4215528470189;0.616608;0.424643;0.920835 0.0156417 0.389638 0.282489 0.0297382 0.993469 -0.110162 -0.173182 -0.388816 0.113029 0.914356 1.7171 0 0 0 1 
4215528470190;0.721491;0.365464;0.999779 0.0186283 0.00979148 -0.111245 -0.0184217 0.999614 -0.0207816 0.0676929 -0.0101748 0.0205966 0.999736 -0.555601 0 0 0 1 
4215528470191;0.988569;0.382489;0.999 0.0446691 0.00170138 -0.244226 -0.0446362 0.994762 0.0919549 0.16866 0.00241508 -0.091939 0.995762 0.99726 0 0 0 1 
4215528470192;0.483071;0.44518;0.996316 0.00829376 0.0853557 -0.081628 -0.000468408 0.995824 -0.0912938 -0.0344133 -0.0857564 0.0909175 0.992159 0.220524 0 0 0 1 
4215528470193;1.00219;0.808362;0.993186 -0.00389853 0.116476 0.0211057 -0.00467698 0.997302 0.0732607 -0.0484197 -0.116447 -0.0733063 0.990488 1.17943 0 0 0 1 
4215528470194;0.574823;0.450276;0.97206 -0.0353985 -0.23205 0.238888 -0.033494 0.957532 -0.286375 0.318369 0.232332 0.286146 0.929592 -1.8006 0 0 0 1 
4215528470195;0.262201;0.177938;0.99953 0.0280597 -0.0123201 -0.120035 -0.0274679 0.998572 0.0458273 0.161684 0.0135884 -0.0454674 0.998873 0.106133 0 0 0 1 
4215528470196;0.705585;0.217389;0.998952 0.0367028 0.0273428 -0.108629 -0.0392343 0.994346 0.0986727 0.234558 -0.0235666 -0.0996421 0.994744 0.917256 0 0 0 1 
4215528470197;0.958351;0.620879;0.97217 -0.0125457 -0.233942 -0.017823 -0.00351628 0.997671 -0.0681149 0.0113975 0.234252 0.0670418 0.969862 -0.501566 0 0 0 1 
4215528470198;0.657229;0.498329;0.992178 0.0249924 -0.122302 0.0790281 -0.018411 0.998336 0.0546506 0.164005 0.123465 -0.0519714 0.990987 -0.628247 0 0 0 1 
4215528470199;0.280312;0.143888;0.956764 -0.00888244 0.290728 0.163998 -0.0624864 0.969919 0.235271 0.369934 -0.284073 -0.243266 0.927429 1.59052 0 0 0 1 
4215528470200;0.717676;0.611095;0.977408 0.0666581 -0.200575 -0.141856 -0.0476117 0.994014 0.0983324 0.229832 0.205929 -0.0865612 0.974731 -0.495914 0 0 0 1 
4215528470201;0.269494;0.022252;0.998546 -0.024827 0.0478488 0.001718 0.0258536 0.999446 -0.0209573 0.0929148 -0.047302 0.0221639 0.998635 0.288466 0 0 0 1 
4215528470202;0.839096;0.503721;0.95652 -0.0276654 0.29035 0.041275 0.010022 0.998021 0.0620783 -0.0439609 -0.291493 -0.0564693 0.954905 0.673413 0 0 0 1 
4215528470203;0.446878;0.441421;0.999581 0.027166 -0.00998763 -0.114612 -0.0270933 0.999606 0.0073456 0.0563959 0.0101832 -0.00707192 0.999923 0.00112931 0 0 0 1 
4215528470204;0.245546;0.234807;0.999925 -0.0080358 -0.00926841 -0.0313694 0.00782721 0.99972 -0.0223263 -0.0197957 0.00944522 0.0222521 0.999708 -0.0826769 0 0 0 1 
4215528470205;0.862633;0.0239577;0.99952 0.0307789 -0.00344487 -0.127843 -0.0307713 0.999524 0.00223835 -0.0295282 0.00351212 -0.00213128 0.999992 0.832571 0 0 0 1 
4215528470206;0.412937;0.241806;0.998606 0.0476452 -0.0226958 -0.144065 -0.0388728 0.954927 0.294285 0.125918 0.0356941 -0.292992 0.955448 0.289279 0 0 0 1 
4215528470207;0.79837;0.0801445;0.998019 0.0587833 -0.0223984 0.297497 -0.0425814 0.893376 0.447287 0.0433553 0.0463032 -0.445447 0.89411 0.28289 0 0 0 1 
4215528470208;0.797346;0.315653;0.998327 0.00697685 0.0573974 -0.150029 -0.0198951 0.973527 0.227705 0.215925 -0.0542893 -0.228466 0.972037 1.39348 0 0 0 1 
4215528470209;0.744174;0.074584;0.99961 0.0215098 -0.0178213 -0.0915468 -0.0218981 0.999521 -0.0218862 0.292376 0.017342 0.0222679 0.999602 0.575701 0 0 0 1 
4215528470210;0.00963021;0.0200969;0.999976 -0.00201912 0.00666506 -0.00150305 0.00203647 0.999995 -0.00259659 0.00809428 -0.00665978 0.0026101 0.999974 0.0106006 0 0 0 1 
4215528470211;0.575999;0.2704;0.994437 0.0293605 -0.101159 -0.000383799 -0.0257691 0.998997 0.0366278 0.115178 0.102133 -0.0338173 0.994196 -0.862517 0 0 0 1 
4215528470212;0.0961837;0.0118475;0.999188 -0.03884 -0.0106897 0.10413 0.0370766 0.990424 -0.13299 -0.103623 0.0157527 0.132486 0.99106 -0.289169 0 0 0 1 
4215528470213;0.289621;0.174255;0.969226 -0.038179 -0.243194 0.143005 -0.0400992 0.950221 -0.308987 0.288135 0.242885 0.30923 0.919448 -1.63741 0 0 0 1 
4215528470214;0.573067;0.194181;0.999354 -0.00730442 -0.0352026 0.0924758 0.00905041 0.998723 0.0496972 0.00348342 0.0347946 -0.0499837 0.998144 -0.576265 0 0 0 1 
4215528470215;0.890995;0.354964;0.999983 -0.00488335 0.00310478 0.00479848 0.00492032 0.999916 -0.0120129 0.0259341 -0.00304586 0.0120279 0.999923 -0.830137 0 0 0 1 
4215528470217;1.22438;0.0821979;0.999717 0.0150766 -0.0183918 0.322468 -0.0155011 0.999612 -0.0231596 0.297026 0.0180355 0.0234382 0.999563 -0.9892 0 0 0 1 
4215528470218;0.463441;0.614774;0.999527 -0.0266152 -0.0154303 0.0333023 0.0232277 0.981748 -0.188762 0.0457987 0.0201726 0.188314 0.981902 -1.25111 0 0 0 1 
4215528470219;1.25639;0.819009;0.997688 0.0514212 -0.0444344 -0.208605 -0.0365801 0.957363 0.286563 0.177179 0.0572753 -0.284275 0.95703 0.448759 0 0 0 1 
4215528470220;0.864498;0.102136;0.98849 0.0445693 0.144575 -0.310955 -0.100942 0.906108 0.410827 0.68878 -0.11269 -0.420692 0.900177 3.20699 0 0 0 1 
4215528470221;0.77456;0.848591;0.976369 -0.0055487 0.216037 -0.111076 0.0013364 0.999806 0.0196392 -0.0914724 -0.216104 -0.0188864 0.976188 2.26822 0 0 0 1 
4215528470222;0.34545;0.311269;0.997782 -0.049268 0.0447568 0.221267 0.0496247 0.998744 -0.00689222 -0.521912 -0.044361 0.00909798 0.998974 0.310948 0 0 0 1 
4215528470223;0.822643;0.529277;0.994078 -0.0640889 -0.0877598 0.556522 0.0536435 0.991729 -0.116602 -0.268192 0.0945068 0.111204 0.989294 -1.98708 0 0 0 1 
4215528470224;0.61224;0.255646;0.998391 -0.0175126 0.0539413 0.159659 0.025734 0.987467 -0.155714 -0.0427965 -0.0505383 0.156852 0.986328 -0.0608843 0 0 0 1 
4215528470225;0.96443;0.506713;0.999814 0.00198456 0.0191819 -0.040304 -0.00195051 0.999996 -0.00179351 0.294684 -0.0191854 0.00175576 0.999814 -0.0608125 0 0 0 1 
4215528470226;1.60186;0.430118;0.998745 0.0492401 0.00911639 -0.590459 -0.0488223 0.916958 0.395986 0.477314 0.0111391 -0.395935 0.918211 2.86976 0 0 0 1 
4215528470227;0.62327;0.147645;0.993852 0.0119473 0.110071 -0.154968 -0.00484146 0.9979 -0.0645993 0.201615 -0.110612 0.0636693 0.991822 0.492928 0 0 0 1 
4215528470228;0.76285;0.798106;0.971848 0.0123811 -0.235283 0.4546 0.0100064 0.995548 0.0937196 -0.17921 0.235396 -0.0934355 0.967398 -1.96005 0 0 0 1 
4215528470229;0.828483;0.16936;0.933979 0.0112242 -0.357152 0.813241 -0.0339365 0.997775 -0.0573894 0.614771 0.355713 0.065721 0.932282 -4.10469 0 0 0 1 
4215528470230;1.52282;1.24202;0.999918 0.00895278 -0.00910783 -0.152803 -0.00878366 0.999791 0.0184424 0.189929 0.00927104 -0.0183609 0.999788 -0.10006 0 0 0 1 
4215528470231;1.36079;1.15601;0.953874 0.0554825 -0.295035 0.762233 -0.0492165 0.998378 0.0286277 0.539143 0.296144 -0.0127866 0.955058 -3.13823 0 0 0 1 
4215528470232;1.01124;0.456566;0.995915 0.02177 0.0876275 -0.19581 -0.026128 0.998462 0.048897 0.131729 -0.0864282 -0.0509868 0.994953 0.71956 0 0 0 1 
4215528470233;0.360528;0.0862572;0.999815 -0.0175746 -0.0078345 0.106515 0.0176631 0.999779 0.0113658 -0.326051 0.00763302 -0.0115021 0.999905 0.116191 0 0 0 1 
4215528470234;0.247697;0.111036;0.999987 0.00445156 0.00259994 -0.103283 -0.0044501 0.99999 -0.000566221 0.0504127 -0.00260243 0.000554643 0.999996 -0.0338911 0 0 0 1 
4215528470235;1.12906;1.08958;0.980266 -0.0978691 -0.171754 0.961779 0.0595665 0.9747 -0.215436 -0.179751 0.188493 0.200954 0.961295 -3.14804 0 0 0 1 
4215528470236;0.421865;0.260787;0.987127 0.152998 -0.0466003 -0.613436 -0.132568 0.945703 0.29677 1.36102 0.0894752 -0.286772 0.953811 0.541859 0 0 0 1 
4215528470237;1.6174;1.10594;0.999721 0.0200772 -0.0124617 -0.274781 -0.0199011 0.999703 0.0140936 0.0399385 0.012741 -0.0138417 0.999823 0.629695 0 0 0 1 
4215528470238;1.42655;0.0502945;0.971711 -0.102635 0.212706 0.24636 0.130563 0.983944 -0.121683 -1.6186 -0.196802 0.146012 0.96951 2.05359 0 0 0 1 
4215528470239;1.23487;0.525161;0.994061 0.0403296 -0.10108 -0.266258 -0.0360636 0.998394 0.0436831 0.263661 0.102679 -0.0397784 0.993919 -0.266311 0 0 0 1 
4215528470240;1.31981;0.403157;0.99615 -0.0544143 0.0687292 0.0286987 0.0568174 0.997822 -0.0335061 -0.620463 -0.0667563 0.0372821 0.997073 1.1931 0 0 0 1 
4215528470241;0.144224;0.0596496;0.994478 -0.0532046 0.0904625 0.188209 0.0593393 0.996018 -0.0665342 -0.513359 -0.0865623 0.0715348 0.993675 0.47004 0 0 0 1 
4215528470242;0.341886;0.201797;0.994183 -0.0895288 0.0598686 0.35055 0.0960151 0.988588 -0.116078 -0.850308 -0.048793 0.121151 0.991434 -0.268055 0 0 0 1 
4215528470243;0.806737;0.594912;0.998502 -0.0305002 0.045436 0.0538159 0.0332609 0.997565 -0.0612988 -0.137065 -0.0434557 0.0627182 0.997085 -0.0217544 0 0 0 1 
4215528470244;0.044198;0.0466051;0.999235 0.0390712 0.00164471 -0.18136 -0.0390699 0.999236 -0.000807367 0.445774 -0.001675 0.00074249 0.999998 -0.0103655 0 0 0 1 
4215528470245;1.65415;0.592938;0.999843 0.0143676 0.0104152 -0.0231026 -0.0136454 0.997701 -0.0663799 0.52489 -0.011345 0.0662273 0.99774 -1.10092 0 0 0 1 
4215528470246;0.359411;0.353679;0.991589 -0.0819696 0.100161 0.368381 0.089126 0.993614 -0.0691908 -0.772151 -0.0938497 0.0775357 0.992563 0.538815 0 0 0 1 
4215528470248;1.05013;0.90541;0.991854 0.0220685 -0.125455 -0.169917 -0.0264191 0.999102 -0.0331212 0.255948 0.124611 0.0361658 0.991546 -0.645722 0 0 0 1 
4215528470249;0.429566;0.0326554;0.975701 -0.048666 0.213632 0.24827 -0.0135438 0.95976 0.280494 0.0687655 -0.218686 -0.276571 0.93578 2.73711 0 0 0 1 
4215528470250;0.0803374;0.0316694;0.99875 0.0472059 -0.0164135 -0.188266 -0.0458748 0.996223 0.073726 0.24937 0.0198318 -0.0728809 0.997143 0.152185 0 0 0 1 
4215528470251;0.907231;0.74445;0.994946 0.00570249 0.100254 -0.191523 -0.0138833 0.99661 0.081094 0.0864131 -0.0994514 -0.082076 0.991652 0.687412 0 0 0 1 
4215528470252;0.54782;0.034076;0.999727 0.0210768 -0.0100443 -0.0244401 -0.0208604 0.999558 0.0211835 0.0662826 0.0104863 -0.0209682 0.999725 -0.51161 0 0 0 1 
4215528470253;0.780027;0.670121;0.972014 0.0393607 -0.2316 0.1342 -0.0359249 0.999173 0.0190355 0.287038 0.232158 -0.0101826 0.972625 -1.4256 0 0 0 1 
4215528470254;0.503441;0.10872;0.97647 0.00312046 0.215632 -0.0116923 -0.0414832 0.98394 0.173614 0.112018 -0.211627 -0.178474 0.960917 1.518 0 0 0 1 
4215528470255;0.683372;0.403807;0.997052 -0.0110156 0.075938 -0.0428876 0.0180582 0.995531 -0.092688 -0.219396 -0.0745776 0.093786 0.992795 0.388067 0 0 0 1 
4215528470256;0.928983;0.40255;0.99681 0.0492599 -0.0627909 -0.310832 -0.0471318 0.998278 0.0349348 0.325068 0.0644037 -0.0318639 0.997415 0.407266 0 0 0 1 
4215528470257;0.749547;0.251538;0.995428 -0.0241083 -0.0924186 0.308382 0.00675576 0.982968 -0.183652 0.181142 0.095272 0.182188 0.978637 -1.87783 0 0 0 1 
4215528470258;0.0650151;0.0473021;0.99971 -0.0233169 0.0060686 0.0915359 0.0233442 0.999718 -0.00446446 -0.132029 -0.00596279 0.00460483 0.999972 -0.0344475 0 0 0 1 
