#;prob_registration_l1 -r /home/probabilistic_point_clouds_registration/build/tester /home/point_clouds_registration_benchmark//devel/registration_pairs/planetary_map_local.txt /home/point_clouds_registration_benchmark//planetary/p2at_met -s 0.2 -t 0.2 -p 0.3 -r 1000 -m 10 -i 40 
id;initial_error;final_error;transformation
25528382210000;2.8561;1.69076;0.999974 -0.00711495 0.00064061 -0.532084 0.00710315 0.999833 0.0168509 -0.119046 -0.000760397 -0.0168459 0.999858 1.33458 0 0 0 1 
25528382210001;2.11331;1.61465;0.999958 -0.00746754 -0.00537481 -0.406137 0.00826034 0.985923 0.166997 -0.978497 0.00405208 -0.167035 0.985943 -9.06596 0 0 0 1 
25528382210002;1.70145;1.56244;0.975269 0.00418983 0.220981 0.757765 0.0508938 0.968696 -0.242979 -2.33925 -0.215082 0.248216 0.944526 13.7799 0 0 0 1 
25528382210003;1.37022;0.475614;0.999995 -0.00263424 -0.00153943 -0.429932 0.00264733 0.99996 0.00856436 0.00257245 0.00151681 -0.0085684 0.999962 0.647255 0 0 0 1 
25528382210004;1.75339;1.32038;0.966972 -0.0438103 0.251088 -1.84462 0.0121905 0.991939 0.126128 -0.264014 -0.254589 -0.118902 0.959712 -5.49894 0 0 0 1 
25528382210005;0.735848;0.39323;0.993721 -0.00489498 0.111782 -0.0118347 0.0389852 0.951586 -0.3049 -3.18298 -0.104878 0.307343 0.945802 16.432 0 0 0 1 
25528382210006;1.57164;0.579577;0.997519 -0.00627859 -0.0701124 -0.301737 0.00505022 0.999831 -0.0176835 0.00789365 0.0702116 0.0172855 0.997382 -1.11344 0 0 0 1 
25528382210007;1.73822;1.45276;0.999983 -0.00145044 -0.00557235 0.171097 0.0011466 0.998532 -0.0541486 -0.290513 0.00564271 0.0541414 0.998517 2.18826 0 0 0 1 
25528382210008;0.906109;0.916386;0.995062 0.0136741 0.0983114 0.935937 -0.0144404 0.999871 0.00708679 0.155429 -0.0982018 -0.00847145 0.99513 0.110031 0 0 0 1 
25528382210009;0.490985;0.280577;0.971404 0.0380717 -0.234361 1.82565 -0.0136852 0.994398 0.104815 0.0888809 0.237038 -0.0986104 0.966483 -6.51146 0 0 0 1 
25528382210010;2.17163;1.36056;0.990155 -0.0368738 -0.135029 -1.68905 -0.0252902 0.901673 -0.431679 -4.43921 0.13767 0.430844 0.891864 18.39 0 0 0 1 
25528382210011;2.42393;1.88522;0.99965 0.0228813 -0.0132511 1.24557 -0.0207572 0.989537 0.14278 -0.128048 0.0163795 -0.142455 0.989666 -8.76536 0 0 0 1 
25528382210012;1.04957;0.450528;0.997878 -0.0137877 -0.0636425 -0.706354 0.00975459 0.99795 -0.0632518 -0.651596 0.0643841 0.0624968 0.995966 3.31884 0 0 0 1 
25528382210013;1.47687;1.22912;0.999993 -0.00261158 0.0026177 -0.0813485 0.00259504 0.999977 0.00630123 -0.019647 -0.0026341 -0.00629439 0.999977 0.330172 0 0 0 1 
25528382210014;2.77484;2.2502;0.983463 -0.0218837 0.17978 -0.489307 -0.0440635 0.933931 0.354727 -2.63717 -0.175665 -0.356782 0.917523 -15.8335 0 0 0 1 
25528382210015;1.8346;1.7173;0.996866 0.00199031 0.0790833 0.229712 0.00332187 0.997749 -0.0669837 -0.215079 -0.0790385 0.0670365 0.994615 4.54757 0 0 0 1 
25528382210016;0.567147;0.366521;0.994095 0.0101081 -0.108043 0.413842 0.0077679 0.986469 0.163762 -0.758598 0.108237 -0.163635 0.980565 -9.38875 0 0 0 1 
25528382210017;2.04883;1.41334;0.951553 0.0472135 -0.303838 1.94096 0.02247 0.974822 0.221849 -1.23375 0.306662 -0.217928 0.926534 -11.7603 0 0 0 1 
25528382210018;2.95759;1.71729;0.999418 0.0302528 -0.015752 1.07063 -0.0217843 0.921526 0.387706 -2.80883 0.026245 -0.387137 0.921649 -17.6359 0 0 0 1 
25528382210019;2.21355;1.98264;0.995873 0.00904489 0.0903017 0.668374 -0.00879117 0.999956 -0.00320697 0.20952 -0.0903267 0.00239987 0.995909 -0.187002 0 0 0 1 
25528382210020;0.308749;0.262214;0.983025 -0.0291676 0.181137 -1.29782 0.0733255 0.967464 -0.242149 -2.56731 -0.168181 0.251321 0.953181 13.5366 0 0 0 1 
25528382210021;1.80312;1.44523;0.999884 0.0128702 -0.0080865 0.671735 -0.0123924 0.998321 0.0565895 -0.027438 0.00880124 -0.0564827 0.998365 -2.08567 0 0 0 1 
25528382210022;2.94324;2.60081;0.873579 -0.0206113 -0.486246 -1.03944 -0.0128712 0.997775 -0.0654185 0.0172805 0.486513 0.0634068 0.87137 0.343743 0 0 0 1 
25528382210023;1.21687;1.03379;0.889311 -0.0196382 -0.45688 -0.83079 -0.0195867 0.996525 -0.0809591 0.12718 0.456883 0.0809466 0.885836 0.261426 0 0 0 1 
25528382210024;1.44022;1.38606;0.998957 -0.016937 0.0424112 -0.782334 0.0185754 0.999084 -0.0385389 -0.36705 -0.0417196 0.0392865 0.998357 1.79238 0 0 0 1 
25528382210025;2.35204;2.17685;0.99999 -0.000269285 -0.00453612 0.212042 0.000301893 0.999974 0.00718943 -0.128973 0.00453406 -0.00719072 0.999964 -0.549457 0 0 0 1 
25528382210026;1.69358;0.481107;0.997537 -0.0026577 0.0700888 -0.229212 0.00146042 0.999852 0.017128 0.286404 -0.070124 -0.0169834 0.997394 -1.90157 0 0 0 1 
25528382210027;2.42888;1.64466;0.997584 -0.01643 0.067499 -0.932766 0.0179068 0.999612 -0.0213323 -0.357606 -0.0671223 0.0224894 0.997491 3.25885 0 0 0 1 
25528382210028;0.814222;0.282661;0.970162 0.00366118 -0.242429 0.388067 -0.0237216 0.996522 -0.0798804 0.0721609 0.241294 0.0832478 0.966875 1.73451 0 0 0 1 
25528382210029;0.390701;0.293608;0.972488 -0.0603168 -0.22501 -3.10926 -0.00639386 0.958623 -0.284605 -2.40047 0.232866 0.278214 0.931864 12.0206 0 0 0 1 
25528382210031;1.54457;0.754145;0.999607 0.0213342 -0.018158 0.58598 -0.0204 0.998533 0.0501632 -0.050578 0.0192016 -0.0497731 0.998576 -3.17005 0 0 0 1 
25528382210032;0.49374;0.402165;0.999801 0.0197778 -0.00277335 0.524852 -0.019291 0.992322 0.122164 -0.0166103 0.0051682 -0.122086 0.992506 -3.73971 0 0 0 1 
25528382210033;0.496545;0.355189;0.998337 0.00753924 0.0571572 0.219191 -0.0083291 0.999873 0.0135935 0.0360969 -0.0570474 -0.0140469 0.998273 -0.427038 0 0 0 1 
25528382210034;1.67751;1.3265;0.99954 -0.0057225 -0.0297679 -0.0946603 0.00260192 0.994592 -0.103831 -0.192763 0.0302011 0.103706 0.994149 1.85645 0 0 0 1 
25528382210035;1.14274;0.47756;0.996915 0.0119955 -0.0775615 0.395611 -0.00831697 0.998833 0.0475779 -0.0795705 0.0780417 -0.0467861 0.995852 -3.30827 0 0 0 1 
25528382210036;0.657758;0.321919;0.998712 0.0125491 0.0491696 0.332902 -0.0183989 0.992556 0.120391 0.0456904 -0.0472928 -0.12114 0.991508 -2.762 0 0 0 1 
25528382210037;0.42747;0.284767;0.942648 0.0211201 -0.33312 0.844467 -0.00119136 0.998203 0.0599155 -0.16366 0.333787 -0.0560824 0.940979 -5.03143 0 0 0 1 
25528382210038;2.16463;1.58401;0.995068 -0.0147915 -0.0980873 -0.643538 0.0114 0.999321 -0.035047 -0.198983 0.0985391 0.0337559 0.99456 1.75773 0 0 0 1 
25528382210039;1.45509;1.21995;0.999818 0.00477407 0.0184607 0.115206 -0.00594577 0.997936 0.0639451 0.0548074 -0.0181173 -0.0640432 0.997783 -1.04363 0 0 0 1 
25528382210040;1.05221;1.04976;0.995769 -0.0115555 -0.0911626 -0.305795 0.00712444 0.998784 -0.0487823 -0.1341 0.0916155 0.0479265 0.99464 0.4124 0 0 0 1 
25528382210041;1.71424;0.943216;0.909082 -0.0156406 0.416325 0.9965 -0.0115959 0.997958 0.0628124 0.164483 -0.416457 -0.0619292 0.907044 3.29316 0 0 0 1 
25528382210042;0.574012;0.369662;0.98876 -0.00421768 0.149452 0.050721 0.0530646 0.944424 -0.324418 -2.53409 -0.139778 0.328702 0.934033 11.5867 0 0 0 1 
25528382210043;0.513876;0.246578;0.99989 0.0112772 0.00967296 0.466484 -0.0130286 0.978459 0.206029 -0.369498 -0.00714117 -0.206133 0.978498 -6.73758 0 0 0 1 
25528382210044;0.355334;0.234824;0.915257 -0.0177406 0.402481 0.507378 -0.0381291 0.990731 0.130377 0.142704 -0.401063 -0.134674 0.906097 -0.837562 0 0 0 1 
25528382210045;1.15928;1.11959;0.99925 0.00258454 -0.0386396 0.032404 -0.00441095 0.998873 -0.0472578 -0.0627254 0.0384739 0.0473928 0.998135 0.828603 0 0 0 1 
25528382210046;2.5411;1.16189;0.995362 0.0160895 0.0948482 0.616211 -0.0526301 0.916366 0.396867 -2.36802 -0.0805302 -0.400018 0.912962 -13.8268 0 0 0 1 
25528382210047;2.63214;2.36192;0.962912 -0.075393 -0.259067 -2.41829 -0.0185038 0.939455 -0.342173 -2.13442 0.269179 0.334276 0.903217 8.7602 0 0 0 1 
25528382210048;0.0550198;0.101361;0.99972 0.00961377 -0.0216151 0.183779 -0.00995003 0.99983 -0.015503 0.0500372 0.0214624 0.0157138 0.999646 0.22123 0 0 0 1 
25528382210049;0.624254;0.333456;0.998992 0.0197914 0.0402783 0.552091 -0.0279875 0.976343 0.21441 -0.247359 -0.035082 -0.215321 0.975913 -5.88843 0 0 0 1 
25528382210050;1.7141;0.297392;0.999678 0.0122625 0.0222201 0.240342 -0.0111332 0.998674 -0.050255 0.139106 -0.0228069 0.0499915 0.998489 3.56523 0 0 0 1 
25528382210051;0.731618;0.739551;0.998792 0.0104257 -0.0480135 0.259167 -0.00600473 0.995804 0.0913165 -0.000719527 0.0487641 -0.0909179 0.994664 -3.20131 0 0 0 1 
25528382210052;0.501673;0.423559;0.945465 0.0120686 -0.325501 0.645479 0.0268407 0.993028 0.114781 -0.333154 0.324617 -0.117258 0.938549 -6.39466 0 0 0 1 
25528382210053;0.245766;0.282769;0.996425 0.00236445 0.0844523 0.0710013 0.00994401 0.989378 -0.145026 -0.568151 -0.0838981 0.145347 0.985817 5.04884 0 0 0 1 
25528382210054;2.27774;1.78841;0.998469 -0.00218918 0.0552669 -0.0480213 0.00511743 0.998587 -0.0528981 -0.08065 -0.055073 0.0531 0.997069 3.49686 0 0 0 1 
25528382210055;0.613367;0.664952;0.996859 0.0101273 -0.0785493 0.172351 -0.0077217 0.999494 0.0308688 -0.0046664 0.0788221 -0.0301653 0.996432 -1.48459 0 0 0 1 
25528382210056;2.21606;2.04629;0.99285 0.0339168 -0.114451 1.12708 -0.00808654 0.975693 0.218991 -0.608362 0.119096 -0.2165 0.968991 -8.47301 0 0 0 1 
25528382210057;2.17431;1.95382;0.999901 -0.00393322 -0.0134881 -0.302302 0.00342675 0.999296 -0.037369 -0.181725 0.0136255 0.0373191 0.999211 1.74784 0 0 0 1 
25528382210058;0.777574;0.508808;0.943757 0.0877959 -0.318772 2.79785 0.0373091 0.929667 0.366506 -2.23532 0.328529 -0.357785 0.874104 -13.7453 0 0 0 1 
25528382210059;0.655634;0.296124;0.998392 0.0208621 -0.0527073 0.586788 -0.0159289 0.9956 0.0923407 -0.0533453 0.0544018 -0.0913526 0.994332 -4.00969 0 0 0 1 
25528382210060;1.3379;0.404059;0.945163 -0.0515894 -0.322498 -1.73361 -0.0142925 0.979966 -0.198651 -0.885988 0.326285 0.192367 0.925491 4.33665 0 0 0 1 
25528382210062;1.314;1.0246;0.996194 0.00917403 -0.0866803 0.411508 -0.00481523 0.998719 0.0503618 -0.0139645 0.0870313 -0.0497527 0.994962 -2.16522 0 0 0 1 
25528382210063;2.15505;1.46315;0.999974 -0.00698832 -0.00181735 -0.421515 0.00688473 0.998632 -0.0518385 0.0681905 0.00217712 0.0518247 0.998654 3.11542 0 0 0 1 
25528382210064;0.553066;0.473333;0.984936 -0.00217416 0.172903 -0.074258 0.028206 0.988548 -0.148244 -0.767394 -0.170601 0.150888 0.973719 10.0825 0 0 0 1 
25528382210065;1.61508;0.641809;0.994393 0.0246173 -0.102843 1.73688 -0.00678924 0.985382 0.170223 -0.891913 0.105531 -0.16857 0.980024 -12.3908 0 0 0 1 
25528382210066;1.78743;1.01188;0.999958 0.00386882 0.00827527 0.269862 -0.00405732 0.99973 0.0228856 -0.0389637 -0.00818449 -0.0229182 0.999704 -0.749275 0 0 0 1 
25528382210067;0.672032;0.557473;0.99371 -0.0173094 -0.110638 -2.26586 0.00704658 0.995689 -0.0924864 -0.550655 0.111762 0.091125 0.989548 11.8935 0 0 0 1 
25528382210068;1.84994;0.806851;0.997876 0.00743975 -0.0647171 0.096613 -0.00414926 0.998699 0.0508308 0.0942699 0.0650111 -0.0504543 0.996608 -1.63939 0 0 0 1 
25528382210069;2.23987;0.30366;0.981199 -0.0315936 -0.190395 -3.43789 -0.0135291 0.972824 -0.23115 -2.97968 0.192524 0.22938 0.954107 24.8632 0 0 0 1 
25528382210070;2.2156;0.886619;0.999938 -0.00303059 -0.0107118 -0.589449 0.00306843 0.999989 0.00351842 0.0193162 0.010701 -0.00355107 0.999936 2.28422 0 0 0 1 
25528382210071;1.44584;1.25648;0.998918 -0.0460766 0.00627594 -4.55221 0.0438952 0.889741 -0.45435 -10.9722 0.015351 0.454134 0.890801 44.5133 0 0 0 1 
25528382210072;1.6175;1.62134;0.998361 -0.0374422 -0.0432862 -3.93913 0.0193746 0.932762 -0.359972 -7.25095 0.0538539 0.358543 0.931958 37.12 0 0 0 1 
25528382210073;2.148;0.387056;0.999078 0.00605422 -0.042505 0.0741098 -0.00410974 0.998947 0.0456864 0.124165 0.0427368 -0.0454696 0.998051 -1.03765 0 0 0 1 
25528382210074;1.21241;0.37388;0.991459 -0.0053419 0.130306 -0.379521 0.00331579 0.99987 0.0157609 0.154559 -0.130373 -0.0151943 0.991349 -6.37901 0 0 0 1 
25528382210075;0.469924;0.152182;0.967701 -0.0265377 -0.250701 -4.07004 -0.0145427 0.986912 -0.160603 -2.01308 0.251682 0.159062 0.954649 21.4086 0 0 0 1 
25528382210076;1.94829;1.2543;0.999882 0.00849583 -0.0127615 0.515976 -0.00745196 0.996789 0.0797295 0.0769252 0.0133979 -0.079625 0.996735 -5.63795 0 0 0 1 
25528382210077;1.55351;0.742265;0.999844 0.0104012 -0.0142646 1.20508 -0.00943571 0.997765 0.066158 -0.221949 0.0149208 -0.0660131 0.997707 -8.07104 0 0 0 1 
25528382210078;1.78754;1.49033;0.999821 -0.00108523 0.018877 -0.178562 0.000503251 0.999525 0.0308074 0.0973863 -0.0189015 -0.0307924 0.999347 -2.59853 0 0 0 1 
25528382210079;0.52952;0.332078;0.966393 -0.0192292 -0.25635 -3.50034 -0.0082102 0.994381 -0.105541 -1.04867 0.256939 0.104099 0.960805 16.2727 0 0 0 1 
25528382210080;0.579865;0.171137;0.999948 -0.00141462 -0.0101092 -0.236005 0.00142358 0.999999 0.00087896 0.0348746 0.0101079 -0.000893305 0.999949 0.738109 0 0 0 1 
25528382210081;1.6725;1.64163;0.999611 -0.0084048 0.0265831 -0.71545 0.0102424 0.997511 -0.0697654 -0.166729 -0.0259306 0.0700105 0.997209 6.08558 0 0 0 1 
25528382210082;1.80785;0.269861;0.959802 -0.012148 0.280415 -1.1493 -0.0282769 0.989795 0.139665 -1.16072 -0.27925 -0.14198 0.949664 -19.3242 0 0 0 1 
25528382210083;0.928935;0.241718;0.981796 -0.0346671 -0.18675 -4.67467 -0.00491255 0.97824 -0.207421 -3.07013 0.189877 0.204562 0.960261 25.8795 0 0 0 1 
25528382210084;1.83208;1.43337;0.998773 -0.01653 -0.0466865 -1.69413 0.010411 0.991669 -0.128391 -0.807967 0.0484199 0.127747 0.990624 12.309 0 0 0 1 
25528382210085;0.401662;0.25399;0.99385 0.0507254 -0.0984328 4.6968 -0.0186343 0.952845 0.302884 -4.32807 0.109155 -0.299187 0.947931 -27.6133 0 0 0 1 
25528382210086;1.45129;1.25821;0.996663 0.00273672 -0.0815809 -0.170708 -0.00480909 0.99967 -0.025217 -0.192451 0.081485 0.0255252 0.996348 5.3061 0 0 0 1 
25528382210087;0.345605;0.162435;0.93933 -0.00477906 0.342982 -0.921939 0.0344239 0.996168 -0.0803969 0.212143 -0.341283 0.0873259 0.935895 0.0491946 0 0 0 1 
25528382210088;0.167837;0.130118;0.999935 -0.00336659 -0.010859 -0.398035 0.00338467 0.999993 0.00164751 0.114826 0.0108534 -0.00168416 0.99994 -0.201042 0 0 0 1 
25528382210089;1.83562;1.80234;0.999871 -0.00359676 0.0156855 -0.321618 0.0041185 0.999435 -0.0333585 -0.0275044 -0.0155567 0.0334187 0.99932 2.56412 0 0 0 1 
25528382210090;2.15758;0.1633;0.999985 0.00235284 -0.00496609 0.00856171 -0.00248798 0.999622 -0.0273839 -0.266447 0.00489978 0.0273959 0.999613 5.39863 0 0 0 1 
25528382210091;0.893388;0.496497;0.99984 -0.014863 0.009981 -1.5263 0.0159777 0.99229 -0.122906 -0.788535 -0.0080773 0.123045 0.992368 12.6735 0 0 0 1 
25528382210093;1.89713;0.244861;0.977824 0.0415334 -0.20527 -1.03003 -0.0216747 0.994944 0.0980628 -0.363101 0.208305 -0.091439 0.97378 4.44642 0 0 0 1 
25528382210094;0.825331;0.284364;0.997973 0.0321525 -0.0549159 0.0681074 -0.0124053 0.944709 0.327675 0.148964 0.0624152 -0.32633 0.943193 -1.96868 0 0 0 1 
25528382210095;0.858473;0.720174;0.961938 0.0592393 0.266769 0.352369 -0.0954043 0.987596 0.124709 -1.41244 -0.256072 -0.145414 0.955658 -4.37315 0 0 0 1 
25528382210096;0.8797;0.369084;0.959435 0.0408289 0.278957 0.393312 -0.142887 0.923385 0.356291 -2.21001 -0.243038 -0.381698 0.891762 -7.02372 0 0 0 1 
25528382210097;2.1961;1.53034;0.999031 0.000308924 0.0440039 0.212335 -0.000923307 0.999902 0.0139424 -0.114797 -0.0439953 -0.0139695 0.998934 -2.08961 0 0 0 1 
25528382210098;1.08082;0.294689;0.999801 0.0198215 -0.00242579 0.323717 -0.0199461 0.997106 -0.0733602 -0.994964 0.000964656 0.073394 0.997303 -0.172087 0 0 0 1 
25528382210099;0.565162;0.396789;0.947896 -0.0492181 -0.314754 -1.82419 0.0103526 0.992231 -0.123978 -0.129915 0.318411 0.11426 0.941042 5.83516 0 0 0 1 
25528382210100;1.81678;1.76104;0.998586 0.0440301 0.0297797 0.475748 -0.0504563 0.961411 0.270451 -0.440162 -0.0167225 -0.271572 0.962273 -1.90421 0 0 0 1 
25528382210101;0.708323;0.440752;0.99883 -0.0276355 -0.0396976 -0.343088 0.0258842 0.998697 -0.0439741 0.36494 0.0408612 0.0428951 0.998244 1.41101 0 0 0 1 
25528382210102;2.25601;1.77611;0.996279 -0.0108997 -0.0854972 -0.0295261 0.000711907 0.992978 -0.118295 -0.414142 0.0861863 0.117794 0.989291 0.879595 0 0 0 1 
25528382210103;0.72475;0.461123;0.999337 0.0357635 -0.00681585 0.310653 -0.0351445 0.996499 0.0758619 -0.47302 0.00950508 -0.0755721 0.997095 0.314169 0 0 0 1 
25528382210104;2.73972;1.58327;0.990569 0.0424335 -0.130276 -0.292266 -0.00721922 0.965676 0.259648 0.56906 0.136822 -0.256259 0.956876 2.56286 0 0 0 1 
25528382210105;1.37462;0.993877;0.987095 -0.00485921 0.160062 0.0864206 0.0878794 0.852019 -0.516082 -0.578688 -0.133868 0.523488 0.841451 0.0186562 0 0 0 1 
25528382210106;1.98093;0.143138;0.994417 -0.0590014 -0.0874806 -0.205396 0.0223856 0.928151 -0.371529 -0.249192 0.103116 0.367497 0.924291 2.03061 0 0 0 1 
25528382210107;2.7132;2.07948;0.999622 0.0051855 0.0269986 0.252157 -0.00644334 0.998888 0.0467127 -0.110966 -0.0267264 -0.046869 0.998543 -2.364 0 0 0 1 
25528382210108;2.24596;1.51008;0.976205 0.0353116 -0.213956 -0.114549 -0.0376138 0.99927 -0.00669707 -0.934903 0.213564 0.0145854 0.97682 2.28183 0 0 0 1 
25528382210109;1.35089;0.298667;0.996863 0.0138083 0.077935 0.467101 -0.00645499 0.995568 -0.093827 -0.238084 -0.0788851 0.0930296 0.992533 -1.82396 0 0 0 1 
25528382210110;1.54595;1.14507;0.997376 0.0639726 -0.0338869 0.190635 -0.0372875 0.855186 0.516979 0.0263734 0.062052 -0.514358 0.855327 -2.36072 0 0 0 1 
25528382210111;0.364366;0.237016;0.984985 -0.0122383 -0.172205 -0.830795 0.00400514 0.998836 -0.0480769 -0.0992174 0.172593 0.0466653 0.983887 3.27984 0 0 0 1 
25528382210112;2.44837;1.89214;0.99436 -0.00918727 0.105657 0.020686 -0.0140913 0.975963 0.217481 0.260969 -0.105115 -0.217743 0.970329 -1.33507 0 0 0 1 
25528382210113;0.357128;0.279851;0.999098 0.0394106 0.0158233 0.36696 -0.0403646 0.997046 0.0653459 -0.618989 -0.0132013 -0.0659256 0.997737 -0.228484 0 0 0 1 
25528382210114;2.52967;0.935129;0.947591 -0.0531224 0.315037 -0.789251 0.15369 0.940282 -0.303727 1.81413 -0.280089 0.336227 0.899167 -4.48518 0 0 0 1 
25528382210115;1.99023;0.314314;0.997989 -0.00309677 -0.0633194 -0.527996 0.00418061 0.999847 0.0169918 0.180275 0.0632571 -0.0172224 0.997849 2.9384 0 0 0 1 
25528382210116;0.274109;0.265907;0.998369 0.0164019 -0.0546762 -0.205277 -0.00270884 0.970365 0.24163 0.424796 0.057019 -0.241088 0.968827 -0.557133 0 0 0 1 
25528382210117;0.456139;0.26946;0.973929 0.0400038 0.223297 0.359686 -0.0837992 0.978151 0.190261 -1.14395 -0.210807 -0.204013 0.956002 -4.72255 0 0 0 1 
25528382210118;1.00279;0.221475;0.998749 -0.00786862 0.049381 0.0143174 0.00751011 0.999944 0.00744143 0.151245 -0.0494368 -0.00706127 0.998752 -1.72545 0 0 0 1 
25528382210119;1.53716;1.03371;0.994773 0.0309844 0.0972934 0.135794 -0.00816767 0.973941 -0.226654 -1.2716 -0.101781 0.224675 0.969104 0.456506 0 0 0 1 
25528382210120;1.16367;0.637113;0.999516 -0.00950274 0.0296376 -0.0438643 0.00837076 0.999239 0.0380869 0.5042 -0.029977 -0.0378204 0.998835 0.169167 0 0 0 1 
25528382210121;1.92017;1.74348;0.997669 0.0235237 0.0640617 0.367242 -0.036413 0.977415 0.208169 -0.413543 -0.0577179 -0.210017 0.975993 -3.26077 0 0 0 1 
25528382210122;1.42171;0.524797;0.995555 0.0177457 -0.0924932 0.146897 -0.020587 0.999342 -0.0298552 -0.326353 0.0919025 0.0316267 0.995266 0.35117 0 0 0 1 
25528382210124;1.41534;0.530739;0.999792 0.0134419 -0.0153128 1.18152 -0.0125678 0.998362 0.0558161 -0.40887 0.016038 -0.0556121 0.998324 -5.89693 0 0 0 1 
25528382210125;0.633729;0.310674;0.991684 -0.0436395 -0.121068 -3.70903 0.026482 0.989816 -0.139866 -0.891911 0.125939 0.135497 0.982741 11.9231 0 0 0 1 
25528382210126;0.445145;0.296422;0.951971 -0.0117674 -0.305961 -1.75681 0.0181141 0.999675 0.0179124 0.105187 0.305651 -0.0225943 0.951875 -0.124286 0 0 0 1 
25528382210127;0.670288;0.627053;0.998383 -0.0143541 -0.0550076 -1.22768 0.010731 0.997788 -0.0656042 -0.231453 0.0558277 0.0649079 0.996328 5.60529 0 0 0 1 
25528382210128;2.24311;1.7575;0.999969 -0.00652638 0.00439356 -0.245538 0.00662171 0.999735 -0.0220433 -0.0802756 -0.00424854 0.0220718 0.999747 -0.23084 0 0 0 1 
25528382210129;1.80511;1.49652;0.984872 0.0123421 0.172844 1.22325 -0.0135289 0.999892 0.00569029 0.110981 -0.172756 -0.0079426 0.984933 -0.281275 0 0 0 1 
25528382210130;0.986557;0.162976;0.99898 0.0122874 0.043455 0.923304 -0.0156804 0.996781 0.0786244 -0.0645057 -0.042349 -0.0792256 0.995957 -5.38207 0 0 0 1 
25528382210131;2.11864;1.82776;0.983544 -0.117868 -0.136927 -9.33699 0.0458361 0.895875 -0.441936 -8.32719 0.17476 0.428387 0.886534 34.1452 0 0 0 1 
25528382210132;0.163045;0.153501;0.999933 -0.000499349 -0.0115651 -0.0675687 0.000142412 0.999524 -0.0308436 -0.110609 0.011575 0.0308399 0.999457 2.30825 0 0 0 1 
25528382210133;1.8377;0.912732;0.999877 -0.000985566 -0.0156605 -0.354976 0.00082226 0.999945 -0.0104309 0.0615341 0.0156699 0.0104168 0.999823 2.82866 0 0 0 1 
25528382210134;1.18998;0.866179;0.999992 -0.003707 0.00138993 -0.382992 0.00374906 0.999494 -0.0315899 -0.06034 -0.00127212 0.0315949 0.9995 3.37819 0 0 0 1 
25528382210135;0.879278;0.710169;0.99924 0.011871 0.0371369 0.890499 -0.0134386 0.999017 0.0422493 -0.0258064 -0.0365988 -0.0427162 0.998417 -2.97542 0 0 0 1 
25528382210136;1.20454;0.984621;0.938169 0.0299136 0.344882 2.49665 0.0267395 0.987021 -0.158349 -0.979687 -0.345143 0.15778 0.925193 11.2239 0 0 0 1 
25528382210137;0.490225;0.521338;0.999877 -0.00978872 0.0122863 -0.683073 0.0106047 0.997615 -0.0682045 -0.258283 -0.0115893 0.0683264 0.997596 5.021 0 0 0 1 
25528382210138;0.898047;0.90883;0.999888 -0.0100651 0.0111125 -0.712256 0.0109865 0.996214 -0.086234 -0.370994 -0.0102025 0.0863463 0.996213 6.38825 0 0 0 1 
25528382210139;0.258844;0.206373;0.998406 -0.00714495 0.0559946 -0.45977 0.00989145 0.998753 -0.0489267 -0.163983 -0.0555752 0.0494026 0.997232 3.6193 0 0 0 1 
25528382210140;1.51354;1.383;0.999521 -0.0124161 0.0283444 -0.844658 0.0155149 0.993602 -0.111868 -0.591902 -0.0267741 0.112254 0.993319 7.84032 0 0 0 1 
25528382210141;0.177514;0.168195;0.968668 0.0165127 0.24781 1.49853 -0.0321881 0.997719 0.059338 -0.263217 -0.246265 -0.0654553 0.96699 -6.70032 0 0 0 1 
25528382210142;1.7221;1.47308;0.991134 0.0101081 -0.132481 0.426783 0.00822663 0.99052 0.137121 -0.336146 0.132611 -0.136996 0.981655 -9.56528 0 0 0 1 
25528382210143;1.74732;1.64387;0.993656 -0.0127435 -0.11174 -1.24983 0.00808523 0.999083 -0.0420425 0.0375415 0.112174 0.0408724 0.992848 3.89831 0 0 0 1 
25528382210144;0.62636;0.605229;0.985153 -0.0142499 -0.171084 -1.38645 0.0143635 0.999897 -0.000573659 0.0959706 0.171074 -0.00189222 0.985256 0.734669 0 0 0 1 
25528382210145;2.23099;1.79096;0.982492 0.0175167 0.18548 1.51442 -0.0273407 0.998348 0.0505405 -0.0651098 -0.184289 -0.0547267 0.981347 -3.78064 0 0 0 1 
25528382210146;0.123351;0.128464;0.987604 -0.000285422 0.156966 0.203769 -0.000264241 0.999994 0.00348091 -0.0220236 -0.156966 -0.00347924 0.987598 -1.25059 0 0 0 1 
25528382210147;2.1323;0.336488;0.999942 -0.000901577 0.0107766 -0.319771 0.00105394 0.999899 -0.0141408 0.127642 -0.0107627 0.0141514 0.999842 3.65252 0 0 0 1 
25528382210148;1.17842;0.523778;0.999958 -0.00574025 -0.00721185 -0.586499 0.00540664 0.998952 -0.0454567 -0.0827361 0.00746522 0.0454158 0.99894 4.75197 0 0 0 1 
25528382210149;1.8032;1.68824;0.974585 0.035684 -0.221158 2.35779 0.0199653 0.969467 0.244407 -1.96924 0.223126 -0.242611 0.944116 -18.4607 0 0 0 1 
25528382210150;1.89528;1.83147;0.991614 0.00503266 0.129139 0.536399 0.00818364 0.994791 -0.101607 -0.414428 -0.128978 0.101812 0.986407 7.20672 0 0 0 1 
25528382210151;1.38396;0.512937;0.999984 0.0052423 0.0019403 0.591777 -0.00523645 0.999982 -0.00300868 -0.166755 -0.00195604 0.00299847 0.999994 -1.57985 0 0 0 1 
25528382210152;1.90731;1.80405;0.999446 0.00535504 -0.0328552 0.482295 -0.00258131 0.996472 0.0838912 -0.299699 0.0331885 -0.0837599 0.995933 -7.44241 0 0 0 1 
25528382210153;0.627318;0.203142;0.968547 -0.0593287 -0.241656 -5.36731 0.0190585 0.985995 -0.165685 -1.31197 0.248101 0.155868 0.956112 14.2917 0 0 0 1 
25528382210155;0.972428;0.595024;0.996588 -0.042957 -0.0704843 -2.87362 0.00815095 0.900952 -0.433842 -7.33463 0.0821396 0.431787 0.898228 27.1307 0 0 0 1 
25528382210156;1.01473;0.748937;0.991777 0.0117615 -0.127437 0.293311 -0.00566656 0.998827 0.0480843 -0.118345 0.127853 -0.0469667 0.99068 -1.50363 0 0 0 1 
25528382210157;0.233342;0.25392;0.998408 -0.000788545 -0.0563995 -0.272422 -0.00260292 0.998193 -0.0600341 -0.387798 0.0563449 0.0600853 0.996602 4.74218 0 0 0 1 
25528382210158;0.218897;0.190865;0.99994 -0.00470481 -0.00987023 -0.303181 0.00475795 0.999974 0.00536731 0.142195 0.00984473 -0.00541395 0.999937 -0.419456 0 0 0 1 
25528382210159;0.424214;0.213488;0.968576 -0.0129222 0.248381 -0.647645 0.0966762 0.939681 -0.328107 -2.40198 -0.229159 0.341809 0.911402 14.6012 0 0 0 1 
25528382210160;0.944861;0.798675;0.999089 -0.0126786 -0.0407503 -0.807561 0.004647 0.981493 -0.191439 -1.79792 0.0424233 0.191076 0.980658 11.897 0 0 0 1 
25528382210161;0.607772;0.417459;0.983992 -0.0125616 0.17777 -0.557218 0.0336503 0.992665 -0.116117 0.00504029 -0.175007 0.120241 0.977197 1.70061 0 0 0 1 
25528382210162;0.465464;0.264628;0.991709 0.00655014 0.128335 0.649062 -0.0245371 0.989977 0.139083 -0.681283 -0.126138 -0.141079 0.98193 -12.0496 0 0 0 1 
25528382210163;0.301031;0.203231;0.999898 0.0079256 -0.0118621 0.378391 -0.0075407 0.999455 0.0321483 0.0323782 0.0121104 -0.0320556 0.999413 -1.1999 0 0 0 1 
25528382210164;0.262538;0.254316;0.999988 -0.00481035 0.000541718 -0.290356 0.00480786 0.999978 0.00451315 0.135278 -0.000563416 -0.00451049 0.99999 -0.483122 0 0 0 1 
25528382210165;0.165591;0.170631;0.999921 0.00382268 -0.0119749 0.139187 -0.00263603 0.995223 0.0975881 0.0206859 0.0122907 -0.0975488 0.995155 -5.38725 0 0 0 1 
25528382210166;1.12952;0.746804;0.972933 0.00461835 -0.231043 -0.689901 0.00453131 0.999227 0.0390552 0.129567 0.231045 -0.039045 0.972159 0.861612 0 0 0 1 
25528382210167;0.708722;0.195864;0.994819 -0.0135769 -0.10075 -1.53498 0.00729245 0.998019 -0.0624847 -0.280157 0.101399 0.0614262 0.992948 7.38937 0 0 0 1 
25528382210168;1.1418;0.282005;0.999816 0.00446039 0.0186714 0.128317 -0.00389864 0.999542 -0.0300152 -0.215868 -0.0187968 0.0299369 0.999375 4.11489 0 0 0 1 
25528382210169;0.757933;0.742397;0.994937 0.00392484 0.100428 0.502851 -0.00113899 0.999613 -0.0277821 -0.16091 -0.100498 0.027527 0.994556 -1.01528 0 0 0 1 
25528382210170;0.338329;0.0970716;0.988163 0.0029645 0.153382 0.427746 0.0583289 0.917466 -0.393515 -4.75957 -0.141889 0.397804 0.906432 19.7082 0 0 0 1 
25528382210171;0.814741;0.698435;0.994909 0.0144973 -0.099727 0.174116 -0.0104297 0.999097 0.0411888 -0.0397955 0.100234 -0.0399389 0.994162 1.16038 0 0 0 1 
25528382210172;0.85032;0.235275;0.991174 0.0642022 -0.115982 2.67382 -0.0201773 0.937769 0.346672 -2.20573 0.131021 -0.341272 0.930788 -15.0052 0 0 0 1 
25528382210173;0.630488;0.530064;0.999755 0.0029754 -0.0219302 0.184522 -0.0014071 0.997462 0.0711847 0.090992 0.0220863 -0.0711364 0.997222 -4.56693 0 0 0 1 
25528382210174;0.36066;0.096716;0.961294 0.109279 -0.252928 4.57867 -0.0104666 0.931804 0.362811 -2.88979 0.275327 -0.346121 0.896881 -14.441 0 0 0 1 
25528382210175;0.400793;0.380419;0.99978 0.00134184 0.0209198 0.179395 0.000889573 0.994335 -0.106292 -0.633134 -0.0209439 0.106288 0.994115 5.89655 0 0 0 1 
25528382210176;0.342834;0.166051;0.984562 -0.00115144 0.17503 0.182053 -0.0295019 0.98458 0.172428 -0.946842 -0.17253 -0.17493 0.969347 -14.8272 0 0 0 1 
25528382210177;0.260067;0.119123;0.997374 -0.0268871 -0.0672522 -1.83165 0.00776344 0.962879 -0.26982 -2.89678 0.0720104 0.268589 0.960559 17.0872 0 0 0 1 
25528382210178;0.926206;0.262096;0.999843 -0.00179666 0.0176083 -0.225745 0.001629 0.999953 0.00953156 0.117985 -0.0176246 -0.00950138 0.9998 1.24961 0 0 0 1 
25528382210179;0.695785;0.270988;0.999965 -0.00520697 -0.00650784 -0.178098 0.00406594 0.986377 -0.164452 -1.01632 0.00727548 0.16442 0.986364 8.01806 0 0 0 1 
25528382210180;0.109455;0.087956;0.99971 0.00797746 0.0227 0.531264 -0.00951836 0.997599 0.0686036 -0.0892874 -0.0220982 -0.0687998 0.997386 -4.63917 0 0 0 1 
25528382210181;0.971587;0.62074;0.944386 -6.28428e-05 0.32884 -0.481445 0.0183888 0.998445 -0.0526196 0.358733 -0.328325 0.0557402 0.942919 -6.44039 0 0 0 1 
25528382210182;0.540657;0.333702;0.998491 0.00316313 0.0548155 0.375367 -0.00254502 0.999932 -0.0113423 -0.174119 -0.0548476 0.0111857 0.998432 -1.71446 0 0 0 1 
25528382210183;0.488607;0.382917;0.969894 0.00312242 0.243506 0.410834 -0.00168031 0.99998 -0.00612978 0.0131127 -0.24352 0.00553607 0.96988 -4.79287 0 0 0 1 
25528382210184;0.107925;0.0662999;0.999923 0.00598508 -0.010866 0.276048 -0.00583233 0.999884 0.0140354 -0.0625983 0.0109487 -0.0139709 0.999842 -0.371476 0 0 0 1 
25528382210186;2.61464;0.475291;0.906286 0.0377812 -0.420973 0.00276444 0.0509082 0.978988 0.197459 -0.0614631 0.419588 -0.200385 0.88532 -5.49871 0 0 0 1 
25528382210187;2.55948;0.279272;0.999946 0.0100671 0.0026339 0.708465 -0.0100401 0.999899 -0.0100796 -0.322552 -0.00273511 0.0100526 0.999946 -2.01141 0 0 0 1 
25528382210188;2.1137;0.653647;0.993001 -0.0162128 -0.11699 -0.584662 0.00154933 0.992236 -0.124356 -0.256296 0.118098 0.123305 0.985317 4.40553 0 0 0 1 
25528382210189;3.03095;1.70404;0.932564 -0.00307704 0.360991 0.448529 0.0200141 0.998866 -0.0431891 0.134122 -0.360449 0.0475015 0.931569 -0.776038 0 0 0 1 
25528382210190;2.58604;2.41203;0.94351 0.0382724 0.329127 1.82782 0.0272316 0.98099 -0.192139 -1.04028 -0.330224 0.190248 0.924531 4.33707 0 0 0 1 
25528382210191;2.29839;1.11351;0.994112 -0.00729817 0.108108 -0.270009 -0.0325023 0.9317 0.361772 -1.35109 -0.103365 -0.363156 0.925977 -14.0623 0 0 0 1 
25528382210192;1.26077;0.982951;0.997436 0.0228365 -0.067825 0.864886 -0.0205129 0.999185 0.0347593 -0.28602 0.0685635 -0.0332789 0.997092 -1.36681 0 0 0 1 
25528382210193;1.94741;1.22339;0.975749 -0.0185769 0.218101 -0.559803 0.047341 0.99072 -0.127411 0.119778 -0.21371 0.134646 0.967573 0.889733 0 0 0 1 
25528382210194;0.500481;0.406128;0.99138 0.0628885 -0.114935 1.97866 -0.0125205 0.918725 0.3947 -2.11776 0.130416 -0.389858 0.911593 -14.2427 0 0 0 1 
25528382210195;0.447325;0.230536;0.993654 0.00333132 0.112428 0.355492 0.0258467 0.966049 -0.257062 -1.69948 -0.109467 0.258336 0.959833 8.7961 0 0 0 1 
25528382210196;0.672791;0.479308;0.999712 -0.023369 -0.00541017 -1.07179 0.0235805 0.998795 0.0430424 0.520509 0.0043978 -0.0431576 0.999059 -1.4748 0 0 0 1 
25528382210197;1.68816;1.6288;0.999899 0.0110725 0.00890025 0.417172 -0.0113968 0.999241 0.0372614 -0.0147032 -0.00848091 -0.0373591 0.999266 -1.54951 0 0 0 1 
25528382210198;0.0806703;0.145688;0.999841 -0.0177744 -0.00122099 -0.748477 0.0177539 0.999728 -0.0151508 0.268413 0.00148995 0.0151267 0.999884 0.552013 0 0 0 1 
25528382210199;2.04506;0.579223;0.985353 -0.0208198 0.169251 -0.567915 0.0224168 0.99972 -0.00753006 0.328844 -0.169047 0.0112138 0.985544 -3.49679 0 0 0 1 
25528382210200;1.86353;1.55254;0.986412 -0.0727468 -0.147304 -3.65249 0.0231047 0.949137 -0.314016 -2.62494 0.162656 0.306346 0.937921 14.544 0 0 0 1 
25528382210201;1.69978;1.60484;0.977528 -0.0100962 0.210562 -0.106754 -0.0137343 0.99368 0.111407 -0.0243611 -0.210356 -0.111795 0.971212 -7.95793 0 0 0 1 
25528382210202;3.09717;0.579323;0.99966 -0.00856736 0.0246434 -0.656812 0.00981913 0.998644 -0.0511312 0.0222447 -0.0241719 0.0513558 0.998388 4.45969 0 0 0 1 
25528382210203;2.66545;0.401379;0.999944 0.00822624 -0.00660596 0.0632364 -0.00773107 0.997391 0.0717753 0.177554 0.00717917 -0.0717202 0.997399 -0.399662 0 0 0 1 
25528382210204;2.12678;1.97211;0.999992 -0.00392829 0.000120401 -0.173049 0.00392736 0.999968 0.006911 0.241868 -0.000147546 -0.00691047 0.999976 -0.210922 0 0 0 1 
25528382210205;2.17534;0.397891;0.970652 0.00277943 -0.240471 -0.25085 0.00576812 0.999376 0.0348338 -0.0844848 0.240418 -0.0351986 0.970031 -0.526015 0 0 0 1 
25528382210206;0.615844;0.277678;0.999699 0.0001017 0.0245481 0.0291629 0.00183985 0.996868 -0.079056 -0.369581 -0.0244792 0.0790773 0.996568 3.24056 0 0 0 1 
25528382210207;2.70191;2.4327;0.998435 -0.0132071 0.0543444 -0.248388 0.0179274 0.99602 -0.0873101 -0.100764 -0.052975 0.0881477 0.994698 1.48385 0 0 0 1 
25528382210208;0.254784;0.267243;0.998551 0.0186964 -0.0504633 0.617264 -0.0172049 0.999407 0.0298318 -0.206675 0.0509912 -0.0289204 0.99828 -0.567389 0 0 0 1 
25528382210209;0.401221;0.389969;0.999849 0.0147773 -0.00913348 0.502175 -0.0144042 0.99911 0.0396443 -0.0723272 0.00971119 -0.0395067 0.999172 -1.41404 0 0 0 1 
25528382210210;3.26762;2.74602;0.998217 0.0569826 0.0177696 2.40871 -0.0595431 0.929818 0.36317 -2.79213 0.00417188 -0.36358 0.931554 -15.7501 0 0 0 1 
25528382210211;2.11433;0.882702;0.999004 0.0274101 0.0352073 1.04672 -0.0332619 0.983439 0.178161 -0.310621 -0.0297408 -0.179154 0.983371 -5.86481 0 0 0 1 
25528382210212;0.939666;0.404482;0.981969 0.00905903 0.188824 0.680699 0.0252189 0.983646 -0.178341 -0.815323 -0.187351 0.179887 0.965681 4.05262 0 0 0 1 
25528382210213;1.20317;1.10674;0.996302 0.00493456 0.0857807 0.36994 -0.0132956 0.995179 0.097174 -0.000563121 -0.0848876 -0.0979551 0.991564 -4.74778 0 0 0 1 
25528382210214;2.77469;1.01897;0.985223 0.0347189 0.167722 1.72378 0.00144232 0.977523 -0.210822 -1.63621 -0.171272 0.207949 0.963028 8.22339 0 0 0 1 
25528382210215;2.52413;2.37049;0.99964 0.0145013 -0.0225555 0.557296 -0.00847654 0.968913 0.247258 -0.685708 0.0254398 -0.246978 0.968687 -10.0686 0 0 0 1 
25528382210217;1.06109;1.04557;0.97211 -0.0167865 -0.233923 -1.77196 0.0075578 0.999159 -0.0402924 -0.0745055 0.234403 0.0374007 0.97142 4.12971 0 0 0 1 
25528382210218;0.551084;0.511393;0.999862 0.013339 0.0098649 1.22466 -0.0139422 0.997862 0.0638477 -0.25645 -0.00899215 -0.0639764 0.997911 -5.60905 0 0 0 1 
25528382210219;0.422673;0.391328;0.974566 -0.00706179 0.223989 -0.611215 -0.00201016 0.999188 0.0402479 -0.00326236 -0.224092 -0.0396745 0.97376 -4.44642 0 0 0 1 
25528382210220;1.03905;0.836406;0.961569 0.0654228 -0.266655 5.85403 -0.0281711 0.98958 0.141204 -1.13557 0.273114 -0.128265 0.953392 -10.7941 0 0 0 1 
25528382210221;1.31298;0.642873;0.997871 -0.0123033 -0.06405 -1.34093 0.00326183 0.990231 -0.139395 -1.16044 0.0651393 0.138889 0.988163 14.1714 0 0 0 1 
25528382210222;1.56771;1.21664;0.98697 0.0380982 -0.156331 3.87261 -0.0203419 0.993313 0.113647 -0.748886 0.159615 -0.108986 0.981145 -10.9674 0 0 0 1 
25528382210223;0.395381;0.298941;0.99836 0.000920868 -0.0572399 -0.0611745 0.0021251 0.998585 0.0531304 -0.0282555 0.0572078 -0.0531649 0.996946 -4.31208 0 0 0 1 
25528382210224;1.45898;1.13993;0.99486 -0.000374316 -0.101256 -0.425805 0.00213388 0.999849 0.0172697 0.0376526 0.101234 -0.017397 0.994711 -0.0798846 0 0 0 1 
25528382210225;0.647882;0.352485;0.955422 0.0431197 -0.292077 3.2619 0.00232461 0.988148 0.153485 -0.913655 0.295234 -0.147322 0.943998 -11.4699 0 0 0 1 
25528382210226;0.247807;0.254673;0.994505 0.0136109 -0.103805 1.18425 -0.0115728 0.999729 0.0202107 -0.119725 0.104052 -0.0188983 0.994392 -1.37467 0 0 0 1 
25528382210227;1.67052;0.436009;0.999838 -0.00345519 0.0176626 -0.577022 0.00343683 0.999994 0.00107023 -0.0287544 -0.0176662 -0.00100935 0.999843 2.06815 0 0 0 1 
25528382210228;0.941077;0.33175;0.999853 -0.00292379 -0.0168935 0.0519318 0.00184715 0.997987 -0.0633986 -0.152085 0.0170448 0.0633581 0.997845 4.25456 0 0 0 1 
25528382210229;1.84373;1.77093;0.999396 -0.0186672 -0.0293037 -1.83203 0.0166711 0.997617 -0.0669459 -0.124941 0.0304836 0.066417 0.997326 6.20269 0 0 0 1 
25528382210230;0.815476;0.713007;0.999959 -0.00341547 -0.00835591 -0.430853 0.00335996 0.999972 -0.00664788 0.00307918 0.00837838 0.00661953 0.999943 0.956395 0 0 0 1 
25528382210231;0.945073;0.488775;0.999957 0.000363304 -0.0093046 -0.104367 -0.000453404 0.999953 -0.00968313 -0.0516081 0.00930065 0.00968693 0.99991 1.9416 0 0 0 1 
25528382210232;0.385786;0.340473;0.994711 0.00636331 0.102516 0.639226 -0.015546 0.995908 0.0890249 -0.380533 -0.10153 -0.0901478 0.99074 -8.94993 0 0 0 1 
25528382210233;0.215723;0.159894;0.999092 0.0377665 0.0197262 3.34041 -0.0421638 0.943003 0.330102 -5.13391 -0.00613507 -0.330634 0.943739 -29.7997 0 0 0 1 
25528382210234;1.80049;1.33305;0.999821 -0.0174477 0.00728331 -1.29043 0.0179146 0.997392 -0.0699104 -0.0160872 -0.00604454 0.0700284 0.997527 4.18706 0 0 0 1 
25528382210235;1.841;1.82793;0.980858 0.00708997 0.194597 0.625745 -0.0457834 0.979719 0.195074 -1.83936 -0.189268 -0.200249 0.96129 -18.2488 0 0 0 1 
25528382210236;0.783834;0.542039;0.992322 0.0013036 0.123672 0.176689 -0.00731668 0.998812 0.0481793 -0.133672 -0.123463 -0.0487143 0.991153 -4.20953 0 0 0 1 
25528382210237;0.646121;0.490765;0.995655 -0.00123501 -0.0931055 -0.0286406 0.000914132 0.999993 -0.00348896 0.0226743 0.0931092 0.00338869 0.99565 -0.0497748 0 0 0 1 
25528382210238;0.978297;0.778277;0.994317 -0.0192341 0.104709 -1.75772 0.0315421 0.992609 -0.11719 -0.630502 -0.101681 0.119826 0.987574 10.8951 0 0 0 1 
25528382210239;1.51578;0.139419;0.995382 -0.0122928 0.0952052 -1.49051 0.0179807 0.998089 -0.0591181 -0.148476 -0.0942965 0.0605569 0.993701 7.08652 0 0 0 1 
25528382210240;0.466545;0.421947;0.999718 0.023167 -0.0051303 2.00948 -0.0217204 0.980521 0.195208 -1.71388 0.00955277 -0.195042 0.980748 -17.3774 0 0 0 1 
25528382210241;1.93577;1.86284;0.988936 0.00964281 0.148029 0.970865 -0.0306335 0.989651 0.140186 -0.954027 -0.145145 -0.143169 0.978997 -13.4357 0 0 0 1 
25528382210242;0.86252;0.491597;0.99636 -0.0298571 0.0798513 -2.78401 0.0453947 0.978642 -0.200498 -1.88563 -0.0721596 0.203393 0.976435 18.7225 0 0 0 1 
25528382210243;0.905546;0.272024;0.969761 -0.00631065 0.243976 -0.474907 -0.00647687 0.998648 0.0515752 -0.065547 -0.243972 -0.0515958 0.968409 -4.62603 0 0 0 1 
25528382210244;0.219604;0.234609;0.999846 -0.00235285 -0.0174189 -0.218203 0.00201557 0.999811 -0.0193551 -0.00574575 0.0174611 0.019317 0.999661 1.62638 0 0 0 1 
25528382210245;0.165948;0.132603;0.980607 -0.00518643 0.195918 -0.363426 0.0019175 0.999856 0.0168712 0.0453334 -0.195977 -0.0161683 0.980475 -2.64444 0 0 0 1 
25528382210246;1.5805;1.40251;0.998538 -0.00296805 0.0539726 -0.373734 0.00199391 0.999834 0.0180936 0.0159786 -0.0540174 -0.0179595 0.998378 -0.870031 0 0 0 1 
25528382210248;1.80404;1.60301;0.997097 0.00210795 0.0761105 0.283988 0.00961914 0.98812 -0.153384 -0.751098 -0.0755296 0.153671 0.985231 8.02662 0 0 0 1 
25528382210249;2.65063;0.694473;0.999205 -0.0167146 0.0361986 -0.789637 0.0164721 0.99984 0.0069888 0.208062 -0.0363096 -0.00638697 0.99932 -3.26857 0 0 0 1 
25528382210250;0.988386;0.240164;0.988684 -0.0212278 -0.148504 -1.60243 0.0121626 0.998021 -0.0616876 -0.229891 0.14952 0.0591833 0.986986 3.81147 0 0 0 1 
25528382210251;1.96971;0.66878;0.99927 0.00196572 -0.0381496 0.238897 -0.000464751 0.999227 0.0393132 0.409736 0.0381974 -0.0392668 0.998498 -4.37932 0 0 0 1 
25528382210252;1.48555;1.29774;0.99992 0.0125845 0.00158855 0.776276 -0.012583 0.99992 -0.000936531 -0.12363 -0.00160021 0.000916467 0.999998 0.388539 0 0 0 1 
25528382210253;1.51489;0.427908;0.999207 0.00753048 0.039097 0.60394 -0.00605022 0.999265 -0.0378423 0.0541057 -0.0393533 0.0375758 0.998519 0.439614 0 0 0 1 
25528382210254;2.5409;2.00316;0.999248 0.0183242 0.0341814 1.14302 -0.023158 0.988885 0.146866 -0.160202 -0.0311103 -0.147548 0.988566 -10.1066 0 0 0 1 
25528382210255;0.438009;0.182601;0.995713 -0.00167572 -0.0924817 -0.287495 -0.00659372 0.996006 -0.089039 -0.423957 0.0922616 0.0892671 0.991725 5.04655 0 0 0 1 
25528382210256;0.895108;0.516757;0.961341 0.0112316 0.275131 1.25914 0.0676377 0.958924 -0.27548 -3.19275 -0.266924 0.28344 0.921094 16.8192 0 0 0 1 
25528382210257;0.887196;0.823599;0.999357 0.000475505 0.03585 0.163398 -0.000829508 0.999951 0.00986033 -0.0267336 -0.0358436 -0.00988373 0.999309 -0.771745 0 0 0 1 
25528382210258;2.46932;0.58322;0.99941 0.0226661 -0.025813 1.63951 -0.0240348 0.998251 -0.0540065 0.0356174 0.0245438 0.0545951 0.998207 0.211421 0 0 0 1 
25528382210259;0.355498;0.230823;0.994625 -0.0107261 0.102985 -0.350046 0.0565298 0.889558 -0.453311 -7.17297 -0.0867493 0.456697 0.885383 25.3664 0 0 0 1 
