#;prob_registration_l1 -r /home/probabilistic_point_clouds_registration/build/tester /home/point_clouds_registration_benchmark//devel/registration_pairs/stairs_local.txt /home/point_clouds_registration_benchmark//eth/stairs -s 0.2 -t 0.2 -p 0.3 -r 1000 -m 10 -i 40 
id;initial_error;final_error;transformation
5494384560000;0.832403;0.492794;0.998781 0.0449981 -0.0202929 0.256008 -0.0438548 0.997597 0.0536452 0.064899 0.0226581 -0.0526898 0.998354 0.242408 0 0 0 1 
5494384560001;0.315086;0.0485062;0.916356 0.237328 -0.322439 1.51534 -0.212318 0.970854 0.111188 1.36284 0.339429 -0.0334282 0.940037 -2.27428 0 0 0 1 
5494384560002;0.630491;0.0266918;0.999353 -0.0278358 -0.0227543 0.69875 0.0277423 0.999605 -0.00441769 -0.270421 0.0228683 0.00378358 0.999731 0.0949043 0 0 0 1 
5494384560003;0.317466;0.0438689;0.968969 -0.0609689 -0.239544 0.928213 0.135838 0.940992 0.309972 -1.89259 0.20651 -0.332893 0.920074 -1.39519 0 0 0 1 
5494384560004;0.657978;0.0292076;0.998547 0.0494889 0.0213282 -0.201311 -0.0513695 0.993741 0.0991981 0.628036 -0.0162855 -0.10015 0.994839 0.607201 0 0 0 1 
5494384560005;0.751618;0.0336829;0.994007 -0.0994245 -0.0454458 -0.443023 0.103962 0.98828 0.111781 -1.53814 0.0337995 -0.115835 0.992693 -0.39169 0 0 0 1 
5494384560006;0.696898;0.292902;0.979686 0.108182 -0.168853 0.637985 -0.124234 0.988382 -0.0875613 0.923123 0.157419 0.10676 0.981744 -0.645698 0 0 0 1 
5494384560007;0.399045;0.141694;0.972574 -0.228589 -0.0429658 0.459895 0.231097 0.970604 0.0672505 -2.18873 0.02633 -0.0753353 0.996811 -0.185353 0 0 0 1 
5494384560008;0.231215;0.0538531;0.972766 -0.205097 -0.107985 0.420505 0.193341 0.974942 -0.110031 -1.17715 0.127846 0.0861569 0.988045 -0.816025 0 0 0 1 
5494384560009;0.454804;0.0333164;0.990266 -0.0298775 -0.135941 0.658921 0.0363574 0.998305 0.0454363 -0.61997 0.134353 -0.0499365 0.989675 -0.644209 0 0 0 1 
5494384560010;0.83506;0.0295911;0.999983 -0.00513478 0.00272948 -0.0366176 0.00508302 0.999813 0.0186454 0.0535395 -0.00282471 -0.0186312 0.999822 0.910894 0 0 0 1 
5494384560011;0.300381;0.0521589;0.996359 0.0563739 0.0639645 -0.207177 -0.0336256 0.949223 -0.312801 0.978917 -0.0783504 0.309512 0.947662 0.66869 0 0 0 1 
5494384560012;0.513405;0.0417087;0.944201 0.0586553 -0.324105 1.11026 -0.127513 0.972379 -0.1955 1.39039 0.303686 0.225919 0.9256 -1.61824 0 0 0 1 
5494384560013;0.592232;0.0289786;0.993773 0.00653725 -0.111231 0.443686 -0.0106333 0.999285 -0.0362711 0.782851 0.110915 0.037228 0.993132 -0.776892 0 0 0 1 
5494384560014;0.784839;0.0387176;0.947586 0.203367 0.246419 0.482306 -0.246042 0.956501 0.156747 1.26796 -0.203823 -0.209161 0.956404 2.01457 0 0 0 1 
5494384560015;1.02961;0.05988;0.943206 0.319982 -0.0892938 0.278438 -0.331817 0.894392 -0.299933 3.88041 -0.0161096 0.312528 0.949772 0.947814 0 0 0 1 
5494384560016;0.692498;0.0387787;0.989433 0.134887 -0.0531831 0.167716 -0.14468 0.894422 -0.423174 2.65042 -0.00951255 0.426397 0.904486 -0.0880733 0 0 0 1 
5494384560017;0.125802;0.042367;0.999946 -0.00122386 -0.010317 0.0675284 0.00135374 0.99992 0.0125921 -0.104305 0.0103007 -0.0126054 0.999867 0.0413704 0 0 0 1 
5494384560018;0.697368;0.0342985;0.997382 0.0417417 -0.0590469 0.729334 -0.0536756 0.974531 -0.217735 1.06524 0.0484544 0.220334 0.97422 0.209084 0 0 0 1 
5494384560019;0.372102;0.0445662;0.952817 0.286903 0.0991224 0.154226 -0.295537 0.951336 0.0872747 2.03529 -0.0692593 -0.112451 0.991241 0.254015 0 0 0 1 
5494384560020;0.725979;0.0583064;0.946074 0.314326 0.0783779 0.165814 -0.323342 0.901419 0.287913 2.13896 0.0198473 -0.29773 0.954444 0.490799 0 0 0 1 
5494384560021;0.810082;0.048642;0.996368 0.0785037 -0.0329798 -0.187933 -0.0785997 0.996905 -0.00162231 0.646654 0.0327504 0.00420862 0.999455 0.557453 0 0 0 1 
5494384560022;1.01164;0.0396942;0.881546 -0.314648 -0.351958 1.60215 0.342865 0.939189 0.0191435 -3.59532 0.324532 -0.13755 0.93582 -1.98926 0 0 0 1 
5494384560023;0.527542;0.0392232;0.979799 0.0994283 -0.173515 0.830932 -0.0990573 0.995023 0.010819 0.667461 0.173727 0.00658745 0.984772 -1.77113 0 0 0 1 
5494384560024;0.419936;0.0644296;0.939763 0.330924 -0.08565 0.98869 -0.333253 0.942732 -0.0140866 2.59835 0.0760834 0.0417811 0.996226 -0.797678 0 0 0 1 
5494384560025;0.495752;0.0543384;0.940925 0.299678 -0.157651 0.943567 -0.298387 0.953896 0.0323625 2.26914 0.160081 0.0165904 0.986964 -0.759691 0 0 0 1 
5494384560026;0.350666;0.0467609;0.973819 0.0914758 0.208106 -0.248926 -0.0275699 0.956231 -0.291312 0.913228 -0.225646 0.277948 0.933718 2.13116 0 0 0 1 
5494384560027;0.90423;0.0224049;0.992544 0.0553592 -0.108587 1.2863 -0.0383224 0.987462 0.153135 0.0995805 0.115703 -0.147832 0.982221 -0.677817 0 0 0 1 
5494384560028;0.914969;0.608121;0.997043 -0.0760765 -0.0108139 -0.262252 0.076189 0.997039 0.0104054 -0.463154 0.00999025 -0.0111985 0.999887 -0.197601 0 0 0 1 
5494384560029;0.844853;0.0497877;0.999363 0.0268899 0.0234422 -0.0115465 -0.0270467 0.999614 0.0063975 -0.470311 -0.0232611 -0.00702746 0.999705 -0.460646 0 0 0 1 
5494384560031;0.314572;0.0142124;0.91572 -0.348699 -0.199666 0.558457 0.356713 0.934203 0.00447437 -1.39623 0.184968 -0.0753206 0.979854 -0.786875 0 0 0 1 
5494384560032;0.143255;0.0487369;0.996412 0.0588134 0.0608584 0.0313577 -0.0537186 0.995166 -0.0822114 0.255967 -0.0653993 0.0786472 0.994755 0.251544 0 0 0 1 
5494384560033;0.256973;0.0298156;0.999802 0.00551557 0.0191035 0.210588 -0.00315366 0.992583 -0.121529 0.2345 -0.0196321 0.121444 0.992404 0.146669 0 0 0 1 
5494384560034;0.872658;0.0323132;0.971815 -0.213902 0.0991041 0.0808105 0.194176 0.964677 0.17803 -1.74439 -0.133684 -0.153769 0.979022 -0.108592 0 0 0 1 
5494384560035;0.383527;0.0218257;0.996989 -0.0672201 0.0386523 0.086201 0.0647891 0.99603 0.0610385 0.0654031 -0.0426019 -0.0583505 0.997387 0.2025 0 0 0 1 
5494384560036;0.699819;0.0278992;0.953139 0.256196 -0.1609 0.582616 -0.294788 0.906059 -0.303575 0.947157 0.0680099 0.336781 0.939124 0.426678 0 0 0 1 
5494384560037;0.785083;0.0350797;0.969536 -0.0989329 0.224082 -0.329454 0.164692 0.940453 -0.297361 -0.184695 -0.18132 0.325207 0.928097 0.0860485 0 0 0 1 
5494384560038;1.00964;0.0241048;0.903412 -0.427559 0.0322486 -0.821489 0.427936 0.903792 -0.00554333 -1.30025 -0.0267759 0.0188082 0.999465 -0.26861 0 0 0 1 
5494384560039;0.16472;0.0601928;0.986334 -0.0764518 -0.145943 0.14956 0.0779208 0.99695 0.0043671 -0.248417 0.145164 -0.0156794 0.989283 -0.615466 0 0 0 1 
5494384560040;0.656318;0.0381535;0.914613 0.33496 0.226461 0.597194 -0.32704 0.942203 -0.0727942 0.795125 -0.237756 -0.00748344 0.971296 1.10455 0 0 0 1 
5494384560041;0.496934;0.0241393;0.882167 -0.306494 0.357551 -0.139477 0.31492 0.948435 0.0360139 -1.13117 -0.350152 0.0808299 0.933199 1.8382 0 0 0 1 
5494384560042;0.516103;0.392988;0.996374 -0.0833001 -0.0173313 -0.274593 0.0848737 0.987386 0.133665 -0.681749 0.00597838 -0.134651 0.990875 -0.167765 0 0 0 1 
5494384560043;0.0787389;0.0208128;0.999902 -0.013246 -0.00445027 -0.00546647 0.0133131 0.999793 0.0154123 -0.174781 0.0042452 -0.01547 0.999871 0.0154532 0 0 0 1 
5494384560044;0.670233;0.023813;0.999098 0.0414973 0.00897285 0.227796 -0.0417497 0.998676 0.0300481 0.25581 -0.00771406 -0.0303956 0.999508 0.764886 0 0 0 1 
5494384560045;0.454928;0.0241773;0.913388 -0.26904 0.305515 -0.450006 0.17766 0.938687 0.295473 -1.15122 -0.366277 -0.215604 0.905183 1.44366 0 0 0 1 
5494384560046;0.663952;0.0326158;0.977685 0.135179 -0.160804 0.449092 -0.137951 0.99042 -0.00615019 1.2433 0.158432 0.0281961 0.986967 -0.662403 0 0 0 1 
5494384560047;0.60701;0.249598;0.997751 0.0121783 -0.0659144 -0.485607 -0.0251895 0.979402 -0.200341 0.715192 0.0621169 0.201551 0.977506 -0.187084 0 0 0 1 
5494384560048;0.280379;0.0286478;0.999845 -0.0100727 0.0144263 -0.0572388 0.010029 0.999945 0.0030983 -0.173996 -0.0144567 -0.00295314 0.999891 0.383041 0 0 0 1 
5494384560049;0.480826;0.0291797;0.93119 0.325298 0.164517 0.599343 -0.319539 0.945602 -0.061097 1.37466 -0.175442 0.00432341 0.98448 0.668628 0 0 0 1 
5494384560050;0.519994;0.0280024;0.977185 0.20431 0.0580171 -0.149149 -0.198861 0.97608 -0.0878796 0.330456 -0.074584 0.0743373 0.99444 0.353612 0 0 0 1 
5494384560051;0.245903;0.0374706;0.999903 -0.0139211 0.000382485 0.0619896 0.0138963 0.999171 0.038278 -0.292266 -0.000915041 -0.038269 0.999267 -0.195948 0 0 0 1 
5494384560052;0.581213;0.0204262;0.95256 0.158846 0.25961 -0.347688 -0.187379 0.97825 0.0889761 0.0790447 -0.23983 -0.133401 0.961606 0.67957 0 0 0 1 
5494384560053;0.543864;0.0257046;0.9633 -0.216971 0.158042 -0.4353 0.199759 0.972731 0.117858 -1.27 -0.179304 -0.0819624 0.980374 0.310282 0 0 0 1 
5494384560054;0.812423;0.425235;0.999079 -0.0391206 -0.0176297 -0.410463 0.0394015 0.999097 0.015878 -0.369428 0.0169926 -0.016558 0.999719 -0.534064 0 0 0 1 
5494384560055;0.804846;0.0315234;0.928365 0.0111682 0.371502 0.514273 -0.0510114 0.993918 0.0975952 0.561753 -0.368153 -0.109555 0.923288 1.5045 0 0 0 1 
5494384560056;0.404608;0.0456139;0.982549 0.157423 0.0990692 -0.154739 -0.157002 0.987524 -0.0120734 0.16892 -0.0997339 -0.00369139 0.995007 0.29987 0 0 0 1 
5494384560057;0.241612;0.0315834;0.969797 0.214676 -0.115797 0.398302 -0.202579 0.973311 0.10783 0.520461 0.135855 -0.0811153 0.987403 -0.465913 0 0 0 1 
5494384560058;0.361634;0.0237889;0.991632 -0.11509 0.0584823 0.153574 0.122868 0.980405 -0.153978 -0.0100412 -0.039615 0.159875 0.986342 0.265741 0 0 0 1 
5494384560059;0.672349;0.0427186;0.999575 -0.00906458 0.0276947 -0.0345298 0.00923219 0.99994 -0.00593033 -0.0185845 -0.0276393 0.0061835 0.999599 -0.636367 0 0 0 1 
5494384560060;0.435775;0.0269471;0.955044 -0.272802 -0.116063 -0.0404919 0.29523 0.910856 0.288412 -1.61149 0.0270372 -0.309711 0.950446 -0.319367 0 0 0 1 
5494384560062;0.821662;0.0238529;0.964014 -0.195017 -0.180678 0.399227 0.19156 0.9808 -0.0365625 -1.58441 0.184339 0.000636125 0.982862 -1.40851 0 0 0 1 
5494384560063;1.2461;0.0312663;0.941093 0.102052 -0.32238 1.77751 -0.11377 0.99335 -0.0176641 0.868585 0.318434 0.0533006 0.946445 -2.47613 0 0 0 1 
5494384560064;0.351118;0.258528;0.992633 -0.120977 0.00663206 -0.0352988 0.121111 0.992291 -0.0262863 -0.720001 -0.00340089 0.0268959 0.999632 0.054203 0 0 0 1 
5494384560065;1.02628;0.0256707;0.996853 0.0790866 0.00550841 -0.0571684 -0.0786561 0.995327 -0.0560147 0.364666 -0.00991268 0.0554051 0.998415 0.845412 0 0 0 1 
5494384560066;0.385602;0.246676;0.940769 0.329557 -0.0796634 0.853738 -0.330973 0.943628 -0.00489235 2.19209 0.0735603 0.030969 0.99681 -0.352113 0 0 0 1 
5494384560067;1.09812;0.030985;0.979096 -0.13645 0.150837 -0.385402 0.159134 0.975754 -0.150271 -0.956823 -0.126675 0.171133 0.977071 0.154826 0 0 0 1 
5494384560068;0.284277;0.0236408;0.987798 0.141325 -0.0654343 0.309257 -0.117778 0.95279 0.279855 0.0112632 0.101896 -0.268734 0.95781 -0.652552 0 0 0 1 
5494384560069;0.305684;0.0310163;0.988054 0.14999 -0.0353923 0.430619 -0.149978 0.988685 0.00300346 0.938467 0.0354423 0.0023405 0.999369 -0.144919 0 0 0 1 
5494384560070;1.06788;0.0303951;0.998826 0.047544 -0.00928888 0.783138 -0.0458189 0.989444 0.137481 -0.0395917 0.0157272 -0.136894 0.990461 -0.430799 0 0 0 1 
5494384560071;0.199717;0.0236047;0.999939 -0.0110091 0.00013251 -0.00642446 0.0110099 0.999885 -0.0104655 -0.099348 -1.72793e-05 0.0104663 0.999945 0.158386 0 0 0 1 
5494384560072;1.02349;0.0355389;0.962611 -0.0297075 -0.269252 1.09915 -0.054981 0.951853 -0.301585 1.69818 0.265248 0.305113 0.914631 -1.33295 0 0 0 1 
5494384560073;0.123206;0.0262392;0.993063 -0.117576 0.00135366 -0.0319792 0.117472 0.99256 0.0320005 -0.840148 -0.00510607 -0.0316195 0.999487 0.0670753 0 0 0 1 
5494384560074;0.700296;0.832443;0.994608 0.103475 0.00697082 0.288876 -0.10371 0.992264 0.0682352 0.488489 0.000143781 -0.0685902 0.997645 -0.188821 0 0 0 1 
5494384560075;0.186882;0.0358121;0.999972 0.00743844 0.000716368 0.0680651 -0.00741788 0.999651 -0.0253651 0.101418 -0.000904794 0.0253591 0.999678 -0.0909278 0 0 0 1 
5494384560076;1.00141;0.0342094;0.992847 -0.0960756 0.0708879 -0.293975 0.0911331 0.993379 0.069946 -0.574494 -0.0771387 -0.0629854 0.995029 1.22451 0 0 0 1 
5494384560077;0.605922;0.237964;0.948355 -0.129955 -0.289368 1.19597 0.143003 0.989424 0.0243162 -1.04539 0.283148 -0.0644409 0.956909 -1.94118 0 0 0 1 
5494384560078;0.686652;0.231442;0.982978 -0.182793 -0.0184543 0.0509099 0.173356 0.956088 -0.236314 -0.481589 0.0608405 0.229092 0.971501 0.192396 0 0 0 1 
5494384560079;0.330281;0.0868376;0.939841 0.340118 -0.0319226 0.625108 -0.333898 0.934343 0.124558 1.76791 0.0721911 -0.106406 0.991699 -0.447465 0 0 0 1 
5494384560080;0.779401;0.121854;0.935054 0.344052 -0.0854563 1.17069 -0.336774 0.937372 0.0889746 2.22335 0.110716 -0.0544166 0.992361 -0.548106 0 0 0 1 
5494384560081;0.603531;0.0190238;0.979445 0.195636 -0.0491381 0.507039 -0.200772 0.969007 -0.143927 1.79386 0.0194577 0.150834 0.988368 0.28796 0 0 0 1 
5494384560082;0.617118;0.347949;0.940845 -0.0615569 -0.3332 1.42607 0.0956557 0.991614 0.0869045 -0.643729 0.325056 -0.113636 0.938843 -2.12595 0 0 0 1 
5494384560083;0.290683;0.213374;0.971038 0.204614 0.12336 -0.0289997 -0.191449 0.97525 -0.110612 1.60499 -0.14294 0.0837913 0.986178 0.933086 0 0 0 1 
5494384560084;0.175327;0.0168698;0.985069 -0.120212 -0.12324 0.339136 0.102623 0.984775 -0.140307 -0.282707 0.13823 0.125564 0.982408 -0.790145 0 0 0 1 
5494384560085;0.943472;0.0301261;0.991861 -0.122214 -0.0357241 0.0717853 0.105321 0.945148 -0.309198 -0.283948 0.0715527 0.302919 0.950326 0.421804 0 0 0 1 
5494384560086;0.821732;0.0410828;0.992369 -0.0302317 0.119543 -0.477915 0.0199979 0.996103 0.0858981 -0.609197 -0.121674 -0.082852 0.989106 1.2881 0 0 0 1 
5494384560087;0.12902;0.0316342;0.998995 0.00864282 -0.0439912 0.0433412 -0.00922942 0.999871 -0.0131488 0.0859314 0.0438719 0.0135416 0.998945 -0.181446 0 0 0 1 
5494384560088;1.25698;0.456918;0.88557 0.0468053 -0.462142 1.94066 -0.036473 0.998845 0.0312716 -0.519587 0.463072 -0.0108375 0.886255 -2.4481 0 0 0 1 
5494384560089;1.3654;1.00395;0.98826 0.133406 0.0744705 0.113358 -0.135806 0.990336 0.0281275 0.880249 -0.0699984 -0.0379108 0.996826 -0.243164 0 0 0 1 
5494384560090;0.736364;0.0368072;0.956988 -0.289515 -0.0188291 0.555422 0.261395 0.88856 -0.377007 -0.526581 0.12588 0.355869 0.926019 -0.342619 0 0 0 1 
5494384560091;0.484121;0.0292824;0.938884 -0.150775 -0.309456 1.16781 0.211652 0.961817 0.173526 -1.77345 0.271477 -0.228418 0.934947 -1.31393 0 0 0 1 
5494384560093;0.0553842;0.13647;0.999294 0.00424561 -0.0373235 0.11188 -0.004996 0.999787 -0.0200347 0.176222 0.0372305 0.0202071 0.999102 -0.139282 0 0 0 1 
5494384560094;0.672056;0.14822;0.902785 -0.052094 -0.426925 1.94434 0.119913 0.983763 0.13353 -1.13938 0.413037 -0.171743 0.894374 -2.16692 0 0 0 1 
5494384560095;0.854827;0.146817;0.921979 0.3865 -0.0239111 0.919593 -0.38721 0.920913 -0.0445817 2.3196 0.00478918 0.050362 0.99872 0.459195 0 0 0 1 
5494384560096;0.268636;0.134849;0.952669 -0.288927 -0.0945722 0.435974 0.274094 0.950872 -0.143923 -1.51018 0.131509 0.111189 0.98506 -0.795334 0 0 0 1 
5494384560097;0.745786;0.150722;0.998541 -0.0511863 -0.01722 -0.272004 0.0512415 0.998682 0.0027757 -0.786296 0.0170552 -0.00365403 0.999848 0.221508 0 0 0 1 
5494384560098;0.365154;0.130386;0.908456 -0.382666 -0.168151 0.976033 0.389587 0.920946 0.00897017 -2.71778 0.151426 -0.0736586 0.98572 -0.936565 0 0 0 1 
5494384560099;0.345567;0.124381;0.997604 -0.0312739 0.0617069 -0.376941 0.0341736 0.998333 -0.046509 0.0664435 -0.0601495 0.0485064 0.99701 0.468818 0 0 0 1 
5494384560100;0.37298;0.136599;0.940778 -0.246158 -0.233116 0.630362 0.244015 0.969009 -0.0384581 -1.44361 0.235358 -0.0207034 0.971688 -1.2965 0 0 0 1 
5494384560101;0.595346;0.209675;0.919629 0.359983 0.157144 0.10572 -0.382009 0.912775 0.144605 2.42959 -0.0913821 -0.193013 0.976932 1.08161 0 0 0 1 
5494384560102;0.240088;0.135005;0.97467 -0.201967 0.0960608 -0.194099 0.216983 0.958028 -0.187351 -1.01754 -0.0541902 0.203449 0.977585 0.593623 0 0 0 1 
5494384560103;0.65911;0.132105;0.999784 -0.00695188 -0.019583 0.0295204 0.00668721 0.999886 -0.0135487 -0.116192 0.0196749 0.0134148 0.999716 -0.547399 0 0 0 1 
5494384560104;0.317417;0.130231;0.990127 -0.11994 -0.0725522 0.262433 0.137557 0.930951 0.338243 -1.80509 0.0269737 -0.344884 0.938258 -0.0205117 0 0 0 1 
5494384560105;0.561217;0.113909;0.964475 0.0492971 -0.259535 0.666403 -0.0814145 0.990083 -0.114489 0.908418 0.251317 0.131552 0.958923 -1.09753 0 0 0 1 
5494384560106;0.669368;0.117884;0.979073 -0.0214861 0.202372 -0.0880038 0.0322166 0.998236 -0.0498796 -0.367158 -0.200944 0.0553555 0.978038 1.85175 0 0 0 1 
5494384560107;0.196586;0.147922;0.987531 0.140525 -0.0709638 0.259766 -0.135977 0.988556 0.0653244 0.791619 0.0793314 -0.0548604 0.995338 -0.550328 0 0 0 1 
5494384560108;0.588165;0.138038;0.974922 0.194395 -0.108343 0.54324 -0.131497 0.89594 0.424264 -0.245272 0.179544 -0.399378 0.899034 -1.33866 0 0 0 1 
5494384560109;0.964218;0.508609;0.996898 0.0667811 -0.0416501 0.291813 -0.0700266 0.994164 -0.0820659 0.978186 0.0359265 0.084728 0.995756 0.308048 0 0 0 1 
5494384560110;0.522946;0.135108;0.894686 -0.446159 -0.0219056 0.413336 0.44547 0.894787 -0.0302072 -3.11181 0.0330781 0.0172676 0.999304 -0.136804 0 0 0 1 
5494384560111;0.382633;0.159508;0.996037 -0.00136356 0.088932 -0.426194 0.0137442 0.990232 -0.138752 0.357342 -0.0878741 0.139425 0.986326 0.540885 0 0 0 1 
5494384560112;1.20633;0.159941;0.968432 -0.243922 -0.0513958 -0.286319 0.241366 0.969081 -0.0512297 -1.03902 0.0623028 0.0372073 0.997364 0.406771 0 0 0 1 
5494384560113;0.493118;0.141134;0.98821 0.14349 -0.0533931 0.279867 -0.147311 0.986145 -0.0762744 1.2049 0.0417087 0.0832405 0.995656 -0.52664 0 0 0 1 
5494384560114;0.011633;0.10752;0.999736 -0.0119238 -0.0196187 0.0114274 0.0117129 0.999873 -0.0108295 0.00367786 0.0197453 0.0105969 0.999749 -0.0671434 0 0 0 1 
5494384560115;0.837027;0.108417;0.952619 -0.109495 -0.283773 0.590495 0.165067 0.969727 0.179952 -1.97913 0.255479 -0.218268 0.941855 -1.31892 0 0 0 1 
5494384560116;0.753813;0.162821;0.994446 -0.0768145 -0.0719438 -0.383645 0.0777384 0.996922 0.0101272 -0.451336 0.0709444 -0.0156638 0.997357 -0.624401 0 0 0 1 
5494384560117;0.39392;0.113386;0.962089 0.272697 0.00467187 0.346194 -0.272737 0.961932 0.0173925 1.91163 0.000248875 -0.0180074 0.999838 0.292574 0 0 0 1 
5494384560118;0.486867;0.15565;0.996237 0.0858119 -0.0122065 0.254905 -0.0841623 0.924039 -0.37292 1.4976 -0.0207217 0.372544 0.927783 0.2872 0 0 0 1 
5494384560119;0.307339;0.187066;0.960429 0.277704 -0.0213615 0.357111 -0.266366 0.938212 0.220925 1.30862 0.0813935 -0.206493 0.975057 -0.447355 0 0 0 1 
5494384560120;1.07013;0.128873;0.961001 -0.253127 -0.111368 0.44401 0.230992 0.956159 -0.180006 -0.90496 0.15205 0.147261 0.977341 -1.67894 0 0 0 1 
5494384560121;0.937742;0.137701;0.889811 0.410783 -0.198731 0.98819 -0.419301 0.907847 -0.000859435 2.22548 0.180064 0.0840929 0.980054 -1.18632 0 0 0 1 
5494384560122;0.448809;0.133758;0.912146 0.375145 0.165095 0.139387 -0.380068 0.924957 -0.00191309 2.75285 -0.153423 -0.0610021 0.986276 1.22442 0 0 0 1 
5494384560124;0.180601;0.102508;0.991197 -0.097042 0.090061 -0.29774 0.0848866 0.987851 0.130175 -0.47471 -0.101599 -0.121384 0.987392 0.390182 0 0 0 1 
5494384560125;0.336264;0.0783521;0.942766 -0.177657 0.28219 -0.539654 0.205376 0.976057 -0.0716472 -0.773446 -0.262705 0.125502 0.956679 1.08415 0 0 0 1 
5494384560126;0.158937;0.0750033;0.994675 0.0884541 0.05289 -0.255273 -0.0884606 0.996077 -0.00222287 0.325358 -0.0528791 -0.00246765 0.998598 0.181413 0 0 0 1 
5494384560127;0.459182;0.103191;0.988659 -0.130772 -0.0738399 0.420202 0.128417 0.991074 -0.0358096 -0.0703132 0.0778637 0.0259212 0.996627 -0.297445 0 0 0 1 
5494384560128;0.768681;0.0987292;0.964155 -0.121305 0.23599 -0.742158 0.19594 0.925213 -0.324944 0.0600131 -0.178923 0.359536 0.915817 0.385125 0 0 0 1 
5494384560129;0.8631;0.083695;0.924299 -0.0152175 0.381365 -0.917508 -0.0899095 0.962403 0.256313 -0.741924 -0.370927 -0.271198 0.888181 1.89433 0 0 0 1 
5494384560130;0.294138;0.123951;0.990237 -0.137458 -0.0231602 0.171692 0.139217 0.98364 0.114333 -0.713661 0.00706531 -0.116441 0.993173 -0.234647 0 0 0 1 
5494384560131;0.331415;0.0781247;0.996129 -0.0548529 -0.0686895 0.0245129 0.0546457 0.998494 -0.00489289 -0.159323 0.0688544 0.00112037 0.997626 0.0583773 0 0 0 1 
5494384560132;0.299743;0.0840785;0.932098 0.0139244 -0.361937 0.91335 0.0890024 0.959818 0.266134 -0.827166 0.3511 -0.280276 0.893406 -1.44195 0 0 0 1 
5494384560133;0.275606;0.100875;0.923055 0.114101 -0.367355 0.993276 -0.0726029 0.989508 0.124912 0.109051 0.377754 -0.0886292 0.921655 -1.4522 0 0 0 1 
5494384560134;0.715759;0.0573169;0.981782 0.189662 0.0114855 0.0377668 -0.189645 0.981849 -0.00258528 0.843601 -0.0117673 0.000360019 0.999931 0.832835 0 0 0 1 
5494384560135;0.221863;0.0735192;0.962726 0.252295 0.0975007 -0.00588766 -0.260169 0.962349 0.0787228 1.04095 -0.0739683 -0.101155 0.992117 0.264074 0 0 0 1 
5494384560136;0.513605;0.0619151;0.970196 0.242095 0.0104816 -0.246731 -0.242306 0.969724 0.0303807 1.27441 -0.00280924 -0.032015 0.999483 -0.246391 0 0 0 1 
5494384560137;0.0725673;0.0562094;0.999929 -0.00242682 -0.011635 -0.0259325 0.002697 0.999726 0.0232629 -0.016847 0.0115753 -0.0232926 0.999662 0.000121542 0 0 0 1 
5494384560138;0.458946;0.106611;0.995494 -0.0519573 -0.0793253 0.0151967 0.0389902 0.986821 -0.157051 0.146018 0.0864398 0.15325 0.9844 0.187073 0 0 0 1 
5494384560139;0.373858;0.0588527;0.983185 0.147966 0.107023 0.0796821 -0.147176 0.988992 -0.0152868 0.313936 -0.108107 -0.000721493 0.994139 0.364575 0 0 0 1 
5494384560140;0.407687;0.0569219;0.935067 0.324591 -0.142444 0.397779 -0.292956 0.933893 0.204989 0.833906 0.199565 -0.149949 0.968344 -0.575714 0 0 0 1 
5494384560141;0.827786;0.0817523;0.998386 -0.00956367 0.0559899 -0.289312 0.0122042 0.99882 -0.0470105 0.210126 -0.0554742 0.0476179 0.997324 1.18894 0 0 0 1 
5494384560142;0.791925;0.0980902;0.997618 -0.0338736 0.0600926 -0.850997 0.0334543 0.999408 0.00797033 -0.347426 -0.060327 -0.00594099 0.998161 -0.353015 0 0 0 1 
5494384560143;0.413054;0.0689227;0.892103 0.370583 0.258497 0.0266515 -0.393669 0.918286 0.0421329 1.36915 -0.22176 -0.139349 0.965093 0.856587 0 0 0 1 
5494384560144;0.460909;0.0774507;0.993372 0.0746579 -0.0873964 0.141329 -0.0715226 0.996697 0.0384769 0.343683 0.0899803 -0.031971 0.99543 0.111616 0 0 0 1 
5494384560145;0.514439;0.0695379;0.994237 -0.0729237 0.0785798 -0.368544 0.0481444 0.958648 0.280494 -0.16716 -0.095785 -0.275094 0.956634 0.375615 0 0 0 1 
5494384560146;0.876277;0.0574179;0.96583 0.258854 -0.0128833 1.02247 -0.25848 0.965688 0.0251922 0.79724 0.0189624 -0.0210013 0.9996 -0.639101 0 0 0 1 
5494384560147;0.0882485;0.0651064;0.989874 0.013349 -0.141316 0.265317 -0.00956955 0.999579 0.0273907 0.021682 0.141622 -0.025761 0.989585 -0.621416 0 0 0 1 
5494384560148;0.565514;0.0797931;0.903042 0.289118 0.31769 0.146452 -0.249308 0.955035 -0.160477 1.75522 -0.349802 0.065715 0.934516 1.49803 0 0 0 1 
5494384560149;0.651367;0.0749666;0.991946 -0.118131 0.0457019 -0.47973 0.114181 0.990145 0.0810917 -0.497523 -0.054831 -0.0752203 0.995658 0.843243 0 0 0 1 
5494384560150;0.389377;0.154014;0.952167 -0.247039 0.179861 -0.412461 0.265771 0.959971 -0.088443 -1.01994 -0.150813 0.132014 0.979708 0.793234 0 0 0 1 
5494384560151;0.428451;0.116262;0.946391 -0.320085 -0.043471 -0.0123444 0.32218 0.945051 0.055486 -1.41731 0.0233221 -0.066517 0.997513 -0.452138 0 0 0 1 
5494384560152;0.492131;0.255421;0.962244 -0.272123 -0.0059157 -0.107458 0.271606 0.958542 0.0861794 -1.39872 -0.017781 -0.0845324 0.996262 -0.0709557 0 0 0 1 
5494384560153;0.585822;0.0579679;0.999811 0.00177754 -0.0193595 0.00620258 -0.00566264 0.979259 -0.202531 0.574318 0.0185979 0.202603 0.979084 -0.59475 0 0 0 1 
5494384560155;0.510199;0.184566;0.995162 -0.0982512 0.000293601 0.0751317 0.0981092 0.993875 0.0508598 -0.206896 -0.00528884 -0.0505849 0.998706 0.434081 0 0 0 1 
5494384560156;0.606536;0.280705;0.999775 0.0172766 -0.0123131 0.256224 -0.0162351 0.996648 0.0801808 -0.364293 0.0136571 -0.0799628 0.996704 -0.697587 0 0 0 1 
5494384560157;0.698949;0.198965;0.964567 -0.26191 -0.0318336 0.482458 0.263347 0.963093 0.0556804 -0.696712 0.0160755 -0.0620908 0.997941 0.415791 0 0 0 1 
5494384560158;0.932434;0.338703;0.977647 0.0131937 0.209839 0.0425675 0.00958349 0.994196 -0.10716 -0.0616037 -0.210035 0.106776 0.971846 1.26893 0 0 0 1 
5494384560159;0.588127;0.273515;0.954858 0.18574 0.231832 0.459539 -0.177524 0.982522 -0.0560002 -0.0714252 -0.238182 0.0123164 0.971143 0.703835 0 0 0 1 
5494384560160;0.813406;0.188796;0.953696 0.145176 -0.263416 1.10335 -0.105098 0.981442 0.160392 0.00875432 0.281813 -0.125281 0.951255 -0.912017 0 0 0 1 
5494384560161;0.869163;0.168337;0.997386 0.0638818 -0.0337763 0.347244 -0.0614712 0.99578 0.0681456 -0.972247 0.0379871 -0.0658912 0.997103 -0.141871 0 0 0 1 
5494384560162;0.520155;0.208736;0.994145 -0.0395727 -0.100545 0.14042 0.0652663 0.961514 0.266891 -0.233605 0.0861137 -0.27189 0.958468 0.197771 0 0 0 1 
5494384560163;0.884248;0.601837;0.943852 0.330192 -0.010805 1.16013 -0.33015 0.943912 0.00548992 0.203697 0.0120117 -0.0016144 0.999927 0.0587432 0 0 0 1 
5494384560164;0.069281;0.124382;0.999283 -0.0166799 -0.0339846 0.106608 0.0178687 0.999228 0.0349806 -0.190021 0.0333749 -0.0355628 0.99881 -0.0620454 0 0 0 1 
5494384560165;0.359877;0.767748;0.975901 0.173545 0.132282 0.153524 -0.183144 0.980992 0.0641355 -0.587439 -0.118638 -0.0868166 0.989135 0.190315 0 0 0 1 
5494384560166;0.617506;0.318895;0.95007 0.0230436 -0.311184 0.763867 -0.00549147 0.99835 0.0571631 -0.274016 0.311988 -0.0526001 0.948629 -0.0814888 0 0 0 1 
5494384560167;0.359577;0.188468;0.953627 -0.174293 0.245391 -0.0324448 0.222313 0.957478 -0.18388 -0.364319 -0.202907 0.229907 0.951825 0.245245 0 0 0 1 
5494384560168;0.367236;0.602436;0.974737 0.128014 0.183033 0.202621 -0.152977 0.979714 0.129458 -0.654431 -0.162747 -0.154187 0.974546 0.163493 0 0 0 1 
5494384560169;0.299703;0.186558;0.995166 0.0797134 -0.0573605 0.18725 -0.0682908 0.981455 0.179118 -0.402725 0.0705748 -0.174335 0.982154 -0.0306024 0 0 0 1 
5494384560170;0.388752;0.219679;0.99988 0.0124827 -0.00921495 0.444515 -0.0119084 0.998131 0.0599392 0.0218871 0.00994593 -0.0598223 0.998159 -0.129231 0 0 0 1 
5494384560171;0.436725;0.237978;0.999745 -0.00846692 0.0209504 0.36696 0.00326022 0.971493 0.237045 -0.435058 -0.0223602 -0.236916 0.971273 -0.381483 0 0 0 1 
5494384560172;0.743415;0.329383;0.987726 0.1561 -0.00542752 0.911558 -0.155475 0.985918 0.0615962 0.0435242 0.0149662 -0.0599963 0.998086 0.0953224 0 0 0 1 
5494384560173;0.766137;0.223092;0.996633 0.0809945 0.0127611 0.396677 -0.0797922 0.922234 0.378309 0.01188 0.0188723 -0.378054 0.925591 -0.654396 0 0 0 1 
5494384560174;0.152675;0.141216;0.993923 -0.0853375 -0.0695293 -0.0360839 0.0903392 0.993284 0.0722841 -0.30821 0.0628938 -0.0781261 0.994958 -0.118728 0 0 0 1 
5494384560175;0.731473;0.340033;0.996376 0.0357753 -0.0771661 0.397482 -0.0487388 0.983666 -0.173278 0.125042 0.0697066 0.176411 0.981845 -0.733605 0 0 0 1 
5494384560176;0.458408;0.303064;0.920873 0.0672968 0.38401 -0.0102811 -0.152789 0.968492 0.196669 0.109291 -0.358675 -0.23978 0.90214 0.364207 0 0 0 1 
5494384560177;0.329052;0.322956;0.971005 -0.0362473 -0.236296 0.314713 0.0236143 0.998147 -0.0560759 -0.222113 0.237891 0.04887 0.970062 -0.181205 0 0 0 1 
5494384560178;0.128329;0.291121;0.992292 0.0495664 -0.11358 0.241229 -0.0282877 0.982926 0.181814 -0.371466 0.120652 -0.1772 0.976751 -0.27525 0 0 0 1 
5494384560179;0.884119;0.207619;0.949796 -0.212926 0.229238 -0.176452 0.206196 0.977063 0.0532104 -0.863118 -0.23531 -0.00327105 0.971915 -0.457447 0 0 0 1 
5494384560180;0.395688;0.302291;0.998445 -0.0320107 -0.0456454 -0.0363501 0.0362785 0.994724 0.0959616 -0.152518 0.0423328 -0.0974683 0.994338 -0.396443 0 0 0 1 
5494384560181;0.929561;0.215065;0.969889 -0.242697 -0.0203123 -0.560382 0.242605 0.970101 -0.00692992 -0.811245 0.0213868 0.00179341 0.99977 -0.732114 0 0 0 1 
5494384560182;0.699324;0.269516;0.949908 -0.253865 0.182282 -0.24028 0.280879 0.949219 -0.141739 -0.846728 -0.137043 0.185839 0.972976 -0.280679 0 0 0 1 
5494384560183;0.638253;0.400442;0.91408 -0.174483 0.366079 -0.332527 0.144367 0.983577 0.108323 -0.830905 -0.378968 -0.0461665 0.924258 1.03384 0 0 0 1 
5494384560184;0.208766;0.556869;0.987455 0.155615 -0.026782 0.283114 -0.154808 0.98749 0.029964 -0.336496 0.0311098 -0.025442 0.999192 -0.161921 0 0 0 1 
5494384560186;0.36111;0.0340115;0.999688 -0.0248351 -0.00261765 0.0144518 0.0248089 0.999646 -0.00960926 0.140284 0.00285537 0.00954133 0.99995 0.366108 0 0 0 1 
5494384560187;0.496451;0.0324721;0.952376 0.27281 -0.136217 0.956204 -0.218709 0.922427 0.318268 0.308427 0.212477 -0.273319 0.938163 -0.869591 0 0 0 1 
5494384560188;0.447898;0.0238277;0.941554 -0.330117 0.0670722 -0.248568 0.304805 0.919667 0.247603 -1.72309 -0.143422 -0.212688 0.966537 0.368937 0 0 0 1 
5494384560189;0.616026;0.0238781;0.945357 -0.213195 -0.246675 0.696346 0.219721 0.975562 -0.00109641 -0.393386 0.24088 -0.0531632 0.969098 -0.646132 0 0 0 1 
5494384560190;0.219844;0.0320519;0.981415 -0.158448 -0.10825 0.0654734 0.166863 0.983226 0.0736408 -0.765551 0.0947657 -0.0903351 0.991392 -0.438991 0 0 0 1 
5494384560191;0.269957;0.0149972;0.96565 0.259503 0.0133251 0.406253 -0.259591 0.965704 0.00533191 1.03907 -0.0114844 -0.00860783 0.999897 0.0533123 0 0 0 1 
5494384560192;0.563983;0.0291557;0.992871 0.110452 -0.0448095 -0.0481092 -0.0828722 0.909873 0.406526 -0.049695 0.0856727 -0.399914 0.91254 0.0310442 0 0 0 1 
5494384560193;0.714742;0.0249004;0.976138 -0.200039 -0.0844923 0.565863 0.160627 0.926988 -0.338957 -0.478115 0.146128 0.317297 0.937 -0.904017 0 0 0 1 
5494384560194;0.621903;0.0255481;0.986611 -0.157658 -0.0417333 -0.0825993 0.157746 0.987479 -0.00121123 -0.746513 0.0414017 -0.00538824 0.999128 0.527386 0 0 0 1 
5494384560195;0.355585;0.0211357;0.95563 -0.286238 0.0695676 -0.285975 0.283835 0.957932 0.042476 -1.23076 -0.0787993 -0.0208456 0.996673 0.504486 0 0 0 1 
5494384560196;0.150749;0.0335134;0.998584 0.0528976 0.0056059 0.0120707 -0.0530742 0.997854 0.0383543 0.0537324 -0.00356502 -0.0385975 0.999248 0.151612 0 0 0 1 
5494384560197;0.514288;0.0343692;0.892517 -0.426861 -0.145616 0.706032 0.443606 0.889122 0.112584 -1.91342 0.0814122 -0.165079 0.982914 -0.0417095 0 0 0 1 
5494384560198;0.530599;0.0298923;0.996057 0.0120372 0.0878962 -0.410611 0.0252453 0.911335 -0.410891 0.342723 -0.0850489 0.411489 0.907438 0.370244 0 0 0 1 
5494384560199;0.148187;0.0457081;0.989757 0.142285 -0.0116359 0.179474 -0.142684 0.988605 -0.0479641 0.625682 0.00467869 0.049133 0.998781 0.0338577 0 0 0 1 
5494384560200;0.674054;0.421623;0.998123 -0.0563857 0.023882 -0.180089 0.0549563 0.996873 0.0567869 -0.667618 -0.0270093 -0.0553679 0.998101 -0.183955 0 0 0 1 
5494384560201;0.851959;0.0153942;0.96033 -0.186922 0.206944 -0.192209 0.122993 0.949922 0.287265 -0.99496 -0.250277 -0.250416 0.935229 0.134107 0 0 0 1 
5494384560202;0.0584502;0.0430843;0.999355 -0.0163145 -0.0319764 0.0555989 0.0164095 0.999862 0.0027082 -0.0491887 0.0319278 -0.00323117 0.999485 -0.136081 0 0 0 1 
5494384560203;0.443983;0.0302889;0.995443 -0.0526015 0.0795395 -0.19803 0.0813673 0.903489 -0.420818 0.567052 -0.0497274 0.425372 0.903651 0.308447 0 0 0 1 
5494384560204;0.212563;0.026535;0.99953 0.0285206 0.0112754 -0.011338 -0.0286852 0.99948 0.0147206 0.0444754 -0.0108497 -0.0150371 0.999828 -0.195217 0 0 0 1 
5494384560205;0.664348;0.0262298;0.880282 -0.28428 0.379853 -0.208409 0.226108 0.955215 0.19089 -1.05957 -0.417108 -0.0821496 0.905137 2.46344 0 0 0 1 
5494384560206;0.578856;0.0208827;0.99612 -0.0858514 0.0193736 -0.018397 0.0859297 0.996296 -0.00324516 -0.234736 -0.0190232 0.00489733 0.999807 0.757338 0 0 0 1 
5494384560207;0.371227;0.0222498;0.982457 -0.0262178 0.184638 -0.480096 -0.0339124 0.948445 0.315123 -0.525954 -0.183381 -0.315856 0.930917 0.855396 0 0 0 1 
5494384560208;0.803964;0.022992;0.996698 0.0388189 0.0713177 -0.0643418 -0.0411536 0.998654 0.0315626 0.25233 -0.0699965 -0.0343934 0.996954 1.22678 0 0 0 1 
5494384560209;0.402561;0.0411588;0.897112 -0.408076 -0.169303 0.446295 0.379694 0.908063 -0.176787 -1.29159 0.22588 0.0943149 0.969579 -0.748888 0 0 0 1 
5494384560210;0.831689;0.0277305;0.985469 0.150752 0.0782623 -0.167264 -0.127723 0.961416 -0.243652 1.62599 -0.111974 0.230116 0.9667 0.0550295 0 0 0 1 
5494384560211;0.793568;0.0342421;0.99416 -0.0370359 -0.101367 0.973856 0.037278 0.999305 0.000494289 0.133171 0.101278 -0.00427015 0.994849 -0.70657 0 0 0 1 
5494384560212;0.459124;0.0255432;0.999997 -0.00191999 0.00130137 0.231982 0.00188869 0.999719 0.0236433 0.101125 -0.0013464 -0.0236408 0.99972 0.44539 0 0 0 1 
5494384560213;0.436091;0.376848;0.999753 -0.0217049 -0.0047715 -0.0125743 0.0213806 0.997977 -0.0598649 0.0334949 0.00606121 0.0597481 0.998195 0.0935782 0 0 0 1 
5494384560214;0.701608;0.0267751;0.999947 -0.0085411 -0.0057223 0.0244204 0.0086681 0.999708 0.0225497 0.636927 0.00552803 -0.0225981 0.999729 -0.375172 0 0 0 1 
5494384560215;0.568246;0.0594789;0.964337 0.058778 -0.258069 1.10941 0.0225872 0.953198 0.301503 -0.639985 0.263713 -0.29658 0.917876 -0.981952 0 0 0 1 
5494384560217;0.781012;0.109646;0.990609 0.136726 -0.000692991 0.747479 -0.136639 0.989777 -0.0408789 0.601734 -0.00490329 0.0405897 0.999164 0.407167 0 0 0 1 
5494384560218;0.673342;0.0679828;0.869831 -0.113284 -0.480167 1.92832 0.164649 0.984136 0.0660808 -1.20492 0.465064 -0.136538 0.874684 -1.90051 0 0 0 1 
5494384560219;0.333437;0.0923204;0.926413 -0.367719 -0.0808784 0.491244 0.363437 0.929485 -0.0630153 -1.92393 0.0983472 0.028984 0.99473 -0.497579 0 0 0 1 
5494384560220;0.675306;0.0843091;0.958 -0.156078 -0.240572 0.715493 0.133321 0.985145 -0.108235 -0.47539 0.253892 0.0716162 0.964578 -0.745273 0 0 0 1 
5494384560221;0.374554;0.0790571;0.905341 0.422793 0.0400394 0.740413 -0.409935 0.894637 -0.177703 2.81718 -0.110952 0.144468 0.983269 0.84783 0 0 0 1 
5494384560222;1.07278;0.0792408;0.967916 0.091418 -0.234053 0.131724 -0.135118 0.974696 -0.178073 1.93603 0.211851 0.203984 0.955777 -0.708057 0 0 0 1 
5494384560223;0.406435;0.114798;0.949743 0.312728 0.0137523 0.280287 -0.310088 0.945918 -0.0953168 1.95084 -0.0428167 0.086262 0.995352 0.548384 0 0 0 1 
5494384560224;0.20751;0.0971809;0.984707 -0.105856 0.138372 -0.329872 0.109282 0.993859 -0.0173776 -0.590783 -0.135682 0.0322334 0.990228 0.860621 0 0 0 1 
5494384560225;0.828158;0.0991987;0.99299 -0.0310153 -0.114055 0.189255 0.0337475 0.999186 0.0221022 -0.0974085 0.113276 -0.0257963 0.993229 0.170906 0 0 0 1 
5494384560226;0.429538;0.0584534;0.88257 0.0654391 -0.465606 1.74958 -0.00207765 0.9908 0.135315 -0.00822401 0.470177 -0.118457 0.874586 -2.59912 0 0 0 1 
5494384560227;0.623994;0.18304;0.954252 -0.281944 0.0995547 -0.17849 0.266439 0.95291 0.144818 -1.50871 -0.135697 -0.111667 0.984437 0.617932 0 0 0 1 
5494384560228;0.349478;0.112502;0.976669 -0.119074 -0.178716 0.480199 0.151271 0.972158 0.178959 -1.0623 0.152431 -0.201818 0.967489 -0.851338 0 0 0 1 
5494384560229;0.390705;0.0671454;0.997755 0.0598099 -0.0301309 0.017148 -0.0599359 0.998197 -0.00329349 0.637193 0.0298796 0.00509202 0.999541 0.113476 0 0 0 1 
5494384560230;0.944473;0.0742248;0.98933 0.0662844 0.129743 -0.946077 -0.0635896 0.997668 -0.0248087 0.560288 -0.131085 0.0162936 0.991237 0.317263 0 0 0 1 
5494384560231;0.749473;0.0908296;0.925879 -0.248937 0.284214 -0.778407 0.247308 0.968017 0.0422158 -1.38677 -0.285633 0.0312016 0.957831 1.35773 0 0 0 1 
5494384560232;0.1939;0.0490694;0.993369 -0.101304 0.0543677 -0.159046 0.0911131 0.982055 0.165126 -0.909013 -0.07012 -0.159077 0.984773 0.322151 0 0 0 1 
5494384560233;0.634182;0.0712022;0.93514 0.226402 0.272497 -0.227436 -0.301431 0.912607 0.276202 1.11907 -0.18615 -0.340426 0.921661 0.675161 0 0 0 1 
5494384560234;0.39885;0.0445163;0.900583 -0.378039 -0.214562 0.966308 0.38562 0.922631 -0.00702849 -2.25483 0.200618 -0.0764095 0.976685 -1.30032 0 0 0 1 
5494384560235;0.0516956;0.0832202;0.999212 0.0388686 0.00798115 0.00476656 -0.0387513 0.999146 -0.0143579 0.336198 -0.0085324 0.0140373 0.999865 0.064049 0 0 0 1 
5494384560236;0.391323;0.0745263;0.987957 -0.153678 -0.0179858 0.0783884 0.153333 0.987988 -0.0192088 -0.442772 0.0207217 0.0162197 0.999654 -0.106515 0 0 0 1 
5494384560237;1.02921;0.0670058;0.997733 0.0130223 0.0660256 0.453705 -0.00014218 0.981505 -0.191435 0.84427 -0.0672974 0.190992 0.979282 1.235 0 0 0 1 
5494384560238;0.757061;0.103112;0.964456 0.252884 -0.0766471 0.646697 -0.253758 0.967266 -0.001728 1.97634 0.0737011 0.0211164 0.997057 -0.88341 0 0 0 1 
5494384560239;0.288361;0.068216;0.92173 0.269684 0.27872 -0.0679392 -0.263331 0.962791 -0.0607384 1.70322 -0.28473 -0.0174114 0.95845 1.7998 0 0 0 1 
5494384560240;0.0978136;0.0703516;0.989624 0.0687607 -0.126161 0.434324 -0.0651881 0.997352 0.032236 0.345106 0.128044 -0.0236773 0.991486 -0.71933 0 0 0 1 
5494384560241;0.673589;0.0729394;0.940832 0.32063 -0.109689 0.625451 -0.335341 0.927518 -0.165094 2.88639 0.0488047 0.19211 0.980159 -0.0558679 0 0 0 1 
5494384560242;1.04802;0.0864055;0.980981 0.107679 0.161497 -0.514458 -0.0810251 0.983227 -0.163402 1.43662 -0.176383 0.147209 0.973251 1.96449 0 0 0 1 
5494384560243;0.111566;0.107536;0.999318 -0.028952 -0.0228988 0.0395746 0.0282469 0.999134 -0.0305375 0.056541 0.0237631 0.0298699 0.999271 -0.162802 0 0 0 1 
5494384560244;1.00468;0.181065;0.990211 -0.13817 -0.0197826 0.523443 0.138445 0.990281 0.0133013 -0.642349 0.0177525 -0.0159099 0.999716 -0.867808 0 0 0 1 
5494384560245;0.648612;0.0619362;0.991226 -0.120863 0.0535046 -0.18207 0.124575 0.989555 -0.0725403 -0.221348 -0.0441783 0.0785692 0.995929 0.844172 0 0 0 1 
5494384560246;0.310363;0.10372;0.999027 -0.0150957 0.0414422 0.0341274 0.00919886 0.990256 0.138958 -0.252724 -0.043136 -0.138441 0.989431 0.520186 0 0 0 1 
5494384560248;0.548689;0.030557;0.962631 -0.270516 0.0127279 0.268252 0.268697 0.959914 0.0797948 -2.9176 -0.0338034 -0.073393 0.99673 1.08831 0 0 0 1 
5494384560249;0.350307;0.0255339;0.96892 0.218022 0.116881 -0.287406 -0.199067 0.967679 -0.154824 2.73172 -0.146858 0.126745 0.981004 1.1928 0 0 0 1 
5494384560250;0.482059;0.0167919;0.992842 0.0270758 0.116323 0.330586 -0.0183494 0.996981 -0.0754455 -0.0996831 -0.118015 0.072771 0.990342 1.18167 0 0 0 1 
5494384560251;0.346948;0.0149872;0.953264 0.217399 0.209821 -0.418531 -0.234992 0.969979 0.0626134 2.121 -0.18991 -0.108993 0.975733 2.38142 0 0 0 1 
5494384560252;0.590914;0.015577;0.913771 -0.249777 -0.320367 2.01084 0.193961 0.961194 -0.196175 -2.01775 0.356935 0.117121 0.926758 -3.52815 0 0 0 1 
5494384560253;0.449485;0.0258002;0.927909 -0.0131604 -0.372574 1.75776 -0.0332965 0.992457 -0.117983 1.10538 0.371316 0.121883 0.920472 -3.62132 0 0 0 1 
5494384560254;0.682288;0.038109;0.94508 -0.324995 0.0346811 1.34817 0.316652 0.936738 0.149177 -3.75887 -0.080969 -0.130003 0.988202 1.73859 0 0 0 1 
5494384560255;0.468787;0.0283632;0.998583 -0.0248771 0.047046 -0.465458 0.0306147 0.991626 -0.125464 0.145272 -0.0435308 0.126726 0.990982 -0.408595 0 0 0 1 
5494384560256;0.445109;0.00587549;0.924072 0.341537 0.171593 -0.475804 -0.360362 0.928136 0.0932888 3.31742 -0.1274 -0.148041 0.980741 1.01526 0 0 0 1 
5494384560257;0.358958;0.0310515;0.976643 -0.10297 0.188587 -0.469182 0.0759465 0.986467 0.14531 -1.14983 -0.200997 -0.127594 0.971247 2.51111 0 0 0 1 
5494384560258;0.299214;0.0424516;0.940852 -0.321618 0.106584 0.616373 0.336318 0.924646 -0.178663 -2.64544 -0.0410916 0.203941 0.97812 0.0540069 0 0 0 1 
5494384560259;0.232186;0.038153;0.987497 -0.157201 -0.0117001 0.344751 0.157598 0.982912 0.0951123 -1.93195 -0.00345152 -0.0957671 0.995398 -0.10161 0 0 0 1 
5494384560260;0.561418;0.0209005;0.962429 0.256522 0.089037 -0.4001 -0.262757 0.962525 0.0671205 2.40745 -0.0684824 -0.0879938 0.993764 1.58699 0 0 0 1 
5494384560261;0.428236;0.0241576;0.87782 0.241022 0.413932 -0.412305 -0.211646 0.970413 -0.116211 2.39986 -0.429695 0.0144052 0.902859 4.4908 0 0 0 1 
