#;prob_registration_l1 -r /home/probabilistic_point_clouds_registration/build/tester /home/point_clouds_registration_benchmark//devel/registration_pairs/urban05_local.txt /home/point_clouds_registration_benchmark//kaist/urban05 -s 0.2 -t 0.2 -p 0.3 -r 1000 -m 10 -i 40 
id;initial_error;final_error;transformation
34562489690000;0.13992;0.465232;0.99995 8.35302e-06 0.0100134 -35.1678 3.6662e-07 1 -0.000870799 5.73489 -0.0100134 0.000870759 0.999949 26.934 0 0 0 1 
34562489690001;0.182436;0.395973;1 -1.54029e-07 2.88407e-07 -1.25141 1.54029e-07 1 5.01397e-08 1.61917 -2.88407e-07 -5.01396e-08 1 -0.348631 0 0 0 1 
34562489690002;0.400034;0.820813;0.999415 -0.000245784 -0.0341993 2391.55 0.000338583 0.999996 0.00270772 -212.798 0.0341985 -0.00271772 0.999411 -2155.22 0 0 0 1 
34562489690003;0.381518;0.991033;0.99791 0.000240689 -0.0646173 -461.864 0.000118824 0.999985 0.00555983 33.6174 0.0646176 -0.00555588 0.997895 -686.707 0 0 0 1 
34562489690004;0.467995;1.3257;1 -2.5192e-07 3.82228e-07 -1.65249 2.5192e-07 1 5.42298e-08 7.99629 -3.82228e-07 -5.42297e-08 1 -0.263351 0 0 0 1 
34562489690005;0.423309;0.836334;1 -2.02943e-07 1.02969e-06 -1.58545 2.02943e-07 1 6.3072e-08 3.42668 -1.02969e-06 -6.30718e-08 1 -0.434989 0 0 0 1 
34562489690006;0.190415;0.804683;0.99837 -0.000265241 0.0570769 3269.15 0.000571055 0.999986 -0.00534168 -290.946 -0.0570746 0.00536557 0.998355 -3080.09 0 0 0 1 
34562489690007;0.167146;1.02059;0.999756 3.98984e-05 0.022069 -152.855 6.97854e-07 0.999998 -0.00183951 21.4989 -0.022069 0.00183907 0.999755 704.457 0 0 0 1 
34562489690008;0.102809;0.104488;1 -1.425e-08 5.93423e-08 -0.0943885 1.425e-08 1 6.83182e-09 -0.219452 -5.93423e-08 -6.83182e-09 1 -0.0443702 0 0 0 1 
34562489690009;0.0509686;1.06618;1 -9.46535e-06 8.91859e-05 75.6801 9.46606e-06 1 -7.9664e-06 -16.046 -8.91858e-05 7.96724e-06 1 -1.38828 0 0 0 1 
34562489690010;0.0869115;0.360602;0.999974 3.97608e-05 -0.00720149 -301.599 -3.51437e-05 1 0.000641263 29.1693 0.00720151 -0.000640993 0.999974 98.5752 0 0 0 1 
34562489690011;0.0782188;0.409163;0.999793 9.26278e-05 -0.0203298 -598.664 -5.59477e-05 0.999998 0.00180482 54.9305 0.0203299 -0.0018033 0.999792 228.677 0 0 0 1 
34562489690012;0.0495854;0.812943;0.999999 -9.53215e-09 0.00109165 1.14435 1.13992e-07 1 -9.56902e-05 -6.96878 -0.00109165 9.56903e-05 0.999999 -3.29462 0 0 0 1 
34562489690013;0.0622498;0.688602;1 1.15229e-05 0.000727975 -91.9783 -1.14817e-05 1 -5.65285e-05 14.0313 -0.000727976 5.65201e-05 1 56.9601 0 0 0 1 
34562489690014;0.30978;1.05343;0.999994 -7.62187e-07 -0.00354907 8.18486 1.86153e-06 1 0.000309752 6.40581 0.00354907 -0.000309757 0.999994 -1.05572 0 0 0 1 
34562489690015;0.264634;0.806087;1 -1.54892e-07 3.4431e-07 -1.50036 1.54892e-07 1 2.87793e-09 -5.64868 -3.4431e-07 -2.87788e-09 1 0.0109413 0 0 0 1 
34562489690016;0.0384264;1.08097;1 3.06585e-05 0.000512049 -247.589 -3.065e-05 1 -1.6593e-05 31.0474 -0.00051205 1.65773e-05 1 226.221 0 0 0 1 
34562489690017;0.317284;0.450684;0.999954 -7.76376e-07 -0.00962326 38.3 8.87456e-06 1 0.000841479 -5.84759 0.00962325 -0.000841526 0.999953 10.7723 0 0 0 1 
34562489690018;0.287954;1.05581;1 -1.18889e-07 7.62636e-07 -0.599516 1.18889e-07 1 2.83323e-09 8.37335 -7.62636e-07 -2.83314e-09 1 0.143435 0 0 0 1 
34562489690019;0.362659;0.722609;0.995345 0.000257384 0.0963775 1183.45 0.000565972 0.999964 -0.0085156 -108.217 -0.0963762 0.0085305 0.995308 -937.308 0 0 0 1 
34562489690020;0.112961;0.0576297;0.999998 -7.13255e-07 0.00198727 6.28077 1.0541e-06 1 -0.000171514 -1.17831 -0.00198727 0.000171516 0.999998 15.0658 0 0 0 1 
34562489690021;0.197833;0.528753;0.999943 -0.00016419 -0.0107044 1362.04 0.000173087 1 0.000830189 -122.686 0.0107043 -0.000831994 0.999942 -824.36 0 0 0 1 
34562489690022;0.278308;0.739701;0.997096 -0.000107787 0.0761483 2893.56 0.000628901 0.999977 -0.00681947 -256.745 -0.0761457 0.00684756 0.997073 -1606.47 0 0 0 1 
34562489690023;0.193536;0.280147;0.998269 0.000351036 -0.0588183 -1601.11 -4.44249e-05 0.999986 0.00521408 139.915 0.0588194 -0.00520244 0.998255 541.708 0 0 0 1 
34562489690024;0.347959;0.355867;0.999294 5.45187e-05 0.0375807 50.6528 6.86856e-05 0.999995 -0.0032771 -6.52455 -0.0375807 0.00327736 0.999288 26.7491 0 0 0 1 
34562489690025;0.302077;0.615251;0.99502 0.000815959 -0.0996678 -3055.71 7.81509e-05 0.99996 0.00896666 269.212 0.0996712 -0.0089298 0.99498 1835.63 0 0 0 1 
34562489690026;0.218188;0.3171;1 -1.25492e-07 5.11751e-07 -1.00383 1.25492e-07 1 2.67125e-08 1.4834 -5.11751e-07 -2.67124e-08 1 -0.164587 0 0 0 1 
34562489690027;0.18191;0.332455;0.999928 3.42354e-06 -0.0120384 24.5089 9.20765e-06 0.999999 0.00104919 -0.230891 0.0120384 -0.00104922 0.999927 -14.3187 0 0 0 1 
34562489690028;0.340963;1.35008;1 -2.81415e-07 7.97364e-07 -2.96335 2.81415e-07 1 -3.05959e-09 -9.56281 -7.97364e-07 3.05982e-09 1 0.0277289 0 0 0 1 
34562489690029;0.238574;0.254803;0.999998 1.38e-06 0.00202809 -10.0747 -1.0228e-06 1 -0.000176126 -0.261494 -0.00202809 0.000176123 0.999998 7.671 0 0 0 1 
34562489690031;0.530935;0.556999;0.999996 2.07067e-06 -0.00269863 -13.1473 -1.43845e-06 1 0.000234278 1.31661 0.00269863 -0.000234273 0.999996 -9.97668 0 0 0 1 
34562489690032;0.306555;0.596964;0.992055 0.00069229 0.1258 -6.68972 0.000694043 0.99994 -0.010976 -0.420489 -0.1258 0.0109761 0.991995 49.9982 0 0 0 1 
34562489690033;0.46032;0.561202;0.999768 2.14148e-05 -0.0215585 -5.73882 1.91427e-05 0.999998 0.00188107 1.12461 0.0215585 -0.00188105 0.999766 -8.20973 0 0 0 1 
34562489690034;0.385219;0.65998;0.999921 9.22204e-06 -0.0126016 -15.3413 4.62561e-06 0.999999 0.00109885 2.39469 0.0126016 -0.00109882 0.99992 -10.9358 0 0 0 1 
34562489690035;0.341621;0.334923;0.999996 1.28485e-06 0.0027589 -7.62464 -6.21862e-07 1 -0.000240308 0.543875 -0.0027589 0.000240306 0.999996 4.30584 0 0 0 1 
34562489690036;0.158469;0.0663229;0.999278 6.38936e-05 -0.0379924 -1.46555 6.20929e-05 0.999995 0.00331491 -0.0461354 0.0379924 -0.00331487 0.999273 -14.2054 0 0 0 1 
34562489690037;0.364175;0.571156;0.994568 0.000474176 -0.104088 16.3274 0.000474015 0.999959 0.00908459 -2.57528 0.104088 -0.00908458 0.994527 -17.858 0 0 0 1 
34562489690038;0.437441;1.34295;0.993633 0.000565368 0.112664 -89.8357 0.000545684 0.999952 -0.00983054 11.2543 -0.112664 0.00982943 0.993584 49.8432 0 0 0 1 
34562489690039;0.392147;0.422175;0.997719 0.00020094 0.0675098 -23.2968 0.000197341 0.999983 -0.00589287 1.42575 -0.0675098 0.00589275 0.997701 6.64073 0 0 0 1 
34562489690040;0.283513;0.353327;0.999471 4.84227e-05 -0.0325093 -13.0325 4.37999e-05 0.999996 0.00283609 1.32122 0.0325093 -0.00283601 0.999467 -16.8647 0 0 0 1 
34562489690041;0.287266;0.505537;0.996105 0.000348332 -0.0881789 -53.2735 0.000331727 0.99997 0.0076975 5.27033 0.088179 -0.00769676 0.996075 -9.39221 0 0 0 1 
34562489690042;0.329992;1.01382;0.990902 0.000804296 0.134582 -97.7551 0.000783747 0.999931 -0.0117465 10.3757 -0.134582 0.0117451 0.990833 31.9045 0 0 0 1 
34562489690043;0.516204;0.710079;0.999731 2.58943e-05 -0.023176 -15.8194 2.09605e-05 0.999998 0.00202145 1.77452 0.023176 -0.00202139 0.999729 -14.6618 0 0 0 1 
34562489690044;0.236329;0.182324;1 -1.07848e-08 -1.2392e-05 0.170749 1.07973e-08 1 1.01177e-06 0.141113 1.2392e-05 -1.01177e-06 1 -0.867401 0 0 0 1 
34562489690045;0.316589;0.513213;1 -6.78351e-07 -0.000152095 5.9359 6.80485e-07 1 1.40324e-05 -1.58924 0.000152095 -1.40325e-05 1 5.72088 0 0 0 1 
34562489690046;0.376135;0.353851;0.999525 3.76752e-05 -0.0308026 34.7544 4.56619e-05 0.999996 0.00270482 -3.09564 0.0308026 -0.00270494 0.999522 127.421 0 0 0 1 
34562489690047;0.485231;0.423605;1 3.511e-08 -2.02061e-06 0.064057 -3.51096e-08 1 2.04023e-07 -0.108945 2.02061e-06 -2.04023e-07 1 -0.413548 0 0 0 1 
34562489690048;0.199981;0.0466379;0.999996 6.4874e-08 -0.00267984 2.63356 5.60772e-07 1 0.000233463 0.268232 0.00267984 -0.000233464 0.999996 -3.70878 0 0 0 1 
34562489690049;0.208318;0.217897;1 -1.42524e-10 -1.64198e-07 0.000365245 1.42525e-10 1 2.00334e-09 -0.0132067 1.64198e-07 -2.00334e-09 1 -0.021882 0 0 0 1 
34562489690050;0.378047;0.576293;0.97684 0.00203734 -0.213962 -93.3298 0.00200531 0.999824 0.0186755 8.01636 0.213963 -0.018672 0.976663 -51.6683 0 0 0 1 
34562489690051;0.381473;0.460461;0.999943 6.95694e-06 0.0107194 -16.7208 3.05431e-06 1 -0.000933919 1.80118 -0.0107194 0.000933898 0.999942 15.054 0 0 0 1 
34562489690052;0.123011;0.643575;0.999475 5.27723e-05 -0.0324049 -49.267 3.88273e-05 0.999996 0.00282608 4.81272 0.0324049 -0.00282586 0.999471 -24.6885 0 0 0 1 
34562489690053;0.447449;0.80406;0.999867 1.64131e-05 0.0163264 -39.3661 6.83125e-06 0.999999 -0.00142367 4.40089 -0.0163264 0.00142359 0.999866 13.5188 0 0 0 1 
34562489690054;0.341689;0.65029;0.999917 1.23865e-05 -0.0128909 -37.957 2.10407e-06 0.999999 0.00112407 3.35841 0.0128909 -0.00112401 0.999916 -11.0723 0 0 0 1 
34562489690055;0.435439;0.638657;0.999827 2.00263e-05 -0.0186178 -35.6229 1.0188e-05 0.999999 0.00162277 2.6953 0.0186178 -0.00162268 0.999825 -20.6935 0 0 0 1 
34562489690056;0.453077;0.413111;0.933229 0.00583906 -0.359234 -29.4257 0.00581695 0.999491 0.0313574 3.92471 0.359234 -0.0313533 0.932721 -51.2207 0 0 0 1 
34562489690057;0.243925;1.00632;0.99951 4.02198e-05 0.0313119 17.006 4.53585e-05 0.999996 -0.00273238 -4.92181 -0.0313119 0.00273246 0.999506 8.69433 0 0 0 1 
34562489690058;0.299623;0.447855;0.989902 0.000886879 0.141752 -61.7125 0.00087568 0.999923 -0.0123713 6.13915 -0.141752 0.0123705 0.989825 36.0246 0 0 0 1 
34562489690059;0.121954;0.0721897;0.999985 6.07944e-07 -0.00545221 6.50191 1.98471e-06 1 0.000475519 -0.631724 0.00545221 -0.000475523 0.999985 -4.12682 0 0 0 1 
34562489690060;0.336224;0.415117;0.999461 5.20685e-05 0.0328323 -43.6917 4.2026e-05 0.999996 -0.00286522 3.80392 -0.0328323 0.00286505 0.999457 9.82376 0 0 0 1 
34562489690062;0.450678;0.306028;0.994248 0.000502336 0.107104 -15.2519 0.000501961 0.999956 -0.00934969 0.435633 -0.107104 0.00934967 0.994204 20.8799 0 0 0 1 
34562489690063;0.504888;0.519606;0.999173 7.33162e-05 0.0406694 -14.1865 7.1135e-05 0.999994 -0.00355038 0.603617 -0.0406694 0.00355033 0.999166 7.80399 0 0 0 1 
34562489690064;0.452148;0.438256;1 -2.08605e-08 -1.05178e-06 -0.0290385 2.08605e-08 1 6.65122e-08 -0.167977 1.05178e-06 -6.65122e-08 1 -0.253287 0 0 0 1 
34562489690065;0.324911;0.522987;0.999912 8.18435e-06 -0.0132444 -2.3382 7.1295e-06 0.999999 0.0011562 -0.647284 0.0132444 -0.00115619 0.999912 -1.82683 0 0 0 1 
34562489690066;0.34336;0.38838;0.996916 0.000269877 0.0784752 -15.3123 0.000268339 0.999977 -0.00684779 0.919812 -0.0784753 0.00684773 0.996893 37.4896 0 0 0 1 
34562489690067;0.18061;0.395205;0.99999 -4.67826e-08 0.0045247 6.74826 1.83102e-06 1 -0.000394329 -1.39789 -0.0045247 0.000394333 0.99999 6.32419 0 0 0 1 
34562489690068;0.143206;0.218159;0.999923 8.66338e-06 0.0124421 -16.7612 4.84863e-06 0.999999 -0.00108596 1.21449 -0.0124421 0.00108594 0.999922 4.04121 0 0 0 1 
34562489690069;0.265071;0.182619;0.999952 7.49141e-06 0.00977764 -27.9171 8.18107e-07 1 -0.000849845 1.73103 -0.00977764 0.000849812 0.999952 31.1264 0 0 0 1 
34562489690070;0.337998;0.44375;0.927398 0.0063505 -0.374023 -35.7563 0.00632674 0.999447 0.0326568 2.22671 0.374023 -0.0326522 0.926844 -47.506 0 0 0 1 
34562489690071;0.291767;0.0195753;1 1.35036e-08 -2.95142e-07 0.219994 -1.35036e-08 1 -1.16443e-08 -0.134434 2.95142e-07 1.16443e-08 1 0.422774 0 0 0 1 
34562489690072;0.432542;0.50429;0.96238 0.00329012 0.271687 -78.841 0.00327905 0.999713 -0.0237216 6.12969 -0.271687 0.0237201 0.962093 32.6529 0 0 0 1 
34562489690073;0.333627;0.509055;0.997245 0.000244744 -0.0741721 -23.0061 0.000236196 0.999979 0.00647526 1.24645 0.0741722 -0.00647494 0.997224 -13.8893 0 0 0 1 
34562489690074;0.333091;0.873465;0.998714 0.000120469 0.0506978 -71.0595 0.000104066 0.99999 -0.00442622 4.98163 -0.0506978 0.00442581 0.998704 8.66341 0 0 0 1 
34562489690075;0.300984;1.06334;0.968011 0.00279435 -0.250891 25.991 0.00279041 0.999756 0.0219012 -5.37784 0.250891 -0.0219007 0.967768 -50.8956 0 0 0 1 
34562489690076;0.255405;0.226961;0.999408 5.07013e-05 0.0343942 2.82888 5.26313e-05 0.999995 -0.00300345 -0.376831 -0.0343942 0.00300348 0.999404 -1.13124 0 0 0 1 
34562489690077;0.37018;0.33412;0.889147 0.00968802 -0.457519 -3.63516 0.00966726 0.999155 0.0399447 -0.506519 0.457519 -0.0399397 0.888302 -68.8038 0 0 0 1 
34562489690078;0.123389;0.225489;0.996572 0.000304347 -0.0827311 -28.4582 0.000294277 0.999974 0.00722349 2.15847 0.0827311 -0.00722307 0.996546 -7.07777 0 0 0 1 
34562489690079;0.437756;0.684845;0.999428 5.50557e-05 -0.0338129 -35.5676 4.47885e-05 0.999996 0.00295208 2.30469 0.0338129 -0.0029519 0.999424 -4.82495 0 0 0 1 
34562489690080;0.248888;0.359887;0.999575 3.92393e-05 -0.0291637 -12.5768 3.50203e-05 0.999997 0.00254579 0.645048 0.0291637 -0.00254573 0.999571 -6.1121 0 0 0 1 
34562489690081;0.238106;0.389508;0.999903 7.75e-06 0.0139347 3.71467 9.18823e-06 0.999999 -0.00121547 -1.10245 -0.0139347 0.00121548 0.999902 10.0877 0 0 0 1 
34562489690082;0.176775;0.585131;0.984045 0.0013936 0.177917 -27.8693 0.00139254 0.999878 -0.015534 0.751295 -0.177917 0.0155339 0.983923 15.168 0 0 0 1 
34562489690083;0.334152;1.96455;0.999997 9.2053e-06 0.00228436 -73.0069 -8.75914e-06 1 -0.000195323 0.450417 -0.00228436 0.000195303 0.999997 34.2096 0 0 0 1 
34562489690084;0.376441;0.378445;0.999331 6.12871e-05 -0.0365698 -17.6349 5.55048e-05 0.999995 0.00319264 1.67472 0.0365698 -0.00319254 0.999326 -5.54813 0 0 0 1 
34562489690085;0.162081;0.289987;0.999507 4.00234e-05 -0.0313908 28.8437 4.62421e-05 0.999996 0.00274739 -2.94275 0.0313908 -0.00274748 0.999503 51.9032 0 0 0 1 
34562489690086;0.435379;0.433823;1 -3.30976e-08 9.52095e-05 0.125095 3.38791e-08 1 -8.20851e-06 -0.524026 -9.52095e-05 8.20851e-06 1 1.47652 0 0 0 1 
34562489690087;0.326485;0.304981;1 3.88549e-07 0.000282416 -3.22445 -3.81597e-07 1 -2.4616e-05 -0.412817 -0.000282416 2.46158e-05 1 0.249096 0 0 0 1 
34562489690088;0.343468;0.376342;0.999914 8.53038e-06 -0.0131447 -5.80145 6.53852e-06 0.999999 0.00114634 0.205256 0.0131447 -0.00114633 0.999913 -11.5916 0 0 0 1 
34562489690089;0.181879;0.237378;1 5.09011e-09 -4.06909e-08 -0.0377519 -5.09011e-09 1 2.7112e-08 -0.30941 4.06909e-08 -2.7112e-08 1 0.404315 0 0 0 1 
34562489690090;0.274172;0.348283;0.980781 0.00168317 -0.195104 -12.9591 0.00167238 0.999854 0.0170328 0.446261 0.195104 -0.0170317 0.980635 -34.3789 0 0 0 1 
34562489690091;0.516972;1.24951;0.999986 5.95104e-06 -0.0053644 -34.6462 -3.44439e-06 1 0.000467285 0.705881 0.0053644 -0.00046726 0.999986 -10.186 0 0 0 1 
34562489690093;0.4248;0.524634;0.999953 3.44557e-06 0.00971859 3.30142 4.76669e-06 1 -0.000844982 1.79712 -0.00971859 0.000844988 0.999952 29.8746 0 0 0 1 
34562489690094;0.0934313;0.311892;0.99906 0.000258646 0.0433521 -1426.75 -9.70652e-05 0.999993 -0.00372923 127.714 -0.0433528 0.00372151 0.999053 510.839 0 0 0 1 
34562489690095;0.144672;0.245148;0.999953 8.5458e-05 0.00968658 -656.945 -7.75054e-05 1 -0.000821364 59.2765 -0.00968664 0.000820575 0.999953 202.829 0 0 0 1 
34562489690096;0.228702;0.304149;0.999288 8.85418e-06 -0.0377239 432.987 0.000116268 0.999994 0.00331461 -37.6728 0.0377237 -0.00331664 0.999283 184.101 0 0 0 1 
34562489690097;0.121961;0.253026;0.999122 -0.00012288 0.0418993 1597.44 0.000281197 0.999993 -0.00377263 -140.995 -0.0418985 0.0037811 0.999115 -989.445 0 0 0 1 
34562489690098;0.286027;0.318816;0.999106 -0.000393817 0.0422789 3790.22 0.000554247 0.999993 -0.0037829 -328.911 -0.0422771 0.00380295 0.999099 -898.719 0 0 0 1 
34562489690099;0.0245713;0.0336742;0.99996 -0.000272763 0.00897193 2221.31 0.000279584 1 -0.000758947 -193.796 -0.00897172 0.000761425 0.999959 175.897 0 0 0 1 
34562489690100;0.214406;0.33407;0.994103 0.00108956 -0.108433 -4608.91 -0.000109103 0.999959 0.00904752 407.369 0.108439 -0.00898234 0.994063 -3905.37 0 0 0 1 
34562489690101;0.290539;0.361223;0.999987 -1.3273e-06 0.00502964 17.7269 3.53166e-06 1 -0.000438266 -1.67288 -0.00502964 0.000438278 0.999987 6.67678 0 0 0 1 
34562489690102;0.160438;0.250211;0.996281 0.000416949 -0.08616 -730.784 0.000219582 0.999973 0.00737817 62.1822 0.0861607 -0.00736965 0.996254 -1231.25 0 0 0 1 
34562489690103;0.385248;0.55268;0.99854 0.000124492 0.0540209 15.1303 0.000130692 0.999989 -0.00472025 -3.70236 -0.0540208 0.00472041 0.998529 -30.7417 0 0 0 1 
34562489690104;0.150227;0.272746;0.999971 -1.01385e-05 0.00762303 99.8129 1.59302e-05 1 -0.000759704 -10.063 -0.00762302 0.000759803 0.999971 -758.572 0 0 0 1 
34562489690105;0.212702;0.315213;0.999557 3.5884e-05 0.0297789 17.5503 4.1508e-05 0.999997 -0.00259827 -3.36948 -0.0297789 0.00259835 0.999553 11.9701 0 0 0 1 
34562489690106;0.369761;0.504139;0.994902 0.000298447 0.100847 1163.83 0.00058229 0.999962 -0.00870385 -100.188 -0.100846 0.0087182 0.994864 696.96 0 0 0 1 
34562489690107;0.232667;0.211972;0.999995 1.54316e-06 0.00331264 -10.2431 -5.89032e-07 1 -0.000288028 1.69131 -0.00331265 0.000288025 0.999994 9.08119 0 0 0 1 
34562489690108;0.240619;0.270481;1 -1.36563e-07 -5.46994e-05 0.987076 1.36824e-07 1 4.75842e-06 0.442257 5.46994e-05 -4.75843e-06 1 -0.308351 0 0 0 1 
34562489690109;0.185949;0.238775;0.998905 -0.000352772 -0.0467728 3613.06 0.000555606 0.99999 0.00432366 -314.422 0.0467708 -0.00434491 0.998896 2103.38 0 0 0 1 
34562489690110;0.265953;0.30243;0.997033 -0.000325091 -0.076971 4709.94 0.000858766 0.999976 0.00690046 -409.432 0.0769669 -0.00694609 0.997009 1819.79 0 0 0 1 
34562489690111;0.165425;0.343619;0.999703 3.10791e-05 0.0243843 -45.2138 2.07339e-05 0.999998 -0.0021246 6.65316 -0.0243843 0.00212447 0.9997 35.8927 0 0 0 1 
34562489690112;0.350609;0.295119;0.993222 0.00059336 0.116234 -29.6147 0.000589483 0.999948 -0.0101418 4.25304 -0.116234 0.0101415 0.99317 54.3255 0 0 0 1 
34562489690113;0.399049;0.44084;1 -3.23306e-08 1.96337e-07 -0.220983 3.23306e-08 1 3.36745e-09 0.528495 -1.96337e-07 -3.36744e-09 1 -0.0178127 0 0 0 1 
34562489690114;0.0997142;0.249617;1 5.0402e-06 0.00015689 -40.8836 -5.03852e-06 1 -1.07449e-05 5.72573 -0.00015689 1.07441e-05 1 23.4263 0 0 0 1 
34562489690115;0.280795;0.308407;1 -2.0718e-08 -2.47142e-08 -0.152461 2.0718e-08 1 -2.64588e-10 -0.375071 2.47142e-08 2.64587e-10 1 -0.0242527 0 0 0 1 
34562489690116;0.37279;0.436425;0.999998 -1.07458e-06 -0.00198187 9.3131 1.41759e-06 1 0.00017307 -0.776629 0.00198187 -0.000173072 0.999998 -0.608022 0 0 0 1 
34562489690117;0.26675;0.455655;1 -2.74784e-08 -2.0844e-07 -0.0410421 2.74784e-08 1 4.72937e-09 2.50396 2.0844e-07 -4.72938e-09 1 0.137426 0 0 0 1 
34562489690118;0.0989808;0.404179;0.995836 -0.00273921 -0.0911195 24976.3 0.00336723 0.999972 0.00673932 -2141.82 0.0910985 -0.00701808 0.995817 -7527.44 0 0 0 1 
34562489690119;0.386067;0.399513;0.972761 0.00322363 -0.231787 -6769.8 0.00140259 0.999803 0.0197914 595.702 0.231805 -0.0195774 0.972565 -5317.12 0 0 0 1 
34562489690120;0.309421;1.15028;1 6.56844e-08 2.26814e-06 1.12035 -6.56842e-08 1 -6.72316e-08 9.99433 -2.26814e-06 6.72314e-08 1 1.1567 0 0 0 1 
34562489690121;0.382301;0.432874;1 -1.23858e-07 2.26151e-06 0.11604 1.23858e-07 1 -9.78767e-08 0.572421 -2.26151e-06 9.7877e-08 1 1.06503 0 0 0 1 
34562489690122;0.179762;0.28482;0.998027 0.000168897 0.0627796 17.4264 0.00017566 0.999985 -0.00548281 -2.96994 -0.0627796 0.00548302 0.998012 -13.7817 0 0 0 1 
34562489690124;0.346704;0.459483;1 -7.27559e-08 -4.29369e-07 -0.562052 7.27559e-08 1 2.20359e-08 0.314706 4.29369e-07 -2.20359e-08 1 -0.153302 0 0 0 1 
34562489690125;0.12865;1.2857;0.999245 8.43463e-05 -0.0388442 -142.234 4.7161e-05 0.999994 0.00338457 21.7421 0.0388443 -0.00338385 0.99924 -61.0059 0 0 0 1 
34562489690126;0.441684;1.50032;0.999525 4.4788e-05 0.0308156 -28.9376 3.8038e-05 0.999996 -0.0026872 12.1767 -0.0308156 0.0026871 0.999521 28.1261 0 0 0 1 
34562489690127;0.210546;0.283779;0.999993 2.09659e-06 0.00377209 -12.3421 -8.58941e-07 1 -0.000328108 1.86205 -0.00377209 0.000328102 0.999993 9.12129 0 0 0 1 
34562489690128;0.0334274;0.215056;0.999917 -0.000137391 -0.0128645 1164.73 0.000151409 0.999999 0.00108867 -103.082 0.0128643 -0.00109053 0.999917 -262.591 0 0 0 1 
34562489690129;0.0803559;0.0693126;1 -1.10866e-06 1.06758e-05 8.55642 1.10866e-06 1 -3.40325e-07 -0.774697 -1.06758e-05 3.40336e-07 1 4.20573 0 0 0 1 
34562489690130;0.355847;0.424545;1 -7.75951e-08 -1.83689e-07 -0.565308 7.75951e-08 1 4.04257e-08 0.362119 1.83689e-07 -4.04257e-08 1 -0.344438 0 0 0 1 
34562489690131;0.103607;1.05814;1 1.81015e-05 -0.00075059 -144.817 -1.80564e-05 1 6.0071e-05 20.9437 0.000750592 -6.00575e-05 1 -44.5426 0 0 0 1 
34562489690132;0.232394;0.299994;0.998441 0.000126253 -0.0558229 86.9076 0.000146102 0.999988 0.0048748 -5.47564 0.0558228 -0.00487536 0.998429 11.2784 0 0 0 1 
34562489690133;0.372111;0.453709;0.998414 0.000133555 -0.0563056 46.6163 0.000143385 0.999988 0.00491445 -3.2279 0.0563055 -0.00491473 0.998401 -10.5394 0 0 0 1 
34562489690134;0.23228;0.277962;1 -1.04231e-06 -0.000766738 7.66932 1.0933e-06 1 6.65003e-05 -0.16961 0.000766738 -6.65011e-05 1 -3.9683 0 0 0 1 
34562489690135;0.171644;0.383211;0.999852 0.000117335 -0.0171962 -837.713 -8.96442e-05 0.999999 0.00161106 75.367 0.0171963 -0.00160928 0.999851 868.782 0 0 0 1 
34562489690136;0.200279;0.223929;1 -5.97865e-08 -4.69741e-08 -0.429252 5.97865e-08 1 1.90389e-08 0.259722 4.69741e-08 -1.90389e-08 1 -0.160158 0 0 0 1 
34562489690137;0.062551;0.370556;0.998614 0.000329243 -0.0526357 -1667.76 -9.13335e-05 0.99999 0.00452227 142.751 0.0526366 -0.0045112 0.998604 -679.122 0 0 0 1 
34562489690138;0.126833;0.170242;1 2.86237e-08 -2.83531e-08 0.281326 -2.86237e-08 1 -8.20767e-09 1.14259 2.83531e-08 8.20767e-09 1 0.0801682 0 0 0 1 
34562489690139;0.334771;0.478857;1 1.38991e-08 1.5502e-07 0.178916 -1.38991e-08 1 1.91421e-08 1.74098 -1.5502e-07 -1.91421e-08 1 -0.062873 0 0 0 1 
34562489690140;0.169798;1.18054;1 -1.48472e-07 4.68733e-07 -0.306758 1.48472e-07 1 1.57948e-08 8.87777 -4.68733e-07 -1.57948e-08 1 -0.0091304 0 0 0 1 
34562489690141;0.269667;0.809132;0.997274 0.000330704 -0.0737873 -733.895 0.000151568 0.999979 0.00653029 69.1948 0.0737879 -0.00652367 0.997253 654.118 0 0 0 1 
34562489690142;0.0756236;0.297694;0.999837 8.25779e-06 -0.0180324 48.8903 2.01011e-05 0.999999 0.00157248 -5.73235 0.0180324 -0.00157259 0.999836 -14.7293 0 0 0 1 
34562489690143;0.273373;0.404339;0.997156 0.000550629 0.0753634 -2442.23 -6.41576e-05 0.999979 -0.00645727 215.317 -0.0753654 0.00643407 0.997135 1175.09 0 0 0 1 
34562489690144;0.115892;1.13302;0.99967 4.24316e-05 0.0256792 -112.449 1.48125e-05 0.999998 -0.002229 18.4764 -0.0256792 0.00222865 0.999668 107.368 0 0 0 1 
34562489690145;0.160443;0.314086;0.999716 2.78316e-05 0.0238335 -27.6247 2.17097e-05 0.999998 -0.00207838 0.535888 -0.0238336 0.0020783 0.999714 20.0545 0 0 0 1 
34562489690146;0.0878609;0.312748;1 2.46592e-06 1.53786e-05 -19.6311 -2.46595e-06 1 1.92838e-06 3.53224 -1.53786e-05 -1.92842e-06 1 26.5252 0 0 0 1 
34562489690147;0.0902058;0.187939;0.998446 -0.000255796 -0.0557237 3156.59 0.000531675 0.999988 0.00493606 -274.349 0.0557217 -0.00495802 0.998434 748.016 0 0 0 1 
34562489690148;0.253989;1.42636;1 6.47738e-08 -5.25245e-07 1.21261 -6.47738e-08 1 2.18736e-08 9.80423 5.25245e-07 -2.18736e-08 1 0.265521 0 0 0 1 
34562489690149;0.415878;0.422772;1 -3.42395e-08 1.93309e-07 -0.237662 3.42395e-08 1 3.07238e-08 0.161525 -1.93309e-07 -3.07238e-08 1 -0.289854 0 0 0 1 
34562489690150;0.323952;0.411347;0.99929 5.1931e-05 -0.0376782 84.8692 7.20186e-05 0.999995 0.00328832 -6.74975 0.0376782 -0.0032887 0.999285 -8.06522 0 0 0 1 
34562489690151;0.0908205;1.06318;1 1.31664e-05 7.55541e-05 -104.223 -1.31662e-05 1 -2.67504e-06 17.1461 -7.55542e-05 2.67404e-06 1 31.4871 0 0 0 1 
34562489690152;0.416208;0.434647;0.99766 0.000202567 -0.0683668 22.9974 0.000205621 0.999982 0.00596347 -1.30188 0.0683668 -0.00596357 0.997642 -43.1048 0 0 0 1 
34562489690153;0.0988573;0.881659;0.999976 3.60806e-06 -0.00689539 -10.5881 5.21046e-07 1 0.00059882 -6.33359 0.00689539 -0.00059881 0.999976 -25.4346 0 0 0 1 
34562489690155;0.259195;0.608732;0.999542 4.05276e-05 -0.0302673 0.202272 3.94504e-05 0.999997 0.00264179 2.93126 0.0302673 -0.00264177 0.999538 -7.06636 0 0 0 1 
34562489690156;0.172496;0.169923;0.999827 1.26785e-05 -0.0186139 22.5225 1.75218e-05 0.999999 0.0016223 -0.81078 0.0186139 -0.00162234 0.999825 -23.1132 0 0 0 1 
34562489690157;0.159263;0.31051;0.988399 0.000142673 0.151878 6979.21 0.00195392 0.999905 -0.0136551 -603.222 -0.151865 0.0137935 0.988305 -4298.57 0 0 0 1 
34562489690158;0.105511;0.157932;0.999898 0.000108551 0.0143168 -802.283 -8.8989e-05 0.999999 -0.00136699 70.1057 -0.014317 0.00136558 0.999897 -930.106 0 0 0 1 
34562489690159;0.266866;0.690412;0.999518 9.34691e-05 0.0310449 -418.157 -1.05396e-05 0.999996 -0.00267143 40.7949 -0.031045 0.00266982 0.999514 326.479 0 0 0 1 
34562489690160;0.0473697;0.0995462;0.9999 6.93656e-05 0.0141394 -489.555 -5.19933e-05 0.999999 -0.00122902 43.0673 -0.0141394 0.00122816 0.999899 50.5326 0 0 0 1 
34562489690161;0.216211;0.231084;1 -9.24452e-08 -7.62629e-07 0.673385 9.24452e-08 1 -2.22036e-08 0.443177 7.62629e-07 2.22035e-08 1 -0.650036 0 0 0 1 
34562489690162;0.156911;0.31386;0.999873 1.55582e-05 0.0159096 -36.6101 6.52149e-06 0.999999 -0.00138777 3.90895 -0.0159096 0.0013877 0.999872 10.1417 0 0 0 1 
34562489690163;0.149607;0.107553;0.999415 -8.70232e-06 0.0342126 476.454 0.000112397 0.999995 -0.00302897 -39.9805 -0.0342125 0.00303104 0.99941 -354.791 0 0 0 1 
34562489690164;0.334807;0.805488;0.981363 0.00176381 0.192154 -1123.39 0.00156191 0.999852 -0.0171548 97.9826 -0.192155 0.0171352 0.981215 -2882.47 0 0 0 1 
34562489690165;0.385816;0.620526;0.966406 0.00284102 0.257006 705.631 0.0031701 0.999731 -0.0229717 -58.3775 -0.257002 0.0230147 0.966137 -4632.81 0 0 0 1 
34562489690166;0.333068;0.371633;0.999622 3.63208e-05 0.0274781 -29.9574 2.95459e-05 0.999997 -0.00239665 3.18586 -0.0274781 0.00239656 0.99962 19.7117 0 0 0 1 
34562489690167;0.363242;0.424724;1 -1.29218e-08 3.8572e-07 -0.0137107 1.29218e-08 1 2.49925e-08 0.589591 -3.8572e-07 -2.49925e-08 1 -0.197601 0 0 0 1 
34562489690168;0.405801;0.310901;0.99981 1.59907e-05 -0.0194714 7.35383 1.71056e-05 0.999999 0.00169957 0.599061 0.0194714 -0.00169958 0.999809 -4.79277 0 0 0 1 
34562489690169;0.233383;0.397987;0.998782 0.000101235 -0.0493409 47.7876 0.000111324 0.999991 0.00430522 -2.87544 0.0493409 -0.00430546 0.998773 -19.7671 0 0 0 1 
34562489690170;0.111556;0.130561;1 7.79987e-09 3.36042e-07 0.161867 -7.79987e-09 1 1.05367e-08 0.559571 -3.36042e-07 -1.05367e-08 1 -0.122426 0 0 0 1 
34562489690171;0.0960451;0.558606;0.998952 9.18274e-05 -0.0457611 4.25486 9.10133e-05 0.999992 0.00399345 3.51154 0.0457611 -0.00399343 0.998944 -15.8882 0 0 0 1 
34562489690172;0.321124;0.410588;0.999134 8.08833e-05 0.0416193 -46.1975 7.02864e-05 0.999993 -0.00363073 4.96972 -0.0416193 0.00363051 0.999127 24.4652 0 0 0 1 
34562489690173;0.268086;0.322039;0.999095 7.37059e-05 0.04253 36.866 8.42945e-05 0.999993 -0.00371323 -2.04416 -0.04253 0.00371346 0.999088 -1.45292 0 0 0 1 
34562489690174;0.189053;0.333895;0.998992 -1.28428e-05 0.0448786 804.808 0.000192311 0.999992 -0.00399465 -68.6462 -0.0448782 0.00399926 0.998984 -652.192 0 0 0 1 
34562489690175;0.133957;0.252011;0.999774 7.78448e-05 0.021264 -469.197 -3.72015e-05 0.999998 -0.00191175 41.1611 -0.0212641 0.00191053 0.999772 -434.555 0 0 0 1 
34562489690176;0.144022;0.365466;0.999248 4.24264e-05 0.038762 182.195 9.88038e-05 0.999993 -0.0036416 -16.7975 -0.0387619 0.00364269 0.999242 -2079.66 0 0 0 1 
34562489690177;0.320514;0.379752;1 1.42186e-08 2.18676e-07 0.193119 -1.42186e-08 1 8.67783e-09 0.499494 -2.18676e-07 -8.67783e-09 1 -0.0786081 0 0 0 1 
34562489690178;0.353901;0.535469;1 1.32211e-08 -0.000776183 -0.67285 3.88706e-08 1 6.71127e-05 2.20158 0.000776183 -6.71127e-05 1 -6.03067 0 0 0 1 
34562489690179;0.0142393;0.0391286;1 -8.99595e-08 1.18093e-05 0.990343 8.99711e-08 1 -9.82367e-07 -0.17595 -1.18093e-05 9.82368e-07 1 0.377146 0 0 0 1 
34562489690180;0.106434;0.123405;0.999923 4.81769e-06 -0.0124061 16.74 8.61458e-06 0.999999 0.00108266 -1.56282 0.0124061 -0.00108269 0.999922 -3.74076 0 0 0 1 
34562489690181;0.139987;0.109151;0.999991 1.63079e-07 0.00415726 4.09851 1.34536e-06 1 -0.000362841 0.0776926 -0.00415725 0.000362844 0.999991 1.20903 0 0 0 1 
34562489690182;0.247912;0.409174;0.997528 4.71691e-05 -0.0702741 1367.02 0.000382039 0.999981 0.00609418 -117.701 0.070273 -0.00610596 0.997509 -237.328 0 0 0 1 
34562489690183;0.115667;0.307801;0.999971 2.9047e-06 0.00757723 -3.85447 2.10351e-06 1 -0.000660948 1.9679 -0.00757723 0.000660945 0.999971 3.92982 0 0 0 1 
34562489690184;0.228068;0.323997;0.997319 2.69365e-05 0.0731739 1656.81 0.000463083 0.999978 -0.00667967 -143.542 -0.0731724 0.00669564 0.997297 -2470.93 0 0 0 1 
34562489690186;0.0711037;0.122524;1 1.86883e-06 1.23168e-05 -14.6252 -1.86881e-06 1 -2.13023e-06 0.412598 -1.23168e-05 2.13021e-06 1 -8.81762 0 0 0 1 
34562489690187;0.0441165;0.0625829;0.999816 1.54497e-05 0.0191992 2.27855 1.67076e-05 0.999999 -0.00167477 -0.503752 -0.0191992 0.00167478 0.999814 10.2284 0 0 0 1 
34562489690188;0.231973;0.285462;0.998964 0.000115568 -0.0455151 -195.203 6.7029e-05 0.999992 0.00401024 19.5141 0.0455152 -0.00400914 0.998956 286.071 0 0 0 1 
34562489690189;0.393005;0.483459;0.981671 0.00157969 -0.190579 192.168 0.0016333 0.999859 0.0167009 -12.6167 0.190578 -0.016706 0.98153 551.838 0 0 0 1 
34562489690190;0.219538;0.550793;0.998967 4.90227e-05 -0.0454341 336.64 0.000135743 0.999992 0.00406359 -23.629 0.0454339 -0.00406556 0.998959 795.657 0 0 0 1 
34562489690191;0.389147;0.57057;0.999931 7.56883e-06 0.0117177 -13.2572 4.42202e-06 0.999999 -0.00102329 -2.16577 -0.0117177 0.00102327 0.999931 -1.5788 0 0 0 1 
34562489690192;0.192134;0.675191;0.999208 8.36847e-05 0.0398015 -121.221 5.45567e-05 0.999994 -0.00347217 3.05019 -0.0398015 0.00347159 0.999202 24.6839 0 0 0 1 
34562489690193;0.281462;0.283874;1 -4.76734e-08 5.09422e-07 -0.258068 4.76734e-08 1 7.93244e-08 0.338813 -5.09422e-07 -7.93244e-08 1 -0.628925 0 0 0 1 
34562489690194;0.204314;0.198458;0.999599 1.70851e-06 0.0283308 263.733 6.91273e-05 0.999997 -0.00249933 -24.2721 -0.0283308 0.00250028 0.999595 -216.57 0 0 0 1 
34562489690195;0.157469;0.663689;0.999378 6.55583e-05 -0.0352735 -85.0617 4.35809e-05 0.999995 0.0030933 15.3952 0.0352736 -0.00309292 0.999373 107.106 0 0 0 1 
34562489690196;0.0529904;0.0460892;0.99998 -3.92154e-05 -0.00626135 330.172 4.28495e-05 1 0.000580266 -28.1272 0.00626133 -0.000580523 0.99998 271.848 0 0 0 1 
34562489690197;0.438295;0.980183;1 1.32127e-07 -1.68429e-07 0.148188 -1.32127e-07 1 -2.50515e-08 -9.45181 1.68429e-07 2.50516e-08 1 -0.127155 0 0 0 1 
34562489690198;0.0525853;0.0411646;0.999997 4.83466e-07 -0.00240532 -1.16892 2.10368e-08 1 0.000209745 0.96538 0.00240532 -0.000209745 0.999997 -2.16671 0 0 0 1 
34562489690199;0.186435;0.630149;0.99996 6.49862e-06 -0.00897287 -23.2057 5.17586e-07 1 0.000781933 9.04172 0.00897287 -0.000781906 0.999959 -11.6535 0 0 0 1 
34562489690200;0.246291;0.216963;0.999962 7.63383e-06 -0.00873899 -32.7988 -9.83168e-07 1 0.000761037 2.84569 0.008739 -0.000761 0.999962 -15.1126 0 0 0 1 
34562489690201;0.100046;0.589537;1 -8.06104e-06 0.000841838 64.4288 8.1232e-06 1 -7.38322e-05 -12.9573 -0.000841838 7.3839e-05 1 -2.56054 0 0 0 1 
34562489690202;0.155088;0.146542;1 2.01253e-07 -3.09246e-06 -1.36098 -2.01252e-07 1 2.91931e-07 0.220141 3.09246e-06 -2.91931e-07 1 -0.0770705 0 0 0 1 
34562489690203;0.0877176;0.290613;1 7.26015e-06 -1.43972e-05 -57.4849 -7.26011e-06 1 2.38838e-06 9.10495 1.43972e-05 -2.38827e-06 1 9.7357 0 0 0 1 
34562489690204;0.244178;0.466442;0.998964 9.44657e-05 0.0455182 -38.2617 8.64707e-05 0.999992 -0.00397305 -1.36702 -0.0455182 0.00397287 0.998956 8.95488 0 0 0 1 
34562489690205;0.481854;0.38358;0.997818 0.0002071 -0.0660167 -122.654 0.00017388 0.999983 0.00576517 10.2998 0.0660168 -0.00576407 0.997802 4.63485 0 0 0 1 
34562489690206;0.097924;0.398763;0.999978 -1.23917e-06 0.0066795 24.3215 5.12832e-06 1 -0.000582234 -7.31633 -0.00667949 0.000582255 0.999978 6.96128 0 0 0 1 
34562489690207;0.417969;0.392453;0.994704 0.000510478 -0.102776 -372.391 0.000421008 0.999959 0.0090414 34.6909 0.102776 -0.00903679 0.994663 517.119 0 0 0 1 
34562489690208;0.41666;0.403015;1 3.15691e-08 3.37966e-08 0.174808 -3.15691e-08 1 1.65232e-08 -0.448647 -3.37966e-08 -1.65232e-08 1 -0.135508 0 0 0 1 
34562489690209;0.102897;0.0706176;0.999962 5.83081e-06 -0.00871425 -18.5259 7.9944e-07 1 0.000760847 2.27532 0.00871425 -0.000760825 0.999962 -0.400283 0 0 0 1 
34562489690210;0.0465566;0.149027;0.999953 8.2695e-06 0.00973663 -34.3581 4.54606e-09 1 -0.000849785 1.57949 -0.00973663 0.000849745 0.999952 1.4471 0 0 0 1 
34562489690211;0.156365;0.206582;1 2.96591e-06 -0.000318066 -22.9273 -2.95777e-06 1 2.55893e-05 0.272777 0.000318066 -2.55884e-05 1 -17.3782 0 0 0 1 
34562489690212;0.249667;0.277386;0.999976 4.69239e-06 0.0068972 -21.3717 -5.4286e-07 1 -0.000601627 0.915647 -0.00689721 0.000601609 0.999976 4.11536 0 0 0 1 
34562489690213;0.302086;0.334412;0.999421 5.3863e-05 0.0340382 -31.3557 4.72808e-05 0.999996 -0.00297067 1.53221 -0.0340382 0.00297056 0.999416 8.28471 0 0 0 1 
34562489690214;0.0408606;0.0616754;1 -1.46143e-06 -1.1435e-05 11.8411 1.46145e-06 1 1.49435e-06 -0.666089 1.1435e-05 -1.49436e-06 1 3.63693 0 0 0 1 
34562489690215;0.322976;0.335736;1 -8.77433e-07 1.96563e-05 6.78146 8.77417e-07 1 8.34393e-07 0.591713 -1.96563e-05 -8.34376e-07 1 20.2244 0 0 0 1 
34562489690217;0.345856;0.0817039;0.999957 5.70696e-06 0.00932097 -17.1689 1.86365e-06 1 -0.000812204 1.75538 -0.00932097 0.000812187 0.999956 13.9943 0 0 0 1 
34562489690218;0.369096;0.238871;0.999985 1.77322e-07 -0.00553389 9.59676 2.49147e-06 1 0.000482256 -1.22149 0.00553389 -0.000482263 0.999985 -7.4905 0 0 0 1 
34562489690219;0.344434;0.424136;0.99892 9.29116e-05 -0.046453 17.1152 9.55151e-05 0.999992 0.00405405 -1.24972 0.046453 -0.00405411 0.998912 -14.6939 0 0 0 1 
34562489690220;0.281678;0.257922;0.995576 0.00039106 -0.0939574 -25.1241 0.000381424 0.999966 0.00820354 2.27196 0.0939575 -0.00820309 0.995542 -5.95041 0 0 0 1 
34562489690221;0.2479;0.332188;0.999997 -3.98915e-07 -0.00261217 5.39199 9.94451e-07 1 0.000227983 -0.561508 0.00261217 -0.000227985 0.999997 -0.920646 0 0 0 1 
34562489690222;0.309448;0.338757;0.999648 2.70051e-05 -0.026515 32.5052 3.43908e-05 0.999997 0.00231506 -2.84897 0.026515 -0.00231515 0.999646 -0.674853 0 0 0 1 
34562489690223;0.503992;0.476418;0.995483 0.000388817 -0.09494 57.1418 0.000399872 0.999966 0.00828807 -5.16384 0.09494 -0.00828859 0.995448 -8.45504 0 0 0 1 
34562489690224;0.505738;0.356084;0.998416 0.000132942 -0.0562667 50.1889 0.000143561 0.999988 0.00491007 -4.39356 0.0562667 -0.00491037 0.998404 -20.9662 0 0 0 1 
34562489690225;0.255572;0.323203;0.999999 -6.01775e-07 0.0012821 4.89626 7.44957e-07 1 -0.000111677 -0.441545 -0.0012821 0.000111678 0.999999 2.13465 0 0 0 1 
34562489690226;0.59187;0.681103;0.998118 0.000161128 -0.0613234 33.5391 0.000167416 0.999986 0.00535239 -3.72142 0.0613234 -0.00535258 0.998104 -14.3443 0 0 0 1 
34562489690227;0.535961;0.499578;0.994292 0.000511813 -0.106693 -94.0899 0.000493474 0.999956 0.00939559 7.91184 0.106693 -0.00939461 0.994248 633.285 0 0 0 1 
34562489690228;0.492348;1.05424;0.987586 0.00107301 -0.157075 107.823 0.00109457 0.999905 0.0137125 -9.41681 0.157075 -0.0137142 0.987491 -5.11339 0 0 0 1 
34562489690229;0.377629;0.366666;0.998653 0.000116491 -0.0518909 16.0658 0.000118629 0.99999 0.00452794 -1.90714 0.0518909 -0.00452799 0.998642 -22.2761 0 0 0 1 
34562489690230;0.309344;0.637569;0.988758 0.000973742 -0.149521 83.0685 0.000989107 0.999914 0.0130526 -6.21013 0.149521 -0.0130538 0.988672 -11.5368 0 0 0 1 
34562489690231;0.422227;0.602279;0.999416 4.50657e-05 0.0341738 42.0654 5.69056e-05 0.999996 -0.00298292 -3.55803 -0.0341738 0.00298312 0.999411 7.50216 0 0 0 1 
34562489690232;0.215127;0.338339;0.999998 -9.31348e-07 0.00191377 7.99189 1.25006e-06 1 -0.000166535 -0.619254 -0.00191377 0.000166537 0.999998 4.55099 0 0 0 1 
34562489690233;0.420689;0.408093;0.99995 3.6872e-06 -0.00998059 6.52315 5.0068e-06 1 0.000871066 -0.65403 0.00998059 -0.000871073 0.99995 -3.37098 0 0 0 1 
34562489690234;0.244511;0.496921;0.999206 6.38982e-05 -0.039834 48.0767 7.46778e-05 0.999994 0.00347734 -4.09376 0.039834 -0.00347755 0.9992 -4.52885 0 0 0 1 
34562489690235;0.305129;0.21648;0.999862 1.99228e-05 0.0166287 -65.8537 4.44136e-06 0.999999 -0.00146515 6.75325 -0.0166287 0.00146502 0.999861 -104.673 0 0 0 1 
34562489690236;0.196522;0.433354;0.995283 0.000402532 0.0970181 60.9256 0.000420808 0.999964 -0.00846584 -5.13422 -0.0970181 0.00846672 0.995247 35.8344 0 0 0 1 
34562489690237;0.236663;0.397424;0.996035 0.000339596 -0.0889565 64.5661 0.000352641 0.99997 0.00776592 -5.53944 0.0889565 -0.0077665 0.996005 -5.36207 0 0 0 1 
34562489690238;0.36003;0.566411;0.99997 -1.91045e-07 0.0077098 20.2788 5.38134e-06 1 -0.000673187 -1.91359 -0.00770979 0.000673209 0.99997 -0.990971 0 0 0 1 
34562489690239;0.243492;0.281952;0.999992 -1.08067e-06 -0.004072 14.2314 2.52216e-06 1 0.000353996 -1.62303 0.004072 -0.000354003 0.999992 -11.8625 0 0 0 1 
34562489690240;0.35283;0.261026;0.999982 -3.45986e-07 -0.00595366 15.6082 3.42874e-06 1 0.000517781 -2.21373 0.00595366 -0.000517792 0.999982 -17.0796 0 0 0 1 
34562489690241;0.379757;0.880451;0.992887 0.000607448 0.11906 91.0367 0.00063454 0.999946 -0.0103935 -7.75043 -0.119059 0.0103951 0.992833 5.58181 0 0 0 1 
34562489690242;0.378853;0.551983;0.988989 0.000955472 0.147984 25.9835 0.000967273 0.999916 -0.0129204 -1.37623 -0.147984 0.0129213 0.988905 0.687511 0 0 0 1 
34562489690243;0.301434;0.704699;1 -1.2131e-07 1.40798e-06 -0.138934 1.21311e-07 1 -1.25472e-07 0.692429 -1.40798e-06 1.25472e-07 1 -0.211178 0 0 0 1 
34562489690244;0.500189;0.698103;0.980422 0.00170712 -0.196903 46.0278 0.00171148 0.999851 0.0171904 -3.7561 0.196903 -0.0171908 0.980272 -10.8421 0 0 0 1 
34562489690245;0.271456;0.202259;0.999883 1.19311e-05 0.0152845 -16.3443 8.44559e-06 0.999999 -0.0013331 1.60494 -0.0152845 0.00133307 0.999882 12.4487 0 0 0 1 
34562489690246;0.262584;0.634053;0.999974 -1.95933e-06 -0.00717994 33.4163 6.45923e-06 1 0.000626709 -2.65568 0.00717994 -0.000626739 0.999974 -1.83521 0 0 0 1 
34562489690248;0.122472;0.162478;0.997991 0.000173241 0.0633484 8.69244 0.000177316 0.999985 -0.00552814 -0.438699 -0.0633483 0.00552827 0.997976 25.9946 0 0 0 1 
34562489690249;0.236877;0.360137;0.999619 4.62436e-05 -0.0275986 -100.256 2.12018e-05 0.999997 0.0024435 10.3379 0.0275987 -0.00244315 0.999616 267.701 0 0 0 1 
34562489690250;0.361013;0.416605;0.997738 0.000199728 0.0672192 -26.6541 0.000195148 0.999983 -0.00586783 1.31982 -0.0672192 0.00586768 0.997721 14.1549 0 0 0 1 
34562489690251;0.0844088;0.125379;0.999443 4.9322e-05 -0.0333617 -0.493426 4.78335e-05 0.999996 0.00291138 0.363709 0.0333617 -0.00291136 0.999439 -13.3848 0 0 0 1 
34562489690252;0.195046;0.446558;1 -4.05435e-06 4.64563e-05 33.9218 4.05421e-06 1 3.06863e-06 -0.946783 -4.64563e-05 -3.06844e-06 1 57.2914 0 0 0 1 
34562489690253;0.120903;0.415425;0.995918 0.000361979 0.0902662 -55.5379 0.00035058 0.999969 -0.007878 2.53921 -0.0902662 0.00787748 0.995887 35.2545 0 0 0 1 
34562489690254;0.246774;0.452794;1 -3.32753e-06 2.35247e-05 28.947 3.32764e-06 1 -4.55613e-06 -3.87587 -2.35247e-05 4.55621e-06 1 -19.4398 0 0 0 1 
34562489690255;0.134202;0.318472;0.999832 1.20074e-05 0.0183045 18.8851 1.7218e-05 0.999999 -0.00159647 -3.49005 -0.0183045 0.00159651 0.999831 13.8011 0 0 0 1 
34562489690256;0.130561;0.222531;0.999367 5.70898e-05 0.0355732 -17.7974 5.33642e-05 0.999995 -0.00310402 2.44142 -0.0355732 0.00310395 0.999362 18.2153 0 0 0 1 
34562489690257;0.163799;0.225517;1 5.59042e-07 -0.000225305 -4.54867 -5.5474e-07 1 1.90967e-05 1.3167 0.000225305 -1.90965e-05 1 -5.26641 0 0 0 1 
34562489690258;0.294851;1.12549;0.969521 0.00196279 -0.245 5657.53 0.00322667 0.999779 0.0207783 -499.72 0.244987 -0.0209355 0.9693 -3663.59 0 0 0 1 
