#;prob_registration_l1 -r /home/probabilistic_point_clouds_registration/build/tester /home/point_clouds_registration_benchmark//devel/registration_pairs/wood_summer_local.txt /home/point_clouds_registration_benchmark//eth/wood_summer -s 0.2 -t 0.2 -p 0.3 -r 1000 -m 10 -i 40 
id;initial_error;final_error;transformation
2318808360000;0.0774618;0.0119615;0.998172 0.0428958 0.0425723 -0.443372 -0.0427488 0.999076 -0.00435926 0.455727 -0.04272 0.00253138 0.999084 0.300975 0 0 0 1 
2318808360001;0.306883;0.0119508;0.997476 0.0685198 -0.0185992 -0.106982 -0.0688362 0.997484 -0.0169423 0.598433 0.0173915 0.0181798 0.999683 -0.450816 0 0 0 1 
2318808360002;0.495258;0.312204;0.991752 -0.102967 -0.0763206 1.1759 0.104606 0.994355 0.0177904 -0.768187 0.0740579 -0.0256273 0.996925 0.190472 0 0 0 1 
2318808360003;0.524546;0.423112;0.998731 -0.0500403 0.00575381 0.412736 0.0496884 0.997495 0.050337 -0.554328 -0.00825827 -0.0499872 0.998716 0.403189 0 0 0 1 
2318808360004;0.20511;0.0115286;0.99771 -0.0646527 0.0198863 0.649588 0.0646664 0.997907 -4.64946e-05 -0.536785 -0.0198417 0.00133236 0.999802 -0.244717 0 0 0 1 
2318808360005;0.440296;0.274122;0.999115 -0.018477 -0.0377828 0.24886 0.0235419 0.990105 0.13834 -0.463623 0.0348529 -0.139107 0.989664 0.711383 0 0 0 1 
2318808360006;0.169359;0.0158117;0.996232 -0.0843016 0.0203833 1.04149 0.0847367 0.996171 -0.0215169 -0.439488 -0.0184914 0.0231631 0.999561 0.0508604 0 0 0 1 
2318808360007;0.299345;0.272527;0.99972 -0.0155674 0.0178125 0.125334 0.0153148 0.999781 0.0142308 -0.184279 -0.0180301 -0.0139541 0.99974 0.208135 0 0 0 1 
2318808360008;0.34518;0.254905;0.994438 0.0687398 0.079799 -0.845787 -0.0737981 0.995327 0.0622698 0.357058 -0.0751457 -0.0678125 0.994864 1.53092 0 0 0 1 
2318808360009;0.553788;0.436046;0.998343 0.0546991 0.0178823 -0.429495 -0.0542805 0.998258 -0.0231132 0.340278 -0.0191155 0.0221043 0.999573 0.0562646 0 0 0 1 
2318808360010;0.296129;0.012219;0.992428 -0.122829 -0.000817371 1.21165 0.122764 0.991639 0.0397524 -1.2402 -0.00407219 -0.0395517 0.999209 0.000193554 0 0 0 1 
2318808360011;0.267088;0.00810349;0.974092 -0.190429 0.121991 2.16115 0.178058 0.978355 0.105442 -1.2676 -0.13943 -0.0809885 0.986914 2.2861 0 0 0 1 
2318808360012;0.117207;0.0117544;0.996545 -7.63917e-05 -0.0830549 0.0572133 0.00407266 0.998842 0.0479476 -0.174427 0.082955 -0.0481202 0.995391 -0.293851 0 0 0 1 
2318808360013;0.297157;0.00806037;0.997309 -0.0483907 0.0550684 -0.00955374 0.0502733 0.998179 -0.0333298 -0.613162 -0.0533553 0.0360086 0.997926 -0.067153 0 0 0 1 
2318808360014;0.320442;0.00844045;0.999948 0.00970561 0.00306098 -0.0422798 -0.00969696 0.999949 -0.00282945 0.102084 -0.00308829 0.00279963 0.999991 -0.640882 0 0 0 1 
2318808360015;0.329054;0.0182525;0.963757 0.237002 -0.122485 -2.06436 -0.249795 0.962872 -0.102372 2.43331 0.0936751 0.129258 0.987176 -2.51809 0 0 0 1 
2318808360016;0.335073;0.0150369;0.999278 0.0379502 0.00183542 -0.306677 -0.0379534 0.999278 0.00176084 -0.0294432 -0.00176728 -0.00182923 0.999997 -0.534148 0 0 0 1 
2318808360017;0.483715;0.0107338;0.97178 0.230367 -0.0507381 -2.53304 -0.230685 0.973028 -0.000416454 1.81969 0.0492737 0.0121092 0.998712 0.195189 0 0 0 1 
2318808360018;0.313611;0.291949;0.999215 -0.0336761 -0.0208479 0.31101 0.033613 0.999429 -0.00336955 -0.223098 0.0209495 0.00266615 0.999777 -0.159825 0 0 0 1 
2318808360019;0.502137;0.440119;0.999926 0.00887122 0.00832933 -0.0609498 -0.00880601 0.999931 -0.00783376 -0.0779475 -0.00839825 0.00775983 0.999935 -0.116344 0 0 0 1 
2318808360020;0.421809;0.0164006;0.966163 0.0245003 0.256766 -0.564824 -0.0023838 0.996284 -0.0860945 0.247357 -0.257922 0.0825692 0.962631 0.53379 0 0 0 1 
2318808360021;0.393879;0.235348;0.982025 -0.0471091 -0.182777 1.03936 0.0408927 0.998455 -0.037634 -0.425772 0.184267 0.0294833 0.982434 -1.58758 0 0 0 1 
2318808360022;0.404256;0.0166453;0.994764 0.0383185 -0.0947464 -0.296718 -0.0451033 0.996489 -0.0705377 1.15813 0.0917109 0.0744418 0.992999 -1.80761 0 0 0 1 
2318808360023;0.175152;0.00994448;0.979119 -0.191232 0.0689594 2.00319 0.194658 0.979749 -0.0468974 -1.28172 -0.0585946 0.0593417 0.996517 -0.125728 0 0 0 1 
2318808360024;0.438639;0.00799179;0.99298 0.0133769 -0.117523 -0.815854 -0.0262696 0.993711 -0.10885 0.411522 0.115328 0.111173 0.987087 -2.11208 0 0 0 1 
2318808360025;0.493149;0.0200186;0.985911 -0.166875 -0.0115032 1.70584 0.166444 0.985544 -0.0316011 -0.656992 0.0166103 0.0292412 0.999434 0.314297 0 0 0 1 
2318808360026;0.26214;0.00797683;0.980015 0.0179171 -0.198114 -0.140351 -0.00512433 0.997879 0.0648978 -0.0605337 0.198856 -0.0625856 0.978028 -0.562362 0 0 0 1 
2318808360027;0.301824;0.262618;0.998802 0.0397991 0.0284735 -0.523065 -0.0384083 0.998117 -0.0478296 0.373188 -0.0303234 0.0466786 0.99845 -0.192939 0 0 0 1 
2318808360028;0.111442;0.0129648;0.999038 -0.0270104 -0.0345523 0.333096 0.031272 0.991096 0.129428 -0.375836 0.0307487 -0.130384 0.990987 1.10097 0 0 0 1 
2318808360029;0.556383;0.0205169;0.994758 -0.0601229 -0.0827183 0.139314 0.0859604 0.929776 0.35795 -0.449443 0.0553885 -0.363184 0.93007 4.10888 0 0 0 1 
2318808360031;0.47988;0.408115;0.999835 0.0154701 -0.00951754 0.0131578 -0.0153553 0.99981 0.0120177 0.205252 0.00970165 -0.0118695 0.999882 -0.0432835 0 0 0 1 
2318808360032;0.536016;0.318852;0.981934 0.0907702 -0.166029 -0.664329 -0.117466 0.980302 -0.158776 1.86503 0.148347 0.175411 0.973255 -2.90339 0 0 0 1 
2318808360033;0.38485;0.00387119;0.988149 0.148223 0.0398989 -1.3801 -0.147919 0.988944 -0.0104718 1.22516 -0.04101 0.00444589 0.999149 -0.386683 0 0 0 1 
2318808360034;0.495664;0.402726;0.999663 0.0193606 0.0172836 -0.184482 -0.0195104 0.999773 0.00854012 0.223385 -0.0171144 -0.00887445 0.999814 -0.149602 0 0 0 1 
2318808360035;0.329409;0.00684291;0.993481 0.10566 -0.0427907 -0.833546 -0.105948 0.994361 -0.00452346 1.12127 0.0420715 0.00902757 0.999074 -0.989226 0 0 0 1 
2318808360036;0.430313;0.258928;0.98445 0.0688972 -0.16159 -0.167712 -0.0733705 0.997065 -0.021874 0.625402 0.159609 0.0333898 0.986615 -1.59646 0 0 0 1 
2318808360037;0.120765;0.00517547;0.994146 0.0123349 -0.10734 0.0295779 -0.0250806 0.992671 -0.118216 0.485455 0.105095 0.120216 0.987169 -2.11533 0 0 0 1 
2318808360038;0.516165;0.0100323;0.976389 -0.18462 0.112157 1.82132 0.182389 0.982771 0.0299236 -1.98554 -0.11575 -0.00876082 0.99324 1.72626 0 0 0 1 
2318808360039;0.413132;0.00826472;0.972561 -0.1265 0.19525 1.07461 0.120309 0.991792 0.0433014 -0.552066 -0.199125 -0.018623 0.979797 2.31131 0 0 0 1 
2318808360040;0.306491;0.0115801;0.989706 0.117538 -0.0816487 -0.827494 -0.103755 0.982241 0.156325 0.851342 0.0985727 -0.146244 0.984325 0.37591 0 0 0 1 
2318808360041;0.475776;0.365753;0.998763 -0.0410812 -0.0280233 0.4724 0.0411235 0.999154 0.000935628 -0.216763 0.0279612 -0.00208689 0.999607 0.210363 0 0 0 1 
2318808360042;0.392346;0.0092476;0.994324 0.0467476 0.0955695 -0.594125 -0.0464514 0.998906 -0.00532269 0.420632 -0.0957138 0.000853138 0.995409 1.54092 0 0 0 1 
2318808360043;0.212163;0.00751396;0.991946 0.0640463 -0.109278 -0.46512 -0.0357779 0.969286 0.243319 0.287308 0.121506 -0.237449 0.963771 1.65717 0 0 0 1 
2318808360044;0.216595;0.00754636;0.98893 0.116532 -0.0918568 -1.34244 -0.11014 0.991316 0.0718437 0.682535 0.0994312 -0.0609314 0.993177 -0.0191167 0 0 0 1 
2318808360045;0.469606;0.29629;0.981019 0.0669594 -0.181985 -0.228183 -0.117087 0.952637 -0.280665 2.28777 0.154573 0.296646 0.942395 -3.89564 0 0 0 1 
2318808360046;0.276896;0.010107;0.999212 0.0194555 0.0345984 -0.0226061 -0.019192 0.999784 -0.00793075 -0.298654 -0.0347453 0.00726049 0.99937 0.0356618 0 0 0 1 
2318808360047;0.219223;0.00928062;0.964403 -0.134114 -0.227905 1.99541 0.129235 0.990951 -0.0362684 -0.780932 0.230707 0.00552401 0.973008 -1.99658 0 0 0 1 
2318808360048;0.2746;0.00561797;0.948204 -0.0241424 0.316745 0.184611 0.00342845 0.997827 0.0657916 0.000106697 -0.317645 -0.0612979 0.946226 3.30597 0 0 0 1 
2318808360049;0.475244;0.416913;0.999252 -0.0290834 -0.0255041 0.378684 0.0292093 0.999563 0.00457614 -0.213847 0.0253599 -0.00531767 0.999664 -0.25315 0 0 0 1 
2318808360050;0.266943;0.0118593;0.954048 -0.29962 -0.00440987 3.67789 0.299638 0.954043 0.00426986 -2.0619 0.00292788 -0.00539502 0.999981 -0.153782 0 0 0 1 
2318808360051;0.316495;0.0103095;0.975464 -0.0566414 0.212747 0.579011 0.026496 0.989518 0.141961 -0.395951 -0.218558 -0.13284 0.96674 3.79117 0 0 0 1 
2318808360052;0.442125;0.351024;0.994145 0.0807412 0.0718034 -0.773217 -0.0783997 0.996312 -0.0348553 0.772836 -0.0743529 0.0290219 0.99681 0.497596 0 0 0 1 
2318808360053;0.502153;0.00757818;0.99937 -0.0330802 0.0128695 1.07147 0.0311391 0.991095 0.129464 -0.438165 -0.0170376 -0.128982 0.991501 2.23297 0 0 0 1 
2318808360054;0.189299;0.0120257;0.967495 -0.252362 -0.0163462 3.04983 0.250197 0.964598 -0.0833778 -1.62034 0.0368089 0.0765778 0.996384 -1.16579 0 0 0 1 
2318808360055;0.56348;0.0127464;0.952147 0.139063 -0.272173 -0.151172 -0.170777 0.980581 -0.0964184 2.37678 0.25348 0.138285 0.957405 -3.55873 0 0 0 1 
2318808360056;0.0419399;0.00680194;0.998637 0.050283 -0.0139686 -0.515944 -0.0502003 0.99872 0.0062048 0.392466 0.0142627 -0.00549511 0.999883 -0.0432132 0 0 0 1 
2318808360057;0.467263;0.00907909;0.997467 -0.0710223 -0.00402199 0.940791 0.0708892 0.997121 -0.0269122 -1.3036 0.00592178 0.0265589 0.99963 -0.836375 0 0 0 1 
2318808360058;0.291617;0.00743367;0.99994 0.0072473 0.00821882 -0.0300161 -0.00830834 0.990476 0.137436 0.534071 -0.00714451 -0.137496 0.990477 1.79696 0 0 0 1 
2318808360059;0.25976;0.00638587;0.975706 0.0249558 -0.217656 0.400474 -0.0409583 0.996753 -0.0693225 0.473866 0.21522 0.0765532 0.973561 -2.32192 0 0 0 1 
2318808360060;0.11731;0.012067;0.99207 0.0979083 0.0788126 -1.10921 -0.0940576 0.99425 -0.0511802 0.936227 -0.0833705 0.0433614 0.995575 0.233783 0 0 0 1 
2318808360062;0.468711;0.32728;0.99217 0.0876224 -0.0890017 -0.253549 -0.0808665 0.993756 0.0768749 0.460263 0.0951819 -0.0690757 0.99306 0.0364494 0 0 0 1 
2318808360063;0.468392;0.0106052;0.992421 -0.122049 0.0142862 -0.415993 0.119842 0.987002 0.107071 -1.14974 -0.0271684 -0.104547 0.994149 -0.0514653 0 0 0 1 
2318808360064;0.317402;0.178832;0.992849 0.119376 0.000208532 -0.37848 -0.119376 0.992849 0.000780079 0.665609 -0.000113918 -0.000799394 1 -0.407004 0 0 0 1 
2318808360065;0.263432;0.00997314;0.97341 -0.216032 0.0761756 0.747266 0.207539 0.972479 0.105887 -1.49674 -0.0969541 -0.087262 0.991456 1.05463 0 0 0 1 
2318808360066;0.238324;0.014344;0.99952 -0.0309564 0.00084092 -0.369354 0.0309417 0.999424 0.01394 -0.389834 -0.00127197 -0.0139073 0.999902 0.157638 0 0 0 1 
2318808360067;0.429905;0.00654505;0.993293 0.095616 -0.0650161 0.741466 -0.0917112 0.99394 0.0606079 0.592639 0.0704172 -0.0542387 0.996042 -0.523255 0 0 0 1 
2318808360068;0.55967;0.49117;0.9985 -0.025266 -0.0485802 0.164815 0.0262841 0.999446 0.0204342 -0.282377 0.0480369 -0.0216805 0.99861 -0.309897 0 0 0 1 
2318808360069;0.324897;0.00784928;0.99754 0.0644682 0.0275328 0.190678 -0.0648707 0.997796 0.0139867 0.12232 -0.0265705 -0.0157383 0.999523 -0.38178 0 0 0 1 
2318808360070;0.327797;0.00657687;0.995723 0.0591528 0.0709719 0.485735 -0.0551404 0.996838 -0.0572228 0.333973 -0.0741324 0.0530646 0.995836 0.0740245 0 0 0 1 
2318808360071;0.127608;0.00592234;0.989106 0.122716 0.0813074 -0.440794 -0.123164 0.992386 0.000495799 0.774904 -0.0806275 -0.0105045 0.996689 0.453166 0 0 0 1 
2318808360072;0.27755;0.0146858;0.962759 -0.262601 -0.0643093 0.746559 0.26228 0.964897 -0.0135305 -1.13879 0.0656049 -0.00384042 0.997838 -0.56358 0 0 0 1 
2318808360073;0.377754;0.00865654;0.992612 -0.0624861 0.104 -0.00579282 0.0790744 0.983299 -0.163919 0.0594838 -0.0920209 0.170932 0.980976 -0.669576 0 0 0 1 
2318808360074;0.367604;0.339364;0.999057 -0.0410567 -0.014133 0.228895 0.041062 0.999157 8.5888e-05 -0.326298 0.0141176 -0.000666137 0.9999 -0.0172236 0 0 0 1 
2318808360075;0.223733;0.0108143;0.964645 -0.0145014 0.263153 0.0665806 0.0125875 0.999881 0.00895741 -0.252027 -0.263251 -0.00532828 0.964713 1.61296 0 0 0 1 
2318808360076;0.344651;0.173768;0.999176 -0.0394397 -0.00954719 0.472129 0.0399244 0.99755 0.0574527 -0.270058 0.00725788 -0.0577865 0.998303 0.439224 0 0 0 1 
2318808360077;0.167206;0.0106512;0.995024 0.0298053 0.0950729 -0.021458 -0.0325151 0.999104 0.0270819 0.449801 -0.0941806 -0.0300384 0.995102 0.521301 0 0 0 1 
2318808360078;0.455663;0.371772;0.998864 0.0401761 0.0256051 -0.401888 -0.0402975 0.999179 0.004241 0.214387 -0.0254137 -0.005268 0.999663 -0.308003 0 0 0 1 
2318808360079;0.349782;0.00866156;0.990486 0.0782141 0.113223 -0.208893 -0.0940277 0.985413 0.141843 0.498812 -0.100478 -0.15114 0.983393 1.74162 0 0 0 1 
2318808360080;0.31557;0.186091;0.99673 0.0262421 -0.0764232 -0.0784563 -0.0152839 0.98995 0.140592 -0.16475 0.0793445 -0.138964 0.987114 -0.0866658 0 0 0 1 
2318808360081;0.265138;0.157639;0.997602 0.0663533 -0.0196972 -0.141626 -0.0678317 0.993852 -0.0875058 0.609426 0.0137698 0.0886321 0.995969 -0.203216 0 0 0 1 
2318808360082;0.291619;0.283316;0.999388 0.0294813 -0.0188169 -0.0305766 -0.0298203 0.999393 -0.0179956 0.124474 0.0182749 0.0185458 0.999661 -0.137475 0 0 0 1 
2318808360083;0.406111;0.00551525;0.989385 -0.144399 0.0163159 -0.0222279 0.142849 0.987034 0.0731978 -0.909085 -0.0266741 -0.0700901 0.997184 -0.377741 0 0 0 1 
2318808360084;0.25521;0.246357;0.999463 0.0326208 0.00323993 0.0894276 -0.0325006 0.998959 -0.0320142 0.121784 -0.00428089 0.0318917 0.999482 -0.0490487 0 0 0 1 
2318808360085;0.097134;0.0100851;0.999209 -0.0120893 0.0378938 -0.0383212 0.0111402 0.999621 0.0251603 -0.0141479 -0.0381836 -0.0247182 0.998965 0.463258 0 0 0 1 
2318808360086;0.630308;0.598351;0.999468 0.013976 -0.0294846 -0.0131 -0.0133296 0.999669 0.0220043 0.0118103 0.0297824 -0.0215995 0.999323 -0.143952 0 0 0 1 
2318808360087;0.164964;0.00764697;0.98869 0.145528 0.0362572 -0.34892 -0.140955 0.984236 -0.106824 1.10044 -0.0512315 0.100505 0.993617 0.0077247 0 0 0 1 
2318808360088;0.426784;0.385928;0.999417 0.0210801 0.0268576 -0.0282496 -0.020591 0.999619 -0.0183595 0.0964783 -0.0272344 0.0177958 0.999471 0.217656 0 0 0 1 
2318808360089;0.0156956;0.00656278;0.999831 -0.0162134 -0.00865065 0.061326 0.0163503 0.999738 0.0160066 -0.114572 0.00838887 -0.0161453 0.999834 -0.00631294 0 0 0 1 
2318808360090;0.105965;0.00747158;0.999871 0.0069373 -0.0145114 -0.160741 -0.00713106 0.999886 -0.0133431 0.202496 0.0144172 0.0134449 0.999806 -0.0375819 0 0 0 1 
2318808360091;0.471367;0.378329;0.998926 -0.0218242 -0.0408814 -0.0727358 0.020118 0.998928 -0.041691 0.167973 0.0417475 0.0408238 0.998294 -0.385945 0 0 0 1 
2318808360093;0.358587;0.00698267;0.994572 0.0936021 0.045438 -0.125826 -0.0943792 0.995419 0.0152639 0.947497 -0.0438011 -0.0194695 0.998851 -0.517441 0 0 0 1 
2318808360094;0.104341;0.0102506;0.996988 0.0775315 0.00189412 0.123273 -0.0774345 0.996506 -0.031311 0.313677 -0.00431509 0.03107 0.999508 0.120209 0 0 0 1 
2318808360095;0.369651;0.0420241;0.962635 -0.270801 0.00117692 0.36266 0.270735 0.962285 -0.0266581 -1.13462 0.00608653 0.0259807 0.999644 -0.664597 0 0 0 1 
2318808360096;0.316121;0.00552592;0.999588 0.0280687 -0.0059877 0.705918 -0.0279921 0.99953 0.0125177 0.286959 0.00633624 -0.012345 0.999904 0.350392 0 0 0 1 
2318808360097;0.369151;0.292288;0.997234 0.0344263 0.0658773 -0.0420117 -0.03423 0.999406 -0.00410759 0.0603841 -0.0659795 0.00184125 0.997819 0.183827 0 0 0 1 
2318808360098;0.287285;0.0322779;0.958631 -0.283825 0.0216646 0.0477625 0.282624 0.958111 0.0463297 -1.45675 -0.0339067 -0.0382901 0.998691 -0.0848906 0 0 0 1 
2318808360099;0.367143;0.334742;0.999311 -0.0310372 0.0203752 -0.0504487 0.0312721 0.999447 -0.0113157 -0.148426 -0.0200127 0.0119451 0.999728 0.00322894 0 0 0 1 
2318808360100;0.403666;0.0102787;0.989002 -0.140337 -0.0466995 1.00663 0.144033 0.98561 0.0884686 -0.682088 0.0336121 -0.0942218 0.994984 -0.563622 0 0 0 1 
2318808360101;0.302239;0.0067236;0.944667 -0.164503 0.283801 -0.194361 0.17609 0.98425 -0.0156226 -0.91018 -0.276762 0.0647327 0.958756 1.42345 0 0 0 1 
2318808360102;0.281834;0.239196;0.999913 0.0105351 -0.00794301 -0.00667902 -0.0101954 0.99908 0.0416523 -0.0582489 0.00837452 -0.0415677 0.999101 -0.0886495 0 0 0 1 
2318808360103;0.378578;0.219641;0.985357 0.0849574 -0.147827 0.337495 -0.072908 0.9937 0.0851113 0.272016 0.154127 -0.0730873 0.985344 -0.771736 0 0 0 1 
2318808360104;0.557659;0.47091;0.99949 -0.0258121 0.0188142 -0.148075 0.0259624 0.999633 -0.00779021 -0.103509 -0.0186062 0.00827469 0.999793 -0.128282 0 0 0 1 
2318808360105;0.460355;0.315538;0.99572 -0.0884215 0.0268914 -0.0634592 0.0884301 0.996082 0.000869926 -0.381854 -0.0268629 0.0015118 0.999638 -0.33982 0 0 0 1 
2318808360106;0.53681;0.0516175;0.936176 -0.0617173 -0.34607 1.30816 0.0538445 0.998026 -0.0323274 0.49837 0.347382 0.0116302 0.937651 -1.37115 0 0 0 1 
2318808360107;0.116161;0.0065825;0.993881 -0.0186004 0.108877 -0.0447511 0.0287293 0.995325 -0.0922151 -0.0634192 -0.106652 0.0947788 0.989769 0.646464 0 0 0 1 
2318808360108;0.426496;0.0110071;0.974357 0.224988 0.00279066 0.722864 -0.224775 0.973847 -0.0331457 1.14475 -0.0101751 0.0316685 0.999447 -0.603411 0 0 0 1 
2318808360109;0.361092;0.00747344;0.990245 0.138347 0.016604 -0.816511 -0.137561 0.989617 -0.0416619 1.06312 -0.0221954 0.0389714 0.998994 -0.0869867 0 0 0 1 
2318808360110;0.188673;0.0115417;0.989658 -0.0337966 -0.139406 0.46098 0.0223552 0.996312 -0.0828371 0.16841 0.141692 0.0788639 0.986764 -0.819046 0 0 0 1 
2318808360111;0.302097;0.0567948;0.98495 0.118393 -0.125922 -0.338783 -0.0905592 0.974043 0.207459 0.273906 0.147215 -0.192933 0.970105 -0.605555 0 0 0 1 
2318808360112;0.226828;0.0112797;0.960384 -0.258835 -0.103283 0.544938 0.262634 0.964576 0.0248246 -1.29058 0.0931986 -0.0509668 0.994342 -0.403459 0 0 0 1 
2318808360113;0.311079;0.289242;0.999578 -0.00973475 -0.0273566 0.0175892 0.00954445 0.999929 -0.00707821 0.0138145 0.0274236 0.00681412 0.999601 -0.0853372 0 0 0 1 
2318808360114;0.267587;0.00758643;0.990824 -0.0488723 0.126013 -0.031394 0.0480037 0.998798 0.00992214 0.0781314 -0.126346 -0.00378201 0.991979 1.19519 0 0 0 1 
2318808360115;0.283003;0.0193187;0.995468 -0.0949371 -0.00545987 -0.0651973 0.0929918 0.95985 0.264651 -0.868128 -0.0198846 -0.26396 0.964329 0.632993 0 0 0 1 
2318808360116;0.15967;0.00553932;0.999999 0.0013718 0.000271828 0.227343 -0.0013723 0.999997 0.00185313 0.0164656 -0.000269285 -0.0018535 0.999998 -0.334736 0 0 0 1 
2318808360117;0.274094;0.0176732;0.969574 0.154087 -0.190221 0.56499 -0.18551 0.969491 -0.160231 1.18275 0.159728 0.190643 0.968577 -0.948044 0 0 0 1 
2318808360118;0.309171;0.0101509;0.99598 -0.0621508 0.064511 0.216721 0.0687437 0.99203 -0.105593 -0.0423377 -0.0574342 0.109603 0.992315 0.941204 0 0 0 1 
2318808360119;0.136528;0.0096792;0.99957 0.00513504 -0.0288561 0.0163579 0.000180999 0.983433 0.181275 -0.199859 0.0293089 -0.181202 0.983009 0.111706 0 0 0 1 
2318808360120;0.394337;0.016317;0.965077 -0.261967 0.000620547 0.386734 0.261949 0.964976 -0.0142828 -1.24541 0.00314281 0.0139465 0.999898 -0.81503 0 0 0 1 
2318808360121;0.407083;0.345367;0.998613 -0.0336927 0.0404489 -0.168303 0.0332722 0.999386 0.0110225 -0.248147 -0.0407955 -0.00966134 0.999121 -0.0336844 0 0 0 1 
2318808360122;0.325576;0.0121049;0.960586 0.0212555 -0.277169 0.885705 -0.00656099 0.998528 0.0538366 -0.0620391 0.277906 -0.0498962 0.959312 -1.01215 0 0 0 1 
2318808360124;0.330187;0.0173829;0.95374 -0.162411 0.252986 1.64257 0.11549 0.974878 0.190458 -1.11428 -0.277563 -0.15243 0.948538 3.3963 0 0 0 1 
2318808360125;0.152771;0.020206;0.989321 -0.145679 -0.00470444 1.49794 0.145732 0.989221 0.0142883 -1.21659 0.00257222 -0.0148213 0.999887 0.218161 0 0 0 1 
2318808360126;0.0910746;0.0156124;0.997864 0.0092834 -0.0646636 -0.13666 -0.0112652 0.999476 -0.0303513 0.194016 0.064348 0.031015 0.997445 -0.819336 0 0 0 1 
2318808360127;0.146509;0.0144063;0.993276 -0.106379 0.0456813 1.03449 0.104386 0.993563 0.0440084 -0.819062 -0.0500688 -0.0389439 0.997986 0.966788 0 0 0 1 
2318808360128;0.288596;0.0185902;0.939086 0.132211 -0.317234 -0.427924 -0.159263 0.985362 -0.0607956 1.41986 0.304552 0.107616 0.946397 -3.33998 0 0 0 1 
2318808360129;0.489639;0.382326;0.99654 -0.0311221 -0.0770715 0.622874 0.0221045 0.993096 -0.115207 0.0138268 0.0801249 0.113105 0.990347 -1.67933 0 0 0 1 
2318808360130;0.532869;0.336821;0.997708 -0.0343654 0.058291 -0.097054 0.0303704 0.997217 0.0680884 -0.304772 -0.0604687 -0.066162 0.995975 1.25759 0 0 0 1 
2318808360131;0.255773;0.0144731;0.998432 -0.0106802 0.054949 -0.0634019 0.0055493 0.995679 0.0926938 -0.179806 -0.0557015 -0.0922435 0.994177 0.856607 0 0 0 1 
2318808360132;0.368015;0.330228;0.9986 0.0320299 0.0420982 -0.503736 -0.0298997 0.998287 -0.0502912 0.306173 -0.0436369 0.0489621 0.997847 -0.159794 0 0 0 1 
2318808360133;0.203483;0.0166709;0.98576 0.137797 -0.0963761 -1.1044 -0.120776 0.978973 0.164394 0.83458 0.117003 -0.150413 0.981675 0.459021 0 0 0 1 
2318808360134;0.215895;0.0109157;0.997046 -0.0201331 -0.0741187 0.612132 0.0173169 0.999111 -0.0384438 -0.229922 0.0748268 0.0370467 0.996508 -0.745966 0 0 0 1 
2318808360135;0.357096;0.0168051;0.955122 0.0911335 -0.281846 -0.0666091 -0.0970929 0.995249 -0.00722021 1.08556 0.279849 0.0342614 0.959433 -2.16286 0 0 0 1 
2318808360136;0.39267;0.0179067;0.990543 -0.0896945 0.103824 0.878857 0.10369 0.984938 -0.138366 -0.058512 -0.0898495 0.147823 0.984924 -0.253525 0 0 0 1 
2318808360137;0.205186;0.0168313;0.981451 -0.0138755 -0.191209 0.66759 0.0198394 0.999373 0.0293115 -0.220025 0.190683 -0.0325613 0.981112 -1.15941 0 0 0 1 
2318808360138;0.524941;0.0161666;0.985732 -0.161213 0.0484057 1.35454 0.160993 0.986919 0.00843606 -1.36363 -0.0491325 -0.000522723 0.998792 -0.560926 0 0 0 1 
2318808360139;0.224459;0.00829986;0.991553 0.120914 -0.046934 -1.11102 -0.12855 0.964293 -0.231545 1.75282 0.0172611 0.235622 0.971691 -2.41959 0 0 0 1 
2318808360140;0.242736;0.0119919;0.992695 0.0634315 0.102628 -0.748374 -0.0538871 0.994184 -0.093241 0.69943 -0.107946 0.0870296 0.99034 -0.405745 0 0 0 1 
2318808360141;0.27546;0.185411;0.995961 0.0701713 0.0560199 -0.737487 -0.0684508 0.997139 -0.0320647 0.605556 -0.0581097 0.0281006 0.997915 -0.0467393 0 0 0 1 
2318808360142;0.19755;0.0228281;0.993859 -0.09949 0.0484317 0.886252 0.09927 0.995036 0.00693269 -0.582301 -0.0488811 -0.0020823 0.998802 0.0947568 0 0 0 1 
2318808360143;0.359468;0.0175294;0.971049 -0.0701729 -0.228343 1.07885 0.0757933 0.996996 0.0159269 -0.681533 0.226539 -0.0327727 0.97345 -0.788169 0 0 0 1 
2318808360144;0.260225;0.0144733;0.982661 -0.178552 0.0499667 1.61469 0.183518 0.975059 -0.124824 -0.927344 -0.0264329 0.131829 0.99092 -1.37182 0 0 0 1 
2318808360145;0.465801;0.0178983;0.913114 -0.230341 0.3364 2.6073 0.246436 0.969144 -0.00532433 -1.58123 -0.324794 0.0877629 0.941704 2.31088 0 0 0 1 
2318808360146;0.208847;0.182779;0.999423 -0.033313 -0.00666933 0.302794 0.0330905 0.998969 -0.031068 -0.186287 0.00769743 0.0308294 0.999495 -0.34757 0 0 0 1 
2318808360147;0.522631;0.0097439;0.948741 0.257502 0.183257 -2.72147 -0.226971 0.958606 -0.171925 2.5156 -0.219942 0.121518 0.967915 -0.242794 0 0 0 1 
2318808360148;0.348601;0.201717;0.99642 0.0541996 0.0648885 -0.691049 -0.0573925 0.997178 0.0483962 0.231378 -0.0620823 -0.051947 0.996718 1.27847 0 0 0 1 
2318808360149;0.220362;0.0171465;0.985241 0.16917 -0.0261179 -1.62018 -0.169958 0.984942 -0.0316761 1.53989 0.020366 0.0356475 0.999157 -0.828843 0 0 0 1 
2318808360150;0.310305;0.0159216;0.997418 0.0649343 0.0306628 -0.964704 -0.0665314 0.996305 0.0543102 0.508242 -0.0270229 -0.05621 0.998053 0.24228 0 0 0 1 
2318808360151;0.0639999;0.012737;0.998969 0.0238951 -0.0386114 -0.171715 -0.0225045 0.999096 0.0360576 0.11717 0.0394381 -0.0351515 0.998604 0.110828 0 0 0 1 
2318808360152;0.508923;0.290995;0.999322 0.0328087 -0.0166774 -0.0138988 -0.0331796 0.999197 -0.0224722 0.211846 0.0159267 0.0230103 0.999608 0.173891 0 0 0 1 
2318808360153;0.520442;0.279904;0.99875 0.0497535 -0.00472666 -0.577012 -0.0497832 0.99874 -0.006385 0.273179 0.00440303 0.00661233 0.999968 0.509422 0 0 0 1 
2318808360155;0.242296;0.0172959;0.969612 0.000394521 0.244648 0.202555 0.045735 0.982077 -0.182845 -0.0262377 -0.240336 0.188477 0.952216 -0.0482877 0 0 0 1 
2318808360156;0.545461;0.0293966;0.960397 -0.241512 0.138961 2.49546 0.226213 0.967 0.117212 -1.97691 -0.162684 -0.0811355 0.983337 1.12404 0 0 0 1 
2318808360157;0.417219;0.37473;0.992917 -0.0996801 -0.0646438 0.80815 0.0930996 0.990835 -0.0978646 -0.451098 0.0738065 0.0911532 0.993098 -1.11365 0 0 0 1 
2318808360158;0.428586;0.354202;0.989553 0.0716054 -0.125128 -0.354314 -0.0796427 0.994989 -0.060451 0.571478 0.120173 0.0697851 0.990297 -1.11322 0 0 0 1 
2318808360159;0.360686;0.118777;0.975556 -0.112147 0.188979 1.10067 0.158934 0.953968 -0.254334 -0.256816 -0.151757 0.278153 0.948473 -1.44698 0 0 0 1 
2318808360160;0.334724;0.296676;0.998244 0.00335743 0.0591451 -0.0688969 -0.00266508 0.999927 -0.0117809 -0.0385291 -0.0591803 0.0116026 0.99818 0.289537 0 0 0 1 
2318808360161;0.319806;0.283321;0.999632 0.0206731 0.017546 -0.313341 -0.0208432 0.999737 0.00956769 0.00638004 -0.0173436 -0.00992989 0.9998 0.121203 0 0 0 1 
2318808360162;0.00881013;0.0163789;0.999993 0.00122312 0.00342516 -0.0155627 -0.00122766 0.999998 0.00132265 -0.0236108 -0.00342354 -0.00132684 0.999993 0.0471466 0 0 0 1 
2318808360163;0.15049;0.0183085;0.995307 0.0967446 -0.00197482 -0.968147 -0.0967565 0.995282 -0.00718765 0.552308 0.00127013 0.007345 0.999972 0.0612411 0 0 0 1 
2318808360164;0.34564;0.327966;0.999584 0.0183347 0.0222589 -0.21787 -0.0175613 0.999252 -0.0344571 0.168316 -0.022874 0.0340518 0.999158 -0.141119 0 0 0 1 
2318808360165;0.629483;0.0118724;0.933016 -0.155175 0.324655 0.890027 0.19545 0.976086 -0.0951591 -1.78241 -0.302125 0.152239 0.941033 0.47014 0 0 0 1 
2318808360166;0.356263;0.011814;0.997183 0.0634604 -0.0399824 -0.108664 -0.0659779 0.995692 -0.0651559 0.28466 0.0356753 0.0676104 0.997074 -0.413198 0 0 0 1 
2318808360167;0.348773;0.0163073;0.978754 -0.0406082 0.200975 0.22856 0.114802 0.920677 -0.373062 0.415845 -0.169884 0.388208 0.905778 -2.21127 0 0 0 1 
2318808360168;0.491205;0.0192719;0.967542 -0.113141 -0.225966 1.11998 0.143374 0.9821 0.122163 -0.700155 0.2081 -0.150595 0.966445 0.621424 0 0 0 1 
2318808360169;0.364685;0.0237383;0.999723 -0.0169727 -0.0162771 0.317561 0.016628 0.999639 -0.0210836 0.297965 0.0166291 0.0208071 0.999645 -0.898728 0 0 0 1 
2318808360170;0.293853;0.018502;0.999097 0.0306771 0.0294121 -0.520747 -0.0306535 0.999529 -0.00125519 0.119124 -0.0294367 0.000352473 0.999567 -0.339294 0 0 0 1 
2318808360171;0.404455;0.0169982;0.995388 0.0550597 0.0785624 -0.980274 -0.0726586 0.967404 0.242591 0.0580573 -0.0626446 -0.24718 0.966942 2.54953 0 0 0 1 
2318808360172;0.214721;0.0198876;0.990272 -0.0292284 0.136038 0.22533 0.0157545 0.994954 0.0990876 -0.168657 -0.138247 -0.0959805 0.985736 2.29022 0 0 0 1 
2318808360173;0.439959;0.374364;0.999885 -0.0144874 -0.00448209 0.245345 0.0141188 0.997193 -0.0735247 0.0207861 0.0055347 0.073453 0.997283 -0.758264 0 0 0 1 
2318808360174;0.284722;0.019347;0.982778 -0.125741 0.13541 1.28416 0.154412 0.96134 -0.227998 -0.922092 -0.101507 0.24498 0.9642 -1.75747 0 0 0 1 
2318808360175;0.207536;0.0107562;0.997495 -0.0467452 -0.0530826 0.472072 0.045161 0.998509 -0.0306619 -0.695802 0.0544368 0.0281878 0.998119 -0.790649 0 0 0 1 
2318808360176;0.417626;0.0328096;0.969686 -0.166907 -0.178468 1.64007 0.210132 0.94235 0.260423 -1.29287 0.124713 -0.290031 0.948857 1.21178 0 0 0 1 
2318808360177;0.414555;0.0222823;0.954984 -0.0590257 -0.290725 1.52724 0.0260255 0.992897 -0.116098 0.151789 0.295512 0.103305 0.949737 -2.65123 0 0 0 1 
2318808360178;0.192544;0.0201871;0.995168 -0.0975891 0.0108248 0.875509 0.0975623 0.995225 0.00297563 -0.645224 -0.0110635 -0.00190515 0.999937 -0.229305 0 0 0 1 
2318808360179;0.369856;0.218888;0.997516 0.0638016 0.0298616 -0.622468 -0.0622704 0.996823 -0.0496704 0.479465 -0.0329358 0.0476875 0.998319 0.188274 0 0 0 1 
2318808360180;0.269585;0.0260127;0.999818 0.00875625 0.0169241 -0.102478 -0.00888965 0.99993 0.00782323 0.0887002 -0.0168544 -0.00797226 0.999826 0.71191 0 0 0 1 
2318808360181;0.159003;0.0146313;0.99925 -0.0381514 -0.00662113 0.225306 0.0381977 0.999246 0.00702067 -0.298255 0.00634829 -0.00726832 0.999953 0.27846 0 0 0 1 
2318808360182;0.250033;0.153927;0.999825 0.0152962 0.01078 -0.331001 -0.0158393 0.998509 0.0522355 -0.0959572 -0.00996491 -0.0523971 0.998577 0.521092 0 0 0 1 
2318808360183;0.583654;0.463228;0.99732 -0.0654107 0.0327646 0.451325 0.0627081 0.995007 0.0776454 -1.07557 -0.0376798 -0.0753827 0.996443 0.334829 0 0 0 1 
2318808360184;0.254669;0.00985845;0.988257 0.150931 -0.0238513 -1.13544 -0.150392 0.988359 0.022993 1.28051 0.027044 -0.019136 0.999451 0.355868 0 0 0 1 
2318808360186;0.32371;0.324352;0.998398 -0.00647963 -0.0562176 -0.295504 0.00558885 0.999857 -0.015988 0.12792 0.0563131 0.0156482 0.998291 -0.124787 0 0 0 1 
2318808360187;0.391738;0.295676;0.991652 -0.0969274 -0.0850415 0.473315 0.101145 0.993772 0.0467618 -0.458293 0.0799794 -0.0549729 0.995279 -0.329392 0 0 0 1 
2318808360188;0.250929;0.176385;0.997735 -0.06678 0.00806376 0.26694 0.0661926 0.996068 0.0588811 -0.466731 -0.0119641 -0.058214 0.998232 0.115625 0 0 0 1 
2318808360189;0.35413;0.0647608;0.954314 0.205861 -0.216576 0.0686119 -0.170568 0.970424 0.17083 1.14997 0.245338 -0.126085 0.961203 -0.709573 0 0 0 1 
2318808360190;0.38404;0.0101375;0.971203 0.0930806 0.219319 -0.591715 -0.0835448 0.995126 -0.0523805 0.599379 -0.223126 0.0325491 0.974246 0.48135 0 0 0 1 
2318808360191;0.142007;0.0112418;0.993756 -0.0613259 0.0932146 0.289965 0.0583454 0.997705 0.034373 -0.361782 -0.0951086 -0.0287198 0.995053 0.422733 0 0 0 1 
2318808360192;0.308225;0.0106719;0.997675 -0.0462847 0.0500304 -0.600412 0.0478416 0.998393 -0.0303807 -0.192247 -0.0485438 0.0327035 0.998286 0.200378 0 0 0 1 
2318808360193;0.19468;0.0111259;0.987666 0.0879584 -0.129531 -0.136761 -0.078105 0.993787 0.0792882 0.672811 0.1357 -0.0681933 0.9884 -0.671756 0 0 0 1 
2318808360194;0.35362;0.00827747;0.994932 -0.0335774 0.0947746 -0.176704 0.0316122 0.999254 0.0221615 -0.836878 -0.0954481 -0.0190531 0.995252 0.190876 0 0 0 1 
2318808360195;0.220312;0.0133363;0.994495 -0.10408 0.0121644 0.326062 0.101671 0.986491 0.128448 -0.608774 -0.025369 -0.126504 0.991642 0.11215 0 0 0 1 
2318808360196;0.321597;0.0113786;0.995196 0.0472644 0.0857412 -0.473 -0.0423002 0.997372 -0.0588191 0.641573 -0.0882959 0.0549096 0.99458 0.904779 0 0 0 1 
2318808360197;0.117422;0.00945794;0.999762 -0.00641979 0.0208483 0.155296 0.00580785 0.999554 0.0292812 -0.0520381 -0.021027 -0.0291532 0.999354 0.412078 0 0 0 1 
2318808360198;0.145591;0.0139794;0.995977 -0.0712296 -0.0543642 0.139441 0.0709868 0.997457 -0.00638611 -0.460057 0.0546808 0.00250128 0.998501 -0.570209 0 0 0 1 
2318808360199;0.334769;0.00887551;0.999997 -0.00202493 -0.00138203 -0.236924 0.0020209 0.999994 -0.00291179 -0.015008 0.00138792 0.00290899 0.999995 0.709425 0 0 0 1 
2318808360200;0.307694;0.0142226;0.968277 0.248616 -0.0250922 -0.332199 -0.246567 0.966909 0.0655171 1.90628 0.0405504 -0.0572518 0.997536 0.0745046 0 0 0 1 
2318808360201;0.28708;0.018611;0.994781 -0.101479 0.0106001 0.817326 0.101539 0.994817 -0.0053181 -0.49569 -0.0100055 0.00636668 0.99993 0.354366 0 0 0 1 
2318808360202;0.140274;0.0123433;0.990804 0.135241 -0.0042108 -0.273916 -0.135294 0.990657 -0.0171738 0.887174 0.00184886 0.0175856 0.999844 0.0924078 0 0 0 1 
2318808360203;0.354364;0.00926588;0.994144 0.0933426 -0.0544436 -0.232602 -0.0826354 0.981347 0.173576 -0.203179 0.0696301 -0.16806 0.983314 0.591236 0 0 0 1 
2318808360204;0.41534;0.29104;0.989134 -0.0394925 0.141613 -0.101096 0.0378547 0.999182 0.014242 -0.171034 -0.142059 -0.00872659 0.98982 0.790166 0 0 0 1 
2318808360205;0.260883;0.0121368;0.98948 -0.129907 -0.0636725 0.295341 0.126854 0.990667 -0.0498707 -1.07925 0.0695568 0.0412689 0.996724 -0.202135 0 0 0 1 
2318808360206;0.381649;0.245138;0.98717 -0.101626 0.123153 0.169521 0.108041 0.993056 -0.0465588 -0.488323 -0.117566 0.059267 0.991295 0.458 0 0 0 1 
2318808360207;0.376035;0.027593;0.916693 0.272974 0.291821 -0.779172 -0.255464 0.96191 -0.0973029 1.82341 -0.307266 0.0146474 0.951511 1.87094 0 0 0 1 
2318808360208;0.370049;0.00996914;0.993921 0.0128764 0.109336 -0.392534 -0.0233315 0.995214 0.0948902 -0.000940393 -0.10759 -0.0968643 0.989465 1.6705 0 0 0 1 
2318808360209;0.193142;0.00679179;0.97373 0.200584 -0.107782 -0.204912 -0.199703 0.979672 0.0190176 1.1818 0.109406 0.00300641 0.993993 -0.59477 0 0 0 1 
2318808360210;0.416709;0.291888;0.974786 -0.21777 0.0486721 0.773694 0.207701 0.965213 0.158822 -1.17376 -0.0815657 -0.144709 0.986107 0.787811 0 0 0 1 
2318808360211;0.229662;0.0142532;0.980748 -0.188594 -0.0506589 0.713035 0.195045 0.958743 0.206807 -1.34372 0.00956616 -0.212707 0.977069 0.532603 0 0 0 1 
2318808360212;0.235303;0.209892;0.999173 0.0398993 0.00779705 -0.185329 -0.039846 0.999182 -0.00687505 0.246388 -0.00806498 0.00655868 0.999946 0.000278686 0 0 0 1 
2318808360213;0.418371;0.00920699;0.969847 0.243296 0.014246 -0.84425 -0.243552 0.969674 0.0203694 1.3607 -0.00885814 -0.0232249 0.999691 0.878039 0 0 0 1 
2318808360214;0.104638;0.0104812;0.993435 0.114399 -0.000460993 -0.252977 -0.114282 0.992587 0.0413728 0.572646 0.00519056 -0.0410485 0.999144 0.00779083 0 0 0 1 
2318808360215;0.379457;0.354211;0.999552 0.00684854 -0.0291485 -0.0134992 -0.00753031 0.999699 -0.0233443 0.145593 0.0289798 0.0235533 0.999302 -0.161362 0 0 0 1 
2318808360217;0.475077;0.263175;0.978295 0.119468 -0.16931 -0.270351 -0.135772 0.986806 -0.0882007 1.03042 0.156539 0.109274 0.981608 -1.18392 0 0 0 1 
2318808360218;0.538469;0.0107491;0.946053 -0.32245 -0.0317673 2.52162 0.323549 0.93491 0.145804 -1.70751 -0.0173149 -0.148216 0.988803 1.79605 0 0 0 1 
2318808360219;0.26223;0.00464354;0.978905 -0.0594336 -0.195482 0.461726 0.0694582 0.996577 0.044827 -0.195251 0.192148 -0.0574591 0.979682 -1.11132 0 0 0 1 
2318808360220;0.178884;0.00915147;0.994162 0.0743794 0.0781664 -0.591695 -0.0650737 0.991172 -0.11551 0.67509 -0.086068 0.109749 0.990226 0.0886318 0 0 0 1 
2318808360221;0.32248;0.311319;0.993451 -0.0997988 0.0556332 0.761992 0.0979355 0.994567 0.0352758 -0.784422 -0.0588515 -0.0295964 0.997828 0.550524 0 0 0 1 
2318808360222;0.547442;0.391738;0.99948 0.0208254 -0.0246029 -0.199464 -0.0223189 0.997822 -0.0620781 0.0389707 0.0232565 0.062595 0.997768 -0.0994229 0 0 0 1 
2318808360223;0.279763;0.231258;0.999445 0.0273108 0.0190915 -0.228978 -0.0275734 0.999527 0.0136267 0.0777191 -0.0187103 -0.0141455 0.999725 0.0341173 0 0 0 1 
2318808360224;0.19078;0.0108688;0.987097 -0.156719 0.0328367 0.905913 0.158894 0.984059 -0.0798785 -0.625587 -0.0197948 0.0840654 0.996264 -0.477978 0 0 0 1 
2318808360225;0.382191;0.0119728;0.942033 0.335119 0.0164266 -1.65627 -0.325904 0.925571 -0.192627 2.7139 -0.0797569 0.176108 0.981135 -0.908154 0 0 0 1 
2318808360226;0.232462;0.00595902;0.980719 -0.194798 -0.0156133 1.19785 0.194784 0.967932 0.158641 -1.0287 -0.0157904 -0.158624 0.987213 1.26663 0 0 0 1 
2318808360227;0.121258;0.00776959;0.999988 0.000135997 0.00492066 -0.00693494 -0.000156548 0.999991 0.00417645 0.0144715 -0.00492005 -0.00417717 0.999979 -0.168718 0 0 0 1 
2318808360228;0.342472;0.333132;0.999859 0.0166516 -0.00216538 -0.188844 -0.0166885 0.999693 -0.0183226 0.108728 0.00185962 0.0183561 0.99983 -0.142189 0 0 0 1 
2318808360229;0.411101;0.0130357;0.983217 -0.000736461 0.182439 -0.465808 0.0224256 0.992896 -0.11685 -0.0235921 -0.181057 0.11898 0.976249 1.06622 0 0 0 1 
2318808360230;0.270984;0.233239;0.98261 -0.183708 -0.0269948 1.46208 0.183954 0.982911 0.00690896 -1.27379 0.0252642 -0.0117546 0.999612 -0.279648 0 0 0 1 
2318808360231;0.448163;0.261074;0.999051 0.0198 0.0388027 -0.736534 -0.0148937 0.992309 -0.122883 0.0308265 -0.0409374 0.122189 0.991662 -0.535639 0 0 0 1 
2318808360232;0.480703;0.00764491;0.993296 -0.107131 -0.0434367 0.904682 0.104723 0.993015 -0.0543603 -0.386573 0.0489569 0.049447 0.997576 -1.44823 0 0 0 1 
2318808360233;0.538633;0.438157;0.996436 0.0715806 0.0446155 -0.63199 -0.0683578 0.995202 -0.0699964 0.479383 -0.0494118 0.0666972 0.996549 -0.336616 0 0 0 1 
2318808360234;0.46577;0.00875264;0.998181 -0.0571383 0.0192393 0.349509 0.0572027 0.998359 -0.00281749 0.528977 -0.0190468 0.0039129 0.999811 0.245676 0 0 0 1 
2318808360235;0.501727;0.0100833;0.998458 0.0355269 -0.0426461 -0.152817 -0.0348875 0.999269 0.0156453 0.188288 0.0431707 -0.0141333 0.998968 -1.14224 0 0 0 1 
2318808360236;0.219286;0.0114596;0.975101 0.189028 -0.115955 -0.803083 -0.19014 0.981756 0.00149344 1.38121 0.114122 0.0205914 0.993253 -1.06572 0 0 0 1 
2318808360237;0.1427;0.00456789;0.998087 -0.0610711 -0.00957787 0.240842 0.0604734 0.996728 -0.0536258 -0.26537 0.0128215 0.052944 0.998515 -0.579978 0 0 0 1 
2318808360238;0.478527;0.397625;0.994901 -0.0350232 -0.0945793 0.277294 0.0305459 0.998362 -0.0483785 -0.127552 0.0961188 0.0452428 0.994341 -0.95754 0 0 0 1 
2318808360239;0.07712;0.0130606;0.998808 0.0232825 -0.0428961 -0.133305 -0.0247117 0.999147 -0.0330937 0.203635 0.042089 0.0341143 0.998531 -0.57055 0 0 0 1 
2318808360240;0.277432;0.00955589;0.964668 0.0359969 0.260997 -0.385051 -0.0659351 0.992084 0.106873 0.220636 -0.255084 -0.120306 0.959405 2.54692 0 0 0 1 
2318808360241;0.414755;0.237779;0.983794 0.0650951 -0.16707 0.0164715 -0.0553327 0.996514 0.0624425 0.241986 0.170552 -0.0521861 0.983966 -0.642367 0 0 0 1 
2318808360242;0.207147;0.0149305;0.98729 -0.1576 -0.0204988 1.1012 0.157923 0.987334 0.0152276 -1.21683 0.0178393 -0.0182713 0.999674 0.08014 0 0 0 1 
2318808360243;0.526989;0.542084;0.999963 0.0065545 -0.00558111 0.0222699 -0.00639733 0.999595 0.0277264 -0.0751082 0.00576059 -0.0276897 0.9996 0.110922 0 0 0 1 
2318808360244;0.293823;0.00951175;0.996313 0.067868 0.0524895 -0.389657 -0.0727567 0.992558 0.0976488 0.38315 -0.0454717 -0.101108 0.993836 1.41907 0 0 0 1 
2318808360245;0.161157;0.00919981;0.999055 -0.04329 0.00387562 0.25501 0.0433845 0.998636 -0.029036 -0.345969 -0.00261337 0.0291767 0.999571 -0.416748 0 0 0 1 
2318808360246;0.48133;0.0130283;0.947247 -0.00764201 0.320412 0.0533383 -0.0537251 0.981784 0.182246 -0.22845 -0.315969 -0.189846 0.929582 2.6491 0 0 0 1 
2318808360248;0.277285;0.0100846;0.999853 -0.0139091 -0.0100404 0.0522215 0.0142543 0.99928 0.0351731 0.260706 0.00954393 -0.0353111 0.999331 0.555809 0 0 0 1 
2318808360249;0.346523;0.204578;0.989365 0.127211 0.070524 -0.145111 -0.131176 0.989845 0.0547678 0.448317 -0.0628408 -0.0634365 0.996005 0.531862 0 0 0 1 
2318808360250;0.347649;0.0157169;0.96319 -0.189936 0.190234 0.0604791 0.198204 0.979836 -0.0252422 -1.60672 -0.181604 0.0620183 0.981414 1.22687 0 0 0 1 
2318808360251;0.136295;0.0113743;0.997143 0.0304124 -0.0691507 0.0425984 -0.0200798 0.989157 0.145483 -0.054075 0.0728254 -0.143678 0.986941 -0.508843 0 0 0 1 
2318808360252;0.263745;0.230456;0.999361 -0.0310313 -0.0177505 0.0263437 0.0312084 0.999465 0.00978792 -0.248306 0.0174373 -0.0103356 0.999795 -0.0627545 0 0 0 1 
2318808360253;0.38952;0.208347;0.995591 -0.0806546 0.0478949 -0.490701 0.081431 0.996574 -0.0144842 -0.386649 -0.0465626 0.0183205 0.998747 0.230258 0 0 0 1 
2318808360254;0.304973;0.0086118;0.994324 -0.106348 0.00315185 0.657848 0.106233 0.99401 0.0256601 -0.431644 -0.00586188 -0.0251797 0.999666 -0.412319 0 0 0 1 
2318808360255;0.467336;0.235102;0.991337 -0.122106 -0.0483917 0.0499116 0.118798 0.99071 -0.0661884 -0.478425 0.0560241 0.0598661 0.996633 0.317588 0 0 0 1 
2318808360256;0.501332;0.371616;0.999293 0.0373928 -0.00392797 -0.161805 -0.0366786 0.992476 0.116816 -0.166861 0.00826651 -0.11659 0.993146 0.0104268 0 0 0 1 
2318808360257;0.448145;0.21838;0.973931 0.19611 0.114017 0.377183 -0.197917 0.980208 0.00463608 0.749744 -0.110852 -0.0270812 0.993468 0.466353 0 0 0 1 
2318808360258;0.160463;0.013013;0.986544 -0.12067 -0.110319 0.358412 0.124036 0.991984 0.0241514 -0.639358 0.106521 -0.03751 0.993603 -0.703213 0 0 0 1 
