#;prob_registration_l1 -r /home/probabilistic_point_clouds_registration/build/tester /home/point_clouds_registration_benchmark/apartment_local.txt /home/point_clouds_registration_benchmark/apartment -s 0.2 -t 0.2 -p 0.3 -r 1000 -m 5 -i 40 
id;initial_error;final_error;transformation
13001298760000;0.820981;1.82589;0.923662 0.372909 0.0882459 -0.778391 -0.36328 0.925389 -0.108088 -1.10222 -0.121969 0.0677787 0.990217 0.192067 0 0 0 1 
13001298760001;0.68771;1.67162;0.867713 0.488887 0.0898009 0.118253 -0.494516 0.830776 0.255471 -0.974605 0.0502921 -0.266083 0.962637 0.456507 0 0 0 1 
13001298760002;0.636186;1.74917;0.974067 0.161456 -0.158511 0.126727 -0.12608 0.969043 0.212273 -1.84217 0.187877 -0.186783 0.964269 -0.988348 0 0 0 1 
13001298760003;0.411513;1.89658;0.994829 -0.0194149 0.099693 0.0532184 -0.00217208 0.977268 0.211995 -2.39788 -0.101543 -0.211115 0.972173 -0.0543501 0 0 0 1 
13001298760004;0.857932;1.68609;0.886823 0.406891 -0.219055 0.241688 -0.428269 0.901733 -0.0588528 -0.632185 0.173583 0.146007 0.973936 0.54795 0 0 0 1 
13001298760005;0.460674;1.64885;0.876376 0.48097 0.0251413 0.335529 -0.479857 0.876437 -0.0399468 -0.798298 -0.041248 0.0229442 0.998885 0.488328 0 0 0 1 
13001298760006;0.655521;1.69898;0.956276 0.291341 0.0256283 -0.52941 -0.291614 0.956506 0.00759159 -0.832802 -0.0223019 -0.0147332 0.999643 0.396016 0 0 0 1 
13001298760007;0.308888;1.71369;0.879995 0.29015 0.376061 0.0186701 -0.338707 0.93839 0.0685694 -1.03829 -0.332997 -0.187715 0.924054 1.16579 0 0 0 1 
13001298760008;0.466988;1.77197;0.952394 0.289397 0.095887 -0.219613 -0.287482 0.957199 -0.033525 -1.4701 -0.101485 0.00436325 0.994827 0.10509 0 0 0 1 
13001298760009;0.423945;1.77507;0.957686 0.277716 0.0755727 -0.137333 -0.247405 0.928506 -0.276889 -0.973122 -0.147066 0.246476 0.957925 0.122864 0 0 0 1 
13001298760010;0.258498;1.72343;0.962627 0.26973 -0.0243832 0.112998 -0.270702 0.955504 -0.117189 -0.84113 -0.00831124 0.11941 0.99281 0.272197 0 0 0 1 
13001298760011;0.784351;1.74135;0.952934 0.296616 0.0627353 0.0142651 -0.302613 0.917943 0.256528 -1.11264 0.0185031 -0.263439 0.964499 -0.708787 0 0 0 1 
13001298760012;0.622128;1.63111;0.963374 0.268055 -0.00750447 0.235009 -0.267992 0.961403 -0.0623221 -1.58729 -0.00949094 0.0620507 0.998028 0.35336 0 0 0 1 
13001298760013;0.398004;1.68981;0.896428 0.410758 0.166414 0.170238 -0.361623 0.895001 -0.261156 -0.729592 -0.256213 0.173928 0.950844 1.21416 0 0 0 1 
13001298760014;0.755219;1.21269;0.981834 0.16998 -0.0843084 0.662145 -0.16076 0.981262 0.106216 -0.543552 0.100783 -0.0907336 0.990762 -0.936503 0 0 0 1 
13001298760015;0.388158;1.70999;0.925924 0.345694 -0.152183 0.384704 -0.348318 0.937324 0.00992542 -0.591283 0.146076 0.0438179 0.988303 -0.175682 0 0 0 1 
13001298760016;0.851768;1.68793;0.956058 0.293124 0.00552726 0.54311 -0.291886 0.953449 -0.0757394 -0.440746 -0.027471 0.0707979 0.997112 0.736581 0 0 0 1 
13001298760017;0.399547;1.69821;0.927749 0.372587 -0.021458 0.308346 -0.372603 0.921458 -0.109919 -0.849123 -0.0211819 0.109973 0.993709 0.49404 0 0 0 1 
13001298760018;0.820633;1.66317;0.922056 0.312951 -0.227759 0.133041 -0.336927 0.938591 -0.0743461 -0.902629 0.190505 0.145289 0.970875 0.442794 0 0 0 1 
13001298760019;0.329854;1.70133;0.990552 0.099533 -0.0943426 0.0937744 -0.100134 0.994973 -0.00165024 -1.87349 0.093704 0.0110816 0.995538 -0.26389 0 0 0 1 
13001298760020;0.847185;1.72566;0.969369 0.245569 0.00440726 -0.489941 -0.24396 0.964782 -0.0983837 -0.902166 -0.028412 0.094295 0.995139 0.976273 0 0 0 1 
13001298760021;0.886722;1.76881;0.867083 0.475704 -0.147898 0.452245 -0.42044 0.858048 0.294931 -1.54873 0.267203 -0.193547 0.944003 -1.20484 0 0 0 1 
13001298760022;0.59893;1.79676;0.929901 0.2737 -0.24571 0.432937 -0.205906 0.940918 0.268842 -1.54267 0.304775 -0.199403 0.931317 -1.29134 0 0 0 1 
13001298760023;0.367247;1.79239;0.992665 0.110367 0.0493592 -0.156974 -0.111768 0.993378 0.0265931 -1.93666 -0.0460973 -0.0319148 0.998427 -0.0112221 0 0 0 1 
13001298760024;0.0968236;1.81273;0.988617 0.145669 0.037642 -0.167112 -0.142906 0.987405 -0.0678901 -1.56606 -0.0470574 0.061738 0.996982 0.28028 0 0 0 1 
13001298760025;0.689632;1.64644;0.980407 0.18624 0.0641611 -0.195463 -0.15173 0.921716 -0.356955 -0.818771 -0.125618 0.340226 0.931915 0.912696 0 0 0 1 
13001298760026;0.452516;1.87247;0.987888 0.140141 0.0666128 0.144427 -0.149375 0.975119 0.163798 -1.36896 -0.0420005 -0.171765 0.984242 0.082342 0 0 0 1 
13001298760027;0.353163;1.895;0.938439 -0.0208798 0.344812 0.0752087 -0.0960062 0.943083 0.318397 -2.02748 -0.331835 -0.331901 0.883022 0.771239 0 0 0 1 
13001298760028;0.770166;1.73991;0.993264 -0.0791856 0.0845918 -0.846222 0.0918549 0.983115 -0.158262 -1.70067 -0.0706314 0.164966 0.983767 0.127938 0 0 0 1 
13001298760029;0.444231;1.81018;0.91234 0.357105 0.20028 0.296307 -0.364284 0.931287 -0.00108296 -1.22689 -0.186905 -0.0719705 0.979738 0.827515 0 0 0 1 
13001298760031;1.0814;0.975417;0.982923 -0.128328 0.131887 -0.599502 0.137762 0.988327 -0.0650481 -0.54194 -0.122 0.0821063 0.989128 0.614736 0 0 0 1 
13001298760032;0.762366;0.999878;0.967416 -0.237939 -0.086549 -1.32982 0.24059 0.970389 0.0214619 -0.971014 0.0788796 -0.0415855 0.996016 -0.735395 0 0 0 1 
13001298760033;0.562268;0.840331;0.969826 -0.220197 -0.104649 -1.17203 0.20991 0.972495 -0.100957 -0.774441 0.124001 0.0759436 0.989372 0.129533 0 0 0 1 
13001298760034;0.913227;0.954605;0.973846 -0.213134 -0.0787308 -1.23838 0.178487 0.932033 -0.315369 -0.541111 0.140596 0.293069 0.945697 0.600169 0 0 0 1 
13001298760035;0.190074;0.729109;0.989511 0.0942737 -0.109453 -0.234259 -0.0872353 0.993904 0.0674142 0.234782 0.115141 -0.057159 0.991703 -0.493859 0 0 0 1 
13001298760036;1.3176;1.01913;0.922249 -0.383464 -0.0491156 -2.07835 0.386087 0.907046 0.167942 -1.08884 -0.0198496 -0.173847 0.984573 -0.24139 0 0 0 1 
13001298760037;0.408209;0.868148;0.996803 0.0733566 -0.0316709 -0.624836 -0.0767743 0.989143 -0.125311 0.423925 0.0221347 0.127342 0.991612 0.147666 0 0 0 1 
13001298760038;0.799177;1.00725;0.998897 -0.046166 -0.00855136 -0.326412 0.0469453 0.984964 0.16626 -0.617314 0.000747238 -0.166478 0.986045 -0.226452 0 0 0 1 
13001298760039;0.512139;0.618404;0.999446 -0.0129622 -0.0306524 -0.458293 0.0119279 0.999361 -0.0336871 -0.123089 0.0310695 0.0333028 0.998962 0.391943 0 0 0 1 
13001298760040;0.790161;1.20194;0.99718 -0.0746387 0.007852 -0.813643 0.0746674 0.997203 -0.0034181 -0.268458 -0.00757491 0.00399475 0.999963 -0.413445 0 0 0 1 
13001298760041;0.304867;0.931848;0.975555 -0.178173 0.128635 -1.03256 0.1868 0.980663 -0.0583566 -0.497634 -0.11575 0.0809593 0.989973 0.527061 0 0 0 1 
13001298760042;0.323258;0.753107;0.999588 0.0238217 -0.01602 -0.42606 -0.0234271 0.999428 0.0243835 -0.089948 0.0165917 -0.0239981 0.999574 0.0057509 0 0 0 1 
13001298760043;1.1294;0.712133;0.937558 -0.342389 -0.0612727 -1.00207 0.345587 0.896987 0.27565 -2.08404 -0.0394187 -0.279613 0.959303 -0.720142 0 0 0 1 
13001298760044;0.672602;0.830504;0.98341 -0.122511 0.133778 -1.22017 0.128291 0.991103 -0.0354446 -0.33539 -0.128245 0.0520191 0.990377 0.238178 0 0 0 1 
13001298760045;0.603165;0.408021;0.99602 0.0482063 0.0749753 0.121419 -0.0480661 0.998837 -0.00367428 0.0580953 -0.0750653 5.58895e-05 0.997179 -0.033495 0 0 0 1 
13001298760046;0.435224;0.822429;0.910054 0.0814778 -0.406403 0.143626 -0.104409 0.993935 -0.0345327 0.411769 0.401124 0.0738587 0.913041 -0.983956 0 0 0 1 
13001298760047;1.03472;0.701634;0.997815 -0.0611996 0.0249157 -0.762222 0.0534025 0.96896 0.241381 -0.715963 -0.0389147 -0.239523 0.970111 -0.974124 0 0 0 1 
13001298760048;1.38851;0.611079;0.996252 0.0614004 0.0609196 -0.18807 -0.0813113 0.904985 0.417602 -0.782861 -0.0294904 -0.42099 0.906586 -1.32992 0 0 0 1 
13001298760049;0.308211;0.668206;0.990455 0.0981921 -0.0967375 -0.353256 -0.0900807 0.992307 0.0849292 0.187002 0.104333 -0.0754044 0.99168 -0.476027 0 0 0 1 
13001298760050;0.383404;0.772305;0.996565 -0.0828078 -0.000766739 -0.971834 0.0827342 0.995993 -0.0339514 -0.348289 0.00357511 0.0337713 0.999423 0.161665 0 0 0 1 
13001298760051;1.39486;1.00304;0.902941 -0.405933 0.141124 -2.28661 0.416892 0.907093 -0.0581708 -1.75668 -0.104399 0.111358 0.988281 0.676454 0 0 0 1 
13001298760052;0.390791;0.747363;0.999599 -0.0258029 -0.0116952 -0.81614 0.0256803 0.999615 -0.0105173 -0.259709 0.0119621 0.0102128 0.999876 -0.0235045 0 0 0 1 
13001298760053;0.738841;0.639621;0.963143 0.268924 0.00595897 0.64768 -0.268118 0.958003 0.1017 0.694172 0.0216408 -0.0995493 0.994797 -0.0485442 0 0 0 1 
13001298760054;0.290741;0.830033;0.981281 -0.192423 -0.00775922 -1.03436 0.192167 0.981022 -0.0258316 -0.584283 0.0125826 0.023857 0.999636 -0.0932811 0 0 0 1 
13001298760055;0.983527;0.47496;0.981392 -0.0770595 0.175875 -1.0319 0.0948945 0.99091 -0.0953496 -0.0794681 -0.166929 0.110265 0.979784 1.0044 0 0 0 1 
13001298760056;0.893456;0.927775;0.988422 -0.151641 0.00522269 -0.392094 0.151702 0.988318 -0.0146463 -0.753442 -0.0029407 0.015269 0.999879 -0.107252 0 0 0 1 
13001298760057;1.32906;0.898109;0.997121 0.0521692 0.0550271 -0.0985617 -0.0531924 0.998434 0.0172971 0.635669 -0.0540386 -0.0201743 0.998335 -0.435759 0 0 0 1 
13001298760058;1.04418;1.0908;0.931145 -0.325627 0.164121 -1.44857 0.321501 0.945488 0.0518673 -1.11173 -0.172064 0.0044691 0.985076 -0.0938225 0 0 0 1 
13001298760059;1.02726;0.876115;0.997855 0.00850702 -0.0649052 -0.168244 0.00702445 0.971879 0.235377 -0.420642 0.0650824 -0.235328 0.969735 -1.20934 0 0 0 1 
13001298760060;1.18019;0.457214;0.993637 -0.0924924 -0.0642772 -0.515957 0.102203 0.980234 0.1694 -1.28418 0.0473385 -0.174891 0.983449 -0.331943 0 0 0 1 
13001298760062;0.42647;2.13483;0.935464 -0.352619 0.0238193 -0.900728 0.349481 0.932966 0.0862435 -0.115061 -0.0526337 -0.0723533 0.995989 0.249489 0 0 0 1 
13001298760063;0.820769;2.08234;0.91521 -0.398088 0.0625801 -0.630472 0.398771 0.917049 0.00171276 -0.0559297 -0.0580708 0.0233876 0.998038 0.907192 0 0 0 1 
13001298760064;0.637796;2.09114;0.98434 -0.173821 0.0293555 -0.629272 0.175163 0.983168 -0.051938 0.847909 -0.0198335 0.0562666 0.998219 0.705797 0 0 0 1 
13001298760065;1.32441;2.19375;0.870886 -0.415707 -0.262193 -0.457813 0.481799 0.827484 0.288341 -0.893983 0.0970952 -0.377436 0.920931 -2.08753 0 0 0 1 
13001298760066;0.832986;2.087;0.870494 -0.489411 0.0521284 -0.970206 0.492159 0.866541 -0.0829888 -0.107214 -0.00455573 0.0978967 0.995186 0.637124 0 0 0 1 
13001298760067;0.500971;2.05768;0.813309 -0.580464 0.0398688 -0.907766 0.580885 0.806169 -0.112534 -1.00871 0.0331807 0.114684 0.992848 -0.00911977 0 0 0 1 
13001298760068;1.1413;2.15403;0.833848 -0.523452 0.175202 -1.44909 0.500795 0.850886 0.158736 -0.234447 -0.232168 -0.0446215 0.971652 1.18553 0 0 0 1 
13001298760069;0.277143;2.00068;0.942526 -0.296497 -0.154057 -0.511362 0.31888 0.935899 0.149694 -0.0143849 0.0997984 -0.190216 0.976657 -0.806359 0 0 0 1 
13001298760070;1.31041;2.19113;0.901268 -0.409977 0.140125 -1.05731 0.421105 0.904978 -0.0607166 -0.199052 -0.101917 0.113729 0.988271 -0.116677 0 0 0 1 
13001298760071;0.311671;2.08942;0.715118 -0.670798 -0.196562 -0.717152 0.689333 0.723381 0.0392367 -1.86241 0.11587 -0.163556 0.979706 -0.809583 0 0 0 1 
13001298760072;0.364438;2.32322;0.821762 -0.564792 0.0756053 -1.10205 0.569074 0.820249 -0.0578473 -0.682443 -0.0293435 0.0905618 0.995458 0.600782 0 0 0 1 
13001298760073;1.33186;2.11003;0.743898 -0.563797 0.358814 -1.2799 0.649151 0.737187 -0.187502 -0.83212 -0.1588 0.372408 0.914382 1.28002 0 0 0 1 
13001298760074;0.375476;2.11767;0.763751 -0.565768 -0.310791 -0.561574 0.485519 0.820771 -0.301009 -0.58744 0.425389 0.0790014 0.901556 -1.20986 0 0 0 1 
13001298760075;0.892832;1.99917;0.898361 -0.369762 0.237115 -0.640875 0.402275 0.909357 -0.106039 -0.344108 -0.176413 0.190646 0.965677 1.89314 0 0 0 1 
13001298760076;0.49285;2.06721;0.825777 -0.561263 0.0554587 -1.23912 0.563996 0.821638 -0.0825821 -1.03679 0.000783254 0.0994729 0.99504 0.163214 0 0 0 1 
13001298760077;1.25077;2.13258;0.920958 -0.388814 0.0257109 -1.29683 0.389 0.921234 -0.00249518 0.129632 -0.0227156 0.0122995 0.999666 0.944744 0 0 0 1 
13001298760078;0.873453;2.06553;0.919006 -0.36659 -0.145048 -0.881176 0.370723 0.928742 0.00157655 0.161472 0.134135 -0.0552216 0.989423 -1.02208 0 0 0 1 
13001298760079;0.135451;2.09584;0.919394 -0.393296 -0.00574489 -0.821134 0.39191 0.917203 -0.0717342 -0.143285 0.033482 0.0637005 0.997407 0.152877 0 0 0 1 
13001298760080;0.477523;2.16672;0.635143 -0.712919 0.297221 -0.797737 0.638748 0.701154 0.316834 -1.91102 -0.434275 -0.0113857 0.900709 1.58321 0 0 0 1 
13001298760081;0.486196;2.10925;0.930714 -0.210856 -0.298851 -0.176215 0.207289 0.977291 -0.0439719 0.524066 0.301336 -0.0210232 0.953286 -0.995224 0 0 0 1 
13001298760082;0.60999;3.27939;0.738631 0.673702 -0.0234582 2.50978 -0.666552 0.72471 -0.174656 3.72243 -0.100666 0.144642 0.98435 0.684329 0 0 0 1 
13001298760083;0.578912;2.11617;0.743473 -0.666461 -0.0554741 -0.61105 0.649825 0.700324 0.295421 -1.99054 -0.158037 -0.255686 0.953755 -0.0167221 0 0 0 1 
13001298760084;0.295038;2.07208;0.984522 -0.162124 0.0665834 -0.448753 0.165849 0.984625 -0.0548353 0.797123 -0.0566696 0.0650293 0.996273 0.470406 0 0 0 1 
13001298760085;0.331689;2.21699;0.939268 -0.342446 -0.0225105 -0.757746 0.34179 0.927524 0.151256 -0.0925215 -0.0309181 -0.149764 0.988238 -0.115617 0 0 0 1 
13001298760086;0.698459;2.05093;0.895386 -0.441683 0.0565685 -1.03585 0.44408 0.895079 -0.0403312 -0.708226 -0.0328197 0.0612329 0.997584 0.780116 0 0 0 1 
13001298760087;0.67213;2.07509;0.781336 -0.541797 -0.30979 -0.367633 0.511933 0.840291 -0.178428 -0.642201 0.356986 -0.0191795 0.933913 -1.56429 0 0 0 1 
13001298760088;0.268562;2.0667;0.793942 -0.548285 -0.262752 -0.651552 0.531859 0.835711 -0.136795 -0.87535 0.294587 -0.0311395 0.955117 -0.983643 0 0 0 1 
13001298760089;1.15866;2.06974;0.668279 -0.660103 0.343026 -1.31292 0.706537 0.707518 -0.0149524 -1.9336 -0.232827 0.252353 0.939207 2.11324 0 0 0 1 
13001298760090;0.714198;2.18506;0.895431 -0.44326 -0.0415132 -1.14623 0.444988 0.893981 0.0527563 -0.525469 0.0137273 -0.0657126 0.997744 0.32064 0 0 0 1 
13001298760091;1.1529;2.13175;0.914853 -0.401555 -0.0423934 -0.865371 0.39941 0.915352 -0.0510218 -0.477836 0.059293 0.0297452 0.997797 -0.796437 0 0 0 1 
13001298760093;1.04775;1.19483;0.714498 -0.601929 0.356615 -0.505978 0.600901 0.789031 0.127864 -2.7879 -0.358345 0.122931 0.92546 0.615993 0 0 0 1 
13001298760094;1.11373;1.20307;0.925187 -0.379459 -0.00632617 0.0897823 0.379504 0.924935 0.0217055 -2.0954 -0.00238505 -0.0224825 0.999744 -1.04775 0 0 0 1 
13001298760095;0.293853;1.26937;0.93375 -0.226472 0.277166 0.356418 0.274846 0.94973 -0.149909 -1.37767 -0.229283 0.216156 0.949055 1.45398 0 0 0 1 
13001298760096;0.895384;1.15388;0.913954 -0.391292 0.107604 0.673074 0.395068 0.918522 -0.0154606 -1.9904 -0.0927871 0.0566412 0.994074 0.366826 0 0 0 1 
13001298760097;0.339617;1.22979;0.917756 -0.394918 -0.0420052 0.147036 0.391505 0.917409 -0.071304 -1.82093 0.0666952 0.0489944 0.99657 -0.364713 0 0 0 1 
13001298760098;0.188558;1.18912;0.949974 -0.291628 -0.111812 0.268372 0.291769 0.956364 -0.0154638 -1.49407 0.111442 -0.017933 0.993609 -0.522687 0 0 0 1 
13001298760099;0.958706;1.24173;0.939729 -0.133296 0.314867 0.544125 0.159682 0.985378 -0.0594257 -1.65894 -0.302342 0.106123 0.947274 0.779762 0 0 0 1 
13001298760100;0.754489;1.17427;0.986051 -0.164754 -0.0236357 0.140895 0.158874 0.974015 -0.161414 -1.04075 0.0496151 0.155407 0.986604 0.719138 0 0 0 1 
13001298760101;0.427244;1.2093;0.997165 -0.0198873 0.0725752 1.01872 0.0237413 0.998332 -0.0526338 -0.534973 -0.0714073 0.0542076 0.995973 0.148623 0 0 0 1 
13001298760102;0.55757;1.11507;0.992093 -0.0886314 -0.0888627 0.536299 0.0857433 0.995673 -0.0358158 -0.716925 0.0916526 0.0279132 0.9954 -0.102248 0 0 0 1 
13001298760103;0.502682;1.14693;0.948989 -0.314181 -0.0266292 0.0300174 0.312111 0.948008 -0.0621891 -1.10565 0.0447834 0.0507055 0.997709 0.0786664 0 0 0 1 
13001298760104;0.301846;1.14037;0.736385 -0.676356 0.0167165 -0.356982 0.673646 0.730695 -0.110842 -3.10689 0.0627539 0.0928833 0.993697 -0.029413 0 0 0 1 
13001298760105;0.905526;1.22778;0.994876 -0.0942519 -0.0365719 0.651969 0.0907089 0.991915 -0.0887494 -0.806618 0.044641 0.0849773 0.995382 -0.646777 0 0 0 1 
13001298760106;0.994487;1.2822;0.770718 -0.628756 0.103244 -0.132737 0.635859 0.769375 -0.0612021 -3.74501 -0.0409524 0.112818 0.992771 0.892122 0 0 0 1 
13001298760107;0.0362635;1.20004;0.919072 -0.393722 0.0170017 -0.0537683 0.393936 0.916656 -0.0675022 -1.83411 0.0109924 0.068737 0.997574 0.0838737 0 0 0 1 
13001298760108;1.01768;1.29974;0.852193 -0.514809 -0.0934779 0.0422122 0.510642 0.857263 -0.0659086 -2.30395 0.114066 0.00843311 0.993437 -1.21335 0 0 0 1 
13001298760109;0.830454;1.14675;0.864185 -0.501996 0.0344093 -0.1327 0.503156 0.862704 -0.0507529 -2.18804 -0.00420734 0.0611731 0.998118 -0.561788 0 0 0 1 
13001298760110;0.923517;1.19352;0.92753 -0.366708 -0.0721961 -0.381837 0.347692 0.917478 -0.193248 -1.67307 0.137104 0.154142 0.97849 0.444327 0 0 0 1 
13001298760111;0.26829;1.29918;0.744254 -0.653029 0.140135 -0.279077 0.664012 0.746051 -0.0499562 -3.15536 -0.0719252 0.130232 0.988871 0.513376 0 0 0 1 
13001298760112;0.495558;1.08093;0.973299 -0.11409 -0.199178 0.499481 0.126668 0.990605 0.0515494 -0.459202 0.191426 -0.0754024 0.978606 -0.987904 0 0 0 1 
13001298760113;0.269314;1.09276;0.985025 -0.161044 0.0615672 0.276611 0.164605 0.984657 -0.0579341 -0.982904 -0.0512927 0.0672008 0.99642 0.125828 0 0 0 1 
13001298760114;0.734561;1.14927;0.748862 -0.660294 0.0567215 -0.756819 0.661309 0.738924 -0.12908 -2.62428 0.0433182 0.134174 0.990011 0.203148 0 0 0 1 
13001298760115;0.321726;1.26987;0.924412 -0.381389 -0.00216178 0.00996847 0.38058 0.922793 -0.0601008 -1.91374 0.0249166 0.0547352 0.99819 -0.185126 0 0 0 1 
13001298760116;1.15818;1.20978;0.974484 -0.15329 0.163962 1.06428 0.162228 0.985838 -0.0425044 -0.598791 -0.155124 0.068019 0.985551 0.784504 0 0 0 1 
13001298760117;0.977589;1.15652;0.900405 -0.42787 -0.0787297 -0.121759 0.416359 0.899965 -0.129258 -2.12502 0.126159 0.0836043 0.988481 0.560227 0 0 0 1 
13001298760118;0.349631;1.10842;0.99551 0.00209588 0.0946283 0.712762 0.00837412 0.993884 -0.110111 -0.522258 -0.0942803 0.110409 0.989404 0.453856 0 0 0 1 
13001298760119;0.966956;1.18057;0.77269 -0.587798 -0.239674 0.129324 0.587399 0.805226 -0.0810772 -2.48902 0.240649 -0.078137 0.967462 -1.70898 0 0 0 1 
13001298760120;0.820899;1.09754;0.986489 -0.163692 0.00672385 0.706637 0.163562 0.981702 -0.0975159 -1.09481 0.00936173 0.0972981 0.995211 0.635904 0 0 0 1 
13001298760121;0.247186;1.19662;0.921796 -0.387675 0.000309839 -0.0395643 0.38592 0.917547 -0.0957778 -1.66548 0.0368464 0.0884072 0.995403 0.236069 0 0 0 1 
13001298760122;0.958553;1.19686;0.966322 -0.255775 -0.0282997 0.725537 0.254687 0.966313 -0.0370746 -1.91651 0.0368291 0.0286185 0.998912 0.0835783 0 0 0 1 
13001298760124;1.10954;1.00326;0.992226 0.0264161 0.121612 0.44968 -0.0481181 0.982645 0.179147 -0.163456 -0.114769 -0.183606 0.976277 -0.218754 0 0 0 1 
13001298760125;0.573277;0.263927;0.934002 0.0123233 -0.357054 0.72722 0.116614 0.934152 0.337286 -0.769346 0.337699 -0.356663 0.871063 -2.82675 0 0 0 1 
13001298760126;0.254431;0.2508;0.977564 0.0916024 -0.189677 0.601727 -0.0792291 0.994265 0.0718355 0.295414 0.19517 -0.0551959 0.979215 -0.829996 0 0 0 1 
13001298760127;0.992788;0.955218;0.986355 0.109227 -0.123179 0.56936 -0.09289 0.986972 0.131366 0.13849 0.135923 -0.118131 0.983651 -0.926501 0 0 0 1 
13001298760128;0.0799235;0.247771;0.999786 0.013253 -0.0158712 0.126552 -0.0134532 0.99983 -0.0125755 0.145438 0.0157019 0.0127863 0.999795 0.161254 0 0 0 1 
13001298760129;0.127861;0.273336;0.99526 -0.0733466 -0.0638594 0.00270037 0.073788 0.997263 0.00457875 -0.110391 0.0633488 -0.00926911 0.997948 -0.153546 0 0 0 1 
13001298760130;0.557579;0.262816;0.961525 -0.264456 -0.0743816 -0.622271 0.268666 0.961737 0.0536697 -1.38827 0.0573423 -0.0715886 0.995785 0.102618 0 0 0 1 
13001298760131;0.697726;0.243594;0.979925 -0.199261 -0.00645453 0.0308966 0.198756 0.978947 -0.0464554 -1.22355 0.0155754 0.0442399 0.9989 0.345457 0 0 0 1 
13001298760132;0.915785;0.232383;0.974726 -0.0237238 0.222141 0.0533723 0.0114067 0.998334 0.056567 0.0732637 -0.223113 -0.0526034 0.973372 0.19184 0 0 0 1 
13001298760133;0.526097;0.228945;0.996797 0.0372001 0.0707972 0.120898 -0.0428249 0.995901 0.0796649 0.338994 -0.0675434 -0.0824416 0.994304 0.664423 0 0 0 1 
13001298760134;0.640051;0.23988;0.992613 -0.0635421 -0.103353 0.176811 0.0655088 0.997728 0.0157438 0.0312481 0.102118 -0.0223981 0.99452 0.113176 0 0 0 1 
13001298760135;0.744448;0.25044;0.945021 0.292784 -0.145646 1.44611 -0.291455 0.956086 0.0308697 1.38002 0.148289 0.0132768 0.988855 0.0340761 0 0 0 1 
13001298760136;0.470128;0.248805;0.997026 0.066052 -0.0396963 0.0078631 -0.0637869 0.9964 0.0558485 0.329116 0.0432422 -0.0531504 0.99765 -0.479696 0 0 0 1 
13001298760137;0.306436;0.250926;0.965841 0.0288913 0.257518 0.102568 0.0132693 0.986948 -0.160495 0.0798289 -0.258794 0.158429 0.952852 1.97528 0 0 0 1 
13001298760138;0.926249;0.251012;0.998849 -0.0448443 -0.0170161 -0.397165 0.0447643 0.998985 -0.00505259 -0.531233 0.0172254 0.00428506 0.999842 -0.544513 0 0 0 1 
13001298760139;0.738974;0.297968;0.993916 0.107996 -0.0216134 0.435575 -0.108226 0.994079 -0.00974225 0.627699 0.0204333 0.0120221 0.999719 0.739551 0 0 0 1 
13001298760140;1.02616;0.232827;0.995743 0.0401039 -0.0829966 -0.0210785 -0.0363072 0.998246 0.0467596 -0.0451826 0.0847263 -0.0435472 0.995452 -1.22864 0 0 0 1 
13001298760141;0.897713;0.274569;0.946361 -0.251178 0.203249 -0.787253 0.273833 0.95738 -0.0918696 -1.60799 -0.171511 0.142598 0.974808 2.05862 0 0 0 1 
13001298760142;0.158181;0.22079;0.997251 -0.0388859 0.0630733 -0.0361997 0.0414438 0.998349 -0.0397658 0.0421153 -0.0614228 0.0422704 0.997216 0.569448 0 0 0 1 
13001298760143;0.631582;0.213627;0.960347 0.270453 -0.0677384 1.11061 -0.278785 0.928497 -0.245301 1.34107 -0.00344734 0.254458 0.967078 1.35272 0 0 0 1 
13001298760144;0.855274;0.258093;0.983481 -0.140148 -0.114559 0.473077 0.154536 0.97963 0.128234 -0.592498 0.0942533 -0.143819 0.985105 -0.389107 0 0 0 1 
13001298760145;0.0426315;0.239924;0.998362 -0.0486112 -0.0301632 -0.0633598 0.0485877 0.998818 -0.00151295 -0.0954534 0.0302011 4.49107e-05 0.999544 0.0642193 0 0 0 1 
13001298760146;0.950154;0.240393;0.995394 -0.0165929 -0.0944198 0.110588 0.0220404 0.998134 0.0569468 -0.0585179 0.0932987 -0.0587656 0.993902 0.415284 0 0 0 1 
13001298760147;0.397392;0.20713;0.956549 0.0353893 -0.289416 0.587983 -0.110896 0.962167 -0.248869 0.69228 0.269659 0.270151 0.924285 -0.241057 0 0 0 1 
13001298760148;0.554781;0.255623;0.993323 -0.102131 0.0536542 -0.253386 0.106729 0.990089 -0.0912869 -0.520751 -0.0437992 0.0964039 0.994378 0.174512 0 0 0 1 
13001298760149;0.73823;0.257684;0.996943 -0.0752482 -0.0210184 -0.0676189 0.0754038 0.99713 0.00671344 0.173482 0.0204529 -0.00827779 0.999757 0.608969 0 0 0 1 
13001298760150;0.886242;0.255182;0.959508 -0.280502 0.0257468 -0.274963 0.278961 0.958936 0.0512076 -1.71166 -0.0390534 -0.0419517 0.998356 -0.378334 0 0 0 1 
13001298760151;1.10427;0.240022;0.970277 0.193746 0.145002 1.53963 -0.22115 0.953191 0.206204 1.33633 -0.0982632 -0.232142 0.967706 -0.059334 0 0 0 1 
13001298760152;0.722566;0.230093;0.960025 0.161219 0.228824 0.160965 -0.109993 0.968997 -0.221238 0.448392 -0.257398 0.187225 0.947994 2.21612 0 0 0 1 
13001298760153;0.343462;0.216749;0.976065 0.193217 -0.0998177 0.859506 -0.205209 0.970241 -0.128535 0.995784 0.0720121 0.145942 0.986669 0.224741 0 0 0 1 
13001298760155;0.0682714;1.14257;0.977874 -0.208371 -0.0185515 -1.14114 0.206778 0.976208 -0.0652693 -1.32249 0.0317103 0.0599891 0.997695 -0.0241582 0 0 0 1 
13001298760156;0.228778;1.56607;0.911988 -0.395548 0.108722 -1.35348 0.409795 0.890493 -0.197711 -2.25787 -0.0186115 0.224864 0.974212 0.165727 0 0 0 1 
13001298760157;0.606065;1.41357;0.952806 -0.301941 0.0315013 -1.55983 0.302693 0.936964 -0.174574 -2.52051 0.0231956 0.17587 0.98414 0.156695 0 0 0 1 
13001298760158;0.344682;1.40627;0.916979 -0.308772 -0.252605 -1.00941 0.248548 0.937471 -0.243665 -1.27331 0.312047 0.160651 0.936386 -1.21852 0 0 0 1 
13001298760159;0.780294;1.39727;0.957315 -0.287627 -0.0286049 -0.659027 0.287176 0.957692 -0.0188967 -1.39458 0.0328299 0.00987549 0.999412 -0.540513 0 0 0 1 
13001298760160;0.374691;1.21054;0.958167 -0.249944 -0.139439 -1.09841 0.267117 0.955902 0.122068 -1.68158 0.10278 -0.154208 0.982678 -0.0153148 0 0 0 1 
13001298760161;0.829311;1.4365;0.818608 -0.340881 0.462256 -1.67616 0.317686 0.939238 0.130031 -2.50089 -0.478494 0.0404078 0.877161 2.40529 0 0 0 1 
13001298760162;0.477774;1.18452;0.987861 -0.152883 -0.0275363 -1.36396 0.132702 0.922669 -0.362039 -1.12589 0.0807566 0.35399 0.931756 0.142437 0 0 0 1 
13001298760163;0.737936;0.866354;0.993586 0.098441 0.0556468 -0.452656 -0.0952193 0.993774 -0.0578561 0.220479 -0.0609957 0.0521863 0.996773 0.485056 0 0 0 1 
13001298760164;0.306679;1.50527;0.962093 -0.269086 0.0443857 -1.57168 0.262657 0.870425 -0.41638 -1.42866 0.0734074 0.412254 0.908107 -0.0927644 0 0 0 1 
13001298760165;0.655134;0.910261;0.952739 0.302089 -0.0320977 -1.00562 -0.297256 0.948827 0.106613 1.02219 0.0626617 -0.0920328 0.993782 -0.691721 0 0 0 1 
13001298760166;0.142166;1.94908;0.925324 -0.353544 0.137049 -1.95506 0.374546 0.908549 -0.185078 -2.29872 -0.0590825 0.222589 0.973121 0.271458 0 0 0 1 
13001298760167;0.73402;1.08388;0.987522 0.0945709 0.125921 -0.711795 -0.0861866 0.993785 -0.0704561 -0.263614 -0.131801 0.0587242 0.989535 1.03915 0 0 0 1 
13001298760168;0.457979;1.47161;0.994757 0.0852886 0.0564354 -1.39019 -0.0712336 0.973782 -0.216042 -0.320055 -0.0733816 0.210889 0.974752 0.192541 0 0 0 1 
13001298760169;0.0971797;1.47534;0.949744 -0.302198 0.0816269 -1.40735 0.300149 0.95319 0.0366034 -2.04743 -0.0888674 -0.0102636 0.995991 0.31926 0 0 0 1 
13001298760170;0.865636;1.31534;0.991098 -0.024526 -0.130853 -1.7142 0.00135908 0.984697 -0.174269 -0.214091 0.133125 0.17254 0.975965 0.11158 0 0 0 1 
13001298760171;0.53187;1.6447;0.868785 -0.479961 -0.121859 -1.21056 0.495015 0.835239 0.239448 -3.14997 -0.0131444 -0.268351 0.963231 0.439586 0 0 0 1 
13001298760172;0.399772;1.2615;0.970006 -0.0533415 0.237156 -1.17133 0.0242361 0.991987 0.12399 -0.726398 -0.241869 -0.114523 0.963527 1.20123 0 0 0 1 
13001298760173;0.409814;1.17724;0.984352 0.0529506 0.168069 -1.13694 -0.0396535 0.995883 -0.0815116 -0.356612 -0.171693 0.0735716 0.982399 0.71366 0 0 0 1 
13001298760174;0.230776;1.30229;0.967073 -0.25211 0.0347994 -1.31109 0.254447 0.955001 -0.152413 -1.62761 0.00519141 0.156249 0.987704 0.257562 0 0 0 1 
13001298760175;0.184973;1.46408;0.961151 -0.266224 -0.0728989 -1.45381 0.249074 0.950335 -0.186614 -1.66617 0.118959 0.161207 0.979725 -0.562265 0 0 0 1 
13001298760176;0.684651;1.43218;0.994416 -0.101206 -0.0299131 -1.51386 0.105526 0.957128 0.269759 -1.72832 0.00132951 -0.271409 0.962463 -0.511604 0 0 0 1 
13001298760177;0.712892;1.38263;0.943116 -0.0859013 -0.321175 -0.532721 0.0248657 0.981564 -0.189511 -1.07225 0.331533 0.170745 0.927864 -1.59119 0 0 0 1 
13001298760178;0.372998;1.34791;0.987698 0.156064 0.00982975 -1.24178 -0.154945 0.985217 -0.0730678 -0.102597 -0.0210877 0.0706458 0.997279 -0.00164255 0 0 0 1 
13001298760179;0.364497;1.27514;0.951218 -0.30049 0.0699323 -1.14139 0.265293 0.912363 0.31179 -2.06404 -0.157493 -0.278028 0.947574 0.715595 0 0 0 1 
13001298760180;0.444705;1.28302;0.947729 -0.227356 -0.223873 -1.12655 0.294046 0.894734 0.336138 -1.81628 0.123883 -0.384397 0.914818 -0.672864 0 0 0 1 
13001298760181;0.327893;1.38363;0.872516 -0.347422 0.343531 -1.35807 0.397416 0.913659 -0.0853687 -2.30012 -0.284211 0.211011 0.935253 1.1099 0 0 0 1 
13001298760182;0.549357;1.74356;0.930732 -0.365503 0.012018 -1.33604 0.36547 0.928476 -0.0660601 -2.71604 0.0129868 0.0658765 0.997743 0.296788 0 0 0 1 
13001298760183;0.363905;1.4116;0.869904 -0.335417 -0.36161 -0.784966 0.39189 0.915215 0.0938265 -2.45814 0.29948 -0.223332 0.927596 -0.898916 0 0 0 1 
13001298760184;0.185151;1.00215;0.988228 -0.150822 0.0256682 -1.00015 0.152452 0.984858 -0.0825444 -1.11651 -0.01283 0.0854858 0.996257 0.157302 0 0 0 1 
13001298760186;0.752269;1.30653;0.964442 -0.252909 0.076743 -0.718859 0.257962 0.96396 -0.0650944 -1.39544 -0.0575142 0.0825765 0.994924 0.7332 0 0 0 1 
13001298760187;1.11885;1.21122;0.805813 -0.587874 0.0712015 -0.496771 0.591566 0.80458 -0.051967 -3.15951 -0.0267372 0.0839961 0.996107 0.500098 0 0 0 1 
13001298760188;1.47853;1.16533;0.967839 -0.251532 0.00444324 -0.661184 0.23035 0.87896 -0.417573 -1.00171 0.101128 0.405167 0.908632 -0.0206572 0 0 0 1 
13001298760189;0.694353;1.18663;0.998976 0.00312397 0.0451328 0.116797 0.000665163 0.996491 -0.0836972 -0.989418 -0.0452359 0.0836415 0.995469 0.0160328 0 0 0 1 
13001298760190;1.04867;1.18515;0.892492 -0.419353 -0.166138 -0.673843 0.416184 0.907605 -0.0551719 -2.67548 0.173924 -0.0199034 0.984558 -0.705484 0 0 0 1 
13001298760191;0.608395;1.12866;0.998249 -0.0510694 0.0298506 -0.290713 0.0532052 0.995704 -0.0757771 -0.811926 -0.0258525 0.0772326 0.996678 -0.102201 0 0 0 1 
13001298760192;0.728377;1.21284;0.945655 -0.308252 0.10352 -0.839675 0.313278 0.948978 -0.0360196 -1.41291 -0.0871355 0.0664929 0.993975 0.776048 0 0 0 1 
13001298760193;0.223967;1.25992;0.940381 -0.339253 -0.0242988 -0.658657 0.339652 0.940437 0.014654 -1.72002 0.0178801 -0.0220334 0.999597 -0.110944 0 0 0 1 
13001298760194;0.894476;1.18238;0.992574 -0.11398 0.0424862 -0.449022 0.107048 0.984359 0.13992 -1.38447 -0.0577698 -0.134333 0.989251 -0.626802 0 0 0 1 
13001298760195;0.58478;1.10789;0.984286 0.172367 -0.0383394 0.338807 -0.173357 0.984562 -0.024193 -0.258955 0.0335774 0.0304592 0.998972 0.226538 0 0 0 1 
13001298760196;0.904607;1.19709;0.957273 -0.285036 0.0488175 -1.08566 0.287196 0.956812 -0.0450457 -1.26009 -0.0338695 0.0571412 0.997791 -0.10891 0 0 0 1 
13001298760197;0.286883;1.19856;0.918906 -0.391101 0.0514842 -0.826772 0.393289 0.918422 -0.0427236 -2.11732 -0.030575 0.0595072 0.99776 0.262238 0 0 0 1 
13001298760198;1.24998;1.22709;0.972235 0.233877 0.00776264 0.362837 -0.233649 0.97205 -0.0229674 0.291208 -0.0129172 0.020516 0.999706 -0.363513 0 0 0 1 
13001298760199;1.55468;1.18118;0.908337 -0.200018 -0.36731 0.314862 0.177685 0.979585 -0.0940275 -1.02318 0.378618 0.0201432 0.925334 -1.7642 0 0 0 1 
13001298760200;0.663257;1.11844;0.966428 -0.251107 0.0544183 -0.771084 0.253337 0.966599 -0.038817 -1.82842 -0.0428534 0.0513001 0.997763 0.0927928 0 0 0 1 
13001298760201;0.427557;1.10232;0.999805 0.0170499 0.00995229 -0.122094 -0.0189567 0.969891 0.242801 -0.887378 -0.00551289 -0.242943 0.970025 -0.765544 0 0 0 1 
13001298760202;1.14516;1.25466;0.953852 -0.278502 -0.112265 -0.459049 0.298606 0.919152 0.256892 -2.1414 0.0316432 -0.27856 0.959897 -1.4468 0 0 0 1 
13001298760203;0.345194;1.13144;0.998402 0.0231942 -0.0515315 -0.00733983 -0.0199724 0.997865 0.0621805 -0.618127 0.0528637 -0.0610519 0.996734 -0.143202 0 0 0 1 
13001298760204;0.987501;1.22743;0.920211 -0.391391 0.00492009 -1.07751 0.391422 0.920152 -0.0104722 -1.69601 -0.000428502 0.0115625 0.999933 -0.523819 0 0 0 1 
13001298760205;1.27725;1.3415;0.928518 -0.371169 0.00938254 -0.204827 0.371284 0.92812 -0.0272234 -1.98872 0.00139636 0.028761 0.999585 0.60683 0 0 0 1 
13001298760206;0.732057;1.26299;0.994747 0.0132522 0.101505 -0.236914 0.0199481 0.947481 -0.319191 -0.791164 -0.100404 0.319539 0.942239 1.43794 0 0 0 1 
13001298760207;0.280311;1.098;0.907139 -0.387962 -0.163046 -0.639783 0.387051 0.921248 -0.0386438 -1.8274 0.165198 -0.0280517 0.985861 -0.413154 0 0 0 1 
13001298760208;0.976835;1.14281;0.978103 -0.206137 0.0286621 -0.334838 0.207177 0.97749 -0.03988 -1.73528 -0.0197961 0.0449449 0.998793 0.587672 0 0 0 1 
13001298760209;0.510095;1.14738;0.967608 -0.248479 -0.0446459 -0.255011 0.244213 0.966081 -0.0839426 -1.46896 0.0639895 0.0703204 0.99547 -0.17335 0 0 0 1 
13001298760210;0.786915;1.2586;0.920213 -0.34269 0.189136 -0.945182 0.353113 0.935288 -0.0233994 -1.41734 -0.168878 0.0883188 0.981672 0.448019 0 0 0 1 
13001298760211;0.331308;1.17921;0.970864 -0.214262 0.107307 -0.517099 0.197241 0.968823 0.149924 -1.40416 -0.136085 -0.124391 0.982857 0.21885 0 0 0 1 
13001298760212;0.525518;1.1265;0.984319 -0.12185 0.12755 -0.659552 0.125439 0.99189 -0.0204625 -1.09345 -0.124023 0.0361415 0.991621 0.267502 0 0 0 1 
13001298760213;1.26584;1.10697;0.97468 -0.22344 -0.0085324 -0.257646 0.219751 0.964242 -0.148143 -1.16242 0.0413285 0.142517 0.988929 0.974704 0 0 0 1 
13001298760214;1.19532;1.45371;0.957794 -0.143636 0.248996 -0.0894272 0.121973 0.987439 0.100431 -0.76626 -0.260294 -0.0658213 0.963283 0.78224 0 0 0 1 
13001298760215;0.473246;1.08225;0.995797 0.089751 0.018232 0.0316662 -0.0902863 0.995432 0.0310325 -0.701256 -0.0153635 -0.0325481 0.999352 -0.041618 0 0 0 1 
13001298760217;0.222897;0.988115;0.914958 -0.403389 -0.0113814 -0.0865522 0.402634 0.91062 0.093046 -2.07716 -0.0271696 -0.0897157 0.995597 0.0696656 0 0 0 1 
13001298760218;0.56062;1.03647;0.955629 -0.270873 0.115761 0.391736 0.227004 0.927625 0.296615 -1.47584 -0.187727 -0.257176 0.947955 0.117592 0 0 0 1 
13001298760219;1.35156;1.18589;0.902041 -0.431086 0.0220619 -0.235934 0.429908 0.901814 0.0437207 -1.90039 -0.0387431 -0.0299533 0.9988 1.1403 0 0 0 1 
13001298760220;0.477483;0.96583;0.802288 -0.517372 0.297757 -0.033395 0.443594 0.850512 0.282585 -2.1682 -0.399447 -0.0946314 0.911859 1.57526 0 0 0 1 
13001298760221;0.489369;0.983133;0.868908 -0.426294 0.251539 -0.0243803 0.36261 0.894136 0.262746 -2.1154 -0.336917 -0.137091 0.9315 1.23661 0 0 0 1 
13001298760222;1.04527;1.12157;0.943461 -0.33054 -0.0249783 -0.128666 0.324016 0.903688 0.279933 -2.47648 -0.0699563 -0.272199 0.959695 -0.677295 0 0 0 1 
13001298760223;0.25956;1.08481;0.932817 -0.287283 0.217533 -0.0182494 0.256155 0.953228 0.160439 -1.44179 -0.253451 -0.0939381 0.962776 0.777777 0 0 0 1 
13001298760224;0.137794;1.01925;0.940592 -0.339392 0.00994655 -0.0654006 0.339289 0.940621 0.0107488 -1.70879 -0.013004 -0.00673552 0.999893 0.268864 0 0 0 1 
13001298760225;1.05742;1.31081;0.816307 -0.414317 0.402472 -0.265953 0.399866 0.908165 0.12387 -2.49504 -0.416832 0.0598191 0.907013 2.02817 0 0 0 1 
13001298760226;1.15936;0.978036;0.980395 -0.193481 0.0372981 -0.3468 0.193653 0.98107 -0.0010198 -1.27451 -0.0363947 0.00822268 0.999304 0.882888 0 0 0 1 
13001298760227;0.324156;0.966582;0.99956 -0.0295005 -0.00313911 0.643419 0.0291268 0.99595 -0.0850653 -0.197715 0.00563586 0.0849365 0.99637 0.376425 0 0 0 1 
13001298760228;1.39459;0.997716;0.823157 -0.374533 0.426776 -0.536922 0.476038 0.864906 -0.159142 -1.59301 -0.309517 0.33416 0.890245 1.94777 0 0 0 1 
13001298760229;0.664996;1.29679;0.901078 -0.408111 0.146642 -0.131875 0.339611 0.874375 0.346601 -2.00111 -0.269672 -0.262513 0.926479 0.829642 0 0 0 1 
13001298760230;0.977712;0.914742;0.81103 -0.584415 0.0262434 -0.109164 0.573746 0.803381 0.159359 -3.24429 -0.114215 -0.114188 0.986872 -0.275515 0 0 0 1 
13001298760231;0.367575;0.942347;0.966679 0.00701265 0.255894 0.642067 -0.0314886 0.995291 0.0916775 -0.144782 -0.254046 -0.0966805 0.962348 0.662906 0 0 0 1 
13001298760232;0.090517;1.08994;0.941949 -0.335702 -0.0059607 0.0344073 0.33535 0.941537 -0.032394 -1.59371 0.0164869 0.0285146 0.999457 0.156928 0 0 0 1 
13001298760233;0.668099;0.864305;0.872279 -0.488873 0.0114891 -0.0278966 0.486604 0.870078 0.0786202 -1.97303 -0.0484317 -0.0629881 0.996838 0.131168 0 0 0 1 
13001298760234;0.755306;0.945006;0.972561 -0.22735 -0.0493639 0.08403 0.232406 0.959097 0.161617 -1.57844 0.0106012 -0.168655 0.985618 0.105411 0 0 0 1 
13001298760235;0.973297;1.13142;0.942099 -0.335311 0.00406313 0.305937 0.334089 0.939573 0.0747407 -2.30392 -0.0288789 -0.0690557 0.997195 -0.149931 0 0 0 1 
13001298760236;0.97211;1.03844;0.857057 -0.447674 -0.255031 0.37596 0.490108 0.86105 0.135596 -2.55652 0.158891 -0.241207 0.957378 -1.69858 0 0 0 1 
13001298760237;0.48343;0.892035;0.965295 -0.249178 0.0782035 0.093301 0.247009 0.968328 0.0364346 -1.50154 -0.0848053 -0.0158532 0.996271 0.223606 0 0 0 1 
13001298760238;0.245894;1.21062;0.948619 -0.314389 0.0357923 0.18458 0.315456 0.948482 -0.0294741 -1.68587 -0.024682 0.0392505 0.998925 0.449941 0 0 0 1 
13001298760239;0.597612;1.00821;0.998982 -0.0368542 -0.0260287 0.68316 0.0390106 0.995367 0.0878828 -0.451819 0.0226693 -0.0888087 0.995791 -0.531492 0 0 0 1 
13001298760240;0.379328;1.03637;0.908756 -0.41577 0.0360113 -0.147392 0.410931 0.906541 0.0965375 -1.97973 -0.0727832 -0.0729309 0.994678 0.46079 0 0 0 1 
13001298760241;0.905295;1.25848;0.908122 -0.411677 -0.0763942 0.48907 0.418447 0.885921 0.200117 -1.72907 -0.0147042 -0.213697 0.976789 -0.570386 0 0 0 1 
13001298760242;0.886526;0.950048;0.769699 -0.617211 0.163137 -0.599943 0.576949 0.781903 0.236131 -3.16324 -0.2733 -0.0876283 0.957929 0.460532 0 0 0 1 
13001298760243;0.836676;1.20483;0.965493 -0.120518 0.230864 0.80177 0.12938 0.991315 -0.0235781 -0.94511 -0.226017 0.0526336 0.9727 0.642693 0 0 0 1 
13001298760244;1.22657;1.08819;0.964503 -0.262921 0.0246456 0.625894 0.262661 0.964797 0.0133052 -0.902202 -0.0272762 -0.00635949 0.999608 0.845679 0 0 0 1 
13001298760245;1.14759;1.22199;0.931465 -0.36033 0.0503531 -0.747846 0.362833 0.930214 -0.0552603 -1.87483 -0.0269272 0.0697428 0.997202 0.210946 0 0 0 1 
13001298760246;0.304771;0.985673;0.985954 -0.113746 -0.122295 0.458004 0.111298 0.993429 -0.0266889 -0.648613 0.124527 0.0127029 0.992135 -0.386187 0 0 0 1 
13001298760248;0.0489943;1.39662;0.997705 -0.0598205 0.0317336 -0.109494 0.0604938 0.997954 -0.0206972 -1.3957 -0.0304306 0.0225694 0.999282 0.167328 0 0 0 1 
13001298760249;0.420407;1.2663;0.997144 -0.0538925 0.0529076 -0.351181 0.0555654 0.997984 -0.0306747 -1.3933 -0.0511478 0.0335269 0.998128 -0.0957457 0 0 0 1 
13001298760250;0.517589;2.98693;0.82366 0.557438 0.104146 1.0058 -0.557639 0.829545 -0.0299023 -1.07386 -0.103062 -0.0334465 0.994112 0.677364 0 0 0 1 
13001298760251;0.918817;2.85908;0.827278 0.547616 0.125412 1.57199 -0.542867 0.83669 -0.0724301 -1.3028 -0.144595 -0.00816233 0.989457 0.114561 0 0 0 1 
13001298760252;0.624083;1.29097;0.999783 -0.0205376 -0.00355648 -0.192224 0.0201196 0.995489 -0.0927152 -0.639807 0.00544458 0.0926235 0.995686 0.366675 0 0 0 1 
13001298760253;0.848575;1.11922;0.971968 0.159767 0.172487 0.856378 -0.11276 0.960531 -0.254295 -0.826622 -0.206307 0.227717 0.951621 1.50812 0 0 0 1 
13001298760254;0.316984;2.86305;0.832929 0.53419 -0.144464 0.869661 -0.546734 0.834726 -0.065678 -0.826077 0.0855032 0.133688 0.987328 0.400315 0 0 0 1 
13001298760255;0.292142;1.21097;0.970369 0.210711 -0.118259 0.755534 -0.218107 0.974463 -0.0533881 -0.462323 0.10399 0.0775993 0.991547 -0.218758 0 0 0 1 
13001298760256;0.288912;1.27467;0.996147 -0.0876856 0.00126338 -0.264858 0.0876947 0.996056 -0.0135172 -1.53383 -7.31338e-05 0.0135759 0.999908 0.223393 0 0 0 1 
13001298760257;0.0896223;1.47073;0.989707 -0.0586941 0.13052 -0.224065 0.0560322 0.998141 0.0239775 -1.45753 -0.131685 -0.0164174 0.991156 0.366057 0 0 0 1 
13001298760258;0.918056;2.90823;0.806119 0.574575 0.14155 1.33902 -0.582563 0.812555 0.0193675 -0.308191 -0.103889 -0.0980744 0.989742 0.0738093 0 0 0 1 
13001298760259;0.628443;1.20298;0.992379 -0.0472687 0.113793 -0.413484 0.0495629 0.998619 -0.0174158 -0.923589 -0.112812 0.022923 0.993352 -0.0858322 0 0 0 1 
13001298760260;0.777086;2.8454;0.829465 0.546048 0.117555 1.00651 -0.54246 0.83768 -0.0634718 -0.285988 -0.133132 -0.0111213 0.991036 0.386504 0 0 0 1 
13001298760261;0.754638;2.8921;0.865804 0.429874 -0.256109 0.478384 -0.472362 0.871025 -0.134872 -0.701764 0.165099 0.237749 0.957193 0.800536 0 0 0 1 
13001298760262;0.728008;1.10724;0.998316 -0.0508965 0.0278392 -0.587586 0.0523839 0.997078 -0.0556016 -1.24993 -0.024928 0.0569663 0.998065 -0.159357 0 0 0 1 
