#;prob_registration_l1 -r ../../../build/tester /home/point_clouds_registration_benchmark/box_met_local.txt /home/point_clouds_registration_benchmark/box_met -s 0.2 -t 0.2 -p 0.3 -m 5 -r 1000 -i 40 
id;initial_error;final_error;transformation
7680147070000;1.79635;3.93261;0.874663 0.196446 0.443142 -9.72052 -0.137019 0.977113 -0.162712 -3.65457 -0.464964 0.0815992 0.881561 -32.6942 0 0 0 1 
7680147070001;0.811107;3.54624;0.983798 0.149401 0.0990981 -5.26775 -0.124195 0.96658 -0.224272 -2.61508 -0.129293 0.20833 0.969475 -12.9164 0 0 0 1 
7680147070002;1.49386;3.74411;0.962393 -0.00968631 -0.271489 -4.61769 -0.0637948 0.96336 -0.260516 0.784857 0.264065 0.268038 0.926513 8.08154 0 0 0 1 
7680147070003;0.946768;3.97663;0.994504 0.104167 0.0105661 -4.65077 -0.100245 0.976437 -0.191107 -1.82016 -0.0302242 0.188997 0.981512 -5.10539 0 0 0 1 
7680147070004;1.43077;5.02245;0.99779 -0.0640099 -0.0178176 -1.84846 0.0610088 0.98884 -0.135914 7.37905 0.0263186 0.134527 0.99056 -2.06178 0 0 0 1 
7680147070005;0.312811;3.88054;0.990762 0.122942 0.0572291 -4.63316 -0.124074 0.992133 0.016654 -1.90539 -0.0547314 -0.0236008 0.998222 -4.1228 0 0 0 1 
7680147070006;1.56238;4.2739;0.999975 -0.00276703 -0.00658162 -1.82788 0.00289381 0.999809 0.019332 5.00305 0.00652687 -0.0193506 0.999791 -2.41032 0 0 0 1 
7680147070007;1.77223;4.12381;0.961781 0.157717 0.223837 -6.1441 -0.20796 0.952516 0.22241 -4.98648 -0.17813 -0.260459 0.94891 -9.65985 0 0 0 1 
7680147070008;0.368314;3.96728;0.982885 0.162393 0.0869834 -5.6635 -0.163444 0.98654 0.00504326 -4.07724 -0.0849936 -0.0191738 0.996197 -5.81151 0 0 0 1 
7680147070009;2.02654;4.00913;0.999512 -0.0173802 0.0259446 -2.4542 0.0193707 0.996722 -0.0785512 5.64508 -0.0244944 0.0790154 0.996572 -6.92251 0 0 0 1 
7680147070010;1.67484;4.05364;0.991873 0.0097213 -0.126856 -3.26165 -0.0113636 0.999861 -0.0122288 4.26326 0.126719 0.0135709 0.991846 8.18404 0 0 0 1 
7680147070011;1.58383;4.26826;0.965814 0.00384457 0.259207 -3.31634 0.0854189 0.939331 -0.332206 8.32561 -0.244758 0.34299 0.906891 -20.2275 0 0 0 1 
7680147070012;1.55669;3.62292;0.995285 -0.00768166 0.0966866 -2.84313 0.0270159 0.979364 -0.20029 5.80305 -0.0931528 0.201958 0.974954 -8.39992 0 0 0 1 
7680147070013;1.90796;3.98254;0.995549 0.0940821 0.00556774 -3.94246 -0.0934374 0.977551 0.188848 0.657144 0.0123244 -0.188527 0.981991 0.151444 0 0 0 1 
7680147070014;1.7784;3.46094;0.993805 0.108817 -0.0226029 -4.15514 -0.110392 0.99004 -0.0873767 -1.42121 0.0128697 0.0893306 0.995919 -4.23712 0 0 0 1 
7680147070015;0.363704;3.95869;0.995357 -0.0596264 -0.0755628 -2.35624 0.0832428 0.927387 0.364724 13.5485 0.0483287 -0.369321 0.928044 7.85261 0 0 0 1 
7680147070016;0.265959;3.69186;0.997493 0.0660175 0.0254996 -3.60732 -0.067197 0.996557 0.0485589 1.32098 -0.0222061 -0.0501507 0.998495 -1.847 0 0 0 1 
7680147070017;0.994504;4.04122;0.996905 -0.0785258 -0.0038366 -1.8123 0.0785628 0.996851 0.0107253 9.69542 0.00298231 -0.0109936 0.999935 -2.01472 0 0 0 1 
7680147070018;1.14391;3.60705;0.918635 0.117843 -0.377125 -12.4863 -0.118381 0.992728 0.0218408 -1.57049 0.376956 0.0245807 0.925905 20.4963 0 0 0 1 
7680147070019;1.59901;3.29828;0.999723 0.00532339 0.0229456 -0.872146 -0.0053918 0.999981 0.00292035 5.74162 -0.0229296 -0.00304326 0.999732 -2.03167 0 0 0 1 
7680147070020;1.99055;3.8603;0.973964 0.0531617 0.220381 -5.54251 -0.0765095 0.992162 0.0987948 1.6796 -0.213402 -0.113084 0.970398 -10.4675 0 0 0 1 
7680147070021;1.30849;3.37353;0.964985 -0.0462833 -0.25819 -4.97813 0.0970499 0.977458 0.187504 12.3475 0.243691 -0.205996 0.947724 15.3666 0 0 0 1 
7680147070022;0.490232;4.08409;0.997767 -0.0383056 0.0547058 -1.696 0.0357499 0.998257 0.0469559 7.59529 -0.0564091 -0.0448953 0.997398 -3.22318 0 0 0 1 
7680147070023;1.93092;2.93904;0.993085 0.102942 0.0564293 -3.53235 -0.0938041 0.984857 -0.1458 0.326505 -0.0705836 0.139499 0.987703 -6.78689 0 0 0 1 
7680147070024;2.01577;4.47828;0.981127 0.130657 -0.142546 -5.41753 -0.101424 0.975361 0.195919 0.0445928 0.164632 -0.177764 0.970204 10.1304 0 0 0 1 
7680147070025;1.53658;4.32315;0.958818 -0.0618065 -0.277216 -4.78005 0.0243235 0.990318 -0.136667 5.26336 0.282979 0.124296 0.951038 10.9448 0 0 0 1 
7680147070026;1.23157;4.0058;0.986637 0.155487 0.0487049 -5.27883 -0.158859 0.98442 0.0753721 -2.56846 -0.0362267 -0.0821021 0.995965 -0.40379 0 0 0 1 
7680147070027;1.05263;3.98998;0.938087 0.0453838 0.343413 -5.849 -0.1009 0.984191 0.145558 0.368258 -0.331378 -0.171197 0.927837 -18.0486 0 0 0 1 
7680147070028;0.137424;3.88227;0.999478 0.0230018 0.0226706 -2.55757 -0.0232815 0.999655 0.0121482 3.65833 -0.0223833 -0.0126697 0.999669 -2.13197 0 0 0 1 
7680147070029;1.81513;2.82915;0.997845 0.0231066 -0.0614193 -3.87153 -0.024688 0.99938 -0.0251143 4.33812 0.0608009 0.0265765 0.997796 2.70186 0 0 0 1 
7680147070031;0.429088;2.42054;0.974104 -0.0522332 -0.219986 -5.01074 0.0523083 0.998616 -0.0054875 2.61666 0.219969 -0.00616172 0.975488 0.998281 0 0 0 1 
7680147070032;0.91489;2.61282;0.995051 -0.0190921 0.0975122 -3.50138 0.0103629 0.995955 0.0892531 3.6343 -0.0988218 -0.0878009 0.991224 -0.146516 0 0 0 1 
7680147070033;0.415478;2.25406;0.97675 -0.00952796 0.214171 -3.54526 0.0736483 0.953125 -0.293478 2.03495 -0.201336 0.302428 0.931666 -9.90936 0 0 0 1 
7680147070034;0.600344;2.55182;0.985034 -0.0665648 -0.158991 -4.51594 0.0375493 0.983137 -0.178972 1.91952 0.168223 0.170324 0.970923 -2.29414 0 0 0 1 
7680147070035;0.44843;2.33207;0.997426 -0.025664 0.0669568 -3.85042 0.0115561 0.979084 0.203128 3.04126 -0.0707694 -0.201832 0.97686 2.40576 0 0 0 1 
7680147070036;0.879785;1.95489;0.998889 -0.0469146 -0.00438359 -4.53988 0.0467297 0.998275 -0.0355566 2.7571 0.00604415 0.0353123 0.999358 -1.63882 0 0 0 1 
7680147070037;0.82527;2.55737;0.999628 -0.0117356 0.0246225 -4.57852 0.0112438 0.999736 0.0200181 2.64426 -0.0248509 -0.0197338 0.999496 1.21147 0 0 0 1 
7680147070038;0.802274;2.13329;0.979231 -0.0314581 0.200293 -3.43338 -0.0274077 0.958283 0.284505 4.52338 -0.200887 -0.284085 0.937518 3.95416 0 0 0 1 
7680147070039;1.33952;2.08395;0.999803 0.0144587 0.0136273 -6.40669 -0.0147392 0.999677 0.0207165 2.06058 -0.0133234 -0.0209133 0.999693 0.695292 0 0 0 1 
7680147070040;0.158831;2.44816;0.999375 -0.0315886 -0.0158805 -4.17269 0.029319 0.991458 -0.127084 1.85668 0.0197592 0.126539 0.991765 -3.22161 0 0 0 1 
7680147070041;1.36617;2.32222;0.998492 -0.0356158 0.0417871 -3.85949 0.0343162 0.998917 0.0314159 2.60493 -0.0428608 -0.0299345 0.998633 -3.3093 0 0 0 1 
7680147070042;0.46675;2.47927;0.99559 -0.00843501 0.093427 -4.09172 0.0279589 0.977366 -0.209699 1.7727 -0.0895436 0.211386 0.973292 -6.91558 0 0 0 1 
7680147070043;1.14629;2.81049;0.965105 0.0300699 0.260133 -3.28262 0.0300009 0.974148 -0.223911 1.12393 -0.260141 0.223902 0.939252 -7.86061 0 0 0 1 
7680147070044;0.702038;2.48108;0.998997 -0.025362 -0.0369081 -4.64946 0.0277885 0.99738 0.0667888 2.98187 0.0351175 -0.0677475 0.997084 2.58572 0 0 0 1 
7680147070045;0.887978;2.37193;0.998925 -0.027272 0.0374883 -4.03909 0.0276728 0.999565 -0.010214 2.94568 -0.0371934 0.0112405 0.999245 -2.51723 0 0 0 1 
7680147070046;0.520495;2.32148;0.992983 -0.0462071 0.10886 -3.12276 0.0647171 0.982762 -0.17318 2.09378 -0.0989812 0.17901 0.978856 -6.52317 0 0 0 1 
7680147070047;1.3778;2.13428;0.996579 0.0357718 -0.0744974 -7.39675 -0.0136804 0.960435 0.278169 4.38643 0.0815005 -0.276199 0.957639 7.43421 0 0 0 1 
7680147070048;1.12108;3.10824;0.999718 -0.0236626 0.00184766 -3.6381 0.0237279 0.998256 -0.0540611 1.61318 -0.000565207 0.0540898 0.998536 -1.4011 0 0 0 1 
7680147070049;0.932757;2.26548;0.996508 -0.0640086 -0.0536236 -3.93704 0.055203 0.986825 -0.15208 2.90691 0.0626516 0.148589 0.986912 -1.84838 0 0 0 1 
7680147070050;1.2993;1.95172;0.956751 -0.0674699 -0.282975 -6.46262 0.0301924 0.99051 -0.134086 1.78505 0.289337 0.119743 0.949708 -0.690569 0 0 0 1 
7680147070051;0.92457;2.47295;0.997587 -0.044963 0.052898 -3.20727 0.0298354 0.965647 0.258138 3.88258 -0.0626875 -0.255937 0.964659 2.52104 0 0 0 1 
7680147070052;0.840224;2.65495;0.960612 -0.0706149 -0.26877 -4.64001 0.110609 0.98442 0.136688 4.71707 0.25493 -0.161033 0.953456 6.36226 0 0 0 1 
7680147070053;0.82655;2.67044;0.999578 -0.0285709 0.00520623 -4.1007 0.0286699 0.999388 -0.0200576 2.32206 -0.00462998 0.0201984 0.999785 0.395818 0 0 0 1 
7680147070054;0.270576;2.50376;0.998304 -0.00209079 0.0581806 -4.73224 -0.000301001 0.999156 0.0410706 2.27869 -0.0582174 -0.0410184 0.997461 -0.408807 0 0 0 1 
7680147070055;0.73698;2.52967;0.983052 -0.136897 -0.121935 -2.77684 0.0690659 0.892669 -0.445391 2.24286 0.16982 0.429421 0.886994 -7.59041 0 0 0 1 
7680147070056;0.896614;2.35313;0.998641 -0.0444154 -0.0272815 -3.91324 0.0435581 0.998562 -0.0312521 2.18655 0.0286304 0.0300213 0.999139 -2.9679 0 0 0 1 
7680147070057;0.403726;2.2435;0.997738 -0.00868993 0.0666541 -4.58643 0.0119243 0.998763 -0.0482815 2.1351 -0.0661521 0.0489671 0.996607 -2.33392 0 0 0 1 
7680147070058;0.771956;2.35154;0.991954 -0.00236344 0.126573 -4.21312 0.0243867 0.984667 -0.172732 1.86595 -0.124224 0.174429 0.976802 -7.30987 0 0 0 1 
7680147070059;0.054331;2.4205;0.999398 -0.0259784 0.0230002 -3.99491 0.0263866 0.999496 -0.0176249 2.24529 -0.0225307 0.0182212 0.99958 -1.40507 0 0 0 1 
7680147070060;0.252286;2.39757;0.999933 -0.00451961 0.010617 -4.58986 0.00153761 0.964085 0.265591 4.11265 -0.011436 -0.265557 0.964027 4.51532 0 0 0 1 
7680147070062;0.694613;2.83308;0.99736 0.04077 0.0600848 2.31103 -0.0426446 0.998632 0.0302535 -1.59539 -0.0587692 -0.0327359 0.997735 -1.01971 0 0 0 1 
7680147070063;0.642429;2.44588;0.999344 -0.0186551 -0.0310297 3.23239 0.0186306 0.999826 -0.00107944 -0.259706 0.0310444 0.000500633 0.999518 0.412124 0 0 0 1 
7680147070064;1.73702;2.59388;0.996581 -0.0573437 -0.0594758 2.16776 0.0434305 0.97602 -0.213307 -0.318667 0.0702813 0.209994 0.975173 -2.98807 0 0 0 1 
7680147070065;2.03958;3.12699;0.980986 -0.0200396 -0.193042 0.108787 0.0486455 0.988292 0.144609 1.68505 0.187884 -0.15125 0.970476 6.51962 0 0 0 1 
7680147070066;1.4044;2.55667;0.997532 0.00233716 0.0701702 1.82717 0.00736124 0.990456 -0.137636 -0.728491 -0.0698221 0.137813 0.987994 -3.84919 0 0 0 1 
7680147070067;2.44929;2.11206;0.996962 -0.0255846 -0.0735729 2.97309 0.0264706 0.999588 0.0110919 -0.348257 0.0732588 -0.0130057 0.997228 -0.509598 0 0 0 1 
7680147070068;0.72785;2.51162;0.997295 -0.0197891 -0.0707821 2.6875 0.0169493 0.999036 -0.040498 -0.412524 0.0715153 0.0391887 0.996669 2.0924 0 0 0 1 
7680147070069;0.403431;2.32374;0.997651 -0.0327049 0.0601836 3.42208 0.0550154 0.906029 -0.419625 -0.186947 -0.0408042 0.421951 0.9057 -8.63618 0 0 0 1 
7680147070070;2.46104;3.17964;0.92818 -0.13617 -0.346322 1.92377 0.0577206 0.972064 -0.227508 -0.892468 0.367627 0.191178 0.91011 3.79142 0 0 0 1 
7680147070071;1.40642;2.52538;0.948036 0.0727166 0.309742 2.31088 -0.111291 0.987822 0.108725 -2.23296 -0.298064 -0.137547 0.944584 -6.3223 0 0 0 1 
7680147070072;0.468235;2.09626;0.997256 -0.0123926 -0.0729884 1.99216 0.01188 0.999902 -0.0074539 -0.408081 0.0730736 0.00656634 0.997305 1.52687 0 0 0 1 
7680147070073;0.953779;2.02963;0.994679 -0.00359016 0.102962 2.56257 0.023867 0.980235 -0.196391 -1.03772 -0.100222 0.197804 0.975105 -4.93757 0 0 0 1 
7680147070074;0.189263;2.34659;0.998295 -0.0554787 -0.0181504 3.41788 0.0515158 0.983578 -0.172976 -0.33945 0.0274488 0.171746 0.984759 -2.20174 0 0 0 1 
7680147070075;2.44638;2.89801;0.958821 -0.0794371 -0.272674 4.67726 -0.00584799 0.954362 -0.298594 -1.79325 0.28395 0.287893 0.914598 2.22191 0 0 0 1 
7680147070076;2.31741;2.63938;0.996027 -0.0150322 -0.0877727 2.65251 0.0121605 0.999376 -0.0331612 -0.78875 0.0882164 0.0319621 0.995588 3.85752 0 0 0 1 
7680147070077;2.21484;2.39339;0.999542 -0.00948297 -0.0287228 4.23296 0.00621028 0.993694 -0.111957 -1.2525 0.0296033 0.111728 0.993298 0.948055 0 0 0 1 
7680147070078;0.226189;2.56269;0.991619 -0.00109901 -0.12919 1.97882 0.0442814 0.942284 0.331874 3.3498 0.121369 -0.334813 0.934436 8.47275 0 0 0 1 
7680147070079;1.94297;3.44366;0.99464 -0.0130364 0.102573 3.45012 0.0372396 0.970613 -0.237749 -0.447125 -0.0964595 0.240294 0.965896 -6.81994 0 0 0 1 
7680147070080;2.14298;2.52489;0.999461 -0.0217129 -0.0246057 2.55174 0.0163631 0.979689 -0.199856 -0.664746 0.0284454 0.199346 0.979516 -0.20442 0 0 0 1 
7680147070081;1.69906;2.4681;0.998917 -0.00192687 0.0464822 4.14488 0.00777102 0.992015 -0.125879 -1.14658 -0.0458685 0.126104 0.990956 -1.7338 0 0 0 1 
7680147070082;2.0972;2.56759;0.956148 -0.0876254 -0.27947 1.15676 0.00994566 0.96336 -0.268026 -1.36708 0.292716 0.253493 0.921986 4.27036 0 0 0 1 
7680147070083;0.59076;2.16398;0.999764 -0.0168064 0.013771 2.4581 0.0203381 0.946883 -0.320933 -1.56673 -0.0076458 0.321138 0.947002 -6.02074 0 0 0 1 
7680147070084;0.946739;2.61825;0.999023 0.00727307 -0.0435997 3.38031 -0.00689588 0.999938 0.00879543 -0.907295 0.043661 -0.00848618 0.99901 2.17187 0 0 0 1 
7680147070085;1.67199;2.77351;0.959873 0.0730618 -0.270749 -0.397484 0.0261147 0.937983 0.345698 3.29256 0.279216 -0.338896 0.898436 13.5919 0 0 0 1 
7680147070086;1.58068;2.64869;0.999327 0.019879 -0.030833 2.28748 -0.0192986 0.999633 0.0190092 -1.15906 0.0311995 -0.0184014 0.999344 -0.519861 0 0 0 1 
7680147070087;0.945675;3.23331;0.99172 -0.00375498 -0.128362 2.22865 -0.023008 0.978203 -0.206374 -2.45184 0.126339 0.207619 0.970017 -0.730243 0 0 0 1 
7680147070088;1.00125;3.05528;0.982487 0.044615 0.180909 3.05371 -0.0400192 0.998779 -0.028977 -2.30803 -0.181981 0.0212297 0.983073 -4.99772 0 0 0 1 
7680147070089;1.42162;2.95974;0.998866 0.0270584 0.0391767 3.07218 -0.0278694 0.999405 0.0203046 -1.43184 -0.038604 -0.0213734 0.999026 1.0559 0 0 0 1 
7680147070090;0.678915;2.25247;0.998156 -0.00370552 -0.0605801 2.61862 0.00569169 0.999451 0.0326463 -0.213603 0.0604259 -0.0329309 0.997629 1.93964 0 0 0 1 
7680147070091;1.30647;2.66241;0.986897 -0.056524 -0.151125 1.48534 0.0403687 0.993341 -0.107909 0.289683 0.156218 0.100395 0.982607 2.09753 0 0 0 1 
7680147070093;0.528987;1.30678;0.996291 -0.00384328 -0.0859565 -2.35306 0.00949762 0.997809 0.0654696 0.299984 0.0855166 -0.0660432 0.994145 7.42384 0 0 0 1 
7680147070094;0.750267;1.19456;0.976767 -0.0227036 -0.2131 -3.3737 0.0498824 0.991147 0.123045 4.05325 0.20842 -0.130816 0.969251 17.5676 0 0 0 1 
7680147070095;1.32662;1.92521;0.993794 0.0810523 0.0761803 -4.95692 -0.0571571 0.959636 -0.275376 -8.04339 -0.0954252 0.269313 0.958313 -13.1604 0 0 0 1 
7680147070096;1.72861;1.95239;0.998957 0.0279894 0.0360672 -3.30303 -0.026222 0.998475 -0.0485793 -4.08213 -0.0373719 0.0475829 0.998168 -0.213559 0 0 0 1 
7680147070097;1.58172;3.10288;0.997799 -0.0198847 -0.0632539 -2.36848 0.0234797 0.99812 0.0566097 0.720855 0.0620094 -0.0579703 0.996391 6.38675 0 0 0 1 
7680147070098;0.811119;1.22513;0.981354 -0.0286088 -0.190069 -4.52561 0.00930898 0.994775 -0.101668 -1.54877 0.191984 0.0980026 0.976492 12.4683 0 0 0 1 
7680147070099;0.734807;1.27445;0.999704 0.0153641 0.0188539 -2.82266 -0.0153191 0.999879 -0.0025331 -2.92145 -0.0188906 0.00224352 0.999819 -1.58525 0 0 0 1 
7680147070100;0.613699;1.04682;0.933902 0.0915659 0.345604 -6.04755 -0.0694027 0.99469 -0.0759953 -6.41062 -0.350727 0.0469863 0.935298 -26.9537 0 0 0 1 
7680147070101;0.463274;1.18249;0.998878 0.0115893 -0.0459094 -1.92552 -0.016996 0.992726 -0.11919 -2.95971 0.0441941 0.119836 0.99181 0.248419 0 0 0 1 
7680147070102;1.71997;1.77486;0.989815 0.0769517 0.11977 -3.5282 -0.0533087 0.980456 -0.18938 -6.41667 -0.132002 0.181066 0.974572 -15.7193 0 0 0 1 
7680147070103;0.768405;2.29283;0.98213 0.0458698 0.182529 -3.93505 -0.053317 0.997925 0.0361018 -5.29722 -0.180494 -0.0451886 0.982537 -10.1367 0 0 0 1 
7680147070104;1.11988;1.35514;0.999346 0.0325658 0.0157249 -3.32701 -0.0317279 0.998201 -0.0508804 -4.95202 -0.0173535 0.0503482 0.998581 -2.38165 0 0 0 1 
7680147070105;0.792054;2.72116;0.967159 0.0182773 0.253515 -4.36743 -0.0160308 0.999812 -0.0109245 -3.87116 -0.253667 0.0065017 0.96727 -18.6074 0 0 0 1 
7680147070106;0.562855;2.01671;0.999089 0.00594226 -0.0422685 -3.56846 -0.00848886 0.998143 -0.0603262 -2.79918 0.0418315 0.06063 0.997283 2.89514 0 0 0 1 
7680147070107;0.610731;1.63592;0.999711 0.0111155 0.0212975 -2.38384 -0.0140563 0.989574 0.143335 -0.843136 -0.0194822 -0.143593 0.989445 3.006 0 0 0 1 
7680147070108;1.42716;2.40788;0.999693 0.00108056 -0.0247606 -3.29199 -0.00226613 0.998849 -0.0479037 -1.9295 0.0246803 0.0479451 0.998545 -0.206086 0 0 0 1 
7680147070109;0.474796;2.12787;0.894049 0.0322805 0.446804 -7.81969 -0.0957871 0.988108 0.12028 -7.72787 -0.437608 -0.150335 0.886509 -28.314 0 0 0 1 
7680147070110;0.941477;1.46936;0.999726 -0.00706789 0.0223107 -2.53284 0.00851366 0.997824 -0.0653864 -2.1787 -0.0218 0.0655585 0.997611 -2.9093 0 0 0 1 
7680147070111;1.47967;1.59828;0.999904 0.00964804 0.0099586 -0.618927 -0.00943346 0.999727 -0.0213739 -1.1032 -0.0101621 0.0212779 0.999722 0.320534 0 0 0 1 
7680147070112;1.75011;1.16143;0.996457 -0.00352492 -0.0840335 -4.23993 0.032867 0.935997 0.35047 3.82052 0.0774198 -0.35199 0.932797 12.1226 0 0 0 1 
7680147070113;1.0332;1.75791;0.996189 0.0332038 0.0806524 -3.66603 -0.0283837 0.997783 -0.0601914 -3.60196 -0.0824722 0.0576728 0.994923 -6.43711 0 0 0 1 
7680147070114;0.426388;1.62081;0.980628 -0.0251662 0.194254 -1.68239 -0.0526489 0.921353 0.385144 -0.32317 -0.18867 -0.387911 0.90218 -4.14006 0 0 0 1 
7680147070115;1.70185;1.95444;0.993854 0.0196448 -0.10894 -4.21655 -0.0574277 0.932836 -0.355695 -7.76701 0.0946356 0.359765 0.928231 -2.20151 0 0 0 1 
7680147070116;1.08478;1.05052;0.996979 0.062478 0.0461412 -3.84749 -0.0425379 0.936283 -0.348661 -5.10452 -0.0649849 0.345645 0.936112 -14.2895 0 0 0 1 
7680147070117;0.562653;1.33838;0.996469 0.0206569 0.0813837 -1.42748 -0.0284807 0.994956 0.0961791 -2.10239 -0.0789865 -0.0981574 0.992031 -2.95593 0 0 0 1 
7680147070118;0.421204;1.20209;0.993215 -0.010924 -0.115781 -2.51205 0.000164531 0.995709 -0.0925345 -1.34462 0.116295 0.0918876 0.988955 6.4252 0 0 0 1 
7680147070119;1.56631;1.4624;0.997451 0.0299317 0.0647807 -2.50779 -0.0260243 0.997838 -0.060343 -3.7391 -0.0664468 0.0585033 0.996073 -8.2976 0 0 0 1 
7680147070120;0.829004;2.28835;0.999919 -0.0119683 -0.00435144 -3.4548 0.0110202 0.984452 -0.175308 -2.86385 0.00638192 0.175246 0.984504 -2.22644 0 0 0 1 
7680147070121;0.0967963;1.24486;0.997073 0.0132061 0.0753023 -1.7778 -0.0160561 0.999173 0.0373689 -1.99768 -0.0747465 -0.0384685 0.99646 -3.99984 0 0 0 1 
7680147070122;0.194803;1.57243;0.999802 0.00248069 -0.0197598 -2.5208 -0.00313252 0.99945 -0.0330251 -1.88593 0.019667 0.0330804 0.999259 1.14893 0 0 0 1 
7680147070124;1.64617;2.59314;0.993169 -0.0364316 0.11085 -2.23636 0.0518657 0.988833 -0.139709 5.72202 -0.104522 0.144504 0.983968 -8.93276 0 0 0 1 
7680147070125;1.40625;2.61283;0.996612 -0.0698723 0.043383 -2.36392 0.0700173 0.997544 -0.00182826 8.0502 -0.0431487 0.00485963 0.999057 -5.22329 0 0 0 1 
7680147070126;1.2267;2.39841;0.997419 -0.067753 -0.0237721 -3.15519 0.0680005 0.997638 0.00976277 8.41098 0.0230545 -0.0113541 0.99967 1.2542 0 0 0 1 
7680147070127;1.9725;3.07;0.9876 -0.085329 -0.131779 -2.80735 0.0674621 0.988607 -0.134553 8.18955 0.141759 0.123994 0.982105 7.07725 0 0 0 1 
7680147070128;1.62499;3.15521;0.965532 -0.091414 -0.243705 -5.36907 0.0913601 0.995751 -0.0115489 9.19857 0.243725 -0.0111141 0.969781 12.7855 0 0 0 1 
7680147070129;0.486275;2.62756;0.998392 -0.0480806 -0.0300348 -2.12218 0.046525 0.99764 -0.0505039 5.91497 0.0323922 0.0490253 0.998272 2.0585 0 0 0 1 
7680147070130;1.63305;3.52495;0.996304 -0.0191229 0.0837378 -2.63146 0.0103685 0.994549 0.103758 4.98129 -0.0852655 -0.102507 0.991071 -4.69412 0 0 0 1 
7680147070131;2.14793;2.58337;0.924091 0.018305 0.381734 -5.84395 0.0717819 0.972762 -0.220414 7.84649 -0.37537 0.231084 0.897606 -26.2835 0 0 0 1 
7680147070132;1.4581;3.38616;0.995429 -0.053577 -0.0790587 -3.2943 0.0526573 0.998519 -0.0136742 6.54343 0.0796743 0.00944866 0.996776 2.65773 0 0 0 1 
7680147070133;1.07349;3.73012;0.999062 -0.0374964 -0.021661 -2.74282 0.0371788 0.999198 -0.0148856 5.36503 0.0222018 0.0140663 0.999655 1.0992 0 0 0 1 
7680147070134;1.69636;2.87884;0.993815 -0.0341846 -0.105658 -2.82531 0.0203647 0.991408 -0.129212 4.05873 0.109167 0.126261 0.985972 8.97198 0 0 0 1 
7680147070135;0.51747;2.66602;0.939875 -0.111215 -0.322904 -6.69299 0.108569 0.993742 -0.0262541 9.94594 0.323803 -0.0103819 0.946067 19.3352 0 0 0 1 
7680147070136;0.646267;3.25957;0.918274 -0.11631 -0.378477 -9.14642 0.0644017 0.987027 -0.14707 7.26942 0.390673 0.110676 0.913852 25.3464 0 0 0 1 
7680147070137;2.04694;3.74301;0.993602 -0.0215571 -0.110866 -3.4223 0.0369719 0.989613 0.138925 6.33773 0.10672 -0.142135 0.984077 7.8135 0 0 0 1 
7680147070138;0.720049;2.6494;0.999172 -0.0351385 -0.0204979 -2.06892 0.0329092 0.994395 -0.100478 4.93078 0.0239136 0.0997203 0.994728 0.658879 0 0 0 1 
7680147070139;1.74647;2.37294;0.997994 -0.041789 0.0475536 -2.17016 0.0431739 0.998662 -0.0284789 5.45662 -0.0462998 0.0304749 0.998463 -5.78798 0 0 0 1 
7680147070140;0.663015;3.46608;0.998726 -0.0482952 0.0145952 -2.69881 0.0493824 0.99501 -0.0866946 6.30745 -0.0103355 0.087305 0.996128 -1.42222 0 0 0 1 
7680147070141;0.53013;3.20274;0.998542 -0.0494443 0.0216432 -2.09276 0.0497339 0.998677 -0.0130532 6.3485 -0.0209692 0.0141106 0.999681 -1.82299 0 0 0 1 
7680147070142;1.96977;2.52111;0.982127 -0.0956777 -0.162086 -5.59913 0.0570992 0.972032 -0.2278 7.14406 0.179348 0.214474 0.960123 13.0768 0 0 0 1 
7680147070143;0.856847;2.94731;0.980688 -0.0581796 0.186723 -3.78614 0.025834 0.984899 0.171194 5.61796 -0.193863 -0.163064 0.967382 -13.8941 0 0 0 1 
7680147070144;1.63732;3.2837;0.996324 -0.00392491 0.0855772 -1.94975 0.00270546 0.999893 0.0143611 2.54788 -0.0856244 -0.0140768 0.996228 -7.21668 0 0 0 1 
7680147070145;0.140484;3.01144;0.99774 -0.0645625 0.0186406 -2.37617 0.0647837 0.997833 -0.0115143 7.64798 -0.0178568 0.0126959 0.99976 -1.63845 0 0 0 1 
7680147070146;1.19743;2.47924;0.993321 -0.102445 -0.0530852 -3.20622 0.103109 0.994621 0.00992279 10.4132 0.0517831 -0.0153301 0.998541 1.46951 0 0 0 1 
7680147070147;0.293378;2.75763;0.996992 -0.0130415 0.0764013 -1.96066 0.0203214 0.995241 -0.0952968 4.13013 -0.0747949 0.0965627 0.992513 -5.04843 0 0 0 1 
7680147070148;2.08491;2.53446;0.993104 -0.0601474 -0.100634 -1.82667 0.0762496 0.98339 0.164709 8.0177 0.0890555 -0.171247 0.981195 6.86961 0 0 0 1 
7680147070149;2.16398;2.37834;0.987866 -0.0636141 -0.141681 -2.89667 0.0391673 0.984823 -0.169087 5.99487 0.150287 0.161486 0.975364 9.48682 0 0 0 1 
7680147070150;0.570326;3.40416;0.998772 -0.0119801 0.0480818 -2.46723 0.0315661 0.901794 -0.431011 3.84328 -0.0381964 0.431999 0.901065 -1.43272 0 0 0 1 
7680147070151;0.700204;3.06924;0.993473 -0.0696922 -0.0903052 -3.70695 0.0706717 0.99747 0.00769124 8.50465 0.0895407 -0.0140231 0.995884 4.861 0 0 0 1 
7680147070152;0.196422;3.11573;0.998506 -0.0536989 -0.0100706 -2.40397 0.0534971 0.998381 -0.0193392 6.95632 0.0110928 0.0187716 0.999762 0.287466 0 0 0 1 
7680147070153;0.328459;3.33443;0.999188 -0.0378035 -0.0139108 -2.63533 0.0317195 0.95126 -0.306755 4.77962 0.0248292 0.306065 0.951687 2.16206 0 0 0 1 
7680147070155;0.140686;3.64404;0.99941 -0.0158181 -0.030499 5.31049 0.0145654 0.999058 -0.0408675 2.98259 0.0311167 0.0403991 0.998699 3.36344 0 0 0 1 
7680147070156;0.73666;3.33575;0.998878 -0.0328611 -0.0340957 5.46443 0.0314166 0.998621 -0.0420713 4.49787 0.0354312 0.0409529 0.998533 4.02465 0 0 0 1 
7680147070157;1.89722;4.23259;0.996426 -0.0381333 -0.0753776 3.94882 0.0406748 0.998645 0.0324733 6.72615 0.0740371 -0.0354232 0.996626 9.93272 0 0 0 1 
7680147070158;1.79956;3.63537;0.997494 -0.0249205 -0.0662182 4.88123 0.0110174 0.97921 -0.202552 3.10658 0.0698892 0.201314 0.97703 8.93259 0 0 0 1 
7680147070159;1.65931;4.352;0.998468 0.0148916 -0.0532949 4.36851 -0.0173222 0.998817 -0.0454379 -0.66478 0.0525552 0.0462914 0.997545 4.33921 0 0 0 1 
7680147070160;0.0621527;3.65815;0.998921 0.0116117 -0.0449681 5.27468 -0.0135824 0.998949 -0.0437697 -0.0533571 0.0444127 0.0443332 0.998029 5.04866 0 0 0 1 
7680147070161;0.430207;3.71334;0.996692 -0.0432661 -0.0688034 5.11502 0.0379922 0.996369 -0.0761952 5.56428 0.0718502 0.0733291 0.994716 8.09937 0 0 0 1 
7680147070162;0.473536;3.53037;0.969027 0.0388898 0.243875 2.70824 -0.0400097 0.999199 -0.000361687 -2.90579 -0.243694 -0.0094069 0.969807 -27.2007 0 0 0 1 
7680147070163;0.736349;3.93817;0.991925 0.0152831 0.125899 4.74139 -0.0306417 0.992183 0.120975 -1.74133 -0.123066 -0.123856 0.984639 -13.4688 0 0 0 1 
7680147070164;0.540732;3.85747;0.9964 -0.0515034 -0.0673404 4.81502 0.0395237 0.984914 -0.168472 5.5152 0.0750014 0.165204 0.983403 9.26614 0 0 0 1 
7680147070165;1.76832;3.72372;0.999603 -0.0172238 -0.0222773 5.13729 0.0161753 0.998791 -0.0464213 3.15516 0.0230499 0.0460426 0.998674 5.39475 0 0 0 1 
7680147070166;0.877488;3.65359;0.994915 0.00886093 -0.100324 4.9233 0.00330096 0.992718 0.120416 1.8577 0.10066 -0.120134 0.987641 9.08888 0 0 0 1 
7680147070167;0.355143;3.76953;0.996235 -0.0429854 -0.0752811 4.72033 0.0399355 0.998338 -0.0415617 5.96367 0.0769424 0.0383988 0.996296 8.78413 0 0 0 1 
7680147070168;0.458362;3.54774;0.999763 -0.00563054 0.0210085 5.6619 0.00383121 0.996397 0.0847249 2.57882 -0.0214099 -0.0846244 0.996183 -3.10811 0 0 0 1 
7680147070169;1.52541;3.35301;0.959728 -0.0391174 -0.278196 1.28283 0.0572705 0.996706 0.0574257 7.87894 0.275033 -0.0710454 0.958806 28.4695 0 0 0 1 
7680147070170;1.71122;4.02386;0.997193 0.0304519 0.0684085 4.796 -0.0250853 0.996639 -0.0779833 -1.22824 -0.0705534 0.0760483 0.994605 -6.6917 0 0 0 1 
7680147070171;1.73488;2.92204;0.993693 -0.0431433 -0.1035 5.54967 0.012772 0.96056 -0.27778 2.58275 0.111403 0.274707 0.955053 12.0299 0 0 0 1 
7680147070172;1.09968;3.29922;0.999809 0.00336662 -0.019269 5.69784 -0.00408593 0.999292 -0.0374129 0.490805 0.0191294 0.0374844 0.999114 2.33228 0 0 0 1 
7680147070173;0.591876;3.58691;0.960526 0.00658263 -0.278112 -0.123103 0.00616552 0.998971 0.0449388 2.50567 0.278121 -0.0448796 0.959497 30.4834 0 0 0 1 
7680147070174;1.36958;4.17254;0.997189 -0.0617259 0.0424669 4.78961 0.0678457 0.98441 -0.162278 8.05627 -0.0317881 0.164703 0.985831 -4.43836 0 0 0 1 
7680147070175;0.533565;3.58017;0.998911 0.00569107 -0.0463074 5.26456 -0.00772866 0.999004 -0.043942 0.881397 0.0460112 0.0442521 0.99796 5.68514 0 0 0 1 
7680147070176;0.79171;3.43747;0.992528 0.0213528 0.120134 5.04618 -0.00742494 0.993313 -0.115209 -0.0863889 -0.121791 0.113456 0.98605 -12.1277 0 0 0 1 
7680147070177;1.74498;3.84296;0.959983 0.05513 0.274578 1.95316 -0.0256889 0.993634 -0.109689 -2.53887 -0.278877 0.0982459 0.955288 -30.3346 0 0 0 1 
7680147070178;1.38005;4.351;0.995745 -0.0427851 0.0816214 5.0273 0.0531697 0.990136 -0.129627 6.72539 -0.0752702 0.133416 0.988198 -9.21315 0 0 0 1 
7680147070179;1.66284;3.45531;0.998968 0.0187007 0.0413997 6.09144 -0.0195654 0.999597 0.0205797 -1.16673 -0.0409981 -0.0213685 0.998931 -3.42174 0 0 0 1 
7680147070180;1.25183;4.01493;0.96963 0.0213114 -0.243647 1.37245 0.00962898 0.992098 0.125097 2.79373 0.244388 -0.123644 0.961762 24.3516 0 0 0 1 
7680147070181;1.00094;3.85697;0.9982 0.0340698 0.0493538 5.80329 -0.0424671 0.982643 0.18058 -2.89691 -0.0423449 -0.182351 0.982321 -6.57538 0 0 0 1 
7680147070182;1.8528;4.22235;0.979553 0.066383 0.189918 4.89015 -0.084963 0.992182 0.0914175 -7.50061 -0.182365 -0.105684 0.977535 -23.151 0 0 0 1 
7680147070183;0.963883;3.65387;0.988711 0.0573995 0.138405 5.77442 -0.0788492 0.984785 0.154857 -6.26344 -0.12741 -0.164022 0.978194 -15.6317 0 0 0 1 
7680147070184;0.147928;3.60023;0.998683 -0.0068842 -0.0508496 5.16342 0.00606698 0.99985 -0.0162083 2.12983 0.0509535 0.0158784 0.998575 5.73975 0 0 0 1 
7680147070186;1.27351;4.58901;0.997298 0.0643594 0.0354158 4.1135 -0.061872 0.99581 -0.0673395 -1.69699 -0.0396013 0.0649663 0.997101 -3.62418 0 0 0 1 
7680147070187;0.700101;4.14102;0.943427 0.118321 0.309752 -1.59076 -0.172555 0.972898 0.153927 -12.9787 -0.283144 -0.198668 0.938275 -30.6264 0 0 0 1 
7680147070188;1.39118;4.69108;0.996756 0.0602937 0.0533195 4.08253 -0.0620776 0.997543 0.0324577 -1.76588 -0.0512315 -0.0356623 0.99805 -7.69304 0 0 0 1 
7680147070189;1.30828;4.21421;0.963851 0.0398783 -0.26344 -0.292693 0.058496 0.932941 0.355245 14.4256 0.259941 -0.357813 0.896884 30.0225 0 0 0 1 
7680147070190;1.12112;4.66144;0.991917 0.0471536 0.117799 3.7662 -0.0845171 0.93799 0.336203 -1.92291 -0.0946411 -0.343441 0.934393 -9.53257 0 0 0 1 
7680147070191;1.94775;3.8946;0.997882 0.0167212 -0.0628578 5.19515 -0.00378808 0.979691 0.200477 5.94036 0.0649335 -0.199814 0.97768 7.77211 0 0 0 1 
7680147070192;1.68036;4.55566;0.987116 0.0231945 0.158316 3.5794 -0.0193217 0.999476 -0.0259581 3.9221 -0.158835 0.0225647 0.987047 -17.6822 0 0 0 1 
7680147070193;1.11849;4.38063;0.99843 0.0419974 0.0370604 4.66312 -0.0304527 0.962343 -0.270127 1.19709 -0.0470095 0.268574 0.962111 -6.71932 0 0 0 1 
7680147070194;0.766853;4.80146;0.999239 0.033248 0.0203848 3.82431 -0.0336679 0.99922 0.0206161 1.39863 -0.0196835 -0.0212868 0.99958 -2.82714 0 0 0 1 
7680147070195;0.416426;4.49178;0.995602 0.0668277 0.0656618 3.92039 -0.061666 0.995066 -0.0777194 -1.69681 -0.0705317 0.0733285 0.994811 -9.06721 0 0 0 1 
7680147070196;0.748225;4.93655;0.998859 0.0358623 0.0315292 3.91942 -0.0383707 0.995817 0.0829287 1.38464 -0.0284233 -0.0840439 0.996057 -2.6295 0 0 0 1 
7680147070197;0.500793;4.42228;0.996809 0.076783 0.0218299 3.6927 -0.0704061 0.974542 -0.212865 -3.24955 -0.0376186 0.210649 0.976838 -6.14055 0 0 0 1 
7680147070198;0.104802;4.5524;0.999594 0.0230885 0.0166663 4.48174 -0.02465 0.994628 0.100533 3.08152 -0.0142556 -0.100903 0.994794 -1.11369 0 0 0 1 
7680147070199;1.797;4.81721;0.979591 0.0834539 0.182856 2.76363 -0.0762371 0.996021 -0.04616 -3.88426 -0.185981 0.0312775 0.982055 -23.5774 0 0 0 1 
7680147070200;0.574851;4.30355;0.994886 0.0985082 -0.0223234 2.60298 -0.0967272 0.992826 0.0702877 -4.93195 0.0290872 -0.067769 0.997277 2.7632 0 0 0 1 
7680147070201;1.66238;5.17931;0.972573 -0.0185681 -0.231856 0.687821 0.0190556 0.999818 -0.000136992 6.20847 0.231816 -0.00428492 0.97275 24.5897 0 0 0 1 
7680147070202;0.856075;5.17892;0.997791 0.0574517 0.0333383 3.94999 -0.062356 0.983106 0.172088 -0.691684 -0.0228883 -0.173787 0.984517 -1.22121 0 0 0 1 
7680147070203;0.151635;4.30963;0.9995 0.0233847 0.0213007 4.24044 -0.0237044 0.999608 0.0148819 2.72524 -0.0209444 -0.0153794 0.999662 -2.488 0 0 0 1 
7680147070204;1.87474;5.47802;0.998462 0.0524159 0.0180536 3.21478 -0.0523279 0.998616 -0.00531688 -0.216192 -0.0183073 0.00436399 0.999823 -0.867654 0 0 0 1 
7680147070205;1.34644;3.80014;0.999698 0.0129092 0.0209125 5.16691 -0.014958 0.994776 0.10098 4.76535 -0.0194997 -0.101262 0.994669 -1.96423 0 0 0 1 
7680147070206;0.882492;4.61203;0.908631 -0.0578191 -0.413578 -6.38594 0.0169908 0.994667 -0.101728 7.46854 0.417254 0.0854061 0.904768 44.6682 0 0 0 1 
7680147070207;1.16879;4.96713;0.993281 0.0851625 0.0783604 3.08103 -0.0910621 0.993011 0.0750747 -4.61823 -0.0714192 -0.0817059 0.994094 -6.45922 0 0 0 1 
7680147070208;1.24601;4.82646;0.993531 0.101691 0.0505519 3.14528 -0.107201 0.986727 0.121977 -6.43869 -0.037477 -0.126607 0.991245 -3.5235 0 0 0 1 
7680147070209;1.20929;4.31382;0.997949 0.0186214 -0.0612538 4.60395 0.00753126 0.915977 0.401161 8.76171 0.0635772 -0.400799 0.913957 8.41229 0 0 0 1 
7680147070210;1.69015;4.00773;0.999476 0.0180762 0.0268398 4.90743 -0.0187133 0.999544 0.0236796 4.61432 -0.0263996 -0.0241694 0.999359 -1.52294 0 0 0 1 
7680147070211;0.940014;4.90071;0.989179 0.00841966 -0.146474 2.49945 0.020806 0.980212 0.196853 8.96431 0.145233 -0.19777 0.96943 18.2392 0 0 0 1 
7680147070212;1.74535;4.15715;0.999489 -0.0231892 0.0219921 4.86691 0.0230547 0.999714 0.00634886 8.39062 -0.022133 -0.0058386 0.999738 -3.73886 0 0 0 1 
7680147070213;0.400202;4.39491;0.998556 0.0339668 0.0416201 4.26883 -0.0357077 0.998487 0.0418261 1.72674 -0.0401364 -0.0432519 0.998258 -4.62437 0 0 0 1 
7680147070214;0.315659;4.85467;0.998103 0.0170223 -0.0591729 4.4364 -0.0117957 0.996088 0.087579 4.4689 0.0604321 -0.0867148 0.994399 7.00722 0 0 0 1 
7680147070215;0.611277;4.76519;0.996514 0.046115 0.0695188 4.04868 -0.0485178 0.998268 0.033279 0.131111 -0.0678637 -0.0365359 0.997025 -8.37521 0 0 0 1 
7680147070217;0.89674;4.16378;0.997993 -0.0173636 0.0608983 -5.1614 0.0159203 0.999583 0.0241048 -1.2631 -0.0612914 -0.0230869 0.997853 -2.04982 0 0 0 1 
7680147070218;1.73564;3.99502;0.999956 0.00146996 0.00922084 -5.40807 -0.00152172 0.999983 0.00560933 -0.774043 -0.00921244 -0.00562311 0.999942 1.69579 0 0 0 1 
7680147070219;1.39452;4.25424;0.96163 -0.066249 -0.26623 -6.42245 0.0415524 0.994382 -0.0973549 -1.14729 0.271184 0.0825569 0.95898 6.24102 0 0 0 1 
7680147070220;0.267296;4.1673;0.999755 -0.0202829 -0.00882753 -5.33539 0.0150434 0.915988 -0.400924 -1.85393 0.0162178 0.400694 0.916069 4.01568 0 0 0 1 
7680147070221;1.27015;4.93372;0.999739 -0.0111583 0.0199514 -4.61125 0.00623359 0.97277 0.231688 -1.09033 -0.0219933 -0.231503 0.972586 -2.773 0 0 0 1 
7680147070222;1.97297;3.16592;0.995921 -0.00603689 0.0900236 -5.90662 0.00270241 0.999307 0.0371161 -1.6607 -0.0901853 -0.0367214 0.995248 -1.03333 0 0 0 1 
7680147070223;1.53331;3.84254;0.997987 -0.0135923 -0.0619468 -5.45891 0.0140547 0.999876 0.00703503 -1.61572 0.0618435 -0.00789152 0.998055 -0.0764577 0 0 0 1 
7680147070224;2.30376;4.02684;0.913071 -0.114358 -0.391438 -7.16379 0.070695 0.98973 -0.124244 -0.781839 0.401627 0.0857708 0.911778 4.05294 0 0 0 1 
7680147070225;1.4585;4.43818;0.998563 -0.031203 -0.0435727 -5.30037 0.0291099 0.998429 -0.0478726 -0.115698 0.0449981 0.0465354 0.997903 2.21645 0 0 0 1 
7680147070226;1.86707;4.19408;0.998541 -0.0146254 -0.0519846 -5.49868 0.0141501 0.999855 -0.00949943 -0.474101 0.052116 0.00874998 0.998603 2.94132 0 0 0 1 
7680147070227;0.781577;4.30131;0.999806 -0.0053881 -0.0189507 -4.90125 0.00553611 0.999955 0.00776632 -1.49679 0.018908 -0.00786972 0.99979 -0.567022 0 0 0 1 
7680147070228;0.400914;4.3764;0.998293 -0.0109634 0.0573594 -5.16291 0.00888853 0.999301 0.0363048 -1.28246 -0.0577173 -0.035733 0.997693 -1.07057 0 0 0 1 
7680147070229;0.955663;4.00099;0.999726 -0.00796184 -0.0219925 -5.50509 0.00718386 0.999353 -0.0352298 -0.911218 0.0222588 0.0350622 0.999137 0.968353 0 0 0 1 
7680147070230;0.317185;4.07808;0.980633 -0.0383891 -0.192057 -5.78758 0.0312104 0.998701 -0.0402657 -0.91676 0.193354 0.0334917 0.980557 3.46398 0 0 0 1 
7680147070231;1.12926;4.56253;0.999859 -0.0144988 0.00851297 -5.22868 0.0143636 0.999773 0.015734 -0.77099 -0.00873916 -0.0156095 0.99984 -1.04016 0 0 0 1 
7680147070232;1.51388;3.80782;0.99992 -0.00789484 0.00991022 -5.36596 0.00764024 0.999646 0.0254712 -1.91571 -0.0101078 -0.0253934 0.999626 -1.39054 0 0 0 1 
7680147070233;1.97376;3.95007;0.991044 -0.0218697 -0.131736 -6.23183 0.0638885 0.943922 0.323928 -0.228267 0.117264 -0.329443 0.936865 -2.47921 0 0 0 1 
7680147070234;1.9935;4.34934;0.999721 -0.00342126 -0.0233509 -5.014 0.00133658 0.996056 -0.0887144 -1.65607 0.0235623 0.0886585 0.995783 -1.16225 0 0 0 1 
7680147070235;1.53051;4.27165;0.987421 -0.0244751 -0.156207 -5.2561 0.0237781 0.999697 -0.00632945 -1.40212 0.156315 0.00253551 0.987704 1.07816 0 0 0 1 
7680147070236;0.104269;4.21088;0.999828 -0.0112233 0.0147652 -5.18342 0.0110764 0.999889 0.00999675 -1.17418 -0.0148758 -0.00983148 0.999841 -0.146105 0 0 0 1 
7680147070237;2.06657;3.27296;0.997627 -0.0386589 -0.0569724 -6.47265 0.0284259 0.984935 -0.170574 -0.864633 0.0627083 0.168549 0.983696 4.00031 0 0 0 1 
7680147070238;1.4657;4.75724;0.916041 0.0124785 0.40089 -5.13863 -0.118356 0.963417 0.240457 -3.32033 -0.383224 -0.267716 0.884007 -8.74969 0 0 0 1 
7680147070239;0.672786;4.20115;0.992591 0.00150509 0.121496 -4.95882 -0.0108454 0.99703 0.0762529 -1.32351 -0.12102 -0.0770056 0.989659 -1.84638 0 0 0 1 
7680147070240;1.69401;4.3722;0.998641 -0.0139037 0.050234 -5.21442 0.00956764 0.996288 0.085548 -0.542206 -0.0512369 -0.084951 0.995067 0.443013 0 0 0 1 
7680147070241;1.89764;4.47822;0.995352 -0.0366705 -0.0890539 -5.35489 0.05542 0.974324 0.218222 -1.28463 0.078765 -0.222143 0.971828 -3.0067 0 0 0 1 
7680147070242;1.04234;3.78048;0.998058 -0.000936688 -0.0622879 -5.45434 0.00172349 0.999919 0.0125792 -1.07026 0.0622711 -0.0126621 0.997979 1.61508 0 0 0 1 
7680147070243;1.63774;3.58769;0.970066 0.017997 0.242172 -5.61379 -0.0285703 0.998782 0.0402192 -2.32092 -0.241153 -0.0459342 0.969399 -3.93629 0 0 0 1 
7680147070244;2.23994;4.62513;0.996604 0.00328851 -0.0822783 -4.8712 0.0149354 0.97541 0.219892 -1.22562 0.0809782 -0.220374 0.972048 1.34346 0 0 0 1 
7680147070245;0.410551;4.26279;0.999756 -0.012047 -0.0185078 -5.24275 0.0122453 0.999868 0.0106347 -1.16477 0.0183773 -0.0108587 0.999772 -0.225262 0 0 0 1 
7680147070246;0.921508;4.20533;0.99474 -0.0286284 -0.0983458 -5.34563 0.0243297 0.998707 -0.0446354 -0.962549 0.0994965 0.0420079 0.994151 0.854443 0 0 0 1 
7680147070248;1.50847;2.3235;0.97789 0.0446092 -0.204304 2.35088 0.0197802 0.95287 0.302733 5.3397 0.20818 -0.300081 0.93092 21.7094 0 0 0 1 
7680147070249;1.33018;2.23578;0.991845 0.110079 0.0642416 3.85633 -0.110307 0.993898 3.55607e-06 -6.68204 -0.0638492 -0.00708981 0.997934 -4.67115 0 0 0 1 
7680147070250;0.124558;2.42566;0.99509 0.0952652 0.0268441 2.96994 -0.0951075 0.995442 -0.00709319 -5.92863 -0.0273975 0.00450528 0.999614 -3.19097 0 0 0 1 
7680147070251;0.53556;2.78098;0.975818 0.12517 0.179196 1.74817 -0.142788 0.985743 0.0890062 -9.81105 -0.165501 -0.112441 0.979779 -14.114 0 0 0 1 
7680147070252;1.1295;2.5775;0.974732 0.185254 0.124814 0.922436 -0.174597 0.980371 -0.0915923 -12.8451 -0.139332 0.0674857 0.987943 -11.5222 0 0 0 1 
7680147070253;0.578449;2.35993;0.999265 0.0142207 -0.0355962 4.29741 -0.0143727 0.999889 -0.00401768 1.16112 0.0355351 0.00452634 0.999358 3.26649 0 0 0 1 
7680147070254;1.15198;2.05689;0.995431 0.0952074 0.00724424 3.36621 -0.0951966 0.995457 -0.00182743 -5.3212 -0.00738531 0.00112945 0.999972 -2.69478 0 0 0 1 
7680147070255;0.370863;2.37651;0.98765 0.122877 0.0972013 1.96525 -0.154479 0.867243 0.473315 -8.51126 -0.0261375 -0.482485 0.875514 1.08014 0 0 0 1 
7680147070256;1.32328;2.49446;0.96079 0.148304 0.234283 -0.528074 -0.0955451 0.970271 -0.222365 -6.24734 -0.260296 0.191261 0.946396 -27.9277 0 0 0 1 
7680147070257;0.807316;2.75446;0.97394 0.0113584 -0.226523 2.01479 -0.0574112 0.978565 -0.197773 -2.51727 0.219421 0.205624 0.953716 17.8501 0 0 0 1 
7680147070258;0.260139;2.3081;0.944053 0.200207 0.262072 -2.08398 -0.159345 0.972644 -0.169036 -12.049 -0.288745 0.117819 0.950129 -27.7909 0 0 0 1 
7680147070259;0.965988;2.49467;0.984089 0.0946132 0.150392 2.56349 -0.102633 0.993633 0.0464731 -6.3639 -0.145037 -0.0611688 0.987534 -13.1221 0 0 0 1 
7680147070260;0.831214;2.17924;0.994856 0.101293 -0.00116864 3.11356 -0.099883 0.982796 0.155356 -5.05265 0.0168851 -0.15444 0.987858 2.08314 0 0 0 1 
7680147070261;1.06706;2.30746;0.982204 0.106637 0.15461 1.89226 -0.0646398 0.964828 -0.254812 -3.5116 -0.176344 0.240283 0.95455 -20.285 0 0 0 1 
7680147070262;1.52451;2.74994;0.98366 0.09938 0.150119 3.21601 -0.100781 0.994907 0.00173791 -7.4941 -0.149182 -0.0168387 0.988666 -15.4963 0 0 0 1 
7680147070263;1.15131;2.71604;0.990046 0.129502 0.0551133 1.63306 -0.127659 0.991173 -0.0357594 -9.28531 -0.0592577 0.0283678 0.99784 -8.10077 0 0 0 1 
7680147070264;1.15529;2.63766;0.992019 0.122682 0.0291025 2.27843 -0.122399 0.992416 -0.011335 -8.17935 -0.0302724 0.00768244 0.999512 -1.17251 0 0 0 1 
7680147070265;0.426203;2.41828;0.964589 0.0294614 0.262107 1.55904 -0.0721062 0.985341 0.154606 -3.35949 -0.25371 -0.168031 0.952574 -21.8978 0 0 0 1 
7680147070266;1.20758;2.50916;0.992227 0.121132 0.0285104 1.72516 -0.124183 0.978592 0.164124 -6.55967 -0.00801942 -0.166389 0.986028 0.367569 0 0 0 1 
7680147070267;1.05989;2.74239;0.990939 0.0720906 0.113328 4.67088 -0.0928799 0.977291 0.190464 -4.94889 -0.0970233 -0.199264 0.975131 -7.1869 0 0 0 1 
