#;prob_registration_l1 -r ../../../build/tester /home/point_clouds_registration_benchmark/gazebo_summer_local.txt /home/point_clouds_registration_benchmark/gazebo_summer -s 0.2 -t 0.2 -p 0.3 -r 1000 -m 5 -i 40 
id;initial_error;final_error;transformation
36535719080000;0.0805842;0.156769;0.998767 -0.0143689 0.0475188 -0.379553 0.0094764 0.994777 0.101626 -0.0800984 -0.0487309 -0.101051 0.993687 0.00677964 0 0 0 1 
36535719080001;0.11249;0.154092;0.986542 -0.00109084 0.163503 -0.534494 0.011414 0.997998 -0.0622115 0.0879765 -0.163107 0.0632405 0.984579 0.18458 0 0 0 1 
36535719080002;0.259114;0.178827;0.989784 0.0105765 0.142183 -0.180178 -0.0374711 0.981485 0.187839 -0.40218 -0.137564 -0.191248 0.971854 0.0635455 0 0 0 1 
36535719080003;0.441289;0.72741;0.976853 -0.0642735 0.204028 -1.38554 0.0793292 0.994629 -0.0664845 -0.562402 -0.198659 0.081131 0.976705 -0.186446 0 0 0 1 
36535719080004;0.424931;0.723004;0.946396 -0.0453363 0.319811 -1.60878 0.0738469 0.994247 -0.0775865 -0.368318 -0.314453 0.0970446 0.944299 -0.157473 0 0 0 1 
36535719080005;0.508351;0.279392;0.984877 -0.096896 0.143629 -0.182459 0.144257 0.917743 -0.370051 0.746224 -0.0959582 0.385174 0.917841 -0.439592 0 0 0 1 
36535719080006;0.482532;0.471448;0.983092 0.0673716 -0.170266 -1.18992 -0.0923491 0.985358 -0.14332 0.533751 0.158117 0.156621 0.97492 -1.51647 0 0 0 1 
36535719080007;0.407429;0.386115;0.968913 -0.246692 0.018721 -0.962269 0.24333 0.93656 -0.252281 -0.560674 0.0447026 0.248994 0.967473 -1.24458 0 0 0 1 
36535719080008;0.494873;0.535702;0.988418 0.038125 0.146888 -1.58642 0.0122869 0.944645 -0.327864 0.581888 -0.151257 0.325872 0.933236 -0.715476 0 0 0 1 
36535719080009;0.260051;0.16028;0.9859 -0.091086 0.140373 -0.502887 0.0842752 0.994993 0.0537351 -0.772575 -0.144565 -0.0411475 0.988639 -0.327953 0 0 0 1 
36535719080010;0.367096;0.287596;0.978009 -0.138428 0.156002 -0.105477 0.144517 0.989097 -0.0283336 -0.190624 -0.150378 0.0502554 0.98735 0.690819 0 0 0 1 
36535719080011;0.379627;0.358148;0.971311 -0.164342 0.171893 -0.782898 0.154808 0.985631 0.0675659 0.247854 -0.180527 -0.039017 0.982796 -0.30074 0 0 0 1 
36535719080012;0.1676;0.14639;0.999208 0.0220913 0.0330924 -0.535574 -0.0225901 0.999636 0.0147749 0.28692 -0.032754 -0.0155107 0.999343 -0.57223 0 0 0 1 
36535719080013;0.445602;0.606122;0.959236 -0.124137 0.253883 -0.702997 0.122629 0.992213 0.021824 -0.524079 -0.254615 0.010199 0.966989 0.255384 0 0 0 1 
36535719080014;0.45281;0.5186;0.994674 0.100703 -0.0219798 -1.53869 -0.101374 0.994335 -0.0319548 0.425458 0.0186374 0.0340128 0.999248 -0.143737 0 0 0 1 
36535719080015;0.366192;0.499429;0.99851 0.0478138 0.0263053 -1.57796 -0.0484083 0.998575 0.022447 0.119102 -0.0251945 -0.0236869 0.999402 0.0458408 0 0 0 1 
36535719080016;0.0775968;0.142309;0.991604 -0.00836419 0.129037 -0.481539 0.0019395 0.998756 0.0498348 0.0490307 -0.129294 -0.0491662 0.990387 0.122915 0 0 0 1 
36535719080017;0.294515;0.172252;0.95406 0.0564593 0.294246 -0.630584 0.0263901 0.962432 -0.270236 0.220138 -0.29845 0.265587 0.916729 0.18653 0 0 0 1 
36535719080018;0.425335;0.528584;0.999798 0.0185962 -0.00762583 -1.1818 -0.019168 0.99633 -0.0834177 -0.143912 0.00604659 0.083547 0.996485 -0.681655 0 0 0 1 
36535719080019;0.389784;0.528628;0.995037 0.0320462 -0.0942016 -1.12594 -0.0395886 0.996063 -0.0793201 0.0618061 0.0912887 0.0826557 0.992388 -0.663578 0 0 0 1 
36535719080020;0.317608;0.182547;0.98759 0.152106 -0.0391055 -0.628988 -0.149209 0.986423 0.0686017 0.869169 0.0490093 -0.0619155 0.996877 -0.0387536 0 0 0 1 
36535719080021;0.423824;0.631503;0.945165 -0.142772 0.293734 -1.36073 0.241893 0.910312 -0.335888 -0.214837 -0.219434 0.388522 0.89493 -0.0570295 0 0 0 1 
36535719080022;0.154215;0.131273;0.999538 0.007956 0.0293308 -0.680298 -0.00850563 0.99979 0.0186622 -0.0143138 -0.0291762 -0.0189031 0.999396 -0.383546 0 0 0 1 
36535719080023;0.35143;0.174854;0.977957 -0.00104651 -0.208805 -0.456423 0.0235887 0.99414 0.105497 0.220161 0.207471 -0.108097 0.97225 0.272164 0 0 0 1 
36535719080024;0.34005;0.174384;0.963927 -0.233443 -0.127864 -0.053342 0.175558 0.918697 -0.353802 -0.185988 0.200061 0.318592 0.926539 -1.12622 0 0 0 1 
36535719080025;0.273677;0.192974;0.995497 0.0565897 -0.0760417 -0.608199 -0.0414317 0.981316 0.187887 0.405242 0.0852534 -0.18389 0.979243 -0.0238752 0 0 0 1 
36535719080026;0.254446;0.202199;0.997352 -0.0231731 0.0689418 -0.0293738 0.0223998 0.999677 0.011968 0.438394 -0.0691969 -0.010392 0.997549 -0.102655 0 0 0 1 
36535719080027;0.274443;0.23308;0.988737 0.122274 0.0863067 -1.04535 -0.122991 0.992403 0.0030252 0.174149 -0.0852812 -0.0136061 0.996264 -0.02356 0 0 0 1 
36535719080028;0.110223;0.152989;0.990488 -0.0286605 0.134579 -0.567153 0.0366382 0.997691 -0.0571811 -0.139675 -0.13263 0.0615679 0.989252 0.00658846 0 0 0 1 
36535719080029;0.464721;0.732371;0.967519 -0.0554317 0.246645 -1.50184 0.0637303 0.997634 -0.0257851 -0.618137 -0.244633 0.0406663 0.968763 -0.355474 0 0 0 1 
36535719080031;0.562593;1.69441;0.978479 0.127954 0.161882 -2.70205 -0.116863 0.990212 -0.076313 0.65769 -0.170062 0.0557528 0.983855 -0.208593 0 0 0 1 
36535719080032;0.49885;1.66296;0.995165 -0.0772153 -0.0606958 -2.56103 0.0806868 0.995109 0.0569902 1.03057 0.0559984 -0.061612 0.996528 -0.511411 0 0 0 1 
36535719080033;0.471869;1.66585;0.959758 0.25382 0.120164 -2.94006 -0.279362 0.906583 0.316329 1.15406 -0.0286477 -0.337169 0.941008 0.469436 0 0 0 1 
36535719080034;0.28376;1.66148;0.921567 0.362539 -0.138853 -2.78248 -0.336961 0.924601 0.177684 1.16932 0.1928 -0.116959 0.974243 -1.13958 0 0 0 1 
36535719080035;0.587922;1.80256;0.990168 -0.0624459 0.125169 -3.25661 0.0716014 0.994972 -0.0700293 -0.0751076 -0.120166 0.078303 0.989661 -0.816111 0 0 0 1 
36535719080036;0.406933;1.58816;0.976551 0.190523 0.100245 -3.04134 -0.187147 0.981427 -0.0421588 0.923132 -0.106415 0.0224097 0.994069 0.445069 0 0 0 1 
36535719080037;0.0919718;1.68702;0.940629 0.28133 0.189923 -3.05985 -0.274233 0.959583 -0.0632256 0.742191 -0.200034 0.00738867 0.979761 0.125824 0 0 0 1 
36535719080038;0.581548;1.66002;0.984239 0.0786808 0.158377 -3.72967 -0.0834534 0.99623 0.0237022 0.526035 -0.155915 -0.0365457 0.987094 0.662718 0 0 0 1 
36535719080039;0.434512;1.7123;0.921492 0.356728 0.153614 -3.43636 -0.34191 0.932684 -0.114881 1.7 -0.184255 0.0533395 0.98143 -0.455578 0 0 0 1 
36535719080040;0.566995;1.66224;0.926332 0.0832745 0.367389 -2.26361 -0.120057 0.989668 0.0783864 0.505508 -0.357065 -0.116719 0.926758 0.442575 0 0 0 1 
36535719080041;0.142283;1.62718;0.927207 0.343529 0.149246 -2.74834 -0.340205 0.939122 -0.0480789 1.17248 -0.156677 -0.00619513 0.98763 -0.119639 0 0 0 1 
36535719080042;0.307724;1.63909;0.984151 0.176492 -0.0172552 -3.01025 -0.17475 0.94867 -0.263604 0.663884 -0.0301544 0.262441 0.964477 -0.188889 0 0 0 1 
36535719080043;0.210302;1.65908;0.959287 0.157403 0.234506 -3.02778 -0.189522 0.974359 0.121271 0.956352 -0.209404 -0.160778 0.964521 0.450657 0 0 0 1 
36535719080044;0.594242;1.59197;0.998746 0.0306467 0.0395871 -2.69225 -0.0358756 0.989647 0.138965 -0.136636 -0.0349185 -0.140211 0.989506 0.29793 0 0 0 1 
36535719080045;0.55307;1.59383;0.892889 0.438198 0.103596 -3.22711 -0.413728 0.889203 -0.195313 2.22645 -0.177704 0.131532 0.975254 0.497106 0 0 0 1 
36535719080046;0.383937;1.75161;0.858585 0.488987 0.154022 -3.11358 -0.476366 0.871974 -0.112861 1.86374 -0.18949 0.0235299 0.981601 -0.437944 0 0 0 1 
36535719080047;0.507113;1.62277;0.96547 0.23133 0.119805 -2.61558 -0.225376 0.972344 -0.0612553 0.566723 -0.130662 0.0321389 0.990906 0.695796 0 0 0 1 
36535719080048;0.299943;1.60559;0.962036 0.13417 0.237667 -2.87189 -0.039371 0.929936 -0.365608 0.753598 -0.270069 0.342371 0.899914 0.415293 0 0 0 1 
36535719080049;0.398366;1.57959;0.977663 -0.0212429 0.209101 -2.75052 -0.0351566 0.964334 0.262344 -0.0658969 -0.207217 -0.263836 0.942047 0.496588 0 0 0 1 
36535719080050;0.499825;1.64218;0.907798 0.322427 -0.268223 -2.82777 -0.30746 0.946576 0.097271 1.58462 0.285256 -0.00583453 0.958434 -1.98643 0 0 0 1 
36535719080051;0.440086;1.92521;0.989375 -0.00748372 0.145192 -3.39769 0.0248723 0.992664 -0.11832 0.134273 -0.143242 0.120675 0.982303 -0.388869 0 0 0 1 
36535719080052;0.307637;1.59517;0.972534 0.126677 0.195271 -3.0005 -0.168481 0.961956 0.215068 0.694373 -0.160598 -0.24206 0.956878 0.326765 0 0 0 1 
36535719080053;0.461332;1.56559;0.943992 -0.0373145 0.327853 -2.44336 0.0368032 0.999292 0.00776619 0.0289758 -0.327911 0.0047348 0.944697 1.11371 0 0 0 1 
36535719080054;0.521749;1.84638;0.909914 0.20698 0.359466 -3.11109 -0.235014 0.97134 0.0355921 1.52987 -0.341797 -0.116865 0.932479 0.741234 0 0 0 1 
36535719080055;0.319357;1.72439;0.957662 0.0496049 0.283588 -2.93901 -0.012782 0.991399 -0.13025 0.171961 -0.28761 0.12111 0.950059 0.273257 0 0 0 1 
36535719080056;0.611624;1.77101;0.977358 -0.0434511 0.207082 -3.23288 0.0695339 0.990289 -0.120389 0.225779 -0.19984 0.132062 0.970888 -0.663627 0 0 0 1 
36535719080057;0.403587;1.54867;0.937819 0.346966 0.010458 -2.8458 -0.342124 0.928987 -0.141192 0.629779 -0.0587041 0.128835 0.989927 -0.535327 0 0 0 1 
36535719080058;0.354702;1.60815;0.95651 0.104384 0.272384 -2.65537 -0.0527711 0.980295 -0.190361 0.512557 -0.286887 0.167708 0.94317 -0.0364912 0 0 0 1 
36535719080059;0.377989;1.60081;0.890565 0.4327 0.140232 -2.84893 -0.39381 0.88776 -0.238318 1.75503 -0.227613 0.157012 0.96101 -0.298696 0 0 0 1 
36535719080060;0.383603;1.73613;0.949978 0.292201 0.110275 -3.30374 -0.299967 0.951955 0.0616636 1.41936 -0.0869583 -0.0916578 0.991986 -0.321797 0 0 0 1 
36535719080062;0.362158;0.520795;0.99969 -0.00237319 0.0247841 -0.750499 -0.0027069 0.979186 0.202947 -1.58844 -0.0247499 -0.202951 0.978876 -1.12779 0 0 0 1 
36535719080063;0.299523;0.58469;0.989278 -0.1159 0.0888607 -0.603523 0.0961625 0.974871 0.200947 -1.99476 -0.109918 -0.190247 0.975563 -0.677675 0 0 0 1 
36535719080064;0.461382;0.555773;0.994841 -0.101352 0.00430608 -0.273925 0.101148 0.987824 -0.118206 -1.33031 0.00772675 0.118032 0.99298 -1.51088 0 0 0 1 
36535719080065;0.4807;0.855872;0.972727 0.0531301 0.225787 -0.771597 -0.1022 0.972005 0.211569 -2.54077 -0.208226 -0.228874 0.950925 1.01752 0 0 0 1 
36535719080066;0.231893;0.404329;0.987365 -0.109976 0.114088 0.0551165 0.0863731 0.977115 0.194388 -1.8359 -0.132855 -0.182078 0.974268 0.357679 0 0 0 1 
36535719080067;0.276753;0.680261;0.999388 -0.0303325 -0.0174103 -0.486868 0.0343352 0.756219 0.653417 -2.39803 -0.00665373 -0.653615 0.756798 0.526996 0 0 0 1 
36535719080068;0.41506;0.799389;0.984196 -0.139418 0.109182 -0.354249 0.119019 0.977329 0.17511 -2.61894 -0.131121 -0.159348 0.978476 -0.777709 0 0 0 1 
36535719080069;0.168667;0.366937;0.996213 -0.0138964 0.0858321 -0.468442 -0.0104346 0.960905 0.276682 -1.29914 -0.0863213 -0.276529 0.957121 0.37622 0 0 0 1 
36535719080070;0.366766;0.966715;0.971239 -0.0262467 -0.236655 -0.17188 0.134449 0.880746 0.454103 -3.78983 0.196515 -0.47286 0.858944 -0.814639 0 0 0 1 
36535719080071;0.314881;0.532932;0.993782 -0.111276 0.0038506 -0.820983 0.110976 0.992723 0.0467404 -1.41077 -0.00902365 -0.0460224 0.9989 -0.0863242 0 0 0 1 
36535719080072;0.205179;0.468905;0.994329 -0.0847533 0.0642344 -0.255838 0.0703281 0.977142 0.20062 -1.19073 -0.0797693 -0.194964 0.977561 0.293566 0 0 0 1 
36535719080073;0.364246;0.656725;0.928534 -0.190107 0.318878 -0.739254 0.0281249 0.892493 0.450185 -2.43219 -0.37018 -0.409043 0.834057 1.13914 0 0 0 1 
36535719080074;0.343501;0.880274;0.995835 0.0399914 0.0819293 -0.533033 -0.0709358 0.904395 0.420758 -2.86389 -0.0572698 -0.424817 0.903466 0.241709 0 0 0 1 
36535719080075;0.45993;0.890445;0.991205 0.0362754 -0.127263 -0.137762 -0.0336789 0.999179 0.0224963 -1.97182 0.127974 -0.0180124 0.991614 -1.04928 0 0 0 1 
36535719080076;0.347563;0.688628;0.999181 0.0400831 -0.00562507 -0.225525 -0.0325046 0.87743 0.478602 -2.47062 0.0241194 -0.478027 0.878014 0.250432 0 0 0 1 
36535719080077;0.245685;0.707633;0.983545 -0.0168114 -0.179878 -0.330757 0.090043 0.908798 0.407404 -2.32941 0.156624 -0.416897 0.895358 -0.178215 0 0 0 1 
36535719080078;0.322722;0.386663;0.99843 0.047399 0.0298552 -0.920364 -0.0536186 0.962935 0.264349 -0.895415 -0.0162188 -0.265535 0.963965 -0.828189 0 0 0 1 
36535719080079;0.340882;0.807032;0.998188 -0.00345395 0.060079 -0.481945 -0.0221967 0.906825 0.420922 -2.83217 -0.055935 -0.421493 0.905105 -0.230144 0 0 0 1 
36535719080080;0.326117;0.964372;0.987895 -0.117707 0.10104 -0.564378 0.0613079 0.894568 0.442707 -2.47055 -0.142497 -0.431154 0.890955 0.989047 0 0 0 1 
36535719080081;0.410409;0.805533;0.980459 -0.174624 0.0905911 -0.819452 0.155428 0.969906 0.187416 -2.69778 -0.120592 -0.169673 0.978094 -0.642107 0 0 0 1 
36535719080082;0.216435;0.456434;0.999644 0.02406 0.0114934 -0.126821 -0.0262219 0.965236 0.260063 -0.851674 -0.00483673 -0.260272 0.965523 0.192799 0 0 0 1 
36535719080083;0.161862;0.582301;0.999299 -0.00474602 0.0371405 -0.552827 -0.00920762 0.930325 0.366621 -1.70329 -0.0362928 -0.366706 0.929629 -0.201033 0 0 0 1 
36535719080084;0.439577;1.06089;0.975563 -0.21024 0.0638368 -0.642426 0.189214 0.95157 0.242305 -3.79174 -0.111687 -0.224305 0.968098 0.293461 0 0 0 1 
36535719080085;0.124875;0.503915;0.995629 0.00712604 0.0931286 -0.531676 -0.0409646 0.929384 0.366834 -1.37678 -0.0839382 -0.369045 0.925613 0.174552 0 0 0 1 
36535719080086;0.392366;0.688361;0.969412 -0.0422792 -0.241772 0.139185 0.121744 0.938161 0.324086 -2.0505 0.213119 -0.343607 0.914612 -1.14735 0 0 0 1 
36535719080087;0.41425;0.941255;0.99802 -0.0588896 0.0220908 -0.640748 0.0408489 0.873948 0.484299 -2.95675 -0.0478264 -0.482438 0.874624 -0.435303 0 0 0 1 
36535719080088;0.317089;0.53212;0.990221 0.00763623 0.139301 -0.66783 -0.0544559 0.940449 0.335545 -1.74392 -0.128443 -0.339849 0.931668 -0.561519 0 0 0 1 
36535719080089;0.0976208;0.393125;0.99967 -0.0239303 0.00939049 -0.264042 0.0219614 0.984872 0.171888 -1.09916 -0.0133618 -0.171625 0.985072 -0.0315151 0 0 0 1 
36535719080090;0.312576;0.449485;0.999317 -0.00856976 -0.0359403 0.00875782 0.0156088 0.979584 0.200426 -1.90287 0.0334889 -0.20085 0.979049 0.0545326 0 0 0 1 
36535719080091;0.378116;0.709646;0.943062 -0.158686 0.292323 -0.391931 0.146957 0.98721 0.0618053 -2.26442 -0.298392 -0.0153273 0.95432 0.345337 0 0 0 1 
36535719080093;0.290482;0.326168;0.986255 -0.0441291 -0.159229 0.292156 0.0308417 0.995906 -0.0849759 -0.346196 0.162327 0.078897 0.983578 -0.706235 0 0 0 1 
36535719080094;0.395592;0.924336;0.993236 0.114025 0.0219098 1.33887 -0.113258 0.993 -0.0335117 -0.599671 -0.0255775 0.0308035 0.999198 -0.0685498 0 0 0 1 
36535719080095;0.347587;0.338967;0.909404 0.174818 -0.377389 0.186251 -0.131932 0.981765 0.136865 -0.333004 0.394433 -0.0746756 0.915885 -1.4712 0 0 0 1 
36535719080096;0.508705;0.989409;0.888855 0.317133 0.330702 2.04011 -0.349661 0.935921 0.0422911 0.587705 -0.2961 -0.153224 0.942787 1.91641 0 0 0 1 
36535719080097;0.390373;0.936972;0.958983 0.203295 0.197542 1.38869 -0.142067 0.94774 -0.285667 -0.155976 -0.245293 0.245886 0.937748 0.876668 0 0 0 1 
36535719080098;0.177167;0.272265;0.965086 -0.0389498 0.259022 -0.106779 0.0298053 0.998789 0.0391393 -0.574028 -0.260232 -0.0300526 0.965078 0.603988 0 0 0 1 
36535719080099;0.46993;0.926673;0.948855 0.27731 0.15091 1.66759 -0.311075 0.902822 0.296891 -0.0699531 -0.0539146 -0.328651 0.942911 -0.143833 0 0 0 1 
36535719080100;0.314307;0.136917;0.998991 -0.0327692 -0.0307081 -0.230284 0.0373859 0.985688 0.164385 -0.738786 0.0248819 -0.165367 0.985918 -0.68916 0 0 0 1 
36535719080101;0.365934;1.29774;0.971284 -0.232927 -0.0485068 0.984795 0.236913 0.965618 0.10702 -3.22139 0.0219112 -0.115438 0.993073 0.101596 0 0 0 1 
36535719080102;0.240105;0.242602;0.983381 -0.178323 0.034092 -0.123526 0.178323 0.983967 0.00306563 -1.1066 -0.0340921 0.00306469 0.999414 -0.478143 0 0 0 1 
36535719080103;0.352767;0.147888;0.997518 0.0408582 0.057344 0.0018735 -0.0441401 0.997387 0.0571826 -0.395258 -0.0548578 -0.0595718 0.996716 0.509975 0 0 0 1 
36535719080104;0.495293;0.759672;0.890305 -0.0936355 -0.445635 0.0367086 0.127355 0.990778 0.046254 -1.71969 0.437194 -0.0979337 0.894019 -1.59017 0 0 0 1 
36535719080105;0.433787;0.238477;0.999122 -0.0339811 0.0245112 -0.0372306 0.0333967 0.999157 0.023871 -0.472005 -0.0253017 -0.0230315 0.999415 0.702822 0 0 0 1 
36535719080106;0.129754;0.244594;0.996006 -0.057502 0.0682986 -0.0414948 0.0489062 0.99139 0.121466 -0.567509 -0.0746951 -0.117641 0.990243 -0.00724459 0 0 0 1 
36535719080107;0.262145;1.66896;0.963711 -0.266765 0.00983326 0.395118 0.266778 0.963758 2.1371e-05 -4.18839 -0.00948259 0.0026027 0.999952 -0.0765714 0 0 0 1 
36535719080108;0.397924;1.38258;0.95569 -0.289008 -0.055958 0.620564 0.293033 0.915854 0.274488 -3.73884 -0.0280798 -0.278723 0.959961 0.215275 0 0 0 1 
36535719080109;0.398301;1.44362;0.93281 -0.227116 0.279792 0.912409 0.179505 0.966066 0.185726 -3.27521 -0.312479 -0.123023 0.941925 1.36147 0 0 0 1 
36535719080110;0.208018;0.20369;0.99512 0.096012 -0.0227576 -0.0452532 -0.0945602 0.993827 0.0580259 -0.191835 0.0281883 -0.0555908 0.998056 -0.524588 0 0 0 1 
36535719080111;0.465339;0.959126;0.920882 0.335902 0.197854 1.73382 -0.291506 0.930302 -0.222628 0.987945 -0.258845 0.147339 0.954615 1.27581 0 0 0 1 
36535719080112;0.541337;0.84046;0.958757 0.0453711 -0.280582 0.91117 -0.0186089 0.995079 0.0973206 -1.23088 0.283617 -0.0880855 0.954884 -1.30272 0 0 0 1 
36535719080113;0.28814;0.392161;0.997783 -0.0631343 -0.02105 -0.226426 0.0639535 0.997117 0.0408284 -0.398848 0.0184117 -0.0420841 0.998944 -0.191149 0 0 0 1 
36535719080114;0.343577;0.954561;0.961782 0.271814 0.0330486 1.6773 -0.271204 0.962275 -0.0218193 0.10195 -0.0377326 0.0120225 0.999216 0.43359 0 0 0 1 
36535719080115;0.500998;1.38565;0.988129 -0.153514 0.00590074 0.796516 0.15274 0.985819 0.0695014 -2.64409 -0.0164865 -0.067775 0.997564 0.0846985 0 0 0 1 
36535719080116;0.41433;0.356299;0.967389 0.0505022 0.248209 0.844537 -0.110523 0.965876 0.23424 0.125804 -0.227909 -0.254034 0.93996 1.30187 0 0 0 1 
36535719080117;0.508343;0.220727;0.996366 -0.0749423 0.0404749 -0.0695469 0.0652317 0.976975 0.203139 -0.470694 -0.0547667 -0.19976 0.978313 0.985619 0 0 0 1 
36535719080118;0.0642213;0.21199;0.999171 0.0194859 -0.0357391 -0.119929 -0.0188958 0.999681 0.0167762 -0.218543 0.0360546 -0.0160869 0.99922 -0.404523 0 0 0 1 
36535719080119;0.384568;1.30247;0.972371 -0.218389 0.0824664 0.896924 0.194032 0.952522 0.234634 -3.07036 -0.129793 -0.212151 0.968579 0.486272 0 0 0 1 
36535719080120;0.113108;0.185216;0.997556 -0.0697709 0.00375293 -0.0273794 0.0693627 0.995331 0.067125 -0.643779 -0.00841878 -0.0667006 0.997738 -0.0128159 0 0 0 1 
36535719080121;0.423482;0.239342;0.979049 0.178179 -0.0985615 0.260435 -0.123032 0.903334 0.410915 -0.411694 0.16225 -0.39018 0.90633 -0.623009 0 0 0 1 
36535719080122;0.427092;0.181764;0.962311 -0.268163 0.0452319 0.105879 0.260354 0.956495 0.131658 -1.92249 -0.07857 -0.11492 0.990263 0.49102 0 0 0 1 
36535719080124;0.190705;0.790438;0.943064 0.330655 0.0360292 1.29647 -0.331753 0.942873 0.0305 1.49917 -0.023886 -0.0407163 0.998885 0.224038 0 0 0 1 
36535719080125;0.422416;0.951343;0.803284 0.552797 -0.221697 2.0199 -0.522335 0.832709 0.183743 2.27808 0.286182 -0.031798 0.957648 -0.992034 0 0 0 1 
36535719080126;0.446714;0.808716;0.953242 0.290943 -0.0817482 1.46194 -0.297268 0.951415 -0.0802601 0.92741 0.0544254 0.100808 0.993416 -0.426347 0 0 0 1 
36535719080127;0.355012;0.732061;0.997194 0.0671419 0.0331151 1.06231 -0.0640971 0.994255 -0.0857278 0.224569 -0.0386808 0.0833647 0.995768 -0.0740445 0 0 0 1 
36535719080128;0.249905;0.81416;0.977437 0.209352 -0.0280712 1.42184 -0.209583 0.977775 -0.00554156 1.66156 0.0262872 0.0112998 0.999591 -0.0896815 0 0 0 1 
36535719080129;0.526113;0.712035;0.9992 -0.0168647 -0.0362683 1.30185 0.0152488 0.998898 -0.0443787 -0.512641 0.0369768 0.0437901 0.998356 0.121129 0 0 0 1 
36535719080130;0.433817;0.843217;0.924373 0.274898 0.264508 0.995579 -0.219391 0.950295 -0.220923 1.0891 -0.312092 0.146185 0.938738 0.949947 0 0 0 1 
36535719080131;0.251532;0.800052;0.984669 0.174426 -0.0015171 1.26457 -0.174432 0.984653 -0.00569093 0.514987 0.000501175 0.00586831 0.999983 0.0737509 0 0 0 1 
36535719080132;0.431426;0.897051;0.949004 0.254811 -0.185641 1.18842 -0.243409 0.966433 0.0822111 0.961878 0.200357 -0.0328322 0.979173 -1.00937 0 0 0 1 
36535719080133;0.541591;0.808132;0.891357 0.380512 0.246361 1.40434 -0.414303 0.90439 0.10213 1.65049 -0.183944 -0.193102 0.963782 1.49579 0 0 0 1 
36535719080134;0.252306;0.720424;0.997123 0.0728117 -0.0210667 0.898121 -0.0739306 0.995553 -0.0583891 0.585145 0.0167216 0.0597786 0.998072 -0.35882 0 0 0 1 
36535719080135;0.472023;0.750271;0.963609 0.0827398 0.25419 0.949554 -0.123831 0.980877 0.150152 -0.0103906 -0.236905 -0.176164 0.955428 0.713675 0 0 0 1 
36535719080136;0.302061;0.819455;0.928852 0.334253 -0.159718 1.48186 -0.352482 0.930085 -0.103431 2.12179 0.113979 0.152369 0.981729 -0.634557 0 0 0 1 
36535719080137;0.328535;0.88012;0.930326 0.365857 0.0253487 1.1943 -0.356133 0.917771 -0.175688 1.88204 -0.0875409 0.154419 0.98412 -0.0411557 0 0 0 1 
36535719080138;0.576365;0.847509;0.974136 0.219515 -0.0535997 2.00955 -0.222311 0.88855 -0.401318 1.46697 -0.0404694 0.402854 0.914369 -0.506267 0 0 0 1 
36535719080139;0.521512;0.856432;0.987791 0.140673 0.0669268 1.04709 -0.1474 0.983016 0.109328 -0.197836 -0.0504106 -0.117858 0.99175 0.226769 0 0 0 1 
36535719080140;0.470285;1.0745;0.819693 0.567446 0.0781617 1.86823 -0.559971 0.822555 -0.0991752 2.56196 -0.120569 0.037525 0.991995 0.0891916 0 0 0 1 
36535719080141;0.30287;0.748718;0.941942 0.285378 0.176932 0.759702 -0.294794 0.955125 0.0288658 1.31889 -0.160754 -0.0793484 0.9838 0.549448 0 0 0 1 
36535719080142;0.480003;0.854384;0.916586 0.366552 0.159719 1.23426 -0.399782 0.833491 0.381401 1.5862 0.00667934 -0.413439 0.910507 -0.000876989 0 0 0 1 
36535719080143;0.628053;1.0797;0.819268 0.54988 -0.162579 1.38797 -0.568243 0.816549 -0.101727 2.92478 0.0768154 0.175726 0.981438 -0.358374 0 0 0 1 
36535719080144;0.602003;0.940597;0.874108 0.390925 -0.288292 2.141 -0.446936 0.87974 -0.162192 2.43254 0.190216 0.270622 0.943706 -1.53238 0 0 0 1 
36535719080145;0.170435;0.723721;0.964383 0.262622 -0.0315462 1.15866 -0.262773 0.964857 -0.000658637 1.36502 0.0302646 0.00892466 0.999502 0.0967206 0 0 0 1 
36535719080146;0.207536;0.836103;0.94157 0.336512 -0.0143164 1.41183 -0.335864 0.934865 -0.114986 1.76732 -0.0253103 0.113076 0.993264 -0.0293179 0 0 0 1 
36535719080147;0.436345;0.781991;0.938596 0.340718 -0.0543008 1.82567 -0.337058 0.939126 0.0665944 2.06127 0.0736852 -0.0442027 0.996301 -0.455293 0 0 0 1 
36535719080148;0.640142;0.746163;0.978254 0.174576 -0.111989 2.17878 -0.190562 0.969678 -0.153005 0.78897 0.0818828 0.171018 0.981859 -0.67696 0 0 0 1 
36535719080149;0.408897;0.799905;0.987235 0.134571 -0.0851905 1.30377 -0.1394 0.98879 -0.0534981 0.695969 0.0770362 0.0646907 0.994927 0.352475 0 0 0 1 
36535719080150;0.385378;0.774615;0.974282 0.191773 0.118309 1.28198 -0.207546 0.968189 0.139765 1.4833 -0.0877424 -0.160725 0.983091 0.0601776 0 0 0 1 
36535719080151;0.147734;0.82995;0.969262 0.233296 0.0781348 1.19881 -0.22262 0.966834 -0.125187 1.40654 -0.104749 0.103944 0.989052 0.180228 0 0 0 1 
36535719080152;0.417728;0.982078;0.818687 0.545894 -0.178186 1.92929 -0.522234 0.836828 0.164286 2.16487 0.238794 -0.041444 0.970185 -0.487918 0 0 0 1 
36535719080153;0.136308;0.973355;0.964261 0.252183 0.081263 1.57638 -0.254129 0.967063 0.014398 1.08992 -0.0749555 -0.0345347 0.996589 0.251069 0 0 0 1 
36535719080155;0.377066;0.37635;0.992843 0.0830232 -0.0858439 0.516763 -0.053905 0.952976 0.298214 0.298892 0.106566 -0.291452 0.950631 0.0059267 0 0 0 1 
36535719080156;0.280014;0.304264;0.995008 0.0318712 -0.0945643 0.570561 -0.0126769 0.980319 0.197012 0.438989 0.0989822 -0.19483 0.97583 -0.439654 0 0 0 1 
36535719080157;0.357849;0.315016;0.999972 -0.00308325 0.0067813 0.887063 0.000652663 0.943085 0.33255 0.609333 -0.00742068 -0.332537 0.943061 0.486253 0 0 0 1 
36535719080158;0.214487;0.230201;0.9968 -0.0125965 -0.0789409 0.858561 0.0201043 0.99527 0.0950459 0.475448 0.0773702 -0.0963288 0.992338 -0.120176 0 0 0 1 
36535719080159;0.313033;0.258371;0.993117 0.02535 -0.114352 0.392916 -0.0346274 0.996202 -0.0798879 -0.0111619 0.111893 0.0832977 0.990223 -1.02864 0 0 0 1 
36535719080160;0.477856;0.557002;0.927299 0.0464188 -0.371432 0.871916 -0.0393259 0.998871 0.0266523 0.401471 0.37225 -0.0101078 0.928078 -1.1016 0 0 0 1 
36535719080161;0.262671;0.277551;0.993391 0.0982933 -0.0592734 0.358857 -0.0897224 0.987033 0.133101 0.0730643 0.0715877 -0.126903 0.989329 0.0234788 0 0 0 1 
36535719080162;0.249715;0.364959;0.987028 0.119955 -0.106705 0.640524 -0.0799834 0.94369 0.321016 -0.0270521 0.139204 -0.308318 0.941043 -0.359621 0 0 0 1 
36535719080163;0.453936;0.392885;0.920423 0.0716716 -0.384297 1.83252 -0.110311 0.990718 -0.0794341 0.660009 0.375037 0.115505 0.919786 -1.396 0 0 0 1 
36535719080164;0.466141;0.343236;0.994362 0.00505273 0.10592 0.703411 -0.0252676 0.981383 0.190393 0.523581 -0.102986 -0.191996 0.975977 0.76203 0 0 0 1 
36535719080165;0.321246;0.26342;0.974961 -0.0200836 0.221469 0.45067 -0.0653988 0.925977 0.371873 -0.00333654 -0.212543 -0.377045 0.901478 0.520828 0 0 0 1 
36535719080166;0.389384;0.443075;0.973849 -0.0759079 0.214138 1.27347 0.102053 0.988248 -0.1138 0.0797643 -0.202984 0.132677 0.970152 -0.0375084 0 0 0 1 
36535719080167;0.40197;0.441804;0.98939 0.130702 -0.0634324 0.884671 -0.0942746 0.909804 0.40419 0.424579 0.11054 -0.393922 0.912473 -0.0784889 0 0 0 1 
36535719080168;0.210711;0.272363;0.999903 0.00748917 0.011748 0.380205 -0.00704556 0.999277 -0.0373578 0.105563 -0.0120193 0.0372714 0.999233 -0.148622 0 0 0 1 
36535719080169;0.371812;0.210399;0.940888 0.0826981 -0.328467 1.20275 0.00562682 0.965787 0.259274 -0.360692 0.338671 -0.245796 0.908233 -1.4708 0 0 0 1 
36535719080170;0.32738;0.324014;0.998016 0.0575032 -0.0256508 0.68503 -0.0583371 0.99775 -0.033043 0.358744 0.023693 0.0344738 0.999125 -1.19514 0 0 0 1 
36535719080171;0.334438;0.364078;0.99975 0.013448 -0.0178463 0.288067 -0.0134728 0.999908 -0.00126884 0.191106 0.0178276 0.00150896 0.99984 -0.151647 0 0 0 1 
36535719080172;0.359248;0.36672;0.984709 0.0976712 -0.144253 0.867986 -0.0661467 0.975661 0.209069 0.584168 0.161162 -0.19633 0.967203 -0.205979 0 0 0 1 
36535719080173;0.299017;0.233643;0.994116 -0.0138003 -0.107439 0.574147 0.00840219 0.998687 -0.050535 -0.165135 0.107996 0.0493349 0.992926 -1.3833 0 0 0 1 
36535719080174;0.332371;0.213318;0.988853 -0.0730837 -0.129726 1.36705 0.0739726 0.997258 0.00204041 0.529473 0.129221 -0.0116138 0.991548 -0.865101 0 0 0 1 
36535719080175;0.258801;0.27911;0.974456 -0.0316486 -0.222338 0.909181 0.0353719 0.999292 0.012783 0.279213 0.221776 -0.020321 0.974886 -1.48735 0 0 0 1 
36535719080176;0.244373;0.302801;0.993687 0.0524582 0.0991723 0.411273 -0.0657113 0.988598 0.135485 0.146235 -0.0909342 -0.141147 0.985804 0.0609118 0 0 0 1 
36535719080177;0.307368;0.37985;0.998721 0.0486011 0.0139472 0.576439 -0.0505402 0.967773 0.246701 0.435335 -0.0015078 -0.24709 0.968991 0.409212 0 0 0 1 
36535719080178;0.333626;0.196796;0.909823 0.0747063 -0.408217 1.05101 -0.0105914 0.987523 0.157117 0.161578 0.414861 -0.138625 0.899263 -0.87323 0 0 0 1 
36535719080179;0.112272;0.20609;0.989411 -0.00505467 -0.145054 0.565006 0.0128554 0.998518 0.0528915 0.252466 0.144571 -0.0541962 0.988009 -0.804576 0 0 0 1 
36535719080180;0.447488;0.733506;0.993545 0.0352393 -0.107829 2.02607 -0.0257024 0.995737 0.0885897 0.00739451 0.110491 -0.0852464 0.990214 -0.509071 0 0 0 1 
36535719080181;0.181751;0.314113;0.998914 -0.00447106 0.0463699 0.675204 0.00818785 0.996739 -0.080278 0.230456 -0.0458597 0.0805706 0.995693 -0.413355 0 0 0 1 
36535719080182;0.227052;0.323905;0.99447 -0.0318701 0.100066 0.884165 0.0407342 0.995302 -0.0878279 0.137108 -0.0967972 0.0914183 0.991097 -0.422959 0 0 0 1 
36535719080183;0.271702;0.214085;0.979489 -0.0265004 -0.199747 1.31134 0.0611871 0.983621 0.169544 0.0467107 0.191982 -0.178288 0.965068 -0.731974 0 0 0 1 
36535719080184;0.317465;0.29979;0.936964 0.17821 -0.300567 1.115 -0.0278356 0.895504 0.444182 -0.262928 0.348316 -0.407816 0.844015 -0.837783 0 0 0 1 
36535719080186;0.390645;0.865465;0.878015 -0.0595683 0.474912 -1.43867 0.202822 0.945041 -0.25644 -0.654257 -0.433536 0.321481 0.841841 1.57119 0 0 0 1 
36535719080187;0.111223;0.528849;0.997888 -0.00857377 0.0643871 -0.865752 0.00851457 0.999963 0.00119389 -0.262571 -0.0643949 -0.000643143 0.997924 -0.00396515 0 0 0 1 
36535719080188;0.65823;1.22433;0.936072 0.337827 0.0981944 -2.41442 -0.344926 0.936225 0.0671435 1.20165 -0.0692492 -0.0967209 0.9929 0.717837 0 0 0 1 
36535719080189;0.357007;0.627395;0.997694 -0.0255239 0.062883 -1.79048 0.0249144 0.999635 0.010458 0.0307971 -0.0631269 -0.00886719 0.997966 -0.438988 0 0 0 1 
36535719080190;0.473164;1.26905;0.939628 -0.332728 0.0799469 -2.05551 0.337117 0.940169 -0.0493301 -2.65381 -0.0587501 0.0733034 0.995578 0.0859973 0 0 0 1 
36535719080191;0.28216;0.641307;0.988801 0.147951 0.0195651 -1.43326 -0.149229 0.98173 0.118055 0.501693 -0.00174122 -0.119653 0.992814 -0.706026 0 0 0 1 
36535719080192;0.431029;0.720337;0.984556 -0.132431 0.114507 -2.02453 0.144369 0.984135 -0.103131 -0.754809 -0.0990326 0.11807 0.988055 0.555736 0 0 0 1 
36535719080193;0.312078;0.886676;0.987946 -0.125639 0.0904276 -1.74359 0.107689 0.977467 0.181553 -1.09228 -0.1112 -0.169626 0.979215 -0.308532 0 0 0 1 
36535719080194;0.164987;0.695603;0.988583 0.137481 0.0616615 -1.37023 -0.138609 0.990243 0.0143835 0.409593 -0.0590824 -0.0227661 0.997993 -0.0308515 0 0 0 1 
36535719080195;0.354366;0.630884;0.966632 -0.0529373 0.250638 -1.01752 0.0543894 0.998519 0.00113436 -0.589709 -0.250327 0.0125356 0.96808 0.204327 0 0 0 1 
36535719080196;0.523582;0.816493;0.984997 0.13089 0.112471 -1.99414 -0.166533 0.891855 0.420549 0.392586 -0.0452625 -0.432969 0.900272 -0.621721 0 0 0 1 
36535719080197;0.379637;0.878168;0.992916 -0.118057 -0.0134556 -1.62954 0.118389 0.992589 0.0274019 -0.900807 0.0101209 -0.0288008 0.999534 -1.10528 0 0 0 1 
36535719080198;0.253973;0.922231;0.971891 -0.13665 0.191716 -1.82227 0.160282 0.980505 -0.113662 -0.989944 -0.172447 0.141196 0.974847 0.843815 0 0 0 1 
36535719080199;0.451651;0.573137;0.991434 0.108199 0.0731525 -1.65198 -0.108485 0.994098 -6.50176e-05 0.609866 -0.0727278 -0.00787147 0.997321 0.701323 0 0 0 1 
36535719080200;0.601292;1.31926;0.943522 -0.234543 0.234 -1.6437 0.257264 0.9637 -0.071392 -2.3181 -0.208761 0.12756 0.969612 1.27429 0 0 0 1 
36535719080201;0.316883;0.801109;0.854494 0.0425578 0.517715 -1.32368 0.0483139 0.985807 -0.160779 -0.317272 -0.51721 0.162397 0.84031 2.25398 0 0 0 1 
36535719080202;0.389074;0.64702;0.97584 0.187105 0.112818 -1.47154 -0.190773 0.981375 0.0225454 1.09368 -0.106498 -0.0435233 0.99336 -0.349058 0 0 0 1 
36535719080203;0.247825;1.10704;0.977293 -0.154653 0.144847 -2.16677 0.156389 0.987695 -0.000607469 -1.54879 -0.142971 0.0232462 0.989454 0.481247 0 0 0 1 
36535719080204;0.323434;0.63561;0.994008 -0.0638036 0.0887535 -1.39403 0.0629341 0.997939 0.0125637 -1.05286 -0.0893721 -0.00690281 0.995974 -0.112837 0 0 0 1 
36535719080205;0.326801;0.88842;0.93832 -0.0582891 0.34082 -1.46239 0.173505 0.931981 -0.318289 -0.767676 -0.299085 0.357791 0.884609 1.02015 0 0 0 1 
36535719080206;0.360649;0.570236;0.993736 0.0822977 0.0756053 -1.23507 -0.0817364 0.996599 -0.010494 0.709913 -0.0762118 0.0042486 0.997083 0.0333232 0 0 0 1 
36535719080207;0.378318;0.678094;0.996919 -0.00931845 0.0778803 -0.599351 0.0103126 0.99987 -0.0123729 -0.348368 -0.0777549 0.0131379 0.996886 0.0880249 0 0 0 1 
36535719080208;0.281021;0.573758;0.966993 -0.098408 0.235032 -1.28687 0.0879936 0.994633 0.054421 -0.784551 -0.239126 -0.0319435 0.970463 1.35284 0 0 0 1 
36535719080209;0.41046;0.946331;0.958376 -0.217415 0.185056 -2.20484 0.192581 0.970779 0.143181 -1.68203 -0.210778 -0.101583 0.972241 0.805318 0 0 0 1 
36535719080210;0.243944;0.675036;0.974993 0.083785 0.205836 -1.03478 -0.0949497 0.994466 0.0449574 0.212918 -0.20093 -0.0633773 0.977553 0.620047 0 0 0 1 
36535719080211;0.419439;1.10604;0.96278 0.266797 0.0432905 -2.4538 -0.267705 0.963358 0.0166206 0.737572 -0.0372699 -0.027591 0.998924 -0.238921 0 0 0 1 
36535719080212;0.411637;1.14379;0.977338 0.134792 0.163225 -1.91369 -0.138399 0.990317 0.0108792 0.0313922 -0.160179 -0.0332228 0.986529 0.491385 0 0 0 1 
36535719080213;0.271077;0.837065;0.984147 -0.161514 -0.0732724 -1.82243 0.143724 0.968341 -0.204106 -1.02623 0.103919 0.190339 0.976203 -0.978541 0 0 0 1 
36535719080214;0.356981;0.682448;0.971837 0.103222 -0.211846 -1.44775 -0.111067 0.993487 -0.0254393 0.157894 0.20784 0.0482518 0.976972 -0.903262 0 0 0 1 
36535719080215;0.558879;0.838049;0.964132 0.143108 0.223541 -1.74009 -0.0800784 0.959787 -0.269064 0.369291 -0.253057 0.241512 0.936821 1.87393 0 0 0 1 
36535719080217;0.267916;0.256062;0.974709 -0.129542 -0.182101 0.485277 0.103629 0.98395 -0.145271 0.375686 0.197997 0.122726 0.972489 -1.07134 0 0 0 1 
36535719080218;0.403611;0.119455;0.996661 0.0815357 0.00435618 -0.28281 -0.0815775 0.996612 0.0104793 0.899246 -0.00348698 -0.0107997 0.999936 0.320052 0 0 0 1 
36535719080219;0.612805;0.585022;0.997628 -0.0220736 0.0651958 -0.235677 0.0213804 0.999707 0.0113118 0.266737 -0.0654264 -0.00989103 0.997808 0.621471 0 0 0 1 
36535719080220;0.465305;0.145963;0.973325 -0.0936865 -0.209431 0.452677 0.0707544 0.990907 -0.114442 0.487349 0.218248 0.0965709 0.971103 -1.56299 0 0 0 1 
36535719080221;0.397154;0.33057;0.994177 -0.0936616 0.0532968 -0.0963559 0.0872976 0.989947 0.11128 0.119812 -0.0631837 -0.105979 0.992359 -0.299993 0 0 0 1 
36535719080222;0.388852;0.200461;0.988439 -0.07091 0.134012 -0.354235 0.10633 0.954295 -0.279313 0.230277 -0.108081 0.290333 0.950802 0.0786766 0 0 0 1 
36535719080223;0.332061;0.299648;0.941251 -0.127989 -0.312516 0.688675 0.10068 0.989668 -0.102082 0.104431 0.322352 0.0646205 0.944412 -1.00301 0 0 0 1 
36535719080224;0.591626;0.1183;0.993147 0.109164 0.0417363 -0.386752 -0.0905147 0.944369 -0.316188 1.48266 -0.0739308 0.310243 0.947778 0.327625 0 0 0 1 
36535719080225;0.418431;0.51315;0.980087 -0.15781 0.120522 0.102197 0.158008 0.987406 0.00797387 0.280811 -0.120262 0.0112283 0.992679 0.579689 0 0 0 1 
36535719080226;0.434396;0.346444;0.989478 0.0300671 -0.141527 0.163634 -0.0342056 0.999053 -0.0268995 0.364801 0.140584 0.0314575 0.989569 -0.361657 0 0 0 1 
36535719080227;0.258425;0.145302;0.979227 0.176365 0.100047 -0.0529222 -0.18005 0.983229 0.0290136 0.685593 -0.0932524 -0.0464244 0.99456 0.463817 0 0 0 1 
36535719080228;0.348273;0.252928;0.968707 -0.134338 0.208711 0.176731 0.149666 0.986951 -0.0593975 0.341443 -0.198008 0.0887757 0.976172 0.741486 0 0 0 1 
36535719080229;0.349476;0.123868;0.993888 0.0635802 0.0902452 -0.191387 -0.0472545 0.983837 -0.172718 0.358351 -0.099768 0.167397 0.980828 -0.552337 0 0 0 1 
36535719080230;0.507963;0.640838;0.935109 -0.0142392 0.354075 0.0320664 0.016679 0.999854 -0.00383988 0.368878 -0.353968 0.00949634 0.935209 0.717467 0 0 0 1 
36535719080231;0.499847;0.199247;0.999607 0.0270113 -0.00751259 -0.324646 -0.0268962 0.999525 0.0150241 0.0293129 0.00791484 -0.0148161 0.999859 -0.977069 0 0 0 1 
36535719080232;0.400636;0.27882;0.985377 -0.132983 0.106521 0.276132 0.104567 0.965582 0.238154 0.213903 -0.134525 -0.223533 0.965368 0.874923 0 0 0 1 
36535719080233;0.232565;0.11654;0.985505 0.06177 -0.158001 0.0808794 -0.04549 0.993467 0.104657 0.258309 0.163433 -0.0959525 0.981877 -0.213562 0 0 0 1 
36535719080234;0.243089;0.109672;0.99988 0.00860632 0.0129053 0.22054 -0.00832887 0.999736 -0.0214011 0.296123 -0.0130861 0.021291 0.999688 -0.548756 0 0 0 1 
36535719080235;0.336455;0.294648;0.997288 -0.054044 -0.0499603 -0.111229 0.0627545 0.979076 0.193576 0.259196 0.0384533 -0.196186 0.979812 -0.0868133 0 0 0 1 
36535719080236;0.526732;0.227829;0.959541 -0.101502 0.262637 0.472514 0.0479704 0.978059 0.202732 -0.0620069 -0.277452 -0.181931 0.943357 1.53616 0 0 0 1 
36535719080237;0.707625;0.505632;0.999262 -0.0376953 0.0073223 0.078698 0.0376621 0.99928 0.00460888 0.354099 -0.00749076 -0.00432971 0.999963 0.668231 0 0 0 1 
36535719080238;0.378354;0.131043;0.980547 0.186183 -0.0621567 0.384623 -0.171082 0.965899 0.194347 0.966792 0.096221 -0.179932 0.978962 -0.280286 0 0 0 1 
36535719080239;0.260619;0.157034;0.999541 -0.0146994 0.0264799 0.316754 0.0147347 0.999891 -0.00113966 0.139545 -0.0264602 0.00152931 0.999649 0.23675 0 0 0 1 
36535719080240;0.347346;0.161638;0.997313 0.0227368 0.0696403 -0.0903563 0.00574072 0.923438 -0.383705 0.679089 -0.0730328 0.383073 0.920826 -0.434532 0 0 0 1 
36535719080241;0.461675;0.340639;0.937386 0.16996 0.304007 -0.4344 -0.0851377 0.95819 -0.273174 0.486153 -0.337725 0.230187 0.912664 0.597342 0 0 0 1 
36535719080242;0.184835;0.126395;0.990496 0.115407 0.0748295 -0.191358 -0.11589 0.99326 0.0021363 0.278641 -0.0740785 -0.010788 0.997194 0.00926685 0 0 0 1 
36535719080243;0.50255;0.635366;0.998952 -0.0253585 0.0381139 -0.0664386 0.0261453 0.999452 -0.0202902 0.255457 -0.0375785 0.0212654 0.999067 -0.223189 0 0 0 1 
36535719080244;0.3548;0.160202;0.913747 0.267616 0.305694 -0.290162 -0.282924 0.959123 0.00603154 0.96645 -0.291584 -0.0919993 0.952111 1.0221 0 0 0 1 
36535719080245;0.421326;0.154329;0.969006 0.133274 -0.208004 0.423967 -0.155524 0.983302 -0.0944959 0.895404 0.191937 0.123917 0.973553 -1.40587 0 0 0 1 
36535719080246;0.428678;0.141388;0.965461 0.260547 0.000783034 0.140161 -0.259059 0.960258 -0.103887 1.37712 -0.0278194 0.100096 0.994589 -0.635488 0 0 0 1 
36535719080248;0.279109;0.126652;0.999645 -0.0185602 0.0191238 1.05543 0.0182254 0.99968 0.0175351 0.199126 -0.0194431 -0.0171803 0.999663 -0.443314 0 0 0 1 
36535719080249;0.148582;0.195946;0.998746 -0.0452892 0.0213461 0.210181 0.0450325 0.998909 0.012356 -0.130211 -0.0218824 -0.0113792 0.999696 -0.181286 0 0 0 1 
36535719080250;0.310686;0.182229;0.994657 -0.0118187 0.102556 0.166437 0.00980093 0.999749 0.0201569 0.14634 -0.102768 -0.0190441 0.994523 -0.70889 0 0 0 1 
36535719080251;0.298484;0.204241;0.999696 0.0244821 0.00291166 -0.0117975 -0.0246289 0.997061 0.0725447 0.516445 -0.00112705 -0.0725944 0.997361 0.140749 0 0 0 1 
36535719080252;0.364884;0.232158;0.970781 -0.214744 -0.107091 1.26761 0.213953 0.97666 -0.018955 -0.83812 0.108662 -0.00451135 0.994068 -0.357069 0 0 0 1 
36535719080253;0.298099;0.24826;0.994833 -0.100672 0.0131439 0.714985 0.101258 0.993263 -0.0563571 -0.350435 -0.00738173 0.0573968 0.998324 -0.603434 0 0 0 1 
36535719080254;0.413793;0.323867;0.995781 -0.0916387 0.00474569 0.11422 0.0905127 0.972411 -0.215 0.0241695 0.0150876 0.214523 0.976602 -0.453172 0 0 0 1 
36535719080255;0.265645;0.154513;0.991904 -0.0779408 0.100255 0.274691 0.100933 0.962979 -0.249968 -0.324038 -0.0770608 0.258064 0.96305 0.227315 0 0 0 1 
36535719080256;0.228269;0.152808;0.974187 0.224256 0.0258769 0.144102 -0.224835 0.974145 0.0221428 0.512768 -0.0202422 -0.0273892 0.99942 -0.123443 0 0 0 1 
36535719080257;0.266234;0.24101;0.999408 -0.0276555 0.0204895 -0.0371032 0.0267465 0.9987 0.0433844 -0.262864 -0.0216626 -0.0428107 0.998848 -0.0690937 0 0 0 1 
36535719080258;0.327944;0.117682;0.998096 -0.061024 0.00892988 0.905525 0.0606689 0.997518 0.0357352 -0.683276 -0.0110884 -0.0351254 0.999321 0.490254 0 0 0 1 
36535719080259;0.241821;0.136082;0.988573 0.141422 -0.0521815 0.484823 -0.139722 0.989574 0.0349347 0.123854 0.056578 -0.0272446 0.998026 -0.687288 0 0 0 1 
36535719080260;0.113181;0.138754;0.99994 -0.00370203 0.0102979 0.2695 0.00245858 0.992982 0.118239 -0.0127044 -0.0106633 -0.118207 0.992932 0.148446 0 0 0 1 
36535719080261;0.299049;0.226836;0.962 -0.115152 0.24758 0.651381 0.154437 0.97722 -0.145567 -0.709119 -0.225178 0.178271 0.95787 0.0832685 0 0 0 1 
36535719080262;0.113718;0.130358;0.998095 -0.0287803 0.0545767 0.473299 0.0257361 0.998117 0.0556841 -0.330322 -0.0560765 -0.0541734 0.996956 -0.148377 0 0 0 1 
