#;prob_registration_l1 -r /home/probabilistic_point_clouds_registration/build/tester /home/point_clouds_registration_benchmark/gazebo_winter_local.txt /home/point_clouds_registration_benchmark/gazebo_winter -s 0.2 -t 0.2 -p 0.3 -r 1000 -m 5 -i 40 
id;initial_error;final_error;transformation
38591597440000;0.538033;0.0330735;0.993853 -0.0933229 -0.0595633 -0.383214 0.0949322 0.995175 0.02478 -0.404907 0.0569634 -0.0302822 0.997917 0.5534 0 0 0 1 
38591597440001;0.518725;0.0464173;0.950388 0.255729 0.177102 0.0607492 -0.270516 0.960539 0.0646939 1.13803 -0.153569 -0.109393 0.982064 -0.0374604 0 0 0 1 
38591597440002;0.466312;0.0331411;0.985559 -0.125109 0.114114 0.0726292 0.129901 0.99089 -0.0355409 -0.260454 -0.108628 0.0498511 0.992832 -0.208542 0 0 0 1 
38591597440003;0.369171;0.0615363;0.978094 0.208126 -0.00392112 -0.162434 -0.20813 0.978101 -0.00066192 0.855167 0.00369748 0.00146352 0.999992 0.394005 0 0 0 1 
38591597440004;0.566929;0.0600268;0.873319 0.419527 -0.247612 1.11243 -0.404367 0.90774 0.111787 1.72365 0.271665 0.00250069 0.962389 -1.64343 0 0 0 1 
38591597440005;0.214626;0.0271079;0.995086 -0.0757302 -0.0637909 0.0245552 0.0752115 0.997112 -0.0104963 -0.258352 0.0644015 0.00564691 0.997908 -0.595641 0 0 0 1 
38591597440006;0.296525;0.0160141;0.96133 -0.212659 -0.17499 0.17232 0.234241 0.965536 0.113455 -0.996495 0.144832 -0.150058 0.978012 -0.348701 0 0 0 1 
38591597440007;0.55939;0.0578366;0.988824 0.148926 -0.00698824 0.120135 -0.148205 0.986972 0.0626277 0.259792 0.0162241 -0.0608921 0.998012 -0.862155 0 0 0 1 
38591597440008;0.573696;0.0240889;0.911915 0.0122048 0.410199 0.325443 -0.113027 0.968368 0.222458 0.468296 -0.394508 -0.249226 0.884449 2.45849 0 0 0 1 
38591597440009;0.226381;0.0210441;0.99977 -0.0154102 0.0149144 0.0849707 0.0148841 0.999285 0.0347626 0.129641 -0.0154394 -0.0345327 0.999284 -0.239014 0 0 0 1 
38591597440010;0.405479;0.0448521;0.937407 -0.104051 0.332329 0.0810263 0.217774 0.919845 -0.326281 -0.714497 -0.271741 0.378231 0.884928 1.68345 0 0 0 1 
38591597440011;0.432428;0.0193348;0.934486 -0.338926 -0.10893 0.389941 0.355997 0.888182 0.290514 -1.75153 -0.00171343 -0.31026 0.95065 -0.26856 0 0 0 1 
38591597440012;0.493861;0.0474115;0.995856 0.00496037 -0.0908093 0.356968 -0.0102528 0.998269 -0.0579068 -0.195207 0.0903649 0.0585979 0.994183 0.348253 0 0 0 1 
38591597440013;0.489902;0.0642677;0.894468 0.409933 0.178555 0.264886 -0.412665 0.910584 -0.0233164 1.55311 -0.172148 -0.0528277 0.983654 0.387967 0 0 0 1 
38591597440014;0.265078;0.03628;0.952971 -0.0498374 0.298935 -0.0595916 0.082726 0.991704 -0.0983878 -0.223396 -0.291552 0.11849 0.949188 1.44252 0 0 0 1 
38591597440015;0.50504;0.0277159;0.943484 -0.323437 0.0722897 0.388766 0.29748 0.922631 0.245472 -1.66339 -0.146092 -0.210094 0.966705 0.177735 0 0 0 1 
38591597440016;0.306367;0.0457795;0.960371 0.124445 -0.249401 0.304327 -0.077367 0.978652 0.190407 0.0658812 0.267772 -0.163566 0.949497 -1.33895 0 0 0 1 
38591597440017;0.306001;0.0422826;0.992418 -0.122599 0.00872865 -0.212564 0.122909 0.989729 -0.0730013 -0.849518 0.000310864 0.0735206 0.997294 0.113039 0 0 0 1 
38591597440018;0.310987;0.0376301;0.974878 0.221947 -0.0187897 0.469183 -0.222245 0.974866 -0.0155952 1.05799 0.0148561 0.0193793 0.999702 -0.280304 0 0 0 1 
38591597440019;0.565481;0.0305049;0.987565 -0.150153 0.0465757 -0.560046 0.135183 0.962309 0.235979 -0.26227 -0.0802531 -0.226749 0.970641 -0.144346 0 0 0 1 
38591597440020;0.471158;0.0260662;0.949245 -0.313837 -0.0209832 -0.0217048 0.303845 0.93218 -0.196772 -1.28416 0.0813144 0.180409 0.980225 0.273896 0 0 0 1 
38591597440021;0.264772;0.0457708;0.958953 0.224051 0.173812 0.121532 -0.232523 0.972136 0.0297472 1.10904 -0.162304 -0.0689415 0.984329 0.55493 0 0 0 1 
38591597440022;0.382739;0.0547939;0.994415 -0.0223503 -0.103149 -0.294564 0.0284077 0.997934 0.0576342 -0.394674 0.101648 -0.0602425 0.992995 -0.067522 0 0 0 1 
38591597440023;0.504596;0.0324452;0.937471 0.345128 -0.0451033 0.279837 -0.347087 0.936657 -0.0469477 1.93357 0.0260433 0.0596669 0.997879 -0.606798 0 0 0 1 
38591597440024;0.223621;0.0243207;0.997734 -0.0461982 0.0489192 -0.00561542 0.0571547 0.965552 -0.253857 0.0922034 -0.0355062 0.256078 0.966004 0.323997 0 0 0 1 
38591597440025;0.497841;0.0399781;0.940677 -0.226011 0.253072 -0.358459 0.260407 0.959046 -0.111445 -1.29209 -0.21752 0.170735 0.961007 0.610455 0 0 0 1 
38591597440026;0.507307;0.0119759;0.916054 -0.33183 -0.225244 0.451362 0.341152 0.940005 0.00262749 -0.89787 0.210859 -0.0792494 0.974299 -0.595179 0 0 0 1 
38591597440027;0.37107;0.0300555;0.995953 0.0110797 0.0891859 -0.214885 -0.0511494 0.885851 0.461142 0.151269 -0.0738961 -0.463838 0.882833 0.352587 0 0 0 1 
38591597440028;0.144155;0.0265495;0.986758 -0.152471 -0.0553338 0.0327231 0.150854 0.988027 -0.0323287 -0.55563 0.0596005 0.0235533 0.997944 -0.137294 0 0 0 1 
38591597440029;0.386592;0.017147;0.934783 -0.319832 0.154558 0.0398461 0.271779 0.924124 0.268574 -1.42996 -0.228729 -0.209053 0.950779 0.871271 0 0 0 1 
38591597440031;0.613756;0.164448;0.962436 -0.117633 -0.244701 0.0186603 0.0872146 0.98745 -0.131666 -1.00331 0.257118 0.105378 0.960617 -1.1384 0 0 0 1 
38591597440032;0.317715;0.0480209;0.943949 0.283028 -0.169871 1.01274 -0.300429 0.949839 -0.0868815 1.37362 0.13676 0.133046 0.981629 -0.332993 0 0 0 1 
38591597440033;0.586776;0.0521418;0.919135 -0.105224 0.379629 0.491769 0.0898115 0.99426 0.0581399 0.0795447 -0.383568 -0.0193434 0.92331 1.54903 0 0 0 1 
38591597440034;0.22655;0.0362071;0.984415 -0.141853 0.103949 -0.314454 0.160807 0.965354 -0.205506 -0.971526 -0.0711963 0.219019 0.97312 0.724694 0 0 0 1 
38591597440035;0.489052;0.0375758;0.984955 -0.0784566 0.153975 0.00642817 0.0946097 0.990424 -0.100542 -1.16642 -0.144613 0.113597 0.982946 0.817839 0 0 0 1 
38591597440036;0.235684;0.0481487;0.986492 -0.162087 0.0236792 -0.14249 0.162784 0.986166 -0.0312792 -0.523337 -0.0182817 0.0347113 0.99923 0.0686922 0 0 0 1 
38591597440037;0.200232;0.0406313;0.994813 0.0935996 0.0398342 0.171094 -0.0935269 0.99561 -0.00368858 0.359017 -0.0400045 -5.61233e-05 0.999199 -0.142364 0 0 0 1 
38591597440038;0.419626;0.0326298;0.950689 0.306453 -0.0477219 0.823322 -0.309656 0.929233 -0.201592 1.03296 -0.0174337 0.206429 0.978306 0.918307 0 0 0 1 
38591597440039;0.360484;0.0269697;0.997369 -0.0196663 0.0697705 -0.0526255 0.0303366 0.987394 -0.155344 -0.2653 -0.0658359 0.157052 0.985393 0.0371522 0 0 0 1 
38591597440040;0.46013;0.0407053;0.88812 0.228581 -0.39874 1.38576 -0.23946 0.970632 0.0230686 0.921669 0.392302 0.0749945 0.916774 -1.88654 0 0 0 1 
38591597440041;0.266595;0.0845589;0.998715 0.0327361 0.0386923 -0.273457 -0.0331168 0.999409 0.00923942 0.0385109 -0.038367 -0.0105089 0.999208 0.198254 0 0 0 1 
38591597440042;0.263344;0.0372055;0.971559 0.200584 -0.125854 0.580938 -0.187059 0.976001 0.111493 0.425503 0.145197 -0.0847802 0.985764 -0.650849 0 0 0 1 
38591597440043;0.518284;0.0487065;0.968457 0.247297 -0.0305921 0.927837 -0.242815 0.964149 0.107038 1.01965 0.0559655 -0.0962334 0.993784 -1.17913 0 0 0 1 
38591597440044;0.328581;0.0521028;0.964156 0.240549 0.111976 0.575729 -0.231344 0.968776 -0.0891795 1.17336 -0.129932 0.0600779 0.989701 0.993681 0 0 0 1 
38591597440045;0.358212;0.0606672;0.97744 0.151389 0.147285 0.147791 -0.155797 0.98761 0.0187962 0.834449 -0.142614 -0.0413186 0.988916 0.956085 0 0 0 1 
38591597440046;0.061941;0.0556466;0.998504 -0.0131088 0.0530858 -0.0216513 0.0119744 0.999694 0.0216305 -0.0743742 -0.0533531 -0.0209624 0.998356 0.162475 0 0 0 1 
38591597440047;0.281023;0.0502013;0.986166 0.156481 -0.0546792 0.521496 -0.14986 0.982644 0.109326 0.349374 0.0708377 -0.0996197 0.992501 -0.869431 0 0 0 1 
38591597440048;0.595102;0.0503233;0.989262 0.0439935 -0.139372 -0.0154993 -0.000179138 0.953984 0.299858 -0.875732 0.146151 -0.296613 0.943748 -1.96634 0 0 0 1 
38591597440049;0.461067;0.0322447;0.908489 0.124475 -0.398941 0.908286 -0.202517 0.966165 -0.159724 0.827414 0.365561 0.2259 0.902959 -1.52951 0 0 0 1 
38591597440050;0.266343;0.0380629;0.999513 0.0126922 -0.0285071 0.0838024 -0.020883 0.950887 -0.308833 0.137591 0.0231872 0.309278 0.950689 0.220475 0 0 0 1 
38591597440051;0.432966;0.0422145;0.935763 0.177418 -0.304745 1.08315 -0.177336 0.983747 0.0281871 1.04204 0.304793 0.0276659 0.952017 -1.11576 0 0 0 1 
38591597440052;0.0767887;0.0348713;0.992974 -0.0213044 0.116402 -0.0537203 0.0249294 0.999246 -0.0297751 -0.133387 -0.11568 0.0324677 0.992756 0.518062 0 0 0 1 
38591597440053;0.465189;0.074396;0.977956 0.204169 -0.043795 0.928739 -0.1992 0.975088 0.0975818 1.2899 0.0626271 -0.0867067 0.994263 -0.35059 0 0 0 1 
38591597440054;0.503874;0.0827443;0.996419 0.0345759 0.0771659 -0.684756 -0.040772 0.995943 0.0802211 0.0578285 -0.0740791 -0.08308 0.993786 0.327021 0 0 0 1 
38591597440055;0.362809;0.0626311;0.99532 -0.0888619 0.0379561 -0.229193 0.0895482 0.995841 -0.0167787 -0.48468 -0.0363073 0.020099 0.999139 -0.382859 0 0 0 1 
38591597440056;0.349297;0.0480212;0.95484 0.265341 0.1337 0.600697 -0.294737 0.902763 0.313287 0.822358 -0.0375712 -0.338545 0.9402 -0.28113 0 0 0 1 
38591597440057;0.335627;0.0537555;0.933775 -0.0255203 -0.35695 0.537802 0.039695 0.998685 0.03244 -0.166774 0.355652 -0.0444608 0.93356 -1.59974 0 0 0 1 
38591597440058;0.689618;0.0353252;0.907193 0.419118 -0.0366238 0.473579 -0.418224 0.907857 0.0297479 2.0044 0.045717 -0.0116701 0.998886 -0.568373 0 0 0 1 
38591597440059;0.45308;0.0354719;0.999724 -0.00094743 0.023463 -0.370841 0.00127522 0.999902 -0.0139594 -0.399323 -0.0234475 0.0139854 0.999627 -0.443047 0 0 0 1 
38591597440060;0.265486;0.0413661;0.994266 -0.100901 0.0354041 0.00871323 0.0986881 0.993337 0.0595103 -0.717202 -0.0411729 -0.0556751 0.9976 0.364289 0 0 0 1 
38591597440062;0.128316;0.085259;0.99638 -0.0844743 0.00950637 -0.337719 0.0817868 0.983108 0.163739 -0.509955 -0.0231775 -0.162369 0.986458 -0.416562 0 0 0 1 
38591597440063;0.451456;0.0968037;0.99551 -0.0497122 0.0805456 -0.378014 0.0193908 0.940036 0.340522 -0.540556 -0.0926439 -0.337432 0.93678 0.177243 0 0 0 1 
38591597440064;0.130373;0.109824;0.998962 0.0445895 0.00929126 -0.127322 -0.0441201 0.997979 -0.0457408 0.170532 -0.011312 0.0452834 0.99891 0.0812491 0 0 0 1 
38591597440065;0.480669;0.182643;0.951309 0.0484586 0.304406 -0.381544 -0.0411699 0.998692 -0.0303212 0.320363 -0.305477 0.0163125 0.95206 0.742714 0 0 0 1 
38591597440066;0.373674;0.183262;0.921207 -0.0106238 0.388928 -0.247104 -0.0499877 0.988111 0.14539 0.228423 -0.385849 -0.153376 0.909723 1.52346 0 0 0 1 
38591597440067;0.212733;0.148732;0.987655 0.117904 0.103129 0.0501693 -0.143308 0.945932 0.29099 0.397094 -0.0632439 -0.302177 0.951152 -0.427534 0 0 0 1 
38591597440068;0.0642751;0.084628;0.997848 -0.0558303 -0.0343934 -0.241249 0.054624 0.997891 -0.0350667 -0.144339 0.0362787 0.0331126 0.998793 -0.0678585 0 0 0 1 
38591597440069;0.225205;0.0720238;0.993843 -0.0684308 -0.0871342 -0.21456 0.0642153 0.996668 -0.0502992 -0.223971 0.0902858 0.0443941 0.994926 -0.670635 0 0 0 1 
38591597440070;0.596655;0.0764272;0.981526 -0.140753 0.1296 -1.1382 0.150864 0.985945 -0.0717778 -0.0545651 -0.117676 0.0900038 0.988965 0.451521 0 0 0 1 
38591597440071;0.538974;0.161219;0.974026 0.174569 0.144219 -0.00389793 -0.205153 0.949914 0.235744 1.25839 -0.0958424 -0.259208 0.961054 0.350183 0 0 0 1 
38591597440072;0.398938;0.137331;0.990729 0.0599992 -0.121886 0.124282 -0.096327 0.942907 -0.318823 0.84825 0.0957983 0.327608 0.939944 0.0442225 0 0 0 1 
38591597440073;0.454646;0.231452;0.982469 0.185398 0.0195324 -0.129403 -0.18583 0.982306 0.0232816 0.814712 -0.0148705 -0.0265032 0.999538 -0.398121 0 0 0 1 
38591597440074;0.403252;0.126054;0.994682 -0.102569 0.00939389 0.184462 0.102725 0.994548 -0.0179594 -0.334747 -0.00750059 0.0188289 0.999795 0.24733 0 0 0 1 
38591597440075;0.606683;0.131264;0.997879 -0.0640266 -0.0117303 0.117163 0.0540319 0.915253 -0.39924 -0.000182294 0.0362982 0.39776 0.916771 1.57412 0 0 0 1 
38591597440076;0.528752;0.0868192;0.999747 0.00421287 -0.0221153 -0.733242 -0.00326307 0.999078 0.0428094 0.231328 0.0222753 -0.0427264 0.998838 0.306926 0 0 0 1 
38591597440077;0.46683;0.237243;0.937305 0.235992 0.25645 0.282635 -0.282139 0.945792 0.160857 1.7554 -0.204587 -0.223127 0.953078 0.254788 0 0 0 1 
38591597440078;0.164495;0.072447;0.99964 -0.0222413 0.0149828 -0.390861 0.022041 0.999667 0.0134017 -0.0870614 -0.0152759 -0.0130666 0.999798 0.0712423 0 0 0 1 
38591597440079;0.383028;0.193861;0.938674 0.0400601 0.342471 0.136763 -0.105536 0.97894 0.174753 0.279367 -0.328258 -0.200179 0.923133 0.540272 0 0 0 1 
38591597440080;0.593423;0.0737907;0.941798 -0.333735 -0.0404622 -0.352294 0.334736 0.942078 0.0209856 -1.28508 0.0311149 -0.0333084 0.998961 0.467338 0 0 0 1 
38591597440081;0.611108;0.165161;0.943468 -0.0444358 -0.32847 0.707601 -0.056199 0.955181 -0.290639 0.44507 0.326663 0.292668 0.898686 -1.2997 0 0 0 1 
38591597440082;0.502695;0.298676;0.942358 0.334552 0.00607825 0.601612 -0.332541 0.934371 0.127938 1.61587 0.0371224 -0.122584 0.991764 -1.03653 0 0 0 1 
38591597440083;0.715049;0.107113;0.904347 -0.379713 0.194872 -0.620553 0.408215 0.902809 -0.135264 -2.12411 -0.124571 0.201875 0.971457 2.03404 0 0 0 1 
38591597440084;0.378082;0.133142;0.987702 -0.0301539 0.15341 -0.429074 -0.00424446 0.975692 0.219107 -0.0968407 -0.156288 -0.217064 0.963565 -0.441721 0 0 0 1 
38591597440085;0.428084;0.37265;0.970476 0.239937 0.0246226 0.648637 -0.240349 0.970564 0.0154066 0.987576 -0.0202012 -0.0208698 0.999578 0.0822003 0 0 0 1 
38591597440086;0.348552;0.233363;0.969211 0.145902 -0.19835 0.357511 -0.198762 0.939058 -0.280472 1.12104 0.145341 0.311261 0.939145 0.325314 0 0 0 1 
38591597440087;0.456571;0.0723433;0.968961 -0.246164 -0.0227531 -1.06861 0.247005 0.967815 0.0482028 -1.29935 0.010155 -0.0523268 0.998578 -0.654321 0 0 0 1 
38591597440088;0.581918;0.088781;0.991486 0.0198285 0.128692 -0.585242 -0.025839 0.998644 0.0452042 0.494671 -0.127621 -0.0481446 0.990654 -0.339037 0 0 0 1 
38591597440089;0.343578;0.0786618;0.974076 -0.194841 -0.114945 -0.355599 0.158909 0.95097 -0.265336 -0.52058 0.161008 0.240192 0.95728 -0.476412 0 0 0 1 
38591597440090;0.290589;0.100994;0.993667 -0.107795 0.0317181 -0.367957 0.106856 0.993824 0.0299394 -0.17076 -0.0347495 -0.0263605 0.999048 0.33012 0 0 0 1 
38591597440091;0.344699;0.319867;0.996771 -0.0714611 0.0366189 -0.366 0.0727491 0.996731 -0.0351378 -0.380445 -0.0339882 0.0376883 0.998711 0.157541 0 0 0 1 
38591597440093;0.395285;0.0542293;0.9235 -0.322295 0.208025 -0.0684994 0.33284 0.942833 -0.0168605 -0.136719 -0.190698 0.0848095 0.977978 -0.198142 0 0 0 1 
38591597440094;0.48271;0.0471996;0.900825 0.102165 0.421991 0.00915992 -0.137618 0.988994 0.0543358 0.399439 -0.411795 -0.10702 0.90497 -0.11159 0 0 0 1 
38591597440095;0.208258;0.040678;0.966179 0.257746 -0.00801887 -0.14915 -0.257287 0.965616 0.0372638 0.208758 0.0173478 -0.0339404 0.999273 0.0084069 0 0 0 1 
38591597440096;0.348707;0.0410334;0.903817 0.368284 -0.217903 0.0072647 -0.325701 0.922329 0.207914 0.287185 0.27755 -0.116944 0.953567 -0.0394449 0 0 0 1 
38591597440097;0.0996698;0.0362666;0.996031 -0.08213 -0.0343063 0.0201037 0.0821126 0.996621 -0.00191737 -0.177899 0.0343478 -0.000907218 0.99941 0.101036 0 0 0 1 
38591597440098;0.341585;0.0613151;0.920911 -0.293687 0.256263 0.134561 0.261136 0.952982 0.153729 -0.517374 -0.289362 -0.0746512 0.954304 0.4529 0 0 0 1 
38591597440099;0.517514;0.0334608;0.86816 0.254178 0.426254 -0.657859 -0.283559 0.958938 0.00570939 0.547962 -0.4073 -0.125825 0.904586 0.520533 0 0 0 1 
38591597440100;0.554576;0.0311173;0.901218 0.240548 0.360475 -0.8368 -0.22775 0.970568 -0.0782759 -0.346148 -0.368695 -0.0115544 0.929479 0.387529 0 0 0 1 
38591597440101;0.308911;0.0420869;0.997015 0.0152863 -0.0756818 0.401907 -0.0161797 0.999806 -0.0112051 -0.260261 0.0754958 0.0123961 0.997069 -0.653596 0 0 0 1 
38591597440102;0.281264;0.0453123;0.965102 0.23111 0.123152 -0.146099 -0.253073 0.943996 0.211721 0.438124 -0.0673241 -0.235499 0.96954 0.0803153 0 0 0 1 
38591597440103;0.458862;0.0523999;0.942095 -0.321524 0.0952862 0.648404 0.301865 0.936843 0.176645 -0.841389 -0.146064 -0.137653 0.979651 -0.046871 0 0 0 1 
38591597440104;0.179607;0.031694;0.979505 0.0461934 -0.196054 0.106139 -0.0348184 0.997526 0.0610768 -0.171355 0.19839 -0.0529987 0.978689 -0.231164 0 0 0 1 
38591597440105;0.407802;0.0561847;0.894002 -0.446062 -0.0423036 0.541533 0.445046 0.894953 -0.0315061 -0.552602 0.0519134 0.00933946 0.998608 -0.11024 0 0 0 1 
38591597440106;0.119513;0.0356198;0.99831 -0.00552142 0.0578545 -0.133195 0.00875507 0.998404 -0.0557893 0.0447558 -0.0574542 0.0562016 0.996765 -0.116893 0 0 0 1 
38591597440107;0.268114;0.0547052;0.95834 -0.284715 -0.0228225 0.00382876 0.282539 0.956664 -0.0704715 -0.183905 0.0418978 0.0610874 0.997253 0.09348 0 0 0 1 
38591597440108;0.407271;0.0463699;0.924023 0.359553 -0.130009 -0.355741 -0.338052 0.927166 0.161507 0.319238 0.17861 -0.105286 0.978271 0.335904 0 0 0 1 
38591597440109;0.443389;0.0265946;0.975471 0.161944 0.149096 -0.731643 -0.185502 0.969413 0.160709 -0.549467 -0.11851 -0.184425 0.975676 0.0993072 0 0 0 1 
38591597440110;0.432632;0.0379927;0.973846 -0.0720087 0.215495 -0.641558 0.12657 0.959589 -0.251335 0.39833 -0.188688 0.272037 0.943606 0.0504955 0 0 0 1 
38591597440111;0.338245;0.0322814;0.910819 0.348014 -0.222026 0.0491959 -0.341072 0.937415 0.0701675 0.124892 0.232549 0.0118168 0.972513 -0.00177291 0 0 0 1 
38591597440112;0.277197;0.0379719;0.971093 0.137559 0.195076 -0.36507 -0.102636 0.978472 -0.179051 -0.111073 -0.215507 0.153853 0.964306 0.261376 0 0 0 1 
38591597440113;0.357829;0.0368103;0.959322 0.282214 0.00749338 -0.121642 -0.281859 0.955938 0.0820877 0.139732 0.0160031 -0.0808606 0.996597 -0.520216 0 0 0 1 
38591597440114;0.246214;0.0355593;0.973691 0.224023 0.041706 -0.195784 -0.217164 0.967707 -0.127999 0.428971 -0.0690339 0.115574 0.990897 -0.034853 0 0 0 1 
38591597440115;0.388473;0.0610417;0.885311 -0.350499 0.305574 0.0913267 0.372134 0.928079 -0.0136238 -0.466125 -0.278822 0.125776 0.952071 0.353734 0 0 0 1 
38591597440116;0.336493;0.0624989;0.944437 -0.294977 0.145007 0.214474 0.32711 0.886719 -0.326695 -0.0682886 -0.0322125 0.355976 0.93394 -0.194203 0 0 0 1 
38591597440117;0.374866;0.0346522;0.999656 0.0232248 -0.0121953 0.816915 -0.0228465 0.99928 0.0302956 -0.241646 0.0128902 -0.0300065 0.999467 0.248564 0 0 0 1 
38591597440118;0.178075;0.0396533;0.986066 -0.135912 0.0959215 0.0504961 0.15449 0.962023 -0.225043 -0.0350545 -0.0616927 0.236726 0.969616 -0.0057343 0 0 0 1 
38591597440119;0.473817;0.0564671;0.985176 -0.16957 0.0259812 0.986371 0.169723 0.985484 -0.00380613 -0.445076 -0.0249587 0.00815932 0.999655 0.394564 0 0 0 1 
38591597440120;0.215098;0.049746;0.969786 -0.243774 0.0094931 0.206177 0.243594 0.96973 0.0169285 -0.392855 -0.0133325 -0.0141045 0.999812 0.0363605 0 0 0 1 
38591597440121;0.418127;0.0424464;0.9922 0.0931662 0.0828168 0.0076397 -0.0990169 0.992649 0.0695905 -0.0571264 -0.0757246 -0.077248 0.994132 1.08336 0 0 0 1 
38591597440122;0.192825;0.036495;0.971675 0.234952 0.0253913 -0.170468 -0.236286 0.964069 0.121411 0.120604 0.00404692 -0.123972 0.992277 0.117992 0 0 0 1 
38591597440124;0.0779043;0.0690392;0.998404 0.0426917 -0.0369819 0.163571 -0.0440332 0.998372 -0.0362509 0.121233 0.035374 0.0378215 0.998658 0.188537 0 0 0 1 
38591597440125;0.14453;0.122303;0.997268 0.0591585 -0.0442419 0.37534 -0.0491544 0.978483 0.200386 -0.0353025 0.0551445 -0.197664 0.978718 -0.483456 0 0 0 1 
38591597440126;0.34028;0.132273;0.962469 -0.108327 0.248835 -0.416608 0.150068 0.976388 -0.155391 -0.0671309 -0.226126 0.186901 0.955999 0.368131 0 0 0 1 
38591597440127;0.280733;0.091956;0.98027 -0.0671177 0.185917 -0.256002 0.0677238 0.997699 0.0030962 0.250072 -0.185697 0.00955588 0.982561 0.322629 0 0 0 1 
38591597440128;0.300881;0.116003;0.926901 0.373057 -0.0410129 1.14783 -0.359408 0.913792 0.189236 0.140967 0.108073 -0.160662 0.981075 -0.494809 0 0 0 1 
38591597440129;0.231531;0.0972513;0.955501 0.126655 -0.266414 0.716201 -0.0728836 0.976497 0.202834 0.0900825 0.285842 -0.174391 0.942275 -0.660383 0 0 0 1 
38591597440130;0.346361;0.151283;0.997356 -0.0712537 0.0143089 -0.0880548 0.0715767 0.997158 -0.0234921 -0.520072 -0.0125943 0.0244541 0.999622 -0.152028 0 0 0 1 
38591597440131;0.336968;0.127594;0.951257 -0.303532 0.0545716 -0.499072 0.303433 0.952797 0.0102854 -0.405747 -0.0551176 0.00677478 0.998457 0.153404 0 0 0 1 
38591597440132;0.344656;0.10269;0.891751 0.377702 -0.249242 1.29772 -0.398267 0.916564 -0.0359787 0.240737 0.214857 0.131349 0.967773 0.293452 0 0 0 1 
38591597440133;0.350181;0.0981451;0.983986 0.177997 0.00940272 0.38838 -0.175317 0.975994 -0.129225 -0.325006 -0.0321787 0.125507 0.991571 0.516572 0 0 0 1 
38591597440134;0.561974;0.120917;0.93051 -0.282438 0.233194 -0.096277 0.290872 0.95676 -0.00186208 -0.215353 -0.222585 0.0695623 0.972428 0.990414 0 0 0 1 
38591597440135;0.216019;0.110013;0.979363 0.0158583 -0.201488 0.421151 0.00493597 0.994743 0.102284 -0.117027 0.202051 -0.101168 0.974136 -0.49297 0 0 0 1 
38591597440136;0.499684;0.15227;0.983517 -0.180766 -0.00432923 0.118473 0.180804 0.982854 0.0361619 -0.482375 -0.00228185 -0.0363486 0.999337 -0.766318 0 0 0 1 
38591597440137;0.297035;0.0695819;0.991259 0.131817 0.00541708 0.281552 -0.130965 0.988145 -0.0801153 0.731093 -0.0159134 0.0787056 0.996771 0.19108 0 0 0 1 
38591597440138;0.314957;0.0658187;0.932499 0.294967 0.208425 0.83141 -0.297971 0.954413 -0.0175717 0.384636 -0.204107 -0.045719 0.977881 -0.0538503 0 0 0 1 
38591597440139;0.155913;0.0683421;0.995322 0.0167888 0.0951383 0.301865 0.00054545 0.983792 -0.179313 0.135186 -0.0966067 0.178526 0.979181 0.664396 0 0 0 1 
38591597440140;0.442404;0.101359;0.985417 -0.0200244 0.168975 0.0808975 -0.0237489 0.967146 0.253109 -0.174926 -0.168492 -0.253431 0.952567 0.252801 0 0 0 1 
38591597440141;0.257242;0.102008;0.970951 0.205007 -0.123394 0.960937 -0.149503 0.922411 0.3561 -0.26184 0.186823 -0.327307 0.926265 -1.01348 0 0 0 1 
38591597440142;0.222719;0.0856552;0.974583 0.149131 0.167176 0.418894 -0.148333 0.988786 -0.0173224 0.230952 -0.167885 -0.0079156 0.985775 0.325055 0 0 0 1 
38591597440143;0.482302;0.141543;0.934584 0.216051 -0.28262 1.0593 -0.139388 0.953327 0.267842 -0.619671 0.327297 -0.210927 0.921079 -0.693255 0 0 0 1 
38591597440144;0.255934;0.0775761;0.994061 0.106811 -0.0208575 0.492181 -0.10694 0.994252 -0.00514259 0.384602 0.0201884 0.00734255 0.999769 -0.485638 0 0 0 1 
38591597440145;0.370694;0.13001;0.939636 -0.257936 -0.224842 -0.151122 0.231297 0.963024 -0.138156 -0.2183 0.252163 0.0778114 0.964551 -0.0578285 0 0 0 1 
38591597440146;0.299941;0.0606618;0.994263 0.0853897 -0.0644205 0.331676 -0.0920065 0.989893 -0.107915 -0.114024 0.0545546 0.113223 0.992071 0.7902 0 0 0 1 
38591597440147;0.410512;0.131094;0.994599 -0.101398 0.0221683 -0.37116 0.10209 0.994238 -0.0326934 0.244926 -0.0187255 0.03478 0.99922 -0.510186 0 0 0 1 
38591597440148;0.471802;0.131993;0.930465 -0.32719 -0.164868 -0.250984 0.334432 0.942258 0.0174684 -0.498378 0.149633 -0.0713908 0.986161 -0.155768 0 0 0 1 
38591597440149;0.337741;0.0747735;0.999332 0.0339219 -0.013618 0.308534 -0.0342775 0.999053 -0.0267935 0.307471 0.0126962 0.0272423 0.999548 -0.636285 0 0 0 1 
38591597440150;0.131256;0.0942795;0.999909 -0.00523045 -0.0124234 0.0379837 0.00479626 0.999385 -0.0347261 0.135589 0.0125974 0.0346633 0.99932 -0.150052 0 0 0 1 
38591597440151;0.387023;0.13358;0.973364 -0.201025 -0.110234 -0.191106 0.199536 0.979584 -0.0244879 -0.591128 0.112906 0.00183994 0.993604 0.282779 0 0 0 1 
38591597440152;0.263342;0.124374;0.976121 -0.216629 -0.0161291 -0.238061 0.216692 0.976237 0.00227594 -0.251472 0.0152528 -0.00571663 0.999867 0.0149697 0 0 0 1 
38591597440153;0.441403;0.0670518;0.984493 0.16614 -0.0563127 0.563787 -0.157455 0.978408 0.133889 0.594854 0.0773412 -0.122946 0.989395 0.299974 0 0 0 1 
38591597440155;0.258376;0.0182375;0.99904 0.0379993 0.0217921 -0.573166 -0.0390507 0.997983 0.0500402 0.245921 -0.0198467 -0.0508431 0.998509 0.549853 0 0 0 1 
38591597440156;0.221561;0.0177664;0.99968 0.00839722 -0.0238534 0.0676936 -0.0101004 0.997339 -0.0722021 0.000917288 0.0231837 0.07242 0.997105 -0.675209 0 0 0 1 
38591597440157;0.430412;0.0155982;0.908175 -0.417646 -0.0281195 0.829933 0.406412 0.895845 -0.179697 0.162171 0.10024 0.151768 0.98332 -0.356542 0 0 0 1 
38591597440158;0.209175;0.0162498;0.988645 0.0339289 0.146391 -0.0915384 -0.0408062 0.998187 0.0442338 0.187621 -0.144625 -0.0497052 0.988237 0.673934 0 0 0 1 
38591597440159;0.222826;0.016708;0.96209 -0.226934 -0.151274 0.0165837 0.217698 0.973109 -0.0752702 -0.237112 0.164287 0.0394848 0.985622 -0.203945 0 0 0 1 
38591597440160;0.348174;0.0152301;0.997896 0.0430942 -0.0484471 -0.248027 -0.0463741 0.996556 -0.0687485 0.916214 0.0453175 0.0708505 0.996457 -0.525296 0 0 0 1 
38591597440161;0.528254;0.0155501;0.885039 -0.465515 -0.000954546 1.19266 0.465115 0.88436 -0.0397014 -0.516567 0.0193258 0.0346934 0.999211 0.20371 0 0 0 1 
38591597440162;0.274646;0.0208042;0.997186 -0.0725055 -0.0190617 -0.693004 0.0727301 0.997287 0.0113626 -0.0155872 0.0181861 -0.012717 0.999754 -0.10463 0 0 0 1 
38591597440163;0.298037;0.0142334;0.961842 -0.270442 -0.0414769 0.589044 0.27246 0.9606 0.0548916 -0.139846 0.0249977 -0.0640979 0.99763 -0.235316 0 0 0 1 
38591597440164;0.263298;0.0227298;0.976851 0.177987 -0.118671 -0.218667 -0.172681 0.983514 0.0536711 0.104098 0.126267 -0.0319365 0.991482 0.570028 0 0 0 1 
38591597440165;0.352749;0.0204685;0.978216 0.20464 -0.0348582 -0.58458 -0.20744 0.957307 -0.201324 0.630171 -0.00782891 0.204169 0.978904 -0.390591 0 0 0 1 
38591597440166;0.206209;0.0157372;0.98263 -0.18369 0.0263965 0.335131 0.184766 0.981672 -0.0467145 0.218413 -0.0173318 0.0507802 0.998559 -0.169019 0 0 0 1 
38591597440167;0.319448;0.0174318;0.999967 -0.00668394 0.00468386 0.360929 0.00666786 0.999972 0.0034391 -0.445719 -0.00470671 -0.00340776 0.999983 -0.715064 0 0 0 1 
38591597440168;0.116047;0.0185104;0.99978 0.0113768 -0.0176262 0.00862205 -0.0135476 0.991631 -0.128393 0.141827 0.016018 0.128604 0.991567 -0.182414 0 0 0 1 
38591597440169;0.218803;0.0159203;0.997876 -0.028049 0.0587978 0.0190906 0.0126139 0.968672 0.248024 -0.190457 -0.0639126 -0.246755 0.966968 0.511738 0 0 0 1 
38591597440170;0.167043;0.0149693;0.999576 0.00524015 -0.0286401 0.0654319 -0.00497993 0.999946 0.00914984 -0.0691623 0.0286865 -0.00900334 0.999548 -0.458406 0 0 0 1 
38591597440171;0.339075;0.0154157;0.962285 -0.255169 0.0943171 0.475226 0.256267 0.966606 0.000484408 0.0751653 -0.0912911 0.0237042 0.995542 0.705647 0 0 0 1 
38591597440172;0.374586;0.0174289;0.975669 -0.0906159 -0.199644 1.06442 0.0544861 0.982239 -0.17955 0.131092 0.212368 0.164303 0.963278 0.00155793 0 0 0 1 
38591597440173;0.118391;0.0186726;0.998101 0.0237374 0.0568437 -0.283247 -0.0219539 0.999253 -0.0317978 0.0412963 -0.0575561 0.0304894 0.997877 0.206313 0 0 0 1 
38591597440174;0.158802;0.0160603;0.993658 -0.0385977 0.105612 -0.111921 0.0162539 0.978679 0.204749 -0.0754105 -0.111263 -0.201734 0.9731 0.232321 0 0 0 1 
38591597440175;0.263758;0.0159518;0.964367 0.183603 0.19049 -0.547824 -0.198762 0.977981 0.0636209 0.116436 -0.174615 -0.0992162 0.979625 0.379234 0 0 0 1 
38591597440176;0.174741;0.0143952;0.998603 -0.0526096 0.00496708 0.0763303 0.0508558 0.982322 0.180159 -0.347168 -0.0143574 -0.179655 0.983625 0.185529 0 0 0 1 
38591597440177;0.253101;0.0213781;0.992953 0.117324 0.0167214 -0.574717 -0.116937 0.992885 -0.0224531 -0.306669 -0.0192367 0.0203395 0.999608 -0.164041 0 0 0 1 
38591597440178;0.247175;0.0152941;0.996747 0.0765928 0.0250741 -0.349339 -0.0754333 0.996166 -0.0443136 -0.552434 -0.0283721 0.0422781 0.998703 -0.128593 0 0 0 1 
38591597440179;0.388374;0.308817;0.992986 -0.116309 0.0212262 -0.0150525 0.116976 0.992571 -0.0334444 0.0465497 -0.0171786 0.0356928 0.999215 0.0739855 0 0 0 1 
38591597440180;0.287474;0.0235776;0.905913 0.285434 -0.312808 -0.00753668 -0.268895 0.958395 0.0957868 0.270272 0.327134 -0.00266211 0.944974 -0.312305 0 0 0 1 
38591597440181;0.269146;0.0197066;0.998901 -0.0373192 0.0283432 0.249906 0.0342868 0.994313 0.100832 -0.700235 -0.0319449 -0.0997492 0.9945 -0.101516 0 0 0 1 
38591597440182;0.36237;0.0166821;0.951972 0.282023 0.119215 -0.717409 -0.297608 0.943797 0.143791 0.0943667 -0.0719622 -0.172364 0.982401 -0.125022 0 0 0 1 
38591597440183;0.418551;0.0127437;0.934706 -0.354913 0.0190066 0.89539 0.353083 0.921106 -0.164 -0.460169 0.0406988 0.160003 0.986277 -0.0980749 0 0 0 1 
38591597440184;0.369769;0.0154741;0.99954 -0.0257499 0.0159988 -0.804618 0.0278211 0.98879 -0.1467 -0.0349766 -0.0120419 0.147078 0.989052 -0.677849 0 0 0 1 
38591597440186;0.226268;0.108437;0.999771 0.0207967 -0.00498957 -0.0405753 -0.0207546 0.99975 0.00834928 -0.182323 0.00516196 -0.00824381 0.999953 0.0100358 0 0 0 1 
38591597440187;0.539163;0.214442;0.98539 -0.155961 0.0684295 0.161689 0.156345 0.987703 -0.000254741 -0.985268 -0.0675483 0.0109496 0.997656 0.715072 0 0 0 1 
38591597440188;0.243538;0.165567;0.966236 0.215175 0.14173 -0.0235796 -0.234421 0.962437 0.136973 0.596398 -0.106933 -0.165573 0.980383 0.408431 0 0 0 1 
38591597440189;0.327282;0.171379;0.997333 0.0338624 -0.0646481 0.259778 -0.0304174 0.998102 0.0535486 -0.15101 0.0663387 -0.0514394 0.99647 -0.617318 0 0 0 1 
38591597440190;0.477387;0.133587;0.941796 0.14954 0.301095 0.0242206 -0.22053 0.950803 0.217576 0.462832 -0.253745 -0.271313 0.928441 1.35297 0 0 0 1 
38591597440191;0.452785;0.315912;0.985966 0.0914227 0.139689 0.165176 -0.141889 0.899793 0.412601 -0.110207 -0.0879705 -0.426631 0.900137 0.948908 0 0 0 1 
38591597440192;0.627235;0.356626;0.979865 -0.199659 -0.000667467 0.330181 0.199242 0.977592 0.0679383 -0.96694 -0.012912 -0.0667034 0.997689 0.797953 0 0 0 1 
38591597440193;0.3706;0.128693;0.999394 0.0344029 -0.00527348 0.0125631 -0.0348042 0.988686 -0.145905 0.277017 0.000194279 0.146 0.989285 -0.519736 0 0 0 1 
38591597440194;0.358294;0.096479;0.979253 0.179382 0.0942679 0.357404 -0.180039 0.983658 -0.00155362 0.190144 -0.0930061 -0.0154505 0.995546 0.143961 0 0 0 1 
38591597440195;0.380792;0.162366;0.922448 0.316429 -0.221275 0.266607 -0.318981 0.947429 0.0250849 0.896709 0.21758 0.0474431 0.974889 -0.335049 0 0 0 1 
38591597440196;0.614704;0.547673;0.983418 -0.146257 -0.10723 -0.0143372 0.169389 0.951983 0.255023 -0.739575 0.0647819 -0.268957 0.960971 -0.0048441 0 0 0 1 
38591597440197;0.540834;0.136206;0.936194 0.334703 -0.10731 0.765528 -0.339183 0.940358 -0.0261007 0.982424 0.0921741 0.0608332 0.993883 -0.0116543 0 0 0 1 
38591597440198;0.653732;0.129083;0.968102 0.247242 -0.0406252 0.203098 -0.248946 0.930788 -0.267693 0.366204 -0.0283713 0.269267 0.962648 0.503582 0 0 0 1 
38591597440199;0.0659977;0.117632;0.999902 0.0133582 0.00412075 0.0174967 -0.0133292 0.999887 -0.00700376 -0.0554535 -0.00421385 0.00694815 0.999967 -0.0329566 0 0 0 1 
38591597440200;0.599375;0.148991;0.994384 0.103387 -0.022635 0.631628 -0.103381 0.994641 0.00143417 0.706872 0.0226619 0.000913924 0.999743 0.0914771 0 0 0 1 
38591597440201;0.617035;0.127521;0.994001 0.0972034 0.0501322 0.526467 -0.0821631 0.966207 -0.244322 0.226049 -0.0721871 0.238738 0.968397 -0.557504 0 0 0 1 
38591597440202;0.728849;0.297412;0.918007 0.0704025 -0.390265 0.627693 0.0336782 0.966719 0.253613 -0.715791 0.395132 -0.245962 0.885084 -0.0238212 0 0 0 1 
38591597440203;0.628996;0.140414;0.946798 0.319286 -0.0403838 0.91457 -0.317943 0.947413 0.0363445 0.932339 0.0498645 -0.0215711 0.998523 0.0905007 0 0 0 1 
38591597440204;0.361491;0.304491;0.992837 -0.116873 -0.0247963 0.0337833 0.117422 0.992839 0.0219874 -0.613067 0.022049 -0.0247415 0.999451 0.28921 0 0 0 1 
38591597440205;0.426394;0.151311;0.975552 0.178132 0.128713 -0.244712 -0.201527 0.958719 0.200612 0.311426 -0.0876643 -0.221646 0.971179 0.690302 0 0 0 1 
38591597440206;0.39785;0.152657;0.975482 0.144264 0.166203 0.122425 -0.194795 0.917423 0.346972 0.286141 -0.102423 -0.37084 0.923031 0.828807 0 0 0 1 
38591597440207;0.654746;0.146257;0.984357 0.172273 0.0369359 -0.424436 -0.174087 0.983285 0.053334 -0.1057 -0.0271305 -0.0589298 0.997893 0.430671 0 0 0 1 
38591597440208;0.405729;0.178934;0.966411 0.0196399 0.256251 -0.00837845 -0.0689705 0.98032 0.184977 -0.388292 -0.247575 -0.196437 0.948746 0.573828 0 0 0 1 
38591597440209;0.302589;0.1659;0.935887 0.352019 -0.0140769 0.0595827 -0.351605 0.935804 0.0254093 0.998381 0.0221178 -0.0188307 0.999578 0.0141316 0 0 0 1 
38591597440210;0.290612;0.131084;0.992104 0.118107 -0.0421988 0.0305395 -0.124367 0.969912 -0.209295 0.4449 0.01621 0.21289 0.976942 0.0160019 0 0 0 1 
38591597440211;0.669792;0.126757;0.977428 0.182853 0.105831 -0.178303 -0.195533 0.972651 0.125369 -0.375636 -0.0800125 -0.143232 0.986449 0.52279 0 0 0 1 
38591597440212;0.674895;0.15342;0.919117 0.162125 0.35908 0.830822 -0.270085 0.92283 0.274662 0.606379 -0.28684 -0.349429 0.891977 1.1331 0 0 0 1 
38591597440213;0.74739;0.187114;0.984777 0.12226 -0.123561 0.14867 -0.0911728 0.968513 0.23167 -0.975542 0.147994 -0.216877 0.964916 -0.0240732 0 0 0 1 
38591597440214;0.177349;0.145204;0.998305 0.041528 -0.040766 0.20906 -0.0482368 0.982392 -0.1805 0.0588987 0.0325524 0.18216 0.98273 -0.278437 0 0 0 1 
38591597440215;0.720627;0.17761;0.986723 0.101653 -0.126663 0.182981 -0.110316 0.991876 -0.0633496 0.571698 0.119194 0.0764815 0.989921 -1.33409 0 0 0 1 
38591597440217;0.284412;0.0394937;0.999862 -0.0156708 -0.0054905 0.199392 0.015753 0.999759 0.015272 0.0169827 0.00524985 -0.0153564 0.999868 0.629565 0 0 0 1 
38591597440218;0.175507;0.0383816;0.980843 0.191066 -0.03797 -0.176683 -0.192368 0.980726 -0.0342319 0.195906 0.0306976 0.0408803 0.998692 -0.0157152 0 0 0 1 
38591597440219;0.263573;0.0306262;0.983961 0.178381 -0.000552375 -0.194024 -0.178378 0.983956 0.00343826 0.329089 0.00115683 -0.00328458 0.999994 0.42664 0 0 0 1 
38591597440220;0.260161;0.0476276;0.998591 0.0324421 -0.0419862 0.020334 -0.0308998 0.998842 0.0368769 0.458426 0.0431339 -0.0355276 0.998437 0.239422 0 0 0 1 
38591597440221;0.443483;0.0625775;0.994192 -0.0874229 -0.0627706 0.851176 0.0983727 0.974738 0.200523 0.0215053 0.0436545 -0.205533 0.977676 0.406969 0 0 0 1 
38591597440222;0.400675;0.0334366;0.995848 0.0877709 0.0241651 -0.25305 -0.0884532 0.995664 0.0287859 0.286266 -0.0215338 -0.0308039 0.999293 -0.806303 0 0 0 1 
38591597440223;0.500048;0.0473084;0.899845 0.430734 0.0689048 -0.48343 -0.434635 0.89875 0.0577909 0.923955 -0.0370357 -0.0819513 0.995948 0.434803 0 0 0 1 
38591597440224;0.319063;0.0381013;0.999597 0.0236142 -0.015749 0.135484 -0.0235117 0.999701 0.00666239 0.115213 0.0159016 -0.00628942 0.999854 -0.713854 0 0 0 1 
38591597440225;0.246702;0.0558292;0.986591 -0.100557 0.128556 0.0429029 0.0769493 0.981205 0.17696 0.0958743 -0.143934 -0.164695 0.975786 -0.0379282 0 0 0 1 
38591597440226;0.422905;0.0333072;0.886104 0.403473 0.228101 -0.307072 -0.356172 0.907685 -0.221923 0.521524 -0.296584 0.115403 0.948008 0.324824 0 0 0 1 
38591597440227;0.114525;0.0278125;0.998876 -0.00091412 0.0473824 -0.125286 -0.0036977 0.995263 0.0971528 -0.284193 -0.0472468 -0.0972188 0.994141 0.0516214 0 0 0 1 
38591597440228;0.227089;0.0470476;0.96373 -0.264292 0.0370698 0.07747 0.265671 0.963269 -0.0391355 -0.191832 -0.025365 0.0475644 0.998546 0.0879627 0 0 0 1 
38591597440229;0.366377;0.0331066;0.963407 0.266535 0.0283928 -0.56119 -0.264974 0.963001 -0.0491662 0.56869 -0.0404468 0.0398437 0.998387 -0.204899 0 0 0 1 
38591597440230;0.40791;0.0322542;0.999944 0.00761891 0.00738019 -0.0810727 -0.00816604 0.996983 0.0771866 -0.0842932 -0.00676985 -0.0772425 0.996989 1.02301 0 0 0 1 
38591597440231;0.122929;0.0357509;0.997404 0.0607234 -0.0387148 0.0475287 -0.0567951 0.993803 0.0955554 -0.252184 0.0442773 -0.0931085 0.994671 0.065585 0 0 0 1 
38591597440232;0.235296;0.0541873;0.965517 -0.258804 0.028232 0.222766 0.258259 0.965835 0.0215676 -0.353064 -0.0328492 -0.0135327 0.999369 -0.00245883 0 0 0 1 
38591597440233;0.450082;0.0339605;0.908155 -0.00657096 -0.418582 0.617569 0.123717 0.95943 0.253354 -0.449161 0.399936 -0.28187 0.872124 -0.377011 0 0 0 1 
38591597440234;0.442338;0.0572577;0.891206 -0.450276 -0.0547986 0.450391 0.441177 0.888531 -0.125998 -0.0389559 0.105424 0.0881143 0.990516 -0.218275 0 0 0 1 
38591597440235;0.600621;0.0402445;0.906848 0.420578 -0.0272129 -0.610133 -0.418552 0.906286 0.05882 1.10722 0.049401 -0.0419508 0.997898 0.575643 0 0 0 1 
38591597440236;0.098733;0.0335517;0.995899 0.058358 -0.0691348 0.0992014 -0.0575176 0.998245 0.0140863 -0.0240997 0.0698355 -0.010052 0.997508 -0.127333 0 0 0 1 
38591597440237;0.391996;0.0570594;0.993048 -0.114674 -0.0265774 0.425602 0.116555 0.989485 0.0856403 0.23441 0.0164773 -0.0881426 0.995972 0.628441 0 0 0 1 
38591597440238;0.352561;0.0383216;0.920141 0.217645 0.325533 -0.360205 -0.262021 0.959993 0.0987886 0.081068 -0.291008 -0.176196 0.940356 0.576082 0 0 0 1 
38591597440239;0.273596;0.0490118;0.949422 -0.300701 0.0904281 0.21057 0.302825 0.952989 -0.0104426 -0.372521 -0.0830369 0.0372983 0.995848 -0.0535014 0 0 0 1 
38591597440240;0.59112;0.0516834;0.911069 -0.392202 -0.127009 0.93637 0.404803 0.909397 0.0955584 -0.901822 0.0780233 -0.138474 0.987288 0.617491 0 0 0 1 
38591597440241;0.457943;0.032612;0.925162 0.379569 0.00132681 -0.113837 -0.37904 0.924046 -0.0496854 0.463927 -0.0200851 0.0454642 0.998764 -0.6497 0 0 0 1 
38591597440242;0.307705;0.0293435;0.982293 0.185949 0.0228858 0.197055 -0.186309 0.982381 0.0147392 -0.404026 -0.0197418 -0.018742 0.999629 -0.00174737 0 0 0 1 
38591597440243;0.105317;0.0484857;0.998143 -0.0609213 0.000215613 0.0532388 0.060916 0.998092 0.0100976 -0.161166 -0.000830358 -0.0100657 0.999949 -0.149397 0 0 0 1 
38591597440244;0.562292;0.0576567;0.915981 -0.380197 -0.128177 0.824847 0.34963 0.913085 -0.209845 -0.0981426 0.196819 0.1474 0.969297 -0.936756 0 0 0 1 
38591597440245;0.374359;0.0447315;0.992567 -0.11074 -0.0504752 -0.548349 0.113633 0.991794 0.0585906 0.227852 0.0435727 -0.0638907 0.997005 0.33169 0 0 0 1 
38591597440246;0.451519;0.0318493;0.882431 0.470347 -0.00949229 -0.0580708 -0.470443 0.882259 -0.0173899 0.747855 0.000195388 0.0198109 0.999804 -0.269458 0 0 0 1 
38591597440248;0.275634;0.0211546;0.952858 0.30335 0.00630246 -0.376002 -0.30323 0.952797 -0.0151731 0.413383 -0.0106077 0.0125467 0.999865 0.0678764 0 0 0 1 
38591597440249;0.256114;0.0145687;0.9572 -0.183113 -0.224136 0.606521 0.171066 0.98261 -0.0722052 -0.0462 0.23346 0.0307727 0.971879 -0.344322 0 0 0 1 
38591597440250;0.238063;0.0160446;0.920805 -0.0173782 -0.389636 0.266502 -0.0376862 0.990368 -0.133233 0.305584 0.388198 0.137366 0.911281 -0.47936 0 0 0 1 
38591597440251;0.292932;0.0216788;0.999993 -0.00373251 -0.00017457 0.00750128 0.00373419 0.999934 0.0108758 -0.00542166 0.000133965 -0.0108763 0.999941 0.892072 0 0 0 1 
38591597440252;0.40515;0.0194944;0.995181 -0.00453156 0.0979519 -0.184462 0.0513355 0.875175 -0.481075 0.51241 -0.0835451 0.483785 0.87119 -0.293419 0 0 0 1 
38591597440253;0.264249;0.0207378;0.999732 -0.0195588 0.0123613 -0.619143 0.0193177 0.999627 0.0193294 0.01915 -0.0127347 -0.0190854 0.999737 -0.281793 0 0 0 1 
38591597440254;0.377732;0.0218206;0.909348 -0.388605 0.14857 0.568157 0.347033 0.905472 0.244313 -0.531972 -0.229467 -0.170607 0.958247 0.293068 0 0 0 1 
38591597440255;0.159826;0.0156443;0.977518 0.0807529 0.194777 0.124591 -0.0695736 0.995549 -0.0635807 0.121038 -0.199044 0.0485999 0.978785 0.408966 0 0 0 1 
38591597440256;0.0516293;0.0188298;0.999267 0.0264018 0.027713 -0.0445461 -0.0259055 0.9995 -0.0181175 0.11933 -0.0281775 0.0173863 0.999452 0.0869828 0 0 0 1 
38591597440257;0.294004;0.0211131;0.985981 -0.125074 -0.110441 0.142085 0.117329 0.990327 -0.0740662 0.475975 0.118637 0.0600699 0.991119 0.311328 0 0 0 1 
38591597440258;0.456161;0.0208187;0.970462 0.165464 0.175573 -0.567354 -0.226444 0.87579 0.42628 -0.276834 -0.0832307 -0.453446 0.887389 0.584118 0 0 0 1 
