#;prob_registration_l1 -r ../../../build/tester /home/point_clouds_registration_benchmark/hauptgebaude_local.txt /home/point_clouds_registration_benchmark/hauptgebaude -s 0.2 -t 0.2 -p 0.3 -r 1000 -m 5 -i 40 
id;initial_error;final_error;transformation
3394309160000;0.248226;0.0344718;0.99932 -0.00639658 0.0363188 0.507825 0.00482261 0.999052 0.043261 -0.080084 -0.0365611 -0.0430564 0.998403 0.0221052 0 0 0 1 
3394309160001;0.28369;0.0323369;0.993434 0.1114 -0.0260531 -0.442935 -0.109602 0.99201 0.0624784 0.804216 0.032805 -0.0592127 0.997706 -0.586239 0 0 0 1 
3394309160002;0.278932;0.0358939;0.977021 -0.0119478 0.21281 -0.153156 0.00922725 0.999863 0.0137726 -0.133585 -0.212945 -0.0114925 0.976997 0.789475 0 0 0 1 
3394309160003;0.0682056;0.0248946;0.995171 -0.0945821 0.026257 0.0153685 0.0949546 0.995393 -0.0133175 -0.619437 -0.0248764 0.0157464 0.999567 0.223085 0 0 0 1 
3394309160004;0.286924;0.0349697;0.999202 0.0348296 -0.0195303 0.506641 -0.0346011 0.99933 0.0119168 0.695435 0.0199323 -0.0112315 0.999738 -0.255944 0 0 0 1 
3394309160005;0.492031;0.039898;0.907965 0.381071 0.174313 -0.308109 -0.406186 0.902604 0.142545 2.55228 -0.103016 -0.200229 0.974318 0.359182 0 0 0 1 
3394309160006;0.393899;0.0328035;0.988145 0.0208788 0.152098 -0.258789 -0.0225436 0.999703 0.00922872 0.514206 -0.15186 -0.0125481 0.988322 1.96074 0 0 0 1 
3394309160007;0.411602;0.0328808;0.883311 -0.341731 0.320907 0.371775 0.346791 0.936947 0.0431901 -2.13113 -0.315432 0.0731374 0.946125 1.48385 0 0 0 1 
3394309160008;0.42721;0.0287182;0.953424 -0.298869 -0.0407547 0.478025 0.29969 0.953908 0.0156615 -1.9193 0.0341955 -0.0271458 0.999046 0.727268 0 0 0 1 
3394309160009;0.395375;0.0283944;0.977279 -0.204551 -0.0555307 0.432927 0.199312 0.976017 -0.0875533 -1.50697 0.072108 0.0744961 0.994611 0.459791 0 0 0 1 
3394309160010;0.216746;0.0284357;0.991812 -0.00927962 -0.127373 -0.121649 -0.0126259 0.985346 -0.170101 0.452266 0.127085 0.170316 0.97716 -0.529408 0 0 0 1 
3394309160011;0.228138;0.568101;0.949558 -0.224333 -0.219121 1.92932 0.246704 0.965753 0.080361 -1.73285 0.193589 -0.130365 0.972383 -1.0238 0 0 0 1 
3394309160012;0.324315;0.645356;0.942089 -0.333575 -0.034579 1.42494 0.334745 0.929086 0.157304 -2.36253 -0.0203459 -0.15977 0.986945 -0.0924643 0 0 0 1 
3394309160013;0.268523;0.0303545;0.997903 0.0567075 -0.0312144 0.608747 -0.0567711 0.998387 -0.00115313 0.0612542 0.0310986 0.00292279 0.999512 -0.386004 0 0 0 1 
3394309160014;0.217364;0.0302631;0.999837 0.0154904 0.00931759 -0.0430727 -0.0170969 0.97774 0.209121 -0.349269 -0.00587081 -0.209246 0.977845 0.337291 0 0 0 1 
3394309160015;0.198549;0.0388485;0.972371 0.10438 0.208805 -0.308037 -0.0999312 0.994487 -0.0317732 0.688271 -0.210971 0.0100292 0.977441 1.52184 0 0 0 1 
3394309160016;0.362241;0.034882;0.887181 -0.226918 0.401769 0.504137 0.222671 0.97317 0.0579455 -1.71905 -0.404139 0.0380541 0.913906 3.2392 0 0 0 1 
3394309160017;0.403444;0.0304532;0.923723 -0.276976 0.264614 -0.513649 0.268799 0.960836 0.0673918 -1.30522 -0.272917 0.00887672 0.961997 1.85966 0 0 0 1 
3394309160018;0.415951;0.0338962;0.959791 0.264458 0.0941438 -0.670567 -0.269135 0.962237 0.0408148 1.91446 -0.0797949 -0.0645111 0.994722 0.454222 0 0 0 1 
3394309160019;0.389264;0.0370091;0.968176 0.250009 -0.0114625 0.0153782 -0.249952 0.968238 0.00624522 1.2714 0.0126598 -0.00318139 0.999915 -0.792773 0 0 0 1 
3394309160020;0.355901;0.0245575;0.943606 -0.161423 -0.28905 0.828588 0.0673018 0.948376 -0.309924 -0.00955963 0.324157 0.272992 0.905758 -1.63289 0 0 0 1 
3394309160021;0.307009;0.0280388;0.990923 -0.122608 -0.0551237 0.62779 0.132057 0.964535 0.228545 -1.16308 0.0251472 -0.23375 0.971971 -0.248916 0 0 0 1 
3394309160022;0.159878;0.0349881;0.979236 -0.0401538 0.198708 -0.297117 0.0550228 0.996037 -0.0698797 -0.299986 -0.195115 0.0793622 0.977564 1.32375 0 0 0 1 
3394309160023;0.179015;0.0317316;0.995302 -0.0467391 0.0847852 -0.176412 0.0483893 0.998675 -0.0175116 -0.369777 -0.0838544 0.0215321 0.996245 0.190986 0 0 0 1 
3394309160024;0.448507;0.618332;0.899038 -0.435481 0.0456866 2.01694 0.433742 0.899994 0.043337 -2.74444 -0.0599901 -0.0191454 0.998015 1.20814 0 0 0 1 
3394309160025;0.259237;0.0376166;0.987723 0.156141 -0.00492674 -0.142947 -0.155748 0.986704 0.0464598 0.993889 0.0121155 -0.045122 0.998908 -0.549124 0 0 0 1 
3394309160026;0.300277;0.0317102;0.994911 0.0776053 0.0642659 0.320878 -0.0740813 0.995706 -0.0555158 -0.106377 -0.0682982 0.0504723 0.996387 0.812559 0 0 0 1 
3394309160027;0.421694;0.450676;0.956653 -0.227309 -0.182059 1.57386 0.263636 0.941541 0.209752 -2.58748 0.123737 -0.248657 0.960655 -0.226725 0 0 0 1 
3394309160028;0.443835;0.0377672;0.924748 0.104039 0.366084 -0.13855 0.00772125 0.956583 -0.291359 0.76402 -0.380502 0.27226 0.883794 2.37568 0 0 0 1 
3394309160029;0.512116;0.0331972;0.998824 -0.0270054 0.0402564 0.23785 0.039392 0.936156 -0.349371 0.449976 -0.0282514 0.350546 0.936119 -0.603847 0 0 0 1 
3394309160031;0.426851;0.0550865;0.959029 -0.218445 -0.180405 0.27301 0.240581 0.964216 0.111391 -0.807673 0.149617 -0.150229 0.977265 -0.895352 0 0 0 1 
3394309160032;0.353703;0.48046;0.919295 -0.37754 -0.111175 1.11972 0.380663 0.924683 0.00752426 -0.108481 0.099961 -0.0492372 0.993772 -0.0176767 0 0 0 1 
3394309160033;0.139215;0.0464972;0.993324 -0.0403535 -0.108071 0.0549441 0.0355359 0.998303 -0.046139 -0.28095 0.10975 0.0419906 0.993072 0.156439 0 0 0 1 
3394309160034;0.389775;0.0532553;0.933036 0.358291 -0.0327239 -0.294551 -0.355834 0.932409 0.0632085 0.261006 0.0531591 -0.0473315 0.997464 -0.49919 0 0 0 1 
3394309160035;0.19696;0.052094;0.979395 0.159498 -0.12388 0.0470456 -0.173376 0.978612 -0.110723 0.350306 0.10357 0.12992 0.9861 -0.0259777 0 0 0 1 
3394309160036;0.370886;0.047022;0.933429 -0.355881 -0.0453794 -0.257658 0.356871 0.908076 0.219183 -0.548653 -0.036795 -0.220786 0.974628 0.392734 0 0 0 1 
3394309160037;0.384635;0.0524187;0.909871 -0.265424 0.31888 -0.231686 0.20039 0.954138 0.222408 -0.900858 -0.363288 -0.138462 0.921331 0.123314 0 0 0 1 
3394309160038;0.368064;0.0583143;0.952964 0.302732 -0.0145888 -0.678621 -0.302786 0.948793 -0.0900734 0.540864 -0.0134263 0.090254 0.995828 0.0291489 0 0 0 1 
3394309160039;0.0746977;0.0406165;0.999571 -0.00549587 0.0287669 -0.124872 0.0052364 0.999945 0.00908736 -0.107066 -0.0288153 -0.00893283 0.999545 -0.0766314 0 0 0 1 
3394309160040;0.279481;0.0485467;0.924863 -0.341091 0.16818 0.118837 0.322148 0.937694 0.130198 -0.649012 -0.202111 -0.0662368 0.97712 0.432473 0 0 0 1 
3394309160041;0.389623;0.0563456;0.888429 -0.458582 -0.0199122 0.641143 0.458612 0.884997 0.0803512 -0.741457 -0.0192254 -0.0805183 0.996568 0.0128861 0 0 0 1 
3394309160042;0.283783;0.057629;0.984008 -0.177998 0.00664646 -0.417987 0.177982 0.984029 0.0029579 -0.20422 -0.00706681 -0.00172765 0.999974 -0.299464 0 0 0 1 
3394309160043;0.314339;0.0417142;0.99887 0.0475226 0.0005263 0.201525 -0.0467386 0.980265 0.192084 -0.144185 0.00861244 -0.191892 0.981378 0.703102 0 0 0 1 
3394309160044;0.531805;0.051598;0.896001 0.420973 -0.141294 -0.543015 -0.405118 0.905247 0.128094 0.607861 0.18183 -0.0575314 0.981645 0.514818 0 0 0 1 
3394309160045;0.395186;0.0478061;0.993362 0.0671499 0.093398 -0.189384 -0.0216593 0.906595 -0.421447 0.612393 -0.112974 0.416626 0.902031 0.20741 0 0 0 1 
3394309160046;0.217132;0.0530444;0.988211 -0.153085 0.00179006 0.194732 0.153048 0.988129 0.0133366 -0.698098 -0.00381045 -0.0129054 0.999909 0.200915 0 0 0 1 
3394309160047;0.371665;0.0436577;0.9739 -0.161901 0.159079 -0.0815151 0.177224 0.98029 -0.0873073 0.022772 -0.141809 0.113221 0.983398 -0.534317 0 0 0 1 
3394309160048;0.441321;0.0532308;0.897525 0.341921 0.278458 -0.405734 -0.283172 0.930975 -0.23043 0.650769 -0.338026 0.127966 0.932396 0.906911 0 0 0 1 
3394309160049;0.529697;0.0464667;0.963917 -0.262788 -0.0425001 0.0288568 0.257644 0.8808 0.397254 -1.54301 -0.0669597 -0.39387 0.916724 0.287263 0 0 0 1 
3394309160050;0.242722;0.0454371;0.982628 -0.134001 0.128397 0.00607962 0.134345 0.990916 0.00601638 -0.285897 -0.128037 0.0113377 0.991705 0.722509 0 0 0 1 
3394309160051;0.288745;0.0485517;0.976772 -0.029113 0.212293 -0.227926 0.00589316 0.994002 0.109199 -0.167551 -0.214199 -0.105412 0.971086 0.92109 0 0 0 1 
3394309160052;0.346607;0.053613;0.996947 0.0760588 0.0176294 0.0443435 -0.0763016 0.996993 0.0135323 -0.0945176 -0.0165471 -0.0148361 0.999753 -0.743725 0 0 0 1 
3394309160053;0.177457;0.0515125;0.992627 -0.0193041 0.11966 -0.338375 0.0189235 0.999812 0.00431592 -0.309205 -0.119721 -0.00201971 0.992806 0.457931 0 0 0 1 
3394309160054;0.393365;0.0477069;0.996895 -0.0498345 -0.0609714 0.661396 0.0599758 0.982239 0.17779 -0.780758 0.0510284 -0.180895 0.982178 0.470127 0 0 0 1 
3394309160055;0.395101;0.0486007;0.997662 -0.0662593 0.0167161 0.704436 0.0673385 0.994872 -0.0754708 0.105885 -0.0116298 0.07642 0.997008 -0.485853 0 0 0 1 
3394309160056;0.394726;0.0507728;0.98719 0.158814 0.0152942 -0.59751 -0.159263 0.975156 0.153967 0.323094 0.00953784 -0.15443 0.987958 -0.431096 0 0 0 1 
3394309160057;0.649395;0.0516751;0.933304 0.351777 0.0720902 -1.00087 -0.317294 0.901887 -0.293128 1.25441 -0.168133 0.250704 0.953351 0.564936 0 0 0 1 
3394309160058;0.444142;0.0577436;0.97727 0.211714 0.0109724 -0.404471 -0.210935 0.976243 -0.0495517 0.551302 -0.0212025 0.0461109 0.998711 0.914834 0 0 0 1 
3394309160059;0.406193;0.0447182;0.988565 -0.0134739 0.150191 0.509831 0.068437 0.927605 -0.367239 0.0147129 -0.13437 0.373319 0.91792 0.552085 0 0 0 1 
3394309160060;0.43448;0.0502764;0.910691 0.412592 -0.0202332 0.0501349 -0.410285 0.89773 -0.160459 0.729314 -0.0480403 0.15443 0.986835 -0.403417 0 0 0 1 
3394309160062;0.235158;0.0284683;0.951253 -0.263261 0.160662 0.515061 0.278254 0.957259 -0.0789262 -6.06028 -0.133017 0.119784 0.983849 2.97615 0 0 0 1 
3394309160063;0.42419;0.0571452;0.978042 0.208005 -0.0129553 0.662339 -0.207651 0.977899 0.0243722 4.34355 0.0177385 -0.0211469 0.999619 0.606546 0 0 0 1 
3394309160064;0.439802;0.0841069;0.895553 0.406791 0.180292 1.80795 -0.411326 0.911392 -0.0132107 8.9389 -0.169691 -0.0623279 0.983524 3.55443 0 0 0 1 
3394309160065;0.350677;0.0588292;0.988198 0.0751711 0.133466 0.182916 -0.0780856 0.996806 0.0167314 1.21518 -0.131782 -0.0269557 0.990912 2.21323 0 0 0 1 
3394309160066;0.242534;0.040481;0.999407 0.00335569 -0.0342769 -0.182635 -0.0104537 0.977845 -0.209068 0.094226 0.032816 0.209302 0.9773 -0.165143 0 0 0 1 
3394309160067;0.392633;0.0768686;0.883794 0.178301 0.432569 1.6743 -0.115357 0.979038 -0.167862 2.95486 -0.453431 0.0984555 0.885837 10.1432 0 0 0 1 
3394309160068;0.328762;0.0678087;0.990295 0.138175 0.0149753 0.0910103 -0.138975 0.983194 0.118386 3.59346 0.00163447 -0.119318 0.992855 -0.485053 0 0 0 1 
3394309160069;0.0998438;0.0427951;0.999877 0.0120999 -0.00998424 0.192775 -0.0121011 0.999927 -6.50964e-05 0.357072 0.00998272 0.000185909 0.99995 -0.282166 0 0 0 1 
3394309160070;0.429464;0.0694265;0.919896 0.282876 0.27161 1.25829 -0.342693 0.916572 0.206052 7.45232 -0.190663 -0.282625 0.940091 4.22572 0 0 0 1 
3394309160071;0.0989399;0.0443924;0.998883 0.0460532 -0.0105707 0.021954 -0.0459604 0.998904 0.00885792 1.05513 0.0109671 -0.00836219 0.999905 -0.414099 0 0 0 1 
3394309160072;0.334886;0.0261476;0.937565 -0.347189 -0.0207863 1.12881 0.343742 0.915826 0.207616 -7.8872 -0.0530454 -0.201799 0.97799 0.747814 0 0 0 1 
3394309160073;0.372916;0.0297781;0.989043 -0.147608 0.00236891 0.872806 0.147595 0.989036 0.00491105 -3.2474 -0.00306785 -0.0045076 0.999985 0.445373 0 0 0 1 
3394309160074;0.236373;0.0258003;0.983168 -0.178701 -0.0380408 0.335864 0.181041 0.980902 0.0711071 -4.04428 0.0246074 -0.0767972 0.996743 -1.01164 0 0 0 1 
3394309160075;0.259352;0.0457313;0.980201 0.0697662 -0.185309 0.64374 -0.115955 0.96086 -0.251601 2.85625 0.160503 0.268107 0.949925 -3.22599 0 0 0 1 
3394309160076;0.21267;0.0605716;0.975892 0.16538 0.142426 0.321184 -0.152499 0.98352 -0.0971204 3.68397 -0.15614 0.0730592 0.985029 3.63756 0 0 0 1 
3394309160077;0.259302;0.0516875;0.990535 0.129832 -0.0445479 0.156715 -0.135161 0.979147 -0.151669 3.12142 0.0239274 0.156254 0.987427 0.250378 0 0 0 1 
3394309160078;0.466153;0.0292427;0.882405 -0.424119 0.203674 1.74498 0.44504 0.892858 -0.0688704 -9.3523 -0.152643 0.151415 0.976613 4.237 0 0 0 1 
3394309160079;0.423773;0.0287894;0.966404 -0.163887 0.198001 -0.294908 0.187531 0.9764 -0.107127 -3.86875 -0.175772 0.14066 0.97433 3.33823 0 0 0 1 
3394309160080;0.255153;0.0509244;0.99278 0.00294514 0.11991 0.0288276 0.0142668 0.989702 -0.142429 -0.0524936 -0.119094 0.143111 0.982515 2.31242 0 0 0 1 
3394309160081;0.296072;0.0315896;0.997087 -0.0691867 0.0320918 0.304937 0.0692438 0.9976 -0.000669649 -0.818129 -0.0319685 0.00288986 0.999485 0.619736 0 0 0 1 
3394309160082;0.355531;0.0251576;0.906959 -0.413668 -0.0794003 1.86281 0.408783 0.909869 -0.0709614 -8.82463 0.101598 0.0319016 0.994314 -2.18874 0 0 0 1 
3394309160083;0.180325;0.0249499;0.99736 -0.0721713 -0.00807051 -0.0230394 0.0723733 0.978625 0.1925 -1.89982 -0.00599494 -0.192575 0.981264 0.0548246 0 0 0 1 
3394309160084;0.188147;0.0255588;0.997805 -0.0301046 -0.0589804 -0.0848686 0.0292184 0.999448 -0.0158297 -0.382243 0.0594243 0.0140717 0.998134 -1.61382 0 0 0 1 
3394309160085;0.149775;0.0481122;0.997459 0.00644309 0.0709552 -0.181579 -0.0181694 0.985978 0.165886 0.160725 -0.0688914 -0.166753 0.983589 1.33214 0 0 0 1 
3394309160086;0.360181;0.0252964;0.976488 0.0287773 -0.213642 1.29926 -0.0459129 0.996074 -0.0756832 1.2197 0.210625 0.0837127 0.973976 -3.6956 0 0 0 1 
3394309160087;0.069233;0.0276051;0.996502 -0.0818425 -0.0169048 0.0776229 0.0820987 0.99651 0.0150593 -1.76182 0.0156133 -0.0163945 0.999744 -0.333582 0 0 0 1 
3394309160088;0.334175;0.0296891;0.957234 -0.244295 0.154995 -0.214439 0.220905 0.963107 0.153709 -4.94576 -0.186827 -0.112897 0.975884 3.67837 0 0 0 1 
3394309160089;0.384231;0.0255562;0.967658 -0.215938 0.130421 0.123244 0.203742 0.973831 0.100713 -4.83622 -0.148756 -0.0708839 0.98633 2.39126 0 0 0 1 
3394309160090;0.357505;0.0288239;0.947677 -0.297037 0.116948 0.77671 0.313159 0.936131 -0.159969 -6.22015 -0.0619618 0.188222 0.98017 1.94012 0 0 0 1 
3394309160091;0.460987;0.0729313;0.974142 0.220055 0.0512187 0.215247 -0.222315 0.974 0.0435969 3.94856 -0.0402932 -0.0538562 0.997735 0.438319 0 0 0 1 
3394309160093;0.186714;0.046222;0.98125 -0.0821803 -0.174341 0.494796 0.0871008 0.995983 0.0207491 -1.47157 0.171935 -0.0355453 0.984467 -3.38422 0 0 0 1 
3394309160094;0.310812;0.055183;0.985179 -0.136008 0.104521 0.358134 0.136449 0.990643 0.00294973 -1.77347 -0.103944 0.0113557 0.994518 1.96293 0 0 0 1 
3394309160095;0.222858;0.0528428;0.998383 -0.0427266 -0.0374933 0.217443 0.04212 0.998971 -0.0168211 -0.789087 0.0381734 0.0152146 0.999155 -0.14695 0 0 0 1 
3394309160096;0.38163;0.0511189;0.995231 -0.0833196 -0.0507171 0.266839 0.088407 0.990202 0.108093 -1.81922 0.0412139 -0.112062 0.992846 0.0348309 0 0 0 1 
3394309160097;0.257713;0.0470307;0.999841 0.00153458 -0.017762 -0.0814304 -0.00135294 0.999947 0.010234 0.0996629 0.0177768 -0.0102083 0.99979 0.36871 0 0 0 1 
3394309160098;0.436886;0.760925;0.890692 0.442082 0.105977 0.0331627 -0.408675 0.88075 -0.239298 7.96531 -0.199128 0.169831 0.965145 3.75707 0 0 0 1 
3394309160099;0.352112;0.0774002;0.991874 0.0895759 0.0903467 0.516472 -0.0719084 0.980532 -0.182718 1.92458 -0.104955 0.174736 0.979006 1.71466 0 0 0 1 
3394309160100;0.383134;0.0492509;0.996281 -0.0230648 -0.0830135 0.299408 0.028463 0.997515 0.0644437 -0.407105 0.0813209 -0.0665668 0.994463 -0.561418 0 0 0 1 
3394309160101;0.349174;0.0563885;0.999818 -0.00210918 0.0189847 -0.00695646 0.00616852 0.976286 -0.216397 0.649197 -0.0180781 0.216474 0.976121 1.35662 0 0 0 1 
3394309160102;0.328612;0.0558167;0.990221 0.0891106 -0.10734 0.275912 -0.0761099 0.989893 0.119661 1.40155 0.116918 -0.110321 0.986995 -1.41834 0 0 0 1 
3394309160103;0.353684;0.0486225;0.997695 -0.0121568 0.0667662 -0.854156 0.00869241 0.998613 0.0519356 -0.25166 -0.0673049 -0.0512355 0.996416 1.69167 0 0 0 1 
3394309160104;0.220681;0.055382;0.979055 -0.148408 0.139378 -0.354649 0.143247 0.988598 0.0464163 -2.17824 -0.144677 -0.0254787 0.989151 2.5411 0 0 0 1 
3394309160105;0.408456;0.42551;0.932305 0.352772 0.0797439 0.295832 -0.358579 0.930359 0.076502 6.7328 -0.0472028 -0.0999177 0.993875 1.38684 0 0 0 1 
3394309160106;0.441483;0.051422;0.892681 -0.426561 0.145484 1.51015 0.377966 0.884388 0.27386 -7.28371 -0.245482 -0.189482 0.950702 4.68972 0 0 0 1 
3394309160107;0.532391;0.0449623;0.913822 -0.376615 -0.151958 2.1155 0.361148 0.924744 -0.120085 -6.33178 0.185749 0.0548572 0.981065 -3.79014 0 0 0 1 
3394309160108;0.223867;0.0546198;0.999996 0.00286743 7.65058e-05 -0.184205 -0.00286797 0.99996 0.00849775 0.0495027 -5.2136e-05 -0.00849794 0.999964 0.587665 0 0 0 1 
3394309160109;0.0784344;0.04784;0.994198 -0.107494 -0.00404433 -0.0880192 0.107555 0.993982 0.0207856 -1.91674 0.00178567 -0.0210999 0.999776 -0.0471743 0 0 0 1 
3394309160110;0.305364;0.0501932;0.984417 -0.166713 0.0559397 -0.318216 0.174273 0.967398 -0.183767 -2.94088 -0.0234795 0.190653 0.981377 1.3525 0 0 0 1 
3394309160111;0.289575;1.00008;0.946982 0.252113 0.19916 -1.15436 -0.235002 0.966228 -0.105724 4.47057 -0.219088 0.0533159 0.974247 4.30219 0 0 0 1 
3394309160112;0.386373;0.0453461;0.966627 -0.25205 0.0458569 0.160513 0.251675 0.967713 0.0138677 -4.62728 -0.0478716 -0.0018639 0.998852 1.72981 0 0 0 1 
3394309160113;0.347639;0.0544332;0.999462 0.0327906 -0.000897584 -0.198492 -0.0327899 0.999462 0.000710826 0.940655 0.00092041 -0.000681011 0.999999 0.87497 0 0 0 1 
3394309160114;0.578959;0.63364;0.891663 0.373497 0.255805 -0.647651 -0.369337 0.926948 -0.0660162 6.45845 -0.261775 -0.0356143 0.964472 4.65112 0 0 0 1 
3394309160115;0.373208;0.059748;0.996069 -0.0150248 0.0872934 -0.390886 0.0228017 0.99579 -0.0887875 -0.190812 -0.0855918 0.090429 0.992218 0.777331 0 0 0 1 
3394309160116;0.177223;0.0547016;0.999477 -0.0320427 -0.00441076 0.210828 0.0320011 0.999446 -0.00919587 -0.163654 0.00470297 0.0090499 0.999948 -0.143279 0 0 0 1 
3394309160117;0.448363;0.0501795;0.977645 -0.206074 -0.04175 0.262923 0.186381 0.941265 -0.281571 -2.59233 0.0973225 0.267496 0.958632 -2.16546 0 0 0 1 
3394309160118;0.307421;0.0641178;0.955024 0.18602 0.230924 0.503504 -0.130953 0.963282 -0.234392 2.91658 -0.266047 0.193609 0.944317 4.95613 0 0 0 1 
3394309160119;0.336676;0.0455541;0.93073 -0.359263 -0.0683498 1.00482 0.360196 0.932876 0.00143286 -6.35816 0.0632471 -0.0259529 0.99766 -0.726023 0 0 0 1 
3394309160120;0.390228;0.0435955;0.877597 -0.447637 0.171594 1.46068 0.462698 0.88456 -0.0588632 -8.12108 -0.125436 0.131054 0.983408 2.80851 0 0 0 1 
3394309160121;0.364275;0.0593555;0.932245 -0.112093 0.344026 0.285315 0.183761 0.96573 -0.183297 -2.56341 -0.31169 0.234097 0.920895 6.01304 0 0 0 1 
3394309160122;0.150012;0.0689551;0.983259 0.178036 -0.03878 0.59551 -0.178951 0.983622 -0.021541 3.23963 0.0343098 0.0281201 0.999016 -0.534028 0 0 0 1 
3394309160124;0.265891;0.0419089;0.969771 -0.233254 0.0716743 -0.0724076 0.234899 0.971899 -0.0153266 -5.80744 -0.0660852 0.0316994 0.99731 1.46658 0 0 0 1 
3394309160125;0.0924407;0.059015;0.99166 0.021591 0.127058 -0.00815848 -0.0302686 0.997309 0.0667668 0.676613 -0.125275 -0.0700558 0.989646 2.84031 0 0 0 1 
3394309160126;0.454214;0.0647577;0.918272 0.295055 -0.264046 3.14673 -0.296429 0.954392 0.0355836 7.46 0.262502 0.0455954 0.963854 -5.84789 0 0 0 1 
3394309160127;0.391085;0.0662305;0.917476 0.393225 -0.0601076 2.12374 -0.378307 0.909228 0.173745 8.86384 0.122972 -0.136667 0.982955 -3.18234 0 0 0 1 
3394309160128;0.398984;0.0638029;0.941489 0.335601 0.0311616 1.2132 -0.327244 0.932331 -0.153851 8.14486 -0.0806855 0.134652 0.987603 2.01179 0 0 0 1 
3394309160129;0.0588853;0.0433646;0.99997 -0.007327 -0.00238634 -0.131891 0.00734304 0.99995 0.00678675 -0.22219 0.00233649 -0.00680408 0.999974 0.121991 0 0 0 1 
3394309160130;0.354684;0.352841;0.989724 -0.133033 0.0524201 0.342093 0.136953 0.987336 -0.0800707 -3.91406 -0.0411042 0.086427 0.99541 1.10243 0 0 0 1 
3394309160131;0.385569;0.0655513;0.885215 0.461311 0.0598875 2.97744 -0.461409 0.887092 -0.0130085 10.8021 -0.0591267 -0.0161173 0.99812 1.43966 0 0 0 1 
3394309160132;0.356548;0.0373158;0.904139 -0.423972 0.0527293 1.78864 0.427205 0.895604 -0.124052 -9.95622 0.00537004 0.134686 0.990874 0.094512 0 0 0 1 
3394309160133;0.361702;0.0441044;0.947571 -0.188551 -0.257989 1.56502 0.257947 0.927875 0.269281 -6.25127 0.188608 -0.32171 0.927863 -4.68254 0 0 0 1 
3394309160134;0.414145;0.0406859;0.976455 -0.214431 0.0235398 1.03134 0.215552 0.974169 -0.0673248 -4.68228 -0.0084952 0.0708137 0.997453 0.336602 0 0 0 1 
3394309160135;0.292331;0.0427764;0.999157 0.00565814 -0.0406704 0.0638003 -0.00172675 0.995374 0.0960568 -0.393721 0.0410258 -0.0959056 0.994545 -1.62451 0 0 0 1 
3394309160136;0.443471;0.0585486;0.971157 0.237887 -0.0162362 0.877254 -0.237594 0.971195 0.0181297 5.85455 0.0200813 -0.0137492 0.999704 -1.27975 0 0 0 1 
3394309160137;0.250953;0.042197;0.980787 -0.185503 -0.0603815 0.364009 0.191151 0.975656 0.107499 -4.59004 0.0389701 -0.116976 0.99237 -1.39499 0 0 0 1 
3394309160138;0.370395;0.0415505;0.925406 -0.270552 -0.265376 1.85 0.249127 0.961974 -0.111992 -5.36723 0.285585 0.0375253 0.957619 -6.07636 0 0 0 1 
3394309160139;0.0858104;0.0634225;0.997853 0.064612 -0.0107108 0.0396867 -0.0635421 0.99471 0.0807174 1.35912 0.0158694 -0.0798635 0.996679 -0.460463 0 0 0 1 
3394309160140;0.322515;0.0414489;0.902547 -0.0552245 -0.427036 2.96897 0.0591567 0.99824 -0.00406439 -1.38798 0.426509 -0.0215937 0.904226 -10.0035 0 0 0 1 
3394309160141;0.361297;0.0604856;0.941815 0.336099 0.00474934 1.20781 -0.33612 0.941565 0.0218926 8.03672 0.00288629 -0.0222151 0.999749 -0.137617 0 0 0 1 
3394309160142;0.193657;0.0598006;0.967236 0.0154457 0.25341 0.182136 -0.0267531 0.998791 0.0412359 0.610432 -0.252466 -0.0466643 0.96648 6.02628 0 0 0 1 
3394309160143;0.448915;0.057042;0.973696 0.227303 -0.0157609 0.0201033 -0.226689 0.97339 0.033538 4.98703 0.0229648 -0.029083 0.999313 -0.858274 0 0 0 1 
3394309160144;0.382267;0.0402297;0.925746 -0.34097 -0.163506 1.00837 0.32724 0.939038 -0.105456 -8.06702 0.189495 0.0441197 0.98089 -4.54116 0 0 0 1 
3394309160145;0.390824;0.0513772;0.909009 0.117749 -0.399796 2.84528 -0.207176 0.96001 -0.188307 5.18168 0.361635 0.254001 0.897053 -8.31703 0 0 0 1 
3394309160146;0.519843;0.0581048;0.987873 0.0472579 0.147897 0.0865145 -0.0815559 0.968499 0.235283 1.69974 -0.132119 -0.244491 0.960608 4.00995 0 0 0 1 
3394309160147;0.314525;0.0397832;0.952761 -0.192301 -0.235088 0.702794 0.234652 0.957492 0.167771 -5.51459 0.192833 -0.21501 0.957385 -4.36672 0 0 0 1 
3394309160148;0.159477;0.0556116;0.996489 0.00100614 0.0837189 0.125321 -0.00993349 0.994286 0.106287 -0.0627882 -0.0831336 -0.106745 0.990805 1.83403 0 0 0 1 
3394309160149;0.32406;0.0478221;0.996165 -0.0845298 0.0225818 0.298781 0.0722596 0.940364 0.332405 -2.05687 -0.0493333 -0.329499 0.942866 0.557472 0 0 0 1 
3394309160150;0.0510986;0.0586746;0.998787 0.0470532 0.014527 -0.0647562 -0.0471748 0.998853 0.00814577 1.13261 -0.0141271 -0.0088212 0.999861 0.413276 0 0 0 1 
3394309160151;0.610087;0.0405135;0.925901 -0.344521 -0.15496 2.58163 0.331347 0.937663 -0.104866 -7.36328 0.181429 0.0457501 0.982339 -3.88879 0 0 0 1 
3394309160152;0.362678;0.0618695;0.92416 0.279933 -0.259935 2.60743 -0.305733 0.949968 -0.0639348 7.35484 0.229032 0.138557 0.963507 -5.41172 0 0 0 1 
3394309160153;0.287468;0.0512747;0.957699 0.279324 -0.0692092 1.23496 -0.257469 0.939129 0.22748 5.6683 0.128537 -0.200038 0.97132 -2.99341 0 0 0 1 
3394309160155;0.447786;0.0525565;0.967966 -0.24091 -0.070744 0.46151 0.248055 0.873929 0.417991 -3.13902 -0.0388728 -0.42215 0.905692 0.236892 0 0 0 1 
3394309160156;0.233355;0.0385263;0.927973 0.0696911 -0.366072 1.17813 -0.0598451 0.997477 0.0381908 0.517939 0.36781 -0.0135325 0.929803 -3.18029 0 0 0 1 
3394309160157;0.264959;0.165637;0.975661 0.0350068 0.216471 -0.425867 -0.0834702 0.972148 0.218998 0.347697 -0.202776 -0.231737 0.951409 1.47907 0 0 0 1 
3394309160158;0.276214;0.0342381;0.986371 -0.160663 0.0355054 0.0961627 0.160925 0.986956 -0.00465156 -1.65099 -0.0342949 0.0103019 0.999359 -0.182268 0 0 0 1 
3394309160159;0.327677;0.07495;0.999434 0.0274967 0.0193592 -0.3539 -0.028736 0.997342 0.0669524 0.183735 -0.0174668 -0.0674709 0.997568 1.02095 0 0 0 1 
3394309160160;0.133668;0.104708;0.98525 0.00112577 0.17112 -0.427013 0.00993858 0.997914 -0.0637882 0.0293965 -0.170834 0.0645479 0.983183 1.62776 0 0 0 1 
3394309160161;0.30505;0.757029;0.947029 0.320912 -0.012298 -1.63401 -0.320531 0.94689 0.0256622 3.08533 0.0198802 -0.0203609 0.999595 0.156184 0 0 0 1 
3394309160162;0.0502853;0.043025;0.999937 -0.0101974 -0.0047844 0.0167715 0.010176 0.999938 -0.00449309 -0.150474 0.00482992 0.00444412 0.999978 0.0759636 0 0 0 1 
3394309160163;0.250016;0.0505525;0.994539 -0.075874 -0.0716659 0.0169582 0.0917245 0.963021 0.253332 -1.29243 0.0497944 -0.258522 0.964721 -0.243238 0 0 0 1 
3394309160164;0.523579;0.862179;0.901862 0.430705 -0.0337387 -2.03352 -0.430897 0.902399 0.00174608 3.75698 0.0311979 0.0129632 0.999429 0.146777 0 0 0 1 
3394309160165;0.368871;0.826546;0.961438 0.272318 0.0384773 -1.81616 -0.253366 0.931433 -0.261224 2.58946 -0.106975 0.241401 0.964511 1.79629 0 0 0 1 
3394309160166;0.306131;0.0520607;0.999405 -0.0127257 -0.0320471 0.0380934 0.0126376 0.999916 -0.00294809 -0.111414 0.0320819 0.00254134 0.999482 -1.00138 0 0 0 1 
3394309160167;0.598213;0.0385486;0.895746 -0.1434 -0.420803 2.00879 0.21817 0.966522 0.135041 -2.83293 0.387351 -0.21277 0.897044 -2.86902 0 0 0 1 
3394309160168;0.1742;0.0611948;0.999354 0.034741 -0.00919702 -0.136084 -0.0347323 0.999396 0.00110336 0.302346 0.0092298 -0.000783213 0.999957 0.44874 0 0 0 1 
3394309160169;0.457369;0.0463342;0.942783 -0.33048 0.0440841 0.143577 0.329088 0.943613 0.035984 -3.92659 -0.0534904 -0.0194176 0.99838 1.07187 0 0 0 1 
3394309160170;0.210774;0.0781821;0.985224 -0.104045 0.136045 -0.381883 0.125785 0.978666 -0.162455 -0.966971 -0.11624 0.177167 0.977292 0.993041 0 0 0 1 
3394309160171;0.312176;0.0547367;0.979783 -0.197315 0.0330596 0.366691 0.180229 0.942242 0.282309 -2.00878 -0.0868538 -0.270643 0.958754 0.7367 0 0 0 1 
3394309160172;0.347442;0.053358;0.991088 -0.0568834 -0.12045 0.0670517 0.0406762 0.990284 -0.132976 -0.361021 0.126844 0.126891 0.983773 -0.137758 0 0 0 1 
3394309160173;0.513361;0.0846738;0.967086 -0.242172 0.0780843 0.614624 0.253325 0.887534 -0.38485 -1.48004 0.0238976 0.391964 0.91967 0.10502 0 0 0 1 
3394309160174;0.158617;0.0657172;0.997452 0.0478802 -0.0528934 -0.322971 -0.0539118 0.991403 -0.119217 0.621888 0.0467305 0.121765 0.991458 -0.118372 0 0 0 1 
3394309160175;0.423765;0.0686646;0.985336 -0.0363742 -0.166706 0.980837 0.000324186 0.977411 -0.211349 0.488397 0.170628 0.208195 0.963089 -1.54605 0 0 0 1 
3394309160176;0.19621;0.0895288;0.995889 -0.0415016 0.0805155 -0.115662 0.0381353 0.998351 0.0429058 -0.102601 -0.0821634 -0.0396589 0.995829 0.437319 0 0 0 1 
3394309160177;0.557777;0.0379203;0.955429 0.180696 -0.23346 0.550167 -0.080048 0.919741 0.384277 0.319486 0.28416 -0.348462 0.893212 -1.47263 0 0 0 1 
3394309160178;0.217629;0.0838881;0.999975 -0.00689483 -0.00129103 0.189727 0.00689152 0.999973 -0.00255081 -0.332078 0.00130858 0.00254185 0.999996 0.365012 0 0 0 1 
3394309160179;0.268847;0.0317807;0.959396 -0.281937 -0.00845934 -0.2233 0.282061 0.959094 0.0241019 -2.89242 0.00131807 -0.0255093 0.999674 -0.0841467 0 0 0 1 
3394309160180;0.363436;0.0833968;0.997298 -0.00455296 0.0733251 -0.227148 0.00898464 0.998145 -0.0602228 0.349827 -0.0729149 0.0607189 0.995488 1.64649 0 0 0 1 
3394309160181;0.481709;0.0398327;0.902471 -0.430494 -0.0148808 1.06666 0.430446 0.902593 -0.00645968 -4.00457 0.0162121 -0.000575684 0.999868 0.672768 0 0 0 1 
3394309160182;0.293983;0.0415485;0.998162 -0.0474103 -0.0377441 -0.0250323 0.0471175 0.998852 -0.00861202 -0.940232 0.0381091 0.00681779 0.99925 0.288278 0 0 0 1 
3394309160183;0.436918;0.043709;0.97266 -0.232029 0.00974907 0.426207 0.220543 0.936032 0.274237 -2.98251 -0.0727564 -0.264589 0.961613 0.307764 0 0 0 1 
3394309160184;0.141133;0.0428404;0.99976 -0.00995065 -0.019524 -0.360546 0.00947425 0.999659 -0.0243434 -0.159209 0.0197596 0.0241526 0.999513 0.0817861 0 0 0 1 
3394309160186;0.458534;0.0198525;0.914251 0.403664 -0.0346555 2.10409 -0.404829 0.913581 -0.0385096 8.01221 0.0161157 0.049237 0.998657 -0.944539 0 0 0 1 
3394309160187;0.388653;0.0594838;0.890125 -0.455702 0.00356443 1.84532 0.454584 0.887335 -0.0773937 -8.90268 0.0321056 0.0705104 0.996994 -0.300044 0 0 0 1 
3394309160188;0.269366;0.0510072;0.987793 -0.15577 0.000994813 0.267105 0.153635 0.975269 0.158891 -3.27707 -0.0257206 -0.156799 0.987296 0.834808 0 0 0 1 
3394309160189;0.483079;0.0463425;0.969785 -0.191367 -0.151313 1.08257 0.138585 0.942577 -0.303878 -1.8504 0.200777 0.273727 0.940618 -3.99727 0 0 0 1 
3394309160190;0.0786131;0.0191026;0.997749 0.0644089 -0.0186413 0.159414 -0.0644925 0.997911 -0.00391284 1.21833 0.0183503 0.00510626 0.999819 -0.452385 0 0 0 1 
3394309160191;0.461554;0.05553;0.953498 -0.300947 -0.0165274 0.860066 0.301222 0.953387 0.0178685 -6.69131 0.0103795 -0.0220159 0.999704 0.446742 0 0 0 1 
3394309160192;0.432023;0.0253962;0.987423 -0.0237705 -0.156303 1.16908 -0.0179101 0.965451 -0.25997 1.14033 0.157082 0.2595 0.952882 -2.42628 0 0 0 1 
3394309160193;0.353577;0.0202639;0.951463 0.30776 -0.00150495 1.49705 -0.307698 0.951149 -0.0252452 6.03401 -0.00633802 0.0244829 0.99968 -0.410914 0 0 0 1 
3394309160194;0.352735;0.0285712;0.952929 -0.217292 0.211451 0.387075 0.138668 0.93254 0.333376 -3.45243 -0.269627 -0.288362 0.918776 5.06763 0 0 0 1 
3394309160195;0.362433;0.0167601;0.899503 0.436521 0.018534 2.37245 -0.435898 0.899495 -0.0300321 8.42788 -0.0297809 0.018935 0.999377 0.423963 0 0 0 1 
3394309160196;0.182053;0.0455514;0.993891 -0.0980786 0.0506056 0.0541569 0.0894387 0.984427 0.151344 -2.15217 -0.0646611 -0.145893 0.987185 0.90692 0 0 0 1 
3394309160197;0.398636;0.0183645;0.918823 0.382219 -0.0983483 2.44732 -0.39431 0.899648 -0.187492 7.89785 0.0168159 0.211052 0.97733 0.513684 0 0 0 1 
3394309160198;0.114611;0.0380396;0.9924 -0.122885 -0.00642311 0.106809 0.122866 0.992418 -0.00332836 -2.53728 0.00678342 0.00251388 0.999974 -0.0347971 0 0 0 1 
3394309160199;0.260161;0.0205108;0.947883 0.318409 0.0115167 1.29745 -0.317759 0.947364 -0.0391245 6.2963 -0.0233681 0.0334259 0.999168 0.554704 0 0 0 1 
3394309160200;0.239388;0.0367901;0.999275 -0.0248824 -0.0288201 0.0705125 0.0252641 0.999597 0.0129556 -0.609295 0.0284861 -0.0136743 0.999501 0.0953767 0 0 0 1 
3394309160201;0.340496;0.019527;0.969509 -0.0727837 0.233997 0.622703 0.117424 0.976093 -0.182907 -1.65859 -0.21509 0.204807 0.954877 4.22403 0 0 0 1 
3394309160202;0.373558;0.0360085;0.98705 -0.0734038 0.142632 -0.604387 0.0742947 0.997236 -0.000923204 -1.24295 -0.14217 0.0115081 0.989775 2.17377 0 0 0 1 
3394309160203;0.451354;0.0221436;0.919412 0.391025 0.0422062 1.83815 -0.3564 0.873728 -0.331027 7.52095 -0.166317 0.289308 0.942677 3.48982 0 0 0 1 
3394309160204;0.469117;0.0204267;0.872977 0.48772 -0.00639912 2.89844 -0.487708 0.873 0.00337049 9.47512 0.00723029 0.000178546 0.999974 -0.653217 0 0 0 1 
3394309160205;0.327235;0.0545914;0.980459 -0.18889 -0.0549537 0.800792 0.191425 0.980466 0.0452007 -4.25004 0.0453423 -0.054837 0.997465 -1.25175 0 0 0 1 
3394309160206;0.165571;0.0269092;0.998334 -0.00644003 -0.0573303 -0.0500076 -0.000531784 0.99268 -0.12077 0.260148 0.0576884 0.120599 0.991024 -0.650669 0 0 0 1 
3394309160207;0.420271;0.0188316;0.971686 0.107808 0.210245 0.467342 -0.118017 0.992337 0.0365938 2.16878 -0.204689 -0.0603702 0.976964 4.97351 0 0 0 1 
3394309160208;0.487381;0.019079;0.923249 0.31141 -0.225024 1.38271 -0.253731 0.933999 0.25153 4.22711 0.288501 -0.175129 0.941327 -5.31988 0 0 0 1 
3394309160209;0.287731;0.0214392;0.99564 0.0755457 0.0547128 -0.0863645 -0.0825052 0.986887 0.138733 1.56773 -0.0435147 -0.142642 0.988817 0.0789748 0 0 0 1 
3394309160210;0.372686;0.0396933;0.9524 -0.30253 0.037555 0.710233 0.304842 0.946126 -0.109167 -5.66399 -0.00250534 0.115419 0.993314 0.841184 0 0 0 1 
3394309160211;0.423056;0.0566463;0.916246 -0.325107 -0.234092 1.9144 0.354136 0.930471 0.0938664 -7.07737 0.187299 -0.168905 0.967673 -3.23423 0 0 0 1 
3394309160212;0.468609;0.0420575;0.962455 -0.270625 0.0210481 1.18912 0.271012 0.9624 -0.0184203 -5.79314 -0.0152717 0.023433 0.999609 0.94542 0 0 0 1 
3394309160213;0.266849;0.0335799;0.979859 -0.14183 0.14057 -0.257801 0.167163 0.967665 -0.188892 -2.92293 -0.109234 0.208586 0.971885 2.50658 0 0 0 1 
3394309160214;0.475344;0.0249742;0.994671 -0.0985057 0.0304282 0.365264 0.102204 0.903319 -0.416616 -1.33196 0.0135527 0.417506 0.908573 1.16088 0 0 0 1 
3394309160215;0.281079;0.0559525;0.872387 0.091693 -0.480139 3.17453 -0.0643815 0.995245 0.0730861 1.27777 0.484558 -0.0328473 0.874142 -9.4273 0 0 0 1 
3394309160217;0.276984;0.0297294;0.999998 0.000296407 0.00187495 -0.607758 -0.000303338 0.999993 0.00369747 0.360599 -0.00187385 -0.00369803 0.999991 0.414922 0 0 0 1 
3394309160218;0.423487;0.976916;0.932314 0.191335 0.306891 -2.50957 -0.241234 0.961232 0.13356 2.64833 -0.269439 -0.198552 0.942327 3.24447 0 0 0 1 
3394309160219;0.217232;0.101327;0.986389 0.158085 -0.0452268 0.234274 -0.163781 0.968974 -0.185106 2.47145 0.0145612 0.189994 0.981677 0.127901 0 0 0 1 
3394309160220;0.375115;0.0295589;0.922369 0.180586 -0.341502 1.55713 -0.10193 0.966452 0.235755 0.543726 0.37262 -0.182644 0.909833 -5.17302 0 0 0 1 
3394309160221;0.326953;0.0572964;0.982108 0.178239 -0.0607794 -0.188241 -0.174907 0.982971 0.0563573 1.89745 0.0697894 -0.0447182 0.996559 -0.33293 0 0 0 1 
3394309160222;0.142051;0.028177;0.999113 -0.0376582 0.0188326 -0.290915 0.0381452 0.998929 -0.0262039 -0.764735 -0.0178257 0.0268991 0.999479 0.395945 0 0 0 1 
3394309160223;0.261461;0.0818046;0.959921 0.271535 -0.0694279 0.161154 -0.26775 0.96167 0.0591667 3.3941 0.0828325 -0.0382061 0.995831 -1.13989 0 0 0 1 
3394309160224;0.0854273;0.0857078;0.993917 0.10981 -0.00841432 -0.0547222 -0.109695 0.993879 0.0130938 1.33029 0.00980065 -0.0120912 0.999879 -0.0904459 0 0 0 1 
3394309160225;0.231107;0.0340899;0.999974 0.00184745 -0.00704138 -0.278743 -0.001701 0.999783 0.0207489 0.533978 0.00707818 -0.0207364 0.99976 0.152431 0 0 0 1 
3394309160226;0.061528;0.0477581;0.999996 0.00189406 -0.00223126 -0.100678 -0.00189205 0.999998 0.00090076 0.0632844 0.00223296 -0.000896535 0.999997 -0.111422 0 0 0 1 
3394309160227;0.376137;1.33045;0.886226 0.461558 -0.0395921 -1.72419 -0.461742 0.887001 0.00490796 5.74909 0.0373835 0.0139317 0.999204 -0.214442 0 0 0 1 
3394309160228;0.303595;0.0304659;0.965036 -0.249532 0.0802513 0.26975 0.261768 0.933298 -0.245831 -3.00349 -0.0135557 0.258243 0.965985 0.260472 0 0 0 1 
3394309160229;0.401686;0.0542701;0.929934 -0.317054 0.186278 0.96975 0.321093 0.947006 0.00889054 -3.66685 -0.179225 0.051545 0.982457 2.51747 0 0 0 1 
3394309160230;0.10387;0.0776297;0.991456 0.126612 -0.0313626 -0.0493501 -0.127601 0.991315 -0.0318106 1.66628 0.0270626 0.0355407 0.999002 -0.289262 0 0 0 1 
3394309160231;0.26477;0.062522;0.924876 -0.229638 0.303103 0.215962 0.192074 0.970029 0.14883 -2.80489 -0.328196 -0.0794311 0.941264 4.31821 0 0 0 1 
3394309160232;0.456423;0.0637015;0.871634 0.283163 -0.400092 2.69732 -0.281219 0.957442 0.0649638 3.87194 0.40146 0.0558891 0.91417 -5.49501 0 0 0 1 
3394309160233;0.155497;0.0603325;0.999169 0.0301061 0.0274789 -0.283856 -0.0309607 0.999033 0.0312259 0.3419 -0.0265122 -0.0320507 0.999135 0.752054 0 0 0 1 
3394309160234;0.449685;0.0269162;0.946975 -0.321185 0.00884971 0.629929 0.321302 0.946447 -0.0316833 -3.98616 0.00180042 0.0328467 0.999459 -0.832266 0 0 0 1 
3394309160235;0.164832;0.0336769;0.97328 0.124329 -0.193049 0.299807 -0.114068 0.991446 0.0634351 1.46619 0.199284 -0.0397195 0.979136 -2.50398 0 0 0 1 
3394309160236;0.330502;0.10076;0.972623 0.222724 0.0663264 -0.052754 -0.207088 0.960182 -0.187522 3.24723 -0.105451 0.168652 0.980019 1.91899 0 0 0 1 
3394309160237;0.197559;0.0762276;0.999899 -0.0133258 0.00500914 0.117913 0.0132796 0.99987 0.00913997 0.0768844 -0.00513029 -0.00907252 0.999946 -0.212209 0 0 0 1 
3394309160238;0.37956;0.0717587;0.981938 -0.140822 0.126359 0.712956 0.125783 0.984771 0.120022 -1.50661 -0.141336 -0.10196 0.984697 1.93114 0 0 0 1 
3394309160239;0.353533;0.032735;0.995249 -0.0450087 0.086339 -0.81768 0.0438834 0.998926 0.0148884 -0.417993 -0.0869163 -0.0110288 0.996155 0.562371 0 0 0 1 
3394309160240;0.540644;0.761114;0.935097 0.302511 0.184609 -1.67096 -0.220714 0.904677 -0.36448 4.07471 -0.277271 0.300079 0.912729 3.78306 0 0 0 1 
3394309160241;0.23847;0.742115;0.978246 0.0776222 0.192377 -1.53211 -0.0897538 0.994435 0.0551575 1.00521 -0.187025 -0.0712242 0.97977 1.97607 0 0 0 1 
3394309160242;0.249114;0.0436366;0.999252 -0.0240196 0.0303072 -0.381726 0.0233309 0.999466 0.0228768 -0.308609 -0.0308405 -0.0221526 0.999279 -0.176814 0 0 0 1 
3394309160243;0.309141;0.091233;0.957767 0.158614 0.239841 -0.181124 -0.113226 0.974747 -0.192476 1.85016 -0.264314 0.157191 0.95154 3.38693 0 0 0 1 
3394309160244;0.346424;0.0868306;0.999979 -0.00626868 0.00141162 0.359125 0.00625904 0.999958 0.00673279 -0.465072 -0.00145377 -0.00672381 0.999976 0.680449 0 0 0 1 
3394309160245;0.222213;0.113849;0.982236 0.137314 0.127895 -0.107085 -0.14416 0.988491 0.04586 1.94343 -0.120126 -0.0634828 0.990727 1.15888 0 0 0 1 
3394309160246;0.394505;1.06967;0.904038 0.423243 0.0598378 -1.86933 -0.42713 0.899895 0.088023 5.49264 -0.0165926 -0.105135 0.99432 0.147593 0 0 0 1 
3394309160248;0.387346;0.018491;0.994384 0.0924924 -0.0514325 0.23267 -0.0636911 0.911142 0.407142 0.470332 0.0845198 -0.401579 0.911916 -1.24887 0 0 0 1 
3394309160249;0.0790091;0.0134692;0.996481 -0.0835804 0.00636799 0.0811402 0.0836016 0.996494 -0.00314392 -1.41257 -0.0060829 0.00366523 0.999975 0.100508 0 0 0 1 
3394309160250;0.489213;0.0396008;0.931559 0.267591 -0.246157 1.70479 -0.226988 0.956893 0.181199 3.31676 0.284033 -0.112923 0.952142 -3.91913 0 0 0 1 
3394309160251;0.37181;0.0439481;0.883287 0.442698 -0.154342 2.33021 -0.40359 0.88551 0.23019 6.55071 0.238576 -0.141033 0.960828 -4.06153 0 0 0 1 
3394309160252;0.374908;0.0156505;0.93317 -0.359324 -0.00899897 1.30132 0.35933 0.93321 -0.000986688 -6.35646 0.00875247 -0.00231285 0.999959 -0.420931 0 0 0 1 
3394309160253;0.217625;0.028712;0.971097 -0.150672 0.185116 0.233576 0.159977 0.986452 -0.0363161 -2.5821 -0.177137 0.0648809 0.982045 3.49099 0 0 0 1 
3394309160254;0.306431;0.017768;0.999848 -0.0174365 0.000215537 -0.713513 0.0174371 0.999843 -0.00324008 0.0348245 -0.000159008 0.00324334 0.999995 0.364613 0 0 0 1 
3394309160255;0.470321;0.0179511;0.973524 -0.224496 -0.0430478 -0.283573 0.197676 0.921387 -0.334619 -2.43386 0.114784 0.31725 0.94137 -1.71631 0 0 0 1 
3394309160256;0.293686;0.0233858;0.999388 0.0301366 -0.0177334 -0.497643 -0.0298654 0.999436 0.0153629 0.01539 0.0181864 -0.0148238 0.999725 -0.0297085 0 0 0 1 
3394309160257;0.406176;0.0469349;0.9885 0.070682 0.133687 -0.0617542 -0.0422761 0.977961 -0.204464 1.83298 -0.145193 0.196461 0.969702 3.09078 0 0 0 1 
3394309160258;0.344851;0.041708;0.970358 0.0644315 0.232927 -0.12917 -0.0133034 0.976585 -0.214719 0.990991 -0.241308 0.205255 0.948494 4.38805 0 0 0 1 
3394309160259;0.414136;0.120445;0.880095 -0.456734 -0.129718 2.41723 0.463967 0.885322 0.0306669 -8.14203 0.100836 -0.0871748 0.991077 -1.7296 0 0 0 1 
3394309160260;0.148826;0.0153725;0.971483 0.101577 -0.214249 0.905491 -0.0881822 0.993556 0.0712034 1.40961 0.220101 -0.05028 0.97418 -3.86054 0 0 0 1 
3394309160261;0.341319;0.0153235;0.985986 -0.165086 -0.0240259 0.361442 0.16394 0.985502 -0.0437064 -2.32816 0.0308929 0.0391551 0.998755 0.169414 0 0 0 1 
3394309160262;0.467106;0.0323478;0.975082 0.218205 -0.040013 0.501852 -0.193741 0.925458 0.325564 2.91843 0.10807 -0.3097 0.944673 -1.17122 0 0 0 1 
