#;prob_registration_l1 -r ../../../build/tester /home/point_clouds_registration_benchmark/long_office_household_local.txt /home/point_clouds_registration_benchmark/long_office_household -s 0.1 -t 0.1 -p 0.3 -r 1000 -m 5 -i 40 
id;initial_error;final_error;transformation
26456013410000;0.652746;0.599697;0.639449 0.621579 -0.452486 0.520725 -0.518005 0.783217 0.343864 -0.538763 0.568134 0.0145061 0.822808 0.153846 0 0 0 1 
26456013410001;1.0574;0.662585;0.85115 0.467587 -0.23855 0.0814865 -0.342061 0.838773 0.42362 0.142913 0.398169 -0.278966 0.873865 1.37238 0 0 0 1 
26456013410002;0.577722;0.625422;0.859865 0.456351 -0.228857 0.340091 -0.317984 0.829454 0.459231 0.017795 0.399397 -0.322104 0.85833 0.967966 0 0 0 1 
26456013410003;1.10585;0.548008;0.976406 -0.121178 -0.178738 0.52221 0.167289 0.947861 0.271244 -0.0195645 0.13655 -0.294745 0.945769 -0.638201 0 0 0 1 
26456013410004;0.510854;0.594883;0.908754 0.406937 0.0925656 0.244413 -0.396943 0.774346 0.492771 -0.479637 0.128849 -0.484551 0.865221 0.0383722 0 0 0 1 
26456013410005;0.315858;0.596476;0.944344 0.240065 -0.22491 0.479799 -0.167553 0.939378 0.299158 0.0160915 0.283092 -0.244824 0.927319 0.11771 0 0 0 1 
26456013410006;0.127418;0.667931;0.852615 0.459664 -0.248511 0.453103 -0.337899 0.847768 0.408796 -0.40794 0.398588 -0.264574 0.878139 0.617082 0 0 0 1 
26456013410007;0.936325;0.631276;0.94488 -0.00644117 -0.327353 0.0332074 0.0918669 0.96486 0.246182 0.366672 0.314264 -0.262686 0.912269 0.854891 0 0 0 1 
26456013410008;0.859142;0.646664;0.90425 0.32144 -0.281083 0.30561 -0.21127 0.908845 0.359674 0.0617153 0.371074 -0.265851 0.889734 1.17608 0 0 0 1 
26456013410009;0.404949;0.592114;0.813742 0.430398 -0.390618 0.0518426 -0.28102 0.879625 0.38378 -0.220494 0.508775 -0.202527 0.836738 0.745544 0 0 0 1 
26456013410010;0.333714;0.606675;0.882106 0.311497 -0.353353 0.379531 -0.241053 0.942982 0.229519 -0.282818 0.4047 -0.117283 0.906897 0.188692 0 0 0 1 
26456013410011;0.463956;0.541378;0.957303 0.237458 -0.164876 0.477931 -0.196235 0.952582 0.232551 -0.196429 0.212279 -0.190267 0.958507 -0.107813 0 0 0 1 
26456013410012;1.06761;0.628952;0.785941 0.24251 -0.568758 0.903738 -0.208125 0.969956 0.125975 0.532099 0.58222 0.0193641 0.8128 1.26622 0 0 0 1 
26456013410013;0.408963;0.594686;0.690837 0.681969 -0.240132 0.36089 -0.572152 0.71871 0.395092 -0.45337 0.442026 -0.135552 0.886701 0.571373 0 0 0 1 
26456013410014;0.281798;0.603324;0.871425 0.435346 -0.226035 0.296172 -0.330685 0.861725 0.384809 -0.467418 0.362305 -0.260586 0.894891 0.298506 0 0 0 1 
26456013410015;0.444148;0.571614;0.901529 0.247163 -0.355184 0.167641 -0.160138 0.95311 0.256783 -0.0342917 0.401997 -0.174619 0.898836 0.672029 0 0 0 1 
26456013410016;0.631913;0.642253;0.761809 0.647795 -0.00300366 0.0155062 -0.600373 0.707768 0.372313 -0.163448 0.243308 -0.281828 0.928103 0.842883 0 0 0 1 
26456013410017;0.712942;0.605525;0.885657 0.409128 -0.219605 0.618862 -0.326886 0.88524 0.330902 0.300775 0.329784 -0.22128 0.917757 0.602153 0 0 0 1 
26456013410018;0.599666;0.622583;0.785828 0.616548 0.0484098 0.268742 -0.576575 0.702065 0.417931 -0.742721 0.223687 -0.356333 0.907188 0.240258 0 0 0 1 
26456013410019;0.16999;0.63831;0.900215 0.380105 -0.212448 0.421299 -0.26659 0.866851 0.421308 -0.203603 0.344301 -0.322631 0.881684 0.360211 0 0 0 1 
26456013410020;0.966938;0.61582;0.890675 0.414606 -0.186547 0.182753 -0.325025 0.867582 0.376379 -0.667605 0.317894 -0.274598 0.907491 -0.410493 0 0 0 1 
26456013410021;1.2145;0.579319;0.97726 -0.0287367 -0.210089 -0.304849 0.0681696 0.980756 0.18295 0.268649 0.200789 -0.193111 0.960412 -0.22997 0 0 0 1 
26456013410022;0.808376;0.60371;0.927012 -0.0276898 -0.374008 0.0863683 0.0333702 0.999405 0.00871996 0.377264 0.373544 -0.0205642 0.927384 -0.00709896 0 0 0 1 
26456013410023;0.310262;0.633376;0.721438 0.622447 -0.303458 0.0311049 -0.484687 0.766871 0.420699 -0.206124 0.494576 -0.156426 0.854942 0.630346 0 0 0 1 
26456013410024;0.290654;0.556678;0.848953 0.502102 -0.164839 0.341297 -0.370299 0.787725 0.492308 -0.539781 0.377037 -0.356907 0.85467 0.527369 0 0 0 1 
26456013410025;0.115869;0.644043;0.839317 0.460015 -0.289712 0.307286 -0.330279 0.85476 0.400377 -0.222951 0.431814 -0.240357 0.869348 0.617345 0 0 0 1 
26456013410026;0.438952;0.623214;0.951278 0.28287 -0.1227 0.199665 -0.201019 0.870709 0.448841 -0.624078 0.233799 -0.402307 0.885148 0.30417 0 0 0 1 
26456013410027;1.02893;0.617863;0.723214 0.659683 -0.204402 0.665746 -0.569712 0.737161 0.363348 0.474481 0.390372 -0.146328 0.908954 0.346014 0 0 0 1 
26456013410028;0.910665;0.710122;0.854659 0.442394 -0.271746 0.311403 -0.295306 0.844705 0.446395 0.0689234 0.427027 -0.301267 0.852576 1.34726 0 0 0 1 
26456013410029;0.807992;0.583402;0.809127 0.362755 -0.462301 0.748725 -0.294009 0.931074 0.216009 0.481728 0.508795 -0.0388577 0.860011 0.202906 0 0 0 1 
26456013410031;0.378079;0.969657;0.0696036 0.847799 -0.525731 0.719945 -0.952343 0.213363 0.217987 1.00184 0.29698 0.485503 0.822246 -0.158031 0 0 0 1 
26456013410032;0.347742;0.98654;0.431355 0.817926 -0.380696 0.0401524 -0.817935 0.532603 0.217523 1.16058 0.380678 0.217555 0.898752 -0.161772 0 0 0 1 
26456013410033;0.319289;0.989621;0.397444 0.793296 -0.461215 0.0759943 -0.823486 0.530099 0.202152 1.04328 0.404856 0.29946 0.863953 -0.275554 0 0 0 1 
26456013410034;0.665788;0.945651;0.376905 0.821127 -0.428595 1.02835 -0.750974 0.541762 0.377534 0.652042 0.5422 0.179569 0.820838 -0.830425 0 0 0 1 
26456013410035;0.543286;0.962048;0.501286 0.685067 -0.528579 0.77271 -0.758147 0.642168 0.113285 0.526559 0.417044 0.343952 0.841291 -0.0118371 0 0 0 1 
26456013410036;0.569296;0.916421;0.766425 0.597049 -0.236909 0.291992 -0.628617 0.772992 -0.085578 1.1134 0.132035 0.214514 0.967755 0.310456 0 0 0 1 
26456013410037;0.587068;1.05257;0.0301035 0.724082 -0.689057 1.00668 -0.919037 0.29111 0.265757 1.44655 0.393021 0.625268 0.674221 0.183772 0 0 0 1 
26456013410038;0.163491;0.981651;0.50244 0.758474 -0.415056 0.409087 -0.836388 0.548028 -0.0110111 1.14427 0.219111 0.35268 0.909729 -0.189174 0 0 0 1 
26456013410039;0.298903;0.978432;0.395092 0.760207 -0.51574 0.419924 -0.805548 0.556569 0.203284 1.32839 0.441583 0.335137 0.832279 -0.0980849 0 0 0 1 
26456013410040;0.421915;1.1044;0.0391975 0.590578 -0.806028 0.871164 -0.947035 0.279258 0.158558 1.19657 0.31873 0.757122 0.570244 -0.00268499 0 0 0 1 
26456013410041;0.740902;0.922846;0.627604 0.657471 -0.416948 0.75919 -0.651076 0.736883 0.181944 0.444717 0.426864 0.157276 0.890534 -0.985866 0 0 0 1 
26456013410042;0.386627;1.03442;0.353328 0.730837 -0.583983 0.939875 -0.781875 0.57345 0.244597 0.815432 0.513645 0.370179 0.774039 -0.123233 0 0 0 1 
26456013410043;0.418115;0.886283;0.616396 0.531043 -0.581419 0.344846 -0.681977 0.729147 -0.057032 1.06438 0.393654 0.431669 0.811603 -0.0411589 0 0 0 1 
26456013410044;0.401489;0.927296;0.793649 0.540341 -0.279559 0.167269 -0.487915 0.839805 0.238045 0.824504 0.363401 -0.0525234 0.930151 -0.06053 0 0 0 1 
26456013410045;0.640918;1.04352;0.387553 0.750756 -0.534947 -0.140122 -0.780721 0.575872 0.242582 0.626491 0.490181 0.323631 0.809312 -0.521078 0 0 0 1 
26456013410046;0.387348;0.946635;0.455698 0.808223 -0.372982 0.276467 -0.811034 0.549674 0.200205 1.36072 0.366829 0.211268 0.905982 0.0633842 0 0 0 1 
26456013410047;0.681694;0.974858;0.645344 0.763888 0.00274812 0.211969 -0.679371 0.57229 0.45928 0.412151 0.349266 -0.298261 0.888287 -0.689892 0 0 0 1 
26456013410048;0.200666;1.04284;0.318382 0.795107 -0.516176 0.52316 -0.822937 0.502102 0.265835 0.910243 0.47054 0.340143 0.814183 -0.358569 0 0 0 1 
26456013410049;0.634474;1.02161;0.417192 0.687356 -0.594553 1.00933 -0.819839 0.566953 0.0801748 0.953173 0.392192 0.453989 0.800049 0.229475 0 0 0 1 
26456013410050;0.211001;1.05125;0.408598 0.64895 -0.641804 0.346055 -0.785628 0.607993 0.114601 1.16161 0.464582 0.457393 0.758258 -0.202583 0 0 0 1 
26456013410051;0.550163;0.946816;0.771315 0.620252 -0.142694 0.512839 -0.564252 0.770126 0.297533 0.597117 0.294438 -0.148976 0.943988 -0.569147 0 0 0 1 
26456013410052;0.551544;0.989515;0.454554 0.73872 -0.497668 0.993257 -0.763124 0.611135 0.210134 0.768334 0.459372 0.284265 0.841529 -0.756675 0 0 0 1 
26456013410053;0.345543;0.989808;0.292272 0.846149 -0.445656 0.742969 -0.890068 0.411126 0.19686 1.4328 0.349794 0.339127 0.873291 -0.231897 0 0 0 1 
26456013410054;0.546651;1.13462;0.112899 0.589039 -0.80018 0.57739 -0.925569 0.355227 0.130904 1.88705 0.361353 0.725842 0.585301 -0.620499 0 0 0 1 
26456013410055;0.267657;1.02379;0.250929 0.745358 -0.617638 0.822876 -0.835527 0.488962 0.250621 1.17422 0.488804 0.453165 0.745461 -0.268801 0 0 0 1 
26456013410056;0.595541;0.986935;0.536105 0.742814 -0.401023 0.883129 -0.832479 0.543953 -0.10533 0.926206 0.139897 0.390311 0.909992 -0.228262 0 0 0 1 
26456013410057;0.461018;1.0352;0.122871 0.792178 -0.597793 0.866696 -0.904101 0.33776 0.26176 0.73762 0.409272 0.508302 0.757711 -0.372337 0 0 0 1 
26456013410058;0.576941;1.02527;0.354747 0.854042 -0.380484 0.232879 -0.815842 0.481532 0.320201 0.553323 0.45668 0.196825 0.867585 -0.794669 0 0 0 1 
26456013410059;0.729412;1.12136;-0.0357405 0.865976 -0.498807 1.1842 -0.882789 0.206587 0.421908 0.842042 0.468409 0.45542 0.75709 0.031497 0 0 0 1 
26456013410060;0.670241;0.937006;0.72538 0.650005 -0.226533 0.104746 -0.544775 0.743271 0.38829 1.10384 0.420766 -0.158249 0.89326 -0.537564 0 0 0 1 
26456013410062;0.727774;1.75607;0.967869 0.156964 -0.196449 -0.75201 -0.082533 0.936267 0.341456 0.185848 0.237525 -0.314272 0.919138 0.121026 0 0 0 1 
26456013410063;1.34575;1.76787;0.896014 0.436048 -0.0837956 -1.3873 -0.44318 0.866594 -0.229362 -0.602098 -0.0273961 0.242648 0.969727 -0.0842493 0 0 0 1 
26456013410064;0.325852;1.97021;0.798489 0.597206 -0.0759022 -1.28987 -0.569665 0.790329 0.225525 -0.42322 0.194673 -0.13684 0.971276 0.25836 0 0 0 1 
26456013410065;0.371368;1.97434;0.912236 0.167842 -0.373704 -0.682949 -0.0784684 0.966917 0.242724 -0.271572 0.40208 -0.192098 0.895226 0.225637 0 0 0 1 
26456013410066;1.03207;0.712716;0.996656 -0.00419944 -0.0816072 -0.591008 -0.0194181 0.957901 -0.286442 0.375505 0.0793745 0.287069 0.954616 0.397096 0 0 0 1 
26456013410067;0.857765;1.63404;0.983318 0.13873 -0.117641 -0.696449 -0.15667 0.974558 -0.160284 -0.0490905 0.092412 0.176041 0.980036 0.344257 0 0 0 1 
26456013410068;1.01715;1.88746;0.90941 0.396441 -0.125728 -1.25736 -0.344872 0.887781 0.304808 -0.20415 0.232458 -0.233835 0.944079 0.682977 0 0 0 1 
26456013410069;0.211374;1.88279;0.920001 0.187519 -0.344144 -0.855813 -0.120177 0.970783 0.207697 -0.221067 0.373037 -0.149723 0.915656 0.30157 0 0 0 1 
26456013410070;0.584191;1.94487;0.847303 0.142086 -0.51175 -0.507172 -0.0587981 0.982722 0.175498 -0.346529 0.527844 -0.11861 0.841018 0.267693 0 0 0 1 
26456013410071;0.0848378;1.90016;0.873112 0.424493 -0.239751 -1.00529 -0.408058 0.90542 0.117058 -0.342904 0.266766 -0.00437251 0.963751 0.163845 0 0 0 1 
26456013410072;0.345771;1.90137;0.808164 0.525056 -0.26681 -1.21358 -0.393225 0.818294 0.419248 -0.560197 0.438457 -0.233905 0.867781 0.398372 0 0 0 1 
26456013410073;0.619828;1.87075;0.850106 0.523636 -0.0558992 -1.26437 -0.526545 0.84351 -0.106025 -0.339742 -0.00836726 0.119566 0.992791 0.232177 0 0 0 1 
26456013410074;0.46439;1.53272;0.978612 -0.158972 -0.13056 -0.897317 0.133104 0.973234 -0.187345 0.169501 0.156848 0.16596 0.973579 0.0961857 0 0 0 1 
26456013410075;1.52576;1.81177;0.98293 0.0639088 -0.172525 -0.77644 -0.0142175 0.961311 0.275099 -0.476203 0.183432 -0.26795 0.94581 -0.598706 0 0 0 1 
26456013410076;0.479244;1.77076;0.874297 0.378923 -0.30335 -0.915613 -0.397079 0.917782 0.00199137 -0.296588 0.279164 0.118713 0.952877 -0.0621496 0 0 0 1 
26456013410077;0.704929;1.80769;0.966953 0.238861 -0.0891435 -1.36358 -0.218561 0.956636 0.192559 -0.251211 0.131273 -0.166712 0.977228 0.116648 0 0 0 1 
26456013410078;0.365691;1.89233;0.910835 0.317393 -0.263896 -0.747701 -0.292277 0.94737 0.13063 -0.209763 0.291468 -0.0418519 0.955665 0.159572 0 0 0 1 
26456013410079;1.72117;1.89739;0.973024 0.00150938 -0.230701 -0.164426 -0.0500269 0.977566 -0.204602 0.0968932 0.225216 0.210624 0.95127 0.739561 0 0 0 1 
26456013410080;1.76411;1.8927;0.910756 0.343323 -0.229464 -1.1268 -0.316884 0.937356 0.144735 0.514743 0.26478 -0.0591052 0.962496 -0.0230659 0 0 0 1 
26456013410081;1.63412;0.696553;0.952064 0.170707 0.253838 -0.530353 -0.123254 0.973541 -0.192424 0.805664 -0.27997 0.151913 0.947913 -0.4766 0 0 0 1 
26456013410082;0.404515;1.48309;0.949368 -0.0071603 -0.314085 -0.224127 0.0466734 0.991861 0.118465 0.490551 0.310681 -0.127126 0.941975 -0.142148 0 0 0 1 
26456013410083;1.34753;1.93326;0.91486 0.362669 -0.177491 -1.56754 -0.34095 0.929359 0.141579 -0.739775 0.216299 -0.0690094 0.973885 0.548916 0 0 0 1 
26456013410084;1.15281;1.8491;0.813032 0.56244 -0.150467 -1.33594 -0.515633 0.815601 0.262522 -0.892573 0.270374 -0.135854 0.953122 0.584768 0 0 0 1 
26456013410085;0.50976;1.73261;0.991113 0.132364 0.0132415 -0.967865 -0.128038 0.976221 -0.174924 0.110209 -0.0360803 0.171674 0.984493 -0.294902 0 0 0 1 
26456013410086;0.789041;1.70056;0.971238 -0.0355805 -0.235439 -0.594206 0.0228949 0.998146 -0.0563974 -0.0773317 0.237009 0.0493849 0.970251 -0.269578 0 0 0 1 
26456013410087;0.962758;0.978547;0.980064 0.198371 -0.0110923 -0.547386 -0.19781 0.969022 -0.147876 0.460166 -0.0185856 0.147122 0.988944 0.00318705 0 0 0 1 
26456013410088;1.51292;1.62651;0.952298 0.0770642 -0.295278 -1.05256 -0.0102 0.975086 0.221591 0.316357 0.304998 -0.208009 0.929359 -0.177768 0 0 0 1 
26456013410089;0.558558;1.90929;0.910374 0.318389 -0.264287 -1.03263 -0.287271 0.946011 0.150127 -0.219617 0.297817 -0.0607498 0.952688 0.433186 0 0 0 1 
26456013410090;1.4132;2.04559;0.83886 0.461883 -0.28806 -0.836312 -0.415254 0.885137 0.20999 -0.563849 0.351964 -0.0565344 0.934305 -0.471352 0 0 0 1 
26456013410091;1.21795;1.64518;0.973652 0.150607 -0.17123 -0.933103 -0.182912 0.964197 -0.192011 -0.170302 0.136181 0.218272 0.96634 0.501188 0 0 0 1 
26456013410093;0.469907;0.562475;0.975318 -0.219061 0.0277063 0.0538966 0.2208 0.968517 -0.114991 0.689486 -0.00164389 0.11827 0.99298 -0.336569 0 0 0 1 
26456013410094;0.663694;0.447119;0.790397 0.253211 -0.557815 0.532534 -0.200426 0.967351 0.155118 0.541541 0.578881 -0.010804 0.815341 0.228241 0 0 0 1 
26456013410095;0.871627;0.362354;0.977643 0.209148 0.0217277 0.547002 -0.206436 0.974313 -0.0899901 0.486436 -0.0399909 0.0834927 0.995706 0.10119 0 0 0 1 
26456013410096;0.802998;0.556368;0.990532 0.107702 -0.0851305 -0.161669 -0.109297 0.993907 -0.0142824 0.559079 0.0830735 0.0234516 0.996267 -0.622977 0 0 0 1 
26456013410097;0.47238;0.468402;0.875026 0.446143 -0.187846 0.136275 -0.468399 0.878296 -0.0959112 0.440303 0.122194 0.171912 0.977504 0.227019 0 0 0 1 
26456013410098;0.153152;0.433862;0.940523 0.154362 -0.302638 0.223199 -0.180816 0.981607 -0.0612599 0.410247 0.287615 0.112338 0.951135 0.0596557 0 0 0 1 
26456013410099;1.16156;0.486555;0.995296 -0.0234294 -0.0940033 -0.152229 0.00880509 0.988177 -0.153067 0.981218 0.0964781 0.151519 0.983735 0.526239 0 0 0 1 
26456013410100;0.366643;0.441384;0.954243 0.285407 -0.0892397 0.0251406 -0.29771 0.934777 -0.193808 0.413989 0.0281051 0.211507 0.976972 0.1964 0 0 0 1 
26456013410101;1.16745;0.431572;0.957853 0.229566 -0.172679 0.0400042 -0.223307 0.973189 0.0551072 0.67369 0.1807 -0.0142243 0.983435 0.773832 0 0 0 1 
26456013410102;1.13408;0.455572;0.984644 -0.0695492 -0.16012 0.39728 0.0663213 0.997474 -0.0254225 0.27081 0.161483 0.0144127 0.98677 -0.790124 0 0 0 1 
26456013410103;0.393965;0.449369;0.964102 0.136357 -0.227847 0.149898 -0.12045 0.989295 0.0823821 0.0278376 0.236642 -0.0519804 0.970206 -0.130705 0 0 0 1 
26456013410104;1.01585;0.382278;0.920493 0.365944 -0.137032 -0.326753 -0.34868 0.92751 0.134712 0.544635 0.176395 -0.076221 0.981364 -0.452569 0 0 0 1 
26456013410105;1.13047;0.518518;0.992647 -0.0350704 0.115856 0.0615804 0.0457139 0.994844 -0.0905281 -0.0976503 -0.112084 0.0951586 0.989132 0.543601 0 0 0 1 
26456013410106;0.197882;0.431185;0.936541 0.336127 -0.0995497 -0.0505176 -0.344328 0.935328 -0.0812442 0.411772 0.0658032 0.110366 0.99171 0.0889567 0 0 0 1 
26456013410107;0.85745;0.695308;0.966438 -0.24141 0.0878583 -0.147858 0.238449 0.970206 0.0429239 0.0572644 -0.0956029 -0.0205336 0.995208 -0.445869 0 0 0 1 
26456013410108;1.09003;0.516178;0.986773 0.149248 0.0632777 -0.306272 -0.142864 0.985111 -0.0956329 -0.288291 -0.0766086 0.0853278 0.993403 0.276226 0 0 0 1 
26456013410109;0.997601;0.40704;0.962274 0.191796 -0.192987 0.197275 -0.231624 0.949606 -0.211184 -0.236471 0.142757 0.247917 0.958205 0.276129 0 0 0 1 
26456013410110;1.0844;0.614333;0.937041 -0.0324512 0.347709 -0.711525 0.0417072 0.998946 -0.0191665 0.41219 -0.34672 0.0324618 0.937407 -0.599865 0 0 0 1 
26456013410111;0.414986;0.614977;0.995311 -0.0966503 -0.00388335 0.213812 0.0901971 0.94186 -0.323673 0.610013 0.0349407 0.321805 0.946161 -0.0438052 0 0 0 1 
26456013410112;0.40276;0.441244;0.99588 0.0861429 -0.0283288 0.0618005 -0.0845376 0.994974 0.0536754 0.283713 0.0328101 -0.0510594 0.998157 -0.229211 0 0 0 1 
26456013410113;0.220143;0.441379;0.953391 0.224964 -0.201091 0.113579 -0.254931 0.957066 -0.137967 0.420856 0.16142 0.1828 0.969808 0.185707 0 0 0 1 
26456013410114;0.883586;0.514704;0.985871 -0.0996561 0.134639 -0.486374 0.0978547 0.995001 0.0199482 0.122395 -0.135953 -0.00649129 0.990694 0.323409 0 0 0 1 
26456013410115;0.901703;0.479505;0.973556 0.0752442 -0.2157 0.0223097 -0.0634508 0.996113 0.061098 0.346317 0.219458 -0.045796 0.974546 0.722216 0 0 0 1 
26456013410116;0.0971774;0.462108;0.981731 0.0766457 -0.174155 0.14802 -0.0920593 0.992354 -0.0822131 0.470999 0.166522 0.0967437 0.98128 -0.00112342 0 0 0 1 
26456013410117;0.308242;0.42087;0.988898 0.096195 -0.113257 0.145075 -0.0996293 0.994709 -0.0250504 0.440788 0.110248 0.036056 0.99325 -0.0698622 0 0 0 1 
26456013410118;0.617996;0.504171;0.96376 -0.225548 0.142458 -0.248447 0.227348 0.973806 0.00373073 0.493915 -0.139568 0.0287919 0.989794 -0.369026 0 0 0 1 
26456013410119;0.836682;0.529376;0.991031 -0.128069 -0.0381568 0.0748626 0.129072 0.991318 0.0250868 0.385027 0.0346127 -0.0297867 0.998957 -0.670989 0 0 0 1 
26456013410120;1.27194;0.476251;0.975514 0.11162 -0.189508 0.814522 -0.11225 0.993652 0.00744194 0.586866 0.189135 0.0140125 0.981851 -0.644254 0 0 0 1 
26456013410121;0.539915;0.549654;0.958246 -0.239836 -0.155703 0.414602 0.233743 0.970649 -0.0566038 0.493914 0.164709 0.017846 0.986181 -0.407916 0 0 0 1 
26456013410122;0.715537;0.468726;0.986418 0.0779064 -0.144603 0.343852 -0.088943 0.993468 -0.0714886 0.583 0.138089 0.0833791 0.986904 -0.460358 0 0 0 1 
26456013410124;1.54152;0.4813;0.811273 0.567717 -0.139763 -0.617283 -0.580321 0.810992 -0.0742985 -0.343479 0.0711659 0.141384 0.987394 0.24163 0 0 0 1 
26456013410125;0.0901978;0.51202;0.988324 0.150899 -0.0211002 -0.0477983 -0.149885 0.98775 0.0434108 -0.103216 0.0273923 -0.0397414 0.998834 0.0508991 0 0 0 1 
26456013410126;2.04591;0.566666;0.929124 0.334165 -0.158313 0.0480047 -0.326671 0.942392 0.0719923 -0.0998297 0.17325 -0.0151735 0.984761 -0.622758 0 0 0 1 
26456013410127;0.892171;0.770445;0.998321 0.0366066 0.0448905 -0.167926 -0.0350927 0.998803 -0.0340609 0.635275 -0.0460837 0.0324284 0.998411 -0.0323946 0 0 0 1 
26456013410128;1.22747;0.480284;0.997211 0.0728052 -0.0163917 -0.19459 -0.0737421 0.995052 -0.0665884 0.187781 0.0114626 0.0676115 0.997646 -0.498201 0 0 0 1 
26456013410129;0.476134;0.47577;0.960349 0.212326 0.180687 -0.175465 -0.205516 0.97706 -0.0558317 -0.216711 -0.188397 0.0164838 0.981955 -0.0804169 0 0 0 1 
26456013410130;2.09219;0.482255;0.971695 0.220149 0.0856946 0.145494 -0.219663 0.975458 -0.0151785 0.233081 -0.086933 -0.0040751 0.996206 0.780787 0 0 0 1 
26456013410131;1.46172;0.428879;0.995556 0.0941717 -0.000852046 -0.39495 -0.0941738 0.995441 -0.0150931 -0.118699 -0.00057318 0.0151063 0.999886 0.630823 0 0 0 1 
26456013410132;0.769284;0.666368;0.993624 -0.0633511 0.0932664 -0.362043 0.0521 0.991588 0.118482 0.351054 -0.0999878 -0.112868 0.988566 0.14189 0 0 0 1 
26456013410133;1.34603;0.790612;0.998417 0.0550465 -0.0115433 -0.222345 -0.0552394 0.998326 -0.0171153 0.511811 0.0105819 0.0177259 0.999787 0.62324 0 0 0 1 
26456013410134;1.62064;0.710898;0.993591 -0.0631105 0.093781 0.101096 0.0662135 0.997344 -0.0303497 0.540088 -0.0916166 0.0363647 0.99513 -0.727851 0 0 0 1 
26456013410135;0.477389;0.445134;0.985446 0.168015 0.0258135 0.00736995 -0.166753 0.984968 -0.0450698 0.0426308 -0.0329979 0.0401094 0.99865 -0.206353 0 0 0 1 
26456013410136;1.0412;0.523003;0.970311 -0.218369 -0.103978 -0.649522 0.214004 0.97547 -0.0515743 0.694503 0.112689 0.0277915 0.993242 0.436727 0 0 0 1 
26456013410137;1.90811;0.758946;0.999007 -0.0438575 0.00785411 -0.193122 0.0434709 0.998085 0.0440138 0.202954 -0.0097694 -0.0436287 0.999 0.89618 0 0 0 1 
26456013410138;0.964836;0.518005;0.95835 0.273197 -0.0832377 -0.0324273 -0.279253 0.957466 -0.072633 -0.222131 0.0598543 0.0928523 0.993879 0.641141 0 0 0 1 
26456013410139;1.47225;0.566022;0.903474 0.424474 -0.0596363 0.487536 -0.427132 0.903206 -0.0421707 -0.842277 0.0359635 0.0635727 0.997329 -0.1565 0 0 0 1 
26456013410140;1.16137;0.712274;0.986319 0.164154 -0.015109 0.119718 -0.163584 0.985965 0.0333786 -0.47192 0.0203761 -0.0304504 0.999329 0.246813 0 0 0 1 
26456013410141;0.944233;0.464493;0.974594 0.22392 -0.00518395 -0.148877 -0.223787 0.974454 0.0189514 -0.549971 0.00929511 -0.0173098 0.999807 -0.173691 0 0 0 1 
26456013410142;1.84842;0.665148;0.929363 0.217075 -0.298602 -0.844756 -0.270349 0.950992 -0.150087 -0.142982 0.251388 0.220212 0.942502 0.586672 0 0 0 1 
26456013410143;0.46443;0.559798;0.934946 0.353416 0.0311895 -0.137262 -0.354396 0.926153 0.129008 -0.444534 0.0167072 -0.131669 0.991153 0.198123 0 0 0 1 
26456013410144;0.759937;0.573539;0.966245 0.0242234 -0.256482 -0.117143 -0.0824375 0.972295 -0.218739 0.484108 0.244078 0.232499 0.941472 0.366929 0 0 0 1 
26456013410145;0.437138;0.609184;0.989687 -0.0419061 0.136978 -0.26582 0.0190682 0.986282 0.163966 0.252461 -0.14197 -0.159663 0.976909 -0.200724 0 0 0 1 
26456013410146;1.81332;0.482432;0.994197 0.105701 -0.0199883 -0.552151 -0.105501 0.99436 0.0108215 0.189701 0.0210194 -0.00864992 0.999742 0.744132 0 0 0 1 
26456013410147;0.897776;0.684467;0.997431 0.0667424 0.0260236 0.161805 -0.0617243 0.985079 -0.160656 0.0538276 -0.0363578 0.158637 0.986667 0.19343 0 0 0 1 
26456013410148;0.647101;0.58924;0.991364 -0.128462 -0.0263724 -0.252641 0.130571 0.985618 0.107278 0.237794 0.0122119 -0.109795 0.993879 0.234497 0 0 0 1 
26456013410149;0.510162;0.463643;0.863224 0.498166 -0.0817002 -0.12134 -0.503257 0.861933 -0.0616714 -0.490156 0.0396975 0.0943525 0.994747 0.182673 0 0 0 1 
26456013410150;1.62937;0.51209;0.955379 0.0465208 0.291695 0.000209036 0.0695805 0.924286 -0.375304 1.0058 -0.287069 0.378854 0.879807 -0.621533 0 0 0 1 
26456013410151;0.991097;0.567564;0.983094 -0.103055 0.151345 -0.457097 0.123423 0.983535 -0.132007 0.451952 -0.135249 0.148454 0.979627 -0.537339 0 0 0 1 
26456013410152;0.386143;0.728365;0.984274 0.169609 -0.0493641 -0.13853 -0.169009 0.985483 0.0161125 0.065718 0.0513803 -0.00751611 0.998651 -0.0518573 0 0 0 1 
26456013410153;1.24713;0.487428;0.901169 0.432362 0.0309252 -0.386904 -0.432755 0.901484 0.00704865 -0.226728 -0.024831 -0.0197351 0.999497 0.375962 0 0 0 1 
26456013410155;0.44177;0.647676;0.871998 0.446943 -0.199651 -0.725084 -0.480262 0.860035 -0.172304 -0.581178 0.0946969 0.246133 0.964599 0.119885 0 0 0 1 
26456013410156;0.559197;0.647245;0.995841 0.0671966 -0.0615327 -0.542088 -0.0726093 0.993253 -0.0904243 -0.108921 0.0550413 0.094516 0.994001 0.53901 0 0 0 1 
26456013410157;0.798739;0.671356;0.992763 0.0509699 -0.108733 0.188116 -0.0498923 0.998675 0.0126098 -0.373182 0.109232 -0.0070936 0.993991 -0.0537014 0 0 0 1 
26456013410158;0.506235;0.679539;0.901756 0.430578 -0.0379245 -0.382183 -0.429509 0.882738 -0.190513 -0.157914 -0.0485534 0.188086 0.980952 -0.132322 0 0 0 1 
26456013410159;0.771683;0.632892;0.939226 0.297934 -0.17056 0.0481415 -0.329007 0.923037 -0.199393 0.150438 0.0980274 0.24339 0.964962 0.273113 0 0 0 1 
26456013410160;0.731372;0.644367;0.991968 0.0881701 -0.0906915 -0.133979 -0.0932721 0.994195 -0.053641 -0.0209697 0.0854355 0.0616691 0.994433 -0.437668 0 0 0 1 
26456013410161;0.152345;0.578501;0.979388 0.200815 0.021758 -0.537731 -0.198078 0.975928 -0.0912654 -0.214398 -0.0395617 0.0850744 0.995589 -0.1256 0 0 0 1 
26456013410162;0.843744;0.649144;0.89018 -0.0809029 -0.448369 0.0799966 0.0764759 0.996678 -0.0280056 0.40656 0.449145 -0.00935938 0.89341 0.968365 0 0 0 1 
26456013410163;0.17304;0.629764;0.984776 0.0974939 -0.143912 -0.441175 -0.121405 0.978279 -0.168022 -0.0892428 0.124405 0.182936 0.975222 0.206782 0 0 0 1 
26456013410164;1.05704;0.586742;0.972165 0.199277 -0.123224 -0.370265 -0.195962 0.979852 0.0385845 -0.35288 0.12843 -0.0133633 0.991629 -0.808469 0 0 0 1 
26456013410165;1.01882;0.687533;0.98841 0.0950379 -0.118382 -0.466417 -0.0941759 0.995472 0.0128678 0.346962 0.119069 -0.00156991 0.992885 0.813408 0 0 0 1 
26456013410166;0.386158;0.692638;0.938994 0.10343 -0.328013 -0.12608 -0.204289 0.93497 -0.289995 0.101907 0.276688 0.339313 0.899061 0.208003 0 0 0 1 
26456013410167;0.362618;0.444999;0.989732 0.0347157 -0.138659 -0.294721 0.0293823 0.899931 0.435042 -0.65187 0.139886 -0.434648 0.88967 0.188839 0 0 0 1 
26456013410168;0.272737;0.675726;0.955603 -0.0315172 -0.292968 -0.344758 0.0347932 0.999377 0.00597638 -0.298498 0.292597 -0.0159043 0.956104 0.151507 0 0 0 1 
26456013410169;0.677811;0.549585;0.995085 -0.0538697 -0.0830901 -0.451569 0.054568 0.998491 0.00615445 -0.393089 0.0826332 -0.0106583 0.996523 0.558712 0 0 0 1 
26456013410170;0.704368;0.683065;0.99386 0.105027 -0.0348035 -0.314218 -0.104193 0.994243 0.0249843 -0.813433 0.0372272 -0.0212046 0.999082 0.173882 0 0 0 1 
26456013410171;1.02478;0.311903;0.956809 -0.182117 -0.226607 -0.801004 0.188633 0.982021 0.00725393 -0.0303271 0.221211 -0.0496862 0.973959 0.0435601 0 0 0 1 
26456013410172;0.366617;0.687789;0.953161 -0.00998966 -0.302299 -0.311557 0.0369174 0.995824 0.0834944 -0.243911 0.300203 -0.0907437 0.949549 0.00890264 0 0 0 1 
26456013410173;0.895873;0.630814;0.896857 0.434148 -0.0846347 -1.1815 -0.431515 0.900817 0.0482089 -0.787668 0.0971701 -0.00671532 0.995245 0.554431 0 0 0 1 
26456013410174;0.457447;0.304034;0.994407 -0.0944534 -0.0472473 -0.350494 0.0945286 0.995522 -0.00064497 0.177452 0.0470967 -0.00382486 0.998883 0.0706226 0 0 0 1 
26456013410175;0.623034;0.652091;0.982045 0.168524 -0.0847771 -0.49701 -0.166954 0.985639 0.0253283 -0.257168 0.087828 -0.0107196 0.996078 -0.452109 0 0 0 1 
26456013410176;0.235307;0.538141;0.978724 -0.0885497 -0.185091 -0.372037 0.0888323 0.996024 -0.00678226 -0.0261336 0.184956 -0.00980411 0.982698 0.165821 0 0 0 1 
26456013410177;0.877512;0.631741;0.960442 0.273013 -0.0549031 -0.0391432 -0.273147 0.961958 0.00519018 0.209105 0.0542315 0.0100118 0.998478 0.13921 0 0 0 1 
26456013410178;0.197683;0.676424;0.991525 0.108546 -0.0713819 -0.624336 -0.108583 0.994082 0.00337545 -0.114625 0.0713258 0.00440398 0.997443 0.012987 0 0 0 1 
26456013410179;0.15124;0.673957;0.987454 0.148466 0.053776 -0.616063 -0.1542 0.979984 0.125914 -0.326929 -0.0340058 -0.132626 0.990583 0.0546879 0 0 0 1 
26456013410180;0.554153;0.607876;0.990512 0.12039 -0.0662795 -0.037001 -0.131655 0.969574 -0.206382 0.117679 0.0394167 0.21315 0.976224 0.0983833 0 0 0 1 
26456013410181;0.475904;0.634049;0.98669 0.15446 0.0508522 -0.691169 -0.162597 0.932384 0.322835 -0.918693 0.00245126 -0.326806 0.945088 -0.00239277 0 0 0 1 
26456013410182;0.72307;0.565628;0.988696 -0.148233 0.0225356 -0.968893 0.149848 0.982043 -0.114617 0.0373673 -0.00514089 0.116698 0.993154 0.287082 0 0 0 1 
26456013410183;0.714484;0.479542;0.999042 0.0191416 -0.0393601 -0.551454 -0.0324292 0.927676 -0.371975 -0.0107089 0.0293933 0.372895 0.927408 0.51442 0 0 0 1 
26456013410184;0.435457;0.500055;0.999867 0.011911 -0.0111494 -0.133795 -0.0125556 0.99814 -0.0596497 0.106601 0.0104182 0.0597817 0.998157 -0.136422 0 0 0 1 
26456013410186;2.57906;2.89078;0.84043 -0.520141 0.152089 0.842257 0.539114 0.831003 -0.137078 0.335854 -0.0550865 0.197198 0.978815 -0.687887 0 0 0 1 
26456013410187;0.634766;1.18509;0.74213 -0.657848 0.12837 0.327379 0.66934 0.717385 -0.193245 1.38876 0.0350348 0.229336 0.972717 -0.173676 0 0 0 1 
26456013410188;1.09866;2.42092;0.802349 -0.511566 -0.307467 1.15802 0.573895 0.802749 0.161984 0.678307 0.163953 -0.306421 0.93767 0.0622278 0 0 0 1 
26456013410189;0.60767;0.932078;0.900759 -0.434306 0.00328485 0.0791791 0.433285 0.898067 -0.0757585 0.918971 0.0299524 0.0696634 0.997121 -0.0757364 0 0 0 1 
26456013410190;1.29465;2.137;0.716599 -0.697411 0.0101726 0.581057 0.696774 0.715134 -0.0555732 1.41139 0.0314826 0.0469117 0.998403 0.405338 0 0 0 1 
26456013410191;1.28532;1.78781;0.794658 -0.593067 0.129575 0.335442 0.604592 0.792407 -0.0809886 0.730582 -0.0546448 0.142699 0.988257 -0.405232 0 0 0 1 
26456013410192;1.88351;4.14447;0.96903 -0.169557 0.179532 1.77185 0.17827 0.983413 -0.033446 0.983052 -0.170883 0.0644153 0.983183 0.0361959 0 0 0 1 
26456013410193;1.11745;1.33336;0.81523 -0.573593 -0.0799514 0.239233 0.574161 0.818545 -0.0179872 1.13048 0.0757611 -0.0312413 0.996636 -0.215531 0 0 0 1 
26456013410194;2.37375;2.61071;0.765284 -0.628676 0.138228 1.37108 0.641786 0.761733 -0.0887316 0.674683 -0.0495095 0.156618 0.986418 -0.503621 0 0 0 1 
26456013410195;1.70586;1.88052;0.794969 -0.598532 0.0989163 0.622926 0.606447 0.779845 -0.155126 1.31461 0.0157085 0.183308 0.98293 -0.666259 0 0 0 1 
26456013410196;0.514644;1.3024;0.750679 -0.654835 0.0875912 0.332174 0.650916 0.755765 0.0716118 1.0709 -0.113092 0.00325697 0.993579 -0.0143057 0 0 0 1 
26456013410197;2.7645;2.44175;0.607833 -0.543808 0.578629 -0.536768 0.642521 0.765003 0.0440174 1.13533 -0.46659 0.345026 0.814402 -0.317817 0 0 0 1 
26456013410198;2.3433;2.2709;0.806541 -0.589733 -0.0413028 1.35658 0.589531 0.80754 -0.0182137 0.378246 0.0440948 -0.00965921 0.998981 0.22317 0 0 0 1 
26456013410199;2.04036;1.17528;0.823138 -0.546611 -0.153822 0.760372 0.527425 0.836334 -0.149559 1.01846 0.210397 0.0419778 0.976714 -0.40064 0 0 0 1 
26456013410200;2.25828;2.39729;0.525342 -0.627853 0.574297 -0.206123 0.658862 0.727251 0.192371 1.77744 -0.538438 0.277322 0.795724 -0.779878 0 0 0 1 
26456013410201;2.32984;1.57219;0.673477 -0.698734 0.241245 -0.43505 0.719098 0.69489 0.00517016 1.603 -0.171251 0.169997 0.97045 -0.595591 0 0 0 1 
26456013410202;0.574695;1.74785;0.775348 -0.627953 0.0671643 0.365091 0.629036 0.777351 0.0062135 1.06622 -0.0561121 0.0374312 0.997723 0.0231534 0 0 0 1 
26456013410203;2.04835;3.05372;0.727119 -0.659318 0.191308 1.42436 0.572889 0.73629 0.360105 0.49455 -0.378282 -0.152241 0.913086 -0.331749 0 0 0 1 
26456013410204;0.669991;3.1717;0.834987 -0.549613 0.0268798 1.12523 0.530496 0.816998 0.226029 0.79856 -0.146189 -0.174472 0.97375 -0.347208 0 0 0 1 
26456013410205;0.908947;1.75195;0.79156 -0.610301 0.0310633 0.282989 0.610468 0.792026 0.00489902 1.14425 -0.0275928 0.0150853 0.999505 -0.116095 0 0 0 1 
26456013410206;1.79634;1.62455;0.85849 -0.507735 0.0721129 0.0983871 0.512428 0.843726 -0.159825 0.513356 0.0203053 0.174161 0.984508 -0.302952 0 0 0 1 
26456013410207;0.232642;1.28501;0.751468 -0.659732 0.00704214 0.247708 0.659445 0.75139 0.0233337 1.19045 -0.0206854 -0.0128906 0.999703 -0.105179 0 0 0 1 
26456013410208;2.37807;1.27105;0.854972 -0.472405 0.21414 0.0627054 0.517308 0.806595 -0.286003 1.32767 -0.0376154 0.355301 0.933995 -0.957473 0 0 0 1 
26456013410209;2.64335;2.32119;0.782184 -0.62069 0.0541457 1.48493 0.609185 0.780118 0.142511 0.488356 -0.130695 -0.0784852 0.988311 -0.367724 0 0 0 1 
26456013410210;2.26073;1.93714;0.768615 -0.620599 -0.155202 0.455109 0.61804 0.783005 -0.0702142 1.32996 0.165099 -0.0419532 0.985384 -0.355578 0 0 0 1 
26456013410211;1.42407;0.975701;0.788444 -0.588044 0.180446 -0.035885 0.594017 0.80407 0.0248232 1.52023 -0.159688 0.0876162 0.983272 -0.475447 0 0 0 1 
26456013410212;1.48789;2.2325;0.772871 -0.627626 -0.0935708 0.422455 0.613168 0.776616 -0.144541 0.772423 0.163386 0.0543369 0.985065 0.0188537 0 0 0 1 
26456013410213;1.60061;0.958362;0.705808 -0.678215 0.204597 -0.156958 0.707618 0.661383 -0.248696 1.99377 0.0333526 0.320308 0.946726 -0.0740208 0 0 0 1 
26456013410214;1.7042;1.23455;0.775458 -0.628162 0.0638504 -0.0565988 0.63113 0.768204 -0.107414 1.62001 0.0184231 0.123593 0.992162 0.257535 0 0 0 1 
26456013410215;0.754244;2.44358;0.661409 -0.692006 0.289251 0.553056 0.729689 0.682895 -0.0347652 1.44468 -0.17347 0.234058 0.956622 -0.512521 0 0 0 1 
26456013410217;1.32332;1.68174;0.973691 0.210949 -0.0861747 -0.143566 -0.197453 0.969824 0.143019 -0.349627 0.113744 -0.122241 0.985961 0.0433394 0 0 0 1 
26456013410218;1.34012;1.87923;0.967695 0.0337379 0.249855 -0.157424 -0.0379076 0.99921 0.0118937 -0.169384 -0.249257 -0.0209809 0.96821 -0.536418 0 0 0 1 
26456013410219;0.65608;0.0869395;0.899709 0.431603 -0.0651385 -0.366127 -0.436353 0.893096 -0.109433 -0.143354 0.0109432 0.126882 0.991858 -0.0735489 0 0 0 1 
26456013410220;1.46371;1.04909;0.997606 -0.050254 0.0475099 0.0262583 0.0553488 0.992071 -0.112836 0.41058 -0.0414627 0.115196 0.992477 -0.00359157 0 0 0 1 
26456013410221;1.60635;2.19139;0.992122 0.0999147 0.0755647 -0.174193 -0.0824099 0.974862 -0.207007 0.0058948 -0.0943482 0.199149 0.975417 -0.481464 0 0 0 1 
26456013410222;2.32392;0.772601;0.97349 -0.0286747 0.226923 -0.341276 0.136165 0.869807 -0.47423 0.409358 -0.183781 0.492558 0.850654 -1.1811 0 0 0 1 
26456013410223;1.20647;0.997708;0.988211 0.120033 -0.0950313 0.0392091 -0.100053 0.976172 0.192556 0.0385688 0.11588 -0.180778 0.976674 0.23256 0 0 0 1 
26456013410224;0.781646;0.126741;0.940196 0.148189 0.306712 -0.42636 -0.222261 0.949212 0.222704 -0.29998 -0.258132 -0.277556 0.925381 -0.329355 0 0 0 1 
26456013410225;1.91639;0.735917;0.944426 -0.262515 0.197853 -0.325057 0.184156 0.921082 0.343066 -0.341847 -0.272299 -0.287564 0.918238 -0.76589 0 0 0 1 
26456013410226;0.740714;0.0855267;0.961372 0.275226 0.00369894 -0.328672 -0.27468 0.960155 -0.0515083 0.0237895 -0.017728 0.0485026 0.998666 -0.0433223 0 0 0 1 
26456013410227;0.854149;0.669616;0.991808 -0.121696 0.0388305 -0.0504917 0.122813 0.992041 -0.0277876 0.0393627 -0.0351398 0.0323288 0.998859 -0.0332419 0 0 0 1 
26456013410228;0.477964;0.0776596;0.967269 -0.0873439 -0.238247 0.217622 0.0256666 0.967755 -0.250584 0.319433 0.252452 0.236267 0.938321 0.0447951 0 0 0 1 
26456013410229;0.488387;0.0737893;0.893055 -0.214515 -0.395519 0.376703 0.27738 0.954607 0.108561 0.0134273 0.354277 -0.206661 0.912019 0.357608 0 0 0 1 
26456013410230;0.907029;0.0585539;0.994528 0.104432 -0.00282424 -0.0178625 -0.104231 0.993718 0.0407487 0.113378 0.00706196 -0.0402314 0.999165 -0.260527 0 0 0 1 
26456013410231;2.37848;0.0714582;0.97323 -0.1395 -0.182656 0.336338 0.193492 0.926198 0.323602 -0.41836 0.124033 -0.350282 0.928396 -0.639535 0 0 0 1 
26456013410232;0.758672;0.113811;0.997972 0.0570232 0.0282991 0.146504 -0.0575265 0.998194 0.0173012 -0.06415 -0.0272614 -0.0188941 0.99945 -0.232625 0 0 0 1 
26456013410233;0.876115;0.0698456;0.997509 -0.066726 -0.0228705 0.0525349 0.0675348 0.997044 0.0366331 0.372844 0.0203585 -0.0380864 0.999067 0.0915929 0 0 0 1 
26456013410234;0.436918;0.068184;0.98655 0.158938 0.0381815 -0.118051 -0.162986 0.938701 0.30377 -0.436378 0.0124397 -0.305907 0.95198 0.325462 0 0 0 1 
26456013410235;0.42537;0.073545;0.933276 -0.0212072 0.358533 -0.361358 0.0605984 0.993242 -0.09899 0.0586385 -0.35401 0.114112 0.928254 -0.341705 0 0 0 1 
26456013410236;1.61117;0.948195;0.887217 0.0805009 0.454275 -0.883583 -0.327096 0.804156 0.496328 -1.00522 -0.325353 -0.588942 0.739792 -0.32516 0 0 0 1 
26456013410237;1.76467;1.22962;0.959985 0.073824 0.270146 -0.169079 -0.164117 0.929933 0.329074 -0.204561 -0.226924 -0.360241 0.904838 -0.12757 0 0 0 1 
26456013410238;1.19544;0.0862684;0.913989 0.393475 -0.0990034 0.141986 -0.333934 0.868097 0.367282 -0.444092 0.230461 -0.302631 0.924826 0.00208473 0 0 0 1 
26456013410239;0.73293;0.0703752;0.894032 -0.363748 -0.261525 0.307488 0.37095 0.928365 -0.0231327 0.353691 0.251205 -0.0763311 0.96492 0.0151728 0 0 0 1 
26456013410240;1.79116;1.97742;0.986074 0.16171 -0.0388329 -0.0711659 -0.157384 0.982828 0.0963332 -0.176997 0.053744 -0.08888 0.994591 0.00921817 0 0 0 1 
26456013410241;1.92987;1.0428;0.992424 -0.0659424 0.103663 0.285621 0.0793767 0.988156 -0.131329 0.203784 -0.0937753 0.138562 0.985904 0.00868789 0 0 0 1 
26456013410242;1.40722;0.0866169;0.9423 0.269507 0.198589 -0.276047 -0.32749 0.865144 0.379837 -0.422501 -0.0694393 -0.422956 0.903486 -0.354902 0 0 0 1 
26456013410243;0.583238;0.0730079;0.923572 -0.335422 0.18576 -0.173323 0.362813 0.921219 -0.140433 0.369474 -0.124021 0.197096 0.972508 -0.263088 0 0 0 1 
26456013410244;0.533279;0.0604661;0.995861 0.0492095 0.0764157 -0.067028 -0.0486879 0.998776 -0.00867555 0.0226617 -0.0767491 0.00491912 0.997038 0.148195 0 0 0 1 
26456013410245;0.736282;0.0968966;0.962731 -0.184687 0.197586 -0.263614 0.223245 0.955047 -0.195054 0.278476 -0.15268 0.231895 0.960684 0.0714416 0 0 0 1 
26456013410246;1.05866;0.647908;0.970296 -0.182335 0.158996 -0.0548872 0.210653 0.959959 -0.184672 0.142575 -0.118957 0.212679 0.969854 -0.330917 0 0 0 1 
26456013410248;1.23759;0.89232;0.716632 0.686511 -0.123046 -1.32224 -0.697306 0.701647 -0.146479 -1.2599 -0.0142243 0.190772 0.981531 0.412926 0 0 0 1 
26456013410249;1.46586;0.811516;0.644498 0.720057 0.257178 -1.01359 -0.748841 0.662382 0.0220632 -0.953046 -0.154464 -0.206805 0.966112 0.582838 0 0 0 1 
26456013410250;0.412958;0.825798;0.985966 0.0609414 -0.155427 -0.490724 -0.0863042 0.983001 -0.162054 0.0945058 0.142909 0.173193 0.974465 0.255587 0 0 0 1 
26456013410251;1.34871;0.923103;0.903929 0.427392 -0.0157543 -0.64687 -0.425405 0.894709 -0.136108 -0.46677 -0.0440761 0.129734 0.990569 0.770721 0 0 0 1 
26456013410252;1.49487;0.970707;0.509629 0.856736 -0.0792587 -0.980066 -0.860381 0.507966 -0.041415 -0.964054 0.00477897 0.089299 0.995993 -1.00372 0 0 0 1 
26456013410253;0.288077;0.870653;0.863881 0.49433 -0.0966797 -0.611935 -0.50361 0.851218 -0.147666 -0.584269 0.00929956 0.176255 0.984301 -0.228021 0 0 0 1 
26456013410254;0.399182;0.773239;0.831879 0.55486 0.0103841 -0.729879 -0.54351 0.818357 -0.186786 -0.544445 -0.112138 0.14974 0.982346 -0.392207 0 0 0 1 
26456013410255;1.26559;0.865447;0.981284 0.192501 -0.00495114 -0.721633 -0.189413 0.960274 -0.20493 -0.338964 -0.0346946 0.202032 0.978764 0.592813 0 0 0 1 
26456013410256;0.836061;0.781485;0.926872 0.362669 -0.0968461 -0.212201 -0.304673 0.877532 0.370285 -0.573045 0.219277 -0.313701 0.923856 -0.109967 0 0 0 1 
26456013410257;1.31918;0.875794;0.953998 0.27123 -0.12776 -0.771851 -0.265923 0.962293 0.057238 -0.922487 0.138467 -0.0206305 0.990152 -0.165535 0 0 0 1 
26456013410258;1.48742;0.884508;0.884484 0.466311 -0.0155764 -0.0660177 -0.417243 0.77559 -0.473676 -0.85966 -0.2088 0.425458 0.880561 0.280018 0 0 0 1 
26456013410259;1.01942;0.860157;0.741865 0.662785 -0.101743 -1.20122 -0.662802 0.747802 0.0385494 -0.505139 0.101633 0.0388369 0.994064 0.186364 0 0 0 1 
26456013410260;0.460663;0.801153;0.667738 0.738722 -0.0917342 -0.867737 -0.701998 0.665902 0.252534 -1.17698 0.247639 -0.104229 0.96323 0.564865 0 0 0 1 
26456013410261;1.44656;0.79149;0.740848 0.562148 -0.367605 0.22772 -0.62913 0.772454 -0.0866579 -0.812444 0.235244 0.295472 0.925936 0.759692 0 0 0 1 
26456013410262;0.220515;0.776975;0.859678 0.455803 0.230645 -0.766293 -0.452502 0.888993 -0.0702389 -0.642924 -0.237057 -0.0439847 0.970499 -0.506687 0 0 0 1 
26456013410263;0.872308;0.785019;0.957036 0.151476 0.247261 -0.748757 -0.180173 0.978765 0.0977614 -0.53158 -0.227202 -0.138111 0.964005 -0.761642 0 0 0 1 
