#;prob_registration_l1 -r ../../../build/tester /home/point_clouds_registration_benchmark/p2at_met_local.txt /home/point_clouds_registration_benchmark/p2at_met -s 0.2 -t 0.2 -p 0.3 -r 1000 -m 5 -i 40 
id;initial_error;final_error;transformation
27844314100000;0.368279;0.354375;0.999505 0.000229903 0.0314687 0.0433658 -0.004609 0.99026 0.139156 -0.0238259 -0.0311302 -0.139232 0.98977 -8.32581 0 0 0 1 
27844314100001;0.325629;0.147203;0.987457 0.0262329 -0.155696 0.668197 0.00290749 0.982913 0.184048 -0.234988 0.157864 -0.182192 0.970508 -7.72059 0 0 0 1 
27844314100002;0.342132;0.296924;0.930824 -0.0346679 0.363819 -1.8495 -0.0701546 0.960028 0.27097 -2.58996 -0.35867 -0.277749 0.891186 -24.5902 0 0 0 1 
27844314100003;0.135271;0.142972;0.995143 -0.00653036 0.0982261 -0.125755 -0.0105622 0.984955 0.17249 -0.340343 -0.0978746 -0.172689 0.980101 -12.5073 0 0 0 1 
27844314100004;0.89077;0.695279;0.985645 0.0378173 -0.16454 1.30325 0.00547605 0.966916 0.255035 -0.853703 0.168742 -0.252275 0.952829 -12.2262 0 0 0 1 
27844314100005;0.300669;0.260592;0.935648 0.0479184 -0.349666 0.0435906 -0.00271973 0.99169 0.128624 -0.00876619 0.352924 -0.119396 0.928003 0.983706 0 0 0 1 
27844314100006;0.461976;0.411884;0.999883 0.0140439 0.00605395 0.892549 -0.014256 0.999231 0.0365394 -0.134832 -0.00553613 -0.0366215 0.999314 -2.14639 0 0 0 1 
27844314100007;1.17629;0.974106;0.999214 0.0178095 0.0354251 1.22326 -0.0210031 0.995544 0.0919247 -0.182885 -0.0336301 -0.0925965 0.995136 -4.91559 0 0 0 1 
27844314100008;0.519074;0.421118;0.999881 0.0141157 0.00623465 0.859551 -0.0143311 0.99925 0.0359639 -0.241115 -0.00572232 -0.036049 0.999334 -1.62767 0 0 0 1 
27844314100009;0.482706;0.461146;0.99307 -0.0198254 0.115842 -1.03884 0.0252818 0.99863 -0.0458237 0.390468 -0.114775 0.0484348 0.99221 0.0677913 0 0 0 1 
27844314100010;0.848926;0.0651712;0.998914 0.0308634 -0.0348907 1.88342 -0.0244009 0.984714 0.17246 -0.910897 0.0396801 -0.171422 0.984398 -11.2625 0 0 0 1 
27844314100011;0.370547;0.302478;0.981693 0.00205947 -0.19046 -1.0785 -0.0132792 0.998248 -0.057651 -0.61856 0.190008 0.0591248 0.980001 8.33838 0 0 0 1 
27844314100012;1.02719;0.403115;0.991913 0.00635186 -0.126764 -0.459899 -0.0113235 0.999193 -0.0385379 -0.405433 0.126417 0.0396616 0.991184 7.49665 0 0 0 1 
27844314100013;0.818365;0.752636;0.998933 0.0224752 -0.0403572 1.26198 -0.0183175 0.994759 0.10059 -0.360812 0.0424064 -0.0997435 0.994109 -5.73484 0 0 0 1 
27844314100014;0.722224;0.272044;0.998381 0.00105384 -0.0568624 -0.0319159 -0.000702182 0.999981 0.00620391 -0.0151218 0.0568678 -0.00615394 0.998363 -0.847665 0 0 0 1 
27844314100015;1.11358;0.618702;0.999526 -0.0027911 -0.0306631 0.0232277 0.00200964 0.999673 -0.0254868 -0.12605 0.0307242 0.0254131 0.999205 -0.281604 0 0 0 1 
27844314100016;0.370882;0.0786169;0.992559 -0.0179943 0.120428 -0.938737 0.06656 0.908361 -0.412857 -4.95085 -0.101963 0.4178 0.902799 21.8332 0 0 0 1 
27844314100017;0.341055;0.243773;0.995508 -0.00393534 -0.0945938 -0.799474 0.00761522 0.999227 0.0385725 0.41874 0.0943689 -0.0391196 0.994768 -0.00609209 0 0 0 1 
27844314100018;0.853373;0.271258;0.999563 0.00715816 0.0286791 0.607653 -0.00722194 0.999972 0.00212102 -0.0984345 -0.0286631 -0.00232721 0.999586 -2.95212 0 0 0 1 
27844314100019;0.871961;0.0855864;0.999967 0.00635432 0.00498511 0.564561 -0.00622434 0.999651 -0.0256694 -0.184409 -0.00514648 0.0256375 0.999658 -0.972459 0 0 0 1 
27844314100020;0.613803;0.642211;0.996414 0.0270669 -0.0801711 1.16632 -0.00785514 0.972956 0.230855 -0.745925 0.0842515 -0.229398 0.96968 -11.9117 0 0 0 1 
27844314100021;0.300355;0.0752815;0.948262 -0.0240257 -0.316579 -3.78655 0.00450701 0.998051 -0.0622436 -0.305274 0.317457 0.0575964 0.946522 10.8505 0 0 0 1 
27844314100022;0.628187;0.0776472;0.999957 0.00586777 0.00717406 0.517214 -0.00570759 0.999738 -0.0221479 -0.194007 -0.00730214 0.022106 0.999729 -0.587971 0 0 0 1 
27844314100023;0.278091;0.0925212;0.996414 0.00622432 0.0843857 0.578793 -0.00263261 0.999088 -0.0426077 -0.259844 -0.084574 0.0422328 0.995522 -0.256625 0 0 0 1 
27844314100024;0.416131;0.292085;0.969092 -0.00116287 -0.246696 -1.52422 -0.00834112 0.999263 -0.0374766 -0.26549 0.246558 0.038376 0.968368 7.22155 0 0 0 1 
27844314100025;0.365706;0.325676;0.991775 -0.00966334 -0.127632 -1.15846 0.00949128 0.999953 -0.00195622 0.251331 0.127645 0.000728741 0.99182 2.59578 0 0 0 1 
27844314100026;0.38807;0.170933;0.983175 -0.0110518 0.18233 -0.550257 0.00218417 0.998808 0.0487643 0.0656277 -0.182651 -0.0475456 0.982027 -7.91418 0 0 0 1 
27844314100027;0.827287;0.735391;0.980579 -0.0269804 -0.194259 -2.60995 0.00131994 0.991378 -0.131029 -0.99368 0.196119 0.128228 0.97216 11.6781 0 0 0 1 
27844314100028;0.216847;0.179948;0.993667 -0.0164835 0.111151 -0.806145 0.0304736 0.991642 -0.125368 -0.146296 -0.108156 0.127961 0.985864 4.9372 0 0 0 1 
27844314100029;0.528223;0.395075;0.996654 0.0103458 0.0810731 0.892676 -0.00877781 0.999768 -0.0196733 -0.266124 -0.0812578 0.0188958 0.996514 -1.52975 0 0 0 1 
27844314100031;1.32944;0.641361;0.999619 -0.0236023 -0.0143102 -0.0706389 0.0235568 0.999717 -0.00334367 0.0974376 0.0143851 0.00300529 0.999892 2.61812 0 0 0 1 
27844314100032;1.35252;0.927368;0.949778 0.0429222 -0.309968 -1.19273 0.0522672 0.954874 0.292377 1.61938 0.308529 -0.293895 0.904674 6.19979 0 0 0 1 
27844314100033;0.908498;0.420725;0.974809 0.0165777 -0.222425 -0.712584 0.0360775 0.972382 0.230588 0.828631 0.220105 -0.232803 0.947289 4.96929 0 0 0 1 
27844314100034;0.315932;0.291398;0.999837 0.0173353 0.00513774 -0.0661707 -0.017422 0.999698 0.0173342 -0.214992 -0.0048357 -0.0174209 0.999837 -0.15889 0 0 0 1 
27844314100035;0.38412;0.172894;0.999545 -0.00609512 -0.0295551 0.0363504 0.00473338 0.998934 -0.0459278 -0.0973486 0.0298035 0.045767 0.998507 -0.468061 0 0 0 1 
27844314100036;0.255516;0.166863;0.99706 0.0203176 0.0738783 0.00549654 -0.0327356 0.98473 0.170984 0.000596055 -0.0692762 -0.1729 0.9825 -0.116892 0 0 0 1 
27844314100037;0.704806;0.398719;0.999282 -0.0319698 0.0203383 0.2487 0.0345683 0.988997 -0.143838 -0.141185 -0.0155161 0.144438 0.989392 0.176126 0 0 0 1 
27844314100038;1.02577;0.630916;0.996337 0.0211468 0.0828541 0.020082 -0.0184549 0.999281 -0.0331209 0.0376936 -0.0834949 0.0314705 0.996011 0.662124 0 0 0 1 
27844314100039;0.646323;0.225245;0.998211 -0.0150778 0.0578489 0.0027974 0.0268334 0.97772 -0.208189 -0.151772 -0.053421 0.209369 0.976376 0.124082 0 0 0 1 
27844314100040;0.526776;0.525436;0.957632 0.00182465 0.287989 0.0963948 0.00746009 0.999487 -0.0311392 -0.298694 -0.287898 0.0319683 0.957127 -4.00971 0 0 0 1 
27844314100041;0.240913;0.184643;0.986938 -0.0280415 -0.158642 -0.224318 0.0189717 0.998113 -0.0583996 0.0115088 0.159981 0.0546271 0.985607 1.87415 0 0 0 1 
27844314100042;1.10623;0.481628;0.998363 -0.0522671 -0.023244 0.473277 0.0534425 0.997153 0.0532051 -0.521305 0.020397 -0.0543602 0.998313 -0.854997 0 0 0 1 
27844314100043;0.537176;0.456897;0.952151 0.0209196 0.304911 -0.281916 -0.106712 0.957622 0.26753 -0.960482 -0.286393 -0.287266 0.914034 -3.39696 0 0 0 1 
27844314100044;0.682374;0.356014;0.990578 -0.0181501 0.13574 0.321618 0.0368136 0.989986 -0.136279 -0.0740121 -0.131907 0.139992 0.981327 -1.11238 0 0 0 1 
27844314100045;0.577329;0.3437;0.996588 -0.0186543 -0.080401 -0.0205654 0.0148607 0.998759 -0.0475264 0.233848 0.0811878 0.0461694 0.995629 -0.0306802 0 0 0 1 
27844314100046;0.842689;0.575789;0.978308 0.0239741 -0.205764 -0.724043 0.00498659 0.990268 0.139087 -0.127797 0.207096 -0.137096 0.968667 3.47324 0 0 0 1 
27844314100047;0.331521;0.315955;0.999762 0.00530926 0.0211478 -0.0110111 -0.00477256 0.999667 -0.0253486 -0.0350504 -0.0212753 0.0252416 0.999455 -0.240575 0 0 0 1 
27844314100048;0.326512;0.24457;0.999711 -0.00535455 0.0234536 0.102756 0.00674092 0.998209 -0.0594368 -0.0384338 -0.0230934 0.0595777 0.997957 -0.0538998 0 0 0 1 
27844314100049;0.286094;0.167485;0.986876 0.0119421 -0.161037 -0.401808 -0.00603736 0.999293 0.0371069 -0.0459984 0.161366 -0.0356477 0.986251 1.63699 0 0 0 1 
27844314100050;1.23172;0.845169;0.999739 0.00829585 -0.0213045 -0.210436 -0.00784553 0.999746 0.0211344 0.301046 0.0214744 -0.0209617 0.99955 1.84057 0 0 0 1 
27844314100051;0.428034;0.186705;0.999726 -0.00211948 -0.0233228 -0.0859882 0.00172458 0.999855 -0.0169387 -0.0234796 0.0233553 0.0168938 0.999584 1.11509 0 0 0 1 
27844314100052;1.33827;0.826114;0.999345 -0.0205798 -0.0297795 0.330678 0.0239145 0.992921 0.116346 -0.238458 0.0271743 -0.116982 0.992762 -1.04712 0 0 0 1 
27844314100053;1.32669;0.596623;0.970552 -0.00674785 0.240797 0.34394 -0.030893 0.987867 0.1522 -0.715449 -0.238903 -0.155157 0.958568 -0.286799 0 0 0 1 
27844314100054;0.560805;0.227693;0.990653 -0.00125253 0.136403 0.0769963 -0.00565896 0.99872 0.0502701 -0.223833 -0.136291 -0.0505721 0.989377 -0.428277 0 0 0 1 
27844314100055;0.956315;0.837345;0.999164 -0.00475313 0.040613 0.0413316 0.00716217 0.99821 -0.059379 0.200138 -0.0402581 0.0596202 0.997409 0.296011 0 0 0 1 
27844314100056;1.36899;0.425756;0.994088 -0.0818706 0.0713166 0.747383 0.0900766 0.988595 -0.12069 -0.789282 -0.0606223 0.1264 0.990125 0.0394297 0 0 0 1 
27844314100057;0.0905846;0.0678709;0.990809 -0.00236437 0.135247 0.0957327 0.00336048 0.999969 -0.00713724 -0.0517519 -0.135226 0.00752614 0.990786 -1.64247 0 0 0 1 
27844314100058;0.707405;0.201351;0.999727 0.0201468 0.0118699 0.081563 -0.0201296 0.999796 -0.00156339 -0.0458866 -0.011899 0.00132403 0.999928 -1.47918 0 0 0 1 
27844314100059;0.65531;0.466146;0.89265 -0.00253587 0.450744 -0.487226 -0.0538549 0.992221 0.112236 -0.626917 -0.447522 -0.124462 0.885569 -6.19021 0 0 0 1 
27844314100060;1.27536;0.453132;0.981477 0.0176933 0.19076 0.0508999 -0.00637076 0.99819 -0.0598057 -0.666336 -0.191472 0.0574826 0.979813 -4.86122 0 0 0 1 
27844314100062;0.6633;0.469987;0.999929 -0.0111587 -0.004104 -0.344879 0.0110012 0.99927 -0.0365832 0.0848166 0.00450922 0.0365354 0.999322 0.587538 0 0 0 1 
27844314100063;1.6099;0.11941;0.994394 0.00772444 -0.105456 0.284256 -0.00892355 0.999901 -0.0109036 -0.079265 0.105362 0.0117835 0.994364 -0.426053 0 0 0 1 
27844314100064;1.94982;1.78695;0.998599 7.71268e-05 0.0529206 0.0930311 0.00232533 0.998969 -0.0453343 0.0432963 -0.0528695 0.0453938 0.997569 1.30367 0 0 0 1 
27844314100065;1.77485;0.9168;0.988804 0.0268929 0.146773 1.1478 -0.0826765 0.917579 0.388861 -2.80673 -0.124219 -0.396642 0.90953 -15.9572 0 0 0 1 
27844314100066;1.08018;0.521211;0.997285 0.0190288 0.0711384 0.925196 -0.0230462 0.99816 0.0560858 -0.295847 -0.0699402 -0.057573 0.995888 -3.96105 0 0 0 1 
27844314100067;1.0783;0.486872;0.999577 -0.00764722 0.0280748 -0.314797 0.00728037 0.999887 0.0131457 0.250979 -0.0281721 -0.0129358 0.999519 0.434931 0 0 0 1 
27844314100068;0.329721;0.290499;0.999873 0.0137034 0.00815556 0.457782 -0.013913 0.999559 0.0262159 -0.072064 -0.00779272 -0.0263261 0.999623 -1.06835 0 0 0 1 
27844314100069;0.992581;0.834974;0.918808 -0.0132048 0.394484 -0.103066 0.0426122 0.996917 -0.0658794 0.283953 -0.392398 0.0773403 0.916538 -3.92068 0 0 0 1 
27844314100070;1.68809;1.12077;0.999792 0.0087365 -0.018454 0.0924591 -0.00820724 0.999558 0.028564 -0.0850083 0.0186954 -0.0284065 0.999422 1.06784 0 0 0 1 
27844314100071;2.20263;1.31937;0.986833 0.0389341 -0.156988 0.701142 0.00123344 0.968756 0.248012 -0.10288 0.161739 -0.24494 0.955952 -7.96842 0 0 0 1 
27844314100072;0.844195;0.215334;0.919729 -0.0259126 -0.391697 -3.19644 -0.0243215 0.99214 -0.122743 -1.03919 0.391799 0.122417 0.91187 9.83417 0 0 0 1 
27844314100073;1.02691;0.619395;0.99937 0.0098612 0.0340925 0.289544 -0.0152931 0.986517 0.162944 0.30192 -0.032026 -0.163363 0.986046 -4.30623 0 0 0 1 
27844314100074;0.384882;0.456069;0.998533 0.00206734 0.0541063 0.231322 -0.0109745 0.986258 0.16485 0.304168 -0.053022 -0.165202 0.984833 -5.99131 0 0 0 1 
27844314100075;1.31596;0.617488;0.998036 0.00736479 -0.0622017 0.307732 -0.0090716 0.999589 -0.0272022 -0.16101 0.0619758 0.0277131 0.997693 0.0715826 0 0 0 1 
27844314100076;1.20785;1.1892;0.999957 -0.0030175 0.00874396 -0.108408 0.00287823 0.999869 0.0158972 0.128555 -0.00879079 -0.0158713 0.999835 -0.620393 0 0 0 1 
27844314100077;1.66098;0.444112;0.998052 0.0245103 -0.0573645 0.854452 -0.0196806 0.996331 0.0832933 -0.318884 0.0591956 -0.0820021 0.994873 -3.8691 0 0 0 1 
27844314100078;1.89852;1.59052;0.99999 -0.00202169 -0.00397751 -0.0223786 0.00201844 0.999998 -0.000820515 0.239119 0.00397916 0.000812479 0.999992 -0.95443 0 0 0 1 
27844314100079;1.7021;1.51782;0.996378 0.00565049 0.0848491 0.553734 -0.0150014 0.993821 0.109978 0.0329523 -0.0837034 -0.110852 0.990306 -3.81843 0 0 0 1 
27844314100080;1.10438;0.682252;0.972853 -0.0140704 0.230997 0.0772843 -0.00390322 0.99701 0.077168 0.168825 -0.231392 -0.0759747 0.969889 -6.81762 0 0 0 1 
27844314100081;0.430079;0.395523;0.999958 -0.00856678 -0.0033339 -0.314541 0.00852361 0.999882 -0.0127525 0.147769 0.00344276 0.0127236 0.999913 0.436579 0 0 0 1 
27844314100082;1.95213;1.40843;0.999306 0.0227014 0.0295201 0.543677 -0.0315299 0.937584 0.346327 -0.622556 -0.0198155 -0.347018 0.937649 -9.56467 0 0 0 1 
27844314100083;0.583263;0.253127;0.965959 0.00104123 0.258692 0.216892 -0.0222738 0.996613 0.0791593 -0.0900192 -0.257734 -0.0822267 0.962711 -6.72993 0 0 0 1 
27844314100084;0.503644;0.500357;0.991342 -0.00166341 0.131295 0.194859 -0.0316356 0.967439 0.251121 -0.544706 -0.127438 -0.2531 0.95901 -9.89791 0 0 0 1 
27844314100085;0.720603;0.460222;0.997417 0.029138 0.0656578 1.10835 -0.0442442 0.969274 0.24197 -0.927762 -0.0565899 -0.24425 0.96806 -8.97845 0 0 0 1 
27844314100086;1.70425;1.37316;0.996081 0.0493152 -0.0734225 1.22827 -0.0231435 0.946533 0.321777 -0.941155 0.0853653 -0.318817 0.943964 -9.65167 0 0 0 1 
27844314100087;1.08193;0.89541;0.977298 -0.0324106 -0.209376 -1.71523 0.00460224 0.991244 -0.131959 -0.475702 0.21182 0.128 0.96889 5.93064 0 0 0 1 
27844314100088;1.41218;0.824216;0.998182 -0.0138978 0.0586541 -0.4415 0.0191193 0.99581 -0.0894217 -0.088494 -0.0571656 0.0903805 0.994265 3.47239 0 0 0 1 
27844314100089;0.394008;0.34223;0.998559 0.00604099 -0.0533205 -0.0383029 -0.00669454 0.999905 -0.012087 -0.0665015 0.0532424 0.0124265 0.998504 1.05403 0 0 0 1 
27844314100090;1.35838;0.682772;0.990627 -0.0334804 -0.132428 -1.13644 -0.0022956 0.965279 -0.261213 -1.45923 0.136576 0.259068 0.956154 8.33314 0 0 0 1 
27844314100091;1.04859;1.04398;0.99937 0.00111337 -0.0354773 -0.104414 0.00139132 0.997511 0.0704972 0.18394 0.0354675 -0.0705021 0.996881 -1.7879 0 0 0 1 
27844314100093;0.967031;0.382841;0.994367 -0.0528055 -0.0918972 -5.22826 0.0398202 0.989659 -0.137801 -0.194169 0.0982235 0.133366 0.986187 17.2688 0 0 0 1 
27844314100094;1.92323;0.16635;0.972297 0.0473408 -0.228906 2.35775 -0.00159121 0.980594 0.196041 -0.511569 0.233745 -0.190246 0.953504 -8.17094 0 0 0 1 
27844314100095;0.873202;0.696156;0.992637 -0.00943006 0.120758 0.0232363 -0.0312489 0.943278 0.33053 -4.96657 -0.117025 -0.33187 0.936038 -35.7231 0 0 0 1 
27844314100096;0.430323;0.70283;0.989743 0.0079974 -0.142634 0.287988 -0.00726031 0.999957 0.00568745 -0.17088 0.142673 -0.00459355 0.989759 4.49693 0 0 0 1 
27844314100097;1.73872;0.771933;0.999997 0.00227451 -0.000836543 0.696753 -0.00226585 0.999945 0.0102093 0.445721 0.000859718 -0.0102074 0.999948 0.424125 0 0 0 1 
27844314100098;0.721991;0.438307;0.999923 0.0114142 0.00484011 1.36795 -0.0119924 0.9895 0.144031 -0.83235 -0.00314529 -0.144078 0.989561 -13.2988 0 0 0 1 
27844314100099;0.836004;0.932187;0.998881 -0.0264548 -0.0391911 -2.59245 0.0286227 0.99803 0.0558279 0.976229 0.037637 -0.0568872 0.997671 -4.3546 0 0 0 1 
27844314100100;2.4061;0.183032;0.999798 -0.0181438 -0.00859607 -1.65929 0.0197969 0.9622 0.271623 -0.956666 0.00334286 -0.271739 0.962365 -23.5551 0 0 0 1 
27844314100101;0.366989;0.527058;0.999756 0.0133812 -0.017597 1.53673 -0.00528012 0.917498 0.397705 -6.52032 0.0214669 -0.397515 0.917345 -38.059 0 0 0 1 
27844314100102;1.52564;1.36569;0.975574 -0.0390615 0.216169 -3.61361 0.0903685 0.968302 -0.232864 -1.22657 -0.200221 0.246711 0.94818 16.9782 0 0 0 1 
27844314100103;2.09748;0.342995;0.999883 -0.00581566 -0.0141258 0.0702605 0.00587158 0.999975 0.00392089 0.0702093 0.0141026 -0.00400337 0.999893 -2.26484 0 0 0 1 
27844314100104;0.507469;0.408286;0.999782 0.0192589 -0.00804365 2.18153 -0.0191535 0.999732 0.012984 -0.623181 0.00829155 -0.0128271 0.999883 -1.47083 0 0 0 1 
27844314100105;1.7041;1.94391;0.998891 -0.03873 0.0267547 -3.33718 0.0425484 0.986 -0.161225 -0.464968 -0.0201359 0.162185 0.986555 14.7901 0 0 0 1 
27844314100106;0.621555;0.280218;0.975479 0.0148744 -0.219587 0.15397 0.005529 0.995743 0.092011 -0.0323014 0.220021 -0.0909689 0.971244 -1.52446 0 0 0 1 
27844314100107;0.153647;0.266443;0.999154 -0.0402305 -0.00847657 -3.76919 0.0401959 0.999183 -0.00421961 1.30053 0.0086394 0.00387532 0.999955 0.688974 0 0 0 1 
27844314100108;1.53872;0.677356;0.999447 -0.0107997 -0.0314449 -0.630003 0.0064758 0.990893 -0.134492 -0.89683 0.032611 0.134214 0.990416 15.4392 0 0 0 1 
27844314100109;1.60611;1.03128;0.999348 -0.0114555 -0.0342518 -1.11925 0.0136331 0.997854 0.0640359 0.283058 0.0334448 -0.0644611 0.99736 -6.49621 0 0 0 1 
27844314100110;2.36031;1.16314;0.999981 0.00609574 -0.00130838 1.35881 -0.00619192 0.99553 -0.0942449 -1.38906 0.00072804 0.0942511 0.995548 11.1918 0 0 0 1 
27844314100111;0.227132;0.226716;0.967072 0.0493169 -0.24968 2.85957 -0.00116458 0.981893 0.189433 -0.906492 0.254501 -0.182905 0.949618 -8.94626 0 0 0 1 
27844314100112;2.20462;2.06132;0.998607 -0.049583 -0.0180277 -4.69215 0.0417475 0.951557 -0.304626 -4.00583 0.0322587 0.303449 0.952301 29.3546 0 0 0 1 
27844314100113;2.4063;0.216791;0.995277 -0.0549562 0.0800166 -4.94919 0.067301 0.984686 -0.160824 -0.0861847 -0.0699529 0.16545 0.983734 16.4944 0 0 0 1 
27844314100114;0.335195;0.245209;0.980233 -0.0537433 0.190407 -5.07597 0.0703609 0.994177 -0.081613 1.55447 -0.184912 0.093397 0.978307 2.30901 0 0 0 1 
27844314100115;1.83608;1.24002;0.999999 -0.00148511 -4.70677e-05 0.492924 0.00148571 0.999843 0.0176585 0.387694 2.08355e-05 -0.0176586 0.999844 -1.36476 0 0 0 1 
27844314100116;1.89876;1.62432;0.978291 -0.0278496 0.205354 -2.24223 0.0100579 0.996142 0.0871791 0.52525 -0.20699 -0.0832212 0.974797 -13.9837 0 0 0 1 
27844314100117;2.29451;0.419385;0.991113 0.0517296 -0.122551 4.21525 -0.01918 0.967234 0.25316 -2.03606 0.131631 -0.24856 0.959631 -17.0593 0 0 0 1 
27844314100118;2.1601;2.10637;0.99991 -0.00562003 0.0121417 -0.218168 0.00589083 0.999732 -0.0223843 0.440988 -0.0120126 0.0224538 0.999676 2.13227 0 0 0 1 
27844314100119;1.47956;0.538797;0.999982 0.00279211 -0.00531859 1.03464 -0.00255222 0.999002 0.0445888 -0.0999445 0.00543778 -0.0445745 0.998991 -5.34986 0 0 0 1 
27844314100120;0.852594;0.574367;0.977886 -0.0401602 -0.205246 -5.10644 -0.00446443 0.977158 -0.212469 -3.37572 0.209091 0.208687 0.955369 28.3575 0 0 0 1 
27844314100121;1.87824;0.815397;0.99828 -0.00408256 0.058486 0.449168 0.00304697 0.999837 0.017785 0.0295259 -0.0585491 -0.0175762 0.99813 -5.82636 0 0 0 1 
27844314100122;1.73464;0.331234;0.969456 -0.00391778 -0.245234 -0.759727 0.00181502 0.99996 -0.00879993 0.527092 0.245259 0.00808604 0.969424 8.46545 0 0 0 1 
27844314100124;0.405551;0.263202;0.997775 -0.0478459 -0.0464272 -4.24357 0.0525773 0.992899 0.106707 1.51749 0.040992 -0.108911 0.993206 -7.84386 0 0 0 1 
27844314100125;0.438401;0.243139;0.908572 -0.0896006 0.408005 -10.2008 0.137164 0.986561 -0.0887897 2.9267 -0.394566 0.136635 0.908652 -1.98711 0 0 0 1 
27844314100126;1.24567;0.194987;0.979765 -0.194106 -0.0488313 -19.1449 0.190323 0.979011 -0.0729049 2.50792 0.0619576 0.0621359 0.996143 6.95172 0 0 0 1 
27844314100127;1.48846;0.639699;0.999232 0.0193699 -0.0340748 0.828821 -0.0171996 0.997873 0.0628714 -1.13124 0.0352201 -0.062237 0.99744 -1.80393 0 0 0 1 
27844314100128;1.19785;0.222187;0.996692 -0.011395 -0.0804732 -1.5919 0.00686279 0.998386 -0.0563734 -0.025769 0.0809857 0.0556346 0.995161 5.84971 0 0 0 1 
27844314100129;1.23822;0.219926;0.991806 0.127533 0.00754217 9.28595 -0.126751 0.989679 -0.066857 -6.53622 -0.0159908 0.0653532 0.997734 6.45948 0 0 0 1 
27844314100130;0.532996;0.329375;0.981942 0.00217277 -0.189167 -1.06339 -0.0421754 0.977283 -0.207702 -4.06332 0.184419 0.211929 0.959727 24.6274 0 0 0 1 
27844314100131;0.768744;0.278664;0.989295 0.142665 -0.0306935 11.856 -0.133204 0.968729 0.209336 -7.11964 0.0595985 -0.203007 0.977362 -14.7982 0 0 0 1 
27844314100132;0.304449;0.183467;0.989888 0.0520061 -0.131971 3.434 -0.026642 0.981973 0.187132 -2.17405 0.139324 -0.181724 0.97343 -11.5124 0 0 0 1 
27844314100133;0.242712;0.220694;0.971298 -0.0991253 -0.216227 -10.8074 0.0233262 0.944343 -0.328134 -5.60861 0.236719 0.313672 0.919551 35.9307 0 0 0 1 
27844314100134;1.30166;0.289974;0.972341 0.0357998 0.230805 2.81062 -0.0330723 0.99933 -0.0156764 -1.41692 -0.231212 0.00760957 0.972874 -9.38965 0 0 0 1 
27844314100135;0.261851;0.291224;0.99442 -0.0898419 0.0552923 -7.92924 0.087761 0.995379 0.0389814 2.6456 -0.0585389 -0.0339114 0.997709 -4.81209 0 0 0 1 
27844314100136;1.42144;0.304811;0.994285 0.106449 0.00818133 8.93495 -0.105161 0.989713 -0.0969992 -6.34582 -0.0184226 0.0955844 0.995251 9.61882 0 0 0 1 
27844314100137;1.20547;0.450234;0.953439 -0.273416 0.127273 -26.6639 0.299683 0.906274 -0.298091 -0.813099 -0.0338409 0.322353 0.946015 28.7111 0 0 0 1 
27844314100138;0.244336;0.196501;0.993855 0.0229425 -0.10829 1.2806 -0.0426636 0.982096 -0.183486 -3.90131 0.102141 0.186978 0.97704 19.8323 0 0 0 1 
27844314100139;1.59431;0.197835;0.998938 -0.0460621 -0.00119016 -3.27143 0.0460703 0.998904 0.00823001 -0.613948 0.000809768 -0.0082761 0.999965 -1.70791 0 0 0 1 
27844314100140;0.22734;0.305038;0.996466 -0.0829187 0.0134238 -7.55834 0.0831423 0.996392 -0.0170564 2.38739 -0.0119611 0.0181122 0.999764 1.33874 0 0 0 1 
27844314100141;0.358346;0.352485;0.955944 -0.19666 -0.217937 -19.8861 0.153705 0.96784 -0.199151 1.54371 0.250093 0.15688 0.955428 22.2918 0 0 0 1 
27844314100142;0.117962;0.289756;0.996503 0.0820915 0.0155614 6.9834 -0.0812128 0.995415 -0.0505308 -3.78638 -0.0196382 0.0490903 0.998601 3.81251 0 0 0 1 
27844314100143;1.8568;1.66782;0.999931 0.0100634 0.00598031 1.07774 -0.00931773 0.99346 -0.113797 -1.8452 -0.00708639 0.113734 0.993486 9.97408 0 0 0 1 
27844314100144;0.573265;0.383912;0.987084 6.67378e-05 -0.160202 -1.64595 0.0034564 0.999758 0.0217131 0.307221 0.160164 -0.0219864 0.986845 3.62688 0 0 0 1 
27844314100145;0.564902;1.02521;0.971089 -0.22528 -0.0789655 -22.1315 0.213732 0.967834 -0.132726 3.00763 0.106326 0.112011 0.988002 13.757 0 0 0 1 
27844314100146;0.457208;0.189758;0.999723 0.0154947 0.0177334 1.13652 -0.0160803 0.999314 0.0333724 -0.732851 -0.0172041 -0.0336483 0.999286 -2.61105 0 0 0 1 
27844314100147;0.839697;0.232838;0.994658 -0.0386819 -0.0957083 -4.96458 0.049206 0.992694 0.110166 1.36596 0.0907476 -0.114287 0.989294 -7.97422 0 0 0 1 
27844314100148;1.27087;0.158393;0.999403 -0.000928943 0.034535 -1.61672 0.0066019 0.986352 -0.16452 -3.21738 -0.0339108 0.16465 0.985769 13.5053 0 0 0 1 
27844314100149;0.814525;0.386101;0.993481 -0.00402282 0.11393 -0.865705 0.0605646 0.865305 -0.497573 -11.3823 -0.0965829 0.50123 0.859907 41.2482 0 0 0 1 
27844314100150;1.30625;0.896349;0.997796 0.00271236 0.066298 0.00435282 0.0177446 0.951866 -0.306001 -5.09001 -0.0639368 0.306503 0.94972 23.9867 0 0 0 1 
27844314100151;1.21483;1.10668;0.988494 -0.0529478 0.141692 -4.72701 0.055699 0.998327 -0.0155188 1.53196 -0.140633 0.0232324 0.989789 -1.47557 0 0 0 1 
27844314100152;0.850848;0.972932;0.981473 0.00234318 0.191587 -0.0184281 0.0493132 0.96315 -0.264404 -2.86492 -0.185146 0.268953 0.94519 17.0644 0 0 0 1 
27844314100153;1.33869;0.199503;0.987334 0.136142 0.0814658 9.93933 -0.138065 0.990252 0.0184194 -6.96443 -0.078164 -0.0294337 0.996506 -5.78685 0 0 0 1 
27844314100155;1.31103;1.28969;0.9925 -0.117111 -0.0350649 -5.58421 0.107726 0.973442 -0.202002 0.778214 0.0577905 0.19671 0.978757 10.38 0 0 0 1 
27844314100156;0.173499;0.215367;0.999624 -0.0146191 -0.0231972 -1.02176 0.0150281 0.999733 0.0175587 0.592485 0.0229344 -0.0179007 0.999577 -0.435977 0 0 0 1 
27844314100157;1.77732;0.389939;0.990088 0.108813 -0.0888 3.82744 -0.100066 0.990179 0.0976374 -0.93096 0.0985521 -0.0877837 0.991252 -3.32229 0 0 0 1 
27844314100158;2.31932;0.272989;0.975159 0.0742832 -0.208681 0.953804 0.0291335 0.890898 0.453269 -0.604016 0.219583 -0.448089 0.866602 -14.8653 0 0 0 1 
27844314100159;1.17995;0.262039;0.996187 0.0604109 -0.062948 2.31226 -0.0555026 0.995485 0.0770023 -1.12879 0.0673155 -0.0732149 0.995042 -3.19987 0 0 0 1 
27844314100160;1.94121;0.442697;0.980501 -0.0512382 -0.189716 -3.52949 0.0560983 0.998218 0.0203331 1.89024 0.188336 -0.0305794 0.981628 4.70907 0 0 0 1 
27844314100161;0.541664;0.459156;0.991159 0.0361865 -0.127648 0.744987 -0.0507818 0.992296 -0.113007 -1.88503 0.122575 0.11849 0.985361 8.66772 0 0 0 1 
27844314100162;1.51732;1.10116;0.954466 -0.297305 -0.0245676 -15.8492 0.297349 0.954767 -0.00194983 6.93355 0.024036 -0.00544409 0.999696 0.686536 0 0 0 1 
27844314100163;1.36524;1.25084;0.986113 -0.163105 -0.0312642 -8.37982 0.16137 0.985537 -0.0517289 3.02848 0.0392492 0.0459654 0.998172 2.35108 0 0 0 1 
27844314100164;0.587208;0.339157;0.977142 -0.212308 -0.0109053 -10.6929 0.212555 0.974797 0.0677641 4.43554 -0.00375636 -0.0685331 0.997642 -2.80851 0 0 0 1 
27844314100165;1.53313;0.349054;0.999196 0.0399508 -0.00325853 2.13838 -0.0398714 0.998971 0.021602 -1.79546 0.00411819 -0.0214547 0.999761 0.158326 0 0 0 1 
27844314100166;0.330265;0.326249;0.968584 -0.247092 -0.0281086 -12.3666 0.24362 0.96547 -0.0922833 3.77474 0.0499405 0.0825364 0.995336 5.07718 0 0 0 1 
27844314100167;0.903395;0.336755;0.989485 -0.124339 0.0738869 -5.58257 0.135264 0.976409 -0.168315 0.987061 -0.0512158 0.176539 0.98296 6.25196 0 0 0 1 
27844314100168;2.432;0.386797;0.99537 -0.0319148 0.090662 -1.35676 0.0301508 0.99933 0.0207607 0.249245 -0.0912638 -0.0179311 0.995665 -0.342512 0 0 0 1 
27844314100169;1.16953;0.838193;0.940353 0.0443403 0.3373 2.323 0.0654901 0.949332 -0.307375 -2.42449 -0.333839 0.311131 0.889803 6.72915 0 0 0 1 
27844314100170;0.524881;0.354196;0.98224 -0.0367315 -0.184 -2.78066 0.0579825 0.992074 0.11148 1.26222 0.178446 -0.120169 0.976584 -1.64016 0 0 0 1 
27844314100171;2.35705;0.220131;0.959709 0.12237 0.252951 5.04985 -0.081678 0.982811 -0.165564 -2.51433 -0.268864 0.138233 0.953207 -2.21914 0 0 0 1 
27844314100172;0.422262;0.202645;0.99727 0.0170119 -0.0718601 0.0366488 -0.0124072 0.99787 0.0640457 0.435509 0.0727966 -0.0629793 0.995356 -1.34452 0 0 0 1 
27844314100173;0.404553;0.318685;0.993548 -0.0890879 -0.0701808 -4.73705 0.09689 0.988395 0.116996 2.01497 0.0589434 -0.123041 0.99065 -4.29625 0 0 0 1 
27844314100174;0.99992;1.36037;0.966621 0.256176 -0.00427207 9.09034 -0.255858 0.966028 0.0364252 -6.73866 0.0134582 -0.0341163 0.999327 -1.92063 0 0 0 1 
27844314100175;0.837078;0.276709;0.999349 0.0338171 -0.0125675 1.17304 -0.0334932 0.999122 0.0251497 0.302611 0.013407 -0.0247124 0.999605 -1.13118 0 0 0 1 
27844314100176;0.793248;0.597975;0.997619 0.00600145 -0.0687088 -0.340135 -0.027935 0.945995 -0.322974 -4.429 0.0630599 0.324124 0.94391 16.9566 0 0 0 1 
27844314100177;2.13358;0.234791;0.999928 -0.00615697 -0.010259 -0.356759 0.00631489 0.999861 0.0154326 0.480649 0.0101626 -0.0154963 0.999828 -2.84791 0 0 0 1 
27844314100178;1.06641;1.22282;0.978827 -0.199833 -0.0443192 -9.84184 0.199437 0.979822 -0.01321 4.33559 0.0460647 0.00409138 0.99893 0.959158 0 0 0 1 
27844314100179;2.46162;0.264335;0.956445 0.0905661 -0.277507 2.4523 -0.129807 0.983445 -0.126434 -2.72666 0.261462 0.15695 0.952368 10.6939 0 0 0 1 
27844314100180;2.13141;0.189407;0.915876 0.271528 0.29571 9.87938 -0.319537 0.938957 0.1275 -9.99429 -0.243039 -0.211264 0.946731 -16.1807 0 0 0 1 
27844314100181;0.683715;0.337486;0.998982 0.0424515 0.0152481 1.99042 -0.0430984 0.998059 0.0449481 -0.632484 -0.0133103 -0.0455595 0.998873 -1.77075 0 0 0 1 
27844314100182;1.078;0.330331;0.982618 -0.0695638 0.172113 -2.87659 0.0582567 0.995851 0.0699025 1.33164 -0.176262 -0.0586607 0.982594 -5.63459 0 0 0 1 
27844314100183;1.04239;0.371788;0.903958 -0.195285 0.380426 -9.50467 0.0864956 0.954744 0.284573 1.60511 -0.418783 -0.224337 0.87994 -19.4071 0 0 0 1 
27844314100184;1.3844;0.376053;0.983681 -0.0324258 0.176974 -1.08529 0.0159376 0.995463 0.0938053 -0.612115 -0.179213 -0.089454 0.979735 -8.53649 0 0 0 1 
27844314100186;0.793481;0.343504;0.972653 0.102943 -0.208202 5.42318 -0.0551945 0.973179 0.223328 -2.34059 0.225608 -0.20573 0.952248 -6.01273 0 0 0 1 
27844314100187;1.90684;0.429933;0.996618 0.0818585 0.00723772 6.39277 -0.0814828 0.995779 -0.042248 -2.55748 -0.0106655 0.0415153 0.999081 4.0025 0 0 0 1 
27844314100188;0.899725;1.36492;0.901747 0.118031 0.415838 7.7827 -0.116736 0.99275 -0.0286365 -4.22809 -0.416203 -0.0227206 0.908988 -16.5877 0 0 0 1 
27844314100189;2.92803;2.72009;0.99621 -0.0290756 -0.0819776 -2.44332 0.0185612 0.991829 -0.126219 -0.960883 0.0849777 0.124219 0.988609 11.5132 0 0 0 1 
27844314100190;2.25734;1.31672;0.984928 0.161886 -0.060908 12.0372 -0.170127 0.970243 -0.172295 -9.23483 0.0312034 0.18006 0.983161 14.242 0 0 0 1 
27844314100191;2.96618;0.92098;0.983998 -0.0692807 0.164161 -4.10797 0.127321 0.917917 -0.37579 -4.50373 -0.124651 0.390678 0.912049 24.2667 0 0 0 1 
27844314100192;2.51273;0.641308;0.926341 -0.125726 -0.355084 -10.9986 0.0837532 0.987803 -0.131262 1.03036 0.367256 0.0918538 0.925573 18.4125 0 0 0 1 
27844314100193;1.47826;1.44406;0.969376 0.231261 -0.0826297 16.3983 -0.228634 0.972687 0.0400818 -8.57446 0.0896422 -0.0199623 0.995774 2.68646 0 0 0 1 
27844314100194;2.31253;1.21127;0.970929 -0.0168607 -0.238772 -3.871 0.0203947 0.999716 0.0123378 0.938963 0.238496 -0.0168488 0.970997 8.11212 0 0 0 1 
27844314100195;2.39108;0.231555;0.982683 -0.164109 -0.0860333 -10.9818 0.12841 0.937884 -0.322312 -0.967787 0.133584 0.305683 0.942716 23.1261 0 0 0 1 
27844314100196;0.463067;2.03849;0.983065 0.1542 0.0990255 12.3397 -0.157287 0.987259 0.0241156 -5.51518 -0.0940452 -0.0392826 0.994793 -5.84158 0 0 0 1 
27844314100197;2.03095;1.89599;0.994773 -0.0536187 -0.0869063 -4.13168 0.0416496 0.99009 -0.134115 -0.0751049 0.0932361 0.129794 0.987148 10.9849 0 0 0 1 
27844314100198;1.85236;0.53531;0.984669 -0.0657425 -0.161568 -4.8514 0.0706629 0.99719 0.0248925 2.11086 0.159478 -0.0359278 0.986548 3.9508 0 0 0 1 
27844314100199;0.504668;0.309317;0.991851 -0.113694 -0.0574844 -8.01208 0.119005 0.987901 0.099444 3.66431 0.0454827 -0.105475 0.993381 -6.12972 0 0 0 1 
27844314100200;2.93423;1.00422;0.997381 -0.0716174 0.0101085 -4.56507 0.0722973 0.991205 -0.110838 1.25988 -0.00208161 0.111279 0.993787 4.83372 0 0 0 1 
27844314100201;1.21539;0.657145;0.989319 0.00960664 0.145447 1.27907 -0.0343914 0.985039 0.168866 -1.73259 -0.141649 -0.172065 0.974848 -17.4728 0 0 0 1 
27844314100202;1.66781;1.26229;0.947866 0.0912458 -0.305325 3.67242 -0.0586507 0.991714 0.114294 -1.73522 0.313224 -0.0904275 0.945364 5.53719 0 0 0 1 
27844314100203;0.429271;0.577768;0.931461 -0.0625937 0.358417 -4.41409 -0.0212274 0.974064 0.225276 -1.44111 -0.363222 -0.217444 0.905974 -27.6215 0 0 0 1 
27844314100204;0.64969;0.811452;0.923227 0.0230904 -0.383561 -2.53812 0.0489411 0.982997 0.176977 1.16956 0.381126 -0.182162 0.906399 -0.435634 0 0 0 1 
27844314100205;2.89316;2.68096;0.995898 -0.0070122 -0.0902097 -0.417519 0.00225901 0.998609 -0.052685 -0.325223 0.0904536 0.0522651 0.994528 5.29735 0 0 0 1 
27844314100206;1.28236;0.447332;0.996774 -0.0470306 0.0650439 -2.33802 0.0586751 0.979904 -0.190646 -1.13506 -0.0547706 0.193847 0.979502 11.1438 0 0 0 1 
27844314100207;1.92404;1.07153;0.97116 0.139958 -0.193027 8.46618 -0.122872 0.987585 0.0978739 -4.43735 0.204328 -0.0713337 0.9763 3.55479 0 0 0 1 
27844314100208;1.88311;1.46669;0.917617 0.127684 0.376398 9.0446 -0.0465851 0.975019 -0.217182 -3.66963 -0.394725 0.181755 0.900642 -3.01872 0 0 0 1 
27844314100209;2.33052;0.966629;0.992573 0.119475 0.0229198 9.1539 -0.119555 0.992825 0.00216113 -4.18744 -0.0224971 -0.00488525 0.999735 -3.22289 0 0 0 1 
27844314100210;0.530209;0.458245;0.994507 -0.0364388 0.0981194 -2.00506 0.0462754 0.993919 -0.0999186 0.569612 -0.0938818 0.10391 0.990146 3.51021 0 0 0 1 
27844314100211;2.44996;1.27616;0.993832 0.0941589 -0.0585818 6.72483 -0.0956891 0.995125 -0.0238819 -3.35571 0.0560475 0.0293402 0.997997 5.98537 0 0 0 1 
27844314100212;2.84301;1.0739;0.996692 0.0573217 -0.0576085 4.55969 -0.0616873 0.995113 -0.0771001 -1.89503 0.0529075 0.0803988 0.995358 4.69759 0 0 0 1 
27844314100213;1.50297;0.430003;0.998656 0.038695 0.0344711 4.06105 -0.0317459 0.982554 -0.183247 -3.75012 -0.0409605 0.181907 0.982462 11.2496 0 0 0 1 
27844314100214;0.564234;0.408383;0.988769 -0.0837847 0.123758 -5.23505 0.0869347 0.996008 -0.0202661 2.4072 -0.121566 0.0307973 0.992105 -1.56733 0 0 0 1 
27844314100215;0.386204;1.51142;0.988915 0.10394 -0.106034 7.5483 -0.11224 0.990804 -0.0755586 -4.20672 0.0972057 0.0866224 0.991488 9.08541 0 0 0 1 
27844314100217;0.459527;0.740655;0.996015 0.00435296 -0.0890805 -0.0291525 -0.00563865 0.999883 -0.0141863 -0.405261 0.0890084 0.014632 0.995923 2.79261 0 0 0 1 
27844314100218;2.20727;0.221225;0.999464 0.021042 -0.0250786 0.319829 -0.0211101 0.999774 -0.00245409 -0.9097 0.0250213 0.00298218 0.999682 3.48867 0 0 0 1 
27844314100219;2.19715;0.5585;0.999413 -0.0234576 -0.0249851 -0.409556 0.0225177 0.999052 -0.0372569 0.45137 0.0258354 0.0366724 0.998993 4.13194 0 0 0 1 
27844314100220;1.31114;0.350912;0.997797 -0.0118725 -0.0652773 0.516982 0.0101349 0.999587 -0.0268849 -0.472014 0.0655696 0.0261641 0.997505 2.31872 0 0 0 1 
27844314100221;1.65894;1.63669;0.999925 0.00212196 0.012079 0.235021 -0.002543 0.999386 0.0349498 -0.0839658 -0.0119974 -0.0349778 0.999316 -0.516938 0 0 0 1 
27844314100222;1.73745;0.958629;0.979375 0.0253716 -0.200452 -0.219243 -0.00313163 0.993872 0.110496 -0.012607 0.202027 -0.107589 0.973452 4.80701 0 0 0 1 
27844314100223;2.40198;1.68036;0.998471 0.00936788 -0.0544818 0.554226 -0.00949788 0.999953 -0.00212765 -0.230291 0.0544593 0.00264186 0.998512 3.23051 0 0 0 1 
27844314100224;0.843273;0.793905;0.999357 0.0193703 -0.030161 0.323565 -0.0167653 0.996295 0.0843486 -0.412693 0.0316831 -0.0837888 0.99598 -0.341262 0 0 0 1 
27844314100225;1.09219;1.28563;0.999967 -0.00660209 0.00464858 0.20321 0.00686689 0.998207 -0.0594625 0.0768718 -0.00424767 0.0594925 0.99822 0.993958 0 0 0 1 
27844314100226;2.28577;0.569731;0.944386 0.0726445 -0.320715 -1.56106 -0.000829491 0.975817 0.218588 0.0082989 0.328838 -0.206165 0.921608 8.41436 0 0 0 1 
27844314100227;0.739768;0.930776;0.99071 0.023106 -0.134017 0.0850553 -0.0185337 0.999206 0.0352658 -0.511851 0.134725 -0.0324543 0.990351 3.68079 0 0 0 1 
27844314100228;0.965544;0.242181;0.991877 0.0603863 -0.111956 0.750401 -0.0565663 0.997713 0.0369917 -1.82911 0.113933 -0.0303583 0.993024 3.8413 0 0 0 1 
27844314100229;0.882458;0.88362;0.965545 0.0156317 0.259767 0.975596 0.0293877 0.98526 -0.168522 -0.386596 -0.258572 0.170349 0.950853 -5.74233 0 0 0 1 
27844314100230;0.333053;0.23412;0.95181 0.148526 -0.268325 0.187783 -0.0558782 0.944249 0.324457 -1.59577 0.301556 -0.293827 0.907044 3.13405 0 0 0 1 
27844314100231;2.08116;0.127766;0.995755 -0.0332765 0.0858141 -0.0346897 0.0352866 0.999135 -0.0220136 0.717173 -0.0850073 0.0249482 0.996068 0.362221 0 0 0 1 
27844314100232;2.3687;1.82179;0.999198 0.0293557 -0.0272413 0.179758 -0.0301567 0.999111 -0.0294744 -0.623175 0.0263518 0.0302722 0.999194 0.152507 0 0 0 1 
27844314100233;0.91161;0.593132;0.999724 -0.00167397 -0.0234327 0.340813 0.00218307 0.999762 0.0217176 0.010904 0.0233907 -0.0217628 0.999489 -0.673784 0 0 0 1 
27844314100234;2.15311;0.776418;0.997723 -0.0077445 0.0669989 0.901818 0.00679052 0.999872 0.0144547 0.493309 -0.0671023 -0.0139668 0.997648 -4.97265 0 0 0 1 
27844314100235;1.5865;1.16185;0.939472 0.0217374 -0.341935 -3.42328 -0.0360214 0.998721 -0.0354787 -1.34301 0.340726 0.0456482 0.939054 10.7227 0 0 0 1 
27844314100236;0.801975;0.676092;0.999843 0.00560864 -0.016781 0.582522 -0.00672766 0.997704 -0.0673882 -0.537768 0.0163646 0.0674906 0.997586 1.65886 0 0 0 1 
27844314100237;0.36254;0.245999;0.995835 0.0525505 -0.0745029 0.451481 -0.0490923 0.997663 0.0475138 -1.33705 0.0768257 -0.0436584 0.996088 1.6975 0 0 0 1 
27844314100238;0.509991;0.309701;0.995479 -0.01707 -0.0934333 -0.468436 -0.0179264 0.93227 -0.361319 -3.25006 0.0932728 0.361361 0.927749 8.87963 0 0 0 1 
27844314100239;2.45541;1.489;0.99944 0.00645854 -0.0328435 -0.170271 -0.00559026 0.999634 0.0264605 -0.248343 0.0330024 -0.026262 0.99911 2.95466 0 0 0 1 
27844314100240;0.531694;0.282912;0.998468 -0.0497883 0.0241408 -0.822107 0.0493247 0.998594 0.0194311 1.47914 -0.0250743 -0.0182106 0.99952 -0.591764 0 0 0 1 
27844314100241;1.90316;0.7405;0.998937 -0.014449 0.0437845 1.17205 0.0116068 0.997851 0.0644851 0.759684 -0.0446222 -0.0639083 0.996958 -3.85225 0 0 0 1 
27844314100242;0.857743;0.26218;0.987889 0.0283283 0.152557 1.20398 -0.0326923 0.999123 0.0261728 -0.661629 -0.151681 -0.0308433 0.987948 -4.47917 0 0 0 1 
27844314100243;1.52979;1.7102;0.98844 -0.00451952 -0.151545 -0.780723 -0.00184242 0.999124 -0.0418139 -0.0953927 0.151601 0.0416097 0.987566 4.91581 0 0 0 1 
27844314100244;1.45043;0.827161;0.987377 0.0687778 -0.142675 0.118859 -0.0208188 0.949339 0.313562 -0.0611424 0.157013 -0.306634 0.938788 0.122061 0 0 0 1 
27844314100245;0.353496;0.517819;0.998571 0.0316102 0.0430985 1.08881 -0.0400634 0.976427 0.212097 -0.518433 -0.0353781 -0.213521 0.976298 -5.03398 0 0 0 1 
27844314100246;0.304746;0.243992;0.998206 0.0447089 0.0398122 0.892083 -0.0362616 0.980698 -0.192137 -2.30569 -0.047634 0.190348 0.98056 1.97289 0 0 0 1 
27844314100248;1.91005;1.6903;0.999943 -0.00817316 0.00679812 -0.536095 0.00791702 0.999288 0.0368882 0.443686 -0.00709477 -0.0368323 0.999296 -2.52244 0 0 0 1 
27844314100249;1.74539;0.638138;0.919329 0.0104766 0.393351 0.740824 0.0212605 0.996863 -0.0762402 0.235991 -0.392916 0.0784527 0.916222 4.33585 0 0 0 1 
27844314100250;2.4193;1.82996;0.888604 0.0303475 -0.45767 1.08427 -0.0277864 0.999538 0.0123285 -0.541996 0.457833 0.0017619 0.889037 0.635998 0 0 0 1 
27844314100251;0.382775;0.227082;0.99795 0.0268048 0.0581078 1.64522 -0.0350705 0.988625 0.146258 -0.38314 -0.0535263 -0.147996 0.987538 -8.19433 0 0 0 1 
27844314100252;0.517763;0.638066;0.995662 -0.0158214 -0.0916875 -0.800301 -0.00878189 0.965057 -0.261893 -2.3845 0.0926272 0.261562 0.960732 13.6281 0 0 0 1 
27844314100253;0.421961;0.343275;0.995663 0.0154668 0.0917393 1.05364 -0.00828955 0.996911 -0.0781059 -0.489115 -0.092664 0.0770067 0.992715 3.79151 0 0 0 1 
27844314100254;1.06506;0.30528;0.99869 0.0438217 -0.0264049 2.46836 -0.0368103 0.973888 0.224026 -1.05807 0.0355326 -0.22276 0.974225 -12.703 0 0 0 1 
27844314100255;0.41574;0.367673;0.944332 0.00159905 -0.328991 -0.393038 -0.016267 0.998992 -0.0418371 -0.307014 0.328592 0.0448598 0.943406 3.14136 0 0 0 1 
27844314100256;0.221269;0.0961452;0.999747 0.00388121 -0.0221338 0.14233 -0.00271872 0.998627 0.0523113 0.116375 0.0223064 -0.0522379 0.998386 -2.99001 0 0 0 1 
27844314100257;0.472366;0.286166;0.996625 0.0443614 0.0690733 2.66324 -0.068116 0.916494 0.394208 -3.46199 -0.0458177 -0.397582 0.916422 -21.1245 0 0 0 1 
27844314100258;0.965959;0.529921;0.96125 0.0170414 -0.275149 -0.194749 -0.00580964 0.999118 0.041584 0.128149 0.275615 -0.0383741 0.960502 -1.08908 0 0 0 1 
27844314100259;0.701583;0.655869;0.999744 0.0185124 -0.0129998 1.17751 -0.0187409 0.999668 -0.0176872 -0.135709 0.012668 0.0179263 0.999759 0.481652 0 0 0 1 
27844314100260;1.49458;1.07587;0.991566 0.0292162 -0.126268 0.880394 0.00743767 0.959827 0.280494 -0.639247 0.129391 -0.279067 0.951514 -13.8424 0 0 0 1 
27844314100261;0.461097;0.252397;0.980779 -0.0243883 -0.19359 -1.78477 0.0131861 0.998174 -0.0589446 -0.127389 0.194675 0.0552589 0.97931 3.55501 0 0 0 1 
