#;prob_registration_l1 -r ../../../build/tester /home/point_clouds_registration_benchmark/pioneer_slam3_local.txt /home/point_clouds_registration_benchmark/pioneer_slam3 -s 0.1 -t 0.1 -p 0.3 -r 1000 -m 5 -i 40 
id;initial_error;final_error;transformation
39885980090000;0.518509;0.136285;0.981933 0.173648 -0.075186 -0.0794618 -0.158312 0.971529 0.176263 0.272556 0.103653 -0.161176 0.981467 -0.382719 0 0 0 1 
39885980090001;1.1366;0.0585787;0.99137 0.123151 -0.0449304 0.482547 -0.119718 0.990162 0.0724339 -0.174832 0.0534087 -0.0664299 0.996361 0.332958 0 0 0 1 
39885980090002;0.639436;0.169036;0.986022 0.166336 -0.00965026 0.184667 -0.165411 0.970299 -0.176522 0.439601 -0.0199983 0.17565 0.984249 -0.0819744 0 0 0 1 
39885980090003;0.346141;0.148183;0.958769 -0.0383145 -0.281591 0.120066 -0.0352848 0.967153 -0.251734 0.0269592 0.281987 0.25129 0.925925 -0.754058 0 0 0 1 
39885980090004;1.0895;0.503313;0.9629 -0.18824 -0.193361 -0.0508287 0.154113 0.971779 -0.17859 -0.0684607 0.221522 0.142165 0.964737 -1.04274 0 0 0 1 
39885980090005;0.90722;0.185153;0.997363 0.0713216 -0.0134139 0.311584 -0.0718103 0.9966 -0.0403968 0.443772 0.0104872 0.0412535 0.999094 -0.401344 0 0 0 1 
39885980090006;0.367469;0.125611;0.978203 0.00277038 -0.207633 -0.0255495 -0.0447527 0.979226 -0.197774 0.00473058 0.202772 0.202755 0.958005 -0.961507 0 0 0 1 
39885980090007;0.500039;0.268088;0.961968 -0.256149 0.0949006 0.388558 0.2727 0.920759 -0.278995 -0.956077 -0.0159163 0.294263 0.955592 -0.241662 0 0 0 1 
39885980090008;1.30544;0.355361;0.978276 0.108913 -0.176391 0.141016 -0.113157 0.993476 -0.0141542 0.763756 0.173699 0.0338066 0.984218 -1.08634 0 0 0 1 
39885980090009;1.07285;0.217146;0.987969 -0.152878 -0.023372 -0.314231 0.153444 0.987848 0.0247204 -0.953288 0.0193087 -0.0280093 0.999421 0.0423661 0 0 0 1 
39885980090010;0.993349;0.142724;0.955756 0.292872 -0.027509 0.128451 -0.293868 0.954792 -0.0448717 1.06449 0.0131237 0.0509704 0.998614 0.292287 0 0 0 1 
39885980090011;1.19076;0.365257;0.997665 -0.00149044 0.0682883 -0.382863 0.0171051 0.973357 -0.228655 0.377766 -0.0661281 0.229289 0.971109 -0.592475 0 0 0 1 
39885980090012;1.08018;0.0522776;0.924083 0.363216 -0.11893 0.105102 -0.373056 0.924841 -0.074143 0.753899 0.0830612 0.112882 0.990131 -0.955698 0 0 0 1 
39885980090013;0.734434;0.133524;0.980256 0.185301 -0.0690102 -0.376731 -0.19552 0.960414 -0.198435 0.475972 0.0295082 0.20801 0.977681 0.162338 0 0 0 1 
39885980090014;1.32795;0.0823434;0.927846 0.104412 -0.358049 0.822008 -0.0217245 0.973514 0.227594 0.200284 0.372329 -0.203394 0.905539 -1.12219 0 0 0 1 
39885980090015;0.724355;0.123382;0.999441 0.0181953 0.0280387 0.0132363 -0.0187524 0.999629 0.0197335 0.0111194 -0.0276693 -0.0202482 0.999412 -0.458188 0 0 0 1 
39885980090016;0.348273;0.111329;0.981593 0.0151147 -0.190385 0.0596459 0.0304069 0.97178 0.233923 -0.122377 0.188548 -0.235406 0.953433 -0.346208 0 0 0 1 
39885980090017;0.847163;0.240799;0.967228 -0.253785 -0.0079383 0.705514 0.247513 0.949374 -0.193458 -0.449357 0.0566333 0.185154 0.981076 -0.7984 0 0 0 1 
39885980090018;0.98085;0.140438;0.985499 -0.114266 -0.125437 -0.0947024 0.0918313 0.980809 -0.171988 0.118471 0.142682 0.157975 0.97708 0.0161336 0 0 0 1 
39885980090019;1.01873;0.160431;0.955805 0.287548 0.0612581 -0.630282 -0.290949 0.955067 0.0565376 0.488873 -0.0422483 -0.0718619 0.996519 0.828289 0 0 0 1 
39885980090020;0.349842;0.0726373;0.939639 0.309282 0.146364 -0.255724 -0.28014 0.940983 -0.189929 0.782389 -0.196468 0.137462 0.970827 0.367478 0 0 0 1 
39885980090021;0.142777;0.0771776;0.97737 0.0149525 -0.211006 0.0250036 -0.0299597 0.997228 -0.0681055 0.0248227 0.209403 0.072886 0.975109 -0.529378 0 0 0 1 
39885980090022;0.343863;0.112979;0.968949 0.212464 0.126482 -0.206737 -0.208039 0.976973 -0.0473775 0.481363 -0.133635 0.0195933 0.990837 0.485779 0 0 0 1 
39885980090023;0.973502;0.132021;0.940636 -0.0929208 -0.326449 0.913757 0.157804 0.971251 0.178241 -0.571648 0.300502 -0.219174 0.928257 -0.495158 0 0 0 1 
39885980090024;1.13358;0.10344;0.984643 0.171686 0.0316588 -0.215442 -0.170494 0.984658 -0.0371543 0.230988 -0.037552 0.0311861 0.998808 -0.791315 0 0 0 1 
39885980090025;0.64818;0.15784;0.960672 -0.277681 0.00155016 0.440677 0.277346 0.959208 -0.0547545 -1.07626 0.0137174 0.0530311 0.998499 0.158435 0 0 0 1 
39885980090026;1.25567;0.25914;0.965376 -0.241271 0.0991852 0.431059 0.215755 0.952194 0.216279 -0.650274 -0.146625 -0.187391 0.97128 1.52342 0 0 0 1 
39885980090027;0.709211;0.277299;0.995973 0.0809746 0.0384895 -0.131483 -0.081693 0.996504 0.0174715 0.330698 -0.0369402 -0.0205454 0.999106 0.519448 0 0 0 1 
39885980090028;1.02062;0.121817;0.999088 0.039574 0.0160487 0.291445 -0.0400122 0.998808 0.0279728 0.440959 -0.0149226 -0.0285894 0.99948 0.612848 0 0 0 1 
39885980090029;0.737875;0.13467;0.92273 0.383044 -0.0429622 -0.204944 -0.36292 0.900937 0.237909 0.841244 0.129836 -0.203934 0.970337 0.418854 0 0 0 1 
39885980090031;0.500388;0.503126;0.929867 -0.259006 -0.261273 0.00139299 0.25873 0.965275 -0.0360836 -0.117998 0.261546 -0.0340463 0.96459 -1.37427 0 0 0 1 
39885980090032;0.490152;0.623522;0.627819 -0.775144 -0.0706728 0.0106473 0.765988 0.631413 -0.12075 -2.11974 0.138222 0.0216743 0.990164 -0.361247 0 0 0 1 
39885980090033;0.259006;0.557702;0.751024 -0.627068 -0.206757 -0.00317496 0.610202 0.778781 -0.145444 -1.33186 0.252222 -0.0169316 0.967521 -0.793875 0 0 0 1 
39885980090034;0.13399;0.525816;0.880376 -0.474276 0.000412099 -0.262161 0.469114 0.870666 -0.147893 -0.994224 0.0697832 0.130395 0.989003 -0.116429 0 0 0 1 
39885980090035;0.310003;0.51624;0.979145 -0.20225 -0.0192554 0.0486048 0.182494 0.917217 -0.354132 0.00682264 0.0892847 0.343232 0.934997 0.35415 0 0 0 1 
39885980090036;0.791909;0.518058;0.82407 -0.330974 -0.459744 1.23966 0.355468 0.934023 -0.0352518 -0.438226 0.44108 -0.134374 0.887351 -1.89954 0 0 0 1 
39885980090037;0.326129;0.569705;0.922525 -0.382742 0.0495657 -0.469928 0.38593 0.915694 -0.112079 -0.790904 -0.00248957 0.122525 0.992462 0.404879 0 0 0 1 
39885980090038;0.582863;0.586786;0.92056 -0.389949 0.0225569 -0.596177 0.389588 0.912481 -0.1249 -1.16698 0.0281217 0.123765 0.991913 -0.0649601 0 0 0 1 
39885980090039;0.172583;0.508805;0.911486 -0.41126 0.00769278 -0.365628 0.409489 0.905474 -0.111515 -0.779356 0.0388962 0.104795 0.993733 0.191288 0 0 0 1 
39885980090040;0.259945;0.577255;0.893933 -0.44711 0.0312448 -0.290197 0.438319 0.886655 0.147376 -0.55907 -0.0935965 -0.118049 0.988587 0.0368647 0 0 0 1 
39885980090041;0.477445;0.596627;0.811446 -0.580235 0.069878 -0.0935836 0.582515 0.812654 -0.0164502 -1.6963 -0.0472416 0.0540535 0.99742 -0.0867388 0 0 0 1 
39885980090042;0.418217;0.529079;0.99137 -0.118772 0.055487 -0.000500828 0.123048 0.989063 -0.0813221 0.44685 -0.0452214 0.0874478 0.995142 0.549251 0 0 0 1 
39885980090043;0.341309;0.578032;0.794978 -0.575082 -0.193109 -0.0539108 0.59836 0.795749 0.0935311 -1.54017 0.0998785 -0.189904 0.976709 -0.674898 0 0 0 1 
39885980090044;0.352045;0.568984;0.785919 -0.57315 0.232013 -0.22945 0.517244 0.815 0.261218 -1.25751 -0.338807 -0.0852887 0.936982 0.571305 0 0 0 1 
39885980090045;0.207777;0.545845;0.821481 -0.531536 0.206491 -0.220384 0.540229 0.841355 0.0165732 -1.22726 -0.182542 0.0979379 0.978308 0.696003 0 0 0 1 
39885980090046;0.379302;0.530504;0.933057 -0.0713687 0.352577 0.1748 0.171522 0.949798 -0.261656 0.0498161 -0.316203 0.304615 0.898457 1.16807 0 0 0 1 
39885980090047;0.227046;0.536424;0.925235 -0.300113 0.232105 -0.00204833 0.292332 0.953891 0.0680707 -0.362694 -0.241832 0.00487045 0.970306 0.40271 0 0 0 1 
39885980090048;0.266999;0.537432;0.918483 -0.324881 0.225481 0.0603085 0.370864 0.905571 -0.205916 -0.531484 -0.137291 0.272753 0.952238 1.11341 0 0 0 1 
39885980090049;0.523967;0.545632;0.887492 -0.391063 0.243779 0.224267 0.323138 0.90527 0.275803 -0.477291 -0.328542 -0.165999 0.929787 1.2007 0 0 0 1 
39885980090050;0.207409;0.579617;0.889611 -0.456236 0.0210119 -0.0771545 0.456412 0.886385 -0.0775209 -1.0535 0.0167432 0.0785535 0.996769 0.116252 0 0 0 1 
39885980090051;0.499446;0.521905;0.94028 -0.285319 0.185651 0.152181 0.317467 0.93183 -0.175806 -0.0722635 -0.122834 0.224245 0.966761 0.162905 0 0 0 1 
39885980090052;0.316512;0.568003;0.923894 -0.325015 0.201951 -0.45865 0.360675 0.91595 -0.175923 -0.367538 -0.1278 0.235373 0.963466 0.478893 0 0 0 1 
39885980090053;0.450592;0.567871;0.839353 -0.536124 0.0897647 -0.412686 0.543348 0.832361 -0.109304 -0.994828 -0.016116 0.140518 0.989947 -0.31602 0 0 0 1 
39885980090054;0.48513;0.609992;0.720728 -0.66644 -0.190811 -0.0900125 0.692918 0.684491 0.226577 -1.86693 -0.0203917 -0.295516 0.95512 -0.600346 0 0 0 1 
39885980090055;0.127893;0.555666;0.874666 -0.484401 0.017761 -0.030387 0.480735 0.862187 -0.159772 -0.904474 0.0620805 0.148286 0.986994 0.168392 0 0 0 1 
39885980090056;0.526201;0.591849;0.689138 -0.722612 -0.0540428 0.0114603 0.724619 0.686805 0.0568015 -1.69578 -0.00392858 -0.0783046 0.996922 0.442444 0 0 0 1 
39885980090057;0.593626;0.533416;0.88431 -0.35182 -0.30695 0.618929 0.411764 0.897579 0.157487 -0.603185 0.220105 -0.265658 0.938605 -0.65317 0 0 0 1 
39885980090058;0.12749;0.533779;0.930747 -0.347088 -0.115063 -0.16853 0.324855 0.929327 -0.17556 -0.435977 0.167866 0.126023 0.977721 -0.209339 0 0 0 1 
39885980090059;0.597495;0.570447;0.834529 -0.518734 -0.185675 -0.291681 0.406871 0.807462 -0.427155 -1.06533 0.371505 0.280927 0.884909 0.282843 0 0 0 1 
39885980090060;0.466612;0.567515;0.805682 -0.578068 0.129278 -0.143159 0.589303 0.760121 -0.273748 -1.2293 0.0599786 0.296738 0.953074 0.857995 0 0 0 1 
39885980090062;0.722072;0.51748;0.968169 -0.201186 -0.148908 -0.119896 0.210838 0.976137 0.0519886 -0.744788 0.134895 -0.0817292 0.987484 -0.211729 0 0 0 1 
39885980090063;0.21414;0.0900018;0.998455 0.0358787 0.0424276 -0.0246492 -0.0165901 0.921245 -0.388629 0.1323 -0.0530297 0.387325 0.920417 -0.359929 0 0 0 1 
39885980090064;0.937509;0.135644;0.992508 0.122172 0.00154321 -0.745141 -0.1202 0.978594 -0.167051 0.185547 -0.0219192 0.165614 0.985947 -0.692191 0 0 0 1 
39885980090065;0.614008;0.177619;0.937956 0.205541 0.279271 -0.23757 -0.117443 0.946088 -0.301869 0.631759 -0.326261 0.250341 0.911528 0.437214 0 0 0 1 
39885980090066;0.857809;0.0665939;0.995897 0.0839976 0.0336767 -0.0240637 -0.0810469 0.993409 -0.0810525 -0.181101 -0.0402629 0.0779905 0.996141 0.609751 0 0 0 1 
39885980090067;0.711929;0.221904;0.99109 0.0526148 -0.122363 0.416549 -0.0656 0.992345 -0.104635 0.151517 0.11592 0.11173 0.986954 -0.572343 0 0 0 1 
39885980090068;0.589386;0.163715;0.999936 0.00794832 0.00807808 0.0988772 -0.00833143 0.998786 0.0485546 -0.000614687 -0.00768234 -0.0486188 0.998788 0.546092 0 0 0 1 
39885980090069;0.410197;0.171338;0.998793 -0.00978052 -0.0481398 0.127692 0.0113719 0.999394 0.0328963 -0.122138 0.0477889 -0.033404 0.998299 -0.355851 0 0 0 1 
39885980090070;0.483885;0.157391;0.934088 0.103558 0.341695 -0.301826 -0.119574 0.992482 0.0260866 0.154244 -0.336425 -0.0652252 0.939449 1.11298 0 0 0 1 
39885980090071;0.64931;0.575366;0.977546 -0.0861102 -0.192326 0.0644475 0.0271055 0.956497 -0.290482 -0.011932 0.208973 0.278746 0.937353 -0.801155 0 0 0 1 
39885980090072;0.398606;0.310656;0.956066 -0.29266 -0.0169653 0.507555 0.28586 0.917896 0.275228 -1.06107 -0.0649759 -0.267986 0.961229 0.504658 0 0 0 1 
39885980090073;0.928997;0.420773;0.961291 0.0201244 -0.2748 0.474126 -0.000615193 0.997483 0.0708967 0.239623 0.275535 -0.0679833 0.958884 -0.382474 0 0 0 1 
39885980090074;0.42064;0.393127;0.895072 -0.147621 0.420777 0.494499 0.148316 0.988445 0.0312794 -0.665069 -0.420533 0.0344107 0.906624 1.12611 0 0 0 1 
39885980090075;0.428471;0.152983;0.917878 0.211145 0.336033 -0.208011 -0.263999 0.95706 0.119751 0.813316 -0.296319 -0.198629 0.934206 1.16318 0 0 0 1 
39885980090076;0.878954;0.296284;0.992016 -0.0540231 0.113958 0.530975 0.0502424 0.998095 0.0357939 -0.279576 -0.115675 -0.0297826 0.992841 0.741621 0 0 0 1 
39885980090077;0.395145;0.231295;0.913587 0.398648 -0.0802367 -0.436472 -0.406549 0.899656 -0.159178 1.06861 0.00872945 0.178043 0.983984 -0.240575 0 0 0 1 
39885980090078;1.1758;0.253066;0.999585 -0.000886757 0.0287794 -0.147924 0.0011842 0.999946 -0.0103199 -0.211829 -0.0287687 0.0103497 0.999533 -0.91771 0 0 0 1 
39885980090079;1.02505;0.748805;0.954627 0.0517936 -0.293264 -0.290712 -0.114241 0.97311 -0.200013 0.299635 0.275019 0.224441 0.934875 -0.559485 0 0 0 1 
39885980090080;0.475546;0.0930213;0.999911 -0.0133545 -0.000382138 0.110508 0.0133568 0.999887 0.00691513 -0.114494 0.000289747 -0.00691962 0.999976 -0.378695 0 0 0 1 
39885980090081;0.321616;0.149772;0.941825 0.0162962 0.335707 0.192895 -0.0254729 0.999412 0.0229499 -0.0397599 -0.335136 -0.0301662 0.941687 1.03426 0 0 0 1 
39885980090082;1.0641;0.554674;0.973754 0.0277566 0.225904 -0.51541 -0.0429001 0.997129 0.0624037 -0.19179 -0.223523 -0.0704572 0.972149 -0.0274199 0 0 0 1 
39885980090083;0.893927;0.0803269;0.95128 -0.0332446 0.306532 -0.210306 -0.0818234 0.931305 0.354931 -0.249492 -0.297275 -0.36272 0.883211 0.808317 0 0 0 1 
39885980090084;0.543877;0.112783;0.959832 0.246835 -0.133396 -0.017843 -0.261967 0.958668 -0.111038 0.35033 0.100474 0.141523 0.984823 -0.355544 0 0 0 1 
39885980090085;0.738131;0.280545;0.875346 0.121301 0.468033 0.397779 -0.148959 0.98859 0.0223792 0.171362 -0.459978 -0.0893075 0.883428 0.994493 0 0 0 1 
39885980090086;0.60161;0.133223;0.998701 0.0507781 0.00411786 -0.100731 -0.0509328 0.996952 0.0590981 0.0666595 -0.00110442 -0.0592311 0.998244 0.57386 0 0 0 1 
39885980090087;0.217577;0.0961746;0.998748 0.040401 -0.0294956 -0.207948 -0.0390588 0.998235 0.0447467 -0.0570866 0.0312513 -0.0435386 0.998563 -0.108151 0 0 0 1 
39885980090088;0.201974;0.243953;0.995748 -0.0687284 0.061339 0.0538581 0.0788394 0.980219 -0.181538 -0.320224 -0.0476488 0.185602 0.981469 -0.174586 0 0 0 1 
39885980090089;0.645809;0.14148;0.900119 0.194949 -0.38959 0.152764 -0.135383 0.975183 0.175183 0.243794 0.414073 -0.104942 0.904174 -1.3354 0 0 0 1 
39885980090090;0.450371;0.112625;0.917719 0.29724 0.263514 -0.333331 -0.306881 0.951736 -0.00479459 0.916602 -0.252221 -0.0764673 0.964644 0.909938 0 0 0 1 
39885980090091;0.498519;0.194326;0.985325 0.155443 -0.0705195 -0.116982 -0.144141 0.979021 0.144016 0.191157 0.0914263 -0.131738 0.987059 0.289554 0 0 0 1 
39885980090093;0.227552;0.391995;0.981484 0.0406155 0.187187 -0.382329 -0.0419703 0.999113 0.00327824 0.458364 -0.186888 -0.0110738 0.982319 0.270575 0 0 0 1 
39885980090094;0.336698;0.322501;0.973615 -0.182717 0.136702 0.389624 0.192171 0.979563 -0.0593804 0.0802756 -0.123059 0.0840838 0.988831 -0.311867 0 0 0 1 
39885980090095;0.148785;0.3657;0.98645 0.0115296 -0.163654 -0.303177 -0.0272408 0.995191 -0.0940863 0.385279 0.161782 0.0972696 0.982021 -0.353276 0 0 0 1 
39885980090096;0.662123;0.459752;0.971862 0.117456 -0.204177 -0.18131 -0.0650369 0.966916 0.246666 0.269643 0.226394 -0.226446 0.947348 -0.00651422 0 0 0 1 
39885980090097;0.657715;0.478254;0.969331 0.0484057 0.240943 -0.312601 -0.0584119 0.997694 0.0345577 -0.276172 -0.238714 -0.0475718 0.969924 0.12535 0 0 0 1 
39885980090098;0.630821;0.416029;0.998885 0.0429084 -0.0196698 -0.446358 -0.0471024 0.933175 -0.356322 0.257245 0.00306614 0.356852 0.934156 -0.507443 0 0 0 1 
39885980090099;0.628543;0.407242;0.938592 -0.206382 0.276497 0.543369 0.223052 0.974348 -0.0298979 0.710284 -0.263234 0.0897352 0.96055 0.352214 0 0 0 1 
39885980090100;0.425699;0.449024;0.943094 0.298867 0.145785 -1.39686 -0.262874 0.938571 -0.223568 1.15329 -0.203647 0.172523 0.963724 -0.717403 0 0 0 1 
39885980090101;0.696606;0.373577;0.995924 -0.078535 -0.0443683 0.0623185 0.0849374 0.982085 0.168208 -0.337155 0.0303633 -0.171291 0.984753 0.948649 0 0 0 1 
39885980090102;0.122477;0.279779;0.99831 0.0574739 0.00862755 -0.480906 -0.0572906 0.998154 -0.0201797 0.409428 -0.00977143 0.0196514 0.999759 -0.0203183 0 0 0 1 
39885980090103;0.717527;0.386416;0.887423 0.420048 0.189844 -2.43987 -0.395033 0.905257 -0.156392 0.848788 -0.23755 0.0637908 0.969278 0.0973612 0 0 0 1 
39885980090104;0.685443;0.557202;0.974882 0.222672 0.00470044 -1.04248 -0.222702 0.974859 0.00731051 -0.201672 -0.00295442 -0.00817368 0.999962 -0.253208 0 0 0 1 
39885980090105;0.47354;0.475674;0.980611 0.194956 0.0198376 -1.03246 -0.194707 0.980764 -0.0138166 0.00387124 -0.0221497 0.00968622 0.999708 -0.0406344 0 0 0 1 
39885980090106;0.459683;0.389538;0.945245 0.208318 -0.251227 -0.798013 -0.190042 0.977148 0.0952155 0.697563 0.265321 -0.0422581 0.963234 -0.605577 0 0 0 1 
39885980090107;0.891834;0.324661;0.933221 -0.347477 0.091428 0.493172 0.34964 0.936848 -0.00829039 -0.426034 -0.0827733 0.0397036 0.995777 -0.0695013 0 0 0 1 
39885980090108;0.424446;0.367238;0.892115 -0.182167 0.413456 0.206261 0.156935 0.983075 0.0945198 0.288977 -0.423677 -0.0194366 0.905605 0.312842 0 0 0 1 
39885980090109;0.495711;0.413787;0.938 0.346607 -0.00428497 -1.61785 -0.346607 0.93801 0.000915711 1.27482 0.00433674 0.000626264 0.99999 0.204263 0 0 0 1 
39885980090110;0.968235;0.60705;0.857429 0.452354 0.245339 -1.83688 -0.488038 0.866001 0.108906 1.51841 -0.1632 -0.213114 0.963301 1.80221 0 0 0 1 
39885980090111;0.425117;0.319878;0.995989 0.0878319 0.0170652 -0.543057 -0.0877421 0.996126 -0.00594196 0.542962 -0.017521 0.00442079 0.999837 0.506459 0 0 0 1 
39885980090112;0.465914;0.523314;0.884231 0.461257 -0.0733356 -2.03239 -0.461214 0.837603 -0.29275 1.49846 -0.0736066 0.292682 0.953373 -1.05942 0 0 0 1 
39885980090113;0.34947;0.351431;0.988577 0.1445 0.0428422 -0.837329 -0.150566 0.9341 0.323708 0.810879 0.00675689 -0.326461 0.945186 1.36927 0 0 0 1 
39885980090114;0.0961654;0.350979;0.992208 0.112713 -0.0530947 -0.636282 -0.11419 0.993128 -0.0256485 0.539722 0.0498389 0.0315115 0.99826 -0.287267 0 0 0 1 
39885980090115;0.726185;0.406674;0.978656 -0.139649 -0.150765 0.065336 0.127219 0.987855 -0.08921 0.275409 0.161392 0.0681257 0.984536 0.540156 0 0 0 1 
39885980090116;0.788969;0.469307;0.936235 -0.350561 -0.0238905 1.12865 0.345303 0.930514 -0.1221 0.415878 0.0650341 0.106065 0.99223 0.34609 0 0 0 1 
39885980090117;0.478045;0.394763;0.992122 0.100563 0.074703 -0.54287 -0.0986445 0.994702 -0.0289467 0.587127 -0.0772181 0.0213496 0.996786 0.543321 0 0 0 1 
39885980090118;0.326438;0.313334;0.988008 -0.152846 0.0218636 0.153895 0.153329 0.98792 -0.0224331 0.220114 -0.0181707 0.0255164 0.999509 0.0883541 0 0 0 1 
39885980090119;0.735474;0.328088;0.973503 -0.160396 0.162989 0.15527 0.172702 0.982874 -0.0642827 0.0040037 -0.149887 0.090728 0.984532 0.588252 0 0 0 1 
39885980090120;0.723848;0.317895;0.992966 0.0154277 0.117393 -0.550253 0.000117474 0.991346 -0.131276 0.901895 -0.118402 0.130366 0.984371 0.381544 0 0 0 1 
39885980090121;0.394688;0.413957;0.997371 0.0688812 -0.0225164 -0.388896 -0.0717081 0.982943 -0.169357 0.1068 0.0104668 0.170527 0.985297 -0.362903 0 0 0 1 
39885980090122;0.722168;0.429448;0.971795 0.233546 0.0327182 -1.08454 -0.230649 0.970179 -0.0745159 0.73761 -0.0491455 0.0648678 0.996683 0.690207 0 0 0 1 
39885980090124;0.340489;0.0132873;0.996018 0.0890459 0.0042914 0.236624 -0.0890449 0.996028 -0.00040833 -0.647516 -0.00431071 2.45765e-05 0.999991 -0.368471 0 0 0 1 
39885980090125;0.370091;0.0163619;0.913688 0.0140571 0.406173 -0.403489 -0.0513371 0.995388 0.0810343 -0.263124 -0.40316 -0.0948918 0.910196 -1.0014 0 0 0 1 
39885980090126;0.34208;0.0149467;0.886611 0.24783 0.390514 0.581226 -0.262882 0.964705 -0.0153862 -0.552041 -0.380544 -0.0890175 0.920468 -0.630856 0 0 0 1 
39885980090127;0.0863411;0.0234699;0.995715 -0.00893902 -0.0920383 0.0075728 0.0144565 0.998126 0.0594563 -0.0202066 0.0913344 -0.0605321 0.993979 -0.0195306 0 0 0 1 
39885980090128;0.358883;0.0219437;0.973545 0.160137 0.162994 0.638665 -0.167541 0.985324 0.0326488 0.00628675 -0.155374 -0.0590932 0.986087 0.194377 0 0 0 1 
39885980090129;0.382249;0.0261615;0.928565 0.371151 -0.00361623 1.45504 -0.371148 0.928573 0.00145503 -0.865677 0.00389797 -8.933e-06 0.999992 -0.0117198 0 0 0 1 
39885980090130;0.323168;0.0330809;0.974012 0.177865 -0.140231 0.879645 -0.194338 0.974278 -0.114083 -0.0955821 0.116333 0.13837 0.983524 0.342219 0 0 0 1 
39885980090131;0.505537;0.0139431;0.99278 -0.11954 -0.00986238 -0.889174 0.118774 0.991218 -0.0581376 -0.626606 0.0167255 0.0565465 0.99826 -0.20766 0 0 0 1 
39885980090132;0.44134;0.0126879;0.999145 0.021426 -0.0353461 -0.642242 -0.0248737 0.994659 -0.100179 0.086709 0.0330109 0.100972 0.994341 0.79289 0 0 0 1 
39885980090133;0.275576;0.0103049;0.998727 -0.0501898 -0.00509587 -0.673252 0.0502028 0.998736 0.00245101 -0.0911213 0.00496641 -0.00270372 0.999984 -0.148518 0 0 0 1 
39885980090134;0.264805;0.0163677;0.981357 -0.143599 0.127744 -0.509193 0.170999 0.955787 -0.23923 0.0857277 -0.087743 0.256614 0.962523 0.972771 0 0 0 1 
39885980090135;0.321182;0.0101297;0.980215 0.196285 0.0255117 0.279753 -0.191335 0.972631 -0.131835 -0.23881 -0.0506908 0.124346 0.990943 0.700166 0 0 0 1 
39885980090136;0.536598;0.0145387;0.990469 0.0711794 -0.117915 -0.161592 -0.0856347 0.988774 -0.122445 0.0841682 0.107876 0.131376 0.985446 1.48659 0 0 0 1 
39885980090137;0.239766;0.0146812;0.998662 0.0435151 0.0279424 -0.00287636 -0.0449446 0.997596 0.0527473 0.0272869 -0.02558 -0.0539326 0.998217 -0.634337 0 0 0 1 
39885980090138;0.366462;0.0189951;0.929954 -0.352391 -0.104913 -1.34288 0.343823 0.93457 -0.0914567 0.230154 0.130277 0.0489792 0.990267 0.116913 0 0 0 1 
39885980090139;0.522118;0.0151989;0.986124 0.161601 0.038017 -0.141509 -0.164065 0.983632 0.074503 -0.717297 -0.0253549 -0.0797064 0.996496 0.151027 0 0 0 1 
39885980090140;0.328612;0.0173712;0.9775 -0.0308751 -0.208662 -0.13262 0.0144642 0.996712 -0.0797216 0.0191255 0.210437 0.0749098 0.974733 1.08255 0 0 0 1 
39885980090141;0.0802768;0.00940876;0.99905 -0.0168279 0.0402076 -0.167303 0.0149559 0.99881 0.0464135 -0.0488318 -0.0409408 -0.0457681 0.998113 -0.139119 0 0 0 1 
39885980090142;0.374391;0.0287487;0.934822 0.263557 -0.238005 1.15952 -0.188605 0.936354 0.296092 -0.671019 0.300894 -0.231904 0.925032 -0.613832 0 0 0 1 
39885980090143;0.228673;0.029267;0.982722 0.17701 -0.0540889 0.722205 -0.177177 0.984177 0.0017326 -0.185096 0.0535398 0.00788067 0.998535 -0.143335 0 0 0 1 
39885980090144;0.446317;0.0184187;0.917316 0.398108 0.00643249 1.46974 -0.398145 0.917021 0.0235274 -0.932605 0.00346772 -0.0241431 0.999702 0.256022 0 0 0 1 
39885980090145;0.0431272;0.0163378;0.999647 0.014004 0.0225956 -0.00191781 -0.0148063 0.999251 0.0357408 -0.0370017 -0.0220782 -0.0360627 0.999106 -0.163386 0 0 0 1 
39885980090146;0.329175;0.0314617;0.993889 -0.101907 -0.0424261 -0.231772 0.100692 0.99447 -0.0298527 0.40494 0.0452336 0.0253983 0.998654 0.629495 0 0 0 1 
39885980090147;0.155218;0.0103352;0.998256 0.05545 0.0202695 0.060555 -0.0565684 0.996621 0.0595537 -0.124112 -0.0168988 -0.0605964 0.998019 0.00797194 0 0 0 1 
39885980090148;0.427209;0.0121188;0.986846 0.144996 0.0714939 0.344472 -0.124143 0.962955 -0.239386 -0.45263 -0.103555 0.227361 0.968289 1.47138 0 0 0 1 
39885980090149;0.211483;0.0189426;0.98478 -0.116575 0.128912 -0.635397 0.11521 0.993178 0.0180242 0.150966 -0.130133 -0.00289801 0.991492 0.0650957 0 0 0 1 
39885980090150;0.560906;0.0383639;0.922587 0.206267 -0.326017 1.17696 -0.235929 0.970282 -0.0537624 0.306064 0.305239 0.126517 0.943834 0.341241 0 0 0 1 
39885980090151;0.283425;0.0203455;0.948277 0.29046 0.128079 0.943297 -0.245602 0.926926 -0.283703 -0.477605 -0.201125 0.237573 0.95032 0.640494 0 0 0 1 
39885980090152;0.461176;0.019509;0.900612 -0.418032 0.118942 -1.80377 0.411667 0.908242 0.0750089 0.17534 -0.139384 -0.0185893 0.990064 -0.390152 0 0 0 1 
39885980090153;0.364593;0.0135825;0.991803 0.116294 0.0529368 0.0544905 -0.119739 0.990516 0.0673786 -0.608563 -0.044599 -0.0731649 0.996322 -0.714648 0 0 0 1 
39885980090155;0.220386;1.52705;0.997862 -0.063416 -0.0157894 -0.324315 0.0626136 0.996932 -0.0469702 1.24758 0.0187196 0.0458811 0.998771 -0.131185 0 0 0 1 
39885980090156;0.547565;1.6372;0.963457 -0.0964328 0.249903 -0.0116085 0.0667774 0.989963 0.124559 1.16692 -0.259406 -0.103319 0.960226 1.19908 0 0 0 1 
39885980090157;0.178395;1.39056;0.995686 0.0926239 0.00558502 -0.353293 -0.0921529 0.994086 -0.05745 1.55744 -0.0108732 0.0566875 0.998333 -0.17195 0 0 0 1 
39885980090158;0.913519;1.45603;0.917762 0.0313373 0.395892 0.466064 -0.067548 0.994674 0.077856 1.5403 -0.391344 -0.0981951 0.914991 1.92461 0 0 0 1 
39885980090159;0.31181;1.35105;0.991121 0.094664 -0.0933674 -0.194113 -0.127868 0.871113 -0.474143 2.00819 0.0364493 0.481872 0.875483 -0.353298 0 0 0 1 
39885980090160;0.529179;1.68105;0.993748 0.106854 -0.0323635 -0.538025 -0.107462 0.994052 -0.0176619 1.9987 0.0302838 0.0210294 0.99932 0.36397 0 0 0 1 
39885980090161;0.588623;1.63685;0.981211 -0.127325 0.144963 -0.262108 0.112325 0.987854 0.107366 1.2222 -0.156873 -0.0890657 0.983595 0.994399 0 0 0 1 
39885980090162;0.825722;1.89859;0.987464 -0.147683 -0.0557165 -0.0993006 0.146181 0.988798 -0.0301561 1.46011 0.0595459 0.0216333 0.997991 -0.979122 0 0 0 1 
39885980090163;0.504725;1.51977;0.991583 0.128067 -0.0190308 -0.0488456 -0.128427 0.991536 -0.0190288 2.35205 0.0164328 0.0213127 0.999638 -0.0611157 0 0 0 1 
39885980090164;0.244441;1.53232;0.989264 0.123726 -0.0777758 -0.345039 -0.117555 0.989881 0.0794794 1.87567 0.0868225 -0.0694832 0.993798 -0.535151 0 0 0 1 
39885980090165;0.707584;1.39717;0.998166 0.0605325 0.000189202 -0.50834 -0.0604764 0.997366 -0.0400365 1.84012 -0.00261222 0.0399517 0.999198 -0.75077 0 0 0 1 
39885980090166;0.507941;1.14516;0.985833 0.0996267 0.13494 -0.415766 -0.0786145 0.985099 -0.152968 1.63714 -0.148169 0.140193 0.978975 0.662082 0 0 0 1 
39885980090167;0.79424;1.76413;0.988764 -0.123306 -0.0845014 -0.187474 0.112855 0.986466 -0.118945 1.55486 0.0980244 0.108072 0.989299 0.31596 0 0 0 1 
39885980090168;0.994365;0.97152;0.996644 0.0635289 -0.0516314 0.55578 -0.0692769 0.990539 -0.118466 1.44548 0.0436168 0.121645 0.991615 0.517054 0 0 0 1 
39885980090169;0.602224;1.2524;0.951089 0.241751 -0.192316 -0.292875 -0.264489 0.958915 -0.102609 2.65248 0.159609 0.148455 0.975954 -0.834539 0 0 0 1 
39885980090170;0.878287;1.67725;0.977587 -0.085077 -0.192575 -0.380307 0.120918 0.97569 0.18278 1.08846 0.172343 -0.201969 0.964109 0.285666 0 0 0 1 
39885980090171;0.174618;1.28352;0.98501 0.108221 -0.134325 -0.202776 -0.111177 0.993692 -0.0146836 1.71642 0.131888 0.0293972 0.990829 -0.598577 0 0 0 1 
39885980090172;0.809772;1.50961;0.996024 0.088549 -0.00971358 -0.760766 -0.0886794 0.995963 -0.0139334 1.9596 0.00844058 0.0147394 0.999856 0.658907 0 0 0 1 
39885980090173;0.12527;1.71703;0.995266 0.0666231 -0.0707556 -0.342096 -0.0764433 0.986232 -0.146641 2.0483 0.0600118 0.151355 0.986656 -0.330889 0 0 0 1 
39885980090174;1.08358;1.18522;0.959631 0.0591003 0.274982 -0.617599 -0.0665484 0.997624 0.017827 1.50875 -0.273275 -0.0354069 0.961284 1.77541 0 0 0 1 
39885980090175;0.382051;1.55777;0.997436 0.0714157 -0.00453546 -0.40238 -0.0715432 0.996558 -0.0418688 1.79334 0.00152976 0.042086 0.999113 0.322907 0 0 0 1 
39885980090176;1.01834;1.55606;0.943394 -0.154796 0.293336 -0.649194 0.172705 0.984315 -0.0360012 0.377667 -0.283162 0.0846239 0.955331 1.3149 0 0 0 1 
39885980090177;0.304463;1.62555;0.994729 0.098544 0.0283466 -0.159866 -0.0970699 0.994052 -0.0493749 1.98982 -0.0330436 0.046363 0.998378 -0.184866 0 0 0 1 
39885980090178;0.543046;1.47263;0.99557 -0.000107045 0.0940212 -0.729014 0.00679188 0.997469 -0.070782 1.26744 -0.0937757 0.0711071 0.993051 0.62504 0 0 0 1 
39885980090179;0.361753;1.59715;0.980967 0.113257 -0.157723 -0.464647 -0.123412 0.990768 -0.0561184 1.977 0.149911 0.0745151 0.985888 -0.224849 0 0 0 1 
39885980090180;0.25283;1.75847;0.997914 -0.00565738 -0.0643163 -0.354284 0.00480979 0.9999 -0.0133256 1.77506 0.0643852 0.0129885 0.997841 -0.0955738 0 0 0 1 
39885980090181;0.881259;1.58561;0.977193 0.0165417 -0.21171 0.127027 0.00293502 0.995814 0.0913541 1.02623 0.212335 -0.0898919 0.973054 -0.19536 0 0 0 1 
39885980090182;0.669254;1.44481;0.997158 0.0742264 -0.0129052 -0.0347392 -0.0744731 0.997026 -0.0198179 1.48259 0.0113958 0.0207227 0.99972 -0.705897 0 0 0 1 
39885980090183;0.198594;1.40206;0.970018 0.031968 0.240921 -0.28511 -0.0359541 0.999279 0.0121664 1.50614 -0.240358 -0.0204637 0.970469 0.817783 0 0 0 1 
39885980090184;0.838159;1.26448;0.991375 0.112366 -0.0674546 0.00271212 -0.130095 0.906019 -0.402747 2.31356 0.0158602 0.408049 0.912822 -0.931606 0 0 0 1 
39885980090186;1.03403;0.572144;0.958473 0.283069 0.0346607 -0.216207 -0.281384 0.958466 -0.0465375 0.354886 -0.0463944 0.034852 0.998315 -0.573335 0 0 0 1 
39885980090187;0.391456;0.343233;0.995916 0.0681494 0.0592256 -0.38093 -0.0723215 0.994821 0.0714149 0.0439048 -0.054052 -0.0754065 0.995687 -0.0951659 0 0 0 1 
39885980090188;0.19321;0.412599;0.984329 0.140411 -0.106679 -0.389865 -0.151883 0.982444 -0.108333 0.464823 0.0895947 0.122838 0.988374 -0.517812 0 0 0 1 
39885980090189;0.694654;0.706514;0.934622 -0.280792 0.218258 -0.121676 0.260937 0.958407 0.115622 -1.03439 -0.241646 -0.0511112 0.969018 1.31919 0 0 0 1 
39885980090190;0.710931;0.413622;0.997946 0.0623026 -0.0149278 -0.372877 -0.0570157 0.969942 0.236563 0.14551 0.0292176 -0.235226 0.971502 0.770896 0 0 0 1 
39885980090191;0.303973;0.351841;0.974703 0.221646 0.0287478 -0.524185 -0.220692 0.974786 -0.03298 0.766891 -0.0353328 0.0258013 0.999042 -0.0654895 0 0 0 1 
39885980090192;0.937341;0.402097;0.989195 0.144697 0.0235605 -0.335798 -0.144228 0.989332 -0.0205007 -0.0390587 -0.0262756 0.0168811 0.999512 0.80426 0 0 0 1 
39885980090193;0.0973903;0.304255;0.992937 0.117664 0.0151796 -0.340645 -0.117468 0.992989 -0.0131977 0.374514 -0.016626 0.0113214 0.999798 0.0840914 0 0 0 1 
39885980090194;0.330993;0.357445;0.999548 0.00420035 0.0297723 -0.276848 -0.0024303 0.998241 -0.0592415 -0.279135 -0.0299688 0.0591424 0.9978 0.16169 0 0 0 1 
39885980090195;0.913121;0.471724;0.995297 -0.0921602 0.0298402 -0.393379 0.0935669 0.994367 -0.0497893 -0.310206 -0.0250835 0.0523472 0.998314 -0.741118 0 0 0 1 
39885980090196;0.843835;0.360877;0.97499 0.206078 0.0832277 -0.367044 -0.207136 0.978303 0.00418456 0.625014 -0.0805596 -0.0213193 0.996522 -0.465738 0 0 0 1 
39885980090197;0.709255;0.415543;0.986862 0.152123 0.0544163 -0.525158 -0.157667 0.980314 0.118849 0.325394 -0.0352654 -0.125868 0.99142 -0.399635 0 0 0 1 
39885980090198;1.04503;0.537108;0.996806 0.0673942 -0.0428404 -0.185551 -0.0720659 0.990279 -0.118967 0.318646 0.0344063 0.121674 0.991974 0.704088 0 0 0 1 
39885980090199;0.0833687;0.342613;0.995812 0.078901 0.0461783 -0.326024 -0.0775021 0.996499 -0.0313417 0.100099 -0.0484895 0.0276316 0.998441 0.128178 0 0 0 1 
39885980090200;1.06244;0.586339;0.997822 0.0658686 -0.00351504 -0.23968 -0.0659397 0.997458 -0.0269914 0.421656 0.00172822 0.0271644 0.999629 0.831776 0 0 0 1 
39885980090201;0.454509;0.819285;0.958473 -0.222546 -0.178336 -0.421112 0.212076 0.974293 -0.0760111 -0.691559 0.190667 0.0350337 0.981029 -0.330949 0 0 0 1 
39885980090202;0.602175;0.565846;0.904014 0.23619 -0.356331 -0.629529 -0.198735 0.970164 0.138871 0.821304 0.3785 -0.0547263 0.923982 -0.897596 0 0 0 1 
39885980090203;0.367742;0.618183;0.906875 -0.0546161 0.417845 -0.135648 -0.0180317 0.985628 0.167966 -0.064894 -0.421013 -0.159859 0.892857 1.63477 0 0 0 1 
39885980090204;1.06319;0.494733;0.953059 0.225117 0.202485 -0.302966 -0.19778 0.969217 -0.146635 0.421134 -0.229262 0.0997044 0.968245 1.64116 0 0 0 1 
39885980090205;0.675409;0.331599;0.978196 0.207673 -0.00197333 -0.890711 -0.206998 0.974159 -0.0903638 0.371152 -0.0168438 0.0888021 0.995907 -0.23748 0 0 0 1 
39885980090206;0.947378;0.362503;0.97616 0.19497 0.0953875 -0.531957 -0.200767 0.97807 0.0554252 0.273251 -0.0824894 -0.0732546 0.993896 1.17116 0 0 0 1 
39885980090207;0.975527;0.488543;0.985469 -0.169175 -0.0151573 -0.265831 0.169437 0.985376 0.018032 -0.520891 0.0118851 -0.0203382 0.999723 -0.811525 0 0 0 1 
39885980090208;0.357335;0.282033;0.938148 0.272265 0.213894 -0.311789 -0.245002 0.958538 -0.145529 0.887138 -0.244648 0.0841235 0.965956 0.508223 0 0 0 1 
39885980090209;0.567849;0.254069;0.961318 0.275155 0.0125468 -0.79229 -0.274878 0.961269 -0.0201171 0.76945 -0.0175961 0.0158901 0.999719 0.182355 0 0 0 1 
39885980090210;0.29383;0.405551;0.960243 0.157781 0.230301 -0.282266 -0.170386 0.984727 0.0357826 0.436518 -0.221138 -0.0736002 0.972461 1.02417 0 0 0 1 
39885980090211;0.573799;0.379995;0.975341 0.219914 -0.0186748 -0.851056 -0.206993 0.882104 -0.423139 0.821826 -0.0765809 0.41657 0.905872 0.0493362 0 0 0 1 
39885980090212;0.324919;0.531915;0.953863 0.299801 -0.0162532 -0.535741 -0.297488 0.951045 0.0837493 0.890602 0.0405656 -0.0750503 0.996354 0.212105 0 0 0 1 
39885980090213;0.920265;0.523805;0.990974 0.0922476 -0.0972671 -0.400099 -0.0859794 0.994056 0.0667843 -0.0606615 0.10285 -0.0578186 0.993015 0.510561 0 0 0 1 
39885980090214;0.527822;0.439246;0.932335 0.355827 0.0643279 -0.453374 -0.356094 0.934419 -0.00764748 1.35852 -0.0628304 -0.0157768 0.9979 0.55676 0 0 0 1 
39885980090215;0.58213;1.01839;0.953258 -0.281935 0.108684 -0.335368 0.285435 0.958233 -0.0177962 -1.12993 -0.0991274 0.0479867 0.993917 0.311902 0 0 0 1 
39885980090217;1.03417;1.31992;0.947332 -0.31901 0.0281815 0.253644 0.320245 0.943026 -0.0902473 -0.386506 0.00221394 0.0945191 0.995521 -0.567744 0 0 0 1 
39885980090218;0.202378;0.931062;0.968593 -0.248194 -0.0151024 -0.151672 0.24755 0.968229 -0.0353741 -0.126163 0.0234022 0.0305245 0.99926 -0.192859 0 0 0 1 
39885980090219;0.470141;2.34905;0.992038 0.0711625 0.103905 0.424417 -0.0732128 0.997187 0.0160492 1.81241 -0.102471 -0.0235286 0.994458 0.376964 0 0 0 1 
39885980090220;1.3181;1.03993;0.979649 0.0818903 -0.183255 -0.542532 -0.101385 0.989843 -0.0996577 1.98236 0.173233 0.116209 0.978001 -0.350399 0 0 0 1 
39885980090221;1.15923;1.19247;0.923058 -0.0848848 0.375179 -0.49256 0.150875 0.977086 -0.150133 -0.084971 -0.353838 0.195186 0.914714 0.739998 0 0 0 1 
39885980090222;0.407338;0.821397;0.915433 -0.360171 0.179609 0.0411709 0.332863 0.928396 0.165177 -0.472458 -0.22624 -0.0914238 0.969772 0.901664 0 0 0 1 
39885980090223;0.517255;0.974277;0.945647 -0.274095 0.174999 -0.278487 0.25783 0.959886 0.110192 -0.168564 -0.198182 -0.0590822 0.978383 0.776901 0 0 0 1 
39885980090224;1.08029;1.16568;0.987936 -0.081955 0.131402 -0.553213 0.0725567 0.994556 0.0747898 0.173918 -0.136816 -0.0643534 0.988504 0.521852 0 0 0 1 
39885980090225;0.715361;0.888433;0.988878 0.0977434 -0.1121 -0.0544573 -0.125771 0.951868 -0.279517 0.980896 0.0793832 0.290507 0.953574 0.123165 0 0 0 1 
39885980090226;0.549209;0.919444;0.947221 0.075727 0.31151 -0.269847 -0.0915352 0.995136 0.0364205 0.681436 -0.307236 -0.0630123 0.949545 0.999636 0 0 0 1 
39885980090227;1.15995;0.993688;0.990942 -0.133926 -0.0098844 0.431155 0.13405 0.990887 0.0131847 0.690429 0.00802854 -0.0143903 0.999864 -0.499989 0 0 0 1 
39885980090228;0.215505;0.930101;0.97959 -0.183874 0.0812018 -0.21661 0.186995 0.98182 -0.0325996 0.113466 -0.0737313 0.0471186 0.996164 0.0214405 0 0 0 1 
39885980090229;0.121617;0.940018;0.94891 -0.315336 -0.0115254 -0.0445164 0.315466 0.94886 0.0121032 -0.286942 0.0071194 -0.0151207 0.99986 -0.0930416 0 0 0 1 
39885980090230;1.03093;1.56042;0.932941 -0.359781 0.0133828 0.491182 0.36002 0.93254 -0.0274844 -0.171591 -0.00259167 0.0304594 0.999533 0.457233 0 0 0 1 
39885980090231;0.888653;0.713335;0.991663 -0.00287896 0.128825 -0.536711 -0.0106003 0.994539 0.103824 0.79817 -0.128421 -0.104324 0.986217 0.533841 0 0 0 1 
39885980090232;0.59802;1.26553;0.910665 -0.413139 -0.0021528 0.461333 0.377892 0.835056 -0.399849 -0.146442 0.166991 0.363315 0.916578 -0.396719 0 0 0 1 
39885980090233;0.0427632;0.95408;0.979872 -0.198311 0.0228846 -0.140772 0.199209 0.978791 -0.0477913 0.152091 -0.0129217 0.0513882 0.998595 0.0053748 0 0 0 1 
39885980090234;0.404716;0.79548;0.989307 0.025498 -0.1436 -0.131648 0.028777 0.931116 0.363586 0.456802 0.142979 -0.363831 0.920426 -0.456284 0 0 0 1 
39885980090235;0.881271;1.3987;0.918796 -0.394731 -0.00131625 0.538208 0.382123 0.890276 -0.247772 0.419077 0.0989749 0.227149 0.968818 -0.625266 0 0 0 1 
39885980090236;1.0378;0.98392;0.971834 -0.235334 0.0125226 -0.132655 0.235661 0.970819 -0.0444411 0.0785655 -0.00169861 0.0461404 0.998934 -0.853158 0 0 0 1 
39885980090237;0.452033;0.922378;0.978785 -0.034655 -0.20194 -0.0953537 0.0858948 0.964206 0.250857 0.374428 0.186018 -0.26288 0.946727 -0.723255 0 0 0 1 
39885980090238;0.922552;0.854088;0.958889 -0.047134 -0.279838 -0.154999 -0.0307503 0.963046 -0.267577 1.15589 0.282109 0.265182 0.922005 -0.348606 0 0 0 1 
39885980090239;0.393854;0.968003;0.984846 0.122739 -0.122529 -0.292442 -0.153645 0.945183 -0.288137 1.17438 0.0804469 0.302597 0.949718 -0.268952 0 0 0 1 
39885980090240;0.68439;0.960658;0.969066 -0.240698 0.054557 -0.438283 0.245328 0.963577 -0.106457 0.372335 -0.026946 0.116548 0.992819 -0.251977 0 0 0 1 
39885980090241;0.655728;0.852362;0.935014 -0.112526 0.336283 -0.22686 0.203153 0.947249 -0.247888 0.298454 -0.29065 0.300095 0.908551 0.36771 0 0 0 1 
39885980090242;0.353633;0.884974;0.865725 -0.153432 0.476422 0.130764 0.259208 0.951706 -0.164519 -0.0306475 -0.428171 0.265921 0.863687 1.20217 0 0 0 1 
39885980090243;1.27115;0.895214;0.994693 -0.0957237 0.0377113 0.355618 0.0967674 0.994944 -0.0268952 0.482086 -0.0349461 0.0304017 0.998927 0.810647 0 0 0 1 
39885980090244;0.554019;2.22192;0.991519 0.00400898 0.129898 0.50516 -0.0263926 0.984907 0.171059 1.49349 -0.127252 -0.173037 0.97666 0.241778 0 0 0 1 
39885980090245;0.651828;0.97128;0.998497 -0.0410314 -0.0363329 -0.197848 0.0382171 0.996449 -0.0750303 0.734273 0.0392824 0.073529 0.996519 0.296602 0 0 0 1 
39885980090246;0.546588;2.31241;0.983265 0.15811 -0.0905015 0.682931 -0.15115 0.985331 0.0792236 1.9846 0.1017 -0.0642186 0.99274 -0.572474 0 0 0 1 
39885980090248;0.37448;0.125187;0.922539 -0.321149 0.213974 -0.217647 0.308827 0.946882 0.089664 0.164481 -0.231404 -0.0166375 0.972715 0.0252101 0 0 0 1 
39885980090249;0.482365;0.134707;0.948155 -0.31775 0.0060415 -0.117384 0.317725 0.948171 0.00466526 0.000744127 -0.00721076 -0.00250385 0.999971 -0.335398 0 0 0 1 
39885980090250;0.869457;0.153299;0.936384 0.0233039 0.350204 -0.140489 -0.0946346 0.977603 0.187983 -0.644177 -0.337979 -0.209166 0.917616 0.326419 0 0 0 1 
39885980090251;0.521745;0.152752;0.993813 -0.1098 -0.0167515 -0.0131694 0.109631 0.993915 -0.0106767 -0.228152 0.0178219 0.00877416 0.999803 0.305898 0 0 0 1 
39885980090252;1.01023;0.168538;0.995818 0.0770046 0.049154 0.202003 -0.0870667 0.962904 0.255413 -0.102092 -0.0276625 -0.258625 0.965582 -0.971179 0 0 0 1 
39885980090253;0.430197;0.112065;0.972482 0.189799 -0.135114 -0.00991157 -0.150257 0.954156 0.258862 0.283905 0.178052 -0.231437 0.956417 -0.0984217 0 0 0 1 
39885980090254;0.437029;0.15027;0.989186 -0.122419 0.0807778 -0.0302256 0.124974 0.991783 -0.0273562 0.192871 -0.0767651 0.0371556 0.996357 0.370931 0 0 0 1 
39885980090255;0.581357;0.146742;0.996413 0.034475 0.0772786 0.0697562 -0.0386265 0.997853 0.0528857 -0.237944 -0.0752895 -0.055681 0.995606 0.397263 0 0 0 1 
39885980090256;0.383432;0.128595;0.920073 -0.379758 0.0961728 -0.203858 0.384373 0.922536 -0.0344247 0.213707 -0.0756498 0.0686394 0.994769 0.00473847 0 0 0 1 
39885980090257;0.931685;0.136999;0.980682 0.189906 -0.0468908 -0.280076 -0.192672 0.979176 -0.0639593 0.164669 0.0337681 0.0717583 0.99685 -0.848122 0 0 0 1 
39885980090258;0.517582;0.140222;0.987847 -0.106998 -0.112738 -0.300499 0.11107 0.993346 0.03046 0.209285 0.108729 -0.0426116 0.993158 0.420168 0 0 0 1 
39885980090259;0.758348;0.161369;0.980281 -0.193887 0.0381773 0.457217 0.193693 0.981023 0.00876254 0.333486 -0.0391518 -0.00119508 0.999233 0.328022 0 0 0 1 
39885980090260;0.424726;0.155909;0.96422 0.259069 -0.0562392 0.150173 -0.211058 0.878548 0.428496 -0.044469 0.160419 -0.401294 0.901792 -0.0334629 0 0 0 1 
39885980090261;0.420449;0.16613;0.91009 -0.411267 0.0509563 -0.349962 0.41152 0.911382 0.00590975 0.215135 -0.0488711 0.0155911 0.998683 0.0681692 0 0 0 1 
