#;prob_registration_l1 -r ../../../build/tester /home/point_clouds_registration_benchmark/pioneer_slam_local.txt /home/point_clouds_registration_benchmark/pioneer_slam -s 0.1 -t 0.1 -p 0.3 -r 10000 -m 5 -i 40 
id;initial_error;final_error;transformation
1807261650000;0.252801;0.145071;0.994979 0.0434865 0.0901375 -0.318882 -0.0403167 0.998513 -0.0366945 0.252803 -0.0915991 0.0328763 0.995253 0.207089 0 0 0 1 
1807261650001;0.370505;0.138591;0.971815 0.117198 0.204551 -0.110763 -0.156721 0.969355 0.189181 0.464101 -0.176111 -0.215906 0.960401 0.871843 0 0 0 1 
1807261650002;0.611698;0.142025;0.999686 0.0250151 -0.00134138 0.203753 -0.025034 0.999548 -0.0166427 -0.522077 0.00092446 0.016671 0.999861 0.57668 0 0 0 1 
1807261650003;0.65444;0.155962;0.95285 0.299369 -0.0495389 0.406136 -0.294978 0.952137 0.0801492 1.13271 0.071162 -0.0617573 0.995551 -0.982468 0 0 0 1 
1807261650004;0.70178;0.163132;0.90699 0.38176 0.177844 0.099514 -0.356062 0.920611 -0.160296 1.51315 -0.22492 0.0820635 0.970915 1.3761 0 0 0 1 
1807261650005;0.564667;0.134423;0.989485 -0.144486 0.00662935 0.0469169 0.14452 0.989489 -0.00495197 -0.205588 -0.00584418 0.00585797 0.999966 0.752426 0 0 0 1 
1807261650006;0.456118;0.0759642;0.99446 -0.086632 -0.0595253 -0.437954 0.077105 0.986122 -0.147029 -0.116782 0.0714366 0.141624 0.98734 -0.691562 0 0 0 1 
1807261650007;0.0911852;0.066925;0.997098 0.0118697 0.0751974 -0.158927 -0.0132951 0.999741 0.0184831 0.0152841 -0.0749585 -0.0194292 0.996997 0.304733 0 0 0 1 
1807261650008;0.628711;0.188399;0.958106 -0.0369283 0.284023 0.678251 -0.00136964 0.991051 0.133475 -0.198711 -0.28641 -0.128273 0.949482 0.7318 0 0 0 1 
1807261650009;0.268333;0.143852;0.974819 -0.222783 -0.00981945 -0.126226 0.222748 0.974866 -0.00447888 -0.754369 0.0105705 0.00217883 0.999942 -0.129407 0 0 0 1 
1807261650010;0.71038;0.155257;0.939371 0.342707 0.0115831 0.170478 -0.342792 0.93939 0.00630522 1.15139 -0.00872019 -0.00989353 0.999913 -0.865047 0 0 0 1 
1807261650011;0.818748;0.159454;0.90263 0.430378 -0.00578851 0.119648 -0.430354 0.902647 0.00490798 1.66562 0.00733727 -0.00193898 0.999971 -0.904401 0 0 0 1 
1807261650012;0.646177;0.0487846;0.999987 -0.00413508 0.00308684 0.165122 0.0042772 0.99886 -0.0475487 -0.642524 -0.00288671 0.0475613 0.998864 -0.717239 0 0 0 1 
1807261650013;0.5425;0.065668;0.989297 0.0243192 -0.143878 -0.128225 -0.0304266 0.99872 -0.0404014 -0.205864 0.142711 0.0443467 0.98877 -1.20241 0 0 0 1 
1807261650014;0.402811;0.151771;0.947981 0.187695 -0.257104 0.288341 -0.156394 0.978092 0.137396 0.426782 0.27726 -0.0900389 0.956567 -1.38051 0 0 0 1 
1807261650015;0.62098;0.123757;0.894896 -0.403017 0.191675 0.212276 0.398936 0.914935 0.0611867 -1.16499 -0.20003 0.0217106 0.979549 1.28118 0 0 0 1 
1807261650016;0.314215;0.158695;0.990894 0.125183 -0.0495823 -0.115252 -0.122598 0.991085 0.0521468 0.569181 0.0556682 -0.0455933 0.997408 -0.0129693 0 0 0 1 
1807261650017;0.544853;0.162785;0.950792 0.102255 -0.292468 0.198977 -0.199764 0.923881 -0.326403 0.814562 0.236829 0.368766 0.898846 -1.09602 0 0 0 1 
1807261650018;0.870541;0.166727;0.883434 0.452356 0.122144 0.156424 -0.445436 0.89168 -0.0805845 2.00318 -0.145366 0.0167837 0.989236 1.20575 0 0 0 1 
1807261650019;0.408282;0.153013;0.967746 0.251891 -0.00439683 -0.293573 -0.251878 0.967753 0.00324984 0.699194 0.00507366 -0.00203755 0.999985 0.301252 0 0 0 1 
1807261650020;0.378251;0.172551;0.966681 0.00154702 -0.25598 0.041103 -0.0914165 0.936129 -0.339567 0.246772 0.239105 0.351654 0.905079 -0.905822 0 0 0 1 
1807261650021;0.0584465;0.0768741;0.998567 0.0484187 -0.0228053 -0.0227156 -0.048115 0.998748 0.0136866 0.0643906 0.0234395 -0.0125697 0.999646 -0.0505226 0 0 0 1 
1807261650022;0.492617;0.120065;0.972592 -0.15888 -0.169771 0.079047 0.145581 0.985409 -0.0881802 -0.506568 0.181303 0.0610479 0.981531 -1.19812 0 0 0 1 
1807261650023;0.436303;0.161634;0.93866 0.343375 0.0317895 0.0787231 -0.34428 0.938403 0.0295076 1.28558 -0.0196992 -0.0386421 0.999059 0.157338 0 0 0 1 
1807261650024;0.611538;0.183401;0.995837 -0.014387 0.0900085 0.0905708 0.0211432 0.996992 -0.0745646 0.335115 -0.088665 0.0761573 0.993146 -0.386433 0 0 0 1 
1807261650025;0.222007;0.127293;0.985533 -0.149709 -0.079446 -0.267794 0.138014 0.98098 -0.136494 -0.600496 0.0983693 0.123555 0.98745 -0.159931 0 0 0 1 
1807261650026;0.125003;0.0791777;0.997715 -0.0291961 -0.0609227 -0.23354 0.0221264 0.993274 -0.11365 -0.101807 0.0638311 0.112042 0.991651 -0.0961438 0 0 0 1 
1807261650027;0.446617;0.125208;0.904889 -0.422859 0.0486485 0.079235 0.417053 0.903659 0.097303 -1.5216 -0.0851071 -0.0677594 0.994065 0.354531 0 0 0 1 
1807261650028;0.18577;0.15826;0.98021 0.187467 -0.0635999 0.0930881 -0.18908 0.981751 -0.0203272 0.335118 0.0586286 0.0319504 0.997768 -0.199931 0 0 0 1 
1807261650029;0.503137;0.165045;0.987763 0.0844526 -0.13112 0.145416 -0.112731 0.967576 -0.226028 0.819907 0.10778 0.238044 0.965256 -0.250999 0 0 0 1 
1807261650031;0.869936;0.879952;0.993441 0.113488 0.0139682 0.387768 -0.114127 0.976588 0.182351 0.142107 0.00705348 -0.182749 0.983134 -0.843427 0 0 0 1 
1807261650032;0.361529;0.49936;0.947459 0.196329 -0.252541 0.701898 -0.247146 0.950511 -0.188278 0.69373 0.203078 0.2408 0.949092 0.464539 0 0 0 1 
1807261650033;0.495733;0.388947;0.987356 0.144492 0.0651929 0.253241 -0.143561 0.989464 -0.0187581 0.226904 -0.0672164 0.0091617 0.997696 0.0501937 0 0 0 1 
1807261650034;1.09057;1.0576;0.994867 0.0929504 -0.0399866 0.799911 -0.0968366 0.989224 -0.109808 0.931929 0.029349 0.113117 0.993148 0.846734 0 0 0 1 
1807261650035;0.885672;1.05934;0.987319 0.0957066 -0.126653 0.443849 -0.0844227 0.992206 0.0916553 0.495801 0.134438 -0.0798006 0.987704 0.0320815 0 0 0 1 
1807261650036;0.893017;0.462542;0.988525 0.0236901 0.149189 0.153901 -0.0270996 0.999415 0.0208621 0.334891 -0.148607 -0.0246657 0.988589 0.86086 0 0 0 1 
1807261650037;0.513994;0.7391;0.999701 0.0232388 0.00765697 0.315474 -0.0233561 0.999606 0.0155943 0.63303 -0.00729156 -0.0157685 0.999849 -0.351081 0 0 0 1 
1807261650038;0.984234;0.624283;0.920978 0.0485523 0.386577 -0.153351 -0.00915649 0.994628 -0.103106 0.59472 -0.389507 0.0914189 0.916475 -0.1226 0 0 0 1 
1807261650039;0.787771;0.58012;0.987553 0.0366726 0.15295 0.0907478 -0.00523329 0.979561 -0.201078 0.559295 -0.157197 0.197775 0.967561 0.0179214 0 0 0 1 
1807261650040;0.449489;0.379038;0.971946 -0.0249304 0.233877 -0.0589595 0.0296283 0.999423 -0.0165944 0.259738 -0.233329 0.0230582 0.972124 0.676894 0 0 0 1 
1807261650041;0.636202;0.65416;0.997809 0.0658651 -0.00621874 0.496814 -0.0660905 0.996622 -0.0487461 0.967938 0.00298707 0.0490503 0.998792 -0.180676 0 0 0 1 
1807261650042;0.394001;0.387054;0.998608 -0.0524768 -0.00528544 -0.259467 0.0518792 0.995378 -0.0808203 0.194159 0.0095022 0.0804336 0.996715 0.228845 0 0 0 1 
1807261650043;0.493104;0.427707;0.949575 0.205054 0.237193 0.828724 -0.186502 0.977512 -0.0984229 0.839347 -0.252041 0.049223 0.966464 0.444933 0 0 0 1 
1807261650044;0.603128;0.445166;0.998211 -0.0555751 -0.0220716 -0.327709 0.0542033 0.996813 -0.0585227 0.124382 0.0252537 0.0572216 0.998042 -0.299548 0 0 0 1 
1807261650045;0.822026;0.529947;0.987269 -0.0884398 -0.132208 -0.11285 0.127343 0.937521 0.323789 -0.167045 0.0953122 -0.336502 0.936847 -1.75806 0 0 0 1 
1807261650046;0.726796;1.06828;0.96199 -0.273078 -0.00178766 -0.984152 0.268402 0.946685 -0.178181 0.262768 0.0503498 0.170929 0.983996 0.866891 0 0 0 1 
1807261650047;0.841796;0.777514;0.9854 0.156038 -0.068113 0.642452 -0.160189 0.985235 -0.0604254 0.615062 0.0576787 0.0704541 0.995846 0.764349 0 0 0 1 
1807261650048;0.923373;0.481858;0.983008 0.0322851 0.180701 0.234924 -0.0578087 0.988769 0.137818 0.569434 -0.174222 -0.145922 0.973834 0.568235 0 0 0 1 
1807261650049;0.894299;0.548705;0.960601 -0.146291 0.236315 -0.589987 0.133223 0.98858 0.0704417 -0.250407 -0.243921 -0.0361838 0.96912 0.619727 0 0 0 1 
1807261650050;0.776112;0.487286;0.922316 -0.308704 0.232455 -1.26469 0.361696 0.901394 -0.238044 -0.189751 -0.136048 0.30363 0.943027 1.34345 0 0 0 1 
1807261650051;0.472646;0.752896;0.973394 -0.165304 0.158679 -0.474867 0.169873 0.985343 -0.0155777 0.417013 -0.153778 0.0421184 0.987207 0.614012 0 0 0 1 
1807261650052;0.367213;0.491731;0.975885 0.203436 0.0791307 0.696592 -0.211056 0.971903 0.104208 0.501838 -0.0557076 -0.118396 0.991403 -0.202039 0 0 0 1 
1807261650053;0.543637;0.568896;0.906754 0.00863699 -0.421572 0.367818 -0.128901 0.957606 -0.257633 0.811767 0.401475 0.28795 0.869427 0.460678 0 0 0 1 
1807261650054;0.296591;0.586799;0.980463 -0.177568 -0.0846244 -0.512195 0.151867 0.956767 -0.248059 0.310588 0.125013 0.230361 0.965042 0.341251 0 0 0 1 
1807261650055;0.546573;0.867359;0.935414 -0.1633 -0.313583 -0.670251 0.237313 0.947453 0.214512 0.35914 0.262075 -0.275075 0.925014 -0.771148 0 0 0 1 
1807261650056;0.638977;0.406748;0.999212 0.0233801 -0.0320604 -0.00856444 -0.026453 0.994732 -0.0990426 0.729078 0.0295758 0.0998127 0.994567 0.551286 0 0 0 1 
1807261650057;0.733154;0.59816;0.94544 -0.32251 0.0461567 -1.37132 0.32366 0.91357 -0.246238 0.00838625 0.0372469 0.247743 0.96811 0.59006 0 0 0 1 
1807261650058;1.00454;1.0436;0.958494 0.18772 -0.214593 1.14071 -0.186292 0.982122 0.0270506 1.03038 0.215835 0.014049 0.976329 0.110709 0 0 0 1 
1807261650059;0.328863;0.584449;0.960442 -0.0837981 0.265571 -0.196884 -0.0135711 0.938434 0.345193 0.256025 -0.278148 -0.335142 0.900174 -0.579644 0 0 0 1 
1807261650060;0.479524;0.384506;0.999652 0.0205815 0.0165041 -0.0776766 -0.0199388 0.999071 -0.0382023 -0.0876217 -0.017275 0.03786 0.999134 -0.0915765 0 0 0 1 
1807261650062;0.610394;0.289128;0.994978 0.0923901 -0.0385085 0.632125 -0.0959408 0.989962 -0.103778 0.426357 0.0285339 0.106951 0.993855 -0.373248 0 0 0 1 
1807261650063;0.0702684;0.289;0.999519 -0.000241835 0.0310152 0.170312 0.00329834 0.995128 -0.0985353 0.261129 -0.0308403 0.0985902 0.99465 0.322407 0 0 0 1 
1807261650064;0.431381;0.288184;0.972639 -0.145871 -0.180818 -0.198234 0.119824 0.98178 -0.147479 -0.0218228 0.199037 0.121777 0.972396 -0.0890421 0 0 0 1 
1807261650065;0.67345;0.28155;0.983502 0.021678 -0.179591 0.0953891 0.0512164 0.918801 0.391385 0.449856 0.173493 -0.394126 0.902533 -1.69347 0 0 0 1 
1807261650066;0.179936;0.327354;0.989337 -0.145615 -0.00281474 -0.373531 0.144823 0.985633 -0.0869085 0.205113 0.0154295 0.0855742 0.996212 0.347571 0 0 0 1 
1807261650067;0.697139;0.303711;0.90559 -0.420891 -0.0525163 -1.45352 0.421358 0.906891 -0.00238588 -0.304691 0.0486308 -0.0199675 0.998617 -0.791798 0 0 0 1 
1807261650068;0.609754;0.307744;0.890917 -0.453483 -0.0249077 -2.06234 0.451673 0.890431 -0.0558883 -0.293207 0.047523 0.0385417 0.998126 0.241898 0 0 0 1 
1807261650069;0.14606;0.273631;0.995102 -0.091525 -0.0373523 -0.282802 0.0891913 0.994207 -0.0599796 0.214159 0.0426255 0.0563543 0.997501 0.166447 0 0 0 1 
1807261650070;0.531087;0.281143;0.982486 0.0880052 -0.164247 0.762765 -0.0373189 0.956517 0.289279 0.348014 0.182563 -0.278083 0.943049 -1.62711 0 0 0 1 
1807261650071;0.140553;0.280197;0.99362 -0.0103566 -0.112303 0.22656 -0.00491467 0.990852 -0.134861 0.375352 0.112672 0.134552 0.98448 0.396305 0 0 0 1 
1807261650072;0.380476;0.321692;0.999684 0.023359 0.00925835 0.0546291 -0.0222446 0.994094 -0.106223 0.179301 -0.0116849 0.105983 0.994299 0.249542 0 0 0 1 
1807261650073;0.531138;0.311082;0.978974 -0.16038 0.126045 -0.142931 0.119582 0.951832 0.28234 -0.137667 -0.165255 -0.261331 0.950998 -0.55344 0 0 0 1 
1807261650074;0.56209;0.299695;0.945913 0.197819 0.257131 0.918066 -0.170105 0.977322 -0.126118 0.870869 -0.276249 0.0755578 0.958111 0.662307 0 0 0 1 
1807261650075;0.57785;0.272091;0.999526 -0.0301794 -0.00609389 0.144318 0.0296901 0.997195 -0.0687059 0.864614 0.0081503 0.0684924 0.997618 -0.175022 0 0 0 1 
1807261650076;0.523862;0.29769;0.979094 -0.186948 -0.0801627 -0.812689 0.164006 0.958658 -0.232546 0.4204 0.120323 0.214537 0.969276 1.24198 0 0 0 1 
1807261650077;0.611234;0.354372;0.976517 0.203392 0.0710332 0.585688 -0.178862 0.949183 -0.258958 -0.123325 -0.120094 0.240172 0.963273 0.647815 0 0 0 1 
1807261650078;0.330727;0.293523;0.948711 0.0655014 -0.309285 0.625189 -0.0745974 0.997057 -0.0176622 0.355171 0.307218 0.0398282 0.950805 0.33973 0 0 0 1 
1807261650079;0.421945;0.282048;0.939201 -0.0483503 -0.339946 -0.192713 -0.0112996 0.985148 -0.171336 0.000187991 0.343181 0.16476 0.924706 0.846575 0 0 0 1 
1807261650080;0.560936;0.318046;0.928735 0.286842 -0.234888 1.48455 -0.357777 0.859517 -0.365001 0.422519 0.0971922 0.423027 0.900889 1.43492 0 0 0 1 
1807261650081;0.503671;0.294036;0.982342 0.104216 0.15538 0.602059 -0.118143 0.989501 0.0832483 0.292898 -0.145073 -0.100136 0.984341 -1.00266 0 0 0 1 
1807261650082;0.722741;0.293053;0.953195 0.301936 -0.0159601 1.26157 -0.301725 0.946464 -0.114755 0.273932 -0.0195431 0.1142 0.993266 -0.368007 0 0 0 1 
1807261650083;0.552134;0.282576;0.995829 -0.0885145 -0.0221301 0.161095 0.0850869 0.988508 -0.124951 -0.329335 0.0329357 0.122547 0.991916 0.16427 0 0 0 1 
1807261650084;0.867721;0.273968;0.924833 0.370582 -0.0857468 2.65829 -0.356551 0.923121 0.143937 0.536818 0.132495 -0.102545 0.985865 -0.748908 0 0 0 1 
1807261650085;0.404997;0.274007;0.977001 -0.158494 -0.14265 -0.49602 0.0792602 0.890973 -0.447085 -0.0235244 0.197958 0.425496 0.883044 1.23136 0 0 0 1 
1807261650086;0.258185;0.28378;0.998352 -0.0561857 0.0116738 0.188381 0.0573276 0.985632 -0.158882 0.281678 -0.00257915 0.15929 0.987229 0.833289 0 0 0 1 
1807261650087;0.211815;0.296094;0.976713 0.213146 0.0245005 1.01454 -0.20884 0.970671 -0.119098 0.335102 -0.0491673 0.111208 0.99258 0.45963 0 0 0 1 
1807261650088;0.669831;0.283849;0.931907 -0.361925 0.0236616 -1.44273 0.345433 0.865769 -0.362105 -0.0677189 0.110569 0.345622 0.931837 0.765544 0 0 0 1 
1807261650089;0.143654;0.313667;0.991964 0.0518135 0.115425 0.428316 -0.0497497 0.998547 -0.020691 0.172038 -0.116329 0.0147824 0.993101 0.166773 0 0 0 1 
1807261650090;0.732491;0.33911;0.987456 0.136147 -0.0799691 0.362176 -0.147507 0.976097 -0.159615 0.97663 0.0563266 0.169408 0.983935 0.745747 0 0 0 1 
1807261650091;0.403612;0.293353;0.97554 0.213007 -0.0543049 1.11152 -0.191446 0.944687 0.266298 0.170806 0.108024 -0.249388 0.96236 -0.694212 0 0 0 1 
1807261650093;1.16071;0.536972;0.89327 0.291831 0.341912 -0.281225 -0.271175 0.956463 -0.107902 0.111356 -0.358515 0.00366774 0.933517 -0.217371 0 0 0 1 
1807261650094;0.696816;0.413081;0.977389 0.20967 -0.0273829 -0.104845 -0.21145 0.969409 -0.124638 -0.0273719 0.000412392 0.12761 0.991824 -0.0857647 0 0 0 1 
1807261650095;0.832378;0.30255;0.939145 0.134163 0.316238 0.411738 -0.126672 0.990958 -0.0442295 0.259072 -0.319312 0.00147963 0.947648 -0.0121095 0 0 0 1 
1807261650096;1.24922;0.410102;0.976115 0.212507 0.0451669 0.0868686 -0.16447 0.858647 -0.485463 -0.49566 -0.141947 0.466439 0.87309 0.682041 0 0 0 1 
1807261650097;1.57732;0.338629;0.963846 0.176451 0.199666 0.32787 -0.204196 0.970521 0.128037 0.0503864 -0.171188 -0.164179 0.971463 0.939317 0 0 0 1 
1807261650098;0.431654;0.373727;0.95443 -0.291502 0.0639474 0.0254037 0.297515 0.946195 -0.127276 -0.254499 -0.0234054 0.140502 0.989804 0.271171 0 0 0 1 
1807261650099;1.43162;0.441764;0.979406 -0.200963 -0.0194645 0.663835 0.180277 0.913834 -0.363878 0.262668 0.0909132 0.352875 0.931243 0.668721 0 0 0 1 
1807261650100;0.198846;0.267232;0.996775 -0.0549947 -0.0584418 0.169838 0.0623631 0.989175 0.132827 -0.22451 0.0505044 -0.136043 0.989415 -0.0860305 0 0 0 1 
1807261650101;0.403364;0.229065;0.996486 -0.0837638 -0.000450674 0.196936 0.0833694 0.992287 -0.0917406 -0.0945561 0.00813174 0.0913806 0.995783 -0.188368 0 0 0 1 
1807261650102;0.400187;0.32259;0.997697 -0.0564594 0.0375792 -0.092356 0.0591515 0.995437 -0.0748693 -0.159079 -0.0331807 0.0769198 0.996485 -0.00306845 0 0 0 1 
1807261650103;1.02195;0.50209;0.961104 0.241035 0.13484 0.116273 -0.252829 0.964339 0.0782837 -0.300332 -0.111162 -0.10933 0.98777 0.545688 0 0 0 1 
1807261650104;1.18672;0.262018;0.999055 -0.0127375 -0.0415658 -0.019449 0.0183048 0.990479 0.13644 -0.600678 0.0394321 -0.137071 0.989776 -0.64152 0 0 0 1 
1807261650105;1.18857;0.423604;0.995402 0.0587217 0.0756792 -0.402891 -0.0571172 0.998098 -0.023196 -0.524627 -0.0768974 0.0187667 0.996862 0.110274 0 0 0 1 
1807261650106;0.708535;0.372669;0.999405 -0.0337419 0.0071359 -0.151972 0.0341422 0.997204 -0.0664667 -0.318338 -0.00487324 0.0666708 0.997763 0.188501 0 0 0 1 
1807261650107;0.503291;0.325941;0.99445 0.00646276 -0.10501 0.170342 -0.00521122 0.999912 0.0121884 -0.134305 0.105079 -0.0115735 0.994396 0.242033 0 0 0 1 
1807261650108;1.52224;0.382799;0.964 -0.21301 0.159154 0.172072 0.238436 0.957412 -0.162822 0.610834 -0.117694 0.194908 0.973735 -0.287163 0 0 0 1 
1807261650109;0.339127;0.3183;0.92057 -0.131965 0.367609 -0.0222002 0.103719 0.989996 0.0956577 -0.14855 -0.376554 -0.0499317 0.925048 0.22307 0 0 0 1 
1807261650110;0.998065;0.335848;0.932942 -0.27585 0.231355 0.0673438 0.238959 0.955097 0.175181 -0.337867 -0.26929 -0.10815 0.956967 -0.514223 0 0 0 1 
1807261650111;0.873902;0.269851;0.977099 0.155121 0.145653 0.175229 -0.151648 0.987825 -0.034721 -0.442574 -0.149266 0.0118377 0.988726 0.399562 0 0 0 1 
1807261650112;0.213542;0.222582;0.998236 -0.0486532 -0.0340138 0.139842 0.0524411 0.991246 0.121166 -0.164124 0.0278209 -0.122736 0.992049 -0.16298 0 0 0 1 
1807261650113;1.08553;0.472014;0.973347 -0.226258 0.0374443 -0.0939599 0.227678 0.933749 -0.276179 -0.673551 0.0275241 0.277343 0.960377 -0.20304 0 0 0 1 
1807261650114;0.757919;0.355264;0.944775 0.323897 -0.049915 0.243952 -0.322067 0.889477 -0.324195 -0.0538946 -0.0606076 0.322367 0.944672 0.553811 0 0 0 1 
1807261650115;1.40826;0.405725;0.968162 0.246841 -0.0416047 -0.392061 -0.247618 0.968748 -0.0146008 0.368485 0.0367004 0.024438 0.999027 0.239442 0 0 0 1 
1807261650116;0.547781;0.312415;0.985414 0.130245 0.109521 0.129047 -0.14518 0.979195 0.141777 -0.197349 -0.0887769 -0.155609 0.983821 0.282279 0 0 0 1 
1807261650117;1.14474;0.551039;0.974424 0.224325 -0.0133065 -0.104413 -0.21382 0.943752 0.252216 0.19569 0.0691365 -0.24292 0.967579 -0.37387 0 0 0 1 
1807261650118;1.22447;0.429517;0.931885 0.234898 -0.276431 0.0321969 -0.311928 0.90789 -0.280066 0.117322 0.185182 0.347216 0.91932 -0.535677 0 0 0 1 
1807261650119;1.49971;0.393646;0.992852 0.0952313 -0.0719457 0.164912 -0.100689 0.991975 -0.0764734 0.478726 0.0640856 0.0831709 0.994473 -0.726023 0 0 0 1 
1807261650120;0.30517;0.349452;0.947154 0.234076 0.219337 0.210015 -0.23465 0.971788 -0.0238092 0.0746467 -0.218722 -0.0289165 0.975359 0.186057 0 0 0 1 
1807261650121;1.42718;0.293821;0.948126 0.286703 0.137329 0.531435 -0.309938 0.92974 0.198802 -0.820652 -0.0706836 -0.231053 0.97037 0.264016 0 0 0 1 
1807261650122;1.45607;0.429711;0.958789 -0.215556 0.185093 -0.0358601 0.253848 0.942519 -0.217302 -0.381729 -0.127613 0.255332 0.958395 -0.678919 0 0 0 1 
1807261650124;1.36594;6.34001;0.43556 0.859084 0.268817 -2.10733 -0.539475 0.010064 0.841941 -0.225595 0.720593 -0.511736 0.467838 1.84879 0 0 0 1 
1807261650125;0.804333;9.99681;-0.0765839 -0.997015 -0.00983059 4.53898 0.341439 -0.0354879 0.939234 1.40234 -0.936779 0.0685736 0.343138 0.072163 0 0 0 1 
1807261650126;0.880272;9.92161;0.104277 -0.991215 0.0813543 4.76414 0.928504 0.126338 0.349168 0.84826 -0.356379 0.0391277 0.933522 0.341229 0 0 0 1 
1807261650127;1.55898;10.1358;-0.19286 -0.981157 -0.0116826 5.07861 0.980296 -0.192145 -0.045818 0.848011 0.0427099 -0.0202889 0.998881 -1.08526 0 0 0 1 
1807261650128;0.837192;10.0602;0.0527224 -0.998079 -0.0325278 4.62898 0.993925 0.0492959 0.0984032 0.624921 -0.0966107 -0.0375182 0.994615 -0.32629 0 0 0 1 
1807261650129;0.284015;10.0282;-0.118738 -0.990742 -0.0658137 5.04657 0.992083 -0.121107 0.033246 0.996235 -0.0409087 -0.061345 0.997278 -0.330185 0 0 0 1 
1807261650130;0.193395;6.43569;0.430816 0.872387 0.230951 -2.3308 -0.53344 0.0397562 0.844903 -0.796794 0.727901 -0.487196 0.482494 1.60879 0 0 0 1 
1807261650131;0.6404;9.86993;-0.0450841 -0.997662 -0.0513633 4.9043 0.996225 -0.048718 0.0718443 1.12702 -0.0741786 -0.0479304 0.996092 -0.154412 0 0 0 1 
1807261650132;1.48669;10.048;-0.102753 -0.98984 -0.0982807 5.58766 0.986426 -0.114122 0.118071 1.4005 -0.128087 -0.0848145 0.98813 -0.428906 0 0 0 1 
1807261650133;0.878362;9.87401;0.152816 -0.985966 -0.0672203 4.76601 0.983512 0.145074 0.107968 0.644349 -0.0967012 -0.0826112 0.991879 0.0144121 0 0 0 1 
1807261650134;0.764145;6.59228;0.547058 0.811871 0.203944 -2.5492 -0.524876 0.14289 0.839099 -0.658649 0.652098 -0.566081 0.504301 1.94033 0 0 0 1 
1807261650135;0.938287;10.1005;-0.189821 -0.981471 -0.0261237 5.01854 0.981594 -0.189141 -0.0264403 0.862221 0.0210093 -0.0306618 0.999309 0.148101 0 0 0 1 
1807261650136;0.165136;9.9874;0.100223 -0.990185 -0.0974082 4.97548 0.994879 0.0984471 0.0228787 0.867079 -0.0130646 -0.0992023 0.994982 -0.237588 0 0 0 1 
1807261650137;0.685906;9.98971;0.183336 -0.982114 0.0429034 4.81502 0.973122 0.175124 -0.149547 0.892507 0.139358 0.0691676 0.987823 -0.0697746 0 0 0 1 
1807261650138;1.14592;9.87311;0.327772 -0.943387 0.0508592 4.83879 0.903191 0.328689 0.27606 0.398119 -0.277148 -0.0445491 0.959794 -0.258547 0 0 0 1 
1807261650139;0.608764;10.3413;-0.111259 -0.988157 -0.105677 5.42062 0.99026 -0.119191 0.0719558 0.867086 -0.0836994 -0.0966421 0.991794 -0.375073 0 0 0 1 
1807261650140;1.51409;10.058;0.123922 -0.991174 -0.0470925 4.41166 0.992265 0.123427 0.0132742 1.24114 -0.00734451 -0.0483732 0.998802 0.0233711 0 0 0 1 
1807261650141;0.713806;6.11422;-0.0703046 0.961795 0.264591 -2.1851 0.995607 0.0840995 -0.0411607 -1.00163 -0.0618401 0.260534 -0.963482 1.2473 0 0 0 1 
1807261650142;1.81337;10.0187;-0.101082 -0.988486 -0.112598 4.43281 0.994849 -0.0995649 -0.0190338 1.0021 0.00760377 -0.113942 0.993458 0.43113 0 0 0 1 
1807261650143;1.33398;6.81133;0.0258734 -0.978384 0.205173 3.26345 0.998927 0.0331887 0.032293 0.564702 -0.0384044 0.204118 0.978193 -0.0453896 0 0 0 1 
1807261650144;0.523192;9.89337;0.194584 -0.97768 -0.0792427 4.79069 0.940871 0.163197 0.296865 0.881686 -0.277306 -0.132322 0.951626 -0.381444 0 0 0 1 
1807261650145;1.32014;10.1917;-0.137918 -0.980671 -0.138794 5.8031 0.980947 -0.154607 0.117645 0.930073 -0.13683 -0.119924 0.983309 0.029879 0 0 0 1 
1807261650146;0.396214;6.92875;0.388404 -0.869072 0.306359 3.21736 0.894306 0.43566 0.102062 0.134713 -0.222168 0.234337 0.946429 -0.365035 0 0 0 1 
1807261650147;1.75836;10.059;-0.203934 -0.978538 -0.0295654 4.88932 0.978516 -0.204678 0.0247764 0.688731 -0.030296 -0.0238775 0.999256 -1.1431 0 0 0 1 
1807261650148;1.81564;9.81789;0.124031 -0.990985 -0.0506545 5.01019 0.9909 0.121008 0.0589369 0.218039 -0.0522759 -0.0575036 0.996976 0.343111 0 0 0 1 
1807261650149;1.27562;10.109;-0.140651 -0.978628 -0.150015 5.43863 0.978553 -0.160444 0.129193 0.640508 -0.150501 -0.128627 0.980206 -0.764063 0 0 0 1 
1807261650150;1.69552;9.97679;-0.0690795 -0.993255 0.093127 5.11651 0.997497 -0.0673578 0.0215092 0.923515 -0.0150913 0.0943797 0.995422 0.539487 0 0 0 1 
1807261650151;1.06641;10.204;-0.0865031 -0.974067 -0.20907 5.34054 0.937757 -0.150461 0.313007 0.754367 -0.336347 -0.168981 0.926454 -0.572655 0 0 0 1 
1807261650152;1.1455;10.0399;-0.0524354 -0.988714 -0.140341 5.29313 0.997584 -0.0582726 0.0378093 0.703528 -0.0455606 -0.138019 0.989381 0.192087 0 0 0 1 
1807261650153;0.956413;9.85465;0.0752615 -0.996364 -0.0399272 5.28291 0.996422 0.0736014 0.0415378 0.676243 -0.0384481 -0.0429106 0.998339 -0.113602 0 0 0 1 
1807261650155;0.606131;0.316089;0.971779 -0.224972 -0.0709435 -0.645226 0.229108 0.971745 0.0567607 -0.175992 0.0561694 -0.0714126 0.995864 -0.67238 0 0 0 1 
1807261650156;0.187806;0.142206;0.997566 -0.0696242 0.00379735 -0.303454 0.0694601 0.997029 0.0332826 -0.220571 -0.00610334 -0.0329378 0.999439 0.09499 0 0 0 1 
1807261650157;0.551788;0.211324;0.902102 -0.421238 0.0936482 -1.71508 0.429907 0.896068 -0.110642 -0.78878 -0.0373086 0.14007 0.989438 0.865961 0 0 0 1 
1807261650158;0.699792;0.142373;0.895651 -0.43997 -0.0650817 -2.19637 0.443589 0.894282 0.059061 -0.922492 0.0322164 -0.0817675 0.996131 -0.668834 0 0 0 1 
1807261650159;0.309546;0.151094;0.988082 0.120895 -0.095281 0.456402 -0.136916 0.973132 -0.185117 -0.106033 0.0703413 0.195956 0.978087 0.949851 0 0 0 1 
1807261650160;0.485518;0.176054;0.914148 -0.393579 -0.0971019 -1.80177 0.405353 0.890287 0.207552 -0.819669 0.00476039 -0.229094 0.973393 -0.878188 0 0 0 1 
1807261650161;0.330335;0.112652;0.99935 -0.0360551 -0.000723421 -0.296041 0.0330505 0.923727 -0.381623 -0.344232 0.0144277 0.381351 0.924318 1.25926 0 0 0 1 
1807261650162;0.550603;0.13731;0.93523 0.35404 5.62589e-05 0.916172 -0.353785 0.934551 0.0380984 0.071945 0.0134358 -0.0356506 0.999274 -0.174873 0 0 0 1 
1807261650163;0.739956;0.238966;0.958981 0.268365 0.0913027 1.02582 -0.265494 0.963176 -0.0424945 -0.865892 -0.0993445 0.0165111 0.994916 0.509736 0 0 0 1 
1807261650164;0.228506;0.153066;0.955547 0.132648 0.263315 0.432275 -0.145203 0.988985 0.0287164 -0.184733 -0.256605 -0.0656739 0.964282 -0.302937 0 0 0 1 
1807261650165;0.0638727;0.117651;0.999551 0.027357 0.0122624 0.0474799 -0.0275041 0.99955 0.0119913 -0.114907 -0.0119288 -0.0123232 0.999853 0.0326363 0 0 0 1 
1807261650166;0.691573;0.158856;0.941223 -0.335729 -0.0372261 -1.42155 0.337783 0.935026 0.107837 -1.15483 -0.00139679 -0.114073 0.993471 -0.0674723 0 0 0 1 
1807261650167;0.645574;0.291441;0.951087 -0.00191168 0.308918 0.140658 -0.0644173 0.976772 0.20437 0.205007 -0.302133 -0.214273 0.928872 -1.00794 0 0 0 1 
1807261650168;0.448255;0.171377;0.947423 0.315659 -0.0524262 1.11649 -0.314604 0.888994 -0.332736 -0.324293 -0.0584246 0.331735 0.941562 1.30711 0 0 0 1 
1807261650169;0.539907;0.13555;0.934382 0.354538 -0.0351055 1.12785 -0.343995 0.923437 0.170096 -0.562455 0.0927232 -0.146858 0.984802 -0.953725 0 0 0 1 
1807261650170;0.652735;0.222911;0.95198 0.115836 0.283401 0.719715 -0.127323 0.991608 0.0223912 0.0710856 -0.278429 -0.0573995 0.95874 0.39787 0 0 0 1 
1807261650171;0.437786;0.142043;0.939713 0.226619 0.256094 0.555962 -0.283848 0.934556 0.21456 -0.0465967 -0.190711 -0.274316 0.942539 -0.685803 0 0 0 1 
1807261650172;0.513271;0.137074;0.937486 0.318418 -0.140462 0.692215 -0.308888 0.94723 0.0856982 -0.50623 0.160338 -0.0369539 0.98637 -0.0675167 0 0 0 1 
1807261650173;0.421662;0.149;0.927029 -0.113715 -0.357331 -0.479077 0.121885 0.992544 0.00034597 0.0854102 0.354628 -0.0438741 0.933978 -0.502749 0 0 0 1 
1807261650174;0.342158;0.150202;0.992735 0.103663 -0.0610758 0.356538 -0.118692 0.92692 -0.355994 -0.183246 0.019709 0.360657 0.93249 1.19026 0 0 0 1 
1807261650175;0.695425;0.312893;0.977832 -0.209085 0.0113512 -0.757908 0.207873 0.975826 0.0674651 0.502248 -0.0251827 -0.06361 0.997657 -0.446974 0 0 0 1 
1807261650176;0.628882;0.18038;0.928222 0.372024 0.00143572 1.44847 -0.371077 0.926123 -0.0678057 -0.247937 -0.026555 0.062406 0.997698 -0.300321 0 0 0 1 
1807261650177;0.385778;0.142811;0.999726 -0.0207564 -0.0108213 -0.159085 0.0210959 0.999257 0.0322661 -0.0498215 0.0101436 -0.0324855 0.999421 0.334404 0 0 0 1 
1807261650178;0.865032;0.229278;0.970301 -0.193231 0.145528 -0.785086 0.197331 0.980235 -0.0141458 -0.469322 -0.139919 0.0424431 0.989253 1.08826 0 0 0 1 
1807261650179;0.799283;0.115912;0.90733 -0.221459 -0.357363 -1.29659 0.223473 0.974037 -0.0362247 -0.287658 0.356107 -0.0469933 0.933263 0.465433 0 0 0 1 
1807261650180;0.951142;0.151073;0.906634 0.400775 0.131888 1.68837 -0.35874 0.89678 -0.259019 0.0778223 -0.222083 0.187522 0.956825 1.70416 0 0 0 1 
1807261650181;0.58947;0.109584;0.985597 -0.167455 0.0236201 -0.95846 0.165642 0.98406 0.0647208 -0.835958 -0.0340814 -0.0598762 0.997624 -0.0241986 0 0 0 1 
1807261650182;0.51362;0.112359;0.992581 0.0195744 -0.119997 -0.327134 -0.0235476 0.999217 -0.0317834 0.187546 0.119281 0.0343732 0.992265 -0.251488 0 0 0 1 
1807261650183;0.518467;0.180125;0.956161 0.17836 -0.232257 0.919706 -0.192957 0.980328 -0.0415352 0.259689 0.22028 0.08453 0.971767 0.307076 0 0 0 1 
1807261650184;0.540083;0.110546;0.971884 -0.234999 0.0147403 -1.0336 0.233532 0.970029 0.067136 -0.825355 -0.0300754 -0.0618061 0.997635 -0.510812 0 0 0 1 
1807261650186;0.453969;0.198916;0.998525 -0.0359255 -0.0407161 0.230132 0.0383306 0.997467 0.0599157 0.418597 0.0384605 -0.061388 0.997373 0.0218643 0 0 0 1 
1807261650187;0.217396;0.204672;0.994722 0.0737377 -0.071354 -0.123442 -0.0722934 0.997127 0.02262 0.364464 0.0728169 -0.0173422 0.997195 -0.4994 0 0 0 1 
1807261650188;0.833964;0.214735;0.980525 0.0403393 0.192208 -0.0400446 -0.0822291 0.97309 0.215256 0.556321 -0.178352 -0.226869 0.957456 1.31578 0 0 0 1 
1807261650189;0.543168;0.236466;0.835391 0.439596 -0.329966 0.244578 -0.42627 0.897129 0.11599 0.931963 0.347011 0.0437577 0.93684 -1.14204 0 0 0 1 
1807261650190;0.468639;0.206183;0.924144 -0.251323 0.287741 -0.0542733 0.279445 0.958252 -0.0605279 -0.71958 -0.260516 0.136344 0.955794 1.05312 0 0 0 1 
1807261650191;0.203867;0.20567;0.986933 0.119268 0.108347 -0.204893 -0.111152 0.990729 -0.0781041 0.380537 -0.116657 0.0650405 0.99104 0.468117 0 0 0 1 
1807261650192;0.50492;0.20415;0.977837 0.208214 0.0219365 0.594793 -0.201843 0.965345 -0.165432 0.533004 -0.0556215 0.157337 0.985977 0.0320457 0 0 0 1 
1807261650193;0.791638;0.194617;0.978539 -0.203983 -0.0292072 0.00369435 0.203575 0.978923 -0.0163481 -0.327698 0.0319264 0.0100514 0.99944 -1.0158 0 0 0 1 
1807261650194;0.736741;0.196218;0.960184 0.273197 -0.0584036 0.471493 -0.279313 0.942998 -0.180938 0.514925 0.00564273 0.190047 0.981759 -0.684002 0 0 0 1 
1807261650195;0.187863;0.196492;0.97152 0.0284112 -0.235248 0.0404697 -0.0141541 0.997971 0.0620732 0.124639 0.236535 -0.0569757 0.969951 -0.677205 0 0 0 1 
1807261650196;0.587609;0.180479;0.985546 0.164067 -0.0421972 -0.101545 -0.168823 0.971853 -0.164316 0.173129 0.0140507 0.169065 0.985505 0.694767 0 0 0 1 
1807261650197;0.541762;0.242159;0.934499 0.355941 -0.00414987 -0.248226 -0.355786 0.934335 0.0208619 1.45456 0.011303 -0.018019 0.999774 -0.208686 0 0 0 1 
1807261650198;0.789459;0.198969;0.98977 0.0905449 -0.110257 0.609487 -0.104255 0.986575 -0.125697 0.394326 0.0973957 0.135906 0.985923 -0.93799 0 0 0 1 
1807261650199;0.344499;0.193579;0.989236 -0.0777286 -0.123979 0.0591344 0.0627518 0.990735 -0.120441 0.0942249 0.132192 0.111364 0.984948 -0.556678 0 0 0 1 
1807261650200;0.665434;0.239516;0.992356 0.123397 -0.00167573 0.260609 -0.123353 0.992224 0.0166191 -0.270729 0.00371344 -0.0162853 0.99986 -0.0508541 0 0 0 1 
1807261650201;0.637949;0.210641;0.995139 0.0963668 -0.0202848 -0.719432 -0.0964561 0.995331 -0.00346908 0.030503 0.0198558 0.00540881 0.999788 -0.324004 0 0 0 1 
1807261650202;0.360138;0.222072;0.98751 0.157163 -0.011096 -0.291485 -0.157465 0.98687 -0.035958 0.587617 0.00529909 0.0372561 0.999292 -0.376297 0 0 0 1 
1807261650203;0.394841;0.187751;0.89306 -0.145944 -0.425611 0.201565 0.175536 0.983988 0.0309123 -0.440649 0.414284 -0.102316 0.904378 -1.18791 0 0 0 1 
1807261650204;0.612524;0.177128;0.997802 -0.0614834 -0.0247156 -0.162983 0.0616978 0.998063 0.00800795 -0.236233 0.0241753 -0.00951524 0.999662 0.677794 0 0 0 1 
1807261650205;0.404722;0.207359;0.852554 0.299289 -0.42846 0.390216 -0.357829 0.931783 -0.061139 1.19808 0.380933 0.20544 0.90149 -0.918945 0 0 0 1 
1807261650206;0.626556;0.182484;0.959344 -0.278515 -0.0457093 -0.564486 0.269777 0.952469 -0.141503 -0.887982 0.0829475 0.123419 0.988882 0.397447 0 0 0 1 
1807261650207;0.542445;0.218806;0.999258 0.0349646 0.0161733 -0.183235 -0.034582 0.999129 -0.0233581 0.0353658 -0.0169759 0.0227815 0.999596 0.714619 0 0 0 1 
1807261650208;0.417306;0.205488;0.944677 -0.0203703 -0.327369 -0.0541142 -0.0306271 0.988231 -0.149872 0.331144 0.326569 0.151607 0.932935 -1.11954 0 0 0 1 
1807261650209;0.115948;0.180931;0.996357 -0.011928 -0.0844392 -0.161806 0.0043374 0.995976 -0.0895129 0.190123 0.0851671 0.0888205 0.9924 -0.210128 0 0 0 1 
1807261650210;0.290494;0.192235;0.955216 0.295502 0.0155057 0.148153 -0.28397 0.930152 -0.232761 1.08069 -0.0832041 0.217934 0.97241 0.347446 0 0 0 1 
1807261650211;0.634223;0.181332;0.96544 0.211253 -0.152637 0.817038 -0.235059 0.95875 -0.159833 0.830015 0.112576 0.190188 0.975272 -0.304064 0 0 0 1 
1807261650212;0.518398;0.212837;0.909089 0.317989 -0.269148 0.103324 -0.290178 0.946884 0.138589 1.13973 0.298921 -0.0478894 0.953075 -1.2444 0 0 0 1 
1807261650213;0.562773;0.212955;0.997054 -0.075698 0.0123593 0.31079 0.0704878 0.96785 0.241448 0.359942 -0.0302391 -0.239865 0.970335 -0.15678 0 0 0 1 
1807261650214;0.522212;0.176234;0.919139 -0.38989 -0.0562972 -0.059623 0.393926 0.908844 0.137202 -1.25967 -0.00232818 -0.148284 0.988942 -0.0138709 0 0 0 1 
1807261650215;0.876402;0.193877;0.907409 -0.358646 -0.219047 0.573318 0.346698 0.933442 -0.0921201 -1.36484 0.237506 0.0076475 0.971356 -0.854111 0 0 0 1 
1807261650217;0.532131;1.4737;0.976582 0.0433862 0.210727 -1.31214 -0.0988158 0.960487 0.260194 -0.0391041 -0.191111 -0.274924 0.942281 -0.937507 0 0 0 1 
1807261650218;0.499155;1.34726;0.997524 -0.0345574 -0.0612565 -1.4011 0.0439146 0.986353 0.158678 0.00502852 0.054937 -0.160975 0.985428 -0.326782 0 0 0 1 
1807261650219;0.721512;1.46148;0.896288 0.443407 -0.00761651 -0.0728718 -0.438068 0.887908 0.140414 -0.632669 0.0690233 -0.122515 0.990064 -0.809641 0 0 0 1 
1807261650220;0.121853;1.43301;0.969148 0.217067 0.116769 -0.590702 -0.226859 0.97078 0.0782335 -0.137644 -0.0963755 -0.10231 0.990073 -0.277191 0 0 0 1 
1807261650221;0.995809;1.43551;0.970121 0.240855 0.0292224 -0.784102 -0.242573 0.965273 0.0969826 -0.0792419 -0.00484891 -0.101173 0.994857 -1.13214 0 0 0 1 
1807261650222;1.09618;1.37067;0.989435 0.141138 0.0331393 -0.48329 -0.143998 0.98325 0.111732 -0.488981 -0.0168145 -0.115324 0.993186 -1.17085 0 0 0 1 
1807261650223;0.826304;1.41698;0.998288 -0.0426166 0.0400522 -1.14152 0.0374095 0.991726 0.122803 -0.966792 -0.0449542 -0.121094 0.991623 -0.524017 0 0 0 1 
1807261650224;0.375842;1.30152;0.988787 0.148275 -0.0177498 -0.802585 -0.133994 0.933399 0.332885 -0.441443 0.0659262 -0.326774 0.9428 -1.22266 0 0 0 1 
1807261650225;0.55112;1.62106;0.990437 0.129371 -0.0479401 -0.595305 -0.131015 0.990834 -0.0329059 -1.19129 0.0432436 0.0388721 0.998308 0.345763 0 0 0 1 
1807261650226;0.761509;1.2453;0.997718 0.0675007 -0.00163416 -0.592282 -0.0670285 0.993075 0.0964877 -0.190594 0.00813583 -0.0961579 0.995333 0.124506 0 0 0 1 
1807261650227;0.75985;1.41661;0.999692 0.0245971 0.00334281 -1.20105 -0.0248144 0.993817 0.108221 0.289768 -0.000660214 -0.108271 0.994121 -0.523294 0 0 0 1 
1807261650228;0.464961;1.35022;0.998044 0.0597205 -0.0184644 -0.680951 -0.0562664 0.986956 0.15084 -0.31888 0.0272318 -0.149506 0.988386 -0.66617 0 0 0 1 
1807261650229;0.961907;1.35062;0.969966 0.0544894 0.23706 -1.08041 -0.12244 0.951487 0.282277 0.168521 -0.210179 -0.302825 0.929582 0.00715603 0 0 0 1 
1807261650230;1.24871;1.39663;0.969498 -0.0178622 -0.244446 -1.0793 0.0530304 0.989004 0.138056 -0.444321 0.239292 -0.146808 0.959785 -1.75199 0 0 0 1 
1807261650231;0.35278;1.41479;0.983222 -0.0344638 -0.179125 -1.32249 0.013566 0.993086 -0.116606 -0.214475 0.181905 0.11222 0.976892 0.000517113 0 0 0 1 
1807261650232;0.725754;1.38305;0.969767 -0.108725 -0.218472 -1.02961 0.150708 0.970969 0.185758 -0.645049 0.191933 -0.213068 0.958 -0.870986 0 0 0 1 
1807261650233;0.807473;1.41165;0.986299 0.112591 0.120573 -0.710261 -0.127356 0.984238 0.122707 0.524467 -0.104857 -0.136381 0.985091 -0.408488 0 0 0 1 
1807261650234;0.330571;1.44634;0.990131 0.138592 -0.0208097 -0.885806 -0.137013 0.988488 0.0641745 -0.18641 0.0294642 -0.06069 0.997722 0.0558504 0 0 0 1 
1807261650235;0.476097;1.31627;0.995856 0.0722449 -0.055248 -0.575003 -0.0547594 0.961303 0.269996 -1.04384 0.0726159 -0.265852 0.961275 -0.407382 0 0 0 1 
1807261650236;0.451212;1.18474;0.917323 0.0662985 -0.392585 -0.259785 -0.0615013 0.997799 0.0247997 -0.582258 0.393365 0.00139513 0.919382 -0.243817 0 0 0 1 
1807261650237;0.797582;1.39816;0.943708 -0.0178508 0.330299 -1.60724 -0.0526722 0.977692 0.20333 -0.393553 -0.32656 -0.209282 0.921716 -0.772179 0 0 0 1 
1807261650238;1.08583;1.80022;0.983877 0.163478 -0.0725269 -0.334502 -0.157053 0.98376 0.0868886 -1.09974 0.0855535 -0.0740971 0.993574 0.611916 0 0 0 1 
1807261650239;1.02135;1.51502;0.929413 0.321364 0.181428 -0.0684147 -0.298988 0.943891 -0.140272 -0.525544 -0.216326 0.0761258 0.973349 -0.158015 0 0 0 1 
1807261650240;0.859825;1.13636;0.998899 0.0417618 0.0213658 -0.815597 -0.0432612 0.996219 0.0753373 -0.413843 -0.0181388 -0.0761787 0.996929 0.513149 0 0 0 1 
1807261650241;0.991567;1.36131;0.99438 -0.00510424 0.105743 -0.499455 -0.0327084 0.935157 0.35272 -0.780157 -0.100687 -0.354196 0.929735 -0.741427 0 0 0 1 
1807261650242;0.558163;1.34637;0.979158 0.118425 -0.164999 -0.202435 -0.087273 0.978914 0.18469 -0.635502 0.183392 -0.166441 0.968847 -0.971714 0 0 0 1 
1807261650243;0.371812;1.32111;0.982538 0.131862 0.131269 -0.367979 -0.179728 0.855136 0.486251 -1.07643 -0.0481345 -0.501353 0.863903 -1.28174 0 0 0 1 
1807261650244;0.711238;1.39166;0.984231 0.1701 -0.0485244 -0.907036 -0.172775 0.983276 -0.0575925 -0.278954 0.0379164 0.0650681 0.99716 -0.415803 0 0 0 1 
1807261650245;0.732714;1.3547;0.9876 -0.12831 -0.0904587 -1.66282 0.107044 0.971859 -0.209838 0.0117392 0.114837 0.197553 0.973543 0.0729799 0 0 0 1 
1807261650246;1.2033;1.47293;0.957045 0.243611 0.15722 0.023435 -0.264183 0.956119 0.126665 -0.575992 -0.119464 -0.162759 0.979407 0.678106 0 0 0 1 
1807261650248;0.419559;1.53944;0.956425 0.29096 -0.0243831 -0.670657 -0.290563 0.956676 0.0185669 -0.479679 0.028729 -0.010673 0.99953 -0.0639442 0 0 0 1 
1807261650249;0.496114;1.57588;0.900035 0.425994 -0.0920056 -0.491447 -0.431445 0.900753 -0.0500006 -0.581442 0.0615743 0.0846976 0.994502 0.535784 0 0 0 1 
1807261650250;0.34812;1.53636;0.936399 0.328114 -0.124488 -0.34205 -0.337223 0.939487 -0.0603742 -0.293773 0.0971456 0.0985146 0.990383 0.5874 0 0 0 1 
1807261650251;0.451728;1.62806;0.766365 0.629277 -0.12921 0.508835 -0.635514 0.772033 -0.00938423 -0.620614 0.093849 0.0893064 0.991573 0.51133 0 0 0 1 
1807261650252;0.33029;1.45965;0.895079 0.116534 -0.430411 -1.218 -0.160672 0.984695 -0.0675251 0.0947524 0.415955 0.129595 0.900104 0.67736 0 0 0 1 
1807261650253;0.249687;1.56736;0.969221 0.245818 0.0135903 -0.975164 -0.246019 0.969134 0.0159098 0.0129657 -0.00925992 -0.0187636 0.999781 -0.429443 0 0 0 1 
1807261650254;0.24129;1.59419;0.915248 0.402563 -0.0162574 -0.446886 -0.400302 0.904058 -0.14979 -0.132776 -0.0456024 0.143603 0.988584 0.615942 0 0 0 1 
1807261650255;0.565737;1.53587;0.902881 0.415453 0.110474 -0.37604 -0.332944 0.838348 -0.431649 -0.581759 -0.271946 0.352946 0.895251 1.96612 0 0 0 1 
1807261650256;0.73595;1.49692;0.761199 0.505434 0.406342 0.126223 -0.547061 0.836935 -0.0162255 -0.192581 -0.348283 -0.209943 0.913577 -1.55628 0 0 0 1 
1807261650257;0.0754684;1.59925;0.922577 0.384797 -0.027984 -0.388925 -0.383603 0.922628 0.0400719 -0.0530688 0.0412384 -0.0262347 0.998805 -0.195988 0 0 0 1 
1807261650258;0.796962;1.56157;0.886086 0.463242 -0.0160939 0.684747 -0.459646 0.882629 0.0984432 0.407382 0.059808 -0.0798316 0.995013 -0.196185 0 0 0 1 
1807261650259;0.200045;1.57399;0.948039 0.318055 0.0079142 -0.519522 -0.318137 0.947447 0.0336663 0.179021 0.00320945 -0.0344348 0.999402 -0.107 0 0 0 1 
1807261650260;0.602384;1.49052;0.980372 0.173784 -0.0931087 -1.17713 -0.131699 0.928695 0.34667 -0.00794504 0.146715 -0.327604 0.933354 -0.713567 0 0 0 1 
1807261650261;0.61809;1.48859;0.918959 0.215456 -0.330293 -0.845293 -0.173468 0.973025 0.152091 0.0280338 0.354152 -0.0824699 0.931545 0.26474 0 0 0 1 
1807261650262;0.377489;1.51357;0.989429 0.0138151 0.144361 -1.91443 0.0150962 0.980232 -0.197273 0.0431987 -0.144233 0.197367 0.969661 0.809563 0 0 0 1 
1807261650263;0.214707;1.60892;0.991565 0.113788 -0.0620575 -1.55544 -0.110697 0.992536 0.0511704 0.160908 0.0674169 -0.0438692 0.99676 -0.278207 0 0 0 1 
