#;prob_registration_l1 -r ../../../build/tester /home/point_clouds_registration_benchmark/plain_local.txt /home/point_clouds_registration_benchmark/plain -s 0.2 -t 0.2 -p 0.3 -r 1000 -m 5 -i 40 
id;initial_error;final_error;transformation
4215528470000;0.567788;0.437457;0.964771 -0.0399577 0.260038 0.416162 0.0234946 0.997535 0.0661148 -0.190494 -0.262039 -0.0576762 0.963332 1.89574 0 0 0 1 
4215528470001;0.547226;0.30075;0.991344 0.102658 -0.0818409 -0.525071 -0.0606741 0.911041 0.407826 0.619987 0.116427 -0.39933 0.909384 1.01434 0 0 0 1 
4215528470002;0.032832;0.0332022;0.999997 0.00215414 0.000891022 0.00634477 -0.00215771 0.99999 0.0040259 -0.0372395 -0.000882341 -0.00402781 0.999991 0.00595172 0 0 0 1 
4215528470003;0.731607;0.119725;0.995755 -0.0397305 0.083024 -0.0102402 0.0379565 0.999018 0.0228378 -0.843914 -0.0838499 -0.0195896 0.996286 0.389008 0 0 0 1 
4215528470004;0.518474;0.0693619;0.954293 -0.0276431 -0.29759 0.555044 0.0923721 0.974243 0.205715 -0.554352 0.284239 -0.223802 0.932267 -0.327035 0 0 0 1 
4215528470005;0.0948906;0.147464;0.999856 0.00859379 0.0146484 0.0821975 -0.00725208 0.995978 -0.0893063 0.0574006 -0.0153569 0.0891872 0.995896 -0.366144 0 0 0 1 
4215528470006;0.93827;0.530929;0.999181 -0.0125372 -0.0384778 -0.200739 -0.000937257 0.943378 -0.331719 -0.0734718 0.040458 0.331483 0.942593 -1.47513 0 0 0 1 
4215528470007;0.649378;0.722438;0.994344 -0.0121923 -0.105506 -0.0237115 -0.0252997 0.937602 -0.346788 0.329792 0.103151 0.347496 0.931991 -2.04809 0 0 0 1 
4215528470008;0.524363;0.487409;0.959893 0.0625403 -0.273301 -0.15271 -0.0977366 0.988297 -0.117118 0.450349 0.262778 0.139132 0.954772 -2.40709 0 0 0 1 
4215528470009;0.400063;0.185618;0.954736 -0.199977 0.220198 1.14002 0.203992 0.978962 0.00459162 -1.1276 -0.216484 0.040535 0.975444 1.27641 0 0 0 1 
4215528470010;0.581956;0.124009;0.975074 -0.207554 -0.078437 1.20533 0.180323 0.947261 -0.264917 -1.23108 0.129285 0.24417 0.961076 -2.14128 0 0 0 1 
4215528470011;0.358216;0.14237;0.977392 -0.16097 0.137088 0.896007 0.186595 0.961608 -0.201227 -1.0706 -0.0994335 0.222258 0.969904 -0.194703 0 0 0 1 
4215528470012;0.581653;0.491805;0.982237 0.135537 -0.129767 -0.361794 -0.092848 0.952032 0.291571 0.527014 0.163061 -0.274344 0.947706 -0.161509 0 0 0 1 
4215528470013;0.612837;0.0883285;0.983083 -0.0588647 0.173444 0.208081 0.0569658 0.998249 0.0159103 -0.365339 -0.174077 -0.00576075 0.984715 0.511594 0 0 0 1 
4215528470014;0.871128;0.107993;0.97653 -0.215371 0.00224697 1.58659 0.21533 0.976467 0.0120356 -1.33935 -0.00478622 -0.0112693 0.999925 0.717998 0 0 0 1 
4215528470015;0.0605696;0.0813165;0.999962 -0.00497301 0.00722444 0.123017 0.00506924 0.999898 -0.0133639 -0.109035 -0.00715725 0.0134 0.999885 -0.0441162 0 0 0 1 
4215528470016;0.462589;0.261769;0.972752 0.0712357 0.220635 -0.28531 -0.0224321 0.976082 -0.216244 0.0225884 -0.230762 0.205403 0.951083 0.811783 0 0 0 1 
4215528470017;0.763704;0.332779;0.988706 0.0910155 0.119063 -0.409052 -0.133161 0.898035 0.419287 1.01566 -0.0687615 -0.430406 0.900013 3.02812 0 0 0 1 
4215528470018;0.320962;0.318459;0.997528 -0.044585 0.054307 0.130391 0.0381789 0.992774 0.113766 -0.414459 -0.0589869 -0.111412 0.992022 0.75897 0 0 0 1 
4215528470019;0.470754;0.206678;0.901867 0.163279 -0.39997 -0.212213 -0.102848 0.980355 0.168302 0.473365 0.419592 -0.11065 0.900943 -2.1027 0 0 0 1 
4215528470020;0.901423;0.304657;0.936376 -0.323332 0.136587 1.44496 0.32946 0.943857 -0.0243047 -2.04494 -0.12106 0.0677584 0.99033 -0.0400732 0 0 0 1 
4215528470021;0.310289;0.0834749;0.99777 -0.0527376 -0.0409131 0.205105 0.0566885 0.993134 0.102326 -0.430147 0.0352358 -0.104417 0.993909 0.472399 0 0 0 1 
4215528470022;0.501427;0.0605057;0.975871 0.116081 -0.184934 -0.210951 -0.129318 0.989715 -0.0611585 0.646727 0.175933 0.0835982 0.980846 -1.91508 0 0 0 1 
4215528470023;0.509895;0.430056;0.994999 0.0211771 0.0976185 -0.113158 -0.00630418 0.988633 -0.150215 0.0275915 -0.09969 0.148848 0.983822 -0.426264 0 0 0 1 
4215528470024;0.756959;0.101439;0.985115 -0.171279 0.0145771 1.25404 0.170396 0.984176 0.0486096 -1.20136 -0.0226723 -0.0454021 0.998711 0.953348 0 0 0 1 
4215528470025;0.187466;0.129567;0.990978 0.122749 -0.0538147 -0.486831 -0.117331 0.9886 0.0943569 0.721215 0.0647835 -0.0871915 0.994083 -0.0560557 0 0 0 1 
4215528470026;0.0729172;0.0721728;0.999323 -0.0360318 -0.00741676 0.224331 0.0359749 0.999323 -0.00766168 -0.222097 0.0076878 0.00738968 0.999943 -0.149146 0 0 0 1 
4215528470027;0.80863;0.266197;0.996232 0.0226569 -0.0837118 -0.217661 -0.0331494 0.991456 -0.126161 -0.0530323 0.0801381 0.128461 0.988471 -0.504155 0 0 0 1 
4215528470028;0.511375;0.470382;0.996727 -0.00111256 -0.0808306 -0.0597082 0.016532 0.981578 0.190346 -0.310316 0.0791297 -0.19106 0.978384 0.497255 0 0 0 1 
4215528470029;0.874225;0.30276;0.878071 0.020207 -0.478104 1.06909 0.00142479 0.998993 0.0448391 0.32181 0.478528 -0.0400531 0.877158 -3.1679 0 0 0 1 
4215528470031;0.986719;0.147756;0.999166 -0.0407013 0.0033957 0.448764 0.0406747 0.999144 0.00756915 -0.695407 -0.00370087 -0.00742472 0.999966 0.834983 0 0 0 1 
4215528470032;1.06872;0.372845;0.994447 -0.0974636 0.0396987 0.628209 0.104577 0.872949 -0.476471 -0.493628 0.0117836 0.477977 0.878294 -2.6234 0 0 0 1 
4215528470033;0.525088;0.270093;0.994015 -0.109005 -0.00718485 0.769883 0.108876 0.993921 -0.0163405 -1.09971 0.00892237 0.0154605 0.999841 -0.5317 0 0 0 1 
4215528470034;0.461314;0.314652;0.9998 0.0200082 0.000329001 0.0385252 -0.0200105 0.999552 0.0222586 0.0666518 0.0001165 -0.0222607 0.999752 -0.214092 0 0 0 1 
4215528470035;0.980295;0.598185;0.998944 -0.0435475 -0.0146428 -0.0532329 0.043636 0.999031 0.00577827 -0.518984 0.014377 -0.00641112 0.999876 0.0424993 0 0 0 1 
4215528470036;1.14169;0.790371;0.994698 0.0993098 0.0267004 -0.931053 -0.102837 0.960795 0.257481 0.587291 -8.31963e-05 -0.258862 0.965914 2.13029 0 0 0 1 
4215528470037;0.241412;0.18018;0.999628 -0.0272624 -0.000645765 0.434433 0.0272365 0.999292 -0.0259557 -0.191898 0.00135292 0.0259285 0.999663 -0.0577923 0 0 0 1 
4215528470038;0.130156;0.31847;0.999019 0.0344567 0.0278221 -0.0236751 -0.034768 0.999337 0.0107838 0.19661 -0.0274321 -0.0117405 0.999555 0.320144 0 0 0 1 
4215528470039;0.797747;0.626531;0.994549 -0.0595307 -0.0856072 0.257211 0.035349 0.96488 -0.260302 -0.403642 0.0980967 0.255857 0.961725 -1.85367 0 0 0 1 
4215528470040;0.689028;0.252397;0.932703 -0.323477 -0.15946 3.01911 0.342219 0.933358 0.108298 -2.55679 0.113802 -0.155581 0.981246 -0.356513 0 0 0 1 
4215528470041;0.231676;0.28385;0.938432 -0.156279 -0.308095 2.04963 0.114508 0.982125 -0.149394 -0.831802 0.325935 0.104917 0.939552 -3.44668 0 0 0 1 
4215528470042;0.841266;0.167147;0.979042 -0.193168 0.0645248 1.76722 0.182873 0.97327 0.138936 -1.25359 -0.089638 -0.124224 0.988197 1.29018 0 0 0 1 
4215528470043;0.639843;0.651128;0.996137 0.0242954 -0.0843876 0.103368 -0.0221398 0.999407 0.0263862 0.205842 0.0849786 -0.0244159 0.996084 -0.727908 0 0 0 1 
4215528470044;0.994474;0.254116;0.999792 -0.0202185 0.002645 0.358166 0.0202416 0.999754 -0.00902176 -0.199734 -0.00246194 0.00907342 0.999956 -0.86699 0 0 0 1 
4215528470045;0.386524;0.194341;0.997284 -0.00867123 0.0731443 0.127117 -0.0274951 0.877439 0.4789 0.229528 -0.0683323 -0.479611 0.874817 3.33391 0 0 0 1 
4215528470046;1.07289;0.359758;0.975728 0.0529115 -0.212497 0.212997 -0.0401471 0.997146 0.0639436 0.134386 0.215273 -0.0538604 0.975067 -0.862166 0 0 0 1 
4215528470047;0.459821;0.460754;0.993587 0.00997532 0.112628 -0.182072 -0.00848334 0.99987 -0.0137184 -0.00452305 -0.112751 0.0126749 0.993542 0.80885 0 0 0 1 
4215528470048;0.649857;0.516932;0.999277 0.0278448 -0.0258785 -0.230703 -0.0275673 0.999559 0.011019 0.17299 0.026174 -0.0102977 0.999604 -0.0874519 0 0 0 1 
4215528470049;0.633618;0.247363;0.989388 -0.124284 -0.0752651 1.20004 0.135103 0.977532 0.161798 -1.23578 0.0534652 -0.170249 0.98395 0.96382 0 0 0 1 
4215528470050;0.671958;0.60295;0.994402 0.0963309 -0.0434067 -0.766758 -0.0956304 0.995255 0.0179401 0.604361 0.0449289 -0.0136887 0.998896 -0.852421 0 0 0 1 
4215528470051;0.865997;0.709955;0.996708 -0.0321567 -0.0744218 0.424573 0.0177391 0.982231 -0.186834 0.0344598 0.0791074 0.184899 0.979569 -2.23713 0 0 0 1 
4215528470052;0.470145;0.446165;0.995515 0.0840381 -0.0434354 -0.365748 -0.0854733 0.995816 -0.0323112 0.727788 0.0405384 0.0358788 0.998534 -0.629452 0 0 0 1 
4215528470053;1.01323;0.22571;0.993658 0.00967582 0.112026 0.151482 0.00159146 0.994981 -0.100054 -0.0493327 -0.112432 0.0995976 0.988655 -0.309747 0 0 0 1 
4215528470054;0.877545;0.54211;0.997477 0.0572618 -0.0419544 -0.118169 -0.0563491 0.998155 0.0226243 0.371954 0.0431725 -0.0202032 0.998863 -0.835746 0 0 0 1 
4215528470055;0.503431;0.275633;0.997179 -0.037275 0.0651484 0.241333 0.044759 0.992066 -0.117477 -0.0019823 -0.0602526 0.120062 0.990936 0.0699205 0 0 0 1 
4215528470056;0.338949;0.295475;0.94994 -0.305037 0.0675737 2.35403 0.312097 0.936468 -0.160072 -2.34406 -0.0144527 0.173149 0.98479 -0.85719 0 0 0 1 
4215528470057;0.60477;0.182745;0.999367 -0.0349006 0.00692347 0.34507 0.03468 0.998955 0.0297726 -0.269158 -0.00795532 -0.0295137 0.999533 -0.269622 0 0 0 1 
4215528470058;0.117082;0.248671;0.990229 -0.139446 -0.00107958 1.09176 0.13942 0.990148 -0.0130082 -1.21868 0.00288288 0.0127305 0.999915 -0.104412 0 0 0 1 
4215528470059;0.289428;0.392241;0.998208 -0.00818439 -0.0592828 0.0186767 0.00159217 0.993886 -0.110404 0.00185072 0.0598239 0.110111 0.992117 -1.25861 0 0 0 1 
4215528470060;0.876862;0.850022;0.96064 0.0968347 -0.260372 -0.00784834 -0.0753386 0.992967 0.0913322 0.43426 0.267385 -0.0681214 0.961179 -2.5708 0 0 0 1 
4215528470062;1.03489;0.705237;0.953719 -0.155664 0.257272 0.49792 0.213271 0.953313 -0.213798 -2.44224 -0.21198 0.258772 0.942391 2.6224 0 0 0 1 
4215528470063;0.150783;0.222674;0.993195 0.0832064 0.0814872 -0.488755 -0.0897941 0.992675 0.0808233 1.16476 -0.0741654 -0.0875903 0.993392 1.31345 0 0 0 1 
4215528470064;1.26892;0.498024;0.975845 0.147822 -0.160859 0.121453 -0.129704 0.984521 0.117882 1.78481 0.175794 -0.0941701 0.979912 -2.90309 0 0 0 1 
4215528470065;0.672821;0.154347;0.998579 -0.0519543 0.0118494 0.0226657 0.0523821 0.997856 -0.0392284 -0.71979 -0.00978594 0.0397934 0.99916 -0.275873 0 0 0 1 
4215528470066;0.971407;0.24722;0.974811 -0.0512384 0.217069 0.0454568 0.134034 0.912486 -0.386529 -0.919017 -0.178267 0.405887 0.896369 1.81431 0 0 0 1 
4215528470067;0.479383;0.742328;0.998989 0.00974212 0.0438905 -0.343358 -0.00256406 0.986997 -0.160718 0.377523 -0.0448855 0.160443 0.986024 0.0718826 0 0 0 1 
4215528470068;1.75898;1.54475;0.98099 0.193902 0.00780486 -0.535154 -0.193201 0.972084 0.13314 3.05281 0.0182291 -0.132117 0.991067 -0.0850329 0 0 0 1 
4215528470069;1.1695;0.0635579;0.972652 -0.230395 0.0294282 1.08816 0.226021 0.968054 0.108566 -3.28535 -0.053501 -0.0989451 0.993654 1.80636 0 0 0 1 
4215528470070;0.627154;0.148959;0.999718 -0.0204349 0.0120678 -0.00727232 0.020009 0.999207 0.0344176 -0.22079 -0.0127616 -0.0341665 0.999335 0.0129107 0 0 0 1 
4215528470071;1.13782;0.0885607;0.982247 -0.0661075 -0.175556 1.1415 0.0816838 0.993194 0.083028 -1.01903 0.168873 -0.0958941 0.980962 -2.54339 0 0 0 1 
4215528470072;1.12233;0.263071;0.996924 0.0728742 -0.0288337 -0.559104 -0.0726391 0.997317 0.00912032 0.708683 0.029421 -0.00699781 0.999543 -0.0543297 0 0 0 1 
4215528470073;0.253366;0.0326568;0.958184 -0.0890962 0.271929 0.308333 0.165278 0.948069 -0.271752 -1.58909 -0.233595 0.305332 0.92315 2.45023 0 0 0 1 
4215528470074;0.891847;0.237204;0.924837 0.193114 -0.327695 1.20393 -0.116189 0.963782 0.240051 1.19719 0.362183 -0.183934 0.913779 -4.75837 0 0 0 1 
4215528470075;0.661748;0.417364;0.99776 0.0315385 0.0590002 -0.355769 -0.0315877 0.999501 -9.86299e-05 0.495671 -0.0589739 -0.00176527 0.998258 1.13962 0 0 0 1 
4215528470076;1.55682;0.247751;0.999911 0.0079674 -0.0107128 -0.0533281 -0.00803375 0.999949 -0.00616502 0.302516 0.0106632 0.00625054 0.999924 -1.03661 0 0 0 1 
4215528470077;0.434483;0.450219;0.987883 -0.155186 -0.00229169 0.443811 0.155017 0.987317 -0.0342748 -2.00469 0.00758159 0.0335042 0.99941 -0.374262 0 0 0 1 
4215528470078;1.12372;1.02637;0.959934 -0.09824 0.262441 0.294867 0.0936939 0.995155 0.0298125 -1.43617 -0.264098 -0.00402889 0.964487 3.88997 0 0 0 1 
4215528470079;1.36039;1.11677;0.992967 0.0180777 0.117003 -0.666746 -0.00105317 0.989583 -0.143959 -0.0329702 -0.118387 0.142823 0.982642 1.40508 0 0 0 1 
4215528470080;1.57691;0.11907;0.972015 0.201766 -0.120326 -0.182082 -0.179251 0.968067 0.175258 3.14854 0.151845 -0.148785 0.977142 -1.44179 0 0 0 1 
4215528470081;1.29705;1.07509;0.989257 0.14453 -0.0219554 -0.530655 -0.141904 0.985469 0.0933475 2.28838 0.0351279 -0.0892291 0.995391 -0.184733 0 0 0 1 
4215528470082;0.754436;0.03816;0.994779 -0.076102 -0.0680004 0.595788 0.0661853 0.988251 -0.137766 -0.937861 0.0776857 0.132546 0.988128 -1.26241 0 0 0 1 
4215528470083;1.36137;0.448127;0.994913 0.0181143 0.099099 -0.449814 -0.0106272 0.997084 -0.0755644 0.377059 -0.100179 0.0741268 0.992204 1.88809 0 0 0 1 
4215528470084;1.66015;0.161062;0.955585 -0.246394 -0.161702 1.08389 0.241756 0.969146 -0.0480746 -3.45414 0.168558 0.00684692 0.985668 -2.8419 0 0 0 1 
4215528470085;1.13067;0.150009;0.998964 -0.0354298 -0.0285701 -0.0626252 0.0379098 0.995081 0.0915292 -0.914279 0.0251867 -0.0925175 0.995392 0.561002 0 0 0 1 
4215528470086;1.1632;1.25605;0.928474 -0.0130344 0.371169 0.149156 0.00426835 0.999692 0.0244292 -0.142827 -0.371373 -0.0210976 0.928244 5.51492 0 0 0 1 
4215528470087;0.757202;0.750038;0.997351 0.0194441 0.0700917 -0.405349 -0.0117584 0.994033 -0.108441 0.292848 -0.071782 0.107329 0.991629 0.854375 0 0 0 1 
4215528470088;1.28516;0.559652;0.998813 -0.0487061 -0.00105127 0.0719411 0.0486684 0.998542 -0.0233558 -0.75748 0.00218731 0.0232769 0.999727 0.533795 0 0 0 1 
4215528470089;0.703952;0.560414;0.996502 0.0695309 -0.046352 -0.398189 -0.06817 0.997213 0.0303234 0.982835 0.0483312 -0.0270576 0.998465 -0.292238 0 0 0 1 
4215528470090;1.03548;0.499528;0.957152 -0.114137 0.266144 0.127978 0.208735 0.908954 -0.360878 -1.71623 -0.200723 0.400969 0.893831 1.26534 0 0 0 1 
4215528470091;1.49069;1.6403;0.996948 0.070206 0.0341334 -0.384516 -0.0731415 0.99287 0.0941287 0.900419 -0.0272817 -0.096338 0.994975 0.693366 0 0 0 1 
4215528470093;0.435815;0.721432;0.950905 -0.30181 -0.0684827 1.10402 0.309235 0.917746 0.249231 -0.626102 -0.0123708 -0.258173 0.96602 0.292994 0 0 0 1 
4215528470094;0.626818;0.197451;0.999797 0.0196518 0.00444327 0.145193 -0.0194595 0.999017 -0.0398382 0.191399 -0.0052218 0.0397437 0.999196 -0.66549 0 0 0 1 
4215528470095;0.64508;0.738619;0.939638 -0.341227 -0.0254081 1.40234 0.340068 0.939504 -0.0410472 -0.88669 0.0378774 0.029929 0.998834 -0.353313 0 0 0 1 
4215528470096;0.715932;0.412536;0.996758 -0.0804137 -0.00250122 0.217861 0.0802449 0.995937 -0.0408697 -0.540062 0.00577755 0.0405365 0.999161 -0.379714 0 0 0 1 
4215528470097;0.899584;0.939514;0.942275 -0.330794 0.051895 1.059 0.334702 0.926069 -0.174274 -0.478994 0.00959039 0.181584 0.983329 0.377419 0 0 0 1 
4215528470098;0.598276;0.277765;0.987459 -0.111773 0.111492 0.450944 0.0899475 0.978703 0.184527 -0.455293 -0.129743 -0.172185 0.976483 0.0767004 0 0 0 1 
4215528470099;0.333474;0.213966;0.969843 0.0513761 -0.238254 0.275636 0.0498963 0.914976 0.400411 -0.0138685 0.238568 -0.400223 0.88482 -0.459495 0 0 0 1 
4215528470100;0.645112;0.121461;0.999578 -0.0285695 -0.0051757 0.131693 0.0285377 0.999574 -0.00612258 -0.0252513 0.00534842 0.00597229 0.999968 -0.713226 0 0 0 1 
4215528470101;0.802084;0.0995359;0.999387 -0.0180776 0.0299905 0.864803 0.0198718 0.997961 -0.0606465 0.154289 -0.028833 0.0612053 0.997709 0.363829 0 0 0 1 
4215528470102;0.571321;0.125283;0.999806 -0.0196345 0.00154075 -0.0371219 0.0196844 0.998763 -0.045659 0.189341 -0.000642353 0.0456805 0.998956 -0.543822 0 0 0 1 
4215528470103;0.118159;0.273662;0.991999 -0.125579 -0.0129722 0.332445 0.125614 0.992077 0.00187488 -0.197209 0.012634 -0.00348937 0.999914 -0.0309219 0 0 0 1 
4215528470104;0.483078;0.128333;0.960709 -0.0213427 0.276737 0.304599 -0.00394832 0.995887 0.0905126 -0.242838 -0.27753 -0.0880489 0.956674 1.14932 0 0 0 1 
4215528470105;0.856272;0.501881;0.961583 0.112284 0.250501 -0.265363 -0.0564359 0.973889 -0.219897 0.212988 -0.268652 0.197312 0.942812 0.610239 0 0 0 1 
4215528470106;0.960069;0.133669;0.993208 -0.0905949 0.0730088 0.803597 0.0874488 0.995143 0.0452008 -0.690518 -0.0767492 -0.0385093 0.996306 0.807946 0 0 0 1 
4215528470107;0.403602;0.28846;0.921095 0.252162 -0.296644 0.436741 -0.248779 0.967281 0.0497637 0.900358 0.299487 0.0279618 0.953691 -1.01181 0 0 0 1 
4215528470108;0.717513;0.298143;0.997394 0.0709696 -0.0130052 0.763501 -0.0716244 0.995637 -0.059799 -0.0613862 0.00870453 0.0605747 0.998126 0.0534665 0 0 0 1 
4215528470109;0.671253;0.260506;0.978852 -0.204528 -0.00406904 0.421851 0.204502 0.978848 -0.00598331 -0.439793 0.00520672 0.00502465 0.999974 0.620581 0 0 0 1 
4215528470110;0.085073;0.10236;0.999868 0.016237 -0.000790198 0.101924 -0.0162426 0.999839 -0.00762626 0.0577187 0.000666244 0.00763808 0.999971 -0.0957446 0 0 0 1 
4215528470111;0.687198;0.108393;0.99872 -0.00242093 0.0505276 -0.0292847 -0.000653409 0.998153 0.0607398 -0.00706729 -0.0505813 -0.0606951 0.996874 0.881502 0 0 0 1 
4215528470112;0.990082;0.276914;0.978587 0.205832 -0.000141377 0.28618 -0.203462 0.967421 0.150665 0.798964 0.0311484 -0.14741 0.988585 0.960232 0 0 0 1 
4215528470113;0.115928;0.153809;0.999312 0.0360538 -0.00864108 0.0772706 -0.0360836 0.999343 -0.00331681 0.173985 0.00851582 0.00362634 0.999957 -0.0522952 0 0 0 1 
4215528470114;0.310906;0.15321;0.999933 -0.0112654 -0.00282214 -0.0315566 0.0112476 0.999917 -0.00624003 0.00998969 0.00289221 0.00620786 0.999977 -0.296466 0 0 0 1 
4215528470115;0.363564;0.235614;0.994762 0.102208 0.00126968 0.524141 -0.101704 0.990947 -0.0876318 0.441449 -0.0102149 0.0870436 0.996152 -0.0347918 0 0 0 1 
4215528470116;0.348278;0.431535;0.899973 -0.285697 0.32928 0.829325 0.220222 0.949807 0.222191 -0.479925 -0.376231 -0.127451 0.917718 0.993322 0 0 0 1 
4215528470117;0.290367;0.304955;0.996126 0.0506435 -0.0718918 0.080208 -0.0566263 0.994874 -0.0837793 0.145636 0.0672804 0.0875257 0.993888 -0.164342 0 0 0 1 
4215528470118;0.65787;0.199906;0.997384 0.0609493 0.0388667 0.361217 -0.0577321 0.995192 -0.0791197 -0.188133 -0.0435021 0.0766688 0.996107 -0.369861 0 0 0 1 
4215528470119;0.205525;0.123625;0.992256 -0.0866502 0.0889881 0.195578 0.0959122 0.989761 -0.105706 -0.103563 -0.0789176 0.113422 0.990408 0.203015 0 0 0 1 
4215528470120;0.310799;0.260461;0.992435 -0.0267034 -0.119835 0.277161 0.065038 0.942204 0.328666 -0.152317 0.104133 -0.333974 0.936813 -0.0578369 0 0 0 1 
4215528470121;0.660347;0.123754;0.940062 -0.0354998 0.339152 0.359252 0.152391 0.933463 -0.32469 -0.443235 -0.305059 0.356912 0.882923 1.18065 0 0 0 1 
4215528470122;0.789381;0.490569;0.965443 0.173437 0.194521 0.0603762 -0.191967 0.978078 0.0807015 0.45764 -0.17626 -0.115254 0.977573 -0.0219239 0 0 0 1 
4215528470124;0.80876;0.472422;0.947205 0.0275653 0.319441 0.0832326 0.0293461 0.984662 -0.171986 0.173717 -0.319283 0.17228 0.931868 0.733091 0 0 0 1 
4215528470125;0.139303;0.105071;0.991146 -0.0480148 -0.123791 0.0827114 0.0312349 0.990477 -0.134091 -0.159644 0.12905 0.129037 0.983207 -0.878306 0 0 0 1 
4215528470126;0.0966618;0.0804579;0.995495 -0.0680651 -0.0659993 0.122054 0.0690424 0.997534 0.0126378 -0.293308 0.0649763 -0.0171376 0.99774 -0.28981 0 0 0 1 
4215528470127;0.789796;0.0342592;0.997467 -0.0710209 0.00388028 -0.217818 0.0710187 0.997475 0.00070024 -0.201564 -0.00392021 -0.000422895 0.999992 0.660614 0 0 0 1 
4215528470128;0.207096;0.0338701;0.998947 0.0365155 0.0277745 -0.134489 -0.0364486 0.999331 -0.002912 0.16228 -0.0278623 0.00189659 0.99961 -0.0799581 0 0 0 1 
4215528470129;0.938911;0.146816;0.999969 -0.000780216 0.00788064 -0.142464 0.000786392 0.999999 -0.000780672 0.16473 -0.00788002 0.000786844 0.999969 0.857415 0 0 0 1 
4215528470130;0.991785;0.515927;0.985988 -0.0017913 -0.166807 -0.393787 0.0233022 0.991618 0.127089 -0.284228 0.165181 -0.129196 0.977765 -0.157592 0 0 0 1 
4215528470131;0.387282;0.100001;0.988404 -0.151753 0.0053918 0.043787 0.151763 0.988416 -0.00155978 -0.417112 -0.00509264 0.00235997 0.999984 -0.0800373 0 0 0 1 
4215528470132;0.92999;0.491766;0.997831 -0.06163 0.0231385 0.07494 0.0624524 0.997374 -0.0366791 -0.159564 -0.0208172 0.0380445 0.999059 -0.796466 0 0 0 1 
4215528470133;0.555582;0.331954;0.953811 0.297875 -0.0389144 -0.340665 -0.298532 0.925428 -0.233371 1.32051 -0.033503 0.234209 0.971609 -0.571445 0 0 0 1 
4215528470134;0.99593;0.691011;0.965035 0.0287115 0.260543 -0.0715331 -0.0495504 0.996044 0.0737688 0.207337 -0.257394 -0.0840995 0.96264 0.488007 0 0 0 1 
4215528470135;1.17319;0.91011;0.990233 -0.00893107 0.139133 -0.0726296 0.0631215 0.918528 -0.390285 -0.291602 -0.124312 0.395255 0.910121 0.286305 0 0 0 1 
4215528470136;0.830588;0.646608;0.998618 -0.0259683 0.0456845 -0.075825 0.0110427 0.953655 0.300701 -0.201419 -0.0513759 -0.299781 0.952624 0.904456 0 0 0 1 
4215528470137;0.395265;0.248196;0.987124 -0.12387 0.101204 0.122852 0.066661 0.893709 0.443667 -0.207904 -0.145404 -0.431208 0.890459 1.75368 0 0 0 1 
4215528470138;1.02893;0.559782;0.989315 0.125163 -0.0747632 0.216244 -0.114649 0.984682 0.131362 0.578331 0.0900597 -0.121387 0.988511 -0.401149 0 0 0 1 
4215528470139;0.649753;0.311525;0.988153 -0.0774186 -0.132516 -0.118017 0.047005 0.974618 -0.218883 -0.271097 0.146098 0.210061 0.966711 -0.726 0 0 0 1 
4215528470140;0.360307;0.343266;0.898411 -0.0388557 0.437433 0.178075 0.0780332 0.994352 -0.0719417 -0.278647 -0.432167 0.0987675 0.896369 1.7715 0 0 0 1 
4215528470141;0.657293;0.0978656;0.998177 0.00649686 -0.0600052 -0.533608 -0.00766776 0.999784 -0.0193036 -0.0186357 0.0598669 0.0197285 0.998011 -0.41422 0 0 0 1 
4215528470142;0.724166;0.108172;0.993735 0.111607 0.00579319 -0.299489 -0.111356 0.993222 -0.0333199 -0.0532245 -0.00947267 0.0324661 0.999428 0.25937 0 0 0 1 
4215528470143;0.681426;0.0624837;0.945491 0.113489 -0.305233 -0.416686 -0.0369258 0.968626 0.245765 0.337901 0.323548 -0.221098 0.920018 -1.20466 0 0 0 1 
4215528470144;0.404104;0.0761814;0.996572 -0.0820745 -0.0103687 -0.0802256 0.082463 0.995562 0.0453344 -0.131966 0.0066019 -0.0460341 0.998918 -0.0103595 0 0 0 1 
4215528470145;0.189223;0.0793877;0.997878 -0.054093 -0.0362421 0.0745536 0.041618 0.957953 -0.283892 -0.0800802 0.0500748 0.281781 0.958171 -0.877478 0 0 0 1 
4215528470146;0.235131;0.0239184;0.991772 0.0365541 0.122685 -0.214749 -0.035448 0.999309 -0.0111871 0.0813918 -0.123009 0.0067461 0.992383 0.616884 0 0 0 1 
4215528470147;0.605051;0.100273;0.999425 -0.00714174 -0.0331477 -0.375935 0.00716175 0.999974 0.000484965 -0.179043 0.0331434 -0.000722081 0.99945 -0.430095 0 0 0 1 
4215528470148;0.594371;0.325752;0.908306 -0.132011 0.396929 0.505859 0.074811 0.984864 0.156354 -0.395194 -0.411562 -0.112322 0.904434 2.43817 0 0 0 1 
4215528470149;0.787506;0.533967;0.999853 -0.00200272 0.0170532 0.0746485 0.00194266 0.999992 0.00353813 -0.247698 -0.0170601 -0.00350448 0.999848 0.0334861 0 0 0 1 
4215528470150;0.616542;0.243935;0.968037 0.174675 0.179982 -0.307138 -0.174171 0.984537 -0.0187234 0.649283 -0.18047 -0.0132228 0.983492 1.30876 0 0 0 1 
4215528470151;0.660847;0.556451;0.998424 -0.0530402 0.018322 0.0709988 0.0544104 0.994907 -0.0848495 -0.18724 -0.0137283 0.0857127 0.996225 -0.479487 0 0 0 1 
4215528470152;0.936036;0.10441;0.970039 0.212398 0.117949 -0.417482 -0.215033 0.976556 0.00994107 1.01549 -0.113072 -0.0350062 0.99297 -0.291468 0 0 0 1 
4215528470153;0.43556;0.483882;0.993641 -0.0402624 -0.105147 -0.0698338 0.0232785 0.987162 -0.158018 -0.10803 0.110159 0.154565 0.981822 -0.931864 0 0 0 1 
4215528470155;0.767559;0.042414;0.978787 0.20482 0.00505248 -0.261632 -0.204599 0.975841 0.0766421 1.58472 0.0107674 -0.07605 0.997046 -0.199403 0 0 0 1 
4215528470156;0.534127;0.141129;0.955067 0.0989671 -0.279379 0.174273 -0.0712088 0.991615 0.10784 0.334849 0.287709 -0.0830997 0.954106 -1.40213 0 0 0 1 
4215528470157;0.770434;0.251961;0.959724 0.258505 0.110022 0.189692 -0.248275 0.963669 -0.0985012 0.901781 -0.131487 0.0672184 0.989036 1.12043 0 0 0 1 
4215528470158;0.945303;0.147601;0.930494 0.353618 -0.0955788 -0.329719 -0.334074 0.926245 0.174544 1.98042 0.150251 -0.130482 0.979999 -1.06055 0 0 0 1 
4215528470159;0.28795;0.185305;0.998642 -0.0419122 -0.0309541 -0.0214068 0.0412009 0.99888 -0.0232696 -0.0554858 0.0318947 0.0219627 0.99925 0.108723 0 0 0 1 
4215528470160;0.771203;0.247361;0.997193 -0.0599549 -0.0448596 -0.363161 0.0586853 0.997852 -0.0291029 -0.271493 0.0465081 0.0263886 0.998569 -0.845636 0 0 0 1 
4215528470161;0.233784;0.0600968;0.981666 0.144318 0.124513 -0.215258 -0.142738 0.989526 -0.0215667 0.689023 -0.126321 0.00339865 0.991984 0.348877 0 0 0 1 
4215528470162;0.571431;0.166239;0.996736 0.0255059 0.0765914 -0.526185 -0.0379463 0.985454 0.165652 0.171195 -0.0712522 -0.168018 0.983205 0.657507 0 0 0 1 
4215528470163;0.611739;0.0460797;0.996555 -0.0698793 0.0446726 -0.113043 0.07114 0.997093 -0.0272814 0.0689885 -0.0426364 0.0303654 0.998629 0.787559 0 0 0 1 
4215528470164;0.552648;0.419352;0.998719 -0.030559 0.0403409 0.0310676 0.0319419 0.998908 -0.0340946 -0.256235 -0.039255 0.0353395 0.998604 0.149506 0 0 0 1 
4215528470165;0.294545;0.0482875;0.998686 0.0311854 -0.0406591 -0.0376633 -0.0304299 0.999355 0.0190707 0.484175 0.0412276 -0.0178084 0.998991 -0.231202 0 0 0 1 
4215528470166;0.624564;0.247291;0.935837 0.351707 0.0226248 0.435542 -0.348562 0.933136 -0.0880955 1.44412 -0.0520958 0.0745568 0.995855 -0.181321 0 0 0 1 
4215528470167;0.723593;0.0530528;0.996243 0.0865798 -0.00173637 -0.260246 -0.0864821 0.993685 -0.0714846 0.55658 -0.00446372 0.0713663 0.99744 0.786771 0 0 0 1 
4215528470168;0.682452;0.138776;0.89362 0.283847 -0.34767 0.167761 -0.248508 0.957962 0.143362 1.14023 0.373748 -0.0417123 0.926592 -0.483373 0 0 0 1 
4215528470169;0.452691;0.143426;0.984744 0.164386 -0.0570639 -0.145864 -0.157267 0.981133 0.112449 0.732761 0.0744724 -0.101759 0.992018 -0.610647 0 0 0 1 
4215528470170;0.927037;0.0608808;0.972831 0.19163 -0.129914 -0.490788 -0.121812 0.900863 0.416663 1.14286 0.19688 -0.389518 0.89973 -0.809402 0 0 0 1 
4215528470171;0.544194;0.0347163;0.889642 0.126828 -0.438694 0.657293 -0.217246 0.962531 -0.162289 1.08315 0.401674 0.239684 0.883861 -1.74005 0 0 0 1 
4215528470172;0.700934;0.138432;0.892359 0.151202 0.425246 -0.281019 -0.120765 0.987849 -0.0978217 0.168195 -0.43487 0.035937 0.899776 1.72106 0 0 0 1 
4215528470173;0.534414;0.0582893;0.972234 0.148606 -0.180769 0.127274 -0.153432 0.988075 -0.0129334 0.892618 0.176692 0.0403102 0.98344 -1.12426 0 0 0 1 
4215528470174;0.297039;0.123206;0.996455 0.0802242 0.0253242 -0.0644144 -0.0833558 0.982181 0.168441 0.390909 -0.0113599 -0.169955 0.985386 -0.0919309 0 0 0 1 
4215528470175;0.347703;0.172967;0.954157 0.225999 0.196237 -0.0848617 -0.283539 0.892502 0.35078 1.07409 -0.0958663 -0.39034 0.915666 0.550214 0 0 0 1 
4215528470176;0.75672;0.510675;0.949303 -0.0211882 0.313646 -0.0652719 0.0860837 0.97711 -0.194539 0.0246658 -0.302345 0.211676 0.929398 0.418739 0 0 0 1 
4215528470177;0.756848;0.117958;0.987976 0.154559 -0.0038468 0.114486 -0.146785 0.945515 0.290614 0.815754 0.0485542 -0.286555 0.956833 -0.674949 0 0 0 1 
4215528470178;0.523311;0.40642;0.983262 -0.0571345 -0.173009 -0.053073 0.0423283 0.995212 -0.0880945 -0.134015 0.177214 0.0792968 0.980973 -0.889994 0 0 0 1 
4215528470179;0.41696;0.0913403;0.925056 0.319148 -0.20595 0.106525 -0.253611 0.922623 0.290599 1.11716 0.282758 -0.216589 0.934418 -0.743975 0 0 0 1 
4215528470180;0.591922;0.138818;0.934542 0.342773 -0.0955926 -0.026932 -0.340081 0.939382 0.0436689 1.50938 0.104766 -0.00830114 0.994462 -0.849801 0 0 0 1 
4215528470181;0.100371;0.0932576;0.997014 0.073429 -0.0238808 -0.0500592 -0.0700368 0.990214 0.120712 0.356665 0.0325109 -0.118679 0.9924 0.00693429 0 0 0 1 
4215528470182;0.852078;0.380926;0.992301 -0.012938 -0.123174 0.0544657 0.0175185 0.999192 0.0361768 0.128519 0.122607 -0.0380561 0.991725 -1.30392 0 0 0 1 
4215528470183;0.165427;0.0466732;0.999038 -0.00493795 0.0435829 0.120076 0.00975171 0.993779 -0.11094 0.045204 -0.0427639 0.111258 0.992871 0.133303 0 0 0 1 
4215528470184;0.841318;0.0795195;0.883278 -0.0803407 -0.461915 0.285802 0.0253976 0.991961 -0.123966 0.440266 0.468161 0.0977648 0.878218 -2.39379 0 0 0 1 
4215528470186;0.933251;0.556941;0.999436 -0.0322656 0.00935516 0.0371101 0.0312045 0.994769 0.0972718 -0.0902925 -0.0124448 -0.096925 0.995214 -0.568459 0 0 0 1 
4215528470187;0.872934;0.0738731;0.961304 -0.12427 -0.24587 0.00216591 0.0591898 0.964805 -0.256218 -0.180541 0.269057 0.231751 0.934826 -2.29974 0 0 0 1 
4215528470188;0.636802;0.0241935;0.992044 0.123666 -0.0235674 -0.600881 -0.125885 0.976406 -0.175455 0.405 0.0013136 0.177026 0.984205 0.0411542 0 0 0 1 
4215528470189;0.616608;0.505753;0.917749 0.0511931 0.393848 0.0818128 -0.00254695 0.992396 -0.123058 -0.0215892 -0.397153 0.111934 0.910901 1.74104 0 0 0 1 
4215528470190;0.721491;0.0648775;0.998039 0.0594289 0.0196775 -0.50768 -0.0590964 0.998106 -0.0170676 0.0847142 -0.0206545 0.0158712 0.999661 -0.529378 0 0 0 1 
4215528470191;0.988569;0.323766;0.997699 0.0671691 0.0092179 -0.310129 -0.0677388 0.993274 0.0939034 0.321606 -0.00284849 -0.0943118 0.995539 1.02254 0 0 0 1 
4215528470192;0.483071;0.209194;0.982512 0.172096 0.0710919 -0.405388 -0.16411 0.980726 -0.106043 0.382234 -0.0879713 0.0925218 0.991817 0.212015 0 0 0 1 
4215528470193;1.00219;0.757069;0.993913 -0.0314952 0.105569 0.118235 0.0231528 0.996579 0.0793374 -0.171202 -0.107706 -0.0764103 0.991242 1.12748 0 0 0 1 
4215528470194;0.574823;0.45099;0.969694 0.0238959 -0.243153 0.0448341 -0.0914206 0.958398 -0.270398 0.429473 0.226576 0.284433 0.931537 -1.79677 0 0 0 1 
4215528470195;0.262201;0.231851;0.998254 0.0570642 -0.0152233 -0.192446 -0.0563629 0.99748 0.043081 0.188032 0.0176433 -0.0421477 0.998956 0.0670529 0 0 0 1 
4215528470196;0.705585;0.0832474;0.997324 0.0646602 0.0341241 -0.199625 -0.0675773 0.993399 0.0926937 0.524538 -0.0279053 -0.0947516 0.99511 0.933908 0 0 0 1 
4215528470197;0.958351;0.452708;0.973749 -0.0446262 -0.223208 -0.234148 0.0301203 0.997232 -0.0679771 -0.301398 0.225624 0.0594695 0.972398 -0.491509 0 0 0 1 
4215528470198;0.657229;0.356707;0.991401 0.0342579 -0.126298 0.188259 -0.0275949 0.998152 0.0541346 0.275414 0.127919 -0.050184 0.990514 -0.636319 0 0 0 1 
4215528470199;0.280312;0.280401;0.956438 -0.00970646 0.291774 0.0420684 -0.0626094 0.969372 0.237482 0.300676 -0.285143 -0.245405 0.926537 1.57987 0 0 0 1 
4215528470200;0.717676;0.0335559;0.948028 0.27349 -0.162622 -0.796137 -0.252097 0.957441 0.140547 0.752593 0.19414 -0.0922462 0.976627 -0.460534 0 0 0 1 
4215528470201;0.269494;0.0698009;0.9984 -0.0274328 0.0494481 -0.0451477 0.0284006 0.999416 -0.0189766 0.0359418 -0.0488987 0.0203506 0.998596 0.291296 0 0 0 1 
4215528470202;0.839096;0.580355;0.955271 -0.0475866 0.291877 -0.153213 0.0279909 0.997087 0.0709512 -0.195816 -0.294403 -0.0596077 0.953821 0.650083 0 0 0 1 
4215528470203;0.446878;0.350932;0.970918 0.239412 0.000765232 -0.390931 -0.239409 0.970915 -0.00260391 0.9353 -0.00136638 0.00234498 0.999996 0.0254626 0 0 0 1 
4215528470204;0.245546;0.210997;0.977504 -0.210655 -0.0104854 0.243361 0.210568 0.977539 -0.00885887 -0.89236 0.0121161 0.00645168 0.999906 -0.0678555 0 0 0 1 
4215528470205;0.862633;0.0748584;0.999641 0.0266435 -0.00292997 -0.171467 -0.026638 0.999643 0.00191747 -0.0147528 0.00298002 -0.00183873 0.999994 0.827393 0 0 0 1 
4215528470206;0.412937;0.183722;0.99733 0.0701246 -0.0203825 -0.175526 -0.0610635 0.953885 0.293894 0.158585 0.0400518 -0.291865 0.955621 0.248912 0 0 0 1 
4215528470207;0.79837;0.190991;0.997854 0.0631661 -0.0172734 0.192711 -0.0488032 0.893197 0.447009 0.132065 0.0436644 -0.445206 0.894363 0.288855 0 0 0 1 
4215528470208;0.797346;0.435177;0.997183 -0.0642073 0.0387686 -0.203078 0.0531802 0.969757 0.238209 -0.117074 -0.0528909 -0.235477 0.97044 1.37576 0 0 0 1 
4215528470209;0.744174;0.122872;0.999727 0.0166904 -0.0163645 -0.169603 -0.017031 0.999637 -0.0208955 0.232296 0.0160098 0.0211685 0.999648 0.568267 0 0 0 1 
4215528470210;0.00963021;0.0484626;0.999948 -0.00779003 0.00662468 -0.0296857 0.00780162 0.999968 -0.00172624 -0.0207111 -0.00661102 0.00177783 0.999977 0.00644904 0 0 0 1 
4215528470211;0.575999;0.0844424;0.984621 0.149006 -0.0912128 -0.0483357 -0.145428 0.988358 0.0447221 0.613105 0.0968147 -0.0307693 0.994827 -0.826222 0 0 0 1 
4215528470212;0.0961837;0.0528361;0.999124 -0.0408854 -0.00893911 0.0532917 0.0393581 0.990541 -0.131448 -0.140987 0.0142289 0.130981 0.991283 -0.295589 0 0 0 1 
4215528470213;0.289621;0.279529;0.967804 -0.024076 -0.250551 0.0635186 -0.0551371 0.950961 -0.304358 0.161081 0.245592 0.308373 0.919016 -1.67372 0 0 0 1 
4215528470214;0.573067;0.115281;0.997402 -0.0565409 -0.0446368 0.268493 0.0587923 0.996974 0.0508492 -0.218449 0.0416267 -0.0533414 0.997708 -0.59686 0 0 0 1 
4215528470215;0.890995;0.398603;0.999473 -0.0322611 0.00367147 -0.0402712 0.0322961 0.999429 -0.00990306 -0.0650025 -0.00334989 0.0100164 0.999944 -0.847618 0 0 0 1 
4215528470217;1.22438;0.0451625;0.999758 0.00806907 -0.0204557 0.419453 -0.00847823 0.999764 -0.0199954 0.202488 0.0202895 0.020164 0.999591 -0.985177 0 0 0 1 
4215528470218;0.463441;0.514122;0.999402 -0.00529465 -0.0341609 -0.0137348 -0.00160291 0.98004 -0.198792 0.390785 0.0345316 0.198728 0.979446 -1.45284 0 0 0 1 
4215528470219;1.25639;0.464379;0.995181 -0.0406596 -0.0892282 0.305933 0.0659021 0.951155 0.301596 -1.12483 0.0726071 -0.306023 0.949251 0.378561 0 0 0 1 
4215528470220;0.864498;0.263561;0.989776 0.0396053 0.137019 -0.167492 -0.0935233 0.905536 0.413834 0.606801 -0.107686 -0.422417 0.899982 3.1862 0 0 0 1 
4215528470221;0.77456;0.824197;0.978054 0.00567406 0.208276 -0.171377 -0.00774872 0.999928 0.00914655 -0.0279825 -0.208209 -0.0105597 0.978027 2.13141 0 0 0 1 
4215528470222;0.34545;0.156616;0.954132 -0.299282 -0.00794189 2.08902 0.299333 0.953114 0.0444218 -3.03529 -0.00572513 -0.0447615 0.998981 0.230564 0 0 0 1 
4215528470223;0.822643;0.209322;0.91335 -0.392116 -0.109713 3.32314 0.384758 0.919316 -0.0825775 -3.63164 0.133241 0.0332091 0.990527 -1.93454 0 0 0 1 
4215528470224;0.61224;0.148941;0.998255 -0.0295677 0.0511201 0.289446 0.0370124 0.987773 -0.15144 -0.151245 -0.0460173 0.153068 0.987144 -0.0609556 0 0 0 1 
4215528470225;0.96443;0.432938;0.999768 0.00629721 0.0205944 -0.0627022 -0.00615843 0.999958 -0.00679543 0.415161 -0.0206363 0.00666702 0.999765 -0.0690072 0 0 0 1 
4215528470226;1.60186;0.179436;0.993657 -0.0741439 -0.0845456 0.451049 0.102561 0.905854 0.410986 -1.06346 0.0461138 -0.417051 0.907713 2.69774 0 0 0 1 
4215528470227;0.62327;0.226736;0.992728 0.0466462 0.110976 -0.262559 -0.0382459 0.996324 -0.0766555 0.555957 -0.114144 0.0718537 0.990862 0.497054 0 0 0 1 
4215528470228;0.76285;0.197921;0.943602 -0.150912 -0.294686 2.08569 0.178914 0.981347 0.0703348 -1.59238 0.278575 -0.119092 0.953002 -2.10814 0 0 0 1 
4215528470229;0.828483;0.406866;0.932897 0.000752329 -0.360142 1.03331 -0.0237129 0.997956 -0.0593403 0.488246 0.359361 0.0638984 0.931008 -4.10811 0 0 0 1 
4215528470230;1.52282;1.10663;0.999965 0.00344823 -0.00763696 -0.156451 -0.00332948 0.999874 0.0155089 0.228159 0.00768948 -0.015483 0.999851 -0.104783 0 0 0 1 
4215528470231;1.36079;0.756691;0.950482 0.0606327 -0.304808 0.986633 -0.0547521 0.998113 0.0278124 0.760968 0.305919 -0.00974631 0.952008 -3.21919 0 0 0 1 
4215528470232;1.01124;0.282128;0.993941 0.0510687 0.0973313 -0.343184 -0.0558112 0.997351 0.0466412 0.289136 -0.0946916 -0.0517907 0.994159 0.792138 0 0 0 1 
4215528470233;0.360528;0.100524;0.99962 -0.0236156 -0.0142499 0.245742 0.0238261 0.999607 0.0147865 -0.425368 0.0138951 -0.0151204 0.999789 0.0795077 0 0 0 1 
4215528470234;0.247697;0.206614;0.999993 -0.00360719 -0.000176682 0.0040481 0.00360737 0.999993 0.00104274 -0.0405933 0.000172919 -0.00104337 0.999999 -0.0475176 0 0 0 1 
4215528470235;1.12906;0.219432;0.914149 -0.36989 -0.165872 3.37284 0.329564 0.916383 -0.227224 -2.26053 0.23605 0.153051 0.959612 -3.22463 0 0 0 1 
4215528470236;0.421865;0.166993;0.981252 0.188109 -0.041952 -0.677563 -0.167816 0.94096 0.293993 1.7473 0.0947778 -0.281441 0.954887 0.466847 0 0 0 1 
4215528470237;1.6174;1.02177;0.999391 0.0218305 -0.027212 -0.262994 -0.0217759 0.99976 0.00230308 0.235442 0.0272558 -0.00170911 0.999627 0.415613 0 0 0 1 
4215528470238;1.42655;0.290241;0.973617 -0.100247 0.204991 0.356432 0.127318 0.984153 -0.123424 -1.4963 -0.189369 0.146266 0.970951 2.0042 0 0 0 1 
4215528470239;1.23487;0.489033;0.990461 0.0631841 -0.122456 -0.380155 -0.0595081 0.997667 0.0334509 0.632866 0.124284 -0.0258447 0.99191 -0.581378 0 0 0 1 
4215528470240;1.31981;0.201889;0.957294 -0.287972 0.0257018 1.83915 0.287508 0.957563 0.0202976 -3.13114 -0.0304563 -0.0120413 0.999464 1.10356 0 0 0 1 
4215528470241;0.144224;0.112313;0.994152 -0.0630866 0.087641 0.306391 0.0686744 0.995693 -0.0622759 -0.615997 -0.0833348 0.0679304 0.994204 0.471393 0 0 0 1 
4215528470242;0.341886;0.15138;0.988159 -0.145033 0.0500727 0.901409 0.149429 0.983752 -0.0995182 -1.46965 -0.0348257 0.105822 0.993775 -0.291841 0 0 0 1 
4215528470243;0.806737;0.281376;0.997024 -0.0683578 0.0356297 0.27393 0.0704026 0.99573 -0.0597044 -0.317714 -0.0313964 0.0620351 0.99758 -0.0991852 0 0 0 1 
4215528470244;0.044198;0.0844048;0.999685 0.0250936 0.000400341 -0.0827382 -0.025094 0.999685 0.000872386 0.296924 -0.000378323 -0.000882157 1 -0.0105062 0 0 0 1 
4215528470245;1.65415;0.523422;0.999012 0.0435627 -0.0087917 -0.124288 -0.0441516 0.99543 -0.0846687 0.99756 0.00506313 0.0849732 0.99637 -1.38705 0 0 0 1 
4215528470246;0.359411;0.214728;0.923364 -0.380376 0.0520825 2.8434 0.380138 0.924811 0.0147849 -3.6819 -0.0537903 0.00614674 0.998533 0.551136 0 0 0 1 
4215528470248;1.05013;0.845444;0.991735 0.0430886 -0.12085 -0.254256 -0.0471872 0.998397 -0.0312593 0.445403 0.119309 0.0367035 0.992179 -0.629676 0 0 0 1 
4215528470249;0.429566;0.0346712;0.975716 -0.0519161 0.212797 0.226368 -0.0102834 0.959577 0.281259 0.0462245 -0.218797 -0.276617 0.935741 2.72005 0 0 0 1 
4215528470250;0.0803374;0.0708216;0.998012 0.0619932 -0.0113802 -0.291726 -0.0610121 0.995508 0.0723973 0.323628 0.0158173 -0.071559 0.997311 0.158832 0 0 0 1 
4215528470251;0.907231;0.089992;0.990544 -0.0952784 0.0987194 -0.277998 0.0870608 0.992617 0.0844556 -0.129053 -0.106037 -0.0750624 0.991525 0.703381 0 0 0 1 
4215528470252;0.54782;0.064197;0.999761 0.0203552 -0.00794254 -0.0717613 -0.0201719 0.999543 0.0225225 0.0373566 0.00839736 -0.0223569 0.999715 -0.504555 0 0 0 1 
4215528470253;0.780027;0.663992;0.972096 0.064787 -0.225458 0.0270635 -0.0611831 0.997863 0.0229429 0.454904 0.226463 -0.00850852 0.973983 -1.40599 0 0 0 1 
4215528470254;0.503441;0.157218;0.970522 0.0602838 0.233351 -0.291985 -0.0993101 0.982224 0.15929 0.368172 -0.219601 -0.177768 0.959257 1.54751 0 0 0 1 
4215528470255;0.683372;0.0501579;0.990917 0.107786 0.0804069 -0.652833 -0.099816 0.990236 -0.0973115 0.174297 -0.0901107 0.0884017 0.992001 0.464308 0 0 0 1 
4215528470256;0.928983;0.310497;0.995669 0.0753145 -0.0545107 -0.573452 -0.0736374 0.996767 0.032149 0.58401 0.0567558 -0.0279957 0.997996 0.429097 0 0 0 1 
4215528470257;0.749547;0.225937;0.97316 -0.219486 -0.0691802 0.960215 0.203851 0.96166 -0.183453 -0.935629 0.106793 0.164427 0.980591 -1.91941 0 0 0 1 
4215528470258;0.0650151;0.0425082;0.999476 -0.0320438 0.00451243 0.10021 0.0320556 0.999483 -0.0025813 -0.191235 -0.00442739 0.0027246 0.999986 -0.0431237 0 0 0 1 
4215528470259;0.534376;0.338034;0.971159 -0.234418 0.0435704 0.835833 0.234556 0.972101 0.00198885 -1.40996 -0.042821 0.00828821 0.999048 0.509804 0 0 0 1 
4215528470260;0.97684;0.216995;0.995958 -0.0847519 0.0297284 0.768629 0.0878668 0.987996 -0.127054 -0.727728 -0.0186035 0.129153 0.99145 0.15851 0 0 0 1 
