#;prob_registration_l1 -r ../../../build/tester /home/point_clouds_registration_benchmark/planetary_map_local.txt /home/point_clouds_registration_benchmark/p2at_met -s 0.2 -t 0.2 -p 0.3 -m 5 -r 1000 -i 40 
id;initial_error;final_error;transformation
25528382210000;2.8561;1.30032;0.999394 -0.0347549 0.00191904 -1.94556 0.0347138 0.999228 0.0183823 -0.775736 -0.00255644 -0.0183046 0.999829 1.29227 0 0 0 1 
25528382210001;2.11331;1.54841;0.999963 -0.00467124 -0.00716625 -0.36111 0.00581825 0.985519 0.169466 -0.982779 0.00627086 -0.169501 0.98551 -9.2324 0 0 0 1 
25528382210002;1.70145;1.43004;0.976229 0.0251592 0.215278 1.90409 0.0317322 0.965947 -0.256786 -2.38807 -0.214408 0.257513 0.942187 14.2903 0 0 0 1 
25528382210003;1.37022;0.442802;1 2.53793e-05 -0.000803407 -0.334863 -1.87337e-05 0.999966 0.00827071 0.0290061 0.00080359 -0.00827069 0.999965 0.667138 0 0 0 1 
25528382210004;1.75339;1.40117;0.966793 -0.0277727 0.254048 -1.06408 -0.00324712 0.992662 0.120875 -0.199839 -0.255541 -0.117686 0.959609 -5.44119 0 0 0 1 
25528382210005;0.735848;0.477683;0.995337 0.0139788 0.0954364 0.916866 0.0163776 0.950582 -0.310042 -2.91151 -0.0950541 0.310159 0.945921 16.47 0 0 0 1 
25528382210006;1.57164;0.507993;0.997322 -0.0191714 -0.0705787 -1.12 0.018127 0.999717 -0.0154088 -0.132269 0.0708541 0.0140881 0.997387 -1.31006 0 0 0 1 
25528382210007;1.73822;1.41502;0.999974 -0.00582984 -0.00422058 -0.0132142 0.0055939 0.99853 -0.0539069 -0.420604 0.00452865 0.0538819 0.998537 2.19982 0 0 0 1 
25528382210008;0.906109;0.86288;0.995865 0.0174858 0.0891518 1.13253 -0.0179287 0.999831 0.00416988 0.119007 -0.0890638 -0.00575101 0.996009 0.169816 0 0 0 1 
25528382210009;0.490985;0.24932;0.970668 0.0386648 -0.237296 1.75787 -0.0140081 0.994402 0.104726 0.144969 0.240017 -0.0983304 0.965776 -6.54069 0 0 0 1 
25528382210010;2.17163;1.17538;0.991222 -0.0465686 -0.123735 -2.14007 -0.0119958 0.900371 -0.434958 -4.78494 0.131663 0.432624 0.891909 18.5624 0 0 0 1 
25528382210011;2.42393;1.53432;0.999793 0.0125824 -0.015973 0.41158 -0.0100695 0.988838 0.148655 -0.0418857 0.0176652 -0.148464 0.98876 -9.14566 0 0 0 1 
25528382210012;1.04957;0.442471;0.997735 -0.0228942 -0.0632458 -1.13125 0.0189064 0.997838 -0.0629461 -0.6813 0.0645501 0.0616078 0.996011 3.28453 0 0 0 1 
25528382210013;1.47687;1.21497;0.999974 -0.00654657 0.00301152 -0.27814 0.00652601 0.999956 0.0067899 -0.026981 -0.00305583 -0.00677007 0.999972 0.313724 0 0 0 1 
25528382210014;2.77484;2.11112;0.98153 0.00297617 0.191284 0.947938 -0.0688763 0.938325 0.338824 -2.02279 -0.178478 -0.345741 0.9212 -15.1714 0 0 0 1 
25528382210015;1.8346;1.73593;0.997799 0.00776548 0.0658579 0.473067 -0.00322209 0.997624 -0.0688154 -0.126151 -0.0662358 0.0684517 0.995453 4.45507 0 0 0 1 
25528382210016;0.567147;0.446102;0.994338 -0.000365589 -0.106259 -0.170999 0.017744 0.986524 0.162649 -0.914038 0.104768 -0.163613 0.980946 -9.34823 0 0 0 1 
25528382210017;2.04883;1.54485;0.953559 0.0215215 -0.300436 0.453998 0.0429213 0.977556 0.206255 -1.27203 0.298132 -0.209571 0.931234 -11.231 0 0 0 1 
25528382210018;2.95759;1.60401;0.999037 0.0431387 -0.00804671 1.61797 -0.0367432 0.922567 0.384084 -2.15935 0.0239925 -0.383418 0.923263 -17.4426 0 0 0 1 
25528382210019;2.21355;1.93366;0.996053 0.0125677 0.0878655 0.896031 -0.0121517 0.999912 -0.00526871 0.225774 -0.087924 0.0041802 0.996118 -0.089515 0 0 0 1 
25528382210020;0.308749;0.31953;0.981484 -0.0449275 0.1862 -2.1049 0.0890445 0.967696 -0.235873 -2.73231 -0.169588 0.248086 0.953778 13.3847 0 0 0 1 
25528382210021;1.80312;1.38189;0.999792 0.0180109 -0.00956141 0.984221 -0.0174684 0.998384 0.0540696 0.0240052 0.0105198 -0.0538913 0.998491 -1.93662 0 0 0 1 
25528382210022;2.94324;2.3554;0.870039 -0.0303732 -0.492046 -1.71286 -0.000841812 0.998007 -0.0630938 0.202703 0.492982 0.0553083 0.86828 -0.21645 0 0 0 1 
25528382210023;1.21687;0.835025;0.888359 -0.0255177 -0.45844 -1.30095 -0.0134721 0.996576 -0.0815776 -0.0207553 0.458952 0.0786464 0.884974 0.0983729 0 0 0 1 
25528382210024;1.44022;1.18382;0.998601 -0.0305336 0.0431689 -1.7195 0.0317825 0.999087 -0.0285468 -0.471991 -0.0422578 0.0298788 0.99866 1.24834 0 0 0 1 
25528382210025;2.35204;2.18155;0.999991 -0.000364786 -0.0043288 0.201812 0.000395681 0.999974 0.00713843 -0.125791 0.00432609 -0.00714007 0.999965 -0.549855 0 0 0 1 
25528382210026;1.69358;0.539683;0.998164 0.00729916 0.0601206 0.307662 -0.00847493 0.999777 0.0193252 0.308284 -0.0599661 -0.0197992 0.998004 -2.14275 0 0 0 1 
25528382210027;2.42888;1.5046;0.997673 -0.022861 0.0642296 -1.40363 0.023749 0.999632 -0.0130971 -0.388593 -0.0639066 0.014592 0.997849 2.76578 0 0 0 1 
25528382210028;0.814222;0.274999;0.968673 0.00803912 -0.24821 0.687012 -0.0284675 0.996482 -0.078824 0.205139 0.246703 0.0834206 0.965494 1.68951 0 0 0 1 
25528382210029;0.390701;0.349013;0.97366 -0.0644069 -0.21872 -3.39846 -0.000922935 0.958152 -0.286257 -2.58749 0.228004 0.278919 0.932855 12.1048 0 0 0 1 
25528382210031;1.54457;0.802742;0.999501 0.0267606 -0.016801 0.726696 -0.0258886 0.998407 0.0501361 0.0429643 0.0181159 -0.0496761 0.998601 -3.15364 0 0 0 1 
25528382210032;0.49374;0.328096;0.999633 0.0270349 0.00162813 0.664587 -0.0270335 0.992301 0.120861 0.0359145 0.00165186 -0.12086 0.992668 -3.68295 0 0 0 1 
25528382210033;0.496545;0.413816;0.998036 0.0136861 0.0611296 0.354444 -0.0145865 0.999791 0.0143077 0.0365803 -0.060921 -0.0151713 0.998027 -0.437921 0 0 0 1 
25528382210034;1.67751;1.38526;0.99966 -0.00117092 -0.0260356 -0.0310405 -0.00152485 0.994651 -0.103281 -0.175484 0.0260172 0.103286 0.994311 1.86303 0 0 0 1 
25528382210035;1.14274;0.520305;0.996926 0.0188151 -0.0760591 0.548558 -0.0151288 0.998696 0.0487555 0.0644847 0.0768773 -0.047455 0.995911 -3.31998 0 0 0 1 
25528382210036;0.657758;0.175995;0.998384 0.0196614 0.0533102 0.562404 -0.0259512 0.992436 0.119988 0.283452 -0.0505479 -0.121177 0.991343 -2.72413 0 0 0 1 
25528382210037;0.42747;0.34971;0.944011 0.0326293 -0.328298 1.05552 -0.0119778 0.997831 0.064732 -0.0202315 0.329698 -0.0571754 0.942354 -5.03787 0 0 0 1 
25528382210038;2.16463;1.5312;0.994985 -0.0176699 -0.098447 -0.710427 0.0142636 0.999279 -0.0351973 -0.290698 0.0989979 0.0336166 0.99452 1.74763 0 0 0 1 
25528382210039;1.45509;1.20416;0.999809 -0.000214368 0.019557 -0.0443983 -0.000897457 0.998384 0.0568241 -0.0267594 -0.0195376 -0.0568308 0.998193 -0.858945 0 0 0 1 
25528382210040;1.05221;1.06093;0.995549 -0.0191818 -0.092276 -0.527338 0.0145571 0.998616 -0.0505327 -0.211875 0.0931176 0.0489645 0.99445 0.428582 0 0 0 1 
25528382210041;1.71424;0.778675;0.910461 -0.0242359 0.412885 0.482617 -0.00285192 0.99789 0.0648639 0.0777868 -0.413586 -0.0602336 0.908471 3.29368 0 0 0 1 
25528382210042;0.574012;0.303303;0.988947 0.0103533 0.147908 0.27796 0.039312 0.943548 -0.328895 -2.40537 -0.142964 0.331074 0.932712 11.6494 0 0 0 1 
25528382210043;0.513876;0.203543;0.999995 0.00015956 0.00330364 0.203711 -0.000828928 0.979048 0.203626 -0.467006 -0.00320193 -0.203628 0.979043 -6.69433 0 0 0 1 
25528382210044;0.355334;0.254616;0.913079 -0.0042748 0.407761 0.901754 -0.050332 0.991118 0.123096 0.224046 -0.404665 -0.13292 0.904753 -0.762187 0 0 0 1 
25528382210045;1.15928;1.04373;0.999315 0.00877394 -0.0359644 0.136678 -0.0104117 0.998905 -0.0456066 0.0258701 0.0355249 0.0459498 0.998312 0.808806 0 0 0 1 
25528382210046;2.5411;1.21169;0.995481 0.0176861 0.0932974 0.671813 -0.0531381 0.918021 0.392956 -2.24045 -0.078699 -0.396138 0.914812 -13.7338 0 0 0 1 
25528382210047;2.63214;2.2247;0.96178 -0.0725926 -0.264025 -2.49552 -0.0259188 0.935755 -0.351698 -2.31531 0.272593 0.3451 0.898109 8.96154 0 0 0 1 
25528382210048;0.0550198;0.10755;0.999721 0.0100252 -0.0214057 0.183907 -0.0103447 0.999836 -0.0148656 0.0697431 0.0212531 0.0150829 0.99966 0.204539 0 0 0 1 
25528382210049;0.624254;0.284058;0.998569 0.0275109 0.0458536 0.694682 -0.0366444 0.976558 0.21211 -0.182541 -0.0389434 -0.213487 0.976169 -5.81856 0 0 0 1 
25528382210050;1.7141;0.282097;0.999671 0.0115108 0.0229274 0.172581 -0.0103633 0.998718 -0.0495512 0.124196 -0.0234684 0.0492973 0.998508 3.54812 0 0 0 1 
25528382210051;0.731618;0.73689;0.998903 0.00921218 -0.0459039 0.221666 -0.00531963 0.996434 0.0842092 -0.0553088 0.046516 -0.0838726 0.99539 -3.01031 0 0 0 1 
25528382210052;0.501673;0.418421;0.944347 0.0150359 -0.328606 0.72594 0.0236782 0.993256 0.113495 -0.292985 0.328097 -0.114959 0.937623 -6.36731 0 0 0 1 
25528382210053;0.245766;0.275067;0.996399 0.000656552 0.0847859 0.0274356 0.0116714 0.989389 -0.144823 -0.581167 -0.0839813 0.145291 0.985818 5.04901 0 0 0 1 
25528382210054;2.27774;1.6571;0.998253 -0.0175 0.0564356 -0.394889 0.0201435 0.99871 -0.0466164 -0.120169 -0.0555469 0.0476718 0.997317 3.36838 0 0 0 1 
25528382210055;0.613367;0.701822;0.997041 0.0199996 -0.0742244 0.379752 -0.0177008 0.999347 0.0315015 0.118884 0.074806 -0.0300944 0.996744 -1.46268 0 0 0 1 
25528382210056;2.21606;1.95626;0.99261 0.0455015 -0.112493 1.40368 -0.0207954 0.977107 0.21173 -0.504384 0.119552 -0.207826 0.970833 -8.26761 0 0 0 1 
25528382210057;2.17431;1.94329;0.999837 -0.00604762 -0.0169895 -0.369178 0.0053916 0.999248 -0.0383973 -0.263774 0.017209 0.0382994 0.999118 1.71945 0 0 0 1 
25528382210058;0.777574;0.51521;0.943729 0.085647 -0.319437 2.55909 0.0393419 0.929953 0.365568 -2.13069 0.328371 -0.357564 0.874254 -13.7515 0 0 0 1 
25528382210059;0.655634;0.327011;0.998439 0.0288542 -0.0478298 0.792699 -0.0242003 0.995166 0.0951748 -0.00848909 0.0503448 -0.0938687 0.994311 -4.05014 0 0 0 1 
25528382210060;1.3379;0.426376;0.943745 -0.062587 -0.324696 -1.99473 -0.00520242 0.978993 -0.203827 -0.959401 0.330632 0.19405 0.923594 4.33833 0 0 0 1 
25528382210062;1.314;0.871829;0.996225 0.0104194 -0.0861776 0.432403 -0.00598949 0.998655 0.0515045 0.120632 0.0865983 -0.0507939 0.994948 -2.28561 0 0 0 1 
25528382210063;2.15505;1.48922;0.999983 -0.00519812 -0.0025531 -0.2497 0.0050574 0.998617 -0.0523349 0.0785892 0.00282161 0.0523211 0.998626 3.18388 0 0 0 1 
25528382210064;0.553066;0.480192;0.98462 0.00198853 0.1747 0.273474 0.0241545 0.988783 -0.147391 -0.699822 -0.173033 0.149344 0.973527 9.86899 0 0 0 1 
25528382210065;1.61508;0.725242;0.994597 0.0285498 -0.0998064 2.08794 -0.011079 0.98514 0.171396 -0.908395 0.103217 -0.169365 0.980134 -12.5285 0 0 0 1 
25528382210066;1.78743;0.988165;0.999968 -0.000891731 0.00792858 -0.168918 0.000707506 0.99973 0.0232081 0.0708669 -0.00794713 -0.0232017 0.999699 -0.767623 0 0 0 1 
25528382210067;0.672032;0.565024;0.993689 -0.016097 -0.11101 -2.16612 0.00586738 0.995754 -0.0918686 -0.541494 0.112017 0.0906375 0.989564 11.8484 0 0 0 1 
25528382210068;1.84994;0.7344;0.99789 0.010527 -0.0640712 0.403538 -0.00721582 0.998637 0.0516937 0.107522 0.064528 -0.0511223 0.996606 -1.71406 0 0 0 1 
25528382210069;2.23987;0.230483;0.981236 -0.036203 -0.189379 -3.77167 -0.0088524 0.972719 -0.231819 -2.72706 0.192605 0.229146 0.954146 24.8574 0 0 0 1 
25528382210070;2.2156;0.857491;0.999924 -0.00381624 -0.011758 -0.712797 0.0038782 0.999979 0.00525166 0.107535 0.0117377 -0.00529686 0.999917 2.12404 0 0 0 1 
25528382210071;1.44584;1.24568;0.999049 -0.0435667 0.00188653 -4.32744 0.0396914 0.890562 -0.453126 -10.9229 0.0180611 0.45277 0.891444 44.4253 0 0 0 1 
25528382210072;1.6175;1.54724;0.998344 -0.0352171 -0.0454867 -3.74886 0.0166864 0.933996 -0.356894 -7.09552 0.0550531 0.355544 0.933037 36.8474 0 0 0 1 
25528382210073;2.148;0.365452;0.999097 0.0105383 -0.04115 0.54034 -0.00850143 0.998745 0.0493648 0.123415 0.0416185 -0.0489704 0.997933 -1.43357 0 0 0 1 
25528382210074;1.21241;0.593272;0.991672 -0.00730734 0.128583 -0.269128 0.00498978 0.999819 0.0183368 0.298348 -0.128694 -0.0175425 0.991529 -6.55426 0 0 0 1 
25528382210075;0.469924;0.169165;0.967698 -0.0273082 -0.250628 -4.17302 -0.0137965 0.98689 -0.160801 -1.95375 0.251733 0.159064 0.954636 21.4085 0 0 0 1 
25528382210076;1.94829;1.27448;0.999871 0.00632814 -0.0147643 0.306781 -0.00510987 0.99669 0.0811398 0.152042 0.0152289 -0.0810539 0.996593 -5.75435 0 0 0 1 
25528382210077;1.55351;0.746705;0.999855 0.0103737 -0.0135246 1.15595 -0.00945549 0.997757 0.0662737 -0.0509968 0.0141818 -0.0661362 0.99771 -8.0985 0 0 0 1 
25528382210078;1.78754;1.39365;0.999846 0.00292832 0.0173041 0.255847 -0.00351763 0.999411 0.0341241 0.123636 -0.017194 -0.0341798 0.999268 -2.89653 0 0 0 1 
25528382210079;0.52952;0.386505;0.966388 -0.0216787 -0.256172 -3.72263 -0.00575569 0.994364 -0.105862 -0.912346 0.257023 0.103778 0.960817 16.2448 0 0 0 1 
25528382210080;0.579865;0.169363;0.999947 0.00189832 -0.0101067 0.0991806 -0.00189303 0.999998 0.000532993 -0.00712608 0.0101077 -0.000513832 0.999949 0.777098 0 0 0 1 
25528382210081;1.6725;1.6656;0.999673 -0.00803378 0.024271 -0.713546 0.00965464 0.997678 -0.0674203 -0.143777 -0.023673 0.0676326 0.997429 5.89266 0 0 0 1 
25528382210082;1.80785;0.14759;0.96001 -0.0144906 0.27959 -1.19454 -0.0261418 0.989657 0.141053 -0.999473 -0.278742 -0.142721 0.949702 -19.3662 0 0 0 1 
25528382210083;0.928935;0.259324;0.981467 -0.0348601 -0.188434 -4.76079 -0.00474215 0.978595 -0.205739 -3.02684 0.191573 0.20282 0.960294 25.7268 0 0 0 1 
25528382210084;1.83208;1.47007;0.998762 -0.0170723 -0.046718 -1.74469 0.0109382 0.991644 -0.128537 -0.735536 0.0485221 0.127867 0.990604 12.3185 0 0 0 1 
25528382210085;0.401662;0.292892;0.993878 0.0524821 -0.0972249 4.87129 -0.0206193 0.952625 0.303448 -4.28265 0.108544 -0.299586 0.947875 -27.666 0 0 0 1 
25528382210086;1.45129;1.08119;0.996634 0.00517378 -0.0818119 0.216331 -0.00713864 0.999693 -0.0237426 -0.0624892 0.0816639 0.0242467 0.996365 5.20995 0 0 0 1 
25528382210087;0.345605;0.160647;0.939338 -0.00608951 0.342939 -1.07144 0.0355874 0.996176 -0.0797877 0.321123 -0.341142 0.0871519 0.935963 0.0347999 0 0 0 1 
25528382210088;0.167837;0.129103;0.999931 -0.0039605 -0.0110832 -0.445524 0.00398615 0.999989 0.00229285 0.145967 0.011074 -0.00233687 0.999936 -0.26012 0 0 0 1 
25528382210089;1.83562;1.79357;0.999906 -0.0033091 0.0132952 -0.301289 0.00372041 0.999511 -0.0310323 0.0576786 -0.013186 0.0310789 0.99943 2.36357 0 0 0 1 
25528382210090;2.15758;0.169678;0.999991 0.000755193 -0.00423416 -0.148799 -0.000870938 0.999624 -0.0274013 -0.128501 0.00421188 0.0274047 0.999616 5.38479 0 0 0 1 
25528382210091;0.893388;0.515532;0.999876 -0.0132538 0.00853068 -1.35027 0.0141964 0.99242 -0.122073 -0.774968 -0.00684809 0.122179 0.992485 12.6001 0 0 0 1 
25528382210093;1.89713;0.223759;0.978061 0.0287788 -0.20632 -1.08033 -0.00893999 0.995298 0.0964501 -0.197586 0.208126 -0.0924896 0.973719 4.43617 0 0 0 1 
25528382210094;0.825331;0.195949;0.997759 0.0282743 -0.0606395 -0.0473185 -0.00721666 0.946513 0.322586 0.342906 0.0665169 -0.321426 0.944596 -1.87849 0 0 0 1 
25528382210095;0.858473;0.928654;0.963926 0.052568 0.260927 0.54614 -0.0883973 0.987887 0.127535 -1.21269 -0.251062 -0.145999 0.956897 -4.26174 0 0 0 1 
25528382210096;0.8797;0.364714;0.948184 0.0922284 0.30404 0.738071 -0.20171 0.914094 0.351774 -3.38134 -0.245477 -0.394874 0.885333 -7.16148 0 0 0 1 
25528382210097;2.1961;1.34792;0.998898 0.0116822 0.0454534 0.309055 -0.0122079 0.999862 0.0113052 -0.490203 -0.045315 -0.0118476 0.998902 -2.08147 0 0 0 1 
25528382210098;1.08082;0.334222;0.999719 0.0234749 -0.00333493 0.277767 -0.0236641 0.996647 -0.0783285 -1.04528 0.00148499 0.0783854 0.996922 -0.141902 0 0 0 1 
25528382210099;0.565162;0.357727;0.947039 -0.0307319 -0.319643 -1.79113 -0.00931417 0.992362 -0.123006 -0.351148 0.320982 0.119469 0.93952 5.90413 0 0 0 1 
25528382210100;1.81678;1.7691;0.997509 0.0629576 0.0318186 0.673086 -0.0692913 0.959032 0.274693 -0.797973 -0.013221 -0.276213 0.961005 -1.90772 0 0 0 1 
25528382210101;0.708323;0.456739;0.998714 -0.0327633 -0.0387011 -0.51602 0.0309688 0.998457 -0.04609 0.524888 0.0401514 0.0448322 0.998187 1.40202 0 0 0 1 
25528382210102;2.25601;1.75097;0.997206 -0.00530272 -0.0745097 0.00397125 -0.00221395 0.994941 -0.100439 -0.446049 0.0746653 0.100323 0.992149 0.618586 0 0 0 1 
25528382210103;0.72475;0.487139;0.998643 0.0509242 -0.0109121 0.372739 -0.0497093 0.994522 0.0919539 -0.768891 0.015535 -0.0912867 0.995703 0.331329 0 0 0 1 
25528382210104;2.73972;1.53092;0.99051 0.0542395 -0.126283 -0.196244 -0.0175422 0.961212 0.275254 0.501077 0.136314 -0.270426 0.953041 2.41012 0 0 0 1 
25528382210105;1.37462;0.258782;0.98574 0.0436807 0.162505 0.481281 0.0408343 0.874762 -0.482829 -1.88303 -0.163244 0.48258 0.860505 -0.630587 0 0 0 1 
25528382210106;1.98093;0.153429;0.994189 -0.0648326 -0.0859375 -0.239527 0.0284392 0.928124 -0.371184 -0.142799 0.103825 0.366583 0.924574 2.04764 0 0 0 1 
25528382210107;2.7132;2.06351;0.999457 0.00843098 0.0318575 0.257179 -0.0101211 0.998529 0.0532676 -0.18033 -0.0313616 -0.0535611 0.998072 -2.4878 0 0 0 1 
25528382210108;2.24596;0.8817;0.982414 0.0424728 -0.18182 0.194806 -0.0370131 0.998759 0.0333184 -1.52853 0.183009 -0.0260027 0.982767 1.5825 0 0 0 1 
25528382210109;1.35089;0.335398;0.996691 0.0164208 0.0796117 0.456137 -0.00910527 0.995773 -0.0913972 -0.320049 -0.0807759 0.0903698 0.992627 -1.88181 0 0 0 1 
25528382210110;1.54595;1.04058;0.998142 0.0459979 -0.0399572 0.0640095 -0.0196134 0.863456 0.504043 0.440508 0.0576862 -0.502323 0.862754 -2.33742 0 0 0 1 
25528382210111;0.364366;0.260559;0.985197 -0.0162643 -0.170651 -0.876938 0.00834556 0.998859 -0.0470182 -0.0373153 0.171221 0.0448981 0.984209 3.24964 0 0 0 1 
25528382210112;2.44837;2.23288;0.994248 0.0153558 0.105993 0.125034 -0.0364815 0.979041 0.200368 0.245582 -0.100695 -0.203083 0.97397 -1.16979 0 0 0 1 
25528382210113;0.357128;0.380132;0.997266 0.0696015 0.0248099 0.605144 -0.0714792 0.993795 0.0852144 -1.24956 -0.0187249 -0.0867548 0.996054 -0.443753 0 0 0 1 
25528382210114;2.52967;0.883091;0.948766 -0.0460741 0.312602 -0.795455 0.147558 0.939418 -0.309387 1.71528 -0.27941 0.339663 0.898087 -4.46811 0 0 0 1 
25528382210115;1.99023;0.280049;0.997897 -0.00564101 -0.0645766 -0.570921 0.0063698 0.999918 0.0110855 0.26951 0.0645088 -0.0114735 0.997851 2.98417 0 0 0 1 
25528382210116;0.274109;0.247445;0.99835 0.0157693 -0.0552168 -0.166942 -0.00190117 0.970105 0.242677 0.442685 0.057393 -0.242172 0.968534 -0.549284 0 0 0 1 
25528382210117;0.456139;0.304232;0.972984 0.0528716 0.224735 0.486778 -0.095702 0.978218 0.184202 -1.33702 -0.210101 -0.200733 0.956851 -4.66841 0 0 0 1 
25528382210118;1.00279;0.187644;0.998642 -0.000903246 0.052091 0.0194407 0.000458703 0.999963 0.00854529 0.016527 -0.0520968 -0.00850979 0.998606 -1.7794 0 0 0 1 
25528382210119;1.53716;1.00944;0.994771 0.0280986 0.0981885 0.178227 -0.00561235 0.974995 -0.222155 -1.34642 -0.101976 0.220442 0.970055 0.44236 0 0 0 1 
25528382210120;1.16367;0.546915;0.999699 -0.00418342 0.0241808 0.0181903 0.00367175 0.999769 0.021166 0.472076 -0.0242638 -0.0210708 0.999484 0.376396 0 0 0 1 
25528382210121;1.92017;1.53836;0.998671 0.0123895 0.0500286 0.23395 -0.0220839 0.97992 0.198163 0.0329648 -0.0465689 -0.199005 0.978891 -2.9819 0 0 0 1 
25528382210122;1.42171;0.54991;0.995182 0.0274023 -0.0941389 0.233866 -0.0307772 0.998928 -0.0345873 -0.459789 0.0930901 0.037318 0.994958 0.416018 0 0 0 1 
25528382210124;1.41534;0.506695;0.999773 0.0162984 -0.0136862 1.38097 -0.0155917 0.998615 0.0502458 -0.29825 0.0144861 -0.0500211 0.998643 -5.50841 0 0 0 1 
25528382210125;0.633729;0.338388;0.991979 -0.0333025 -0.121935 -2.94543 0.0160618 0.990059 -0.139733 -0.999203 0.125377 0.136654 0.982653 11.9945 0 0 0 1 
25528382210126;0.445145;0.29621;0.951547 -0.00177925 -0.307497 -0.944119 0.00899767 0.999716 0.0220587 0.0540716 0.30737 -0.0237566 0.951293 -0.201493 0 0 0 1 
25528382210127;0.670288;0.676367;0.998164 -0.0129546 -0.0591748 -1.03483 0.00929867 0.998055 -0.0616442 -0.131344 0.0598583 0.0609807 0.996342 5.29791 0 0 0 1 
25528382210128;2.24311;1.71013;0.999938 -0.0111026 0.000615523 -0.543891 0.011112 0.999772 -0.0182442 -0.0180226 -0.000412825 0.0182499 0.999833 -0.522097 0 0 0 1 
25528382210129;1.80511;1.51212;0.985629 0.0108694 0.168572 1.15696 -0.0124465 0.999888 0.00830149 0.144077 -0.168463 -0.0102803 0.985654 -0.445451 0 0 0 1 
25528382210130;0.986557;0.1657;0.998987 0.0110146 0.043628 0.853098 -0.0144313 0.996787 0.0787919 -0.0260285 -0.04262 -0.0793417 0.995936 -5.38737 0 0 0 1 
25528382210131;2.11864;2.03663;0.983611 -0.10408 -0.147231 -8.38963 0.0295516 0.898586 -0.437801 -8.48153 0.177867 0.426275 0.886935 34.0144 0 0 0 1 
25528382210132;0.163045;0.174345;0.999889 0.00791411 -0.0126326 0.553323 -0.00831475 0.999454 -0.031984 -0.114737 0.0123726 0.0320855 0.999409 2.40225 0 0 0 1 
25528382210133;1.8377;0.919253;0.999838 -0.00574541 -0.0170745 -0.686015 0.00560886 0.999952 -0.00803479 0.0883663 0.0171198 0.00793771 0.999822 2.64018 0 0 0 1 
25528382210134;1.18998;0.874461;0.999987 -0.00504918 0.000110516 -0.483058 0.00505012 0.999471 -0.0321165 -0.0504749 5.17045e-05 0.0321167 0.999484 3.40659 0 0 0 1 
25528382210135;0.879278;0.714977;0.999123 0.0179908 0.0377988 1.39424 -0.0194519 0.999063 0.0386495 -0.0867112 -0.037068 -0.0393509 0.998538 -2.72644 0 0 0 1 
25528382210136;1.20454;1.04026;0.939229 0.0333764 0.341665 2.856 0.0219079 0.987406 -0.156682 -0.99896 -0.342592 0.154645 0.926669 11.0087 0 0 0 1 
25528382210137;0.490225;0.52509;0.9999 -0.0113707 0.00846695 -0.812358 0.0118813 0.997947 -0.062926 -0.214226 -0.00773406 0.0630202 0.997982 4.61216 0 0 0 1 
25528382210138;0.898047;0.90357;0.999926 -0.00904288 0.00819383 -0.6481 0.00969075 0.996517 -0.0828234 -0.351283 -0.00741632 0.0828967 0.996531 6.10501 0 0 0 1 
25528382210139;0.258844;0.195715;0.998283 -0.0103209 0.0576597 -0.710281 0.0131731 0.998697 -0.0493076 -0.18383 -0.0570757 0.0499825 0.997118 3.65412 0 0 0 1 
25528382210140;1.51354;1.31789;0.999632 -0.00862796 0.0257346 -0.624868 0.0114288 0.993782 -0.110758 -0.570531 -0.024619 0.111011 0.993514 7.74023 0 0 0 1 
25528382210141;0.177514;0.21557;0.969456 0.0119253 0.244974 1.22098 -0.0279302 0.997688 0.0619631 -0.21814 -0.243669 -0.0669127 0.967548 -6.78705 0 0 0 1 
25528382210142;1.7221;1.41067;0.990774 0.010364 -0.135126 0.384208 0.00892573 0.989916 0.141371 -0.291388 0.135228 -0.141273 0.980691 -9.89621 0 0 0 1 
25528382210143;1.74732;1.64813;0.993416 -0.00914426 -0.114199 -0.97042 0.00473856 0.999236 -0.0387911 0.0294863 0.114467 0.0379945 0.9927 3.69513 0 0 0 1 
25528382210144;0.62636;0.616189;0.985101 -0.0128081 -0.171499 -1.263 0.0131006 0.999914 0.00057399 0.0636799 0.171477 -0.00281218 0.985184 0.643855 0 0 0 1 
25528382210145;2.23099;1.65232;0.982535 0.0194094 0.185062 1.9992 -0.0288243 0.998416 0.0483203 -0.150941 -0.183831 -0.0528106 0.981538 -3.61021 0 0 0 1 
25528382210146;0.123351;0.154791;0.987692 -0.00573166 0.156304 -0.132631 0.00494654 0.999973 0.00541157 0.00441996 -0.15633 -0.00457181 0.987694 -1.31897 0 0 0 1 
25528382210147;2.1323;0.354519;0.999928 -0.00530783 0.0107289 -0.628425 0.00544507 0.999903 -0.0128034 0.0240677 -0.0106599 0.0128609 0.99986 3.55865 0 0 0 1 
25528382210148;1.17842;0.520963;0.999929 -0.00538831 -0.0106378 -0.53235 0.0049493 0.999152 -0.0408726 -0.0748758 0.010849 0.0408171 0.999108 4.40122 0 0 0 1 
25528382210149;1.8032;1.57947;0.974427 0.0380886 -0.221455 2.40058 0.0175555 0.969613 0.244012 -1.81617 0.22402 -0.24166 0.944148 -18.4185 0 0 0 1 
25528382210150;1.89528;1.83363;0.992259 0.00171053 0.124174 0.285016 0.0105559 0.995125 -0.0980587 -0.366999 -0.123737 0.0986103 0.987403 6.97488 0 0 0 1 
25528382210151;1.38396;0.498289;0.999962 0.00844023 0.00237816 0.818229 -0.00843065 0.999956 -0.00400898 -0.214051 -0.00241189 0.00398877 0.999989 -1.5102 0 0 0 1 
25528382210152;1.90731;1.7518;0.999399 0.00428408 -0.0344015 0.329482 -0.00141568 0.996551 0.0829751 -0.124565 0.0346383 -0.0828765 0.995958 -7.39769 0 0 0 1 
25528382210153;0.627318;0.337359;0.969 -0.057699 -0.240228 -5.37458 0.0177525 0.986094 -0.165236 -1.51155 0.246422 0.155849 0.95655 14.2761 0 0 0 1 
25528382210155;0.972428;0.650543;0.996532 -0.04647 -0.0690223 -2.9904 0.0117929 0.900022 -0.435686 -7.15992 0.0823678 0.433361 0.897449 27.2156 0 0 0 1 
25528382210156;1.01473;0.710872;0.992001 0.0217962 -0.124331 0.957928 -0.0154427 0.998536 0.0518385 -0.266093 0.125279 -0.0495039 0.990886 -1.73703 0 0 0 1 
25528382210157;0.233342;0.214908;0.998552 0.00391286 -0.0536516 0.103405 -0.0071203 0.99819 -0.0597225 -0.382108 0.0533208 0.0600181 0.996772 4.66599 0 0 0 1 
25528382210158;0.218897;0.183421;0.999909 -0.00826889 -0.0106368 -0.537222 0.0083441 0.99994 0.00704574 0.258822 0.0105779 -0.00713385 0.999919 -0.520316 0 0 0 1 
25528382210159;0.424214;0.220845;0.968494 -0.0141161 0.248637 -0.971002 0.0978194 0.939712 -0.327677 -2.10724 -0.229021 0.341674 0.911487 14.5573 0 0 0 1 
25528382210160;0.944861;0.765508;0.999094 -0.0143091 -0.0400892 -0.846852 0.00640608 0.981623 -0.190721 -1.82249 0.0420816 0.190292 0.980825 11.8294 0 0 0 1 
25528382210161;0.607772;0.445799;0.984027 -0.0171037 0.177197 -0.977954 0.0379774 0.992629 -0.115088 0.216588 -0.173922 0.119979 0.977423 1.6743 0 0 0 1 
25528382210162;0.465464;0.282596;0.99129 0.0134096 0.131013 1.0969 -0.0315032 0.990066 0.137027 -0.792112 -0.127874 -0.139961 0.981865 -12.0228 0 0 0 1 
25528382210163;0.301031;0.186085;0.999862 0.0113 -0.0121578 0.586234 -0.0109077 0.999433 0.0318611 0.00109208 0.0125109 -0.0317241 0.999418 -1.17231 0 0 0 1 
25528382210164;0.262538;0.250783;0.999964 -0.00844033 -3.10332e-05 -0.520644 0.00844035 0.999944 0.00639341 0.240067 -2.2931e-05 -0.00639345 0.99998 -0.601841 0 0 0 1 
25528382210165;0.165591;0.161781;0.999907 -0.00145519 -0.0135663 -0.193085 0.00277393 0.995212 0.0977015 0.133728 0.0133592 -0.0977301 0.995123 -5.38118 0 0 0 1 
25528382210166;1.12952;0.722216;0.972375 -0.000584458 -0.233426 -0.939877 0.00990008 0.9992 0.0387387 0.239974 0.233216 -0.0399794 0.971603 0.847356 0 0 0 1 
25528382210167;0.708722;0.273341;0.994675 -0.0165373 -0.101727 -1.50787 0.0102872 0.998044 -0.0616605 -0.0915754 0.102547 0.0602857 0.9929 7.35291 0 0 0 1 
25528382210168;1.1418;0.252537;0.999814 0.00644616 0.018202 0.211194 -0.00590062 0.999536 -0.0298677 -0.184789 -0.0183861 0.0297548 0.999388 4.10665 0 0 0 1 
25528382210169;0.757933;0.715016;0.994635 0.00354453 0.103383 0.492682 -0.000771159 0.999639 -0.0268538 -0.230516 -0.103441 0.02663 0.994279 -1.14602 0 0 0 1 
25528382210170;0.338329;0.102513;0.98864 0.0110076 0.149897 0.750019 0.0498654 0.916805 -0.39621 -4.6982 -0.141788 0.399184 0.905841 19.7734 0 0 0 1 
25528382210171;0.814741;0.693228;0.995369 0.0178744 -0.0944518 0.407918 -0.0136503 0.998886 0.0451805 -0.0958032 0.0951541 -0.0436819 0.994504 0.80735 0 0 0 1 
25528382210172;0.85032;0.324778;0.991213 0.0594335 -0.118175 2.25638 -0.014842 0.937707 0.347109 -1.78945 0.131444 -0.342305 0.930349 -15.0853 0 0 0 1 
25528382210173;0.630488;0.572538;0.999669 -0.000537931 -0.0257144 -0.123803 0.00238086 0.997424 0.0716926 0.257218 0.0256096 -0.0717301 0.997095 -4.56478 0 0 0 1 
25528382210174;0.36066;0.275611;0.961575 0.102391 -0.254734 3.88287 -0.00407812 0.933075 0.359659 -2.30657 0.274512 -0.3448 0.897639 -14.4037 0 0 0 1 
25528382210175;0.400793;0.358575;0.999717 0.00837346 0.022246 0.578218 -0.00598106 0.9944 -0.105511 -0.726284 -0.0230049 0.105349 0.994169 5.78547 0 0 0 1 
25528382210176;0.342834;0.196749;0.984303 0.00672235 0.17636 0.747357 -0.0371255 0.984802 0.169668 -0.999355 -0.172539 -0.173552 0.969593 -14.7411 0 0 0 1 
25528382210177;0.260067;0.138642;0.997181 -0.0362882 -0.0656678 -2.34202 0.0172318 0.962627 -0.270281 -2.53685 0.0730216 0.268388 0.960539 17.0963 0 0 0 1 
25528382210178;0.926206;0.235096;0.999771 -0.0117865 0.0178797 -0.871341 0.0115919 0.999873 0.0109477 0.365285 -0.0180065 -0.0107379 0.99978 1.16372 0 0 0 1 
25528382210179;0.695785;0.214307;0.999966 -0.00661497 -0.00485496 -0.196301 0.00573121 0.986498 -0.163676 -0.570157 0.00587212 0.163643 0.986502 7.9271 0 0 0 1 
25528382210180;0.109455;0.100402;0.999599 0.0163414 0.0231068 1.04708 -0.0178663 0.997566 0.0674051 -0.223758 -0.0219491 -0.0677909 0.997458 -4.5741 0 0 0 1 
25528382210181;0.971587;0.601536;0.944477 0.00734154 0.328495 0.0137194 0.0113202 0.99843 -0.0548614 0.175452 -0.328382 0.0555339 0.942911 -6.46173 0 0 0 1 
25528382210182;0.540657;0.298726;0.998378 0.00539439 0.0566757 0.562039 -0.00477926 0.999928 -0.0109835 -0.305198 -0.0567308 0.0106948 0.998332 -1.78465 0 0 0 1 
25528382210183;0.488607;0.35193;0.970143 0.00808813 0.242398 0.687268 -0.00638566 0.999949 -0.00780828 -0.0210356 -0.242449 0.00602728 0.970145 -4.74903 0 0 0 1 
25528382210184;0.107925;0.0631874;0.999919 0.00680497 -0.0107894 0.317431 -0.00665385 0.99988 0.0139815 -0.0935792 0.0108833 -0.0139086 0.999844 -0.367308 0 0 0 1 
25528382210186;2.61464;0.300616;0.907562 0.039998 -0.41801 -0.256923 0.0469186 0.979561 0.195598 -0.00942131 0.41729 -0.19713 0.887135 -5.4525 0 0 0 1 
25528382210187;2.55948;0.296341;0.999972 0.00684276 0.00290931 0.572278 -0.00681286 0.999925 -0.0101649 -0.242529 -0.00297865 0.0101448 0.999944 -2.01105 0 0 0 1 
25528382210188;2.1137;0.739736;0.995114 -0.00826898 -0.0983815 -0.193841 -0.00362586 0.992753 -0.120116 -0.187979 0.0986617 0.119886 0.987873 3.97159 0 0 0 1 
25528382210189;3.03095;1.61105;0.934591 -0.0138966 0.355454 0.0670886 0.0310234 0.998613 -0.0425283 0.339623 -0.35437 0.0507739 0.933726 -0.559832 0 0 0 1 
25528382210190;2.58604;2.39813;0.941479 0.0427331 0.334352 1.97233 0.0237879 0.981035 -0.192367 -1.12546 -0.336232 0.189063 0.922607 4.22199 0 0 0 1 
25528382210191;2.29839;1.2482;0.994139 -0.00435708 0.108024 -0.0832482 -0.0348648 0.932884 0.358486 -1.18871 -0.102336 -0.360151 0.927264 -13.927 0 0 0 1 
25528382210192;1.26077;1.06191;0.997678 0.0313695 -0.0604481 1.26886 -0.028964 0.998769 0.0402685 -0.460875 0.0616369 -0.0384242 0.997359 -1.66496 0 0 0 1 
25528382210193;1.94741;1.28372;0.97662 -0.0271069 0.213257 -0.928761 0.0558413 0.989954 -0.129896 0.23165 -0.207593 0.138767 0.968323 1.10195 0 0 0 1 
25528382210194;0.500481;0.386903;0.991309 0.0656916 -0.113979 2.12946 -0.0155671 0.918889 0.394209 -2.14809 0.13063 -0.389009 0.911925 -14.2026 0 0 0 1 
25528382210195;0.447325;0.153713;0.993637 0.00546442 0.112496 0.391675 0.0238893 0.96587 -0.257922 -1.67802 -0.110066 0.258969 0.959594 8.80837 0 0 0 1 
25528382210196;0.672791;0.499562;0.999703 -0.0239407 -0.00456113 -1.07296 0.0241154 0.998778 0.0431378 0.531233 0.00352281 -0.0432349 0.999059 -1.48763 0 0 0 1 
25528382210197;1.68816;1.62018;0.999495 0.019806 0.0248407 0.842444 -0.0207489 0.999051 0.0382957 -0.104299 -0.0240587 -0.0387918 0.998958 -1.84577 0 0 0 1 
25528382210198;0.0806703;0.10035;0.999667 -0.0257181 -0.00219374 -1.06052 0.0256824 0.999558 -0.0149892 0.301043 0.00257826 0.0149279 0.999885 0.555068 0 0 0 1 
25528382210199;2.04506;0.641284;0.986098 -0.0271431 0.163936 -0.789146 0.0293185 0.999511 -0.010864 0.455905 -0.163561 0.0155193 0.986411 -3.27799 0 0 0 1 
25528382210200;1.86353;1.06169;0.985458 -0.0906808 -0.143698 -4.42729 0.0410677 0.947727 -0.316428 -1.98714 0.164881 0.305926 0.937669 14.5757 0 0 0 1 
25528382210201;1.69978;1.58234;0.978855 -0.021196 0.203455 -0.521717 -0.00126208 0.993972 0.109624 0.162769 -0.204553 -0.107563 0.972928 -7.7216 0 0 0 1 
25528382210202;3.09717;0.464962;0.999617 -0.0147052 0.023448 -0.86186 0.0158461 0.998662 -0.0492349 -0.0106241 -0.0226926 0.0495876 0.998512 4.42006 0 0 0 1 
25528382210203;2.66545;0.390435;0.999883 0.0125826 0.00873247 0.353637 -0.0132249 0.996876 0.0778728 0.16461 -0.00772535 -0.0779792 0.996925 -0.88688 0 0 0 1 
25528382210204;2.12678;1.90439;0.999993 -0.00343354 0.00172792 -0.189289 0.00341806 0.999955 0.00888704 0.347167 -0.00175835 -0.00888107 0.999959 -0.303013 0 0 0 1 
25528382210205;2.17534;0.468658;0.973122 0.0234145 -0.229096 0.698647 -0.0143546 0.999051 0.0411334 -0.365819 0.229842 -0.0367393 0.972534 -0.711749 0 0 0 1 
25528382210206;0.615844;0.267604;0.999278 0.0057286 0.0375664 0.320986 -0.0029281 0.99724 -0.0741835 -0.422985 -0.0378877 0.07402 0.996537 2.85368 0 0 0 1 
25528382210207;2.70191;2.47201;0.998712 -0.0160719 0.0481192 -0.377216 0.0205107 0.995434 -0.0932224 -0.0629983 -0.0464013 0.0940893 0.994482 1.76388 0 0 0 1 
25528382210208;0.254784;0.25413;0.998441 0.0319716 -0.0457431 1.14901 -0.0305264 0.999023 0.0319532 -0.390535 0.04672 -0.030507 0.998442 -0.673279 0 0 0 1 
25528382210209;0.401221;0.430806;0.99989 0.0138591 0.00522687 0.532418 -0.0140768 0.998923 0.0442098 -0.0150597 -0.00460853 -0.0442786 0.999009 -1.82754 0 0 0 1 
25528382210210;3.26762;2.96455;0.997954 0.0543226 0.0337148 2.27894 -0.0629161 0.928165 0.366812 -2.60497 -0.0113667 -0.368183 0.929684 -16.2058 0 0 0 1 
25528382210211;2.11433;0.554131;0.997999 0.0406296 0.0484533 1.83875 -0.048613 0.983008 0.177006 -0.18359 -0.0404383 -0.179007 0.983016 -5.99298 0 0 0 1 
25528382210212;0.939666;0.384872;0.979565 0.01747 0.200366 0.955116 0.0186361 0.984051 -0.17691 -0.878896 -0.200261 0.177029 0.963616 3.72151 0 0 0 1 
25528382210213;1.20317;1.04685;0.997738 -0.00105649 0.0672107 0.0335202 -0.00549492 0.995248 0.0972162 0.130314 -0.066994 -0.0973656 0.992991 -4.485 0 0 0 1 
25528382210214;2.77469;0.904794;0.985272 0.0395794 0.166351 1.96701 -0.00391657 0.977811 -0.209451 -1.8869 -0.170949 0.205714 0.963565 8.14953 0 0 0 1 
25528382210215;2.52413;2.34558;0.999488 0.0137573 -0.028874 0.476482 -0.0063537 0.970177 0.242313 -0.628136 0.0313465 -0.242006 0.969768 -9.84007 0 0 0 1 
25528382210217;1.06109;1.04402;0.971465 -0.0128046 -0.236838 -1.29028 0.00456514 0.999366 -0.0353054 -0.0574297 0.23714 0.0332168 0.970908 3.78546 0 0 0 1 
25528382210218;0.551084;0.526969;0.999838 0.0138147 0.0115256 1.30573 -0.0145012 0.997985 0.0617756 -0.245077 -0.010649 -0.0619327 0.998024 -5.45077 0 0 0 1 
25528382210219;0.422673;0.558485;0.975582 -0.00777087 0.219497 -0.305243 -0.0023233 0.998953 0.0456922 0.0579444 -0.219622 -0.0450865 0.974543 -4.85921 0 0 0 1 
25528382210220;1.03905;0.907937;0.962153 0.0576011 -0.266352 5.05484 -0.0201414 0.989764 0.141288 -1.05779 0.271764 -0.130576 0.953464 -11.0457 0 0 0 1 
25528382210221;1.31298;0.69493;0.997871 -0.0160737 -0.063204 -1.7317 0.00724043 0.990465 -0.137577 -1.06194 0.0648127 0.136827 0.988472 13.9668 0 0 0 1 
25528382210222;1.56771;1.1799;0.987251 0.0279915 -0.156691 2.88098 -0.0102332 0.993541 0.113012 -0.735856 0.158842 -0.109968 0.981161 -11.0802 0 0 0 1 
25528382210223;0.395381;0.303549;0.998238 0.00284277 -0.0592648 0.121507 0.000498198 0.998415 0.0562827 -0.0502565 0.0593308 -0.0562131 0.996654 -4.58803 0 0 0 1 
25528382210224;1.45898;1.12042;0.994802 -0.00397889 -0.101747 -0.787003 0.00593473 0.999803 0.0189271 0.0580502 0.101651 -0.0194326 0.99463 -0.279604 0 0 0 1 
25528382210225;0.647882;0.305805;0.955355 0.0417063 -0.292502 3.00075 0.00430231 0.987919 0.154914 -0.871976 0.295429 -0.149256 0.943633 -11.6742 0 0 0 1 
25528382210226;0.247807;0.268495;0.994472 0.00995361 -0.104533 0.824561 -0.00804751 0.999794 0.0186405 -0.0720943 0.104697 -0.0176963 0.994347 -1.27257 0 0 0 1 
25528382210227;1.67052;0.413623;0.999843 0.000739867 0.0176938 -0.165151 -0.000724799 0.999999 -0.000858025 -0.0557788 -0.0176944 0.000845066 0.999843 2.23829 0 0 0 1 
25528382210228;0.941077;0.359244;0.999856 -0.000773356 -0.0169626 0.249252 -0.000338898 0.997854 -0.0654701 -0.0726645 0.0169769 0.0654665 0.99771 4.43476 0 0 0 1 
25528382210229;1.84373;1.78684;0.999487 -0.0162664 -0.0276056 -1.59565 0.0144274 0.997745 -0.0655536 -0.140446 0.0286096 0.0651216 0.997467 6.0292 0 0 0 1 
25528382210230;0.815476;0.70429;0.99993 -0.00703397 -0.00953495 -0.764175 0.00698113 0.99996 -0.00556384 0.0350201 0.0095737 0.00549688 0.999939 0.859308 0 0 0 1 
25528382210231;0.945073;0.49535;0.999956 0.00272838 -0.0089611 0.122523 -0.00284539 0.999911 -0.0130708 -0.0603924 0.00892463 0.0130958 0.999874 2.25004 0 0 0 1 
25528382210232;0.385786;0.348551;0.994767 0.00386099 0.102094 0.428095 -0.0129586 0.995983 0.0885971 -0.344327 -0.101342 -0.0894565 0.990822 -8.88404 0 0 0 1 
25528382210233;0.215723;0.16141;0.999568 0.0259011 0.0138955 2.27239 -0.0290456 0.942884 0.331852 -4.92524 -0.00450653 -0.332112 0.943229 -29.9154 0 0 0 1 
25528382210234;1.80049;1.33788;0.999916 -0.0121437 0.00459784 -0.804728 0.0124268 0.997635 -0.0676018 0.084131 -0.00376603 0.0676533 0.997702 3.97997 0 0 0 1 
25528382210235;1.841;2.00546;0.981292 -0.00176399 0.192517 0.0655822 -0.0371112 0.979472 0.198136 -1.62225 -0.188915 -0.201574 0.961082 -18.3465 0 0 0 1 
25528382210236;0.783834;0.590644;0.992453 0.00201961 0.122607 0.529727 -0.00771989 0.99891 0.046035 -0.0127983 -0.12238 -0.0466341 0.991387 -3.98672 0 0 0 1 
25528382210237;0.646121;0.468793;0.995785 -0.00735583 -0.0914181 -0.60579 0.00716607 0.999971 -0.00240381 0.0764719 0.0914331 0.00173857 0.99581 -0.230431 0 0 0 1 
25528382210238;0.978297;0.774582;0.994822 -0.0109344 0.101042 -0.981114 0.0224617 0.993265 -0.113663 -0.597474 -0.0991185 0.115344 0.988368 10.5035 0 0 0 1 
25528382210239;1.51578;0.158608;0.99556 -0.00498796 0.0939961 -0.749046 0.0107175 0.998108 -0.0605493 -0.166374 -0.0935162 0.0612878 0.99373 7.17311 0 0 0 1 
25528382210240;0.466545;0.387157;0.999849 0.016103 -0.00660021 1.36786 -0.0144565 0.979658 0.200151 -1.64618 0.00968897 -0.200025 0.979743 -17.8529 0 0 0 1 
25528382210241;1.93577;1.75212;0.989697 0.000654826 0.143179 0.281674 -0.0218391 0.988979 0.146435 -0.842432 -0.141505 -0.148053 0.978804 -13.8546 0 0 0 1 
25528382210242;0.86252;0.508753;0.996982 -0.0222565 0.0743698 -2.10239 0.0365198 0.979857 -0.196334 -1.75978 -0.068502 0.198458 0.977713 18.3021 0 0 0 1 
25528382210243;0.905546;0.382935;0.970867 -0.00969535 0.239425 -0.291877 -0.00261302 0.998693 0.0510373 0.0690851 -0.239607 -0.050176 0.969573 -4.39395 0 0 0 1 
25528382210244;0.219604;0.232588;0.999842 0.00188574 -0.0176752 0.166554 -0.00224548 0.99979 -0.0203553 -0.0445025 0.0176331 0.0203917 0.999637 1.72291 0 0 0 1 
25528382210245;0.165948;0.195229;0.980929 -0.00680779 0.194249 -0.357469 0.00340455 0.999835 0.0178484 0.0641249 -0.194339 -0.0168467 0.98079 -2.67481 0 0 0 1 
25528382210246;1.5805;1.42183;0.998534 -0.00324044 0.0540311 -0.364969 0.00233194 0.999855 0.016869 0.0278061 -0.0540779 -0.0167182 0.998397 -0.761842 0 0 0 1 
25528382210248;1.80404;1.35939;0.996604 0.0081875 0.0819391 0.499567 0.00546711 0.986271 -0.165045 -0.505899 -0.0821655 0.164932 0.982876 8.61809 0 0 0 1 
25528382210249;2.65063;0.741404;0.999326 -0.0164335 0.0328105 -0.824478 0.0159833 0.999775 0.0139359 0.152068 -0.0330321 -0.0134021 0.999364 -3.72532 0 0 0 1 
25528382210250;0.988386;0.216289;0.98859 -0.0291682 -0.147779 -1.99337 0.0201171 0.99785 -0.0623763 -0.203064 0.149281 0.0586917 0.987051 3.78815 0 0 0 1 
25528382210251;1.96971;0.551847;0.999288 0.00824538 -0.0368279 0.507918 -0.00692248 0.999331 0.0359053 0.610081 0.0370993 -0.0356248 0.998676 -4.16022 0 0 0 1 
25528382210252;1.48555;1.12667;0.999354 0.0359118 0.00100829 2.17531 -0.0359101 0.999354 -0.00166461 -0.419921 -0.00106742 0.00162732 0.999998 0.44502 0 0 0 1 
25528382210253;1.51489;0.402373;0.99907 0.0148587 0.0404778 0.948647 -0.012944 0.998804 -0.0471594 0.0670302 -0.0411301 0.0465916 0.998067 0.904158 0 0 0 1 
25528382210254;2.5409;1.91566;0.99939 0.00832506 0.0339075 0.531303 -0.0132861 0.988774 0.148829 0.0180749 -0.0322878 -0.149189 0.988281 -10.1979 0 0 0 1 
25528382210255;0.438009;0.159953;0.995332 0.0111772 -0.0958579 0.492995 -0.0199757 0.995621 -0.0913241 -0.398121 0.0944174 0.0928126 0.991197 5.2335 0 0 0 1 
25528382210256;0.895108;0.476549;0.960879 0.00694751 0.27688 1.03886 0.0717643 0.959299 -0.27312 -3.25239 -0.267508 0.282306 0.921272 16.7649 0 0 0 1 
25528382210257;0.887196;0.806282;0.999331 -0.00644922 0.0359862 -0.20789 0.00608304 0.999929 0.0102758 -0.0537409 -0.0360499 -0.01005 0.999299 -0.772102 0 0 0 1 
25528382210258;2.46932;0.615001;0.998973 0.0359599 -0.0275676 2.34824 -0.0374296 0.997796 -0.0547957 0.0609853 0.0255364 0.0557713 0.998117 0.271203 0 0 0 1 
25528382210259;0.355498;0.215113;0.995539 0.003963 0.0942666 0.364345 0.0399454 0.887451 -0.459168 -7.30964 -0.0854767 0.460885 0.883334 25.557 0 0 0 1 
25528382210260;0.270887;0.250108;0.999943 -0.0105889 0.00132407 -0.693277 0.0105912 0.999942 -0.0017796 0.0183801 -0.00130515 0.00179352 0.999998 0.179762 0 0 0 1 
