#;prob_registration_l1 -r /home/probabilistic_point_clouds_registration/build/tester /home/point_clouds_registration_benchmark/stairs_local.txt /home/point_clouds_registration_benchmark/stairs -s 0.2 -t 0.2 -p 0.3 -r 1000 -m 5 -i 40 
id;initial_error;final_error;transformation
5494384560000;0.832403;0.110302;0.987427 0.155986 -0.025622 0.923731 -0.1527 0.983144 0.100547 0.587024 0.0408741 -0.0953708 0.994602 0.211533 0 0 0 1 
5494384560001;0.315086;0.125012;0.896126 0.287326 -0.338234 1.76484 -0.240723 0.954968 0.173459 1.47637 0.372842 -0.0740204 0.924938 -2.502 0 0 0 1 
5494384560002;0.630491;0.108761;0.998544 0.0238838 -0.0483661 0.817225 -0.0207804 0.997754 0.0636797 -0.0866959 0.0497784 -0.0625819 0.996798 -0.099834 0 0 0 1 
5494384560003;0.317466;0.0911142;0.968767 -0.0288268 -0.246293 0.971603 0.119126 0.925206 0.360281 -1.86572 0.217486 -0.378368 0.899743 -1.42077 0 0 0 1 
5494384560004;0.657978;0.128909;0.996223 0.0865224 0.00737339 -0.0505709 -0.0866812 0.985788 0.143907 0.852367 0.00518254 -0.144002 0.989564 0.432646 0 0 0 1 
5494384560005;0.751618;0.114976;0.997195 -0.0442128 -0.0603894 -0.380545 0.0541898 0.983058 0.175099 -1.32224 0.0516247 -0.17788 0.982697 -0.488401 0 0 0 1 
5494384560006;0.696898;0.122586;0.909655 0.354275 -0.216837 1.54235 -0.365801 0.930585 -0.0141577 2.42364 0.196769 0.0921976 0.976105 -0.876061 0 0 0 1 
5494384560007;0.399045;0.0990985;0.943197 -0.326543 -0.0612272 0.775914 0.33123 0.938553 0.0969817 -2.97608 0.0257962 -0.111753 0.993401 -0.16232 0 0 0 1 
5494384560008;0.231215;0.0952895;0.977972 -0.168461 -0.123256 0.449024 0.161023 0.9846 -0.068074 -1.02318 0.132826 0.0467273 0.990037 -0.865939 0 0 0 1 
5494384560009;0.454804;0.107929;0.988112 0.0144229 -0.153056 0.761934 0.00384329 0.992961 0.118381 -0.571178 0.153686 -0.117562 0.981101 -0.740572 0 0 0 1 
5494384560010;0.83506;0.100512;0.998816 0.0446019 -0.0194106 0.0586802 -0.042818 0.995526 0.0842323 0.325853 0.0230807 -0.0833014 0.996257 0.696268 0 0 0 1 
5494384560011;0.300381;0.118661;0.994936 0.0961333 0.0293367 -0.0591115 -0.0854815 0.962856 -0.256128 1.22616 -0.0528694 0.252323 0.966198 0.42925 0 0 0 1 
5494384560012;0.513405;0.09792;0.931598 0.103035 -0.34858 1.29862 -0.153977 0.980554 -0.121675 1.43312 0.329265 0.167026 0.929348 -1.84167 0 0 0 1 
5494384560013;0.592232;0.091043;0.989109 0.0571244 -0.135644 0.596074 -0.0524592 0.99791 0.0377248 0.917644 0.137516 -0.0301982 0.990039 -1.03864 0 0 0 1 
5494384560014;0.784839;0.109789;0.937629 0.257544 0.233501 0.625719 -0.306408 0.929531 0.205148 1.59357 -0.164212 -0.263899 0.950469 1.74474 0 0 0 1 
5494384560015;1.02961;0.10141;0.923712 0.362664 -0.123417 0.5648 -0.382221 0.894152 -0.233237 4.13408 0.0257669 0.262616 0.964556 0.541362 0 0 0 1 
5494384560016;0.692498;0.123508;0.980367 0.173135 -0.0943604 0.44353 -0.195688 0.91305 -0.357835 2.82976 0.024202 0.369275 0.929005 -0.437457 0 0 0 1 
5494384560017;0.125802;0.120213;0.999123 0.0339631 -0.0244963 0.175573 -0.0325424 0.997887 0.056234 0.0704835 0.0263545 -0.0553875 0.998117 -0.0736117 0 0 0 1 
5494384560018;0.697368;0.102317;0.991025 0.0945811 -0.094466 0.906676 -0.108936 0.980981 -0.16065 1.33393 0.0774749 0.169499 0.98248 -0.0320753 0 0 0 1 
5494384560019;0.372102;0.11551;0.941008 0.328312 0.0819504 0.350687 -0.337133 0.930435 0.14364 2.20194 -0.0290907 -0.162795 0.986231 -0.0420597 0 0 0 1 
5494384560020;0.725979;0.11263;0.92867 0.363251 0.0749735 0.356736 -0.366511 0.867692 0.335828 2.38844 0.056936 -0.339352 0.938935 0.211685 0 0 0 1 
5494384560021;0.810082;0.102173;0.991052 0.121414 -0.0554435 -0.0709341 -0.117938 0.991073 0.0621757 0.850902 0.0624976 -0.0550805 0.996524 0.313768 0 0 0 1 
5494384560022;1.01164;0.107756;0.894182 -0.25902 -0.365166 1.54464 0.307137 0.948347 0.0794057 -3.43896 0.325737 -0.183159 0.92755 -1.9488 0 0 0 1 
5494384560023;0.527542;0.115429;0.9726 0.130991 -0.192069 1.00789 -0.118618 0.990133 0.0746085 0.62571 0.199947 -0.0497813 0.978541 -1.94626 0 0 0 1 
5494384560024;0.419936;0.102357;0.917769 0.382703 -0.106017 1.23628 -0.379805 0.923867 0.0471005 2.7525 0.115971 -0.00296146 0.993248 -1.08982 0 0 0 1 
5494384560025;0.495752;0.101765;0.917865 0.354409 -0.178657 1.19524 -0.342774 0.934772 0.0933189 2.4795 0.200076 -0.0244153 0.979476 -1.05446 0 0 0 1 
5494384560026;0.350666;0.123881;0.976402 0.139384 0.16496 -0.119437 -0.0992351 0.967991 -0.230533 1.30461 -0.191812 0.208723 0.95898 1.80752 0 0 0 1 
5494384560027;0.90423;0.103147;0.987638 0.0986158 -0.121844 1.43049 -0.0714238 0.975042 0.210217 0.189258 0.139534 -0.198915 0.970032 -0.832082 0 0 0 1 
5494384560028;0.914969;0.13645;0.99862 -0.0432514 -0.0297809 -0.760228 0.0460321 0.993914 0.100076 -0.463554 0.0252713 -0.101309 0.994534 -0.443529 0 0 0 1 
5494384560029;0.844853;0.141336;0.997449 0.0708247 -0.00887877 0.140932 -0.0699617 0.994715 0.0751437 -0.317541 0.0141539 -0.0743308 0.997133 -0.712711 0 0 0 1 
5494384560031;0.314572;0.270872;0.923096 -0.356262 -0.14481 0.39599 0.362836 0.931618 0.0209404 -1.51111 0.127448 -0.0718724 0.989238 -0.301104 0 0 0 1 
5494384560032;0.143255;0.274847;0.991317 0.0645599 0.114555 -0.0480464 -0.0586562 0.996807 -0.0541825 0.177101 -0.117687 0.0469927 0.991938 0.703367 0 0 0 1 
5494384560033;0.256973;0.270597;0.996955 0.0166433 0.0761816 0.0742563 -0.00881456 0.994748 -0.10197 0.191118 -0.0774787 0.100988 0.991866 0.626183 0 0 0 1 
5494384560034;0.872658;0.257182;0.964024 -0.220259 0.148808 -0.0457532 0.19232 0.964394 0.181542 -1.78053 -0.183496 -0.146392 0.972059 0.35223 0 0 0 1 
5494384560035;0.383527;0.285346;0.99316 -0.0693593 0.0939251 -0.0381601 0.0645445 0.996487 0.0533686 0.0448448 -0.0972967 -0.0469412 0.994148 0.712994 0 0 0 1 
5494384560036;0.699819;0.270192;0.956802 0.273472 -0.0987102 0.434268 -0.29027 0.917829 -0.2708 0.865575 0.0165429 0.287755 0.957561 0.850296 0 0 0 1 
5494384560037;0.785083;0.250876;0.961893 -0.0829969 0.260526 -0.406382 0.155203 0.950177 -0.270326 -0.273209 -0.225109 0.30046 0.926849 0.489537 0 0 0 1 
5494384560038;1.00964;0.283165;0.90216 -0.424236 0.0783028 -0.940169 0.424832 0.90522 0.00972274 -1.35362 -0.075006 0.024494 0.996882 0.258118 0 0 0 1 
5494384560039;0.16472;0.285108;0.988252 -0.0754167 -0.132933 0.130488 0.0806713 0.99614 0.0345878 -0.3882 0.129812 -0.0449053 0.990521 -0.29292 0 0 0 1 
5494384560040;0.656318;0.264134;0.903356 0.334964 0.267856 0.535269 -0.327786 0.941967 -0.0724927 0.786756 -0.276593 -0.0223125 0.960728 1.51458 0 0 0 1 
5494384560041;0.496934;0.276963;0.863844 -0.299555 0.40502 -0.180463 0.300517 0.951698 0.0629251 -1.16529 -0.404306 0.0673579 0.91214 2.3361 0 0 0 1 
5494384560042;0.516103;0.286412;0.976942 -0.0223499 -0.212332 0.21856 0.0566288 0.986011 0.156763 -0.62547 0.205858 -0.165172 0.964542 -1.00376 0 0 0 1 
5494384560043;0.0787389;0.267103;0.998451 -0.00968857 0.0547943 -0.125846 0.00770224 0.99931 0.0363464 -0.231188 -0.0551086 -0.0358681 0.997836 0.517575 0 0 0 1 
5494384560044;0.670233;0.275435;0.997424 0.0423703 0.0578833 0.168745 -0.0448346 0.998113 0.04196 0.238399 -0.0559962 -0.0444471 0.997441 1.22238 0 0 0 1 
5494384560045;0.454928;0.27036;0.895565 -0.271887 0.352195 -0.510216 0.167078 0.939145 0.300153 -1.14644 -0.41237 -0.209962 0.886491 1.94058 0 0 0 1 
5494384560046;0.663952;0.284291;0.983538 0.148575 -0.102854 0.268808 -0.146344 0.98881 0.0289521 1.18154 0.106004 -0.0134235 0.994275 -0.243907 0 0 0 1 
5494384560047;0.60701;0.253859;0.99005 0.0185754 -0.139487 -0.274972 -0.0395136 0.988066 -0.148879 0.625094 0.135057 0.152909 0.978968 -0.50413 0 0 0 1 
5494384560048;0.280379;0.289837;0.997562 -0.0125429 0.0686486 -0.180974 0.012277 0.999915 0.00429379 -0.218807 -0.0686967 -0.00344052 0.997632 0.883559 0 0 0 1 
5494384560049;0.480826;0.272895;0.916236 0.333043 0.222698 0.498527 -0.330209 0.94253 -0.0509841 1.35737 -0.22688 -0.0268234 0.973553 1.11954 0 0 0 1 
5494384560050;0.519994;0.269133;0.971061 0.210054 0.113657 -0.273379 -0.202365 0.976392 -0.0755408 0.300104 -0.126841 0.0503545 0.990644 0.841329 0 0 0 1 
5494384560051;0.245903;0.267639;0.998757 -0.0110466 0.0486056 -0.0509064 0.00862408 0.998723 0.0497714 -0.324636 -0.0490933 -0.0492904 0.997577 0.252349 0 0 0 1 
5494384560052;0.581213;0.267393;0.937429 0.156507 0.311018 -0.442903 -0.199559 0.973509 0.111607 0.0364511 -0.285312 -0.16669 0.943828 1.16579 0 0 0 1 
5494384560053;0.543864;0.276709;0.953141 -0.22178 0.205756 -0.528847 0.203102 0.973171 0.108113 -1.29854 -0.224213 -0.0612571 0.972613 0.806342 0 0 0 1 
5494384560054;0.812423;0.259477;0.984887 -0.0311746 -0.17037 0.105671 0.0386854 0.998412 0.0409439 -0.485813 0.168823 -0.0469159 0.984529 -1.26375 0 0 0 1 
5494384560055;0.804846;0.287712;0.905527 0.00372735 0.424273 0.451652 -0.0499229 0.993951 0.0978183 0.521363 -0.421342 -0.109758 0.900235 1.98826 0 0 0 1 
5494384560056;0.404608;0.287834;0.975306 0.160264 0.151965 -0.249072 -0.162382 0.986727 0.00155287 0.148293 -0.1497 -0.026191 0.988385 0.806879 0 0 0 1 
5494384560057;0.241612;0.281015;0.975909 0.208635 -0.0638154 0.251369 -0.199605 0.971881 0.124922 0.434621 0.0880842 -0.109175 0.990112 -0.0148252 0 0 0 1 
5494384560058;0.361634;0.280729;0.987247 -0.109277 0.115768 -0.000204998 0.124497 0.983181 -0.133627 -0.0954112 -0.0992183 0.146335 0.984247 0.742545 0 0 0 1 
5494384560059;0.672349;0.276107;0.997379 -0.00661494 0.0720546 -0.16051 0.0049456 0.999716 0.0233216 -0.127372 -0.0721884 -0.0229041 0.997128 -0.211995 0 0 0 1 
5494384560060;0.435775;0.280391;0.953675 -0.291022 -0.0762234 -0.167577 0.300544 0.91043 0.284237 -1.65499 -0.0133232 -0.293978 0.955719 0.13091 0 0 0 1 
5494384560062;0.821662;0.1409;0.967004 -0.190127 -0.16957 0.383302 0.190789 0.981551 -0.0125346 -1.60867 0.168825 -0.0202312 0.985438 -1.22899 0 0 0 1 
5494384560063;1.2461;0.190406;0.943564 0.107354 -0.31331 1.7772 -0.107505 0.994062 0.0168468 0.805779 0.313258 0.0177865 0.949502 -2.3812 0 0 0 1 
5494384560064;0.351118;0.158755;0.920798 -0.389889 0.0108073 0.22955 0.389659 0.920771 0.0186197 -2.48184 -0.0172107 -0.0129339 0.999768 0.186727 0 0 0 1 
5494384560065;1.02628;0.173694;0.996914 0.077645 0.0116033 -0.0028605 -0.0772779 0.996579 -0.0292977 0.374698 -0.0138384 0.0283105 0.999503 0.948039 0 0 0 1 
5494384560066;0.385602;0.438255;0.930687 0.358464 -0.0729759 1.0374 -0.359639 0.933086 -0.00320641 2.43455 0.0669434 0.0292291 0.997329 -0.236429 0 0 0 1 
5494384560067;1.09812;0.175928;0.981261 -0.118108 0.15224 -0.383074 0.136067 0.984178 -0.113491 -0.862191 -0.136427 0.132079 0.981806 0.302022 0 0 0 1 
5494384560068;0.284277;0.170354;0.987785 0.146776 -0.0523288 0.294965 -0.124458 0.945198 0.301845 0.0666741 0.0937649 -0.291646 0.95192 -0.505386 0 0 0 1 
5494384560069;0.305684;0.173071;0.988489 0.148566 -0.0285969 0.461275 -0.147614 0.988496 0.0329428 0.921415 0.0331621 -0.0283423 0.999048 -0.0602469 0 0 0 1 
5494384560070;1.06788;0.148152;0.998515 0.0544351 -0.00220566 0.799112 -0.0533564 0.985302 0.162274 -0.0158794 0.0110067 -0.161915 0.986743 -0.322956 0 0 0 1 
5494384560071;0.199717;0.166628;0.999963 -0.00468103 0.00715446 0.0305383 0.00458511 0.9999 0.0133645 -0.0495067 -0.0072163 -0.0133312 0.999885 0.27425 0 0 0 1 
5494384560072;1.02349;0.148453;0.962932 -0.0105633 -0.269539 1.14933 -0.0617683 0.964048 -0.25845 1.70381 0.262578 0.265519 0.92766 -1.30736 0 0 0 1 
5494384560073;0.123206;0.146764;0.994055 -0.108425 0.00991501 -0.0410258 0.107884 0.993168 0.0444885 -0.744876 -0.0146709 -0.0431544 0.998961 0.198007 0 0 0 1 
5494384560074;0.700296;0.49053;0.965128 0.260096 0.0296469 0.160955 -0.261038 0.964721 0.0342518 1.95806 -0.0196922 -0.0407963 0.998973 -0.0738506 0 0 0 1 
5494384560075;0.186882;0.141787;0.99982 0.0154938 0.0109437 0.05145 -0.0153789 0.999827 -0.0105057 0.175013 -0.0111046 0.0103356 0.999885 0.0464987 0 0 0 1 
5494384560076;1.00141;0.136247;0.992683 -0.0901208 0.0803609 -0.265397 0.0825641 0.99225 0.0928601 -0.514183 -0.0881067 -0.0855457 0.992431 1.35428 0 0 0 1 
5494384560077;0.605922;0.151333;0.895351 -0.322634 -0.307009 1.40924 0.35916 0.930694 0.0693818 -2.38749 0.263346 -0.172386 0.949174 -1.78194 0 0 0 1 
5494384560078;0.686652;0.140167;0.921164 -0.386801 0.0429199 0.0960086 0.385329 0.891033 -0.239962 -1.79798 0.0545746 0.237583 0.969833 0.318222 0 0 0 1 
5494384560079;0.330281;0.458557;0.957806 0.285423 -0.0337804 0.686717 -0.27601 0.946205 0.168862 1.50784 0.0801603 -0.152413 0.985061 -0.395987 0 0 0 1 
5494384560080;0.779401;0.149777;0.915681 0.394183 -0.0784056 1.32214 -0.381397 0.913782 0.13978 2.34142 0.126745 -0.0980902 0.987074 -0.604902 0 0 0 1 
5494384560081;0.603531;0.183871;0.981331 0.18905 -0.0353372 0.514837 -0.192028 0.973337 -0.125464 1.78225 0.010676 0.129908 0.991469 0.411783 0 0 0 1 
5494384560082;0.617118;0.162548;0.892856 -0.277079 -0.355016 1.44078 0.330506 0.938636 0.0986376 -2.03999 0.3059 -0.205404 0.929642 -1.99245 0 0 0 1 
5494384560083;0.290683;0.148706;0.943951 0.307971 0.118787 0.174808 -0.295355 0.948725 -0.112633 2.16253 -0.147384 0.0712362 0.986511 1.01391 0 0 0 1 
5494384560084;0.175327;0.163421;0.987497 -0.116554 -0.10614 0.327932 0.101594 0.985369 -0.136843 -0.247958 0.120537 0.124349 0.98489 -0.583447 0 0 0 1 
5494384560085;0.943472;0.13054;0.993581 -0.107705 -0.0345938 0.0941331 0.0937841 0.955258 -0.28051 -0.209049 0.0632584 0.275465 0.959227 0.522768 0 0 0 1 
5494384560086;0.821732;0.14747;0.991415 -0.0325549 0.126637 -0.436551 0.0196922 0.994638 0.101528 -0.585196 -0.129263 -0.0981622 0.98674 1.41027 0 0 0 1 
5494384560087;0.12902;0.148608;0.999198 0.023542 -0.0323781 0.0245282 -0.0231224 0.999645 0.0132734 0.182914 0.032679 -0.0125141 0.999388 -0.0458907 0 0 0 1 
5494384560088;1.25698;0.415056;0.893117 0.0558196 -0.446349 1.8349 -0.044215 0.998359 0.0363817 -0.523514 0.447647 -0.0127578 0.894119 -2.33444 0 0 0 1 
5494384560089;1.3654;0.526125;0.931076 0.353978 0.0882957 0.114964 -0.349032 0.934727 -0.0667972 2.90202 -0.106177 0.0313753 0.993852 0.0129143 0 0 0 1 
5494384560090;0.736364;0.131703;0.958753 -0.284026 -0.0110271 0.528954 0.261154 0.895537 -0.360293 -0.503005 0.112208 0.342552 0.932774 -0.211071 0 0 0 1 
5494384560091;0.484121;0.162487;0.943593 -0.145545 -0.297404 1.12076 0.210813 0.956709 0.200662 -1.76859 0.255324 -0.252039 0.933427 -1.1316 0 0 0 1 
5494384560093;0.0553842;0.318134;0.989936 0.0877618 -0.111015 0.249234 -0.0956411 0.993107 -0.0677544 0.818295 0.104303 0.0776901 0.991506 -0.434539 0 0 0 1 
5494384560094;0.672056;0.55567;0.876832 0.074699 -0.47496 1.92149 -0.0419357 0.995974 0.079223 6.35079e-05 0.478965 -0.0495474 0.876434 -2.42808 0 0 0 1 
5494384560095;0.854827;0.365712;0.872102 0.478738 -0.101231 1.32238 -0.4879 0.866521 -0.105328 3.01479 0.0372945 0.141247 0.989272 0.438535 0 0 0 1 
5494384560096;0.268636;0.374891;0.969509 -0.167593 -0.178785 0.397877 0.14344 0.979639 -0.140472 -0.798331 0.198687 0.110544 0.973809 -1.13631 0 0 0 1 
5494384560097;0.745786;0.400758;0.991007 0.103526 -0.0847738 -0.277861 -0.107473 0.993261 -0.0433827 0.315788 0.0797113 0.0521035 0.995455 -0.100893 0 0 0 1 
5494384560098;0.365154;0.365518;0.934333 -0.264174 -0.239236 0.830944 0.27406 0.961676 0.00841678 -2.05012 0.227844 -0.073429 0.970925 -1.31749 0 0 0 1 
5494384560099;0.345567;0.387995;0.9992 0.0398664 -0.00325619 -0.325264 -0.0399238 0.989012 -0.142342 0.757161 -0.00245425 0.142358 0.989812 0.292102 0 0 0 1 
5494384560100;0.37298;0.410559;0.942371 -0.121926 -0.311563 0.682514 0.0968721 0.990779 -0.0947221 -0.397301 0.32024 0.0590815 0.945492 -1.66143 0 0 0 1 
5494384560101;0.595346;0.431473;0.886918 0.44915 0.107893 0.410609 -0.447623 0.893356 -0.0393549 3.27398 -0.114063 -0.013391 0.993383 1.4099 0 0 0 1 
5494384560102;0.240088;0.441144;0.996449 -0.0835126 -0.0107206 -0.212983 0.0815561 0.988973 -0.123616 -0.479849 0.0209258 0.122302 0.992272 0.0900274 0 0 0 1 
5494384560103;0.65911;0.399683;0.994098 0.0737735 -0.0795437 0.0986429 -0.0829913 0.989347 -0.119606 0.764882 0.0698725 0.125501 0.98963 -0.686095 0 0 0 1 
5494384560104;0.317417;0.433734;0.995081 0.0226652 -0.0964384 0.0268858 -0.00181583 0.977485 0.210995 -0.577351 0.0990494 -0.209782 0.972718 -0.431694 0 0 0 1 
5494384560105;0.561217;0.322883;0.917853 0.174216 -0.356643 1.11175 -0.221526 0.970409 -0.0960835 1.74188 0.32935 0.167196 0.929287 -1.42888 0 0 0 1 
5494384560106;0.669368;0.492164;0.990299 0.108435 0.0868856 -0.258231 -0.103775 0.992996 -0.0564754 0.333829 -0.0924009 0.046911 0.994616 1.04524 0 0 0 1 
5494384560107;0.196586;0.37681;0.962021 0.239621 -0.130758 0.564577 -0.24844 0.967046 -0.0556767 1.87335 0.113108 0.0860477 0.98985 -0.553588 0 0 0 1 
5494384560108;0.588165;0.501195;0.956931 0.24625 -0.153769 0.766035 -0.219921 0.96063 0.169776 1.12107 0.189522 -0.128647 0.973412 -1.26991 0 0 0 1 
5494384560109;0.964218;0.452577;0.965398 0.255578 0.0518412 -0.0061458 -0.254173 0.966622 -0.0322087 1.86894 -0.0583427 0.0179176 0.998136 1.37907 0 0 0 1 
5494384560110;0.522946;0.373183;0.944207 -0.312511 -0.103974 0.0359701 0.311057 0.949907 -0.0303371 -2.29771 0.108246 -0.00369729 0.994117 -0.574286 0 0 0 1 
5494384560111;0.382633;0.372858;0.997169 0.0751806 0.00161775 -0.260536 -0.0731779 0.97511 -0.209298 1.05516 -0.0173127 0.208587 0.97785 0.256205 0 0 0 1 
5494384560112;1.20633;0.3812;0.985877 -0.102135 -0.132722 -0.338779 0.0999309 0.994724 -0.0231806 -0.195722 0.13439 0.00959018 0.990882 -0.057039 0 0 0 1 
5494384560113;0.493118;0.369498;0.956394 0.261422 -0.130267 0.562876 -0.270465 0.961037 -0.0570725 1.9104 0.110271 0.0898163 0.989835 -0.842222 0 0 0 1 
5494384560114;0.011633;0.336016;0.989939 0.100464 -0.0996417 0.189519 -0.108333 0.99113 -0.0769747 0.900582 0.0910247 0.0869948 0.992042 -0.351905 0 0 0 1 
5494384560115;0.837027;0.361936;0.938366 0.00810709 -0.345548 0.737244 0.0319695 0.993404 0.110123 -0.870973 0.344161 -0.114382 0.931917 -1.76913 0 0 0 1 
5494384560116;0.753813;0.349809;0.989721 0.026183 -0.140597 -0.257644 -0.0269759 0.999629 -0.00373609 0.204932 0.140447 0.0074904 0.99006 -0.976404 0 0 0 1 
5494384560117;0.39392;0.428737;0.921758 0.383547 -0.0570413 0.584728 -0.387316 0.917754 -0.0878295 2.84999 0.018663 0.103051 0.994501 0.380065 0 0 0 1 
5494384560118;0.486867;0.358956;0.972644 0.189787 -0.133958 0.656346 -0.22403 0.918851 -0.324844 2.06109 0.0614363 0.345968 0.936233 -0.1946 0 0 0 1 
5494384560119;0.307339;0.46505;0.901175 0.429348 -0.0595327 0.675339 -0.423131 0.901171 0.0940823 2.59107 0.0940432 -0.0595944 0.993783 -0.428199 0 0 0 1 
5494384560120;1.07013;0.375805;0.968612 -0.117428 -0.219092 0.621149 0.0889482 0.986758 -0.135638 -0.259026 0.232118 0.111893 0.96623 -2.11662 0 0 0 1 
5494384560121;0.937742;0.334951;0.841747 0.474647 -0.257238 1.32655 -0.502409 0.863098 -0.0514468 2.88352 0.197603 0.172544 0.964978 -1.17777 0 0 0 1 
5494384560122;0.448809;0.400793;0.879927 0.464655 0.0991207 0.464039 -0.450426 0.882226 -0.13709 3.45582 -0.151146 0.0759828 0.985587 1.45344 0 0 0 1 
5494384560124;0.180601;0.517639;0.990094 -0.103248 0.0951514 -0.334 0.109151 0.992269 -0.0590641 0.22673 -0.0883175 0.0688649 0.993709 0.485465 0 0 0 1 
5494384560125;0.336264;0.380119;0.952255 -0.130571 0.275974 -0.566694 0.170738 0.977119 -0.126835 -0.150106 -0.253099 0.167899 0.95276 1.08597 0 0 0 1 
5494384560126;0.158937;0.406046;0.993024 0.101587 0.0598575 -0.206089 -0.0890926 0.978984 -0.183449 1.07206 -0.0772355 0.176836 0.981205 0.50075 0 0 0 1 
5494384560127;0.459182;0.522528;0.98608 -0.144089 -0.0829685 0.454608 0.118671 0.95942 -0.255792 0.82891 0.116459 0.242386 0.963165 -0.110878 0 0 0 1 
5494384560128;0.768681;0.41496;0.965578 -0.120796 0.230366 -0.730943 0.209195 0.886963 -0.411744 0.621348 -0.154589 0.445762 0.881702 0.480211 0 0 0 1 
5494384560129;0.8631;0.497183;0.918821 0.00270952 0.394666 -0.949778 -0.0419811 0.994974 0.0909053 -0.189123 -0.392436 -0.100094 0.914317 1.99206 0 0 0 1 
5494384560130;0.294138;0.452358;0.990847 -0.133091 -0.0225432 0.151443 0.132929 0.991089 -0.00854722 -0.0686787 0.0234798 0.00547234 0.999709 -0.184637 0 0 0 1 
5494384560131;0.331415;0.402324;0.995964 -0.0398635 -0.0804115 0.0385048 0.0272837 0.988023 -0.151874 0.562677 0.0855026 0.149067 0.985123 0.144548 0 0 0 1 
5494384560132;0.299743;0.564198;0.930233 -0.00147404 -0.366967 0.914671 -0.000230301 0.999989 -0.00460057 0.578853 0.36697 0.00436412 0.930223 -1.29931 0 0 0 1 
5494384560133;0.275606;0.519134;0.913393 0.136967 -0.383344 1.06245 -0.172476 0.983205 -0.0596652 1.34974 0.368734 0.120616 0.921676 -1.24277 0 0 0 1 
5494384560134;0.715759;0.434298;0.973768 0.227024 0.015373 0.107532 -0.221537 0.961318 -0.163673 1.60099 -0.0519361 0.155974 0.986395 1.16998 0 0 0 1 
5494384560135;0.221863;0.395609;0.948881 0.29915 0.100664 0.0915945 -0.296154 0.954133 -0.0438436 1.82353 -0.109163 0.0117901 0.993954 0.562698 0 0 0 1 
5494384560136;0.513605;0.442499;0.966793 0.255446 0.00761123 -0.190732 -0.249924 0.951276 -0.180586 2.19226 -0.0533704 0.172687 0.98353 0.27997 0 0 0 1 
5494384560137;0.0725673;0.345572;0.999395 0.0337775 -0.00831107 0.0238831 -0.0341415 0.998241 -0.0484667 0.613268 0.00665936 0.0487212 0.99879 0.151141 0 0 0 1 
5494384560138;0.458946;0.317352;0.995157 -0.0106477 -0.0977218 0.0891809 -0.0113926 0.974924 -0.222244 0.754973 0.0976378 0.222281 0.970081 0.264012 0 0 0 1 
5494384560139;0.373858;0.325188;0.97564 0.190838 0.108205 0.10225 -0.179246 0.977819 -0.108359 0.954017 -0.126484 0.0863237 0.988206 0.490895 0 0 0 1 
5494384560140;0.407687;0.410015;0.917861 0.373425 -0.13448 0.475237 -0.363086 0.926847 0.0955201 1.73737 0.160311 -0.0388465 0.986302 -0.322065 0 0 0 1 
5494384560141;0.827786;0.345573;0.998395 0.0171886 0.0539689 -0.253633 -0.00771997 0.985245 -0.170976 0.729548 -0.0561114 0.170285 0.983796 1.33663 0 0 0 1 
5494384560142;0.791925;0.52088;0.998544 -0.0220473 0.0492319 -0.806478 0.0305683 0.983251 -0.179674 0.619372 -0.044446 0.180917 0.982494 -0.25367 0 0 0 1 
5494384560143;0.413054;0.340832;0.878442 0.400936 0.259982 0.096802 -0.391413 0.915821 -0.0898238 1.95742 -0.27411 -0.0228551 0.961427 1.17732 0 0 0 1 
5494384560144;0.460909;0.382131;0.989047 0.112692 -0.0953251 0.201559 -0.119929 0.990025 -0.0739361 1.06168 0.0860423 0.0845586 0.992697 0.265127 0 0 0 1 
5494384560145;0.514439;0.489767;0.994262 -0.0557319 0.0913048 -0.43732 0.0487717 0.995856 0.0767664 0.647287 -0.0952047 -0.0718728 0.99286 0.596136 0 0 0 1 
5494384560146;0.876277;0.452885;0.960043 0.279843 -0.00240832 1.00833 -0.275729 0.944386 -0.179187 1.78373 -0.0478699 0.172691 0.983812 -0.191598 0 0 0 1 
5494384560147;0.0882485;0.351117;0.98806 0.0256546 -0.151916 0.310576 -0.046161 0.990035 -0.133041 0.806796 0.146989 0.138465 0.979399 -0.459645 0 0 0 1 
5494384560148;0.565514;0.382721;0.896091 0.318154 0.309514 0.19176 -0.222862 0.92553 -0.306147 2.28413 -0.383867 0.205357 0.900264 1.88821 0 0 0 1 
5494384560149;0.651367;0.451246;0.995703 -0.0839794 0.0390257 -0.497127 0.0859155 0.995001 -0.0509085 0.216631 -0.0345553 0.0540427 0.997941 0.900234 0 0 0 1 
5494384560150;0.389377;0.428008;0.942168 -0.287053 0.172975 -0.345964 0.323879 0.912537 -0.249758 -0.617829 -0.086152 0.291337 0.952733 0.714912 0 0 0 1 
5494384560151;0.428451;0.38523;0.947162 -0.316887 -0.0496625 0.0297508 0.313342 0.947209 -0.0679121 -0.775819 0.0685613 0.0487624 0.996455 -0.505708 0 0 0 1 
5494384560152;0.492131;0.64468;0.934977 -0.354566 -0.0100776 -0.0254432 0.353839 0.934295 -0.043479 -1.0564 0.0248316 0.0370861 0.999004 -0.153708 0 0 0 1 
5494384560153;0.585822;0.409899;0.998607 0.0418185 -0.0321777 0.0469203 -0.0500464 0.943884 -0.326463 1.46574 0.0167198 0.327618 0.944662 -0.404134 0 0 0 1 
5494384560155;0.510199;0.425711;0.999631 0.0247514 0.0111795 0.386132 -0.0256187 0.996001 0.0855943 0.408459 -0.00901625 -0.0858491 0.996267 0.49499 0 0 0 1 
5494384560156;0.606536;0.416079;0.995316 0.0957109 -0.0135896 0.531028 -0.0943415 0.992362 0.0794823 0.158565 0.0210931 -0.077828 0.996744 -0.664836 0 0 0 1 
5494384560157;0.698949;1.04246;0.833372 0.538908 0.122757 1.30006 -0.538863 0.74279 0.397354 0.555692 0.122955 -0.397293 0.909418 -0.191908 0 0 0 1 
5494384560158;0.932434;0.67689;0.966888 0.175889 0.184905 0.483781 -0.211463 0.957805 0.194661 0.417339 -0.142864 -0.227317 0.963284 0.84668 0 0 0 1 
5494384560159;0.588127;0.512938;0.944499 0.247871 0.215596 0.819613 -0.282426 0.947882 0.147493 0.0911086 -0.1678 -0.200197 0.965279 0.606108 0 0 0 1 
5494384560160;0.813406;0.366411;0.952615 0.173137 -0.250097 1.39234 -0.114332 0.965719 0.233057 0.0690981 0.281875 -0.19342 0.939753 -0.860486 0 0 0 1 
5494384560161;0.869163;0.426853;0.996192 0.0684437 -0.0540034 0.692239 -0.0586924 0.984529 0.1651 -1.00688 0.064468 -0.161302 0.984797 -0.0670502 0 0 0 1 
5494384560162;0.520155;0.911333;0.994805 0.0681644 -0.0756103 0.446446 -0.0703817 0.997153 -0.0270553 1.04064 0.0735508 0.0322363 0.99677 0.705137 0 0 0 1 
5494384560163;0.884248;0.561506;0.953649 0.299664 -0.0274931 1.48984 -0.300801 0.946683 -0.115368 0.984698 -0.0085446 0.118291 0.992942 0.368802 0 0 0 1 
5494384560164;0.069281;0.304978;0.999116 0.0254313 -0.0334692 0.341644 -0.0236814 0.998383 0.0516798 0.10064 0.0347294 -0.0508415 0.998103 -0.0191344 0 0 0 1 
5494384560165;0.359877;0.546621;0.971295 0.202477 0.124858 0.469182 -0.207413 0.97786 0.0277494 0.179834 -0.116475 -0.05285 0.991787 0.274649 0 0 0 1 
5494384560166;0.617506;0.389047;0.968872 0.0701365 -0.237419 0.837809 -0.00811132 0.967507 0.252713 -0.261399 0.247429 -0.242921 0.93796 -0.0421851 0 0 0 1 
5494384560167;0.359577;1.34391;0.815739 0.554207 0.165603 1.01772 -0.55968 0.683983 0.467894 -0.235019 0.146041 -0.474364 0.86813 -1.00666 0 0 0 1 
5494384560168;0.367236;0.632173;0.988595 0.0576603 0.139121 0.55216 -0.0424293 0.993018 -0.110065 0.292696 -0.144496 0.102907 0.98414 0.375853 0 0 0 1 
5494384560169;0.299703;0.370896;0.994257 0.0846192 -0.0655219 0.469315 -0.0793858 0.99373 0.0787331 0.035516 0.0717734 -0.0730794 0.99474 0.0785694 0 0 0 1 
5494384560170;0.388752;0.345632;0.999247 0.0294774 -0.0252275 0.707838 -0.0267921 0.99454 0.100863 0.174149 0.0280629 -0.100111 0.99458 -0.135674 0 0 0 1 
5494384560171;0.436725;0.679501;0.999834 0.0131867 0.0125415 0.627329 -0.0128124 0.999484 -0.0294676 0.628766 -0.0129236 0.0293021 0.999487 -0.0523477 0 0 0 1 
5494384560172;0.743415;0.487198;0.972698 0.231289 -0.0190872 1.24212 -0.219202 0.94264 0.251755 0.101542 0.0762205 -0.240697 0.967603 -0.075976 0 0 0 1 
5494384560173;0.766137;1.25131;0.998569 0.053431 -0.00202795 0.64266 -0.0529618 0.983161 -0.174899 1.72798 -0.00735122 0.174756 0.984584 0.500618 0 0 0 1 
5494384560174;0.152675;0.405487;0.998603 0.018548 -0.0494777 0.279339 -0.0118551 0.991141 0.132284 0.154707 0.0514929 -0.131513 0.989976 -0.081048 0 0 0 1 
5494384560175;0.731473;0.63562;0.979007 0.175693 -0.103331 0.885862 -0.15783 0.974232 0.161125 -0.111755 0.128977 -0.141434 0.98151 -1.02593 0 0 0 1 
5494384560176;0.458408;0.596;0.94348 0.0503884 0.327577 0.277718 -0.0466569 0.998726 -0.0192454 0.719896 -0.328129 0.00287393 0.944628 0.67832 0 0 0 1 
5494384560177;0.329052;0.469221;0.978824 0.0525555 -0.197842 0.47669 -0.011865 0.979422 0.201474 -0.237997 0.20436 -0.194861 0.959305 -0.254798 0 0 0 1 
5494384560178;0.128329;0.386517;0.992421 0.057232 -0.108742 0.481972 -0.0469381 0.994373 0.0949732 0.126855 0.113565 -0.0891492 0.989523 -0.127625 0 0 0 1 
5494384560179;0.884119;1.10543;0.760142 0.57694 0.298873 0.702245 -0.645558 0.722804 0.246596 0.5382 -0.073756 -0.380387 0.921881 -1.12289 0 0 0 1 
5494384560180;0.395688;0.40128;0.99857 0.0332604 -0.0418617 0.267012 -0.029317 0.995371 0.0915263 0.36098 0.0447121 -0.0901681 0.994922 -0.311785 0 0 0 1 
5494384560181;0.929561;1.32233;0.99003 0.139896 -0.0164097 0.644504 -0.137707 0.985804 0.0960603 0.658315 0.0296153 -0.0928429 0.99524 -0.653277 0 0 0 1 
5494384560182;0.699324;1.25182;0.868197 0.48293 0.114072 0.594139 -0.482314 0.767227 0.422771 -0.318166 0.11665 -0.422068 0.899028 -1.23008 0 0 0 1 
5494384560183;0.638253;0.4993;0.934933 -0.0295231 0.353595 -0.033815 -0.0207741 0.990269 0.13761 -0.00450807 -0.354217 -0.136002 0.925221 0.987146 0 0 0 1 
5494384560184;0.208766;0.478142;0.978128 0.205563 -0.031768 0.612202 -0.200114 0.971654 0.125865 0.0163018 0.0567408 -0.116755 0.991539 -0.146816 0 0 0 1 
5494384560186;0.36111;0.56678;0.988022 -0.0203145 0.152968 -0.155148 0.0347674 0.995114 -0.0924095 0.259182 -0.150343 0.096621 0.983901 1.69872 0 0 0 1 
5494384560187;0.496451;0.435129;0.980977 0.194113 -0.00231072 0.641345 -0.184403 0.935494 0.301408 0.252835 0.0606688 -0.295248 0.953492 0.121278 0 0 0 1 
5494384560188;0.447898;0.480206;0.916947 -0.343393 0.203197 -0.355605 0.303701 0.930942 0.202764 -1.60798 -0.258792 -0.124213 0.957913 1.47045 0 0 0 1 
5494384560189;0.616026;0.480231;0.978009 -0.192551 -0.0801461 0.323093 0.19193 0.981287 -0.0154509 -0.232313 0.0816214 -0.000271411 0.996663 0.515832 0 0 0 1 
5494384560190;0.219844;0.520469;0.986482 -0.156501 0.0485869 -0.147728 0.155776 0.987621 0.0183936 -0.584984 -0.0508641 -0.0105763 0.99865 0.806011 0 0 0 1 
5494384560191;0.269957;0.508049;0.964994 0.203779 0.165111 0.169259 -0.201498 0.97901 -0.0306273 0.933384 -0.167887 -0.00371446 0.985799 1.2644 0 0 0 1 
5494384560192;0.563983;0.438259;0.991674 0.0706418 0.107664 -0.200269 -0.106894 0.917797 0.382391 0.111719 -0.0718005 -0.390716 0.917707 1.19564 0 0 0 1 
5494384560193;0.714742;0.495105;0.990966 -0.115326 0.0684564 0.132415 0.130219 0.949512 -0.285429 -0.463795 -0.032083 0.291765 0.955952 0.300913 0 0 0 1 
5494384560194;0.621903;0.491397;0.985349 -0.131752 0.108302 -0.231756 0.133528 0.991002 -0.00928476 -0.605494 -0.106104 0.0236101 0.994075 1.72052 0 0 0 1 
5494384560195;0.355585;0.530276;0.938852 -0.27008 0.213572 -0.428019 0.273515 0.961768 0.0138783 -1.10741 -0.209155 0.0453854 0.976829 1.74614 0 0 0 1 
5494384560196;0.150749;0.511968;0.985225 0.0744205 0.154248 -0.124806 -0.076771 0.997005 0.00932968 0.248964 -0.153092 -0.0210336 0.987988 1.37089 0 0 0 1 
5494384560197;0.514288;0.49626;0.904548 -0.426322 -0.00649632 0.439802 0.424777 0.899743 0.100133 -1.79573 -0.0368439 -0.0933345 0.994953 0.980309 0 0 0 1 
5494384560198;0.530599;0.431972;0.974751 0.0648713 0.213665 -0.508676 0.0223566 0.923709 -0.382441 0.316498 -0.222174 0.377561 0.898936 1.47077 0 0 0 1 
5494384560199;0.148187;0.495921;0.982933 0.125993 0.134044 -0.0285872 -0.115183 0.989651 -0.0855832 0.644609 -0.143439 0.068683 0.987273 1.22871 0 0 0 1 
5494384560200;0.674054;0.515423;0.988394 -0.0438755 0.145436 -0.757251 0.0388233 0.998546 0.0373974 -0.528829 -0.146865 -0.0313171 0.988661 0.888954 0 0 0 1 
5494384560201;0.851959;0.476987;0.916223 -0.206981 0.343066 -0.380554 0.13078 0.963828 0.232232 -0.840632 -0.378725 -0.16791 0.910151 1.2879 0 0 0 1 
5494384560202;0.0584502;0.511612;0.995389 -0.00874358 0.095517 -0.101191 0.00740474 0.999869 0.0143623 -0.0456624 -0.0956301 -0.0135888 0.995324 0.953617 0 0 0 1 
5494384560203;0.443983;0.476457;0.977258 0.0218547 0.210926 -0.333563 0.06197 0.921821 -0.38263 0.599041 -0.202799 0.386999 0.899502 1.46021 0 0 0 1 
5494384560204;0.212563;0.49743;0.987692 0.0452965 0.149708 -0.222226 -0.0412264 0.998694 -0.030181 0.238232 -0.150879 0.0236377 0.98827 0.991152 0 0 0 1 
5494384560205;0.664348;0.482497;0.813442 -0.286528 0.506176 -0.0703824 0.257491 0.957721 0.128333 -1.09034 -0.521546 0.0259442 0.852829 3.58022 0 0 0 1 
5494384560206;0.578856;0.521069;0.982216 -0.0713479 0.17367 -0.111154 0.080717 0.995605 -0.0474875 -0.148107 -0.169519 0.0606611 0.983658 2.00521 0 0 0 1 
5494384560207;0.371227;0.506725;0.950563 -0.0680975 0.302974 -0.557025 -0.0106921 0.967903 0.251096 -0.466604 -0.310348 -0.241922 0.919325 2.02702 0 0 0 1 
5494384560208;0.803964;0.493498;0.975867 0.0377065 0.215084 -0.00349009 -0.041999 0.998999 0.0154205 0.267431 -0.214287 -0.0240817 0.976474 2.39041 0 0 0 1 
5494384560209;0.402561;0.483904;0.929787 -0.366581 -0.0333806 0.140636 0.353325 0.914227 -0.198369 -1.09802 0.103236 0.172647 0.979559 0.317574 0 0 0 1 
5494384560210;0.831689;0.466212;0.969339 0.123606 0.212374 -0.315291 -0.0764592 0.973089 -0.217375 1.38033 -0.233527 0.194473 0.952704 1.07898 0 0 0 1 
5494384560211;0.793568;0.507167;0.998791 -0.0238488 0.0429889 0.666379 0.0249665 0.999359 -0.025652 0.257441 -0.0423496 0.0266943 0.998746 0.355491 0 0 0 1 
5494384560212;0.459124;0.52473;0.989328 -0.00929146 0.145412 0.11028 0.0121742 0.999746 -0.0189472 0.116593 -0.145199 0.0205152 0.98919 1.63912 0 0 0 1 
5494384560213;0.436091;0.465002;0.974512 -0.0309162 -0.222193 0.636761 -0.00822236 0.98487 -0.173098 0.413456 0.224183 0.170513 0.959514 0.0248652 0 0 0 1 
5494384560214;0.701608;0.424984;0.99524 -0.00376269 0.0973773 -0.0961286 0.00174463 0.999782 0.020801 0.674349 -0.0974344 -0.0205321 0.99503 0.548803 0 0 0 1 
5494384560215;0.568246;0.510848;0.991017 0.026283 -0.131128 0.869382 0.00350855 0.975051 0.221954 -0.373979 0.13369 -0.22042 0.9662 0.00920795 0 0 0 1 
5494384560217;0.781012;0.246307;0.978219 0.207415 -0.00815633 0.845611 -0.207362 0.974685 -0.0836004 1.11823 -0.00939009 0.0834708 0.996466 0.543665 0 0 0 1 
5494384560218;0.673342;0.230833;0.867704 -0.0416314 -0.495335 1.94548 0.0691024 0.996913 0.0372627 -0.50026 0.492255 -0.0665618 0.867903 -1.93714 0 0 0 1 
5494384560219;0.333437;0.201138;0.958473 -0.263568 -0.108912 0.427891 0.267466 0.963302 0.0226129 -1.56784 0.0989549 -0.0508041 0.993794 -0.438003 0 0 0 1 
5494384560220;0.675306;0.190297;0.955339 -0.0844847 -0.283176 0.876788 0.0641358 0.994698 -0.0803926 -0.126931 0.288467 0.0586405 0.955693 -0.841672 0 0 0 1 
5494384560221;0.374554;0.163071;0.866601 0.498986 0.00404153 1.08618 -0.492191 0.856078 -0.157728 3.19491 -0.0821639 0.134698 0.987474 0.741719 0 0 0 1 
5494384560222;1.07278;0.1934;0.93392 0.210238 -0.289125 0.639829 -0.251386 0.961264 -0.11303 2.49429 0.254162 0.178243 0.950595 -0.913503 0 0 0 1 
5494384560223;0.406435;0.188364;0.892678 0.450431 -0.0154561 0.784671 -0.45069 0.89231 -0.0256984 2.55408 0.00221627 0.0299063 0.99955 0.306617 0 0 0 1 
5494384560224;0.20751;0.185099;0.989513 0.0148028 0.143683 -0.360602 -0.0194166 0.999338 0.0307623 0.068313 -0.143133 -0.0332296 0.989145 0.942336 0 0 0 1 
5494384560225;0.828158;0.190945;0.986366 0.103114 -0.128259 0.357473 -0.0976797 0.994061 0.0479774 0.60264 0.132444 -0.0347949 0.99058 0.143683 0 0 0 1 
5494384560226;0.429538;0.209019;0.862061 0.185291 -0.471717 2.0386 -0.0658414 0.963827 0.258268 0.0311639 0.502509 -0.191584 0.843078 -2.65929 0 0 0 1 
5494384560227;0.623994;0.164305;0.953459 -0.27604 0.121317 -0.329792 0.247523 0.94632 0.207874 -1.53465 -0.172187 -0.168171 0.970603 0.847309 0 0 0 1 
5494384560228;0.349478;0.177001;0.983454 -0.0848562 -0.160055 0.430633 0.123441 0.960546 0.249226 -1.02971 0.132592 -0.264859 0.955128 -0.690972 0 0 0 1 
5494384560229;0.390705;0.196493;0.983861 0.169717 -0.0566965 0.205047 -0.171423 0.984836 -0.0266821 1.37806 0.0513083 0.0359706 0.998035 0.106602 0 0 0 1 
5494384560230;0.944473;0.210073;0.981583 0.155756 0.110608 -0.714059 -0.154107 0.987778 -0.0233614 1.1086 -0.112895 0.00588564 0.993589 0.303626 0 0 0 1 
5494384560231;0.749473;0.181811;0.944442 -0.161636 0.286187 -0.804094 0.13238 0.984041 0.11891 -0.906423 -0.30084 -0.0744176 0.950767 1.44669 0 0 0 1 
5494384560232;0.1939;0.210242;0.999135 -0.0101765 0.0403177 -0.0667748 0.00412769 0.989074 0.147359 -0.291983 -0.0413768 -0.147065 0.988261 0.261529 0 0 0 1 
5494384560233;0.634182;0.215044;0.909422 0.307202 0.280317 -0.0327893 -0.36666 0.910354 0.191875 1.79211 -0.196243 -0.277277 0.940535 0.817737 0 0 0 1 
5494384560234;0.39885;0.163941;0.930982 -0.277454 -0.237257 0.888509 0.298669 0.952594 0.0579748 -1.89011 0.209925 -0.124835 0.969715 -1.25062 0 0 0 1 
5494384560235;0.0516956;0.211356;0.988888 0.145522 -0.0304056 0.310198 -0.145885 0.98925 -0.0100681 0.943697 0.0286136 0.0143919 0.999487 -0.0474407 0 0 0 1 
5494384560236;0.391323;0.166543;0.997817 -0.0517676 -0.0410137 0.173595 0.0534199 0.99776 0.0402706 -0.0378161 0.0388371 -0.0423737 0.998347 -0.186248 0 0 0 1 
5494384560237;1.02921;0.163582;0.993076 0.116669 0.0136997 0.665509 -0.11371 0.983997 -0.13719 1.30531 -0.0294863 0.134682 0.99045 1.02945 0 0 0 1 
5494384560238;0.757061;0.199773;0.930231 0.354217 -0.09592 1.05799 -0.353497 0.935102 0.024976 2.44108 0.0985419 0.010674 0.995076 -0.952169 0 0 0 1 
5494384560239;0.288361;0.194171;0.893186 0.370586 0.254725 0.246358 -0.363396 0.928483 -0.0765625 2.30647 -0.264881 -0.0241817 0.963978 1.77184 0 0 0 1 
5494384560240;0.0978136;0.193944;0.972646 0.180109 -0.146696 0.6149 -0.177511 0.983639 0.0307213 1.04042 0.149829 -0.0038408 0.988704 -0.753429 0 0 0 1 
5494384560241;0.673589;0.172695;0.890449 0.425468 -0.161488 1.18503 -0.444253 0.889645 -0.105697 3.34028 0.0986964 0.165859 0.981198 -0.322554 0 0 0 1 
5494384560242;1.04802;0.190787;0.968236 0.208967 0.137298 -0.235347 -0.192748 0.973572 -0.122497 2.04241 -0.159268 0.0921416 0.982926 1.84167 0 0 0 1 
5494384560243;0.111566;0.188363;0.996327 0.0730108 -0.0447371 0.19138 -0.071862 0.997055 0.0267736 0.43106 0.0465601 -0.0234603 0.99864 -0.223369 0 0 0 1 
5494384560244;1.00468;0.198367;0.990512 -0.137407 0.00214669 0.418887 0.137121 0.989244 0.0509316 -0.742298 -0.00912197 -0.050154 0.9987 -0.693796 0 0 0 1 
5494384560245;0.648612;0.182382;0.998383 -0.0543022 0.0167898 -0.0148186 0.0547483 0.998125 -0.0273609 0.112614 -0.0152726 0.0282359 0.999485 0.722223 0 0 0 1 
5494384560246;0.310363;0.211178;0.993162 0.108894 0.042081 0.20365 -0.114583 0.978264 0.172832 0.369565 -0.0223459 -0.176472 0.984052 0.452532 0 0 0 1 
5494384560248;0.548689;0.476716;0.986443 -0.15337 0.0583751 0.0886909 0.147344 0.984377 0.0963975 -2.47488 -0.0722475 -0.0864895 0.99363 1.45891 0 0 0 1 
5494384560249;0.350307;0.394641;0.951463 0.281066 0.12538 0.0382439 -0.261971 0.953448 -0.149357 2.73238 -0.161522 0.109262 0.980802 1.31399 0 0 0 1 
5494384560250;0.482059;0.355825;0.987102 0.0956399 0.128383 0.503152 -0.0887008 0.994325 -0.0587342 -0.0387455 -0.133272 0.046589 0.989984 1.32221 0 0 0 1 
5494384560251;0.346948;0.379863;0.93581 0.27179 0.224476 -0.0713362 -0.29629 0.95147 0.083175 2.11313 -0.190976 -0.144346 0.970923 2.39133 0 0 0 1 
5494384560252;0.590914;0.399438;0.938883 -0.164186 -0.30256 1.82325 0.123962 0.981219 -0.147794 -2.14565 0.321143 0.101255 0.941602 -3.21788 0 0 0 1 
5494384560253;0.449485;0.513646;0.934771 0.0700529 -0.348276 1.85936 -0.106181 0.990644 -0.0857291 0.92781 0.339012 0.117117 0.933464 -3.39991 0 0 0 1 
5494384560254;0.682288;0.49003;0.97557 -0.19585 0.0995329 0.95545 0.180511 0.972832 0.144961 -3.28791 -0.125219 -0.123452 0.984418 2.10659 0 0 0 1 
5494384560255;0.468787;0.344987;0.998 0.0247411 0.0581655 -0.30005 -0.0183188 0.993932 -0.108463 0.0774058 -0.060496 0.10718 0.992397 -0.225297 0 0 0 1 
5494384560256;0.445109;0.332174;0.901855 0.388965 0.188054 -0.0884675 -0.413701 0.902944 0.116377 3.2976 -0.124536 -0.182753 0.975239 1.00913 0 0 0 1 
5494384560257;0.358958;0.485758;0.975134 -0.0368726 0.218529 -0.348864 0.00281992 0.988046 0.154131 -1.19337 -0.2216 -0.149682 0.963581 2.71606 0 0 0 1 
5494384560258;0.299214;0.51607;0.973627 -0.191726 0.123661 0.395825 0.211864 0.960899 -0.178286 -2.25735 -0.0846441 0.199784 0.976177 0.457263 0 0 0 1 
5494384560259;0.232186;0.472648;0.996354 -0.0827841 0.0206258 0.332966 0.0798999 0.990193 0.114599 -1.96442 -0.0299105 -0.112533 0.993198 0.144654 0 0 0 1 
5494384560260;0.561418;0.340452;0.944898 0.303943 0.121603 -0.115251 -0.314609 0.945789 0.080651 2.38672 -0.0904975 -0.114464 0.989297 1.83585 0 0 0 1 
5494384560261;0.428236;0.441766;0.852362 0.314003 0.418187 0.0280747 -0.28664 0.949367 -0.12861 2.52414 -0.437397 -0.0102465 0.89921 4.56901 0 0 0 1 
5494384560262;0.264025;0.407988;0.994916 0.0213448 0.0984236 0.29093 -0.00726689 0.98995 -0.14123 -0.135125 -0.100449 0.139796 0.985072 0.484093 0 0 0 1 
5494384560263;0.26212;0.27293;0.995937 0.0887134 -0.0154454 0.271437 -0.0874785 0.993863 0.0677102 0.021838 0.0213574 -0.066084 0.997585 0.219688 0 0 0 1 
5494384560264;0.617641;0.4947;0.992369 -0.0621337 -0.106504 0.944954 0.0140698 0.915175 -0.402811 0.918648 0.122498 0.398239 0.909065 -2.11655 0 0 0 1 
