#;prob_registration_l1 -r /home/probabilistic_point_clouds_registration/build/tester /home/point_clouds_registration_benchmark/urban05_local.txt /home/point_clouds_registration_benchmark/urban05 -s 0.2 -t 0.2 -p 0.3 -r 1000 -m 5 -i 40 
id;initial_error;final_error;transformation
34562489690000;0.13992;0.458554;1 -9.95316e-08 6.09812e-07 -0.745731 9.95315e-08 1 2.81195e-08 3.03465 -6.09812e-07 -2.81194e-08 1 -0.119878 0 0 0 1 
34562489690001;0.182436;0.222438;1 -6.00814e-08 5.11685e-07 -0.539489 6.00814e-08 1 4.31415e-08 0.555388 -5.11685e-07 -4.31414e-08 1 -0.322834 0 0 0 1 
34562489690002;0.400034;0.895349;1 -6.45888e-08 -1.00014e-06 -0.933222 6.45888e-08 1 8.93993e-09 -5.54721 1.00014e-06 -8.93999e-09 1 -0.159078 0 0 0 1 
34562489690003;0.381518;0.44768;0.999992 3.68319e-07 -0.00399123 2.50705 1.02074e-06 1 0.000348025 -0.847472 0.00399123 -0.000348027 0.999992 -3.15138 0 0 0 1 
34562489690004;0.467995;0.754299;1 -1.3882e-07 5.19598e-07 -1.03797 1.3882e-07 1 5.41174e-08 2.48057 -5.19598e-07 -5.41174e-08 1 -0.382341 0 0 0 1 
34562489690005;0.423309;0.693722;1 -1.31217e-07 8.64934e-07 -1.01742 1.31216e-07 1 7.7732e-08 2.15914 -8.64934e-07 -7.77319e-08 1 -0.575155 0 0 0 1 
34562489690006;0.190415;1.08287;1 -5.1559e-08 1.78496e-06 -0.778222 5.15591e-08 1 -2.95772e-08 -8.78863 -1.78496e-06 2.95772e-08 1 -0.0791044 0 0 0 1 
34562489690007;0.167146;0.41421;1 -6.61967e-09 6.24282e-07 0.113346 6.61967e-09 1 8.58347e-09 2.28785 -6.24282e-07 -8.58347e-09 1 0.0435858 0 0 0 1 
34562489690008;0.102809;0.101766;1 -2.17777e-08 4.34987e-08 -0.141632 2.17777e-08 1 7.25133e-09 -0.266008 -4.34987e-08 -7.25133e-09 1 -0.038682 0 0 0 1 
34562489690009;0.0509686;0.789373;1 -6.18829e-08 -2.28283e-07 -0.706279 6.18829e-08 1 3.3585e-09 -7.26969 2.28283e-07 -3.35851e-09 1 -0.181412 0 0 0 1 
34562489690010;0.0869115;0.626347;1 -1.42551e-07 -1.11124e-07 -1.06987 1.42551e-07 1 3.54308e-08 4.84813 1.11124e-07 -3.54308e-08 1 -0.205608 0 0 0 1 
34562489690011;0.0782188;0.557435;0.999331 5.59589e-05 -0.0365656 22.3984 6.07361e-05 0.999995 0.00319027 1.80002 0.0365656 -0.00319036 0.999326 -15.7653 0 0 0 1 
34562489690012;0.0495854;0.875793;1 -2.3264e-08 1.05561e-07 -0.873595 2.3264e-08 1 1.50211e-08 -7.32107 -1.05561e-07 -1.50211e-08 1 -0.356785 0 0 0 1 
34562489690013;0.0622498;0.0897545;1 4.90754e-07 -6.03241e-07 -4.13477 -4.90754e-07 1 4.56133e-08 1.04756 6.03241e-07 -4.5613e-08 1 -0.0209221 0 0 0 1 
34562489690014;0.30978;0.381382;1 -3.44873e-08 -6.16748e-08 -0.174946 3.44873e-08 1 8.93554e-09 1.07108 6.16748e-08 -8.93554e-09 1 -0.0366005 0 0 0 1 
34562489690015;0.264634;0.3362;1 -3.04308e-08 1.49497e-07 -0.267963 3.04308e-08 1 1.23418e-08 -0.774292 -1.49497e-07 -1.23418e-08 1 -0.0968209 0 0 0 1 
34562489690016;0.0384264;0.806915;1 -1.01098e-07 2.17436e-07 -0.569242 1.01098e-07 1 1.54562e-08 6.7798 -2.17436e-07 -1.54562e-08 1 0.0284036 0 0 0 1 
34562489690017;0.317284;0.454601;1 -1.04448e-07 2.99451e-07 -0.983647 1.04448e-07 1 3.83731e-08 -2.35861 -2.99451e-07 -3.83731e-08 1 -0.28937 0 0 0 1 
34562489690018;0.287954;1.11529;1 -1.46403e-07 6.13673e-07 -0.723792 1.46403e-07 1 8.14932e-10 8.71782 -6.13673e-07 -8.14842e-10 1 0.111038 0 0 0 1 
34562489690019;0.362659;1.22188;0.999405 5.03036e-05 0.0345012 6.97458 5.35921e-05 0.999995 -0.00301043 -10.0036 -0.0345012 0.00301049 0.9994 12.2732 0 0 0 1 
34562489690020;0.112961;0.0680459;0.999996 -1.92321e-07 -0.0029855 4.4135 9.70804e-07 1 0.000260753 -1.05195 0.0029855 -0.000260755 0.999996 -0.0121086 0 0 0 1 
34562489690021;0.197833;0.324354;1 -1.35068e-08 -4.03721e-07 -0.178597 1.35068e-08 1 -1.85942e-08 -1.79511 4.03721e-07 1.85942e-08 1 0.120691 0 0 0 1 
34562489690022;0.278308;1.20338;1 -9.95604e-08 1.08316e-06 -1.39913 9.95605e-08 1 -4.8249e-08 -9.14454 -1.08316e-06 4.82491e-08 1 0.137696 0 0 0 1 
34562489690023;0.193536;0.252705;1 -4.45948e-08 -2.16568e-07 -0.377431 4.45948e-08 1 1.31359e-08 0.409173 2.16568e-07 -1.31359e-08 1 -0.0863361 0 0 0 1 
34562489690024;0.347959;0.338015;1 -1.78282e-08 1.16783e-06 -0.198879 1.78281e-08 1 3.30802e-08 -1.74985 -1.16783e-06 -3.30802e-08 1 -0.268214 0 0 0 1 
34562489690025;0.302077;0.732326;0.999898 6.66032e-06 -0.0142841 17.1919 1.11464e-05 0.999999 0.00124654 1.55833 0.0142841 -0.00124657 0.999897 -4.35504 0 0 0 1 
34562489690026;0.218188;0.206835;1 -5.75004e-08 4.80376e-07 -0.507404 5.75004e-08 1 2.93398e-08 0.597806 -4.80376e-07 -2.93398e-08 1 -0.219996 0 0 0 1 
34562489690027;0.18191;0.317042;0.999925 2.73123e-06 -0.0122755 31.7532 1.04145e-05 0.999999 0.00107083 -1.32056 0.0122754 -0.00107088 0.999924 -6.67791 0 0 0 1 
34562489690028;0.340963;0.499478;1 -6.34288e-08 2.59101e-07 -0.647656 6.34288e-08 1 1.42317e-08 -2.15959 -2.59101e-07 -1.42317e-08 1 -0.122549 0 0 0 1 
34562489690029;0.238574;0.234741;0.99996 4.68317e-06 0.00899989 -10.8248 2.38162e-06 1 -0.000784975 -0.271859 -0.00899989 0.000784965 0.999959 5.80685 0 0 0 1 
34562489690031;0.530935;0.70703;1 5.92261e-08 -3.23506e-07 0.494862 -5.92261e-08 1 -2.32334e-08 0.388264 3.23506e-07 2.32334e-08 1 0.186498 0 0 0 1 
34562489690032;0.306555;0.517939;0.993202 0.000592266 0.116406 -6.14517 0.000594211 0.999948 -0.0101576 -0.21725 -0.116406 0.0101577 0.99315 36.0676 0 0 0 1 
34562489690033;0.46032;0.566616;0.999722 2.30454e-05 -0.0235743 13.4277 2.54469e-05 0.999998 0.0020567 -0.543025 0.0235743 -0.00205673 0.99972 -10.5198 0 0 0 1 
34562489690034;0.385219;0.872677;0.999952 6.98522e-06 -0.00982539 -18.8567 1.43558e-06 1 0.000857038 2.78488 0.00982539 -0.000857011 0.999951 -6.40237 0 0 0 1 
34562489690035;0.341621;0.554066;0.984575 0.00134946 0.174958 -47.2009 0.00134338 0.999882 -0.0152721 2.91124 -0.174958 0.0152715 0.984458 19.5051 0 0 0 1 
34562489690036;0.158469;0.209163;1 2.12331e-08 -4.84341e-07 0.146513 -2.12331e-08 1 -4.47746e-09 -0.40765 4.84341e-07 4.47747e-09 1 0.0166666 0 0 0 1 
34562489690037;0.364175;0.436318;1 1.92798e-08 5.78433e-07 0.0908074 -1.92798e-08 1 5.37353e-08 -0.987265 -5.78433e-07 -5.37353e-08 1 -0.406276 0 0 0 1 
34562489690038;0.437441;1.08403;0.997894 0.000189296 0.0648595 -50.3746 0.000178307 0.999984 -0.00566184 6.3003 -0.0648596 0.00566149 0.997878 6.35205 0 0 0 1 
34562489690039;0.392147;0.311071;1 1.55571e-08 -1.95683e-07 0.123795 -1.55571e-08 1 -1.8102e-08 -0.127359 1.95683e-07 1.8102e-08 1 0.127927 0 0 0 1 
34562489690040;0.283513;0.335471;0.998275 0.000153396 -0.0587072 -13.7598 0.000147568 0.999987 0.00512215 0.950655 0.0587073 -0.00512198 0.998262 -25.1842 0 0 0 1 
34562489690041;0.287266;0.568359;0.997819 0.000196344 -0.0660167 -37.1894 0.000184552 0.999983 0.00576356 3.78537 0.0660167 -0.00576317 0.997802 -0.347854 0 0 0 1 
34562489690042;0.329992;0.93307;0.996258 0.000483361 0.0864281 -1270.72 0.000208984 0.999968 -0.00800143 113.181 -0.0864292 0.00798955 0.996226 -3574.44 0 0 0 1 
34562489690043;0.516204;0.723439;1 5.18009e-08 -2.35933e-07 0.42535 -5.18009e-08 1 -5.61243e-09 0.234777 2.35933e-07 5.61244e-09 1 0.0364508 0 0 0 1 
34562489690044;0.236329;0.176237;0.999608 3.27802e-05 -0.0280053 15.9025 3.56543e-05 0.999997 0.00244313 -1.34631 0.0280053 -0.00244317 0.999605 -13.7831 0 0 0 1 
34562489690045;0.316589;0.398577;1 9.71136e-09 1.77459e-07 0.0376729 -9.71137e-09 1 1.72315e-08 -0.643029 -1.77459e-07 -1.72315e-08 1 -0.114691 0 0 0 1 
34562489690046;0.376135;0.268912;0.999304 6.25632e-05 -0.0372907 -9.42533 5.88599e-05 0.999995 0.00325502 0.41198 0.0372907 -0.00325495 0.999299 -4.55283 0 0 0 1 
34562489690047;0.485231;0.483508;0.998347 0.000147525 -0.0574767 -16.9136 0.000141046 0.999987 0.00501657 1.50363 0.0574768 -0.00501638 0.998334 -10.8725 0 0 0 1 
34562489690048;0.199981;0.193554;0.999996 7.16158e-07 -0.00295373 -1.82993 4.43512e-08 1 0.000257474 0.211616 0.00295373 -0.000257473 0.999996 -2.97504 0 0 0 1 
34562489690049;0.208318;0.206213;1 -1.70081e-09 -1.86436e-07 -0.0125955 1.70081e-09 1 8.79309e-09 -0.101326 1.86436e-07 -8.79309e-09 1 -0.0813188 0 0 0 1 
34562489690050;0.378047;0.47389;1 2.37531e-08 -1.18527e-07 0.179759 -2.37531e-08 1 1.92552e-08 -0.119916 1.18527e-07 -1.92552e-08 1 -0.160925 0 0 0 1 
34562489690051;0.381473;0.966905;0.999951 7.24575e-06 0.00989281 -23.1566 1.28878e-06 1 -0.000862693 3.27567 -0.00989281 0.000862664 0.999951 7.52537 0 0 0 1 
34562489690052;0.123011;0.569105;0.999707 3.01751e-05 -0.0241995 -31.9259 2.09271e-05 0.999998 0.00211145 3.1387 0.0241995 -0.00211134 0.999705 -10.1686 0 0 0 1 
34562489690053;0.447449;1.01541;1 1.14935e-07 1.45969e-07 1.01728 -1.14935e-07 1 3.94092e-09 1.3944 -1.45969e-07 -3.94094e-09 1 -0.0298216 0 0 0 1 
34562489690054;0.341689;0.513989;0.995498 0.000400937 -0.0947773 -49.6277 0.000385024 0.999966 0.00827428 4.50702 0.0947774 -0.00827352 0.995464 -3.51543 0 0 0 1 
34562489690055;0.435439;0.819055;1 1.03084e-07 -4.0473e-07 0.823293 -1.03084e-07 1 -1.12685e-08 0.131161 4.0473e-07 1.12685e-08 1 0.0718324 0 0 0 1 
34562489690056;0.453077;0.288205;0.951125 0.00427406 -0.308776 -14.9554 0.0042587 0.999628 0.0269549 2.02795 0.308777 -0.0269524 0.950753 -21.3243 0 0 0 1 
34562489690057;0.243925;0.513178;0.999726 2.48757e-05 0.0234022 -10.3911 2.29268e-05 0.999998 -0.00204238 -0.841069 -0.0234022 0.00204236 0.999724 5.31464 0 0 0 1 
34562489690058;0.299623;0.468794;0.993183 0.000597072 0.116562 -31.2444 0.000592594 0.999948 -0.0101714 2.8273 -0.116562 0.0101711 0.993131 37.6815 0 0 0 1 
34562489690059;0.121954;0.203984;1 1.98158e-08 1.92076e-07 0.138607 -1.98158e-08 1 2.41799e-08 -0.371504 -1.92076e-07 -2.41799e-08 1 -0.197324 0 0 0 1 
34562489690060;0.336224;0.961833;0.999573 4.13177e-05 0.0292286 -33.5804 3.32544e-05 0.999997 -0.00255085 3.79772 -0.0292286 0.00255073 0.999569 7.48477 0 0 0 1 
34562489690062;0.450678;0.339692;0.998298 0.000147315 0.0583131 2.05729 0.000149721 0.999987 -0.00508941 -0.684744 -0.0583131 0.00508948 0.998285 18.8341 0 0 0 1 
34562489690063;0.504888;0.659536;0.997502 0.000218106 0.070635 -9.84359 0.00021796 0.999981 -0.00616574 -0.197969 -0.070635 0.00616574 0.997483 16.8569 0 0 0 1 
34562489690064;0.452148;0.408599;1 -1.5504e-08 -1.00357e-08 -0.15073 1.5504e-08 1 -7.12394e-09 -0.27324 1.00357e-08 7.12394e-09 1 0.034781 0 0 0 1 
34562489690065;0.324911;0.40666;1 -6.54445e-09 -3.42262e-08 -0.0945989 6.54445e-09 1 4.42405e-09 -0.497059 3.42262e-08 -4.42405e-09 1 -0.00806096 0 0 0 1 
34562489690066;0.34336;0.362039;0.997475 0.000218389 0.0710226 7.27559 0.000222294 0.999981 -0.00619687 -0.873559 -0.0710225 0.00619701 0.997455 37.0836 0 0 0 1 
34562489690067;0.18061;0.241725;1 -1.84561e-08 2.63466e-07 0.0120078 1.84561e-08 1 -3.25181e-08 -0.663762 -2.63466e-07 3.25181e-08 1 0.099194 0 0 0 1 
34562489690068;0.143206;0.146479;1 7.08863e-09 2.97828e-08 0.0349262 -7.08863e-09 1 -4.15177e-09 -0.157635 -2.97828e-08 4.15177e-09 1 0.0308134 0 0 0 1 
34562489690069;0.265071;0.18498;1 -3.67318e-09 4.52759e-07 -0.100902 3.67316e-09 1 2.86732e-08 -0.611298 -4.52759e-07 -2.86732e-08 1 -0.224642 0 0 0 1 
34562489690070;0.337998;0.34894;1 1.05202e-08 -2.56855e-07 0.074683 -1.05202e-08 1 1.82048e-08 -0.19498 2.56855e-07 -1.82048e-08 1 -0.147926 0 0 0 1 
34562489690071;0.291767;0.184482;1 1.12462e-08 7.71211e-07 0.125345 -1.12461e-08 1 -3.57417e-08 -0.532166 -7.71211e-07 3.57417e-08 1 0.957562 0 0 0 1 
34562489690072;0.432542;0.351533;0.971388 0.00249699 0.237486 -21.9095 0.00249908 0.999782 -0.020734 1.4382 -0.237486 0.0207342 0.97117 26.3463 0 0 0 1 
34562489690073;0.333627;0.33282;0.996967 0.000269109 -0.0778281 -22.9907 0.000260536 0.999977 0.00679509 1.76032 0.0778281 -0.00679476 0.996944 -9.11164 0 0 0 1 
34562489690074;0.333091;0.525413;0.999991 2.26432e-06 0.00429719 -11.1859 -6.53572e-07 1 -0.00037484 0.683747 -0.00429719 0.000374834 0.999991 2.88131 0 0 0 1 
34562489690075;0.300984;0.539437;0.96612 0.00296271 -0.258076 1.21579 0.00295303 0.999742 0.0225318 -1.66775 0.258076 -0.0225306 0.965862 -31.1264 0 0 0 1 
34562489690076;0.255405;0.399378;0.99963 3.06735e-05 0.027202 9.05663 3.39556e-05 0.999997 -0.00237543 -1.46168 -0.027202 0.00237547 0.999627 -1.24239 0 0 0 1 
34562489690077;0.37018;0.420755;0.880235 0.0104637 -0.474423 18.6178 0.0104481 0.999087 0.0414207 -2.90344 0.474423 -0.0414167 0.879322 -59.1904 0 0 0 1 
34562489690078;0.123389;0.228342;0.997464 0.000222445 -0.0711688 1.57432 0.000220357 0.999981 0.00621394 -0.804044 0.0711689 -0.00621387 0.997445 -3.99208 0 0 0 1 
34562489690079;0.437756;0.545218;0.99946 5.17173e-05 -0.0328488 -31.7764 4.25146e-05 0.999996 0.00286795 2.55047 0.0328489 -0.0028678 0.999456 -4.26783 0 0 0 1 
34562489690080;0.248888;0.282693;1 1.12465e-08 -4.71416e-08 0.0731719 -1.12465e-08 1 8.71112e-09 -0.167731 4.71416e-08 -8.71112e-09 1 -0.0437752 0 0 0 1 
34562489690081;0.238106;0.278188;1 -2.94252e-09 2.22252e-07 -0.0753707 2.94252e-09 1 1.3586e-08 -0.747887 -2.22252e-07 -1.3586e-08 1 -0.101914 0 0 0 1 
34562489690082;0.176775;0.172191;1 2.69192e-07 0.00024807 -1.83244 -2.63851e-07 1 -2.15306e-05 -0.00537889 -0.00024807 2.15305e-05 1 0.988456 0 0 0 1 
34562489690083;0.334152;1.47406;0.999998 3.9018e-07 0.00180324 -3.48064 -1.05643e-07 1 -0.000157793 -4.1208 -0.00180324 0.000157792 0.999998 -1.98229 0 0 0 1 
34562489690084;0.376441;0.374114;1 9.60668e-09 -1.93299e-07 0.068849 -9.60668e-09 1 6.14274e-09 -0.154278 1.93299e-07 -6.14274e-09 1 -0.0539924 0 0 0 1 
34562489690085;0.162081;0.297982;0.997562 0.000213546 -0.0697834 4.22336 0.000212163 0.999981 0.00609296 -0.827623 0.0697834 -0.00609291 0.997544 -4.10812 0 0 0 1 
34562489690086;0.435379;0.429726;0.999789 1.73192e-05 0.0205644 6.09823 1.96213e-05 0.999998 -0.00179613 -0.869923 -0.0205644 0.00179615 0.999787 -3.02859 0 0 0 1 
34562489690087;0.326485;0.288516;1 -2.23701e-09 -5.02836e-08 -0.0534355 2.23701e-09 1 -1.27053e-08 -0.299022 5.02836e-08 1.27053e-08 1 0.0802275 0 0 0 1 
34562489690088;0.343468;0.355592;1 -5.48912e-09 -1.1008e-07 -0.049629 5.48912e-09 1 -4.71908e-09 -0.200491 1.1008e-07 4.71908e-09 1 0.0301939 0 0 0 1 
34562489690089;0.181879;0.264982;1 4.78103e-09 -1.15015e-07 0.0111489 -4.78103e-09 1 5.96831e-09 -0.267889 1.15015e-07 -5.96831e-09 1 -0.0239663 0 0 0 1 
34562489690090;0.274172;0.35074;0.990801 0.000805481 -0.135325 0.906678 0.000800784 0.99993 0.0118148 -0.696577 0.135325 -0.0118145 0.990731 -14.1168 0 0 0 1 
34562489690091;0.516972;0.569217;1 1.81273e-06 7.70578e-05 -13.573 -1.81232e-06 1 -5.35805e-06 0.862709 -7.70578e-05 5.35792e-06 1 10.2905 0 0 0 1 
34562489690093;0.4248;0.454279;1 1.11014e-06 0.000306925 -9.4215 -1.10808e-06 1 -6.70409e-06 1.64928 -0.000306925 6.70375e-06 1 162.641 0 0 0 1 
34562489690094;0.0934313;0.174052;0.9993 6.54116e-05 0.0374064 -39.7375 5.66355e-05 0.999995 -0.00326166 5.1168 -0.0374064 0.0032615 0.999295 34.8568 0 0 0 1 
34562489690095;0.144672;0.17264;1 -6.75473e-09 1.95074e-08 -0.0207809 6.75473e-09 1 -2.90585e-08 1.16452 -1.95074e-08 2.90585e-08 1 0.251653 0 0 0 1 
34562489690096;0.228702;0.290978;0.999261 2.38885e-05 -0.0384478 331.959 0.000106462 0.999994 0.00338828 -28.601 0.0384476 -0.00338986 0.999255 264.704 0 0 0 1 
34562489690097;0.121961;0.131873;0.999389 4.52217e-05 0.0349511 59.2601 6.14186e-05 0.999995 -0.00305004 -5.85724 -0.0349511 0.00305033 0.999384 9.83542 0 0 0 1 
34562489690098;0.286027;0.282872;0.999394 -0.000258728 0.0348121 2502.45 0.000371472 0.999995 -0.00323223 -217.401 -0.0348111 0.0032432 0.999389 -1639.78 0 0 0 1 
34562489690099;0.0245713;0.0623754;0.99989 7.60171e-06 0.0148266 13.6134 1.15718e-05 0.999999 -0.0012931 -1.49973 -0.0148266 0.00129313 0.999889 10.7709 0 0 0 1 
34562489690100;0.214406;0.211385;1 -1.80575e-08 7.85439e-08 -0.132853 1.80575e-08 1 3.37192e-08 0.629679 -7.85439e-08 -3.37192e-08 1 -0.296266 0 0 0 1 
34562489690101;0.290539;0.319494;1 -3.52249e-08 2.83633e-07 -0.238086 3.52249e-08 1 -6.8275e-09 0.102311 -2.83633e-07 6.82751e-09 1 0.0427327 0 0 0 1 
34562489690102;0.160438;0.223866;0.998293 0.000247689 -0.058396 -786.487 4.15431e-05 0.999988 0.00495168 67.9617 0.0583965 -0.00494566 0.998281 -1230.95 0 0 0 1 
34562489690103;0.385248;0.425302;1 -1.43306e-08 7.12423e-08 -0.144913 1.43306e-08 1 -2.94185e-08 -0.437416 -7.12423e-08 2.94185e-08 1 0.167848 0 0 0 1 
34562489690104;0.150227;0.22565;0.999753 1.72447e-05 0.0222053 30.3628 2.57927e-05 0.999998 -0.00193787 -3.78768 -0.0222053 0.00193797 0.999752 5.6401 0 0 0 1 
34562489690105;0.212702;0.270313;0.999201 6.64407e-05 0.0399636 20.0175 7.29663e-05 0.999994 -0.00348688 -3.08676 -0.0399636 0.00348701 0.999195 16.2359 0 0 0 1 
34562489690106;0.369761;0.396789;1 -2.45695e-08 2.91872e-07 -0.148491 2.45695e-08 1 -1.52943e-08 0.420552 -2.91872e-07 1.52943e-08 1 0.114958 0 0 0 1 
34562489690107;0.232667;0.216231;1 -2.23419e-08 2.97609e-07 -0.162274 2.23418e-08 1 2.04459e-08 0.397427 -2.97609e-07 -2.04459e-08 1 -0.157257 0 0 0 1 
34562489690108;0.240619;0.2513;1 -1.27013e-08 -4.36535e-08 -0.0514684 1.27013e-08 1 1.53009e-08 0.225587 4.36535e-08 -1.53009e-08 1 -0.0933031 0 0 0 1 
34562489690109;0.185949;0.206314;1 -2.34097e-08 -2.88132e-07 -0.114562 2.34097e-08 1 1.13602e-08 0.118673 2.88132e-07 -1.13602e-08 1 -0.0613779 0 0 0 1 
34562489690110;0.265953;0.269034;0.99342 0.000289589 -0.114532 2308.7 0.000862164 0.99995 0.0100065 -201.246 0.114529 -0.0100394 0.993369 321.928 0 0 0 1 
34562489690111;0.165425;0.252504;0.999907 1.0362e-05 0.0136583 -19.375 5.90616e-06 0.999999 -0.00119104 3.0021 -0.0136583 0.00119101 0.999906 11.6154 0 0 0 1 
34562489690112;0.350609;0.374602;0.996508 0.00030907 0.0835019 -44.742 0.000300261 0.999973 -0.00728456 5.34318 -0.0835019 0.00728419 0.996481 49.7528 0 0 0 1 
34562489690113;0.399049;0.425043;1 -1.88024e-08 1.40385e-07 -0.120973 1.88024e-08 1 1.69099e-09 0.285861 -1.40385e-07 -1.69099e-09 1 -0.0100772 0 0 0 1 
34562489690114;0.0997142;0.166118;1 1.14482e-08 2.83623e-07 0.140748 -1.14482e-08 1 8.95218e-09 1.23594 -2.83623e-07 -8.95219e-09 1 -0.0441724 0 0 0 1 
34562489690115;0.280795;0.297009;1 -8.88731e-08 -8.9834e-07 0.41429 8.88732e-08 1 3.74676e-08 -0.277777 8.9834e-07 -3.74677e-08 1 -0.675534 0 0 0 1 
34562489690116;0.37279;0.409306;1 -4.24687e-08 3.31365e-07 -0.302179 4.24687e-08 1 4.03808e-08 0.134815 -3.31365e-07 -4.03808e-08 1 -0.338202 0 0 0 1 
34562489690117;0.26675;0.41663;1 -2.31792e-08 -8.35666e-08 -0.0354367 2.31792e-08 1 5.10865e-09 1.92875 8.35666e-08 -5.10865e-09 1 0.06874 0 0 0 1 
34562489690118;0.0989808;0.14023;1 -3.12948e-08 -2.17401e-07 -0.224105 3.12949e-08 1 2.25597e-08 -0.164663 2.17401e-07 -2.25597e-08 1 -0.187649 0 0 0 1 
34562489690119;0.386067;0.470895;1 -7.87626e-08 -4.80246e-07 -0.643453 7.87626e-08 1 3.52027e-08 0.194658 4.80246e-07 -3.52027e-08 1 -0.30422 0 0 0 1 
34562489690120;0.309421;0.368546;1 8.96384e-09 1.79874e-07 0.136995 -8.96384e-09 1 -1.34961e-08 1.09024 -1.79874e-07 1.34961e-08 1 0.169952 0 0 0 1 
34562489690121;0.382301;0.39873;1 -2.58813e-08 1.19996e-07 -0.165907 2.58813e-08 1 1.72766e-09 0.162862 -1.19996e-07 -1.72766e-09 1 0.0425294 0 0 0 1 
34562489690122;0.179762;0.250593;1 -9.74652e-09 1.55053e-07 -0.1367 9.74653e-09 1 -2.50945e-08 -0.807572 -1.55053e-07 2.50945e-08 1 0.155824 0 0 0 1 
34562489690124;0.346704;0.40496;1 -4.21532e-08 -1.70652e-07 -0.318887 4.21532e-08 1 2.21057e-08 0.212255 1.70652e-07 -2.21057e-08 1 -0.162166 0 0 0 1 
34562489690125;0.12865;0.185269;0.999978 2.74769e-06 -0.00669922 -5.22546 1.16586e-06 1 0.000584175 1.20629 0.00669922 -0.000584169 0.999977 -5.63548 0 0 0 1 
34562489690126;0.441684;0.543949;1 2.64371e-08 1.71489e-07 0.282711 -2.64371e-08 1 -1.61282e-08 1.16113 -1.71489e-07 1.61282e-08 1 0.154163 0 0 0 1 
34562489690127;0.210546;0.243059;1 1.50694e-08 4.87239e-07 0.11267 -1.50694e-08 1 2.3324e-08 0.537378 -4.87239e-07 -2.3324e-08 1 -0.212569 0 0 0 1 
34562489690128;0.0334274;0.164385;0.999949 1.5922e-06 -0.01005 23.406 7.21349e-06 1 0.000876154 -3.25006 0.01005 -0.000876182 0.999949 -10.1949 0 0 0 1 
34562489690129;0.0803559;0.103451;1 -1.18714e-06 3.69974e-05 9.21996 1.18723e-06 1 -2.43844e-06 -0.574709 -3.69974e-05 2.43848e-06 1 5.79184 0 0 0 1 
34562489690130;0.355847;0.385886;1 -3.49943e-08 -3.37834e-08 -0.248454 3.49943e-08 1 2.17278e-08 0.200744 3.37834e-08 -2.17278e-08 1 -0.18954 0 0 0 1 
34562489690131;0.103607;0.127205;0.999991 4.17219e-06 0.00435214 -26.8971 -2.52474e-06 1 -0.000378544 3.51655 -0.00435214 0.00037853 0.99999 11.169 0 0 0 1 
34562489690132;0.232394;0.24818;0.999967 1.09089e-06 -0.00809235 14.7115 4.62657e-06 1 0.000706507 -0.259021 0.00809235 -0.000706521 0.999967 -0.79018 0 0 0 1 
34562489690133;0.372111;0.406596;0.999985 -7.74424e-07 -0.00543805 16.601 3.35493e-06 1 0.000474519 -0.995573 0.00543805 -0.00047453 0.999985 -2.47886 0 0 0 1 
34562489690134;0.23228;0.258648;1 -3.7012e-08 4.03328e-08 -0.269839 3.7012e-08 1 1.68368e-08 0.183391 -4.03328e-08 -1.68368e-08 1 -0.1587 0 0 0 1 
34562489690135;0.171644;0.939067;1 -3.11312e-08 -1.29026e-06 -0.00577126 3.11313e-08 1 2.14711e-08 6.58421 1.29026e-06 -2.14711e-08 1 0.0642344 0 0 0 1 
34562489690136;0.200279;0.207653;1 -3.99338e-08 -1.47288e-08 -0.265946 3.99338e-08 1 1.27914e-08 0.31233 1.47288e-08 -1.27914e-08 1 -0.106586 0 0 0 1 
34562489690137;0.062551;0.120669;0.99869 0.000110892 -0.0511644 35.0779 0.000117595 0.99999 0.00446272 -3.95312 0.0511644 -0.00446289 0.99868 -33.6042 0 0 0 1 
34562489690138;0.126833;0.168373;1 2.43694e-08 -7.8661e-08 0.224866 -2.43694e-08 1 -1.00504e-08 0.798974 7.8661e-08 1.00504e-08 1 0.0893714 0 0 0 1 
34562489690139;0.334771;0.428454;1 1.29061e-08 1.10988e-07 0.148883 -1.29061e-08 1 1.41577e-08 0.917784 -1.10988e-07 -1.41577e-08 1 -0.0792045 0 0 0 1 
34562489690140;0.169798;0.190049;1 -2.28324e-08 1.31468e-07 -0.11078 2.28324e-08 1 1.03667e-08 0.620363 -1.31468e-07 -1.03667e-08 1 -0.0782956 0 0 0 1 
34562489690141;0.269667;0.356411;1 1.47542e-08 -2.50281e-07 0.176452 -1.47542e-08 1 1.27262e-08 1.0964 2.50281e-07 -1.27262e-08 1 -0.076036 0 0 0 1 
34562489690142;0.0756236;0.232756;0.999964 1.89968e-07 -0.00850678 23.9044 6.1199e-06 1 0.00074172 -3.15767 0.00850678 -0.000741745 0.999964 -8.01333 0 0 0 1 
34562489690143;0.273373;0.403672;1 6.78939e-08 8.76428e-07 0.612544 -6.78939e-08 1 1.23059e-09 1.1774 -8.76428e-07 -1.23064e-09 1 -0.0204423 0 0 0 1 
34562489690144;0.115892;1.26836;1 7.06832e-08 1.98882e-06 0.992483 -7.06832e-08 1 -2.64878e-08 9.33793 -1.98882e-06 2.64877e-08 1 0.480553 0 0 0 1 
34562489690145;0.160443;0.195127;0.999652 4.4048e-05 0.0263747 -113.569 1.91704e-05 0.999997 -0.00239667 8.83225 -0.0263747 0.00239635 0.999649 -753.688 0 0 0 1 
34562489690146;0.0878609;1.18814;1 2.43461e-08 6.6998e-07 0.7503 -2.4346e-08 1 -2.31952e-08 9.20898 -6.6998e-07 2.31952e-08 1 0.456762 0 0 0 1 
34562489690147;0.0902058;0.232464;0.99898 2.94946e-05 -0.0451456 484.323 0.000149219 0.999992 0.00395523 -41.1219 0.0451454 -0.00395793 0.998973 131.184 0 0 0 1 
34562489690148;0.253989;0.459633;1 2.21066e-08 -3.22961e-07 0.28727 -2.21066e-08 1 -2.81576e-09 1.78981 3.22961e-07 2.81577e-09 1 0.096899 0 0 0 1 
34562489690149;0.415878;0.410093;1 -1.6949e-08 1.49099e-07 -0.11478 1.6949e-08 1 2.45109e-08 0.0871933 -1.49099e-07 -2.45109e-08 1 -0.223525 0 0 0 1 
34562489690150;0.323952;0.359844;1 -4.18046e-08 -1.59225e-07 -0.312439 4.18046e-08 1 1.49923e-08 0.128354 1.59225e-07 -1.49923e-08 1 -0.113986 0 0 0 1 
34562489690151;0.0908205;0.190496;1 1.52653e-08 9.78899e-09 0.124298 -1.52653e-08 1 2.92639e-09 0.768257 -9.78899e-09 -2.92639e-09 1 -0.0193978 0 0 0 1 
34562489690152;0.416208;0.448194;0.999073 7.8964e-05 -0.0430394 21.133 8.27057e-05 0.999993 0.00375452 -1.20026 0.0430394 -0.0037546 0.999066 -24.157 0 0 0 1 
34562489690153;0.0988573;0.129187;0.999956 6.21143e-06 -0.00936764 -17.4228 1.41175e-06 1 0.000813772 0.24651 0.00936765 -0.000813749 0.999956 -32.7291 0 0 0 1 
34562489690155;0.259195;1.33668;1 -8.18898e-08 -7.15583e-07 0.0835608 8.18899e-08 1 1.0616e-07 8.25657 7.15583e-07 -1.0616e-07 1 -0.582256 0 0 0 1 
34562489690156;0.172496;0.16993;1 -9.83149e-09 5.79311e-08 -0.0186029 9.83148e-09 1 3.0995e-08 0.403578 -5.79311e-08 -3.0995e-08 1 -0.279422 0 0 0 1 
34562489690157;0.159263;0.293009;1 7.33567e-08 9.23637e-07 0.647498 -7.33567e-08 1 -1.60224e-08 -0.105845 -9.23637e-07 1.60224e-08 1 0.0725307 0 0 0 1 
34562489690158;0.105511;0.247072;0.999996 1.65169e-06 0.00273658 -9.37775 -9.98993e-07 1 -0.000238509 0.266044 -0.00273658 0.000238506 0.999996 3.12002 0 0 0 1 
34562489690159;0.266866;0.303449;1 -5.36345e-09 3.40329e-07 -0.00218453 5.36344e-09 1 3.46535e-08 0.601487 -3.40329e-07 -3.46535e-08 1 -0.260454 0 0 0 1 
34562489690160;0.0473697;0.123827;1 3.34663e-08 6.14274e-07 0.292641 -3.34663e-08 1 7.58031e-09 0.283805 -6.14274e-07 -7.58034e-09 1 -0.0805011 0 0 0 1 
34562489690161;0.216211;0.233082;1 9.35061e-09 6.87939e-09 0.197802 -9.35061e-09 1 -4.17471e-09 0.209861 -6.87939e-09 4.17471e-09 1 0.0272421 0 0 0 1 
34562489690162;0.156911;0.323453;1 1.23566e-07 8.32766e-07 0.994648 -1.23566e-07 1 4.41596e-09 0.41008 -8.32766e-07 -4.41606e-09 1 -0.0583634 0 0 0 1 
34562489690163;0.149607;0.102738;1 2.5277e-08 5.74106e-07 0.298023 -2.52771e-08 1 1.19017e-08 0.375852 -5.74106e-07 -1.19017e-08 1 -0.1447 0 0 0 1 
34562489690164;0.334807;0.412721;1 3.75225e-08 4.29386e-07 0.276951 -3.75225e-08 1 -1.79786e-08 -0.237824 -4.29386e-07 1.79786e-08 1 0.0982856 0 0 0 1 
34562489690165;0.385816;0.469648;0.999994 1.33582e-06 0.00359333 -6.21879 -2.09275e-07 1 -0.00031351 1.44574 -0.00359333 0.000313507 0.999993 1.76968 0 0 0 1 
34562489690166;0.333068;0.393493;1 7.90374e-08 7.42923e-07 0.638093 -7.90374e-08 1 -2.39099e-09 0.1518 -7.42923e-07 2.39093e-09 1 0.00914369 0 0 0 1 
34562489690167;0.363242;0.418486;1 9.8315e-09 3.07942e-07 0.160356 -9.83151e-09 1 2.74319e-08 0.513765 -3.07942e-07 -2.74319e-08 1 -0.216151 0 0 0 1 
34562489690168;0.405801;0.321489;0.999921 8.66479e-06 -0.0125571 -12.2642 5.08607e-06 0.999999 0.00109503 1.77957 0.0125571 -0.00109501 0.999921 -11.8846 0 0 0 1 
34562489690169;0.233383;0.409421;1 -2.53928e-08 1.5773e-07 -0.0307397 2.53928e-08 1 5.90264e-08 1.47208 -1.5773e-07 -5.90264e-08 1 -0.449828 0 0 0 1 
34562489690170;0.111556;0.136306;1 2.04018e-08 3.35718e-07 0.2363 -2.04018e-08 1 1.09586e-08 0.283561 -3.35718e-07 -1.09586e-08 1 -0.124315 0 0 0 1 
34562489690171;0.0960451;0.306499;0.999954 4.25476e-06 -0.00954002 -0.562937 3.68839e-06 1 0.000832596 2.22239 0.00954002 -0.000832593 0.999954 -3.67173 0 0 0 1 
34562489690172;0.321124;0.384731;1 9.51143e-08 1.03474e-06 0.770204 -9.51143e-08 1 2.72828e-08 0.23158 -1.03474e-06 -2.72829e-08 1 -0.263143 0 0 0 1 
34562489690173;0.268086;0.290168;1 -2.19867e-09 5.75608e-07 0.424552 2.19867e-09 1 9.71653e-10 0.628482 -5.75608e-07 -9.71652e-10 1 0.981859 0 0 0 1 
34562489690174;0.189053;0.212149;1 1.82382e-08 3.8341e-07 0.195909 -1.82382e-08 1 -2.03082e-09 0.180824 -3.8341e-07 2.03081e-09 1 -0.0149239 0 0 0 1 
34562489690175;0.133957;0.256772;0.999982 3.85948e-06 0.00599348 -17.9506 -7.27909e-07 1 -0.000522498 1.85252 -0.00599348 0.000522484 0.999982 6.15364 0 0 0 1 
34562489690176;0.144022;0.346854;0.999956 7.41352e-06 0.00938603 -28.5508 2.67927e-07 1 -0.00081839 1.7675 -0.00938603 0.000818356 0.999956 8.84368 0 0 0 1 
34562489690177;0.320514;0.377068;1 2.01836e-08 1.55626e-07 0.221245 -2.01836e-08 1 1.29659e-10 0.30479 -1.55626e-07 -1.29662e-10 1 -0.00825172 0 0 0 1 
34562489690178;0.353901;0.52333;0.997246 0.000235823 -0.07417 47.465 0.000245026 0.999979 0.0064739 -2.32843 0.07417 -0.00647424 0.997225 -11.9075 0 0 0 1 
34562489690179;0.0142393;0.0634285;1 2.13074e-08 1.92554e-07 0.224759 -2.13074e-08 1 2.37838e-10 0.0869006 -1.92554e-07 -2.37842e-10 1 -0.0219791 0 0 0 1 
34562489690180;0.106434;0.13131;1 -1.09291e-08 -5.86074e-08 -0.0786827 1.09291e-08 1 1.89922e-08 0.0876698 5.86074e-08 -1.89922e-08 1 -0.154264 0 0 0 1 
34562489690181;0.139987;0.143076;1 7.44494e-09 7.11816e-08 0.0954258 -7.44494e-09 1 -1.33428e-08 0.0897384 -7.11816e-08 1.33428e-08 1 0.0644238 0 0 0 1 
34562489690182;0.247912;0.365747;0.999538 3.93095e-05 -0.0304042 12.7798 4.14339e-05 0.999996 0.00265503 0.0241504 0.0304042 -0.00265506 0.999534 3.28877 0 0 0 1 
34562489690183;0.115667;0.253119;1 2.88872e-08 6.37547e-07 0.289502 -2.88872e-08 1 3.64593e-08 0.937402 -6.37547e-07 -3.64594e-08 1 -0.245213 0 0 0 1 
34562489690184;0.228068;0.264518;1 2.90461e-08 3.77423e-07 0.285003 -2.90461e-08 1 -1.14689e-08 0.208306 -3.77423e-07 1.14689e-08 1 0.0480939 0 0 0 1 
34562489690186;0.0711037;0.125812;1 2.96239e-08 2.24318e-07 0.0970511 -2.96239e-08 1 1.68986e-08 -1.03764 -2.24318e-07 -1.68986e-08 1 -0.189474 0 0 0 1 
34562489690187;0.0441165;0.0660147;0.99992 6.11039e-06 0.0126814 5.47143 7.92483e-06 0.999999 -0.00110671 -0.772964 -0.0126814 0.00110672 0.999919 2.67573 0 0 0 1 
34562489690188;0.231973;0.225618;0.999906 7.95623e-06 -0.0137118 3.95175 8.4534e-06 0.999999 0.0011967 0.333214 0.0137118 -0.0011967 0.999905 -3.43491 0 0 0 1 
34562489690189;0.393005;0.540185;0.998962 8.24852e-05 -0.0455408 70.7058 9.86173e-05 0.999992 0.00397445 -2.17591 0.0455408 -0.00397482 0.998955 -7.98695 0 0 0 1 
34562489690190;0.219538;0.727419;1 -1.35307e-07 2.59825e-07 -0.142901 1.35307e-07 1 1.38772e-07 8.38074 -2.59825e-07 -1.38772e-07 1 -0.837619 0 0 0 1 
34562489690191;0.389147;0.896668;1 1.77067e-07 1.56897e-07 0.887847 -1.77067e-07 1 -6.42282e-08 -8.57711 -1.56897e-07 6.42281e-08 1 0.245501 0 0 0 1 
34562489690192;0.192134;0.264511;1 5.05347e-08 2.90884e-07 0.19263 -5.05347e-08 1 -1.99419e-09 -1.66421 -2.90884e-07 1.99418e-09 1 -0.0644318 0 0 0 1 
34562489690193;0.281462;0.279421;1 -2.90123e-08 4.88444e-07 -0.172435 2.90122e-08 1 6.80737e-08 -0.0162447 -4.88444e-07 -6.80736e-08 1 -0.543106 0 0 0 1 
34562489690194;0.204314;0.226675;0.999951 3.66572e-06 0.00987561 3.5457 4.84328e-06 1 -0.000861593 -1.20928 -0.00987561 0.000861599 0.999951 4.73529 0 0 0 1 
34562489690195;0.157469;0.664825;1 -9.69679e-08 -3.50169e-07 -0.226188 9.69679e-08 1 9.73046e-08 7.72784 3.50169e-07 -9.73047e-08 1 -0.509891 0 0 0 1 
34562489690196;0.0529904;0.0489048;0.999964 2.12516e-06 -0.008451 9.17818 4.10614e-06 1 0.000737327 -0.238454 0.008451 -0.000737335 0.999964 -4.55901 0 0 0 1 
34562489690197;0.438295;1.08299;1 1.61263e-07 1.70804e-07 0.245918 -1.61263e-07 1 -9.40968e-09 -10.8848 -1.70804e-07 9.40965e-09 1 -0.287435 0 0 0 1 
34562489690198;0.0525853;0.0439774;1 9.69527e-09 -1.13703e-08 0.160169 -9.69527e-09 1 7.6372e-09 0.790714 1.13703e-08 -7.6372e-09 1 -0.242135 0 0 0 1 
34562489690199;0.186435;0.812877;1 -1.05444e-07 2.50864e-07 -0.211812 1.05444e-07 1 4.43006e-08 9.2303 -2.50864e-07 -4.43005e-08 1 -0.108637 0 0 0 1 
34562489690200;0.246291;0.23507;1 3.3145e-07 -0.000211608 -2.42643 -3.27611e-07 1 1.81394e-05 0.473142 0.000211608 -1.81394e-05 1 -2.40897 0 0 0 1 
34562489690201;0.100046;0.445808;1 5.62032e-08 3.51928e-07 0.247455 -5.62032e-08 1 -2.0105e-08 -5.43533 -3.51928e-07 2.0105e-08 1 -0.0108323 0 0 0 1 
34562489690202;0.155088;0.156687;1 1.43664e-08 1.49746e-07 0.100344 -1.43664e-08 1 1.24472e-08 0.413758 -1.49746e-07 -1.24472e-08 1 -0.0889225 0 0 0 1 
34562489690203;0.0877176;0.0751314;1 8.58268e-07 0.000528199 -6.53501 -8.33877e-07 1 -4.61766e-05 1.60949 -0.000528199 4.61761e-05 1 0.0468479 0 0 0 1 
34562489690204;0.244178;0.312998;0.999951 5.07672e-06 0.00990886 -7.61131 3.49785e-06 1 -0.000865325 -1.15516 -0.00990886 0.000865318 0.999951 -1.17869 0 0 0 1 
34562489690205;0.481854;0.416676;0.999073 8.58006e-05 -0.0430498 -31.9311 7.59914e-05 0.999993 0.0037566 2.57138 0.0430499 -0.00375639 0.999066 -16.7079 0 0 0 1 
34562489690206;0.097924;0.100005;0.999928 4.49889e-06 0.0120028 12.4439 8.07179e-06 0.999999 -0.00104726 -1.76704 -0.0120028 0.00104728 0.999927 4.48127 0 0 0 1 
34562489690207;0.417969;0.456522;0.999786 1.845e-05 -0.0206655 4.07887 1.88235e-05 0.999998 0.00180346 2.06781 0.0206655 -0.00180347 0.999785 -6.46702 0 0 0 1 
34562489690208;0.41666;0.408803;1 2.35485e-08 5.29191e-09 0.101718 -2.35485e-08 1 1.61447e-08 -0.553872 -5.29191e-09 -1.61447e-08 1 -0.134683 0 0 0 1 
34562489690209;0.102897;0.077419;1 1.3987e-08 3.39981e-07 0.0746578 -1.3987e-08 1 4.22526e-08 0.276834 -3.39981e-07 -4.22526e-08 1 -0.352075 0 0 0 1 
34562489690210;0.0465566;0.118324;1 2.5609e-08 3.87658e-07 0.102841 -2.5609e-08 1 2.73091e-08 -1.01795 -3.87658e-07 -2.73091e-08 1 -0.27889 0 0 0 1 
34562489690211;0.156365;0.620348;1 1.53839e-07 -1.87508e-07 0.252991 -1.53839e-07 1 -1.48895e-08 -7.96239 1.87508e-07 1.48895e-08 1 -0.091443 0 0 0 1 
34562489690212;0.249667;0.280209;0.999958 6.17624e-06 0.00916061 -21.1498 1.14512e-06 1 -0.000799217 0.969736 -0.00916061 0.000799194 0.999958 4.12857 0 0 0 1 
34562489690213;0.302086;0.321567;1 2.33458e-08 2.2146e-08 0.0702955 -2.33458e-08 1 -1.58708e-08 -0.890987 -2.2146e-08 1.58708e-08 1 0.0967224 0 0 0 1 
34562489690214;0.0408606;0.0640325;1 -3.52032e-09 1.5844e-07 0.0624137 3.52031e-09 1 1.98129e-08 0.506259 -1.5844e-07 -1.98129e-08 1 -0.150242 0 0 0 1 
34562489690215;0.322976;0.706598;1 -1.20173e-07 7.13555e-07 -0.237531 1.20173e-07 1 -7.05118e-09 7.28554 -7.13555e-07 7.05126e-09 1 0.163787 0 0 0 1 
34562489690217;0.345856;0.228082;1 -3.3877e-08 2.50684e-07 -0.399548 3.3877e-08 1 -6.8023e-09 -0.158383 -2.50684e-07 6.80231e-09 1 0.570694 0 0 0 1 
34562489690218;0.369096;0.243113;1 -2.01773e-08 -1.56905e-07 -0.209488 2.01773e-08 1 -3.72444e-09 -0.480732 1.56905e-07 3.72444e-09 1 0.0126991 0 0 0 1 
34562489690219;0.344434;0.447802;1 -3.59308e-08 -1.28408e-07 -0.244143 3.59308e-08 1 -8.00467e-09 0.434442 1.28408e-07 8.00466e-09 1 0.0847076 0 0 0 1 
34562489690220;0.281678;0.326929;1 1.83222e-08 -4.14804e-07 0.147209 -1.83222e-08 1 -8.83361e-10 -0.0108866 4.14804e-07 8.83369e-10 1 -0.00441381 0 0 0 1 
34562489690221;0.2479;0.360932;1 -3.1814e-08 1.19269e-07 -0.26746 3.1814e-08 1 1.89757e-08 -0.0343726 -1.19269e-07 -1.89757e-08 1 -0.134026 0 0 0 1 
34562489690222;0.309448;0.445924;0.999534 3.73409e-05 -0.0305218 30.1546 4.4026e-05 0.999996 0.00266519 -2.16073 0.0305218 -0.00266529 0.999531 1.63127 0 0 0 1 
34562489690223;0.503992;0.42837;1 -2.90468e-08 -3.63561e-07 -0.254149 2.90468e-08 1 -3.41282e-09 -0.162118 3.63561e-07 3.41281e-09 1 0.00973822 0 0 0 1 
34562489690224;0.505738;0.331149;0.99693 0.000262504 -0.0783015 54.9909 0.00027347 0.999977 0.00683419 -4.99977 0.0783015 -0.00683462 0.996906 -18.4725 0 0 0 1 
34562489690225;0.255572;0.303885;1 -1.56038e-08 1.98357e-07 -0.149344 1.56038e-08 1 -4.92443e-09 -0.168684 -1.98357e-07 4.92443e-09 1 0.0345461 0 0 0 1 
34562489690226;0.59187;0.624443;0.988119 0.00103619 -0.153684 30.2241 0.00103827 0.999909 0.0134173 -2.9991 0.153684 -0.0134175 0.988029 -9.71883 0 0 0 1 
34562489690227;0.535961;0.46731;0.996613 0.000476478 -0.0822304 -1443.78 0.000151626 0.999971 0.00763194 126.783 0.0822316 -0.00761856 0.996584 3527.98 0 0 0 1 
34562489690228;0.492348;0.808409;0.975238 0.00215473 -0.221148 89.1644 0.00216932 0.999811 0.019308 -7.87092 0.221148 -0.0193096 0.975049 3.63389 0 0 0 1 
34562489690229;0.377629;0.331683;0.999485 4.48161e-05 -0.0320837 5.27498 4.5064e-05 0.999996 0.0028007 -1.08702 0.0320837 -0.00280071 0.999481 -4.95147 0 0 0 1 
34562489690230;0.309344;0.430174;1 -3.49831e-08 -2.25924e-07 -0.224855 3.49831e-08 1 4.19081e-09 0.579823 2.25924e-07 -4.19082e-09 1 -0.0341848 0 0 0 1 
34562489690231;0.422227;0.520593;0.999905 6.09082e-06 0.0137845 15.3395 1.04966e-05 0.999999 -0.00120327 -1.04709 -0.0137845 0.0012033 0.999904 2.7438 0 0 0 1 
34562489690232;0.215127;0.445819;1 -3.88729e-08 4.06858e-07 -0.282316 3.88729e-08 1 1.58999e-08 0.228844 -4.06858e-07 -1.58999e-08 1 -0.102036 0 0 0 1 
34562489690233;0.420689;0.539063;1 -5.32007e-08 1.04614e-07 -0.370845 5.32007e-08 1 1.42608e-08 0.588147 -1.04614e-07 -1.42608e-08 1 -0.111035 0 0 0 1 
34562489690234;0.244511;0.398492;1 -4.94405e-08 1.37525e-07 -0.365356 4.94405e-08 1 2.17377e-08 0.244006 -1.37525e-07 -2.17377e-08 1 -0.146977 0 0 0 1 
34562489690235;0.305129;0.189221;0.999825 1.60026e-05 0.0186813 -9.3689 1.46462e-05 0.999999 -0.00164048 1.33322 -0.0186813 0.00164047 0.999824 -74.3174 0 0 0 1 
34562489690236;0.196522;0.455294;0.997771 0.000188826 0.0667359 36.607 0.00020022 0.999983 -0.0058229 -2.85409 -0.0667359 0.00582328 0.997754 30.2465 0 0 0 1 
34562489690237;0.236663;0.46325;0.998325 0.000226314 -0.0578512 -637.085 8.27467e-05 0.999986 0.0053399 55.8271 0.0578515 -0.00533574 0.998311 2288.55 0 0 0 1 
34562489690238;0.36003;0.444105;0.999941 2.69145e-06 0.0108615 17.5451 7.60016e-06 1 -0.000947486 -1.53544 -0.0108615 0.000947513 0.999941 6.6039 0 0 0 1 
34562489690239;0.243492;0.187205;1 -3.19649e-07 -3.10675e-05 1.81506 3.19719e-07 1 2.24122e-06 -0.452268 3.10675e-05 -2.24123e-06 1 -3.27688 0 0 0 1 
34562489690240;0.35283;0.257428;0.999981 8.04089e-07 -0.00622936 7.6339 2.58294e-06 1 0.000543712 -1.30171 0.00622936 -0.000543717 0.99998 -1.92824 0 0 0 1 
34562489690241;0.379757;0.968311;0.968492 0.00281898 0.249029 -582.542 0.00274594 0.999754 -0.0219963 50.1898 -0.24903 0.021987 0.968246 -1950.89 0 0 0 1 
34562489690242;0.378853;0.377851;1 -1.63493e-08 -6.14043e-08 -0.141218 1.63493e-08 1 -2.40921e-08 -0.0327623 6.14043e-08 2.40921e-08 1 0.17017 0 0 0 1 
34562489690243;0.301434;0.469372;1 -4.09906e-08 -1.21255e-07 -0.300092 4.09906e-08 1 -1.07458e-08 0.288949 1.21255e-07 1.07458e-08 1 0.0665449 0 0 0 1 
34562489690244;0.500189;0.671136;1 -2.05371e-08 -4.26648e-07 -0.129955 2.05371e-08 1 -8.12213e-09 0.351566 4.26648e-07 8.12212e-09 1 0.0639515 0 0 0 1 
34562489690245;0.271456;0.228858;1 -1.39391e-08 1.92783e-07 -0.285981 1.39391e-08 1 -4.68813e-09 0.027169 -1.92783e-07 4.68814e-09 1 0.485679 0 0 0 1 
34562489690246;0.262584;0.373775;1 -3.67923e-08 -6.69381e-08 -0.268596 3.67923e-08 1 1.35459e-08 0.240162 6.69381e-08 -1.35459e-08 1 -0.0929132 0 0 0 1 
34562489690248;0.122472;0.176927;0.99905 -0.000362623 0.0435779 3579.52 0.000531662 0.999992 -0.00386748 -311.657 -0.0435761 0.00388698 0.999043 -659.366 0 0 0 1 
34562489690249;0.236877;0.417193;0.999626 3.413e-05 -0.0273364 -8.07479 3.10884e-05 0.999997 0.00238534 2.50205 0.0273364 -0.0023853 0.999623 -13.4826 0 0 0 1 
34562489690250;0.361013;0.376843;1 2.97193e-08 5.75315e-07 0.210337 -2.97193e-08 1 -2.93068e-09 -0.551879 -5.75315e-07 2.93066e-09 1 0.0138263 0 0 0 1 
34562489690251;0.0844088;0.124588;0.999668 2.9459e-05 -0.025771 0.336138 2.85179e-05 0.999997 0.00224932 0.423521 0.025771 -0.00224931 0.999665 -7.31572 0 0 0 1 
34562489690252;0.195046;0.246176;1 1.09825e-08 9.51733e-09 0.171707 -1.09825e-08 1 7.20896e-09 0.589747 -9.51733e-09 -7.20896e-09 1 -0.0236608 0 0 0 1 
34562489690253;0.120903;0.154717;0.999463 -7.25894e-05 0.0327599 957.165 0.000168109 0.999996 -0.00291302 -84.0187 -0.0327595 0.00291696 0.999459 -454.643 0 0 0 1 
34562489690254;0.246774;0.301572;1 6.32838e-08 -2.3634e-07 0.498357 -6.32838e-08 1 -2.1698e-08 -0.613316 2.3634e-07 2.1698e-08 1 0.153917 0 0 0 1 
34562489690255;0.134202;0.198952;0.999945 4.56341e-06 0.0105079 0.858243 5.07177e-06 1 -0.000916915 -1.01941 -0.0105079 0.000916918 0.999944 4.33549 0 0 0 1 
34562489690256;0.130561;0.0995592;0.999862 -3.52391e-06 0.0165839 123.494 2.75254e-05 0.999999 -0.00144705 -10.5767 -0.0165839 0.00144731 0.999861 6.43288 0 0 0 1 
34562489690257;0.163799;0.177011;0.999899 1.17781e-05 -0.0142246 -21.4199 5.87785e-06 0.999999 0.00124118 2.26166 0.0142246 -0.00124114 0.999898 -7.92948 0 0 0 1 
34562489690258;0.294851;0.341482;0.999918 7.38267e-06 -0.0127671 -0.168822 6.82054e-06 0.999999 0.00111244 -1.20304 0.0127671 -0.00111244 0.999918 -18.0313 0 0 0 1 
34562489690259;0.334686;1.04136;1 2.09595e-07 3.4344e-07 1.29292 -2.09595e-07 1 -4.11453e-08 -6.60246 -3.4344e-07 4.11452e-08 1 0.170469 0 0 0 1 
34562489690260;0.32082;0.613452;1 2.93537e-10 -3.98086e-08 0.300751 -2.93536e-10 1 3.35186e-08 2.97453 3.98086e-08 -3.35186e-08 1 -0.140255 0 0 0 1 
34562489690261;0.124973;0.216693;0.995442 0.000404061 0.0953695 -62.5487 0.000391668 0.999965 -0.00832477 4.06375 -0.0953695 0.00832418 0.995407 26.5393 0 0 0 1 
34562489690262;0.295299;0.400775;0.993304 0.000589272 0.115532 -52.6283 0.000579994 0.999949 -0.0100868 5.48718 -0.115532 0.0100863 0.993253 14.5462 0 0 0 1 
34562489690263;0.134227;0.0664841;1 -5.70199e-07 0.000751989 4.40048 6.1973e-07 1 -6.58667e-05 -0.577449 -0.000751989 6.58671e-05 1 -0.868108 0 0 0 1 
