#;prob_registration_l1 -r /home/probabilistic_point_clouds_registration/build/tester /home/point_clouds_registration_benchmark/wood_summer_local.txt /home/point_clouds_registration_benchmark/wood_summer -s 0.2 -t 0.2 -p 0.3 -r 1000 -m 5 -i 40 
id;initial_error;final_error;transformation
2318808360000;0.0774618;0.0273968;0.998213 0.0386069 0.045621 -0.448446 -0.0388613 0.999234 0.00470182 0.452491 -0.0454045 -0.00646631 0.998948 0.40143 0 0 0 1 
2318808360001;0.306883;0.0527051;0.997765 0.0660473 -0.0101382 -0.168927 -0.066123 0.997785 -0.00732895 0.560475 0.00963168 0.00798294 0.999922 -0.314338 0 0 0 1 
2318808360002;0.495258;0.0507243;0.917989 -0.383239 -0.102097 4.70264 0.382766 0.923508 -0.0249652 -1.78392 0.103855 -0.0161615 0.994461 -0.0653627 0 0 0 1 
2318808360003;0.524546;0.0458719;0.911554 -0.407967 -0.051306 4.40858 0.410894 0.899138 0.150724 -2.64445 -0.0153595 -0.158475 0.987244 1.31456 0 0 0 1 
2318808360004;0.20511;0.0352576;0.997549 -0.06599 0.0232869 0.617377 0.0657025 0.997756 0.0129018 -0.537415 -0.024086 -0.0113402 0.999646 -0.114093 0 0 0 1 
2318808360005;0.440296;0.0462579;0.984751 0.0656066 -0.161122 -0.111225 -0.0172463 0.958418 0.284848 0.16865 0.17311 -0.277725 0.944935 0.916181 0 0 0 1 
2318808360006;0.169359;0.0369267;0.995799 -0.0888138 0.0222994 1.03927 0.0890352 0.995987 -0.00914126 -0.457737 -0.021398 0.0110883 0.99971 0.169824 0 0 0 1 
2318808360007;0.299345;0.0379045;0.928107 -0.367603 0.0590473 4.2573 0.365898 0.929884 0.0378634 -2.26397 -0.0688259 -0.013536 0.997537 0.59322 0 0 0 1 
2318808360008;0.34518;0.034028;0.928969 0.270204 0.252994 -2.43021 -0.303543 0.947245 0.1029 2.94002 -0.211843 -0.172385 0.96198 3.82243 0 0 0 1 
2318808360009;0.553788;0.393774;0.998077 0.0473823 0.0399658 -0.447489 -0.047683 0.998841 0.00660467 -0.106052 -0.0396065 -0.00849766 0.999179 0.625765 0 0 0 1 
2318808360010;0.296129;0.0455364;0.992087 -0.125497 0.00374612 1.17504 0.125174 0.990971 0.0480314 -1.2434 -0.00974009 -0.0471824 0.998839 0.0906723 0 0 0 1 
2318808360011;0.267088;0.0365832;0.973341 -0.195743 0.119552 2.17959 0.181521 0.976017 0.120168 -1.26988 -0.140207 -0.0952637 0.985529 2.40487 0 0 0 1 
2318808360012;0.117207;0.0404535;0.997032 -0.00379436 -0.0768965 0.0325693 0.00804989 0.998448 0.0551069 -0.204766 0.0765681 -0.0555623 0.995515 -0.190635 0 0 0 1 
2318808360013;0.297157;0.0442503;0.996297 -0.0546962 0.0663381 -0.0147619 0.0566168 0.998019 -0.0274243 -0.634433 -0.0647067 0.0310786 0.99742 0.0355036 0 0 0 1 
2318808360014;0.320442;0.0359351;0.999954 0.00454585 0.00844003 -0.0498115 -0.00457954 0.999982 0.00397651 0.075672 -0.0084218 -0.00401498 0.999956 -0.554039 0 0 0 1 
2318808360015;0.329054;0.0356498;0.963753 0.23621 -0.124034 -2.09071 -0.248293 0.964208 -0.0930243 2.41398 0.0976211 0.120449 0.987908 -2.4828 0 0 0 1 
2318808360016;0.335073;0.042535;0.999451 0.0326313 0.00567559 -0.300506 -0.0326906 0.999408 0.0107003 -0.0531068 -0.00532307 -0.01088 0.999927 -0.44035 0 0 0 1 
2318808360017;0.483715;0.0326095;0.973187 0.224336 -0.0507938 -2.51846 -0.224188 0.974507 0.00865742 1.76501 0.0514411 0.00296207 0.998672 0.251228 0 0 0 1 
2318808360018;0.313611;0.0478585;0.908617 -0.407168 -0.0928969 4.92833 0.399247 0.912129 -0.0928602 -2.09636 0.122544 0.0472855 0.991336 -1.43135 0 0 0 1 
2318808360019;0.502137;0.0345644;0.947076 0.317041 -0.0503247 -2.494 -0.320801 0.9291 -0.184011 2.90788 -0.0115823 0.190417 0.981635 -2.30751 0 0 0 1 
2318808360020;0.421809;0.0400283;0.965194 0.0229556 0.260525 -0.596627 -0.00271492 0.996966 -0.0777872 0.266267 -0.261521 0.0743725 0.962328 0.62474 0 0 0 1 
2318808360021;0.393879;0.0392519;0.911402 -0.295935 -0.285954 4.23733 0.204262 0.928556 -0.309936 -0.850563 0.357245 0.224066 0.906736 -5.00783 0 0 0 1 
2318808360022;0.404256;0.0339571;0.995193 0.0337201 -0.0919424 -0.297675 -0.0391949 0.997523 -0.0584047 1.09909 0.0897453 0.0617276 0.99405 -1.68764 0 0 0 1 
2318808360023;0.175152;0.0383405;0.97838 -0.194726 0.0696768 1.99548 0.197481 0.97968 -0.0350552 -1.29077 -0.0614348 0.0480571 0.996953 -0.0231804 0 0 0 1 
2318808360024;0.438639;0.0319184;0.993286 0.0107754 -0.115183 -0.818001 -0.0223661 0.994755 -0.0998156 0.374731 0.113503 0.101722 0.988317 -2.03842 0 0 0 1 
2318808360025;0.493149;0.0546047;0.984645 -0.174552 -0.00257525 1.69661 0.17445 0.984403 -0.0227565 -0.69516 0.00650728 0.0219578 0.999738 0.442365 0 0 0 1 
2318808360026;0.26214;0.0419254;0.981529 0.0130309 -0.19087 -0.153142 0.000713558 0.997421 0.0717643 -0.0764958 0.191313 -0.0705749 0.978989 -0.4645 0 0 0 1 
2318808360027;0.301824;0.0347577;0.971295 0.237777 -0.00685395 -2.25971 -0.231127 0.936529 -0.263617 2.94729 -0.0562632 0.257634 0.964603 -2.17577 0 0 0 1 
2318808360028;0.111442;0.0389037;0.998966 -0.0344299 -0.0296791 0.350532 0.0381746 0.989895 0.136566 -0.390224 0.0246772 -0.137558 0.990186 1.19834 0 0 0 1 
2318808360029;0.556383;0.0426629;0.99506 -0.060058 -0.0790464 0.0905193 0.0851799 0.925472 0.369114 -0.406981 0.050987 -0.374024 0.926016 4.25341 0 0 0 1 
2318808360031;0.47988;0.0486056;0.904903 0.370855 -0.20885 -2.52375 -0.357364 0.928549 0.100442 3.70604 0.231176 -0.0162552 0.972776 -2.07315 0 0 0 1 
2318808360032;0.536016;0.05493;0.924721 0.0318782 -0.379308 0.976698 -0.14016 0.95499 -0.261438 2.58032 0.353901 0.294921 0.887567 -6.17562 0 0 0 1 
2318808360033;0.38485;0.0481417;0.99082 0.133777 0.0194738 -1.15075 -0.133653 0.990999 -0.00757437 1.03697 -0.0203118 0.00490212 0.999782 -0.60158 0 0 0 1 
2318808360034;0.495664;0.0476278;0.877132 0.476334 0.061197 -4.27761 -0.477427 0.878663 0.00375323 5.50639 -0.0519838 -0.0325092 0.998119 0.290977 0 0 0 1 
2318808360035;0.329409;0.0410685;0.993966 0.0934338 -0.0574564 -0.639198 -0.0938182 0.995581 -0.00402513 0.95672 0.0568264 0.0093913 0.99834 -1.13638 0 0 0 1 
2318808360036;0.430313;0.0558742;0.901605 0.230573 -0.365984 -0.905501 -0.219035 0.972954 0.0733719 1.80696 0.373004 0.0140111 0.927724 -3.25766 0 0 0 1 
2318808360037;0.120765;0.0462406;0.992563 0.00164828 -0.121723 0.22632 -0.0159221 0.993076 -0.116386 0.362811 0.120688 0.117459 0.985717 -2.26393 0 0 0 1 
2318808360038;0.516165;0.0537995;0.976573 -0.193952 0.0932043 1.9943 0.191817 0.980927 0.0314351 -2.07803 -0.0975235 -0.0128205 0.995151 1.56107 0 0 0 1 
2318808360039;0.413132;0.0451152;0.973998 -0.135474 0.181589 1.21402 0.129391 0.990572 0.0449909 -0.663191 -0.185972 -0.0203251 0.982345 2.18 0 0 0 1 
2318808360040;0.306491;0.0379496;0.98922 0.109226 -0.0975354 -0.668416 -0.0933341 0.983526 0.154806 0.73214 0.112837 -0.144033 0.983119 0.203154 0 0 0 1 
2318808360041;0.475776;0.0546359;0.87097 -0.490709 -0.0248321 6.605 0.489462 0.870948 -0.0433196 -2.67681 0.0428848 0.0255756 0.998753 -0.196832 0 0 0 1 
2318808360042;0.392346;0.059847;0.996828 0.0320012 0.0728648 -0.377197 -0.0320151 0.999487 -0.000977251 0.246769 -0.0728587 -0.00135862 0.997341 1.32637 0 0 0 1 
2318808360043;0.212163;0.0521644;0.989414 0.0578519 -0.133094 -0.295303 -0.0243537 0.970291 0.240712 0.145928 0.143066 -0.234922 0.961428 1.39779 0 0 0 1 
2318808360044;0.216595;0.0494264;0.988942 0.104044 -0.105677 -1.12663 -0.0974585 0.993069 0.0656949 0.558842 0.111779 -0.0546694 0.992228 -0.245797 0 0 0 1 
2318808360045;0.469606;0.0576257;0.923253 0.223184 -0.312718 -1.5716 -0.311925 0.910639 -0.270997 3.88861 0.224291 0.347744 0.910367 -5.12888 0 0 0 1 
2318808360046;0.276896;0.0339294;0.999705 0.00851467 0.0227438 0.143612 -0.00827741 0.999911 -0.0105057 -0.412546 -0.0228312 0.0103143 0.999686 -0.13003 0 0 0 1 
2318808360047;0.219223;0.0550305;0.958212 -0.144723 -0.246748 2.24353 0.140358 0.989472 -0.0352856 -0.910176 0.249256 -0.000821828 0.968437 -2.1246 0 0 0 1 
2318808360048;0.2746;0.0611551;0.956177 -0.0315754 0.291081 0.308588 0.0114654 0.997443 0.0705361 -0.113194 -0.292564 -0.0641077 0.954094 3.06612 0 0 0 1 
2318808360049;0.475244;0.0555416;0.910691 -0.307748 -0.275559 4.80003 0.328978 0.943752 0.0332393 -2.26405 0.24983 -0.120923 0.960709 -1.27432 0 0 0 1 
2318808360050;0.266943;0.0600244;0.950138 -0.310679 -0.0267767 3.92876 0.310967 0.950393 0.0072525 -2.17482 0.0231952 -0.0152176 0.999615 -0.261907 0 0 0 1 
2318808360051;0.316495;0.0489;0.979147 -0.0652101 0.192405 0.728567 0.0375478 0.988856 0.144064 -0.50597 -0.199655 -0.133835 0.970683 3.5976 0 0 0 1 
2318808360052;0.442125;0.0437751;0.9119 0.380867 0.152898 -3.56069 -0.375233 0.924627 -0.0653033 3.51337 -0.166245 0.00217786 0.986082 1.63708 0 0 0 1 
2318808360053;0.502153;0.0634349;0.999081 -0.0412245 -0.0117617 1.24805 0.0424168 0.990364 0.131837 -0.570507 0.00621343 -0.132214 0.991202 2.03932 0 0 0 1 
2318808360054;0.189299;0.0495922;0.964776 -0.261236 -0.0310341 3.2484 0.258003 0.962624 -0.0824014 -1.70629 0.0514004 0.071492 0.996116 -1.26785 0 0 0 1 
2318808360055;0.56348;0.0596651;0.948157 0.122036 -0.293438 0.151307 -0.155869 0.983224 -0.0947361 2.17566 0.276954 0.135563 0.951272 -3.74594 0 0 0 1 
2318808360056;0.0419399;0.0522195;0.998549 0.0384219 -0.0377232 -0.300441 -0.0381306 0.999237 0.00841084 0.248541 0.0380176 -0.00696023 0.999253 -0.276367 0 0 0 1 
2318808360057;0.467263;0.0539347;0.9965 -0.080159 -0.0236996 1.14915 0.0796209 0.996564 -0.0228393 -1.41191 0.0254489 0.0208724 0.999458 -0.969366 0 0 0 1 
2318808360058;0.291617;0.0553859;0.999954 2.55554e-05 -0.00956262 0.101066 0.00129051 0.990488 0.137594 0.380368 0.00947518 -0.1376 0.990443 1.62423 0 0 0 1 
2318808360059;0.25976;0.0447702;0.972251 0.0132987 -0.233562 0.6155 -0.0306062 0.997033 -0.0706351 0.355006 0.23193 0.0758234 0.969773 -2.49098 0 0 0 1 
2318808360060;0.11731;0.0559551;0.994663 0.0853042 0.0580435 -0.917965 -0.0825738 0.995432 -0.0479203 0.78174 -0.0618662 0.0428717 0.997163 0.00820421 0 0 0 1 
2318808360062;0.468711;0.0411318;0.910694 0.406793 -0.0718118 -0.963016 -0.365218 0.874137 0.320156 2.14694 0.193011 -0.265337 0.944639 0.20464 0 0 0 1 
2318808360063;0.468392;0.0346048;0.993424 -0.113824 0.0124027 -0.391857 0.11175 0.987465 0.111465 -1.13005 -0.0249347 -0.109346 0.993691 -0.0750141 0 0 0 1 
2318808360064;0.317402;0.0427403;0.944866 0.327455 0.000645055 -0.465722 -0.32745 0.944858 -0.004407 1.98693 -0.00205258 0.0039528 0.99999 -0.40729 0 0 0 1 
2318808360065;0.263432;0.0367912;0.975778 -0.207308 0.0698603 0.763237 0.19913 0.973924 0.10872 -1.49406 -0.090577 -0.0921748 0.991615 1.01294 0 0 0 1 
2318808360066;0.238324;0.0448593;0.999684 -0.0249906 -0.00282537 -0.31371 0.0250361 0.999534 0.0174351 -0.363876 0.00238834 -0.0175003 0.999844 0.119957 0 0 0 1 
2318808360067;0.429905;0.0368734;0.992054 0.104859 -0.0695236 0.784194 -0.100574 0.992964 0.0625136 0.583661 0.0755896 -0.0550246 0.99562 -0.567607 0 0 0 1 
2318808360068;0.55967;0.0375826;0.886692 -0.134122 -0.442479 2.03775 0.216434 0.966079 0.140883 -1.49688 0.408575 -0.220688 0.885643 -2.24535 0 0 0 1 
2318808360069;0.324897;0.035835;0.99697 0.0743136 0.0229636 0.23375 -0.0746715 0.997093 0.0151384 0.140721 -0.0217718 -0.0168073 0.999622 -0.423484 0 0 0 1 
2318808360070;0.327797;0.0466201;0.995832 0.0674554 0.0613797 0.555402 -0.0642904 0.996567 -0.0521573 0.328794 -0.0646873 0.0479938 0.996751 0.0140796 0 0 0 1 
2318808360071;0.127608;0.0415209;0.989474 0.124842 0.073185 -0.369137 -0.125431 0.992096 0.0034841 0.734063 -0.0721716 -0.0126271 0.997312 0.386146 0 0 0 1 
2318808360072;0.27755;0.041817;0.966248 -0.249422 -0.0644476 0.740783 0.249495 0.968351 -0.00703985 -1.12326 0.0641638 -0.0092771 0.997896 -0.56287 0 0 0 1 
2318808360073;0.377754;0.04029;0.993755 -0.0536999 0.0978128 0.0390123 0.0690526 0.984528 -0.161045 0.0743621 -0.0876514 0.166794 0.982088 -0.709752 0 0 0 1 
2318808360074;0.367604;0.0501967;0.889791 -0.455815 -0.0224527 1.99832 0.450227 0.884799 -0.120108 -2.2107 0.0746134 0.0967626 0.992507 -0.53017 0 0 0 1 
2318808360075;0.223733;0.043894;0.966762 -0.00938986 0.255506 0.109789 0.00668103 0.999912 0.0114677 -0.255468 -0.255591 -0.00937948 0.966739 1.55193 0 0 0 1 
2318808360076;0.344651;0.0455294;0.994516 -0.103139 -0.0173528 0.877815 0.10427 0.964802 0.241423 -0.798141 -0.00815826 -0.241909 0.970265 1.19503 0 0 0 1 
2318808360077;0.167206;0.0461726;0.995691 0.0353218 0.0857468 0.040903 -0.0379222 0.998863 0.0288897 0.427884 -0.0846289 -0.032017 0.995898 0.454931 0 0 0 1 
2318808360078;0.455663;0.037774;0.923975 0.375539 0.0723908 -0.475437 -0.380917 0.920574 0.0862875 2.02738 -0.0342367 -0.107302 0.993637 -0.21122 0 0 0 1 
2318808360079;0.349782;0.043646;0.990712 0.0873758 0.104187 -0.166038 -0.101978 0.984272 0.144251 0.502822 -0.0899441 -0.153535 0.984041 1.66546 0 0 0 1 
2318808360080;0.31557;0.0476379;0.991041 0.0551911 -0.121622 0.0986983 -0.00395888 0.922364 0.386302 -0.443089 0.1335 -0.38236 0.914319 0.380954 0 0 0 1 
2318808360081;0.265138;0.0392166;0.99262 0.0833645 -0.0880664 -0.0138173 -0.102246 0.965821 -0.238192 1.19683 0.0651996 0.245438 0.967217 -0.839106 0 0 0 1 
2318808360082;0.291619;0.0474439;0.977808 0.133606 -0.161372 0.0992678 -0.177173 0.938426 -0.296593 1.65201 0.111809 0.318602 0.941271 -1.55811 0 0 0 1 
2318808360083;0.406111;0.0456743;0.990725 -0.135588 0.00894126 0.0372759 0.13448 0.987802 0.0785016 -0.917153 -0.0194761 -0.076571 0.996874 -0.423816 0 0 0 1 
2318808360084;0.25521;0.040932;0.999082 0.0385395 -0.0187011 0.14859 -0.042539 0.944011 -0.327159 0.873886 0.00504555 0.327654 0.944784 -0.969265 0 0 0 1 
2318808360085;0.097134;0.0330706;0.999425 -0.00737796 0.0330957 0.00573872 0.00651218 0.999636 0.0261918 -0.0104173 -0.0332769 -0.0259612 0.999109 0.425172 0 0 0 1 
2318808360086;0.630308;0.044132;0.95831 0.140366 -0.248876 0.694316 -0.021166 0.903498 0.42807 -0.645578 0.284945 -0.404956 0.868802 -1.17603 0 0 0 1 
2318808360087;0.164964;0.0318016;0.988501 0.148265 0.0297173 -0.295534 -0.144464 0.984021 -0.104078 1.09202 -0.0446735 0.0985877 0.994125 -0.0439099 0 0 0 1 
2318808360088;0.426784;0.0517087;0.922784 0.216128 0.318995 -0.230625 -0.148657 0.963475 -0.222749 1.12621 -0.355486 0.158129 0.921208 2.15645 0 0 0 1 
2318808360089;0.0156956;0.0398429;0.999837 -0.00652634 -0.0168062 0.117951 0.006839 0.999803 0.0186139 -0.0921812 0.0166814 -0.0187258 0.999685 -0.0650532 0 0 0 1 
2318808360090;0.105965;0.0454787;0.999679 0.0143043 -0.0209199 -0.0950815 -0.0144457 0.999874 -0.00662569 0.194565 0.0208225 0.00692576 0.999759 -0.0864469 0 0 0 1 
2318808360091;0.471367;0.0409793;0.94002 -0.0805899 -0.331462 0.994619 0.00455275 0.974569 -0.22404 0.934523 0.341088 0.209093 0.916482 -2.85702 0 0 0 1 
2318808360093;0.358587;0.0314464;0.992712 0.0957594 0.073171 -0.172119 -0.0964552 0.995319 0.0060269 0.951391 -0.0722514 -0.0130407 0.997301 -0.317125 0 0 0 1 
2318808360094;0.104341;0.0322308;0.995666 0.0869034 0.0331103 0.0979337 -0.0857197 0.995682 -0.0356353 0.357245 -0.0360642 0.0326427 0.998816 0.325942 0 0 0 1 
2318808360095;0.369651;0.0421885;0.959737 -0.280035 0.0220513 0.404744 0.280694 0.959084 -0.0369917 -1.18671 -0.0107901 0.041692 0.999072 -0.553545 0 0 0 1 
2318808360096;0.316121;0.0323235;0.999137 0.0347737 0.0227357 0.673367 -0.0348987 0.999378 0.00512419 0.306754 -0.0225434 -0.00591321 0.999728 0.519676 0 0 0 1 
2318808360097;0.369151;0.0336001;0.903205 0.288328 0.317942 0.153156 -0.275511 0.957477 -0.0856245 1.12506 -0.32911 -0.0102603 0.944236 1.29656 0 0 0 1 
2318808360098;0.287285;0.0387003;0.955514 -0.29147 0.0451538 0.107466 0.290031 0.956346 0.0358253 -1.49861 -0.0536247 -0.0211355 0.998337 0.0440386 0 0 0 1 
2318808360099;0.367143;0.0609879;0.936746 -0.346386 0.0502383 0.471276 0.34774 0.937354 -0.0210572 -2.1462 -0.0397972 0.0371951 0.998515 -0.0124129 0 0 0 1 
2318808360100;0.403666;0.0470641;0.992325 -0.123505 -0.00605041 0.901732 0.123601 0.989296 0.0775587 -0.582106 -0.00359327 -0.0777113 0.996969 -0.359093 0 0 0 1 
2318808360101;0.302239;0.0366778;0.937663 -0.153481 0.311819 -0.201164 0.169644 0.985183 -0.0252128 -0.85851 -0.303329 0.0765393 0.949807 1.62922 0 0 0 1 
2318808360102;0.281834;0.0360671;0.988774 0.148881 0.0126336 0.126204 -0.147079 0.954922 0.257859 0.171093 0.0263261 -0.256822 0.9661 -0.141786 0 0 0 1 
2318808360103;0.378578;0.0467816;0.943913 0.191872 -0.268724 0.735199 -0.119617 0.95726 0.263333 0.206664 0.307765 -0.21642 0.926522 -1.29232 0 0 0 1 
2318808360104;0.557659;0.0541781;0.891731 -0.452462 -0.00975115 0.195821 0.451142 0.890425 -0.0601147 -2.1414 0.0358823 0.049207 0.998144 -0.932836 0 0 0 1 
2318808360105;0.460355;0.129451;0.947799 -0.318457 0.0161885 0.368323 0.316469 0.945671 0.074518 -1.96925 -0.0390398 -0.0655049 0.997088 -0.43693 0 0 0 1 
2318808360106;0.53681;0.0400234;0.934703 -0.0628646 -0.349827 1.38255 0.0547311 0.997952 -0.033098 0.499197 0.351192 0.0117904 0.936229 -1.39153 0 0 0 1 
2318808360107;0.116161;0.0316895;0.99085 -0.00661369 0.134808 -0.0509193 0.0204232 0.994645 -0.101314 0.00527632 -0.133416 0.103141 0.985679 0.825019 0 0 0 1 
2318808360108;0.426496;0.0337167;0.972982 0.22946 0.0255942 0.734576 -0.228383 0.972783 -0.0391675 1.13505 -0.033885 0.032264 0.998905 -0.453245 0 0 0 1 
2318808360109;0.361092;0.0415353;0.989117 0.138561 0.0494748 -0.80784 -0.136061 0.989399 -0.050757 1.07987 -0.0559832 0.043473 0.997485 0.165943 0 0 0 1 
2318808360110;0.188673;0.0539248;0.995052 -0.0207554 -0.0971635 0.384752 0.0116949 0.995606 -0.092907 0.264774 0.0986649 0.091311 0.990923 -0.547827 0 0 0 1 
2318808360111;0.302097;0.0334693;0.980296 0.177866 -0.0859322 -0.392267 -0.15261 0.958136 0.24225 0.649218 0.125423 -0.224362 0.966401 -0.39339 0 0 0 1 
2318808360112;0.226828;0.0459505;0.967811 -0.242591 -0.0670172 0.46725 0.243962 0.969698 0.0129615 -1.18818 0.0618421 -0.028894 0.997668 -0.199582 0 0 0 1 
2318808360113;0.311079;0.0601166;0.932161 -0.302266 -0.199275 0.524912 0.247285 0.933588 -0.259354 -0.888937 0.264435 0.192482 0.945 -1.20811 0 0 0 1 
2318808360114;0.267587;0.0299377;0.986925 -0.0431305 0.155305 -0.0399533 0.0436371 0.999047 0.000146954 0.0842421 -0.155164 0.00663204 0.987867 1.37968 0 0 0 1 
2318808360115;0.283003;0.0460177;0.994182 -0.100631 0.0384156 -0.0888003 0.0864202 0.958072 0.273183 -0.822866 -0.0642956 -0.268274 0.961195 0.941374 0 0 0 1 
2318808360116;0.15967;0.0325225;0.999509 0.00825659 0.0302279 0.19635 -0.00801303 0.999935 -0.00816994 0.0735812 -0.0302934 0.00792371 0.99951 -0.143267 0 0 0 1 
2318808360117;0.274094;0.0441674;0.971418 0.168761 -0.166931 0.554456 -0.197124 0.96531 -0.171226 1.27452 0.132244 0.199238 0.970987 -0.767367 0 0 0 1 
2318808360118;0.309171;0.0320288;0.994465 -0.0507459 0.0920026 0.206878 0.0612642 0.991432 -0.115367 0.00160354 -0.08536 0.120365 0.989053 1.13 0 0 0 1 
2318808360119;0.136528;0.0354985;0.999979 0.00340904 0.00559151 -0.00949247 -0.00425541 0.987249 0.159124 -0.174023 -0.00497776 -0.159144 0.987243 0.299356 0 0 0 1 
2318808360120;0.394337;0.0523543;0.968485 -0.246628 0.0348155 0.296525 0.247628 0.968449 -0.0280628 -1.13178 -0.0267959 0.0357997 0.999 -0.609095 0 0 0 1 
2318808360121;0.407083;0.0456448;0.892796 -0.448532 0.0416492 0.670123 0.449265 0.893345 -0.00979965 -2.17995 -0.0328116 0.0274606 0.999084 -0.21128 0 0 0 1 
2318808360122;0.325576;0.0448028;0.971488 0.0267601 -0.235574 0.79804 -0.0158705 0.998721 0.0480016 -0.00980814 0.236557 -0.0428943 0.97067 -0.780597 0 0 0 1 
2318808360124;0.330187;0.0315833;0.952634 -0.168843 0.252944 1.69468 0.118918 0.972313 0.201162 -1.14384 -0.279905 -0.161554 0.946337 3.51041 0 0 0 1 
2318808360125;0.152771;0.0240741;0.988691 -0.149969 -0.000298827 1.51996 0.149935 0.988417 0.0234972 -1.21079 -0.00322849 -0.0232763 0.999724 0.355721 0 0 0 1 
2318808360126;0.0910746;0.0198013;0.998188 -0.00141394 -0.0601539 -0.0462048 -4.37976e-05 0.999707 -0.0242253 0.140537 0.0601705 0.024184 0.997895 -0.721244 0 0 0 1 
2318808360127;0.146509;0.0298895;0.992085 -0.113701 0.0532894 1.06995 0.110931 0.992449 0.0523448 -0.855293 -0.0588386 -0.0460191 0.997206 1.09434 0 0 0 1 
2318808360128;0.288596;0.0207392;0.941127 0.125481 -0.313902 -0.380108 -0.149706 0.987244 -0.0541953 1.35308 0.303097 0.0979978 0.947907 -3.23752 0 0 0 1 
2318808360129;0.489639;0.0169035;0.978106 -0.141332 -0.152752 2.21159 0.0722762 0.919026 -0.387514 1.10989 0.195151 0.367989 0.90912 -5.17856 0 0 0 1 
2318808360130;0.532869;0.275369;0.956215 -0.120596 0.266663 0.585088 0.0466946 0.96235 0.267773 -0.542456 -0.288915 -0.243597 0.925845 5.08675 0 0 0 1 
2318808360131;0.255773;0.0290515;0.998234 -0.0205465 0.0557429 -0.00969627 0.0146052 0.994368 0.104972 -0.2388 -0.0575858 -0.103972 0.992912 1.0047 0 0 0 1 
2318808360132;0.368015;0.356376;0.998674 0.042797 0.0286018 -0.55185 -0.0415103 0.998162 -0.0441615 0.270292 -0.0304392 0.0429157 0.998615 -0.123251 0 0 0 1 
2318808360133;0.203483;0.0294759;0.988204 0.124517 -0.0891506 -1.03292 -0.107873 0.97919 0.171901 0.742641 0.1087 -0.160256 0.981072 0.630754 0 0 0 1 
2318808360134;0.215895;0.0325105;0.997628 -0.0268993 -0.0633613 0.630218 0.0250985 0.999263 -0.0290473 -0.258991 0.064096 0.0273882 0.997568 -0.583596 0 0 0 1 
2318808360135;0.357096;0.0387674;0.959783 0.0804296 -0.268977 -0.0537792 -0.0842936 0.996437 -0.00282764 0.998792 0.267791 0.025387 0.963142 -1.99996 0 0 0 1 
2318808360136;0.39267;0.0245156;0.990131 -0.0942363 0.103732 0.904749 0.106942 0.986421 -0.124645 -0.0909404 -0.0905777 0.134508 0.986764 -0.11104 0 0 0 1 
2318808360137;0.205186;0.0284642;0.982644 -0.0251853 -0.183785 0.741079 0.0322924 0.998838 0.0357803 -0.27236 0.18267 -0.0410942 0.982315 -1.01201 0 0 0 1 
2318808360138;0.524941;0.0209858;0.984403 -0.169103 0.04852 1.43006 0.168176 0.985497 0.022627 -1.40593 -0.0516426 -0.0141142 0.998566 -0.392913 0 0 0 1 
2318808360139;0.224459;0.0206187;0.99212 0.118556 -0.0405292 -1.12347 -0.124647 0.966742 -0.223323 1.70952 0.0127049 0.226615 0.973902 -2.28832 0 0 0 1 
2318808360140;0.242736;0.0235885;0.992405 0.0565992 0.109216 -0.709023 -0.0478315 0.995542 -0.0812942 0.635663 -0.11333 0.0754529 0.990688 -0.250203 0 0 0 1 
2318808360141;0.27546;0.028561;0.968944 0.234573 0.0782527 -1.99367 -0.231737 0.971798 -0.0436651 2.18905 -0.0862884 0.024175 0.995977 0.168618 0 0 0 1 
2318808360142;0.19755;0.0336534;0.993096 -0.105013 0.0522813 0.901506 0.104404 0.994433 0.0142482 -0.609362 -0.0534865 -0.00869138 0.998531 0.193509 0 0 0 1 
2318808360143;0.359468;0.0265818;0.970876 -0.0798115 -0.225896 1.14014 0.0875626 0.995858 0.0244873 -0.727243 0.223006 -0.0435542 0.973844 -0.651292 0 0 0 1 
2318808360144;0.260225;0.0252647;0.981156 -0.186979 0.0486981 1.69509 0.191381 0.97512 -0.111865 -0.997827 -0.0265701 0.119077 0.992529 -1.25818 0 0 0 1 
2318808360145;0.465801;0.0193338;0.908202 -0.233859 0.347101 2.66354 0.247604 0.968849 0.00489627 -1.54464 -0.337433 0.0814968 0.937815 2.48001 0 0 0 1 
2318808360146;0.208847;0.0308339;0.983372 -0.181577 0.0029416 1.86114 0.177372 0.956871 -0.230081 -0.59703 0.0389626 0.226777 0.973167 -2.61623 0 0 0 1 
2318808360147;0.522631;0.0220831;0.949115 0.251517 0.189528 -2.69419 -0.222884 0.961627 -0.159988 2.44888 -0.222495 0.109604 0.968753 -0.0854053 0 0 0 1 
2318808360148;0.348601;0.0221761;0.961667 0.19376 0.194044 -1.94015 -0.224054 0.963177 0.148628 2.00832 -0.158101 -0.186407 0.969668 3.56885 0 0 0 1 
2318808360149;0.220362;0.023283;0.987489 0.155397 -0.0267858 -1.49805 -0.155906 0.987606 -0.0180847 1.37964 0.0236435 0.0220345 0.999478 -0.71779 0 0 0 1 
2318808360150;0.310305;0.0180459;0.998001 0.0577931 0.0255688 -0.884973 -0.0594065 0.99594 0.0676354 0.458057 -0.0215562 -0.0690192 0.997382 0.336082 0 0 0 1 
2318808360151;0.0639999;0.0240893;0.999337 0.0133814 -0.0338689 -0.0908767 -0.0117738 0.998815 0.047227 0.0520905 0.0344607 -0.0467969 0.99831 0.265661 0 0 0 1 
2318808360152;0.508923;0.0219197;0.975651 0.219188 -0.00781964 -1.24718 -0.219185 0.975683 0.00122702 1.97187 0.00789843 0.000516799 0.999969 0.496256 0 0 0 1 
2318808360153;0.520442;0.0249082;0.930178 0.36708 -0.00464674 -3.31053 -0.364577 0.925171 0.105554 3.31566 0.0430457 -0.0964896 0.994403 1.36847 0 0 0 1 
2318808360155;0.242296;0.0370763;0.968278 0.000809874 0.249873 0.151666 0.0452073 0.982925 -0.178368 -0.0360219 -0.245751 0.184006 0.951708 0.0383034 0 0 0 1 
2318808360156;0.545461;0.0547423;0.958086 -0.243777 0.150476 2.43063 0.227686 0.966743 0.116476 -1.97575 -0.173866 -0.0773332 0.981728 1.18793 0 0 0 1 
2318808360157;0.417219;0.0449849;0.95628 -0.219886 -0.19282 2.52186 0.168299 0.952964 -0.252062 -0.05871 0.239176 0.20859 0.948307 -3.44064 0 0 0 1 
2318808360158;0.428586;0.101155;0.909475 0.214766 -0.355993 -0.812953 -0.240629 0.97017 -0.0294578 2.11653 0.339047 0.112453 0.934024 -3.31836 0 0 0 1 
2318808360159;0.360686;0.0334051;0.94828 -0.169664 0.268289 1.7932 0.256736 0.906979 -0.33388 -0.572184 -0.186685 0.385492 0.903629 -2.18133 0 0 0 1 
2318808360160;0.334724;0.0254427;0.929149 0.0539428 0.36575 -0.557097 -0.0295442 0.996968 -0.0719846 0.322371 -0.368524 0.0560786 0.927925 2.32361 0 0 0 1 
2318808360161;0.319806;0.278929;0.991514 0.0752129 0.106033 -0.882526 -0.078182 0.996647 0.0241227 0.156031 -0.103863 -0.0322079 0.99407 1.01954 0 0 0 1 
2318808360162;0.00881013;0.0330877;0.999969 -0.0042872 0.00658288 -0.0100293 0.00426494 0.999985 0.00339227 -0.0774746 -0.00659733 -0.00336409 0.999973 0.0919565 0 0 0 1 
2318808360163;0.15049;0.0288873;0.995905 0.0902345 0.0054972 -0.947238 -0.0901963 0.9959 -0.00684271 0.509644 -0.00609211 0.00631887 0.999961 0.138625 0 0 0 1 
2318808360164;0.34564;0.337319;0.999648 0.0263584 0.00302837 -0.335202 -0.0262032 0.998724 -0.0431816 0.159556 -0.0041627 0.0430871 0.999063 -0.306268 0 0 0 1 
2318808360165;0.629483;0.028094;0.9294 -0.156077 0.334449 0.864548 0.196846 0.976158 -0.0914729 -1.78391 -0.312198 0.15085 0.937964 0.586333 0 0 0 1 
2318808360166;0.356263;0.0386203;0.99778 0.057803 -0.0330761 -0.128411 -0.0598199 0.996179 -0.0636394 0.220027 0.0292711 0.0654767 0.997425 -0.339586 0 0 0 1 
2318808360167;0.348773;0.0355736;0.977464 -0.0407816 0.207125 0.183831 0.117264 0.920755 -0.372102 0.386667 -0.175536 0.388005 0.904787 -2.17354 0 0 0 1 
2318808360168;0.491205;0.0685479;0.971118 -0.112657 -0.210328 0.994724 0.140537 0.982448 0.122656 -0.733258 0.192819 -0.148673 0.969906 0.716978 0 0 0 1 
2318808360169;0.364685;0.056192;0.999792 -0.0183732 -0.0089087 0.246259 0.0182128 0.999676 -0.0177713 0.253996 0.00923233 0.0176053 0.999802 -0.778092 0 0 0 1 
2318808360170;0.293853;0.0304943;0.998909 0.0269303 0.0381636 -0.547093 -0.0268078 0.999634 -0.00371555 0.11016 -0.0382497 0.00268841 0.999265 -0.282762 0 0 0 1 
2318808360171;0.404455;0.0313511;0.995132 0.0507729 0.0844697 -0.972329 -0.0699947 0.96748 0.243071 0.0230431 -0.0693813 -0.247801 0.966324 2.61551 0 0 0 1 
2318808360172;0.214721;0.0409952;0.988429 -0.033563 0.147924 0.222541 0.0192545 0.995086 0.0971199 -0.202337 -0.150457 -0.093148 0.984219 2.3707 0 0 0 1 
2318808360173;0.439959;0.0370225;0.995748 -0.0687036 -0.0613705 1.04893 0.0485224 0.957432 -0.284551 0.839029 0.0783078 0.280363 0.956695 -3.478 0 0 0 1 
2318808360174;0.284722;0.0307618;0.981951 -0.131084 0.136342 1.30103 0.159379 0.961624 -0.223332 -0.963536 -0.101834 0.241031 0.96516 -1.70351 0 0 0 1 
2318808360175;0.207536;0.0402738;0.997692 -0.0539035 -0.0412997 0.455125 0.0524866 0.99802 -0.0346579 -0.731427 0.0430861 0.0324103 0.998546 -0.742726 0 0 0 1 
2318808360176;0.417626;0.0731394;0.970444 -0.17652 -0.164555 1.63114 0.215168 0.941663 0.258794 -1.36075 0.109273 -0.286552 0.951813 1.31396 0 0 0 1 
2318808360177;0.414555;0.0529788;0.956912 -0.061828 -0.283719 1.46229 0.0287801 0.992452 -0.119207 0.114522 0.288948 0.105905 0.951469 -2.60559 0 0 0 1 
2318808360178;0.192544;0.0476992;0.993873 -0.108477 0.0211825 0.888575 0.108301 0.994075 0.00928764 -0.730139 -0.0220645 -0.00693664 0.999732 -0.0852218 0 0 0 1 
2318808360179;0.369856;0.0599598;0.952485 0.293424 0.0817013 -2.45838 -0.2872 0.954532 -0.0799095 2.63948 -0.101434 0.052648 0.993448 0.773024 0 0 0 1 
2318808360180;0.269585;0.0422609;0.999785 0.00574495 0.0199096 -0.133588 -0.00591694 0.999946 0.00859068 0.0550994 -0.0198592 -0.00870664 0.999765 0.769307 0 0 0 1 
2318808360181;0.159003;0.0394384;0.99904 -0.0436397 0.00392427 0.206938 0.0436045 0.999011 0.00865156 -0.348543 -0.00429794 -0.00847214 0.999955 0.378982 0 0 0 1 
2318808360182;0.250033;0.0419775;0.990857 0.133299 -0.0208414 -1.54018 -0.128181 0.978285 0.162875 0.811227 0.0420999 -0.158715 0.986426 1.24638 0 0 0 1 
2318808360183;0.583654;0.0687166;0.943339 -0.320403 -0.0863385 3.64028 0.324244 0.945343 0.0345257 -1.86678 0.0705574 -0.0605642 0.995667 -0.900734 0 0 0 1 
2318808360184;0.254669;0.0522042;0.988631 0.149888 -0.0119685 -1.19425 -0.149576 0.988466 0.0236928 1.21116 0.0153817 -0.0216332 0.999648 0.477186 0 0 0 1 
2318808360186;0.32371;0.0236252;0.927421 -0.01257 -0.373809 0.475443 -0.0195224 0.996446 -0.0819425 0.126432 0.37351 0.0832928 0.923879 -2.5457 0 0 0 1 
2318808360187;0.391738;0.0293728;0.921752 -0.355671 -0.154507 1.45117 0.386033 0.879404 0.278617 -1.82287 0.0367781 -0.31646 0.947893 0.482675 0 0 0 1 
2318808360188;0.250929;0.0307619;0.96312 -0.268868 0.0104729 1.0019 0.260678 0.942016 0.211313 -1.56252 -0.0666808 -0.20079 0.977362 0.889364 0 0 0 1 
2318808360189;0.35413;0.0244632;0.946275 0.238937 -0.217881 0.086551 -0.189307 0.955608 0.225778 1.14452 0.262156 -0.172402 0.949501 -0.662557 0 0 0 1 
2318808360190;0.38404;0.0199331;0.970397 0.0883971 0.224757 -0.575409 -0.0777799 0.995415 -0.0556796 0.576457 -0.228648 0.0365498 0.972823 0.541508 0 0 0 1 
2318808360191;0.142007;0.023147;0.993348 -0.06669 0.0938685 0.330208 0.0639673 0.997448 0.0317244 -0.396617 -0.0957446 -0.0255089 0.995079 0.456713 0 0 0 1 
2318808360192;0.308225;0.0274465;0.997544 -0.0532598 0.0454882 -0.52378 0.0548316 0.997915 -0.0340332 -0.243972 -0.0435807 0.0364438 0.998385 0.183169 0 0 0 1 
2318808360193;0.19468;0.0266822;0.988534 0.0807874 -0.127567 -0.114848 -0.071437 0.994526 0.0762524 0.614172 0.133029 -0.0662651 0.988894 -0.627741 0 0 0 1 
2318808360194;0.35362;0.0225762;0.994032 -0.0397434 0.101593 -0.152024 0.0378539 0.999074 0.0204609 -0.870778 -0.102312 -0.0164931 0.994616 0.264417 0 0 0 1 
2318808360195;0.220312;0.0258493;0.993582 -0.112358 0.0130302 0.363956 0.109944 0.9864 0.122182 -0.659125 -0.0265811 -0.119965 0.992422 0.135122 0 0 0 1 
2318808360196;0.321597;0.024092;0.995195 0.041022 0.0889104 -0.445503 -0.0357437 0.997548 -0.0601673 0.585878 -0.0911606 0.0567001 0.994221 0.948142 0 0 0 1 
2318808360197;0.117422;0.027146;0.999658 -0.0146475 0.0216849 0.213654 0.0140409 0.999513 0.0278655 -0.115341 -0.0220825 -0.0275515 0.999376 0.447566 0 0 0 1 
2318808360198;0.145591;0.0317883;0.995758 -0.0762757 -0.0514677 0.16711 0.0759128 0.997074 -0.00897207 -0.511402 0.0520015 0.00502695 0.998634 -0.528466 0 0 0 1 
2318808360199;0.334769;0.018601;0.999976 -0.00541176 0.00421608 -0.221739 0.00544086 0.999961 -0.00692062 -0.0382204 -0.00417846 0.00694339 0.999967 0.760763 0 0 0 1 
2318808360200;0.307694;0.021046;0.96952 0.243659 -0.025731 -0.305726 -0.241721 0.96836 0.0620439 1.88428 0.0400344 -0.0539331 0.997742 0.0999218 0 0 0 1 
2318808360201;0.28708;0.0261845;0.994378 -0.105549 0.0085145 0.86774 0.105608 0.994384 -0.0068208 -0.528132 -0.00774676 0.00768166 0.99994 0.37362 0 0 0 1 
2318808360202;0.140274;0.0274638;0.991472 0.130235 -0.00479191 -0.239798 -0.130303 0.99129 -0.0191168 0.84692 0.0022605 0.0195782 0.999806 0.122362 0 0 0 1 
2318808360203;0.354364;0.0211538;0.994667 0.0865546 -0.0560808 -0.181842 -0.0759603 0.982629 0.169324 -0.231713 0.0697624 -0.164161 0.983964 0.610146 0 0 0 1 
2318808360204;0.41534;0.0312585;0.905357 -0.0782979 0.417371 0.0260554 0.0216344 0.990083 0.138808 -0.410085 -0.4241 -0.116642 0.898072 2.69526 0 0 0 1 
2318808360205;0.260883;0.0222788;0.98851 -0.136863 -0.0641648 0.364855 0.133544 0.9896 -0.053467 -1.10148 0.0708152 0.0442838 0.996506 -0.195519 0 0 0 1 
2318808360206;0.381649;0.0285616;0.901658 -0.310461 0.301043 0.957241 0.340778 0.938669 -0.0526347 -1.74477 -0.266239 0.150047 0.952157 1.2458 0 0 0 1 
2318808360207;0.376035;0.0230415;0.905776 0.295012 0.304201 -0.76333 -0.277327 0.955468 -0.100847 1.93137 -0.320405 0.00698161 0.947255 1.99447 0 0 0 1 
2318808360208;0.370049;0.0258606;0.994118 0.00355012 0.108244 -0.329853 -0.0135211 0.995711 0.0915212 -0.0701117 -0.107455 -0.0924464 0.989903 1.69184 0 0 0 1 
2318808360209;0.193142;0.0212125;0.975735 0.192817 -0.10374 -0.191827 -0.19224 0.981223 0.0156304 1.13233 0.104806 0.00469185 0.994482 -0.537177 0 0 0 1 
2318808360210;0.416709;0.0270846;0.94748 -0.286521 0.14208 1.01502 0.205981 0.886556 0.414235 -1.63967 -0.244649 -0.363214 0.899012 2.66674 0 0 0 1 
2318808360211;0.229662;0.0258503;0.979138 -0.196355 -0.0522852 0.77986 0.202939 0.95793 0.202945 -1.39001 0.0102363 -0.209322 0.977793 0.551826 0 0 0 1 
2318808360212;0.235303;0.0231241;0.96031 0.278316 0.0185879 -0.676711 -0.277458 0.959949 -0.038922 1.47647 -0.028676 0.0322198 0.999069 0.0944072 0 0 0 1 
2318808360213;0.418371;0.0176519;0.971218 0.237656 0.0159523 -0.819958 -0.23791 0.971146 0.0165628 1.33925 -0.0115558 -0.0198813 0.999736 0.919174 0 0 0 1 
2318808360214;0.104638;0.0225941;0.994366 0.105857 -0.00558557 -0.198466 -0.105581 0.993727 0.0368723 0.518967 0.0094537 -0.0360748 0.999304 -0.00958704 0 0 0 1 
2318808360215;0.379457;0.0199035;0.924823 -0.00719173 -0.380329 1.03744 -0.0877988 0.96879 -0.231814 0.927632 0.370126 0.24778 0.895328 -2.51029 0 0 0 1 
2318808360217;0.475077;0.0523093;0.874165 0.219455 -0.433215 0.132366 -0.263045 0.963846 -0.0425295 1.78072 0.408219 0.151133 0.900287 -3.02274 0 0 0 1 
2318808360218;0.538469;0.0676006;0.942852 -0.329787 -0.0476548 2.6628 0.333138 0.929923 0.155766 -1.81255 -0.00705424 -0.162739 0.986644 1.73467 0 0 0 1 
2318808360219;0.26223;0.057207;0.977795 -0.0664022 -0.198764 0.570257 0.0777011 0.995743 0.0495876 -0.325507 0.194625 -0.0639307 0.978792 -1.15303 0 0 0 1 
2318808360220;0.178884;0.0811432;0.995851 0.069953 0.0581942 -0.451852 -0.0636604 0.992566 -0.103733 0.553178 -0.065018 0.0995978 0.992901 -0.0475412 0 0 0 1 
2318808360221;0.32248;0.0763371;0.929449 -0.306818 0.204906 2.0201 0.29855 0.951756 0.0709089 -1.75293 -0.216777 -0.00473173 0.97621 1.28036 0 0 0 1 
2318808360222;0.547442;0.364886;0.99334 0.10836 -0.0391642 -0.586945 -0.112653 0.984732 -0.132708 0.759188 0.024186 0.136236 0.990381 -0.613671 0 0 0 1 
2318808360223;0.279763;0.0804945;0.942966 0.32817 0.0558565 -1.52918 -0.329898 0.943687 0.0249484 2.26785 -0.0445237 -0.0419524 0.998127 0.293075 0 0 0 1 
2318808360224;0.19078;0.0597352;0.987178 -0.158333 0.0202467 0.99275 0.159347 0.984966 -0.066709 -0.717918 -0.00938 0.0690799 0.997567 -0.54373 0 0 0 1 
2318808360225;0.382191;0.0678911;0.943715 0.330692 -0.00663423 -1.51722 -0.326153 0.927052 -0.184932 2.64008 -0.0550053 0.176687 0.982729 -1.13278 0 0 0 1 
2318808360226;0.232462;0.0739692;0.979302 -0.198744 -0.0383097 1.31499 0.202373 0.964726 0.168373 -1.15751 0.00349519 -0.172641 0.984979 1.1356 0 0 0 1 
2318808360227;0.121258;0.0580282;0.999942 -0.00415924 -0.00989291 0.109992 0.00432338 0.999852 0.0166291 -0.0893815 0.00982229 -0.0166709 0.999813 -0.261455 0 0 0 1 
2318808360228;0.342472;0.310443;0.998908 0.04223 -0.0200109 -0.160195 -0.0432811 0.997527 -0.0553858 0.313656 0.0176225 0.0561914 0.998264 -0.405568 0 0 0 1 
2318808360229;0.411101;0.0752615;0.987835 -0.0116453 0.155069 -0.325902 0.0283721 0.993951 -0.106095 -0.139764 -0.152896 0.109204 0.98219 0.846684 0 0 0 1 
2318808360230;0.270984;0.0652886;0.939407 -0.340587 -0.0389254 2.50072 0.33808 0.939256 -0.0591673 -1.71509 0.0567125 0.0424223 0.997489 -0.769588 0 0 0 1 
2318808360231;0.448163;0.0614078;0.994728 -0.0357747 -0.0961057 -0.24183 -0.00751809 0.909213 -0.416263 0.881077 0.102272 0.414791 0.904151 -3.10725 0 0 0 1 
2318808360232;0.480703;0.0651989;0.992227 -0.109705 -0.0587478 1.03851 0.107528 0.993436 -0.0390287 -0.513855 0.0626438 0.0324083 0.99751 -1.49713 0 0 0 1 
2318808360233;0.538633;0.0802791;0.983277 0.161631 0.0839143 -1.12721 -0.118728 0.918322 -0.377609 2.15075 -0.138093 0.361331 0.922155 -1.31032 0 0 0 1 
2318808360234;0.46577;0.152727;0.997975 -0.0625186 -0.0116958 0.457709 0.0626082 0.99801 0.00746198 0.232912 0.011206 -0.00817913 0.999904 0.00582418 0 0 0 1 
2318808360235;0.501727;0.0503939;0.998125 0.0317177 -0.0523518 -0.0433502 -0.0302918 0.999154 0.0278092 0.0703262 0.0531896 -0.0261712 0.998241 -1.1931 0 0 0 1 
2318808360236;0.219286;0.0601392;0.974386 0.188523 -0.122598 -0.707338 -0.188687 0.981982 0.0103844 1.2824 0.122347 0.0130143 0.992402 -1.13872 0 0 0 1 
2318808360237;0.1427;0.0680385;0.997712 -0.0617817 -0.0274476 0.362223 0.0605789 0.997251 -0.0426803 -0.344664 0.030009 0.0409199 0.998712 -0.684805 0 0 0 1 
2318808360238;0.478527;0.0575205;0.899205 -0.154115 -0.409487 2.2775 0.0602022 0.970589 -0.233094 0.232863 0.433366 0.184947 0.882036 -4.13282 0 0 0 1 
2318808360239;0.07712;0.0474893;0.998391 0.0196411 -0.0531906 -0.026572 -0.0208665 0.999527 -0.0225825 0.121447 0.0527219 0.0236561 0.998329 -0.636482 0 0 0 1 
2318808360240;0.277432;0.0659492;0.970889 0.0370188 0.236653 -0.313 -0.0659137 0.991132 0.115377 0.160731 -0.230283 -0.127617 0.964719 2.35322 0 0 0 1 
2318808360241;0.414755;0.0647316;0.902219 0.190719 -0.386817 0.174739 -0.146447 0.979095 0.141163 0.757107 0.405653 -0.0707118 0.911288 -2.02774 0 0 0 1 
2318808360242;0.207147;0.0564868;0.987161 -0.155569 -0.0362212 1.18186 0.156593 0.987284 0.0273774 -1.27631 0.0315016 -0.0326979 0.998969 0.00434223 0 0 0 1 
2318808360243;0.526989;0.438302;0.997553 -0.0696723 -0.00589761 0.291283 0.069908 0.992156 0.103632 -0.804349 -0.00136894 -0.103791 0.994598 0.262402 0 0 0 1 
2318808360244;0.293823;0.0793678;0.997709 0.0627912 0.0251719 -0.248147 -0.0650279 0.992759 0.101001 0.259806 -0.0186476 -0.102407 0.994568 1.16415 0 0 0 1 
2318808360245;0.161157;0.0594363;0.999012 -0.0436745 -0.00817297 0.341989 0.0435327 0.998911 -0.0167914 -0.415309 0.00889743 0.016419 0.999826 -0.492692 0 0 0 1 
2318808360246;0.48133;0.102259;0.957467 -0.010832 0.288338 0.160792 -0.0480789 0.979336 0.196443 -0.417301 -0.284508 -0.201951 0.937161 2.41805 0 0 0 1 
2318808360248;0.277285;0.107013;0.999893 -0.00265747 0.0144171 0.103057 0.00295759 0.999779 -0.0208361 0.149354 -0.0143585 0.0208765 0.999679 0.523791 0 0 0 1 
2318808360249;0.346523;0.1668;0.96881 0.217962 0.117898 -0.108631 -0.226923 0.971488 0.0686833 0.939665 -0.0995665 -0.0932948 0.990648 0.622224 0 0 0 1 
2318808360250;0.347649;0.110799;0.974751 -0.127043 0.183631 0.111744 0.143814 0.98628 -0.0810478 -1.36539 -0.170815 0.10541 0.979648 1.021 0 0 0 1 
2318808360251;0.136295;0.0830566;0.99943 0.019782 -0.02734 0.0445666 -0.0180652 0.997933 0.0616733 -0.0571601 0.0285035 -0.0611443 0.997722 -0.433444 0 0 0 1 
2318808360252;0.263745;0.227985;0.998665 -0.0504473 -0.011077 0.0884121 0.0504107 0.998722 -0.00355341 -0.415495 0.0112421 0.00299027 0.999932 -0.145322 0 0 0 1 
2318808360253;0.38952;0.249821;0.993374 -0.0990055 0.058358 -0.336645 0.102606 0.992768 -0.0623224 -0.571958 -0.0517657 0.0678973 0.996348 0.0881412 0 0 0 1 
2318808360254;0.304973;0.0785021;0.996822 -0.0762406 0.0230905 0.668413 0.0763349 0.997077 -0.00322906 -0.419346 -0.0227769 0.00498141 0.999728 -0.436116 0 0 0 1 
2318808360255;0.467336;0.260099;0.98987 -0.137542 -0.0352108 0.171719 0.135344 0.989061 -0.058647 -0.802004 0.0428921 0.0532873 0.997658 0.297865 0 0 0 1 
2318808360256;0.501332;0.187268;0.997335 0.0729245 0.00233231 -0.104712 -0.0708942 0.961022 0.267227 -0.567864 0.017246 -0.26668 0.963631 0.0997876 0 0 0 1 
2318808360257;0.448145;0.155743;0.931915 0.32254 0.16584 0.616472 -0.326406 0.94522 -0.00415177 1.21989 -0.158095 -0.0502622 0.986144 0.538315 0 0 0 1 
2318808360258;0.160463;0.103033;0.997861 -0.0471394 -0.0452952 0.28852 0.0468319 0.998872 -0.00782809 -0.380657 0.0456131 0.00569009 0.998943 -0.480869 0 0 0 1 
2318808360259;0.461634;0.16099;0.935908 0.300518 -0.183753 0.0546734 -0.284897 0.952586 0.106836 1.88116 0.207146 -0.0476378 0.977149 -1.12006 0 0 0 1 
2318808360260;0.337574;0.0923258;0.958615 0.270313 -0.0893734 0.274664 -0.283061 0.938589 -0.197298 1.95053 0.0305527 0.214431 0.976261 -0.424829 0 0 0 1 
2318808360261;0.307288;0.0584342;0.995411 0.054559 -0.0786119 0.730645 -0.0652668 0.987883 -0.140812 0.320797 0.0699767 0.145297 0.98691 -0.440043 0 0 0 1 
