#;prob_registration_l1 -r /home/probabilistic_point_clouds_registration/build/tester /home/point_clouds_registration_benchmark/wood_autumn_local.txt /home/point_clouds_registration_benchmark/wood_autumn -s 0.2 -t 0.2 -p 0.3 -r 1000 -m 5 -i 40 
id;initial_error;final_error;transformation
26875431820000;0.498992;0.342176;0.923276 0.380012 0.0561412 0.276507 -0.383865 0.907216 0.172066 1.16118 0.014455 -0.180415 0.983484 -0.341964 0 0 0 1 
26875431820001;0.336145;0.0607775;0.908461 0.33266 -0.253054 0.690496 -0.298008 0.940035 0.165907 0.947575 0.29307 -0.0753078 0.953121 -0.746078 0 0 0 1 
26875431820002;0.60541;0.0678686;0.887189 0.395043 -0.238405 0.915609 -0.390922 0.918024 0.0664307 1.08119 0.245105 0.0342612 0.968891 -1.38542 0 0 0 1 
26875431820003;0.366204;0.053517;0.992861 0.107716 -0.0512304 -0.167535 -0.104873 0.992948 0.0552832 -0.05406 0.056824 -0.0495159 0.997156 -0.513553 0 0 0 1 
26875431820004;0.698046;0.06123;0.95821 -0.28606 0.00198759 0.825345 0.28572 0.957367 0.0425879 -1.19801 -0.0140855 -0.0402402 0.999091 0.454973 0 0 0 1 
26875431820005;0.325213;0.0730923;0.92159 -0.229287 0.313209 -0.399475 0.260462 0.963555 -0.0610081 -0.587055 -0.287805 0.137803 0.947723 1.04658 0 0 0 1 
26875431820006;0.554876;0.0498992;0.999956 0.00687647 0.00643142 -0.278512 -0.00691437 0.999959 0.00588884 0.765515 -0.00639066 -0.00593305 0.999962 0.592395 0 0 0 1 
26875431820007;0.383756;0.0622059;0.989196 -0.0419642 -0.140468 0.176198 0.0988099 0.898665 0.427361 -0.750938 0.1083 -0.436624 0.893102 -0.36352 0 0 0 1 
26875431820008;0.203498;0.0585926;0.966761 0.058099 -0.248994 0.087166 -0.0337163 0.994305 0.101097 0.149535 0.25345 -0.0893414 0.963214 -0.948913 0 0 0 1 
26875431820009;0.180609;0.0508469;0.979804 -0.149239 -0.133085 0.0965686 0.147067 0.988783 -0.0260581 -0.299652 0.135482 0.00595938 0.990762 -0.367048 0 0 0 1 
26875431820010;0.462102;0.0765666;0.962788 -0.130445 -0.236692 0.677509 0.138622 0.990179 0.0181671 -0.647957 0.231998 -0.0503018 0.971415 -0.884867 0 0 0 1 
26875431820011;0.575398;0.0591307;0.908076 0.0578754 0.414787 0.0976388 -0.150051 0.969616 0.19321 0.42282 -0.391002 -0.237689 0.889169 1.90729 0 0 0 1 
26875431820012;0.688058;0.0666256;0.942347 0.325166 -0.0790558 0.280266 -0.27657 0.889778 0.363049 -0.29201 0.188393 -0.320254 0.92841 -0.652175 0 0 0 1 
26875431820013;0.421251;0.0672829;0.943887 -0.330178 0.00768927 -0.33302 0.330087 0.943885 0.0111307 -0.710065 -0.0109329 -0.00796798 0.999908 -0.281534 0 0 0 1 
26875431820014;0.330264;0.0683184;0.954488 -0.28939 0.0721554 -0.469737 0.289473 0.957139 0.00952625 -1.04193 -0.0718195 0.0117944 0.997348 0.223391 0 0 0 1 
26875431820015;0.226693;0.0678983;0.978852 0.20215 0.0313863 0.0376317 -0.192514 0.962147 -0.192902 0.906813 -0.0691934 0.182781 0.980716 0.34441 0 0 0 1 
26875431820016;0.538469;0.0664775;0.898898 -0.00697284 0.438102 0.299443 -0.051322 0.991315 0.12108 0.520084 -0.435142 -0.131323 0.890733 0.870696 0 0 0 1 
26875431820017;0.524419;0.0783757;0.98492 -0.149599 -0.0869012 -0.059162 0.134015 0.977376 -0.163633 -0.311165 0.109415 0.14952 0.982686 0.594829 0 0 0 1 
26875431820018;0.579586;0.0594953;0.979179 0.0478663 -0.197274 0.379043 -0.068753 0.992566 -0.100424 0.0295894 0.191001 0.111896 0.975191 0.374088 0 0 0 1 
26875431820019;0.351798;0.0601793;0.97931 0.0995654 -0.176179 0.235231 -0.100557 0.994926 0.00331559 0.630192 0.175615 0.0144689 0.984353 -0.900758 0 0 0 1 
26875431820020;0.0809749;0.0578358;0.995469 -0.094415 0.0112672 -0.119529 0.0945727 0.995414 -0.0143907 -0.247971 -0.0098568 0.0153911 0.999833 0.0403171 0 0 0 1 
26875431820021;0.644904;0.0601332;0.947569 0.0947801 -0.305173 1.15399 -0.0121156 0.96497 0.26208 0.144255 0.319323 -0.244641 0.915524 -0.621935 0 0 0 1 
26875431820022;0.0317767;0.0461479;0.99926 0.0362607 0.0128288 -0.0283407 -0.0363127 0.999333 0.00385002 0.164297 -0.0126806 -0.00431302 0.99991 0.0958209 0 0 0 1 
26875431820023;0.284901;0.0612396;0.998067 -0.0620587 0.00344141 0.350873 0.0619204 0.997586 0.0314364 -0.225232 -0.005384 -0.0311625 0.9995 0.00643679 0 0 0 1 
26875431820024;0.398113;0.0678049;0.997412 0.0150994 -0.0702883 0.316249 -0.015793 0.999832 -0.00932366 0.538714 0.0701357 0.0104096 0.997483 -0.533526 0 0 0 1 
26875431820025;0.5828;0.0741958;0.901074 -0.420114 -0.107566 0.126643 0.413546 0.907091 -0.0785216 -1.16151 0.13056 0.0262703 0.991092 0.349324 0 0 0 1 
26875431820026;0.630426;0.0714688;0.978338 0.20642 0.0156923 -0.288438 -0.206606 0.978359 0.0112789 0.640811 -0.0130245 -0.0142767 0.999813 0.9708 0 0 0 1 
26875431820027;0.464713;0.0559475;0.993372 0.114693 0.0076157 0.208534 -0.114937 0.991907 0.0539375 0.540565 -0.00136783 -0.0544553 0.998515 0.700645 0 0 0 1 
26875431820028;0.337162;0.0537488;0.999975 -0.00448505 0.00549177 -0.460776 0.00418938 0.998601 0.0527167 -0.275067 -0.00572052 -0.0526924 0.998594 0.289242 0 0 0 1 
26875431820029;0.206492;0.0620513;0.999357 0.0186194 0.0306416 -0.331167 -0.0169644 0.998428 -0.0534118 -0.00343969 -0.0315879 0.0528577 0.998102 0.286198 0 0 0 1 
26875431820031;0.22611;0.0336098;0.967607 0.114627 0.224937 -0.163824 -0.135135 0.987756 0.0779472 0.456856 -0.213248 -0.105819 0.97125 0.901297 0 0 0 1 
26875431820032;0.537519;0.33076;0.982637 -0.144106 -0.116864 0.430632 0.143377 0.98956 -0.0146603 -0.475926 0.117756 -0.00234988 0.99304 -0.593607 0 0 0 1 
26875431820033;0.515263;0.0567923;0.997958 0.0514185 -0.0378911 -0.187713 -0.0402864 0.967075 0.251283 -0.512379 0.0495642 -0.249244 0.967172 -0.973122 0 0 0 1 
26875431820034;0.18246;0.0464502;0.99636 0.0432223 -0.0734797 -0.225803 -0.0427591 0.999054 0.00786591 0.216238 0.0737502 -0.00469535 0.997266 -0.219777 0 0 0 1 
26875431820035;0.31218;0.202773;0.97162 0.0751118 0.224307 0.156511 -0.104703 0.986858 0.123076 -0.0410679 -0.212115 -0.143068 0.966715 1.07398 0 0 0 1 
26875431820036;0.352511;0.111529;0.984279 -0.14697 0.0979473 -0.136118 0.168808 0.945925 -0.277002 -0.26013 -0.0519397 0.289182 0.955864 0.0402758 0 0 0 1 
26875431820037;0.447509;0.0677548;0.998982 -0.0344241 0.0291538 0.185791 0.0344487 0.999406 -0.000343652 -0.49732 -0.0291246 0.00134761 0.999575 -0.660983 0 0 0 1 
26875431820038;0.350569;0.0811518;0.99719 -0.068394 -0.0305586 0.119469 0.0557855 0.950263 -0.306413 0.300024 0.0499956 0.303847 0.951408 -0.65683 0 0 0 1 
26875431820039;0.337073;0.134898;0.979685 -0.133578 0.149582 -0.0113808 0.0948142 0.965769 0.241454 -0.891808 -0.176715 -0.222366 0.958814 1.16661 0 0 0 1 
26875431820040;0.229197;0.0849048;0.996553 -0.0829021 0.00291708 0.121524 0.0818317 0.976707 -0.198361 -0.0450848 0.0135954 0.197916 0.980125 -0.13329 0 0 0 1 
26875431820041;0.10838;0.0395071;0.996642 0.0785666 0.0230679 -0.0532554 -0.0782602 0.996836 -0.013899 0.291077 -0.0240869 0.0120471 0.999637 0.193612 0 0 0 1 
26875431820042;0.455772;0.244394;0.954496 -0.267673 0.131489 0.238229 0.286787 0.944788 -0.158518 -1.31695 -0.0817981 0.189014 0.978562 0.598598 0 0 0 1 
26875431820043;0.274946;0.0325016;0.974583 0.120937 0.188579 -0.154736 -0.142918 0.983864 0.107642 0.349078 -0.172519 -0.131858 0.976141 1.11529 0 0 0 1 
26875431820044;0.287192;0.0617875;0.998257 0.0242809 0.0537896 0.0665676 -0.0233986 0.999582 -0.0169714 0.604265 -0.0541792 0.0156832 0.998408 0.282288 0 0 0 1 
26875431820045;0.572084;0.0978687;0.990181 0.0923436 -0.10495 0.571756 -0.0505505 0.93648 0.347058 -0.559032 0.130332 -0.338345 0.931953 -1.16377 0 0 0 1 
26875431820046;0.148614;0.0506701;0.999315 -0.0368112 0.00388001 0.00309814 0.0353903 0.980902 0.191258 -0.410227 -0.0108463 -0.19099 0.981532 0.0541693 0 0 0 1 
26875431820047;0.191966;0.0315522;0.986621 0.161891 0.0192223 -0.0714506 -0.156427 0.973279 -0.168105 0.91816 -0.0459234 0.162849 0.985582 0.30234 0 0 0 1 
26875431820048;0.552949;0.171047;0.966387 0.235897 0.102218 -0.14799 -0.223826 0.967593 -0.116902 1.12969 -0.126482 0.0900935 0.987869 -0.296894 0 0 0 1 
26875431820049;0.452544;0.274806;0.983727 0.132485 0.121363 -0.127824 -0.12751 0.990679 -0.0479169 0.395463 -0.12658 0.0316622 0.991451 0.689172 0 0 0 1 
26875431820050;0.381287;0.191034;0.988296 0.0876518 0.12485 0.0286676 -0.0918783 0.995362 0.0284954 0.0573914 -0.121773 -0.0396329 0.991766 0.892885 0 0 0 1 
26875431820051;0.357531;0.0757872;0.985754 -0.0249872 -0.166328 0.575542 0.0189841 0.999113 -0.0375846 0.086001 0.16712 0.0338916 0.985354 -0.462913 0 0 0 1 
26875431820052;0.469273;0.0380943;0.968034 0.163497 -0.190206 0.467237 -0.212567 0.937316 -0.27614 1.90623 0.133135 0.307744 0.942109 -0.950802 0 0 0 1 
26875431820053;0.393672;0.0351584;0.990623 0.0435797 0.129485 0.677408 -0.0630634 0.98661 0.15041 0.0377842 -0.121196 -0.157166 0.980107 0.532943 0 0 0 1 
26875431820054;0.384531;0.0887846;0.960125 0.186661 -0.208128 0.518312 -0.137916 0.963804 0.228168 0.375879 0.243185 -0.190366 0.951116 -1.15898 0 0 0 1 
26875431820055;0.28566;0.164767;0.998225 -0.0591326 -0.00706761 0.202696 0.0593084 0.997847 0.0279893 -0.384387 0.00539732 -0.0283588 0.999583 0.147511 0 0 0 1 
26875431820056;0.596591;0.087057;0.942322 -0.180046 0.282156 -0.185133 0.230029 0.960732 -0.155183 -0.771319 -0.243136 0.211136 0.946735 0.212523 0 0 0 1 
26875431820057;0.446113;0.298403;0.981576 -0.157537 0.108123 0.278263 0.160913 0.986696 -0.0231829 -0.658284 -0.103032 0.0401541 0.993867 0.470261 0 0 0 1 
26875431820058;0.224686;0.0641319;0.999976 0.00520028 -0.00467291 -0.12262 -0.00487305 0.997707 0.0675002 -0.0702153 0.00501322 -0.0674758 0.997708 0.316615 0 0 0 1 
26875431820059;0.444316;0.088302;0.961979 -0.0952375 0.255982 -0.466891 0.102356 0.994641 -0.0146 -0.296861 -0.25322 0.0402463 0.966571 0.757439 0 0 0 1 
26875431820060;0.410765;0.0844678;0.987101 0.0593157 0.148705 0.337391 -0.105928 0.938433 0.328822 0.154846 -0.120045 -0.340332 0.932611 1.12798 0 0 0 1 
26875431820062;0.368904;0.0678591;0.951095 0.180109 0.250957 0.564122 -0.231888 0.953028 0.194846 0.48658 -0.204076 -0.243511 0.948185 0.428624 0 0 0 1 
26875431820063;0.231158;0.0776767;0.962008 -0.0671174 -0.264642 0.546657 0.104317 0.986128 0.129108 -0.57617 0.252305 -0.15181 0.955665 -1.02125 0 0 0 1 
26875431820064;0.204838;0.070095;0.996832 -0.00906495 0.0790114 0.185738 -0.00177028 0.990708 0.135998 0.219457 -0.07951 -0.135707 0.987553 0.172832 0 0 0 1 
26875431820065;0.171053;0.0674056;0.997993 0.0557145 0.0301117 0.0352969 -0.0546464 0.997885 -0.0352025 -0.0419522 -0.0320093 0.0334863 0.998926 0.057656 0 0 0 1 
26875431820066;0.341828;0.0596745;0.888204 0.45633 -0.0534406 0.980098 -0.454004 0.889575 0.0503617 1.82027 0.070521 -0.0204692 0.9973 -0.277426 0 0 0 1 
26875431820067;0.359104;0.0742407;0.999875 0.0129848 -0.00907304 -0.0760681 -0.012929 0.999897 0.00617479 0.317737 0.00915228 -0.00605671 0.99994 0.646768 0 0 0 1 
26875431820068;0.231956;0.0673932;0.999656 -0.0231854 0.0122984 0.170688 0.0230941 0.999705 0.00752009 -0.134038 -0.0124691 -0.00723348 0.999896 0.572889 0 0 0 1 
26875431820069;0.168442;0.0848357;0.985482 -0.142679 0.0920196 0.231624 0.145534 0.989036 -0.0250629 -0.705635 -0.0874347 0.0380911 0.995442 0.542147 0 0 0 1 
26875431820070;0.120851;0.0618088;0.989393 0.127909 -0.0688583 0.3368 -0.123644 0.990324 0.0630093 0.431524 0.0762515 -0.0538271 0.995635 -0.349757 0 0 0 1 
26875431820071;0.559761;0.0702365;0.942179 -0.334148 0.0253931 1.12604 0.333942 0.942516 0.01206 -1.27775 -0.0279632 -0.00288282 0.999605 0.463123 0 0 0 1 
26875431820072;0.11141;0.0771677;0.998675 -0.0498735 0.0126528 -0.0108196 0.0504802 0.997301 -0.0533074 -0.325301 -0.00996005 0.0538755 0.998498 0.0472225 0 0 0 1 
26875431820073;0.298534;0.0712199;0.954678 -0.297541 0.00764872 0.379098 0.29748 0.954693 0.00821474 -1.48933 -0.0097464 -0.00556709 0.999937 0.220082 0 0 0 1 
26875431820074;0.511902;0.0758357;0.949333 -0.229692 -0.214496 0.94902 0.181012 0.957568 -0.224271 -0.646922 0.256908 0.174082 0.950628 -1.6204 0 0 0 1 
26875431820075;0.368729;0.0925161;0.93755 -0.232856 0.258416 -0.0206733 0.152371 0.942742 0.296681 -1.14751 -0.312704 -0.238778 0.919348 1.51168 0 0 0 1 
26875431820076;0.104083;0.068415;0.999634 -0.0249554 -0.0104763 0.110433 0.0241008 0.996891 -0.0750122 0.0535876 0.0123157 0.0747322 0.997128 0.073904 0 0 0 1 
26875431820077;0.334061;0.0705655;0.959937 0.277399 -0.0396394 0.573823 -0.273848 0.958673 0.077158 1.23165 0.0594048 -0.0632116 0.996231 -0.728933 0 0 0 1 
26875431820078;0.46154;0.0653914;0.964988 0.259805 0.0360594 -0.121939 -0.251006 0.954586 -0.160507 1.5184 -0.0761222 0.145836 0.986376 -0.035721 0 0 0 1 
26875431820079;0.388175;0.0918733;0.882859 -0.205065 0.422503 -0.0526663 0.123654 0.96939 0.212114 -0.862682 -0.453068 -0.135023 0.881191 1.78495 0 0 0 1 
26875431820080;0.446652;0.0700061;0.969925 0.241284 0.0320675 0.319066 -0.240441 0.97026 -0.0280025 1.13965 -0.0378703 0.01945 0.999093 -0.614726 0 0 0 1 
26875431820081;0.390076;0.0630911;0.91769 0.397222 0.00773909 0.807435 -0.38509 0.894116 -0.228608 1.95532 -0.0977277 0.206811 0.973488 0.752844 0 0 0 1 
26875431820082;0.269988;0.067076;0.992614 0.120953 -0.00933077 -0.00310541 -0.11816 0.981373 0.151479 0.0524159 0.0274789 -0.149258 0.988416 -0.272145 0 0 0 1 
26875431820083;0.397996;0.0828288;0.91949 -0.31784 0.231333 0.594621 0.315556 0.9477 0.0478374 -1.51102 -0.234439 0.0290125 0.971698 1.4235 0 0 0 1 
26875431820084;0.431462;0.0611808;0.985329 0.0967432 -0.140595 0.517388 -0.137696 0.937349 -0.320026 0.944053 0.100826 0.33469 0.936919 0.486534 0 0 0 1 
26875431820085;0.0561572;0.0618901;0.999205 -0.0375515 0.0133533 0.0223016 0.0375726 0.999293 -0.0013286 -0.161554 -0.0132939 0.00182926 0.99991 0.131997 0 0 0 1 
26875431820086;0.263745;0.0701753;0.973497 0.221478 0.0570149 0.459233 -0.22379 0.9739 0.0379092 0.564317 -0.0471307 -0.0496639 0.997653 -0.00356472 0 0 0 1 
26875431820087;0.254275;0.0722582;0.974602 -0.0907861 -0.204714 0.447851 0.128238 0.97567 0.177826 -0.804716 0.18359 -0.199562 0.962533 -1.10922 0 0 0 1 
26875431820088;0.2679;0.0780163;0.967795 0.2517 -0.00439014 0.596059 -0.251726 0.967429 -0.0267428 1.22753 -0.00248401 0.0269867 0.999633 -0.215916 0 0 0 1 
26875431820089;0.093436;0.0687953;0.999423 0.0328548 -0.00861914 0.18787 -0.0331949 0.998531 -0.0428287 0.30221 0.00719935 0.0430901 0.999045 0.0678937 0 0 0 1 
26875431820090;0.279476;0.0587119;0.999149 0.0375275 0.0171354 0.298768 -0.0370909 0.998996 -0.0251225 -0.254909 -0.018061 0.0244656 0.999538 0.502136 0 0 0 1 
26875431820091;0.394578;0.0605219;0.993076 0.115247 0.0227825 0.33053 -0.115361 0.993316 0.00378499 0.442582 -0.022194 -0.006387 0.999733 -0.702803 0 0 0 1 
26875431820093;0.345934;0.0303879;0.935448 -0.3127 -0.164791 2.61167 0.305819 0.949781 -0.0662575 -1.15123 0.177234 0.0115842 0.984101 -0.562771 0 0 0 1 
26875431820094;0.529735;0.0214219;0.938214 0.282178 0.200326 -2.54605 -0.268648 0.9588 -0.0923643 1.89709 -0.218136 0.0328401 0.975366 0.709194 0 0 0 1 
26875431820095;0.39088;0.024282;0.964125 -0.015428 -0.265 0.354499 0.00963695 0.999686 -0.0231393 -0.16101 0.265273 0.0197554 0.963971 -0.742018 0 0 0 1 
26875431820096;0.29099;0.0234284;0.97083 0.159606 -0.178928 -0.505157 -0.195383 0.959164 -0.204524 1.24388 0.138978 0.233517 0.962369 -2.20302 0 0 0 1 
26875431820097;0.411668;0.0413192;0.958901 0.280499 0.0427598 -1.80393 -0.280138 0.959853 -0.0143297 2.36705 -0.0450626 0.0017621 0.998983 0.229133 0 0 0 1 
26875431820098;0.305728;0.0256896;0.962182 -0.200003 0.184944 0.990683 0.209184 0.977374 -0.0313376 -0.899507 -0.174492 0.0688399 0.982249 0.297532 0 0 0 1 
26875431820099;0.324227;0.0258569;0.907097 -0.420768 0.0113703 3.2789 0.419526 0.905957 0.0569251 -1.65588 -0.0342533 -0.0468665 0.998314 0.467454 0 0 0 1 
26875431820100;0.476247;0.031978;0.972848 -0.23123 -0.009928 1.92259 0.23137 0.972724 0.0166057 -0.503294 0.00581747 -0.0184519 0.999813 -0.489562 0 0 0 1 
26875431820101;0.325622;0.0222879;0.952017 0.257001 0.166173 -1.78933 -0.191304 0.923548 -0.332357 1.8064 -0.238885 0.28462 0.928399 -0.612172 0 0 0 1 
26875431820102;0.315339;0.0234958;0.974524 0.223734 0.0156689 -1.23159 -0.218017 0.961386 -0.167945 1.25599 -0.0526389 0.16025 0.985672 -1.13623 0 0 0 1 
26875431820103;0.395286;0.0251025;0.996661 -0.0799783 0.016471 0.330511 0.0801333 0.996744 -0.0089757 -0.320404 -0.0156995 0.0102656 0.999824 -0.703489 0 0 0 1 
26875431820104;0.491587;0.0360306;0.99873 0.0391916 0.0316737 0.402937 -0.0372687 0.997552 -0.0591739 0.591936 -0.0339153 0.0579183 0.997745 -0.746097 0 0 0 1 
26875431820105;0.296198;0.020242;0.98971 -0.0374258 0.138105 0.179218 0.0784272 0.949177 -0.304815 0.25136 -0.119678 0.31251 0.942345 -0.955412 0 0 0 1 
26875431820106;0.351999;0.0226216;0.953711 -0.290344 -0.0783251 1.97392 0.295953 0.952396 0.0731686 -1.67649 0.0533525 -0.0929623 0.994239 0.495731 0 0 0 1 
26875431820107;0.398745;0.0294809;0.892327 0.450278 -0.0316659 -2.42285 -0.447353 0.872807 -0.195149 3.47368 -0.0602331 0.188303 0.980262 -0.83304 0 0 0 1 
26875431820108;0.476963;0.0404005;0.963627 0.25344 0.0847976 -1.71784 -0.258933 0.963935 0.0614999 2.28769 -0.0661528 -0.0812198 0.994498 1.16606 0 0 0 1 
26875431820109;0.419848;0.336174;0.996676 -0.0784932 -0.0218051 0.685936 0.0796711 0.995027 0.0597747 -0.429572 0.0170048 -0.0613132 0.997974 0.539732 0 0 0 1 
26875431820110;0.205033;0.0331072;0.99538 0.0162897 0.0946193 -0.0128274 -0.00866278 0.99672 -0.0804647 0.400189 -0.0956197 0.0792733 0.992256 -0.100915 0 0 0 1 
26875431820111;0.333895;0.0287713;0.986474 -0.163016 0.01715 1.29887 0.163391 0.986285 -0.0233691 -0.586046 -0.0131052 0.0258552 0.99958 0.484337 0 0 0 1 
26875431820112;0.392948;0.0184899;0.874468 -0.448663 -0.18441 3.54236 0.4562 0.889876 -0.00174679 -1.72776 0.164885 -0.0826001 0.982848 -0.205802 0 0 0 1 
26875431820113;0.35267;0.0178128;0.941353 -0.162292 0.295833 0.887408 0.240265 0.937969 -0.249972 -0.400414 -0.236914 0.30639 0.921953 -0.706462 0 0 0 1 
26875431820114;0.433722;0.343903;0.992942 -0.0810266 0.0866052 0.568552 0.0813122 0.996689 0.000230687 -0.118128 -0.0863371 0.006813 0.996243 0.400483 0 0 0 1 
26875431820115;0.334392;0.0343633;0.972891 -0.225404 0.0517288 1.929 0.197188 0.925389 0.323687 -0.865084 -0.120829 -0.304711 0.944749 2.57588 0 0 0 1 
26875431820116;0.39563;0.0197231;0.951907 -0.251637 0.174794 2.37742 0.258942 0.965687 -0.0199427 -1.30906 -0.163778 0.064245 0.984403 0.544447 0 0 0 1 
26875431820117;0.505945;0.0234002;0.967322 0.253508 0.0046584 -2.16862 -0.252933 0.966085 -0.0520065 0.913568 -0.0176845 0.0491288 0.998636 -0.423585 0 0 0 1 
26875431820118;0.542637;0.0314758;0.907914 0.189642 0.373802 -1.01477 -0.278493 0.939422 0.199821 0.821081 -0.313263 -0.285521 0.905728 3.39049 0 0 0 1 
26875431820119;0.33961;0.0241631;0.959948 -0.054434 -0.274839 0.956442 -0.00942964 0.974113 -0.225866 0.0761519 0.280019 0.219411 0.934584 -2.54884 0 0 0 1 
26875431820120;0.431883;0.0368504;0.989148 0.129368 -0.0696463 -0.131285 -0.0941847 0.922139 0.375218 0.403913 0.112765 -0.364586 0.924317 1.98096 0 0 0 1 
26875431820121;0.296141;0.0215717;0.935532 -0.351332 -0.036681 2.72674 0.350171 0.936048 -0.0345555 -1.37404 0.0464756 0.0194832 0.998729 -0.51437 0 0 0 1 
26875431820122;0.699318;0.0219247;0.897808 0.0502036 0.437515 -1.13597 -0.0836401 0.994837 0.0574801 -0.120859 -0.432371 -0.0881999 0.897372 3.33638 0 0 0 1 
26875431820124;0.463953;0.0686262;0.983384 0.0653281 -0.169377 -0.122761 -0.0958879 0.979155 -0.179058 1.05939 0.154149 0.192324 0.969149 -3.16506 0 0 0 1 
26875431820125;0.172503;0.0703525;0.976279 0.214504 -0.0294513 -1.81154 -0.213705 0.976495 0.0280475 1.21167 0.0347754 -0.0210883 0.999173 0.0307969 0 0 0 1 
26875431820126;0.469661;0.0750431;0.999733 -0.0227155 -0.00430644 -0.323693 0.0224503 0.998291 -0.0539571 0.291549 0.00552474 0.053846 0.998534 0.109396 0 0 0 1 
26875431820127;0.198437;0.0897787;0.99605 -0.0886147 -0.0056653 0.697119 0.0885968 0.996062 -0.00332932 -0.22998 0.00593802 0.00281424 0.999978 -0.0603919 0 0 0 1 
26875431820128;0.38452;0.079055;0.947319 -0.320274 0.00324405 3.19495 0.320286 0.947312 -0.00422829 -1.02728 -0.00171892 0.00504456 0.999986 -0.435102 0 0 0 1 
26875431820129;0.474436;0.0799667;0.933729 -0.34672 0.0890812 3.49864 0.355436 0.927547 -0.115417 -1.29238 -0.0426095 0.139431 0.989315 -1.64732 0 0 0 1 
26875431820130;0.313572;0.0615256;0.993372 -0.114576 -0.00922009 0.938642 0.114272 0.993039 -0.028539 -0.674245 0.0124258 0.0272963 0.99955 -0.865247 0 0 0 1 
26875431820131;0.549583;0.0504692;0.993593 0.110208 -0.0250289 -1.53994 -0.106803 0.988075 0.110905 0.306987 0.0369532 -0.107522 0.993516 1.54812 0 0 0 1 
26875431820132;0.557397;0.0949112;0.903041 0.428252 -0.0334067 -2.76221 -0.426684 0.885317 -0.184809 3.66669 -0.0495694 0.181144 0.982206 -0.907438 0 0 0 1 
26875431820133;0.523064;0.106701;0.984097 -0.0645244 0.165497 0.432518 0.00351022 0.938573 0.345062 0.293749 -0.177596 -0.338993 0.923874 4.85971 0 0 0 1 
26875431820134;0.28355;0.0773406;0.982975 0.178561 0.0433012 -1.80338 -0.178621 0.983915 -0.00252859 1.20532 -0.0430562 -0.00524896 0.999059 0.0435464 0 0 0 1 
26875431820135;0.398345;0.0536326;0.980594 -0.0565822 -0.187708 0.554437 0.0845691 0.985867 0.144615 -0.667915 0.176872 -0.157683 0.971521 1.09814 0 0 0 1 
26875431820136;0.188337;0.0733635;0.997479 0.0560195 0.0435621 -0.698721 -0.0552995 0.998315 -0.017562 0.489682 -0.0444726 0.0151088 0.998896 0.120231 0 0 0 1 
26875431820137;0.314888;0.0657717;0.935463 -0.0305835 0.352099 0.0101665 0.0551296 0.996681 -0.059897 -0.340039 -0.349099 0.0754425 0.934044 1.34091 0 0 0 1 
26875431820138;0.521003;0.0279381;0.999967 0.00660679 0.00464834 -0.391168 -0.0065767 0.999958 -0.00645719 -0.427062 -0.0046908 0.00642641 0.999968 0.769657 0 0 0 1 
26875431820139;0.534563;0.0317935;0.960879 -0.223597 -0.163451 3.03966 0.202114 0.969566 -0.138175 -1.23503 0.189372 0.0997333 0.976827 -1.748 0 0 0 1 
26875431820140;0.635129;0.0789844;0.934179 0.110959 -0.339113 0.412741 -0.105821 0.993815 0.0336672 1.09546 0.340752 0.00443421 0.940143 -1.58926 0 0 0 1 
26875431820141;0.451247;0.0875871;0.935047 -0.352831 -0.0345871 3.41965 0.349559 0.901291 0.255897 -1.70495 -0.0591153 -0.251366 0.966085 3.02767 0 0 0 1 
26875431820142;0.45211;0.0575106;0.968035 0.0430433 -0.247096 -0.576786 -0.0680354 0.993291 -0.0935109 0.648305 0.241413 0.107333 0.964468 -1.74236 0 0 0 1 
26875431820143;0.371493;0.0651305;0.929343 0.0334004 0.367704 -0.572061 -0.122682 0.96725 0.222209 0.493545 -0.34824 -0.251619 0.903004 4.26235 0 0 0 1 
26875431820144;0.382734;0.070969;0.973223 0.00600877 0.229784 -0.20129 0.0740623 0.93815 -0.338214 0.774106 -0.217604 0.346176 0.912584 -1.89415 0 0 0 1 
26875431820145;0.502979;0.0927592;0.972227 0.227195 0.0561859 -2.21781 -0.225576 0.973641 -0.0337396 1.85514 -0.0623704 0.0201284 0.99785 -0.424794 0 0 0 1 
26875431820146;0.275674;0.101065;0.961035 0.274927 0.0287566 -2.10154 -0.276341 0.958121 0.0750949 1.7211 -0.00690667 -0.0801155 0.996762 0.604852 0 0 0 1 
26875431820147;0.238197;0.0604807;0.992272 0.0345091 -0.119189 0.0305764 -0.0484035 0.992102 -0.115722 0.56155 0.114254 0.120597 0.986105 -1.49029 0 0 0 1 
26875431820148;0.24302;0.0517468;0.983958 -0.140381 0.110086 1.0582 0.15799 0.9723 -0.172255 -0.766837 -0.0828551 0.186884 0.978882 -1.38589 0 0 0 1 
26875431820149;0.23664;0.0755768;0.939637 -0.333356 0.0771757 3.08841 0.338831 0.93793 -0.0740375 -1.33824 -0.0477045 0.0957179 0.994265 -0.592596 0 0 0 1 
26875431820150;0.324251;0.0475185;0.983237 -0.179383 -0.0326535 1.6849 0.175271 0.979238 -0.10185 -0.890717 0.0502457 0.0944192 0.994264 -0.583425 0 0 0 1 
26875431820151;0.348638;0.0779242;0.956807 -0.19467 -0.215928 2.22598 0.243889 0.941718 0.2317 -1.36248 0.158238 -0.274355 0.94852 1.81303 0 0 0 1 
26875431820152;0.39459;0.0705115;0.992952 -0.093586 0.0727195 0.511792 0.0978383 0.993552 -0.057292 -0.354965 -0.0668889 0.064003 0.995706 -0.866493 0 0 0 1 
26875431820153;0.461448;0.0769872;0.96626 0.254721 -0.0381849 -1.93894 -0.252981 0.96642 0.0450931 1.41078 0.0483888 -0.0339116 0.998253 -0.659619 0 0 0 1 
26875431820155;0.281618;0.0344931;0.996243 0.0587693 -0.0636063 0.463708 -0.0593366 0.998213 -0.00706529 0.156076 0.0630774 0.0108129 0.99795 -0.0831757 0 0 0 1 
26875431820156;0.544215;0.0462782;0.977699 0.205116 -0.0450727 -0.0695905 -0.204019 0.978573 0.0277742 0.24743 0.0498039 -0.0179592 0.998598 0.671303 0 0 0 1 
26875431820157;0.2633;0.0536625;0.985082 -0.171362 -0.0157558 0.0863183 0.162525 0.956543 -0.242099 -0.0120338 0.0565576 0.235926 0.970124 -0.130819 0 0 0 1 
26875431820158;0.308459;0.335333;0.977586 0.210453 0.00592471 -0.141936 -0.210427 0.977598 -0.0047678 0.983905 -0.00679539 0.00341422 0.999971 0.191689 0 0 0 1 
26875431820159;0.600497;0.0619167;0.997308 0.0696126 0.0230601 0.745818 -0.0659817 0.989041 -0.132077 0.153165 -0.0320016 0.130199 0.990971 0.565465 0 0 0 1 
26875431820160;0.450407;0.0329438;0.908321 -0.199712 0.367517 -0.176191 0.270523 0.950636 -0.152016 -0.168308 -0.319015 0.237501 0.917509 0.742587 0 0 0 1 
26875431820161;0.500041;0.0509475;0.977801 -0.204456 -0.0458544 -0.277125 0.202807 0.978474 -0.0381821 -0.475501 0.0526739 0.028035 0.998218 0.477755 0 0 0 1 
26875431820162;0.266888;0.0416986;0.978081 0.155236 0.138778 -0.121053 -0.127677 0.973599 -0.189218 0.21289 -0.164488 0.167351 0.972079 0.521181 0 0 0 1 
26875431820163;0.112835;0.0350263;0.994004 0.0131822 0.108546 -0.0193127 -0.0180808 0.998856 0.0442694 0.0942882 -0.107839 -0.0459666 0.993105 0.368523 0 0 0 1 
26875431820164;0.259006;0.0475994;0.986751 -0.160674 -0.0225093 0.0333479 0.161269 0.986521 0.0277283 -0.542246 0.0177507 -0.030991 0.999362 -0.243927 0 0 0 1 
26875431820165;0.440579;0.0644692;0.920049 0.391802 0.000962051 0.0872176 -0.381142 0.894444 0.233883 0.620432 0.0907752 -0.21555 0.972264 -0.444265 0 0 0 1 
26875431820166;0.350624;0.0606575;0.947519 -0.277937 -0.157982 0.020994 0.257605 0.956406 -0.137577 -0.506355 0.189333 0.0896602 0.977811 -0.624039 0 0 0 1 
26875431820167;0.350308;0.0324623;0.981884 -0.177815 0.0654591 0.408617 0.186604 0.96741 -0.171164 -0.0705866 -0.0328903 0.180278 0.983066 0.0302531 0 0 0 1 
26875431820168;0.226339;0.0667415;0.983494 -0.0439029 -0.175534 0.345354 0.0358526 0.998166 -0.0487745 -0.145133 0.177354 0.0416761 0.983264 -0.432695 0 0 0 1 
26875431820169;0.436398;0.034167;0.999174 -0.0377615 -0.0149908 0.229331 0.0378147 0.999279 0.00328446 0.297384 0.0148559 -0.00384862 0.999882 0.530163 0 0 0 1 
26875431820170;0.561995;0.0518421;0.977923 0.0431314 0.204465 -0.46492 -0.0282384 0.996768 -0.0752057 -0.377538 -0.207048 0.0677716 0.975981 -0.0131788 0 0 0 1 
26875431820171;0.275385;0.0310975;0.996824 0.0788317 0.0112919 -0.0647753 -0.0790216 0.996719 0.0174952 0.211389 -0.00987567 -0.0183319 0.999783 0.461343 0 0 0 1 
26875431820172;0.126727;0.0499776;0.999944 0.00895983 0.00559932 -0.013446 -0.00844627 0.996273 -0.0858386 0.125976 -0.00634755 0.0857865 0.996293 0.17004 0 0 0 1 
26875431820173;0.248339;0.0390991;0.990733 -0.0886493 0.102909 -0.119756 0.0847809 0.99554 0.0413836 0.120704 -0.106119 -0.0322754 0.99383 0.357005 0 0 0 1 
26875431820174;0.442063;0.0337604;0.924763 -0.179343 0.335632 -0.316215 0.154745 0.982993 0.0988885 -0.590283 -0.347659 -0.0395109 0.936788 0.639955 0 0 0 1 
26875431820175;0.573407;0.545309;0.964804 0.110592 -0.238583 0.380805 -0.175574 0.946335 -0.271338 1.27197 0.195772 0.303677 0.932445 -0.939497 0 0 0 1 
26875431820176;0.270556;0.0389192;0.989596 0.13907 -0.0368666 -0.310343 -0.142954 0.979367 -0.142841 0.390884 0.016241 0.146625 0.989059 -0.0348151 0 0 0 1 
26875431820177;0.516211;0.0557756;0.99353 0.0658896 -0.0925017 -0.470849 -0.0812065 0.981561 -0.17304 -0.171298 0.0793945 0.179432 0.980561 -0.0657488 0 0 0 1 
26875431820178;0.516876;0.0449435;0.911538 -0.35146 -0.213482 0.584858 0.384403 0.912672 0.138795 -0.900156 0.146058 -0.20858 0.967037 0.293999 0 0 0 1 
26875431820179;0.506678;0.542681;0.998794 0.0490464 0.00237386 -0.0803432 -0.0490901 0.99849 0.0246622 0.277876 -0.00116068 -0.024749 0.999693 -0.0216068 0 0 0 1 
26875431820180;0.166082;0.0385506;0.997751 0.00519321 0.0668335 -0.194953 -0.0114931 0.995484 0.0942272 0.14965 -0.0660424 -0.0947834 0.993305 0.132365 0 0 0 1 
26875431820181;0.220973;0.0391098;0.983886 -0.177131 0.0243595 0.208147 0.170943 0.971827 0.16227 -0.36858 -0.0524164 -0.155491 0.986446 0.308937 0 0 0 1 
26875431820182;0.311591;0.0337521;0.999768 0.0193432 -0.00949178 0.474552 -0.0194001 0.999794 -0.00593692 0.134015 0.00937498 0.00611969 0.999937 -0.123376 0 0 0 1 
26875431820183;0.378261;0.0934491;0.90224 0.428186 -0.051194 -0.0486794 -0.416896 0.89643 0.150371 1.29165 0.110278 -0.114328 0.987303 -0.298291 0 0 0 1 
26875431820184;0.707951;0.0557084;0.960459 -0.271015 0.0637886 -0.0519684 0.276425 0.955595 -0.102116 -0.285566 -0.0332812 0.115711 0.992725 -0.889599 0 0 0 1 
26875431820186;0.0232744;0.0650368;0.999922 -0.0112769 0.00537929 0.00733868 0.0114357 0.99947 -0.0304639 0.00945264 -0.0050329 0.0305231 0.999521 0.114628 0 0 0 1 
26875431820187;0.469951;0.106382;0.997565 -0.0563439 0.0411016 0.144981 0.0578996 0.997611 -0.037695 0.154528 -0.0388795 0.0399829 0.998444 -0.593296 0 0 0 1 
26875431820188;0.333415;0.166738;0.984342 0.0621925 0.164935 -0.0562774 -0.0455406 0.99365 -0.102889 0.651257 -0.170287 0.093767 0.980923 0.205291 0 0 0 1 
26875431820189;0.215891;0.0691441;0.999353 -0.0250577 0.0258023 -0.000356464 0.029501 0.981439 -0.189494 0.376961 -0.0205751 0.190132 0.981543 0.172281 0 0 0 1 
26875431820190;0.353199;0.0723679;0.999197 -0.0111742 -0.0384738 0.129442 0.00945877 0.998965 -0.0444829 0.0103338 0.0389311 0.0440833 0.998269 0.633169 0 0 0 1 
26875431820191;0.375035;0.119183;0.902683 0.0924405 -0.42026 0.586034 -0.0738041 0.99544 0.0604324 0.0146568 0.42393 -0.0235344 0.905389 -0.304104 0 0 0 1 
26875431820192;0.269163;0.0653011;0.998517 -0.0403459 0.0365431 -0.143487 0.0425693 0.997152 -0.0622602 0.399098 -0.0339271 0.0637235 0.997391 0.332598 0 0 0 1 
26875431820193;0.42369;0.182278;0.934659 -0.178581 0.307442 -0.165682 0.266262 0.924611 -0.272396 0.0768834 -0.235619 0.336458 0.911745 0.590615 0 0 0 1 
26875431820194;0.276623;0.194251;0.967463 0.198567 0.156802 -0.130165 -0.182128 0.97674 -0.113177 0.582997 -0.175628 0.0809365 0.981124 0.592863 0 0 0 1 
26875431820195;0.12753;0.0950254;0.998268 0.0584976 0.00620143 -0.16959 -0.0582661 0.99777 -0.0325625 0.181753 -0.00809243 0.0321448 0.99945 -0.0270371 0 0 0 1 
26875431820196;0.182656;0.0899193;0.998352 -0.0572002 0.00462555 -0.107117 0.0573868 0.99493 -0.0825919 -0.208018 0.000122177 0.0827212 0.996573 -0.0475189 0 0 0 1 
26875431820197;0.141522;0.072944;0.999649 0.0211759 -0.0159497 -0.247767 -0.0212831 0.999752 -0.00658557 0.118569 0.0158063 0.00692271 0.999851 0.0112725 0 0 0 1 
26875431820198;0.296595;0.0743174;0.963497 -0.256976 -0.0750801 0.41019 0.254767 0.966263 -0.0378121 -0.147154 0.0822639 0.0173039 0.99646 -0.240404 0 0 0 1 
26875431820199;0.374604;0.110518;0.923634 -0.358255 -0.136215 0.485642 0.36989 0.926288 0.0719105 -0.569555 0.100412 -0.116803 0.988066 0.0443002 0 0 0 1 
26875431820200;0.14975;0.0836039;0.999298 0.00926902 -0.0363034 -0.178549 -0.00854414 0.999762 0.0200718 0.16124 0.0364809 -0.0197475 0.999139 0.0828744 0 0 0 1 
26875431820201;0.180431;0.0808659;0.996431 -0.0412893 -0.0736264 0.299171 0.0392327 0.998804 -0.029164 -0.0607791 0.0747426 0.0261714 0.996859 -0.0605754 0 0 0 1 
26875431820202;0.0568232;0.0779055;0.999369 -0.0349095 -0.00655657 -0.0132538 0.0341498 0.995083 -0.0929708 0.0883448 0.0097699 0.0926883 0.995647 0.0471867 0 0 0 1 
26875431820203;0.370175;0.217669;0.992852 -0.0916854 -0.0764108 0.0400226 0.105591 0.973207 0.204252 -0.175641 0.0556366 -0.210861 0.975932 0.144184 0 0 0 1 
26875431820204;0.336699;0.378379;0.991363 0.131102 0.00352305 -0.144737 -0.129261 0.981279 -0.142772 0.763663 -0.0221748 0.141083 0.989749 0.0491311 0 0 0 1 
26875431820205;0.579018;0.212877;0.97554 0.00586173 0.219746 0.353689 -0.0185054 0.998286 0.0555235 -0.390364 -0.219044 -0.0582319 0.973976 -0.00937867 0 0 0 1 
26875431820206;0.454909;0.122961;0.95596 0.0109501 0.293294 -0.21903 0.0706287 0.961355 -0.266099 -0.000527041 -0.284873 0.275095 0.918243 1.13676 0 0 0 1 
26875431820207;0.201469;0.181259;0.999201 0.0397229 0.00433786 -0.0103163 -0.0398376 0.998734 0.0307022 0.0781535 -0.00311279 -0.0308505 0.999519 0.161064 0 0 0 1 
26875431820208;0.418791;0.262521;0.99809 -0.0600812 -0.0144078 -0.0581689 0.0617821 0.972628 0.224003 -0.132932 0.000555119 -0.224465 0.974482 0.134842 0 0 0 1 
26875431820209;0.261543;0.0880988;0.948897 -0.31554 0.00543002 0.311966 0.315561 0.948899 -0.00351961 -0.3337 -0.00404196 0.00505325 0.999979 0.0898096 0 0 0 1 
26875431820210;0.579052;0.158744;0.976527 -0.209033 -0.0519576 -0.396654 0.215279 0.955053 0.203785 -0.834226 0.00702451 -0.210187 0.977636 -0.0751743 0 0 0 1 
26875431820211;0.254845;0.101004;0.977979 -0.206761 -0.0284007 0.261702 0.204757 0.9769 -0.0611605 -0.269831 0.0403902 0.0539985 0.997724 0.300464 0 0 0 1 
26875431820212;0.320883;0.114412;0.972893 -0.120137 0.197603 0.0507063 0.153468 0.974607 -0.163062 -0.104998 -0.172996 0.188967 0.966625 0.764078 0 0 0 1 
26875431820213;0.233658;0.0700399;0.998464 -0.0540674 0.0120794 -0.102851 0.0552323 0.988453 -0.141102 0.0667258 -0.00431093 0.141552 0.989921 -0.311772 0 0 0 1 
26875431820214;0.442932;0.0682997;0.984016 0.0281339 -0.175845 0.336362 -0.0753187 0.960526 -0.267802 0.577696 0.161369 0.276765 0.947291 0.363931 0 0 0 1 
26875431820215;0.292551;0.123195;0.974807 0.0390443 0.219607 0.0605183 0.018042 0.967532 -0.252106 -0.0418892 -0.22232 0.249716 0.942452 0.438531 0 0 0 1 
26875431820217;0.53888;0.163408;0.97504 -0.118493 0.187768 0.794238 0.178277 0.921898 -0.343979 -0.391374 -0.132344 0.368868 0.920012 -0.199171 0 0 0 1 
26875431820218;0.132212;0.0929938;0.999896 0.0131125 0.00592379 -0.0248794 -0.0130619 0.999879 -0.00849145 0.110671 -0.00603441 0.0084132 0.999946 0.113661 0 0 0 1 
26875431820219;0.276971;0.0821611;0.991169 -0.0224759 0.130689 0.338489 0.0227432 0.999741 -0.00055237 -0.645311 -0.130643 0.00351978 0.991423 0.407033 0 0 0 1 
26875431820220;0.346183;0.427658;0.995805 0.0705862 0.0582291 -0.230903 -0.0731782 0.996363 0.0436504 0.0466196 -0.0549363 -0.0477284 0.997348 0.227031 0 0 0 1 
26875431820221;0.22686;0.0890174;0.999733 0.0152001 0.0173799 0.351817 -0.0155286 0.9997 0.0189236 -0.1309 -0.0170871 -0.0191884 0.99967 -0.230048 0 0 0 1 
26875431820222;0.271182;0.273785;0.988962 0.0961764 0.112717 -0.169856 -0.0939012 0.995259 -0.0253358 0.0653888 -0.114619 0.0144718 0.993304 0.311564 0 0 0 1 
26875431820223;0.173034;0.0741952;0.999587 0.0194663 0.021156 -0.201727 -0.0198765 0.999615 0.0193575 -0.202869 -0.0207711 -0.01977 0.999589 -0.217353 0 0 0 1 
26875431820224;0.421446;0.0787672;0.992724 0.0760704 0.0933448 -0.711486 -0.0833762 0.993536 0.0770357 -0.342585 -0.0868813 -0.0842579 0.992649 0.661401 0 0 0 1 
26875431820225;0.149136;0.154362;0.994196 0.106024 0.0182549 -0.140508 -0.106947 0.992419 0.0605515 0.193746 -0.0116966 -0.0621524 0.997998 -0.0707066 0 0 0 1 
26875431820226;0.0692592;0.0759291;0.999891 -0.000627234 0.0147199 0.100877 0.000559131 0.999989 0.0046303 -0.117385 -0.0147226 -0.00462156 0.999881 -0.0242882 0 0 0 1 
26875431820227;0.394953;0.333243;0.989702 0.081665 0.11756 -0.479882 -0.0913961 0.992603 0.0799076 -0.0370218 -0.110164 -0.0898292 0.989846 -0.0740439 0 0 0 1 
26875431820228;0.385763;0.183742;0.999696 0.0197608 0.0147443 -0.253392 -0.0185957 0.996983 -0.0753602 0.518113 -0.016189 0.0750631 0.997047 0.132071 0 0 0 1 
26875431820229;0.236316;0.143989;0.980811 -0.0548964 0.187071 0.124987 0.0480586 0.998007 0.0408966 -0.182507 -0.188943 -0.0311215 0.981495 0.830943 0 0 0 1 
26875431820230;0.353557;0.351629;0.970495 0.216907 0.105316 -0.468269 -0.211666 0.975575 -0.0587513 0.67192 -0.115487 0.034726 0.992702 0.203001 0 0 0 1 
26875431820231;0.448584;0.119228;0.997774 0.039167 0.0539691 -0.330545 -0.0386988 0.999204 -0.00969306 0.18231 -0.0543058 0.00758294 0.998496 -0.679242 0 0 0 1 
26875431820232;0.290281;0.271553;0.96567 -0.109814 0.235419 0.390112 0.0371525 0.955321 0.293225 -0.710021 -0.257101 -0.274412 0.926605 1.22947 0 0 0 1 
26875431820233;0.217224;0.106316;0.999751 -0.0142715 -0.0171803 0.395493 0.0145487 0.999764 0.0161206 -0.22053 0.0169462 -0.0163666 0.999722 -0.172716 0 0 0 1 
26875431820234;0.288361;0.110169;0.998754 -0.0497798 0.00354037 0.0554371 0.0490837 0.992653 0.110594 -0.902099 -0.00901973 -0.110283 0.993859 -0.0767569 0 0 0 1 
26875431820235;0.189456;0.151455;0.998756 -0.0162268 -0.0471561 0.142616 0.0176691 0.999384 0.0303317 -0.275808 0.0466348 -0.0311271 0.998427 -0.254867 0 0 0 1 
26875431820236;0.315102;0.350991;0.962231 0.114622 0.246929 -0.215628 -0.107396 0.993304 -0.0425838 0.0472178 -0.250157 0.0144564 0.968097 1.13383 0 0 0 1 
26875431820237;0.012092;0.0660549;0.999811 0.00933207 0.0170366 -0.0254688 -0.00961406 0.999817 0.0165461 -0.104055 -0.0168791 -0.0167067 0.999718 0.0566268 0 0 0 1 
26875431820238;0.26454;0.179637;0.975574 -0.152202 0.158399 0.2646 0.136143 0.984809 0.107779 -1.0976 -0.172397 -0.0835813 0.981475 1.02626 0 0 0 1 
26875431820239;0.246987;0.0710828;0.998126 0.0504713 0.0346047 -0.312764 -0.0539071 0.992813 0.106852 -0.341561 -0.028963 -0.108517 0.993673 0.169917 0 0 0 1 
26875431820240;0.363487;0.31525;0.974475 0.202977 -0.0959067 -0.513127 -0.191196 0.974277 0.119283 0.589738 0.117651 -0.0979016 0.988217 -0.904797 0 0 0 1 
26875431820241;0.468508;0.218129;0.964013 -0.251631 0.0857926 -0.0313373 0.253307 0.967344 -0.00906232 -1.49275 -0.0807106 0.030468 0.996272 0.665853 0 0 0 1 
26875431820242;0.496458;0.22169;0.994328 -0.10368 -0.023731 0.342756 0.104809 0.917139 0.38454 -1.63173 -0.0181046 -0.384846 0.922803 0.134373 0 0 0 1 
26875431820243;0.419239;0.340719;0.939288 0.140208 0.313176 -0.485237 -0.121446 0.98947 -0.0787377 0.0893652 -0.320918 0.0359233 0.946425 1.04212 0 0 0 1 
26875431820244;0.327061;0.148847;0.998852 0.0461537 0.0128491 -0.481272 -0.0449956 0.995842 -0.0792124 0.459919 -0.0164517 0.0785432 0.996775 0.000526612 0 0 0 1 
26875431820245;0.440644;0.140718;0.906841 0.0817941 0.413459 -0.384273 -0.137061 0.984899 0.105775 0.167695 -0.398564 -0.15259 0.904358 1.87988 0 0 0 1 
26875431820246;0.33651;0.101607;0.987821 -0.0160312 0.154768 -0.130908 -9.73059e-05 0.994614 0.103645 -0.619645 -0.155596 -0.102398 0.982499 0.275457 0 0 0 1 
26875431820248;0.482971;0.0564914;0.947712 -0.0880343 -0.306745 0.827384 0.118767 0.989449 0.0829715 -0.434677 0.296204 -0.115064 0.948168 -2.20476 0 0 0 1 
26875431820249;0.481186;0.0717028;0.975708 -0.188042 -0.112403 0.459751 0.179493 0.980339 -0.0819552 -0.729018 0.125604 0.0597887 0.990277 0.445463 0 0 0 1 
26875431820250;0.362957;0.0747753;0.9648 0.217345 0.14806 0.231008 -0.199339 0.971621 -0.127346 1.41247 -0.171536 0.0933492 0.980745 0.587846 0 0 0 1 
26875431820251;0.294996;0.050456;0.996679 0.0811782 0.00637178 0.681093 -0.0814179 0.994729 0.0623251 0.0185914 -0.00127876 -0.0626369 0.998036 -0.227805 0 0 0 1 
26875431820252;0.28587;0.0560165;0.99926 -0.0322819 0.0209259 0.395607 0.0322295 0.999476 0.0028346 -0.672678 -0.0210064 -0.00215807 0.999777 0.347814 0 0 0 1 
26875431820253;0.612372;0.0469485;0.9672 0.0759369 -0.242401 1.17006 -0.0182727 0.972598 0.231775 -0.994018 0.253359 -0.219744 0.942084 -1.00229 0 0 0 1 
26875431820254;0.431445;0.358413;0.998912 0.0413928 0.0214651 -0.0859638 -0.0401885 0.997743 -0.0537908 0.229006 -0.0236432 0.0528697 0.998321 -0.0241354 0 0 0 1 
26875431820255;0.351175;0.0723639;0.999137 -0.0270223 0.0315449 -0.159562 0.026618 0.999559 0.0131652 -0.0574879 -0.0318868 -0.0123141 0.999416 0.909741 0 0 0 1 
26875431820256;0.151421;0.0635527;0.984541 0.174209 0.0181836 0.206554 -0.174 0.984666 -0.0125219 0.760625 -0.0200862 0.00916435 0.999756 0.118732 0 0 0 1 
26875431820257;0.412483;0.0646056;0.988377 -0.149629 -0.0268915 -0.0437891 0.151681 0.982493 0.108166 -1.62395 0.010236 -0.110988 0.993769 -0.177531 0 0 0 1 
26875431820258;0.238327;0.0596286;0.983275 0.182097 0.00324043 0.258046 -0.179873 0.968172 0.174033 0.559225 0.0285536 -0.171706 0.984734 0.019164 0 0 0 1 
