#;prob_registration_l1 -r /home/probabilistic_point_clouds_registration/build/tester /home/point_clouds_registration_benchmark//devel/registration_pairs/apartment_local.txt /home/point_clouds_registration_benchmark//eth/apartment -s 0.2 -t 0.2 -p 0.3 -r 1000 -m 5 -i 40 
id;initial_error;final_error;transformation
13001298760000;0.820981;0.989997;0.897314 -0.423515 0.124352 -0.310287 0.412458 0.904852 0.10546 -2.93814 -0.157184 -0.0433412 0.986618 0.270554 0 0 0 1 
13001298760001;0.68771;0.983235;0.953562 -0.264634 -0.143833 0.491618 0.298755 0.891695 0.340039 -2.27251 0.0382696 -0.367219 0.929347 0.433974 0 0 0 1 
13001298760002;0.636186;0.276265;0.996756 0.0761101 -0.0261762 0.0666221 -0.0677642 0.96907 0.237301 -0.296976 0.0434276 -0.234758 0.971083 -0.642593 0 0 0 1 
13001298760003;0.411513;0.893716;0.956411 -0.283448 0.0702516 0.231651 0.281532 0.958875 0.0360235 -1.786 -0.0775733 -0.0146752 0.996879 -0.128996 0 0 0 1 
13001298760004;0.857932;1.24709;0.918273 -0.347454 -0.189867 0.422407 0.327973 0.936126 -0.126889 -2.15241 0.221827 0.0542476 0.973576 0.288132 0 0 0 1 
13001298760005;0.460674;1.02992;0.925614 -0.378341 0.0098186 0.521656 0.3771 0.924161 0.0610013 -2.24139 -0.0321533 -0.0527611 0.998089 0.343409 0 0 0 1 
13001298760006;0.655521;0.320662;0.972058 0.232584 0.0317421 -0.466466 -0.233814 0.97133 0.0430082 0.573671 -0.020829 -0.0492282 0.99857 0.290677 0 0 0 1 
13001298760007;0.308888;0.313138;0.895425 0.29099 0.336956 0.161044 -0.34771 0.929751 0.121083 0.626535 -0.278052 -0.225583 0.933702 0.912979 0 0 0 1 
13001298760008;0.466988;0.302945;0.959779 0.271081 0.0730735 -0.0567331 -0.272039 0.96228 0.00331083 0.193919 -0.0694197 -0.0230565 0.997321 -0.0739938 0 0 0 1 
13001298760009;0.423945;0.460709;0.964339 0.247144 0.0947148 0.0587782 -0.232575 0.962088 -0.142463 0.453719 -0.126333 0.115355 0.985258 -0.130538 0 0 0 1 
13001298760010;0.258498;0.292746;0.983916 0.177629 -0.0189086 0.148109 -0.178565 0.980928 -0.0767796 0.546655 0.00490974 0.0789211 0.996869 0.0793522 0 0 0 1 
13001298760011;0.784351;0.960549;0.999685 0.0178344 -0.0176381 -0.188233 -0.0112914 0.947871 0.318453 -1.17677 0.022398 -0.318154 0.947775 -0.743457 0 0 0 1 
13001298760012;0.622128;0.264672;0.982002 0.188762 -0.00637055 0.185304 -0.188827 0.98194 -0.0118002 -0.169191 0.00402806 0.0127908 0.99991 0.259661 0 0 0 1 
13001298760013;0.398004;0.317261;0.922364 0.365972 0.123733 0.246617 -0.341967 0.922461 -0.179232 0.824289 -0.179733 0.123004 0.975995 0.794314 0 0 0 1 
13001298760014;0.755219;0.918355;0.993116 0.0736504 -0.0910849 0.374255 -0.0596616 0.987222 0.147757 -0.614796 0.100803 -0.141306 0.98482 -1.03843 0 0 0 1 
13001298760015;0.388158;0.920006;0.989021 0.0553342 -0.137022 0.0780889 -0.0534263 0.998417 0.0175655 -0.512752 0.137777 -0.010052 0.990412 -0.212054 0 0 0 1 
13001298760016;0.851768;0.6337;0.995761 0.0898776 -0.0195394 0.416227 -0.0893921 0.995697 0.024444 0.239486 0.0216523 -0.0225938 0.99951 0.399441 0 0 0 1 
13001298760017;0.399547;0.292427;0.946612 0.322374 -0.000955515 0.424847 -0.322237 0.946115 -0.0320958 0.632625 -0.00944282 0.0306901 0.999484 0.341447 0 0 0 1 
13001298760018;0.820633;0.334102;0.947306 0.300182 -0.111816 0.190918 -0.305183 0.951813 -0.0302673 0.568712 0.0973426 0.0627969 0.993268 0.656782 0 0 0 1 
13001298760019;0.329854;0.290555;0.99558 0.0840043 -0.0419951 0.187147 -0.0818515 0.99536 0.0505943 -0.291455 0.0460504 -0.0469333 0.997836 -0.170207 0 0 0 1 
13001298760020;0.847185;0.389349;0.972104 0.234293 -0.0110026 -0.170473 -0.234096 0.97207 0.0167277 0.711037 0.0146145 -0.0136854 0.9998 0.647969 0 0 0 1 
13001298760021;0.886722;0.73914;0.939177 -0.285536 -0.190828 0.529485 0.287957 0.957517 -0.0155276 -1.67233 0.187155 -0.0403671 0.981501 -1.11951 0 0 0 1 
13001298760022;0.59893;0.306141;0.973562 0.204968 -0.100819 0.172032 -0.177844 0.95715 0.228552 0.211139 0.143345 -0.20458 0.968297 -0.85086 0 0 0 1 
13001298760023;0.367247;0.258363;0.994576 0.098342 0.0338874 0.0140062 -0.0997287 0.994128 0.0419996 -0.177056 -0.0295581 -0.0451513 0.998543 -0.117724 0 0 0 1 
13001298760024;0.0968236;0.29816;0.987728 0.151437 0.0382008 0.126613 -0.153017 0.987309 0.0425047 0.211708 -0.0312792 -0.0478285 0.998366 0.0990228 0 0 0 1 
13001298760025;0.689632;0.46544;0.987715 0.107231 0.113664 -0.0601388 -0.0775045 0.967792 -0.239522 0.419872 -0.135688 0.22777 0.964214 0.623944 0 0 0 1 
13001298760026;0.452516;0.908885;0.980604 -0.190949 0.0442088 -0.059157 0.18843 0.980517 0.0555114 -1.06503 -0.0539473 -0.0461045 0.997479 0.199229 0 0 0 1 
13001298760027;0.353163;1.0756;0.907337 -0.336851 0.251537 -0.189883 0.266409 0.923554 0.275815 -1.9678 -0.325216 -0.183246 0.927715 0.744202 0 0 0 1 
13001298760028;0.770166;0.635455;0.998148 0.0403034 0.0455583 -0.131967 -0.0354057 0.993986 -0.103622 0.227074 -0.0494606 0.101817 0.993573 -0.0894121 0 0 0 1 
13001298760029;0.444231;0.224045;0.91941 0.329225 0.215166 0.400839 -0.349998 0.934439 0.065765 0.56475 -0.179408 -0.135773 0.974361 0.758143 0 0 0 1 
13001298760031;1.0814;0.5344;0.987765 0.0520671 0.147 -0.227319 -0.0356691 0.993061 -0.112062 0.499257 -0.151815 0.105448 0.982768 0.881125 0 0 0 1 
13001298760032;0.762366;0.030146;0.971357 -0.218214 -0.0940679 -0.581076 0.221376 0.974881 0.0244782 -0.749872 0.0863635 -0.0446015 0.995265 -0.821524 0 0 0 1 
13001298760033;0.562268;0.0522014;0.971371 -0.216063 -0.0987658 -0.591282 0.20819 0.974458 -0.0841921 -0.699608 0.114434 0.0612198 0.991543 0.075373 0 0 0 1 
13001298760034;0.913227;0.0444856;0.98389 -0.16836 -0.0601355 -0.499692 0.136265 0.923973 -0.35736 -0.286236 0.115729 0.343409 0.932029 0.938889 0 0 0 1 
13001298760035;0.190074;0.0446153;0.988516 0.105321 -0.108371 0.304142 -0.0973534 0.992316 0.0763665 0.249007 0.115581 -0.0649392 0.991173 -0.552577 0 0 0 1 
13001298760036;1.3176;0.776098;0.999752 -0.0179093 0.0132261 -0.233208 0.0158327 0.98957 0.143183 0.275194 -0.0156524 -0.142938 0.989608 -0.14003 0 0 0 1 
13001298760037;0.408209;0.0774726;0.991582 0.115706 -0.0581197 0.112586 -0.121864 0.98564 -0.116887 0.660396 0.0437605 0.122986 0.991443 -0.0145057 0 0 0 1 
13001298760038;0.799177;0.104986;0.999871 0.0133783 -0.00885021 0.458919 -0.01181 0.987331 0.158234 -0.322162 0.010855 -0.158109 0.987362 -0.286187 0 0 0 1 
13001298760039;0.512139;0.122398;0.999834 0.00680227 -0.0169082 0.00107748 -0.00664084 0.999932 0.00958567 0.0530167 0.0169723 -0.00947179 0.999811 0.269604 0 0 0 1 
13001298760040;0.790161;0.0775171;0.999962 0.00309675 -0.00809659 0.174975 -0.00313918 0.999981 -0.0052329 0.174578 0.00808023 0.00525812 0.999954 -0.514778 0 0 0 1 
13001298760041;0.304867;0.0505915;0.982792 -0.138676 0.12202 -0.317314 0.144766 0.988553 -0.0425016 -0.248735 -0.114729 0.0594346 0.991617 0.400069 0 0 0 1 
13001298760042;0.323258;0.0711683;0.998694 0.0510764 -0.0015568 0.131165 -0.0509233 0.997307 0.0527702 -0.054936 0.00424793 -0.052622 0.998605 -0.0474701 0 0 0 1 
13001298760043;1.1294;0.117561;0.948191 -0.311074 -0.0645467 -0.512347 0.315982 0.902294 0.293293 -1.92299 -0.0329958 -0.298493 0.953841 -0.844426 0 0 0 1 
13001298760044;0.672602;0.0503956;0.988204 -0.0848882 0.127463 -0.562189 0.0874711 0.996057 -0.0147949 -0.133581 -0.125704 0.0257697 0.991733 0.107445 0 0 0 1 
13001298760045;0.603165;0.399995;0.993172 0.0643831 0.0972792 0.0803495 -0.0618888 0.997678 -0.0284481 0.338555 -0.0988849 0.0222334 0.99485 0.150094 0 0 0 1 
13001298760046;0.435224;0.0515815;0.905002 0.102318 -0.412919 0.778621 -0.121592 0.992366 -0.020595 0.48414 0.407659 0.0688461 0.910535 -1.07226 0 0 0 1 
13001298760047;1.03472;0.0413526;0.99831 -0.0399321 0.0422273 -0.251638 0.028031 0.96731 0.252043 -0.574126 -0.0509115 -0.250433 0.966794 -0.985329 0 0 0 1 
13001298760048;1.38851;0.0750543;0.994674 0.0616917 0.0825749 0.189953 -0.0922276 0.890406 0.445725 -0.846632 -0.0460277 -0.450967 0.891353 -1.35025 0 0 0 1 
13001298760049;0.308211;0.0593246;0.990452 0.119715 -0.0683597 0.137992 -0.110038 0.985245 0.131089 0.156 0.0830444 -0.122315 0.989011 -0.508758 0 0 0 1 
13001298760050;0.383404;0.0545897;0.998348 -0.0566987 0.00926092 -0.385519 0.0567331 0.998383 -0.00349265 -0.261115 -0.00904792 0.00401229 0.999951 0.11809 0 0 0 1 
13001298760051;1.39486;0.246603;0.974001 -0.184066 0.132066 -1.29297 0.196337 0.976692 -0.0867484 -0.657453 -0.113021 0.110423 0.987438 0.719296 0 0 0 1 
13001298760052;0.390791;0.0313943;0.99981 -0.0194222 0.00166575 -0.252923 0.0193726 0.999477 0.0258825 -0.234718 -0.00216757 -0.0258453 0.999664 -0.107413 0 0 0 1 
13001298760053;0.738841;0.700243;0.996061 0.0885963 -0.00372884 0.156292 -0.0872616 0.986798 0.136439 0.189641 0.0157676 -0.135576 0.990641 -0.0943727 0 0 0 1 
13001298760054;0.290741;0.0685979;0.984971 -0.172717 -0.00103373 -0.424895 0.172713 0.984967 -0.00315691 -0.453445 0.00156344 0.00293092 0.999994 -0.121286 0 0 0 1 
13001298760055;0.983527;0.295166;0.97408 -0.0565834 0.219012 -0.673353 0.0731842 0.994968 -0.0684377 -0.105661 -0.214038 0.082692 0.973319 1.16545 0 0 0 1 
13001298760056;0.893456;0.532694;0.998584 -0.0531903 -0.000730334 0.0526763 0.0531744 0.998482 -0.0143416 -0.409085 0.00149206 0.0142825 0.999897 -0.159665 0 0 0 1 
13001298760057;1.32906;0.0697323;0.99731 0.0524183 0.0512392 0.527625 -0.0531953 0.998487 0.0139188 0.784576 -0.0504321 -0.0166071 0.998589 -0.467206 0 0 0 1 
13001298760058;1.04418;0.348685;0.982834 -0.102531 0.153377 -0.47595 0.0999943 0.994694 0.024183 -0.378151 -0.155043 -0.00843107 0.987872 -0.218349 0 0 0 1 
13001298760059;1.02726;0.0484922;0.997532 0.0479786 -0.0512641 0.51232 -0.0341217 0.969358 0.243269 -0.220714 0.061365 -0.24092 0.968603 -1.24503 0 0 0 1 
13001298760060;1.18019;1.14389;0.998508 -0.0165175 -0.052051 0.245448 0.0245612 0.987148 0.157909 -0.738149 0.0487738 -0.158951 0.986081 -0.310275 0 0 0 1 
13001298760062;0.42647;0.659764;0.995439 -0.0953828 0.00152619 -0.259438 0.0945966 0.989047 0.113302 -0.094896 -0.0123165 -0.112641 0.993559 -0.0834552 0 0 0 1 
13001298760063;0.820769;0.610345;0.987579 -0.156074 0.0181328 -0.0903934 0.155488 0.987377 0.0301817 -0.0921545 -0.0226145 -0.0269874 0.99938 0.5582 0 0 0 1 
13001298760064;0.637796;0.665963;0.999194 0.0400733 -0.00241072 0.0902049 -0.0400888 0.999173 -0.00674935 0.657413 0.00213825 0.00684055 0.999974 0.361903 0 0 0 1 
13001298760065;1.32441;0.934188;0.964771 -0.2249 -0.136515 -0.185969 0.25646 0.919695 0.297304 -0.806248 0.0586888 -0.321841 0.944973 -1.69767 0 0 0 1 
13001298760066;0.832986;0.646518;0.966473 -0.256682 -0.00665817 -0.299111 0.256419 0.966185 -0.0271234 -0.0708308 0.0133951 0.0245068 0.99961 0.238483 0 0 0 1 
13001298760067;0.500971;0.682751;0.936963 -0.348453 -0.0261054 -0.446221 0.34577 0.935342 -0.0746912 -0.855814 0.0504439 0.0609564 0.996865 -0.320907 0 0 0 1 
13001298760068;1.1413;0.717684;0.938245 -0.302488 0.167921 -0.88498 0.273149 0.945536 0.177062 -0.0839957 -0.212335 -0.12026 0.969769 0.72304 0 0 0 1 
13001298760069;0.277143;0.672837;0.992119 -0.061273 -0.109299 0.13747 0.0834069 0.973893 0.211129 -0.0873203 0.0935092 -0.218582 0.971328 -0.932505 0 0 0 1 
13001298760070;1.31041;0.663508;0.988839 -0.143985 0.0382763 -0.240641 0.145531 0.988494 -0.0412454 -0.121168 -0.0318971 0.0463555 0.998416 -0.669163 0 0 0 1 
13001298760071;0.311671;0.680488;0.871232 -0.430156 -0.236474 -0.347472 0.471854 0.866684 0.1619 -1.79238 0.135306 -0.252634 0.958055 -1.21068 0 0 0 1 
13001298760072;0.364438;0.703131;0.952854 -0.303244 -0.0105945 -0.284209 0.303107 0.952871 -0.012792 -0.612739 0.0139743 0.00897765 0.999862 0.0964797 0 0 0 1 
13001298760073;1.33186;0.618272;0.911912 -0.34919 0.215601 -0.702053 0.395068 0.889164 -0.230887 -0.51071 -0.111081 0.295726 0.948793 0.750571 0 0 0 1 
13001298760074;0.375476;0.64824;0.922638 -0.26118 -0.283767 0.0202959 0.224366 0.961956 -0.155883 -0.4616 0.313685 0.0801558 0.946138 -1.05704 0 0 0 1 
13001298760075;0.892832;0.752869;0.972476 -0.157913 0.171332 -0.201148 0.177205 0.978687 -0.10378 -0.233518 -0.151292 0.131284 0.979732 1.52512 0 0 0 1 
13001298760076;0.49285;0.682428;0.942187 -0.334741 -0.0152469 -0.759713 0.33408 0.941907 -0.0346758 -0.865043 0.0259685 0.0275774 0.999282 -0.210863 0 0 0 1 
13001298760077;1.25077;0.704838;0.988864 -0.147675 -0.0184262 -0.606029 0.148237 0.988363 0.0341292 0.26079 0.0131717 -0.0364806 0.999248 0.56282 0 0 0 1 
13001298760078;0.873453;0.786346;0.983583 -0.0863087 -0.15848 0.0773915 0.0987445 0.99248 0.0723353 0.360479 0.151045 -0.0867968 0.984709 -1.23846 0 0 0 1 
13001298760079;0.135451;0.685527;0.985061 -0.156579 -0.0716792 -0.106836 0.155798 0.987653 -0.0163901 -0.171009 0.0733605 0.00497778 0.997293 -0.262352 0 0 0 1 
13001298760080;0.477523;0.960229;0.900689 -0.414604 0.129854 -0.387372 0.384129 0.899581 0.207845 -1.57252 -0.202987 -0.137323 0.969504 0.541588 0 0 0 1 
13001298760081;0.486196;0.719679;0.941195 0.0467938 -0.334608 0.768982 -0.0190179 0.99613 0.0858116 0.290688 0.337328 -0.0744019 0.938442 -1.34696 0 0 0 1 
13001298760082;0.60999;2.12329;0.939059 0.343234 -0.0189182 0.216029 -0.341292 0.924343 -0.170616 1.79283 -0.0410745 0.166675 0.985156 0.439423 0 0 0 1 
13001298760083;0.578912;0.707463;0.89273 -0.450261 -0.0173018 -0.382497 0.429199 0.838026 0.336899 -1.94766 -0.137193 -0.308186 0.941382 -0.307522 0 0 0 1 
13001298760084;0.295038;0.702956;0.99819 0.0501638 0.0331603 0.245967 -0.049092 0.998269 -0.0323811 0.601693 -0.0347272 0.0306946 0.998925 0.219472 0 0 0 1 
13001298760085;0.331689;0.693244;0.995299 -0.09563 -0.0153309 -0.0204083 0.096791 0.976568 0.192213 -0.228772 -0.00340968 -0.192793 0.981233 -0.433212 0 0 0 1 
13001298760086;0.698459;0.680368;0.981952 -0.18912 -0.0020105 -0.443179 0.189067 0.981841 -0.0155415 -0.53454 0.00491321 0.0148809 0.999877 0.447153 0 0 0 1 
13001298760087;0.67213;0.693412;0.884731 -0.313966 -0.344495 0.121787 0.311659 0.94806 -0.0636426 -0.755901 0.346584 -0.0510584 0.936628 -1.71863 0 0 0 1 
13001298760088;0.268562;0.788842;0.902858 -0.30943 -0.298495 -0.0161605 0.316284 0.948298 -0.0263727 -0.81608 0.291223 -0.0705986 0.954047 -1.17559 0 0 0 1 
13001298760089;1.15866;0.857916;0.877533 -0.444497 0.179883 -1.01815 0.465488 0.879723 -0.0969923 -1.46472 -0.115135 0.168848 0.978895 1.42234 0 0 0 1 
13001298760090;0.714198;0.696609;0.983643 -0.171922 -0.0537439 -0.415366 0.176735 0.978787 0.103635 -0.372156 0.0347868 -0.111438 0.993162 0.0237962 0 0 0 1 
13001298760091;1.1529;0.707652;0.980203 -0.180432 -0.0815298 -0.336728 0.179892 0.983587 -0.0139905 -0.556824 0.082716 -0.000953052 0.996573 -1.03842 0 0 0 1 
13001298760093;1.04775;0.32881;0.914531 -0.318264 0.249682 -0.790042 0.289127 0.945969 0.146794 -1.07684 -0.28291 -0.0620575 0.957137 0.0207067 0 0 0 1 
13001298760094;1.11373;0.187118;0.995238 -0.0959247 -0.0173279 -0.141578 0.0974753 0.978234 0.183184 -0.946033 -0.000621085 -0.184 0.982926 -1.33281 0 0 0 1 
13001298760095;0.293853;0.325854;0.993986 0.076318 0.0785295 0.280913 -0.0681431 0.99245 -0.10198 0.0643863 -0.0857195 0.0960158 0.991682 0.836015 0 0 0 1 
13001298760096;0.895384;0.124727;0.996966 -0.0545742 0.0554938 0.550072 0.0553621 0.998385 -0.0127611 -0.6466 -0.0547077 0.0157946 0.998377 0.238154 0 0 0 1 
13001298760097;0.339617;0.119491;0.993744 -0.0943223 -0.0597959 -0.0263073 0.0944165 0.995532 -0.00125382 -0.369716 0.059647 -0.00439975 0.99821 -0.439968 0 0 0 1 
13001298760098;0.188558;0.176491;0.991081 0.0198421 -0.131774 0.333172 -0.00887149 0.996483 0.0833242 -0.127865 0.132964 -0.081412 0.987772 -0.685699 0 0 0 1 
13001298760099;0.958706;0.175047;0.96165 0.197573 0.190248 0.494134 -0.169833 0.973585 -0.152608 -0.247681 -0.215374 0.114445 0.969802 0.606974 0 0 0 1 
13001298760100;0.754489;0.257678;0.971225 0.100001 -0.216151 0.289104 -0.15382 0.956278 -0.248741 0.252713 0.181826 0.274832 0.944144 0.768451 0 0 0 1 
13001298760101;0.427244;0.233711;0.970019 0.235872 0.0585409 1.08973 -0.237022 0.971411 0.0134652 0.431748 -0.0536912 -0.026937 0.998194 -0.0862453 0 0 0 1 
13001298760102;0.55757;0.396178;0.991009 0.122441 -0.0539441 0.525597 -0.122397 0.992473 0.00412508 0.301722 0.0540431 0.00251462 0.998535 0.00195261 0 0 0 1 
13001298760103;0.502682;0.207893;0.998238 -0.0533771 -0.0259234 0.05703 0.0530871 0.998521 -0.0117489 0.188466 0.0265121 0.010352 0.999595 0.0668358 0 0 0 1 
13001298760104;0.301846;0.124423;0.916109 -0.400756 -0.0117776 -0.797144 0.399366 0.914736 -0.0613592 -1.40008 0.0353635 0.0515081 0.998046 0.0482208 0 0 0 1 
13001298760105;0.905526;0.190294;0.968137 0.187884 -0.165561 0.9427 -0.197558 0.979308 -0.0438963 0.440624 0.153887 0.0752054 0.985222 -0.903757 0 0 0 1 
13001298760106;0.994487;0.241796;0.932029 -0.358909 -0.0500728 -0.825769 0.357325 0.933209 -0.0379383 -1.9884 0.0603448 0.0174674 0.998025 0.474311 0 0 0 1 
13001298760107;0.0362635;0.141018;0.997071 -0.0690022 -0.0329999 -0.126776 0.068777 0.997601 -0.00791258 -0.291533 0.0334667 0.00561976 0.999424 -0.106687 0 0 0 1 
13001298760108;1.01768;0.166789;0.966794 -0.219303 -0.131207 -0.240694 0.226845 0.972872 0.0454122 -0.858512 0.117689 -0.0736679 0.990314 -1.39105 0 0 0 1 
13001298760109;0.830454;0.176693;0.973656 -0.203094 -0.103668 -0.119991 0.194953 0.977252 -0.0835027 -0.584664 0.118268 0.0610925 0.991101 -0.783625 0 0 0 1 
13001298760110;0.923517;0.34319;0.991732 -0.120823 -0.0432281 -0.498304 0.116825 0.989474 -0.0854034 -0.326716 0.0530918 0.0796472 0.995408 0.636911 0 0 0 1 
13001298760111;0.26829;0.164018;0.926447 -0.375828 0.0212108 -0.813243 0.376337 0.923533 -0.0738693 -1.33621 0.00817321 0.0764184 0.997042 0.22045 0 0 0 1 
13001298760112;0.495558;0.5176;0.980178 0.0111391 -0.197807 0.393695 0.00849939 0.995135 0.0981553 0.087083 0.197938 -0.0978909 0.975314 -1.00978 0 0 0 1 
13001298760113;0.269314;0.220241;0.994987 0.0996191 -0.00872152 0.420878 -0.09966 0.995012 -0.00439399 0.193912 0.00824029 0.00524115 0.999952 -0.151101 0 0 0 1 
13001298760114;0.734561;0.246263;0.916167 -0.400605 0.012377 -0.98615 0.400636 0.916237 -5.24872e-05 -0.968603 -0.0113192 0.00500676 0.999923 0.120362 0 0 0 1 
13001298760115;0.321726;0.160933;0.995659 -0.0927554 0.00773103 -0.233378 0.0927556 0.995689 0.000323598 -0.447918 -0.00772772 0.000394904 0.99997 -0.213736 0 0 0 1 
13001298760116;1.15818;0.190399;0.977339 0.178466 -0.113832 1.58312 -0.20144 0.949359 -0.241121 0.618185 0.0650354 0.258587 0.963796 1.10673 0 0 0 1 
13001298760117;0.977589;0.186977;0.981937 -0.134647 -0.132932 -0.29389 0.120095 0.986421 -0.112029 -0.570945 0.146211 0.0940407 0.984773 0.591522 0 0 0 1 
13001298760118;0.349631;0.198722;0.956975 0.279395 0.0783447 0.980307 -0.276309 0.959869 -0.0480189 0.605163 -0.0886169 0.0243055 0.995769 0.299058 0 0 0 1 
13001298760119;0.966956;0.273552;0.892681 -0.348344 -0.285965 -0.0750998 0.351118 0.93533 -0.0432933 -1.04641 0.282553 -0.0617604 0.957261 -1.74402 0 0 0 1 
13001298760120;0.820899;0.161234;0.991574 0.129095 0.0107783 0.824522 -0.12954 0.987477 0.0900453 0.0853112 0.000981093 -0.0906827 0.995879 0.325265 0 0 0 1 
13001298760121;0.247186;0.182107;0.994298 -0.106269 -0.00879684 -0.168743 0.106603 0.992582 0.0584527 -0.301703 0.00251987 -0.0590572 0.998251 -0.0143897 0 0 0 1 
13001298760122;0.958553;0.132627;0.995858 0.0635413 -0.0650267 0.504564 -0.0562059 0.992451 0.109008 -0.716088 0.0714623 -0.104901 0.991912 -0.188881 0 0 0 1 
13001298760124;1.10954;0.461061;0.953338 -0.301755 0.00954201 -0.605428 0.300229 0.950897 0.0752159 -2.00436 -0.0317702 -0.0688414 0.997122 -0.44679 0 0 0 1 
13001298760125;0.573277;0.102213;0.956942 0.0198126 -0.289602 0.487604 0.088506 0.930249 0.356095 -0.785034 0.276457 -0.366394 0.888441 -2.68885 0 0 0 1 
13001298760126;0.254431;0.0821404;0.968834 0.176103 -0.174207 0.849265 -0.166796 0.983725 0.0668162 0.715201 0.183138 -0.035677 0.98244 -0.872521 0 0 0 1 
13001298760127;0.992788;0.0317783;0.918966 -0.342265 -0.195846 -0.654145 0.349464 0.936947 0.0023553 -2.68497 0.182691 -0.0706056 0.980632 -1.1806 0 0 0 1 
13001298760128;0.0799235;0.0569003;0.998994 0.043999 0.00863914 0.13877 -0.0437204 0.998589 -0.0301446 0.210121 -0.00995328 0.0297366 0.999508 0.177339 0 0 0 1 
13001298760129;0.127861;0.0166269;0.999471 -0.0204612 -0.0252768 0.0417063 0.0209041 0.99963 0.0173852 -0.026288 0.0249117 -0.0179044 0.999529 -0.164603 0 0 0 1 
13001298760130;0.557579;0.0226459;0.97135 -0.224629 -0.0775996 -0.648144 0.224386 0.974427 -0.0119595 -1.28993 0.0783016 -0.00579539 0.996913 0.0639329 0 0 0 1 
13001298760131;0.697726;0.0365993;0.989023 -0.146705 -0.0176162 0.0690634 0.142981 0.98029 -0.136339 -1.07755 0.0372706 0.132324 0.990506 0.35373 0 0 0 1 
13001298760132;0.915785;0.0276767;0.971231 0.0269155 0.236612 0.11931 -0.0309529 0.999431 0.0133647 0.218425 -0.236117 -0.0203041 0.971512 0.222586 0 0 0 1 
13001298760133;0.526097;0.0347592;0.9839 0.149799 0.0974713 0.459998 -0.155327 0.986504 0.0517935 0.766255 -0.0883972 -0.0660996 0.99389 0.688094 0 0 0 1 
13001298760134;0.640051;0.0236966;0.994903 -0.0236717 -0.0980226 0.234858 0.0223107 0.999639 -0.0149577 0.0679353 0.0983413 0.0126945 0.995072 0.1218 0 0 0 1 
13001298760135;0.744448;0.264178;0.969841 0.213963 -0.116741 1.04686 -0.213628 0.976792 0.0155224 1.24373 0.117353 0.00988483 0.993041 0.00195154 0 0 0 1 
13001298760136;0.470128;0.0276653;0.991711 0.124613 -0.0313101 0.121851 -0.12408 0.992101 0.01844 0.53298 0.0333606 -0.0144022 0.99934 -0.464781 0 0 0 1 
13001298760137;0.306436;0.0292003;0.961141 0.0838785 0.263006 0.206957 -0.0276784 0.977201 -0.210503 0.11807 -0.274666 0.195043 0.94155 2.03978 0 0 0 1 
13001298760138;0.926249;0.0579477;0.999462 0.00221842 -0.0327182 -0.370053 -0.00418722 0.998176 -0.0602295 -0.336678 0.0325249 0.0603341 0.997648 -0.601961 0 0 0 1 
13001298760139;0.738974;0.113665;0.984279 0.176422 0.00841929 0.626153 -0.175804 0.983187 -0.0493551 0.975148 -0.016985 0.047099 0.998746 0.858858 0 0 0 1 
13001298760140;1.02616;0.0385315;0.987386 0.142364 -0.0692944 0.198879 -0.141245 0.989756 0.0208101 0.465178 0.0715472 -0.0107601 0.997379 -1.21487 0 0 0 1 
13001298760141;0.897713;0.022013;0.953968 -0.217814 0.206159 -0.802044 0.247759 0.95972 -0.132491 -1.63963 -0.168996 0.177469 0.969508 1.98148 0 0 0 1 
13001298760142;0.158181;0.0295393;0.998083 0.0235954 0.0572231 0.075886 -0.016896 0.993239 -0.114853 0.237329 -0.0595462 0.113666 0.991733 0.668916 0 0 0 1 
13001298760143;0.631582;0.315104;0.993795 0.110636 0.0114878 0.213518 -0.104266 0.96256 -0.250215 0.790948 -0.0387403 0.247464 0.968122 1.36833 0 0 0 1 
13001298760144;0.855274;0.0275665;0.986618 -0.106939 -0.12308 0.49955 0.114592 0.991784 0.0568629 -0.542563 0.115988 -0.070206 0.990766 -0.392627 0 0 0 1 
13001298760145;0.0426315;0.0371765;0.999649 -0.0239615 -0.011273 -0.0765303 0.0237014 0.999462 -0.0226664 -0.0838507 0.0118101 0.0223913 0.99968 0.0818455 0 0 0 1 
13001298760146;0.950154;0.0193592;0.994531 0.0400905 -0.096442 0.199516 -0.0406961 0.999162 -0.00431975 0.0644734 0.096188 0.00822093 0.995329 0.471049 0 0 0 1 
13001298760147;0.397392;0.126275;0.958331 0.0379188 -0.283134 0.551521 -0.11577 0.957661 -0.263596 0.689009 0.261151 0.28539 0.922146 -0.269935 0 0 0 1 
13001298760148;0.554781;0.0282284;0.997807 -0.055928 0.0353902 -0.208175 0.0612668 0.982793 -0.174253 -0.422722 -0.0250356 0.17604 0.984065 0.202673 0 0 0 1 
13001298760149;0.73823;0.0428223;0.999588 -0.0259129 -0.0123566 0.0138357 0.0255195 0.999194 -0.0309976 0.244361 0.0131498 0.0306695 0.999443 0.656219 0 0 0 1 
13001298760150;0.886242;0.0408788;0.972202 -0.233183 0.0211956 -0.264978 0.233705 0.971936 -0.0268711 -1.55957 -0.0143349 0.0310776 0.999414 -0.41646 0 0 0 1 
13001298760151;1.10427;0.435913;0.966944 0.208678 0.146533 1.19041 -0.232347 0.957802 0.169205 1.23809 -0.10504 -0.197658 0.974627 -0.0288693 0 0 0 1 
13001298760152;0.722566;0.0623296;0.955957 0.195786 0.218663 0.226949 -0.130579 0.950913 -0.280558 0.431983 -0.262859 0.239649 0.934598 2.26385 0 0 0 1 
13001298760153;0.343462;0.222481;0.992693 0.100884 -0.0662094 0.396022 -0.11 0.982116 -0.1528 0.692598 0.0496103 0.158967 0.986037 0.227542 0 0 0 1 
13001298760155;0.0682714;0.183357;0.997173 0.0667153 0.0345684 -0.157041 -0.0663057 0.997716 -0.0128662 0.216397 -0.0353479 0.0105377 0.99932 0.247376 0 0 0 1 
13001298760156;0.228778;0.263929;0.999326 -0.0320318 -0.0179551 -0.180421 0.0292181 0.989781 -0.139573 -0.0222736 0.0222424 0.138955 0.990049 -0.0161713 0 0 0 1 
13001298760157;0.606065;0.196029;0.996439 0.0826733 -0.0165879 -0.618717 -0.0838989 0.991735 -0.097067 -0.116277 0.00842594 0.098113 0.99514 0.27532 0 0 0 1 
13001298760158;0.344682;0.26362;0.971085 -0.0238196 -0.237542 0.128352 -0.00655245 0.991976 -0.126257 0.195842 0.238643 0.124163 0.963137 -0.926147 0 0 0 1 
13001298760159;0.780294;0.524056;0.995968 0.0577386 -0.0686531 0.298582 -0.0537735 0.996852 0.0582647 0.137302 0.071801 -0.054338 0.995938 -0.677994 0 0 0 1 
13001298760160;0.374691;0.250197;0.988863 0.0991263 -0.111012 -0.161809 -0.061899 0.952265 0.298931 0.0561737 0.135344 -0.28873 0.947796 -0.151246 0 0 0 1 
13001298760161;0.829311;0.2211;0.887068 0.0568345 0.458127 -0.772407 -0.051084 0.998383 -0.0249443 0.168373 -0.458804 -0.00127571 0.888536 2.30071 0 0 0 1 
13001298760162;0.477774;0.174925;0.969957 0.199131 -0.13975 -0.17121 -0.234234 0.919598 -0.315396 0.966697 0.0657085 0.338655 0.938613 0.201893 0 0 0 1 
13001298760163;0.737936;0.499344;0.99476 -0.0242154 0.0993293 -0.120396 0.0297319 0.998074 -0.0544384 -0.702069 -0.0978198 0.0571063 0.993564 0.700085 0 0 0 1 
13001298760164;0.306679;0.224593;0.997279 -0.0134723 -0.0724799 -0.175333 -0.0101787 0.948581 -0.316372 0.168433 0.0730153 0.316249 0.945862 -0.128981 0 0 0 1 
13001298760165;0.655134;0.334289;0.992993 -0.117988 -0.00658938 -0.467422 0.118019 0.993001 0.00457302 -0.689908 0.0060037 -0.00531865 0.999968 -0.371201 0 0 0 1 
13001298760166;0.142166;0.286431;0.99837 -0.052769 -0.0217281 -0.317439 0.051993 0.998039 -0.0348514 -0.226958 0.0235246 0.0336649 0.999156 -0.109826 0 0 0 1 
13001298760167;0.73402;0.94312;0.995222 -0.0505536 0.0835256 -0.601915 0.0513026 0.99866 -0.00684417 -0.430159 -0.0830676 0.0110966 0.996482 0.83387 0 0 0 1 
13001298760168;0.457979;0.979938;0.997675 -0.0674527 -0.00973784 -0.977011 0.0659316 0.991443 -0.112668 -0.188639 0.0172543 0.111764 0.993585 -0.228452 0 0 0 1 
13001298760169;0.0971797;0.232922;0.996779 0.0442375 0.06689 -0.282926 -0.0505243 0.994154 0.0954206 0.0861951 -0.0622778 -0.0984929 0.993187 0.199429 0 0 0 1 
13001298760170;0.865636;1.01763;0.987583 -0.0445263 -0.150655 -1.05823 0.0295505 0.994526 -0.100222 -0.482387 0.154293 0.094526 0.983493 0.00048645 0 0 0 1 
13001298760171;0.53187;0.219856;0.978665 -0.204425 -0.0206361 -0.210518 0.201096 0.932418 0.300262 -1.13242 -0.0421396 -0.298005 0.953634 0.58121 0 0 0 1 
13001298760172;0.399772;0.850369;0.975524 -0.0494384 0.214263 -0.481319 0.00717611 0.981037 0.193689 -0.737415 -0.219776 -0.187411 0.95738 1.12737 0 0 0 1 
13001298760173;0.409814;0.958133;0.987313 0.123169 0.100209 -0.630153 -0.125829 0.991837 0.020652 -0.298033 -0.0968475 -0.0329993 0.994752 0.393918 0 0 0 1 
13001298760174;0.230776;0.214126;0.997307 0.0569007 -0.0462774 -0.186219 -0.0584973 0.997711 -0.0339104 0.0197935 0.044242 0.0365262 0.998353 0.106232 0 0 0 1 
13001298760175;0.184973;0.214029;0.991312 0.0433499 -0.12418 -0.175499 -0.0550619 0.99419 -0.0924908 0.141218 0.119449 0.0985248 0.98794 -0.550674 0 0 0 1 
13001298760176;0.684651;0.47969;0.994553 0.100784 0.0265952 -0.627002 -0.103557 0.926374 0.362088 -0.431511 0.0118555 -0.36287 0.931764 -0.504027 0 0 0 1 
13001298760177;0.712892;0.237124;0.91848 0.245889 -0.309729 0.640732 -0.267803 0.963018 -0.0296279 0.501854 0.29099 0.110159 0.950363 -1.4248 0 0 0 1 
13001298760178;0.372998;0.63565;0.994924 -0.0737018 0.068511 -0.584452 0.0767013 0.996159 -0.0422306 -0.16468 -0.0651354 0.0472711 0.996756 0.200645 0 0 0 1 
13001298760179;0.364497;0.254563;0.986381 0.0477543 0.157391 -0.308992 -0.101743 0.929025 0.355754 0.0434507 -0.129231 -0.366923 0.921231 0.646599 0 0 0 1 
13001298760180;0.444705;0.17277;0.994037 0.0419324 -0.100661 -0.100764 0.00926 0.887314 0.461073 -0.186383 0.108651 -0.459256 0.881634 -0.621644 0 0 0 1 
13001298760181;0.327893;0.247958;0.985108 -0.0247573 0.170143 -0.399855 0.0374602 0.996711 -0.0718601 -0.200828 -0.167804 0.0771636 0.982796 0.541593 0 0 0 1 
13001298760182;0.549357;0.386353;0.997356 0.0319704 -0.0652646 -0.268506 -0.0293345 0.99873 0.0409555 -0.484818 0.0664911 -0.0389327 0.997027 0.116059 0 0 0 1 
13001298760183;0.363905;0.260202;0.956173 0.00962701 -0.292645 0.0320482 0.0775211 0.955471 0.28472 -0.566269 0.282354 -0.294928 0.912849 -0.819229 0 0 0 1 
13001298760184;0.185151;0.259844;0.971205 0.231761 -0.0552068 -0.0886625 -0.230855 0.972732 0.0223494 0.710888 0.0588811 -0.00896105 0.998225 -0.169669 0 0 0 1 
13001298760186;0.752269;0.382619;0.991729 -0.123315 0.0355834 -0.298033 0.123022 0.99235 0.0102973 -0.349083 -0.036581 -0.00583461 0.999314 0.55627 0 0 0 1 
13001298760187;1.11885;0.328908;0.886937 -0.458904 0.0524413 -0.353403 0.460062 0.887806 -0.0119838 -2.10678 -0.0410583 0.0347551 0.998552 0.462627 0 0 0 1 
13001298760188;1.47853;0.30181;0.994752 -0.0984914 -0.027714 -0.236272 0.0815393 0.926737 -0.366756 0.0263908 0.0618059 0.362571 0.929904 0.00819999 0 0 0 1 
13001298760189;0.694353;0.34168;0.997565 0.0143684 0.06824 0.238413 -0.0134313 0.999809 -0.0141718 -0.369799 -0.0684306 0.0132207 0.997568 -0.0157283 0 0 0 1 
13001298760190;1.04867;0.296097;0.945082 -0.273577 -0.178818 -0.44641 0.282523 0.958905 0.02613 -1.65824 0.164321 -0.0752151 0.983535 -0.747372 0 0 0 1 
13001298760191;0.608395;0.23754;0.991665 0.12744 0.0189385 0.269066 -0.126998 0.991637 -0.0229728 0.189717 -0.0217078 0.0203761 0.999557 -0.235122 0 0 0 1 
13001298760192;0.728377;0.343517;0.984436 -0.163348 0.064839 -0.289618 0.163216 0.986563 0.00735489 -0.351474 -0.0651692 0.00334238 0.997869 0.558989 0 0 0 1 
13001298760193;0.223967;0.247877;0.987196 -0.157418 0.0257689 -0.318571 0.156347 0.986918 0.0393434 -0.492707 -0.0316252 -0.0348107 0.998893 -0.0570478 0 0 0 1 
13001298760194;0.894476;0.335566;0.996446 0.00288394 0.0841872 -0.0531969 -0.00140212 0.999843 -0.0176553 -0.202033 -0.0842249 0.0174745 0.996294 -0.176105 0 0 0 1 
13001298760195;0.58478;0.649407;0.995817 0.089404 0.018851 0.365891 -0.0896779 0.995869 0.0142195 -0.0348852 -0.0175018 -0.0158506 0.999721 0.275121 0 0 0 1 
13001298760196;0.904607;0.396655;0.987855 -0.146893 0.0506391 -0.678588 0.147311 0.98908 -0.0045947 -0.281582 -0.0494112 0.0119986 0.998706 -0.201098 0 0 0 1 
13001298760197;0.286883;0.267468;0.976619 -0.214975 0.000822365 -0.437058 0.214763 0.975811 0.040875 -0.943455 -0.00958958 -0.0397427 0.999164 0.0180321 0 0 0 1 
13001298760198;1.24998;1.42899;0.984613 0.174494 -0.00948648 0.450607 -0.174141 0.98426 0.0301305 0.00265287 0.0145947 -0.0280149 0.999501 -0.574675 0 0 0 1 
13001298760199;1.55468;0.313002;0.925875 -0.061681 -0.372762 0.703211 0.0696372 0.997541 0.0079031 -0.286971 0.371358 -0.0332754 0.927893 -1.86441 0 0 0 1 
13001298760200;0.663257;0.300625;0.99113 -0.130837 0.0233005 -0.505542 0.130675 0.99139 0.00832558 -0.902039 -0.0241892 -0.00520693 0.999694 -0.0376586 0 0 0 1 
13001298760201;0.427557;0.427696;0.999445 -0.0275559 -0.0186935 -0.00721957 0.0276711 0.9996 0.00592822 -0.171576 0.0185227 -0.0064422 0.999808 -0.110311 0 0 0 1 
13001298760202;1.14516;0.397258;0.981329 -0.169953 -0.0900557 -0.191042 0.168163 0.985385 -0.0271642 -0.491134 0.0933562 0.011513 0.995566 -0.774287 0 0 0 1 
13001298760203;0.345194;0.422763;0.999395 0.0207002 -0.0279525 0.0557103 -0.0187229 0.997425 0.0692343 -0.108728 0.0293137 -0.0686691 0.997209 -0.199091 0 0 0 1 
13001298760204;0.987501;0.260934;0.972284 -0.231831 0.030297 -0.715797 0.23102 0.972545 0.0280214 -0.515224 -0.0359615 -0.0202455 0.999148 -0.501101 0 0 0 1 
13001298760205;1.27725;0.291247;0.970345 -0.241245 0.0152359 0.166997 0.241176 0.970461 0.00626845 -0.930292 -0.0162981 -0.00240802 0.999864 0.582168 0 0 0 1 
13001298760206;0.732057;0.735107;0.998434 0.018192 -0.052903 0.124752 -0.0220988 0.996996 -0.0742274 -0.0724315 0.0513937 0.0752802 0.995837 0.365135 0 0 0 1 
13001298760207;0.280311;0.259256;0.956016 -0.231144 -0.180569 -0.278787 0.242412 0.969231 0.0427402 -0.833127 0.165134 -0.0846325 0.982633 -0.529252 0 0 0 1 
13001298760208;0.976835;0.335005;0.99884 -0.0433092 -0.0210376 0.143352 0.0439055 0.998622 0.0287613 -0.749442 0.0197629 -0.0296516 0.999365 0.34983 0 0 0 1 
13001298760209;0.510095;0.270832;0.99646 -0.0732491 -0.0412621 0.0776507 0.0731534 0.997313 -0.00382705 -0.464465 0.0414315 0.000795043 0.999141 -0.224765 0 0 0 1 
13001298760210;0.786915;0.34116;0.961416 -0.183545 0.204915 -0.561536 0.189025 0.981945 -0.00731912 -0.273327 -0.199872 0.0457707 0.978752 0.425965 0 0 0 1 
13001298760211;0.331308;0.266633;0.991141 -0.0445178 0.125129 -0.18176 0.0238393 0.98648 0.162136 -0.305725 -0.130655 -0.157716 0.978803 0.086281 0 0 0 1 
13001298760212;0.525518;0.238366;0.990546 0.065225 0.120683 -0.13277 -0.0680254 0.997498 0.0192282 0.0226264 -0.119127 -0.0272559 0.992505 0.0925391 0 0 0 1 
13001298760213;1.26584;0.379763;0.993708 -0.111649 0.00893815 0.230513 0.111954 0.987657 -0.109543 -0.392046 0.00340249 0.109854 0.993942 1.0018 0 0 0 1 
13001298760214;1.19532;1.09186;0.97645 -0.00101578 0.215742 -0.0391287 -0.0236508 0.993458 0.111722 -0.011836 -0.214444 -0.114193 0.970038 0.567706 0 0 0 1 
13001298760215;0.473246;0.358474;0.994777 0.101867 -0.00648869 0.271867 -0.101044 0.991756 0.0788023 -0.129284 0.0144626 -0.077735 0.996869 -0.23016 0 0 0 1 
13001298760217;0.222897;0.043928;0.99302 -0.0970236 -0.0670583 -0.194262 0.10071 0.993451 0.0539713 -0.489605 0.0613827 -0.060348 0.996288 -0.31242 0 0 0 1 
13001298760218;0.56062;0.0538077;0.979785 0.10213 0.17202 0.534916 -0.141561 0.961527 0.235428 0.130586 -0.141358 -0.25502 0.956547 -0.14892 0 0 0 1 
13001298760219;1.35156;0.036853;0.994433 -0.105367 -0.001082 -0.392273 0.10535 0.99438 -0.010474 -0.126914 0.00217954 0.0103017 0.999945 0.949228 0 0 0 1 
13001298760220;0.477483;0.0376078;0.912856 -0.227201 0.339224 -0.28932 0.174881 0.96837 0.177976 -0.678084 -0.368931 -0.103143 0.923716 1.30557 0 0 0 1 
13001298760221;0.489369;0.0396795;0.949519 -0.146038 0.277646 -0.301187 0.101195 0.980312 0.169555 -0.66878 -0.296941 -0.132899 0.945603 0.961604 0 0 0 1 
13001298760222;1.04527;0.0363461;0.998813 0.0353643 0.0335079 -0.289411 -0.0425135 0.96859 0.245002 -0.517941 -0.0237911 -0.246136 0.968943 -0.929529 0 0 0 1 
13001298760223;0.25956;0.0393453;0.972292 0.093472 0.214271 0.149375 -0.109456 0.991931 0.0639646 0.365143 -0.206563 -0.0856456 0.974678 0.492493 0 0 0 1 
13001298760224;0.137794;0.0585186;0.998467 -0.00470441 -0.0551454 -0.00487891 0.00244515 0.999158 -0.0409653 0.00590382 0.0552917 0.0407677 0.997638 0.0277399 0 0 0 1 
13001298760225;1.05742;0.0367457;0.910971 -0.0234042 0.411806 -0.575755 0.0443804 0.998155 -0.0414473 -0.356186 -0.410076 0.0560334 0.910328 1.84739 0 0 0 1 
13001298760226;1.15936;0.0480815;0.987262 0.159044 -0.00430176 -0.123947 -0.159101 0.986782 -0.0307814 0.49339 -0.000650721 0.0310738 0.999517 0.675118 0 0 0 1 
13001298760227;0.324156;0.0544499;0.939215 0.327733 -0.102308 1.24306 -0.338361 0.934085 -0.114005 1.18241 0.058201 0.141692 0.988198 0.24338 0 0 0 1 
13001298760228;1.39459;0.0337871;0.932541 -0.136338 0.334334 -0.729961 0.2421 0.923078 -0.298855 -0.14202 -0.267871 0.359637 0.893815 1.79121 0 0 0 1 
13001298760229;0.664996;0.0461659;0.965573 -0.0403432 0.256984 -0.248196 -0.029222 0.964826 0.261262 0.0124735 -0.258485 -0.259777 0.930431 0.679886 0 0 0 1 
13001298760230;0.977712;0.0375771;0.950257 -0.309515 0.0348071 -0.588743 0.30301 0.944531 0.126675 -1.67515 -0.0720844 -0.109827 0.991333 -0.551851 0 0 0 1 
13001298760231;0.367575;0.0303818;0.899125 0.353942 0.257487 1.1843 -0.362408 0.931891 -0.0154749 1.14536 -0.245427 -0.0794016 0.966158 0.597113 0 0 0 1 
13001298760232;0.090517;0.0512474;0.995958 0.0358809 -0.0823379 0.182391 -0.0391622 0.998487 -0.0385882 0.212397 0.0808288 0.0416568 0.995857 -0.1917 0 0 0 1 
13001298760233;0.668099;0.0439427;0.966971 -0.254417 -0.0154976 -0.215303 0.254851 0.966079 0.0417323 -0.708161 0.00435448 -0.0443035 0.999009 -0.0815548 0 0 0 1 
13001298760234;0.755306;0.0401211;0.9938 0.101267 -0.0459074 0.176833 -0.0931954 0.983854 0.152797 -0.0250992 0.0606395 -0.147571 0.987191 -0.14785 0 0 0 1 
13001298760235;0.973297;0.0659068;0.99894 0.0331299 -0.0319522 0.117997 -0.0320709 0.998937 0.033103 -0.527725 0.033015 -0.0320432 0.998941 -0.435341 0 0 0 1 
13001298760236;0.97211;0.0593078;0.956513 -0.145383 -0.252876 0.129088 0.192504 0.965961 0.172805 -1.00151 0.219146 -0.21397 0.951941 -1.92708 0 0 0 1 
13001298760237;0.48343;0.0608165;0.998824 0.0386913 0.0292012 0.0990374 -0.0376645 0.99868 -0.0349299 -0.127258 -0.0305142 0.033789 0.998963 0.0617 0 0 0 1 
13001298760238;0.245894;0.0532268;0.998545 0.0527322 -0.0113012 0.153505 -0.0533204 0.996753 -0.0603366 0.0953065 0.00808281 0.0608514 0.998114 0.233435 0 0 0 1 
13001298760239;0.597612;0.0562057;0.937323 0.34598 -0.0415039 1.28554 -0.342943 0.937026 0.0661207 1.02767 0.0617668 -0.047743 0.996948 -0.684837 0 0 0 1 
13001298760240;0.379328;0.0603306;0.998071 -0.0620291 0.00261381 -0.128431 0.061916 0.997582 0.0315789 -0.134861 -0.0045663 -0.0313562 0.999498 0.202216 0 0 0 1 
13001298760241;0.905295;0.0551215;0.998364 -0.0453116 -0.034874 0.463653 0.0514079 0.978334 0.20055 -0.0106932 0.0250311 -0.202015 0.979062 -0.787036 0 0 0 1 
13001298760242;0.886526;0.048973;0.919991 -0.347939 0.18043 -1.05085 0.321566 0.93326 0.160062 -1.42689 -0.22408 -0.0892356 0.970477 0.124895 0 0 0 1 
13001298760243;0.836676;0.0260942;0.953092 0.240788 0.183405 0.932694 -0.222598 0.968182 -0.11434 0.482846 -0.205101 0.0681508 0.976365 0.501487 0 0 0 1 
13001298760244;1.22657;0.0571002;0.993654 0.112444 0.00265446 0.894282 -0.112437 0.993655 -0.00264309 0.594663 -0.00293482 0.00232786 0.999993 0.680522 0 0 0 1 
13001298760245;1.14759;0.0580316;0.997842 -0.0654717 -0.00496531 -0.931066 0.0647122 0.993427 -0.0944227 0.0271995 0.0111147 0.0938976 0.99552 0.000533574 0 0 0 1 
13001298760246;0.304771;0.0416062;0.94423 0.260593 -0.201297 1.03303 -0.268874 0.963067 -0.0144577 0.915852 0.190095 0.0677748 0.979424 -0.588913 0 0 0 1 
13001298760248;0.0489943;0.456184;0.987572 -0.156908 -0.00901791 -0.633418 0.15693 0.987608 0.0017762 -0.804959 0.00862746 -0.00316932 0.999958 -0.079981 0 0 0 1 
13001298760249;0.420407;0.271461;0.999334 -0.022516 -0.0287036 -0.2243 0.0236327 0.998953 0.0391776 -0.451764 0.0277914 -0.0398299 0.99882 -0.601834 0 0 0 1 
13001298760250;0.517589;0.303464;0.99557 -0.0328922 0.0880808 -0.270752 0.0320294 0.999424 0.0111909 -0.245782 -0.0883982 -0.0083202 0.99605 0.639164 0 0 0 1 
13001298760251;0.918817;1.06976;0.989291 -0.135271 0.0548156 -0.560033 0.133417 0.990399 0.0362014 -0.45194 -0.0591863 -0.0285004 0.99784 -0.168526 0 0 0 1 
13001298760252;0.624083;0.30805;0.998415 0.00245262 -0.0562336 -0.143672 -0.00540185 0.998614 -0.0523542 0.320718 0.0560273 0.052575 0.997044 -0.0018463 0 0 0 1 
13001298760253;0.848575;0.338901;0.984627 0.106089 0.138761 0.524853 -0.119129 0.988855 0.0892997 0.0714347 -0.12774 -0.104457 0.986292 0.585237 0 0 0 1 
13001298760254;0.316984;0.439617;0.985016 -0.159333 -0.0660089 -0.456483 0.148066 0.977527 -0.150058 -0.704413 0.0884347 0.138036 0.986471 0.264404 0 0 0 1 
13001298760255;0.292142;0.97217;0.981981 -0.108846 -0.154487 -0.473132 0.104068 0.993816 -0.0387143 -1.06762 0.157745 0.0219396 0.987236 -0.463423 0 0 0 1 
13001298760256;0.288912;0.409177;0.989587 -0.143585 0.0100121 -0.683925 0.143835 0.989087 -0.0319163 -0.775058 -0.00532012 0.0330241 0.99944 0.259882 0 0 0 1 
13001298760257;0.0896223;0.392583;0.996929 -0.0643248 0.0446612 -0.292477 0.0604976 0.994768 0.082319 -0.539332 -0.0497227 -0.0793643 0.995605 -0.163073 0 0 0 1 
13001298760258;0.918056;0.808832;0.983092 0.16284 0.0837446 0.777778 -0.169838 0.981835 0.0845885 0.513444 -0.068449 -0.0973812 0.992891 -0.119905 0 0 0 1 
13001298760259;0.628443;0.295311;0.998484 -0.0329816 0.0440688 -0.387938 0.0305402 0.998021 0.0549694 -0.102759 -0.0457945 -0.0535402 0.997515 -0.55599 0 0 0 1 
