#;prob_registration_l1 -r /home/probabilistic_point_clouds_registration/build/tester /home/point_clouds_registration_benchmark//devel/registration_pairs/box_met_local.txt /home/point_clouds_registration_benchmark//planetary/box_met -s 0.2 -t 0.2 -p 0.3 -r 1000 -m 5 -i 40 
id;initial_error;final_error;transformation
7680147070000;1.79635;2.02678;0.87852 0.181797 0.44176 -7.84656 -0.125075 0.980032 -0.154577 -5.33506 -0.461041 0.0805458 0.883716 -31.9726 0 0 0 1 
7680147070001;0.811107;2.24144;0.982148 0.166519 0.0875036 -4.78472 -0.143396 0.963826 -0.224669 -5.32628 -0.12175 0.208111 0.970498 -12.1568 0 0 0 1 
7680147070002;1.49386;1.99414;0.959721 0.00177722 -0.28095 -4.12764 -0.0769267 0.963429 -0.256686 -2.39943 0.270219 0.267959 0.924759 8.88514 0 0 0 1 
7680147070003;0.946768;2.18296;0.992461 0.122392 -0.00635419 -3.87498 -0.121347 0.974065 -0.190976 -5.23174 -0.0171846 0.190307 0.981574 -3.9357 0 0 0 1 
7680147070004;1.43077;2.96958;0.998175 -0.0342177 -0.0497621 -0.588876 0.0275597 0.991285 -0.128816 3.02568 0.0537363 0.12721 0.990419 0.196488 0 0 0 1 
7680147070005;0.312811;2.19894;0.98113 0.188556 0.0427927 -5.38068 -0.189264 0.981839 0.0131151 -7.71174 -0.0395427 -0.0209667 0.998998 -2.88514 0 0 0 1 
7680147070006;1.56238;1.86669;0.999533 -0.0288558 -0.0100443 -0.211489 0.0290364 0.99941 0.0183182 3.18617 0.00950981 -0.0186013 0.999782 -1.63654 0 0 0 1 
7680147070007;1.77223;2.46299;0.962715 0.162421 0.216333 -4.93708 -0.210292 0.95238 0.220795 -7.19762 -0.170169 -0.258055 0.951026 -8.81123 0 0 0 1 
7680147070008;0.368314;2.6293;0.982413 0.166374 0.0847555 -4.87475 -0.167376 0.985881 0.00481513 -6.02126 -0.0827578 -0.0189165 0.99639 -5.36727 0 0 0 1 
7680147070009;2.02654;2.3629;0.998426 -0.0491456 0.0270409 -1.06894 0.0510987 0.995718 -0.0770325 5.26808 -0.0231393 0.0782929 0.996662 -6.41234 0 0 0 1 
7680147070010;1.67484;1.74146;0.991059 -0.00300829 -0.133392 -2.05029 0.000870488 0.99987 -0.0160819 1.71821 0.133423 0.015822 0.990933 9.12577 0 0 0 1 
7680147070011;1.58383;2.54564;0.976111 0.0586955 0.209192 -2.59282 0.0171481 0.939003 -0.343482 2.25948 -0.216593 0.338864 0.915565 -18.0285 0 0 0 1 
7680147070012;1.55669;2.01236;0.99625 0.0192994 0.0843395 -2.81515 -0.00184503 0.979321 -0.202304 1.81059 -0.0864998 0.20139 0.975684 -7.59721 0 0 0 1 
7680147070013;1.90796;2.06914;0.992445 0.122597 0.00487827 -3.84527 -0.121315 0.974576 0.188373 -3.65364 0.0183397 -0.187542 0.982085 0.961111 0 0 0 1 
7680147070014;1.7784;2.24528;0.98755 0.153493 -0.0344263 -4.88137 -0.155942 0.984014 -0.0860189 -5.74221 0.0206727 0.0903164 0.995699 -3.49899 0 0 0 1 
7680147070015;0.363704;2.28445;0.996183 -0.0298349 -0.0820355 -2.2961 0.0578781 0.929255 0.364877 9.55567 0.0653458 -0.368232 0.927435 9.28723 0 0 0 1 
7680147070016;0.265959;2.13835;0.997276 0.0706108 0.0213329 -2.89923 -0.0715548 0.996314 0.047315 -1.03766 -0.0179133 -0.0487125 0.998652 -1.23588 0 0 0 1 
7680147070017;0.994504;2.36414;0.999475 0.0163958 -0.0279372 -2.59072 -0.0158609 0.999689 0.0192606 1.85881 0.0282443 -0.0188074 0.999424 0.0214633 0 0 0 1 
7680147070018;1.14391;2.35434;0.917078 0.107124 -0.384048 -11.1605 -0.108473 0.993933 0.0182164 -2.57741 0.38367 0.0249529 0.923133 21.1776 0 0 0 1 
7680147070019;1.59901;1.95462;0.99818 0.0589337 0.0127826 -1.45902 -0.0589419 0.998261 0.000264661 0.514112 -0.0127447 -0.00101761 0.999918 -1.10664 0 0 0 1 
7680147070020;1.99055;2.24145;0.9742 0.0575569 0.218223 -4.97808 -0.0805875 0.991904 0.0981449 -0.805001 -0.210807 -0.113199 0.970951 -9.91589 0 0 0 1 
7680147070021;1.30849;1.89741;0.964776 -0.0273811 -0.261645 -4.62347 0.0809179 0.977239 0.196104 9.2138 0.25032 -0.210369 0.945032 16.2187 0 0 0 1 
7680147070022;0.490232;2.58318;0.998744 0.0250724 0.0433682 -2.48528 -0.0268877 0.998764 0.0417938 1.47366 -0.0422667 -0.0429074 0.998185 -2.01048 0 0 0 1 
7680147070023;1.93092;1.77788;0.983622 0.177188 0.0330493 -4.91168 -0.170447 0.974018 -0.149123 -5.65303 -0.0586133 0.141047 0.988266 -5.83164 0 0 0 1 
7680147070024;2.01577;2.93002;0.990577 0.0394336 -0.13116 -2.59497 -0.0133208 0.980853 0.194292 2.78253 0.13631 -0.190714 0.972136 9.0498 0 0 0 1 
7680147070025;1.53658;2.04511;0.955399 -0.112175 -0.273185 -2.6999 0.0726819 0.985912 -0.150646 5.0779 0.286236 0.124071 0.950092 11.7232 0 0 0 1 
7680147070026;1.23157;2.45709;0.990277 0.126481 0.0579224 -3.76875 -0.130934 0.988083 0.0809161 -3.13549 -0.0469978 -0.0877133 0.995036 -0.594001 0 0 0 1 
7680147070027;1.05263;2.11026;0.940316 0.031284 0.338862 -4.49912 -0.0874368 0.984546 0.151737 -1.36973 -0.328878 -0.17231 0.92852 -17.4083 0 0 0 1 
7680147070028;0.137424;2.0425;0.999312 0.0329512 0.0170303 -1.88745 -0.033138 0.999392 0.0108054 0.544298 -0.0166639 -0.0113623 0.999797 -1.36092 0 0 0 1 
7680147070029;1.81513;1.8406;0.997389 0.0214063 -0.0689747 -3.15278 -0.0232252 0.9994 -0.025678 3.21654 0.0683837 0.0272129 0.997288 3.38151 0 0 0 1 
7680147070031;0.429088;0.324644;0.971269 -0.0455991 -0.233573 -0.868416 0.0486851 0.998786 0.00746043 0.585823 0.23295 -0.0186176 0.972311 2.06736 0 0 0 1 
7680147070032;0.91489;0.845237;0.996245 0.00887732 0.0861268 0.0294203 -0.0171294 0.995277 0.0955528 0.628558 -0.0848718 -0.0966692 0.991691 0.959599 0 0 0 1 
7680147070033;0.415478;0.261791;0.980444 0.03093 0.194351 -0.0929783 0.028128 0.955408 -0.293946 -0.284024 -0.194776 0.293665 0.935854 -9.07899 0 0 0 1 
7680147070034;0.600344;0.486579;0.982843 -0.0604109 -0.174272 -0.294721 0.0306463 0.985195 -0.168679 -0.227857 0.181882 0.160444 0.970143 -1.25894 0 0 0 1 
7680147070035;0.44843;0.375244;0.997186 0.0233233 0.0712406 -0.59391 -0.0377872 0.977184 0.209006 1.13898 -0.0647404 -0.211109 0.975316 3.14409 0 0 0 1 
7680147070036;0.879785;0.186798;0.999839 -0.000200467 -0.0179593 -2.19408 -0.000260091 0.999671 -0.0256385 0.697766 0.0179586 0.025639 0.99951 -0.827399 0 0 0 1 
7680147070037;0.82527;0.262197;0.999831 0.00759569 0.0167479 -0.461494 -0.00815927 0.999394 0.033843 0.610357 -0.0164807 -0.0339739 0.999287 2.22841 0 0 0 1 
7680147070038;0.802274;0.30738;0.978419 0.0155966 0.20604 -0.310977 -0.07492 0.956071 0.283401 2.62921 -0.192568 -0.292721 0.936607 4.69891 0 0 0 1 
7680147070039;1.33952;0.471004;0.998613 0.0526441 0.000826748 -3.90961 -0.0526452 0.998161 0.0300579 0.170616 0.000757144 -0.0300597 0.999548 1.53282 0 0 0 1 
7680147070040;0.158831;0.179557;0.999516 -0.0111921 -0.029024 -0.201771 0.00788378 0.993712 -0.111693 -0.402763 0.0300916 0.11141 0.993319 -2.10755 0 0 0 1 
7680147070041;1.36617;0.309607;0.999486 0.00398305 0.031825 -0.520843 -0.00533191 0.999086 0.0424119 0.0791741 -0.031627 -0.0425598 0.998593 -2.27469 0 0 0 1 
7680147070042;0.46675;0.379087;0.997103 0.00840046 0.0755995 -0.159021 0.00690468 0.979784 -0.199939 -0.521847 -0.0757507 0.199882 0.976887 -5.83325 0 0 0 1 
7680147070043;1.14629;0.998725;0.964971 0.0620202 0.254922 -0.384969 -0.00297998 0.974185 -0.22573 -0.704985 -0.262341 0.217063 0.940245 -7.35928 0 0 0 1 
7680147070044;0.702038;0.159604;0.999144 -0.00208455 -0.0413152 -0.525637 0.00544119 0.996675 0.0812996 0.958266 0.0410083 -0.0814548 0.995833 3.54673 0 0 0 1 
7680147070045;0.887978;0.57238;0.99964 -0.00306215 0.026641 -0.603732 0.00306199 0.999995 4.67673e-05 0.546532 -0.026641 3.48238e-05 0.999645 -1.5277 0 0 0 1 
7680147070046;0.520495;0.304629;0.99575 0.0082523 0.091722 0.0895373 0.00759618 0.985223 -0.171107 -0.577614 -0.0917787 0.171076 0.980974 -5.68486 0 0 0 1 
7680147070047;1.3778;0.462443;0.993812 0.0794705 -0.0775985 -4.83854 -0.0537784 0.955556 0.289863 2.55662 0.0971853 -0.283896 0.953917 8.2545 0 0 0 1 
7680147070048;1.12108;1.10651;0.999996 -0.00298447 -0.000210584 0.0123939 0.0029727 0.999077 -0.0428537 -0.145684 0.000338285 0.0428529 0.999081 -0.65685 0 0 0 1 
7680147070049;0.932757;0.445657;0.996765 -0.0406012 -0.069359 -0.604874 0.0306192 0.989769 -0.139358 0.504154 0.0743074 0.136783 0.98781 -0.825982 0 0 0 1 
7680147070050;1.2993;0.284325;0.953509 -0.0386316 -0.29888 -3.63465 0.00433295 0.993405 -0.114579 -0.0348406 0.301335 0.107957 0.947387 0.194152 0 0 0 1 
7680147070051;0.92457;0.497072;0.99772 0.0183862 0.0649419 -0.300084 -0.0346621 0.965185 0.259262 1.39536 -0.0579141 -0.260922 0.963621 3.15921 0 0 0 1 
7680147070052;0.840224;0.669297;0.964213 -0.0260742 -0.263843 -1.59016 0.0691796 0.985421 0.155433 2.32572 0.255944 -0.168123 0.95196 7.01471 0 0 0 1 
7680147070053;0.82655;0.423249;0.99999 0.00380041 0.00217042 -0.283082 -0.0037816 0.999956 -0.00860142 0.173442 -0.00220301 0.00859313 0.999961 1.21786 0 0 0 1 
7680147070054;0.270576;0.293274;0.998663 0.0215605 0.0469825 -0.766435 -0.0240622 0.998286 0.0533508 0.152098 -0.0457517 -0.05441 0.99747 0.659999 0 0 0 1 
7680147070055;0.73698;0.343828;0.983821 -0.110753 -0.140821 1.02111 0.0400279 0.90204 -0.429792 0.318743 0.174627 0.417202 0.891879 -6.7449 0 0 0 1 
7680147070056;0.896614;0.207005;0.99908 -0.0309557 -0.0296893 0.159951 0.030368 0.999338 -0.0200488 0.259883 0.0302903 0.0191287 0.999358 -2.15658 0 0 0 1 
7680147070057;0.403726;0.265387;0.998312 0.0265255 0.0516665 -1.45884 -0.0245168 0.998933 -0.0391315 0.019354 -0.0526494 0.0377987 0.997897 -1.37447 0 0 0 1 
7680147070058;0.771956;0.265372;0.993836 0.0188998 0.109239 -0.454941 -0.000858093 0.986643 -0.162896 -0.486791 -0.110859 0.161798 0.980577 -6.21583 0 0 0 1 
7680147070059;0.054331;0.125977;0.999884 0.000787549 0.0152071 -0.116055 -0.00072334 0.999991 -0.00422732 0.0205739 -0.0152103 0.00421583 0.999875 -0.389369 0 0 0 1 
7680147070060;0.252286;0.18059;0.999736 0.0204552 0.0104758 -0.748186 -0.0225622 0.960284 0.278109 2.14842 -0.00437096 -0.278272 0.960492 5.44282 0 0 0 1 
7680147070062;0.694613;1.72061;0.996265 0.0497529 0.0705724 0.901822 -0.0518406 0.998261 0.0280643 -1.5696 -0.0690534 -0.031618 0.997112 -1.40806 0 0 0 1 
7680147070063;0.642429;1.1132;0.999873 -0.00347135 -0.015525 1.39574 0.0034035 0.999985 -0.00439438 -0.524357 0.01554 0.00434098 0.99987 -0.145754 0 0 0 1 
7680147070064;1.73702;1.83863;0.997801 -0.0484865 -0.0451994 1.03386 0.0377095 0.975993 -0.214514 -0.341282 0.0545154 0.212338 0.975674 -3.45904 0 0 0 1 
7680147070065;2.03958;2.30316;0.982786 -0.00675781 -0.184623 -0.94825 0.0335728 0.989224 0.142506 1.62326 0.181671 -0.146251 0.972423 6.19763 0 0 0 1 
7680147070066;1.4044;1.68499;0.996023 -0.0074694 0.0887876 0.859604 0.0195525 0.990514 -0.136012 -0.310714 -0.0869295 0.137207 0.986721 -4.32246 0 0 0 1 
7680147070067;2.44929;1.39866;0.997829 -0.0237523 -0.0614202 2.10455 0.0244799 0.999638 0.0111221 -0.26739 0.0611338 -0.0126016 0.99805 -0.876174 0 0 0 1 
7680147070068;0.72785;1.24683;0.998324 -0.0205364 -0.0540975 1.37021 0.0182843 0.998959 -0.0418004 -0.187383 0.0548996 0.0407413 0.99766 1.54846 0 0 0 1 
7680147070069;0.403431;1.18145;0.997464 -0.0169095 0.0691347 1.89255 0.044559 0.905807 -0.421341 -0.147286 -0.055498 0.423353 0.904263 -9.144 0 0 0 1 
7680147070070;2.46104;2.31692;0.931517 -0.0973109 -0.350437 -0.122688 0.0188592 0.975169 -0.220658 -1.35783 0.363208 0.198938 0.910222 3.36226 0 0 0 1 
7680147070071;1.40642;1.20515;0.942162 0.0610487 0.329551 0.758844 -0.101351 0.989132 0.10652 -1.79593 -0.319467 -0.13376 0.938109 -7.08095 0 0 0 1 
7680147070072;0.468235;1.04969;0.998253 -0.0294565 -0.0512146 1.22096 0.0289888 0.999531 -0.00985177 0.382361 0.0514807 0.00834991 0.998639 0.857105 0 0 0 1 
7680147070073;0.953779;1.19291;0.994321 0.0273444 0.102846 1.03139 -0.00532779 0.978004 -0.20852 -1.10889 -0.106285 0.206788 0.972596 -5.42208 0 0 0 1 
7680147070074;0.189263;0.876529;0.999088 -0.0426576 0.00190897 1.4901 0.0423345 0.983698 -0.174775 -0.402179 0.00557765 0.174697 0.984607 -2.90858 0 0 0 1 
7680147070075;2.44638;1.84431;0.966574 -0.128838 -0.221666 3.71354 0.0561432 0.949947 -0.307323 -0.845736 0.250166 0.284606 0.925428 1.44193 0 0 0 1 
7680147070076;2.31741;1.41119;0.997551 -0.0221598 -0.0663459 1.24374 0.0197627 0.999136 -0.0365714 -0.145126 0.067099 0.0351706 0.997126 3.10817 0 0 0 1 
7680147070077;2.21484;0.957496;0.998238 -0.0574133 0.0149717 3.33762 0.0587184 0.992159 -0.110331 0.0921123 -0.00851981 0.111016 0.993782 -0.102332 0 0 0 1 
7680147070078;0.226189;1.74887;0.992725 0.0393639 -0.113785 0.482692 0.000592396 0.943437 0.331551 2.458 0.1204 -0.329207 0.936551 8.27429 0 0 0 1 
7680147070079;1.94297;1.96944;0.993029 0.0185977 0.116393 0.683675 0.00991734 0.97079 -0.239727 -0.71877 -0.117452 0.239211 0.963838 -7.51847 0 0 0 1 
7680147070080;2.14298;1.40118;0.999417 -0.0340949 0.00192298 1.38131 0.0338037 0.979752 -0.197343 -0.217557 0.00484435 0.197293 0.980333 -0.805958 0 0 0 1 
7680147070081;1.69906;1.5177;0.997954 0.00400915 0.0638117 2.60164 0.00404057 0.992083 -0.125521 -1.28611 -0.0638097 0.125522 0.990037 -2.25633 0 0 0 1 
7680147070082;2.0972;1.7305;0.961301 -0.108459 -0.253252 0.757087 0.0358933 0.960718 -0.275196 -0.517059 0.273151 0.255456 0.927432 3.71014 0 0 0 1 
7680147070083;0.59076;0.987553;0.999541 -0.00785322 0.029268 1.2491 0.0169863 0.945033 -0.326532 -0.694286 -0.0250949 0.326879 0.944733 -6.77352 0 0 0 1 
7680147070084;0.946739;1.68397;0.997798 -0.064794 -0.01418 3.40328 0.0650011 0.997777 0.0146667 0.577166 0.0131982 -0.0155562 0.999792 1.54262 0 0 0 1 
7680147070085;1.67199;1.66124;0.961858 -0.0145309 -0.273164 -0.0495616 0.10695 0.93908 0.326634 4.79794 0.251777 -0.34339 0.904816 13.0267 0 0 0 1 
7680147070086;1.58068;1.38149;0.999752 0.01717 -0.0141868 0.865038 -0.0168973 0.999674 0.0191219 -1.02905 0.0145105 -0.0188774 0.999717 -1.0046 0 0 0 1 
7680147070087;0.945675;1.13673;0.994971 -0.0561214 -0.0829616 0.993079 0.0378022 0.977432 -0.207841 -0.620909 0.0927536 0.203659 0.974638 -1.64388 0 0 0 1 
7680147070088;1.00125;1.29627;0.978346 0.031314 0.204596 1.14385 -0.0270752 0.999357 -0.0234853 -1.27413 -0.2052 0.0174373 0.978565 -5.76906 0 0 0 1 
7680147070089;1.42162;2.00624;0.99838 0.0273066 0.0499212 2.02168 -0.0283265 0.999402 0.019838 -1.07214 -0.0493496 -0.02122 0.998556 0.658208 0 0 0 1 
7680147070090;0.678915;1.50755;0.998221 -0.0436769 -0.0405754 2.21786 0.0450574 0.998414 0.0337546 0.576029 0.0390368 -0.0355228 0.998606 1.43992 0 0 0 1 
7680147070091;1.30647;1.65182;0.988917 -0.0502333 -0.139712 0.222026 0.0350424 0.993409 -0.10914 0.236745 0.144273 0.103034 0.984159 1.70011 0 0 0 1 
7680147070093;0.528987;0.463608;0.995036 -0.0182902 -0.0978205 -0.689208 0.0238061 0.998174 0.0555212 2.02058 0.0966264 -0.0575744 0.993654 7.83205 0 0 0 1 
7680147070094;0.750267;0.67738;0.975105 -0.0289086 -0.21985 -2.67306 0.0564511 0.991162 0.120048 5.02107 0.214437 -0.129471 0.968119 17.8089 0 0 0 1 
7680147070095;1.32662;1.22237;0.995961 0.0533665 0.0722085 -1.21701 -0.0316224 0.961155 -0.274191 -3.5818 -0.0840362 0.2708 0.958961 -12.9938 0 0 0 1 
7680147070096;1.72861;0.222684;0.999732 0.00730998 0.0219787 0.0483594 -0.00623326 0.998796 -0.048665 -0.547188 -0.0223079 0.0485149 0.998573 0.324357 0 0 0 1 
7680147070097;1.58172;1.5852;0.996906 -0.0132249 -0.077486 -0.476943 0.0180295 0.997936 0.0616378 1.79873 0.0765109 -0.0628441 0.995086 7.12304 0 0 0 1 
7680147070098;0.811119;0.59746;0.978721 -0.0371034 -0.201814 -2.17887 0.0150007 0.993822 -0.109966 0.399312 0.204647 0.104599 0.973231 12.8448 0 0 0 1 
7680147070099;0.734807;0.534583;0.999967 0.0017784 0.00797124 -0.0777258 -0.00172363 0.999975 -0.00687322 -0.366112 -0.00798326 0.00685925 0.999945 -1.29156 0 0 0 1 
7680147070100;0.613699;0.120687;0.937827 0.0700785 0.339955 -3.79327 -0.0501848 0.996492 -0.0669736 -4.07678 -0.343456 0.0457491 0.938054 -26.6549 0 0 0 1 
7680147070101;0.463274;0.392406;0.99884 -0.00764456 -0.047542 -0.27009 0.00176047 0.992455 -0.122596 -0.706813 0.0481205 0.12237 0.991317 0.241751 0 0 0 1 
7680147070102;1.71997;1.20773;0.991383 0.0484206 0.121716 -1.28185 -0.0253669 0.98255 -0.184259 -3.00325 -0.128514 0.179584 0.975312 -15.7975 0 0 0 1 
7680147070103;0.768405;0.402116;0.985317 0.027203 0.168555 -0.331131 -0.0345833 0.99856 0.0410054 -1.94708 -0.167197 -0.0462325 0.984839 -9.6596 0 0 0 1 
7680147070104;1.11988;0.993362;0.999941 0.00625734 0.00883015 -0.174608 -0.00575325 0.998414 -0.0560023 -0.984347 -0.00916658 0.0559482 0.998392 -2.40169 0 0 0 1 
7680147070105;0.792054;0.53661;0.970317 0.0494789 0.236721 -1.74066 -0.0499962 0.998742 -0.00382065 -3.75233 -0.236612 -0.00812789 0.97157 -17.643 0 0 0 1 
7680147070106;0.562855;0.312571;0.998238 -0.00120729 -0.0593225 -0.574183 -0.0023682 0.998186 -0.0601647 -0.452519 0.0592875 0.0601992 0.996424 3.65254 0 0 0 1 
7680147070107;0.610731;0.408177;0.999974 -0.00719087 -0.000308078 0.059094 0.00716961 0.991429 0.130452 1.78544 -0.000632629 -0.130451 0.991455 3.7737 0 0 0 1 
7680147070108;1.42716;1.1635;0.999073 0.000790029 -0.0430355 -0.433152 -0.00290199 0.998793 -0.0490346 -0.667891 0.0429448 0.0491141 0.99787 0.708202 0 0 0 1 
7680147070109;0.474796;0.249139;0.901566 0.0282426 0.431719 -4.64365 -0.0912904 0.987818 0.126021 -5.41066 -0.4229 -0.153028 0.893162 -27.6665 0 0 0 1 
7680147070110;0.941477;0.861852;0.999978 0.00253695 0.00620052 -0.129773 -0.00209326 0.997507 -0.0705432 -0.722079 -0.00636402 0.0705287 0.997489 -2.40529 0 0 0 1 
7680147070111;1.47967;1.26504;0.999974 -0.000920494 0.00709405 0.133164 0.00103878 0.99986 -0.0166884 0.105043 -0.00707769 0.0166954 0.999836 0.469133 0 0 0 1 
7680147070112;1.75011;1.29024;0.994741 -0.00613623 -0.102236 -1.13352 0.0410372 0.938454 0.342958 6.05827 0.0938396 -0.34535 0.933771 12.7305 0 0 0 1 
7680147070113;1.0332;1.01121;0.997744 0.0144955 0.0655533 -0.0129902 -0.0104986 0.998088 -0.0609098 -1.11217 -0.0663109 0.0600841 0.995988 -5.68312 0 0 0 1 
7680147070114;0.426388;0.180551;0.982989 -0.0272335 0.181632 0.690094 -0.0452035 0.922649 0.382982 1.53019 -0.178012 -0.384678 0.905723 -3.76041 0 0 0 1 
7680147070115;1.70185;1.64597;0.994315 -0.0150995 -0.105401 -0.923524 -0.0250098 0.92908 -0.369033 -2.99823 0.103498 0.369571 0.92342 -2.34781 0 0 0 1 
7680147070116;1.08478;0.361814;0.998146 0.0460109 0.0398491 -1.30685 -0.0291781 0.936238 -0.350152 -3.08417 -0.0534191 0.34834 0.935845 -13.8151 0 0 0 1 
7680147070117;0.562653;0.562952;0.997281 0.00985873 0.0730306 0.0933915 -0.017225 0.994744 0.100934 -0.349686 -0.0716517 -0.101918 0.992209 -2.61731 0 0 0 1 
7680147070118;0.421204;0.432088;0.991745 -0.0275425 -0.12523 -0.931651 0.0146656 0.994614 -0.102608 0.371045 0.127381 0.0999243 0.986808 6.83331 0 0 0 1 
7680147070119;1.56631;0.345428;0.998237 0.00824566 0.0587761 -0.191991 -0.00470813 0.998183 -0.0600727 -1.16223 -0.0591647 0.0596901 0.996462 -8.08168 0 0 0 1 
7680147070120;0.829004;0.556638;0.999577 0.0132704 -0.0258868 -0.659915 -0.017279 0.986743 -0.161366 -2.22764 0.0234023 0.161745 0.986555 -1.30513 0 0 0 1 
7680147070121;0.0967963;0.0816044;0.997692 0.0028345 0.06785 0.239576 -0.00537064 0.999292 0.0372254 -0.153469 -0.0676964 -0.0375039 0.997001 -3.78531 0 0 0 1 
7680147070122;0.194803;0.206057;0.999478 -0.00767492 -0.0313835 -0.118649 0.00644009 0.999208 -0.0392598 0.151268 0.03166 0.0390372 0.998736 1.54687 0 0 0 1 
7680147070124;1.64617;0.202412;0.997057 0.0257299 0.0722107 -0.114847 -0.0153205 0.989867 -0.141168 -1.4934 -0.0751112 0.139646 0.987349 -6.52302 0 0 0 1 
7680147070125;1.40625;0.503466;0.999926 0.00550614 0.0108485 -0.163424 -0.00555471 0.999975 0.00445151 -0.36629 -0.0108237 -0.00451144 0.999931 -2.5247 0 0 0 1 
7680147070126;1.2267;0.657727;0.998358 -0.0043305 -0.057122 -0.749595 0.00549066 0.999782 0.020169 0.962272 0.0570222 -0.0204495 0.998163 4.03202 0 0 0 1 
7680147070127;1.9725;1.33498;0.986293 -0.0379767 -0.160575 -1.38187 0.0181315 0.992205 -0.123293 0.878863 0.164005 0.118692 0.979293 9.22631 0 0 0 1 
7680147070128;1.62499;0.499955;0.964347 -0.0401373 -0.26158 -3.04025 0.0436969 0.999014 0.00780359 2.80779 0.261009 -0.0189556 0.96515 14.4927 0 0 0 1 
7680147070129;0.486275;0.359086;0.998525 -0.00830626 -0.0536514 -0.307876 0.00586567 0.998948 -0.0454882 0.463554 0.0539728 0.0451064 0.997523 3.97727 0 0 0 1 
7680147070130;1.63305;0.639112;0.997649 0.00779656 0.0680829 -0.0254415 -0.0154126 0.993581 0.112067 0.104045 -0.0667722 -0.112853 0.991366 -2.93506 0 0 0 1 
7680147070131;2.14793;1.15897;0.937514 0.0930521 0.335274 -3.11391 -0.00737676 0.968676 -0.248219 -1.04463 -0.347869 0.230236 0.908834 -23.8155 0 0 0 1 
7680147070132;1.4581;0.754389;0.995046 -0.0229196 -0.0967336 -0.635299 0.0228724 0.999737 -0.00159774 1.45404 0.0967448 -0.000622703 0.995309 4.32028 0 0 0 1 
7680147070133;1.07349;1.11859;0.999107 -0.00870165 -0.0413426 -0.276909 0.00849739 0.999951 -0.00511386 0.648771 0.041385 0.00475799 0.999132 2.83749 0 0 0 1 
7680147070134;1.69636;0.63421;0.992306 -0.0236515 -0.121532 -1.22583 0.00818055 0.991964 -0.126253 0.48106 0.123542 0.124288 0.984525 10.424 0 0 0 1 
7680147070135;0.51747;0.217151;0.935827 -0.056661 -0.347875 -5.21868 0.0590293 0.998249 -0.00379621 3.86115 0.347481 -0.0169823 0.937533 21.3493 0 0 0 1 
7680147070136;0.646267;0.420105;0.911804 -0.0957475 -0.399307 -7.48607 0.0462339 0.99019 -0.131858 2.83845 0.408014 0.101767 0.907286 27.0062 0 0 0 1 
7680147070137;2.04694;1.1948;0.991865 -0.0122646 -0.126699 -1.2225 0.031157 0.988462 0.148229 3.03022 0.123419 -0.150971 0.980804 9.38839 0 0 0 1 
7680147070138;0.720049;0.45914;0.999123 -0.017144 -0.0381897 -0.215955 0.013175 0.994712 -0.101857 0.744663 0.039734 0.101264 0.994066 2.25644 0 0 0 1 
7680147070139;1.74647;0.315272;0.999765 0.00665854 0.020636 -0.0565629 -0.00612739 0.999651 -0.0256963 -0.686534 -0.0207999 0.0255638 0.999457 -3.60461 0 0 0 1 
7680147070140;0.663015;0.666815;0.999954 -0.00415914 -0.00865453 -0.156422 0.00346594 0.996898 -0.0786241 0.0985064 0.0089547 0.0785905 0.996867 0.406376 0 0 0 1 
7680147070141;0.53013;0.500669;0.999992 -0.00323939 -0.0024287 0.0610909 0.00321728 0.999954 -0.00905326 0.219265 0.00245792 0.00904537 0.999956 0.226834 0 0 0 1 
7680147070142;1.96977;0.755072;0.978711 -0.0601588 -0.196226 -3.26313 0.0180473 0.9776 -0.209697 1.37945 0.204446 0.201692 0.957874 15.2218 0 0 0 1 
7680147070143;0.856847;0.648073;0.986476 0.0137132 0.163331 -0.644801 -0.0414597 0.984965 0.167708 -2.03165 -0.158576 -0.172211 0.972212 -11.0523 0 0 0 1 
7680147070144;1.63732;1.49561;0.997278 0.013166 0.0725433 0.116275 -0.0141607 0.999812 0.0132143 -0.990162 -0.0723557 -0.0142056 0.997278 -5.87809 0 0 0 1 
7680147070145;0.140484;0.105822;0.999916 -0.00770219 -0.0104414 -0.143706 0.00763958 0.999953 -0.00602327 0.522671 0.0104873 0.00594299 0.999927 0.786054 0 0 0 1 
7680147070146;1.19743;0.588763;0.995784 -0.0412998 -0.0819106 -1.04226 0.0433275 0.998793 0.0231341 3.19539 0.0808563 -0.0265856 0.996371 3.90973 0 0 0 1 
7680147070147;0.293378;0.360182;0.998429 0.0140114 0.0542427 -0.00815582 -0.00882784 0.995472 -0.0946491 -0.68011 -0.0553232 0.0940216 0.994032 -3.247 0 0 0 1 
7680147070148;2.08491;1.03249;0.993343 -0.0191596 -0.113586 -0.881954 0.0386765 0.984301 0.172207 3.64737 0.108503 -0.175454 0.97849 8.4661 0 0 0 1 
7680147070149;2.16398;1.93769;0.985894 -0.0418254 -0.162059 -1.61236 0.014741 0.986208 -0.16485 0.849856 0.166719 0.160136 0.972914 11.1982 0 0 0 1 
7680147070150;0.570326;0.672393;0.999753 -0.00334424 0.0219626 -0.173083 0.0123393 0.905677 -0.423789 -0.446475 -0.0184737 0.423955 0.905495 0.376971 0 0 0 1 
7680147070151;0.700204;0.528646;0.993477 -0.0236566 -0.111548 -1.0255 0.0263427 0.999396 0.0226678 2.01729 0.110944 -0.0254585 0.9935 6.87177 0 0 0 1 
7680147070152;0.196422;0.163048;0.999273 -0.00996585 -0.0367979 -0.254579 0.00950143 0.999873 -0.0127742 0.62173 0.0369206 0.0124153 0.999241 2.55712 0 0 0 1 
7680147070153;0.328459;0.355441;0.998992 -0.0212867 -0.0395196 -0.413529 0.00860138 0.95487 -0.296898 -0.230756 0.0440561 0.296259 0.954091 4.0221 0 0 0 1 
7680147070155;0.140686;0.989741;0.999683 -0.0245882 -0.00540272 1.35092 0.0245004 0.999576 -0.0157595 3.11354 0.00578792 0.0156221 0.999861 0.445252 0 0 0 1 
7680147070156;0.73666;1.03878;0.999682 -0.0195798 -0.0158853 2.04836 0.0192196 0.999562 -0.0225231 2.36644 0.0163193 0.0222106 0.99962 1.80899 0 0 0 1 
7680147070157;1.89722;1.68118;0.998738 -0.0147024 -0.0480272 0.435002 0.0174072 0.998257 0.0563928 2.79004 0.0471144 -0.0571576 0.997253 6.94958 0 0 0 1 
7680147070158;1.79956;1.91092;0.997866 -0.0548343 -0.0354569 1.60631 0.0476698 0.982812 -0.178349 5.657 0.0446272 0.176279 0.983328 6.09951 0 0 0 1 
7680147070159;1.65931;1.51845;0.999574 -9.75406e-05 -0.0291777 0.174407 -0.000496947 0.999792 -0.0203668 -0.147224 0.0291736 0.0203726 0.999367 1.67496 0 0 0 1 
7680147070160;0.0621527;0.987193;0.99964 0.0115354 -0.0242446 1.36461 -0.0120105 0.999737 -0.0195434 -0.847809 0.0240128 0.0198276 0.999515 2.66311 0 0 0 1 
7680147070161;0.430207;1.4615;0.997789 -0.0545015 -0.0380237 1.89959 0.0521577 0.996827 -0.0601244 6.0917 0.0411799 0.0580083 0.997466 4.69276 0 0 0 1 
7680147070162;0.473536;0.732211;0.964425 0.0512534 0.259342 -1.95941 -0.0582135 0.998119 0.0192241 -6.00737 -0.257869 -0.0336374 0.965594 -28.9072 0 0 0 1 
7680147070163;0.736349;0.833612;0.988915 0.012291 0.147973 -0.33869 -0.0343328 0.98849 0.147342 -3.21539 -0.144459 -0.150789 0.977954 -15.994 0 0 0 1 
7680147070164;0.540732;1.26698;0.998142 -0.0533647 -0.0294052 1.2494 0.048403 0.987606 -0.149301 5.27406 0.0370082 0.1476 0.988354 5.09377 0 0 0 1 
7680147070165;1.76832;0.838809;0.999966 0.000905234 -0.00820254 0.947729 -0.00108868 0.999749 -0.0223881 0.302981 0.00818021 0.0223962 0.999716 3.60094 0 0 0 1 
7680147070166;0.877488;1.1252;0.996664 0.00554202 -0.0814296 1.25972 0.00613752 0.989778 0.142484 1.37812 0.0813869 -0.142508 0.986442 6.80224 0 0 0 1 
7680147070167;0.355143;1.35663;0.997166 -0.0603547 -0.0449183 1.26952 0.0593872 0.99798 -0.0225719 6.92476 0.0461899 0.0198404 0.998736 5.36301 0 0 0 1 
7680147070168;0.458362;1.01818;0.99869 -0.0229187 0.045759 1.7722 0.0177872 0.993821 0.109556 2.79102 -0.0479871 -0.108598 0.992927 -6.12209 0 0 0 1 
7680147070169;1.52541;1.445;0.964345 -0.0573603 -0.258359 -1.1512 0.0776403 0.994592 0.0689809 9.17887 0.253005 -0.0865804 0.963583 25.9794 0 0 0 1 
7680147070170;1.71122;1.72774;0.996054 0.0226129 0.0858187 0.334209 -0.0182051 0.998491 -0.051801 -1.88336 -0.0868606 0.0500343 0.994963 -8.60347 0 0 0 1 
7680147070171;1.73488;0.965113;0.99531 -0.0401244 -0.0880219 2.76819 0.015917 0.965447 -0.260113 2.25484 0.0954174 0.257492 0.961558 10.1415 0 0 0 1 
7680147070172;1.09968;1.27016;0.999974 -0.00704122 -0.00160523 2.25256 0.00701332 0.999835 -0.0167696 1.09582 0.00172305 0.0167579 0.999858 0.265868 0 0 0 1 
7680147070173;0.591876;1.11493;0.964797 -0.00601685 -0.262929 -3.38997 0.0233651 0.997746 0.062904 3.30166 0.261957 -0.0668329 0.962763 28.5863 0 0 0 1 
7680147070174;1.36958;1.61989;0.997252 -0.0279006 0.0686302 1.09711 0.0378632 0.988195 -0.148447 3.58184 -0.0636783 0.150638 0.986536 -7.93201 0 0 0 1 
7680147070175;0.533565;0.987578;0.999735 -0.000147666 -0.0230186 1.46969 -0.000288587 0.99982 -0.0189477 0.782177 0.0230173 0.0189493 0.999555 3.00688 0 0 0 1 
7680147070176;0.79171;0.997185;0.990213 0.0298394 0.13634 1.0332 -0.0165421 0.995084 -0.0976416 -1.91525 -0.138583 0.0944306 0.985838 -14.0885 0 0 0 1 
7680147070177;1.74498;1.76781;0.954916 0.0421356 0.29387 -3.03839 -0.0182106 0.996326 -0.0836807 -2.25655 -0.296316 0.0745566 0.952175 -32.4505 0 0 0 1 
7680147070178;1.38005;1.37404;0.994111 -0.0074013 0.108117 0.454729 0.0194526 0.993648 -0.110841 1.92614 -0.10661 0.112291 0.98794 -12.7309 0 0 0 1 
7680147070179;1.66284;1.4071;0.998209 0.0215349 0.0558176 2.20412 -0.0236317 0.999029 0.0371824 -2.18672 -0.0549627 -0.0384349 0.997748 -5.12507 0 0 0 1 
7680147070180;1.25183;1.22747;0.974393 0.0125088 -0.224505 -2.43443 0.0210995 0.988959 0.146678 2.6597 0.223861 -0.147659 0.963371 21.9939 0 0 0 1 
7680147070181;1.00094;1.00951;0.997182 0.0206106 0.0721332 0.832119 -0.0350261 0.978196 0.204707 -2.96129 -0.0663413 -0.206657 0.976162 -9.40829 0 0 0 1 
7680147070182;1.8528;1.07459;0.977077 0.0285516 0.210961 -0.337948 -0.0559036 0.990599 0.124852 -5.55521 -0.205413 -0.133784 0.969488 -25.8927 0 0 0 1 
7680147070183;0.963883;0.642737;0.986484 0.0447063 0.157642 1.085 -0.0733667 0.980747 0.180977 -7.37803 -0.146516 -0.190097 0.970771 -17.8396 0 0 0 1 
7680147070184;0.147928;0.961714;0.999383 0.00623126 -0.0345682 1.33371 -0.0059799 0.999955 0.00736988 -0.0938105 0.0346125 -0.00715862 0.999375 3.78863 0 0 0 1 
7680147070186;1.27351;2.15246;0.998945 0.0103458 0.0447322 2.5562 -0.00684795 0.996957 -0.0776531 1.11604 -0.0453995 0.0772648 0.995976 -4.05531 0 0 0 1 
7680147070187;0.700101;2.28147;0.950543 0.0806247 0.299946 -2.4597 -0.131275 0.979511 0.152726 -10.6579 -0.281487 -0.184548 0.941651 -30.4455 0 0 0 1 
7680147070188;1.39118;2.70368;0.998541 0.0228299 0.0489417 2.47747 -0.0239793 0.999447 0.0230291 0.12662 -0.0483889 -0.0241691 0.998536 -7.34524 0 0 0 1 
7680147070189;1.30828;2.72628;0.957874 -0.0274331 -0.285875 -1.95914 0.125258 0.935665 0.329911 19.6729 0.258432 -0.351821 0.899686 29.9806 0 0 0 1 
7680147070190;1.12112;2.34396;0.995412 -0.00790809 0.0953532 2.47482 -0.0240996 0.943726 0.329849 1.58799 -0.0925957 -0.330633 0.939206 -9.16041 0 0 0 1 
7680147070191;1.94775;2.60737;0.996228 -0.0473173 -0.0727374 4.20455 0.0603566 0.980106 0.189077 11.5245 0.0623438 -0.192754 0.979265 7.5155 0 0 0 1 
7680147070192;1.68036;3.14432;0.987149 -0.0270632 0.157492 2.66625 0.0320578 0.999058 -0.0292594 7.15254 -0.156552 0.0339322 0.987087 -17.3142 0 0 0 1 
7680147070193;1.11849;2.76876;0.998828 0.000420026 0.0484022 3.61662 0.0129165 0.96139 -0.274888 3.95763 -0.0466488 0.275191 0.960257 -6.56704 0 0 0 1 
7680147070194;0.766853;2.72034;0.999923 0.00357111 0.0118903 1.96816 -0.00366552 0.999962 0.00792728 2.21515 -0.0118616 -0.00797025 0.999898 -1.95979 0 0 0 1 
7680147070195;0.416426;2.49845;0.997464 0.0113103 0.0702718 2.64835 -0.0052665 0.996315 -0.0856034 2.09593 -0.0709811 0.0850162 0.993848 -9.05613 0 0 0 1 
7680147070196;0.748225;2.8116;0.999724 -0.00434011 0.023086 2.39704 0.00270904 0.997528 0.0702199 3.03392 -0.0233337 -0.070138 0.997264 -1.98526 0 0 0 1 
7680147070197;0.500793;2.5644;0.998677 0.0446605 0.0254961 2.29952 -0.0377411 0.973273 -0.22653 -1.89057 -0.0349316 0.225268 0.97367 -5.85373 0 0 0 1 
7680147070198;0.104802;2.74443;0.999799 -0.0188309 0.00681415 3.00127 0.0181449 0.99581 0.0896251 5.59085 -0.00847332 -0.0894835 0.995952 -0.449566 0 0 0 1 
7680147070199;1.797;2.25842;0.982447 0.048324 0.180173 0.386984 -0.0393622 0.997819 -0.0529896 -2.48938 -0.182341 0.0449674 0.982207 -23.1476 0 0 0 1 
7680147070200;0.574851;2.45677;0.999065 0.0360861 -0.0237962 2.01394 -0.0347614 0.997941 0.0539097 -0.743782 0.0256926 -0.0530322 0.998262 2.45247 0 0 0 1 
7680147070201;1.66238;3.10885;0.969887 -0.0578286 -0.236589 -1.62039 0.0549459 0.998313 -0.0187654 7.76916 0.237275 0.00520067 0.971429 25.2311 0 0 0 1 
7680147070202;0.856075;2.83787;0.998718 -0.0470757 0.0186016 2.94153 0.043225 0.984405 0.170521 7.8476 -0.026339 -0.169499 0.985178 -1.36992 0 0 0 1 
7680147070203;0.151635;2.62597;0.999884 0.00783615 0.0130281 2.57623 -0.00788354 0.999962 0.00358973 2.51412 -0.0129995 -0.00369202 0.999909 -1.61791 0 0 0 1 
7680147070204;1.87474;2.97474;0.99972 -0.0159521 0.0174502 1.64238 0.0162204 0.999751 -0.0153423 3.80943 -0.0172011 0.0156211 0.99973 -0.547056 0 0 0 1 
7680147070205;1.34644;2.61201;0.99991 -0.0027634 0.0131361 3.92421 0.00153255 0.995683 0.0928022 5.26474 -0.0133359 -0.0927737 0.995598 -1.2975 0 0 0 1 
7680147070206;0.882492;2.62697;0.905735 -0.102568 -0.411246 -8.70656 0.0519529 0.989828 -0.132448 9.19469 0.420647 0.0985972 0.901851 44.9959 0 0 0 1 
7680147070207;1.16879;2.52706;0.995655 0.0518207 0.0773739 1.00914 -0.0570557 0.996117 0.067055 -3.75736 -0.0735985 -0.0711782 0.994745 -6.55155 0 0 0 1 
7680147070208;1.24601;2.55315;0.997999 0.0435671 0.0458296 1.508 -0.048608 0.992135 0.115347 -2.68417 -0.0404438 -0.117344 0.992267 -3.72599 0 0 0 1 
7680147070209;1.20929;2.53117;0.996864 0.00279065 -0.0790818 2.68551 0.0281617 0.921436 0.387507 8.87723 0.0739503 -0.388519 0.918468 9.5706 0 0 0 1 
7680147070210;1.69015;2.62913;0.999502 -0.0210842 0.0234985 3.82015 0.0207683 0.999692 0.0136101 7.23246 -0.0237782 -0.0131153 0.999631 -1.22233 0 0 0 1 
7680147070211;0.940014;2.73918;0.987514 -0.00100314 -0.157525 0.0815527 0.030435 0.982354 0.18454 7.45545 0.15456 -0.18703 0.970119 19.3496 0 0 0 1 
7680147070212;1.74535;2.85377;0.999207 -0.0369957 0.014734 3.56176 0.037088 0.999294 -0.00603967 8.16348 -0.0145002 0.00658133 0.999873 -2.89743 0 0 0 1 
7680147070213;0.400202;2.51155;0.999171 -0.0146589 0.0379729 2.90655 0.0134476 0.999399 0.0319612 4.74473 -0.0384185 -0.0314241 0.998768 -4.37859 0 0 0 1 
7680147070214;0.315659;3.03675;0.99751 -0.0195421 -0.0677573 2.62647 0.0247103 0.996779 0.0762971 6.44544 0.066048 -0.0777814 0.99478 7.66342 0 0 0 1 
7680147070215;0.611277;2.75599;0.997901 0.0217528 0.0609983 2.28369 -0.0231452 0.999485 0.0222133 0.562291 -0.0604837 -0.0235785 0.997891 -7.53741 0 0 0 1 
7680147070217;0.89674;0.402981;0.998124 0.0116238 0.0601072 0.0309871 -0.0123974 0.999845 0.0125142 -0.383999 -0.0599524 -0.0132359 0.998113 -2.10165 0 0 0 1 
7680147070218;1.73564;0.536797;0.999912 -0.0071541 0.0111459 -0.580821 0.00718744 0.99997 -0.0029543 0.449428 -0.0111245 0.00303416 0.999934 1.64263 0 0 0 1 
7680147070219;1.39452;0.906848;0.961424 -0.0604836 -0.268337 -1.72105 0.03328 0.993937 -0.104796 0.438306 0.273049 0.0918232 0.957608 6.13043 0 0 0 1 
7680147070220;0.267296;0.253096;0.999816 -0.0101864 -0.016225 -0.42181 0.00265629 0.912453 -0.409172 -1.18132 0.0189725 0.409054 0.912313 4.05912 0 0 0 1 
7680147070221;1.27015;1.33016;0.999819 0.00344589 0.0186913 -0.0676965 -0.00754081 0.974632 0.223686 -0.254166 -0.0174464 -0.223786 0.974482 -2.71818 0 0 0 1 
7680147070222;1.97297;0.805174;0.996094 0.00385987 0.0882149 -2.18884 -0.00635817 0.999586 0.0280571 -0.420455 -0.0880701 -0.0285084 0.995706 -1.10609 0 0 0 1 
7680147070223;1.53331;1.06577;0.997845 -0.0100266 -0.0648389 -0.621182 0.0101298 0.999948 0.0012629 -0.218828 0.0648229 -0.00191698 0.997895 -0.149908 0 0 0 1 
7680147070224;2.30376;0.389765;0.911736 -0.0859323 -0.401687 -2.18309 0.0410449 0.992038 -0.119063 0.100112 0.408721 0.0920665 0.908004 4.07618 0 0 0 1 
7680147070225;1.4585;1.14017;0.998776 -0.00926519 -0.0485941 -0.262962 0.00652754 0.998398 -0.0561962 0.194032 0.0490369 0.0558102 0.997236 2.33857 0 0 0 1 
7680147070226;1.86707;0.677593;0.998409 -0.0122449 -0.0550473 -0.430538 0.0114032 0.999814 -0.0155788 0.476253 0.0552278 0.0149263 0.998362 2.96488 0 0 0 1 
7680147070227;0.781577;0.424071;0.999828 -0.00335702 -0.018256 -0.115288 0.00332363 0.999993 -0.00185943 -0.131385 0.0182621 0.00179843 0.999832 -0.654481 0 0 0 1 
7680147070228;0.400914;0.440603;0.998316 0.0108208 0.0569964 0.0285773 -0.0122428 0.999621 0.0246588 -0.200988 -0.056708 -0.0253151 0.99807 -1.13271 0 0 0 1 
7680147070229;0.955663;0.755575;0.999743 -0.00747293 -0.0214092 -0.454101 0.00650031 0.998959 -0.0451452 0.0861438 0.0217243 0.0449945 0.998751 0.962791 0 0 0 1 
7680147070230;0.317185;0.25705;0.980978 -0.0402531 -0.189898 -1.04442 0.031228 0.998247 -0.0502823 0.383935 0.191589 0.0433957 0.980515 3.37441 0 0 0 1 
7680147070231;1.12926;0.973181;0.99998 0.00080849 0.00630278 -0.0453288 -0.000845384 0.999983 0.00585311 -0.132934 -0.00629794 -0.00585832 0.999963 -0.971314 0 0 0 1 
7680147070232;1.51388;0.931781;0.999969 0.00328564 0.00710992 -0.6604 -0.00340044 0.999863 0.0161952 -0.460599 -0.00705574 -0.0162189 0.999844 -1.46681 0 0 0 1 
7680147070233;1.97376;1.40823;0.991422 -0.00129318 -0.130695 -1.23798 0.0434094 0.946446 0.319929 0.21077 0.123282 -0.322858 0.938384 -2.36409 0 0 0 1 
7680147070234;1.9935;0.470054;0.99978 -0.00739515 -0.0196423 -0.22874 0.00543052 0.995147 -0.098254 -0.314066 0.0202735 0.0981257 0.994968 -1.28022 0 0 0 1 
7680147070235;1.53051;0.976584;0.986968 -0.0231292 -0.159246 -0.514288 0.0215196 0.999698 -0.0118248 -0.0121973 0.159472 0.00824377 0.987168 1.01685 0 0 0 1 
7680147070236;0.104269;0.150063;0.999924 0.0027661 0.0119819 -0.128437 -0.00276677 0.999996 3.93809e-05 -0.0786768 -0.0119818 -7.25292e-05 0.999928 -0.151931 0 0 0 1 
7680147070237;2.06657;0.677196;0.997645 -0.0185135 -0.0660484 -1.70459 0.00661083 0.984357 -0.176062 -0.39658 0.0682748 0.175211 0.982161 4.08016 0 0 0 1 
7680147070238;1.4657;1.46249;0.916148 0.027015 0.39993 -0.816236 -0.128155 0.9651 0.228381 -2.13825 -0.379803 -0.260484 0.887636 -8.77609 0 0 0 1 
7680147070239;0.672786;0.380303;0.992282 0.0191138 0.122523 0.00885643 -0.0271284 0.997576 0.0640823 -0.292541 -0.121001 -0.0669116 0.990395 -1.90532 0 0 0 1 
7680147070240;1.69401;0.408644;0.998845 0.00455796 0.0478375 -0.197656 -0.0081499 0.997138 0.0751623 0.362832 -0.047358 -0.0754653 0.996023 0.477293 0 0 0 1 
7680147070241;1.89764;0.785862;0.996504 -0.0069678 -0.0832503 -0.406976 0.024443 0.977226 0.210791 -0.293123 0.0798856 -0.212089 0.97398 -3.0857 0 0 0 1 
7680147070242;1.04234;0.404786;0.997962 -0.00538862 -0.0635817 -0.969906 0.00585659 0.999957 0.00717605 0.0212161 0.0635403 -0.00753379 0.997951 1.57855 0 0 0 1 
7680147070243;1.63774;1.06456;0.969587 0.0277194 0.243173 -1.39592 -0.0359422 0.99892 0.0294425 -0.949934 -0.242094 -0.0372872 0.969536 -4.07302 0 0 0 1 
7680147070244;2.23994;1.62631;0.996486 0.000536885 -0.0837599 -0.440826 0.0172496 0.97723 0.211481 0.705138 0.0819662 -0.212182 0.973787 1.18265 0 0 0 1 
7680147070245;0.410551;0.222641;0.999759 -0.00262147 -0.0218005 -0.1571 0.00266289 0.999995 0.00187088 -0.0783817 0.0217955 -0.00192848 0.999761 -0.212474 0 0 0 1 
7680147070246;0.921508;0.344239;0.994565 -0.0171305 -0.102701 -0.416614 0.0118624 0.998593 -0.0516881 -0.0758337 0.103442 0.0501889 0.993368 0.891177 0 0 0 1 
7680147070248;1.50847;1.07032;0.971941 0.00981644 -0.235018 -1.32353 0.0607226 0.954792 0.291005 7.79823 0.22725 -0.297111 0.927406 23.6548 0 0 0 1 
7680147070249;1.33018;0.844859;0.996261 0.0698082 0.0508936 2.1807 -0.0700018 0.997545 0.00202957 -4.54561 -0.050627 -0.00558463 0.998702 -3.15338 0 0 0 1 
7680147070250;0.124558;0.363296;0.999895 -0.00178086 0.0143797 0.852056 0.00173566 0.999994 0.00315545 0.521467 -0.0143853 -0.00313016 0.999892 -1.38816 0 0 0 1 
7680147070251;0.53556;0.818357;0.985352 0.074919 0.153192 -0.608041 -0.0901588 0.991379 0.0950771 -7.03821 -0.144748 -0.107496 0.983612 -11.8804 0 0 0 1 
7680147070252;1.1295;0.474663;0.989731 0.0860873 0.114113 -0.65457 -0.0781837 0.994334 -0.0720223 -6.29133 -0.119667 0.0623609 0.990854 -9.17557 0 0 0 1 
7680147070253;0.578449;0.406761;0.998361 -0.00270608 -0.0571631 0.226678 0.00326498 0.999948 0.0096862 0.894232 0.0571339 -0.00985696 0.998318 5.8991 0 0 0 1 
7680147070254;1.15198;0.497418;0.999872 -0.0139024 0.0079274 2.15424 0.0138576 0.999888 0.00568326 2.51572 -0.00800552 -0.00557268 0.999952 -2.20214 0 0 0 1 
7680147070255;0.370863;0.317772;0.998297 0.0428222 0.0396056 0.0948579 -0.0566836 0.872377 0.485536 -2.15583 -0.0137593 -0.486954 0.873319 2.80577 0 0 0 1 
7680147070256;1.32328;0.631255;0.967947 0.0782539 0.238651 -2.41625 -0.0322703 0.981095 -0.190816 -2.92199 -0.249071 0.176999 0.952174 -26.1592 0 0 0 1 
7680147070257;0.807316;0.433968;0.970851 -0.0844276 -0.224322 -1.0577 0.0354459 0.97619 -0.214 3.10803 0.237048 0.19981 0.950728 20.1463 0 0 0 1 
7680147070258;0.260139;0.254011;0.959372 0.0841739 0.269294 -3.03716 -0.0504145 0.990242 -0.129919 -4.64769 -0.277602 0.111064 0.954255 -26.1289 0 0 0 1 
7680147070259;0.965988;0.87808;0.988946 0.0208104 0.146807 -0.297654 -0.0329423 0.996194 0.0806973 -2.4449 -0.144569 -0.0846414 0.985868 -12.0742 0 0 0 1 
7680147070260;0.831214;0.36301;0.999168 0.0297728 -0.0278695 0.707468 -0.0248587 0.986391 0.162528 -0.346519 0.0323291 -0.1617 0.98631 4.0459 0 0 0 1 
7680147070261;1.06706;0.462301;0.986211 0.0663997 0.151589 -0.736145 -0.029734 0.972168 -0.232389 -2.87422 -0.162801 0.224677 0.960737 -18.2016 0 0 0 1 
7680147070262;1.52451;1.15381;0.991108 0.0295741 0.129735 1.11713 -0.0306802 0.999508 0.006535 -2.72916 -0.129478 -0.0104572 0.991527 -13.4772 0 0 0 1 
7680147070263;1.15131;0.604558;0.998646 0.0250613 0.0455882 0.0590064 -0.0237672 0.999305 -0.0287104 -2.51861 -0.0462761 0.027588 0.998548 -6.37621 0 0 0 1 
