#;prob_registration_l1 -r /home/probabilistic_point_clouds_registration/build/tester /home/point_clouds_registration_benchmark//devel/registration_pairs/gazebo_summer_local.txt /home/point_clouds_registration_benchmark//eth/gazebo_summer -s 0.2 -t 0.2 -p 0.3 -r 1000 -m 5 -i 40 
id;initial_error;final_error;transformation
36535719080000;0.0805842;0.0335082;0.999939 0.00187095 0.0108883 -0.0293229 -0.0028512 0.995872 0.0907207 -0.0328372 -0.0106736 -0.0907463 0.995817 0.0951235 0 0 0 1 
36535719080001;0.11249;0.0364763;0.991185 0.0143698 0.1317 -0.230371 -0.00458465 0.997225 -0.0743023 0.0671224 -0.132403 0.0730435 0.988501 0.280487 0 0 0 1 
36535719080002;0.259114;0.0529381;0.992113 0.0401263 0.118754 0.117535 -0.061036 0.982124 0.178063 -0.453475 -0.109486 -0.183906 0.976827 0.181722 0 0 0 1 
36535719080003;0.441289;0.544269;0.984973 -0.127142 0.116889 -0.602712 0.132397 0.990456 -0.0383135 0.0569528 -0.110902 0.0532134 0.992406 -0.0408138 0 0 0 1 
36535719080004;0.424931;0.517099;0.963889 -0.110932 0.242098 -0.861759 0.123468 0.991652 -0.0371875 0.24188 -0.235952 0.0657359 0.969539 -0.0609907 0 0 0 1 
36535719080005;0.508351;0.0484122;0.988309 -0.115913 0.0990407 0.517285 0.144962 0.915661 -0.374901 0.843189 -0.047232 0.384875 0.921759 -0.292929 0 0 0 1 
36535719080006;0.482532;0.391993;0.99155 -0.028728 -0.126502 -0.70364 0.00801941 0.98688 -0.161257 0.26493 0.129475 0.15888 0.978771 -1.33714 0 0 0 1 
36535719080007;0.407429;0.0524638;0.947338 -0.319213 -0.025585 0.197142 0.30339 0.920205 -0.247338 -0.648718 0.102497 0.226551 0.968591 -1.09326 0 0 0 1 
36535719080008;0.494873;0.451313;0.975571 -0.0516253 0.213532 -1.08947 0.113951 0.949929 -0.290948 0.190991 -0.18782 0.308173 0.932606 -0.535246 0 0 0 1 
36535719080009;0.260051;0.0423264;0.991124 -0.0764668 0.108745 -0.194953 0.0720502 0.996431 0.0439844 -0.785196 -0.11172 -0.0357589 0.993096 -0.224261 0 0 0 1 
36535719080010;0.367096;0.0541226;0.981937 -0.160052 0.100909 0.563606 0.164348 0.985754 -0.0357491 -0.125783 -0.0937502 0.0516876 0.994253 0.823729 0 0 0 1 
36535719080011;0.379627;0.0667218;0.972438 -0.201256 0.117731 0.0667089 0.193771 0.9784 0.072016 0.411866 -0.129682 -0.0472182 0.990431 -0.141112 0 0 0 1 
36535719080012;0.1676;0.0281957;0.998942 0.0459292 -0.00251903 -0.224502 -0.0459134 0.998927 0.0060146 0.250265 0.00279257 -0.00589258 0.999979 -0.452683 0 0 0 1 
36535719080013;0.445602;0.436362;0.965525 -0.0763006 0.248876 -0.108959 0.0779387 0.996953 0.0032801 -0.156185 -0.248368 0.01623 0.96853 0.456541 0 0 0 1 
36535719080014;0.45281;0.44211;0.998597 0.0412514 0.0332094 -0.988214 -0.0412956 0.999147 0.000645202 0.125321 -0.0331544 -0.0020157 0.999448 0.110004 0 0 0 1 
36535719080015;0.366192;0.433386;0.995991 -0.00879222 0.0890211 -1.16275 0.00409398 0.998596 0.0528224 -0.0695322 -0.0893605 -0.0522461 0.994628 0.306162 0 0 0 1 
36535719080016;0.0775968;0.0392828;0.99465 0.0112651 0.102688 -0.226784 -0.0157727 0.998942 0.043191 0.0432678 -0.102093 -0.0445796 0.993775 0.231293 0 0 0 1 
36535719080017;0.294515;0.0421531;0.96316 0.0762904 0.257881 -0.292119 0.000955877 0.957941 -0.286963 0.235937 -0.268927 0.276638 0.922578 0.273459 0 0 0 1 
36535719080018;0.425335;0.442616;0.998879 -0.0144293 0.045083 -0.77063 0.0173275 0.997763 -0.0645723 -0.352303 -0.0440504 0.0652811 0.996894 -0.445969 0 0 0 1 
36535719080019;0.389784;0.410373;0.998386 0.00100101 -0.0567826 -0.559749 -0.00506193 0.997434 -0.0714184 -0.131751 0.0565654 0.0715905 0.995829 -0.441206 0 0 0 1 
36535719080020;0.317608;0.0453237;0.976382 0.199588 -0.0827265 -0.263728 -0.194972 0.978933 0.0606301 0.966515 0.0930847 -0.0430687 0.994726 0.0490578 0 0 0 1 
36535719080021;0.423824;0.0753262;0.918158 -0.301348 0.257244 0.446941 0.368558 0.887891 -0.275345 -0.425465 -0.145429 0.34762 0.926289 0.187611 0 0 0 1 
36535719080022;0.154215;0.0374194;0.999654 0.0261207 -0.0032034 -0.446619 -0.0260965 0.999632 0.00736102 0.00856418 0.0033945 -0.00727487 0.999968 -0.305358 0 0 0 1 
36535719080023;0.35143;0.037325;0.968476 0.0219673 -0.248135 -0.0912666 0.00287251 0.995053 0.0993035 0.267662 0.249088 -0.0968859 0.963622 0.361229 0 0 0 1 
36535719080024;0.34005;0.0406124;0.959123 -0.234622 -0.158227 0.368328 0.165485 0.918568 -0.358954 -0.195999 0.229561 0.318096 0.919846 -1.02312 0 0 0 1 
36535719080025;0.273677;0.0354915;0.989298 0.0899333 -0.1149 -0.174135 -0.0681975 0.981157 0.180776 0.523988 0.128993 -0.171005 0.97679 0.0750313 0 0 0 1 
36535719080026;0.254446;0.0575461;0.999605 -0.0111475 0.0257967 0.393243 0.0111031 0.999937 0.00186384 0.463861 -0.0258158 -0.00157668 0.999665 0.0346244 0 0 0 1 
36535719080027;0.274443;0.133491;0.990481 0.118216 0.0705226 -0.551766 -0.119051 0.992858 0.00775372 0.134396 -0.0691023 -0.0160757 0.99748 0.0667791 0 0 0 1 
36535719080028;0.110223;0.0418165;0.993836 -0.0195494 0.109121 -0.239946 0.0269522 0.997403 -0.0667825 -0.139074 -0.107532 0.0693119 0.991783 0.0919784 0 0 0 1 
36535719080029;0.464721;0.517086;0.978521 -0.101979 0.179154 -0.677697 0.103745 0.994604 -0.000489239 0.202781 -0.178138 0.0190651 0.983821 -0.22179 0 0 0 1 
36535719080031;0.562593;0.420233;0.993553 -0.0992737 0.0547488 -0.592032 0.100037 0.994919 -0.0113801 0.439558 -0.0533409 0.0167836 0.998435 -0.154601 0 0 0 1 
36535719080032;0.49885;0.560301;0.997385 0.0533298 0.0487734 -0.677593 -0.0584402 0.992192 0.110182 0.28458 -0.0425166 -0.112744 0.992714 -0.238098 0 0 0 1 
36535719080033;0.471869;0.486257;0.989658 -0.0238994 0.141439 -0.560564 -0.00863191 0.974313 0.225031 0.391709 -0.143184 -0.223925 0.964031 1.38299 0 0 0 1 
36535719080034;0.28376;0.446221;0.995679 0.0442346 -0.0816512 -0.389843 -0.04263 0.998864 0.0212926 0.635899 0.0825003 -0.0177198 0.996433 -0.231862 0 0 0 1 
36535719080035;0.587922;0.79704;0.991542 -0.105223 0.0759755 -1.12861 0.107051 0.994044 -0.0204011 -0.0284799 -0.0733763 0.0283618 0.996901 -0.786556 0 0 0 1 
36535719080036;0.406933;0.127276;0.998416 -0.0541074 -0.0154441 -0.396375 0.0542469 0.998489 0.00876207 0.169605 0.0149467 -0.00958599 0.999842 0.433446 0 0 0 1 
36535719080037;0.0919718;0.115278;0.997715 0.0139435 0.0661012 -0.0853648 -0.0147505 0.999822 0.0117363 0.0141225 -0.0659258 -0.0126845 0.997744 0.103338 0 0 0 1 
36535719080038;0.581548;0.444351;0.991644 -0.119846 0.0477345 -1.33586 0.115632 0.989821 0.0829699 -0.210743 -0.0571922 -0.076757 0.995408 0.528854 0 0 0 1 
36535719080039;0.434512;0.154299;0.995614 0.0768977 0.0532891 -0.673095 -0.074967 0.996487 -0.0373315 0.662348 -0.0559726 0.0331728 0.997881 -0.567964 0 0 0 1 
36535719080040;0.566995;0.696133;0.964696 -0.0736424 0.252862 -0.644049 0.0309956 0.985185 0.168669 0.243269 -0.261537 -0.154877 0.952686 0.480667 0 0 0 1 
36535719080041;0.142283;0.126393;0.995622 0.0844083 0.0401465 0.0382446 -0.0849776 0.996302 0.0126882 0.554051 -0.0389271 -0.0160442 0.999113 -0.0892215 0 0 0 1 
36535719080042;0.307724;0.172893;0.991779 -0.108216 -0.0682974 -0.166799 0.0900452 0.969394 -0.228403 -0.230779 0.090924 0.220375 0.971168 -0.179594 0 0 0 1 
36535719080043;0.210302;0.510694;0.978243 -0.0320931 0.204967 -0.837597 -0.00186154 0.986565 0.163358 0.22663 -0.207456 -0.160185 0.96504 0.608543 0 0 0 1 
36535719080044;0.594242;0.675125;0.995475 -0.0892412 0.0326461 -0.768937 0.0844036 0.988218 0.127674 -0.569677 -0.0436553 -0.124341 0.991279 0.474308 0 0 0 1 
36535719080045;0.55307;0.172973;0.987486 0.152631 0.0396806 -0.760399 -0.145707 0.979269 -0.140718 1.28856 -0.060336 0.133176 0.989254 0.393928 0 0 0 1 
36535719080046;0.383937;0.383029;0.99116 0.0904362 0.0970682 -0.440683 -0.0869195 0.995417 -0.0398746 0.830583 -0.100229 0.031085 0.994479 -0.397436 0 0 0 1 
36535719080047;0.507113;0.184776;0.999608 -0.0223425 0.0168846 0.0540149 0.0222846 0.999745 0.00360824 -0.236295 -0.016961 -0.00323056 0.999851 0.720924 0 0 0 1 
36535719080048;0.299943;0.632105;0.972503 -0.0632795 0.224128 -1.06582 0.127266 0.950373 -0.28389 -0.0690809 -0.195041 0.304608 0.932294 0.373051 0 0 0 1 
36535719080049;0.398366;0.780543;0.96856 -0.13031 0.211923 -1.15012 0.0839449 0.973071 0.214677 -0.300079 -0.23419 -0.190138 0.953416 0.79073 0 0 0 1 
36535719080050;0.499825;0.374722;0.981493 0.0325503 -0.188712 -0.636039 -0.0417914 0.998104 -0.045198 0.915009 0.186883 0.052248 0.980992 -1.1629 0 0 0 1 
36535719080051;0.440086;0.862807;0.988859 -0.0992922 0.110902 -1.22586 0.105789 0.992904 -0.0543106 0.0835743 -0.104723 0.0654378 0.992346 -0.253254 0 0 0 1 
36535719080052;0.307637;0.597125;0.975666 -0.08173 0.20346 -1.00198 0.0466489 0.984062 0.1716 -0.0113054 -0.214242 -0.157933 0.963928 0.856288 0 0 0 1 
36535719080053;0.461332;0.801075;0.963879 -0.0708695 0.256738 -1.03474 0.0545816 0.99605 0.0700308 0.0468363 -0.260687 -0.0534881 0.963941 1.12486 0 0 0 1 
36535719080054;0.521749;0.4687;0.944184 -0.00941791 0.329283 -0.396362 -0.0286363 0.993461 0.110526 1.06946 -0.32817 -0.113786 0.93774 0.888713 0 0 0 1 
36535719080055;0.319357;0.773651;0.97058 -0.0208812 0.239872 -1.07545 0.0385458 0.996859 -0.0691876 0.335613 -0.237673 0.0763982 0.968336 0.291461 0 0 0 1 
36535719080056;0.611624;0.816242;0.984267 -0.0790848 0.158 -1.2879 0.0893871 0.994237 -0.059188 0.257306 -0.152409 0.07238 0.985664 -0.611236 0 0 0 1 
36535719080057;0.403587;0.135703;0.992496 0.0909135 -0.0817702 -0.0197947 -0.099642 0.988935 -0.109903 -0.0697717 0.0708738 0.117226 0.990573 -0.525912 0 0 0 1 
36535719080058;0.354702;0.319445;0.963618 -0.168102 0.2078 -0.156063 0.185839 0.980164 -0.0688668 -0.607278 -0.192102 0.104979 0.975744 -0.0199858 0 0 0 1 
36535719080059;0.377989;0.146384;0.978108 0.192313 0.0795027 -0.293475 -0.176334 0.968811 -0.1741 0.987635 -0.110505 0.15627 0.981513 -0.334815 0 0 0 1 
36535719080060;0.383603;0.45937;0.99717 0.0069776 0.0748616 -0.54141 -0.0141539 0.995303 0.0957641 0.287115 -0.0738418 -0.0965527 0.992585 -0.225009 0 0 0 1 
36535719080062;0.362158;0.20026;0.986037 0.166281 -0.00909297 -0.247922 -0.166477 0.985627 -0.0287052 0.0506365 0.00418917 0.0298181 0.999547 -1.22511 0 0 0 1 
36535719080063;0.299523;0.27562;0.991862 -0.108995 0.0658035 0.0693343 0.101021 0.988299 0.114281 -0.948949 -0.0774895 -0.106703 0.991267 -0.767625 0 0 0 1 
36535719080064;0.461382;0.192444;0.990967 -0.0853017 -0.103484 0.467419 0.0427816 0.932396 -0.358896 0.232085 0.127102 0.351227 0.927623 -1.66274 0 0 0 1 
36535719080065;0.4807;0.675134;0.962608 0.151956 0.224265 -0.185777 -0.189354 0.969457 0.155882 -1.76565 -0.193728 -0.192519 0.96198 0.880579 0 0 0 1 
36535719080066;0.231893;0.20783;0.993416 -0.0756712 0.0860161 0.529026 0.0698638 0.995193 0.0686337 -1.16844 -0.0907962 -0.0621724 0.993927 0.280193 0 0 0 1 
36535719080067;0.276753;0.169774;0.9775 0.201326 0.0629459 -0.0654945 -0.209025 0.884413 0.417279 -0.373217 0.028339 -0.421047 0.906596 0.264593 0 0 0 1 
36535719080068;0.41506;0.419727;0.989378 -0.132778 0.0591627 0.425222 0.129373 0.989892 0.0581031 -1.44437 -0.0662796 -0.0498319 0.996556 -0.896087 0 0 0 1 
36535719080069;0.168667;0.205609;0.997545 0.0316363 0.0624825 -0.0915208 -0.0415305 0.985583 0.164019 -0.778221 -0.0563927 -0.166211 0.984476 0.338582 0 0 0 1 
36535719080070;0.366766;0.232146;0.954815 0.275746 -0.110871 0.0379411 -0.21171 0.892876 0.39743 -0.565584 0.208584 -0.356 0.91091 -1.00475 0 0 0 1 
36535719080071;0.314881;0.246946;0.9946 -0.101312 -0.0225059 -0.206436 0.100422 0.994231 -0.0376751 -0.392596 0.026193 0.0352116 0.999037 -0.0930369 0 0 0 1 
36535719080072;0.205179;0.247068;0.997963 -0.053719 0.0344132 0.171797 0.0511605 0.996139 0.0713468 -0.495198 -0.038113 -0.0694409 0.996858 0.245669 0 0 0 1 
36535719080073;0.364246;0.37172;0.938518 -0.183585 0.292371 -0.182692 0.0662495 0.926919 0.369368 -1.70068 -0.338814 -0.327289 0.882092 0.971348 0 0 0 1 
36535719080074;0.343501;0.950648;0.981065 0.156115 0.114627 -0.179031 -0.178435 0.958697 0.221496 -2.86857 -0.0753137 -0.237756 0.968401 0.179067 0 0 0 1 
36535719080075;0.45993;0.953677;0.971704 0.17653 -0.156936 0.288721 -0.202663 0.964368 -0.170064 -1.73296 0.121322 0.197057 0.972856 -1.01186 0 0 0 1 
36535719080076;0.347563;0.205803;0.95774 0.285785 0.0325631 0.252204 -0.28571 0.93214 0.222452 -0.639773 0.0332203 -0.222355 0.9744 0.0233904 0 0 0 1 
36535719080077;0.245685;0.202024;0.951628 0.270862 -0.145042 0.148813 -0.238566 0.948866 0.206736 -0.0611491 0.193623 -0.162134 0.967586 -0.406316 0 0 0 1 
36535719080078;0.322722;0.228439;0.99434 0.105567 0.0119682 -0.452559 -0.106164 0.982925 0.150288 -0.114798 0.00410169 -0.150708 0.98857 -0.790492 0 0 0 1 
36535719080079;0.340882;0.206358;0.941248 0.311014 0.131616 -0.246129 -0.33268 0.920951 0.202913 -0.037751 -0.0581026 -0.234778 0.970311 -0.400662 0 0 0 1 
36535719080080;0.326117;0.210644;0.970512 0.160682 0.179687 0.199306 -0.202923 0.94695 0.249215 0.360698 -0.13011 -0.278329 0.951632 0.930965 0 0 0 1 
36535719080081;0.410409;0.552925;0.988169 -0.147172 0.0431543 -0.425173 0.144724 0.987929 0.0552363 -1.76886 -0.0507626 -0.0483373 0.99754 -0.875156 0 0 0 1 
36535719080082;0.216435;0.218758;0.99312 0.115344 -0.0201945 0.428475 -0.113139 0.989628 0.0885189 -0.0171314 0.0301952 -0.0856252 0.99587 0.223445 0 0 0 1 
36535719080083;0.161862;0.20785;0.979447 0.19809 0.0380092 0.0132328 -0.201277 0.972118 0.12031 -0.0407598 -0.0131172 -0.125487 0.992009 -0.333981 0 0 0 1 
36535719080084;0.439577;0.900494;0.995323 -0.0948967 0.0180843 0.0710484 0.0936299 0.993718 0.0613021 -3.09573 -0.0237881 -0.0593222 0.997955 -0.0993998 0 0 0 1 
36535719080085;0.124875;0.196945;0.982262 0.166454 0.0863341 -0.0383339 -0.177045 0.974957 0.134588 -0.17246 -0.0617695 -0.147485 0.987134 0.0986869 0 0 0 1 
36535719080086;0.392366;0.218059;0.949005 0.195384 -0.247417 1.06737 -0.171886 0.97856 0.113469 -0.1076 0.264282 -0.0651552 0.962242 -1.27475 0 0 0 1 
36535719080087;0.41425;0.603063;0.998411 -0.0528553 -0.0195482 -0.0258075 0.0562733 0.916478 0.396108 -1.93915 -0.00302087 -0.396578 0.917996 -0.569407 0 0 0 1 
36535719080088;0.317089;0.210483;0.971287 0.19901 0.130369 -0.0498113 -0.211019 0.973712 0.0857663 -0.192466 -0.109873 -0.110814 0.987749 -0.633649 0 0 0 1 
36535719080089;0.0976208;0.180387;0.999467 0.0103351 -0.0309597 0.208473 -0.00900126 0.999038 0.0429172 -0.326607 0.0313734 -0.0426157 0.998599 -0.0764352 0 0 0 1 
36535719080090;0.312576;0.180335;0.993971 0.0664674 -0.0871963 0.519399 -0.0662525 0.997788 0.00535883 -0.986053 0.0873597 0.000450453 0.996177 -0.149105 0 0 0 1 
36535719080091;0.378116;0.228959;0.965759 -0.121455 0.229254 0.899269 0.157546 0.976617 -0.146284 -1.07193 -0.206127 0.177393 0.962312 0.150723 0 0 0 1 
36535719080093;0.290482;0.0161599;0.990362 0.0285674 -0.135525 0.477949 -0.045039 0.991742 -0.120077 0.460921 0.130976 0.125024 0.983471 -0.324304 0 0 0 1 
36535719080094;0.395592;0.459817;0.999098 0.0316991 -0.0282586 0.343014 -0.0320835 0.999397 -0.0132559 0.137672 0.0278214 0.0141506 0.999513 -0.18272 0 0 0 1 
36535719080095;0.347587;0.0426202;0.912156 0.206624 -0.353947 0.386541 -0.178232 0.977661 0.11141 0.410796 0.36906 -0.0385386 0.928606 -1.17165 0 0 0 1 
36535719080096;0.508705;0.218002;0.965064 -0.0111183 0.261779 0.385627 -0.0228696 0.991712 0.12643 0.14489 -0.261015 -0.128 0.956811 1.95696 0 0 0 1 
36535719080097;0.390373;0.251879;0.965794 -0.102102 0.238362 0.234304 0.15016 0.969625 -0.193081 -0.369771 -0.211407 0.222269 0.95179 0.839527 0 0 0 1 
36535719080098;0.177167;0.0186977;0.958592 0.0132727 0.284474 0.0442258 -0.00715039 0.99972 -0.0225492 0.052379 -0.284693 0.0195814 0.958419 0.956493 0 0 0 1 
36535719080099;0.46993;0.21479;0.999305 -0.0260194 0.0267001 0.359483 0.0164306 0.950245 0.31107 -0.257353 -0.0334655 -0.310415 0.950012 -0.0651018 0 0 0 1 
36535719080100;0.314307;0.0125076;0.999883 -0.0152873 -0.00052045 -0.260948 0.0152216 0.991075 0.132432 -0.452412 -0.00150872 -0.132425 0.991192 -0.372831 0 0 0 1 
36535719080101;0.365934;0.280941;0.973867 0.217774 -0.0644733 0.0851304 -0.21315 0.974392 0.0716116 0.387032 0.0784174 -0.0559978 0.995347 -0.225191 0 0 0 1 
36535719080102;0.240105;0.00998376;0.987794 -0.140583 0.0670793 -0.0864943 0.143595 0.988728 -0.0423927 -0.528439 -0.0603635 0.0515075 0.996847 -0.126372 0 0 0 1 
36535719080103;0.352767;0.0203882;0.993912 0.0726258 0.0828483 0.0510729 -0.0742496 0.9971 0.016686 -0.112473 -0.0813962 -0.0227358 0.996422 0.834197 0 0 0 1 
36535719080104;0.495293;0.0424938;0.883288 0.17286 -0.4358 0.0573781 -0.145722 0.984731 0.0952406 0.852813 0.445609 -0.020619 0.89499 -1.42476 0 0 0 1 
36535719080105;0.433787;0.016097;0.998386 0.0168212 0.0542406 0.0856782 -0.0158825 0.999717 -0.0176907 0.0769605 -0.0545228 0.0168007 0.998371 1.05964 0 0 0 1 
36535719080106;0.129754;0.016794;0.995391 -0.00558583 0.095733 0.1104 -0.00211717 0.996779 0.0801736 0.0384566 -0.0958724 -0.0800068 0.992173 0.289679 0 0 0 1 
36535719080107;0.262145;0.0149811;0.961758 0.268062 -0.0562539 0.0830863 -0.271384 0.960385 -0.0633395 1.24439 0.0370464 0.0761837 0.996405 -0.246276 0 0 0 1 
36535719080108;0.397924;0.262665;0.984276 0.176373 0.00963799 -0.163526 -0.174542 0.96278 0.206375 0.502858 0.0271198 -0.204812 0.978426 -0.103584 0 0 0 1 
36535719080109;0.398301;0.150415;0.919593 0.279157 0.276442 0.171184 -0.282057 0.958926 -0.0300732 1.05456 -0.273483 -0.0503174 0.96056 1.14221 0 0 0 1 
36535719080110;0.208018;0.0180748;0.9893 0.145579 0.00956531 0.0291618 -0.145754 0.989095 0.0211252 0.3387 -0.00638561 -0.0222934 0.999731 -0.160313 0 0 0 1 
36535719080111;0.465339;0.215474;0.971721 -0.0705536 0.225347 0.0627251 0.092342 0.991862 -0.087648 0.0187191 -0.217329 0.105978 0.970328 1.16197 0 0 0 1 
36535719080112;0.541337;0.0128281;0.90111 0.344554 -0.263219 1.26288 -0.330393 0.938766 0.0977715 1.34935 0.280788 -0.00113741 0.959769 -1.08371 0 0 0 1 
36535719080113;0.28814;0.0175143;0.999836 0.0135852 0.0119874 0.00303341 -0.0135897 0.999908 0.000290673 0.611033 -0.0119824 -0.000453531 0.999928 0.193936 0 0 0 1 
36535719080114;0.343577;0.198832;0.998299 -0.0573852 0.0102808 0.148714 0.0574909 0.998293 -0.0103015 -0.246662 -0.00967209 0.0108751 0.999894 0.442759 0 0 0 1 
36535719080115;0.500998;1.00023;0.984456 -0.175052 -0.0142841 0.198371 0.17469 0.984341 -0.0235779 -1.87241 0.0181878 0.0207161 0.99962 -0.069301 0 0 0 1 
36535719080116;0.41433;0.0404342;0.9584 -0.200587 0.203063 0.452404 0.140895 0.951181 0.274598 -0.715465 -0.24823 -0.234564 0.939873 1.51572 0 0 0 1 
36535719080117;0.508343;0.0153523;0.996227 -0.040664 0.076672 0.0489929 0.0277429 0.986298 0.162622 -0.0109697 -0.0822344 -0.159882 0.983705 1.34382 0 0 0 1 
36535719080118;0.0642213;0.0107842;0.997845 0.0652548 -0.00681603 -0.0441798 -0.0653966 0.997589 -0.0232109 0.305267 0.00528498 0.0236067 0.999707 -0.0369724 0 0 0 1 
36535719080119;0.384568;0.32479;0.972032 0.210473 0.104189 0.288817 -0.223592 0.965088 0.136426 0.439083 -0.0718379 -0.155907 0.985156 0.131203 0 0 0 1 
36535719080120;0.113108;0.0148495;0.998833 -0.0377715 0.030108 0.0695111 0.0368397 0.998843 0.0309262 -0.240542 -0.0312412 -0.029781 0.999068 0.294569 0 0 0 1 
36535719080121;0.423482;0.00954423;0.975274 0.214584 -0.0528568 0.345271 -0.179088 0.907526 0.379901 0.186704 0.129489 -0.361042 0.923516 -0.28565 0 0 0 1 
36535719080122;0.427092;0.0103838;0.969267 -0.233924 0.0761591 0.17364 0.226566 0.969434 0.0941569 -1.55068 -0.0958568 -0.0740081 0.99264 0.767484 0 0 0 1 
36535719080124;0.190705;0.0085504;0.983645 0.172452 0.0519972 -0.0463932 -0.175143 0.983137 0.0525957 0.443511 -0.0420501 -0.0608424 0.997261 0.278125 0 0 0 1 
36535719080125;0.422416;0.271656;0.905152 0.362042 -0.222766 0.65387 -0.332545 0.929511 0.159444 0.980732 0.264789 -0.0702412 0.961745 -0.928601 0 0 0 1 
36535719080126;0.446714;0.00856915;0.99232 0.118559 -0.0352763 0.208376 -0.121063 0.989394 -0.0802671 -0.235532 0.0253857 0.0839213 0.996149 -0.317939 0 0 0 1 
36535719080127;0.355012;0.525195;0.999561 -0.0028659 0.0294861 0.683851 0.00563451 0.995533 -0.0942457 0.181505 -0.0290843 0.0943705 0.995112 -0.0787796 0 0 0 1 
36535719080128;0.249905;0.0176209;0.999997 -7.73957e-06 -0.0025432 -0.00843744 1.42229e-05 0.999997 0.00254929 0.430652 0.00254318 -0.00254931 0.999994 -0.0185882 0 0 0 1 
36535719080129;0.526113;0.523623;0.999119 0.0140607 -0.039537 0.538683 -0.015562 0.999159 -0.037924 -0.0101569 0.0389705 0.0385059 0.998498 0.0956631 0 0 0 1 
36535719080130;0.433817;0.0103893;0.937394 0.085171 0.337696 -0.18892 -0.034684 0.987645 -0.152818 -0.328491 -0.34654 0.131538 0.928767 1.10177 0 0 0 1 
36535719080131;0.251532;0.358094;0.999858 -0.016275 -0.00425481 0.511808 0.0161995 0.99972 -0.0172255 0.0965216 0.00453396 0.0171541 0.999843 0.0886172 0 0 0 1 
36535719080132;0.431426;0.00673624;0.983398 0.0439437 -0.176062 -0.169701 -0.0340651 0.997692 0.0587446 -0.453133 0.178238 -0.0517717 0.982625 -0.93338 0 0 0 1 
36535719080133;0.541591;0.00785773;0.938528 0.225077 0.261735 0.0614209 -0.271136 0.94992 0.15536 0.601167 -0.213659 -0.216776 0.952553 1.58815 0 0 0 1 
36535719080134;0.252306;0.00951379;0.996184 -0.0831298 0.0265903 -0.194546 0.0843186 0.995318 -0.0472454 -0.470928 -0.0225384 0.0493071 0.998529 -0.193411 0 0 0 1 
36535719080135;0.472023;0.461352;0.972675 -0.0565168 0.225186 0.404076 0.0353988 0.99468 0.0967403 -0.311534 -0.229455 -0.0861256 0.969501 0.919423 0 0 0 1 
36535719080136;0.302061;0.023364;0.975988 0.193391 -0.100241 -0.0164527 -0.204655 0.971704 -0.117935 1.00119 0.0745969 0.135618 0.987949 -0.485906 0 0 0 1 
36535719080137;0.328535;0.0323741;0.9684 0.228638 0.0996259 -0.34402 -0.212376 0.965416 -0.151221 0.734562 -0.130755 0.125284 0.983467 0.122729 0 0 0 1 
36535719080138;0.576365;0.0145406;0.996776 0.0613166 0.0517472 0.578963 -0.0367872 0.922432 -0.384403 0.340372 -0.0713035 0.38126 0.921714 -0.443494 0 0 0 1 
36535719080139;0.521512;0.483451;0.998205 -0.019131 0.0567482 0.083577 0.0169043 0.999078 0.0394616 -0.176447 -0.0574508 -0.0384315 0.997608 0.354782 0 0 0 1 
36535719080140;0.470285;0.349969;0.92125 0.360092 0.147076 0.348145 -0.356691 0.932894 -0.049808 1.27745 -0.155142 -0.00657533 0.98787 0.185315 0 0 0 1 
36535719080141;0.30287;0.00974268;0.970944 0.131976 0.199627 -0.449617 -0.147984 0.986687 0.0674529 0.200731 -0.188067 -0.0950345 0.977548 0.668408 0 0 0 1 
36535719080142;0.480003;0.00871486;0.971915 0.2019 0.120903 -0.228955 -0.234267 0.878885 0.415549 0.4051 -0.0223604 -0.432202 0.9015 0.103088 0 0 0 1 
36535719080143;0.628053;0.638754;0.996103 0.0341642 -0.0813164 0.137913 -0.044037 0.991442 -0.122898 0.238997 0.0764218 0.125999 0.989082 -0.42464 0 0 0 1 
36535719080144;0.602003;0.222671;0.956577 0.188181 -0.222596 0.670628 -0.234329 0.950659 -0.203316 1.04824 0.173353 0.246648 0.953474 -1.50373 0 0 0 1 
36535719080145;0.170435;0.0133316;0.993893 0.110121 0.00713809 -0.101108 -0.110177 0.99388 0.00796334 0.404408 -0.00621748 -0.00870115 0.999943 0.229414 0 0 0 1 
36535719080146;0.207536;0.0109122;0.980372 0.192968 0.040429 -0.0810436 -0.188193 0.977039 -0.0998876 0.715656 -0.0587758 0.0903185 0.994177 0.0881659 0 0 0 1 
36535719080147;0.436345;0.0200943;0.984312 0.172799 -0.0356456 0.343249 -0.169931 0.982824 0.071969 1.04566 0.0474695 -0.0647827 0.99677 -0.387006 0 0 0 1 
36535719080148;0.640142;0.0684262;0.97461 -0.219108 -0.0461218 1.1404 0.206362 0.958903 -0.194732 0.117023 0.0868936 0.18027 0.979772 -0.623415 0 0 0 1 
36535719080149;0.408897;0.00535284;0.997364 -0.0593866 -0.0416974 0.148558 0.0574267 0.997256 -0.0467253 -0.523087 0.0443578 0.0442075 0.998037 0.460045 0 0 0 1 
36535719080150;0.385378;0.0124209;0.995335 -0.0119377 0.0957371 -0.0933084 -0.00544554 0.983782 0.179285 0.395906 -0.0963247 -0.17897 0.979128 0.0405719 0 0 0 1 
36535719080151;0.147734;0.00778767;0.990936 0.0229273 0.132362 -0.16842 -0.0112773 0.996047 -0.0881039 0.114793 -0.133859 0.0858126 0.987278 0.275463 0 0 0 1 
36535719080152;0.417728;0.24731;0.9183 0.354229 -0.176766 0.492633 -0.332157 0.932349 0.142818 0.990057 0.215398 -0.0724353 0.973836 -0.415345 0 0 0 1 
36535719080153;0.136308;0.00529256;0.988659 -0.130135 0.0749545 0.0518601 0.127131 0.990929 0.0435671 -0.370303 -0.0799441 -0.033544 0.996235 0.26621 0 0 0 1 
36535719080155;0.377066;0.286187;0.994706 -0.0325404 -0.0974715 0.542812 0.0561752 0.966452 0.250628 -0.277314 0.086046 -0.254777 0.963164 0.232793 0 0 0 1 
36535719080156;0.280014;0.240011;0.996043 -0.0206457 -0.0864386 0.549089 0.0346373 0.985911 0.163648 -0.00422874 0.0818421 -0.165994 0.982725 -0.234154 0 0 0 1 
36535719080157;0.357849;0.201195;0.995932 -0.0894697 -0.0106621 0.890191 0.0881793 0.943504 0.319413 0.173562 -0.018518 -0.319054 0.947556 0.654054 0 0 0 1 
36535719080158;0.214487;0.0978023;0.998825 -0.0472137 -0.0109098 0.530674 0.0477242 0.997475 0.0525851 0.232454 0.00839953 -0.053044 0.998557 0.282878 0 0 0 1 
36535719080159;0.313033;0.0861583;0.99172 -0.0492129 -0.118611 0.38746 0.0233738 0.9774 -0.210102 -0.633951 0.12627 0.20559 0.970458 -0.952512 0 0 0 1 
36535719080160;0.477856;0.117121;0.928631 0.216201 -0.301498 -0.48542 -0.229682 0.973219 -0.00954817 0.800446 0.29136 0.0781153 0.953419 -0.749442 0 0 0 1 
36535719080161;0.262671;0.0817805;0.990858 0.12818 0.0420757 -0.129277 -0.131869 0.986059 0.101485 -0.0402347 -0.0284807 -0.106106 0.993947 0.548183 0 0 0 1 
36535719080162;0.249715;0.0770196;0.987673 0.156516 -0.00236911 -0.293283 -0.150027 0.95083 0.270952 0.0193483 0.0446608 -0.267257 0.96259 0.0210103 0 0 0 1 
36535719080163;0.453936;0.174737;0.93342 0.166221 -0.31796 0.806476 -0.191292 0.980305 -0.0490902 0.431402 0.303538 0.106645 0.946832 -1.14061 0 0 0 1 
36535719080164;0.466141;0.336759;0.986019 -0.0687064 0.151807 0.771342 0.0427738 0.984872 0.167919 0.00320977 -0.161048 -0.159078 0.974042 1.08655 0 0 0 1 
36535719080165;0.321246;0.10529;0.954309 -0.0593864 0.29286 0.0682555 -0.0478233 0.937068 0.345856 -0.233869 -0.294969 -0.344059 0.891413 0.912213 0 0 0 1 
36535719080166;0.389384;0.0947998;0.882813 -0.286443 0.372279 0.682336 0.345003 0.933253 -0.100058 -0.613207 -0.31877 0.21677 0.922712 0.573499 0 0 0 1 
36535719080167;0.40197;0.337284;0.999977 0.00251542 0.00630029 0.487467 -0.00473254 0.924064 0.382208 -0.0337407 -0.00486046 -0.382229 0.924055 0.412508 0 0 0 1 
36535719080168;0.210711;0.19789;0.996677 0.0017033 0.0814352 -0.0903815 0.00160637 0.999176 -0.040559 -0.132073 -0.0814372 0.040555 0.995853 0.184151 0 0 0 1 
36535719080169;0.371812;0.0965312;0.96408 0.051397 -0.260592 0.872468 0.0159232 0.968151 0.249859 -0.577906 0.265134 -0.245034 0.932557 -1.07301 0 0 0 1 
36535719080170;0.32738;0.0988959;0.993491 0.0826509 0.0783923 -0.194067 -0.0786093 0.995479 -0.0533162 0.268638 -0.0824445 0.0468068 0.995496 -0.758258 0 0 0 1 
36535719080171;0.334438;0.324153;0.993067 -0.114254 -0.0276538 0.693633 0.112139 0.991314 -0.0687127 -0.494639 0.0352643 0.0651352 0.997253 -0.0477926 0 0 0 1 
36535719080172;0.359248;0.175028;0.986503 0.152143 -0.0605355 0.0743936 -0.138703 0.972922 0.18489 0.572714 0.0870261 -0.173998 0.980893 0.179041 0 0 0 1 
36535719080173;0.299017;0.0977434;0.993697 -0.0845681 -0.0735845 0.347489 0.0746798 0.988949 -0.128076 -0.55372 0.0836024 0.121773 0.989031 -1.15847 0 0 0 1 
36535719080174;0.332371;0.0896377;0.99282 -0.102149 -0.0622347 1.00716 0.100863 0.994623 -0.0234778 0.29304 0.0642983 0.0170321 0.997785 -0.504383 0 0 0 1 
36535719080175;0.258801;0.114913;0.977501 -0.114808 -0.176948 0.465185 0.103457 0.992016 -0.0721245 -0.0657543 0.183816 0.0521953 0.981574 -1.16211 0 0 0 1 
36535719080176;0.244373;0.0777896;0.970104 0.0738282 0.231188 -0.208936 -0.0968002 0.991259 0.0896384 0.140485 -0.222549 -0.109338 0.968771 0.596632 0 0 0 1 
36535719080177;0.307368;0.30908;0.99509 -0.027996 0.0949297 0.316373 0.00320392 0.967768 0.251822 0.0221926 -0.09892 -0.250282 0.963106 0.952282 0 0 0 1 
36535719080178;0.333626;0.0979039;0.92474 0.0538091 -0.376778 0.84812 -0.0173907 0.994895 0.0994024 -0.0655655 0.380203 -0.085369 0.920955 -0.635753 0 0 0 1 
36535719080179;0.112272;0.106908;0.995724 -0.0359854 -0.0850773 0.292976 0.0395788 0.998378 0.0409336 0.0628546 0.0834662 -0.0441258 0.995533 -0.427808 0 0 0 1 
36535719080180;0.447488;0.42692;0.997085 0.0743937 -0.0169492 0.89167 -0.0721862 0.991713 0.106279 -0.270221 0.0247152 -0.104746 0.994192 -0.218403 0 0 0 1 
36535719080181;0.181751;0.149485;0.988677 -0.0485753 0.14198 0.0383978 0.0609269 0.994603 -0.0839831 -0.232575 -0.137134 0.0916826 0.9863 0.0731898 0 0 0 1 
36535719080182;0.227052;0.0944748;0.978965 -0.0680838 0.192333 0.271447 0.105118 0.976244 -0.189465 -0.0667083 -0.174864 0.205697 0.962866 0.0138675 0 0 0 1 
36535719080183;0.271702;0.076224;0.985383 -0.0815395 -0.149568 1.00536 0.0994221 0.98823 0.116262 -0.228682 0.138328 -0.129433 0.981892 -0.428966 0 0 0 1 
36535719080184;0.317465;0.105889;0.963224 0.172157 -0.206302 0.481993 -0.0714763 0.904288 0.420896 -0.348499 0.259017 -0.390672 0.883338 -0.438381 0 0 0 1 
36535719080186;0.390645;0.108932;0.910657 -0.0684846 0.407447 0.0727787 0.185636 0.948841 -0.25542 -0.422325 -0.36911 0.308237 0.876783 1.57938 0 0 0 1 
36535719080187;0.111223;0.103241;0.999742 0.0175157 0.0144313 0.0566134 -0.0175405 0.999845 0.00159481 -0.0594062 -0.0144011 -0.00184753 0.999895 -0.00699731 0 0 0 1 
36535719080188;0.65823;0.35836;0.889971 0.447481 0.0878228 -0.373975 -0.45182 0.891342 0.0369795 1.75011 -0.0617325 -0.0725908 0.995449 1.03435 0 0 0 1 
36535719080189;0.357007;0.103159;0.999886 0.0110437 0.0102481 -0.634895 -0.0111717 0.999859 0.0125211 0.3837 -0.0101084 -0.0126342 0.999869 -0.458634 0 0 0 1 
36535719080190;0.473164;0.875749;0.927629 -0.372886 0.021435 -1.36938 0.372529 0.927828 0.0189128 -2.15311 -0.0269403 -0.00955887 0.999591 0.123317 0 0 0 1 
36535719080191;0.28216;0.112745;0.980017 0.197876 -0.0202871 -0.211181 -0.194205 0.97389 0.117567 0.785363 0.043021 -0.111277 0.992858 -0.700438 0 0 0 1 
36535719080192;0.431029;0.120286;0.985755 -0.160928 0.0488891 -0.849169 0.164271 0.983597 -0.0745078 -0.422975 -0.0360968 0.0814775 0.996021 0.471193 0 0 0 1 
36535719080193;0.312078;0.0979392;0.991461 -0.130407 -0.00032445 0.00351256 0.127502 0.968846 0.212321 -1.02368 -0.0273738 -0.21055 0.9772 -0.365212 0 0 0 1 
36535719080194;0.164987;0.106522;0.983968 0.178251 -0.00577929 -0.0730567 -0.178165 0.983915 0.012966 0.690968 0.00799753 -0.0117284 0.999899 -0.0551299 0 0 0 1 
36535719080195;0.354366;0.116951;0.981304 -0.0321072 0.189766 0.0774058 0.0313435 0.999484 0.00702504 -0.514208 -0.189893 -0.000945784 0.981804 0.220883 0 0 0 1 
36535719080196;0.523582;0.151384;0.985014 0.162945 0.0565438 -0.563297 -0.171135 0.882526 0.438019 0.787667 0.0214718 -0.441131 0.897186 -0.688486 0 0 0 1 
36535719080197;0.379637;0.110901;0.978685 -0.178789 -0.101046 0.156398 0.1848 0.981315 0.0535716 -0.998633 0.0895801 -0.071103 0.993438 -1.16812 0 0 0 1 
36535719080198;0.253973;0.130894;0.984197 -0.143282 0.104054 -0.174759 0.152099 0.984925 -0.082392 -0.806481 -0.09068 0.0969164 0.991153 0.761267 0 0 0 1 
36535719080199;0.451651;0.114108;0.989491 0.143112 0.0206721 -0.688094 -0.143132 0.989704 -0.000518431 0.973719 -0.0205334 -0.00244585 0.999786 0.661001 0 0 0 1 
36535719080200;0.601292;0.947474;0.966594 -0.174139 0.188074 -0.883016 0.186134 0.981352 -0.0479827 -1.73194 -0.176211 0.0813867 0.980982 1.24242 0 0 0 1 
36535719080201;0.316883;0.123922;0.884614 0.0892074 0.457712 0.0417736 -0.00313223 0.982646 -0.185463 -0.0204452 -0.466313 0.162629 0.869542 2.31402 0 0 0 1 
36535719080202;0.389074;0.114038;0.972327 0.225178 0.0622447 -0.260476 -0.226697 0.973791 0.018432 1.39933 -0.0564629 -0.0320326 0.997891 -0.342294 0 0 0 1 
36535719080203;0.247825;0.109649;0.971722 -0.235796 0.0125011 -0.136476 0.234752 0.970412 0.0564905 -1.19581 -0.0254515 -0.0519584 0.998325 0.276462 0 0 0 1 
36535719080204;0.323434;0.107161;0.998286 -0.0489152 0.0321305 -0.254514 0.0483544 0.998668 0.0180059 -0.981121 -0.0329685 -0.0164214 0.999321 -0.130094 0 0 0 1 
36535719080205;0.326801;0.136662;0.960129 -0.061511 0.272705 0.109272 0.14951 0.937247 -0.314985 -0.598354 -0.236217 0.343198 0.909075 1.03415 0 0 0 1 
36535719080206;0.360649;0.108089;0.994426 0.102728 0.0237488 -0.279491 -0.102554 0.994692 -0.00844752 1.14221 -0.0244906 0.0059649 0.999682 -4.75156e-05 0 0 0 1 
36535719080207;0.378318;0.124516;0.999473 -0.0248498 0.0208866 0.558295 0.024823 0.999691 0.00153941 -0.210734 -0.0209184 -0.00102013 0.999781 0.139236 0 0 0 1 
36535719080208;0.281021;0.111355;0.981462 -0.0571944 0.182921 -0.382934 0.0501435 0.997818 0.0429457 -0.508156 -0.184978 -0.0329773 0.982189 1.31082 0 0 0 1 
36535719080209;0.41046;0.124823;0.957273 -0.280542 0.070173 -0.355731 0.262711 0.945073 0.194476 -1.97417 -0.120877 -0.167731 0.978394 0.688205 0 0 0 1 
36535719080210;0.243944;0.120189;0.976117 0.148934 0.158157 0.180263 -0.156048 0.987182 0.0334856 0.427707 -0.151143 -0.0573659 0.986846 0.658419 0 0 0 1 
36535719080211;0.419439;0.105375;0.925733 0.378172 0.00219855 -0.181935 -0.378168 0.925734 -0.00232197 1.34224 -0.00291338 0.00131811 0.999995 -0.0074384 0 0 0 1 
36535719080212;0.411637;0.118322;0.952858 0.274466 0.129344 0.334444 -0.271412 0.961589 -0.0410233 0.654201 -0.135636 0.0039838 0.990751 0.819665 0 0 0 1 
36535719080213;0.271077;0.113474;0.97181 -0.180924 -0.15117 -0.188186 0.152469 0.971338 -0.182363 -0.861282 0.179831 0.154174 0.971541 -1.04706 0 0 0 1 
36535719080214;0.356981;0.0859742;0.947345 0.151458 -0.28213 -0.066639 -0.16087 0.986921 -0.0103574 0.416783 0.276871 0.0551982 0.95932 -0.941839 0 0 0 1 
36535719080215;0.558879;0.110873;0.963937 0.216032 0.155419 -0.183158 -0.164934 0.943263 -0.288186 0.843711 -0.208858 0.25216 0.944878 1.97251 0 0 0 1 
36535719080217;0.267916;0.0126829;0.967483 -0.177301 -0.180392 0.5179 0.154793 0.979074 -0.132109 -0.242831 0.20004 0.0998896 0.974683 -0.916824 0 0 0 1 
36535719080218;0.403611;0.0126016;0.997209 0.0746462 -0.00136141 -0.340276 -0.074578 0.996814 0.0282686 0.723061 0.00346722 -0.0280882 0.999599 0.471864 0 0 0 1 
36535719080219;0.612805;0.483231;0.998704 0.00626589 0.0505006 -0.192162 -0.00548086 0.999862 -0.0156686 0.118788 -0.0505918 0.0153715 0.998601 0.656878 0 0 0 1 
36535719080220;0.465305;0.0118683;0.97071 -0.117561 -0.209525 0.379506 0.097416 0.989791 -0.104036 0.163306 0.219617 0.0805775 0.972253 -1.4219 0 0 0 1 
36535719080221;0.397154;0.297301;0.998527 -0.0502079 -0.0205738 0.00448571 0.0498725 0.998619 -0.0165023 -0.154657 0.0213739 0.015452 0.999652 -0.643225 0 0 0 1 
36535719080222;0.388852;0.0128539;0.984034 -0.106315 0.142739 -0.465425 0.140287 0.956857 -0.254448 -0.216468 -0.109529 0.270409 0.956495 0.22937 0 0 0 1 
36535719080223;0.332061;0.0132418;0.92854 -0.189012 -0.319512 0.853014 0.166193 0.981261 -0.0975038 -0.599699 0.331954 0.0374357 0.942553 -0.867145 0 0 0 1 
36535719080224;0.591626;0.0141212;0.994363 0.0969739 0.0428659 -0.406825 -0.0795787 0.949775 -0.302648 1.24083 -0.0700619 0.29753 0.952138 0.446181 0 0 0 1 
36535719080225;0.418431;0.314719;0.991758 -0.0300086 0.124563 -0.0635973 0.027688 0.99941 0.0203203 -0.0479803 -0.125099 -0.0167039 0.992004 0.718344 0 0 0 1 
36535719080226;0.434396;0.382681;0.987746 0.047825 -0.148563 0.082841 -0.0505044 0.998621 -0.0143134 0.0766854 0.147674 0.0216411 0.988799 -0.24903 0 0 0 1 
36535719080227;0.258425;0.0151636;0.981075 0.171564 0.0897643 -0.0895852 -0.175869 0.9835 0.0424082 0.424437 -0.0810074 -0.0573924 0.99506 0.586474 0 0 0 1 
36535719080228;0.348273;0.0388225;0.962392 -0.184825 0.199101 0.121794 0.193974 0.980627 -0.0272975 -0.167396 -0.190198 0.0648914 0.979599 0.844505 0 0 0 1 
36535719080229;0.349476;0.0136291;0.994931 0.0568789 0.0829293 -0.224771 -0.0430827 0.986247 -0.159562 0.149285 -0.0908645 0.15518 0.983698 -0.426108 0 0 0 1 
36535719080230;0.507963;0.628411;0.934132 -0.0839458 0.346914 0.144562 0.0831261 0.996389 0.0172719 0.0755127 -0.347112 0.0127034 0.937738 0.777351 0 0 0 1 
36535719080231;0.499847;0.0122961;0.999938 0.00340127 -0.0106231 -0.335774 -0.0030808 0.999544 0.0300397 -0.429418 0.0107204 -0.0300051 0.999492 -0.82971 0 0 0 1 
36535719080232;0.400636;0.272689;0.998702 -0.0473496 0.0187916 0.20598 0.0453683 0.994476 0.0946517 -0.145697 -0.0231695 -0.0936762 0.995333 0.442889 0 0 0 1 
36535719080233;0.232565;0.0109299;0.984444 0.0594548 -0.165331 0.0371959 -0.0405371 0.992476 0.115532 0.069453 0.170956 -0.107033 0.979448 -0.0897682 0 0 0 1 
36535719080234;0.243089;0.0125042;0.999978 0.00659348 9.52957e-05 0.175589 -0.00659222 0.99993 -0.00980747 0.149209 -0.000159954 0.00980663 0.999952 -0.427998 0 0 0 1 
36535719080235;0.336455;0.27067;0.999466 -0.0187885 -0.0267457 -0.0738314 0.0207145 0.997068 0.0736573 0.0436077 0.0252833 -0.074172 0.996925 0.241808 0 0 0 1 
36535719080236;0.526732;0.0133876;0.959204 -0.130595 0.250746 0.543413 0.0728835 0.971164 0.226999 -0.530489 -0.27316 -0.199463 0.941062 1.6909 0 0 0 1 
36535719080237;0.707625;0.465263;0.999936 0.0104776 0.0042746 0.0199136 -0.0104933 0.999938 0.00366888 0.280038 -0.00423589 -0.0037135 0.999984 0.785441 0 0 0 1 
36535719080238;0.378354;0.0281494;0.980675 0.182424 -0.0706909 0.305782 -0.164516 0.964485 0.206648 0.705749 0.105878 -0.191025 0.975858 -0.154413 0 0 0 1 
36535719080239;0.260619;0.0145429;0.999456 -0.0276585 0.0179468 0.367961 0.0274099 0.999527 0.0139515 -0.139898 -0.0183241 -0.013452 0.999742 0.393796 0 0 0 1 
36535719080240;0.347346;0.0160562;0.997568 0.00791758 0.0692466 -0.0726192 0.0181666 0.929647 -0.368003 0.336906 -0.0672886 0.368366 0.927243 -0.293646 0 0 0 1 
36535719080241;0.461675;0.0134919;0.94523 0.146997 0.291431 -0.248835 -0.0718774 0.964674 -0.253453 -0.185144 -0.318392 0.218624 0.922404 0.701187 0 0 0 1 
36535719080242;0.184835;0.0120539;0.992147 0.10477 0.0683216 -0.182271 -0.106219 0.994181 0.0179241 0.0478176 -0.0660462 -0.0250403 0.997502 0.160273 0 0 0 1 
36535719080243;0.50255;0.518381;0.999795 -0.00959191 0.017826 0.0763673 0.0100199 0.99966 -0.0240797 0.039433 -0.0175889 0.0242534 0.999551 -0.155976 0 0 0 1 
36535719080244;0.3548;0.180223;0.936546 0.171862 0.305523 -0.370366 -0.199919 0.977798 0.0628009 0.151354 -0.287947 -0.119896 0.950111 1.20847 0 0 0 1 
36535719080245;0.421326;0.0157211;0.969493 0.123201 -0.211908 0.433632 -0.143002 0.986423 -0.0807481 0.573576 0.199082 0.108588 0.973948 -1.25675 0 0 0 1 
36535719080246;0.428678;0.142134;0.975259 0.220751 0.0118036 0.0128881 -0.219192 0.972548 -0.0781354 0.779075 -0.028728 0.073615 0.996873 -0.427463 0 0 0 1 
36535719080248;0.279109;0.00676756;0.99992 -0.0107001 -0.00674827 0.738306 0.0106895 0.999942 -0.00160867 0.236327 0.00676509 0.0015364 0.999976 -0.34914 0 0 0 1 
36535719080249;0.148582;0.0878694;0.999525 -0.0279444 -0.0130125 -0.107395 0.027938 0.999609 -0.000673042 -0.0479658 0.0130262 0.000309181 0.999915 -0.176548 0 0 0 1 
36535719080250;0.310686;0.0128587;0.996775 -0.00830697 0.0798185 -0.299768 0.00812164 0.999964 0.00264618 0.233957 -0.0798376 -0.00198939 0.996806 -0.669305 0 0 0 1 
36535719080251;0.298484;0.0131978;0.999262 0.0317601 -0.0215984 -0.548163 -0.0305914 0.998155 0.0524433 0.664983 0.0232242 -0.0517439 0.99839 0.178095 0 0 0 1 
36535719080252;0.364884;0.252916;0.982296 -0.107333 -0.153539 0.969761 0.107183 0.994196 -0.00928032 -0.390604 0.153644 -0.00734072 0.988099 -0.320408 0 0 0 1 
36535719080253;0.298099;0.230656;0.998239 -0.0531276 -0.0263904 0.539083 0.0517527 0.997392 -0.0503036 -0.131216 0.0289941 0.0488492 0.998385 -0.564065 0 0 0 1 
36535719080254;0.413793;0.337383;0.998595 -0.0433272 -0.0304995 0.169049 0.035934 0.976803 -0.211105 0.3226 0.0389385 0.209713 0.976987 -0.398848 0 0 0 1 
36535719080255;0.265645;0.0136987;0.994504 -0.0771216 0.0708035 -0.126141 0.0934795 0.958642 -0.268825 -0.248635 -0.047143 0.273966 0.960583 0.25814 0 0 0 1 
36535719080256;0.228269;0.219382;0.999424 0.0338046 0.00289673 0.108572 -0.0338493 0.99928 0.0171245 0.0507256 -0.00231576 -0.0172127 0.999849 -0.056415 0 0 0 1 
36535719080257;0.266234;0.00669877;0.999161 -0.0408996 -0.00199295 -0.709003 0.0409424 0.99865 0.0319764 -0.285161 0.000682434 -0.0320312 0.999487 -0.0651975 0 0 0 1 
36535719080258;0.327944;0.00510873;0.999003 -0.0387815 -0.0221134 0.555819 0.0390969 0.999137 0.0140131 -0.673728 0.0215509 -0.0148637 0.999657 0.544831 0 0 0 1 
