#;prob_registration_l1 -r /home/probabilistic_point_clouds_registration/build/tester /home/point_clouds_registration_benchmark//devel/registration_pairs/gazebo_winter_local.txt /home/point_clouds_registration_benchmark//eth/gazebo_winter -s 0.2 -t 0.2 -p 0.3 -r 1000 -m 5 -i 40 
id;initial_error;final_error;transformation
38591597440000;0.538033;0.0197512;0.993566 -0.100417 -0.052366 -0.408384 0.102055 0.994338 0.0296036 -0.456727 0.0490968 -0.0347574 0.998189 0.553487 0 0 0 1 
38591597440001;0.518725;0.193581;0.979982 0.0932235 0.17591 -0.149248 -0.109688 0.990212 0.0863024 0.141654 -0.166143 -0.10387 0.980616 0.0199779 0 0 0 1 
38591597440002;0.466312;0.0191783;0.983611 -0.133408 0.121288 0.0507728 0.137915 0.990004 -0.0295202 -0.329578 -0.116137 0.0457639 0.992178 -0.205659 0 0 0 1 
38591597440003;0.369171;0.186176;0.99944 0.0317239 0.0105999 -0.124601 -0.0318753 0.999388 0.0144345 0.0274193 -0.0101355 -0.0147643 0.99984 0.400482 0 0 0 1 
38591597440004;0.566929;0.285063;0.963014 0.120228 -0.241141 0.736515 -0.120794 0.992599 0.0124881 0.453341 0.240858 0.0171023 0.97041 -1.50359 0 0 0 1 
38591597440005;0.214626;0.0189263;0.994747 -0.082827 -0.0601471 0.00190325 0.0822691 0.996542 -0.0116978 -0.304454 0.0609079 0.00668809 0.998121 -0.597968 0 0 0 1 
38591597440006;0.296525;0.0863434;0.978958 -0.119137 -0.165676 0.167909 0.13868 0.984001 0.111851 -0.633704 0.149699 -0.132473 0.979817 -0.347217 0 0 0 1 
38591597440007;0.55939;0.0259532;0.989928 0.14156 -0.00202342 0.0612182 -0.141093 0.987637 0.0683106 0.170314 0.0116685 -0.067337 0.997662 -0.875429 0 0 0 1 
38591597440008;0.573696;0.0794002;0.91225 -0.0271747 0.408732 0.207622 -0.0748424 0.969945 0.231528 0.214821 -0.402739 -0.241802 0.882798 2.48654 0 0 0 1 
38591597440009;0.226381;0.0157375;0.999395 -0.0287595 0.0195341 0.0455941 0.0280335 0.998941 0.0364752 0.0757509 -0.0205624 -0.0359056 0.999144 -0.243472 0 0 0 1 
38591597440010;0.405479;0.0348451;0.934546 -0.107182 0.339316 0.0741973 0.220319 0.92309 -0.315222 -0.746591 -0.279433 0.369347 0.886284 1.6711 0 0 0 1 
38591597440011;0.432428;0.313546;0.998963 -0.0292999 -0.0348422 0.080304 0.0340796 0.988753 0.145626 -0.392722 0.0301835 -0.146662 0.988726 -0.272169 0 0 0 1 
38591597440012;0.493861;0.0276723;0.996365 -0.00530655 -0.0850191 0.316905 0.000681585 0.998522 -0.0543361 -0.27698 0.0851818 0.0540806 0.994897 0.333383 0 0 0 1 
38591597440013;0.489902;0.299287;0.980352 0.0571746 0.188786 -0.203592 -0.0675282 0.99652 0.0488689 0.0425505 -0.185335 -0.0606571 0.980802 0.42437 0 0 0 1 
38591597440014;0.265078;0.0237347;0.949912 -0.0577555 0.307134 -0.0714961 0.0902031 0.991617 -0.092512 -0.287606 -0.299217 0.115583 0.947159 1.4488 0 0 0 1 
38591597440015;0.50504;0.250679;0.992053 -0.0859466 0.0918867 0.0279538 0.071809 0.986465 0.147409 -0.689866 -0.103312 -0.13964 0.984798 0.12741 0 0 0 1 
38591597440016;0.306367;0.0351265;0.962655 0.0967909 -0.252839 0.23967 -0.0511147 0.98209 0.181347 -0.142483 0.265863 -0.161651 0.950361 -1.34073 0 0 0 1 
38591597440017;0.306001;0.025358;0.991847 -0.12666 0.0140343 -0.227201 0.127342 0.989305 -0.0711308 -0.906962 -0.00487474 0.072338 0.997368 0.107835 0 0 0 1 
38591597440018;0.310987;0.201218;0.999 0.0443867 -0.00531928 0.150985 -0.0445129 0.998655 -0.0265828 0.164767 0.0041322 0.026793 0.999632 -0.245777 0 0 0 1 
38591597440019;0.565481;0.327378;0.993124 -0.101958 0.0575339 -0.512429 0.0869127 0.971361 0.221142 -0.508703 -0.0784334 -0.214621 0.973543 -0.130163 0 0 0 1 
38591597440020;0.471158;0.227663;0.993261 -0.0992467 -0.059857 -0.0180636 0.0872453 0.980236 -0.177554 -0.208702 0.0762956 0.171135 0.982289 0.251006 0 0 0 1 
38591597440021;0.264772;0.234491;0.984969 0.0432105 0.167239 -0.15884 -0.0549567 0.996288 0.066256 -0.00962175 -0.163755 -0.074451 0.983688 0.547234 0 0 0 1 
38591597440022;0.382739;0.0233502;0.994715 -0.0259329 -0.0993504 -0.319492 0.0320725 0.99764 0.0607072 -0.468999 0.0975417 -0.0635727 0.993199 -0.0736563 0 0 0 1 
38591597440023;0.504596;0.318296;0.998122 0.0599482 -0.0126245 0.00684376 -0.0606238 0.9962 -0.062537 0.342665 0.00882758 0.0631849 0.997963 -0.5304 0 0 0 1 
38591597440024;0.223621;0.0207265;0.997205 -0.0523205 0.0533373 -0.0364674 0.064261 0.964794 -0.255035 0.0463908 -0.038116 0.257749 0.96546 0.321167 0 0 0 1 
38591597440025;0.497841;0.0773935;0.947501 -0.192257 0.255496 -0.405618 0.227721 0.966659 -0.117104 -1.07583 -0.224464 0.169138 0.959692 0.61251 0 0 0 1 
38591597440026;0.507307;0.357475;0.975375 -0.0562936 -0.213247 0.535837 0.0710817 0.995522 0.0623214 -0.27336 0.208784 -0.0759447 0.975009 -0.613672 0 0 0 1 
38591597440027;0.37107;0.0748704;0.996445 0.00878022 0.0837829 -0.237197 -0.042593 0.910577 0.41114 0.15204 -0.0726808 -0.413247 0.907714 0.43036 0 0 0 1 
38591597440028;0.144155;0.0200021;0.986037 -0.158168 -0.0521046 0.018218 0.156679 0.987146 -0.0315496 -0.601758 0.0564249 0.0229454 0.998143 -0.146024 0 0 0 1 
38591597440029;0.386592;0.228412;0.978084 -0.111655 0.175742 -0.267391 0.0845641 0.984329 0.154741 -0.601286 -0.190266 -0.136488 0.972199 0.837336 0 0 0 1 
38591597440031;0.613756;0.370312;0.960351 -0.0546389 -0.273388 0.423539 0.0326127 0.995892 -0.0844764 -0.490514 0.27688 0.0722111 0.958187 -1.26135 0 0 0 1 
38591597440032;0.317715;0.129996;0.974466 0.131913 -0.1817 0.559393 -0.152471 0.982799 -0.104203 0.898693 0.164829 0.129246 0.977817 -0.4875 0 0 0 1 
38591597440033;0.586776;0.364424;0.93232 -0.0464253 0.358641 0.0310918 0.0336385 0.998559 0.041815 0.299483 -0.360066 -0.0269209 0.932538 1.44469 0 0 0 1 
38591597440034;0.22655;0.160162;0.995994 -0.0659704 0.0603722 -0.283136 0.0760829 0.979899 -0.184419 -0.314565 -0.0469924 0.188273 0.980992 0.548658 0 0 0 1 
38591597440035;0.489052;0.303978;0.9925 -0.00503036 0.122145 -0.0361684 0.0159502 0.995941 -0.0885884 -0.328341 -0.121203 0.0898722 0.988551 0.695797 0 0 0 1 
38591597440036;0.235684;0.199449;0.9995 -0.0316178 -0.000201293 -0.0742744 0.0316152 0.999469 -0.00790719 -0.0504856 0.000451194 0.00789687 0.999969 -0.0614297 0 0 0 1 
38591597440037;0.200232;0.0199953;0.994935 0.0992714 0.0158161 0.1704 -0.0992854 0.995059 9.64397e-05 0.41727 -0.0157284 -0.00166626 0.999875 -0.239957 0 0 0 1 
38591597440038;0.419626;0.226776;0.991862 0.118367 -0.046903 0.167158 -0.125104 0.974498 -0.186287 0.613447 0.0236567 0.190639 0.981375 0.693527 0 0 0 1 
38591597440039;0.360484;0.0165029;0.9988 -0.0218846 0.0438063 -0.0569119 0.0283581 0.987805 -0.153089 -0.25554 -0.0399218 0.154148 0.987241 -0.0687458 0 0 0 1 
38591597440040;0.46013;0.0301818;0.892369 0.195995 -0.406525 1.25785 -0.20866 0.977896 0.0134331 0.863805 0.400172 0.0728384 0.913541 -1.90418 0 0 0 1 
38591597440041;0.266595;0.0148189;0.998615 0.0523235 0.00556832 -0.339149 -0.0523828 0.998565 0.0111046 0.177339 -0.0049793 -0.0113809 0.999923 0.0557756 0 0 0 1 
38591597440042;0.263344;0.083527;0.982837 0.108244 -0.149383 0.408674 -0.0955428 0.991371 0.0897514 0.132398 0.157809 -0.0739386 0.984698 -0.675008 0 0 0 1 
38591597440043;0.518284;0.221071;0.995475 0.0782928 -0.0538428 0.261909 -0.0752587 0.995577 0.0562425 0.34552 0.058008 -0.0519359 0.996964 -1.02883 0 0 0 1 
38591597440044;0.328581;0.190262;0.994612 0.0547067 0.0880604 -0.0996122 -0.0513111 0.997866 -0.0403744 0.335794 -0.0900812 0.0356383 0.995297 0.722334 0 0 0 1 
38591597440045;0.358212;0.0274998;0.979737 0.158398 0.122578 0.125979 -0.161979 0.986596 0.0197555 0.903689 -0.117806 -0.0392102 0.992262 0.868999 0 0 0 1 
38591597440046;0.061941;0.0192297;0.999551 -0.0134589 0.0267625 0.0116356 0.0127718 0.999589 0.0256801 -0.0368762 -0.0270971 -0.0253268 0.999312 0.0601987 0 0 0 1 
38591597440047;0.281023;0.015198;0.983023 0.166663 -0.0767461 0.555533 -0.157767 0.981305 0.110227 0.441233 0.0936821 -0.0962477 0.990939 -0.94557 0 0 0 1 
38591597440048;0.595102;0.0684871;0.989004 0.0661004 -0.132294 -0.0211629 -0.0284798 0.962937 0.26822 -0.558774 0.14512 -0.261503 0.954231 -1.84269 0 0 0 1 
38591597440049;0.461067;0.0181012;0.89664 0.121156 -0.425862 0.981376 -0.204482 0.966427 -0.155586 0.835698 0.392714 0.226585 0.891311 -1.63197 0 0 0 1 
38591597440050;0.266343;0.0165925;0.998657 0.00912501 -0.0510021 0.070906 -0.0242902 0.951945 -0.305303 0.190531 0.0457653 0.306132 0.950888 0.126574 0 0 0 1 
38591597440051;0.432966;0.0284781;0.925806 0.185899 -0.329129 1.12036 -0.184999 0.982138 0.0343488 1.07659 0.329635 0.0290882 0.94366 -1.19624 0 0 0 1 
38591597440052;0.0767887;0.0226751;0.995391 -0.0190225 0.0939955 -0.0494997 0.0217309 0.999375 -0.0278746 -0.109785 -0.0934065 0.0297887 0.995182 0.432903 0 0 0 1 
38591597440053;0.465189;0.416473;0.996202 0.0441659 -0.0750374 0.169486 -0.0375878 0.995506 0.0869219 0.137696 0.0785391 -0.0837713 0.993385 -0.411978 0 0 0 1 
38591597440054;0.503874;0.0157095;0.997608 0.0449547 0.0525125 -0.746893 -0.0490555 0.995618 0.0796087 0.174078 -0.0487037 -0.0819943 0.995442 0.217795 0 0 0 1 
38591597440055;0.362809;0.0250262;0.992844 -0.119354 0.00402657 -0.205483 0.119355 0.992852 -8.70851e-05 -0.653354 -0.00398739 0.000567055 0.999992 -0.547655 0 0 0 1 
38591597440056;0.349297;0.23073;0.998017 0.0506055 0.0374412 -0.0983994 -0.0571212 0.977971 0.200774 -0.126337 -0.0264561 -0.202515 0.978922 -0.065052 0 0 0 1 
38591597440057;0.335627;0.0572557;0.930196 0.0166688 -0.366684 0.658272 -0.00512112 0.99946 0.0324426 0.132419 0.367027 -0.0283002 0.92978 -1.57576 0 0 0 1 
38591597440058;0.689618;0.623336;0.998403 0.0396184 -0.0402779 0.0700142 -0.0402273 0.999087 -0.014419 0.218812 0.0396698 0.0160162 0.999084 -0.494262 0 0 0 1 
38591597440059;0.45308;0.011099;0.999991 0.00426553 0.000755199 -0.372857 -0.00425815 0.999946 -0.00951444 -0.348005 -0.000795743 0.00951114 0.999954 -0.549026 0 0 0 1 
38591597440060;0.265486;0.0181176;0.995312 -0.0953108 0.0164145 -0.00137164 0.094088 0.993521 0.0637465 -0.663749 -0.0223839 -0.0619033 0.997831 0.291104 0 0 0 1 
38591597440062;0.128316;0.0279078;0.997022 -0.0771163 0.000348661 -0.176292 0.0763464 0.987686 0.136556 -0.483226 -0.010875 -0.136122 0.990632 -0.409478 0 0 0 1 
38591597440063;0.451456;0.0216215;0.996559 -0.0334192 0.0758518 -0.203418 0.00803526 0.949758 0.312881 -0.507508 -0.0824971 -0.311195 0.946759 0.203117 0 0 0 1 
38591597440064;0.130373;0.0279641;0.997828 0.0657332 -0.00425781 0.0650786 -0.065847 0.993637 -0.0913751 0.206443 -0.00177566 0.091457 0.995807 0.17202 0 0 0 1 
38591597440065;0.480669;0.0256191;0.951727 0.0805576 0.296186 -0.0185128 -0.0569665 0.994539 -0.0874488 0.381569 -0.301613 0.0663547 0.951119 0.866572 0 0 0 1 
38591597440066;0.373674;0.0231015;0.91948 0.0329152 0.391757 0.158877 -0.0698028 0.994325 0.0802891 0.364918 -0.386891 -0.10117 0.916559 1.68067 0 0 0 1 
38591597440067;0.212733;0.0236485;0.984423 0.143441 0.101663 0.347447 -0.165246 0.952339 0.256407 0.425484 -0.060038 -0.269213 0.961208 -0.372643 0 0 0 1 
38591597440068;0.0642751;0.0254715;0.998111 -0.0408486 -0.0458987 -0.0800037 0.0379482 0.997331 -0.0623795 -0.122751 0.0483243 0.0605198 0.996997 -0.0408018 0 0 0 1 
38591597440069;0.225205;0.027039;0.993657 -0.0526258 -0.0993837 -0.0758998 0.0439466 0.995187 -0.0875869 -0.153781 0.103515 0.0826637 0.991187 -0.631259 0 0 0 1 
38591597440070;0.596655;0.0250037;0.983854 -0.1318 0.121075 -0.995845 0.144562 0.984071 -0.103469 0.00199179 -0.10551 0.119302 0.987236 0.491059 0 0 0 1 
38591597440071;0.538974;0.145692;0.981909 0.136249 0.131493 -0.122212 -0.163152 0.961223 0.222331 0.775636 -0.0961018 -0.239762 0.966063 0.434788 0 0 0 1 
38591597440072;0.398938;0.245334;0.997934 0.0572055 -0.0292496 -0.0280907 -0.0610012 0.986525 -0.151811 0.428647 0.020171 0.153282 0.987977 -0.0760481 0 0 0 1 
38591597440073;0.454646;0.124068;0.978633 0.205043 0.0153423 0.0288154 -0.204939 0.978741 -0.00807295 0.770871 -0.0166714 0.00475622 0.99985 -0.321721 0 0 0 1 
38591597440074;0.403252;0.237461;0.999652 -0.0259465 -0.0046731 0.180021 0.0257741 0.999096 -0.0337965 -0.0268982 0.00554578 0.0336643 0.999418 0.238743 0 0 0 1 
38591597440075;0.606683;0.198834;0.997557 -0.0555664 -0.0423397 0.270064 0.042493 0.9637 -0.263586 0.000808783 0.0554492 0.261143 0.963706 0.941514 0 0 0 1 
38591597440076;0.528752;0.0277509;0.999156 0.022828 -0.034136 -0.578776 -0.0221829 0.99957 0.0191611 0.246681 0.0345587 -0.0183877 0.999234 0.322161 0 0 0 1 
38591597440077;0.46683;0.394979;0.972145 0.0367395 0.231485 -0.504356 -0.0725443 0.986305 0.148119 0.165879 -0.222873 -0.160786 0.961497 0.56878 0 0 0 1 
38591597440078;0.164495;0.0222517;0.999964 -0.00800452 0.00270952 -0.270619 0.00803915 0.999883 -0.0130243 -0.0861154 -0.00260495 0.0130456 0.999912 0.0964509 0 0 0 1 
38591597440079;0.383028;0.267078;0.941909 0.00913839 0.335743 -0.0548842 -0.061404 0.987467 0.145389 0.00316661 -0.330206 -0.157559 0.930666 0.670968 0 0 0 1 
38591597440080;0.593423;0.371754;0.998162 -0.0209409 -0.0568749 -0.0186301 0.0215324 0.99972 0.00980854 -0.178892 0.0566536 -0.0110152 0.998333 0.415062 0 0 0 1 
38591597440081;0.611108;0.0969389;0.951394 -0.00603404 -0.307918 0.829422 -0.0716187 0.968064 -0.240255 0.227727 0.299534 0.25063 0.920578 -1.30462 0 0 0 1 
38591597440082;0.502695;0.362398;0.997431 0.0680987 0.0222373 -0.374743 -0.0694513 0.995325 0.0671195 0.203582 -0.0175626 -0.0684914 0.997497 -0.613943 0 0 0 1 
38591597440083;0.715049;0.266514;0.987356 -0.0951169 0.126808 -0.304862 0.111176 0.98575 -0.126243 -0.59851 -0.112993 0.138745 0.983861 1.75428 0 0 0 1 
38591597440084;0.378082;0.0241235;0.989319 -0.00572075 0.145654 -0.158837 -0.0219693 0.981964 0.187789 -0.0394738 -0.144102 -0.188983 0.97135 -0.431416 0 0 0 1 
38591597440085;0.428084;0.432072;0.998729 0.0221869 0.0452496 -0.0894356 -0.0226922 0.999685 0.0106829 -0.0219605 -0.0449983 -0.0116962 0.998919 0.210705 0 0 0 1 
38591597440086;0.348552;0.258416;0.994554 0.0711946 -0.0761121 0.0929502 -0.0780407 0.992777 -0.0911201 0.365852 0.0690751 0.0965637 0.992927 0.125595 0 0 0 1 
38591597440087;0.456571;0.20872;0.997322 -0.06679 -0.0297826 -0.403599 0.0675983 0.997347 0.0270143 -0.311417 0.0278993 -0.0289552 0.999191 -0.699674 0 0 0 1 
38591597440088;0.581918;0.0209942;0.992123 0.0427466 0.11775 -0.391662 -0.0446303 0.998914 0.0134063 0.558292 -0.117049 -0.0185559 0.992953 -0.298764 0 0 0 1 
38591597440089;0.343578;0.0751486;0.975652 -0.176375 -0.130361 -0.213091 0.143839 0.963271 -0.22676 -0.537375 0.165568 0.202488 0.965187 -0.642326 0 0 0 1 
38591597440090;0.290589;0.0247992;0.994361 -0.103727 0.0220772 -0.205848 0.103621 0.994599 0.00592442 -0.129511 -0.0225724 -0.00360336 0.999739 0.35083 0 0 0 1 
38591597440091;0.344699;0.346541;0.999678 -0.0126354 0.0220119 -0.0485012 0.0133155 0.99943 -0.0310291 -0.0134956 -0.0216073 0.0313122 0.999276 0.141084 0 0 0 1 
38591597440093;0.395285;0.218744;0.976191 -0.0987547 0.19313 -0.313574 0.114045 0.991028 -0.0696989 0.224131 -0.184514 0.0900649 0.978694 -0.20626 0 0 0 1 
38591597440094;0.48271;0.0117796;0.900276 0.0929241 0.425286 0.042839 -0.126652 0.990601 0.0516613 0.471533 -0.416488 -0.100373 0.903583 -0.122006 0 0 0 1 
38591597440095;0.208258;0.197054;0.999338 0.0351978 -0.00922757 -0.1445 -0.0350111 0.999193 0.0196668 -0.0736776 0.00991235 -0.0193307 0.999764 -0.0116553 0 0 0 1 
38591597440096;0.348707;0.239929;0.959433 0.136006 -0.246963 -0.0461182 -0.112178 0.987782 0.108183 -0.130414 0.258659 -0.0760907 0.962967 -0.040982 0 0 0 1 
38591597440097;0.0996698;0.0111983;0.995934 -0.0845729 -0.0310357 0.0435562 0.0843164 0.996394 -0.0094855 -0.113842 0.031726 0.00683011 0.999473 0.0859557 0 0 0 1 
38591597440098;0.341585;0.139367;0.933416 -0.247569 0.259701 -0.169642 0.218993 0.966454 0.134199 -0.357375 -0.284213 -0.0683909 0.956319 0.422818 0 0 0 1 
38591597440099;0.517514;0.174858;0.898879 0.110659 0.423995 -0.924259 -0.1429 0.988718 0.0449045 0.289295 -0.414242 -0.100952 0.904551 0.52433 0 0 0 1 
38591597440100;0.554576;0.0216239;0.901626 0.229805 0.366416 -0.839282 -0.215166 0.973219 -0.0809223 -0.251822 -0.375199 -0.00587865 0.926926 0.369771 0 0 0 1 
38591597440101;0.308911;0.0160437;0.997434 0.0116206 -0.0706406 0.41495 -0.0130321 0.999724 -0.0195532 -0.189664 0.0703939 0.0204236 0.99731 -0.677547 0 0 0 1 
38591597440102;0.281264;0.247704;0.992629 0.0788265 0.0920548 -0.334996 -0.0956143 0.976095 0.195181 -0.0854963 -0.0744688 -0.202544 0.976438 0.0756965 0 0 0 1 
38591597440103;0.458862;0.349395;0.99243 -0.0694835 0.101265 -0.0843057 0.0626242 0.995621 0.0694117 -0.320714 -0.105644 -0.0625446 0.992435 -0.128811 0 0 0 1 
38591597440104;0.179607;0.0126183;0.980474 0.0453999 -0.191337 0.120785 -0.0355318 0.997871 0.054695 -0.116707 0.193413 -0.0468285 0.979999 -0.246633 0 0 0 1 
38591597440105;0.407802;0.341014;0.995803 -0.0602681 -0.0688773 0.181848 0.060517 0.998166 0.00153075 -0.097083 0.0686587 -0.00569258 0.997624 -0.118921 0 0 0 1 
38591597440106;0.119513;0.0104741;0.997946 -0.0077928 0.0635923 -0.127549 0.0116313 0.998118 -0.060216 0.109753 -0.0630034 0.060832 0.996158 -0.131542 0 0 0 1 
38591597440107;0.268114;0.246421;0.999049 -0.0365192 -0.0238325 0.117527 0.0359437 0.999062 -0.024147 0.0411627 0.0246919 0.0232674 0.999424 0.0997598 0 0 0 1 
38591597440108;0.407271;0.234106;0.982356 0.101734 -0.156928 -0.217545 -0.0883262 0.992001 0.0901844 -0.106683 0.164848 -0.0747323 0.983484 0.30809 0 0 0 1 
38591597440109;0.443389;0.00864304;0.975256 0.160051 0.152508 -0.721413 -0.183797 0.970344 0.157004 -0.500746 -0.122857 -0.18115 0.975751 0.0929877 0 0 0 1 
38591597440110;0.432632;0.0102693;0.972644 -0.0732997 0.220434 -0.61967 0.130661 0.957206 -0.258232 0.465929 -0.192072 0.27997 0.940598 0.0453544 0 0 0 1 
38591597440111;0.338245;0.201068;0.96527 0.140277 -0.220402 -0.0529761 -0.139759 0.990022 0.0180252 -0.0868103 0.220731 0.0134038 0.975243 -0.0361207 0 0 0 1 
38591597440112;0.277197;0.010442;0.970352 0.137136 0.199025 -0.342354 -0.100264 0.977649 -0.184795 -0.0332685 -0.219919 0.159361 0.962414 0.24415 0 0 0 1 
38591597440113;0.357829;0.206069;0.99824 0.0593011 -0.000165625 -0.222659 -0.0592784 0.997928 0.0250259 -0.0730822 0.00164935 -0.0249721 0.999687 -0.515594 0 0 0 1 
38591597440114;0.246214;0.158972;0.99603 0.064392 0.0614635 -0.331793 -0.0583797 0.993759 -0.0950513 0.249121 -0.0672005 0.0910857 0.993573 -0.0853106 0 0 0 1 
38591597440115;0.388473;0.267748;0.93325 -0.208107 0.292806 -0.473258 0.236962 0.969248 -0.0663837 -0.106514 -0.269987 0.131337 0.953865 0.324756 0 0 0 1 
38591597440116;0.336493;0.244692;0.990703 -0.0874444 0.104217 -0.062757 0.109218 0.967972 -0.226057 0.00651888 -0.0811117 0.235337 0.968523 -0.233394 0 0 0 1 
38591597440117;0.374866;0.0119657;0.999747 0.0208546 -0.00843991 0.852453 -0.0206382 0.999475 0.0249593 -0.174945 0.008956 -0.0247788 0.999653 0.235362 0 0 0 1 
38591597440118;0.178075;0.0138928;0.985773 -0.135145 0.0999347 0.0557557 0.15522 0.960059 -0.232796 0.0328248 -0.0644819 0.244996 0.967377 -0.0210583 0 0 0 1 
38591597440119;0.473817;0.373643;0.997023 -0.0723089 0.0267644 0.114395 0.072616 0.997303 -0.0106858 -0.320248 -0.0259195 0.0125975 0.999585 0.389833 0 0 0 1 
38591597440120;0.215098;0.183454;0.999585 -0.0287683 0.00140494 0.0710226 0.0287465 0.999494 0.0136498 -0.068602 -0.00179691 -0.0136037 0.999906 0.011437 0 0 0 1 
38591597440121;0.418127;0.0116573;0.992043 0.0919343 0.0860118 0.0404012 -0.0974008 0.993333 0.0616712 0.0136591 -0.0797687 -0.0695581 0.994384 1.06603 0 0 0 1 
38591597440122;0.192825;0.174532;0.999066 0.0415001 0.0120143 -0.18134 -0.0424287 0.994886 0.0916586 -0.149918 -0.00814903 -0.0920827 0.995718 0.0960861 0 0 0 1 
38591597440124;0.0779043;0.0118975;0.999462 0.0156479 -0.0288336 -0.0130068 -0.0159484 0.999821 -0.0102182 0.0482115 0.0286685 0.0106725 0.999532 0.137959 0 0 0 1 
38591597440125;0.14453;0.0149884;0.998938 0.011973 -0.0444885 0.0637884 -0.00103561 0.971233 0.23813 -0.209631 0.0460598 -0.237831 0.970214 -0.581378 0 0 0 1 
38591597440126;0.34028;0.189535;0.964603 -0.073932 0.253129 -0.458602 0.10413 0.988678 -0.108044 0.197957 -0.242275 0.130578 0.96138 0.238737 0 0 0 1 
38591597440127;0.280733;0.0135493;0.97497 -0.109377 0.19357 -0.552192 0.104417 0.993893 0.0356784 0.213785 -0.19629 -0.0145734 0.980438 0.25555 0 0 0 1 
38591597440128;0.300881;0.230967;0.981765 0.17395 -0.0766797 0.678399 -0.158644 0.97194 0.173682 0.0448046 0.10474 -0.15835 0.981812 -0.504441 0 0 0 1 
38591597440129;0.231531;0.0218411;0.959112 0.0886262 -0.268791 0.475304 -0.0281274 0.974853 0.221065 -0.0160897 0.281624 -0.204466 0.937487 -0.717881 0 0 0 1 
38591597440130;0.346361;0.290543;0.999505 -0.0273043 0.015596 -0.0948046 0.0275228 0.999524 -0.0139668 -0.0819682 -0.0152072 0.0143891 0.999781 -0.162099 0 0 0 1 
38591597440131;0.336968;0.330108;0.990647 -0.117101 0.0700474 -0.0951946 0.116185 0.993082 0.0170254 0.258473 -0.0715564 -0.00872767 0.997398 0.115406 0 0 0 1 
38591597440132;0.344656;0.290091;0.966387 0.116478 -0.229192 0.676872 -0.14073 0.985724 -0.0924343 0.30029 0.215153 0.121582 0.968982 0.243594 0 0 0 1 
38591597440133;0.350181;0.274786;0.9971 0.0699173 0.0300476 0.142127 -0.0666983 0.993016 -0.0973153 0.00911423 -0.0366418 0.095029 0.9948 0.476099 0 0 0 1 
38591597440134;0.561974;0.347542;0.960647 -0.137983 0.241077 0.0380992 0.146354 0.989085 -0.0170784 0.475054 -0.236089 0.0516888 0.970356 0.949405 0 0 0 1 
38591597440135;0.216019;0.0148681;0.979608 -0.0295446 -0.198733 0.146315 0.0562153 0.989928 0.129933 -0.269593 0.192893 -0.138455 0.971402 -0.569479 0 0 0 1 
38591597440136;0.499684;0.333466;0.99854 -0.0539706 -0.00214128 0.247729 0.053974 0.998541 0.00156287 0.0681694 0.0020538 -0.00167616 0.999996 -0.677583 0 0 0 1 
38591597440137;0.297035;0.0132729;0.994493 0.103359 0.0173439 0.0721934 -0.10228 0.99326 -0.0545241 0.669041 -0.0228626 0.0524499 0.998362 0.116179 0 0 0 1 
38591597440138;0.314957;0.183733;0.97159 0.110151 0.209474 0.402095 -0.117873 0.992721 0.0247068 0.229783 -0.205227 -0.0486962 0.977502 -0.061554 0 0 0 1 
38591597440139;0.155913;0.0109006;0.994395 -0.00841421 0.105393 0.106029 0.0249108 0.987411 -0.156205 0.100078 -0.102752 0.157955 0.982086 0.616435 0 0 0 1 
38591597440140;0.442404;0.0139947;0.983591 -0.0676671 0.167243 -0.191134 0.0150221 0.954496 0.297844 -0.276777 -0.179787 -0.290445 0.93985 0.160392 0 0 0 1 
38591597440141;0.257242;0.0454681;0.976234 0.172941 -0.130606 0.749809 -0.11514 0.924459 0.363482 -0.309495 0.1836 -0.339806 0.922401 -1.05876 0 0 0 1 
38591597440142;0.222719;0.0188279;0.977745 0.11821 0.173325 0.19974 -0.121531 0.99255 0.00863598 0.144126 -0.171013 -0.0295082 0.984827 0.278492 0 0 0 1 
38591597440143;0.482302;0.0425231;0.942175 0.176461 -0.284899 0.800957 -0.0948724 0.955809 0.278261 -0.767451 0.321411 -0.235141 0.917281 -0.760394 0 0 0 1 
38591597440144;0.255934;0.0110251;0.997118 0.0747222 -0.0130925 0.276479 -0.0744838 0.997063 0.0178353 0.284475 0.0143867 -0.0168088 0.999755 -0.535069 0 0 0 1 
38591597440145;0.370694;0.351186;0.970874 -0.0800678 -0.225817 0.365979 0.0672726 0.995692 -0.0638114 0.38675 0.229953 0.0467615 0.972078 -0.119455 0 0 0 1 
38591597440146;0.299941;0.0220276;0.996372 0.0635327 -0.0566298 0.202176 -0.0686474 0.993251 -0.0934928 -0.151811 0.0503078 0.0970411 0.994008 0.763084 0 0 0 1 
38591597440147;0.410512;0.0187804;0.984682 -0.171084 0.0336342 -0.777467 0.171117 0.985249 0.00190734 0.118121 -0.0334644 0.00387727 0.999432 -0.608249 0 0 0 1 
38591597440148;0.471802;0.411061;0.978396 -0.151509 -0.140661 0.209249 0.160482 0.98552 0.0547423 0.294053 0.13033 -0.0761333 0.988543 -0.136986 0 0 0 1 
38591597440149;0.337741;0.0120946;0.999981 0.00458973 -0.00405091 0.0824681 -0.00459206 0.999989 -0.000565215 0.226932 0.00404827 0.000583806 0.999992 -0.697829 0 0 0 1 
38591597440150;0.131256;0.0117208;0.998624 -0.0523325 -0.00329147 -0.240047 0.0523212 0.998624 -0.00342932 0.033715 0.00346641 0.00325239 0.999989 -0.216437 0 0 0 1 
38591597440151;0.387023;0.354898;0.995046 -0.03031 -0.0946874 0.131604 0.0323596 0.999272 0.020186 0.120155 0.0940066 -0.02315 0.995302 0.243335 0 0 0 1 
38591597440152;0.263342;0.271945;0.998569 -0.0534014 -0.00301155 0.0884084 0.053441 0.998457 0.0150882 0.230256 0.00220118 -0.0152275 0.999882 -0.00196713 0 0 0 1 
38591597440153;0.441403;0.0152577;0.989517 0.134608 -0.0523093 0.375852 -0.124925 0.979574 0.157568 0.544502 0.0724508 -0.149382 0.986122 0.23096 0 0 0 1 
38591597440155;0.258376;0.00898091;0.99874 0.0417732 0.0278088 -0.594566 -0.0429567 0.998133 0.0434133 0.25966 -0.0259434 -0.0445532 0.99867 0.523833 0 0 0 1 
38591597440156;0.221561;0.00852296;0.999772 0.0125734 -0.0172343 0.039021 -0.0138735 0.996894 -0.0775224 0.00648428 0.016206 0.0777439 0.996842 -0.701671 0 0 0 1 
38591597440157;0.430412;0.311089;0.99416 -0.0626641 -0.0878541 0.391442 0.0484983 0.986724 -0.154997 0.160103 0.0964005 0.149831 0.984001 -0.450594 0 0 0 1 
38591597440158;0.209175;0.00688735;0.987404 0.0354697 0.154193 -0.102735 -0.0420103 0.998341 0.0393682 0.194164 -0.152541 -0.0453501 0.987256 0.644553 0 0 0 1 
38591597440159;0.222826;0.215038;0.989023 -0.0169297 -0.146787 0.211152 0.01006 0.998825 -0.047417 0.0397083 0.147417 0.0454199 0.988031 -0.230554 0 0 0 1 
38591597440160;0.348174;0.00703459;0.998094 0.0463155 -0.0407902 -0.270032 -0.0491905 0.996151 -0.0725557 0.926121 0.0372727 0.0744239 0.99653 -0.548011 0 0 0 1 
38591597440161;0.528254;0.454088;0.998467 -0.042317 -0.0356679 0.23469 0.0411417 0.998606 -0.0330656 -0.0892959 0.0370175 0.0315475 0.998817 0.107143 0 0 0 1 
38591597440162;0.274646;0.00878057;0.997569 -0.0691495 -0.00867475 -0.73333 0.0691984 0.997588 0.00547619 -0.00338164 0.00827515 -0.00606316 0.999947 -0.132916 0 0 0 1 
38591597440163;0.298037;0.217839;0.999384 -0.0337298 -0.00967659 0.16608 0.0338896 0.999283 0.0168533 -0.0800783 0.0091012 -0.0171709 0.999811 -0.246826 0 0 0 1 
38591597440164;0.263298;0.00712842;0.976639 0.183618 -0.111625 -0.267701 -0.179124 0.982599 0.049123 0.094411 0.118703 -0.0279807 0.992535 0.541453 0 0 0 1 
38591597440165;0.352749;0.0196644;0.978516 0.204359 -0.0272739 -0.625962 -0.205539 0.956593 -0.206599 0.642958 -0.0161304 0.207767 0.978045 -0.421818 0 0 0 1 
38591597440166;0.206209;0.00659714;0.98286 -0.181557 0.0320009 0.338816 0.18307 0.981653 -0.053325 0.216998 -0.0217322 0.0582694 0.998064 -0.205841 0 0 0 1 
38591597440167;0.319448;0.00816553;0.999926 -0.00529209 0.0109327 0.359482 0.00532239 0.999982 -0.00274428 -0.458402 -0.010918 0.00280226 0.999936 -0.75073 0 0 0 1 
38591597440168;0.116047;0.00713605;0.999771 0.0178304 -0.0118685 -0.0249223 -0.0192623 0.990777 -0.134126 0.136114 0.0093675 0.134324 0.990893 -0.211245 0 0 0 1 
38591597440169;0.218803;0.0070756;0.997452 -0.0267822 0.0661181 0.00478555 0.0100828 0.970473 0.240997 -0.191746 -0.0706202 -0.239717 0.968271 0.477775 0 0 0 1 
38591597440170;0.167043;0.0070943;0.999676 0.00920206 -0.0237255 0.0550389 -0.0091214 0.999952 0.0035058 -0.0739751 0.0237567 -0.00328826 0.999712 -0.486259 0 0 0 1 
38591597440171;0.339075;0.0409216;0.966257 -0.237961 0.0986028 0.343469 0.23984 0.970783 -0.00749105 0.0722888 -0.0939394 0.0308872 0.995099 0.670788 0 0 0 1 
38591597440172;0.374586;0.00763378;0.976497 -0.0873578 -0.197032 1.06328 0.050729 0.98165 -0.183818 0.0996443 0.209474 0.169503 0.963011 -0.0308122 0 0 0 1 
38591597440173;0.118391;0.00789653;0.997697 0.0273557 0.062074 -0.300491 -0.024987 0.998942 -0.0386192 0.0390294 -0.0630648 0.0369792 0.997324 0.170419 0 0 0 1 
38591597440174;0.158802;0.00783125;0.992991 -0.0374925 0.112089 -0.123765 0.0145938 0.97999 0.19851 -0.0631369 -0.117289 -0.195482 0.973668 0.197139 0 0 0 1 
38591597440175;0.263758;0.00910128;0.963346 0.182751 0.196385 -0.571987 -0.197697 0.978472 0.0592369 0.100594 -0.181332 -0.0958902 0.978736 0.359574 0 0 0 1 
38591597440176;0.174741;0.00699003;0.998539 -0.052814 0.0114403 0.0659914 0.0500171 0.983418 0.174318 -0.346156 -0.020457 -0.173491 0.984623 0.151872 0 0 0 1 
38591597440177;0.253101;0.0087528;0.992442 0.120141 0.0249878 -0.605425 -0.119419 0.992431 -0.0286147 -0.314464 -0.0282365 0.0254144 0.999278 -0.197902 0 0 0 1 
38591597440178;0.247175;0.00745989;0.9965 0.0781822 0.0296019 -0.354302 -0.076602 0.995746 -0.0512034 -0.554354 -0.0334792 0.0487566 0.998249 -0.164338 0 0 0 1 
38591597440179;0.388374;0.367383;0.999524 -0.027505 0.0140076 -0.0684965 0.0280373 0.998833 -0.0393375 0.126288 -0.0129092 0.0397115 0.999128 0.0653854 0 0 0 1 
38591597440180;0.287474;0.0119604;0.907307 0.288511 -0.305868 -0.0237568 -0.27385 0.957476 0.0908104 0.241679 0.319061 0.00136915 0.947733 -0.338976 0 0 0 1 
38591597440181;0.269146;0.00761314;0.998795 -0.0342031 0.0352037 0.230955 0.0306739 0.994877 0.0963243 -0.73291 -0.0383179 -0.0951284 0.994727 -0.130261 0 0 0 1 
38591597440182;0.36237;0.14702;0.985091 0.141556 0.0977591 -0.906247 -0.152857 0.980951 0.119877 -0.143648 -0.0789276 -0.133033 0.987964 -0.146312 0 0 0 1 
38591597440183;0.418551;0.321255;0.997422 -0.0618337 -0.0364183 0.283298 0.0565315 0.989637 -0.131998 -0.0763321 0.0442028 0.129599 0.990581 -0.22874 0 0 0 1 
38591597440184;0.369769;0.00883025;0.999562 -0.022013 0.019796 -0.810557 0.024737 0.988381 -0.149972 -0.0469759 -0.0162646 0.150396 0.988492 -0.692314 0 0 0 1 
38591597440186;0.226268;0.0400522;0.999839 -0.0116362 0.0136741 -0.140683 0.0114527 0.999844 0.0134247 -0.287504 -0.0138282 -0.0132659 0.999816 0.0834236 0 0 0 1 
38591597440187;0.539163;0.247769;0.99386 -0.0912116 0.0626289 0.14823 0.0896138 0.995587 0.02787 -0.401386 -0.0648946 -0.0220865 0.997648 0.654013 0 0 0 1 
38591597440188;0.243538;0.176312;0.987211 0.0791143 0.138406 -0.33389 -0.101618 0.981223 0.163938 0.116039 -0.122837 -0.175906 0.976713 0.42325 0 0 0 1 
38591597440189;0.327282;0.0442878;0.998887 -0.0183186 -0.0434711 0.130065 0.020752 0.998204 0.0562032 -0.159632 0.0423634 -0.0570428 0.997473 -0.56268 0 0 0 1 
38591597440190;0.477387;0.0326537;0.942917 0.106096 0.315676 -0.0987297 -0.185082 0.954976 0.231875 0.433917 -0.276862 -0.277065 0.920099 1.41503 0 0 0 1 
38591597440191;0.452785;0.315156;0.988755 0.0308609 0.146323 0.090938 -0.0804182 0.934677 0.346283 0.0878785 -0.126078 -0.354156 0.926649 1.32996 0 0 0 1 
38591597440192;0.627235;0.343414;0.998556 -0.0382459 0.0377158 0.115432 0.0351776 0.996261 0.0789081 -0.364286 -0.0405927 -0.0774674 0.996168 0.764856 0 0 0 1 
38591597440193;0.3706;0.0327948;0.999753 -0.000585091 0.022207 -0.146471 0.00374808 0.989765 -0.14266 0.227147 -0.0218962 0.142709 0.989523 -0.466622 0 0 0 1 
38591597440194;0.358294;0.201121;0.995186 0.0391817 0.0898358 0.0897792 -0.041213 0.998932 0.0208673 -0.174378 -0.0889222 -0.0244693 0.995738 0.101949 0 0 0 1 
38591597440195;0.380792;0.196765;0.967997 0.145093 -0.204767 0.0133501 -0.148488 0.988913 -0.00122795 0.239307 0.202318 0.031594 0.97881 -0.309775 0 0 0 1 
38591597440196;0.614704;0.676195;0.996414 -0.0553605 -0.063991 0.0739681 0.064836 0.985466 0.157015 -0.269863 0.0543686 -0.160601 0.985521 0.465015 0 0 0 1 
38591597440197;0.540834;0.261026;0.991332 0.10406 -0.0802043 0.353298 -0.107449 0.99344 -0.0391477 0.347252 0.0756044 0.0474262 0.996009 0.00593106 0 0 0 1 
38591597440198;0.653732;0.109812;0.984841 0.17345 -0.00202117 -0.0449338 -0.167963 0.950649 -0.260871 0.189849 -0.0433266 0.257256 0.965371 0.527399 0 0 0 1 
38591597440199;0.0659977;0.0322049;0.99941 -0.0255582 0.0229359 -0.0811546 0.0257008 0.999652 -0.00594707 -0.0853897 -0.0227759 0.00653304 0.999719 0.038772 0 0 0 1 
38591597440200;0.599375;0.0357873;0.998529 0.0537366 -0.0072479 0.509722 -0.0537218 0.998553 0.00222062 0.739167 0.00735675 -0.00182798 0.999971 0.126966 0 0 0 1 
38591597440201;0.617035;0.0312427;0.994939 0.05313 0.0852858 0.392142 -0.0315048 0.970921 -0.237316 0.203041 -0.0954145 0.233428 0.967681 -0.505032 0 0 0 1 
38591597440202;0.728849;0.320678;0.936149 0.031464 -0.350192 0.6481 0.0382732 0.98095 0.19045 -0.492819 0.349513 -0.191693 0.917112 0.31337 0 0 0 1 
38591597440203;0.628996;0.258746;0.989444 0.139245 -0.0401391 0.482749 -0.137965 0.989885 0.0330613 0.414031 0.0443367 -0.0271745 0.998647 0.0722093 0 0 0 1 
38591597440204;0.361491;0.323073;0.999015 -0.0442859 -0.00289607 0.118649 0.0443639 0.998298 0.0378451 -0.284901 0.00121514 -0.0379363 0.999279 0.312256 0 0 0 1 
38591597440205;0.426394;0.150195;0.991732 0.055489 0.115708 -0.50966 -0.0802387 0.971812 0.221682 -0.0940428 -0.100145 -0.229134 0.96823 0.716103 0 0 0 1 
38591597440206;0.39785;0.0350435;0.981555 0.09223 0.167464 -0.0223832 -0.147717 0.921941 0.358056 0.259828 -0.121369 -0.376188 0.91856 0.86374 0 0 0 1 
38591597440207;0.654746;0.0318855;0.988088 0.145827 0.0491487 -0.591946 -0.148529 0.98728 0.056716 -0.222304 -0.0402528 -0.0633404 0.99718 0.494534 0 0 0 1 
38591597440208;0.405729;0.0332068;0.9625 -0.034904 0.269025 -0.158704 -0.0209482 0.979164 0.201986 -0.429967 -0.27047 -0.200048 0.941715 0.623542 0 0 0 1 
38591597440209;0.302589;0.237305;0.990798 0.135083 -0.00848482 -0.245755 -0.134764 0.990397 0.0308685 0.172719 0.0125731 -0.029441 0.999487 0.0314257 0 0 0 1 
38591597440210;0.290612;0.0364181;0.996354 0.084145 -0.0140621 -0.129063 -0.0852122 0.973615 -0.211692 0.414777 -0.00412183 0.212119 0.977235 0.0823178 0 0 0 1 
38591597440211;0.669792;0.130997;0.993214 0.0556302 0.10213 -0.296576 -0.0700301 0.987196 0.143317 -0.625632 -0.0928497 -0.149496 0.984393 0.566087 0 0 0 1 
38591597440212;0.674895;0.0342072;0.922444 0.102377 0.372312 0.698315 -0.223464 0.927876 0.298513 0.631908 -0.314898 -0.35856 0.878791 1.16998 0 0 0 1 
38591597440213;0.74739;0.031977;0.991229 0.0541851 -0.120535 0.0562713 -0.0249735 0.972447 0.231782 -0.992805 0.129773 -0.226739 0.965271 0.0154626 0 0 0 1 
38591597440214;0.177349;0.0321941;0.99992 -0.00217685 -0.0124229 0.0632439 -0.000106803 0.983495 -0.180933 0.0342258 0.0126118 0.18092 0.983417 -0.232535 0 0 0 1 
38591597440215;0.720627;0.0395228;0.993322 0.057489 -0.100028 -0.0576446 -0.0643482 0.995692 -0.066753 0.53193 0.0957599 0.0727439 0.992743 -1.27766 0 0 0 1 
38591597440217;0.284412;0.0143192;0.999878 -0.0155369 -0.00174458 0.253938 0.0155528 0.999834 0.00953128 0.0788101 0.0015962 -0.00955725 0.999953 0.608916 0 0 0 1 
38591597440218;0.175507;0.0147675;0.981124 0.190437 -0.0336017 -0.156489 -0.191682 0.980689 -0.038823 0.268115 0.0255595 0.044531 0.998681 -0.0374286 0 0 0 1 
38591597440219;0.263573;0.0134995;0.98384 0.178966 0.00545724 -0.183404 -0.178957 0.983854 -0.00223615 0.378184 -0.00576933 0.00122341 0.999983 0.40166 0 0 0 1 
38591597440220;0.260161;0.0162453;0.998794 0.0324268 -0.0368583 0.0467005 -0.0313099 0.999045 0.0304868 0.547864 0.0378117 -0.029296 0.998855 0.222374 0 0 0 1 
38591597440221;0.443483;0.0165676;0.993905 -0.0928171 -0.0594794 0.938931 0.102649 0.975953 0.1923 0.126566 0.0402004 -0.197233 0.979532 0.372238 0 0 0 1 
38591597440222;0.400675;0.0139494;0.995576 0.0891996 0.029531 -0.254992 -0.0899093 0.995669 0.0236421 0.353648 -0.0272943 -0.0261926 0.999284 -0.825609 0 0 0 1 
38591597440223;0.500048;0.401858;0.996718 0.0552274 0.0591911 -0.315572 -0.0590641 0.996125 0.0651582 -0.068872 -0.0553632 -0.0684404 0.996118 0.445057 0 0 0 1 
38591597440224;0.319063;0.0140758;0.999687 0.0227348 -0.010411 0.156325 -0.0227404 0.999741 -0.000414278 0.185253 0.0103989 0.000650898 0.999946 -0.744414 0 0 0 1 
38591597440225;0.246702;0.0188804;0.986241 -0.102056 0.13005 0.133195 0.0790679 0.982082 0.171067 0.165664 -0.145178 -0.158431 0.976639 -0.0593402 0 0 0 1 
38591597440226;0.422905;0.260217;0.944507 0.175172 0.277888 -0.595047 -0.138552 0.979459 -0.1465 0.137136 -0.297843 0.0998685 0.949376 0.273604 0 0 0 1 
38591597440227;0.114525;0.0150087;0.998692 0.00144722 0.0511031 -0.0867772 -0.0061096 0.995814 0.0911971 -0.249517 -0.0507572 -0.09139 0.994521 0.0330008 0 0 0 1 
38591597440228;0.227089;0.184663;0.998785 -0.0433319 0.0234737 -0.00336068 0.0438526 0.998793 -0.0221404 -0.0111856 -0.022486 0.0231429 0.999479 0.0788464 0 0 0 1 
38591597440229;0.366377;0.0400495;0.966605 0.253366 0.0384774 -0.499947 -0.251099 0.966373 -0.0554358 0.570082 -0.0512291 0.0439229 0.997721 -0.213811 0 0 0 1 
38591597440230;0.40791;0.0155099;0.999883 0.00845618 0.0127613 -0.0541083 -0.00935877 0.997331 0.0724115 -0.0339777 -0.0121149 -0.0725225 0.997293 1.00245 0 0 0 1 
38591597440231;0.122929;0.0142685;0.997615 0.0597274 -0.0345988 0.0888486 -0.0564411 0.994411 0.0892249 -0.188755 0.0397346 -0.0870593 0.99541 0.0457935 0 0 0 1 
38591597440232;0.235296;0.194746;0.998686 -0.0447035 0.0250728 0.0401459 0.0446528 0.998999 0.00258102 -0.0383658 -0.0251631 -0.00145806 0.999682 -0.0208796 0 0 0 1 
38591597440233;0.450082;0.0222201;0.91029 -0.00541101 -0.413935 0.657347 0.118025 0.961807 0.246977 -0.405528 0.396789 -0.273675 0.876162 -0.41026 0 0 0 1 
38591597440234;0.442338;0.340005;0.992318 -0.0866771 -0.0882712 0.218078 0.0834521 0.995725 -0.0395994 -0.0208389 0.0913262 0.0319288 0.995309 -0.233365 0 0 0 1 
38591597440235;0.600621;0.444534;0.996253 0.0821813 -0.0269569 -0.228091 -0.0810202 0.995842 0.041655 0.00602787 0.0302681 -0.0393149 0.998768 0.583164 0 0 0 1 
38591597440236;0.098733;0.0163643;0.996324 0.0572674 -0.0637035 0.148968 -0.0569853 0.998356 0.00623776 0.0422928 0.0639559 -0.00258466 0.997949 -0.155717 0 0 0 1 
38591597440237;0.391996;0.0174532;0.992657 -0.118814 -0.022693 0.501332 0.120238 0.989689 0.0778339 0.320301 0.0132113 -0.079991 0.996708 0.598126 0 0 0 1 
38591597440238;0.352561;0.103729;0.935747 0.14184 0.322892 -0.460129 -0.187866 0.975321 0.115999 -0.0583424 -0.29847 -0.169206 0.9393 0.554506 0 0 0 1 
38591597440239;0.273596;0.227523;0.996159 -0.0549995 0.0681279 -0.0245669 0.0574359 0.997759 -0.0343347 0.0283274 -0.0660869 0.0381158 0.997086 -0.0846079 0 0 0 1 
38591597440240;0.59112;0.336151;0.990534 -0.0686451 -0.118873 0.3823 0.0809409 0.991496 0.101902 -0.421515 0.110867 -0.110559 0.987667 0.525013 0 0 0 1 
38591597440241;0.457943;0.282402;0.997417 0.066056 0.0282088 -0.327422 -0.0640994 0.995799 -0.0653915 0.190074 -0.0324098 0.0634144 0.997461 -0.679172 0 0 0 1 
38591597440242;0.307705;0.0147736;0.982203 0.185709 0.028092 0.22566 -0.18603 0.9825 0.009276 -0.348561 -0.0258778 -0.0143369 0.999562 -0.0204906 0 0 0 1 
38591597440243;0.105317;0.0161982;0.997932 -0.0640118 0.00583871 0.105474 0.0639829 0.997938 0.00500205 -0.0681112 -0.00614686 -0.00461813 0.99997 -0.181273 0 0 0 1 
38591597440244;0.562292;0.205531;0.971366 -0.162257 -0.173552 0.742651 0.136618 0.979091 -0.150723 0.0955846 0.194379 0.122697 0.973223 -0.948826 0 0 0 1 
38591597440245;0.374359;0.015495;0.992599 -0.112656 -0.0453348 -0.50629 0.114947 0.992033 0.0515594 0.30379 0.0391651 -0.0563889 0.99764 0.305487 0 0 0 1 
38591597440246;0.451519;0.386295;0.99888 0.0457562 0.0120106 -0.201979 -0.0454191 0.998603 -0.0269875 0.0793328 -0.0132286 0.0264118 0.999564 -0.273724 0 0 0 1 
38591597440248;0.275634;0.243634;0.999802 0.0198872 0.000614331 -0.115108 -0.0198778 0.999721 -0.0127526 0.0278481 -0.000867773 0.0127378 0.999918 -0.030194 0 0 0 1 
38591597440249;0.256114;0.0134364;0.95961 -0.176513 -0.219072 0.577606 0.163456 0.98358 -0.0765036 -0.0600308 0.228979 0.0376047 0.972705 -0.373169 0 0 0 1 
38591597440250;0.238063;0.00746682;0.922841 -0.0161932 -0.384839 0.239568 -0.0405058 0.989496 -0.138768 0.312294 0.383044 0.143649 0.912492 -0.50397 0 0 0 1 
38591597440251;0.292932;0.00667965;0.999978 0.000172497 0.00659385 -0.0309525 -0.000201802 0.99999 0.00444381 -0.0182001 -0.00659302 -0.00444504 0.999968 0.861158 0 0 0 1 
38591597440252;0.40515;0.109128;0.994079 -0.0156631 0.107526 -0.276641 0.0575862 0.915104 -0.399085 0.278085 -0.0921463 0.402914 0.910587 -0.509369 0 0 0 1 
38591597440253;0.264249;0.00728961;0.999654 -0.0179234 0.0192629 -0.664933 0.017675 0.999759 0.0129883 0.0257892 -0.0194911 -0.0126434 0.99973 -0.306063 0 0 0 1 
38591597440254;0.377732;0.132183;0.951707 -0.252884 0.17408 0.445382 0.225715 0.960697 0.161598 -0.553356 -0.208103 -0.114501 0.971382 0.276 0 0 0 1 
38591597440255;0.159826;0.00671652;0.976571 0.0823921 0.198799 0.110183 -0.0697104 0.99511 -0.0699804 0.122085 -0.203593 0.0544825 0.977539 0.376169 0 0 0 1 
38591597440256;0.0516293;0.00678538;0.999016 0.0284163 0.0340567 -0.0691148 -0.0275025 0.999257 -0.0270061 0.129985 -0.0347988 0.0260429 0.999055 0.0478178 0 0 0 1 
