#;prob_registration_l1 -r /home/probabilistic_point_clouds_registration/build/tester /home/point_clouds_registration_benchmark//devel/registration_pairs/long_office_household_local.txt /home/point_clouds_registration_benchmark//tum/long_office_household -s 0.1 -t 0.1 -p 0.3 -r 1000 -m 5 -i 40 
id;initial_error;final_error;transformation
26456013410000;0.652746;0.109111;0.911017 0.394599 -0.119748 0.0533985 -0.409546 0.899712 -0.150965 -0.0125927 0.0481677 0.186574 0.981259 -0.559298 0 0 0 1 
26456013410001;1.0574;0.105343;0.996128 0.0855911 0.0200757 -0.0471011 -0.0842365 0.994596 -0.0606853 0.0334975 -0.0251614 0.0587592 0.997955 0.921034 0 0 0 1 
26456013410002;0.577722;0.117422;0.993159 0.11657 0.0068151 0.0773783 -0.116441 0.993053 -0.0169419 0.156498 -0.00874267 0.0160324 0.999833 0.452939 0 0 0 1 
26456013410003;1.10585;0.466711;0.94938 -0.314127 0.00110898 0.266583 0.313993 0.94886 -0.0327419 0.481964 0.00923286 0.0314328 0.999463 -0.946587 0 0 0 1 
26456013410004;0.510854;0.111269;0.967394 0.0841098 0.238904 -0.180643 -0.129234 0.975142 0.179993 -0.108727 -0.217826 -0.204998 0.954216 -0.451623 0 0 0 1 
26456013410005;0.315858;0.107555;0.998412 -0.04553 0.0331851 -0.0550285 0.0477633 0.996407 -0.0699431 0.333132 -0.0298814 0.071417 0.996999 -0.245463 0 0 0 1 
26456013410006;0.127418;0.112748;0.996181 0.0863953 0.0126453 0.0460152 -0.0853443 0.994024 -0.068063 0.0760718 -0.0184501 0.0667238 0.997601 -0.0585966 0 0 0 1 
26456013410007;0.936325;0.443473;0.970108 -0.239741 -0.0376238 0.0358198 0.225678 0.948255 -0.223344 0.38653 0.0892217 0.208177 0.974013 0.618578 0 0 0 1 
26456013410008;0.859142;0.108091;0.999907 -0.00483224 0.0127478 0.157158 0.00658652 0.989933 -0.141383 0.0356822 -0.0119362 0.141454 0.989873 0.685503 0 0 0 1 
26456013410009;0.404949;0.127471;0.989965 0.107796 -0.0913768 -0.150125 -0.115801 0.989424 -0.0873556 -0.0723333 0.0809938 0.0970604 0.991977 0.237562 0 0 0 1 
26456013410010;0.333714;0.1154;0.996531 0.0534349 -0.0638062 -0.120138 -0.0645614 0.98014 -0.187502 0.134551 0.0525198 0.190971 0.98019 -0.28151 0 0 0 1 
26456013410011;0.463956;0.107821;0.997797 -0.0642184 0.0166323 0.0271909 0.0647992 0.997208 -0.0371218 0.257422 -0.0142019 0.0381178 0.999172 -0.429354 0 0 0 1 
26456013410012;1.06761;0.112877;0.97884 0.0322039 -0.202078 0.611154 -0.11303 0.908303 -0.402752 0.664992 0.170578 0.417071 0.892723 0.774424 0 0 0 1 
26456013410013;0.408963;0.100891;0.925911 0.377559 0.0117301 0.0821611 -0.375862 0.923955 -0.070961 -0.067842 -0.03763 0.0612947 0.99741 -0.0687286 0 0 0 1 
26456013410014;0.281798;0.134726;0.992006 0.123177 0.0273965 -0.0350016 -0.121152 0.990423 -0.0662092 -0.0500138 -0.0352896 0.0623608 0.99743 -0.31247 0 0 0 1 
26456013410015;0.444148;0.136326;0.995557 -0.0343011 -0.0876929 -0.0618695 0.0202823 0.987546 -0.156018 0.0977956 0.0919523 0.153547 0.983854 0.28354 0 0 0 1 
26456013410016;0.631913;0.107285;0.89998 0.341214 0.271309 -0.222273 -0.339519 0.939007 -0.0547064 -0.107094 -0.273427 -0.0428798 0.960936 0.37211 0 0 0 1 
26456013410017;0.712942;0.114289;0.994572 0.0931931 0.0462854 0.123066 -0.0859408 0.98648 -0.139543 0.634945 -0.058664 0.134808 0.989134 0.277458 0 0 0 1 
26456013410018;0.599666;0.106242;0.92418 0.276494 0.263517 -0.0582845 -0.295126 0.954884 0.0331262 -0.289441 -0.242469 -0.108385 0.964086 -0.448434 0 0 0 1 
26456013410019;0.16999;0.0872037;0.999652 0.0176641 0.0195877 -0.0399372 -0.0174639 0.999794 -0.0103465 0.178273 -0.0197665 0.0100008 0.999755 -0.119755 0 0 0 1 
26456013410020;0.966938;0.140037;0.992241 0.118871 0.0364215 -0.328342 -0.118612 0.992898 -0.0092033 -0.124058 -0.0372568 0.00481187 0.999294 -0.891876 0 0 0 1 
26456013410021;1.2145;0.491261;0.953419 -0.29764 -0.0490192 -0.467057 0.29246 0.951892 -0.0914837 0.493329 0.0738902 0.0728861 0.994599 -0.294168 0 0 0 1 
26456013410022;0.808376;0.278888;0.978014 -0.196952 -0.0685442 -0.30814 0.153302 0.901844 -0.40395 0.643555 0.141375 0.384561 0.91221 -0.147811 0 0 0 1 
26456013410023;0.310262;0.10679;0.951279 0.307285 -0.0253864 -0.257825 -0.30832 0.948732 -0.0696087 -0.0223937 0.00269517 0.0740444 0.997251 0.136992 0 0 0 1 
26456013410024;0.290654;0.120653;0.985763 0.167801 -0.0107023 0.092677 -0.165852 0.980837 0.102235 -0.209951 0.0276523 -0.0990043 0.994703 -0.0561176 0 0 0 1 
26456013410025;0.115869;0.118888;0.992293 0.123638 0.00825437 -0.050198 -0.122277 0.987805 -0.0963805 0.0675544 -0.02007 0.0946284 0.99531 0.0155515 0 0 0 1 
26456013410026;0.438952;0.281797;0.994212 -0.0426175 0.0986214 0.0187244 0.0400007 0.998797 0.0283619 -0.185929 -0.0997115 -0.0242528 0.994721 -0.318093 0 0 0 1 
26456013410027;1.02893;0.110522;0.918026 0.39591 0.0219967 0.083466 -0.393369 0.916307 -0.0751183 0.8039 -0.0498958 0.0603077 0.996932 0.156181 0 0 0 1 
26456013410028;0.910665;0.113088;0.995576 0.0935969 0.00827029 0.11643 -0.0927048 0.992795 -0.0759177 0.0652575 -0.0153164 0.0748151 0.99708 0.78016 0 0 0 1 
26456013410029;0.807992;0.126419;0.985322 0.115049 -0.126114 0.0788437 -0.145913 0.951056 -0.272401 0.955137 0.0886022 0.286804 0.953883 -0.0707887 0 0 0 1 
26456013410031;0.378079;1.63552;-0.284779 0.104877 -0.952839 0.993291 -0.772863 0.562908 0.292947 1.50026 0.567084 0.819839 -0.0792489 -0.233519 0 0 0 1 
26456013410032;0.347742;1.0759;0.548136 0.750402 -0.369383 -0.308291 -0.749586 0.636663 0.181055 1.30899 0.371036 0.177642 0.911469 -0.137689 0 0 0 1 
26456013410033;0.319289;1.52631;-0.251889 0.199031 -0.947068 0.752696 -0.45151 0.841416 0.296915 0.918583 0.855973 0.502401 -0.122079 -0.832306 0 0 0 1 
26456013410034;0.665788;1.04835;0.315353 0.692926 -0.648387 1.08299 -0.645268 0.657563 0.388897 0.853424 0.695832 0.295744 0.654487 -0.727108 0 0 0 1 
26456013410035;0.543286;1.2319;0.302701 0.422789 -0.854179 0.790988 -0.578493 0.793755 0.187877 0.770243 0.757442 0.437266 0.484851 0.0179977 0 0 0 1 
26456013410036;0.569296;0.817824;0.809224 0.489657 -0.324642 0.191154 -0.529357 0.847389 -0.0413945 0.940143 0.254829 0.205349 0.944931 0.246303 0 0 0 1 
26456013410037;0.587068;1.57092;-0.256625 0.139773 -0.956351 0.924578 -0.762892 0.578227 0.289222 1.94241 0.593414 0.803814 -0.0417556 0.0567834 0 0 0 1 
26456013410038;0.163491;1.23714;0.475614 0.483523 -0.734845 0.214427 -0.673735 0.73734 0.0491025 1.287 0.565573 0.471737 0.676455 -0.501468 0 0 0 1 
26456013410039;0.298903;1.27863;0.0675771 0.405569 -0.911563 0.514927 -0.578518 0.760306 0.295385 1.38538 0.812866 0.507394 0.286008 -0.514497 0 0 0 1 
26456013410040;0.421915;1.5419;-0.110371 0.112562 -0.987496 0.870795 -0.838674 0.522611 0.153308 1.56337 0.533333 0.845108 0.0367217 -0.165847 0 0 0 1 
26456013410041;0.740902;1.04898;0.778195 0.580728 -0.239098 0.217561 -0.584545 0.808965 0.0623126 0.901542 0.229608 0.091272 0.968994 -0.881704 0 0 0 1 
26456013410042;0.386627;1.03585;0.596867 0.759717 -0.25803 0.424917 -0.774423 0.62959 0.0623312 1.09579 0.209807 0.162621 0.964124 -0.0529843 0 0 0 1 
26456013410043;0.418115;0.819074;0.63863 0.397444 -0.658931 0.270642 -0.564246 0.824104 -0.0497911 0.902098 0.523239 0.403597 0.750553 -0.162037 0 0 0 1 
26456013410044;0.401489;0.820877;0.741801 0.445683 -0.501097 0.0859198 -0.328609 0.892929 0.307725 0.542669 0.584591 -0.0636063 0.808831 -0.279569 0 0 0 1 
26456013410045;0.640918;1.57001;-0.135791 0.29875 -0.944621 0.591803 -0.51743 0.791702 0.324768 0.745301 0.844883 0.532876 0.0470764 -0.871263 0 0 0 1 
26456013410046;0.387348;0.999287;0.561482 0.728895 -0.391728 -0.0212193 -0.729551 0.659447 0.181346 1.47602 0.390505 0.183963 0.902033 0.0153806 0 0 0 1 
26456013410047;0.681694;1.0042;0.658948 0.724676 -0.201574 0.107291 -0.571919 0.65676 0.491503 0.492449 0.488566 -0.20859 0.847227 -0.696139 0 0 0 1 
26456013410048;0.200666;1.30187;-0.0570057 0.441014 -0.895688 0.883649 -0.599415 0.702335 0.383962 0.851677 0.798406 0.558777 0.224313 -0.364003 0 0 0 1 
26456013410049;0.634474;1.11873;0.609447 0.686995 -0.395743 0.493834 -0.755111 0.655094 -0.0256581 1.24638 0.241622 0.314467 0.918003 0.0823388 0 0 0 1 
26456013410050;0.211001;1.28962;0.215259 0.381079 -0.899134 0.469711 -0.628947 0.758438 0.170874 1.22914 0.747054 0.528725 0.402939 -0.440394 0 0 0 1 
26456013410051;0.550163;0.938703;0.804919 0.512219 -0.299561 0.268546 -0.425412 0.850079 0.310468 0.655668 0.413678 -0.122465 0.902149 -0.549045 0 0 0 1 
26456013410052;0.551544;1.05136;0.644269 0.69205 -0.325552 0.306649 -0.707511 0.700959 0.0899137 1.10974 0.290423 0.172403 0.941239 -0.73775 0 0 0 1 
26456013410053;0.345543;1.30641;0.15426 0.537339 -0.829139 0.642949 -0.744532 0.614888 0.259971 1.64603 0.64952 0.577217 0.494919 -0.414749 0 0 0 1 
26456013410054;0.546651;1.55542;-0.0669418 0.114104 -0.991211 0.895352 -0.805706 0.579792 0.121157 2.09167 0.58852 0.806735 0.0531222 -0.884151 0 0 0 1 
26456013410055;0.267657;1.41479;-0.0232556 0.381482 -0.924084 0.926465 -0.631289 0.711133 0.309458 1.34758 0.775199 0.590561 0.224287 -0.448895 0 0 0 1 
26456013410056;0.595541;1.18663;0.616281 0.543864 -0.56957 0.584935 -0.704523 0.703934 -0.0901373 1.19966 0.351917 0.456825 0.816986 -0.250726 0 0 0 1 
26456013410057;0.461018;1.53942;-0.070333 0.401372 -0.913211 1.06999 -0.798445 0.526113 0.29273 1.32393 0.597946 0.749737 0.28347 -0.159811 0 0 0 1 
26456013410058;0.576941;1.53769;-0.169027 0.44598 -0.878938 1.07105 -0.548707 0.698215 0.4598 0.584979 0.818749 0.559999 0.126695 -0.766024 0 0 0 1 
26456013410059;0.729412;1.57592;-0.268047 0.480086 -0.835265 1.12138 -0.759957 0.427504 0.489597 1.30308 0.592128 0.766001 0.250254 0.116513 0 0 0 1 
26456013410060;0.670241;0.946627;0.74511 0.545577 -0.38361 -0.215735 -0.413298 0.829141 0.376445 1.14198 0.523447 -0.121947 0.843287 -0.581165 0 0 0 1 
26456013410062;0.727774;0.0693632;0.95883 -0.279121 -0.0523178 0.00497019 0.283429 0.952072 0.11501 -0.199064 0.0177086 -0.125103 0.991986 0.278625 0 0 0 1 
26456013410063;1.34575;1.23656;0.954428 0.266293 0.134741 -0.416772 -0.298382 0.842483 0.448543 -0.490828 0.00592739 -0.468306 0.883546 0.391738 0 0 0 1 
26456013410064;0.325852;0.104241;0.985279 0.13665 0.102719 -0.0963028 -0.146856 0.984151 0.0994 -0.132376 -0.0875079 -0.113022 0.989732 0.107853 0 0 0 1 
26456013410065;0.371368;0.0954565;0.959769 -0.207963 -0.188665 0.309824 0.219322 0.974781 0.0412386 0.0977938 0.17533 -0.0809578 0.981175 0.0143618 0 0 0 1 
26456013410066;1.03207;0.782117;0.908086 0.384382 -0.166222 0.0368262 -0.306819 0.880799 0.360633 0.0424012 0.285029 -0.276486 0.917777 0.233854 0 0 0 1 
26456013410067;0.857765;0.639643;0.944526 -0.239075 -0.225196 0.184922 0.221534 0.969953 -0.100564 0.124987 0.242471 0.0450971 0.96911 0.331296 0 0 0 1 
26456013410068;1.01715;0.0663783;0.999007 -0.025943 0.0362324 -0.147366 0.0200175 0.98767 0.155263 -0.0268559 -0.0398136 -0.154383 0.987208 0.581641 0 0 0 1 
26456013410069;0.211374;0.0723339;0.98184 -0.124614 -0.143042 0.124583 0.124303 0.992182 -0.0111487 0.0313538 0.143313 -0.00683426 0.989654 0.117251 0 0 0 1 
26456013410070;0.584191;0.107175;0.934923 -0.214948 -0.282341 0.460595 0.210466 0.976495 -0.0464918 0.0400341 0.285698 -0.015957 0.958187 -0.0230818 0 0 0 1 
26456013410071;0.0848378;0.132487;0.99943 0.00426006 0.0334842 -0.0647569 -0.00299228 0.99928 -0.0378211 0.0314812 -0.0336213 0.0376994 0.998723 -0.0388789 0 0 0 1 
26456013410072;0.345771;0.0915176;0.988015 0.0265392 -0.152058 0.00870197 0.00506041 0.97901 0.203751 -0.259187 0.154274 -0.202078 0.967142 0.19231 0 0 0 1 
26456013410073;0.619828;0.261977;0.970388 0.0420965 0.237854 -0.135762 -0.015599 0.993563 -0.112205 -0.100592 -0.241046 0.105172 0.964798 0.137452 0 0 0 1 
26456013410074;0.46439;0.0243084;0.991029 -0.0781141 -0.108442 -0.108048 0.064949 0.990643 -0.120035 0.178265 0.116803 0.111915 0.986829 0.0882744 0 0 0 1 
26456013410075;1.52576;0.118144;0.970639 -0.23819 -0.0335632 0.076261 0.240399 0.965396 0.101093 -0.0420719 0.00832253 -0.106193 0.994311 -0.756883 0 0 0 1 
26456013410076;0.479244;0.0361979;0.95857 0.263302 -0.108704 -0.101689 -0.267478 0.963225 -0.0255434 -0.0525834 0.0979804 0.0535609 0.993746 -0.179904 0 0 0 1 
26456013410077;0.704929;0.0628892;0.989281 -0.101649 0.10484 -0.395919 0.0972248 0.994176 0.0464919 -0.163304 -0.108955 -0.0358005 0.993402 0.0844249 0 0 0 1 
26456013410078;0.365691;0.22794;0.999652 0.0128217 -0.0230681 0.0860184 -0.0137548 0.999075 -0.040753 0.0618486 0.0225243 0.0410561 0.998903 -0.0147354 0 0 0 1 
26456013410079;1.72117;1.6771;0.835391 -0.156454 -0.52692 0.0847174 0.182854 0.983138 -0.00201465 0.462719 0.51835 -0.0946662 0.849913 0.721493 0 0 0 1 
26456013410080;1.76411;1.00863;0.993005 -0.0191956 0.116504 -0.280294 0.0271584 0.997373 -0.0671498 0.536871 -0.114909 0.0698442 0.990918 0.240642 0 0 0 1 
26456013410081;1.63412;0.59818;0.993394 0.0560557 0.100135 0.029594 -0.0399932 0.986985 -0.15576 0.613935 -0.107563 0.150727 0.982706 -0.379874 0 0 0 1 
26456013410082;0.404515;0.0952191;0.922258 -0.378177 -0.0801415 0.0947679 0.368386 0.922614 -0.114349 0.243688 0.117184 0.0759358 0.990203 0.00741968 0 0 0 1 
26456013410083;1.34753;0.128602;0.99837 -0.0370482 0.0434112 -0.25952 0.0356522 0.998836 0.0325018 -0.518324 -0.0445647 -0.0309012 0.998528 0.464272 0 0 0 1 
26456013410084;1.15281;0.59817;0.963895 0.0337953 0.264129 -0.192428 0.0131194 0.984682 -0.173867 -0.186283 -0.265959 0.171055 0.948686 -0.130068 0 0 0 1 
26456013410085;0.50976;0.0236568;0.972818 0.226684 0.0473308 -0.107846 -0.219434 0.967669 -0.124361 0.0798034 -0.0739911 0.110594 0.991108 -0.310402 0 0 0 1 
26456013410086;0.789041;0.0324067;0.989824 -0.0941068 -0.106735 0.168621 0.0879162 0.99424 -0.061303 0.130582 0.111889 0.0512955 0.992396 -0.389267 0 0 0 1 
26456013410087;0.962758;0.284245;0.991723 0.109015 -0.0678368 0.0348239 -0.118216 0.981434 -0.15104 0.520678 0.0501116 0.15781 0.986197 -0.0117591 0 0 0 1 
26456013410088;1.51292;0.825891;0.99577 0.0323894 -0.0859788 -0.324149 -0.0299251 0.999108 0.029798 -0.153058 0.0868672 -0.0270991 0.995851 0.111138 0 0 0 1 
26456013410089;0.558558;0.0669135;0.998444 -0.0368784 -0.0418333 0.0123923 0.0352578 0.998623 -0.0388381 0.0227461 0.043208 0.0373027 0.998369 0.302894 0 0 0 1 
26456013410090;1.4132;0.808098;0.99683 -0.00236999 -0.0795212 0.206486 0.00147372 0.999935 -0.0113276 -0.191743 0.0795428 0.0111745 0.996769 -0.415318 0 0 0 1 
26456013410091;1.21795;0.71628;0.919315 -0.14869 -0.364351 0.0790362 0.0857738 0.97932 -0.183235 0.0117206 0.384061 0.137199 0.913057 0.444205 0 0 0 1 
26456013410093;0.469907;0.200988;0.960401 -0.27614 0.0371066 -0.119842 0.27862 0.951268 -0.13214 0.4432 0.00119089 0.137246 0.990536 -0.350663 0 0 0 1 
26456013410094;0.663694;0.123716;0.885078 0.160752 -0.436802 0.341562 -0.0721841 0.974518 0.212378 0.23612 0.459811 -0.156441 0.874128 0.114875 0 0 0 1 
26456013410095;0.871627;0.216853;0.986992 0.118843 0.108272 0.323318 -0.120176 0.992735 0.00584571 0.245903 -0.106791 -0.0187814 0.994104 -0.0293316 0 0 0 1 
26456013410096;0.802998;0.0451802;0.999274 0.00289012 0.0379872 -0.404587 -0.00307736 0.999983 0.00487157 0.131641 -0.0379725 -0.00498493 0.999266 -0.444464 0 0 0 1 
26456013410097;0.47238;0.0777687;0.935998 0.351736 0.0137584 -0.0239448 -0.351985 0.934819 0.047111 0.0381246 0.00370898 -0.0489385 0.998795 0.223352 0 0 0 1 
26456013410098;0.153152;0.0422592;0.989481 0.0748393 -0.123803 0.105911 -0.0702222 0.996678 0.0412529 0.0205386 0.126479 -0.0321252 0.991449 0.0811967 0 0 0 1 
26456013410099;1.16156;0.0702719;0.987318 -0.0943959 -0.127645 -0.306211 0.0680351 0.978034 -0.197031 0.66774 0.14344 0.185848 0.972052 0.508551 0 0 0 1 
26456013410100;0.366643;0.0502538;0.977156 0.187096 0.100805 -0.0855489 -0.181372 0.981374 -0.0633137 0.0248491 -0.110773 0.0435842 0.99289 0.211584 0 0 0 1 
26456013410101;1.16745;0.0442185;0.99342 0.107282 0.0400908 -0.000821596 -0.113074 0.974365 0.194491 0.365505 -0.0181976 -0.197745 0.980085 0.806659 0 0 0 1 
26456013410102;1.13408;0.503315;0.989493 -0.0848725 -0.11705 0.167424 0.0920729 0.994089 0.0575366 0.136212 0.111475 -0.0677092 0.991458 -0.949577 0 0 0 1 
26456013410103;0.393965;0.0640964;0.997701 0.0304436 -0.0605527 -0.037672 -0.018634 0.982221 0.1868 -0.357963 0.065163 -0.185243 0.98053 -0.0417544 0 0 0 1 
26456013410104;1.01585;0.0303887;0.967145 0.251397 0.037827 -0.552871 -0.252194 0.929952 0.26756 0.0602967 0.0320864 -0.268309 0.962798 -0.369909 0 0 0 1 
26456013410105;1.13047;0.677671;0.998821 -0.0445219 -0.0193626 -0.0296506 0.0418175 0.991551 -0.122792 -0.0583313 0.0246659 0.121838 0.992243 0.268214 0 0 0 1 
26456013410106;0.197882;0.0631223;0.971498 0.228361 0.0635914 -0.149268 -0.232298 0.970571 0.0634769 -0.0109865 -0.0472243 -0.0764398 0.995955 0.0558194 0 0 0 1 
26456013410107;0.85745;0.417527;0.949477 -0.312579 0.028061 -0.323599 0.313531 0.948696 -0.0409173 -0.00386113 -0.0138315 0.0476481 0.998768 -0.456634 0 0 0 1 
26456013410108;1.09003;0.183814;0.978367 0.0566998 0.198953 -0.38193 -0.0626559 0.997752 0.0237648 -0.648312 -0.197159 -0.0357163 0.979721 0.371239 0 0 0 1 
26456013410109;0.997601;0.30789;0.990268 0.137722 -0.0200566 -0.0112943 -0.139007 0.985825 -0.0939489 -0.402416 0.00683338 0.0958226 0.995375 0.308883 0 0 0 1 
26456013410110;1.0844;0.109356;0.918797 -0.0970387 0.382617 -0.932975 0.109795 0.993887 -0.0115889 0.0268024 -0.379153 0.0526574 0.923834 -0.499131 0 0 0 1 
26456013410111;0.414986;0.344585;0.988093 -0.0910586 0.124018 0.0295748 0.118956 0.963349 -0.240434 0.283162 -0.0975794 0.252324 0.96271 -0.0386726 0 0 0 1 
26456013410112;0.40276;0.0491236;0.996902 -0.00289352 0.0785961 -0.0857085 -0.00863049 0.989264 0.145888 -0.0987707 -0.0781744 -0.146114 0.986174 -0.250146 0 0 0 1 
26456013410113;0.220143;0.0498796;0.989842 0.142117 0.00388067 0.00967543 -0.142162 0.989707 0.0164395 0.0081796 -0.00150439 -0.0168242 0.999857 0.124744 0 0 0 1 
26456013410114;0.883586;0.385633;0.966764 -0.113627 0.229033 -0.464617 0.0903975 0.989866 0.109516 -0.0697714 -0.239156 -0.0851725 0.967238 0.377302 0 0 0 1 
26456013410115;0.901703;0.183704;0.996132 -0.000680339 -0.0878622 -0.0508305 0.0129529 0.990182 0.139185 0.118807 0.0869049 -0.139785 0.986361 0.727596 0 0 0 1 
26456013410116;0.0971774;0.0403532;0.999959 -0.00608153 0.00674259 -0.0449601 0.00588291 0.999559 0.0290967 0.061416 -0.00691657 -0.0290558 0.999554 0.0260309 0 0 0 1 
26456013410117;0.308242;0.0494036;0.999703 0.0152577 0.0190246 -0.0220772 -0.0168274 0.996215 0.0852846 0.0710993 -0.0176513 -0.0855794 0.996175 -0.153829 0 0 0 1 
26456013410118;0.617996;0.0552701;0.930889 -0.297046 0.212623 -0.450428 0.301711 0.953337 0.0109391 0.178012 -0.205951 0.0539677 0.977073 -0.256649 0 0 0 1 
26456013410119;0.836682;0.0625922;0.977905 -0.206107 0.0349378 -0.117687 0.204159 0.977537 0.0523536 -0.00479373 -0.0449434 -0.044064 0.998017 -0.618538 0 0 0 1 
26456013410120;1.27194;0.225099;0.998304 0.0353894 -0.0462206 0.417875 -0.0306893 0.994643 0.0987124 0.222255 0.0494663 -0.0971265 0.994042 -0.754312 0 0 0 1 
26456013410121;0.539915;0.410153;0.964355 -0.249493 -0.0881634 0.250092 0.248217 0.968373 -0.025334 0.351345 0.0916957 0.00254731 0.995784 -0.412091 0 0 0 1 
26456013410122;0.715537;0.0438368;0.998435 0.00978012 -0.0550603 0.162494 -0.0106403 0.999826 -0.015352 0.202836 0.0549006 0.0159139 0.998365 -0.501486 0 0 0 1 
26456013410124;1.54152;0.60416;0.84826 0.517119 -0.114204 -0.217584 -0.524888 0.849606 -0.0516087 -0.485094 0.0703402 0.103722 0.992116 0.188607 0 0 0 1 
26456013410125;0.0901978;0.028825;0.999014 0.0440809 -0.00528502 0.0610697 -0.0441901 0.998765 -0.0227198 -0.0710837 0.00427698 0.022931 0.999728 0.0132645 0 0 0 1 
26456013410126;2.04591;1.09251;0.950939 0.227761 0.209381 -0.288865 -0.298818 0.851493 0.430892 -0.691897 -0.0801463 -0.472319 0.877776 -0.784566 0 0 0 1 
26456013410127;0.892171;0.204957;0.997266 0.045748 0.0580327 0.023084 -0.0474271 0.998485 0.0278925 0.269283 -0.0566687 -0.0305686 0.997925 -0.178556 0 0 0 1 
26456013410128;1.22747;0.33127;0.99914 0.0414555 0.000825239 -0.14132 -0.0412552 0.995912 -0.0803611 0.205765 -0.00415328 0.0802579 0.996765 -0.527727 0 0 0 1 
26456013410129;0.476134;0.0634403;0.975391 0.0732525 0.20796 -0.130674 -0.0606698 0.995956 -0.0662606 -0.176561 -0.211973 0.0520131 0.97589 -0.113746 0 0 0 1 
26456013410130;2.09219;0.185895;0.979835 0.175735 0.0950847 0.212766 -0.161108 0.976337 -0.14426 0.176833 -0.118186 0.126033 0.984961 0.829361 0 0 0 1 
26456013410131;1.46172;0.0664043;0.999747 0.0157058 0.016094 -0.294763 -0.0159107 0.999793 0.0126838 -0.187107 -0.0158915 -0.0129367 0.99979 0.587757 0 0 0 1 
26456013410132;0.769284;0.195229;0.992813 -0.031781 0.115383 -0.158531 0.0173743 0.992157 0.123782 0.0580803 -0.118412 -0.120887 0.985578 0.0703565 0 0 0 1 
26456013410133;1.34603;0.166531;0.99938 0.0281622 0.0211335 -0.0523832 -0.0291344 0.998461 0.0471982 0.269604 -0.0197717 -0.0477846 0.998662 0.492247 0 0 0 1 
26456013410134;1.62064;0.382187;0.987755 -0.100458 0.119369 0.182734 0.0973927 0.994755 0.0312558 0.427596 -0.121883 -0.0192474 0.992358 -0.852429 0 0 0 1 
26456013410135;0.477389;0.0686655;0.997887 0.0503111 0.0411177 0.00843313 -0.0493333 0.998483 -0.0244602 0.0345939 -0.0422859 0.0223801 0.998855 -0.253071 0 0 0 1 
26456013410136;1.0412;0.316164;0.992935 -0.108178 -0.0487675 -0.308443 0.112305 0.989423 0.0918176 0.293204 0.038319 -0.0966457 0.994581 0.218809 0 0 0 1 
26456013410137;1.90811;1.3896;0.992463 -0.0826243 -0.0905057 0.00210219 0.074182 0.992901 -0.0929764 0.129064 0.0975453 0.0855617 0.991546 0.445377 0 0 0 1 
26456013410138;0.964836;0.0536537;0.984911 0.16 -0.0659582 0.0528388 -0.164466 0.983969 -0.0689693 -0.259925 0.0538657 0.0787765 0.995436 0.581709 0 0 0 1 
26456013410139;1.47225;0.815255;0.972074 0.208937 -0.106856 0.411473 -0.223836 0.96227 -0.154708 -0.288906 0.0705002 0.174306 0.982165 -0.0549158 0 0 0 1 
26456013410140;1.16137;0.807323;0.999257 0.00703331 -0.0379032 0.056655 -0.0089632 0.998659 -0.0509893 -0.142373 0.0374938 0.0512911 0.99798 0.264871 0 0 0 1 
26456013410141;0.944233;0.450589;0.998496 0.040322 -0.0371436 -0.0601071 -0.0397529 0.999082 0.0159334 -0.25025 0.037752 -0.0144329 0.999183 -0.181906 0 0 0 1 
26456013410142;1.84842;0.652206;0.966255 -0.099707 -0.237508 -0.448124 0.058438 0.982857 -0.174865 -0.142541 0.250871 0.155084 0.955517 0.543238 0 0 0 1 
26456013410143;0.46443;0.0343588;0.96573 0.257578 0.0319345 0.0415459 -0.259531 0.956825 0.130883 -0.470286 0.00315688 -0.134686 0.990883 0.125293 0 0 0 1 
26456013410144;0.759937;0.079227;0.9745 -0.0514515 -0.218411 -0.0674414 -0.00503402 0.968099 -0.250518 0.367575 0.224333 0.245229 0.943153 0.32823 0 0 0 1 
26456013410145;0.437138;0.190401;0.988892 -0.0449699 0.141666 -0.127143 0.0127978 0.975353 0.220278 -0.0366064 -0.148081 -0.216018 0.965095 -0.273456 0 0 0 1 
26456013410146;1.81332;0.47069;0.998521 0.0542116 -0.00419738 -0.251827 -0.0541257 0.998364 0.0184202 0.0721437 0.0051891 -0.0181658 0.999822 0.698853 0 0 0 1 
26456013410147;0.897776;0.621442;0.998697 0.00544422 0.0507351 0.0706743 0.00429262 0.981803 -0.189852 0.0900738 -0.0508455 0.189823 0.980501 0.158937 0 0 0 1 
26456013410148;0.647101;0.2614;0.99583 -0.0866692 -0.0284621 -0.165259 0.0879679 0.994962 0.0480804 0.0230277 0.0241516 -0.0503837 0.998438 0.238151 0 0 0 1 
26456013410149;0.510162;0.0823495;0.949148 0.3073 -0.0684471 -0.0209877 -0.312131 0.946911 -0.0770364 -0.345269 0.04114 0.0944834 0.994676 0.147101 0 0 0 1 
26456013410150;1.62937;0.0486941;0.940328 -0.0446075 0.337334 -0.0351807 0.154883 0.938827 -0.307595 0.920922 -0.302977 0.341487 0.889714 -0.714071 0 0 0 1 
26456013410151;0.991097;0.350683;0.977254 -0.129339 0.168064 -0.364518 0.152924 0.978846 -0.13592 0.433411 -0.146929 0.158529 0.976361 -0.566035 0 0 0 1 
26456013410152;0.386143;0.0336605;0.998726 0.0447395 -0.0233259 0.0182791 -0.0449548 0.99895 -0.00878843 0.0246746 0.0229082 0.00982585 0.999689 -0.114587 0 0 0 1 
26456013410153;1.24713;0.57253;0.984244 0.176081 0.0160979 -0.0502041 -0.176639 0.975115 0.133974 -0.071823 0.00789292 -0.134707 0.990854 0.293253 0 0 0 1 
26456013410155;0.44177;0.252212;0.994988 0.0864046 0.0503208 -0.0425857 -0.074739 0.97699 -0.199759 -0.0892932 -0.066423 0.194997 0.978552 -0.0431556 0 0 0 1 
26456013410156;0.559197;0.152684;0.998542 -0.0517089 -0.0154667 -0.116183 0.0500496 0.994386 -0.0932304 0.117968 0.0202007 0.0923204 0.995524 0.483781 0 0 0 1 
26456013410157;0.798739;0.598615;0.999709 0.0165703 -0.0175129 0.133949 -0.0160778 0.999481 0.0278971 -0.195027 0.0179661 -0.0276074 0.999457 -0.262122 0 0 0 1 
26456013410158;0.506235;0.208692;0.989267 0.079667 0.122492 0.0823546 -0.0625485 0.98849 -0.137748 0.30912 -0.132056 0.128607 0.982864 -0.277498 0 0 0 1 
26456013410159;0.771683;0.333011;0.999666 0.0256845 -0.00294826 0.138582 -0.0257528 0.979248 -0.201022 0.675904 -0.00227608 0.201031 0.979582 0.0681586 0 0 0 1 
26456013410160;0.731372;0.259699;0.998487 -0.0195923 -0.0513757 0.134841 0.0178898 0.999282 -0.0333915 0.204538 0.051993 0.0324219 0.998121 -0.523107 0 0 0 1 
26456013410161;0.152345;0.0532487;0.997826 0.0289185 0.0592148 -0.0264406 -0.0265369 0.998822 -0.0406183 0.0163277 -0.0603197 0.0389587 0.997419 -0.16186 0 0 0 1 
26456013410162;0.843744;0.469929;0.931177 -0.0470669 -0.361516 0.220228 0.0419892 0.998878 -0.0218932 0.509355 0.362141 0.00520671 0.932109 0.771136 0 0 0 1 
26456013410163;0.17304;0.051563;0.997371 -0.0165145 -0.0705572 0.0353968 0.00665026 0.990436 -0.137814 0.130023 0.0721584 0.136983 0.987942 0.144049 0 0 0 1 
26456013410164;1.05704;0.0765502;0.996368 -0.0177624 -0.0832726 0.0619477 0.0207547 0.999165 0.0352068 -0.0449223 0.0825777 -0.0368072 0.995905 -0.897432 0 0 0 1 
26456013410165;1.01882;1.05929;0.9938 -0.0986838 -0.0512189 -0.607242 0.103216 0.990106 0.0950619 0.488619 0.0413311 -0.0997592 0.994153 0.025315 0 0 0 1 
26456013410166;0.386158;0.0772887;0.976611 -0.0106293 -0.214753 0.337158 -0.0543824 0.954093 -0.294533 0.412622 0.208025 0.299323 0.931199 0.0753778 0 0 0 1 
26456013410167;0.362618;0.214118;0.996393 0.0357459 -0.0769566 -0.135053 -0.00131845 0.913349 0.407175 -0.505589 0.0848431 -0.405605 0.910102 0.0696249 0 0 0 1 
26456013410168;0.272737;0.112414;0.969625 -0.0412004 -0.2411 0.118073 0.0488296 0.998475 0.0257525 -0.157716 0.239671 -0.0367431 0.970159 0.0863137 0 0 0 1 
26456013410169;0.677811;0.189267;0.999293 -0.0372336 -0.00527476 -0.102443 0.0370578 0.998856 -0.0302255 -0.17654 0.00639413 0.0300086 0.999529 0.447988 0 0 0 1 
26456013410170;0.704368;0.121994;0.997169 0.0721724 0.0211044 0.161829 -0.0725716 0.997186 0.018805 -0.648848 -0.0196878 -0.0202833 0.9996 0.0677782 0 0 0 1 
26456013410171;1.02478;0.625702;0.969014 -0.106855 -0.222696 -0.124833 0.119761 0.991771 0.0452394 -0.0243088 0.21603 -0.070508 0.973838 0.00712954 0 0 0 1 
26456013410172;0.366617;0.0832042;0.966189 -0.0509375 -0.252753 0.194409 0.0700678 0.995272 0.0672675 -0.0324602 0.248131 -0.082703 0.96519 -0.0777443 0 0 0 1 
26456013410173;0.895873;0.339985;0.999664 0.025902 -5.23757e-05 -0.12624 -0.0258895 0.999242 0.0290696 -0.411938 0.000805296 -0.0290585 0.999577 0.463879 0 0 0 1 
26456013410174;0.457447;0.307071;0.999067 -0.0320432 -0.0289442 -0.0831123 0.0321125 0.999482 0.00193262 0.19968 0.0288673 -0.00286029 0.999579 0.0185714 0 0 0 1 
26456013410175;0.623034;0.0370798;0.999704 -0.00780761 -0.0230295 0.00595258 0.00885224 0.99892 0.0456132 -0.0175206 0.0226485 -0.0458036 0.998694 -0.538078 0 0 0 1 
26456013410176;0.235307;0.175137;0.994863 -0.0427655 -0.0917515 -0.100046 0.0425332 0.999085 -0.00448646 0.0961649 0.0918594 0.000560932 0.995772 0.0603234 0 0 0 1 
26456013410177;0.877512;0.503964;0.999815 -0.0172769 0.00848241 -0.0594356 0.0172974 0.999848 -0.00235265 0.595288 -0.00844047 0.00249894 0.999961 0.0353359 0 0 0 1 
26456013410178;0.197683;0.0359521;0.999082 -0.0230929 -0.0360749 -0.055408 0.0232562 0.999721 0.00411245 0.120664 0.0359699 -0.00494764 0.999341 -0.0527302 0 0 0 1 
26456013410179;0.15124;0.0412302;0.997015 0.00795082 0.0767993 -0.0427553 -0.0173767 0.992272 0.122859 -0.0680994 -0.0752289 -0.123826 0.989448 0.00594444 0 0 0 1 
26456013410180;0.554153;0.357888;0.999931 -0.0116241 0.00153978 0.0961285 0.0117166 0.985356 -0.170108 0.396992 0.000460116 0.170114 0.985424 -0.0176703 0 0 0 1 
26456013410181;0.475904;0.0427135;0.999334 0.0246304 0.0269394 -0.032068 -0.0319397 0.947316 0.318705 -0.668866 -0.0176703 -0.319353 0.947471 -0.0582546 0 0 0 1 
26456013410182;0.72307;0.548423;0.99963 0.00758045 0.0261066 -0.111964 -0.00508806 0.995536 -0.0942456 0.133847 -0.0267045 0.0940779 0.995207 0.237218 0 0 0 1 
26456013410183;0.714484;0.173775;0.999326 0.0366172 -0.0025396 -0.165821 -0.0352116 0.93683 -0.348008 0.179134 -0.0103639 0.347863 0.937488 0.444262 0 0 0 1 
26456013410184;0.435457;0.256213;0.999845 0.00380567 0.0171635 0.0341179 -0.00311699 0.999196 -0.0399744 0.222467 -0.0173019 0.0399147 0.999053 -0.183757 0 0 0 1 
26456013410186;2.57906;1.78123;0.976102 0.214177 -0.0367728 -0.00739607 -0.217303 0.963495 -0.156388 -0.645511 0.00193559 0.160642 0.987011 -0.607929 0 0 0 1 
26456013410187;0.634766;0.177378;0.993286 -0.10184 -0.0548747 0.209539 0.0865276 0.968885 -0.231893 0.322696 0.0767834 0.225588 0.971192 -0.0874366 0 0 0 1 
26456013410188;1.09866;0.539249;0.976244 -0.208314 -0.0596092 0.140271 0.199889 0.759687 0.618806 -0.547131 -0.0836217 -0.61602 0.783279 0.169576 0 0 0 1 
26456013410189;0.60767;0.162207;0.948823 0.288693 -0.128031 -0.0680151 -0.291009 0.95672 0.00064473 -0.155583 0.122676 0.0366465 0.99177 0.102976 0 0 0 1 
26456013410190;1.29465;1.7209;0.727995 -0.530977 0.43369 -0.559686 0.370598 0.836979 0.402644 0.562569 -0.576784 -0.132398 0.806096 -0.869936 0 0 0 1 
26456013410191;1.28532;0.731113;0.999852 -0.00160726 0.0171325 -0.0728422 0.00412643 0.988973 -0.148039 0.00328781 -0.0167056 0.148088 0.988833 -0.379284 0 0 0 1 
26456013410192;1.88351;1.93853;0.849109 0.0272551 -0.527514 -0.0462725 0.10964 0.967824 0.226485 0.0530461 0.516714 -0.250147 0.8188 1.05899 0 0 0 1 
26456013410193;1.11745;0.864783;0.991824 -0.0804736 0.0990413 -0.133503 0.0257954 0.88651 0.46199 -0.355053 -0.124979 -0.455658 0.881338 -0.0334629 0 0 0 1 
26456013410194;2.37375;0.389438;0.996308 -0.046404 -0.0722344 0.227221 0.0371683 0.991545 -0.124325 -0.502841 0.0773928 0.121181 0.989609 -0.286719 0 0 0 1 
26456013410195;1.70586;0.77907;0.997884 -0.036326 -0.0539202 0.14029 0.0555294 0.907555 0.416246 -0.703427 0.0338149 -0.41836 0.907652 -0.0914997 0 0 0 1 
26456013410196;0.514644;0.186033;0.998132 -0.0606512 0.0073758 0.0507455 0.0602045 0.996912 0.0504225 0.0902049 -0.0104112 -0.0498842 0.998701 0.162924 0 0 0 1 
26456013410197;2.7645;2.45851;0.768148 -0.614609 0.179455 -0.419599 0.612271 0.787093 0.0748916 1.05701 -0.187277 0.0523476 0.980911 -0.0563278 0 0 0 1 
26456013410198;2.3433;1.41573;0.998847 -0.047867 0.00365018 0.152203 0.0314474 0.709874 0.703627 -0.414991 -0.0362717 -0.7027 0.710561 0.926865 0 0 0 1 
26456013410199;2.04036;0.832651;0.988721 0.0684763 -0.133201 0.264536 0.00745333 0.865763 0.500399 -0.983548 0.149586 -0.495747 0.855487 0.214639 0 0 0 1 
26456013410200;2.25828;2.17459;0.976341 -0.2049 0.0690906 0.0306953 0.215729 0.944843 -0.246438 0.521084 -0.0147844 0.255513 0.966693 -0.07047 0 0 0 1 
26456013410201;2.32984;0.845473;0.980573 -0.0749371 0.181276 -0.403488 -0.0224499 0.875202 0.483236 -0.158851 -0.194865 -0.477918 0.856518 -0.544855 0 0 0 1 
26456013410202;0.574695;0.324228;0.993188 -0.112388 0.0307589 0.0101717 0.114257 0.991131 -0.0678588 0.370258 -0.0228596 0.0709109 0.997221 0.0555528 0 0 0 1 
26456013410203;2.04835;0.216558;0.938386 -0.278006 0.20529 0.273153 0.217539 0.93675 0.274183 -0.409333 -0.26853 -0.212632 0.93951 -0.0836565 0 0 0 1 
26456013410204;0.669991;0.104667;0.99622 -0.0836239 0.0234979 0.0734533 0.0710677 0.940224 0.333058 -0.206012 -0.0499449 -0.330129 0.942614 -0.0842881 0 0 0 1 
26456013410205;0.908947;0.575435;0.998944 0.0439174 0.0135229 -0.0690742 -0.0453856 0.896866 0.439967 -0.223049 0.007194 -0.440116 0.897912 0.179061 0 0 0 1 
26456013410206;1.79634;1.5975;0.976119 -0.202239 -0.0793145 0.165171 0.190598 0.972481 -0.133988 0.190392 0.104229 0.115671 0.987804 -0.216454 0 0 0 1 
26456013410207;0.232642;0.151405;0.999309 0.00955177 -0.0359268 0.05998 -0.00486901 0.991732 0.128237 -0.0360133 0.0368547 -0.127973 0.991093 0.0771314 0 0 0 1 
26456013410208;2.37807;0.928428;0.983208 0.0149776 0.181872 -0.256418 -0.0598807 0.967923 0.244007 -0.681974 -0.172384 -0.2508 0.952567 -0.722919 0 0 0 1 
26456013410209;2.64335;0.217456;0.977507 -0.208842 0.029399 0.465867 0.201464 0.965882 0.162738 -0.607804 -0.0623825 -0.153155 0.986231 -0.121225 0 0 0 1 
26456013410210;2.26073;1.27458;0.961001 -0.261183 0.0908914 -0.197869 0.119524 0.688658 0.715167 -0.652656 -0.249382 -0.676412 0.693019 -0.279468 0 0 0 1 
26456013410211;1.42407;1.14562;0.994993 -0.0779693 -0.0625338 0.1029 0.0964888 0.91251 0.397512 -0.0546304 0.026069 -0.401555 0.915464 0.105656 0 0 0 1 
26456013410212;1.48789;1.55499;0.958838 -0.110269 -0.261668 0.272127 0.118655 0.9928 0.0164143 0.100786 0.257974 -0.0467868 0.965018 0.173195 0 0 0 1 
26456013410213;1.60061;0.785484;0.945165 -0.272692 -0.179728 0.227748 0.252378 0.959124 -0.128008 0.816134 0.207288 0.0756295 0.975352 0.301313 0 0 0 1 
26456013410214;1.7042;1.43122;0.757977 -0.649707 -0.057889 -0.186376 0.639126 0.757494 -0.133122 1.40993 0.130341 0.0639053 0.989408 0.505456 0 0 0 1 
26456013410215;0.754244;0.451577;0.99716 0.0632877 0.0408321 0.0144788 -0.0654398 0.99641 0.0537185 -0.137594 -0.0372858 -0.0562379 0.997721 -0.151825 0 0 0 1 
26456013410217;1.32332;1.46311;0.950152 -0.138027 -0.27957 0.0374731 0.145565 0.989329 0.00627646 0.149104 0.27572 -0.046659 0.960105 0.212874 0 0 0 1 
26456013410218;1.34012;1.67349;0.982967 0.183336 -0.0127701 -0.153047 -0.165531 0.913407 0.37187 -0.402271 0.0798414 -0.363422 0.928197 0.167816 0 0 0 1 
26456013410219;0.65608;0.735905;0.985228 0.119831 0.122334 -0.116246 -0.11396 0.99202 -0.0539358 0.0432345 -0.127821 0.0391979 0.991022 -0.124244 0 0 0 1 
26456013410220;1.46371;1.07082;0.987814 -0.0896933 0.127199 -0.00570717 0.0983772 0.993108 -0.0637043 0.28968 -0.120608 0.0754414 0.989829 -0.0904512 0 0 0 1 
26456013410221;1.60635;2.18517;0.967318 -0.237404 -0.0890843 0.0302472 0.235528 0.971368 -0.0311596 0.434336 0.093931 0.00915934 0.995537 -0.0575211 0 0 0 1 
26456013410222;2.32392;1.00631;0.974326 -0.122134 0.189134 -0.126206 0.2178 0.724095 -0.654408 1.02326 -0.0570254 0.6788 0.732105 -1.08552 0 0 0 1 
26456013410223;1.20647;1.06746;0.992722 0.11703 0.028412 -0.0227831 -0.12023 0.97668 0.177881 0.0182172 -0.00693206 -0.180002 0.983642 0.0977272 0 0 0 1 
26456013410224;0.781646;0.656196;0.979905 0.160986 0.117769 -0.14892 -0.166485 0.985297 0.0383792 -0.194351 -0.109859 -0.0572147 0.992299 -0.136089 0 0 0 1 
26456013410225;1.91639;1.33988;0.970844 -0.166366 -0.172579 0.202509 0.236373 0.544705 0.804626 -0.9567 -0.0398581 -0.82196 0.568149 0.496689 0 0 0 1 
26456013410226;0.740714;0.719412;0.966219 0.253462 0.0466696 -0.0808494 -0.253416 0.967332 -0.00699159 -0.0299074 -0.0469171 -0.00507144 0.998886 -0.0500065 0 0 0 1 
26456013410227;0.854149;0.874963;0.998935 0.0366419 0.0280555 -0.0324537 -0.0376636 0.998613 0.0367997 -0.0524591 -0.0266682 -0.0378171 0.998929 0.0133451 0 0 0 1 
26456013410228;0.477964;0.0686564;0.967533 -0.100603 -0.231858 0.208674 0.0386888 0.965507 -0.257485 0.339493 0.249765 0.240155 0.938053 0.0354225 0 0 0 1 
26456013410229;0.488387;0.0902591;0.898082 -0.226021 -0.37731 0.357532 0.288192 0.950445 0.116615 0.0164114 0.332255 -0.213468 0.918715 0.337397 0 0 0 1 
26456013410230;0.907029;0.10668;0.992838 0.117334 -0.0224958 -0.0229429 -0.115678 0.99119 0.064499 0.0640722 0.0298656 -0.0614347 0.997664 -0.23126 0 0 0 1 
26456013410231;2.37848;0.767319;0.951472 0.0490618 -0.303799 0.557616 0.119204 0.851377 0.51083 -0.906271 0.28371 -0.522255 0.804213 0.0521515 0 0 0 1 
26456013410232;0.758672;0.404279;0.998306 0.0562591 0.0148188 0.0344507 -0.0567542 0.997759 0.0354318 -0.0897724 -0.0127922 -0.0362128 0.999262 -0.207863 0 0 0 1 
26456013410233;0.876115;0.436013;0.99644 0.0842175 -0.00371457 0.056286 -0.0824473 0.982787 0.165323 -0.00372395 0.0175737 -0.164428 0.986232 0.153051 0 0 0 1 
26456013410234;0.436918;0.0531989;0.989404 0.140818 0.0353615 -0.11508 -0.144864 0.94114 0.305401 -0.426532 0.00972585 -0.307288 0.951567 0.317532 0 0 0 1 
26456013410235;0.42537;0.0755393;0.925414 -0.0271495 0.377983 -0.399895 0.0658665 0.993772 -0.0898808 0.0544572 -0.373189 0.108073 0.921439 -0.35522 0 0 0 1 
26456013410236;1.61117;1.27227;0.95416 0.296741 0.0390383 -0.145519 -0.140247 0.32806 0.934188 -1.39619 0.264405 -0.896839 0.354639 1.11858 0 0 0 1 
26456013410237;1.76467;1.43093;0.949401 0.259789 0.176485 -0.148908 -0.30813 0.879217 0.363364 -0.50911 -0.0607701 -0.399359 0.914778 0.0806948 0 0 0 1 
26456013410238;1.19544;0.717673;0.992618 -0.109709 0.0517098 -0.0146623 0.0808466 0.916329 0.392179 -0.250478 -0.0904086 -0.385103 0.918434 -0.155808 0 0 0 1 
26456013410239;0.73293;0.371076;0.926674 -0.375062 -0.0245795 -0.000665873 0.375293 0.92689 0.00541657 0.314476 0.020751 -0.0142439 0.999683 -0.1339 0 0 0 1 
26456013410240;1.79116;1.93556;0.975394 -0.157969 -0.153792 0.0906099 0.168022 0.984267 0.0546496 0.248495 0.142739 -0.0791454 0.986591 0.171249 0 0 0 1 
26456013410241;1.92987;1.51269;0.99895 0.00470879 -0.0455618 0.167808 -0.000875493 0.996483 0.0837908 -0.0939943 0.0457961 -0.083663 0.995441 0.384233 0 0 0 1 
26456013410242;1.40722;0.300294;0.973802 0.0523045 0.2213 -0.263535 -0.163234 0.83833 0.520151 -0.541041 -0.158316 -0.542648 0.824905 -0.31905 0 0 0 1 
26456013410243;0.583238;0.068496;0.921027 -0.339039 0.191732 -0.200942 0.367242 0.919914 -0.137447 0.364412 -0.129778 0.197004 0.971775 -0.270578 0 0 0 1 
26456013410244;0.533279;0.0854314;0.996912 0.0506073 0.0600405 -0.0591978 -0.051847 0.998469 0.0192717 -0.0105584 -0.0589733 -0.0223251 0.99801 0.174906 0 0 0 1 
26456013410245;0.736282;0.458225;0.969748 -0.221132 -0.103388 0.071141 0.17325 0.921847 -0.346673 0.414118 0.171968 0.318273 0.932271 0.20765 0 0 0 1 
26456013410246;1.05866;0.865412;0.999307 0.0233273 0.0290039 -0.0523374 -0.0193228 0.991141 -0.131403 0.0172629 -0.0318122 0.130751 0.990905 -0.160202 0 0 0 1 
26456013410248;1.23759;0.871771;0.968834 0.0640945 -0.239276 -0.188053 0.0550971 0.885991 0.460418 0.0668525 0.241507 -0.459251 0.854846 0.968226 0 0 0 1 
26456013410249;1.46586;0.21183;0.890426 0.38979 0.234956 -0.302269 -0.438976 0.871844 0.217229 -0.626613 -0.120172 -0.296567 0.947421 0.65562 0 0 0 1 
26456013410250;0.412958;0.288336;0.991901 -0.109268 -0.0647583 -0.11194 0.100284 0.986603 -0.128679 0.234849 0.0779513 0.121143 0.98957 0.225547 0 0 0 1 
26456013410251;1.34871;0.54455;0.957918 0.000745478 0.287039 -0.203625 -0.0791171 0.961946 0.261534 -0.147092 -0.275922 -0.273238 0.921525 0.195166 0 0 0 1 
26456013410252;1.49487;0.678351;0.98046 0.150543 -0.126631 0.163737 -0.08494 0.904586 0.417743 -0.643048 0.177437 -0.398824 0.899698 -0.268921 0 0 0 1 
26456013410253;0.288077;0.133512;0.999446 0.00386733 -0.0330594 -0.0634691 -0.00448841 0.999814 -0.0187333 -0.0401222 0.0329808 0.0188713 0.999278 -0.141276 0 0 0 1 
26456013410254;0.399182;0.30942;0.937394 0.326099 0.122275 -0.349379 -0.318985 0.944836 -0.0743877 -0.473138 -0.139787 0.0307267 0.989705 -0.364051 0 0 0 1 
26456013410255;1.26559;0.704574;0.904175 -0.0127744 0.426971 -0.240006 -0.06463 0.983955 0.166302 0.0878233 -0.422245 -0.177961 0.888842 -0.0048633 0 0 0 1 
26456013410256;0.836061;0.667511;0.978633 0.137693 -0.152703 0.159392 -0.146962 0.98782 -0.0511169 -0.217765 0.143805 0.0724662 0.986949 0.0804594 0 0 0 1 
26456013410257;1.31918;0.917091;0.959662 0.251128 -0.126429 -0.18293 -0.227785 0.958043 0.173974 -0.730109 0.164814 -0.138157 0.976601 -0.0217627 0 0 0 1 
26456013410258;1.48742;1.18212;0.962008 -0.114823 -0.247702 0.0202735 0.182712 0.944911 0.271586 0.343769 0.202872 -0.306526 0.929992 0.645247 0 0 0 1 
26456013410259;1.01942;0.180566;0.920831 0.381483 -0.0808774 -0.610782 -0.371114 0.920969 0.118705 -0.386898 0.11977 -0.0792928 0.98963 0.262028 0 0 0 1 
