#;prob_registration_l1 -r /home/probabilistic_point_clouds_registration/build/tester /home/point_clouds_registration_benchmark//devel/registration_pairs/p2at_met_local.txt /home/point_clouds_registration_benchmark//planetary/p2at_met -s 0.2 -t 0.2 -p 0.3 -r 1000 -m 5 -i 40 
id;initial_error;final_error;transformation
27844314100000;0.368279;0.329073;0.999383 0.00355432 0.0349481 0.257474 -0.00838469 0.990249 0.139059 -0.199541 -0.0341131 -0.139266 0.989667 -8.35952 0 0 0 1 
27844314100001;0.325629;0.133629;0.987599 0.0355519 -0.152921 1.2936 -0.00671932 0.982703 0.185069 -0.495983 0.156856 -0.181746 0.970755 -7.70425 0 0 0 1 
27844314100002;0.342132;0.132552;0.932613 -0.0459622 0.35794 -3.0274 -0.0589631 0.959121 0.276787 -2.78759 -0.356029 -0.27924 0.891778 -24.652 0 0 0 1 
27844314100003;0.135271;0.105092;0.99503 -0.00601609 0.099389 -0.12949 -0.011275 0.984945 0.172499 -0.484249 -0.0989305 -0.172762 0.979983 -12.527 0 0 0 1 
27844314100004;0.89077;0.714606;0.986016 0.0470867 -0.15986 1.92176 -0.00434372 0.966189 0.257798 -1.11491 0.166594 -0.253499 0.952882 -12.312 0 0 0 1 
27844314100005;0.300669;0.261926;0.934266 0.0419361 -0.354102 -0.330962 0.00269864 0.9922 0.124626 0.102852 0.356566 -0.117389 0.926866 1.19299 0 0 0 1 
27844314100006;0.461976;0.441916;0.99998 0.00624276 0.000549255 0.384751 -0.00625601 0.999564 0.0288445 -0.0667529 -0.000368946 -0.0288474 0.999584 -1.56169 0 0 0 1 
27844314100007;1.17629;1.01243;0.999531 0.00933248 0.0291615 0.614542 -0.0117657 0.996361 0.0844158 -0.0840314 -0.0282676 -0.0847194 0.996004 -4.30982 0 0 0 1 
27844314100008;0.519074;0.442663;0.999971 0.00693536 0.00305891 0.380578 -0.00703866 0.999357 0.0351628 -0.0827563 -0.00281307 -0.0351833 0.999377 -1.50243 0 0 0 1 
27844314100009;0.482706;0.497619;0.993048 -0.00793732 0.117438 -0.222279 0.0135868 0.998784 -0.0473843 0.045489 -0.116919 0.0486505 0.991949 0.072307 0 0 0 1 
27844314100010;0.848926;0.0775232;0.999075 0.022137 -0.0368596 1.347 -0.0154474 0.984841 0.172771 -0.69363 0.0401255 -0.172042 0.984272 -11.2858 0 0 0 1 
27844314100011;0.370547;0.305347;0.981024 -0.00470264 -0.19383 -1.49553 -0.00702224 0.998188 -0.0597592 -0.505082 0.193759 0.0599863 0.979213 8.47779 0 0 0 1 
27844314100012;1.02719;0.438072;0.991305 -0.0029661 -0.131553 -1.1188 -0.00319253 0.99891 -0.0465791 -0.340819 0.131548 0.0465941 0.990214 8.02184 0 0 0 1 
27844314100013;0.818365;0.754364;0.998896 0.0142936 -0.0447491 0.73963 -0.00983987 0.995117 0.0982106 -0.190107 0.0459344 -0.0976618 0.994159 -5.50505 0 0 0 1 
27844314100014;0.722224;0.285568;0.998399 -6.88227e-05 -0.056558 -0.0606092 0.000426599 0.99998 0.00631378 -0.0132917 0.0565564 -0.0063278 0.998379 -0.861183 0 0 0 1 
27844314100015;1.11358;0.676978;0.999507 -0.00046731 -0.0314033 0.136994 -0.000263551 0.999729 -0.0232652 -0.00276783 0.0314056 0.023262 0.999236 -0.374306 0 0 0 1 
27844314100016;0.370882;0.0905151;0.992954 -0.012143 0.117875 -0.463738 0.0600791 0.908996 -0.412452 -5.36199 -0.10214 0.416628 0.903321 21.7706 0 0 0 1 
27844314100017;0.341055;0.281461;0.99563 0.00300341 -0.0933397 -0.29374 0.000392935 0.999339 0.0363473 0.155883 0.0933872 -0.0362251 0.994971 0.174205 0 0 0 1 
27844314100018;0.853373;0.281477;0.999587 0.000660256 0.0287294 0.228928 -0.000734871 0.999996 0.00258667 -0.00092091 -0.0287276 -0.00260671 0.999584 -2.96858 0 0 0 1 
27844314100019;0.871961;0.0923233;0.999984 -0.00132188 0.00555911 0.142573 0.00146096 0.999684 -0.0250897 -0.0275012 -0.00552419 0.0250974 0.99967 -1.01213 0 0 0 1 
27844314100020;0.613803;0.61016;0.996714 0.0309506 -0.074857 1.46401 -0.0129306 0.973067 0.230158 -0.977622 0.0799644 -0.228434 0.97027 -11.9141 0 0 0 1 
27844314100021;0.300355;0.0848494;0.948467 -0.0088766 -0.316751 -2.86227 -0.0104036 0.998196 -0.0591254 -0.582368 0.316704 0.0593739 0.946664 10.9413 0 0 0 1 
27844314100022;0.628187;0.0739234;0.999976 1.59256e-05 0.00692468 0.164976 0.000131416 0.999774 -0.0212768 -0.0549398 -0.00692345 0.0212772 0.99975 -0.630813 0 0 0 1 
27844314100023;0.278091;0.0848071;0.996382 -0.00172787 0.0849703 0.137158 0.00526245 0.999129 -0.0413915 -0.0951542 -0.0848248 0.0416889 0.995523 -0.289122 0 0 0 1 
27844314100024;0.416131;0.310409;0.969017 -0.0037531 -0.246967 -1.71739 -0.00598671 0.999234 -0.038675 -0.267083 0.246923 0.0389553 0.968252 7.26199 0 0 0 1 
27844314100025;0.365706;0.31401;0.992179 -0.00256923 -0.124794 -0.756435 0.00223612 0.999994 -0.00280932 0.0375779 0.1248 0.0025083 0.992179 2.67813 0 0 0 1 
27844314100026;0.38807;0.188268;0.983232 -0.0087113 0.182152 -0.375371 -8.00101e-05 0.998838 0.0482005 0.0370193 -0.182361 -0.0474068 0.982088 -7.90091 0 0 0 1 
27844314100027;0.827287;0.748492;0.981072 -0.0168403 -0.192909 -2.03935 -0.00856734 0.991461 -0.130122 -1.18673 0.193453 0.129312 0.97255 11.7262 0 0 0 1 
27844314100028;0.216847;0.197768;0.993741 -0.0136314 0.110875 -0.595895 0.0277441 0.991546 -0.126757 -0.2481 -0.10821 0.12904 0.985718 5.00433 0 0 0 1 
27844314100029;0.528223;0.426428;0.997172 0.000864319 0.0751442 0.260755 0.000890193 0.999728 -0.023312 -0.0693814 -0.0751439 0.023313 0.9969 -1.12685 0 0 0 1 
27844314100031;1.32944;0.734582;0.999846 -0.00710739 -0.0160513 -0.253758 0.0070994 0.999975 -0.00055467 0.103297 0.0160548 0.00044063 0.999871 2.6594 0 0 0 1 
27844314100032;1.35252;1.0931;0.9501 0.0577223 -0.306558 -1.72765 0.0379254 0.954067 0.297183 1.65938 0.309631 -0.29398 0.90427 6.18766 0 0 0 1 
27844314100033;0.908498;0.56016;0.974565 0.0326988 -0.221708 -1.05997 0.021353 0.971249 0.237107 1.09388 0.223086 -0.235811 0.945847 5.02407 0 0 0 1 
27844314100034;0.315932;0.284577;0.999964 0.00453864 0.00716873 -0.0530763 -0.00466076 0.999843 0.017111 -0.0745075 -0.00708994 -0.0171438 0.999828 -0.178772 0 0 0 1 
27844314100035;0.38412;0.178924;0.999555 -0.00449291 -0.0294764 0.0188642 0.00313753 0.998943 -0.0458682 -0.114346 0.0296514 0.0457553 0.998513 -0.470122 0 0 0 1 
27844314100036;0.255516;0.157719;0.996918 0.0162075 0.0767544 -0.00150805 -0.0290446 0.985151 0.169218 -0.0169492 -0.072872 -0.170926 0.982585 -0.152036 0 0 0 1 
27844314100037;0.704806;0.497101;0.999776 -0.0147769 0.0151459 0.116818 0.0167702 0.989828 -0.14128 -0.0288897 -0.0129041 0.141502 0.989854 0.237211 0 0 0 1 
27844314100038;1.02577;0.695645;0.996295 0.00704726 0.0857079 0.0924764 -0.00414455 0.999413 -0.0339984 0.0167257 -0.0858972 0.0335172 0.99574 0.650862 0 0 0 1 
27844314100039;0.646323;0.217438;0.998448 -0.0055431 0.0554115 0.0419686 0.0171568 0.977252 -0.211385 -0.115855 -0.0529793 0.212008 0.975831 0.119906 0 0 0 1 
27844314100040;0.526776;0.427011;0.958021 0.0108123 0.286493 -0.238764 -0.00086553 0.999393 -0.0348229 -0.214746 -0.286696 0.0331131 0.957449 -4.01478 0 0 0 1 
27844314100041;0.240913;0.170588;0.986545 -0.0209135 -0.162144 -0.332317 0.0114864 0.9982 -0.0588616 -0.00864526 0.163083 0.0562072 0.98501 1.89827 0 0 0 1 
27844314100042;1.10623;0.873873;0.999743 0.00074766 -0.0226503 0.0919649 0.000548244 0.998365 0.0571533 -0.110467 0.022656 -0.0571511 0.998108 -0.826948 0 0 0 1 
27844314100043;0.537176;0.443144;0.951701 0.0217041 0.306257 -0.322268 -0.107613 0.9578 0.266532 -0.977314 -0.287548 -0.286616 0.913875 -3.4132 0 0 0 1 
27844314100044;0.682374;0.416046;0.991404 -0.0010562 0.130833 0.195581 0.0189557 0.990577 -0.135642 0.0486569 -0.129457 0.136956 0.982081 -1.04122 0 0 0 1 
27844314100045;0.577329;0.36655;0.996706 -0.00882065 -0.0806148 -0.053337 0.00498372 0.998851 -0.0476737 0.0689145 0.0809427 0.0471149 0.995605 -0.0288376 0 0 0 1 
27844314100046;0.842689;0.688727;0.978156 0.0209684 -0.206812 -0.760527 0.00718346 0.990896 0.134441 0.165385 0.207748 -0.13299 0.9691 3.43018 0 0 0 1 
27844314100047;0.331521;0.330592;0.999677 0.0013672 0.0253872 -0.00757096 -0.000621665 0.999569 -0.0293513 -0.0188785 -0.0254164 0.029326 0.999247 -0.281126 0 0 0 1 
27844314100048;0.326512;0.242549;0.99972 -0.003211 0.0234358 0.0821623 0.00461059 0.998193 -0.0599126 -0.00214578 -0.0232011 0.0600039 0.997928 -0.0611492 0 0 0 1 
27844314100049;0.286094;0.154104;0.9875 3.82312e-06 -0.157617 -0.317069 0.00547753 0.999395 0.0343421 0.0245571 0.157521 -0.0347761 0.986903 1.60786 0 0 0 1 
27844314100050;1.23172;0.962176;0.999821 0.00665295 -0.0177222 -0.263009 -0.00644069 0.999907 0.0120076 0.0509869 0.0178005 -0.0118913 0.999771 1.81387 0 0 0 1 
27844314100051;0.428034;0.179247;0.999724 -0.00326606 -0.0232497 -0.0722238 0.00287632 0.999855 -0.016777 0.0278515 0.0233011 0.0167055 0.999589 1.11392 0 0 0 1 
27844314100052;1.33827;0.964936;0.999573 -0.000648828 -0.02923 0.126743 0.00422206 0.992478 0.12235 -0.186823 0.0289308 -0.122422 0.992056 -0.977364 0 0 0 1 
27844314100053;1.32669;0.854271;0.970735 -0.00957029 0.239964 0.288742 -0.0267655 0.988669 0.147706 -0.113191 -0.238659 -0.149806 0.959479 -0.331921 0 0 0 1 
27844314100054;0.560805;0.283516;0.990606 -0.00101054 0.136746 0.107786 -0.00589233 0.998729 0.0500653 -0.0942934 -0.136623 -0.0504007 0.98934 -0.434915 0 0 0 1 
27844314100055;0.956315;0.869352;0.999227 -0.00205195 0.0392543 0.057291 0.00454132 0.997976 -0.063433 0.0987852 -0.0390447 0.0635622 0.997214 0.31363 0 0 0 1 
27844314100056;1.36899;1.12726;0.99819 -0.00921438 0.0594289 0.184166 0.01643 0.992382 -0.122097 -0.0813827 -0.0578511 0.122852 0.990737 0.0825193 0 0 0 1 
27844314100057;0.0905846;0.0512546;0.990793 0.000762386 0.135386 0.0327812 0.000264747 0.999971 -0.00756851 -0.0771185 -0.135388 0.00753467 0.990764 -1.64565 0 0 0 1 
27844314100058;0.707405;0.261446;0.999865 0.0113316 0.0118793 0.0745992 -0.0113306 0.999936 -0.000150628 -0.0688042 -0.0118803 1.60076e-05 0.999929 -1.47671 0 0 0 1 
27844314100059;0.65531;0.219919;0.893422 0.00398869 0.449201 -1.10233 -0.0592621 0.992267 0.109056 -0.796927 -0.445292 -0.124054 0.88675 -6.18826 0 0 0 1 
27844314100060;1.27536;0.47172;0.981702 0.0108339 0.190114 -0.0628251 0.000765704 0.998148 -0.0608346 -0.403349 -0.190421 0.059867 0.979875 -4.89368 0 0 0 1 
27844314100062;0.6633;0.502865;0.999979 -0.00623865 -0.00176894 -0.143069 0.00617066 0.999328 -0.0361393 -0.0184026 0.00199321 0.0361276 0.999345 0.580446 0 0 0 1 
27844314100063;1.6099;0.117118;0.994377 0.00301864 -0.105859 0.145441 -0.00417364 0.999934 -0.0106909 -0.0291921 0.10582 0.0110726 0.994324 -0.445687 0 0 0 1 
27844314100064;1.94982;1.83574;0.998604 2.60709e-05 0.0528272 0.0967936 0.00241626 0.998931 -0.0461681 -0.0713822 -0.0527719 0.0462313 0.997536 1.33942 0 0 0 1 
27844314100065;1.77485;0.850249;0.989488 0.026598 0.14215 1.13184 -0.0805401 0.91775 0.388906 -2.91354 -0.120114 -0.396266 0.910245 -15.8894 0 0 0 1 
27844314100066;1.08018;0.56363;0.997696 0.00710742 0.0674647 0.51667 -0.0109795 0.998302 0.0571983 -0.0880122 -0.0669436 -0.0578072 0.996081 -3.92362 0 0 0 1 
27844314100067;1.0783;0.550239;0.999491 -0.000756362 0.0318892 -0.0515896 0.000327794 0.99991 0.0134424 0.0570399 -0.0318965 -0.0134251 0.999401 0.36762 0 0 0 1 
27844314100068;0.329721;0.30155;0.999947 0.00701966 0.00748037 0.252594 -0.00722282 0.999596 0.0274877 -0.0267258 -0.00728439 -0.0275402 0.999594 -1.10636 0 0 0 1 
27844314100069;0.992581;0.738486;0.918125 -0.00648951 0.396238 -0.284826 0.035804 0.997135 -0.0666307 0.230495 -0.39467 0.0753622 0.915727 -4.02437 0 0 0 1 
27844314100070;1.68809;1.14939;0.999731 0.00482282 -0.0226949 -0.104936 -0.00426787 0.999692 0.0244379 -0.00541072 0.0228058 -0.0243345 0.999444 1.27587 0 0 0 1 
27844314100071;2.20263;1.0113;0.986879 0.0388663 -0.156711 0.961291 0.00241163 0.966938 0.255 -0.523048 0.161441 -0.252032 0.954158 -8.13595 0 0 0 1 
27844314100072;0.844195;0.202364;0.918603 -0.0299615 -0.394044 -3.49428 -0.0225271 0.99153 -0.127907 -1.03767 0.394539 0.126373 0.910148 9.97207 0 0 0 1 
27844314100073;1.02691;0.565426;0.999346 0.0116897 0.0342083 0.316238 -0.0171684 0.986221 0.16454 0.0363809 -0.0318135 -0.16502 0.985777 -4.36431 0 0 0 1 
27844314100074;0.384882;0.3464;0.998232 0.0092097 0.0587149 0.415651 -0.018856 0.985958 0.165925 -0.222969 -0.0563623 -0.166739 0.984389 -6.07422 0 0 0 1 
27844314100075;1.31596;0.604734;0.997827 -0.0025409 -0.0658336 -0.0281776 0.000471369 0.999506 -0.0314322 -0.0715808 0.065881 0.0313329 0.997335 0.24647 0 0 0 1 
27844314100076;1.20785;1.1883;0.999929 0.000640206 0.0118885 0.0578358 -0.000832742 0.999868 0.0161973 0.0483712 -0.0118765 -0.0162061 0.999798 -0.639137 0 0 0 1 
27844314100077;1.66098;0.459643;0.997958 0.015466 -0.0619758 0.571924 -0.0102857 0.996492 0.0830495 -0.16113 0.0630429 -0.0822425 0.994616 -3.81822 0 0 0 1 
27844314100078;1.89852;1.71152;0.999998 -0.00158222 -0.00154547 0.0479073 0.0015698 0.999967 -0.00800069 0.0612323 0.00155808 0.00799825 0.999967 -0.786448 0 0 0 1 
27844314100079;1.7021;1.56508;0.996581 0.00600438 0.0824038 0.373837 -0.0155362 0.993183 0.115524 -0.0895229 -0.0811484 -0.116409 0.989881 -3.92345 0 0 0 1 
27844314100080;1.10438;0.490255;0.972343 -0.00782246 0.233426 -0.045867 -0.0103432 0.997016 0.0764964 -0.0758978 -0.233328 -0.0767952 0.969361 -6.87057 0 0 0 1 
27844314100081;0.430079;0.415899;0.999991 -0.00426864 -4.98309e-05 -0.150316 0.00426783 0.999931 -0.0109591 0.0212957 9.66078e-05 0.0109588 0.99994 0.344279 0 0 0 1 
27844314100082;1.95213;1.50323;0.999149 0.0231912 0.0341165 0.667411 -0.03358 0.937601 0.346087 -1.05075 -0.0239615 -0.346938 0.937582 -9.60219 0 0 0 1 
27844314100083;0.583263;0.283092;0.966242 -0.00342041 0.257613 0.0949538 -0.0180494 0.996556 0.0809303 -0.0929111 -0.257003 -0.082848 0.962853 -6.74745 0 0 0 1 
27844314100084;0.503644;0.422882;0.991028 0.00183618 0.133642 0.303504 -0.0359439 0.96673 0.25326 -0.809292 -0.128731 -0.255792 0.958123 -9.96622 0 0 0 1 
27844314100085;0.720603;0.467653;0.998025 0.0220829 0.0588145 0.877108 -0.0356511 0.969922 0.240791 -0.816057 -0.0517281 -0.242412 0.968793 -8.84083 0 0 0 1 
27844314100086;1.70425;1.45937;0.996053 0.0422572 -0.0780564 1.09694 -0.0154177 0.948403 0.316694 -0.912108 0.0874115 -0.31424 0.945311 -9.4756 0 0 0 1 
27844314100087;1.08193;0.879495;0.977911 -0.0283924 -0.207086 -1.60426 0.00100681 0.99136 -0.131165 -0.574448 0.209021 0.128059 0.96949 5.91439 0 0 0 1 
27844314100088;1.41218;0.808391;0.998181 -0.00806678 0.0597512 -0.221253 0.0132833 0.996082 -0.0874283 -0.181178 -0.0588118 0.0880629 0.994377 3.39516 0 0 0 1 
27844314100089;0.394008;0.35791;0.998521 0.00204904 -0.0543338 -0.12631 -0.00269708 0.999926 -0.0118565 -0.0575878 0.0543055 0.0119855 0.998452 1.05194 0 0 0 1 
27844314100090;1.35838;0.800686;0.990469 -0.044713 -0.130273 -1.53779 0.00900279 0.964834 -0.262707 -1.50051 0.137439 0.25903 0.956041 8.32934 0 0 0 1 
27844314100091;1.04859;1.04767;0.999415 0.00351103 -0.0340161 -0.000281473 -0.00101513 0.997323 0.0731154 0.127443 0.0341817 -0.0730381 0.996743 -1.86518 0 0 0 1 
27844314100093;0.967031;0.477535;0.995356 -0.0273506 -0.0922945 -3.0973 0.0147955 0.990861 -0.134069 -0.959988 0.0951179 0.132081 0.986665 16.9743 0 0 0 1 
27844314100094;1.92323;0.249261;0.972578 0.0574909 -0.225358 3.37923 -0.0114474 0.979625 0.200508 -0.818116 0.232294 -0.19243 0.95342 -8.45718 0 0 0 1 
27844314100095;0.873202;0.368851;0.991748 0.00135494 0.128192 0.527752 -0.0441953 0.942259 0.331955 -5.7021 -0.12034 -0.334881 0.934544 -36.2424 0 0 0 1 
27844314100096;0.430323;0.345278;0.990414 0.0134483 -0.137474 0.422056 -0.0124654 0.99989 0.00800756 -0.413494 0.137566 -0.00621713 0.990473 4.11213 0 0 0 1 
27844314100097;1.73872;1.15721;0.999996 0.000589087 0.00276704 0.346814 -0.00062439 0.999918 0.012775 0.0863176 -0.00275928 -0.0127767 0.999915 0.00126052 0 0 0 1 
27844314100098;0.721991;0.384197;0.999862 0.0133064 0.00991626 1.49171 -0.0146306 0.988832 0.148316 -0.978562 -0.00783196 -0.14844 0.98889 -13.8908 0 0 0 1 
27844314100099;0.836004;0.809708;0.999496 0.00199162 -0.0316944 0.0774156 -0.000120468 0.998262 0.0589301 0.0838709 0.0317567 -0.0588966 0.997759 -4.81216 0 0 0 1 
27844314100100;2.4061;0.300412;0.9999 -0.0129435 -0.00575437 -1.10403 0.0140243 0.961722 0.273669 -1.04215 0.00199185 -0.273722 0.961807 -23.821 0 0 0 1 
27844314100101;0.366989;0.312088;0.99972 0.0213927 -0.0101546 2.07718 -0.0155294 0.916001 0.400875 -7.22376 0.0178774 -0.400604 0.916077 -38.5515 0 0 0 1 
27844314100102;1.52564;1.34026;0.97651 -0.0120459 0.215136 -1.1973 0.0647226 0.968727 -0.239538 -1.89935 -0.205522 0.247835 0.946751 16.8746 0 0 0 1 
27844314100103;2.09748;0.403308;0.999956 0.00561615 -0.00746901 0.966323 -0.00557983 0.999973 0.00487462 -0.196212 0.00749618 -0.00483273 0.99996 -2.57144 0 0 0 1 
27844314100104;0.507469;0.287264;0.999917 0.0124093 -0.00339295 1.32938 -0.012356 0.999807 0.0152882 -0.334635 0.00358201 -0.015245 0.999877 -1.89875 0 0 0 1 
27844314100105;1.7041;1.78229;0.999412 -0.0176979 0.0293652 -1.47664 0.0222163 0.986625 -0.161484 -1.10688 -0.0261145 0.162041 0.986438 14.54 0 0 0 1 
27844314100106;0.621555;0.35671;0.975673 0.0311677 -0.217004 1.81814 -0.0102101 0.995228 0.0970363 -0.522203 0.218993 -0.0924601 0.971336 -1.72047 0 0 0 1 
27844314100107;0.153647;0.157696;0.999853 -0.0164356 -0.00488526 -1.60573 0.0164232 0.999862 -0.00256769 0.61636 0.00492679 0.00248708 0.999985 0.378076 0 0 0 1 
27844314100108;1.53872;0.996807;0.999568 -0.00904945 -0.0279453 -0.775187 0.00526506 0.991151 -0.132637 -1.15413 0.0288983 0.132433 0.990771 15.0941 0 0 0 1 
27844314100109;1.60611;1.01118;0.999481 0.0126115 -0.0296441 1.17039 -0.0105911 0.997673 0.0673501 -0.487114 0.0304245 -0.0670012 0.997289 -6.88934 0 0 0 1 
27844314100110;2.36031;1.1832;0.999974 0.00715198 0.000968055 1.2742 -0.00702998 0.995585 -0.0935956 -1.46061 -0.00163317 0.0935863 0.99561 11.0324 0 0 0 1 
27844314100111;0.227132;0.142951;0.968215 0.0467699 -0.245706 2.58335 0.00127456 0.981426 0.191836 -0.957562 0.250114 -0.186052 0.950172 -9.41745 0 0 0 1 
27844314100112;2.20462;1.89496;0.99905 -0.0396421 -0.0180802 -3.94015 0.0325819 0.955234 -0.294053 -4.11521 0.0289277 0.293185 0.955618 28.2072 0 0 0 1 
27844314100113;2.4063;0.213829;0.996534 -0.0249565 0.0793545 -2.14589 0.0376613 0.985926 -0.162883 -0.978241 -0.0741727 0.165307 0.983449 16.2892 0 0 0 1 
27844314100114;0.335195;0.194529;0.981353 -0.0239459 0.190716 -2.26529 0.0410221 0.995442 -0.0860993 0.697787 -0.187785 0.0923174 0.977862 2.06013 0 0 0 1 
27844314100115;1.83608;1.74545;0.999908 -0.0135334 -0.000816075 -1.28198 0.0135481 0.999668 0.0219259 0.654493 0.000519072 -0.0219349 0.999759 -1.85736 0 0 0 1 
27844314100116;1.89876;1.45451;0.977009 0.000104987 0.213197 0.267839 -0.0178985 0.99651 0.0815321 -0.348467 -0.212445 -0.0834735 0.973601 -14.2534 0 0 0 1 
27844314100117;2.29451;0.563041;0.991234 0.0347673 -0.127459 2.39603 -0.000463883 0.965663 0.259798 -1.88954 0.132115 -0.257462 0.957214 -17.9681 0 0 0 1 
27844314100118;2.1601;2.20027;0.999848 -0.00436061 0.0168718 -0.245914 0.00470916 0.999775 -0.0206746 0.0966315 -0.0167778 0.020751 0.999644 1.74988 0 0 0 1 
27844314100119;1.47956;0.847367;0.999952 0.00876325 -0.00445307 1.09996 -0.00851995 0.998611 0.051995 -0.372633 0.00490253 -0.0519545 0.998637 -6.16618 0 0 0 1 
27844314100120;0.852594;0.380379;0.97849 -0.0470276 -0.200864 -6.16484 0.0043317 0.978139 -0.207907 -2.80335 0.20625 0.202565 0.957303 27.5885 0 0 0 1 
27844314100121;1.87824;0.696919;0.997932 0.00589012 0.0640033 1.07645 -0.00719669 0.99977 0.0202028 -0.161451 -0.0638696 -0.0206216 0.997745 -6.31159 0 0 0 1 
27844314100122;1.73464;1.15133;0.970679 0.00661838 -0.240288 -0.763656 -0.00892233 0.999924 -0.00850162 -0.116791 0.240214 0.0103963 0.970664 8.4259 0 0 0 1 
27844314100124;0.405551;0.142021;0.997555 -0.0529009 -0.0456616 -4.52593 0.0575056 0.992675 0.106252 1.92034 0.0397063 -0.108619 0.99329 -7.85584 0 0 0 1 
27844314100125;0.438401;0.149068;0.907032 -0.0946219 0.410293 -10.6472 0.142204 0.986009 -0.0869764 3.3732 -0.396322 0.137236 0.907797 -2.00188 0 0 0 1 
27844314100126;1.24567;0.69151;0.998062 -0.0132347 -0.0608085 -1.89022 0.0081541 0.996512 -0.0830521 -1.02694 0.0616956 0.0823953 0.994688 8.79917 0 0 0 1 
27844314100127;1.48846;0.505396;0.999659 0.0102167 -0.0240213 0.275456 -0.00854367 0.997598 0.0687463 -0.479317 0.0246659 -0.0685176 0.997345 -2.72614 0 0 0 1 
27844314100128;1.19785;0.134719;0.996874 -0.0113537 -0.0781835 -1.53918 0.00694623 0.998383 -0.0564168 0.204659 0.0786977 0.0556974 0.995341 5.765 0 0 0 1 
27844314100129;1.23822;0.194167;0.997588 0.0680167 0.0138788 4.29417 -0.0670223 0.995783 -0.0626365 -3.92289 -0.0180806 0.0615552 0.99794 6.05436 0 0 0 1 
27844314100130;0.532996;0.276087;0.983042 -0.0138332 -0.182857 -2.46815 -0.0252268 0.977469 -0.209565 -3.32672 0.181636 0.210624 0.960544 24.4005 0 0 0 1 
27844314100131;0.768744;0.407184;0.996878 0.0636695 -0.0466889 4.94817 -0.052426 0.975962 0.211542 -3.55781 0.0590354 -0.208434 0.976253 -15.3083 0 0 0 1 
27844314100132;0.304449;0.135178;0.990014 0.0588945 -0.128075 4.15562 -0.0341074 0.981625 0.187745 -2.33379 0.136779 -0.181502 0.973832 -11.583 0 0 0 1 
27844314100133;0.242712;0.152375;0.971766 -0.100017 -0.213701 -10.8494 0.0249164 0.944148 -0.328578 -5.33413 0.234629 0.313976 0.919983 35.8721 0 0 0 1 
27844314100134;1.30166;0.185581;0.971809 0.0192183 0.234985 1.25427 -0.0169709 0.999789 -0.0115829 -0.555809 -0.235158 0.00726843 0.97193 -9.57589 0 0 0 1 
27844314100135;0.261851;0.148821;0.993514 -0.098279 0.057189 -8.62535 0.0961359 0.9946 0.0390977 3.25096 -0.0607226 -0.0333462 0.997598 -4.84357 0 0 0 1 
27844314100136;1.42144;0.341863;0.99509 0.0982679 0.0117827 8.2183 -0.0966594 0.990513 -0.0976756 -5.94254 -0.0212693 0.0960572 0.995149 9.55285 0 0 0 1 
27844314100137;1.20547;0.709;0.998581 -0.0287811 0.0447989 -2.66411 0.0425917 0.936669 -0.347617 -5.91553 -0.0319569 0.349032 0.936566 31.195 0 0 0 1 
27844314100138;0.244336;0.145417;0.993755 0.032633 -0.106707 2.18225 -0.051884 0.981751 -0.182954 -4.08571 0.0987894 0.187348 0.977313 19.7375 0 0 0 1 
27844314100139;1.59431;0.399862;1 -0.000175907 0.000540177 0.713809 0.000174743 0.999998 0.00215382 -1.64914 -0.000540554 -0.00215373 0.999998 -1.23447 0 0 0 1 
27844314100140;0.22734;0.148749;0.995693 -0.0914259 0.0153843 -8.26422 0.0916945 0.995629 -0.0177653 3.05198 -0.0136928 0.0190994 0.999724 1.3609 0 0 0 1 
27844314100141;0.358346;0.266388;0.968666 -0.0528896 -0.242669 -6.56217 0.00836355 0.983455 -0.180958 -1.76832 0.248225 0.173259 0.953082 23.6746 0 0 0 1 
27844314100142;0.117962;0.225858;0.999728 0.00960967 0.0212351 0.696688 -0.0086479 0.998953 -0.0449281 -0.656302 -0.0216446 0.0447323 0.998765 3.36182 0 0 0 1 
27844314100143;1.8568;1.78564;0.999974 0.00112345 0.00713194 0.117962 -0.000342628 0.994091 -0.108553 -1.30897 -0.00721175 0.108548 0.994065 9.53261 0 0 0 1 
27844314100144;0.573265;0.142303;0.987745 0.00179469 -0.156067 -1.55024 0.00136966 0.999796 0.0201657 0.839683 0.156071 -0.0201323 0.987541 3.63416 0 0 0 1 
27844314100145;0.564902;0.464496;0.994253 -0.0358132 -0.100886 -3.84307 0.0221605 0.990824 -0.133332 -0.357125 0.104735 0.13033 0.985923 15.3812 0 0 0 1 
27844314100146;0.457208;0.139638;0.999568 0.0209052 0.0206406 1.67706 -0.0215712 0.999236 0.032589 -0.743248 -0.0199435 -0.0330202 0.999256 -2.6542 0 0 0 1 
27844314100147;0.839697;0.136456;0.994781 -0.0398077 -0.0939491 -5.03853 0.0500965 0.992687 0.10983 1.65238 0.08889 -0.113964 0.9895 -8.01918 0 0 0 1 
27844314100148;1.27087;0.161001;0.999319 0.00784225 0.0360424 -0.837325 -0.00176369 0.986179 -0.165676 -3.39174 -0.0368435 0.1655 0.985521 13.4709 0 0 0 1 
27844314100149;0.814525;0.325395;0.992217 -0.0139826 0.123736 -1.89378 0.0738318 0.866232 -0.494156 -10.7084 -0.100275 0.499446 0.860522 40.9351 0 0 0 1 
27844314100150;1.30625;1.18355;0.996778 -0.017065 0.0783775 -1.80329 0.0397201 0.95391 -0.297453 -3.60532 -0.0696891 0.299608 0.951514 23.1931 0 0 0 1 
27844314100151;1.21483;0.925964;0.988715 -0.0452224 0.142817 -3.85245 0.0476344 0.998773 -0.0135128 1.61021 -0.142031 0.0201633 0.989657 -1.78853 0 0 0 1 
27844314100152;0.850848;0.980841;0.980146 -0.00388432 0.198241 -1.03169 0.0558624 0.964717 -0.257293 -2.33389 -0.190247 0.263259 0.945781 16.3234 0 0 0 1 
27844314100153;1.33869;0.182136;0.993754 0.0754905 0.0821859 5.08641 -0.077836 0.996635 0.025714 -4.04264 -0.0799682 -0.0319504 0.996285 -6.03408 0 0 0 1 
27844314100155;1.31103;1.27395;0.997922 -0.0299569 -0.0570511 -1.68831 0.0183302 0.980759 -0.194359 -1.3323 0.0617758 0.192909 0.97927 10.4104 0 0 0 1 
27844314100156;0.173499;0.240721;0.999645 -0.012537 -0.0235065 -0.873191 0.0129449 0.999767 0.0172815 0.593664 0.0232844 -0.0175797 0.999574 -0.40975 0 0 0 1 
27844314100157;1.77732;1.1512;0.994422 0.0300134 -0.101115 0.922069 -0.0204352 0.995319 0.0944633 -0.171539 0.103477 -0.0918701 0.99038 -3.3242 0 0 0 1 
27844314100158;2.31932;1.01677;0.974055 0.0788541 -0.21213 1.61291 0.0280871 0.887967 0.459048 -1.96781 0.224563 -0.453097 0.862714 -14.9288 0 0 0 1 
27844314100159;1.17995;0.24683;0.996895 0.04527 -0.064426 1.74242 -0.0402174 0.996168 0.0776696 -0.670791 0.0676952 -0.0748374 0.994895 -3.26224 0 0 0 1 
27844314100160;1.94121;0.86006;0.982314 -0.0192609 -0.186249 -2.40736 0.0245021 0.999365 0.0258798 0.989422 0.185633 -0.0299856 0.982162 4.62861 0 0 0 1 
27844314100161;0.541664;0.373083;0.992714 -0.00982655 -0.12009 -1.2063 -0.00452904 0.992921 -0.118686 -0.723988 0.120406 0.118365 0.985643 8.59087 0 0 0 1 
27844314100162;1.51732;1.32926;0.999468 -0.00622222 -0.0320276 -0.617599 0.00613065 0.999977 -0.0029565 0.281676 0.0320452 0.00275858 0.999483 1.48288 0 0 0 1 
27844314100163;1.36524;1.22184;0.999015 -0.0209443 -0.0391128 -1.16116 0.0189906 0.998585 -0.0496722 0.14837 0.0400978 0.0488805 0.997999 2.66803 0 0 0 1 
27844314100164;0.587208;0.280844;0.999944 -0.00735886 -0.00766442 -0.426639 0.00774886 0.998609 0.0521627 0.462725 0.00726989 -0.0522192 0.998609 -1.72678 0 0 0 1 
27844314100165;1.53313;1.09685;0.999998 0.00111039 0.00140251 0.0593726 -0.00113327 0.999865 0.0164152 -0.0996212 -0.0013841 -0.0164168 0.999864 0.164184 0 0 0 1 
27844314100166;0.330265;0.332331;0.997937 -0.0205267 -0.060838 -1.33975 0.0141417 0.99452 -0.103582 -0.344728 0.0626309 0.102508 0.992759 6.33534 0 0 0 1 
27844314100167;0.903395;0.532364;0.998612 -0.0160305 0.0501707 -0.537387 0.025133 0.982145 -0.18644 -1.09664 -0.0462862 0.187442 0.981185 6.86703 0 0 0 1 
27844314100168;2.432;0.458554;0.995703 -0.013784 0.0915734 -0.521066 0.0123526 0.999793 0.0161788 -0.0694614 -0.0917775 -0.0149781 0.995667 -0.224895 0 0 0 1 
27844314100169;1.16953;0.941136;0.939455 0.0433512 0.339918 2.15455 0.0679576 0.948693 -0.30881 -2.37877 -0.335865 0.313213 0.888309 6.74654 0 0 0 1 
27844314100170;0.524881;0.342271;0.983319 -0.0116233 -0.18152 -1.55478 0.0326513 0.993025 0.11329 0.74205 0.178937 -0.117327 0.97684 -1.49067 0 0 0 1 
27844314100171;2.35705;0.556306;0.963771 0.0154546 0.266284 0.82144 0.0204484 0.991101 -0.131531 -0.254627 -0.265947 0.132211 0.954878 -2.38382 0 0 0 1 
27844314100172;0.422262;0.220643;0.997204 0.0204422 -0.071873 0.265969 -0.0159445 0.997911 0.0626052 0.408705 0.0730027 -0.0612842 0.995447 -1.26043 0 0 0 1 
27844314100173;0.404553;0.32754;0.997917 -0.00530865 -0.0642954 -0.603446 0.0127035 0.993266 0.115158 0.397743 0.0632511 -0.115735 0.991264 -3.82385 0 0 0 1 
27844314100174;0.99992;0.783255;0.999789 0.00753862 -0.0191162 0.17826 -0.00669936 0.999027 0.0435932 0.115933 0.0194262 -0.0434559 0.998866 -2.04723 0 0 0 1 
27844314100175;0.837078;0.737001;0.999834 0.00610208 -0.0171458 0.165605 -0.00554192 0.999455 0.0325303 0.047177 0.0173349 -0.0324298 0.999324 -1.35466 0 0 0 1 
27844314100176;0.793248;0.42689;0.998049 -0.0220692 -0.0584064 -1.3817 0.0015184 0.943751 -0.330655 -3.95749 0.0624184 0.329921 0.941943 17.1928 0 0 0 1 
27844314100177;2.13358;0.213586;0.999931 -0.00396227 -0.0110433 -0.107949 0.00411608 0.999894 0.0139394 0.517599 0.0109869 -0.0139839 0.999842 -2.75264 0 0 0 1 
27844314100178;1.06641;1.04585;0.998613 -0.0115997 -0.0513522 -0.77164 0.0112288 0.999909 -0.00750529 0.15138 0.0514346 0.00691826 0.998652 1.34946 0 0 0 1 
27844314100179;2.46162;0.853176;0.964893 -0.0320672 -0.260678 -2.81849 -0.008247 0.98833 -0.152105 -0.840667 0.262513 0.148915 0.953368 10.3644 0 0 0 1 
27844314100180;2.13141;1.7395;0.967822 0.0198734 0.250849 0.968959 -0.0755558 0.973829 0.214357 -2.19238 -0.240024 -0.226413 0.943995 -16.7074 0 0 0 1 
27844314100181;0.683715;0.444467;0.99981 0.0114027 0.0157919 0.446831 -0.0121474 0.998779 0.0478933 0.113277 -0.0152265 -0.048076 0.998728 -1.95504 0 0 0 1 
27844314100182;1.078;0.377991;0.984442 -0.0148066 0.175084 -0.355804 0.00530369 0.998493 0.0546201 0.2246 -0.175629 -0.0528417 0.983037 -5.3533 0 0 0 1 
27844314100183;1.04239;0.48075;0.909152 -0.0314586 0.415274 -1.7755 -0.0604736 0.976602 0.206375 -1.24493 -0.41205 -0.212739 0.885978 -18.6554 0 0 0 1 
27844314100184;1.3844;1.10335;0.983652 0.00613792 0.179974 0.632995 -0.0195598 0.997148 0.0728971 -0.55342 -0.179013 -0.0752256 0.980967 -7.92428 0 0 0 1 
27844314100186;0.793481;0.189565;0.973409 0.0836689 -0.213248 3.68769 -0.0289445 0.968373 0.247823 -1.67065 0.227239 -0.235061 0.945044 -8.13081 0 0 0 1 
27844314100187;1.90684;1.0787;0.999945 0.00469641 0.00934122 0.334292 -0.00469975 0.999989 0.000335125 -0.115747 -0.00933955 -0.000379008 0.999956 0.988472 0 0 0 1 
27844314100188;0.899725;0.399631;0.912204 -0.00220599 0.409731 -1.10518 -0.0233248 0.998084 0.0573028 -0.668721 -0.409072 -0.0618288 0.910405 -19.1886 0 0 0 1 
27844314100189;2.92803;2.81382;0.996624 -0.0193427 -0.0797923 -1.8626 0.011115 0.994692 -0.102298 -0.638214 0.0813474 0.101065 0.991548 9.80668 0 0 0 1 
27844314100190;2.25734;1.85754;0.999418 0.00687317 -0.0334202 0.342921 -0.0118906 0.988256 -0.152341 -2.12238 0.0319807 0.15265 0.987763 12.2212 0 0 0 1 
27844314100191;2.96618;1.24982;0.989349 -0.005842 0.145444 0.0497768 0.0600264 0.926653 -0.371094 -5.44487 -0.132609 0.375872 0.917134 22.9572 0 0 0 1 
27844314100192;2.51273;2.21583;0.93065 -0.0265757 -0.364945 -5.7807 -0.00654758 0.99599 -0.0892261 -1.12215 0.365853 0.0854278 0.926744 17.7119 0 0 0 1 
27844314100193;1.47826;1.1015;0.995024 0.012732 -0.0988141 0.140684 -0.00572281 0.997467 0.0708951 -0.0117544 0.0994664 -0.0699769 0.992577 -0.702511 0 0 0 1 
27844314100194;2.31253;1.48055;0.969669 0.0245414 -0.243186 -0.923351 -0.016927 0.9993 0.0333512 -0.371217 0.243834 -0.0282232 0.969406 7.46772 0 0 0 1 
27844314100195;2.39108;0.656141;0.992165 -0.0409371 -0.118034 -3.15164 0.00529921 0.95773 -0.287621 -3.76715 0.124819 0.284742 0.950443 21.2646 0 0 0 1 
27844314100196;0.463067;0.442129;0.996193 0.00435684 0.0870642 0.679375 -0.0111601 0.996906 0.077808 -0.258074 -0.0864558 -0.0784835 0.993159 -8.5363 0 0 0 1 
27844314100197;2.03095;1.93399;0.995776 -0.0132601 -0.0908485 -1.32929 0.00209188 0.992535 -0.12194 -1.06294 0.0917873 0.121235 0.988371 10.3353 0 0 0 1 
27844314100198;1.85236;1.34559;0.987307 0.00283274 -0.158797 -1.01788 0.00444455 0.998957 0.0454536 0.231604 0.158761 -0.0455825 0.986264 3.1129 0 0 0 1 
27844314100199;0.504668;0.248821;0.999173 0.00276608 -0.0405735 0.0994476 0.00247607 0.991695 0.128585 0.146553 0.0405922 -0.128579 0.990868 -7.99292 0 0 0 1 
27844314100200;2.93423;1.21694;0.999729 -0.0209223 0.0101653 -1.06551 0.0217046 0.996216 -0.0841629 0.221992 -0.00836599 0.0843608 0.9964 2.73019 0 0 0 1 
27844314100201;1.21539;0.503668;0.98957 -0.00152014 0.144043 0.260123 -0.0270799 0.980153 0.196382 -1.59027 -0.141483 -0.198234 0.96989 -19.3739 0 0 0 1 
27844314100202;1.66781;0.449598;0.948539 0.0640106 -0.310123 0.708527 -0.0236275 0.990933 0.132265 -0.547749 0.315778 -0.118131 0.941451 3.50435 0 0 0 1 
27844314100203;0.429271;0.392753;0.92916 -0.0212292 0.369068 -1.8426 -0.0654787 0.973114 0.220823 -2.94873 -0.363833 -0.229346 0.902788 -28.5109 0 0 0 1 
27844314100204;0.64969;0.698301;0.923217 0.0559496 -0.380184 -0.431321 0.0225038 0.979775 0.198835 0.205759 0.383619 -0.192124 0.903286 -1.09904 0 0 0 1 
27844314100205;2.89316;2.53387;0.996293 0.000330614 -0.0860238 -0.197809 -0.00198014 0.999816 -0.0190907 -0.287976 0.0860016 0.0191902 0.99611 2.85514 0 0 0 1 
27844314100206;1.28236;1.16927;0.997917 -0.0093809 0.0638264 -0.271117 0.0206864 0.983658 -0.178856 -1.41498 -0.0611055 0.179804 0.981803 9.87986 0 0 0 1 
27844314100207;1.92404;0.863953;0.978011 0.0614161 -0.199307 2.31465 -0.039117 0.992716 0.113954 -1.11208 0.204854 -0.103652 0.973289 1.19872 0 0 0 1 
27844314100208;1.88311;0.459179;0.917927 0.00499619 0.396717 -0.720835 0.053058 0.989393 -0.135226 0.543078 -0.393185 0.145177 0.907926 -5.66677 0 0 0 1 
27844314100209;2.33052;0.269218;0.999755 0.013613 0.0174291 1.31061 -0.0143542 0.998966 0.0431374 -0.459476 -0.0168238 -0.043377 0.998917 -5.82283 0 0 0 1 
27844314100210;0.530209;0.463593;0.995384 -0.00536762 0.0958256 0.0575686 0.0144243 0.995461 -0.094071 -0.344347 -0.0948857 0.0950189 0.990943 2.87797 0 0 0 1 
27844314100211;2.44996;1.1234;0.998226 0.00210993 -0.0595083 -0.390472 -0.00182626 0.999987 0.00482091 -0.000602672 0.0595177 -0.00470367 0.998216 3.57886 0 0 0 1 
27844314100212;2.84301;0.629324;0.99819 0.00917417 -0.0594425 0.869349 -0.0118062 0.998958 -0.0440807 -0.230095 0.0589761 0.0447026 0.997258 2.3134 0 0 0 1 
27844314100213;1.50297;1.25804;0.998609 -0.021185 0.0482872 -1.09825 0.0285567 0.987107 -0.157496 -0.88483 -0.044328 0.158656 0.986338 9.40229 0 0 0 1 
27844314100214;0.564234;0.296801;0.99165 -0.0233813 0.126817 -1.18436 0.0238598 0.999713 -0.00225566 0.766067 -0.126728 0.00526267 0.991924 -3.5899 0 0 0 1 
27844314100215;0.386204;0.439604;0.994428 -0.00859406 -0.105063 -1.20762 0.0037156 0.998909 -0.0465415 -0.278067 0.105348 0.0458918 0.993376 6.37634 0 0 0 1 
27844314100217;0.459527;0.549127;0.996006 0.0128697 -0.0883585 -0.0820618 -0.0144803 0.99974 -0.017611 -0.565611 0.0881089 0.0188201 0.995933 2.83891 0 0 0 1 
27844314100218;2.20727;0.233989;0.999687 0.0165447 -0.0187689 0.0588378 -0.0166317 0.999852 -0.0044866 -0.667031 0.0186919 0.00479735 0.999814 3.32918 0 0 0 1 
27844314100219;2.19715;0.329555;0.99972 -0.0166768 -0.0167765 -0.538078 0.0160738 0.999242 -0.0354596 0.317886 0.0173551 0.0351801 0.99923 3.84354 0 0 0 1 
27844314100220;1.31114;0.559665;0.997985 0.00676137 -0.0630878 0.739255 -0.00859064 0.999549 -0.0287697 -0.844903 0.0628648 0.0292537 0.997593 2.29511 0 0 0 1 
27844314100221;1.65894;1.68597;0.999717 0.00530556 0.0231881 0.299864 -0.0058626 0.999694 0.0240209 -0.066812 -0.0230536 -0.0241501 0.999442 -0.613923 0 0 0 1 
27844314100222;1.73745;1.42426;0.980947 0.0466879 -0.188584 -0.369974 -0.0248761 0.992889 0.116414 -0.497262 0.192678 -0.109504 0.975133 4.4377 0 0 0 1 
27844314100223;2.40198;1.90496;0.9989 0.00483692 -0.0466455 -0.206634 -0.00497043 0.999984 -0.00274662 -0.0352865 0.0466314 0.00297545 0.998908 2.95006 0 0 0 1 
27844314100224;0.843273;0.836357;0.999366 0.0229547 -0.0272223 0.339245 -0.0205858 0.996226 0.0843171 -0.345503 0.029055 -0.0837033 0.996067 -0.415356 0 0 0 1 
27844314100225;1.09219;1.10941;0.999821 -0.00915623 0.0165785 -0.0199402 0.0101977 0.997906 -0.0638649 0.197119 -0.015959 0.0640225 0.997821 0.750223 0 0 0 1 
27844314100226;2.28577;1.20516;0.947179 0.0915718 -0.307354 -1.78308 -0.0219037 0.974602 0.222868 -0.147239 0.319956 -0.204364 0.925129 8.14228 0 0 0 1 
27844314100227;0.739768;0.676267;0.991266 0.0318587 -0.127972 -0.136356 -0.0276896 0.99903 0.0342272 -0.661262 0.128938 -0.0303847 0.991187 3.53366 0 0 0 1 
27844314100228;0.965544;0.335616;0.992367 0.0586626 -0.108473 0.558584 -0.0553156 0.997903 0.0336139 -1.79404 0.110218 -0.027357 0.993531 3.77916 0 0 0 1 
27844314100229;0.882458;0.724622;0.961472 0.00629461 0.274832 0.372858 0.0388489 0.986594 -0.158505 0.329168 -0.272145 0.163075 0.948337 -6.34054 0 0 0 1 
27844314100230;0.333053;0.119527;0.953626 0.119821 -0.276118 -0.413885 -0.0285835 0.949253 0.313211 -0.533513 0.299635 -0.290793 0.908657 3.13862 0 0 0 1 
27844314100231;2.08116;0.0649389;0.994986 -0.0465483 0.0885265 -0.438523 0.0484792 0.998628 -0.0197858 1.10316 -0.0874841 0.0239783 0.995877 0.259052 0 0 0 1 
27844314100232;2.3687;2.23466;0.999797 -0.00265631 -0.0199811 0.101394 0.00208428 0.999589 -0.0285953 0.213241 0.0200489 0.0285479 0.999391 0.0176792 0 0 0 1 
27844314100233;0.91161;0.498739;0.99977 0.0159665 -0.014305 0.500386 -0.0156101 0.999573 0.0246871 -0.368861 0.0146931 -0.0244581 0.999593 -0.998216 0 0 0 1 
27844314100234;2.15311;0.552061;0.996834 -0.00677112 0.0792247 0.553339 0.00615391 0.999949 0.00803217 0.421906 -0.079275 -0.00751919 0.996824 -5.2092 0 0 0 1 
27844314100235;1.5865;1.50561;0.941171 -0.0021385 -0.337925 -3.37555 -0.0143924 0.998819 -0.0464058 -0.657499 0.337625 0.0485393 0.940028 10.7493 0 0 0 1 
27844314100236;0.801975;0.881952;0.999893 0.0138255 -0.00488064 0.515705 -0.0141584 0.996971 -0.0764743 -0.537073 0.00380856 0.0765352 0.99706 1.46582 0 0 0 1 
27844314100237;0.36254;0.352904;0.996923 0.0295635 -0.0725986 0.134844 -0.0264767 0.998719 0.043119 -0.785897 0.0737804 -0.0410641 0.996429 1.67162 0 0 0 1 
27844314100238;0.509991;0.233205;0.996102 -0.0186906 -0.0862027 -0.608734 -0.0140676 0.931119 -0.364443 -3.21776 0.0870766 0.364236 0.927227 8.74373 0 0 0 1 
27844314100239;2.45541;1.39452;0.999659 0.0114727 -0.0234609 -0.106834 -0.0107908 0.999521 0.0289915 -0.215678 0.0237823 -0.0287284 0.999304 2.62623 0 0 0 1 
27844314100240;0.531694;0.247401;0.999338 -0.0206566 0.0299603 -0.288801 0.020113 0.99963 0.0183336 0.697349 -0.0303279 -0.0177189 0.999383 -0.739001 0 0 0 1 
27844314100241;1.90316;1.26968;0.998258 -0.00996624 0.0581561 0.527678 0.00637266 0.998077 0.0616535 0.597899 -0.0586587 -0.0611755 0.996402 -4.30624 0 0 0 1 
27844314100242;0.857743;0.317624;0.987492 0.0151579 0.156939 0.678016 -0.0199435 0.999381 0.0289641 -0.315672 -0.156403 -0.0317318 0.987184 -4.66034 0 0 0 1 
27844314100243;1.52979;1.73524;0.989908 -0.0027593 -0.141684 -0.634395 -0.00381922 0.998928 -0.046138 -0.19515 0.14166 0.0462135 0.988836 4.76238 0 0 0 1 
27844314100244;1.45043;0.795025;0.987495 0.0745062 -0.138934 0.166047 -0.0275943 0.949358 0.312982 -0.301994 0.155217 -0.305234 0.939542 0.0987808 0 0 0 1 
27844314100245;0.353496;0.365596;0.998109 0.03767 0.0485791 1.02634 -0.0470148 0.976904 0.20844 -0.974323 -0.0396052 -0.21033 0.976828 -5.11625 0 0 0 1 
27844314100246;0.304746;0.224933;0.998814 0.00986893 0.047676 0.347861 -0.000429224 0.980987 -0.194072 -1.2874 -0.0486848 0.193822 0.979828 2.00914 0 0 0 1 
27844314100248;1.91005;1.84274;0.999946 0.00298328 0.00992842 0.216313 -0.00321633 0.999718 0.02354 0.110436 -0.00985539 -0.0235707 0.999674 -1.68349 0 0 0 1 
27844314100249;1.74539;1.14098;0.919407 0.0159375 0.392985 1.55655 0.0175412 0.996523 -0.0814526 -0.0991082 -0.392917 0.0817815 0.91593 4.59388 0 0 0 1 
27844314100250;2.4193;2.08008;0.889471 0.0228636 -0.456419 0.566188 -0.0145161 0.999657 0.0217873 -0.188438 0.456761 -0.0127537 0.889498 -0.233342 0 0 0 1 
27844314100251;0.382775;0.174712;0.998436 0.0171656 0.0532034 1.06159 -0.0251752 0.987789 0.153748 -0.440756 -0.0499146 -0.154847 0.986677 -8.56756 0 0 0 1 
27844314100252;0.517763;0.510421;0.995217 -0.0314186 -0.0924985 -1.7751 0.00777619 0.969343 -0.245587 -2.13881 0.0973788 0.243693 0.964951 12.6442 0 0 0 1 
27844314100253;0.421961;0.385875;0.996043 0.00498999 0.0887311 0.480901 0.000505467 0.998088 -0.0618038 -0.318602 -0.0888698 0.0616041 0.994136 2.91677 0 0 0 1 
27844314100254;1.06506;0.243379;0.998501 0.045177 -0.0309036 2.44044 -0.0368011 0.972034 0.231938 -1.17254 0.0405176 -0.230453 0.97224 -13.1381 0 0 0 1 
27844314100255;0.41574;0.300285;0.944538 -0.0102286 -0.328242 -1.3554 -0.00220072 0.999295 -0.0374726 -0.23225 0.328394 0.0361167 0.94385 2.63386 0 0 0 1 
27844314100256;0.221269;0.0868591;0.999731 0.00421346 -0.0228248 0.165425 -0.00300362 0.998601 0.0527828 0.0951298 0.0230152 -0.0527 0.998345 -3.01516 0 0 0 1 
27844314100257;0.472366;0.306263;0.997086 0.0421981 0.0635507 2.36378 -0.0645819 0.910338 0.408796 -3.99978 -0.0406022 -0.411709 0.91041 -21.9562 0 0 0 1 
27844314100258;0.965959;0.712256;0.961661 0.0121494 -0.273972 -0.22992 0.000358651 0.998962 0.0455583 0.0889975 0.274241 -0.0439099 0.960658 -1.36034 0 0 0 1 
27844314100259;0.701583;0.586624;0.999811 0.0113122 -0.0158089 0.720713 -0.0113805 0.999926 -0.00423617 -0.112997 0.0157598 0.00441528 0.999866 -0.276849 0 0 0 1 
