#;prob_registration_l1 -r /home/probabilistic_point_clouds_registration/build/tester /home/point_clouds_registration_benchmark//devel/registration_pairs/pioneer_slam_local.txt /home/point_clouds_registration_benchmark//tum/pioneer_slam -s 0.1 -t 0.1 -p 0.3 -r 1000 -m 5 -i 40 
id;initial_error;final_error;transformation
1807261650000;0.252801;0.213467;0.995897 0.00473449 0.0903664 -0.157843 -0.00184165 0.999484 -0.0320689 -0.0292188 -0.0904716 0.0317709 0.995392 0.210668 0 0 0 1 
1807261650001;0.370505;0.143183;0.981959 0.0723593 0.1747 -0.0730461 -0.100981 0.981783 0.160952 0.247555 -0.159872 -0.17569 0.971377 0.807592 0 0 0 1 
1807261650002;0.611698;0.232994;0.999961 0.00868001 0.0018433 0.0687355 -0.00862061 0.99951 -0.0301 -0.566821 -0.00210366 0.0300829 0.999545 0.5802 0 0 0 1 
1807261650003;0.65444;0.390817;0.982634 0.174292 -0.0636562 0.183796 -0.169909 0.983054 0.0688116 0.438065 0.0745708 -0.0568009 0.995597 -0.994929 0 0 0 1 
1807261650004;0.70178;0.404096;0.947005 0.253631 0.197111 0.0101121 -0.228374 0.963145 -0.142113 0.70867 -0.225891 0.0895666 0.970026 1.38896 0 0 0 1 
1807261650005;0.564667;0.217658;0.998887 -0.0455147 0.0124162 -0.000973209 0.0454192 0.998937 0.00787578 0.178141 -0.0127615 -0.00730308 0.999892 0.771121 0 0 0 1 
1807261650006;0.456118;0.181065;0.997666 -0.0079695 -0.0678121 -0.0627222 -0.000869305 0.991602 -0.129326 0.249505 0.0682733 0.129083 0.989281 -0.673756 0 0 0 1 
1807261650007;0.0911852;0.049522;0.997956 0.0149928 0.0621159 -0.130925 -0.0155747 0.999839 0.00889415 0.0749043 -0.0619725 -0.0098434 0.998029 0.250153 0 0 0 1 
1807261650008;0.628711;0.397901;0.960809 -0.051271 0.272427 0.355853 0.022212 0.993826 0.1087 -0.32365 -0.276319 -0.0983893 0.956017 0.692492 0 0 0 1 
1807261650009;0.268333;0.269137;0.994911 -0.100395 -0.00854745 0.0510315 0.10055 0.994728 0.0201625 -0.17212 0.00647817 -0.0209193 0.99976 -0.11001 0 0 0 1 
1807261650010;0.71038;0.322005;0.969693 0.244138 0.00956517 -0.0220576 -0.244181 0.969723 0.00358032 0.612608 -0.00840147 -0.00580744 0.999948 -0.864115 0 0 0 1 
1807261650011;0.818748;0.351587;0.945123 0.326665 -0.00572541 -0.0579448 -0.326689 0.945124 -0.00388615 1.03 0.00414175 0.00554331 0.999976 -0.882105 0 0 0 1 
1807261650012;0.646177;0.0516702;0.999979 -0.00548245 0.00349482 0.158971 0.00564843 0.998763 -0.0493987 -0.639568 -0.00321967 0.0494174 0.998773 -0.710445 0 0 0 1 
1807261650013;0.5425;0.110689;0.98985 0.028248 -0.139277 0.0758482 -0.0348135 0.998383 -0.0449307 -0.0345447 0.137783 0.0493234 0.989234 -1.17823 0 0 0 1 
1807261650014;0.402811;0.211569;0.956291 0.126456 -0.263661 0.287161 -0.0995201 0.988578 0.11318 0.150707 0.274962 -0.0819931 0.957953 -1.36895 0 0 0 1 
1807261650015;0.62098;0.200402;0.937922 -0.286246 0.195873 0.32805 0.284735 0.957913 0.0364501 -0.581826 -0.198063 0.0215845 0.979952 1.28248 0 0 0 1 
1807261650016;0.314215;0.261583;0.998183 0.0440493 -0.0411209 -0.00630727 -0.0423755 0.998271 0.0407263 0.135053 0.0428438 -0.0389097 0.998324 0.0528196 0 0 0 1 
1807261650017;0.544853;0.14635;0.958017 0.0751305 -0.276693 0.248532 -0.171516 0.923509 -0.343094 0.732659 0.229752 0.376147 0.897623 -1.05911 0 0 0 1 
1807261650018;0.870541;0.502034;0.945086 0.298121 0.133927 -0.00060199 -0.291961 0.954289 -0.0639556 0.971834 -0.146872 0.021342 0.988925 1.2183 0 0 0 1 
1807261650019;0.408282;0.196636;0.986948 0.161019 -0.0025631 -0.221791 -0.161038 0.986881 -0.0114819 0.307419 0.000680665 0.0117448 0.999931 0.326098 0 0 0 1 
1807261650020;0.378251;0.0923442;0.965215 0.01946 -0.260733 0.106417 -0.106723 0.939691 -0.324948 0.406361 0.238685 0.341471 0.90908 -0.900633 0 0 0 1 
1807261650021;0.0584465;0.0393294;0.999656 0.0206758 -0.0161256 0.0711597 -0.0205988 0.999776 0.0049279 0.000842421 0.0162239 -0.00459404 0.999858 -0.0143334 0 0 0 1 
1807261650022;0.492617;0.232648;0.984901 -0.0433632 -0.167599 0.196712 0.0335133 0.997565 -0.0611594 0.10898 0.169843 0.0546192 0.983956 -1.14177 0 0 0 1 
1807261650023;0.436303;0.367767;0.977 0.210948 0.0311691 -0.0989677 -0.21155 0.977211 0.0174518 0.54704 -0.0267774 -0.0236442 0.999362 0.190804 0 0 0 1 
1807261650024;0.611538;0.32784;0.996668 -0.00611189 0.0813411 -0.1253 0.0133303 0.995987 -0.0884979 0.357302 -0.0804738 0.0892873 0.99275 -0.415827 0 0 0 1 
1807261650025;0.222007;0.174216;0.994936 -0.0702622 -0.0718721 -0.0739109 0.0612476 0.990793 -0.12074 -0.125939 0.0796938 0.115726 0.990079 -0.0705321 0 0 0 1 
1807261650026;0.125003;0.0314896;0.998575 0.000241649 -0.053363 -0.137561 -0.00536904 0.99537 -0.0959628 0.0699493 0.0530927 0.0961125 0.993953 -0.048582 0 0 0 1 
1807261650027;0.446617;0.307468;0.954014 -0.292663 0.0648508 0.185138 0.285786 0.953283 0.0978673 -0.797156 -0.0904633 -0.0748333 0.993084 0.385389 0 0 0 1 
1807261650028;0.18577;0.18039;0.990169 0.124233 -0.0642778 0.0675896 -0.12643 0.991481 -0.03131 0.120729 0.0598405 0.0391288 0.997441 -0.199527 0 0 0 1 
1807261650029;0.503137;0.355321;0.9928 0.0578349 -0.104898 0.0961386 -0.0748605 0.983208 -0.166426 0.3942 0.0935113 0.17308 0.980459 -0.233087 0 0 0 1 
1807261650031;0.869936;0.759985;0.99992 0.00880865 -0.00910219 0.077662 -0.00631365 0.969573 0.24472 -0.129224 0.0109809 -0.244643 0.969551 -0.959718 0 0 0 1 
1807261650032;0.361529;0.297424;0.975512 -0.0313362 -0.217703 -0.0306849 -0.00819465 0.983933 -0.178347 0.00691161 0.219794 0.175764 0.959582 0.276181 0 0 0 1 
1807261650033;0.495733;0.486742;0.999048 0.00330166 0.0435009 0.0509302 -0.00349196 0.999985 0.00429944 0.059391 -0.043486 -0.00444725 0.999044 0.0197039 0 0 0 1 
1807261650034;1.09057;0.884845;0.998779 0.0369895 -0.032761 0.112908 -0.0387494 0.997744 -0.0548213 0.0943167 0.0306593 0.0560238 0.997959 0.696583 0 0 0 1 
1807261650035;0.885672;0.835109;0.98966 0.0753456 -0.122051 0.209229 -0.0564277 0.986823 0.151645 0.151675 0.131869 -0.14319 0.980871 -0.0958065 0 0 0 1 
1807261650036;0.893017;0.207446;0.988366 0.016029 0.151247 0.0846467 -0.0300771 0.995391 0.0910569 0.151347 -0.14909 -0.0945466 0.984293 0.700949 0 0 0 1 
1807261650037;0.513994;0.358427;0.999935 0.00372161 0.0107822 0.0601119 -0.00463361 0.996299 0.0858335 0.0224085 -0.0104228 -0.0858778 0.996251 -0.520078 0 0 0 1 
1807261650038;0.984234;0.360665;0.920573 0.0054117 0.390533 -0.208528 0.0098414 0.999265 -0.0370454 0.280574 -0.390446 0.0379464 0.919843 -0.248086 0 0 0 1 
1807261650039;0.787771;0.201321;0.986694 0.060925 0.150743 0.127241 -0.0401625 0.989738 -0.137132 0.234677 -0.157551 0.129253 0.979015 -0.149096 0 0 0 1 
1807261650040;0.449489;0.085193;0.972397 -0.0118282 0.233033 -0.026805 0.00296375 0.99926 0.0383528 0.0212597 -0.233314 -0.0366035 0.971712 0.537303 0 0 0 1 
1807261650041;0.636202;0.443796;0.999962 0.00629002 -0.00604599 0.0713425 -0.00624269 0.99995 0.00781494 0.0646498 0.00609485 -0.0077769 0.999951 -0.343122 0 0 0 1 
1807261650042;0.394001;0.384203;0.999963 -0.00116128 -0.0085216 -0.00674345 0.0010803 0.999954 -0.0095017 0.0292985 0.00853224 0.00949214 0.999919 0.0715093 0 0 0 1 
1807261650043;0.493104;0.342172;0.969387 0.0423337 0.241861 0.138574 -0.0459046 0.998904 0.00914592 0.140457 -0.241208 -0.0199685 0.970268 0.247844 0 0 0 1 
1807261650044;0.603128;0.412162;0.999777 0.00556782 -0.0203903 -0.0284901 -0.00526257 0.999874 0.014994 0.0569466 0.0204712 -0.0148833 0.99968 -0.447416 0 0 0 1 
1807261650045;0.822026;0.31034;0.996045 0.0172892 -0.0871482 0.078457 0.0181289 0.920697 0.389857 -0.354132 0.0869774 -0.389895 0.916742 -1.85427 0 0 0 1 
1807261650046;0.726796;0.483873;0.999249 -0.0274501 -0.0273471 -0.0997725 0.0240323 0.992687 -0.118298 0.00247688 0.0303944 0.117552 0.992601 0.78109 0 0 0 1 
1807261650047;0.841796;0.471505;0.997919 -0.0235681 -0.0600182 -0.0815467 0.0230677 0.999693 -0.00901668 0.0763088 0.0602123 0.00761344 0.998157 0.621674 0 0 0 1 
1807261650048;0.923373;0.0975204;0.985068 -0.0117259 0.171767 0.0342549 -0.0241344 0.978422 0.205202 0.0544513 -0.170467 -0.206283 0.963529 0.40944 0 0 0 1 
1807261650049;0.894299;0.784306;0.966867 0.0165414 0.254745 0.092208 -0.0420644 0.994581 0.095071 0.143088 -0.251792 -0.102637 0.962324 0.508161 0 0 0 1 
1807261650050;0.776112;0.596318;0.988591 0.0342096 0.14669 0.0996596 0.00396807 0.967615 -0.2524 0.119032 -0.150574 0.250102 0.956439 1.23664 0 0 0 1 
1807261650051;0.472646;0.263759;0.986426 0.0151066 0.163508 0.0514978 -0.0170573 0.999799 0.0105325 0.0945948 -0.163316 -0.0131785 0.986486 0.490264 0 0 0 1 
1807261650052;0.367213;0.306492;0.999238 0.00626734 0.0385124 0.0204569 -0.0140843 0.978407 0.206207 0.00419258 -0.0363884 -0.206593 0.97775 -0.435366 0 0 0 1 
1807261650053;0.543637;0.301085;0.91205 -0.0756532 -0.403041 -0.090158 -0.0227912 0.971965 -0.234018 0.0971183 0.409446 0.222622 0.884756 0.272367 0 0 0 1 
1807261650054;0.296591;0.208521;0.993054 -0.00352428 -0.117608 0.0521398 -0.0163636 0.985701 -0.167708 0.0779838 0.116517 0.168467 0.978796 0.200048 0 0 0 1 
1807261650055;0.546573;0.390441;0.969099 0.0617636 -0.238816 0.161542 0.0237249 0.94032 0.339463 0.073985 0.24553 -0.334639 0.909798 -0.894366 0 0 0 1 
1807261650056;0.638977;0.479426;0.999183 -0.0109251 -0.0389034 -0.0957324 0.00976815 0.999508 -0.0298048 0.0261555 0.0392099 0.0294004 0.998798 0.336419 0 0 0 1 
1807261650057;0.733154;0.663276;0.999632 0.0146615 -0.0228159 -0.0171679 -0.0186944 0.981984 -0.188035 0.505703 0.019648 0.188392 0.981897 0.470794 0 0 0 1 
1807261650058;1.00454;0.937722;0.974088 0.0572316 -0.218807 0.177857 -0.0452991 0.997219 0.0591718 0.165294 0.221585 -0.0477268 0.973972 -0.0637072 0 0 0 1 
1807261650059;0.328863;0.161685;0.959747 -0.0737608 0.271007 -0.161826 -0.0422463 0.91601 0.398925 -0.157356 -0.27767 -0.394316 0.876022 -0.713181 0 0 0 1 
1807261650060;0.479524;0.39733;0.999997 0.00220392 -0.00139242 -0.0477136 -0.00224512 0.999538 -0.0303136 -0.0388994 0.00132497 0.0303167 0.999539 -0.096005 0 0 0 1 
1807261650062;0.610394;0.104746;0.995649 0.0867849 -0.0339185 0.32451 -0.0877916 0.995705 -0.0294097 0.210046 0.0312205 0.0322596 0.998992 -0.659555 0 0 0 1 
1807261650063;0.0702684;0.073456;0.999465 0.000647722 0.0326962 -0.0635233 -0.000463905 0.999984 -0.00562923 0.0743852 -0.0326993 0.00561105 0.999449 -0.0153149 0 0 0 1 
1807261650064;0.431381;0.15588;0.975102 -0.111314 -0.191796 -0.352658 0.0996687 0.9926 -0.0693629 -0.100218 0.198098 0.0485198 0.978981 -0.350244 0 0 0 1 
1807261650065;0.67345;0.204788;0.984303 0.0402343 -0.171837 0.18218 0.0441992 0.886439 0.46073 0.164866 0.170861 -0.461093 0.870747 -1.97304 0 0 0 1 
1807261650066;0.179936;0.255142;0.999561 -0.0271451 -0.0118509 -0.0693648 0.0271778 0.999627 0.00261173 0.258743 0.0117756 -0.00293266 0.999926 0.0121043 0 0 0 1 
1807261650067;0.697139;0.510616;0.995494 -0.09156 -0.024656 -0.113046 0.0936747 0.989945 0.105991 0.170297 0.0147036 -0.107823 0.994061 -1.08878 0 0 0 1 
1807261650068;0.609754;0.623304;0.998311 -0.0564096 -0.0138853 -0.0978539 0.0569446 0.997504 0.0417404 0.503281 0.0114961 -0.0424606 0.999032 -0.0336574 0 0 0 1 
1807261650069;0.14606;0.20468;0.998972 -0.0199168 -0.0407201 -0.0277527 0.0207367 0.999589 0.0198128 0.159479 0.0403087 -0.0206369 0.998974 -0.11596 0 0 0 1 
1807261650070;0.531087;0.108983;0.982539 0.0550331 -0.177732 0.304115 0.0120568 0.934414 0.355985 -0.0169434 0.185666 -0.351912 0.917435 -1.91105 0 0 0 1 
1807261650071;0.140553;0.115581;0.99285 -0.0060081 -0.119217 -0.061246 -0.00135876 0.998099 -0.0616163 0.256118 0.119361 0.0613377 0.990954 0.108948 0 0 0 1 
1807261650072;0.380476;0.342607;0.996108 -0.00758971 -0.0878133 0.0363067 0.0046708 0.999431 -0.0333978 -0.0148445 0.0880169 0.0328576 0.995577 -0.105448 0 0 0 1 
1807261650073;0.531138;0.406978;0.985099 -0.031924 0.168997 -0.0546958 -0.026516 0.942681 0.33264 -0.013718 -0.169929 -0.332164 0.927788 -0.800158 0 0 0 1 
1807261650074;0.56209;0.150248;0.956772 0.129981 0.260177 0.512722 -0.125058 0.991515 -0.0354618 0.676175 -0.262579 0.00139156 0.964909 0.344076 0 0 0 1 
1807261650075;0.57785;0.121122;0.999211 -0.039723 2.8324e-05 -0.197806 0.0397199 0.999142 0.0117453 0.657771 -0.000494859 -0.0117349 0.999931 -0.511382 0 0 0 1 
1807261650076;0.523862;0.297467;0.99276 -0.0603764 -0.103842 -0.213104 0.0460296 0.989722 -0.135393 0.583008 0.11095 0.129633 0.985335 0.902114 0 0 0 1 
1807261650077;0.611234;0.519004;0.999985 -0.00228918 0.00506022 0.0203253 0.0030961 0.986169 -0.165711 -0.0381692 -0.00461089 0.165725 0.986161 0.296397 0 0 0 1 
1807261650078;0.330727;0.0930455;0.950756 0.0143772 -0.309606 0.211724 -0.00165076 0.999144 0.041328 0.154146 0.309935 -0.0387817 0.949966 0.0494673 0 0 0 1 
1807261650079;0.421945;0.324222;0.910271 -0.14522 -0.387708 -0.41901 0.108123 0.98735 -0.115967 -0.110983 0.399645 0.0636411 0.914458 0.449994 0 0 0 1 
1807261650080;0.560936;0.292197;0.989223 0.0401084 -0.140816 0.251187 -0.0847043 0.941238 -0.32695 0.134692 0.119428 0.335355 0.934491 1.08027 0 0 0 1 
1807261650081;0.503671;0.095889;0.982952 0.101747 0.153143 0.368863 -0.127034 0.977976 0.165609 0.030914 -0.132919 -0.18224 0.974228 -1.3077 0 0 0 1 
1807261650082;0.722741;0.313588;0.998075 0.0616691 -0.00663893 0.337451 -0.0619252 0.99682 -0.0501486 -0.0884053 0.00352519 0.0504632 0.99872 -0.612773 0 0 0 1 
1807261650083;0.552134;0.459202;0.999512 0.00556996 -0.0307449 0.089816 -0.00758684 0.997799 -0.065879 -0.046484 0.0303103 0.0660801 0.997354 -0.0202707 0 0 0 1 
1807261650084;0.867721;0.464726;0.984631 0.119064 -0.127768 0.751714 -0.0982282 0.982454 0.158543 0.377547 0.144403 -0.143556 0.97905 -0.923159 0 0 0 1 
1807261650085;0.404997;0.179119;0.980412 -0.117202 -0.158291 -0.423662 0.0509164 0.927179 -0.371143 0.00490629 0.190263 0.355813 0.914985 0.972172 0 0 0 1 
1807261650086;0.258185;0.150739;0.997036 -0.0757146 0.0136909 -0.268776 0.0766314 0.993142 -0.0882941 0.143403 -0.00691185 0.0890815 0.996 0.570472 0 0 0 1 
1807261650087;0.211815;0.1576;0.997897 0.0564531 0.0318529 0.229977 -0.0549271 0.997388 -0.046904 0.0687543 -0.0344176 0.0450558 0.998391 0.203256 0 0 0 1 
1807261650088;0.669831;0.464646;0.993835 -0.0744609 -0.0821443 -0.0676784 0.0478028 0.956288 -0.288493 0.492486 0.100035 0.282787 0.953952 0.512413 0 0 0 1 
1807261650089;0.143654;0.107979;0.99299 0.0376362 0.112045 0.0759466 -0.0446812 0.997135 0.0610436 -0.00524408 -0.109426 -0.065622 0.991826 -0.125209 0 0 0 1 
1807261650090;0.732491;0.402528;0.995735 0.0569661 -0.0725656 0.146249 -0.0633094 0.994076 -0.0883445 0.774302 0.067103 0.0925618 0.993443 0.403583 0 0 0 1 
1807261650091;0.403612;0.244908;0.994281 0.0391065 -0.099381 0.183316 -0.0252934 0.990299 0.13663 0.149453 0.10376 -0.133335 0.985625 -0.348443 0 0 0 1 
1807261650093;1.16071;0.40122;0.905205 0.277513 0.321855 -0.30508 -0.278603 0.959413 -0.0436728 0.183421 -0.320911 -0.0501369 0.945781 -0.27664 0 0 0 1 
1807261650094;0.696816;0.489564;0.983575 0.163832 0.0757542 -0.0981062 -0.161199 0.986123 -0.0397037 -0.0441854 -0.0812077 0.0268401 0.996336 -0.0774559 0 0 0 1 
1807261650095;0.832378;0.48067;0.946067 0.141093 0.291635 0.41133 -0.149719 0.988701 0.00735638 0.0920836 -0.287302 -0.0506228 0.956502 -0.0575481 0 0 0 1 
1807261650096;1.24922;0.425252;0.964771 0.208568 0.160362 0.132261 -0.151729 0.939045 -0.308501 -0.423579 -0.214931 0.273301 0.937609 0.755589 0 0 0 1 
1807261650097;1.57732;0.15839;0.96783 0.167381 0.187852 0.2463 -0.200061 0.96472 0.171144 0.161963 -0.152578 -0.20322 0.967172 0.938202 0 0 0 1 
1807261650098;0.431654;0.207363;0.955906 -0.265994 0.124461 -0.059065 0.272584 0.961341 -0.0389982 -0.170834 -0.109276 0.0712046 0.991458 0.278985 0 0 0 1 
1807261650099;1.43162;0.209469;0.980146 -0.195916 0.030499 0.571128 0.196504 0.939308 -0.281225 0.417221 0.0264484 0.281634 0.959157 0.599682 0 0 0 1 
1807261650100;0.198846;0.14751;0.983441 -0.00169233 -0.18122 0.11792 0.0065449 0.999636 0.0261826 -0.0279053 0.181109 -0.0269351 0.983094 -0.0963416 0 0 0 1 
1807261650101;0.403364;0.107435;0.995945 -0.0563106 0.0701586 0.0582231 0.0594811 0.997261 -0.0439509 -0.0586014 -0.0674915 0.0479458 0.996567 -0.159698 0 0 0 1 
1807261650102;0.400187;0.295387;0.996066 -0.0424743 0.0777728 -0.10301 0.0436742 0.998951 -0.0137927 -0.112963 -0.0771054 0.0171351 0.996876 0.00355269 0 0 0 1 
1807261650103;1.02195;0.331442;0.965728 0.218276 0.140446 0.0390488 -0.234637 0.965512 0.112836 -0.219279 -0.110973 -0.141923 0.983638 0.548272 0 0 0 1 
1807261650104;1.18672;0.117402;0.990021 0.0220671 -0.139183 -0.0249003 -0.0152872 0.998652 0.0495946 -0.380988 0.14009 -0.0469719 0.989024 -0.701438 0 0 0 1 
1807261650105;1.18857;0.856038;0.996129 0.00795441 0.0875406 -0.0892763 -0.0098262 0.999732 0.0209718 -0.494563 -0.0873503 -0.0217509 0.99594 0.138093 0 0 0 1 
1807261650106;0.708535;0.217111;0.998229 -0.0195626 0.0561749 -0.246207 0.0195688 0.999808 0.000439079 -0.2546 -0.0561727 0.000660975 0.998421 0.219734 0 0 0 1 
1807261650107;0.503291;0.288209;0.996915 -0.0261999 0.0739861 0.0823173 0.0220089 0.998137 0.0569038 -0.102449 -0.0753392 -0.0550999 0.995634 0.222456 0 0 0 1 
1807261650108;1.52224;0.514172;0.958235 -0.212319 0.191588 0.0772491 0.23181 0.968991 -0.0855655 0.425958 -0.16748 0.126404 0.977738 -0.351619 0 0 0 1 
1807261650109;0.339127;0.0833056;0.962473 -0.110468 0.247874 -0.0842485 0.0989019 0.993366 0.0586761 0.0124398 -0.252712 -0.031959 0.967014 0.188595 0 0 0 1 
1807261650110;0.998065;0.143594;0.975143 -0.217046 0.044581 0.148266 0.215083 0.97556 0.0449696 -0.0305688 -0.0532519 -0.0342631 0.997993 -0.501683 0 0 0 1 
1807261650111;0.873902;0.148331;0.976407 0.140821 0.163706 0.123422 -0.151647 0.986872 0.0555681 -0.384026 -0.153731 -0.0790825 0.984943 0.427273 0 0 0 1 
1807261650112;0.213542;0.126573;0.990011 -0.0230849 -0.139084 0.154499 0.0313637 0.997845 0.0576286 -0.0421363 0.137454 -0.0614151 0.988602 -0.146646 0 0 0 1 
1807261650113;1.08553;0.261883;0.975157 -0.19434 0.106305 -0.257163 0.210177 0.963303 -0.16695 -0.633624 -0.0699592 0.185145 0.980218 -0.107877 0 0 0 1 
1807261650114;0.757919;0.503492;0.945809 0.288733 0.148588 0.331048 -0.269856 0.953402 -0.134915 -0.0399246 -0.180618 0.0875068 0.979653 0.53684 0 0 0 1 
1807261650115;1.40826;0.720225;0.955434 0.124618 0.267611 -0.335548 -0.143267 0.988356 0.0512499 0.30293 -0.258109 -0.0873058 0.962163 0.335549 0 0 0 1 
1807261650116;0.547781;0.122033;0.987093 0.160142 0.00117519 0.0660781 -0.159599 0.983088 0.0898159 -0.0697177 0.013228 -0.0888443 0.995958 0.273298 0 0 0 1 
1807261650117;1.14474;0.302738;0.952677 0.280681 -0.116727 -0.0818356 -0.260401 0.951639 0.163017 0.48799 0.156838 -0.124906 0.979694 -0.35183 0 0 0 1 
1807261650118;1.22447;0.420001;0.956543 0.214992 -0.196985 -0.0356101 -0.252384 0.948781 -0.190043 0.0653269 0.146038 0.2315 0.961811 -0.540013 0 0 0 1 
1807261650119;1.49971;0.626739;0.983463 0.0770137 -0.16392 0.352455 -0.0901604 0.99315 -0.0743243 0.564668 0.157073 0.0878743 0.98367 -0.4958 0 0 0 1 
1807261650120;0.30517;0.267911;0.949917 0.205298 0.235608 0.178311 -0.223953 0.973043 0.0550605 0.125595 -0.217953 -0.105068 0.970287 0.181148 0 0 0 1 
1807261650121;1.42718;0.102138;0.941988 0.329903 0.0618277 0.423509 -0.335203 0.934108 0.122803 -0.698316 -0.0172409 -0.136404 0.990503 0.261333 0 0 0 1 
1807261650122;1.45607;0.457819;0.961941 -0.195771 0.190636 -0.0883953 0.217242 0.97109 -0.0989452 -0.428372 -0.165755 0.136594 0.976661 -0.487143 0 0 0 1 
1807261650124;1.36594;4.89231;-0.108388 -0.975415 0.19188 2.51833 0.98647 -0.129414 -0.100643 -0.242272 0.123001 0.178375 0.976244 0.328786 0 0 0 1 
1807261650125;0.804333;4.21036;0.295201 -0.860634 0.414929 1.71605 0.0410176 0.445298 0.894442 0.10237 -0.954554 -0.247021 0.166753 0.680811 0 0 0 1 
1807261650126;0.880272;4.95292;0.14866 -0.859541 0.488967 2.36163 0.931404 0.287833 0.222799 -0.191566 -0.332246 0.422305 0.843369 0.349173 0 0 0 1 
1807261650127;1.55898;4.48082;0.0981921 -0.946298 0.308024 1.8074 0.989594 0.0601351 -0.130719 -0.218513 0.105176 0.317654 0.942355 -1.01131 0 0 0 1 
1807261650128;0.837192;4.66715;0.213087 -0.954215 0.209921 1.79779 0.94163 0.257884 0.216401 -0.37408 -0.260628 0.151555 0.953469 -0.100632 0 0 0 1 
1807261650129;0.284015;4.6684;0.105545 -0.975875 0.191123 2.2991 0.992065 0.116537 0.047187 -0.154296 -0.0683215 0.184626 0.980431 -0.193435 0 0 0 1 
1807261650130;0.193395;4.73633;-0.00417243 -0.939526 0.342454 2.25757 0.962667 -0.0964627 -0.252918 -0.159909 0.270657 0.328613 0.904853 -0.398318 0 0 0 1 
1807261650131;0.6404;4.87794;0.151509 -0.960528 0.233303 2.40759 0.986275 0.162574 0.0288365 0.0575439 -0.0656274 0.225732 0.971976 -0.0834619 0 0 0 1 
1807261650132;1.48669;5.41579;0.0551499 -0.974926 0.215585 3.16901 0.988083 0.0843636 0.128746 0.242093 -0.143706 0.205915 0.967961 -0.631478 0 0 0 1 
1807261650133;0.878362;4.61965;0.364869 -0.890236 0.272671 2.05304 0.922113 0.38602 0.0264002 -0.429794 -0.128759 0.241801 0.961745 0.0924828 0 0 0 1 
1807261650134;0.764145;1.25131;0.325973 0.904369 -0.275423 0.152384 -0.32066 0.379835 0.8677 -0.61135 0.889336 -0.19453 0.413811 0.220809 0 0 0 1 
1807261650135;0.938287;5.02172;-0.00584121 -0.965805 0.259205 2.4769 0.996933 -0.0258532 -0.0738641 -0.114466 0.0780395 0.257978 0.962994 0.175461 0 0 0 1 
1807261650136;0.165136;4.79793;0.30795 -0.932863 0.186908 2.25435 0.940841 0.327788 0.0858698 -0.238756 -0.141371 0.149407 0.978617 -0.23445 0 0 0 1 
1807261650137;0.685906;4.65729;0.395926 -0.875287 0.277698 2.11646 0.918267 0.375615 -0.125296 -0.119863 0.0053628 0.304609 0.952462 0.075283 0 0 0 1 
1807261650138;1.14592;4.33404;0.480848 -0.791854 0.376501 1.81284 0.780758 0.582096 0.227114 -0.686258 -0.399 0.184749 0.898146 -0.154137 0 0 0 1 
1807261650139;0.608764;4.78746;0.0580307 -0.973427 0.221522 2.40797 0.975396 0.102559 0.195153 -0.407483 -0.212686 0.204747 0.955428 -0.492872 0 0 0 1 
1807261650140;1.51409;5.45764;0.225188 -0.950488 0.214158 2.1564 0.964974 0.247939 0.0857433 0.40316 -0.134596 0.187349 0.973028 0.132414 0 0 0 1 
1807261650141;0.713806;4.53331;0.14143 -0.98844 0.0546261 2.04707 0.745068 0.06995 -0.66331 -0.1761 0.651821 0.134512 0.746348 -0.389624 0 0 0 1 
1807261650142;1.81337;4.69411;0.171587 -0.948246 0.267182 1.95275 0.978459 0.132432 -0.158369 -0.135945 0.114789 0.288601 0.950544 0.569117 0 0 0 1 
1807261650143;1.33398;4.60196;0.12337 -0.938704 0.321893 2.19217 0.990556 0.136039 0.0170719 0.287709 -0.0598153 0.316747 0.946622 0.218996 0 0 0 1 
1807261650144;0.523192;4.55378;0.318344 -0.854321 0.410844 1.91279 0.926988 0.371231 0.0536681 -0.0718777 -0.198368 0.363763 0.910125 -0.274488 0 0 0 1 
1807261650145;1.32014;5.35755;0.00766011 -0.971037 0.238808 3.26997 0.996325 0.0277852 0.0810211 -0.243164 -0.0853098 0.23731 0.967681 -0.329205 0 0 0 1 
1807261650146;0.396214;4.78247;0.464797 -0.728777 0.502839 2.06049 0.867372 0.488844 -0.0932567 -0.126347 -0.177847 0.479494 0.859334 -0.142862 0 0 0 1 
1807261650147;1.75836;4.59426;-0.000842712 -0.976651 0.214828 1.81308 0.987288 0.0333322 0.155407 -0.52465 -0.15894 0.212228 0.964208 -0.958423 0 0 0 1 
1807261650148;1.81564;4.89208;0.358051 -0.845407 0.39634 2.44617 0.929521 0.282617 -0.236893 -0.89119 0.0882585 0.453226 0.887015 0.0806767 0 0 0 1 
1807261650149;1.27562;4.87122;0.0546256 -0.961399 0.269683 2.3436 0.998433 0.0493161 -0.0264297 -0.38313 0.0121098 0.270704 0.962587 -0.980734 0 0 0 1 
1807261650150;1.69552;4.72115;0.146714 -0.925142 0.350124 2.61516 0.98525 0.168188 0.0315543 -0.192931 -0.0880789 0.34033 0.936172 0.622158 0 0 0 1 
1807261650151;1.06641;4.84329;0.115197 -0.946161 0.302505 2.20296 0.99302 0.11745 -0.0107973 -0.246056 -0.0253131 0.301637 0.953087 -0.827168 0 0 0 1 
1807261650152;1.1455;4.85967;0.193985 -0.940398 0.279323 2.62466 0.977599 0.161606 -0.134843 -0.475779 0.081666 0.299223 0.950682 -0.0353401 0 0 0 1 
1807261650153;0.956413;4.88824;0.262019 -0.916488 0.302317 2.67192 0.962223 0.272113 -0.0090375 -0.472915 -0.0739815 0.293264 0.953165 -0.195144 0 0 0 1 
1807261650155;0.606131;0.444224;0.99781 -0.00396351 -0.0660334 0.0819056 0.00629187 0.999364 0.0350899 0.0313706 0.0658523 -0.0354285 0.9972 -0.531889 0 0 0 1 
1807261650156;0.187806;0.0737662;0.998309 -0.0580904 0.00193024 -0.250976 0.0580856 0.998309 0.00245156 -0.114216 -0.00206939 -0.0023353 0.999995 0.204116 0 0 0 1 
1807261650157;0.551788;0.404744;0.999072 -0.0389474 0.018402 -0.187707 0.0415209 0.984457 -0.170648 -0.075656 -0.0114697 0.171253 0.98516 0.961408 0 0 0 1 
1807261650158;0.699792;0.572468;0.997335 -0.0418393 -0.0597617 -0.18966 0.0447658 0.997819 0.0485005 -0.0626294 0.0576022 -0.0510465 0.997034 -0.574309 0 0 0 1 
1807261650159;0.309546;0.21778;0.998109 -0.00425854 -0.0613205 -0.0715484 -0.00984021 0.973661 -0.227787 -0.16302 0.0606754 0.227959 0.971778 1.07513 0 0 0 1 
1807261650160;0.485518;0.396363;0.998672 -0.0394365 -0.0331499 -0.188856 0.0453016 0.978642 0.20052 -0.147876 0.0245341 -0.201755 0.979129 -0.788488 0 0 0 1 
1807261650161;0.330335;0.121092;0.997822 -0.0650168 0.0111602 -0.297327 0.0639217 0.911131 -0.407128 -0.358227 0.0163018 0.406955 0.913303 1.35446 0 0 0 1 
1807261650162;0.550603;0.538521;0.999248 0.0380125 0.00770803 0.078987 -0.0380261 0.999275 0.0016328 -0.102737 -0.00764038 -0.00192468 0.999969 -0.0190705 0 0 0 1 
1807261650163;0.739956;0.337421;0.987941 0.110162 0.1088 0.459432 -0.0996932 0.99024 -0.0973929 -0.453638 -0.118467 0.0853718 0.989281 0.707508 0 0 0 1 
1807261650164;0.228506;0.0679645;0.956579 0.120677 0.265318 0.430875 -0.126072 0.992015 0.00333165 -0.0776945 -0.262797 -0.0366361 0.964155 -0.192715 0 0 0 1 
1807261650165;0.0638727;0.0592454;0.999912 -0.00125931 0.0131975 -0.00297891 0.00153077 0.999787 -0.0205796 -0.0605965 -0.0131688 0.020598 0.999701 0.159284 0 0 0 1 
1807261650166;0.691573;0.447725;0.997981 -0.0594316 -0.0223903 -0.332977 0.060823 0.995852 0.067671 -0.255341 0.0182757 -0.0688963 0.997456 0.0543489 0 0 0 1 
1807261650167;0.645574;0.479918;0.951249 0.00717896 0.308339 0.0930382 -0.0646109 0.982185 0.176462 -0.0565501 -0.301579 -0.187781 0.934766 -0.890064 0 0 0 1 
1807261650168;0.448255;0.374946;0.996867 0.0224996 0.0758324 0.11673 0.00680323 0.930752 -0.365589 -0.329628 -0.0788067 0.364959 0.927682 1.4423 0 0 0 1 
1807261650169;0.539907;0.368661;0.99758 -0.0171676 -0.0673789 0.0122421 0.0227895 0.996241 0.0835758 -0.303457 0.0656908 -0.084909 0.994221 -0.739761 0 0 0 1 
1807261650170;0.652735;0.343692;0.951476 0.122767 0.282172 0.559267 -0.124913 0.992113 -0.0104451 0.158519 -0.281228 -0.0253086 0.959307 0.522254 0 0 0 1 
1807261650171;0.437786;0.297393;0.960519 0.136933 0.242183 0.505638 -0.187574 0.961628 0.20022 -0.00540205 -0.205473 -0.237742 0.949347 -0.532441 0 0 0 1 
1807261650172;0.513271;0.434958;0.98985 -0.0594312 -0.129093 -0.219065 0.0553696 0.997858 -0.0348299 -0.434828 0.130887 0.0273285 0.991021 0.155708 0 0 0 1 
1807261650173;0.421662;0.0871284;0.924089 -0.135734 -0.35726 -0.466619 0.128985 0.990724 -0.0427739 0.156612 0.359752 -0.00655423 0.933025 -0.358814 0 0 0 1 
1807261650174;0.342158;0.130914;0.996871 0.0669721 -0.0419975 0.268155 -0.0780718 0.91745 -0.390117 -0.195506 0.0124036 0.392175 0.919807 1.3173 0 0 0 1 
1807261650175;0.695425;0.398076;0.999909 -0.00962875 0.00941857 0.107209 0.00926087 0.999221 0.0383519 0.376602 -0.00978051 -0.0382612 0.99922 -0.327984 0 0 0 1 
1807261650176;0.628882;0.437986;0.997565 0.0553035 0.042488 0.246681 -0.0512887 0.994585 -0.0903835 -0.193372 -0.0472565 0.0879842 0.995 -0.19436 0 0 0 1 
1807261650177;0.385778;0.0697913;0.999159 -0.0393928 -0.011402 -0.183045 0.0393557 0.999219 -0.00346547 0.0205839 0.0115296 0.00301382 0.999929 0.463115 0 0 0 1 
1807261650178;0.865032;0.472012;0.992595 -0.0213681 0.119579 -0.121746 0.0308789 0.996455 -0.078258 0.0235652 -0.117482 0.081371 0.989736 1.20716 0 0 0 1 
1807261650179;0.799283;0.063408;0.901039 -0.250484 -0.354101 -1.35361 0.23949 0.967973 -0.0753217 -0.290133 0.361627 -0.0169358 0.932169 0.576853 0 0 0 1 
1807261650180;0.951142;0.406878;0.965177 0.158685 0.207975 0.689579 -0.104996 0.963152 -0.247615 0.0258463 -0.239604 0.217156 0.946273 1.837 0 0 0 1 
1807261650181;0.58947;0.451714;0.999383 0.0260597 0.0235368 0.0253467 -0.0259995 0.999658 -0.00286086 -0.161752 -0.0236033 0.00224716 0.999719 0.168193 0 0 0 1 
1807261650182;0.51362;0.394514;0.99273 0.0126812 -0.119694 0.116039 -0.0187399 0.998592 -0.0496292 0.220305 0.118896 0.0515114 0.99157 -0.17346 0 0 0 1 
1807261650183;0.518467;0.436741;0.977538 -0.0162751 -0.210131 0.0094366 -0.00844947 0.993186 -0.116232 0.0379412 0.210591 0.115396 0.970739 0.440524 0 0 0 1 
1807261650184;0.540083;0.251497;0.995883 -0.0887662 0.0183584 -0.351181 0.0881853 0.995642 0.0303455 -0.336107 -0.0209721 -0.0286016 0.999371 -0.411419 0 0 0 1 
1807261650186;0.453969;0.376434;0.999376 -0.0118354 -0.0332717 0.0421977 0.014489 0.996635 0.0806799 0.016001 0.0322049 -0.0811117 0.996185 0.0218361 0 0 0 1 
1807261650187;0.217396;0.0631669;0.997917 0.0336778 -0.055021 -0.022986 -0.0326486 0.999277 0.0195001 0.138056 0.0556379 -0.0176631 0.998295 -0.422574 0 0 0 1 
1807261650188;0.833964;0.132896;0.982688 0.00498522 0.1852 -0.033584 -0.0471118 0.973502 0.223774 0.314543 -0.179177 -0.228626 0.956883 1.32376 0 0 0 1 
1807261650189;0.543168;0.0367217;0.871217 0.369342 -0.323369 0.267337 -0.362576 0.928221 0.0833371 0.551562 0.330938 0.0446413 0.942596 -1.07619 0 0 0 1 
1807261650190;0.468639;0.156188;0.943527 -0.169654 0.284559 0.0202941 0.198049 0.977398 -0.0739565 -0.674562 -0.26558 0.126137 0.955802 1.06594 0 0 0 1 
1807261650191;0.203867;0.0256837;0.99166 0.034443 0.124197 -0.095651 -0.0258333 0.997193 -0.0702787 -0.0600532 -0.126269 0.0664841 0.989766 0.50982 0 0 0 1 
1807261650192;0.50492;0.321336;0.993831 0.101055 0.0456993 0.301124 -0.0925055 0.982596 -0.161082 -0.0343555 -0.0611821 0.155861 0.985882 0.0518261 0 0 0 1 
1807261650193;0.791638;0.183962;0.991599 -0.126222 -0.0282597 0.0142512 0.125954 0.991974 -0.011064 -0.345922 0.0294294 0.00741164 0.999539 -1.00908 0 0 0 1 
1807261650194;0.736741;0.216467;0.978528 0.203282 -0.0340475 0.297222 -0.206059 0.96106 -0.184129 0.140635 -0.00470837 0.187191 0.982312 -0.645649 0 0 0 1 
1807261650195;0.187863;0.118529;0.973809 0.0196103 -0.22652 0.0950337 -0.00404854 0.997611 0.0689606 0.00520565 0.227332 -0.0662374 0.971562 -0.647072 0 0 0 1 
1807261650196;0.587609;0.0694884;0.994806 0.0993954 -0.0219594 -0.0803163 -0.101608 0.982609 -0.155422 -0.153372 0.00612925 0.156846 0.987604 0.731825 0 0 0 1 
1807261650197;0.541762;0.0610656;0.964878 0.262695 0.00146675 -0.230342 -0.262676 0.964707 0.0185063 0.87196 0.00344653 -0.0182416 0.999828 -0.165123 0 0 0 1 
1807261650198;0.789459;0.371469;0.993934 0.0538429 -0.0958953 0.256476 -0.0640941 0.992165 -0.107244 0.12402 0.0893696 0.11274 0.989597 -0.926028 0 0 0 1 
1807261650199;0.344499;0.171252;0.991921 -0.0562058 -0.113723 0.0410483 0.045651 0.994584 -0.0933778 -0.0461088 0.118355 0.0874319 0.989115 -0.526253 0 0 0 1 
1807261650200;0.665434;0.440943;0.993 0.117483 -0.0121858 0.031858 -0.117319 0.993003 0.0134396 -0.110041 0.0136795 -0.0119159 0.999835 -0.075611 0 0 0 1 
1807261650201;0.637949;0.361091;0.997173 0.0729761 -0.0179303 -0.216939 -0.0733358 0.997101 -0.0202969 0.0043639 0.0163971 0.0215544 0.999633 -0.305306 0 0 0 1 
1807261650202;0.360138;0.0366575;0.997015 0.0771827 -0.00179044 -0.261732 -0.0772028 0.996647 -0.0270904 0.126788 -0.000306469 0.0271478 0.999631 -0.351651 0 0 0 1 
1807261650203;0.394841;0.165709;0.906865 -0.101628 -0.408983 0.237648 0.144569 0.986618 0.0753993 -0.42396 0.395847 -0.127503 0.909422 -1.13731 0 0 0 1 
1807261650204;0.612524;0.0991083;0.998019 -0.0624806 -0.00730564 -0.069924 0.0626298 0.997786 0.0223716 -0.336002 0.00589168 -0.0227848 0.999723 0.741965 0 0 0 1 
1807261650205;0.404722;0.166854;0.887315 0.196963 -0.416986 0.26184 -0.261997 0.959413 -0.104332 0.667785 0.379512 0.201824 0.902905 -0.915736 0 0 0 1 
1807261650206;0.626556;0.128956;0.969533 -0.241006 -0.0438392 -0.509678 0.23405 0.964211 -0.124567 -0.959735 0.0722917 0.110511 0.991242 0.43179 0 0 0 1 
1807261650207;0.542445;0.123218;0.999265 0.011424 0.0365816 -0.125101 -0.011343 0.999933 -0.00242078 -0.150807 -0.0366068 0.00200406 0.999328 0.789259 0 0 0 1 
1807261650208;0.417306;0.0959999;0.950401 -0.0118499 -0.3108 0.0676809 -0.0273668 0.992212 -0.121516 0.173573 0.309819 0.123994 0.942676 -1.07423 0 0 0 1 
1807261650209;0.115948;0.0702944;0.99762 -0.0303029 -0.0619425 -0.0386133 0.0255727 0.996797 -0.07578 -0.0790096 0.0640404 0.0740155 0.995199 -0.136393 0 0 0 1 
1807261650210;0.290494;0.138098;0.979382 0.19806 0.0397793 0.0238526 -0.184163 0.956287 -0.227154 0.575413 -0.0830306 0.215145 0.973046 0.34848 0 0 0 1 
1807261650211;0.634223;0.533783;0.984533 0.109884 -0.136457 0.304961 -0.133068 0.975635 -0.174439 0.148562 0.113964 0.189899 0.975167 -0.307648 0 0 0 1 
1807261650212;0.518398;0.0410491;0.933369 0.235261 -0.271061 0.150428 -0.214108 0.971088 0.105572 0.715842 0.288061 -0.0405013 0.956755 -1.19625 0 0 0 1 
1807261650213;0.562773;0.450236;0.997201 -0.072975 0.0162846 0.0775719 0.0660545 0.961864 0.265431 -0.226114 -0.0350334 -0.263612 0.963992 -0.163628 0 0 0 1 
1807261650214;0.522212;0.540246;0.998328 0.0311465 0.0486926 0.0742425 -0.0395471 0.982428 0.182405 0.0715792 -0.0421557 -0.184025 0.982017 0.0774634 0 0 0 1 
1807261650215;0.876402;0.326811;0.936668 -0.274584 -0.217386 0.427786 0.276544 0.96075 -0.0219735 -1.12435 0.214887 -0.0395347 0.975838 -0.800572 0 0 0 1 
1807261650217;0.532131;0.429658;0.982242 0.00226207 0.187607 -0.0796383 -0.0426319 0.976463 0.211431 -0.130257 -0.182713 -0.215675 0.959219 -0.741091 0 0 0 1 
1807261650218;0.499155;0.378361;0.995645 -0.03857 -0.0848771 -0.186247 0.0464387 0.994603 0.0927764 -0.0987236 0.0808407 -0.0963139 0.992063 -0.133897 0 0 0 1 
1807261650219;0.721512;0.653408;0.965339 -0.255067 -0.055327 -0.716259 0.257417 0.965452 0.0404826 -1.24704 0.0430897 -0.0533215 0.997647 -0.604244 0 0 0 1 
1807261650220;0.121853;0.111146;0.99232 -0.0837093 0.0910736 -0.307181 0.0809171 0.996143 0.0339373 -0.192683 -0.0935632 -0.0263072 0.995266 -0.0521021 0 0 0 1 
1807261650221;0.995809;0.398768;0.996433 -0.0843894 0.000386813 -0.332698 0.0843819 0.996388 0.00950285 -0.352235 -0.00118736 -0.00943632 0.999955 -0.87262 0 0 0 1 
1807261650222;1.09618;0.428044;0.999677 0.0243709 0.00717368 0.0800477 -0.0245555 0.999337 0.0268811 -0.383791 -0.00651381 -0.0270486 0.999613 -0.946875 0 0 0 1 
1807261650223;0.826304;0.660288;0.999069 -0.0417197 0.0110241 -0.192859 0.0413165 0.998548 0.0345724 -0.181591 -0.0124504 -0.0340847 0.999341 -0.375724 0 0 0 1 
1807261650224;0.375842;0.197769;0.997024 -0.0115601 -0.0762172 -0.0348133 0.0318878 0.961987 0.271228 -0.209835 0.0701845 -0.272852 0.959493 -1.07356 0 0 0 1 
1807261650225;0.55112;0.885759;0.984071 -0.177054 -0.0160102 -0.899599 0.173902 0.977412 -0.120097 -1.0218 0.0369122 0.1154 0.992633 0.510032 0 0 0 1 
1807261650226;0.761509;0.600353;0.999744 -0.00468391 -0.022154 -0.0818372 0.0042114 0.999764 -0.0213276 -0.00589105 0.0222487 0.0212288 0.999527 0.464378 0 0 0 1 
1807261650227;0.75985;0.73583;0.999692 -0.00812409 -0.0234471 -0.0296003 0.00863919 0.999722 0.0219517 -0.0114883 0.0232622 -0.0221475 0.999484 -0.229766 0 0 0 1 
1807261650228;0.464961;0.401297;0.999082 0.00352613 -0.0426996 0.00965258 -0.000710779 0.997835 0.0657702 -0.0346436 0.0428391 -0.0656795 0.996921 -0.429172 0 0 0 1 
1807261650229;0.961907;0.431978;0.977709 -0.00347024 0.209937 -0.00014513 -0.0447041 0.973497 0.224286 0.0616822 -0.205151 -0.228672 0.951642 0.264582 0 0 0 1 
1807261650230;1.24871;0.361966;0.961249 -0.0681732 -0.267119 -0.0617051 0.0880956 0.994098 0.063309 -0.463278 0.261226 -0.0843877 0.961582 -1.5836 0 0 0 1 
1807261650231;0.35278;0.260627;0.979311 -0.0407294 -0.198218 -0.0967539 0.00529875 0.984361 -0.176085 -0.103471 0.20229 0.171392 0.964211 0.166502 0 0 0 1 
1807261650232;0.725754;0.642647;0.975114 -0.0101513 -0.221471 0.0130919 0.045245 0.987039 0.153968 -0.1637 0.217037 -0.160156 0.962936 -0.737367 0 0 0 1 
1807261650233;0.807473;0.760472;0.995518 0.00714821 0.0943014 -0.0389325 -0.0138392 0.997416 0.0704912 0.0523216 -0.0935539 -0.0714803 0.993045 -0.168945 0 0 0 1 
1807261650234;0.330571;0.0710271;0.99724 -0.0640064 -0.0376314 -0.228798 0.0627732 0.997479 -0.0330873 -0.12462 0.0396543 0.0306337 0.998744 0.305226 0 0 0 1 
1807261650235;0.476097;0.13621;0.993781 0.0924777 -0.062031 0.183616 -0.0784279 0.976722 0.199656 -0.186711 0.0790508 -0.19355 0.977901 -0.249338 0 0 0 1 
1807261650236;0.451212;0.37582;0.913294 -0.0259116 -0.406476 -0.0288043 -0.00808974 0.996623 -0.0817082 -0.0694241 0.407221 0.0779119 0.91 -0.0655621 0 0 0 1 
1807261650237;0.797582;0.405241;0.945387 0.0381809 0.323706 -0.070502 -0.0894173 0.985395 0.144918 -0.295535 -0.313445 -0.165948 0.934994 -0.65698 0 0 0 1 
1807261650238;1.08583;1.00517;0.991167 -0.113681 -0.0682906 -0.658921 0.11297 0.993497 -0.0142023 -0.77066 0.069461 0.00636204 0.997564 0.813513 0 0 0 1 
1807261650239;1.02135;0.846959;0.969596 0.118171 0.214288 -0.105613 -0.0820128 0.981952 -0.170422 -0.281542 -0.230559 0.147666 0.961789 0.060608 0 0 0 1 
1807261650240;0.859825;0.27901;0.999609 -0.0270854 0.00695931 -0.165386 0.0270726 0.999632 0.00193995 0.00728366 -0.00700929 -0.00175079 0.999974 0.705215 0 0 0 1 
1807261650241;0.991567;0.962387;0.996209 -0.0275601 0.0825075 -0.12128 0.00176891 0.954707 0.297544 -0.200466 -0.0869708 -0.29627 0.951136 -0.60203 0 0 0 1 
1807261650242;0.558163;0.408739;0.981266 0.0263959 -0.190839 0.191297 -0.00641495 0.994497 0.104569 -0.0690557 0.192549 -0.101386 0.976036 -0.809887 0 0 0 1 
1807261650243;0.371812;0.333807;0.992664 0.081156 0.0896162 0.0726639 -0.112128 0.895198 0.431333 -0.340675 -0.045219 -0.438217 0.897731 -1.1387 0 0 0 1 
1807261650244;0.711238;0.0936401;0.992954 -0.11412 -0.0319269 -0.38275 0.107792 0.98174 -0.156741 -0.3805 0.0492311 0.152195 0.987124 -0.190817 0 0 0 1 
1807261650245;0.732714;0.508765;0.990626 -0.0645835 -0.120371 -0.19347 0.034345 0.970627 -0.238125 -0.0831276 0.132215 0.231759 0.963746 0.189546 0 0 0 1 
1807261650246;1.2033;0.90318;0.990329 -0.0387433 0.133221 -0.389827 0.0269661 0.995658 0.0890984 -0.479457 -0.136095 -0.0846443 0.987073 0.897596 0 0 0 1 
1807261650248;0.419559;0.431546;0.997664 -0.0647993 -0.0216388 -0.557472 0.0643433 0.997704 -0.0211439 -0.557975 0.0229592 0.0197022 0.999542 0.0846681 0 0 0 1 
1807261650249;0.496114;0.432985;0.993709 0.0931069 -0.0622432 -0.275265 -0.100143 0.987514 -0.121601 -0.570708 0.0501442 0.127069 0.990626 0.718842 0 0 0 1 
1807261650250;0.34812;0.369711;0.993883 0.0264528 -0.107224 -0.0583814 -0.0417745 0.988801 -0.143273 -0.21825 0.102234 0.146876 0.983858 0.803062 0 0 0 1 
1807261650251;0.451728;0.446749;0.955782 0.277714 -0.0967303 0.514475 -0.286555 0.95343 -0.0941128 -0.203998 0.0660891 0.11767 0.990851 0.671828 0 0 0 1 
1807261650252;0.33029;0.350975;0.890923 -0.240756 -0.385089 -1.28991 0.154102 0.957875 -0.242338 -0.228057 0.427211 0.156561 0.890494 0.814323 0 0 0 1 
1807261650253;0.249687;0.457792;0.997216 -0.0742877 0.00650478 -0.87991 0.0743917 0.997074 -0.0175661 -0.0898651 -0.0051808 0.0180011 0.999825 -0.248043 0 0 0 1 
1807261650254;0.24129;0.408978;0.996334 0.07695 0.0373778 -0.310581 -0.0688065 0.980447 -0.184363 -0.0921557 -0.0508337 0.181116 0.982147 0.797965 0 0 0 1 
1807261650255;0.565737;0.298908;0.961122 0.0897537 0.261131 -0.0947834 0.0182528 0.922978 -0.384419 -0.583756 -0.275521 0.37424 0.885456 2.07466 0 0 0 1 
1807261650256;0.73595;0.47833;0.898589 0.204696 0.388119 0.0768554 -0.255369 0.963256 0.0832151 0.0743601 -0.356825 -0.17389 0.917845 -1.37999 0 0 0 1 
1807261650257;0.0754684;0.380275;0.999643 0.00925372 -0.0250829 -0.414914 -0.00916652 0.999952 0.00358936 -0.0452875 0.0251149 -0.00335815 0.999679 -0.060111 0 0 0 1 
1807261650258;0.796962;1.18715;0.998618 -0.0396154 -0.0345411 -1.02875 0.0402181 0.999047 0.0169305 -0.0344947 0.0338375 -0.0182962 0.99926 0.146922 0 0 0 1 
1807261650259;0.200045;0.367275;0.999348 -0.0348929 -0.00927306 -0.517336 0.0350222 0.999286 0.0141737 0.1394 0.00877188 -0.0144892 0.999857 -0.00263111 0 0 0 1 
1807261650260;0.602384;0.423249;0.970789 -0.121414 -0.206946 -1.08371 0.174393 0.949442 0.261051 -0.184924 0.164788 -0.289516 0.942882 -0.533988 0 0 0 1 
