#;prob_registration_l1 -r /home/probabilistic_point_clouds_registration/build/tester /home/point_clouds_registration_benchmark//devel/registration_pairs/pioneer_slam3_local.txt /home/point_clouds_registration_benchmark//tum/pioneer_slam3 -s 0.1 -t 0.1 -p 0.3 -r 1000 -m 5 -i 40 
id;initial_error;final_error;transformation
39885980090000;0.518509;0.185718;0.99489 0.00958775 -0.100505 0.0796774 0.00334829 0.9918 0.127757 -0.0840554 0.100906 -0.127441 0.9867 -0.412038 0 0 0 1 
39885980090001;1.1366;0.972927;0.998544 -0.00680522 -0.0535056 0.042951 0.00873327 0.999318 0.0358839 -0.0903104 0.0532249 -0.0362989 0.997923 0.275721 0 0 0 1 
39885980090002;0.639436;0.535769;0.999667 0.0201227 0.0161464 0.0287377 -0.0164953 0.979715 -0.199717 0.110566 -0.0198377 0.199384 0.979721 -0.112085 0 0 0 1 
39885980090003;0.346141;0.162289;0.956308 -0.068337 -0.284261 0.130043 -0.0197803 0.954947 -0.296116 0.024623 0.29169 0.288801 0.911872 -0.827732 0 0 0 1 
39885980090004;1.0895;0.940848;0.969305 -0.0332095 -0.243609 0.197008 -0.0208944 0.976124 -0.216206 0.183464 0.244972 0.21466 0.945468 -1.10697 0 0 0 1 
39885980090005;0.90722;0.668736;0.99974 0.0141325 -0.017868 0.0507642 -0.0153704 0.997347 -0.0711566 0.13704 0.016815 0.0714127 0.997305 -0.444695 0 0 0 1 
39885980090006;0.367469;0.0867305;0.979045 -0.0202575 -0.202632 0.0420489 -0.02572 0.974771 -0.22172 0.0987648 0.202011 0.222285 0.953824 -0.973472 0 0 0 1 
39885980090007;0.500039;0.354207;0.999624 -0.0274177 0.000117443 -0.00903358 0.0259149 0.943418 -0.330591 -0.027042 0.00895326 0.33047 0.943774 -0.361223 0 0 0 1 
39885980090008;1.30544;0.926659;0.985652 0.00145867 -0.168781 0.0732728 -0.0130983 0.997608 -0.0678703 0.132381 0.168278 0.0691073 0.983314 -1.06628 0 0 0 1 
39885980090009;1.07285;0.963962;0.999593 -0.00466105 -0.0281481 -0.0516262 0.00451042 0.999975 -0.0054125 -0.0724629 0.0281726 0.00528334 0.999589 -0.0177381 0 0 0 1 
39885980090010;0.993349;0.776077;0.999909 0.00997299 -0.00904211 0.0361877 -0.0105 0.998129 -0.0602428 0.0684335 0.00842439 0.0603323 0.998143 0.296866 0 0 0 1 
39885980090011;1.19076;0.778131;0.99753 -0.0084665 0.0697271 -0.165609 0.0257593 0.967638 -0.251023 0.132698 -0.0653453 0.2522 0.965466 -0.583988 0 0 0 1 
39885980090012;1.08018;0.617515;0.996446 -0.0446584 -0.0714217 0.158627 0.03523 0.991121 -0.128212 -0.182243 0.0765133 0.12524 0.989172 -0.965209 0 0 0 1 
39885980090013;0.734434;0.253923;0.999654 -0.00419296 -0.0259576 -0.0615169 -0.00195974 0.972577 -0.232573 -0.025216 0.026221 0.232544 0.972232 0.14982 0 0 0 1 
39885980090014;1.32795;0.952997;0.925504 0.0358533 -0.377037 0.263343 0.0395085 0.980938 0.19026 -0.0827015 0.376671 -0.190983 0.906446 -1.15457 0 0 0 1 
39885980090015;0.724355;0.153919;0.999666 -0.00649153 0.0250133 0.0512832 0.00642521 0.999976 0.00273075 -0.0606903 -0.0250304 -0.00256913 0.999683 -0.479321 0 0 0 1 
39885980090016;0.348273;0.0298011;0.980874 0.0186434 -0.193751 0.0782407 0.0231981 0.977111 0.211463 -0.00910841 0.193258 -0.211913 0.95799 -0.381176 0 0 0 1 
39885980090017;0.847163;0.523295;0.997094 -0.00826645 -0.0757328 0.109876 -0.00755942 0.978454 -0.206328 0.201735 0.0758067 0.206301 0.975548 -0.875526 0 0 0 1 
39885980090018;0.98085;0.640954;0.988369 -0.00258102 -0.152055 -0.0812222 -0.0231828 0.985613 -0.16742 0.0504501 0.1503 0.168997 0.974089 -0.00777334 0 0 0 1 
39885980090019;1.01873;0.49107;0.99861 0.0209468 0.0483732 -0.0597407 -0.0238926 0.997843 0.0611448 -0.0461927 -0.046988 -0.0622156 0.996956 0.830237 0 0 0 1 
39885980090020;0.349842;0.226286;0.978895 0.0676548 0.192842 -0.0667643 -0.0374125 0.986992 -0.156356 0.149436 -0.200911 0.145841 0.968692 0.371496 0 0 0 1 
39885980090021;0.142777;0.0453334;0.977689 -0.00919768 -0.209858 0.0655598 -0.0106198 0.995599 -0.0931109 0.0627613 0.20979 0.0932621 0.973288 -0.548875 0 0 0 1 
39885980090022;0.343863;0.200496;0.990827 0.0113469 0.134662 0.0411248 -0.00631068 0.999267 -0.0377668 -0.012441 -0.134992 0.0365706 0.990172 0.467877 0 0 0 1 
39885980090023;0.973502;0.916716;0.950406 0.0252573 -0.309983 0.115786 0.0374827 0.98013 0.194782 -0.0479131 0.308744 -0.196741 0.930575 -0.551131 0 0 0 1 
39885980090024;1.13358;0.0931763;0.998208 0.0505471 0.0320352 -0.109852 -0.0491117 0.997819 -0.0441121 -0.00404062 -0.034195 0.0424597 0.998513 -0.823215 0 0 0 1 
39885980090025;0.64818;0.412464;0.999144 -0.0340347 -0.0235199 -0.018712 0.0323724 0.997176 -0.0677687 -0.174903 0.0257599 0.0669493 0.997424 0.098716 0 0 0 1 
39885980090026;1.25567;0.323967;0.992964 -0.0297238 0.114629 0.0835819 0.0132157 0.989754 0.142168 0.0159584 -0.11768 -0.139652 0.983183 1.38715 0 0 0 1 
39885980090027;0.709211;0.352931;0.999093 0.0120683 0.0408445 -0.0380314 -0.0117304 0.999895 -0.00850309 0.0993401 -0.0409429 0.00801625 0.999129 0.522986 0 0 0 1 
39885980090028;1.02062;0.631605;0.999957 0.00424126 0.008255 0.0476932 -0.00427163 0.999984 0.00366457 0.0701606 -0.00823932 -0.00369967 0.999959 0.570694 0 0 0 1 
39885980090029;0.737875;0.369746;0.993207 0.0401153 -0.10923 -0.053307 -0.0202504 0.983961 0.177232 0.0325158 0.114588 -0.173816 0.978089 0.425968 0 0 0 1 
39885980090031;0.500388;0.189562;0.966904 0.0303979 -0.253322 0.337551 0.00522181 0.990311 0.138766 0.117211 0.255086 -0.135496 0.957378 -1.5339 0 0 0 1 
39885980090032;0.490152;0.581099;0.946291 -0.310249 -0.0909873 0.0647405 0.314273 0.948742 0.0334824 -0.460286 0.0759356 -0.0602789 0.995289 -0.341353 0 0 0 1 
39885980090033;0.259006;0.331469;0.954527 -0.197577 -0.223251 0.132117 0.212399 0.976183 0.0442072 -0.18429 0.2092 -0.0896153 0.973758 -0.802241 0 0 0 1 
39885980090034;0.13399;0.243873;0.997432 -0.0293807 -0.0653117 0.0888424 0.0265948 0.998716 -0.0431225 0.150206 0.0664948 0.0412748 0.996933 -0.248489 0 0 0 1 
39885980090035;0.310003;0.170576;0.994963 0.0557637 -0.0832991 0.321739 -0.0746391 0.966825 -0.244293 0.32631 0.0669129 0.24928 0.966117 0.261255 0 0 0 1 
39885980090036;0.791909;0.227718;0.908168 0.0184888 -0.418197 1.46204 0.0763048 0.974975 0.20881 -0.330881 0.411593 -0.221545 0.88403 -1.95931 0 0 0 1 
39885980090037;0.326129;0.36164;0.999095 0.0391246 0.0166736 0.135458 -0.0386871 0.998918 -0.0257969 0.238393 -0.0176648 0.0251285 0.999528 0.301755 0 0 0 1 
39885980090038;0.582863;0.577358;0.999965 0.00828197 0.000667161 0.0373569 -0.00826052 0.999588 -0.0274711 -0.0132313 -0.000894401 0.0274646 0.999622 -0.0865288 0 0 0 1 
39885980090039;0.172583;0.191737;0.99766 -0.0679471 -0.00755611 -0.101284 0.0677623 0.997448 -0.0224891 0.00531755 0.00906489 0.0219245 0.999719 0.135064 0 0 0 1 
39885980090040;0.259945;0.223557;0.995359 -0.0114059 0.0955488 0.257293 -0.00893848 0.977698 0.209825 0.388829 -0.0958111 -0.209706 0.973059 -0.127183 0 0 0 1 
39885980090041;0.477445;0.520713;0.992367 -0.0933912 0.0805381 0.0592237 0.0908426 0.995259 0.034757 -0.138999 -0.0834022 -0.0271754 0.996145 -0.0872873 0 0 0 1 
39885980090042;0.418217;0.253735;0.997562 0.0693679 0.00758886 0.339576 -0.0693671 0.997591 -0.000370921 0.557898 -0.00759631 -0.000156401 0.999971 0.273635 0 0 0 1 
39885980090043;0.341309;0.38402;0.992206 -0.0863662 -0.0898239 0.163776 0.108274 0.954343 0.2784 -0.18309 0.0616784 -0.285956 0.956256 -0.712397 0 0 0 1 
39885980090044;0.352045;0.322514;0.9313 -0.105084 0.348766 0.0932215 0.0308809 0.976813 0.211855 0.0994491 -0.362941 -0.186531 0.912951 0.480631 0 0 0 1 
39885980090045;0.207777;0.268517;0.979258 -0.107642 0.171657 -0.065637 0.106338 0.994188 0.0167987 -0.00215902 -0.172468 0.00180344 0.985014 0.483105 0 0 0 1 
39885980090046;0.379302;0.350334;0.952188 -0.00899315 0.305379 0.273604 0.075894 0.975197 -0.207923 -0.0215124 -0.295935 0.221158 0.929253 0.969655 0 0 0 1 
39885980090047;0.227046;0.169922;0.969933 0.0445542 0.239259 0.243755 -0.0647764 0.994899 0.0773295 0.267526 -0.234594 -0.0905028 0.967871 0.222635 0 0 0 1 
39885980090048;0.266999;0.192992;0.98968 0.0514591 0.133735 0.387378 -0.0269692 0.983505 -0.178857 0.30702 -0.140733 0.173404 0.974744 0.945638 0 0 0 1 
39885980090049;0.523967;0.210835;0.946607 -0.00324276 0.322372 0.52093 -0.0810901 0.965406 0.247822 0.345547 -0.312024 -0.260732 0.913597 1.00429 0 0 0 1 
39885980090050;0.207409;0.332223;0.999615 -0.0239461 -0.0140265 0.188117 0.0242018 0.999539 0.0183477 0.0296065 0.0135807 -0.0186801 0.999733 -0.0439366 0 0 0 1 
39885980090051;0.499446;0.167849;0.990438 0.0724758 0.117391 0.619146 -0.0556841 0.988515 -0.140487 0.49998 -0.126224 0.132606 0.983099 -0.00403044 0 0 0 1 
39885980090052;0.316512;0.34596;0.989966 0.0685685 0.123552 0.361809 -0.0481679 0.985758 -0.161125 0.450991 -0.132841 0.153557 0.97917 0.347464 0 0 0 1 
39885980090053;0.450592;0.290479;0.995659 -0.0791841 0.0489259 0.0795366 0.0817771 0.995214 -0.0534879 0.204247 -0.0444564 0.0572568 0.997369 -0.395784 0 0 0 1 
39885980090054;0.48513;0.478093;0.982278 -0.186107 -0.0222355 0.0812876 0.180232 0.90532 0.384593 -0.302727 -0.0514451 -0.381785 0.922818 -0.648845 0 0 0 1 
39885980090055;0.127893;0.293465;0.995746 -0.0778954 -0.0492223 0.159356 0.0746849 0.995151 -0.0640068 0.148156 0.0539694 0.0600583 0.996735 0.0289314 0 0 0 1 
39885980090056;0.526201;0.394412;0.961479 -0.274877 -0.00105461 0.0935582 0.271304 0.948348 0.16441 -0.225899 -0.0441926 -0.158363 0.986391 0.397026 0 0 0 1 
39885980090057;0.593626;0.348693;0.977631 0.0984333 -0.185874 1.10337 -0.0211067 0.925183 0.378935 0.194644 0.209267 -0.366535 0.906564 -0.783239 0 0 0 1 
39885980090058;0.12749;0.167295;0.986045 -0.00648779 -0.16635 0.180791 0.00128448 0.999507 -0.0313678 0.147009 0.166472 0.0307164 0.985568 -0.37015 0 0 0 1 
39885980090059;0.597495;0.323828;0.935561 -0.0818504 -0.343549 0.170508 0.00849236 0.977705 -0.209811 0.146162 0.353062 0.193374 0.915398 0.204872 0 0 0 1 
39885980090060;0.466612;0.326068;0.981597 -0.190932 0.00347777 0.01834 0.187398 0.959606 -0.209851 -0.00766991 0.03673 0.206641 0.977727 0.744896 0 0 0 1 
39885980090062;0.722072;0.645103;0.988417 0.0159092 -0.150927 -0.0307653 -0.0109143 0.999367 0.0338659 0.0652645 0.15137 -0.0318264 0.987965 -0.285714 0 0 0 1 
39885980090063;0.21414;0.060225;0.998303 0.0248489 0.0526581 0.0151067 -0.00210239 0.919157 -0.393885 0.156807 -0.0581886 0.393106 0.91765 -0.338185 0 0 0 1 
39885980090064;0.937509;0.643589;0.999602 0.0081931 0.0269901 -0.076265 -0.0029258 0.98184 -0.189687 0.0872173 -0.0280541 0.189533 0.981474 -0.687516 0 0 0 1 
39885980090065;0.614008;0.379165;0.942366 0.114601 0.314344 -0.107993 -0.0206328 0.957628 -0.287269 0.194085 -0.333946 0.264227 0.904801 0.466292 0 0 0 1 
39885980090066;0.857809;0.44763;0.999002 0.00485223 0.0444027 -0.0206692 -0.000666751 0.995591 -0.0937951 -0.00574442 -0.0446621 0.0936718 0.994601 0.5979 0 0 0 1 
39885980090067;0.711929;0.609408;0.993424 -0.00477923 -0.114395 0.0882968 -0.0105318 0.991078 -0.132865 0.101894 0.11401 0.133196 0.98451 -0.590565 0 0 0 1 
39885980090068;0.589386;0.100027;0.999986 0.00515048 0.00136861 0.0492146 -0.00515624 0.999978 0.00423474 0.0732077 -0.00134677 -0.00424174 0.99999 0.488205 0 0 0 1 
39885980090069;0.410197;0.185792;0.998835 0.00417849 -0.0480733 0.0642843 -0.00330686 0.999829 0.0181965 0.058337 0.0481412 -0.0180163 0.998678 -0.369843 0 0 0 1 
39885980090070;0.483885;0.255287;0.93504 0.0865726 0.34381 -0.00605728 -0.0969306 0.995206 0.0130202 0.247653 -0.341035 -0.0455001 0.938949 1.11642 0 0 0 1 
39885980090071;0.64931;0.604377;0.97658 -0.0502663 -0.2092 0.109853 -0.023428 0.941701 -0.335635 0.137116 0.213875 0.332676 0.918468 -0.824769 0 0 0 1 
39885980090072;0.398606;0.339389;0.999234 -0.0162291 0.0355974 -0.0321557 0.00813515 0.976204 0.216701 -0.0598104 -0.0382672 -0.216246 0.975589 0.375544 0 0 0 1 
39885980090073;0.928997;0.727971;0.955487 0.089011 -0.281287 0.036626 -0.0822352 0.995969 0.0358263 0.3232 0.283342 -0.0110998 0.958955 -0.428162 0 0 0 1 
39885980090074;0.42064;0.243162;0.913715 0.0257562 0.405539 0.148233 0.00951567 0.996359 -0.0847195 -0.0326814 -0.406244 0.0812684 0.910143 1.04359 0 0 0 1 
39885980090075;0.428471;0.220352;0.947802 0.0442639 0.315772 0.0379396 -0.10134 0.980788 0.166691 0.321658 -0.302327 -0.189991 0.934078 1.17766 0 0 0 1 
39885980090076;0.878954;0.747337;0.994003 0.0039297 0.109278 -0.0102035 -0.00376931 0.999991 -0.00167428 0.0586827 -0.109284 0.00125234 0.99401 0.682343 0 0 0 1 
39885980090077;0.395145;0.404757;0.999958 9.03659e-05 0.00915591 -0.010745 0.0017623 0.979356 -0.202135 -0.0243361 -0.00898516 0.202143 0.979315 -0.212299 0 0 0 1 
39885980090078;1.1758;0.185185;0.999275 -0.028425 0.025342 -0.041232 0.0296807 0.998276 -0.0506317 -0.144872 -0.0238591 0.0513471 0.998396 -0.967577 0 0 0 1 
39885980090079;1.02505;0.855495;0.96487 -0.0351896 -0.26036 -0.00878399 -0.0344423 0.965495 -0.258134 0.00937142 0.26046 0.258033 0.930365 -0.496898 0 0 0 1 
39885980090080;0.475546;0.077745;0.999969 -0.00633886 -0.00475627 0.0578654 0.00624621 0.999795 -0.0192485 -0.0628242 0.00487731 0.0192182 0.999803 -0.417088 0 0 0 1 
39885980090081;0.321616;0.0890522;0.945172 0.00126405 0.326572 0.153398 0.00576075 0.999772 -0.0205427 -0.061865 -0.326523 0.0212976 0.944949 0.958015 0 0 0 1 
39885980090082;1.0641;0.503465;0.969712 0.0731221 0.233048 -0.312108 -0.0798544 0.996614 0.0195721 0.0866372 -0.230828 -0.0375892 0.972268 -0.00685359 0 0 0 1 
39885980090083;0.893927;0.201427;0.94579 0.0214123 0.324072 -0.159837 -0.129109 0.940381 0.314666 0.0336183 -0.298014 -0.339448 0.892167 0.778619 0 0 0 1 
39885980090084;0.543877;0.472156;0.995954 -0.0246111 -0.0864295 0.0669114 0.0106313 0.987282 -0.158624 -0.105873 0.0892342 0.157064 0.983549 -0.346279 0 0 0 1 
39885980090085;0.738131;0.610195;0.879741 0.0874493 0.467342 0.0759389 -0.106761 0.994173 0.0149396 0.171815 -0.463312 -0.0630366 0.88395 0.97211 0 0 0 1 
39885980090086;0.60161;0.0967755;0.999905 0.0117771 0.00711236 0.0335701 -0.0120651 0.999048 0.0419137 0.0130339 -0.00661197 -0.0419956 0.999096 0.583681 0 0 0 1 
39885980090087;0.217577;0.109111;0.999587 -0.00393876 -0.0284522 -0.046163 0.00458229 0.999734 0.0225882 -0.0754105 0.0283557 -0.0227093 0.99934 -0.117046 0 0 0 1 
39885980090088;0.201974;0.150587;0.998968 -0.0160601 0.0424746 0.0388642 0.02528 0.973707 -0.226397 -0.0440018 -0.0377219 0.227237 0.973109 -0.240738 0 0 0 1 
39885980090089;0.645809;0.254914;0.914003 0.00433424 -0.405684 0.324553 0.031212 0.996228 0.0809639 -0.161732 0.404504 -0.0866635 0.910421 -1.31967 0 0 0 1 
39885980090090;0.450371;0.27754;0.962629 0.0584748 0.264434 -0.00900142 -0.0730035 0.996296 0.0454446 0.206145 -0.260798 -0.063051 0.963332 0.930603 0 0 0 1 
39885980090091;0.498519;0.197959;0.996728 0.00549321 -0.0806441 0.0229191 0.00251235 0.995101 0.0988345 -0.0185239 0.080792 -0.0987137 0.991831 0.293807 0 0 0 1 
39885980090093;0.227552;0.10006;0.981425 -0.018055 0.190993 0.0132025 0.00772309 0.998473 0.0547026 0.0903972 -0.191689 -0.0522114 0.980066 0.465003 0 0 0 1 
39885980090094;0.336698;0.375359;0.98588 -0.100775 0.133735 0.404186 0.10406 0.994412 -0.0177884 0.139449 -0.131195 0.0314537 0.990857 -0.0787418 0 0 0 1 
39885980090095;0.148785;0.181764;0.986284 0.0155625 -0.164324 -0.0926439 -0.0236299 0.998603 -0.047254 0.201262 0.163359 0.0504888 0.985274 -0.156231 0 0 0 1 
39885980090096;0.662123;0.401262;0.973585 0.10394 -0.203296 -0.17183 -0.0425336 0.957352 0.285777 0.0853659 0.22433 -0.269581 0.936484 0.194129 0 0 0 1 
39885980090097;0.657715;0.490725;0.975253 0.0471801 0.215998 -0.314635 -0.0440771 0.998844 -0.0191633 -0.275364 -0.216653 0.00916852 0.976206 -0.0708247 0 0 0 1 
39885980090098;0.630821;0.2107;0.999791 0.0179442 -0.00981715 -0.22732 -0.0200966 0.951119 -0.308171 -0.0618416 0.00380742 0.308303 0.95128 -0.279564 0 0 0 1 
39885980090099;0.628543;0.565705;0.956313 0.0785524 0.281593 -0.232861 -0.0687729 0.996641 -0.0444619 0.90196 -0.284139 0.0231535 0.958503 0.605039 0 0 0 1 
39885980090100;0.425699;0.284049;0.972681 0.156677 0.171299 -0.820343 -0.131298 0.97983 -0.150644 0.277585 -0.191446 0.124037 0.973634 -0.53545 0 0 0 1 
39885980090101;0.696606;0.550897;0.99966 0.0179951 -0.0188881 -0.132759 -0.013693 0.978194 0.207239 0.0202673 0.0222055 -0.20691 0.978108 1.14729 0 0 0 1 
39885980090102;0.122477;0.0709454;0.999878 0.014 0.00695968 -0.10494 -0.0140945 0.999806 0.0137293 0.0740662 -0.00676612 -0.0138257 0.999882 0.12324 0 0 0 1 
39885980090103;0.717527;0.504602;0.968074 0.145232 0.204304 -0.773052 -0.134889 0.988808 -0.0637444 0.276338 -0.211275 0.0341509 0.97683 0.202789 0 0 0 1 
39885980090104;0.685443;0.530677;0.999601 -0.0273748 -0.00696476 0.221288 0.0275284 0.999356 0.0230069 -0.16249 0.00633047 -0.0231895 0.999711 -0.161813 0 0 0 1 
39885980090105;0.47354;0.452282;0.999843 0.00455568 0.0171361 -0.0380718 -0.00510548 0.999469 0.032178 -0.0284751 -0.0169804 -0.0322605 0.999335 0.16222 0 0 0 1 
39885980090106;0.459683;0.170025;0.954701 0.153702 -0.254798 -0.527966 -0.124263 0.983964 0.127956 0.236328 0.270379 -0.0904973 0.958491 -0.408963 0 0 0 1 
39885980090107;0.891834;0.8288;0.978959 -0.182252 0.0917791 0.587656 0.180957 0.983238 0.0223107 -0.0286045 -0.0943068 -0.0052332 0.995529 0.175882 0 0 0 1 
39885980090108;0.424446;0.281526;0.904203 -0.182719 0.386045 0.490084 0.174988 0.98301 0.0554087 0.218032 -0.389611 0.0174524 0.920814 0.202797 0 0 0 1 
39885980090109;0.495711;0.297834;0.984797 0.173137 -0.0140699 -0.859886 -0.172334 0.983966 0.0459657 0.266794 0.0218027 -0.0428422 0.998844 0.351946 0 0 0 1 
39885980090110;0.968235;0.61179;0.99027 -0.0344319 0.134836 0.147835 -0.000398169 0.968203 0.250166 -0.10865 -0.139162 -0.247785 0.958768 1.94109 0 0 0 1 
39885980090111;0.425117;0.0861959;0.999202 0.0341828 0.0206731 -0.251391 -0.0348759 0.998808 0.0341488 0.172998 -0.0194812 -0.0348425 0.999203 0.681022 0 0 0 1 
39885980090112;0.465914;0.268186;0.994362 0.102943 0.0254307 -0.469117 -0.0924848 0.959277 -0.266896 0.429221 -0.0518702 0.26304 0.96339 -0.939502 0 0 0 1 
39885980090113;0.34947;0.0651026;0.995796 0.0880749 0.0251507 -0.489075 -0.0911805 0.927071 0.363629 0.444534 0.00871011 -0.364394 0.931204 1.53576 0 0 0 1 
39885980090114;0.0961654;0.0285066;0.997628 0.0471537 -0.0501424 -0.213474 -0.0464586 0.998809 0.0149377 0.0673509 0.050787 -0.0125727 0.99863 -0.0939655 0 0 0 1 
39885980090115;0.726185;0.351483;0.985005 -0.081774 -0.151915 0.139531 0.0780716 0.996491 -0.0301889 0.331812 0.153851 0.0178759 0.987932 0.759368 0 0 0 1 
39885980090116;0.788969;0.677374;0.997353 -0.0619196 -0.0381201 0.187601 0.0600725 0.997047 -0.0478292 0.532179 0.0409691 0.0454126 0.998128 0.600974 0 0 0 1 
39885980090117;0.478045;0.20043;0.995895 0.0433201 0.0794784 -0.291523 -0.0451492 0.998752 0.0213629 0.176684 -0.0784537 -0.0248636 0.996608 0.743073 0 0 0 1 
39885980090118;0.326438;0.330909;0.994912 -0.0975204 0.0252911 0.340811 0.0968182 0.994918 0.027646 0.201414 -0.0278586 -0.0250567 0.999298 0.319527 0 0 0 1 
39885980090119;0.735474;0.413931;0.984 -0.0747328 0.16174 0.346052 0.0797709 0.996503 -0.0248743 0.104428 -0.159315 0.0373784 0.98652 0.836124 0 0 0 1 
39885980090120;0.723848;0.210772;0.991717 -0.0461177 0.11988 0.107957 0.0554319 0.995599 -0.0755588 0.439665 -0.115868 0.0815781 0.989909 0.552212 0 0 0 1 
39885980090121;0.394688;0.328991;0.997299 0.0688793 -0.0254976 -0.32635 -0.0717224 0.988103 -0.136044 -0.00425799 0.0158236 0.137505 0.990375 -0.209425 0 0 0 1 
39885980090122;0.722168;0.311401;0.993068 0.11032 0.0405574 -0.624126 -0.109932 0.99387 -0.011679 0.0197902 -0.0415972 0.00713945 0.999109 0.930314 0 0 0 1 
39885980090124;0.340489;0.148239;0.994619 0.0996663 -0.0282901 0.360227 -0.100603 0.994349 -0.0338886 -0.625475 0.0247526 0.0365523 0.999025 0.0592772 0 0 0 1 
39885980090125;0.370091;0.119563;0.968442 0.024863 0.247994 -0.13012 -0.0522871 0.993137 0.104618 -0.282324 -0.243691 -0.114283 0.963096 -0.967113 0 0 0 1 
39885980090126;0.34208;0.106264;0.935549 0.24593 0.25351 0.783305 -0.253302 0.96738 -0.00367382 -0.519632 -0.246144 -0.0607776 0.967326 -0.457139 0 0 0 1 
39885980090127;0.0863411;0.0170564;0.995925 -0.00554707 -0.0900159 0.0299091 0.0103352 0.998551 0.0528132 -0.00011744 0.0895925 -0.0535283 0.994539 0.00562403 0 0 0 1 
39885980090128;0.358883;0.0629321;0.986468 0.150897 0.0641225 0.651264 -0.153414 0.987495 0.0363106 0.0402968 -0.0578415 -0.0456566 0.997281 0.289287 0 0 0 1 
39885980090129;0.382249;0.250928;0.989929 0.141222 0.00983853 0.522825 -0.141204 0.989977 -0.00254836 -0.275537 -0.0100998 0.00113345 0.999948 -0.0269381 0 0 0 1 
39885980090130;0.323168;0.113217;0.98654 0.158853 -0.0387766 0.676667 -0.162493 0.978893 -0.123951 -0.0333854 0.0182681 0.128584 0.99153 0.254664 0 0 0 1 
39885980090131;0.505537;0.221855;0.998426 0.0496159 -0.0261596 -0.0343445 -0.0512456 0.996514 -0.0658237 -0.586727 0.0228026 0.0670607 0.997488 -0.178967 0 0 0 1 
39885980090132;0.44134;0.351918;0.999454 -0.0120841 -0.0307449 -0.101205 0.00875998 0.994323 -0.106044 0.10832 0.0318518 0.105717 0.993886 0.800069 0 0 0 1 
39885980090133;0.275576;0.218649;0.99987 -0.0129689 -0.00956836 -0.120446 0.0129548 0.999915 -0.00152411 -0.0941462 0.00958731 0.00139996 0.999953 -0.135074 0 0 0 1 
39885980090134;0.264805;0.145003;0.995435 -0.015324 0.0941986 -0.0993953 0.0388564 0.966589 -0.25337 -0.0454958 -0.0871687 0.255873 0.962772 0.970796 0 0 0 1 
39885980090135;0.321182;0.266368;0.993779 0.102863 0.0426831 0.432896 -0.0965242 0.986726 -0.130593 -0.0785935 -0.0555498 0.125661 0.990517 0.691442 0 0 0 1 
39885980090136;0.536598;0.0660708;0.993113 0.0327731 -0.112481 -0.195825 -0.0480771 0.989519 -0.136168 0.121539 0.10684 0.140638 0.98428 1.52076 0 0 0 1 
39885980090137;0.239766;0.193646;0.99988 0.0154129 0.00148159 -0.0802143 -0.0153492 0.999227 -0.0362005 0.188808 -0.0020384 0.0361734 0.999343 0.0962981 0 0 0 1 
39885980090138;0.366462;0.140061;0.96644 -0.228897 -0.116618 -0.866091 0.220918 0.972212 -0.0774555 0.175131 0.131107 0.049093 0.990152 0.118864 0 0 0 1 
39885980090139;0.522118;0.352415;0.992438 0.115971 0.0402245 0.38896 -0.118293 0.991093 0.0611634 -0.623683 -0.032773 -0.0654591 0.997317 0.180738 0 0 0 1 
39885980090140;0.328612;0.0186705;0.977899 -0.0325881 -0.206522 -0.146045 0.0156563 0.996419 -0.0830957 0.0503173 0.20849 0.0780259 0.974907 1.09111 0 0 0 1 
39885980090141;0.0802768;0.0104051;0.99906 -0.0160762 0.0402514 -0.1577 0.014306 0.998934 0.0438878 -0.0496494 -0.040914 -0.0432707 0.998225 -0.132314 0 0 0 1 
39885980090142;0.374391;0.103484;0.953598 0.193447 -0.230715 0.812472 -0.126367 0.952675 0.27648 -0.495111 0.273281 -0.234496 0.932914 -0.662947 0 0 0 1 
39885980090143;0.228673;0.12809;0.995956 0.0754442 -0.0487782 0.227366 -0.0758324 0.997102 -0.00615428 -0.0415802 0.0481725 0.00982836 0.998791 -0.142389 0 0 0 1 
39885980090144;0.446317;0.182175;0.972488 0.232846 0.00704891 0.845254 -0.232943 0.972284 0.020055 -0.464693 -0.0021838 -0.0211453 0.999774 0.256103 0 0 0 1 
39885980090145;0.0431272;0.0222706;0.999783 -0.00148591 0.0207712 -0.0630439 0.000834978 0.999509 0.0313119 -0.00564468 -0.0208075 -0.0312877 0.999294 -0.144422 0 0 0 1 
39885980090146;0.329175;0.166756;0.99593 -0.0897791 -0.00795454 -0.221557 0.0900038 0.995329 0.0349289 0.364821 0.0047815 -0.0355027 0.999358 0.0271581 0 0 0 1 
39885980090147;0.155218;0.0238106;0.999317 0.0337652 0.0149858 -0.0104693 -0.0345309 0.997934 0.0541745 -0.0816177 -0.0131256 -0.054655 0.998419 0.0309017 0 0 0 1 
39885980090148;0.427209;0.0602891;0.992417 0.122915 0.000423578 0.295502 -0.119541 0.96597 -0.229372 -0.431968 -0.0286024 0.227582 0.973339 1.49083 0 0 0 1 
39885980090149;0.211483;0.106507;0.99656 -0.0807949 0.0184251 -0.382127 0.0804353 0.996569 0.0194866 0.145354 -0.0199363 -0.0179375 0.99964 0.0303488 0 0 0 1 
39885980090150;0.560906;0.175853;0.969624 0.166104 -0.179553 0.756227 -0.183823 0.979109 -0.0869116 0.453517 0.161365 0.117277 0.979902 0.212973 0 0 0 1 
39885980090151;0.283425;0.0797548;0.962632 0.224374 0.151641 0.675918 -0.176411 0.944394 -0.277488 -0.347583 -0.20547 0.240368 0.948686 0.643166 0 0 0 1 
39885980090152;0.461176;0.22184;0.96954 -0.206371 0.131918 -0.948488 0.202652 0.978385 0.0411676 0.228479 -0.137563 -0.0131801 0.990405 -0.369858 0 0 0 1 
39885980090153;0.364593;0.0160603;0.993773 0.100749 0.0475835 0.00737839 -0.103562 0.992757 0.0609034 -0.572915 -0.0411028 -0.065452 0.997009 -0.684794 0 0 0 1 
39885980090155;0.220386;0.435695;0.999356 -0.0354049 -0.00577844 0.0271495 0.0353782 0.999363 -0.00465872 0.214206 0.0059397 0.00445129 0.999972 -0.00116814 0 0 0 1 
39885980090156;0.547565;0.577864;0.962748 -0.054455 0.264859 0.3297 0.018479 0.990472 0.136471 0.22783 -0.269767 -0.126492 0.954581 1.30487 0 0 0 1 
39885980090157;0.178395;0.146219;0.999912 0.00500135 0.0122659 0.000323987 -0.00500402 0.999987 0.000187212 0.0175945 -0.0122649 -0.000248575 0.999925 -0.0612186 0 0 0 1 
39885980090158;0.913519;0.514365;0.912396 -0.0036338 0.409292 0.529178 -0.0601328 0.98792 0.142819 0.52847 -0.404867 -0.15492 0.901156 2.05879 0 0 0 1 
39885980090159;0.31181;0.224452;0.999676 -0.0105838 -0.0231341 -0.0170618 -0.000917507 0.893762 -0.448541 0.076304 0.0254237 0.448417 0.893463 -0.221842 0 0 0 1 
39885980090160;0.529179;0.0982434;0.999661 -0.00270584 -0.0259072 -0.135728 0.0034264 0.999607 0.027809 0.0330999 0.0258218 -0.0278884 0.999277 0.449977 0 0 0 1 
39885980090161;0.588623;0.517102;0.983455 -0.0864421 0.159198 0.13523 0.0647925 0.98852 0.136492 0.217228 -0.169169 -0.123919 0.977766 1.11564 0 0 0 1 
39885980090162;0.825722;0.623981;0.983876 -0.169227 -0.0578812 0.347344 0.169109 0.985573 -0.00696845 0.0535424 0.0582253 -0.00293213 0.998299 -0.920291 0 0 0 1 
39885980090163;0.504725;0.160539;0.998197 0.05963 -0.00690764 0.145247 -0.0593217 0.997496 0.0385034 0.688174 0.00918631 -0.0380242 0.999235 0.0187852 0 0 0 1 
39885980090164;0.244441;0.0575597;0.996776 0.00965082 -0.0796516 0.0260813 -0.000206464 0.993045 0.117736 -0.0151056 0.0802339 -0.11734 0.989845 -0.411414 0 0 0 1 
39885980090165;0.707584;0.0382804;0.999504 0.0294923 0.0110451 -0.180595 -0.0296655 0.999434 0.0158581 0.321325 -0.0105712 -0.0161779 0.999813 -0.628943 0 0 0 1 
39885980090166;0.507941;0.466036;0.984864 0.0719992 0.157667 -0.00880374 -0.0570958 0.993636 -0.0970995 0.79009 -0.163654 0.0866277 0.982707 0.812699 0 0 0 1 
39885980090167;0.79424;0.661735;0.989584 -0.116115 -0.0850965 0.198807 0.108446 0.990038 -0.0898022 0.4481 0.0946761 0.0796384 0.992318 0.377897 0 0 0 1 
39885980090168;0.994365;0.363028;0.995639 0.0929375 -0.00815442 0.242123 -0.093133 0.995252 -0.0282638 0.997964 0.00548894 0.0289 0.999567 0.759017 0 0 0 1 
39885980090169;0.602224;0.367875;0.977357 0.141291 -0.157512 -0.0923617 -0.155067 0.984753 -0.078846 1.34032 0.14397 0.101486 0.984364 -0.68956 0 0 0 1 
39885980090170;0.878287;0.805948;0.983088 -0.0319683 -0.180323 -0.00147921 0.0719447 0.9729 0.21975 0.380695 0.168411 -0.229007 0.958746 0.367709 0 0 0 1 
39885980090171;0.174618;0.080643;0.991363 0.0638311 -0.114568 -0.0170167 -0.0613901 0.997808 0.0247134 0.284256 0.115894 -0.0174666 0.993108 -0.434371 0 0 0 1 
39885980090172;0.809772;0.0603148;0.999822 0.0159627 -0.0100476 -0.303116 -0.0157692 0.999694 0.0190438 0.22167 0.0103485 -0.0188819 0.999768 0.718613 0 0 0 1 
39885980090173;0.12527;0.348006;0.998713 0.00252954 -0.0506546 -0.0240016 -0.00796175 0.994192 -0.107328 0.422056 0.0500889 0.107593 0.992932 -0.214993 0 0 0 1 
39885980090174;1.08358;0.571776;0.954128 0.0614285 0.293028 -0.00178347 -0.0817888 0.994976 0.0577324 0.800521 -0.288009 -0.0790506 0.954359 1.92242 0 0 0 1 
39885980090175;0.382051;0.0568291;0.999995 0.00239121 -0.00207282 -0.0646601 -0.00235731 0.999866 0.0162082 0.0434739 0.0021113 -0.0162032 0.999866 0.401085 0 0 0 1 
39885980090176;1.01834;1.05279;0.955576 -0.0458265 0.291162 -0.0278943 0.0568704 0.997943 -0.029577 0.22221 -0.289208 0.0448216 0.956216 1.41286 0 0 0 1 
39885980090177;0.304463;0.141236;0.999225 0.00756203 0.0386237 0.118658 -0.00800873 0.999903 0.0114238 0.157382 -0.0385336 -0.0117243 0.999189 -0.093433 0 0 0 1 
39885980090178;0.543046;0.332794;0.995676 0.0269362 0.0888979 -0.211842 -0.0225017 0.99847 -0.0505145 0.227606 -0.0901226 0.0482957 0.994759 0.674598 0 0 0 1 
39885980090179;0.361753;0.0807216;0.990149 -0.0116448 -0.139535 -0.0857132 0.00793059 0.9996 -0.0271452 0.000570071 0.139796 0.0257712 0.989845 -0.0858717 0 0 0 1 
39885980090180;0.25283;0.402612;0.99812 -0.0165518 -0.0590147 0.0571931 0.0176852 0.999668 0.0187348 0.341833 0.0586851 -0.0197433 0.998081 -0.00333724 0 0 0 1 
39885980090181;0.881259;0.978372;0.981088 -0.00434054 -0.193514 -0.069853 0.0291202 0.99168 0.125392 0.151511 0.19136 -0.128655 0.973052 -0.0251615 0 0 0 1 
39885980090182;0.669254;0.404995;0.999376 0.0337017 0.0105329 0.017863 -0.0339523 0.999121 0.0245994 0.198638 -0.00969462 -0.0249417 0.999642 -0.516796 0 0 0 1 
39885980090183;0.198594;0.265496;0.969047 0.0218417 0.245907 0.0804989 -0.0325528 0.998686 0.0395766 0.368034 -0.244719 -0.0463565 0.968485 0.913826 0 0 0 1 
39885980090184;0.838159;0.418134;0.999887 0.00556365 0.0139831 -0.083495 -0.00044057 0.939577 -0.342338 0.270396 -0.0150429 0.342293 0.939473 -0.709468 0 0 0 1 
39885980090186;1.03403;0.73147;0.996131 -0.0802991 0.0357049 0.111931 0.0814633 0.996148 -0.032441 -0.949841 -0.0329624 0.0352241 0.998836 -0.639 0 0 0 1 
39885980090187;0.391456;0.046045;0.998802 0.0093022 0.0480358 -0.060617 -0.0131295 0.996709 0.0799867 -0.0669208 -0.0471337 -0.0805216 0.995638 -0.130232 0 0 0 1 
39885980090188;0.19321;0.0867175;0.995069 -0.000282019 -0.0991884 -0.0157172 -0.00974842 0.994877 -0.100626 0.00466574 0.0987086 0.101097 0.989968 -0.558373 0 0 0 1 
39885980090189;0.694654;0.39559;0.97414 -0.00795806 0.225807 0.105021 -0.0058971 0.998144 0.0606177 0.00243731 -0.22587 -0.0603817 0.972284 1.2551 0 0 0 1 
39885980090190;0.710931;0.0946631;0.999093 0.0194129 -0.0379001 -0.0807291 -0.00989793 0.97153 0.236708 0.108655 0.0414163 -0.236118 0.970841 0.706173 0 0 0 1 
39885980090191;0.303973;0.236646;0.99975 0.00288438 0.0221901 -0.0829424 -0.00288217 0.999996 -0.0001316 -0.0827208 -0.0221903 6.76115e-05 0.999754 -0.122191 0 0 0 1 
39885980090192;0.937341;0.239853;0.99792 -0.0623999 0.0161972 0.0715869 0.0624653 0.998041 -0.00356165 -0.761495 -0.0159432 0.004566 0.999862 0.764865 0 0 0 1 
39885980090193;0.0973903;0.0898815;0.999943 0.00755336 0.00751048 -0.0155599 -0.00758397 0.999963 0.00405558 0.0285467 -0.00747957 -0.00411231 0.999964 0.0385577 0 0 0 1 
39885980090194;0.330993;0.246454;0.999679 -0.0140264 0.0211174 -0.0165162 0.0149594 0.998889 -0.0446878 -0.114638 -0.0204671 0.0449893 0.998778 0.118643 0 0 0 1 
39885980090195;0.913121;0.230936;0.998896 0.0469591 0.000894987 -0.0983472 -0.0468453 0.997487 -0.0531512 0.196567 -0.00338867 0.0530506 0.998586 -0.84505 0 0 0 1 
39885980090196;0.843835;0.205725;0.994853 0.071088 0.0722019 -0.118276 -0.0732679 0.996919 0.0280022 0.144167 -0.0699888 -0.0331482 0.996997 -0.516143 0 0 0 1 
39885980090197;0.709255;0.0853093;0.999255 0.0193947 0.0333711 -0.074268 -0.0238911 0.989848 0.140107 -0.125615 -0.0303149 -0.140799 0.989574 -0.419523 0 0 0 1 
39885980090198;1.04503;0.583821;0.998665 -0.0245932 -0.0454271 -0.0599986 0.0194139 0.993616 -0.111129 -0.149546 0.0478702 0.110099 0.992767 0.637034 0 0 0 1 
39885980090199;0.0833687;0.0791317;0.999121 -0.0028362 0.0418187 -0.0414334 0.00262729 0.999984 0.00504971 -0.0900503 -0.0418324 -0.0049354 0.999112 0.106617 0 0 0 1 
39885980090200;1.06244;0.617752;0.999711 -0.0181437 -0.0157636 -0.0633203 0.0178337 0.999649 -0.0195882 -0.0499807 0.0161135 0.0193014 0.999684 0.759943 0 0 0 1 
39885980090201;0.454509;0.323506;0.977323 -0.0288477 -0.20978 -0.00319514 0.023423 0.999325 -0.0282982 -0.100578 0.210455 0.0227427 0.977339 -0.414991 0 0 0 1 
39885980090202;0.602175;0.323293;0.921768 0.0177095 -0.387337 -0.0340373 0.00575228 0.998222 0.0593288 -0.0918063 0.387699 -0.0569155 0.920027 -0.941509 0 0 0 1 
39885980090203;0.367742;0.220431;0.912858 0.00411737 0.408257 0.183195 -0.0706674 0.98645 0.148063 0.207073 -0.402115 -0.164011 0.900779 1.54319 0 0 0 1 
39885980090204;1.06319;0.382128;0.975115 0.00772082 0.221565 0.0656475 0.0121576 0.996027 -0.0882143 -0.370907 -0.221366 0.0887128 0.971147 1.6098 0 0 0 1 
39885980090205;0.675409;0.244751;0.999356 0.0358166 0.00232351 -0.310155 -0.0355244 0.996288 -0.078407 -0.28996 -0.00512316 0.0782739 0.996919 -0.298793 0 0 0 1 
39885980090206;0.947378;0.0319612;0.996287 0.0359673 0.0782211 -0.149748 -0.0420224 0.99613 0.0771944 -0.124552 -0.075142 -0.0801949 0.993943 1.13534 0 0 0 1 
39885980090207;0.975527;0.510479;0.997271 -0.0651584 -0.0347056 -0.18554 0.0660518 0.997497 0.0252508 -0.365474 0.0329734 -0.0274742 0.999079 -0.915582 0 0 0 1 
39885980090208;0.357335;0.350559;0.970277 0.0604203 0.234332 -0.202328 -0.0421699 0.995729 -0.0821303 -0.0104779 -0.238293 0.0698074 0.968681 0.478939 0 0 0 1 
39885980090209;0.567849;0.178802;0.990659 0.136164 0.00732869 -0.440239 -0.136208 0.990663 0.00590988 0.18086 -0.00645554 -0.00685291 0.999956 0.13958 0 0 0 1 
39885980090210;0.29383;0.162372;0.977668 0.00072082 0.210154 0.0388715 -0.018217 0.996521 0.0813303 -0.048072 -0.209364 -0.0833424 0.97428 0.966086 0 0 0 1 
39885980090211;0.573799;0.397993;0.997672 0.0390106 0.0559298 -0.150745 -0.0128589 0.91311 -0.40751 0.0724327 -0.0669673 0.405843 0.911486 0.00286055 0 0 0 1 
39885980090212;0.324919;0.240318;0.997132 0.056617 -0.0502296 -0.130305 -0.052595 0.99556 0.0780707 0.00595249 0.0544267 -0.0752049 0.995682 0.139295 0 0 0 1 
39885980090213;0.920265;0.26349;0.991258 -0.0571308 -0.118924 -0.0134778 0.065088 0.995816 0.0641356 -0.52676 0.114762 -0.0713155 0.99083 0.458354 0 0 0 1 
39885980090214;0.527822;0.659617;0.9989 0.00970833 0.0458857 -0.278894 -0.0105194 0.999792 0.0174677 -0.249717 -0.0457066 -0.0179312 0.998794 0.465714 0 0 0 1 
39885980090215;0.58213;0.57016;0.996589 -0.000804188 0.0825264 0.0146149 0.00405251 0.999223 -0.0392011 -0.0122935 -0.0824308 0.0394018 0.995818 0.261846 0 0 0 1 
39885980090217;1.03417;0.892779;0.999433 0.0304756 -0.0142893 0.0247591 -0.0311892 0.998123 -0.0526997 0.165727 0.0126565 0.0531155 0.998508 -0.556203 0 0 0 1 
39885980090218;0.202378;0.174339;0.999613 0.00587077 -0.0271799 -0.032447 -0.00564398 0.999949 0.00841338 0.0405724 0.0272279 -0.00825672 0.999595 -0.155516 0 0 0 1 
39885980090219;0.470141;0.540606;0.993385 -0.0370349 0.108693 0.0690749 0.0297968 0.997276 0.0674766 0.0394567 -0.110896 -0.0637916 0.991783 0.436258 0 0 0 1 
39885980090220;1.3181;0.760211;0.974769 0.0901685 -0.204192 0.168023 -0.104136 0.992829 -0.0587003 0.844859 0.197435 0.0784829 0.977169 -0.421365 0 0 0 1 
39885980090221;1.15923;1.00134;0.934734 -0.0443709 0.352566 0.00646979 0.100932 0.984461 -0.143699 -0.236128 -0.340711 0.169906 0.924688 0.739504 0 0 0 1 
39885980090222;0.407338;0.337331;0.976286 0.0202989 0.215529 0.0579131 -0.0443861 0.993212 0.107514 0.263805 -0.211884 -0.114531 0.970561 0.89193 0 0 0 1 
39885980090223;0.517255;0.506169;0.980573 -0.00800681 0.195992 0.0951615 -0.0106724 0.995509 0.0940647 0.123994 -0.195865 -0.094329 0.976084 0.826583 0 0 0 1 
39885980090224;1.08029;1.09389;0.992006 -0.0190857 0.124738 0.0338898 0.00710099 0.995373 0.0958259 -0.0137094 -0.12599 -0.0941741 0.987551 0.53933 0 0 0 1 
39885980090225;0.715361;0.436682;0.996129 -0.0223772 -0.0850082 0.0264468 -0.000205442 0.966461 -0.256814 0.0549829 0.0879039 0.255837 0.962715 0.14739 0 0 0 1 
39885980090226;0.549209;0.448266;0.955553 -0.0345812 0.292783 0.110736 0.00281225 0.994121 0.108239 -0.0369429 -0.294805 -0.102605 0.950033 1.0057 0 0 0 1 
39885980090227;1.15995;0.719186;0.990348 0.138408 -0.00738489 0.258537 -0.137821 0.989006 0.0536007 0.748414 0.0147225 -0.0520655 0.998535 -0.488966 0 0 0 1 
39885980090228;0.215505;0.0960184;0.997393 0.0431281 0.0578465 -0.0291954 -0.0424011 0.999006 -0.0137383 0.169527 -0.0583815 0.0112498 0.998231 0.0127735 0 0 0 1 
39885980090229;0.121617;0.130537;0.999971 0.00759482 -0.000591573 -0.0153072 -0.00754865 0.99834 0.0570993 0.0285163 0.00102425 -0.0570932 0.998368 -0.0162009 0 0 0 1 
39885980090230;1.03093;0.909899;0.999422 0.033949 0.0017838 0.0639515 -0.0339615 0.999395 0.00749384 0.235545 -0.00152832 -0.00755009 0.99997 0.514956 0 0 0 1 
39885980090231;0.888653;0.854472;0.993312 -0.0112388 0.114914 0.0169229 -0.00335749 0.992019 0.126043 0.0254155 -0.115414 -0.125586 0.985347 0.534099 0 0 0 1 
39885980090232;0.59802;0.609118;0.981464 0.00232508 -0.191631 0.166374 -0.063179 0.947953 -0.312078 0.391109 0.180932 0.318401 0.930529 -0.40966 0 0 0 1 
39885980090233;0.0427632;0.0690847;0.999726 0.0230202 0.00422013 -0.0266375 -0.0230357 0.999728 0.00364987 0.117979 -0.00413496 -0.00374608 0.999984 0.00469551 0 0 0 1 
39885980090234;0.404716;0.213207;0.988041 0.0702382 -0.137268 0.0787313 -0.0103078 0.918322 0.395699 0.076627 0.153849 -0.389552 0.908064 -0.439503 0 0 0 1 
39885980090235;0.881271;0.752839;0.989197 0.086082 -0.118655 0.499804 -0.105865 0.979384 -0.172046 0.947213 0.101398 0.182749 0.977917 -0.609575 0 0 0 1 
39885980090236;1.0378;0.164712;0.999872 0.0158865 -0.00182259 -0.0240999 -0.0158842 0.999873 0.00122504 0.150181 0.00184182 -0.00119593 0.999998 -0.823561 0 0 0 1 
39885980090237;0.452033;0.197075;0.977232 0.0526973 -0.205523 0.133549 0.0102442 0.955816 0.293786 0.014951 0.211924 -0.289203 0.933515 -0.772185 0 0 0 1 
39885980090238;0.922552;0.408737;0.954575 -0.0141748 -0.297634 0.168425 -0.0532915 0.974641 -0.217335 0.371032 0.293167 0.223324 0.929613 -0.357935 0 0 0 1 
39885980090239;0.393854;0.38438;0.99552 -0.0346873 -0.0879617 0.0667479 0.00953564 0.962368 -0.271584 0.0252188 0.094072 0.269528 0.958387 -0.272018 0 0 0 1 
39885980090240;0.68439;0.338908;0.993255 0.115276 0.0124492 0.105519 -0.113879 0.990091 -0.0821644 0.789726 -0.0217975 0.0801925 0.996541 -0.231476 0 0 0 1 
39885980090241;0.655728;0.157676;0.962027 0.102525 0.25297 0.0300334 -0.0291624 0.960079 -0.278203 0.450309 -0.271394 0.260262 0.926612 0.323813 0 0 0 1 
39885980090242;0.353633;0.104575;0.908601 0.0915112 0.407516 0.244491 0.0147701 0.968052 -0.250315 0.112711 -0.417404 0.233456 0.878221 1.19745 0 0 0 1 
39885980090243;1.27115;0.673527;0.998299 -0.0461237 0.0356735 0.139674 0.045266 0.998675 0.024489 0.133195 -0.0367557 -0.0228325 0.999063 0.859676 0 0 0 1 
39885980090244;0.554019;0.592197;0.987961 -0.0919632 0.124399 0.13659 0.0636337 0.974526 0.215057 -0.0615824 -0.141008 -0.204552 0.968646 0.328055 0 0 0 1 
39885980090245;0.651828;0.267843;0.99848 -0.00507816 -0.0548732 0.0186757 0.00298821 0.999269 -0.0381019 0.0719489 0.0550266 0.03788 0.997766 0.281665 0 0 0 1 
39885980090246;0.546588;0.375723;0.989013 -0.105385 -0.103667 0.091816 0.115688 0.988342 0.0989764 -0.256334 0.0920278 -0.109882 0.989675 -0.514898 0 0 0 1 
39885980090248;0.37448;0.360691;0.974453 -0.106921 0.19751 -0.0207125 0.0985336 0.993782 0.0518436 0.317935 -0.201825 -0.0310578 0.978929 0.0300819 0 0 0 1 
39885980090249;0.482365;0.355017;0.995664 -0.0848993 -0.0380278 0.045615 0.0855269 0.99622 0.0151875 0.117582 0.0365946 -0.018374 0.999161 -0.325837 0 0 0 1 
39885980090250;0.869457;0.332425;0.932761 0.0494813 0.357083 0.00865349 -0.102034 0.986268 0.129863 -0.462547 -0.345754 -0.157566 0.925001 0.294658 0 0 0 1 
39885980090251;0.521745;0.344503;0.998429 -0.0150419 -0.0539776 0.0505037 0.0140653 0.999731 -0.0184275 -0.0563032 0.0542403 0.0176393 0.998372 0.317953 0 0 0 1 
39885980090252;1.01023;0.0522839;0.995367 0.0957244 0.00901599 0.367565 -0.0950864 0.966141 0.239853 -0.154815 0.0142491 -0.239599 0.970767 -0.931916 0 0 0 1 
39885980090253;0.430197;0.172784;0.988885 0.0842388 -0.122517 0.123725 -0.0630031 0.983789 0.167899 0.290109 0.134674 -0.158314 0.978161 -0.0872892 0 0 0 1 
39885980090254;0.437029;0.137962;0.997878 -0.0592793 0.0269369 -0.028167 0.0603218 0.997389 -0.0396967 0.144597 -0.0245133 0.0412373 0.998849 0.39758 0 0 0 1 
39885980090255;0.581357;0.123892;0.996265 0.0211466 0.083716 0.0877842 -0.0204825 0.999752 -0.00878315 -0.267489 -0.0838809 0.00703563 0.996451 0.366552 0 0 0 1 
39885980090256;0.383432;0.327133;0.982471 -0.179943 0.0486989 -0.0516369 0.181886 0.98255 -0.0389073 0.327824 -0.0408479 0.047083 0.998055 0.00834537 0 0 0 1 
