#;prob_registration_l1 -r /home/probabilistic_point_clouds_registration/build/tester /home/point_clouds_registration_benchmark//devel/registration_pairs/plain_local.txt /home/point_clouds_registration_benchmark//eth/plain -s 0.2 -t 0.2 -p 0.3 -r 1000 -m 5 -i 40 
id;initial_error;final_error;transformation
4215528470000;0.567788;0.492397;0.962295 -0.0256683 0.270794 0.270718 0.00969461 0.998142 0.0601621 -0.0972352 -0.271835 -0.0552685 0.960756 1.95967 0 0 0 1 
4215528470001;0.547226;0.0806888;0.991916 0.0997533 -0.0784386 -0.586832 -0.0600276 0.913429 0.402547 0.833899 0.111803 -0.394584 0.912033 1.07872 0 0 0 1 
4215528470002;0.032832;0.0111496;0.999955 0.00687698 0.00646356 -0.0312145 -0.00688973 0.999974 0.00195209 0.0148897 -0.00644997 -0.00199653 0.999977 0.0484626 0 0 0 1 
4215528470003;0.731607;0.617612;0.996493 -0.0121627 0.0827862 0.0251175 0.0124039 0.99992 -0.00239953 -0.15877 -0.0827504 0.00341799 0.996564 0.364087 0 0 0 1 
4215528470004;0.518474;0.213368;0.965804 0.0821005 -0.24593 -0.226735 -0.0255933 0.974096 0.224681 0.216288 0.258005 -0.210704 0.942888 -0.236768 0 0 0 1 
4215528470005;0.0948906;0.054295;0.999563 0.0172745 0.0239832 -0.0940611 -0.0150388 0.995787 -0.0904581 0.152787 -0.0254448 0.0900579 0.995611 -0.290446 0 0 0 1 
4215528470006;0.93827;0.631302;0.998726 -0.0374938 -0.0337823 0.0307866 0.0237846 0.940059 -0.340182 0.115402 0.0445121 0.338945 0.939752 -1.44907 0 0 0 1 
4215528470007;0.649378;0.52496;0.994293 -0.0449019 -0.0967701 0.221907 0.00836777 0.937138 -0.34886 0.367987 0.106351 0.346059 0.932165 -1.96597 0 0 0 1 
4215528470008;0.524363;0.441673;0.962126 0.0177244 -0.27203 0.260644 -0.0566307 0.98911 -0.135847 0.469728 0.26666 0.146107 0.952652 -2.35592 0 0 0 1 
4215528470009;0.400063;0.395283;0.970408 -0.0335485 0.239128 0.147453 0.0463885 0.997757 -0.048269 -0.365802 -0.236973 0.0579335 0.969787 1.29872 0 0 0 1 
4215528470010;0.581956;0.519157;0.994036 -0.0573744 -0.0927396 0.465306 0.0295228 0.960237 -0.27762 0.114578 0.10498 0.273227 0.956204 -2.05676 0 0 0 1 
4215528470011;0.358216;0.161544;0.987333 -0.0755269 0.139534 0.317062 0.105461 0.969441 -0.221498 -0.553847 -0.118541 0.233407 0.965126 -0.121289 0 0 0 1 
4215528470012;0.581653;0.381736;0.984381 0.114173 -0.134011 -0.31912 -0.070854 0.953757 0.292109 0.499913 0.161165 -0.278051 0.94695 -0.0764057 0 0 0 1 
4215528470013;0.612837;0.0600498;0.982418 -0.0552829 0.178321 0.17017 0.0534229 0.998456 0.0152192 -0.297595 -0.178887 -0.0054252 0.983855 0.567356 0 0 0 1 
4215528470014;0.871128;0.646888;0.998929 -0.0154035 0.0436211 -0.0512401 0.0165028 0.999552 -0.0249539 -0.217509 -0.0432172 0.025647 0.998736 0.706623 0 0 0 1 
4215528470015;0.0605696;0.0316124;0.999931 0.000205635 0.0117105 0.0665206 -1.65501e-05 0.99987 -0.0161444 -0.0206406 -0.0117123 0.0161431 0.999801 -0.00414311 0 0 0 1 
4215528470016;0.462589;0.155327;0.973068 -0.0296086 0.228609 0.221515 0.0754945 0.977957 -0.194679 -0.413727 -0.217805 0.206695 0.953854 0.775649 0 0 0 1 
4215528470017;0.763704;0.270705;0.995197 0.0337733 0.0918814 -0.248272 -0.0701007 0.901011 0.428094 0.721731 -0.068328 -0.432479 0.899051 3.07321 0 0 0 1 
4215528470018;0.320962;0.31739;0.998512 -0.00590126 0.0542134 -0.0319412 0.000887948 0.995755 0.092036 -0.0434102 -0.0545264 -0.0918509 0.994279 0.67133 0 0 0 1 
4215528470019;0.470754;0.208638;0.904379 0.155729 -0.397299 -0.155482 -0.0974133 0.981791 0.163087 0.615053 0.415462 -0.10879 0.903081 -2.02297 0 0 0 1 
4215528470020;0.901423;0.708155;0.988936 -0.0276359 0.145749 0.0894163 0.0429801 0.993731 -0.103205 -0.155408 -0.141983 0.108327 0.983924 -0.00361138 0 0 0 1 
4215528470021;0.310289;0.0835005;0.999769 0.00147164 -0.0214434 -0.109109 0.000681298 0.994982 0.100049 -0.0565982 0.021483 -0.100041 0.994751 0.552875 0 0 0 1 
4215528470022;0.501427;0.232668;0.981926 0.0299694 -0.186876 0.158217 -0.045944 0.995594 -0.0817454 0.382542 0.183603 0.0888538 0.978977 -1.93884 0 0 0 1 
4215528470023;0.509895;0.365952;0.99406 -0.0312267 0.104254 0.121881 0.0457712 0.989068 -0.140177 -0.130675 -0.098737 0.144116 0.984623 -0.342674 0 0 0 1 
4215528470024;0.756959;0.477852;0.998325 -0.0178543 0.0550367 -0.0200413 0.017328 0.9998 0.0100239 -0.212176 -0.0552047 -0.00905341 0.998434 0.9172 0 0 0 1 
4215528470025;0.187466;0.119666;0.996431 0.055083 -0.0639627 -0.29514 -0.049178 0.994683 0.0904842 0.309726 0.0686068 -0.0870157 0.993842 -0.0702343 0 0 0 1 
4215528470026;0.0729172;0.0373736;0.999281 -0.0376989 -0.00404216 0.19782 0.0376696 0.999265 -0.00709096 -0.217004 0.00430651 0.00693359 0.999967 -0.108006 0 0 0 1 
4215528470027;0.80863;0.244891;0.997605 -0.00535196 -0.0689591 -0.105833 -0.00367336 0.991495 -0.130092 -0.0625603 0.0690689 0.130033 0.989101 -0.374857 0 0 0 1 
4215528470028;0.511375;0.473116;0.996381 0.0422394 -0.0737646 -0.268399 -0.028789 0.984199 0.174708 0.0873722 0.0799786 -0.171952 0.981853 0.447743 0 0 0 1 
4215528470029;0.874225;0.501271;0.879858 0.0820694 -0.468097 0.687643 -0.0534248 0.995813 0.0741718 0.477385 0.472225 -0.0402526 0.880559 -3.13736 0 0 0 1 
4215528470031;0.986719;0.188555;0.999724 -0.00347198 0.0232324 -0.0490346 0.00346036 0.999994 0.000540131 -0.333893 -0.0232342 -0.00045959 0.99973 0.935373 0 0 0 1 
4215528470032;1.06872;0.715258;0.993963 -0.0995235 0.0461699 0.499811 0.109317 0.86278 -0.49362 0.155034 0.00929232 0.495687 0.868451 -2.61713 0 0 0 1 
4215528470033;0.525088;0.243193;0.999327 -0.0355878 0.00887704 0.205055 0.0358382 0.998912 -0.0298505 -0.310246 -0.00780506 0.0301485 0.999515 -0.454282 0 0 0 1 
4215528470034;0.461314;0.0965592;0.999106 0.0415214 0.00791727 -0.272478 -0.0416654 0.998951 0.0189849 0.284218 -0.00712069 -0.0192978 0.999788 -0.17324 0 0 0 1 
4215528470035;0.980295;0.779266;0.999897 -0.00516932 -0.0133652 -0.129449 0.00517724 0.999986 0.000558584 -0.0768612 0.0133621 -0.000627722 0.999911 0.0788493 0 0 0 1 
4215528470036;1.14169;0.490799;0.998567 0.0518165 0.0133922 -0.462856 -0.0535102 0.962075 0.267486 0.3649 0.000975862 -0.267819 0.963469 2.24909 0 0 0 1 
4215528470037;0.241412;0.0579227;0.999911 0.00725256 0.0112053 0.0672405 -0.00689887 0.999487 -0.0312869 0.15736 -0.0114264 0.0312068 0.999448 0.0139285 0 0 0 1 
4215528470038;0.130156;0.125177;0.999576 0.0145598 0.025203 -0.114747 -0.0147949 0.999849 0.00916863 0.0984308 -0.0250657 -0.00953762 0.99964 0.286325 0 0 0 1 
4215528470039;0.797747;0.257737;0.996305 -0.050281 -0.0696291 0.143818 0.0302255 0.964123 -0.263729 0.0565497 0.0803916 0.26065 0.96208 -1.61923 0 0 0 1 
4215528470040;0.689028;0.592896;0.996865 0.0148458 -0.0777153 0.0685291 -0.00779125 0.995884 0.0903024 0.0524405 0.0787361 -0.0894138 0.992878 -0.571348 0 0 0 1 
4215528470041;0.231676;0.110726;0.955445 -0.0406417 -0.292357 0.98122 0.00210922 0.99139 -0.130924 0.179868 0.29516 0.124474 0.947305 -3.32126 0 0 0 1 
4215528470042;0.841266;0.709558;0.989628 -0.0210874 0.142096 0.0589355 0.00688765 0.994995 0.0996906 -0.0390342 -0.143487 -0.0976779 0.98482 1.47209 0 0 0 1 
4215528470043;0.639843;0.640082;0.996911 0.0210834 -0.0756605 -0.000596239 -0.0186775 0.999302 0.0323659 0.136022 0.07629 -0.0308528 0.996608 -0.609961 0 0 0 1 
4215528470044;0.994474;0.0607887;0.999906 0.004217 0.0130697 0.021766 -0.00405167 0.999912 -0.0126502 0.0716063 -0.0131219 0.0125961 0.999835 -0.78604 0 0 0 1 
4215528470045;0.386524;0.0750763;0.994509 0.0142954 0.10367 -0.196665 -0.0614771 0.881481 0.4682 0.644567 -0.0846903 -0.472003 0.87752 3.4464 0 0 0 1 
4215528470046;1.07289;0.487466;0.976489 0.0658033 -0.205277 -0.118906 -0.0543938 0.99667 0.0607435 0.373458 0.208591 -0.0481496 0.976817 -0.841095 0 0 0 1 
4215528470047;0.459821;0.4699;0.9937 -0.00357439 0.112019 -0.0523988 0.00472988 0.999938 -0.010051 -0.0989112 -0.111977 0.0105175 0.993655 0.858462 0 0 0 1 
4215528470048;0.649857;0.582374;0.9992 0.0250117 -0.0312159 -0.154039 -0.024586 0.9996 0.0139478 0.17979 0.0315523 -0.0131691 0.999415 -0.0850313 0 0 0 1 
4215528470049;0.633618;0.333296;0.999936 0.00850708 -0.00740733 -0.133729 -0.00729315 0.98854 0.150783 -0.0214608 0.00860517 -0.150719 0.988539 1.1754 0 0 0 1 
4215528470050;0.671958;0.405615;0.998042 0.0251067 -0.0572847 0.00298325 -0.0234457 0.99929 0.029486 0.251325 0.0579843 -0.0280852 0.997922 -0.750362 0 0 0 1 
4215528470051;0.865997;0.579532;0.997839 -0.0257713 -0.0604493 0.34868 0.0145002 0.983566 -0.179968 0.202183 0.0640938 0.178703 0.981813 -2.03023 0 0 0 1 
4215528470052;0.470145;0.426088;0.998352 0.0270736 -0.0505906 -0.0966571 -0.0283349 0.999301 -0.0243833 0.237889 0.0498951 0.0257766 0.998422 -0.622745 0 0 0 1 
4215528470053;1.01323;0.267219;0.993339 -0.0103492 0.114765 0.127539 0.0221618 0.994524 -0.102136 -0.0484192 -0.113079 0.103999 0.988128 -0.317585 0 0 0 1 
4215528470054;0.877545;0.669118;0.999124 0.0128264 -0.0398265 0.133742 -0.0117488 0.999562 0.0271737 0.148727 0.0401576 -0.026682 0.998837 -0.736052 0 0 0 1 
4215528470055;0.503431;0.262811;0.996875 -0.0248801 0.0749755 0.00401037 0.0333769 0.992886 -0.114297 -0.00528928 -0.0715984 0.116442 0.990613 0.162432 0 0 0 1 
4215528470056;0.338949;0.224264;0.993942 -0.0841642 0.0706755 0.402946 0.0973842 0.972533 -0.211414 -0.554706 -0.0509408 0.217016 0.974838 -0.831003 0 0 0 1 
4215528470057;0.60477;0.060352;0.9997 -0.0158196 0.0187233 0.103163 0.0152944 0.999495 0.0278712 -0.0971729 -0.0191547 -0.0275765 0.999436 -0.180418 0 0 0 1 
4215528470058;0.117082;0.0943857;0.999106 -0.0313509 0.0283669 0.169492 0.0321912 0.999041 -0.0296668 -0.237646 -0.0274096 0.0305535 0.999157 0.0512073 0 0 0 1 
4215528470059;0.289428;0.260136;0.998371 -0.0134439 -0.0554423 0.142948 0.00728926 0.993932 -0.109753 0.124978 0.0565814 0.10917 0.992411 -1.15504 0 0 0 1 
4215528470060;0.876862;0.57147;0.96249 0.0764428 -0.260324 0.354584 -0.0542534 0.994336 0.0913917 0.428245 0.265836 -0.0738402 0.961186 -2.44206 0 0 0 1 
4215528470062;1.03489;0.681285;0.960466 -0.098381 0.260435 0.232281 0.165782 0.953646 -0.251148 -1.69119 -0.223655 0.284394 0.932254 2.72044 0 0 0 1 
4215528470063;0.150783;0.157896;0.997001 0.0354449 0.0687919 -0.276162 -0.0419386 0.994558 0.0953721 0.472293 -0.0650371 -0.0979711 0.993062 1.24029 0 0 0 1 
4215528470064;1.26892;0.219505;0.978853 0.0833529 -0.186813 0.632633 -0.0599649 0.99002 0.127529 0.608637 0.195579 -0.11363 0.974083 -3.05611 0 0 0 1 
4215528470065;0.672821;0.25405;0.999518 -0.0296616 0.00911234 -0.001553 0.0300437 0.998529 -0.0451305 -0.387172 -0.00776029 0.0453825 0.99894 -0.316568 0 0 0 1 
4215528470066;0.971407;0.247994;0.974005 -0.0622449 0.217805 0.0888584 0.143397 0.913751 -0.380127 -1.10152 -0.175358 0.401478 0.898924 1.76994 0 0 0 1 
4215528470067;0.479383;0.566071;0.998726 -0.0304917 0.0401952 -0.0628266 0.0361159 0.988389 -0.147587 -0.195475 -0.0352284 0.148851 0.988232 0.0211511 0 0 0 1 
4215528470068;1.75898;1.55927;0.996913 0.0732245 -0.0283277 -0.0627162 -0.067272 0.982678 0.172683 0.780858 0.0404816 -0.170244 0.98457 -0.249488 0 0 0 1 
4215528470069;1.1695;0.335046;0.995065 -0.0337349 0.0933121 -0.155028 0.03051 0.998894 0.0357737 -0.569237 -0.0944157 -0.0327502 0.994994 2.08594 0 0 0 1 
4215528470070;0.627154;0.216257;0.999895 -0.01085 0.00962441 0.0158932 0.010529 0.999406 0.0328012 -0.0753427 -0.00997459 -0.0326964 0.999416 -0.0111867 0 0 0 1 
4215528470071;1.13782;0.355395;0.98846 0.0329274 -0.147859 0.661146 -0.0218864 0.996891 0.0756882 0.265544 0.149892 -0.0715786 0.986108 -2.39778 0 0 0 1 
4215528470072;1.12233;0.671847;0.998698 0.0196677 -0.0470621 -0.185256 -0.0189256 0.99969 0.0161613 0.130109 0.0473653 -0.0152496 0.998761 -0.210972 0 0 0 1 
4215528470073;0.253366;0.0267643;0.957823 -0.0939703 0.271558 0.33384 0.169505 0.94786 -0.26987 -1.64522 -0.23204 0.304518 0.923811 2.43061 0 0 0 1 
4215528470074;0.891847;0.414577;0.923033 0.163674 -0.348168 1.48768 -0.08151 0.967643 0.238797 0.694104 0.375987 -0.192038 0.906507 -4.88214 0 0 0 1 
4215528470075;0.661748;0.375604;0.998424 0.00609718 0.0557948 -0.242127 -0.00654839 0.999947 0.00790759 0.121477 -0.0557436 -0.00826049 0.998411 1.12932 0 0 0 1 
4215528470076;1.55682;0.508853;0.999805 0.00515343 -0.0190564 0.139716 -0.00525001 0.999974 -0.00502128 0.238247 0.01903 0.00512034 0.999806 -1.10939 0 0 0 1 
4215528470077;0.434483;0.391096;0.999305 -0.0370463 0.00408443 0.08007 0.037245 0.996679 -0.0724092 -0.294893 -0.00138837 0.072511 0.997367 -0.32334 0 0 0 1 
4215528470078;1.12372;1.17196;0.959926 -0.0418477 0.277111 0.0297559 0.0466785 0.998851 -0.0108559 -0.623227 -0.276338 0.0233559 0.960777 3.97591 0 0 0 1 
4215528470079;1.36039;1.13114;0.993048 -0.0222198 0.115595 -0.254704 0.0385638 0.989238 -0.14114 -0.337731 -0.111215 0.144616 0.983218 1.41366 0 0 0 1 
4215528470080;1.57691;1.37649;0.983292 0.112031 -0.143475 0.105046 -0.0808405 0.974944 0.207243 0.89732 0.163097 -0.192182 0.967711 -1.5378 0 0 0 1 
4215528470081;1.29705;1.18643;0.997357 0.0534953 -0.0491723 -0.11205 -0.0469334 0.990909 0.12608 0.531413 0.0554699 -0.123439 0.990801 -0.321867 0 0 0 1 
4215528470082;0.754436;0.263435;0.996219 -0.044376 -0.074684 0.378829 0.0332517 0.989004 -0.144102 -0.345414 0.0802575 0.141074 0.986741 -1.35657 0 0 0 1 
4215528470083;1.36137;0.512733;0.99488 -0.0127722 0.100248 -0.333001 0.0192441 0.997773 -0.063859 -0.171496 -0.0992092 0.0654613 0.992911 1.90148 0 0 0 1 
4215528470084;1.66015;1.34776;0.984804 -0.0163362 -0.172898 0.558851 0.00401295 0.997441 -0.0713856 0.122656 0.173622 0.069607 0.982349 -2.95796 0 0 0 1 
4215528470085;1.13067;0.175598;0.999719 0.0126517 -0.0200669 -0.241612 -0.0109988 0.996698 0.0804433 -0.211727 0.0210184 -0.0802 0.996557 0.576528 0 0 0 1 
4215528470086;1.1632;1.17564;0.926659 -0.0273574 0.374906 0.288377 0.0179111 0.999429 0.0286587 -0.284641 -0.375476 -0.0198419 0.92662 5.6179 0 0 0 1 
4215528470087;0.757202;0.674653;0.997798 -0.00799494 0.0658427 -0.235612 0.0146975 0.994681 -0.101952 -0.0346401 -0.0646773 0.102695 0.992608 0.802101 0 0 0 1 
4215528470088;1.28516;0.659505;0.999791 -0.0190067 0.00757957 -0.0902626 0.0192915 0.999035 -0.0394576 -0.256788 -0.0068223 0.0395956 0.999192 0.595179 0 0 0 1 
4215528470089;0.703952;0.368446;0.998098 0.030113 -0.0537976 -0.124002 -0.0279663 0.998799 0.0402205 0.304395 0.0549441 -0.0386394 0.997742 -0.304594 0 0 0 1 
4215528470090;1.03548;0.580419;0.960851 -0.105837 0.256056 0.228361 0.198342 0.908037 -0.368956 -1.56133 -0.193459 0.405298 0.89348 1.1923 0 0 0 1 
4215528470091;1.49069;1.50809;0.998879 0.0368187 0.029739 -0.219449 -0.0396745 0.993996 0.101965 0.416196 -0.0258063 -0.103031 0.994343 0.772347 0 0 0 1 
4215528470093;0.435815;0.37518;0.999515 -0.00692863 0.030363 0.0305471 -0.000416937 0.971874 0.2355 -0.0344736 -0.0311407 -0.235398 0.9714 0.261263 0 0 0 1 
4215528470094;0.626818;0.0867641;0.99984 0.0154386 0.00900952 0.0223273 -0.0150853 0.999162 -0.0380414 0.13873 -0.00958927 0.0378994 0.999236 -0.649721 0 0 0 1 
4215528470095;0.64508;0.507404;0.999487 -0.0290996 -0.0133823 0.0844969 0.0282531 0.997822 -0.0596016 -0.128594 0.0150875 0.0591929 0.998133 -0.381143 0 0 0 1 
4215528470096;0.715932;0.5379;0.999723 -0.0234862 0.00153811 0.0684799 0.0235327 0.998601 -0.0473486 -0.183233 -0.000423916 0.0473717 0.998877 -0.35022 0 0 0 1 
4215528470097;0.899584;0.876317;0.998394 -0.0548547 0.0141205 0.113619 0.0565853 0.977138 -0.20494 -0.32997 -0.00255575 0.20541 0.978673 0.314551 0 0 0 1 
4215528470098;0.598276;0.341345;0.989704 -0.0290271 0.140158 0.0627827 0.0049486 0.985574 0.169171 -0.136147 -0.143047 -0.166735 0.97557 0.113897 0 0 0 1 
4215528470099;0.333474;0.207911;0.97328 0.0990061 -0.207182 0.0376647 -0.00516869 0.911489 0.411292 0.204027 0.229565 -0.399232 0.887645 -0.431132 0 0 0 1 
4215528470100;0.645112;0.012035;0.999849 -0.0173422 -0.000824637 0.00599893 0.0173383 0.999839 -0.00459032 -0.0227629 0.000904111 0.00457533 0.999989 -0.697304 0 0 0 1 
4215528470101;0.802084;0.657789;0.998993 -0.0116952 0.0433106 0.117717 0.0141758 0.99825 -0.0574179 -0.0810954 -0.0425633 0.0579741 0.99741 0.351432 0 0 0 1 
4215528470102;0.571321;0.0289055;0.999885 -0.0143225 0.00504971 -0.163352 0.0145365 0.99887 -0.0452521 0.212341 -0.00439588 0.0453203 0.998963 -0.528772 0 0 0 1 
4215528470103;0.118159;0.114731;0.999958 -0.00811504 -0.00425755 -0.0128675 0.00810843 0.999966 -0.00156896 -0.037326 0.00427013 0.00153437 0.99999 -0.027961 0 0 0 1 
4215528470104;0.483078;0.0465197;0.959364 -0.0120835 0.281913 0.169122 -0.0134426 0.995991 0.0884365 -0.248335 -0.281852 -0.0886324 0.955355 1.16019 0 0 0 1 
4215528470105;0.856272;0.712856;0.962004 -0.0173672 0.272481 0.0210076 0.0665513 0.98279 -0.172321 -0.243309 -0.264799 0.183908 0.946604 0.63174 0 0 0 1 
4215528470106;0.960069;0.699377;0.99547 -0.0121066 0.0943024 0.0936803 0.00989177 0.999665 0.0239186 -0.103082 -0.0945604 -0.0228774 0.995256 0.829894 0 0 0 1 
4215528470107;0.403602;0.241465;0.953363 0.0430554 -0.29874 0.141711 -0.0435291 0.999039 0.0050713 0.165465 0.298671 0.00816909 0.954321 -1.00448 0 0 0 1 
4215528470108;0.717513;0.614493;0.999954 -0.003819 0.00880546 0.0605341 0.00429422 0.998499 -0.054598 -0.108648 -0.00858374 0.0546333 0.99847 0.0913098 0 0 0 1 
4215528470109;0.671253;0.200529;0.999922 -0.00945507 0.00818587 -0.0371649 0.00958989 0.999816 -0.0165899 -0.099596 -0.00802751 0.0166671 0.999829 0.612229 0 0 0 1 
4215528470110;0.085073;0.0205889;0.99968 0.024993 0.00388665 -0.0268409 -0.0249648 0.999663 -0.00713757 0.0744329 -0.00406373 0.00703825 0.999967 -0.07404 0 0 0 1 
4215528470111;0.687198;0.0349831;0.998508 0.00352117 0.0544951 -0.123089 -0.00691367 0.99804 0.0621906 -0.0432168 -0.0541693 -0.0624746 0.996575 0.893038 0 0 0 1 
4215528470112;0.990082;0.255075;0.999043 0.0384884 -0.0207717 -0.119928 -0.0345746 0.98588 0.163847 0.176618 0.0267846 -0.162972 0.986267 0.966785 0 0 0 1 
4215528470113;0.115928;0.0865998;0.999558 0.0294535 -0.00410444 0.00044138 -0.029465 0.999562 -0.00277387 0.138258 0.00402094 0.00289359 0.999988 -0.0266729 0 0 0 1 
4215528470114;0.310906;0.0350664;0.999996 -0.00163217 0.00249892 -0.148887 0.0016386 0.999995 -0.00257279 -0.0513368 -0.00249471 0.00257687 0.999994 -0.272116 0 0 0 1 
4215528470115;0.363564;0.274234;0.999813 0.00718609 0.017952 0.0817667 -0.00577115 0.996963 -0.077662 0.042738 -0.0184556 0.0775439 0.996818 -0.0194864 0 0 0 1 
4215528470116;0.348278;0.248195;0.921403 -0.0488845 0.385521 0.238885 0.00289448 0.992892 0.118982 -0.035371 -0.388598 -0.108514 0.914995 0.987614 0 0 0 1 
4215528470117;0.290367;0.279635;0.997818 -0.00086337 -0.0660161 0.0140293 -0.00452668 0.996667 -0.0814544 0.0326329 0.0658663 0.0815755 0.994488 -0.143639 0 0 0 1 
4215528470118;0.65787;0.389195;0.998499 -0.0151792 0.0526159 0.129881 0.0190486 0.997088 -0.0738378 -0.12526 -0.0513419 0.0747293 0.995881 -0.338089 0 0 0 1 
4215528470119;0.205525;0.148076;0.995218 -0.0415083 0.0884184 0.0807152 0.0508555 0.99304 -0.106233 -0.129218 -0.0833934 0.110222 0.990402 0.206863 0 0 0 1 
4215528470120;0.310799;0.234491;0.995203 0.0349324 -0.0913779 0.0631851 -0.00249757 0.942841 0.333233 0.0853117 0.0977955 -0.331407 0.938406 -0.0392182 0 0 0 1 
4215528470121;0.660347;0.0430012;0.939149 -0.034722 0.341752 0.269412 0.15168 0.934554 -0.321872 -0.516066 -0.30821 0.354123 0.882952 1.18957 0 0 0 1 
4215528470122;0.789381;0.517583;0.984265 0.00463261 0.176639 0.00173053 -0.0264657 0.992245 0.121448 0.0738269 -0.174707 -0.124212 0.976754 -0.00636083 0 0 0 1 
4215528470124;0.80876;0.554617;0.946717 -0.00665753 0.321998 0.176046 0.0608028 0.985502 -0.158392 -0.0816532 -0.316276 0.169531 0.933396 0.723492 0 0 0 1 
4215528470125;0.139303;0.0749955;0.991717 -0.0254756 -0.125892 0.119729 0.00845432 0.990955 -0.133931 -0.0170206 0.128166 0.131757 0.982962 -0.863909 0 0 0 1 
4215528470126;0.0966618;0.117053;0.998241 -0.00573244 -0.059012 -0.0224848 0.00643449 0.999911 0.0117136 -0.000311869 0.0589396 -0.0120727 0.998189 -0.264501 0 0 0 1 
4215528470127;0.789796;0.23853;1 0.000538652 0.000414791 -0.159401 -0.000537925 0.999998 -0.00175043 0.0378991 -0.000415733 0.00175021 0.999998 0.644456 0 0 0 1 
4215528470128;0.207096;0.0207785;0.998711 0.0428276 0.0272418 -0.105077 -0.0427112 0.999076 -0.00484072 0.209801 -0.027424 0.00367095 0.999617 -0.0769441 0 0 0 1 
4215528470129;0.938911;0.108657;0.999949 0.00261826 0.00971698 -0.0832403 -0.00259675 0.999994 -0.00222567 0.191782 -0.00972275 0.00220033 0.99995 0.88866 0 0 0 1 
4215528470130;0.991785;0.857671;0.985599 0.0384698 -0.164662 -0.154822 -0.0175732 0.991807 0.126528 0.125744 0.168181 -0.121813 0.978201 -0.131929 0 0 0 1 
4215528470131;0.387282;0.325465;0.999986 -0.00400085 0.00339314 0.000969546 0.00402676 0.999963 -0.00766318 0.0490571 -0.00336236 0.00767674 0.999965 -0.105122 0 0 0 1 
4215528470132;0.92999;0.439886;0.999545 -0.0204054 0.0222031 0.150182 0.0213146 0.998911 -0.0415144 0.0319694 -0.0213318 0.0419688 0.998891 -0.768027 0 0 0 1 
4215528470133;0.555582;0.473923;0.99975 0.00886045 0.0205467 -0.0202349 -0.00410166 0.975267 -0.220993 0.128608 -0.0219966 0.220853 0.975059 -0.596855 0 0 0 1 
4215528470134;0.99593;0.681071;0.966723 -0.00208269 0.255817 -0.0174376 -0.0188951 0.996654 0.0795183 0.0917613 -0.255126 -0.0817058 0.963449 0.483843 0 0 0 1 
4215528470135;1.17319;0.991625;0.987229 -0.0481997 0.151839 0.121294 0.103427 0.918862 -0.380782 -0.465964 -0.121166 0.391623 0.912113 0.307427 0 0 0 1 
4215528470136;0.830588;0.762792;0.99842 -0.0044716 0.0560054 -1.6321e-05 -0.0121636 0.955983 0.293171 0.0918121 -0.0548511 -0.293389 0.954418 0.963781 0 0 0 1 
4215528470137;0.395265;0.210756;0.988515 -0.039324 0.145918 0.0332005 -0.0262865 0.906092 0.422264 0.299846 -0.14882 -0.42125 0.894651 1.76851 0 0 0 1 
4215528470138;1.02893;0.909072;0.995482 0.0453259 -0.083437 0.00183365 -0.0345778 0.991424 0.12603 0.199697 0.0884338 -0.122576 0.988511 -0.411555 0 0 0 1 
4215528470139;0.649753;0.290279;0.989981 -0.0398139 -0.135471 -0.110956 0.00965433 0.976265 -0.216365 -0.0578674 0.14087 0.21289 0.966868 -0.650383 0 0 0 1 
4215528470140;0.360307;0.0623498;0.901159 -0.0460651 0.431033 0.511689 0.0827368 0.994336 -0.0667114 -0.375011 -0.425519 0.0957799 0.899867 1.77541 0 0 0 1 
4215528470141;0.657293;0.306747;0.997683 0.0193812 -0.0652173 -0.393782 -0.0209702 0.999498 -0.0237695 0.163731 0.0647238 0.025082 0.997588 -0.428752 0 0 0 1 
4215528470142;0.724166;0.528662;0.999989 0.00355853 0.00313357 -0.0187165 -0.00344504 0.999363 -0.0355088 -0.102626 -0.00325794 0.0354976 0.999364 0.247918 0 0 0 1 
4215528470143;0.681426;0.125871;0.944155 0.11144 -0.310084 -0.302377 -0.0338837 0.968919 0.245046 0.283876 0.327754 -0.220854 0.918586 -1.2124 0 0 0 1 
4215528470144;0.404104;0.271192;0.999981 0.00426603 -0.0044694 -0.105405 -0.0040536 0.99891 0.0465066 0.106247 0.00466292 -0.0464876 0.998908 0.000423209 0 0 0 1 
4215528470145;0.189223;0.0343381;0.997792 -0.0529272 -0.0401223 0.169707 0.0392779 0.957383 -0.286138 -0.0190831 0.0535569 0.28393 0.957348 -0.888932 0 0 0 1 
4215528470146;0.235131;0.0878205;0.992457 0.0266149 0.119666 -0.100733 -0.025613 0.999623 -0.00990307 0.0178751 -0.119885 0.00676336 0.992765 0.613803 0 0 0 1 
4215528470147;0.605051;0.406493;0.999134 0.00617691 -0.041157 -0.134329 -0.00633642 0.999973 -0.00374627 0.0239555 0.0411328 0.00400381 0.999146 -0.450211 0 0 0 1 
4215528470148;0.594371;0.285652;0.909321 -0.0462511 0.413517 0.434803 -0.00278467 0.993104 0.1172 -0.0373799 -0.416086 -0.107724 0.902922 2.47477 0 0 0 1 
4215528470149;0.787506;0.653088;0.999812 -0.0019747 0.0192936 0.0660498 0.00205817 0.999989 -0.00430765 -0.121254 -0.0192849 0.00434655 0.999805 0.0382175 0 0 0 1 
4215528470150;0.616542;0.263031;0.984879 0.0105004 0.172923 -0.0356402 -0.0138843 0.999735 0.0183708 -0.000445067 -0.172684 -0.0204939 0.984764 1.30281 0 0 0 1 
4215528470151;0.660847;0.551749;0.99976 -0.0141754 0.0167128 0.00602648 0.0154343 0.996852 -0.0777684 -0.0578098 -0.0155578 0.0780076 0.996831 -0.395613 0 0 0 1 
4215528470152;0.936036;0.201625;0.994701 0.00759073 0.102532 0.01399 -0.0121739 0.998951 0.044148 0.0738232 -0.10209 -0.0451622 0.99375 -0.31565 0 0 0 1 
4215528470153;0.43556;0.392752;0.993843 -0.0323633 -0.105967 0.133231 0.0160083 0.988298 -0.151696 -0.0225422 0.109636 0.149066 0.98273 -0.8446 0 0 0 1 
4215528470155;0.767559;0.671467;0.999397 0.031122 -0.0153813 -0.111179 -0.029415 0.994459 0.100922 0.13356 0.018437 -0.100408 0.994775 -0.226792 0 0 0 1 
4215528470156;0.534127;0.0214861;0.955355 0.0957884 -0.279502 0.153661 -0.0675316 0.991739 0.109053 0.16941 0.287639 -0.0853091 0.953932 -1.4019 0 0 0 1 
4215528470157;0.770434;0.402422;0.990953 0.00692837 0.134028 -0.0616198 -0.00043416 0.998827 -0.0484229 -0.0635284 -0.134206 0.0479266 0.989794 1.13546 0 0 0 1 
4215528470158;0.945303;0.669783;0.984584 0.0544909 -0.166209 0.0965953 -0.0274292 0.986579 0.160962 0.175475 0.172749 -0.153921 0.972865 -1.12886 0 0 0 1 
4215528470159;0.28795;0.162575;0.999353 -0.0057162 -0.0354987 -0.0267225 0.00487039 0.999703 -0.0238676 -0.0327048 0.0356246 0.0236793 0.999085 0.0999357 0 0 0 1 
4215528470160;0.771203;0.523708;0.9985 -0.00696228 -0.0543104 -0.0106853 0.00535235 0.999544 -0.0297324 -0.0192209 0.0544927 0.0293971 0.998081 -0.852263 0 0 0 1 
4215528470161;0.233784;0.214717;0.992847 0.0176172 0.118085 -0.0189056 -0.0180593 0.999833 0.00267467 0.0158536 -0.118018 -0.00478806 0.993 0.325004 0 0 0 1 
4215528470162;0.571431;0.383257;0.997779 0.0126302 0.0653985 -0.219426 -0.0233916 0.985763 0.166507 0.132789 -0.0623644 -0.167667 0.983869 0.639793 0 0 0 1 
4215528470163;0.611739;0.231176;0.998964 -0.017959 0.0418221 -0.123833 0.0189919 0.999521 -0.0244332 -0.0619121 -0.0413633 0.0252022 0.998826 0.767749 0 0 0 1 
4215528470164;0.552648;0.457726;0.99909 -0.0143552 0.0401621 0.0597375 0.0158786 0.999156 -0.037872 -0.156494 -0.0395846 0.0384752 0.998475 0.166273 0 0 0 1 
4215528470165;0.294545;0.126676;0.999064 0.0172574 -0.0396679 -0.0724384 -0.016294 0.999568 0.0244809 0.233161 0.0400733 -0.0238116 0.998913 -0.226504 0 0 0 1 
4215528470166;0.624564;0.545815;0.999075 0.00117135 0.0429866 0.0807164 0.000534541 0.999213 -0.0396514 -0.0397252 -0.0429992 0.0396377 0.998288 -0.199371 0 0 0 1 
4215528470167;0.723593;0.194981;0.999889 0.0149208 -0.000344504 -0.165438 -0.0149135 0.997965 -0.062 0.0428814 -0.000581286 0.0619982 0.998076 0.778229 0 0 0 1 
4215528470168;0.682452;0.399018;0.927737 0.093737 -0.361271 -0.177707 -0.0652429 0.993775 0.0903065 0.215895 0.367487 -0.0602104 0.928078 -0.467785 0 0 0 1 
4215528470169;0.452691;0.140475;0.996127 0.0465458 -0.074592 -0.0200921 -0.0378516 0.992759 0.114003 0.201904 0.0793583 -0.110738 0.990676 -0.611369 0 0 0 1 
4215528470170;0.927037;0.4302;0.97599 0.146636 -0.16106 -0.170689 -0.0666173 0.904967 0.420235 0.523842 0.207376 -0.399416 0.893007 -0.844354 0 0 0 1 
4215528470171;0.544194;0.393041;0.914327 -0.0301979 -0.403848 0.401289 -0.0631305 0.974397 -0.215791 0.282742 0.400025 0.222798 0.889011 -1.741 0 0 0 1 
4215528470172;0.700934;0.508235;0.903387 -0.00814789 0.428749 0.319373 0.0214978 0.999423 -0.0263036 -0.163176 -0.428287 0.0329794 0.903041 1.73876 0 0 0 1 
4215528470173;0.534414;0.273689;0.983942 0.0218571 -0.177143 0.106382 -0.0263462 0.999388 -0.0230293 0.122565 0.176531 0.0273265 0.983916 -1.12581 0 0 0 1 
4215528470174;0.297039;0.0319682;0.996959 0.0740605 0.0242437 -0.109977 -0.0771215 0.982317 0.170606 0.263458 -0.0111798 -0.171957 0.985041 -0.0941582 0 0 0 1 
4215528470175;0.347703;0.201476;0.993932 0.0193326 0.108289 -0.0701628 -0.0612575 0.914941 0.398912 0.22695 -0.0913656 -0.403125 0.910573 0.544077 0 0 0 1 
4215528470176;0.75672;0.588994;0.951318 -0.0029164 0.308197 0.00406015 0.0674572 0.977681 -0.19897 -0.0577371 -0.300738 0.210074 0.930283 0.4501 0 0 0 1 
4215528470177;0.756848;0.209499;0.997398 0.0646665 -0.0318515 0.00753959 -0.0522186 0.952767 0.299181 0.163343 0.049694 -0.296739 0.953665 -0.689496 0 0 0 1 
4215528470178;0.523311;0.526599;0.983285 -0.0145901 -0.181489 0.157861 -0.00158817 0.996059 -0.0886791 0.0778388 0.182067 0.087485 0.979386 -0.883881 0 0 0 1 
4215528470179;0.41696;0.279525;0.959039 0.0968543 -0.266203 -0.0615249 -0.0288384 0.968233 0.248383 0.305262 0.281804 -0.230532 0.931366 -0.727849 0 0 0 1 
4215528470180;0.591922;0.290289;0.992954 0.036767 -0.112653 -0.0168024 -0.0334911 0.998963 0.0308357 0.169443 0.11367 -0.0268456 0.993156 -0.891328 0 0 0 1 
4215528470181;0.100371;0.0108176;0.997197 0.0711706 -0.0230812 -0.0760747 -0.0678289 0.990135 0.122601 0.237681 0.0315791 -0.120692 0.992188 0.0138914 0 0 0 1 
4215528470182;0.852078;0.361084;0.992458 0.00303773 -0.122548 0.0890886 0.0016481 0.999272 0.0381171 0.00452353 0.122575 -0.0380316 0.99173 -1.28595 0 0 0 1 
4215528470183;0.165427;0.0225355;0.998988 -0.0112095 0.0435581 0.117595 0.0159439 0.993813 -0.109914 -0.0578102 -0.0420565 0.110498 0.992986 0.133158 0 0 0 1 
4215528470184;0.841318;0.393697;0.880036 -0.0101915 -0.474797 0.592828 -0.0350122 0.995657 -0.086267 0.328532 0.473614 0.0925418 0.875857 -2.41048 0 0 0 1 
4215528470186;0.933251;0.481571;0.999858 0.00547079 0.0159196 0.0502198 -0.00697879 0.995331 0.0962687 0.0325059 -0.0153186 -0.0963661 0.995228 -0.547273 0 0 0 1 
4215528470187;0.872934;0.610126;0.960819 -0.0518056 -0.272293 0.412091 -0.0162164 0.970189 -0.241806 0.331053 0.276703 0.236748 0.931336 -2.29596 0 0 0 1 
4215528470188;0.636802;0.27044;0.999912 -0.000526828 -0.0132437 -0.162975 -0.0017671 0.98499 -0.1726 -0.0889674 0.0131359 0.172608 0.984903 0.0154675 0 0 0 1 
4215528470189;0.616608;0.389642;0.921025 0.0184441 0.389065 0.305586 0.026091 0.993713 -0.108873 -0.134541 -0.388628 0.110426 0.914754 1.73104 0 0 0 1 
4215528470190;0.721491;0.409719;0.999768 0.019421 0.00928157 -0.0641847 -0.0192237 0.999597 -0.020902 0.0809118 -0.00968377 0.0207188 0.999738 -0.549034 0 0 0 1 
4215528470191;0.988569;0.429213;0.999543 0.0301829 -0.00138393 -0.18104 -0.0298988 0.994663 0.0987479 0.0767201 0.00435704 -0.0986614 0.995112 1.00574 0 0 0 1 
4215528470192;0.483071;0.440649;0.996624 -0.00141084 0.0820934 -0.0361337 0.00879511 0.995934 -0.0896578 -0.0707065 -0.0816331 0.0900771 0.992584 0.219131 0 0 0 1 
4215528470193;1.00219;0.800549;0.993216 -0.00182915 0.11627 0.0337755 -0.00639597 0.997503 0.0703289 -0.0204476 -0.116109 -0.0705954 0.990725 1.16685 0 0 0 1 
4215528470194;0.574823;0.477176;0.971268 -0.0370994 -0.235078 0.281914 -0.0332972 0.956875 -0.288585 0.312999 0.235646 0.288121 0.928147 -1.82122 0 0 0 1 
4215528470195;0.262201;0.176156;0.999497 0.028106 -0.014711 -0.0996493 -0.0274601 0.998723 0.0424074 0.160733 0.0158841 -0.0419821 0.998992 0.0998984 0 0 0 1 
4215528470196;0.705585;0.245762;0.999405 0.0236722 0.0250719 -0.114465 -0.026054 0.994709 0.0993779 0.156605 -0.0225867 -0.0999721 0.994734 0.907154 0 0 0 1 
4215528470197;0.958351;0.58932;0.97275 -0.0139368 -0.231439 -0.0571978 -0.00192233 0.997673 -0.0681577 -0.0193607 0.23185 0.0667453 0.970459 -0.482476 0 0 0 1 
4215528470198;0.657229;0.51376;0.991988 0.0261875 -0.123587 0.0842836 -0.0194667 0.998281 0.0552792 0.132099 0.124822 -0.0524305 0.990793 -0.631294 0 0 0 1 
4215528470199;0.280312;0.139425;0.957568 -0.0140751 0.287865 0.185192 -0.0570376 0.969797 0.23715 0.344222 -0.282509 -0.243507 0.927843 1.58519 0 0 0 1 
4215528470200;0.717676;0.611437;0.978013 0.059752 -0.199799 -0.181583 -0.041891 0.994835 0.0924597 0.222556 0.204292 -0.082057 0.975465 -0.51609 0 0 0 1 
4215528470201;0.269494;0.0556177;0.998636 -0.0245049 0.0460986 0.0337987 0.0255054 0.999449 -0.0212421 0.0818676 -0.0455527 0.0223889 0.998711 0.282164 0 0 0 1 
4215528470202;0.839096;0.477651;0.955745 -0.0265169 0.293 0.0396347 0.00910286 0.998118 0.0606383 -0.0736269 -0.294056 -0.0552876 0.954188 0.690032 0 0 0 1 
4215528470203;0.446878;0.445148;0.99979 0.0150709 -0.0138941 -0.0890944 -0.0149946 0.999872 0.00557953 0.0162195 0.0139764 -0.00537002 0.999888 -0.0259345 0 0 0 1 
4215528470204;0.245546;0.269376;0.999928 -0.00366728 -0.0114129 -0.0466806 0.0033741 0.999667 -0.0256024 0.0466453 0.0115029 0.0255621 0.999607 -0.0927684 0 0 0 1 
4215528470205;0.862633;0.0313488;0.999655 0.0257888 -0.00498896 -0.112481 -0.0257844 0.999667 0.000950939 -0.0465567 0.00501183 -0.000821973 0.999987 0.824673 0 0 0 1 
4215528470206;0.412937;0.25402;0.998589 0.0466779 -0.0253034 -0.134629 -0.0370986 0.954339 0.296414 0.137078 0.037984 -0.295057 0.954724 0.290508 0 0 0 1 
4215528470207;0.79837;0.0338638;0.997859 0.0610415 -0.0234699 0.358934 -0.044109 0.893152 0.447587 0.0511187 0.0482836 -0.445594 0.893932 0.285506 0 0 0 1 
4215528470208;0.797346;0.308496;0.998118 0.0144772 0.0595859 -0.17519 -0.0276318 0.973667 0.226292 0.193016 -0.0547408 -0.227513 0.972235 1.3968 0 0 0 1 
4215528470209;0.744174;0.0839917;0.999735 0.0148182 -0.0175944 -0.111118 -0.0152045 0.999642 -0.0220284 0.248965 0.0172617 0.0222901 0.999603 0.574696 0 0 0 1 
4215528470210;0.00963021;0.0372684;0.999975 -0.00582661 0.00400429 0.048411 0.00583616 0.99998 -0.00237939 -0.0302065 -0.00399034 0.0024027 0.999989 0.0049768 0 0 0 1 
4215528470211;0.575999;0.244727;0.994314 0.0361587 -0.10016 0.0348867 -0.0328941 0.998878 0.034056 0.24113 0.101279 -0.0305677 0.994388 -0.847924 0 0 0 1 
4215528470212;0.0961837;0.0518731;0.999275 -0.0363119 -0.011459 0.134202 0.0344792 0.990604 -0.132345 -0.127985 0.016157 0.131854 0.991138 -0.290873 0 0 0 1 
4215528470213;0.289621;0.218464;0.967961 -0.0609794 -0.243585 0.274277 -0.0197823 0.94853 -0.316068 0.204159 0.250321 0.31076 0.916934 -1.66668 0 0 0 1 
4215528470214;0.573067;0.169489;0.999304 -0.0057646 -0.036865 0.158385 0.00759843 0.99873 0.0497996 0.0364881 0.0365311 -0.050045 0.998079 -0.570769 0 0 0 1 
4215528470215;0.890995;0.371907;0.999976 -0.00603132 0.00330035 0.0312089 0.00607692 0.999884 -0.0139867 0.0579532 -0.0032156 0.0140065 0.999897 -0.816599 0 0 0 1 
4215528470217;1.22438;0.106097;0.999782 0.00773734 -0.0193905 0.359199 -0.0081925 0.99969 -0.0235047 0.244265 0.0192027 0.0236584 0.999536 -0.998254 0 0 0 1 
4215528470218;0.463441;0.626572;0.99946 -0.0313088 -0.00992685 0.119817 0.0290289 0.983427 -0.178967 -0.0895752 0.0153656 0.178582 0.983805 -1.12647 0 0 0 1 
4215528470219;1.25639;0.957544;0.996996 0.0639983 -0.0436244 -0.167628 -0.0488954 0.956885 0.286321 0.338037 0.0600676 -0.283328 0.95714 0.442401 0 0 0 1 
4215528470220;0.864498;0.111261;0.988176 0.0467659 0.146017 -0.309316 -0.10355 0.905898 0.41064 0.712687 -0.113073 -0.420905 0.90003 3.21641 0 0 0 1 
4215528470221;0.77456;0.796509;0.976056 -0.0117269 0.217204 -0.0290535 0.0077976 0.99979 0.0189386 -0.138117 -0.21738 -0.0167915 0.975943 2.27316 0 0 0 1 
4215528470222;0.34545;0.33188;0.998789 -0.0209438 0.0445227 0.0667268 0.0215135 0.999692 -0.0123557 -0.189144 -0.0442502 0.0132986 0.998932 0.305312 0 0 0 1 
4215528470223;0.822643;0.552267;0.994732 -0.057481 -0.0848759 0.601882 0.0467067 0.991197 -0.123879 -0.184128 0.0912495 0.119262 0.988661 -1.95798 0 0 0 1 
4215528470224;0.61224;0.373684;0.998067 -0.0288421 0.0550435 0.14913 0.0369621 0.987576 -0.152732 -0.185426 -0.0499545 0.154471 0.986734 -0.0704368 0 0 0 1 
4215528470225;0.96443;0.671066;0.999867 -0.00625607 0.0150881 0.0608267 0.00622546 0.999978 0.00207461 0.111387 -0.0151008 -0.0019804 0.999884 -0.0911762 0 0 0 1 
4215528470226;1.60186;0.446943;0.997694 0.0654067 0.0181052 -0.700299 -0.0672956 0.918924 0.388652 0.731819 0.00878313 -0.388974 0.921207 2.85963 0 0 0 1 
4215528470227;0.62327;0.249754;0.994379 0.00997493 0.105409 -0.0714016 -0.00282209 0.997696 -0.0677903 0.190795 -0.105842 0.0671118 0.992116 0.435833 0 0 0 1 
4215528470228;0.76285;0.786024;0.971949 0.0114767 -0.234913 0.507017 0.0105664 0.995669 0.0923617 -0.231227 0.234956 -0.092253 0.967618 -1.94578 0 0 0 1 
4215528470229;0.828483;0.104826;0.935788 0.0182228 -0.352091 0.705203 -0.0405627 0.997597 -0.0561759 0.689912 0.350221 0.0668505 0.934279 -4.05425 0 0 0 1 
4215528470230;1.52282;1.39183;0.999931 0.00661065 -0.00976027 -0.0842779 -0.00640206 0.999754 0.0212496 0.0825676 0.00989834 -0.0211857 0.999727 -0.0935735 0 0 0 1 
4215528470231;1.36079;1.23976;0.953808 0.0586325 -0.294639 0.702215 -0.0531371 0.998232 0.02663 0.562585 0.295679 -0.00974365 0.955238 -3.17663 0 0 0 1 
4215528470232;1.01124;0.488674;0.996253 0.0217973 0.0836996 -0.159946 -0.0257119 0.998611 0.0459804 0.134503 -0.0825811 -0.0479602 0.99543 0.664305 0 0 0 1 
4215528470233;0.360528;0.0472543;0.999724 -0.0208148 -0.0108691 0.174603 0.0209354 0.999719 0.0111071 -0.390807 0.0106348 -0.0113316 0.999879 0.083751 0 0 0 1 
4215528470234;0.247697;0.113523;1 -0.000161803 0.000354071 -0.0728477 0.000161578 1 0.000635137 -0.0186705 -0.000354173 -0.00063508 1 -0.046991 0 0 0 1 
4215528470235;1.12906;1.19004;0.982034 -0.071668 -0.174565 0.779337 0.033116 0.976169 -0.214471 0.0454137 0.185775 0.204837 0.961004 -3.15496 0 0 0 1 
4215528470236;0.421865;0.279238;0.990024 0.129645 -0.055186 -0.516335 -0.107607 0.948522 0.297869 1.04711 0.0909624 -0.288959 0.95301 0.538338 0 0 0 1 
4215528470237;1.6174;1.07131;0.999729 0.0196139 -0.0125662 -0.265462 -0.0194829 0.999755 0.0104631 0.0624206 0.0127683 -0.0102155 0.999866 0.638056 0 0 0 1 
4215528470238;1.42655;0.287861;0.974482 -0.0784545 0.210308 0.17563 0.108865 0.984549 -0.137155 -1.23138 -0.196298 0.156551 0.967966 2.02403 0 0 0 1 
4215528470239;1.23487;0.553875;0.993726 0.0449228 -0.102423 -0.300614 -0.0408069 0.998287 0.0419337 0.292569 0.104131 -0.0374911 0.993857 -0.286398 0 0 0 1 
4215528470240;1.31981;0.439145;0.996523 -0.0391969 0.0735189 0.00751419 0.0425603 0.998091 -0.0447543 -0.458354 -0.0716243 0.0477277 0.996289 1.21353 0 0 0 1 
4215528470241;0.144224;0.0595335;0.994704 -0.0481025 0.0908317 0.152444 0.0543693 0.996214 -0.0678284 -0.454076 -0.0872252 0.0724077 0.993554 0.471659 0 0 0 1 
4215528470242;0.341886;0.114992;0.995578 -0.0702127 0.0624119 0.291037 0.0771521 0.990154 -0.116797 -0.715144 -0.0535968 0.121096 0.991193 -0.202631 0 0 0 1 
4215528470243;0.806737;0.656731;0.998622 -0.0306318 0.0426231 0.102915 0.033209 0.997577 -0.0611332 -0.166512 -0.0406472 0.0624644 0.997219 -0.0406305 0 0 0 1 
4215528470244;0.044198;0.0369243;0.999544 0.0301581 0.00163067 -0.150035 -0.0301578 0.999545 -0.000243804 0.346872 -0.00163728 0.000194515 0.999999 -0.00427154 0 0 0 1 
4215528470245;1.65415;0.70513;0.999952 -0.00383165 0.0090232 0.121489 0.00438555 0.998055 -0.062189 0.264996 -0.00876736 0.0622255 0.998024 -1.11293 0 0 0 1 
4215528470246;0.359411;0.372127;0.992647 -0.0544042 0.108128 0.179708 0.0632794 0.994751 -0.0804185 -0.484296 -0.103185 0.0866694 0.990879 0.601756 0 0 0 1 
4215528470248;1.05013;0.993618;0.991939 0.0219851 -0.124796 -0.13436 -0.0259164 0.999215 -0.0299664 0.161481 0.124039 0.0329591 0.99173 -0.633912 0 0 0 1 
4215528470249;0.429566;0.020148;0.975651 -0.0490674 0.21377 0.228791 -0.0131959 0.959756 0.280524 0.0656902 -0.218931 -0.276514 0.93574 2.74306 0 0 0 1 
4215528470250;0.0803374;0.0729522;0.999206 0.034734 -0.0195349 -0.179607 -0.0331946 0.996686 0.0742609 0.135813 0.0220495 -0.0735535 0.997047 0.144286 0 0 0 1 
4215528470251;0.907231;0.808461;0.995399 -0.00633531 0.0956024 -0.0423187 -0.00174959 0.996443 0.084248 0.0262342 -0.0957961 -0.0840277 0.991848 0.690297 0 0 0 1 
4215528470252;0.54782;0.0195409;0.999796 0.017342 -0.0103838 0.00645981 -0.0171094 0.99961 0.0220838 0.0260134 0.0107627 -0.0219016 0.999702 -0.500324 0 0 0 1 
4215528470253;0.780027;0.684379;0.972626 0.0295223 -0.230492 0.145497 -0.0258529 0.999487 0.0189246 0.224806 0.230932 -0.0124477 0.97289 -1.39845 0 0 0 1 
4215528470254;0.503441;0.110982;0.977707 -0.00794122 0.209823 0.0375701 -0.029676 0.984028 0.175523 0.0445099 -0.207865 -0.177837 0.961855 1.49751 0 0 0 1 
4215528470255;0.683372;0.409711;0.996818 -0.0197316 0.0772249 -0.0367395 0.0264879 0.995815 -0.0874668 -0.263857 -0.0751759 0.0892341 0.99317 0.41732 0 0 0 1 
4215528470256;0.928983;0.49908;0.997238 0.0365685 -0.0646461 -0.296688 -0.0341133 0.998669 0.0386825 0.146666 0.0659746 -0.0363703 0.997158 0.414079 0 0 0 1 
4215528470257;0.749547;0.260267;0.995259 -0.0278024 -0.0931984 0.311127 0.0100347 0.98251 -0.185937 0.216402 0.0967378 0.184121 0.978132 -1.87576 0 0 0 1 
4215528470258;0.0650151;0.0311398;0.999777 -0.0205586 0.00482537 0.0596204 0.0205817 0.999777 -0.00478584 -0.113404 -0.0047259 0.00488409 0.999977 -0.0341394 0 0 0 1 
