#;prob_registration_l1 -r /home/probabilistic_point_clouds_registration/build/tester /home/point_clouds_registration_benchmark//devel/registration_pairs/planetary_map_local.txt /home/point_clouds_registration_benchmark//planetary/p2at_met -s 0.2 -t 0.2 -p 0.3 -r 1000 -m 5 -i 40 
id;initial_error;final_error;transformation
25528382210000;2.8561;1.76716;0.999971 -0.0069341 -0.00299635 -0.486252 0.00699007 0.999793 0.0190907 -0.0537257 0.00286335 -0.0191111 0.999813 1.20508 0 0 0 1 
25528382210001;2.11331;1.7246;0.999989 0.0021859 -0.0042277 0.156869 -0.00145345 0.986112 0.166075 -0.829839 0.00453201 -0.166067 0.986104 -9.01797 0 0 0 1 
25528382210002;1.70145;1.61931;0.974668 0.00409587 0.223621 0.697376 0.0509764 0.969448 -0.239941 -2.30291 -0.217772 0.245262 0.944681 13.6614 0 0 0 1 
25528382210003;1.37022;0.551968;0.999999 -0.000497666 -0.000945041 -0.244226 0.000504118 0.999976 0.00683916 -0.0151988 0.000941616 -0.00683963 0.999976 0.756532 0 0 0 1 
25528382210004;1.75339;1.36231;0.967158 -0.0382576 0.251279 -1.56652 0.00674427 0.992122 0.125094 -0.269172 -0.254086 -0.119291 0.959797 -5.52127 0 0 0 1 
25528382210005;0.735848;0.415884;0.993774 -0.00271423 0.111381 0.111401 0.0365926 0.952197 -0.303285 -3.08433 -0.105234 0.305472 0.946368 16.3483 0 0 0 1 
25528382210006;1.57164;0.575701;0.997597 0.00246155 -0.0692366 0.165961 -0.00389834 0.99978 -0.0206244 0.112287 0.0691706 0.0208447 0.997387 -0.908425 0 0 0 1 
25528382210007;1.73822;1.57023;0.999975 -0.0026474 -0.00658437 0.00181835 0.00230633 0.998682 -0.0512789 -0.215585 0.00671145 0.0512625 0.998663 2.0224 0 0 0 1 
25528382210008;0.906109;0.893412;0.995468 0.00498245 0.0949702 0.442826 -0.00618898 0.999904 0.012414 0.0572533 -0.0948992 -0.0129455 0.995403 -0.156239 0 0 0 1 
25528382210009;0.490985;0.346274;0.971608 0.0296308 -0.234734 1.41273 -0.00492974 0.994447 0.105125 -0.0482788 0.236545 -0.100984 0.966358 -6.62579 0 0 0 1 
25528382210010;2.17163;1.44879;0.989451 -0.0285477 -0.142029 -1.31287 -0.035433 0.902926 -0.428333 -4.2368 0.140469 0.428847 0.892389 18.2485 0 0 0 1 
25528382210011;2.42393;2.03475;0.999764 0.0197585 -0.00902518 1.1538 -0.0183261 0.990277 0.1379 -0.243581 0.0116621 -0.137702 0.990405 -8.43649 0 0 0 1 
25528382210012;1.04957;0.595777;0.997742 -0.00835044 -0.0666452 -0.505945 0.0042072 0.998063 -0.0620686 -0.423819 0.0670344 0.061648 0.995844 3.24325 0 0 0 1 
25528382210013;1.47687;1.25573;0.999996 -0.00189755 0.0022628 -0.0636894 0.00188463 0.999982 0.00569987 -0.0353856 -0.00227358 -0.00569558 0.999981 0.35452 0 0 0 1 
25528382210014;2.77484;2.30188;0.983672 -0.0243823 0.178311 -0.667248 -0.0417072 0.932924 0.35765 -2.69603 -0.175071 -0.359248 0.916674 -15.9734 0 0 0 1 
25528382210015;1.8346;1.65811;0.996713 0.0014504 0.0809947 0.159805 0.00385258 0.99786 -0.0652786 -0.250212 -0.080916 0.0653761 0.994575 4.4878 0 0 0 1 
25528382210016;0.567147;0.316397;0.994023 0.0163212 -0.107946 0.769715 0.0016402 0.986418 0.164249 -0.599128 0.10916 -0.163444 0.980495 -9.38705 0 0 0 1 
25528382210017;2.04883;1.48647;0.949642 0.0480289 -0.309635 1.96864 0.0247041 0.97363 0.226791 -1.21482 0.312363 -0.223019 0.923413 -12.0859 0 0 0 1 
25528382210018;2.95759;1.86585;0.999485 0.0310909 -0.00789769 1.27178 -0.0257098 0.923637 0.382405 -2.77748 0.0191839 -0.382005 0.923961 -17.2492 0 0 0 1 
25528382210019;2.21355;1.99667;0.995923 0.00478026 0.0900795 0.437393 -0.00450257 0.999984 -0.00328565 0.186856 -0.0900938 0.00286666 0.995929 -0.17286 0 0 0 1 
25528382210020;0.308749;0.202867;0.98431 -0.0138092 0.175906 -0.384589 0.0578257 0.967122 -0.247651 -2.3955 -0.166702 0.253937 0.952747 13.6712 0 0 0 1 
25528382210021;1.80312;1.49544;0.999948 0.00543084 -0.00868582 0.253536 -0.0049004 0.998188 0.0599666 -0.0831661 0.00899575 -0.0599209 0.998163 -2.27624 0 0 0 1 
25528382210022;2.94324;2.66898;0.875903 -0.0248417 -0.481847 -1.23537 -0.0119588 0.997249 -0.0731521 -0.101022 0.482339 0.0698365 0.873197 0.743192 0 0 0 1 
25528382210023;1.21687;1.141;0.889857 -0.00423195 -0.456221 0.0539306 -0.0346274 0.996446 -0.0767838 0.191501 0.454924 0.0841243 0.886548 0.47444 0 0 0 1 
25528382210024;1.44022;1.33298;0.999256 -0.0107226 0.0370357 -0.481394 0.0119078 0.999419 -0.0319307 -0.193591 -0.0366718 0.0323479 0.998804 1.36845 0 0 0 1 
25528382210025;2.35204;2.26117;0.999984 0.00111883 -0.00551184 0.185586 -0.00106997 0.99996 0.00885973 -0.0909556 0.00552153 -0.00885369 0.999946 -0.660505 0 0 0 1 
25528382210026;1.69358;0.530844;0.99755 -0.00831689 0.0694658 -0.470934 0.00695295 0.999779 0.0198535 0.208107 -0.0696156 -0.0193219 0.997387 -2.00746 0 0 0 1 
25528382210027;2.42888;1.72171;0.997559 -0.0105569 0.0690308 -0.553171 0.0124057 0.999574 -0.0264089 -0.289167 -0.0687226 0.0272008 0.997265 3.5401 0 0 0 1 
25528382210028;0.814222;0.276807;0.970705 0.000722081 -0.240272 0.24904 -0.020529 0.996588 -0.0799428 0.0690295 0.239394 0.0825334 0.967408 1.71773 0 0 0 1 
25528382210029;0.390701;0.321017;0.971466 -0.0513811 -0.231545 -2.52477 -0.016448 0.959307 -0.281884 -2.24183 0.236607 0.277649 0.93109 11.9654 0 0 0 1 
25528382210031;1.54457;0.749237;0.999739 0.013285 -0.0186033 0.441785 -0.0122997 0.998566 0.0521099 -0.0590001 0.0192689 -0.0518674 0.998468 -3.21319 0 0 0 1 
25528382210032;0.49374;0.45395;0.999905 0.0136337 -0.0020845 0.396727 -0.0132693 0.992171 0.124183 -0.0037599 0.00376125 -0.124144 0.992257 -3.77119 0 0 0 1 
25528382210033;0.496545;0.337468;0.998335 0.0042544 0.0575281 0.143887 -0.0052458 0.99984 0.0170932 0.0176247 -0.0574461 -0.0173665 0.998198 -0.51507 0 0 0 1 
25528382210034;1.67751;1.28562;0.999571 -0.00994133 -0.0275523 -0.206204 0.00707357 0.994729 -0.102293 -0.175589 0.028424 0.102054 0.994373 1.83185 0 0 0 1 
25528382210035;1.14274;0.438326;0.996806 0.0120007 -0.0789559 0.439992 -0.0083233 0.998872 0.0467412 -0.0583275 0.0794278 -0.0459347 0.995782 -3.29301 0 0 0 1 
25528382210036;0.657758;0.285664;0.998751 0.00881952 0.0491748 0.259523 -0.0147258 0.992535 0.121072 0.0513124 -0.0477399 -0.121645 0.991425 -2.76317 0 0 0 1 
25528382210037;0.42747;0.208924;0.943003 0.0139256 -0.332492 0.694885 0.0067312 0.998122 0.0608946 -0.143316 0.332715 -0.0596618 0.941138 -5.11293 0 0 0 1 
25528382210038;2.16463;1.5804;0.995257 -0.0102337 -0.0967454 -0.493532 0.00693923 0.999387 -0.0343282 -0.153469 0.0970374 0.033494 0.994717 1.76898 0 0 0 1 
25528382210039;1.45509;1.23641;0.999769 0.00751967 0.0201349 0.183521 -0.00882282 0.997818 0.0654348 0.0927514 -0.0195989 -0.0655974 0.997654 -1.06837 0 0 0 1 
25528382210040;1.05221;1.01678;0.995834 -0.00781613 -0.0908449 -0.215849 0.00344083 0.998831 -0.0482194 -0.071875 0.0911156 0.0477059 0.994697 0.411699 0 0 0 1 
25528382210041;1.71424;0.908003;0.909002 -0.0161134 0.416481 0.93841 -0.010574 0.998039 0.061692 0.158062 -0.416658 -0.060482 0.907049 3.33685 0 0 0 1 
25528382210042;0.574012;0.395542;0.98853 -0.00533475 0.150931 0.06572 0.0542962 0.94511 -0.32221 -2.50678 -0.140928 0.326709 0.934559 11.5501 0 0 0 1 
25528382210043;0.513876;0.292445;0.999821 0.0148187 0.0117401 0.515684 -0.0169069 0.978729 0.204462 -0.358618 -0.00846054 -0.204624 0.978804 -6.6842 0 0 0 1 
25528382210044;0.355334;0.207825;0.914499 -0.0183359 0.404173 0.547005 -0.0392062 0.990255 0.133634 0.145796 -0.402685 -0.138054 0.904868 -0.907594 0 0 0 1 
25528382210045;1.15928;1.10121;0.999261 -0.00172737 -0.0383957 -0.0763451 -5.48653e-05 0.998924 -0.0463681 -0.0456959 0.0384345 0.0463359 0.998186 0.803976 0 0 0 1 
25528382210046;2.5411;1.30813;0.995085 0.0148964 0.0978956 0.619601 -0.0531432 0.914523 0.401029 -2.25525 -0.0835538 -0.404261 0.91082 -13.891 0 0 0 1 
25528382210047;2.63214;2.21446;0.963107 -0.0770582 -0.257851 -2.56604 -0.0161781 0.939819 -0.34129 -2.286 0.268632 0.33287 0.903899 8.72567 0 0 0 1 
25528382210048;0.0550198;0.0702398;0.999748 0.00606128 -0.0216298 0.104245 -0.00638264 0.99987 -0.0148195 0.0417054 0.0215372 0.0149538 0.999656 0.201311 0 0 0 1 
25528382210049;0.624254;0.367245;0.999047 0.0153208 0.040859 0.486148 -0.0238759 0.975669 0.217946 -0.309622 -0.0365257 -0.218714 0.975105 -5.96016 0 0 0 1 
25528382210050;1.7141;0.315608;0.999692 0.0110952 0.0221822 0.251664 -0.00997973 0.99871 -0.0497811 0.147408 -0.022706 0.0495444 0.998514 3.55503 0 0 0 1 
25528382210051;0.731618;0.730795;0.998814 0.0140328 -0.0466207 0.374365 -0.00954559 0.995421 0.0951143 0.00819661 0.0477419 -0.0945565 0.994374 -3.29217 0 0 0 1 
25528382210052;0.501673;0.417961;0.945968 0.019314 -0.323683 0.807111 0.0188386 0.993265 0.114324 -0.254852 0.323711 -0.114244 0.939233 -6.29528 0 0 0 1 
25528382210053;0.245766;0.27143;0.996417 -0.000724399 0.084572 -0.00809498 0.0130256 0.989347 -0.144992 -0.572566 -0.083566 0.145574 0.985812 5.05374 0 0 0 1 
25528382210054;2.27774;1.78976;0.998424 -0.00154704 0.0561081 -0.0247811 0.00450666 0.998602 -0.0526604 -0.0810631 -0.0559482 0.0528302 0.997035 3.4963 0 0 0 1 
25528382210055;0.613367;0.593283;0.996944 0.00631588 -0.0778675 0.117454 -0.00366087 0.999409 0.0341922 0.0328629 0.0780374 -0.0338027 0.996377 -1.57567 0 0 0 1 
25528382210056;2.21606;2.04508;0.992975 0.0339356 -0.11335 1.12845 -0.00804341 0.975132 0.221479 -0.631907 0.118048 -0.219012 0.968555 -8.52297 0 0 0 1 
25528382210057;2.17431;2.0244;0.99996 -0.00313941 -0.00834115 -0.202009 0.00283986 0.999359 -0.035685 -0.128996 0.00844783 0.0356599 0.999328 1.78767 0 0 0 1 
25528382210058;0.777574;0.549786;0.94388 0.0850545 -0.31915 2.73671 0.0404725 0.929208 0.367334 -2.23641 0.3278 -0.359636 0.873618 -13.7863 0 0 0 1 
25528382210059;0.655634;0.259798;0.998486 0.0182955 -0.0518729 0.550074 -0.0133404 0.995454 0.0943086 -0.0676315 0.0533625 -0.0934738 0.994191 -4.05318 0 0 0 1 
25528382210060;1.3379;0.35851;0.944953 -0.0509708 -0.323213 -1.77905 -0.0157369 0.97957 -0.200487 -0.858634 0.326828 0.194537 0.924845 4.38724 0 0 0 1 
25528382210062;1.314;1.05017;0.996318 0.0082041 -0.0853377 0.336909 -0.00404347 0.9988 0.0488139 -0.0221702 0.0856357 -0.0482891 0.995156 -2.05089 0 0 0 1 
25528382210063;2.15505;1.47276;0.999977 -0.00658557 -0.00157668 -0.402371 0.00649571 0.998654 -0.0514657 0.043205 0.00191349 0.0514543 0.998674 3.06325 0 0 0 1 
25528382210064;0.553066;0.453449;0.984965 -0.00345789 0.172718 -0.223605 0.0295683 0.98842 -0.148831 -0.78076 -0.170204 0.1517 0.973662 10.1752 0 0 0 1 
25528382210065;1.61508;0.633346;0.99439 0.0269537 -0.102279 1.96758 -0.00923307 0.985415 0.16992 -0.975085 0.105368 -0.168022 0.980136 -12.3444 0 0 0 1 
25528382210066;1.78743;1.03542;0.999958 0.00284572 0.00872731 0.157066 -0.0030532 0.999711 0.0238534 0.0135068 -0.00865691 -0.0238791 0.999677 -0.869393 0 0 0 1 
25528382210067;0.672032;0.566406;0.993868 -0.0138726 -0.109702 -1.89547 0.00373313 0.995743 -0.0920981 -0.63339 0.110512 0.0911238 0.989689 11.8687 0 0 0 1 
25528382210068;1.84994;0.830185;0.997909 0.00618779 -0.064338 -0.0230455 -0.00302642 0.998788 0.0491187 0.0956778 0.064564 -0.0488213 0.996719 -1.49665 0 0 0 1 
25528382210069;2.23987;0.379238;0.981269 -0.0291419 -0.190424 -3.2814 -0.0159489 0.972808 -0.231062 -3.11471 0.19198 0.229771 0.954122 24.8771 0 0 0 1 
25528382210070;2.2156;0.92587;0.999965 -0.000284907 -0.00835085 -0.255113 0.000309748 0.999996 0.0029735 -0.0291237 0.00834996 -0.00297598 0.999961 2.29464 0 0 0 1 
25528382210071;1.44584;1.24656;0.99904 -0.0434649 0.00544425 -4.30495 0.0411865 0.889724 -0.454636 -11.0534 0.0149169 0.454424 0.890661 44.5339 0 0 0 1 
25528382210072;1.6175;1.64719;0.998379 -0.0376885 -0.0426515 -3.93919 0.0197822 0.932412 -0.360856 -7.30421 0.0533689 0.359427 0.931646 37.1926 0 0 0 1 
25528382210073;2.148;0.39541;0.999028 0.00449698 -0.0438518 -0.0993796 -0.00254971 0.999012 0.0443611 0.148052 0.0440079 -0.0442062 0.998053 -0.877927 0 0 0 1 
25528382210074;1.21241;0.386609;0.99132 -0.00570831 0.131345 -0.392431 0.00368885 0.999871 0.0156134 0.164914 -0.131417 -0.0149934 0.991214 -6.37711 0 0 0 1 
25528382210075;0.469924;0.151121;0.967764 -0.0286351 -0.250227 -4.27544 -0.0124888 0.986838 -0.161231 -1.99886 0.25155 0.159159 0.954668 21.4094 0 0 0 1 
25528382210076;1.94829;1.26382;0.999908 0.0070131 -0.0115825 0.398103 -0.00607242 0.996829 0.0793443 0.117773 0.0121022 -0.0792667 0.99678 -5.62987 0 0 0 1 
25528382210077;1.55351;0.714997;0.99985 0.010205 -0.013967 1.15095 -0.00926385 0.997786 0.0658622 -0.225156 0.0146082 -0.065723 0.997731 -8.05535 0 0 0 1 
25528382210078;1.78754;1.49325;0.999811 0.00270347 0.0192575 0.255502 -0.00326773 0.999564 0.0293298 0.000520005 -0.0191698 -0.0293872 0.999384 -2.4558 0 0 0 1 
25528382210079;0.52952;0.341579;0.966403 -0.0192559 -0.256309 -3.49016 -0.00801558 0.994447 -0.104933 -1.03192 0.256906 0.103462 0.960882 16.2058 0 0 0 1 
25528382210080;0.579865;0.167743;0.999953 0.000882745 -0.00968546 0.00531206 -0.000876581 0.999999 0.000640641 -0.0231217 0.00968602 -0.000632121 0.999953 0.747807 0 0 0 1 
25528382210081;1.6725;1.65058;0.999615 -0.00898413 0.0262468 -0.783753 0.01079 0.997524 -0.0694938 -0.159795 -0.0255575 0.0697502 0.997237 6.06581 0 0 0 1 
25528382210082;1.80785;0.271875;0.959618 -0.0120144 0.281051 -1.13785 -0.0285997 0.989744 0.13996 -1.17294 -0.27985 -0.142346 0.949432 -19.3815 0 0 0 1 
25528382210083;0.928935;0.249255;0.982017 -0.0361533 -0.185298 -4.81104 -0.00301021 0.97837 -0.206842 -2.99705 0.188768 0.203681 0.960667 25.7588 0 0 0 1 
25528382210084;1.83208;1.44412;0.998875 -0.0150815 -0.0449633 -1.54033 0.00919412 0.991683 -0.128379 -0.823469 0.0465255 0.127821 0.990705 12.2814 0 0 0 1 
25528382210085;0.401662;0.260044;0.99367 0.0496506 -0.100772 4.55654 -0.0170226 0.953219 0.301802 -4.23932 0.111042 -0.298176 0.94803 -27.4738 0 0 0 1 
25528382210086;1.45129;1.29143;0.996791 0.00135564 -0.080035 -0.291981 -0.00364601 0.999588 -0.0284779 -0.230367 0.0799634 0.0286783 0.996385 5.58225 0 0 0 1 
25528382210087;0.345605;0.151142;0.939111 -0.00401138 0.343589 -0.873616 0.0338957 0.996136 -0.0810152 0.175239 -0.341937 0.0877285 0.935619 0.0693313 0 0 0 1 
25528382210088;0.167837;0.155635;0.999943 -0.00196627 -0.0105177 -0.21526 0.00197829 0.999997 0.00113271 0.0512927 0.0105154 -0.00115345 0.999944 -0.160029 0 0 0 1 
25528382210089;1.83562;1.82517;0.999843 -0.00282742 0.0175146 -0.213448 0.00340867 0.999441 -0.0332464 -0.048226 -0.0174108 0.0333009 0.999294 2.5076 0 0 0 1 
25528382210090;2.15758;0.154094;0.999991 0.00150888 -0.00396984 -0.0432931 -0.00161721 0.999622 -0.0274282 -0.233584 0.00392696 0.0274344 0.999616 5.37432 0 0 0 1 
25528382210091;0.893388;0.487256;0.999845 -0.0139331 0.0107419 -1.44143 0.0151731 0.991958 -0.125652 -0.874967 -0.00890482 0.125796 0.992016 12.9396 0 0 0 1 
25528382210093;1.89713;0.192526;0.977835 0.0510806 -0.203051 -0.999831 -0.0310412 0.994435 0.10068 -0.564124 0.207063 -0.0921454 0.973978 4.41402 0 0 0 1 
25528382210094;0.825331;0.391979;0.997992 0.029138 -0.0562425 0.136595 -0.00902494 0.944266 0.329061 0.115723 0.062696 -0.327893 0.942632 -1.97379 0 0 0 1 
25528382210095;0.858473;0.708606;0.961023 0.05963 0.26996 0.338211 -0.0989561 0.985962 0.134487 -1.57296 -0.258151 -0.15596 0.953433 -4.48584 0 0 0 1 
25528382210096;0.8797;0.404995;0.961697 0.034482 0.271938 0.308374 -0.131273 0.928833 0.346463 -1.94667 -0.240638 -0.368891 0.897782 -6.9016 0 0 0 1 
25528382210097;2.1961;1.58242;0.999234 -0.00368235 0.0389617 0.295919 0.00360343 0.999991 0.00209551 -0.0164451 -0.0389691 -0.00195351 0.999239 -1.94366 0 0 0 1 
25528382210098;1.08082;0.361772;0.999858 0.0164954 -0.00330392 0.299925 -0.0167108 0.996494 -0.0819738 -0.885389 0.00194014 0.0820174 0.996629 -0.126196 0 0 0 1 
25528382210099;0.565162;0.504341;0.951315 -0.0195493 -0.307599 -1.6045 -0.0150238 0.993859 -0.109628 -0.592024 0.307853 0.108913 0.94518 5.59904 0 0 0 1 
25528382210100;1.81678;1.74635;0.999301 0.0313742 0.020304 0.322895 -0.0352204 0.972318 0.230993 -0.17989 -0.0124947 -0.231547 0.972744 -1.56613 0 0 0 1 
25528382210101;0.708323;0.511473;0.999059 -0.0328048 -0.0283815 -0.412102 0.0317172 0.998776 -0.0379581 0.355374 0.029592 0.0370222 0.998876 1.18126 0 0 0 1 
25528382210102;2.25601;1.82884;0.99601 -0.0160239 -0.0877894 -0.0348133 0.00403313 0.990825 -0.135094 -0.339362 0.0891486 0.134201 0.986936 0.971859 0 0 0 1 
25528382210103;0.72475;0.479627;0.999812 0.0178774 -0.00755419 0.148762 -0.0172953 0.997316 0.0711445 -0.15125 0.00880579 -0.0710005 0.997437 0.311097 0 0 0 1 
25528382210104;2.73972;1.74459;0.989661 0.0552518 -0.13236 -0.225339 -0.018649 0.96456 0.263203 0.2183 0.142212 -0.258013 0.955618 2.55506 0 0 0 1 
25528382210105;1.37462;1.0668;0.986339 -0.0105555 0.16439 0.0793711 0.0948122 0.852452 -0.514136 -0.382774 -0.134708 0.522698 0.841808 -0.0230736 0 0 0 1 
25528382210106;1.98093;0.172364;0.993675 -0.0678617 -0.0894685 -0.228275 0.0283368 0.922488 -0.384985 -0.083724 0.108659 0.380015 0.918576 2.19229 0 0 0 1 
25528382210107;2.7132;2.12559;0.999573 0.000494628 0.0292104 0.266761 -0.00195162 0.998754 0.0498718 0.0121533 -0.0291493 -0.0499076 0.998328 -2.38643 0 0 0 1 
25528382210108;2.24596;1.44502;0.979672 0.0323711 -0.197978 -0.0470742 -0.0339887 0.999411 -0.00477723 -0.939479 0.197707 0.0114091 0.980195 1.96256 0 0 0 1 
25528382210109;1.35089;0.331105;0.997106 0.00156582 0.0760115 0.346787 0.00624666 0.99472 -0.102434 -0.031539 -0.0757706 0.102612 0.991831 -1.72602 0 0 0 1 
25528382210110;1.54595;1.27567;0.997371 0.0692798 -0.0212686 0.362572 -0.0489741 0.860644 0.506846 -0.248096 0.0534189 -0.504472 0.861774 -2.41659 0 0 0 1 
25528382210111;0.364366;0.169042;0.984632 -0.0166212 -0.173851 -0.795496 0.00775914 0.998641 -0.0515308 -0.0621308 0.174471 0.0493899 0.983423 3.32137 0 0 0 1 
25528382210112;2.44837;1.9836;0.993476 -0.0345601 0.108682 -0.123425 0.00834021 0.972443 0.232992 0.743646 -0.113739 -0.230565 0.966387 -1.65784 0 0 0 1 
25528382210113;0.357128;0.260687;0.999579 0.0265157 0.0117423 0.22563 -0.0270466 0.998499 0.0476304 -0.404634 -0.0104617 -0.047928 0.998796 -0.0834118 0 0 0 1 
25528382210114;2.52967;0.966299;0.944229 -0.0695143 0.321868 -0.935048 0.171431 0.938327 -0.300256 2.12248 -0.281145 0.338688 0.897913 -4.4955 0 0 0 1 
25528382210115;1.99023;0.273482;0.997852 -0.0061574 -0.0652178 -0.57072 0.00656619 0.99996 0.00605546 0.24852 0.0651779 -0.00647068 0.997853 3.01299 0 0 0 1 
25528382210116;0.274109;0.236504;0.998522 0.0199416 -0.0505494 -0.137381 -0.00691323 0.96929 0.245822 0.342729 0.0538992 -0.24511 0.967996 -0.630645 0 0 0 1 
25528382210117;0.456139;0.278785;0.974878 0.0334165 0.220218 0.30631 -0.0735473 0.981523 0.176646 -0.941005 -0.210246 -0.188405 0.959323 -4.61694 0 0 0 1 
25528382210118;1.00279;0.228036;0.998777 -0.00566447 0.0491258 0.0214586 0.00542845 0.999973 0.00493664 0.131411 -0.0491524 -0.00466393 0.99878 -1.71826 0 0 0 1 
25528382210119;1.53716;1.10652;0.995384 0.0209994 0.0936499 0.0822521 0.00180965 0.97149 -0.237075 -1.05451 -0.0959584 0.23615 0.966967 0.583179 0 0 0 1 
25528382210120;1.16367;0.641399;0.999466 -0.014077 0.0294821 -0.0296162 0.013089 0.999355 0.0334405 0.52128 -0.0299339 -0.0330367 0.999006 0.201172 0 0 0 1 
25528382210121;1.92017;1.68448;0.997865 0.0227657 0.0612211 0.38329 -0.0356659 0.975136 0.218717 -0.345455 -0.0547196 -0.220434 0.973866 -3.30634 0 0 0 1 
25528382210122;1.42171;0.549425;0.995546 0.0114255 -0.0935806 0.129136 -0.0150768 0.999149 -0.0384035 -0.206914 0.0930622 0.0396434 0.994871 0.435629 0 0 0 1 
25528382210124;1.41534;0.54452;0.999805 0.0129695 -0.0149053 1.17537 -0.0121146 0.998353 0.056078 -0.365442 0.0156081 -0.0558865 0.998315 -5.92192 0 0 0 1 
25528382210125;0.633729;0.337676;0.99161 -0.0422774 -0.122153 -3.61545 0.0248585 0.989733 -0.140753 -0.82889 0.126849 0.136535 0.98248 12.0038 0 0 0 1 
25528382210126;0.445145;0.301743;0.951949 -0.00980756 -0.306099 -1.57847 0.0161426 0.999705 0.0181713 0.0915367 0.305831 -0.0222394 0.951826 -0.0906019 0 0 0 1 
25528382210127;0.670288;0.613468;0.998433 -0.0136318 -0.0542768 -1.19261 0.0100128 0.997743 -0.066398 -0.235116 0.0550594 0.0657504 0.996316 5.67142 0 0 0 1 
25528382210128;2.24311;1.79585;0.999977 -0.00546979 0.00398573 -0.212444 0.00556498 0.99969 -0.0242754 -0.109332 -0.00385171 0.024297 0.999697 -0.0491297 0 0 0 1 
25528382210129;1.80511;1.49663;0.984496 0.0140876 0.174838 1.36734 -0.0151882 0.999872 0.00495843 0.0992439 -0.174746 -0.00753702 0.984585 -0.269123 0 0 0 1 
25528382210130;0.986557;0.160798;0.999001 0.0111101 0.0432956 0.856946 -0.0144934 0.996798 0.0786311 -0.0466751 -0.0422834 -0.07918 0.995963 -5.3809 0 0 0 1 
25528382210131;2.11864;1.89098;0.983997 -0.11461 -0.136432 -9.11604 0.0428909 0.895523 -0.442943 -8.45799 0.172944 0.430003 0.886108 34.239 0 0 0 1 
25528382210132;0.163045;0.164226;0.999935 -0.000207037 -0.0114156 -0.0406682 -0.000155885 0.999495 -0.0317817 -0.101548 0.0114164 0.0317814 0.99943 2.37505 0 0 0 1 
25528382210133;1.8377;0.915865;0.999877 -0.00146861 -0.0156005 -0.384447 0.0012817 0.999927 -0.0119838 0.05433 0.0156169 0.0119624 0.999806 2.94518 0 0 0 1 
25528382210134;1.18998;0.872385;0.999995 -0.00270011 0.00135719 -0.301472 0.0027432 0.999458 -0.0328196 -0.0339769 -0.00126783 0.0328232 0.99946 3.47493 0 0 0 1 
25528382210135;0.879278;0.725665;0.999204 0.00801488 0.0390786 0.606546 -0.0097529 0.998962 0.0444891 -0.0127386 -0.0386815 -0.0448348 0.998245 -3.13328 0 0 0 1 
25528382210136;1.20454;1.06592;0.937852 0.0300614 0.345731 2.61356 0.0268239 0.986981 -0.158583 -1.03699 -0.345997 0.158001 0.924836 11.2482 0 0 0 1 
25528382210137;0.490225;0.514134;0.999856 -0.00930712 0.0141625 -0.643568 0.0102637 0.997561 -0.0690439 -0.274757 -0.0134854 0.0691793 0.997513 5.09585 0 0 0 1 
25528382210138;0.898047;0.913283;0.999895 -0.00797914 0.012085 -0.55939 0.00903388 0.99591 -0.0898993 -0.42883 -0.0113182 0.0899991 0.995878 6.661 0 0 0 1 
25528382210139;0.258844;0.226264;0.998397 -0.00249058 0.056536 -0.112797 0.00534755 0.998713 -0.0504389 -0.182331 -0.0563376 0.0506604 0.997126 3.70296 0 0 0 1 
25528382210140;1.51354;1.36502;0.999521 -0.00849595 0.0297536 -0.567883 0.0118013 0.993554 -0.11274 -0.647109 -0.028604 0.113038 0.993179 7.90082 0 0 0 1 
25528382210141;0.177514;0.163847;0.968231 0.0161013 0.249539 1.44665 -0.0316231 0.997797 0.0583183 -0.266225 -0.24805 -0.0643568 0.966607 -6.63457 0 0 0 1 
25528382210142;1.7221;1.47651;0.991123 0.0114265 -0.132459 0.515277 0.00671261 0.990728 0.135691 -0.335752 0.132782 -0.135376 0.981857 -9.4396 0 0 0 1 
25528382210143;1.74732;1.68534;0.99384 -0.0154937 -0.109739 -1.44152 0.0108795 0.999036 -0.0425215 -0.00178462 0.110292 0.0410656 0.993051 3.90295 0 0 0 1 
25528382210144;0.62636;0.65083;0.985211 -0.0126969 -0.170877 -1.34776 0.01239 0.999919 -0.00286232 0.078521 0.1709 0.000702825 0.985288 0.939406 0 0 0 1 
25528382210145;2.23099;1.76946;0.982812 0.0152797 0.183975 1.3704 -0.0253537 0.998297 0.05253 -0.0659034 -0.182859 -0.0562915 0.981526 -3.86872 0 0 0 1 
25528382210146;0.123351;0.132773;0.987664 0.00342966 0.156548 0.484692 -0.00380466 0.999991 0.00209579 -0.0155259 -0.156539 -0.00266555 0.987668 -1.19267 0 0 0 1 
25528382210147;2.1323;0.33954;0.999947 0.00148518 0.0101771 -0.134642 -0.0013303 0.999883 -0.0152082 0.118768 -0.0101985 0.0151938 0.999833 3.73066 0 0 0 1 
25528382210148;1.17842;0.511764;0.99997 -0.003333 -0.00695104 -0.376407 0.00301199 0.998951 -0.0456915 -0.0965342 0.00709604 0.0456692 0.998931 4.7908 0 0 0 1 
25528382210149;1.8032;1.6889;0.974725 0.0341673 -0.220782 2.23898 0.0211038 0.969736 0.243243 -1.977 0.222411 -0.241755 0.944504 -18.3938 0 0 0 1 
25528382210150;1.89528;1.86308;0.991447 0.00318904 0.130469 0.406872 0.0104149 0.99458 -0.103454 -0.460514 -0.130092 0.103928 0.98604 7.34735 0 0 0 1 
25528382210151;1.38396;0.525839;0.999997 0.00201869 0.00154466 0.376189 -0.00201528 0.999996 -0.00220506 -0.122922 -0.00154911 0.00220194 0.999996 -1.63661 0 0 0 1 
25528382210152;1.90731;1.80752;0.999483 0.00589918 -0.0316129 0.530717 -0.00334488 0.996769 0.0802512 -0.277959 0.0319842 -0.0801039 0.996273 -7.16721 0 0 0 1 
25528382210153;0.627318;0.201028;0.968553 -0.056974 -0.242196 -5.1663 0.0161361 0.985764 -0.167361 -1.28357 0.248283 0.15819 0.955684 14.4669 0 0 0 1 
25528382210155;0.972428;0.594598;0.996663 -0.043439 -0.0691057 -2.8944 0.00922533 0.901153 -0.433403 -7.29676 0.0811014 0.431319 0.898547 27.0903 0 0 0 1 
25528382210156;1.01473;0.747753;0.991479 0.00757769 -0.130047 0.0510857 -0.00180431 0.99901 0.0444551 -0.00967627 0.130255 -0.0438416 0.990511 -1.27987 0 0 0 1 
25528382210157;0.233342;0.252572;0.998343 -0.00295778 -0.0574659 -0.379961 -0.000588891 0.998101 -0.0616031 -0.352951 0.0575389 0.0615348 0.996445 4.85039 0 0 0 1 
25528382210158;0.218897;0.187567;0.999954 -0.00284557 -0.00919164 -0.207274 0.00289356 0.999982 0.00521203 0.103057 0.00917664 -0.00523839 0.999944 -0.416034 0 0 0 1 
25528382210159;0.424214;0.221263;0.968784 -0.00909822 0.24774 -0.398285 0.0929401 0.93977 -0.328929 -2.50706 -0.229826 0.341686 0.91128 14.5885 0 0 0 1 
25528382210160;0.944861;0.835047;0.999115 -0.0125322 -0.0401526 -0.819165 0.004656 0.981669 -0.190537 -1.69184 0.0418044 0.190181 0.980859 11.8324 0 0 0 1 
25528382210161;0.607772;0.413025;0.983871 -0.00917471 0.178643 -0.352269 0.030541 0.992636 -0.117225 -0.0934263 -0.176252 0.12079 0.976906 1.71288 0 0 0 1 
25528382210162;0.465464;0.256698;0.991917 0.0026126 0.126862 0.396631 -0.0204067 0.990058 0.139168 -0.581713 -0.125237 -0.140632 0.982109 -12.0082 0 0 0 1 
25528382210163;0.301031;0.210687;0.999901 0.00745513 -0.0119185 0.360209 -0.00707066 0.999463 0.031981 0.0108043 0.0121505 -0.0318936 0.999417 -1.1913 0 0 0 1 
25528382210164;0.262538;0.252133;0.999995 -0.00301163 0.00115408 -0.198088 0.00300656 0.999986 0.004364 0.0943648 -0.0011672 -0.00436051 0.99999 -0.489034 0 0 0 1 
25528382210165;0.165591;0.173703;0.999909 0.00590505 -0.0121691 0.284025 -0.00469774 0.995278 0.0969546 -0.0329235 0.0126842 -0.0968886 0.995214 -5.33753 0 0 0 1 
25528382210166;1.12952;0.751754;0.973288 0.00494277 -0.229534 -0.678029 0.0040178 0.999248 0.0385544 0.114339 0.229552 -0.0384468 0.972537 0.873284 0 0 0 1 
25528382210167;0.708722;0.200655;0.994923 -0.0106646 -0.100075 -1.36489 0.00446826 0.99807 -0.0619381 -0.316989 0.100542 0.0611764 0.99305 7.35819 0 0 0 1 
25528382210168;1.1418;0.281195;0.999824 0.00366612 0.0183882 0.090732 -0.00311001 0.99954 -0.0301804 -0.188221 -0.0184904 0.0301179 0.999375 4.13233 0 0 0 1 
25528382210169;0.757933;0.741977;0.994954 0.00112356 0.100331 0.297891 0.00166814 0.999614 -0.0277368 -0.0870038 -0.100323 0.0277642 0.994567 -1.00328 0 0 0 1 
25528382210170;0.338329;0.102715;0.988144 0.00252088 0.153512 0.395333 0.0588131 0.917382 -0.393639 -4.77013 -0.141822 0.398 0.906357 19.7202 0 0 0 1 
25528382210171;0.814741;0.693785;0.994787 0.0140829 -0.101001 0.150636 -0.0102244 0.999202 0.0386194 -0.0115766 0.101464 -0.0373854 0.994137 1.33784 0 0 0 1 
25528382210172;0.85032;0.238358;0.991248 0.0651989 -0.11479 2.72307 -0.0215821 0.937866 0.346326 -2.22681 0.130237 -0.340817 0.931065 -14.9816 0 0 0 1 
25528382210173;0.630488;0.541796;0.999765 0.00438558 -0.021246 0.236949 -0.00288319 0.997526 0.0702349 0.0787804 0.0215015 -0.0701572 0.997304 -4.51433 0 0 0 1 
25528382210174;0.36066;0.100562;0.961365 0.106586 -0.253806 4.42583 -0.00770065 0.93205 0.362247 -2.79515 0.27517 -0.346297 0.896861 -14.4531 0 0 0 1 
25528382210175;0.400793;0.394116;0.999789 -0.000918028 0.0205113 0.0312219 0.00313075 0.994134 -0.108109 -0.632458 -0.0202917 0.10815 0.993927 6.01578 0 0 0 1 
25528382210176;0.342834;0.162123;0.984644 -0.00309838 0.174545 0.0554274 -0.027639 0.984465 0.173393 -0.911408 -0.172371 -0.175554 0.969262 -14.8616 0 0 0 1 
25528382210177;0.260067;0.120001;0.997388 -0.0244146 -0.0679821 -1.69568 0.00519044 0.962938 -0.269672 -2.94146 0.0720464 0.268614 0.96055 17.0868 0 0 0 1 
25528382210178;0.926206;0.27306;0.999831 -0.00102131 0.0183361 -0.167915 0.000851106 0.999957 0.00928782 0.0616192 -0.0183448 -0.00927065 0.999789 1.25069 0 0 0 1 
25528382210179;0.695785;0.278029;0.999928 -0.00971086 -0.00705196 -0.422216 0.0083981 0.985941 -0.166881 -0.963352 0.00857339 0.16681 0.985952 8.17817 0 0 0 1 
25528382210180;0.109455;0.0919713;0.999727 0.006933 0.0223178 0.480667 -0.00845292 0.997598 0.0687461 -0.0559084 -0.0217876 -0.0689159 0.997385 -4.64065 0 0 0 1 
25528382210181;0.971587;0.623659;0.944544 -9.38876e-05 0.328386 -0.472521 0.0188506 0.998366 -0.053935 0.337723 -0.327844 0.0571343 0.943003 -6.34484 0 0 0 1 
25528382210182;0.540657;0.340559;0.998551 -0.000255116 0.0538037 0.188499 0.000796078 0.999949 -0.0100332 -0.0669834 -0.0537984 0.0100615 0.998501 -1.75883 0 0 0 1 
25528382210183;0.488607;0.392296;0.970225 -0.000559957 0.242204 0.175606 0.00192893 0.999983 -0.00541505 0.0648713 -0.242197 0.00572101 0.97021 -4.75826 0 0 0 1 
25528382210184;0.107925;0.061285;0.999927 0.00526492 -0.0108799 0.236975 -0.00511556 0.999893 0.0137101 -0.0604852 0.0109509 -0.0136534 0.999847 -0.351582 0 0 0 1 
25528382210186;2.61464;0.512877;0.906152 0.0408191 -0.420977 0.160086 0.0485412 0.978718 0.199384 -0.100257 0.420157 -0.201107 0.884887 -5.52047 0 0 0 1 
25528382210187;2.55948;0.332483;0.999956 0.0091309 0.00198189 0.723771 -0.00911201 0.999915 -0.00934091 -0.299191 -0.00206701 0.00932245 0.999954 -2.02358 0 0 0 1 
25528382210188;2.1137;0.533553;0.992515 -0.0179084 -0.1208 -0.727289 0.00287021 0.992337 -0.12353 -0.439184 0.122086 0.122259 0.984961 4.42578 0 0 0 1 
25528382210189;3.03095;1.76922;0.93177 0.00267752 0.363039 0.624946 0.0146419 0.998882 -0.0449469 0.0373375 -0.362753 0.0471957 0.930689 -0.831049 0 0 0 1 
25528382210190;2.58604;2.43511;0.943881 0.0317304 0.328758 1.58862 0.0323746 0.981693 -0.187698 -0.940197 -0.328695 0.187808 0.925574 4.28594 0 0 0 1 
25528382210191;2.29839;1.22274;0.993865 -0.00360858 0.110545 -0.0192789 -0.0367324 0.93197 0.36067 -1.36601 -0.104326 -0.362518 0.926119 -14.0354 0 0 0 1 
25528382210192;1.26077;0.951454;0.997383 0.0120477 -0.0712822 0.421233 -0.00967777 0.999392 0.0334995 -0.101108 0.0716425 -0.032722 0.996893 -1.31318 0 0 0 1 
25528382210193;1.94741;1.19874;0.975813 -0.0178321 0.217877 -0.535439 0.0465498 0.990759 -0.127396 0.0806505 -0.213592 0.134457 0.967626 0.893749 0 0 0 1 
25528382210194;0.500481;0.390127;0.991365 0.0609074 -0.116131 1.91332 -0.0100933 0.918404 0.395515 -2.10427 0.130745 -0.390928 0.911088 -14.2747 0 0 0 1 
25528382210195;0.447325;0.323011;0.993596 -0.00290621 0.11295 0.118218 0.0317217 0.966637 -0.254178 -1.69464 -0.108443 0.256134 0.960539 8.72666 0 0 0 1 
25528382210196;0.672791;0.559069;0.999976 -0.00675886 -0.00178753 -0.335921 0.00682997 0.999038 0.0433218 0.241845 0.001493 -0.043333 0.99906 -1.51987 0 0 0 1 
25528382210197;1.68816;1.63267;0.999922 0.00942279 0.0081782 0.341758 -0.00973289 0.999202 0.0387444 -0.000375785 -0.0078066 -0.038821 0.999216 -1.59646 0 0 0 1 
25528382210198;0.0806703;0.116084;0.99993 -0.0118417 -0.000221822 -0.493413 0.0118373 0.999827 -0.0143482 0.1672 0.000391691 0.0143446 0.999897 0.511093 0 0 0 1 
25528382210199;2.04506;0.595058;0.984994 -0.0171079 0.171741 -0.363133 0.0188557 0.999786 -0.00855044 0.285734 -0.171558 0.0116604 0.985105 -3.50826 0 0 0 1 
25528382210200;1.86353;1.57179;0.986286 -0.0780498 -0.145426 -3.85606 0.0284556 0.948338 -0.315983 -2.61911 0.162576 0.307511 0.937553 14.5837 0 0 0 1 
25528382210201;1.69978;1.57911;0.977299 -0.0058973 0.211781 0.0765601 -0.0180045 0.993685 0.110755 -0.163948 -0.211097 -0.112054 0.971021 -7.97773 0 0 0 1 
25528382210202;3.09717;0.633006;0.999667 -0.00561774 0.0251911 -0.567103 0.00689472 0.99868 -0.050895 0.0439249 -0.024872 0.0510518 0.998386 4.43985 0 0 0 1 
25528382210203;2.66545;0.393785;0.999927 0.00684786 -0.0100042 0.00399946 -0.00611926 0.997448 0.0711274 0.187896 0.0104658 -0.071061 0.997417 -0.326189 0 0 0 1 
25528382210204;2.12678;2.08166;0.999998 0.00130594 0.00180559 0.0412207 -0.00131731 0.999979 0.00631451 0.0546513 -0.00179731 -0.00631687 0.999978 -0.196067 0 0 0 1 
25528382210205;2.17534;0.42064;0.970013 0.00153365 -0.243048 -0.293572 0.00694888 0.999396 0.0340394 -0.0501617 0.242954 -0.0347076 0.969417 -0.464596 0 0 0 1 
25528382210206;0.615844;0.28231;0.999747 -0.00206025 0.0224057 -0.0701708 0.00382185 0.996878 -0.0788666 -0.333993 -0.0221733 0.0789323 0.996633 3.27535 0 0 0 1 
25528382210207;2.70191;2.47047;0.998557 -0.0076367 0.0531514 -0.0860643 0.0122902 0.996064 -0.0877843 -0.179303 -0.0522718 0.0883109 0.99472 1.51043 0 0 0 1 
25528382210208;0.254784;0.262247;0.998522 0.0137561 -0.0525701 0.396639 -0.0122218 0.999493 0.0293962 -0.100587 0.0529478 -0.0287102 0.998184 -0.531644 0 0 0 1 
25528382210209;0.401221;0.403991;0.999897 0.00487711 -0.0134897 0.133442 -0.00432538 0.999165 0.0406311 0.0814131 0.0136766 -0.0405685 0.999083 -1.38391 0 0 0 1 
25528382210210;3.26762;2.71738;0.998383 0.0547927 0.0151078 2.34294 -0.0565274 0.929494 0.364481 -2.77676 0.00592829 -0.364745 0.931088 -15.7594 0 0 0 1 
25528382210211;2.11433;0.887396;0.99914 0.0265677 0.031831 1.00012 -0.0317768 0.983825 0.176289 -0.291552 -0.0266325 -0.177149 0.983824 -5.73447 0 0 0 1 
25528382210212;0.939666;0.415097;0.982245 0.00597113 0.187509 0.579403 0.0279388 0.983692 -0.177679 -0.771182 -0.185512 0.179763 0.966059 4.07814 0 0 0 1 
25528382210213;1.20317;1.15392;0.996061 0.00871272 0.0882384 0.558857 -0.0171577 0.995291 0.0954052 -0.0810055 -0.0869916 -0.0965434 0.99152 -4.71706 0 0 0 1 
25528382210214;2.77469;1.07164;0.985688 0.0261166 0.166546 1.36267 0.00918774 0.978136 -0.207762 -1.41122 -0.168331 0.206318 0.963897 8.2132 0 0 0 1 
25528382210215;2.52413;2.36401;0.999536 0.0230437 -0.0199206 0.868736 -0.0174599 0.969313 0.24521 -0.771545 0.0249599 -0.244748 0.969265 -9.96929 0 0 0 1 
25528382210217;1.06109;1.02427;0.972572 -0.0115307 -0.232318 -1.25321 0.00165473 0.999088 -0.0426608 -0.140877 0.232598 0.0411063 0.971704 4.43265 0 0 0 1 
25528382210218;0.551084;0.518156;0.999899 0.0121497 0.00742657 1.09574 -0.0126132 0.997744 0.0659312 -0.218073 -0.00660878 -0.0660181 0.997797 -5.7723 0 0 0 1 
25528382210219;0.422673;0.400498;0.974681 -0.0034814 0.223574 -0.279819 -0.00575342 0.999157 0.0406408 -0.014459 -0.223527 -0.0408981 0.973839 -4.56895 0 0 0 1 
25528382210220;1.03905;0.940863;0.962181 0.0568379 -0.266414 4.94207 -0.0191028 0.989661 0.142147 -1.01859 0.271739 -0.131682 0.953319 -11.1417 0 0 0 1 
25528382210221;1.31298;0.634397;0.997846 -0.0125535 -0.0643902 -1.38728 0.00352915 0.990371 -0.138392 -1.19491 0.0655075 0.137867 0.988282 14.0702 0 0 0 1 
25528382210222;1.56771;1.19066;0.987212 0.0373051 -0.154989 3.75853 -0.0199163 0.993478 0.112267 -0.728705 0.158167 -0.107745 0.981516 -10.8886 0 0 0 1 
25528382210223;0.395381;0.311837;0.998459 0.000789445 -0.0554947 0.0057891 0.00206377 0.998679 0.0513381 -0.041079 0.0554619 -0.0513735 0.997138 -4.18387 0 0 0 1 
25528382210224;1.45898;1.1181;0.995084 -0.00272701 -0.0989966 -0.657162 0.0044034 0.999851 0.0167193 0.0690138 0.0989362 -0.017073 0.994947 -0.0954059 0 0 0 1 
25528382210225;0.647882;0.330601;0.95607 0.0413031 -0.290213 3.03778 0.00310389 0.988542 0.150915 -0.851472 0.293121 -0.145186 0.944987 -11.323 0 0 0 1 
25528382210226;0.247807;0.260472;0.994365 0.0119271 -0.105337 1.03094 -0.00990959 0.999758 0.0196551 -0.0947649 0.105546 -0.0185005 0.994242 -1.3365 0 0 0 1 
25528382210227;1.67052;0.462652;0.999793 -0.00751363 0.0188888 -0.961425 0.00746612 0.999969 0.00258461 0.0518096 -0.0189077 -0.00244305 0.999818 1.91392 0 0 0 1 
25528382210228;0.941077;0.33469;0.999813 -0.00821491 -0.0174971 -0.448876 0.00709954 0.997996 -0.0628804 -0.0980519 0.0179786 0.0627445 0.997868 4.18166 0 0 0 1 
25528382210229;1.84373;1.80479;0.999411 -0.0153728 -0.030692 -1.47557 0.0132688 0.997623 -0.0676167 -0.163698 0.0316585 0.0671696 0.997239 6.27344 0 0 0 1 
25528382210230;0.815476;0.738943;0.999955 -0.00574736 -0.00754512 -0.588359 0.00568342 0.999948 -0.00846761 0.0372409 0.00759339 0.00842435 0.999936 1.10186 0 0 0 1 
25528382210231;0.945073;0.476433;0.999952 -0.000488404 -0.00981121 -0.207473 0.000393015 0.999953 -0.00972204 -0.0130242 0.00981549 0.00971771 0.999905 1.94282 0 0 0 1 
25528382210232;0.385786;0.349541;0.994802 0.00248062 0.101802 0.301546 -0.0116572 0.995905 0.0896458 -0.37046 -0.101163 -0.0903665 0.990757 -8.9857 0 0 0 1 
25528382210233;0.215723;0.16145;0.999004 0.039547 0.0206476 3.57705 -0.0441378 0.943492 0.328444 -5.11473 -0.00649185 -0.329029 0.944298 -29.6688 0 0 0 1 
25528382210234;1.80049;1.31414;0.999853 -0.0116619 0.012588 -0.733522 0.0125436 0.997297 -0.0723997 -0.0311379 -0.0117097 0.072547 0.997296 4.33019 0 0 0 1 
25528382210235;1.841;1.83034;0.980902 0.00845814 0.194319 0.756531 -0.04724 0.9795 0.195828 -1.88444 -0.188679 -0.201268 0.961193 -18.3454 0 0 0 1 
25528382210236;0.783834;0.545566;0.992325 0.00280227 0.123629 0.32244 -0.00911511 0.998681 0.0505269 -0.149632 -0.123324 -0.0512659 0.991041 -4.4478 0 0 0 1 
25528382210237;0.646121;0.486601;0.995961 -0.0060673 -0.089584 -0.466533 0.00559229 0.999969 -0.00555246 0.0537483 0.0896149 0.00502906 0.995964 0.0421272 0 0 0 1 
25528382210238;0.978297;0.785131;0.993816 -0.0182333 0.109528 -1.62628 0.0314787 0.99222 -0.120448 -0.641977 -0.10648 0.123151 0.986659 11.1318 0 0 0 1 
25528382210239;1.51578;0.143114;0.995303 -0.0134553 0.0958686 -1.61026 0.0192046 0.998055 -0.0593025 -0.172169 -0.0948842 0.0608651 0.993626 7.09202 0 0 0 1 
25528382210240;0.466545;0.420115;0.999759 0.0213054 -0.00526673 1.8391 -0.0198513 0.980211 0.196957 -1.71681 0.00935875 -0.196805 0.980398 -17.5671 0 0 0 1 
25528382210241;1.93577;1.87142;0.989497 0.0105418 0.144171 1.03101 -0.0310825 0.989525 0.140976 -0.974949 -0.141175 -0.143977 0.979459 -13.4514 0 0 0 1 
25528382210242;0.86252;0.472456;0.996511 -0.0233115 0.0801418 -2.15134 0.0390448 0.978861 -0.200767 -1.93364 -0.0737675 0.203196 0.976355 18.6763 0 0 0 1 
25528382210243;0.905546;0.27817;0.969548 -0.00800359 0.244772 -0.620861 -0.00463407 0.998687 0.0510109 -0.0520344 -0.244859 -0.0505918 0.968238 -4.56591 0 0 0 1 
25528382210244;0.219604;0.249426;0.999856 -0.00183687 -0.0168582 -0.153518 0.00150697 0.999808 -0.0195606 -0.00604588 0.0168909 0.0195324 0.999667 1.62449 0 0 0 1 
25528382210245;0.165948;0.143748;0.980273 -0.00729378 0.197516 -0.562076 0.00415734 0.999859 0.0162894 0.0347315 -0.197607 -0.0151469 0.980164 -2.58805 0 0 0 1 
25528382210246;1.5805;1.40627;0.998545 -0.00427921 0.0537621 -0.48184 0.00335981 0.999847 0.0171801 0.0367817 -0.0538274 -0.0169745 0.998406 -0.783904 0 0 0 1 
25528382210248;1.80404;1.59198;0.99655 0.00456435 0.082869 0.419268 0.0083187 0.987965 -0.154454 -0.751645 -0.0825766 0.15461 0.984519 8.13835 0 0 0 1 
25528382210249;2.65063;0.651545;0.999368 -0.00691263 0.0348557 -0.170263 0.0064083 0.999873 0.0145598 0.127376 -0.034952 -0.0143273 0.999286 -3.71875 0 0 0 1 
25528382210250;0.988386;0.251751;0.988847 -0.0203761 -0.147534 -1.54726 0.0111194 0.997933 -0.0632978 -0.261431 0.148519 0.0609513 0.987029 3.91499 0 0 0 1 
25528382210251;1.96971;0.798016;0.999285 0.00214544 -0.0377573 0.326755 -0.000718356 0.999286 0.0377692 0.241652 0.0378113 -0.0377151 0.998573 -4.26591 0 0 0 1 
25528382210252;1.48555;1.38682;0.999978 0.00634315 0.00212168 0.363224 -0.00634094 0.999979 -0.00104564 -0.0397738 -0.00212826 0.00103216 0.999997 0.378172 0 0 0 1 
25528382210253;1.51489;0.410982;0.999179 0.00767866 0.0397827 0.594625 -0.00618151 0.999273 -0.0376205 0.0637685 -0.0400426 0.0373437 0.9985 0.443792 0 0 0 1 
25528382210254;2.5409;2.10779;0.998963 0.026044 0.0373483 1.64853 -0.0309546 0.990006 0.13759 -0.325476 -0.0333917 -0.138603 0.989785 -9.54768 0 0 0 1 
25528382210255;0.438009;0.179844;0.995704 -0.00544825 -0.0924309 -0.492157 -0.00271914 0.996116 -0.0880068 -0.449333 0.0925514 0.0878801 0.991822 4.96907 0 0 0 1 
25528382210256;0.895108;0.516812;0.960928 0.0122238 0.276528 1.33093 0.0671033 0.958936 -0.275572 -3.16848 -0.268541 0.28336 0.920648 16.8224 0 0 0 1 
25528382210257;0.887196;0.849367;0.999339 0.00148176 0.0363153 0.197749 -0.00181084 0.999958 0.00903055 -0.00133523 -0.0363004 -0.00909034 0.9993 -0.73651 0 0 0 1 
25528382210258;2.46932;0.566971;0.999538 0.0177516 -0.0246912 1.38379 -0.0190777 0.998329 -0.0545532 0.0794231 0.0236816 0.054999 0.998206 0.236628 0 0 0 1 
