#;prob_registration_l1 -r /home/probabilistic_point_clouds_registration/build/tester /home/point_clouds_registration_benchmark//devel/registration_pairs/stairs_local.txt /home/point_clouds_registration_benchmark//eth/stairs -s 0.2 -t 0.2 -p 0.3 -r 1000 -m 5 -i 40 
id;initial_error;final_error;transformation
5494384560000;0.832403;0.586196;0.998836 0.0474618 -0.00865273 0.129505 -0.0472571 0.998629 0.0224981 0.179962 0.00970867 -0.022063 0.999709 0.329131 0 0 0 1 
5494384560001;0.315086;0.04491;0.91358 0.243163 -0.325949 1.5418 -0.216017 0.969277 0.117634 1.37466 0.344539 -0.0370578 0.93804 -2.30241 0 0 0 1 
5494384560002;0.630491;0.028089;0.999336 -0.0306592 -0.0197032 0.70299 0.0303713 0.99943 -0.0147473 -0.273 0.0201441 0.0141391 0.999697 0.123353 0 0 0 1 
5494384560003;0.317466;0.0167383;0.969121 -0.064279 -0.23806 0.897334 0.135468 0.945474 0.296189 -1.8506 0.206041 -0.319292 0.924986 -1.39707 0 0 0 1 
5494384560004;0.657978;0.0194976;0.998624 0.0466902 0.0238633 -0.216636 -0.0488044 0.994044 0.0974356 0.604068 -0.0191718 -0.0984662 0.994956 0.636436 0 0 0 1 
5494384560005;0.751618;0.524769;0.994738 -0.0909482 -0.0471595 0.0851527 0.0953434 0.990275 0.101317 -1.42164 0.0374862 -0.10528 0.993736 -0.350001 0 0 0 1 
5494384560006;0.696898;0.454089;0.980125 0.107319 -0.166844 0.503588 -0.124198 0.987772 -0.094237 1.09017 0.15469 0.113086 0.98147 -0.65267 0 0 0 1 
5494384560007;0.399045;0.194822;0.983251 -0.17843 -0.0371489 0.420851 0.180038 0.982598 0.0456862 -1.6158 0.0283506 -0.0516092 0.998265 -0.197248 0 0 0 1 
5494384560008;0.231215;0.0269594;0.97207 -0.211459 -0.101809 0.397038 0.1968 0.970784 -0.137285 -1.10991 0.127865 0.113415 0.985286 -0.800673 0 0 0 1 
5494384560009;0.454804;0.0281435;0.990085 -0.0292909 -0.137382 0.660598 0.0363354 0.998135 0.0490518 -0.637585 0.135689 -0.0535573 0.989303 -0.651216 0 0 0 1 
5494384560010;0.83506;0.0165729;0.999996 -0.00287097 0.000230884 -0.0462376 0.00286683 0.999864 0.0162588 0.0576173 -0.000277531 -0.0162581 0.999868 0.891683 0 0 0 1 
5494384560011;0.300381;0.0364381;0.99601 0.0610799 0.0650663 -0.223588 -0.0374751 0.947947 -0.316215 1.01783 -0.0809938 0.312514 0.946454 0.703816 0 0 0 1 
5494384560012;0.513405;0.0340804;0.944186 0.0648236 -0.322971 1.10112 -0.129906 0.974261 -0.184229 1.37782 0.302716 0.215903 0.928304 -1.62054 0 0 0 1 
5494384560013;0.592232;0.0346673;0.993652 0.00272605 -0.112463 0.449459 -0.00649928 0.999428 -0.0331979 0.739757 0.112308 0.0337181 0.993101 -0.780427 0 0 0 1 
5494384560014;0.784839;0.714388;0.998845 -0.00563603 0.0477235 0.0231042 0.00583039 0.999975 -0.00393438 0.118658 -0.0477001 0.00420808 0.998853 0.402806 0 0 0 1 
5494384560015;1.02961;0.135621;0.956883 0.281449 -0.0718503 0.159315 -0.289889 0.909569 -0.297741 3.60155 -0.0184459 0.305731 0.951939 0.972577 0 0 0 1 
5494384560016;0.692498;0.0441607;0.989797 0.133563 -0.0496297 0.159564 -0.141835 0.890317 -0.432687 2.6672 -0.0136047 0.435312 0.900177 -0.0335502 0 0 0 1 
5494384560017;0.125802;0.0184068;0.999998 0.00117689 -0.00158945 0.0220306 -0.00117128 0.999993 0.00352612 -0.0666322 0.00159359 -0.00352425 0.999993 0.103613 0 0 0 1 
5494384560018;0.697368;0.354461;0.998044 0.0235158 -0.0579291 0.315421 -0.0341884 0.981038 -0.190779 0.895699 0.0523443 0.192386 0.979922 0.0914669 0 0 0 1 
5494384560019;0.372102;0.0651131;0.958146 0.268779 0.0985602 0.114402 -0.277583 0.956459 0.0901864 1.92683 -0.0700286 -0.11377 0.991036 0.258765 0 0 0 1 
5494384560020;0.725979;0.0267472;0.944477 0.318022 0.0826171 0.136252 -0.328162 0.900329 0.285864 2.17409 0.0165285 -0.297103 0.954702 0.517857 0 0 0 1 
5494384560021;0.810082;0.0337566;0.995813 0.0851102 -0.0333473 -0.202159 -0.0855716 0.996252 -0.0126599 0.719815 0.0321448 0.0154605 0.999364 0.558925 0 0 0 1 
5494384560022;1.01164;0.0312406;0.882873 -0.314386 -0.348851 1.57495 0.340839 0.939994 0.0154702 -3.56842 0.323054 -0.13256 0.93705 -1.99204 0 0 0 1 
5494384560023;0.527542;0.0461996;0.9801 0.0934693 -0.175121 0.838229 -0.0943858 0.995531 0.00310684 0.66277 0.174629 0.0134839 0.984542 -1.77498 0 0 0 1 
5494384560024;0.419936;0.227091;0.992253 0.091091 -0.0844816 0.385214 -0.0917788 0.99577 -0.00428616 0.728707 0.0837338 0.0120066 0.996416 -0.867417 0 0 0 1 
5494384560025;0.495752;0.0444176;0.938202 0.308219 -0.157409 0.940016 -0.308787 0.950889 0.0214565 2.39447 0.156292 0.0284753 0.9873 -0.721404 0 0 0 1 
5494384560026;0.350666;0.0400998;0.973725 0.0933257 0.207725 -0.250799 -0.0281446 0.954494 -0.2969 0.920871 -0.225981 0.283253 0.932041 2.14492 0 0 0 1 
5494384560027;0.90423;0.526355;0.992665 0.0540224 -0.108153 0.702389 -0.0354373 0.985334 0.166918 0.0799864 0.115584 -0.161861 0.980021 -0.745842 0 0 0 1 
5494384560028;0.914969;0.762017;0.99892 -0.0455529 -0.00910223 -0.109771 0.0456468 0.998904 0.0103904 -0.249711 0.00861894 -0.0107947 0.999905 -0.162934 0 0 0 1 
5494384560029;0.844853;0.0268329;0.999334 0.029881 0.0209417 -0.0328219 -0.0298808 0.999553 -0.000321691 -0.424754 -0.020942 -0.00030428 0.999781 -0.48027 0 0 0 1 
5494384560031;0.314572;0.0127659;0.915489 -0.345705 -0.205834 0.569805 0.353766 0.935331 0.00252959 -1.38712 0.191649 -0.075133 0.978584 -0.821089 0 0 0 1 
5494384560032;0.143255;0.0285057;0.996889 0.056896 0.054536 0.0660889 -0.0516021 0.994234 -0.0939998 0.273584 -0.0595698 0.0908932 0.994077 0.21881 0 0 0 1 
5494384560033;0.256973;0.0163772;0.999838 0.0021325 0.0178729 0.232086 0.000289507 0.990923 -0.134427 0.253422 -0.0179973 0.134411 0.990762 0.145201 0 0 0 1 
5494384560034;0.872658;0.0137073;0.971332 -0.219768 0.0906444 0.112149 0.204415 0.966777 0.15348 -1.71055 -0.121363 -0.130551 0.983986 -0.168123 0 0 0 1 
5494384560035;0.383527;0.0277425;0.996978 -0.0665472 0.0400796 0.0635811 0.0647462 0.996901 0.0446741 0.103505 -0.0429283 -0.0419441 0.998197 0.218386 0 0 0 1 
5494384560036;0.699819;0.0526895;0.963562 0.220023 -0.152115 0.545547 -0.256819 0.919974 -0.296128 0.788773 0.0747864 0.324404 0.942958 0.388281 0 0 0 1 
5494384560037;0.785083;0.0312701;0.973503 -0.0922308 0.20925 -0.298075 0.150593 0.947188 -0.283121 -0.177416 -0.172087 0.307131 0.935979 0.00381279 0 0 0 1 
5494384560038;1.00964;0.0162022;0.903732 -0.427263 0.0267285 -0.805374 0.427595 0.903935 -0.00795424 -1.28605 -0.0207623 0.0186175 0.999611 -0.322445 0 0 0 1 
5494384560039;0.16472;0.236341;0.996231 -0.0803563 -0.0326707 -0.189742 0.0808376 0.996633 0.013685 -0.295362 0.0314611 -0.0162744 0.999372 -0.0757598 0 0 0 1 
5494384560040;0.656318;0.0148112;0.916884 0.334197 0.218255 0.600879 -0.324048 0.942493 -0.0818524 0.815499 -0.233059 0.00432409 0.972453 1.06994 0 0 0 1 
5494384560041;0.496934;0.0102117;0.884852 -0.308164 0.349388 -0.134733 0.316872 0.947875 0.0335359 -1.12599 -0.341511 0.0810369 0.936378 1.78731 0 0 0 1 
5494384560042;0.516103;0.333147;0.995241 -0.0519214 -0.0824643 -0.198279 0.0630546 0.988322 0.13872 -0.587288 0.0742988 -0.143259 0.986892 -0.512198 0 0 0 1 
5494384560043;0.0787389;0.0606921;0.999998 -0.00201935 -0.000483986 -0.0604885 0.00202234 0.999978 0.00625654 -0.104916 0.000471341 -0.0062575 0.99998 0.0598196 0 0 0 1 
5494384560044;0.670233;0.0160203;0.999045 0.0434835 0.00422623 0.24972 -0.0435838 0.99867 0.027559 0.281873 -0.00302225 -0.0277169 0.999611 0.714569 0 0 0 1 
5494384560045;0.454928;0.0197799;0.918848 -0.260803 0.296143 -0.437658 0.171704 0.939936 0.295023 -1.12097 -0.355298 -0.220232 0.908439 1.37643 0 0 0 1 
5494384560046;0.663952;0.0895392;0.986415 0.122726 -0.1092 0.242983 -0.124091 0.992254 -0.00576614 1.18991 0.107646 0.0192385 0.994003 -0.493548 0 0 0 1 
5494384560047;0.60701;0.35675;0.999966 0.00775027 0.00293653 -0.206438 -0.00710849 0.984198 -0.176928 0.547448 -0.00426137 0.176901 0.984219 0.0998493 0 0 0 1 
5494384560048;0.280379;0.0403035;0.999984 -0.000217059 0.00557447 -0.0841261 0.000198991 0.999995 0.00324166 -0.117318 -0.00557514 -0.0032405 0.999979 0.316365 0 0 0 1 
5494384560049;0.480826;0.0190538;0.928907 0.330959 0.166126 0.606856 -0.325366 0.943643 -0.0606267 1.40615 -0.176828 0.00226479 0.984239 0.670362 0 0 0 1 
5494384560050;0.519994;0.0253346;0.979222 0.195142 0.0551654 -0.159432 -0.189679 0.977598 -0.0912317 0.297892 -0.0717328 0.0788724 0.994301 0.321492 0 0 0 1 
5494384560051;0.245903;0.0257397;0.999979 -0.00602231 -0.00229207 0.0898449 0.0061104 0.999157 0.0405933 -0.267649 0.00204568 -0.0406065 0.999173 -0.228371 0 0 0 1 
5494384560052;0.581213;0.0295107;0.953043 0.166677 0.252837 -0.343391 -0.19759 0.974956 0.102078 0.0867022 -0.229491 -0.147243 0.962109 0.615649 0 0 0 1 
5494384560053;0.543864;0.0148304;0.964141 -0.219066 0.149806 -0.414744 0.203907 0.972771 0.110178 -1.26757 -0.169863 -0.0756806 0.982557 0.257494 0 0 0 1 
5494384560054;0.812423;0.516436;0.999245 -0.0387946 -0.00225918 -0.450614 0.0388325 0.99904 0.0202797 -0.386083 0.00147027 -0.0203521 0.999792 -0.356482 0 0 0 1 
5494384560055;0.804846;0.0172924;0.931179 0.0132241 0.364323 0.511581 -0.0480314 0.995081 0.0866451 0.573051 -0.361385 -0.098181 0.927233 1.47996 0 0 0 1 
5494384560056;0.404608;0.0144684;0.983814 0.154777 0.0902983 -0.141092 -0.152522 0.987801 -0.0313985 0.211098 -0.0940565 0.0171178 0.99542 0.265252 0 0 0 1 
5494384560057;0.241612;0.0369145;0.9709 0.208212 -0.118322 0.40836 -0.195985 0.974742 0.107088 0.494133 0.13763 -0.0807823 0.987184 -0.455899 0 0 0 1 
5494384560058;0.361634;0.0224016;0.993321 -0.106115 0.0453057 0.186904 0.111516 0.983726 -0.140881 0.0126632 -0.0296188 0.144992 0.988989 0.187601 0 0 0 1 
5494384560059;0.672349;0.401585;0.998995 -0.0133831 0.0427769 -0.124966 0.0123131 0.999607 0.0251811 -0.142555 -0.0430971 -0.024629 0.998767 -0.172376 0 0 0 1 
5494384560060;0.435775;0.0165361;0.957932 -0.26137 -0.118542 -0.0347147 0.285079 0.914233 0.287938 -1.56034 0.0331163 -0.309618 0.950284 -0.353061 0 0 0 1 
5494384560062;0.821662;0.10291;0.975707 -0.115627 -0.186082 0.398817 0.116342 0.993184 -0.00711267 -1.16598 0.185636 -0.0147092 0.982508 -1.40934 0 0 0 1 
5494384560063;1.2461;0.0534187;0.943929 0.10378 -0.313412 1.7135 -0.111887 0.993689 -0.00793976 0.805216 0.31061 0.0425614 0.949584 -2.43427 0 0 0 1 
5494384560064;0.351118;0.319347;0.998979 -0.0442763 0.00892588 -0.062454 0.0442418 0.999013 0.00402481 -0.350751 -0.00909527 -0.00362581 0.999952 0.0809927 0 0 0 1 
5494384560065;1.02628;0.0231828;0.99678 0.0801633 0.00186892 -0.0659518 -0.0799385 0.995271 -0.0551868 0.372692 -0.00628404 0.0548597 0.998474 0.807935 0 0 0 1 
5494384560066;0.385602;0.57833;0.974551 0.205836 -0.0887819 0.887083 -0.206163 0.978502 0.00557482 1.49941 0.0880207 0.0128706 0.996035 -0.406518 0 0 0 1 
5494384560067;1.09812;0.0302849;0.979511 -0.139887 0.144878 -0.35714 0.162714 0.973609 -0.160029 -0.934702 -0.118669 0.180324 0.976423 0.0990422 0 0 0 1 
5494384560068;0.284277;0.0178929;0.98754 0.142028 -0.0677772 0.311736 -0.118246 0.953869 0.275957 0.0259216 0.103844 -0.264504 0.958777 -0.675226 0 0 0 1 
5494384560069;0.305684;0.0179556;0.988303 0.148042 -0.0366012 0.423237 -0.147936 0.988981 0.00560458 0.918989 0.0370277 -0.000124378 0.999314 -0.165161 0 0 0 1 
5494384560070;1.06788;0.659261;0.999471 0.0282055 -0.0162211 0.294377 -0.0263544 0.994144 0.104796 -0.0343304 0.0190819 -0.104314 0.994361 -0.50029 0 0 0 1 
5494384560071;0.199717;0.0331716;0.999968 -0.00779609 0.00167017 -0.0333335 0.00781133 0.999926 -0.00932483 -0.0928177 -0.00159735 0.00933758 0.999955 0.15308 0 0 0 1 
5494384560072;1.02349;0.0569598;0.962208 -0.0188654 -0.27166 1.11024 -0.0570544 0.961489 -0.268855 1.62078 0.26627 0.274194 0.924077 -1.4195 0 0 0 1 
5494384560073;0.123206;0.0171335;0.992444 -0.122695 0.000817995 -0.0274853 0.122606 0.991937 0.0320883 -0.877615 -0.00474848 -0.0317456 0.999485 0.0554438 0 0 0 1 
5494384560074;0.700296;0.778514;0.999211 0.0377723 0.0123026 0.125972 -0.0382626 0.998367 0.04242 0.0224483 -0.0106802 -0.0428572 0.999024 -0.141083 0 0 0 1 
5494384560075;0.186882;0.0206912;0.999959 0.0089253 -0.00176621 0.0819389 -0.00896589 0.99966 -0.0244873 0.116548 0.00154705 0.0245021 0.999699 -0.118084 0 0 0 1 
5494384560076;1.00141;0.025099;0.99231 -0.100539 0.0722046 -0.29821 0.0957823 0.993174 0.0665693 -0.607087 -0.0784045 -0.0591415 0.995166 1.21863 0 0 0 1 
5494384560077;0.605922;0.216718;0.946384 -0.132068 -0.294814 1.11961 0.160141 0.984384 0.0730934 -1.30859 0.280557 -0.116386 0.952755 -1.97617 0 0 0 1 
5494384560078;0.686652;0.371569;0.988811 -0.14648 -0.0282292 0.169919 0.133787 0.954491 -0.266547 -0.136662 0.0659884 0.259788 0.963408 0.221777 0 0 0 1 
5494384560079;0.330281;0.316188;0.967201 0.251782 -0.0335855 0.450503 -0.247343 0.963637 0.10112 1.48121 0.0578244 -0.0894966 0.994307 -0.338722 0 0 0 1 
5494384560080;0.779401;0.617948;0.992764 0.080263 -0.0893197 0.542199 -0.0750134 0.995336 0.0606585 0.306552 0.0937717 -0.0535193 0.994154 -0.464976 0 0 0 1 
5494384560081;0.603531;0.039091;0.9828 0.178902 -0.0458152 0.494407 -0.1837 0.972511 -0.143098 1.70145 0.0189553 0.149053 0.988648 0.284908 0 0 0 1 
5494384560082;0.617118;0.231115;0.935117 -0.105125 -0.338386 1.26118 0.148457 0.983354 0.10476 -1.08898 0.321741 -0.148198 0.935158 -2.15397 0 0 0 1 
5494384560083;0.290683;0.255644;0.978904 0.164337 0.12141 -0.0711155 -0.153648 0.983762 -0.0927641 1.35459 -0.134683 0.0721528 0.988258 0.871362 0 0 0 1 
5494384560084;0.175327;0.0236166;0.98504 -0.122034 -0.121673 0.330526 0.104385 0.984323 -0.142165 -0.301776 0.137114 0.127338 0.982336 -0.787151 0 0 0 1 
5494384560085;0.943472;0.0618319;0.992198 -0.118646 -0.0382955 0.0797476 0.102963 0.953006 -0.284916 -0.337448 0.0703 0.27875 0.957787 0.394583 0 0 0 1 
5494384560086;0.821732;0.0234167;0.99297 -0.0311018 0.114208 -0.464211 0.0207513 0.99566 0.0907245 -0.629208 -0.116534 -0.0877167 0.989306 1.2364 0 0 0 1 
5494384560087;0.12902;0.0137294;0.998973 0.0168018 -0.0420776 0.029265 -0.016801 0.999859 0.000372881 0.10836 0.042078 0.000334449 0.999114 -0.191517 0 0 0 1 
5494384560088;1.25698;0.427919;0.893074 0.0342425 -0.448605 1.82327 -0.00908826 0.998269 0.0581062 -0.732536 0.449818 -0.0478161 0.891839 -2.41099 0 0 0 1 
5494384560089;1.3654;0.784601;0.992586 0.0882534 0.0835783 -0.152795 -0.0887589 0.99605 0.00234493 0.64867 -0.0830412 -0.00974586 0.996498 -0.142666 0 0 0 1 
5494384560090;0.736364;0.0829151;0.974397 -0.219161 -0.0501884 0.6063 0.186779 0.913305 -0.361922 -0.0843954 0.125157 0.343281 0.930857 -0.360053 0 0 0 1 
5494384560091;0.484121;0.119414;0.947221 -0.137492 -0.289601 1.00858 0.179378 0.976019 0.123327 -1.46654 0.2657 -0.168766 0.949169 -1.31683 0 0 0 1 
5494384560093;0.0553842;0.146615;0.999301 0.0107254 -0.0357995 0.0926663 -0.0116049 0.999634 -0.024453 0.232831 0.0355242 0.0248513 0.99906 -0.117034 0 0 0 1 
5494384560094;0.672056;0.147061;0.903033 -0.0669268 -0.424325 1.97613 0.130005 0.984045 0.121463 -1.11282 0.409426 -0.164849 0.897327 -2.13962 0 0 0 1 
5494384560095;0.854827;0.13084;0.927503 0.372721 -0.0285741 0.922634 -0.37338 0.9274 -0.0227129 2.18405 0.018034 0.0317353 0.999334 0.377467 0 0 0 1 
5494384560096;0.268636;0.102195;0.956859 -0.275135 -0.0933916 0.457997 0.263424 0.957101 -0.12069 -1.54021 0.122591 0.0908814 0.988287 -0.773669 0 0 0 1 
5494384560097;0.745786;0.151681;0.999756 -0.00771913 -0.0207145 -0.212741 0.00761 0.999957 -0.00534218 -0.465588 0.0207548 0.00518324 0.999771 0.211327 0 0 0 1 
5494384560098;0.365154;0.156635;0.913674 -0.373003 -0.161456 0.973239 0.378719 0.925498 0.00502689 -2.63236 0.147552 -0.0657392 0.986867 -0.88516 0 0 0 1 
5494384560099;0.345567;0.121765;0.997071 -0.0311234 0.0698645 -0.357147 0.0335714 0.998853 -0.0341437 0.0440473 -0.0687217 0.0363891 0.996972 0.523398 0 0 0 1 
5494384560100;0.37298;0.130168;0.943768 -0.228257 -0.239166 0.721158 0.22857 0.973158 -0.026816 -1.36305 0.238868 -0.0293581 0.970608 -1.31364 0 0 0 1 
5494384560101;0.595346;0.0945489;0.916446 0.360479 0.173731 0.161724 -0.38817 0.906312 0.1671 2.40728 -0.0972182 -0.220575 0.970513 1.0485 0 0 0 1 
5494384560102;0.240088;0.118551;0.96986 -0.224099 0.09566 -0.105825 0.238396 0.953894 -0.182356 -1.17392 -0.0503836 0.199665 0.978568 0.572528 0 0 0 1 
5494384560103;0.65911;0.138264;0.999848 -0.0108635 -0.0136352 0.0730005 0.0106599 0.999832 -0.0149167 -0.108598 0.0137949 0.0147691 0.999796 -0.521719 0 0 0 1 
5494384560104;0.317417;0.104839;0.991826 -0.109451 -0.0655892 0.222592 0.125645 0.927331 0.352519 -1.78324 0.0222395 -0.357879 0.933503 0.00927169 0 0 0 1 
5494384560105;0.561217;0.124648;0.963667 0.0590106 -0.260508 0.689738 -0.0946497 0.987447 -0.126449 1.01901 0.249776 0.146511 0.957155 -1.06791 0 0 0 1 
5494384560106;0.669368;0.828899;0.998927 -0.0199209 0.041799 -0.327502 0.0222839 0.998134 -0.0568503 -0.299416 -0.0405885 0.0577208 0.997507 0.17878 0 0 0 1 
5494384560107;0.196586;0.139802;0.987349 0.142282 -0.0699865 0.30451 -0.139859 0.989427 0.0383984 0.920305 0.0747099 -0.0281244 0.996809 -0.50469 0 0 0 1 
5494384560108;0.588165;0.160296;0.971195 0.215062 -0.102611 0.604787 -0.150993 0.888559 0.433202 -0.112385 0.184342 -0.40523 0.895437 -1.36946 0 0 0 1 
5494384560109;0.964218;0.625847;0.997955 0.051935 -0.0372747 0.315844 -0.0551642 0.994267 -0.0915937 0.944429 0.0323041 0.0934626 0.995099 0.260007 0 0 0 1 
5494384560110;0.522946;0.165316;0.893566 -0.448077 -0.0276824 0.44355 0.44662 0.893523 -0.0463494 -3.09204 0.045503 0.0290527 0.998542 -0.189544 0 0 0 1 
5494384560111;0.382633;0.0912842;0.996289 -0.00521395 0.0859176 -0.384208 0.0117977 0.997015 -0.0762998 0.149227 -0.0852633 0.0770303 0.993376 0.458544 0 0 0 1 
5494384560112;1.20633;0.120399;0.969524 -0.240548 -0.0464734 -0.245142 0.239884 0.970606 -0.0194601 -1.1014 0.0497884 0.00771881 0.99873 0.445317 0 0 0 1 
5494384560113;0.493118;0.166287;0.989861 0.133447 -0.0486551 0.234505 -0.135748 0.989603 -0.0475274 1.10491 0.0418068 0.0536503 0.997684 -0.544574 0 0 0 1 
5494384560114;0.011633;0.125074;0.999271 0.019231 -0.0329795 0.0980942 -0.019045 0.999801 0.00594495 0.154744 0.0330873 -0.00531252 0.999438 -0.124178 0 0 0 1 
5494384560115;0.837027;0.14155;0.953596 -0.102984 -0.28293 0.609645 0.152341 0.975558 0.15836 -1.83068 0.259706 -0.194113 0.945977 -1.34314 0 0 0 1 
5494384560116;0.753813;0.176019;0.994154 -0.0661454 -0.0853396 -0.283848 0.0679993 0.997504 0.0190004 -0.404464 0.0838699 -0.0246923 0.996171 -0.7123 0 0 0 1 
5494384560117;0.39392;0.153659;0.957048 0.289922 -0.00183666 0.424855 -0.289899 0.957023 0.0080537 2.05393 0.00409268 -0.00717534 0.999966 0.307416 0 0 0 1 
5494384560118;0.486867;0.126015;0.995141 0.0977274 -0.0119884 0.268014 -0.095458 0.927785 -0.360698 1.49924 -0.0241274 0.36009 0.932606 0.284994 0 0 0 1 
5494384560119;0.307339;0.144068;0.949378 0.31352 -0.0196716 0.499008 -0.301671 0.927383 0.221259 1.51801 0.087612 -0.204124 0.975017 -0.49567 0 0 0 1 
5494384560120;1.07013;0.113878;0.964758 -0.234145 -0.120079 0.52256 0.215116 0.964596 -0.152577 -0.937808 0.151553 0.121369 0.98097 -1.68242 0 0 0 1 
5494384560121;0.937742;0.169141;0.91186 0.360032 -0.197203 0.900199 -0.369112 0.92933 -0.0100886 1.9507 0.179634 0.0819893 0.980311 -1.19573 0 0 0 1 
5494384560122;0.448809;0.169;0.914502 0.368222 0.167625 0.20045 -0.371409 0.928377 -0.0130966 2.76541 -0.160442 -0.0502805 0.985764 1.31527 0 0 0 1 
5494384560124;0.180601;0.10314;0.991274 -0.0911922 0.0951832 -0.32486 0.0783758 0.988326 0.13065 -0.462858 -0.105986 -0.12205 0.986849 0.401552 0 0 0 1 
5494384560125;0.336264;0.0969677;0.940932 -0.17725 0.288493 -0.579242 0.205643 0.976046 -0.071032 -0.783934 -0.268992 0.126163 0.954843 1.1236 0 0 0 1 
5494384560126;0.158937;0.0730521;0.995049 0.0848571 0.051744 -0.257821 -0.085231 0.996348 0.00505975 0.277869 -0.0511257 -0.00944489 0.998648 0.203893 0 0 0 1 
5494384560127;0.459182;0.0985009;0.990089 -0.123053 -0.067689 0.419021 0.120636 0.991941 -0.0387177 -0.0334517 0.0719078 0.0301682 0.996955 -0.26113 0 0 0 1 
5494384560128;0.768681;0.0944247;0.962173 -0.146269 0.229843 -0.727412 0.216894 0.921786 -0.321352 -0.0250964 -0.164862 0.359048 0.918643 0.334592 0 0 0 1 
5494384560129;0.8631;0.62237;0.955457 -0.0301508 0.293587 -0.877715 0.0803734 0.983752 -0.16054 -0.315665 -0.283977 0.176985 0.942355 1.47221 0 0 0 1 
5494384560130;0.294138;0.0942289;0.993124 -0.114897 -0.0224193 0.180177 0.116846 0.984607 0.129981 -0.694239 0.00713977 -0.131707 0.991263 -0.209495 0 0 0 1 
5494384560131;0.331415;0.0743896;0.996291 -0.0575718 -0.0639494 0.0157541 0.0562935 0.99818 -0.0216171 -0.132483 0.0650775 0.017937 0.997719 0.0974913 0 0 0 1 
5494384560132;0.299743;0.108041;0.941208 0.00484217 -0.337793 0.788151 0.0914709 0.958895 0.268615 -0.858667 0.325208 -0.283721 0.902076 -1.35051 0 0 0 1 
5494384560133;0.275606;0.263503;0.981549 0.07844 -0.174381 0.409715 -0.0531106 0.987939 0.145447 -0.0322673 0.183687 -0.133502 0.973877 -0.964419 0 0 0 1 
5494384560134;0.715759;0.0850934;0.983482 0.180916 0.00570913 0.00271161 -0.180949 0.983475 0.00589921 0.80016 -0.00454752 -0.00683483 0.999966 0.788661 0 0 0 1 
5494384560135;0.221863;0.0673245;0.962037 0.25032 0.108741 -0.0226487 -0.259085 0.962894 0.0755703 1.02905 -0.0857888 -0.100874 0.991194 0.333608 0 0 0 1 
5494384560136;0.513605;0.0853979;0.970368 0.241387 0.0108639 -0.283455 -0.241555 0.970213 0.0183941 1.30571 -0.00610022 -0.0204733 0.999772 -0.220583 0 0 0 1 
5494384560137;0.0725673;0.0828605;0.999992 -0.000184015 -0.00407155 -0.0645089 0.000244238 0.999891 0.0147955 0.0309208 0.00406838 -0.0147964 0.999882 0.0582435 0 0 0 1 
5494384560138;0.458946;0.0965857;0.99792 -0.0345173 -0.0544392 -0.00373127 0.0253781 0.986721 -0.160429 0.21476 0.0592539 0.158714 0.985545 0.32657 0 0 0 1 
5494384560139;0.373858;0.0847343;0.987815 0.114491 0.105421 0.0249948 -0.112205 0.993308 -0.0273841 0.184877 -0.10785 0.0152217 0.994051 0.373236 0 0 0 1 
5494384560140;0.407687;0.0759558;0.937576 0.320176 -0.13579 0.35154 -0.289323 0.934732 0.206323 0.809858 0.192987 -0.154156 0.969016 -0.540499 0 0 0 1 
5494384560141;0.827786;0.0637317;0.998437 -0.0331878 0.044969 -0.287015 0.0359426 0.997435 -0.0619041 0.101718 -0.0427992 0.0634236 0.997069 1.1432 0 0 0 1 
5494384560142;0.791925;0.0687532;0.996981 -0.0465821 0.0621247 -0.837368 0.0454218 0.998768 0.019961 -0.470185 -0.062978 -0.0170789 0.997869 -0.325706 0 0 0 1 
5494384560143;0.413054;0.0827018;0.893352 0.365938 0.260788 0.00210028 -0.390579 0.919319 0.0479715 1.35774 -0.222193 -0.144714 0.964203 0.870528 0 0 0 1 
5494384560144;0.460909;0.0942601;0.993195 0.0853877 -0.0792011 0.11436 -0.0806199 0.994842 0.0615638 0.33254 0.0840494 -0.0547596 0.994956 0.125741 0 0 0 1 
5494384560145;0.514439;0.0910701;0.994118 -0.0603341 0.0899418 -0.409359 0.0341572 0.962736 0.268278 -0.089682 -0.102777 -0.263628 0.959134 0.449245 0 0 0 1 
5494384560146;0.876277;0.0854404;0.97214 0.234394 0.00164475 0.922923 -0.234363 0.971842 0.0244335 0.690381 0.00412862 -0.0241383 0.9997 -0.576432 0 0 0 1 
5494384560147;0.0882485;0.0876131;0.990374 0.00633584 -0.138275 0.228136 -0.00471207 0.999916 0.0120673 0.0582232 0.13834 -0.0112996 0.99032 -0.567912 0 0 0 1 
5494384560148;0.565514;0.0993335;0.908028 0.264455 0.324884 0.0765197 -0.232159 0.963235 -0.135203 1.60265 -0.348695 0.0473438 0.93604 1.48037 0 0 0 1 
5494384560149;0.651367;0.0739909;0.991605 -0.117399 0.054193 -0.523203 0.112193 0.989532 0.0907691 -0.549647 -0.064282 -0.083927 0.994396 0.883 0 0 0 1 
5494384560150;0.389377;0.262231;0.974253 -0.165263 0.153359 -0.347822 0.17026 0.985197 -0.0199499 -0.635101 -0.147792 0.0455472 0.987969 0.676032 0 0 0 1 
5494384560151;0.428451;0.103955;0.945179 -0.322749 -0.0496983 0.00776844 0.323746 0.946051 0.0132851 -1.33732 0.0427294 -0.0286464 0.998676 -0.511789 0 0 0 1 
5494384560152;0.492131;0.362548;0.972845 -0.231454 -0.000926255 -0.168622 0.230913 0.97028 0.0723654 -1.07441 -0.0158506 -0.0706142 0.997378 -0.0494137 0 0 0 1 
5494384560153;0.585822;0.100885;0.999969 0.00326202 -0.00714019 -0.0863054 -0.00467346 0.978199 -0.207615 0.581563 0.00630729 0.207642 0.978185 -0.536629 0 0 0 1 
5494384560155;0.510199;0.197152;0.996855 -0.0781408 0.0131672 0.0933389 0.0767761 0.993536 0.0836194 -0.186977 -0.0196162 -0.0823456 0.996411 0.458691 0 0 0 1 
5494384560156;0.606536;0.150989;0.999608 0.0269075 0.00775793 0.178104 -0.0271998 0.998812 0.0404254 -0.171368 -0.00666097 -0.0406206 0.999152 -0.611328 0 0 0 1 
5494384560157;0.698949;0.139887;0.963995 -0.265165 -0.020029 0.447154 0.26571 0.96349 0.0329457 -0.655197 0.0105617 -0.0370814 0.999256 0.474415 0 0 0 1 
5494384560158;0.932434;0.266843;0.974459 0.00225456 0.224553 -0.00527696 0.0334398 0.987344 -0.155027 -0.0673665 -0.222061 0.158576 0.962051 1.32557 0 0 0 1 
5494384560159;0.588127;0.276706;0.958614 0.167997 0.229861 0.444907 -0.156387 0.985355 -0.0679632 -0.108501 -0.237912 0.0292032 0.970848 0.724472 0 0 0 1 
5494384560160;0.813406;0.13878;0.956978 0.144285 -0.251744 1.05341 -0.112576 0.984267 0.136179 0.0795769 0.267432 -0.10198 0.958165 -0.820395 0 0 0 1 
5494384560161;0.869163;0.20166;0.996912 0.0711473 -0.0332375 0.397902 -0.0679849 0.993784 0.088155 -0.976661 0.0393028 -0.0856231 0.995552 -0.131093 0 0 0 1 
5494384560162;0.520155;0.211077;0.992472 -0.0586001 -0.107538 0.13053 0.0832728 0.966768 0.241711 -0.263103 0.0898004 -0.248847 0.964371 0.200262 0 0 0 1 
5494384560163;0.884248;0.638717;0.948636 0.31636 -0.0024398 1.07958 -0.316286 0.948535 0.0156498 0.132534 0.0072652 -0.0140743 0.999875 0.0837372 0 0 0 1 
5494384560164;0.069281;0.152391;0.999366 -0.0232976 -0.0269193 0.107352 0.0245306 0.998621 0.0464218 -0.243323 0.0258007 -0.0470527 0.998559 -0.0299954 0 0 0 1 
5494384560165;0.359877;0.594806;0.959531 0.228869 0.16407 0.09799 -0.230962 0.972941 -0.00646712 -0.302028 -0.161111 -0.0316886 0.986427 0.282727 0 0 0 1 
5494384560166;0.617506;0.113502;0.954422 0.0425925 -0.295407 0.673874 -0.0402849 0.999092 0.0138963 -0.0323142 0.295731 -0.00136247 0.95527 0.0120085 0 0 0 1 
5494384560167;0.359577;0.209458;0.952194 -0.193885 0.236083 -0.0297173 0.24463 0.946802 -0.209096 -0.409698 -0.182984 0.256853 0.94897 0.198035 0 0 0 1 
5494384560168;0.367236;0.566985;0.979127 0.116481 0.16656 0.227874 -0.133568 0.986444 0.0953262 -0.61237 -0.153199 -0.115584 0.981413 0.140962 0 0 0 1 
5494384560169;0.299703;0.199414;0.994191 0.0832407 -0.0682323 0.255378 -0.069964 0.981537 0.178015 -0.378952 0.0817906 -0.172207 0.981659 -0.0738251 0 0 0 1 
5494384560170;0.388752;0.291968;0.999911 -0.00612254 -0.0118318 0.404374 0.00702666 0.996933 0.0779485 -0.108046 0.0113183 -0.0780247 0.996887 -0.154966 0 0 0 1 
5494384560171;0.436725;0.101059;0.999167 -0.0120887 0.0389775 0.242214 0.00446949 0.981789 0.189924 -0.272335 -0.0405636 -0.189591 0.981025 -0.281093 0 0 0 1 
5494384560172;0.743415;0.237214;0.986888 0.161154 -0.00899361 0.858301 -0.160758 0.986389 0.0345426 0.144489 0.0144379 -0.0326439 0.999363 0.112961 0 0 0 1 
5494384560173;0.766137;0.179635;0.993201 0.111386 0.0338426 0.391063 -0.115374 0.903048 0.413756 0.0465505 0.0155252 -0.414847 0.909759 -0.672493 0 0 0 1 
5494384560174;0.152675;0.157824;0.99284 -0.0967316 -0.0700882 -0.00152532 0.100884 0.993186 0.0583498 -0.322865 0.0639663 -0.0650028 0.995833 -0.100069 0 0 0 1 
5494384560175;0.731473;0.328225;0.995776 0.0510587 -0.0763087 0.439414 -0.062353 0.986126 -0.15384 0.149537 0.0673952 0.157948 0.985145 -0.740597 0 0 0 1 
5494384560176;0.458408;0.280784;0.921464 0.0610923 0.38363 -0.0569708 -0.142607 0.971804 0.187779 0.106183 -0.361341 -0.22774 0.904194 0.375678 0 0 0 1 
5494384560177;0.329052;0.197524;0.972304 -0.0415673 -0.229996 0.274356 0.0138717 0.992586 -0.120749 -0.0622223 0.23331 0.114214 0.965672 -0.114287 0 0 0 1 
5494384560178;0.128329;0.259071;0.991933 0.0543196 -0.114535 0.222865 -0.0331546 0.983257 0.179185 -0.331367 0.122351 -0.173942 0.977126 -0.287606 0 0 0 1 
5494384560179;0.884119;0.215683;0.946466 -0.23227 0.224171 -0.181897 0.230005 0.972503 0.0365428 -0.901213 -0.226495 0.0169739 0.973864 -0.469005 0 0 0 1 
5494384560180;0.395688;0.254874;0.998291 -0.0393558 -0.0432034 -0.0492473 0.0421523 0.996939 0.0658501 -0.0856175 0.0404796 -0.0675587 0.996894 -0.366469 0 0 0 1 
5494384560181;0.929561;0.187591;0.9712 -0.236568 -0.0283924 -0.561905 0.236204 0.971578 -0.0156308 -0.75678 0.0312832 0.00847426 0.999475 -0.759619 0 0 0 1 
5494384560182;0.699324;0.242739;0.939812 -0.275192 0.202541 -0.264551 0.312921 0.931248 -0.186701 -0.854971 -0.137238 0.238843 0.961312 -0.226393 0 0 0 1 
5494384560183;0.638253;0.256595;0.917019 -0.140139 0.373413 -0.335197 0.118797 0.989715 0.0796917 -0.58462 -0.38074 -0.0287183 0.924236 1.05438 0 0 0 1 
5494384560184;0.208766;0.615871;0.989488 0.141665 -0.0290729 0.305342 -0.14054 0.989358 0.0376615 -0.421183 0.0340988 -0.0331797 0.998868 -0.164209 0 0 0 1 
5494384560186;0.36111;0.0159288;0.999418 -0.0337675 -0.00484485 0.0362094 0.0337025 0.999348 -0.0129168 0.105069 0.00527787 0.012746 0.999905 0.322956 0 0 0 1 
5494384560187;0.496451;0.0640854;0.968702 0.218165 -0.11841 0.809596 -0.171026 0.932326 0.318619 0.131374 0.179909 -0.288395 0.940458 -0.797407 0 0 0 1 
5494384560188;0.447898;0.01017;0.940151 -0.334568 0.0646585 -0.239155 0.311469 0.920693 0.235183 -1.71651 -0.138215 -0.200968 0.969798 0.33987 0 0 0 1 
5494384560189;0.616026;0.0660122;0.96003 -0.20004 -0.19577 0.517178 0.201185 0.97945 -0.0142308 -0.27681 0.194593 -0.0257239 0.980547 -0.483459 0 0 0 1 
5494384560190;0.219844;0.0196458;0.980192 -0.16562 -0.108601 0.0637284 0.172193 0.983573 0.0541622 -0.743929 0.0978469 -0.0717896 0.992609 -0.430373 0 0 0 1 
5494384560191;0.269957;0.0414438;0.968932 0.2466 0.0189537 0.368005 -0.246823 0.969005 0.0104142 0.959839 -0.015798 -0.0147688 0.999766 0.0859428 0 0 0 1 
5494384560192;0.563983;0.0164995;0.992459 0.114537 -0.0436604 -0.0796762 -0.0869267 0.908783 0.408114 -0.0244155 0.0864222 -0.401241 0.911886 0.0214172 0 0 0 1 
5494384560193;0.714742;0.021564;0.976241 -0.200748 -0.0815683 0.546972 0.162095 0.926384 -0.339908 -0.483928 0.143799 0.31861 0.936915 -0.909216 0 0 0 1 
5494384560194;0.621903;0.0217748;0.987427 -0.15441 -0.0338299 -0.114195 0.154235 0.988004 -0.00776253 -0.715755 0.0346227 0.0024472 0.999397 0.54981 0 0 0 1 
5494384560195;0.355585;0.0139197;0.957344 -0.280964 0.0674617 -0.279303 0.27828 0.959372 0.0465334 -1.20242 -0.0777951 -0.0257752 0.996636 0.500864 0 0 0 1 
5494384560196;0.150749;0.0269285;0.997832 0.0655819 -0.00542735 0.0600557 -0.0653916 0.997412 0.0299003 0.139585 0.00737422 -0.0294806 0.999538 0.0816471 0 0 0 1 
5494384560197;0.514288;0.0268;0.894587 -0.417474 -0.159466 0.732036 0.434851 0.895454 0.0952161 -1.8244 0.103044 -0.154523 0.982601 -0.115734 0 0 0 1 
5494384560198;0.530599;0.0250498;0.996089 0.00932606 0.0878579 -0.41626 0.027914 0.910258 -0.413099 0.340856 -0.083826 0.413936 0.906438 0.354822 0 0 0 1 
5494384560199;0.148187;0.0237359;0.98893 0.147228 -0.0184694 0.16666 -0.148184 0.986358 -0.0716931 0.726728 0.00766218 0.0736364 0.997256 0.0397417 0 0 0 1 
5494384560200;0.674054;0.588231;0.999603 -0.02356 0.0154513 0.02702 0.0225485 0.99778 0.0626576 -0.533794 -0.0168932 -0.0622843 0.997915 -0.194577 0 0 0 1 
5494384560201;0.851959;0.0149674;0.963047 -0.184784 0.195948 -0.162487 0.126342 0.952457 0.277244 -0.976703 -0.237862 -0.242243 0.940606 0.0821238 0 0 0 1 
5494384560202;0.0584502;0.0231327;0.998405 -0.00476347 -0.0562599 0.11913 0.00628003 0.999621 0.0268104 -0.0495228 0.0561108 -0.0271209 0.998056 -0.272138 0 0 0 1 
5494384560203;0.443983;0.0229976;0.99591 -0.0516087 0.0741569 -0.213591 0.0785793 0.899852 -0.42906 0.611265 -0.044587 0.433132 0.900227 0.279851 0 0 0 1 
5494384560204;0.212563;0.0390916;0.999131 0.0408269 0.00833728 0.0167059 -0.0410916 0.998558 0.0345331 0.0643039 -0.00691538 -0.0348457 0.999369 -0.229129 0 0 0 1 
5494384560205;0.664348;0.0139855;0.883857 -0.285174 0.370774 -0.200042 0.230181 0.955212 0.185976 -1.05198 -0.407203 -0.079031 0.909912 2.41639 0 0 0 1 
5494384560206;0.578856;0.0363948;0.996082 -0.0861554 0.0199517 -0.0519353 0.0859575 0.996243 0.0105747 -0.264922 -0.0207878 -0.00881828 0.999745 0.765895 0 0 0 1 
5494384560207;0.371227;0.0130776;0.983461 -0.0254323 0.179326 -0.480321 -0.0331781 0.948043 0.316408 -0.525631 -0.178056 -0.317125 0.931519 0.821695 0 0 0 1 
5494384560208;0.803964;0.00922041;0.997032 0.0398771 0.0658612 -0.0518116 -0.0423434 0.998437 0.0364841 0.253941 -0.0643034 -0.0391646 0.997162 1.17716 0 0 0 1 
5494384560209;0.402561;0.042797;0.901007 -0.402672 -0.161372 0.410062 0.373184 0.909139 -0.184932 -1.24286 0.221177 0.106404 0.969412 -0.72785 0 0 0 1 
5494384560210;0.831689;0.0150882;0.986981 0.142598 0.0743885 -0.174441 -0.119425 0.959563 -0.254904 1.62835 -0.107729 0.242701 0.964101 0.0475645 0 0 0 1 
5494384560211;0.793568;0.0269568;0.993761 -0.0302131 -0.107364 0.986979 0.0298557 0.999542 -0.00493491 0.189376 0.107464 0.00169869 0.994208 -0.7399 0 0 0 1 
5494384560212;0.459124;0.0359138;0.999924 -0.0122053 -0.00160315 0.26851 0.0122226 0.999862 0.0112533 0.0677343 0.00146558 -0.0112721 0.999935 0.459861 0 0 0 1 
5494384560213;0.436091;0.276155;0.985085 -0.0511882 -0.164279 0.236929 0.0156854 0.977465 -0.210516 0.36243 0.171352 0.204799 0.963689 -0.107034 0 0 0 1 
5494384560214;0.701608;0.0318897;0.999901 -0.0139119 -0.00220118 0.0534332 0.0139305 0.999865 0.00866921 0.658542 0.00208028 -0.00869901 0.99996 -0.329206 0 0 0 1 
5494384560215;0.568246;0.0426874;0.962174 0.058093 -0.26617 1.15212 0.0225291 0.956688 0.290242 -0.621015 0.271503 -0.28526 0.919191 -1.01561 0 0 0 1 
5494384560217;0.781012;0.0900125;0.99488 0.100779 0.007634 0.63688 -0.10014 0.993138 -0.0604017 0.42647 -0.0136689 0.0593279 0.998145 0.460755 0 0 0 1 
5494384560218;0.673342;0.0515858;0.86907 -0.146911 -0.472371 1.89393 0.176032 0.984224 0.0177624 -1.16741 0.46231 -0.0985893 0.881221 -1.89613 0 0 0 1 
5494384560219;0.333437;0.0986496;0.943058 -0.316816 -0.101338 0.42947 0.314198 0.948461 -0.0412574 -1.75009 0.109186 0.00706811 0.993996 -0.53262 0 0 0 1 
5494384560220;0.675306;0.0477461;0.957243 -0.181544 -0.225226 0.629233 0.155226 0.979333 -0.12966 -0.590252 0.24411 0.0891548 0.965641 -0.715204 0 0 0 1 
5494384560221;0.374554;0.0918781;0.930345 0.364401 0.040876 0.554423 -0.355612 0.923814 -0.141803 2.45031 -0.0894351 0.11739 0.989051 0.708541 0 0 0 1 
5494384560222;1.07278;0.0701643;0.969433 0.0834471 -0.23073 0.134992 -0.134197 0.967595 -0.213896 1.96535 0.205404 0.238322 0.949216 -0.629365 0 0 0 1 
5494384560223;0.406435;0.0594607;0.943371 0.331195 0.0189732 0.285485 -0.330047 0.942794 -0.0469988 1.92464 -0.0334536 0.0380753 0.998715 0.452997 0 0 0 1 
5494384560224;0.20751;0.136394;0.992248 -0.021923 0.122326 -0.317243 0.021286 0.999752 0.00651197 -0.193975 -0.122438 -0.00385767 0.992469 0.7882 0 0 0 1 
5494384560225;0.828158;0.0589364;0.995743 -0.011675 -0.0914289 0.131998 0.0146321 0.999389 0.0317396 -0.0429695 0.0910025 -0.0329423 0.995306 0.281756 0 0 0 1 
5494384560226;0.429538;0.0405617;0.885621 0.0597287 -0.460553 1.72473 0.00384908 0.990717 0.135887 -0.0586739 0.464394 -0.122117 0.877169 -2.58332 0 0 0 1 
5494384560227;0.623994;0.0401106;0.930938 -0.344977 0.119773 -0.272932 0.321285 0.929639 0.180407 -1.94008 -0.173581 -0.129466 0.976272 0.77754 0 0 0 1 
5494384560228;0.349478;0.089501;0.969664 -0.178221 -0.167299 0.459517 0.208228 0.960722 0.183449 -1.3759 0.128033 -0.21272 0.968689 -0.734681 0 0 0 1 
5494384560229;0.390705;0.0587165;0.997175 0.0670587 -0.0338423 -0.0160043 -0.0681157 0.997192 -0.0311128 0.724017 0.0316609 0.0333301 0.998943 0.134575 0 0 0 1 
5494384560230;0.944473;0.0802153;0.989162 0.0802987 0.122925 -0.937849 -0.0798226 0.99677 -0.00880089 0.619118 -0.123235 -0.00110669 0.992377 0.262839 0 0 0 1 
5494384560231;0.749473;0.0756843;0.920989 -0.265797 0.284834 -0.776364 0.259303 0.963867 0.0610118 -1.51326 -0.290759 0.0176672 0.956633 1.37395 0 0 0 1 
5494384560232;0.1939;0.0432712;0.99427 -0.0921363 0.0541991 -0.177337 0.083316 0.985609 0.147083 -0.829123 -0.0669708 -0.141725 0.987638 0.291491 0 0 0 1 
5494384560233;0.634182;0.0805388;0.939866 0.207532 0.271259 -0.283751 -0.276635 0.92836 0.248236 1.05263 -0.200309 -0.308349 0.929945 0.775066 0 0 0 1 
5494384560234;0.39885;0.237317;0.955209 -0.215988 -0.202299 0.653042 0.250293 0.954371 0.162877 -1.96678 0.157889 -0.206216 0.965684 -1.12399 0 0 0 1 
5494384560235;0.0516956;0.0639595;0.998998 0.0446187 0.00339401 0.0199935 -0.0445989 0.998989 -0.00569961 0.329556 -0.00364488 0.00554254 0.999978 0.0316121 0 0 0 1 
5494384560236;0.391323;0.0474003;0.989035 -0.147322 -0.0102846 0.046256 0.14717 0.989009 -0.0142108 -0.443924 0.0122652 0.0125414 0.999846 -0.0693619 0 0 0 1 
5494384560237;1.02921;0.576478;0.999449 0.00251862 0.0331095 -0.0796053 0.00264871 0.987895 -0.155103 0.75657 -0.0330993 0.155105 0.987343 0.937728 0 0 0 1 
5494384560238;0.757061;0.0992339;0.965395 0.251257 -0.0698788 0.62539 -0.251865 0.967762 0.000126688 1.95488 0.067658 0.0174777 0.997555 -0.849426 0 0 0 1 
5494384560239;0.288361;0.0865835;0.928572 0.263527 0.261357 -0.106316 -0.249863 0.964558 -0.0848297 1.69009 -0.274449 0.0134671 0.961507 1.77556 0 0 0 1 
5494384560240;0.0978136;0.0589821;0.99096 0.0570623 -0.121418 0.369948 -0.0553558 0.998315 0.0173846 0.316899 0.122205 -0.0105063 0.992449 -0.703135 0 0 0 1 
5494384560241;0.673589;0.117642;0.956147 0.271055 -0.110957 0.4369 -0.289596 0.931561 -0.219838 2.75921 0.0437752 0.24233 0.969206 0.0641914 0 0 0 1 
5494384560242;1.04802;0.0743901;0.98039 0.100187 0.169699 -0.544156 -0.072907 0.984424 -0.159983 1.38964 -0.183083 0.144473 0.972424 1.98259 0 0 0 1 
5494384560243;0.111566;0.062498;0.999171 -0.0295677 -0.0279665 0.0353515 0.0298604 0.999503 0.0101065 -0.0883932 0.0276538 -0.0109333 0.999558 -0.222013 0 0 0 1 
5494384560244;1.00468;0.125651;0.983337 -0.181658 -0.00702557 0.461659 0.181405 0.983027 -0.027389 -0.768591 0.0118818 0.0256581 0.9996 -0.824248 0 0 0 1 
5494384560245;0.648612;0.0891408;0.996458 -0.0797656 0.0266121 -0.0926034 0.0810201 0.995459 -0.0499695 -0.0255746 -0.0225055 0.0519486 0.998396 0.7076 0 0 0 1 
5494384560246;0.310363;0.090724;0.99879 -0.01913 0.0453054 -0.0142619 0.0135706 0.992683 0.119983 -0.255465 -0.0472692 -0.119223 0.991742 0.527384 0 0 0 1 
5494384560248;0.548689;0.0211094;0.962539 -0.270832 0.01299 0.257002 0.269186 0.960241 0.0740006 -2.89728 -0.0325152 -0.0677318 0.997174 1.07203 0 0 0 1 
5494384560249;0.350307;0.0182231;0.968618 0.22001 0.115646 -0.291766 -0.200032 0.966186 -0.162704 2.785 -0.147532 0.134465 0.979874 1.1924 0 0 0 1 
5494384560250;0.482059;0.0180723;0.993037 0.0240865 0.115314 0.347658 -0.0154519 0.997049 -0.0751956 -0.102518 -0.116785 0.0728902 0.990479 1.17436 0 0 0 1 
5494384560251;0.346948;0.00833143;0.953792 0.215842 0.209028 -0.423447 -0.232773 0.97069 0.0598076 2.12392 -0.189993 -0.1057 0.976079 2.38466 0 0 0 1 
5494384560252;0.590914;0.0128151;0.912015 -0.252366 -0.323325 2.04552 0.193775 0.95989 -0.202636 -2.00521 0.361495 0.122155 0.924337 -3.57615 0 0 0 1 
5494384560253;0.449485;0.0299776;0.927838 -0.0148766 -0.372687 1.75011 -0.030971 0.992681 -0.11673 1.07411 0.371696 0.119849 0.920586 -3.63555 0 0 0 1 
5494384560254;0.682288;0.018322;0.944186 -0.327722 0.0333368 1.34708 0.319882 0.936328 0.144792 -3.74477 -0.0786656 -0.126047 0.9889 1.71985 0 0 0 1 
5494384560255;0.468787;0.0160016;0.998189 -0.0295541 0.052387 -0.492182 0.0359322 0.991465 -0.125324 0.119754 -0.0482361 0.126979 0.990732 -0.36296 0 0 0 1 
5494384560256;0.445109;0.0099864;0.924704 0.341822 0.16757 -0.471301 -0.36021 0.92806 0.0946218 3.30995 -0.123171 -0.147858 0.981309 0.962632 0 0 0 1 
5494384560257;0.358958;0.0144609;0.975288 -0.106584 0.19353 -0.470993 0.079541 0.986592 0.142509 -1.14925 -0.206124 -0.123594 0.970689 2.56179 0 0 0 1 
5494384560258;0.299214;0.0159281;0.939941 -0.32199 0.113284 0.60149 0.338335 0.922785 -0.184382 -2.59999 -0.0451672 0.211636 0.976304 0.0993416 0 0 0 1 
5494384560259;0.232186;0.0161677;0.987228 -0.158953 -0.0107095 0.34231 0.159256 0.982827 0.093208 -1.89502 -0.0042901 -0.0937231 0.995589 -0.0909087 0 0 0 1 
5494384560260;0.561418;0.0125919;0.963619 0.252073 0.088866 -0.417211 -0.257927 0.96418 0.0618857 2.37312 -0.0700831 -0.0825552 0.994119 1.60425 0 0 0 1 
5494384560261;0.428236;0.0135573;0.877358 0.240943 0.414958 -0.404922 -0.209014 0.970336 -0.121494 2.42313 -0.431922 0.0198619 0.901692 4.50916 0 0 0 1 
