#;prob_registration_l1 -r /home/probabilistic_point_clouds_registration/build/tester /home/point_clouds_registration_benchmark//devel/registration_pairs/urban05_local.txt /home/point_clouds_registration_benchmark//kaist/urban05 -s 0.2 -t 0.2 -p 0.3 -r 1000 -m 5 -i 40 
id;initial_error;final_error;transformation
34562489690000;0.13992;0.564039;0.999997 4.79361e-05 0.00244607 -385.649 -4.74906e-05 1 -0.000182185 37.2956 -0.00244608 0.000182069 0.999997 252.602 0 0 0 1 
34562489690001;0.182436;0.4168;1 -1.40525e-07 3.42861e-07 -1.11328 1.40525e-07 1 4.60281e-08 1.74267 -3.42861e-07 -4.60281e-08 1 -0.305739 0 0 0 1 
34562489690002;0.400034;0.472077;0.999994 -3.13243e-08 -0.00357234 4.89696 1.14321e-06 1 0.000311247 -1.38217 0.00357234 -0.00031125 0.999994 -4.86303 0 0 0 1 
34562489690003;0.381518;0.517681;0.999322 5.93482e-05 -0.036821 3.78895 5.8945e-05 0.999995 0.00321156 -2.61765 0.036821 -0.00321156 0.999317 -23.6393 0 0 0 1 
34562489690004;0.467995;1.02301;1 -2.06268e-07 5.59662e-07 -1.52215 2.06268e-07 1 5.01658e-08 4.86619 -5.59662e-07 -5.01657e-08 1 -0.275935 0 0 0 1 
34562489690005;0.423309;0.800328;1 -2.03929e-07 9.53898e-07 -1.63292 2.03929e-07 1 6.92449e-08 3.08885 -9.53898e-07 -6.92447e-08 1 -0.479205 0 0 0 1 
34562489690006;0.190415;0.912459;0.998193 0.000103217 0.0600838 428.166 0.000214451 0.999986 -0.00528062 -44.8058 -0.0600835 0.00528397 0.998179 -309.952 0 0 0 1 
34562489690007;0.167146;0.4135;0.999975 2.98301e-05 0.00702378 -223.776 -2.60037e-05 1 -0.000544872 21.885 -0.0070238 0.000544676 0.999975 550.855 0 0 0 1 
34562489690008;0.102809;0.103489;1 -1.50066e-08 4.29402e-08 -0.106492 1.50066e-08 1 6.11728e-09 -0.224762 -4.29402e-08 -6.11728e-09 1 -0.0423706 0 0 0 1 
34562489690009;0.0509686;0.782247;1 -4.32851e-06 3.81015e-05 34.2893 4.32864e-06 1 -3.33152e-06 -9.85325 -3.81015e-05 3.33168e-06 1 0.0672487 0 0 0 1 
34562489690010;0.0869115;0.647731;0.999953 1.54633e-05 -0.00973363 -91.2625 -7.17302e-06 1 0.000851755 13.5819 0.00973364 -0.000851644 0.999952 14.8402 0 0 0 1 
34562489690011;0.0782188;0.281563;0.999742 2.69614e-05 -0.0227304 -33.1057 1.81166e-05 0.999998 0.00198295 4.63166 0.0227304 -0.00198285 0.99974 -12.8375 0 0 0 1 
34562489690012;0.0495854;0.637886;0.999598 3.48185e-05 0.0283549 -1.60524 3.5295e-05 0.999997 -0.00247221 -5.14797 -0.0283549 0.00247221 0.999595 26.2651 0 0 0 1 
34562489690013;0.0622498;0.574298;0.999999 8.18178e-06 0.00119862 -65.0208 -8.059e-06 1 -0.000102437 10.6929 -0.00119862 0.000102428 0.999999 18.2691 0 0 0 1 
34562489690014;0.30978;1.19799;1 -2.10456e-07 1.18954e-07 -0.894248 2.10456e-07 1 4.71856e-08 8.69086 -1.18954e-07 -4.71856e-08 1 -0.146849 0 0 0 1 
34562489690015;0.264634;0.544153;1 -1.15685e-07 1.48237e-07 -1.06729 1.15685e-07 1 1.41115e-08 -2.92068 -1.48237e-07 -1.41115e-08 1 -0.0841079 0 0 0 1 
34562489690016;0.0384264;0.689266;1 2.01341e-06 -1.81786e-05 -17.344 -2.01337e-06 1 2.3142e-06 7.47698 1.81786e-05 -2.31417e-06 1 5.84269 0 0 0 1 
34562489690017;0.317284;0.509657;1 -1.97023e-07 3.10871e-07 -1.72479 1.97023e-07 1 4.5493e-08 -2.87439 -3.10871e-07 -4.5493e-08 1 -0.331375 0 0 0 1 
34562489690018;0.287954;1.0944;1 -8.07092e-08 5.33523e-07 -0.22654 8.07092e-08 1 1.87253e-08 8.7734 -5.33523e-07 -1.87253e-08 1 0.0137139 0 0 0 1 
34562489690019;0.362659;1.06368;0.998812 9.65251e-05 0.0487319 49.2451 0.000110763 0.999991 -0.00425093 -12.297 -0.0487318 0.00425128 0.998803 25.8102 0 0 0 1 
34562489690020;0.112961;0.0572669;0.999994 -6.1849e-07 0.00351507 8.2694 1.68957e-06 1 -0.000304709 -1.43651 -0.00351507 0.000304713 0.999994 16.5856 0 0 0 1 
34562489690021;0.197833;0.792613;0.99997 1.75382e-06 -0.00773495 7.49862 3.46388e-06 1 0.000674548 -7.3636 0.00773495 -0.000674554 0.99997 -5.30431 0 0 0 1 
34562489690022;0.278308;0.603614;0.999165 6.86757e-05 0.0408531 27.0825 7.70261e-05 0.999994 -0.0035649 -5.93177 -0.040853 0.00356507 0.999159 13.0744 0 0 0 1 
34562489690023;0.193536;0.320966;0.998474 0.000129733 -0.0552312 34.6533 0.00013673 0.999988 0.0048207 -2.51428 0.0552312 -0.00482089 0.998462 -7.59088 0 0 0 1 
34562489690024;0.347959;0.358975;0.999831 1.10626e-05 0.0184048 26.1012 1.8463e-05 0.999999 -0.00160406 -4.17249 -0.0184048 0.00160413 0.999829 19.5298 0 0 0 1 
34562489690025;0.302077;0.643638;0.998055 0.000185112 -0.0623385 -117.417 0.000155277 0.999985 0.00545544 12.1419 0.0623386 -0.00545451 0.99804 97.1837 0 0 0 1 
34562489690026;0.218188;0.248703;1 -5.64458e-08 3.66165e-07 -0.452049 5.64458e-08 1 2.83711e-08 0.825432 -3.66165e-07 -2.83711e-08 1 -0.19389 0 0 0 1 
34562489690027;0.18191;0.394939;0.99994 2.34283e-06 -0.0109107 23.6044 8.03603e-06 1 0.000951208 0.472102 0.0109107 -0.000951239 0.99994 -10.6283 0 0 0 1 
34562489690028;0.340963;1.21507;1 -2.33605e-07 8.15821e-07 -2.46697 2.33605e-07 1 -1.51311e-09 -8.44976 -8.15821e-07 1.5133e-09 1 0.0355282 0 0 0 1 
34562489690029;0.238574;0.88747;0.999649 3.86899e-05 0.0264783 -68.4971 2.24311e-05 0.999997 -0.00230804 -1.32312 -0.0264783 0.00230783 0.999647 31.1943 0 0 0 1 
34562489690031;0.530935;0.629989;0.999982 3.71488e-06 -0.00604179 -15.6106 -5.39272e-07 1 0.000525609 2.00263 0.00604179 -0.000525597 0.999982 -14.3421 0 0 0 1 
34562489690032;0.306555;0.512721;0.989392 0.00092557 0.145266 -16.2195 0.000925752 0.999919 -0.0126762 0.412926 -0.145266 0.0126762 0.989311 44.2486 0 0 0 1 
34562489690033;0.46032;0.510844;1 -1.01492e-07 -0.000620837 1.26673 1.35071e-07 1 5.40877e-05 0.0450153 0.000620837 -5.40878e-05 1 -1.15015 0 0 0 1 
34562489690034;0.385219;0.715548;0.999979 3.75195e-06 -0.00641103 -13.3347 -1.70384e-07 1 0.000558658 2.42486 0.00641103 -0.000558645 0.999979 -8.97639 0 0 0 1 
34562489690035;0.341621;0.327123;0.998064 0.000169734 0.0622006 -14.0055 0.000168326 0.999985 -0.00542972 0.886157 -0.0622006 0.00542967 0.998049 3.68067 0 0 0 1 
34562489690036;0.158469;0.0614766;0.997054 0.000259769 -0.0767015 -9.84686 0.000254239 0.999978 0.00669156 0.93772 0.0767015 -0.00669135 0.997032 -36.4168 0 0 0 1 
34562489690037;0.364175;0.309436;0.994457 0.000485665 -0.105139 0.922043 0.000481905 0.999958 0.00917721 -0.568512 0.105139 -0.00917701 0.994415 -12.0898 0 0 0 1 
34562489690038;0.437441;1.14316;0.994984 0.000445283 0.100037 -70.9673 0.00043016 0.999962 -0.00872946 8.94312 -0.100037 0.0087287 0.994945 36.3584 0 0 0 1 
34562489690039;0.392147;0.417694;0.998405 0.000139438 0.056453 -9.07897 0.000138969 0.999988 -0.0049277 0.3633 -0.056453 0.00492769 0.998393 5.05087 0 0 0 1 
34562489690040;0.283513;0.325172;0.999618 3.53992e-05 -0.0276475 -11.8813 3.12877e-05 0.999997 0.0024116 1.14169 0.0276475 -0.00241155 0.999615 -17.2516 0 0 0 1 
34562489690041;0.287266;0.469365;0.997739 0.00020391 -0.0672126 -42.1168 0.000190861 0.999983 0.00586699 4.17246 0.0672126 -0.00586656 0.997721 -8.51345 0 0 0 1 
34562489690042;0.329992;0.989906;0.992165 0.000693286 0.124929 -90.4555 0.000674141 0.99994 -0.010903 9.1453 -0.124929 0.0109018 0.992106 36.2382 0 0 0 1 
34562489690043;0.516204;0.620038;1 7.24083e-07 -0.0007956 -5.03563 -6.69476e-07 1 6.86372e-05 0.692778 0.0007956 -6.86366e-05 1 -6.3575 0 0 0 1 
34562489690044;0.236329;0.197063;0.999873 1.02548e-05 -0.0159203 8.7502 1.1863e-05 0.999999 0.00138919 -0.638935 0.0159203 -0.0013892 0.999872 -5.25563 0 0 0 1 
34562489690045;0.316589;0.415454;1 4.65554e-08 -0.000415539 -0.00473675 -3.1402e-08 1 3.64669e-05 -0.332974 0.000415539 -3.64668e-05 1 1.21349 0 0 0 1 
34562489690046;0.376135;0.36039;0.99985 1.2441e-05 -0.0173146 7.64414 1.37225e-05 0.999999 0.00151095 -0.7074 0.0173146 -0.00151096 0.999849 -5.24216 0 0 0 1 
34562489690047;0.485231;0.415927;1 1.73402e-08 1.85107e-07 0.122521 -1.73402e-08 1 2.4246e-08 -0.218562 -1.85107e-07 -2.4246e-08 1 -0.211428 0 0 0 1 
34562489690048;0.199981;0.0450875;0.999987 7.8101e-07 -0.00509324 3.81079 1.47584e-06 1 0.000443103 0.0344125 0.00509324 -0.000443105 0.999987 -12.1296 0 0 0 1 
34562489690049;0.208318;0.213384;1 1.80698e-10 -9.02475e-08 0.00272987 -1.80698e-10 1 9.59345e-10 -0.000464029 9.02475e-08 -9.59345e-10 1 -0.0119886 0 0 0 1 
34562489690050;0.378047;0.459602;0.984462 0.00136587 -0.175593 -50.3577 0.00134661 0.999882 0.0153275 4.49541 0.175593 -0.0153258 0.984344 -25.3503 0 0 0 1 
34562489690051;0.381473;0.424417;0.999985 2.88269e-06 0.00540562 -13.331 -3.40061e-07 1 -0.000470368 1.39186 -0.00540562 0.000470359 0.999985 12.1882 0 0 0 1 
34562489690052;0.123011;0.223997;0.999762 2.34807e-05 -0.0218187 -17.975 1.80567e-05 0.999998 0.00190355 1.74804 0.0218187 -0.00190349 0.99976 -10.1306 0 0 0 1 
34562489690053;0.447449;0.561461;0.999935 8.14209e-06 0.0113979 -20.8635 3.1867e-06 1 -0.000993918 2.39758 -0.0113979 0.00099389 0.999935 9.06397 0 0 0 1 
34562489690054;0.341689;0.576502;0.99923 7.43192e-05 -0.0392384 -50.2744 6.01031e-05 0.999994 0.00342459 4.6332 0.0392385 -0.00342431 0.999224 -9.64942 0 0 0 1 
34562489690055;0.435439;0.490006;0.99999 2.02553e-06 0.00456217 -9.17925 -2.04302e-07 1 -0.000399202 0.744575 -0.00456217 0.000399197 0.99999 -6.97516 0 0 0 1 
34562489690056;0.453077;0.310506;0.965293 0.00304022 -0.26115 -46.0647 0.00301905 0.999736 0.0227979 4.87154 0.26115 -0.0227951 0.965029 -20.2174 0 0 0 1 
34562489690057;0.243925;0.0729716;0.999518 4.05792e-05 0.0310565 8.15265 4.36228e-05 0.999996 -0.00271057 -0.969083 -0.0310565 0.00271062 0.999514 5.04547 0 0 0 1 
34562489690058;0.299623;0.313308;0.991107 0.0007791 0.133064 -40.376 0.000772893 0.999932 -0.0116115 4.00429 -0.133064 0.0116111 0.991039 43.3791 0 0 0 1 
34562489690059;0.121954;0.0524447;0.999985 8.86446e-07 -0.00549963 4.21751 1.75211e-06 1 0.000479765 -0.234149 0.00549963 -0.000479767 0.999985 -3.24354 0 0 0 1 
34562489690060;0.336224;0.389369;0.998755 0.000114028 0.0498804 -49.0612 0.000103255 0.999991 -0.00435348 4.51542 -0.0498804 0.00435321 0.998746 10.9123 0 0 0 1 
34562489690062;0.450678;0.459956;0.999976 2.88064e-06 0.00689677 -7.12278 1.26586e-06 1 -0.00060122 0.494483 -0.00689677 0.000601214 0.999976 7.7606 0 0 0 1 
34562489690063;0.504888;0.786231;0.996124 0.000338162 0.087961 -9.57133 0.000338328 0.99997 -0.00767577 -0.85216 -0.087961 0.00767578 0.996094 40.765 0 0 0 1 
34562489690064;0.452148;0.454261;1 -5.24941e-08 -1.40049e-05 -0.035938 5.25001e-08 1 4.32168e-07 -0.271474 1.40049e-05 -4.32169e-07 1 -6.15431 0 0 0 1 
34562489690065;0.324911;0.398301;0.999805 1.71283e-05 -0.019755 1.89538 1.69442e-05 0.999999 0.00172458 -0.595476 0.019755 -0.00172458 0.999803 -3.06581 0 0 0 1 
34562489690066;0.34336;0.388866;0.996735 0.000285966 0.0807464 -17.6316 0.000283944 0.999975 -0.00704646 1.31357 -0.0807464 0.00704638 0.99671 34.8595 0 0 0 1 
34562489690067;0.18061;0.238083;0.999997 -2.19207e-07 0.00264235 3.80123 8.27751e-07 1 -0.000230303 -0.893858 -0.00264235 0.000230305 0.999996 3.62175 0 0 0 1 
34562489690068;0.143206;0.15509;1 2.66128e-07 0.00056295 -1.90992 -2.38499e-07 1 -4.90806e-05 0.00526798 -0.00056295 4.90805e-05 1 0.635109 0 0 0 1 
34562489690069;0.265071;0.175702;1 8.85502e-07 0.000448362 -7.1344 -8.68767e-07 1 -3.73245e-05 0.346696 -0.000448362 3.73241e-05 1 13.9311 0 0 0 1 
34562489690070;0.337998;0.319321;0.941594 0.00510791 -0.336713 -16.3294 0.00509099 0.999555 0.0293998 0.803642 0.336713 -0.0293968 0.941148 -28.7502 0 0 0 1 
34562489690071;0.291767;0.0252191;0.999999 2.56358e-07 -0.0014189 -0.844241 -8.20079e-08 1 0.000122877 0.0256774 0.0014189 -0.000122877 0.999999 -7.5065 0 0 0 1 
34562489690072;0.432542;0.382436;0.967241 0.00286806 0.253845 -95.3488 0.00285206 0.99975 -0.022163 7.86088 -0.253845 0.0221609 0.966991 41.7989 0 0 0 1 
34562489690073;0.333627;0.244466;1 3.32852e-09 9.06899e-08 0.00526417 -3.32852e-09 1 2.30497e-08 -0.151405 -9.06899e-08 -2.30497e-08 1 -0.204407 0 0 0 1 
34562489690074;0.333091;1.15589;0.99979 2.43983e-05 0.0204749 -49.8016 1.22022e-05 0.999998 -0.00178745 1.9076 -0.0204749 0.00178732 0.999789 4.2057 0 0 0 1 
34562489690075;0.300984;0.332052;1 9.69289e-09 -1.84322e-07 0.0439473 -9.69289e-09 1 1.25166e-08 -0.451934 1.84322e-07 -1.25166e-08 1 -0.100798 0 0 0 1 
34562489690076;0.255405;0.385027;0.999692 2.6661e-05 0.0248261 -1.15497 2.71502e-05 0.999998 -0.00216719 -0.42741 -0.0248261 0.00216719 0.999689 5.36909 0 0 0 1 
34562489690077;0.37018;0.401125;0.904702 0.00833046 -0.425964 -13.4342 0.00830965 0.999274 0.0371914 -0.0415785 0.425964 -0.0371867 0.903976 -51.6094 0 0 0 1 
34562489690078;0.123389;0.230458;0.996393 0.000319831 -0.0848574 -27.0377 0.000310007 0.999973 0.00740902 1.77191 0.0848574 -0.0074086 0.996366 -8.14118 0 0 0 1 
34562489690079;0.437756;0.679968;0.999151 7.90389e-05 -0.0411892 -33.0446 6.91239e-05 0.999994 0.00359569 1.93707 0.0411892 -0.00359549 0.999145 -8.83957 0 0 0 1 
34562489690080;0.248888;0.499356;0.999097 8.061e-05 -0.0424858 -8.15196 7.70226e-05 0.999993 0.00370859 -0.0455053 0.0424859 -0.00370851 0.99909 -9.97913 0 0 0 1 
34562489690081;0.238106;0.252678;0.999845 1.36917e-05 0.0175993 -3.68456 1.33187e-05 0.999999 -0.00153463 -0.253578 -0.0175993 0.00153463 0.999844 16.8452 0 0 0 1 
34562489690082;0.176775;0.261167;0.999356 5.83936e-05 0.0358933 -21.8207 5.41076e-05 0.999995 -0.00313334 1.64066 -0.0358933 0.00313326 0.999351 7.29891 0 0 0 1 
34562489690083;0.334152;0.916895;0.999992 3.05146e-06 0.0039455 -20.4425 -1.69666e-06 1 -0.000343381 -1.5276 -0.0039455 0.000343371 0.999992 9.97666 0 0 0 1 
34562489690084;0.376441;0.377395;0.999351 5.99294e-05 -0.0360304 -20.5625 5.34282e-05 0.999995 0.0031452 2.06842 0.0360304 -0.00314508 0.999346 -8.40215 0 0 0 1 
34562489690085;0.162081;0.141781;0.999727 2.50569e-05 -0.0233535 -6.5553 2.257e-05 0.999998 0.00203912 0.360726 0.0233535 -0.00203909 0.999725 -1.05303 0 0 0 1 
34562489690086;0.435379;0.320044;1 2.5679e-09 5.00863e-07 -0.00364606 -2.56785e-09 1 -9.32209e-08 -0.219056 -5.00863e-07 9.32209e-08 1 0.331899 0 0 0 1 
34562489690087;0.326485;0.309232;1 1.30108e-07 1.23635e-05 -1.08383 -1.30094e-07 1 -1.10506e-06 -0.274094 -1.23635e-05 1.10506e-06 1 -0.344802 0 0 0 1 
34562489690088;0.343468;0.381097;1 6.76029e-08 -0.000150183 -0.433826 -6.56617e-08 1 1.29257e-05 -0.248685 0.000150183 -1.29257e-05 1 -1.30064 0 0 0 1 
34562489690089;0.181879;0.148651;1 6.29304e-09 1.97631e-07 -0.0229419 -6.29304e-09 1 6.57881e-09 -0.22837 -1.97631e-07 -6.57881e-09 1 0.352384 0 0 0 1 
34562489690090;0.274172;0.3736;0.988845 0.000979526 -0.148944 -23.2129 0.000968077 0.999915 0.013003 1.58152 0.148944 -0.0130021 0.98876 -26.6857 0 0 0 1 
34562489690091;0.516972;0.855114;0.999916 1.28361e-05 -0.0129864 -40.5488 1.90276e-06 0.999999 0.00113493 2.08853 0.0129864 -0.00113486 0.999915 6.40507 0 0 0 1 
34562489690093;0.4248;0.496055;1 4.5028e-09 9.83411e-06 -0.373019 -4.49857e-09 1 -4.30154e-07 1.27735 -9.83411e-06 4.30154e-07 1 4.48991 0 0 0 1 
34562489690094;0.0934313;0.363192;0.999349 6.44226e-05 0.0360722 -66.0165 4.89781e-05 0.999995 -0.00314282 9.1871 -0.0360722 0.00314254 0.999344 54.71 0 0 0 1 
34562489690095;0.144672;0.164895;1 3.93292e-07 1.72239e-05 -3.46922 -3.9327e-07 1 -1.29241e-06 1.08168 -1.72239e-05 1.29241e-06 1 2.10977 0 0 0 1 
34562489690096;0.228702;0.295646;0.999376 3.34972e-05 -0.0353092 172.76 7.58285e-05 0.999995 0.0030949 -14.8933 0.0353091 -0.00309564 0.999372 102.211 0 0 0 1 
34562489690097;0.121961;0.204861;0.999091 -1.34144e-05 0.0426203 738.232 0.000174275 0.999993 -0.00377057 -65.749 -0.0426199 0.00377457 0.999084 -430.086 0 0 0 1 
34562489690098;0.286027;0.323234;0.999309 5.26182e-05 0.0371714 56.3226 6.80539e-05 0.999995 -0.0032451 -3.80195 -0.0371714 0.00324538 0.999304 0.726392 0 0 0 1 
34562489690099;0.0245713;0.0622071;0.999882 8.36138e-06 0.0153838 13.3564 1.22824e-05 0.999999 -0.00134182 -1.68314 -0.0153838 0.00134185 0.999881 10.1177 0 0 0 1 
34562489690100;0.214406;0.304474;0.999018 0.000433914 -0.0443008 -2795.74 -0.000274647 0.999993 0.00360113 247.007 0.0443021 -0.00358543 0.999012 -2274.15 0 0 0 1 
34562489690101;0.290539;0.331592;1 -4.50837e-08 3.69498e-07 -0.30814 4.50837e-08 1 -7.84008e-09 0.0470223 -3.69498e-07 7.84009e-09 1 0.0472389 0 0 0 1 
34562489690102;0.160438;0.213124;0.996769 0.000279662 -0.0803268 30.7504 0.000284305 0.999975 0.00700939 -3.61294 0.0803268 -0.00700958 0.996744 -30.3232 0 0 0 1 
34562489690103;0.385248;0.466234;0.998644 0.000114859 0.0520652 20.2991 0.000121937 0.99999 -0.00454488 -3.34163 -0.0520651 0.00454506 0.998633 5.95452 0 0 0 1 
34562489690104;0.150227;0.321911;0.999823 7.18944e-07 0.0187926 114.221 3.08342e-05 0.999999 -0.00167873 -12.0191 -0.0187926 0.00167901 0.999822 -308.081 0 0 0 1 
34562489690105;0.212702;0.265379;0.999777 1.7243e-05 0.0211368 14.4711 2.17372e-05 0.999998 -0.00184395 -2.88183 -0.0211368 0.001844 0.999775 10.3733 0 0 0 1 
34562489690106;0.369761;0.400449;1 -3.01747e-08 3.51281e-07 -0.174885 3.01747e-08 1 -1.31084e-08 0.635903 -3.51281e-07 1.31084e-08 1 0.0993996 0 0 0 1 
34562489690107;0.232667;0.208324;1 -3.67493e-08 2.23404e-07 -0.28527 3.67493e-08 1 2.50576e-08 0.255147 -2.23404e-07 -2.50576e-08 1 -0.205326 0 0 0 1 
34562489690108;0.240619;0.27166;1 -1.29589e-08 -4.69706e-08 -0.0403617 1.29589e-08 1 1.74302e-08 0.35037 4.69706e-08 -1.74302e-08 1 -0.107724 0 0 0 1 
34562489690109;0.185949;0.193133;1 -9.62707e-09 -2.69338e-07 -0.0217121 9.62707e-09 1 1.04641e-08 -0.0727674 2.69338e-07 -1.04641e-08 1 -0.0631239 0 0 0 1 
34562489690110;0.265953;0.285256;0.998064 0.00016315 -0.0621952 55.8056 0.000174886 0.999985 0.0054296 -4.68846 0.0621952 -0.00542997 0.998049 -2.20401 0 0 0 1 
34562489690111;0.165425;0.233299;0.999834 1.62228e-05 0.0182189 -16.579 1.27206e-05 0.999999 -0.00158853 2.99961 -0.0182189 0.0015885 0.999833 17.142 0 0 0 1 
34562489690112;0.350609;0.36504;0.99813 0.000165085 0.0611249 -23.2665 0.000161231 0.999986 -0.00533354 3.90995 -0.0611249 0.00533342 0.998116 25.896 0 0 0 1 
34562489690113;0.399049;0.429709;1 -2.00862e-08 1.67683e-07 -0.123626 2.00862e-08 1 6.14518e-09 0.436054 -1.67683e-07 -6.14518e-09 1 -0.0366544 0 0 0 1 
34562489690114;0.0997142;0.907228;1 7.24432e-06 -0.000414778 -57.977 -7.22915e-06 1 3.65681e-05 14.286 0.000414778 -3.65651e-05 1 2.44678 0 0 0 1 
34562489690115;0.280795;0.307701;1 -3.62009e-08 -2.13184e-07 -0.127916 3.62009e-08 1 1.17245e-08 -0.236236 2.13184e-07 -1.17246e-08 1 -0.127262 0 0 0 1 
34562489690116;0.37279;0.420766;0.99984 -0.000423598 -0.0178568 3521.99 0.000449527 0.999999 0.00144807 -306.494 0.0178561 -0.00145586 0.99984 -830.698 0 0 0 1 
34562489690117;0.26675;1.09003;1 -7.75525e-08 -3.48549e-08 0.0919662 7.75525e-08 1 1.63494e-08 9.6394 3.48549e-08 -1.63494e-08 1 0.540085 0 0 0 1 
34562489690118;0.0989808;0.421952;0.9978 9.86244e-05 -0.0662887 760.184 0.000283217 0.999983 0.00575086 -70.5153 0.0662882 -0.00575698 0.997784 -245.908 0 0 0 1 
34562489690119;0.386067;0.428842;0.991922 0.00069252 -0.126849 119.957 0.000717637 0.999938 0.0110708 -10.2521 0.126849 -0.0110724 0.99186 -20.9431 0 0 0 1 
34562489690120;0.309421;0.533517;0.999892 1.10421e-05 0.0146728 -14.4759 7.74353e-06 0.999999 -0.00128024 4.44347 -0.0146728 0.00128022 0.999892 7.03426 0 0 0 1 
34562489690121;0.382301;0.428085;1 -5.0612e-08 -2.16549e-09 -0.321409 5.0612e-08 1 -7.11904e-09 0.544028 2.16549e-09 7.11904e-09 1 0.134047 0 0 0 1 
34562489690122;0.179762;0.326971;0.996248 0.000319881 0.0865486 49.0389 0.000349892 0.99997 -0.00772341 -6.12974 -0.0865485 0.00772471 0.996218 -1352.58 0 0 0 1 
34562489690124;0.346704;0.563402;0.994129 0.000502363 -0.108201 95.8824 0.0005235 0.999955 0.0094525 -7.74975 0.108201 -0.00945364 0.994084 54.1388 0 0 0 1 
34562489690125;0.12865;0.908571;0.999353 6.48305e-05 -0.0359553 -61.8809 4.79575e-05 0.999995 0.00313603 11.7534 0.0359553 -0.00313572 0.999348 -28.0197 0 0 0 1 
34562489690126;0.441684;1.62382;1 1.11492e-07 1.40163e-06 1.45835 -1.11492e-07 1 -7.49701e-08 10.3671 -1.40163e-06 7.49699e-08 1 0.836443 0 0 0 1 
34562489690127;0.210546;0.230305;0.999991 2.41432e-06 0.00414787 -14.0732 -9.16522e-07 1 -0.000361103 1.88118 -0.00414787 0.000361096 0.999991 7.68663 0 0 0 1 
34562489690128;0.0334274;0.275155;0.999964 -2.07875e-06 -0.00847147 42.4086 8.31739e-06 1 0.000736395 -5.55178 0.00847146 -0.000736439 0.999964 -25.5993 0 0 0 1 
34562489690129;0.0803559;0.0867577;0.999999 -2.24267e-06 -0.0016297 18.7531 2.47452e-06 1 0.000142264 -2.1352 0.0016297 -0.000142268 0.999999 -0.754936 0 0 0 1 
34562489690130;0.355847;0.411783;1 -6.87524e-08 -1.25276e-07 -0.510754 6.87524e-08 1 3.01986e-08 0.228314 1.25276e-07 -3.01986e-08 1 -0.259964 0 0 0 1 
34562489690131;0.103607;0.752308;1 1.26468e-05 -0.00012156 -100.492 -1.2646e-05 1 7.07041e-06 14.9292 0.00012156 -7.06887e-06 1 -28.9905 0 0 0 1 
34562489690132;0.232394;0.389122;0.998911 8.91287e-05 -0.0466574 53.8623 0.00010098 0.999992 0.0040722 -1.79413 0.0466574 -0.00407247 0.998903 -10.0425 0 0 0 1 
34562489690133;0.372111;0.418364;1 -6.20913e-08 -6.61922e-07 -0.435843 6.20913e-08 1 5.44864e-08 0.59972 6.61922e-07 -5.44864e-08 1 -0.439434 0 0 0 1 
34562489690134;0.23228;0.270824;1 -5.3563e-07 -0.00023898 3.38339 5.4056e-07 1 2.06292e-05 0.136501 0.00023898 -2.06294e-05 1 -2.18931 0 0 0 1 
34562489690135;0.171644;1.12636;1 -4.29916e-08 -8.70897e-07 0.0695357 4.29916e-08 1 -1.65642e-09 8.11025 8.70897e-07 1.65638e-09 1 0.250123 0 0 0 1 
34562489690136;0.200279;0.260395;1 -9.5557e-08 -1.37466e-07 -0.688639 9.5557e-08 1 2.82247e-08 0.382229 1.37466e-07 -2.82247e-08 1 -0.241952 0 0 0 1 
34562489690137;0.062551;0.30894;0.998868 9.67697e-05 -0.0475784 23.4904 0.000100751 0.999991 0.00414907 -4.45105 0.0475784 -0.00414917 0.998859 -38.7265 0 0 0 1 
34562489690138;0.126833;0.225244;1 3.89462e-08 -1.13043e-07 0.371651 -3.89462e-08 1 -9.7183e-09 1.33606 1.13043e-07 9.7183e-09 1 0.0948161 0 0 0 1 
34562489690139;0.334771;0.475971;1 1.26359e-08 5.99066e-08 0.179495 -1.26359e-08 1 2.16958e-08 1.67824 -5.99066e-08 -2.16958e-08 1 -0.095545 0 0 0 1 
34562489690140;0.169798;1.11388;1 -1.30178e-07 2.78725e-07 -0.19354 1.30178e-07 1 1.9252e-08 8.1821 -2.78725e-07 -1.9252e-08 1 -0.036779 0 0 0 1 
34562489690141;0.269667;0.410901;0.999104 8.22114e-05 -0.0423256 -25.0691 7.41798e-05 0.999993 0.00369337 3.79832 0.0423256 -0.0036932 0.999097 -18.0603 0 0 0 1 
34562489690142;0.0756236;0.243809;0.999312 4.61437e-05 -0.0371004 116.379 7.38772e-05 0.999995 0.00323365 -11.1947 0.0371003 -0.00323417 0.999306 -40.7072 0 0 0 1 
34562489690143;0.273373;0.453406;0.998592 0.000128522 0.0530426 -51.7194 0.000117187 0.999989 -0.00462916 6.81672 -0.0530426 0.00462886 0.998582 17.9138 0 0 0 1 
34562489690144;0.115892;1.01293;0.999618 0.000658155 0.0276139 -5030.03 -0.000602525 0.999998 -0.00202287 449.05 -0.0276152 0.00200546 0.999617 3263.04 0 0 0 1 
34562489690145;0.160443;0.809665;0.99958 3.95276e-05 0.0289689 -26.9778 3.36853e-05 0.999997 -0.0025268 -3.63359 -0.0289689 0.00252671 0.999577 19.7451 0 0 0 1 
34562489690146;0.0878609;0.879303;1 4.21423e-08 3.77923e-07 0.63886 -4.21423e-08 1 -1.86183e-08 6.51509 -3.77923e-07 1.86183e-08 1 0.391284 0 0 0 1 
34562489690147;0.0902058;0.1925;0.998834 8.75092e-05 -0.0482822 121.126 0.000115976 0.999991 0.00421168 -10.2821 0.0482821 -0.00421237 0.998825 -25.1611 0 0 0 1 
34562489690148;0.253989;1.24152;1 5.65697e-08 -7.3662e-07 1.08724 -5.65697e-08 1 3.93202e-08 8.69173 7.3662e-07 -3.93202e-08 1 0.0851107 0 0 0 1 
34562489690149;0.415878;0.422841;1 -3.4436e-08 1.37587e-07 -0.250933 3.4436e-08 1 3.30373e-08 -0.031315 -1.37587e-07 -3.30373e-08 1 -0.301268 0 0 0 1 
34562489690150;0.323952;0.384171;1 -5.75748e-08 -9.61083e-08 -0.451302 5.75748e-08 1 2.02457e-08 0.09046 9.61083e-08 -2.02457e-08 1 -0.150156 0 0 0 1 
34562489690151;0.0908205;0.884668;1 1.03665e-07 3.55432e-07 0.947798 -1.03665e-07 1 -1.6722e-08 6.51839 -3.55432e-07 1.6722e-08 1 0.159511 0 0 0 1 
34562489690152;0.416208;0.433203;0.997869 0.00018462 -0.0652547 20.6312 0.000187297 0.999984 0.0056933 -1.26973 0.0652546 -0.00569339 0.997852 -30.7722 0 0 0 1 
34562489690153;0.0988573;0.508472;0.999969 4.20414e-06 -0.00792824 -9.62622 1.26651e-06 1 0.000690016 -3.78034 0.00792824 -0.000690004 0.999968 -17.2396 0 0 0 1 
34562489690155;0.259195;0.482303;0.999451 4.86032e-05 -0.0331398 -0.420593 4.72823e-05 0.999996 0.00289257 1.88668 0.0331398 -0.00289255 0.999447 -7.24959 0 0 0 1 
34562489690156;0.172496;0.16662;0.999283 6.14763e-05 -0.0378624 14.6717 6.36496e-05 0.999995 0.00330354 -0.424391 0.0378624 -0.00330358 0.999278 -17.5185 0 0 0 1 
34562489690157;0.159263;0.18748;0.994789 0.000438057 0.101952 121.527 0.000472048 0.99996 -0.00890247 -9.83356 -0.101952 0.0089042 0.994749 -23.4408 0 0 0 1 
34562489690158;0.105511;0.258141;0.999668 3.6329e-05 0.0257488 -61.7325 2.15712e-05 0.999997 -0.00224837 4.51406 -0.0257488 0.00224818 0.999666 -0.942863 0 0 0 1 
34562489690159;0.266866;0.327882;1 -2.07196e-08 3.3993e-07 -0.0941519 2.07195e-08 1 3.18662e-08 1.09033 -3.3993e-07 -3.18662e-08 1 -0.235962 0 0 0 1 
34562489690160;0.0473697;0.0622852;0.999968 4.07075e-06 0.00802343 -10.976 1.54092e-06 1 -0.000699405 1.14898 -0.00802343 0.000699395 0.999968 8.63383 0 0 0 1 
34562489690161;0.216211;0.232883;1 -3.3896e-07 0.000157705 2.74328 3.41126e-07 1 -1.37385e-05 0.0720495 -0.000157705 1.37385e-05 1 0.35904 0 0 0 1 
34562489690162;0.156911;0.298079;0.999999 1.5452e-06 0.00153728 -10.0062 -1.33979e-06 1 -0.000133619 1.00145 -0.00153728 0.000133617 0.999999 4.35616 0 0 0 1 
34562489690163;0.149607;0.12809;0.999986 1.20067e-07 0.0052792 8.22917 2.31121e-06 1 -0.000460534 -0.529056 -0.0052792 0.000460539 0.999986 2.53142 0 0 0 1 
34562489690164;0.334807;1.00559;0.992427 0.00086145 0.122832 -1623.63 0.000540677 0.999935 -0.0113812 142.481 -0.122834 0.0113615 0.992362 -5125.68 0 0 0 1 
34562489690165;0.385816;1.03262;0.973819 0.00223619 0.227313 371.192 0.0023751 0.999797 -0.0200105 -28.522 -0.227312 0.0200265 0.973616 -1448.1 0 0 0 1 
34562489690166;0.333068;0.377022;0.999463 5.10944e-05 0.0327781 -37.1904 4.26374e-05 0.999996 -0.00285887 3.68008 -0.0327782 0.00285874 0.999459 24.2891 0 0 0 1 
34562489690167;0.363242;0.42241;1 -2.07257e-09 4.22499e-07 0.0764573 2.07256e-09 1 2.57857e-08 0.653112 -4.22499e-07 -2.57857e-08 1 -0.19788 0 0 0 1 
34562489690168;0.405801;0.312063;0.999636 3.16593e-05 -0.0269713 4.66831 3.18256e-05 0.999997 0.00235336 0.479715 0.0269713 -0.00235336 0.999633 -12.9832 0 0 0 1 
34562489690169;0.233383;0.356322;0.999437 4.73775e-05 -0.0335445 18.3721 5.08461e-05 0.999996 0.0029273 -0.772099 0.0335445 -0.00292736 0.999433 -11.4873 0 0 0 1 
34562489690170;0.111556;0.133074;1 1.48462e-08 3.10525e-07 0.195223 -1.48462e-08 1 1.18823e-08 0.415328 -3.10525e-07 -1.18823e-08 1 -0.129176 0 0 0 1 
34562489690171;0.0960451;0.298143;0.999344 5.52307e-05 -0.0362024 21.5236 5.92034e-05 0.999995 0.00315988 0.149798 0.0362023 -0.00315995 0.999339 -7.29208 0 0 0 1 
34562489690172;0.321124;0.363074;0.998778 0.000113073 0.0494142 -57.3309 9.99825e-05 0.999991 -0.00430913 5.68537 -0.0494142 0.0043088 0.998769 42.8442 0 0 0 1 
34562489690173;0.268086;0.308191;1 2.82694e-08 4.31777e-07 0.386681 -2.82694e-08 1 -2.99705e-08 0.27117 -4.31777e-07 2.99705e-08 1 0.551475 0 0 0 1 
34562489690174;0.189053;0.200799;0.999733 2.28886e-05 0.0231123 0.338715 2.37372e-05 0.999998 -0.00201708 0.171759 -0.0231123 0.00201709 0.999731 6.16002 0 0 0 1 
34562489690175;0.133957;0.238659;0.999863 1.66054e-05 0.0165285 -38.7886 7.22666e-06 0.999999 -0.00144182 3.05729 -0.0165285 0.00144174 0.999862 10.6645 0 0 0 1 
34562489690176;0.144022;0.341236;0.999314 6.08578e-05 0.0370288 -11.7842 6.12335e-05 0.999995 -0.00329606 -0.0497394 -0.0370288 0.00329606 0.999309 -508.235 0 0 0 1 
34562489690177;0.320514;0.378259;1 1.51347e-08 2.39569e-07 0.187916 -1.51347e-08 1 5.83172e-09 0.313217 -2.39569e-07 -5.83172e-09 1 -0.0536938 0 0 0 1 
34562489690178;0.353901;0.572637;0.994834 0.000444346 -0.101514 67.7928 0.000457444 0.999961 0.00885995 -3.41017 0.101514 -0.00886061 0.994795 -19.6559 0 0 0 1 
34562489690179;0.0142393;0.0202136;1 -1.20706e-08 3.68109e-07 0.243904 1.20706e-08 1 -3.89961e-08 -0.141105 -3.68109e-07 3.89961e-08 1 0.0197779 0 0 0 1 
34562489690180;0.106434;0.116242;0.999853 1.06069e-05 -0.0171721 20.4402 1.5131e-05 0.999999 0.00149869 -1.79217 0.0171721 -0.00149873 0.999851 -4.23696 0 0 0 1 
34562489690181;0.139987;0.123054;1 -2.87734e-10 7.01203e-09 0.0807479 2.87734e-10 1 -1.06748e-08 0.307817 -7.01203e-09 1.06748e-08 1 0.136973 0 0 0 1 
34562489690182;0.247912;0.424543;0.998528 0.000126355 -0.0542399 24.7282 0.000130596 0.999989 0.00473374 -0.617503 0.0542398 -0.00473386 0.998517 -14.5428 0 0 0 1 
34562489690183;0.115667;0.247155;0.999959 3.6521e-06 0.00900932 -1.90097 3.4231e-06 1 -0.000785305 1.20961 -0.00900932 0.000785304 0.999959 9.27833 0 0 0 1 
34562489690184;0.228068;0.409327;0.997011 0.000263581 0.0772588 -30.7361 0.000258467 0.999977 -0.00674705 3.67201 -0.0772588 0.00674686 0.996988 -12.4956 0 0 0 1 
34562489690186;0.0711037;0.0918906;1 1.26166e-06 0.000448341 -9.84615 -1.24411e-06 1 -3.91444e-05 0.136354 -0.000448341 3.91438e-05 1 -0.289724 0 0 0 1 
34562489690187;0.0441165;0.0885059;0.999588 3.30829e-05 0.0287004 18.7105 3.88028e-05 0.999997 -0.00250413 -2.80382 -0.0287004 0.00250421 0.999585 10.4865 0 0 0 1 
34562489690188;0.231973;0.229389;0.999861 1.35788e-05 -0.0166667 -9.23567 1.06621e-05 0.999999 0.00145437 1.59803 0.0166667 -0.00145434 0.99986 -6.11042 0 0 0 1 
34562489690189;0.393005;0.599352;0.994316 0.000490755 -0.106464 58.3585 0.000501519 0.999957 0.00929333 0.157021 0.106464 -0.0092939 0.994273 -3.93321 0 0 0 1 
34562489690190;0.219538;0.614511;0.999925 -1.20723e-05 -0.0122434 151.418 2.5671e-05 0.999999 0.00111053 -6.22418 0.0122434 -0.00111076 0.999924 335.823 0 0 0 1 
34562489690191;0.389147;0.607004;0.999985 5.48454e-07 0.0055502 6.9941 2.13954e-06 1 -0.000484299 -4.47324 -0.0055502 0.000484304 0.999984 2.8209 0 0 0 1 
34562489690192;0.192134;0.209239;1 2.3358e-08 8.70313e-08 0.101055 -2.3358e-08 1 4.67255e-10 -0.587235 -8.70313e-08 -4.67257e-10 1 -0.0331193 0 0 0 1 
34562489690193;0.281462;0.295366;1 -7.48565e-08 5.68718e-07 -0.426146 7.48565e-08 1 8.78957e-08 0.873801 -5.68718e-07 -8.78957e-08 1 -0.702418 0 0 0 1 
34562489690194;0.204314;0.226964;0.999832 1.05527e-05 0.0183349 30.2374 1.87682e-05 0.999999 -0.00159901 -4.13377 -0.0183349 0.00159909 0.999831 13.1747 0 0 0 1 
34562489690195;0.157469;0.519614;0.999998 2.02056e-06 -0.00221524 -15.0106 -1.58672e-06 1 0.000195845 7.123 0.00221524 -0.000195841 0.999998 19.4734 0 0 0 1 
34562489690196;0.0529904;0.022768;0.999996 -9.13734e-07 -0.00276935 10.3776 1.58225e-06 1 0.000241395 -0.818065 0.00276935 -0.000241399 0.999996 -3.88339 0 0 0 1 
34562489690197;0.438295;1.14635;1 1.48723e-07 1.98044e-08 0.0469159 -1.48723e-07 1 -7.0527e-09 -11.7414 -1.98044e-08 7.0527e-09 1 -0.342189 0 0 0 1 
34562489690198;0.0525853;0.0169139;0.999997 9.57945e-07 -0.00250428 -4.82249 -4.1065e-07 1 0.000218544 0.790157 0.00250428 -0.000218542 0.999997 -0.91891 0 0 0 1 
34562489690199;0.186435;0.704624;0.999966 3.50407e-05 -0.00824261 -257.424 -2.85553e-05 1 0.000786936 30.4089 0.00824264 -0.000786674 0.999966 538.494 0 0 0 1 
34562489690200;0.246291;0.227009;1 1.30281e-06 -0.000810281 -9.77365 -1.24607e-06 1 7.0022e-05 0.740413 0.000810281 -7.0021e-05 1 -5.50783 0 0 0 1 
34562489690201;0.100046;0.403862;1 -5.47699e-06 0.000440261 43.6211 5.49404e-06 1 -3.87235e-05 -8.70162 -0.000440261 3.87259e-05 1 -1.72764 0 0 0 1 
34562489690202;0.155088;0.146662;1 5.95342e-08 -3.77959e-08 -0.245197 -5.95342e-08 1 3.68755e-08 0.12341 3.77959e-08 -3.68755e-08 1 0.044754 0 0 0 1 
34562489690203;0.0877176;0.0504348;1 2.6982e-06 0.000492069 -21.3204 -2.67733e-06 1 -4.24121e-05 2.5893 -0.000492069 4.24108e-05 1 5.00525 0 0 0 1 
34562489690204;0.244178;0.638862;0.997543 0.000223612 0.0700563 -82.8184 0.000205364 0.999981 -0.00611604 0.125708 -0.0700564 0.0061154 0.997524 6.39654 0 0 0 1 
34562489690205;0.481854;0.415306;0.999603 0.000109712 -0.0281765 -598.956 -3.85106e-05 0.999997 0.00252753 52.4446 0.0281766 -0.00252544 0.9996 526.11 0 0 0 1 
34562489690206;0.097924;0.287997;1 2.73228e-08 -3.62747e-07 -0.787102 -2.73228e-08 1 4.76602e-08 -3.58867 3.62747e-07 -4.76602e-08 1 0.127969 0 0 0 1 
34562489690207;0.417969;0.365723;0.997733 0.000214648 -0.0672937 -124.646 0.000182684 0.999983 0.00589824 12.1466 0.0672938 -0.00589716 0.997716 178.805 0 0 0 1 
34562489690208;0.41666;0.400145;1 3.47221e-08 5.51085e-08 0.215254 -3.47221e-08 1 1.386e-08 -0.338964 -5.51085e-08 -1.386e-08 1 -0.117934 0 0 0 1 
34562489690209;0.102897;0.0741518;0.999945 8.65546e-06 -0.0104482 -29.5459 8.62237e-07 1 0.000910935 2.89244 0.0104482 -0.000910894 0.999945 -10.8675 0 0 0 1 
34562489690210;0.0465566;0.0804597;0.999987 2.50132e-06 0.00505371 -11.6896 -2.73576e-07 1 -0.000440814 0.394032 -0.00505371 0.000440807 0.999987 2.61785 0 0 0 1 
34562489690211;0.156365;0.549228;1 1.61965e-05 -0.000274777 -128.605 -1.61931e-05 1 1.24937e-05 4.60051 0.000274777 -1.24893e-05 1 -92.1742 0 0 0 1 
34562489690212;0.249667;0.278359;0.999999 1.30397e-06 0.0013831 -9.46553 -1.13733e-06 1 -0.000120483 -0.0281818 -0.0013831 0.000120482 0.999999 2.10733 0 0 0 1 
34562489690213;0.302086;0.427327;0.999367 6.13827e-05 0.0355861 -54.0032 4.91257e-05 0.999995 -0.0031045 1.9691 -0.0355861 0.00310428 0.999362 19.7662 0 0 0 1 
34562489690214;0.0408606;0.0603621;1 -6.48785e-07 -4.96152e-05 5.22741 6.49005e-07 1 4.43876e-06 0.0479856 4.96152e-05 -4.43879e-06 1 0.555096 0 0 0 1 
34562489690215;0.322976;0.774772;0.999998 -1.29023e-05 -0.00217478 104.476 1.33632e-05 1 0.000211912 -0.553412 0.00217478 -0.000211941 0.999998 177.022 0 0 0 1 
34562489690217;0.345856;0.198975;0.999987 3.07393e-06 0.00502609 -16.7987 -8.75441e-07 1 -0.000437418 1.38406 -0.00502609 0.000437408 0.999987 12.1539 0 0 0 1 
34562489690218;0.369096;0.314036;1 -4.8817e-07 -0.000986293 4.11793 5.72744e-07 1 8.57487e-05 -0.453991 0.000986293 -8.57492e-05 1 -3.02017 0 0 0 1 
34562489690219;0.344434;0.398099;0.999001 8.56748e-05 -0.044683 18.2648 8.8666e-05 0.999992 0.00389973 -1.49515 0.044683 -0.00389979 0.998994 -12.8307 0 0 0 1 
34562489690220;0.281678;0.215965;0.986628 0.00117613 -0.162986 -45.4875 0.00115882 0.999898 0.0142303 3.80092 0.162986 -0.0142288 0.986526 -16.528 0 0 0 1 
34562489690221;0.2479;0.380857;0.999961 1.90005e-06 -0.00883251 12.6016 4.90979e-06 1 0.000770976 -1.00216 0.00883251 -0.000770989 0.999961 -1.93791 0 0 0 1 
34562489690222;0.309448;0.415387;0.999085 7.4664e-05 -0.04278 47.5479 8.51991e-05 0.999993 0.00373503 -3.83754 0.0427799 -0.00373526 0.999078 -1.15442 0 0 0 1 
34562489690223;0.503992;0.488072;0.999983 -1.25097e-06 -0.00583452 21.7483 4.21841e-06 1 0.000508588 -1.91718 0.00583452 -0.000508604 0.999983 -7.08603 0 0 0 1 
34562489690224;0.505738;0.312151;0.99948 4.17466e-05 -0.0322306 32.8414 4.89724e-05 0.999996 0.00281389 -3.27387 0.0322306 -0.00281401 0.999476 -2.2499 0 0 0 1 
34562489690225;0.255572;0.346151;0.998239 0.000149912 0.0593239 22.3525 0.000157615 0.999987 -0.00517914 -1.96301 -0.0593239 0.00517937 0.998225 4.16428 0 0 0 1 
34562489690226;0.59187;0.642129;0.998159 0.000158347 -0.0606594 27.4683 0.00016311 0.999986 0.00529439 -2.8817 0.0606594 -0.00529453 0.998144 -14.7767 0 0 0 1 
34562489690227;0.535961;0.472881;0.995588 0.000382041 -0.0938315 37.7932 0.000388361 0.999966 0.00819208 -3.48389 0.0938315 -0.00819238 0.995554 -4.0355 0 0 0 1 
34562489690228;0.492348;0.659043;0.998961 8.83511e-05 -0.0455762 24.787 9.3095e-05 0.999992 0.00397902 -2.10649 0.0455762 -0.00397912 0.998953 -2.8882 0 0 0 1 
34562489690229;0.377629;0.302063;0.999595 3.55738e-05 -0.0284445 1.88122 3.50277e-05 0.999997 0.00248157 -0.513982 0.0284445 -0.00248157 0.999592 -16.0901 0 0 0 1 
34562489690230;0.309344;0.459204;0.99439 0.000487699 -0.105776 31.3741 0.000491885 0.999957 0.00923468 -2.24659 0.105776 -0.0092349 0.994347 -6.22222 0 0 0 1 
34562489690231;0.422227;0.546816;0.999835 1.02589e-05 0.018188 30.3455 1.85991e-05 0.999999 -0.00158648 -2.88065 -0.018188 0.00158655 0.999833 13.5431 0 0 0 1 
34562489690232;0.215127;0.287363;1 -2.67789e-07 0.000381224 1.81605 2.80433e-07 1 -3.31664e-05 -0.0951328 -0.000381224 3.31665e-05 1 1.00239 0 0 0 1 
34562489690233;0.420689;0.405704;1 -8.54671e-09 -3.29505e-08 -0.0642691 8.54671e-09 1 1.56184e-08 0.00811575 3.29505e-08 -1.56184e-08 1 -0.188544 0 0 0 1 
34562489690234;0.244511;0.332344;1 -4.74025e-07 -0.000695926 3.65202 5.1624e-07 1 6.06602e-05 -0.22361 0.000695926 -6.06606e-05 1 -0.943978 0 0 0 1 
34562489690235;0.305129;0.0923026;0.999941 6.03549e-06 0.0109046 -8.63176 4.34548e-06 1 -0.000951957 1.30732 -0.0109046 0.000951947 0.99994 2.18697 0 0 0 1 
34562489690236;0.196522;0.344299;0.994756 0.000451468 0.10228 36.9975 0.000464075 0.99996 -0.00892737 -2.89411 -0.10228 0.00892801 0.994716 21.0501 0 0 0 1 
34562489690237;0.236663;0.412497;0.999702 2.34866e-05 -0.0244055 22.8925 2.8516e-05 0.999998 0.00213043 -1.96267 0.0244055 -0.00213049 0.9997 -3.82497 0 0 0 1 
34562489690238;0.36003;0.4295;1 -3.79919e-08 8.40872e-08 -0.297707 3.79919e-08 1 5.25889e-09 0.114848 -8.40872e-08 -5.25889e-09 1 -0.0608254 0 0 0 1 
34562489690239;0.243492;0.122362;0.999997 -2.6866e-06 -0.00237368 23.3353 3.16828e-06 1 0.000202921 -2.137 0.00237368 -0.000202928 0.999997 -34.2796 0 0 0 1 
34562489690240;0.35283;0.28064;0.999997 -1.71514e-06 0.00263459 15.3785 2.32243e-06 1 -0.000230502 -2.0925 -0.00263459 0.000230507 0.999997 -4.33792 0 0 0 1 
34562489690241;0.379757;0.394923;1 -1.52785e-07 0.000109142 0.814619 1.53819e-07 1 -9.47892e-06 0.28463 -0.000109142 9.47894e-06 1 0.424734 0 0 0 1 
34562489690242;0.378853;0.493623;0.998903 9.23745e-05 0.0468329 20.4316 9.92427e-05 0.999992 -0.00408916 -1.08201 -0.0468329 0.00408932 0.998894 -0.36866 0 0 0 1 
34562489690243;0.301434;0.391648;1 -3.09354e-08 6.9843e-09 -0.21512 3.09354e-08 1 3.28963e-09 0.203517 -6.9843e-09 -3.28963e-09 1 -0.0569635 0 0 0 1 
34562489690244;0.500189;0.618013;0.989459 0.000919432 -0.144811 27.7112 0.000921097 0.99992 0.0126423 -2.18687 0.144811 -0.0126424 0.989379 -12.5849 0 0 0 1 
34562489690245;0.271456;0.180541;0.999912 9.2989e-06 0.0132308 -15.3426 5.96846e-06 0.999999 -0.00115389 1.51792 -0.0132308 0.00115387 0.999912 11.5208 0 0 0 1 
34562489690246;0.262584;0.441722;0.999527 3.64995e-05 -0.0307573 42.1752 4.61138e-05 0.999996 0.00268526 -3.44411 0.0307573 -0.00268541 0.999523 -1.51437 0 0 0 1 
34562489690248;0.122472;0.20278;0.998627 0.000122891 0.0523934 -30.4214 0.000116879 0.99999 -0.00457325 3.28067 -0.0523934 0.00457309 0.998616 14.8797 0 0 0 1 
34562489690249;0.236877;0.463093;0.997225 0.000301178 -0.0744429 -462.769 0.000194828 0.999978 0.00665556 42.8456 0.0744433 -0.0066516 0.997203 1218.15 0 0 0 1 
34562489690250;0.361013;0.534246;0.995225 0.000424314 0.097602 -71.743 0.000409273 0.999964 -0.00852049 4.61435 -0.097602 0.00851976 0.995189 21.466 0 0 0 1 
34562489690251;0.0844088;0.0655071;0.999532 3.96698e-05 -0.0305814 14.186 4.20099e-05 0.999996 0.00267025 -1.04121 0.0305814 -0.00267028 0.999529 0.30165 0 0 0 1 
34562489690252;0.195046;0.907292;1 7.66101e-08 6.06456e-08 1.28496 -7.66101e-08 1 2.0847e-08 6.03826 -6.06456e-08 -2.0847e-08 1 0.0617433 0 0 0 1 
34562489690253;0.120903;0.343139;0.994962 0.000446483 0.100251 -65.9681 0.000432942 0.999962 -0.00875035 4.09112 -0.100251 0.00874967 0.994924 32.2684 0 0 0 1 
34562489690254;0.246774;0.48673;1 1.60249e-07 -3.15109e-07 1.24874 -1.60249e-07 1 -3.20214e-08 -1.4953 3.15109e-07 3.20215e-08 1 0.210372 0 0 0 1 
34562489690255;0.134202;0.375285;0.999738 1.73243e-05 0.0228853 41.5807 2.83674e-05 0.999998 -0.00199622 -6.08185 -0.0228853 0.00199635 0.999736 15.0845 0 0 0 1 
34562489690256;0.130561;0.131361;0.999943 6.11817e-06 0.0106747 -9.48522 3.8262e-06 1 -0.000931564 1.10832 -0.0106747 0.000931552 0.999943 4.73717 0 0 0 1 
34562489690257;0.163799;0.143809;0.999862 1.39608e-05 -0.0166289 -12.7714 1.01739e-05 0.999999 0.00145129 1.2415 0.0166289 -0.00145126 0.999861 -6.47331 0 0 0 1 
34562489690258;0.294851;0.747211;0.9979 0.000181499 -0.0647657 24.4712 0.000184885 0.999984 0.00565103 -7.72914 0.0647657 -0.00565114 0.997884 -30.9378 0 0 0 1 
34562489690259;0.334686;0.988137;1 1.93023e-07 -4.36568e-07 1.23791 -1.93023e-07 1 -4.05516e-08 -5.63007 4.36568e-07 4.05517e-08 1 0.148804 0 0 0 1 
