#;prob_registration_l1 -r /home/probabilistic_point_clouds_registration/build/tester /home/point_clouds_registration_benchmark//devel/registration_pairs/wood_autumn_local.txt /home/point_clouds_registration_benchmark//eth/wood_autumn -s 0.2 -t 0.2 -p 0.3 -r 1000 -m 5 -i 40 
id;initial_error;final_error;transformation
26875431820000;0.498992;0.457971;0.992802 0.09022 -0.0787643 0.335439 -0.0902645 0.995913 0.00300209 0.357421 0.0787133 0.00412914 0.996889 -0.571013 0 0 0 1 
26875431820001;0.336145;0.225467;0.989209 0.101331 -0.105821 0.136289 -0.0947308 0.993336 0.0656475 0.416302 0.111768 -0.0549145 0.992216 -0.210127 0 0 0 1 
26875431820002;0.60541;0.329124;0.985712 0.144451 -0.0866371 0.130696 -0.141157 0.989051 0.0430395 0.518647 0.0919056 -0.0301951 0.99531 -0.807744 0 0 0 1 
26875431820003;0.366204;0.0267967;0.993265 0.102616 -0.0537991 -0.151226 -0.100319 0.993991 0.0437861 -0.096285 0.057969 -0.0380941 0.997591 -0.54147 0 0 0 1 
26875431820004;0.698046;0.0928629;0.966242 -0.257561 0.00621366 0.770923 0.257279 0.965893 0.0292808 -1.0925 -0.0135433 -0.0266937 0.999552 0.42712 0 0 0 1 
26875431820005;0.325213;0.304618;0.993486 -0.0755078 0.085342 -0.0088844 0.0747054 0.997127 0.012562 -0.248736 -0.0860453 -0.00610465 0.996273 0.367368 0 0 0 1 
26875431820006;0.554876;0.0274641;0.99999 -0.000273703 0.00454828 -0.268587 0.000283742 0.999998 -0.00220672 0.707529 -0.00454767 0.00220799 0.999987 0.574983 0 0 0 1 
26875431820007;0.383756;0.378223;0.99995 0.000763022 -0.00994119 -0.00381188 -0.000420903 0.999409 0.0343709 0.0260991 0.00996154 -0.0343651 0.99936 -0.0193358 0 0 0 1 
26875431820008;0.203498;0.0460208;0.968867 0.0507055 -0.242333 0.0822837 -0.0298065 0.995573 0.0891438 0.105581 0.245781 -0.0791454 0.966089 -0.917022 0 0 0 1 
26875431820009;0.180609;0.162513;0.999677 -0.0168071 -0.0190858 0.0141191 0.0167785 0.999858 -0.00165552 -0.0377154 0.0191109 0.00133475 0.999816 -0.0113383 0 0 0 1 
26875431820010;0.462102;0.114906;0.969423 -0.127323 -0.209779 0.609763 0.132365 0.991149 0.0101148 -0.616882 0.206634 -0.0375728 0.977697 -0.748345 0 0 0 1 
26875431820011;0.575398;0.450116;0.996049 0.0211264 0.0862536 0.23058 -0.0241728 0.999115 0.034429 0.0356955 -0.0854498 -0.036378 0.995678 0.576114 0 0 0 1 
26875431820012;0.688058;0.634589;0.999398 0.0155652 -0.0309974 0.124771 -0.0146156 0.999424 0.0306292 -0.0501842 0.0314563 -0.0301578 0.99905 -0.0996548 0 0 0 1 
26875431820013;0.421251;0.360982;0.999092 -0.0421046 0.00649831 0.00327558 0.0422023 0.998986 -0.0157119 -0.144856 -0.00583018 0.0159719 0.999855 -0.137597 0 0 0 1 
26875431820014;0.330264;0.199483;0.994376 -0.0937341 0.0493077 -0.228746 0.09282 0.995471 0.0205172 -0.482416 -0.0510075 -0.015825 0.998573 0.0846547 0 0 0 1 
26875431820015;0.226693;0.204896;0.999867 0.0156848 0.00451832 0.000118347 -0.0155773 0.999616 -0.0229316 0.102957 -0.00487626 0.0228581 0.999727 0.0746663 0 0 0 1 
26875431820016;0.538469;0.332247;0.993887 -0.0132594 0.109601 0.648917 0.00938614 0.999316 0.0357803 0.292016 -0.110001 -0.0345329 0.993331 0.256276 0 0 0 1 
26875431820017;0.524419;0.0721408;0.987879 -0.137749 -0.071553 -0.0345385 0.127788 0.983392 -0.128883 -0.43045 0.088118 0.118177 0.989075 0.6228 0 0 0 1 
26875431820018;0.579586;0.0824542;0.985208 0.0407988 -0.166433 0.326566 -0.0544004 0.995468 -0.0780004 -0.106958 0.162496 0.0859006 0.982963 0.378034 0 0 0 1 
26875431820019;0.351798;0.0312455;0.978895 0.0949178 -0.180984 0.253031 -0.097934 0.995162 -0.00778209 0.595957 0.17937 0.0253423 0.983455 -0.946974 0 0 0 1 
26875431820020;0.0809749;0.0234898;0.994762 -0.101746 0.00984842 -0.0872071 0.10196 0.994489 -0.0244054 -0.306614 -0.00731099 0.0252817 0.999654 0.00515674 0 0 0 1 
26875431820021;0.644904;0.059874;0.955999 0.0775963 -0.282922 1.10085 -0.0101877 0.972585 0.232324 0.137147 0.293193 -0.219219 0.930581 -0.589175 0 0 0 1 
26875431820022;0.0317767;0.0267383;0.999453 0.0302043 0.0134753 -0.0225177 -0.0301087 0.99952 -0.00724269 0.116765 -0.0136876 0.006833 0.999883 0.0791952 0 0 0 1 
26875431820023;0.284901;0.0289277;0.997544 -0.0700373 0.00067098 0.372542 0.0700095 0.997342 0.020195 -0.288497 -0.0020836 -0.0200984 0.999796 -0.0297842 0 0 0 1 
26875431820024;0.398113;0.0265259;0.997305 0.0055334 -0.0731632 0.349699 -0.00684011 0.999821 -0.0176218 0.46675 0.0730526 0.0180747 0.997164 -0.565561 0 0 0 1 
26875431820025;0.5828;0.340532;0.985103 -0.17162 -0.010866 0.104438 0.17184 0.984823 0.0244009 -0.838546 0.00651345 -0.0259047 0.999643 0.522305 0 0 0 1 
26875431820026;0.630426;0.0212608;0.980869 0.19424 0.0128972 -0.267769 -0.19426 0.98095 0.000344715 0.521313 -0.0125845 -0.00284354 0.999917 0.936639 0 0 0 1 
26875431820027;0.464713;0.0244741;0.994095 0.108399 0.00506889 0.228139 -0.108517 0.993142 0.0434978 0.478214 -0.000319002 -0.043791 0.999041 0.673071 0 0 0 1 
26875431820028;0.337162;0.0248151;0.999938 -0.0111057 0.000315291 -0.443854 0.0110822 0.999029 0.0426445 -0.332912 -0.000788583 -0.0426384 0.99909 0.236216 0 0 0 1 
26875431820029;0.206492;0.0209851;0.999571 0.0100594 0.0274934 -0.306154 -0.00825288 0.997848 -0.0650504 -0.0813113 -0.0280886 0.0647957 0.997503 0.236715 0 0 0 1 
26875431820031;0.22611;0.100972;0.991187 0.0417026 0.125734 -0.166101 -0.0470734 0.998088 0.0400495 0.124786 -0.123824 -0.0456153 0.991255 0.552519 0 0 0 1 
26875431820032;0.537519;0.381824;0.986668 -0.114828 -0.115331 0.489023 0.115141 0.993341 -0.00396901 -0.57582 0.115019 -0.00936319 0.993319 -0.515949 0 0 0 1 
26875431820033;0.515263;0.420676;0.99984 0.0122694 -0.0130169 -0.171382 -0.0119687 0.999665 0.0229377 -0.0172006 0.0132939 -0.0227782 0.999652 -0.218709 0 0 0 1 
26875431820034;0.18246;0.0135906;0.994007 0.0160125 -0.108133 -0.176751 -0.0142109 0.999747 0.0174104 0.0264138 0.108385 -0.0157694 0.993984 -0.320382 0 0 0 1 
26875431820035;0.31218;0.224147;0.998646 0.0164996 0.0493359 -0.0710484 -0.0182084 0.999243 0.0343881 -0.0908982 -0.0487311 -0.0352399 0.99819 0.424565 0 0 0 1 
26875431820036;0.352511;0.240927;0.996715 -0.072107 0.0368832 -0.170468 0.0748738 0.993968 -0.0801387 -0.154618 -0.0308822 0.082637 0.996101 0.109985 0 0 0 1 
26875431820037;0.447509;0.0119741;0.996714 -0.0804505 -0.00944648 0.33749 0.0805278 0.996719 0.00810311 -0.815047 0.00876359 -0.00883719 0.999923 -0.803995 0 0 0 1 
26875431820038;0.350569;0.341276;0.999841 -0.0172464 -0.00447133 0.0214065 0.01717 0.999715 -0.0165976 -0.0529353 0.0047563 0.0165182 0.999852 -0.00897191 0 0 0 1 
26875431820039;0.337073;0.0685643;0.980078 -0.168889 0.104517 -0.0314388 0.141588 0.963154 0.228664 -1.0781 -0.139285 -0.20931 0.967879 1.09126 0 0 0 1 
26875431820040;0.229197;0.0557955;0.987973 -0.153336 -0.0199414 0.140359 0.146092 0.9679 -0.204517 -0.3298 0.050661 0.199144 0.97866 -0.237071 0 0 0 1 
26875431820041;0.10838;0.0137637;0.997887 0.0649621 0.00146396 -0.0376585 -0.0649682 0.997877 0.0046125 0.173397 -0.00116121 -0.00469786 0.999988 0.162765 0 0 0 1 
26875431820042;0.455772;0.357803;0.985843 -0.142421 0.0884857 0.0220567 0.148351 0.98683 -0.0644846 -0.558149 -0.0781364 0.0766987 0.993988 0.715441 0 0 0 1 
26875431820043;0.274946;0.0247716;0.980805 0.101496 0.166496 -0.147307 -0.122346 0.985187 0.120156 0.226968 -0.151834 -0.138219 0.978694 1.05946 0 0 0 1 
26875431820044;0.287192;0.0160618;0.999363 0.00248203 0.0356007 0.0798739 -0.00233588 0.999989 -0.00414628 0.574933 -0.0356106 0.00406048 0.999357 0.271589 0 0 0 1 
26875431820045;0.572084;0.338858;0.997712 0.0309678 -0.0600912 0.333089 -0.0263473 0.996743 0.0762148 -0.0736665 0.0622557 -0.0744572 0.995279 -0.668044 0 0 0 1 
26875431820046;0.148614;0.01317;0.997715 -0.0627345 -0.0250998 0.0550751 0.0665593 0.976466 0.205142 -0.57636 0.0116396 -0.206344 0.97841 0.0509776 0 0 0 1 
26875431820047;0.191966;0.0128313;0.988891 0.148554 0.00515977 -0.0699885 -0.145754 0.975893 -0.162446 0.886398 -0.0291674 0.159889 0.986704 0.284094 0 0 0 1 
26875431820048;0.552949;0.251781;0.982855 0.180941 0.0354401 -0.205913 -0.177033 0.979814 -0.0928665 1.11123 -0.0515281 0.0850002 0.995048 -0.378231 0 0 0 1 
26875431820049;0.452544;0.326279;0.991119 0.118289 0.0607592 -0.215865 -0.115668 0.992269 -0.0449884 0.557316 -0.0656111 0.0375609 0.997138 0.552249 0 0 0 1 
26875431820050;0.381287;0.262456;0.998822 0.0441394 0.0201728 -0.092194 -0.044224 0.999015 0.00376376 0.0462091 -0.0199868 -0.00465145 0.999789 0.279995 0 0 0 1 
26875431820051;0.357531;0.0161621;0.97187 -0.0746982 -0.223357 0.746206 0.0676212 0.996942 -0.0391781 -0.13398 0.2256 0.0229724 0.973949 -0.630313 0 0 0 1 
26875431820052;0.469273;0.107726;0.975936 0.132996 -0.172805 0.386552 -0.169349 0.961502 -0.216415 1.54531 0.13737 0.240471 0.960887 -0.81972 0 0 0 1 
26875431820053;0.393672;0.0162326;0.993844 0.0275393 0.107308 0.711483 -0.0453921 0.984798 0.167668 -0.0611108 -0.101059 -0.171506 0.979986 0.52866 0 0 0 1 
26875431820054;0.384531;0.0869604;0.957738 0.176147 -0.227399 0.518216 -0.129836 0.970179 0.204684 0.360883 0.256672 -0.166509 0.952047 -1.19816 0 0 0 1 
26875431820055;0.28566;0.0136226;0.980401 -0.187283 -0.0611413 0.468563 0.190351 0.980497 0.0488995 -1.12143 0.0507908 -0.0595794 0.996931 0.116107 0 0 0 1 
26875431820056;0.596591;0.115039;0.948781 -0.214423 0.23203 -0.137187 0.244448 0.963497 -0.109171 -1.05882 -0.200151 0.160298 0.966563 0.117746 0 0 0 1 
26875431820057;0.446113;0.37467;0.998091 -0.0487661 0.0378929 0.114876 0.0499489 0.998273 -0.0309217 -0.284084 -0.0363195 0.0327554 0.998803 0.281868 0 0 0 1 
26875431820058;0.224686;0.0130266;0.999398 -0.0102401 -0.0331537 -0.0951127 0.0132826 0.995588 0.09289 -0.224365 0.0320562 -0.0932744 0.995124 0.314744 0 0 0 1 
26875431820059;0.444316;0.0387908;0.958227 -0.161697 0.235914 -0.474256 0.16223 0.986602 0.0172813 -0.636412 -0.235547 0.021713 0.97162 0.751414 0 0 0 1 
26875431820060;0.410765;0.32725;0.999814 0.00367004 0.0189306 0.0902811 -0.00420977 0.999583 0.0285505 -0.114639 -0.018818 -0.0286249 0.999413 0.214321 0 0 0 1 
26875431820062;0.368904;0.192796;0.995119 0.060214 0.0781783 0.240474 -0.0685703 0.991672 0.109021 0.0998002 -0.0709626 -0.11385 0.99096 -0.00654161 0 0 0 1 
26875431820063;0.231158;0.0390259;0.962979 -0.0737769 -0.259285 0.339876 0.108796 0.986375 0.123403 -0.552666 0.246648 -0.147044 0.957885 -0.979719 0 0 0 1 
26875431820064;0.204838;0.00796733;0.997642 -0.00650461 0.0683225 0.062934 -0.00270468 0.990999 0.133841 0.284862 -0.0685781 -0.13371 0.988645 0.105631 0 0 0 1 
26875431820065;0.171053;0.00789099;0.998207 0.0553277 0.0228359 -0.0936384 -0.0544828 0.997862 -0.036095 -0.0335957 -0.0247841 0.0347861 0.999087 0.0139124 0 0 0 1 
26875431820066;0.341828;0.238373;0.96019 0.261274 -0.0988482 0.309772 -0.262984 0.96479 -0.00444558 1.41005 0.0942063 0.0302641 0.995093 -0.240856 0 0 0 1 
26875431820067;0.359104;0.006807;0.999765 0.0108883 -0.0187543 -0.224448 -0.0108683 0.99994 0.00116996 0.366156 0.0187659 -0.000965854 0.999823 0.589928 0 0 0 1 
26875431820068;0.231956;0.00696618;0.999811 -0.0190703 0.00382612 0.037358 0.0190571 0.999812 0.0034561 -0.0983922 -0.00389131 -0.00338253 0.999987 0.517967 0 0 0 1 
26875431820069;0.168442;0.0123094;0.984071 -0.156182 0.0849233 0.0758037 0.158998 0.986898 -0.0274317 -0.774329 -0.0795262 0.0404974 0.99601 0.489657 0 0 0 1 
26875431820070;0.120851;0.00920421;0.987714 0.133711 -0.0808869 0.242124 -0.12875 0.989627 0.0637393 0.501396 0.0885704 -0.0525421 0.994683 -0.424874 0 0 0 1 
26875431820071;0.559761;0.13506;0.969584 -0.242778 0.0310841 0.749057 0.242616 0.970081 0.00895977 -1.08851 -0.0323293 -0.00114576 0.999477 0.460252 0 0 0 1 
26875431820072;0.11141;0.00840974;0.998595 -0.0526457 0.00602025 -0.165236 0.0528983 0.997073 -0.0552091 -0.311303 -0.0030961 0.05545 0.998457 0.00483532 0 0 0 1 
26875431820073;0.298534;0.0396881;0.960116 -0.279601 -0.00113993 0.246715 0.2796 0.96008 0.00843375 -1.36684 -0.00126365 -0.0084161 0.999964 0.159775 0 0 0 1 
26875431820074;0.511902;0.444545;0.999823 -0.00849621 -0.0167753 0.0441709 0.00803469 0.999593 -0.0273902 0.0253503 0.0170011 0.0272506 0.999484 -0.229151 0 0 0 1 
26875431820075;0.368729;0.039334;0.94573 -0.220232 0.238941 -0.214393 0.155751 0.952552 0.261507 -1.07129 -0.285196 -0.2101 0.935158 1.38596 0 0 0 1 
26875431820076;0.104083;0.00784427;0.999367 -0.0294153 -0.0200326 -0.0197202 0.0276769 0.996237 -0.0821295 0.0759691 0.0223731 0.081523 0.99642 0.00667878 0 0 0 1 
26875431820077;0.334061;0.00760077;0.959035 0.278926 -0.0495169 0.45328 -0.274937 0.958564 0.0745927 1.2954 0.068271 -0.057923 0.995984 -0.783393 0 0 0 1 
26875431820078;0.46154;0.0241091;0.967456 0.251955 0.0233924 -0.218533 -0.245151 0.956188 -0.160017 1.53347 -0.0626846 0.149075 0.986837 -0.111788 0 0 0 1 
26875431820079;0.388175;0.0703401;0.908505 -0.205541 0.363828 -0.227679 0.148054 0.972515 0.179709 -0.902829 -0.390766 -0.109401 0.913966 1.51565 0 0 0 1 
26875431820080;0.446652;0.0129299;0.970025 0.242333 0.0180575 0.217775 -0.241797 0.969935 -0.0275546 1.22314 -0.0241919 0.0223624 0.999457 -0.687877 0 0 0 1 
26875431820081;0.390076;0.123137;0.964535 0.263955 -0.000533913 0.285385 -0.258823 0.945381 -0.198155 1.57439 -0.0517994 0.191266 0.98017 0.484862 0 0 0 1 
26875431820082;0.269988;0.00778175;0.991954 0.125071 -0.0196346 -0.128084 -0.120695 0.981047 0.151592 0.0859169 0.0382222 -0.148002 0.988248 -0.33873 0 0 0 1 
26875431820083;0.397996;0.0661057;0.94678 -0.254094 0.197593 0.380247 0.256668 0.966413 0.0129165 -1.26437 -0.194238 0.0384866 0.980199 1.23479 0 0 0 1 
26875431820084;0.431462;0.0479482;0.988435 0.0923821 -0.120253 0.321152 -0.123791 0.949591 -0.288015 0.892274 0.0875839 0.29957 0.950046 0.455629 0 0 0 1 
26875431820085;0.0561572;0.00963137;0.999255 -0.0383466 0.00441008 -0.090888 0.0383626 0.999257 -0.00359666 -0.142601 -0.00426889 0.00376316 0.999984 0.0726644 0 0 0 1 
26875431820086;0.263745;0.209397;0.998831 0.0482196 -0.00330066 0.0666946 -0.0481865 0.998793 0.00948904 0.157867 0.00375424 -0.0093189 0.99995 -0.096824 0 0 0 1 
26875431820087;0.254275;0.212659;0.998452 -0.0242485 -0.0500487 -0.0380364 0.0276547 0.997266 0.0685277 -0.0871396 0.0482502 -0.0698057 0.996393 -0.331457 0 0 0 1 
26875431820088;0.2679;0.00706848;0.967419 0.252865 -0.0126424 0.453356 -0.253136 0.966981 -0.0295099 1.28411 0.00476293 0.0317487 0.999485 -0.261527 0 0 0 1 
26875431820089;0.093436;0.00824423;0.999288 0.0342768 -0.0157715 0.0616329 -0.034973 0.998319 -0.0462131 0.341703 0.0141609 0.0467318 0.998807 0.0276233 0 0 0 1 
26875431820090;0.279476;0.0106689;0.999252 0.0380341 0.00705155 0.183776 -0.0378354 0.998934 -0.0264462 -0.234984 -0.00804989 0.0261596 0.999625 0.444503 0 0 0 1 
26875431820091;0.394578;0.0091163;0.992897 0.118177 0.0137743 0.240673 -0.118225 0.992983 0.00274275 0.502063 -0.0133535 -0.00435173 0.999901 -0.763922 0 0 0 1 
26875431820093;0.345934;0.157959;0.988496 -0.122715 -0.0884089 1.12233 0.124005 0.992239 0.00922956 -0.525432 0.0865901 -0.0200865 0.996042 0.0390677 0 0 0 1 
26875431820094;0.529735;0.141384;0.971941 0.156017 0.176038 -1.74374 -0.149766 0.987539 -0.0483353 1.13193 -0.181385 0.0206145 0.983196 0.556554 0 0 0 1 
26875431820095;0.39088;0.0133377;0.963061 -0.0138291 -0.268928 0.324781 0.00764106 0.999682 -0.0240432 -0.135836 0.269175 0.0211002 0.96286 -0.811899 0 0 0 1 
26875431820096;0.29099;0.284425;0.999828 0.0119364 -0.0141603 -0.0776409 -0.0121763 0.999782 -0.0169755 0.0630514 0.0139545 0.017145 0.999756 -0.122847 0 0 0 1 
26875431820097;0.411668;0.373889;0.999547 0.0249639 0.0167852 -0.278402 -0.0253026 0.999474 0.0202756 0.143634 -0.0162703 -0.0206912 0.999654 0.192822 0 0 0 1 
26875431820098;0.305728;0.0190711;0.964083 -0.201335 0.173231 0.993667 0.210086 0.977106 -0.033568 -0.910878 -0.162507 0.0687558 0.984309 0.19065 0 0 0 1 
26875431820099;0.324227;0.324142;0.999867 -0.0109278 -0.0121115 0.168177 0.01086 0.999925 -0.00564516 0.00217827 0.0121722 0.00551287 0.999911 -0.130534 0 0 0 1 
26875431820100;0.476247;0.0179411;0.97253 -0.231713 -0.0222233 1.94606 0.232075 0.972577 0.0153221 -0.494381 0.0180635 -0.0200587 0.999636 -0.580666 0 0 0 1 
26875431820101;0.325622;0.162577;0.988047 0.0956352 0.120903 -0.839178 -0.0766606 0.985269 -0.152867 0.769719 -0.133741 0.141771 0.980823 -0.290663 0 0 0 1 
26875431820102;0.315339;0.0783965;0.989783 0.141529 0.0172893 -0.754783 -0.137319 0.978861 -0.151575 0.842983 -0.0383761 0.147652 0.988295 -1.18524 0 0 0 1 
26875431820103;0.395286;0.0193565;0.99683 -0.0793622 0.00560758 0.33249 0.0794092 0.996804 -0.00873812 -0.324908 -0.00489618 0.00915571 0.999946 -0.790097 0 0 0 1 
26875431820104;0.491587;0.0170934;0.999008 0.0404611 0.0185768 0.414781 -0.0392681 0.997388 -0.0606267 0.619391 -0.0209813 0.0598371 0.997988 -0.866611 0 0 0 1 
26875431820105;0.296198;0.096445;0.994068 -0.0359832 0.102639 0.200113 0.0592431 0.970545 -0.23352 0.0445128 -0.0912133 0.238216 0.96692 -0.72334 0 0 0 1 
26875431820106;0.351999;0.251821;0.99405 -0.102269 -0.0374953 0.689443 0.103955 0.993509 0.0461863 -0.606695 0.0325285 -0.0498094 0.998229 0.363867 0 0 0 1 
26875431820107;0.398745;0.360323;0.999381 0.0315419 0.0155981 -0.298085 -0.0312104 0.999291 -0.0210556 0.225457 -0.0162511 0.0205558 0.999657 -0.00281873 0 0 0 1 
26875431820108;0.476963;0.0891408;0.971395 0.225448 0.0745963 -1.64452 -0.230659 0.970465 0.0706705 1.9864 -0.0564606 -0.0858553 0.994707 1.10429 0 0 0 1 
26875431820109;0.419848;0.403651;0.999764 -0.0113556 -0.0185436 0.139574 0.0115518 0.999878 0.0105028 -0.0539495 0.0184221 -0.0107145 0.999773 0.0346039 0 0 0 1 
26875431820110;0.205033;0.0152218;0.996617 0.0161263 0.0805871 0.00242332 -0.0097283 0.996814 -0.0791627 0.41699 -0.081607 0.078111 0.993599 -0.213236 0 0 0 1 
26875431820111;0.333895;0.0148963;0.986432 -0.164141 0.0029316 1.32157 0.164161 0.986074 -0.0266152 -0.577088 0.00147788 0.0267353 0.999641 0.363 0 0 0 1 
26875431820112;0.392948;0.424392;0.998443 -0.0229002 -0.0508551 0.405935 0.0239658 0.999504 0.0204432 -0.0917391 0.0503617 -0.0216301 0.998497 0.0766666 0 0 0 1 
26875431820113;0.35267;0.294601;0.999082 -0.0102798 0.0415769 0.0134184 0.011783 0.99928 -0.036073 0.114239 -0.0411761 0.0365298 0.998484 -0.00177943 0 0 0 1 
26875431820114;0.433722;0.393405;0.99951 -0.0176051 0.0258754 0.144481 0.0177263 0.999833 -0.00446313 0.0162284 -0.0257925 0.00491962 0.999655 0.0572886 0 0 0 1 
26875431820115;0.334392;0.241306;0.997199 -0.0747707 0.00193482 0.900687 0.074432 0.994566 0.0727964 -0.296099 -0.00736734 -0.0724485 0.997345 0.608645 0 0 0 1 
26875431820116;0.39563;0.336217;0.998323 -0.0399256 0.0419104 0.398978 0.040698 0.999014 -0.0177407 -0.110335 -0.0411608 0.0194166 0.998964 0.133437 0 0 0 1 
26875431820117;0.505945;0.433246;0.999682 0.0251991 0.000768656 -0.280948 -0.0251972 0.999679 -0.0024812 0.0535215 -0.000830933 0.00246104 0.999997 -0.0942418 0 0 0 1 
26875431820118;0.542637;0.508418;0.99909 0.00574886 0.0422552 -0.074041 -0.00649753 0.999824 0.0176019 -0.0191997 -0.0421466 -0.0178605 0.998952 0.320297 0 0 0 1 
26875431820119;0.33961;0.303426;0.999638 -0.000579115 -0.0268945 0.0309295 0.000476255 0.999993 -0.00383083 -0.0329787 0.0268966 0.00381663 0.999631 -0.0586284 0 0 0 1 
26875431820120;0.431883;0.318495;0.99826 0.0476491 -0.0347284 0.0972621 -0.0440965 0.994333 0.0967318 0.145305 0.0391408 -0.0950321 0.994704 0.802941 0 0 0 1 
26875431820121;0.296141;0.253601;0.999282 -0.0365735 -0.00986618 0.318463 0.0365752 0.999331 -6.97795e-06 -0.170341 0.00985984 -0.000353885 0.999951 -0.120737 0 0 0 1 
26875431820122;0.699318;0.563323;0.997421 0.028156 0.0660267 -0.487432 -0.0278845 0.999598 -0.00502981 0.0741565 -0.0661418 0.00317571 0.997805 0.15664 0 0 0 1 
26875431820124;0.463953;0.00763722;0.979962 0.0794469 -0.182653 -0.137423 -0.111102 0.979127 -0.170197 1.22697 0.165319 0.18708 0.968334 -3.20346 0 0 0 1 
26875431820125;0.172503;0.0117484;0.972301 0.229843 -0.0424528 -1.86041 -0.228778 0.973061 0.0285033 1.42635 0.0478605 -0.0180015 0.998692 -0.0879211 0 0 0 1 
26875431820126;0.469661;0.0176322;0.999955 -0.0053449 -0.00781626 -0.431959 0.00492548 0.998597 -0.0527293 0.509693 0.00808712 0.0526884 0.998578 0.0922128 0 0 0 1 
26875431820127;0.198437;0.00942527;0.996937 -0.0777244 -0.00871517 0.662116 0.0777157 0.996975 -0.00133338 -0.0368387 0.00879244 0.000651993 0.999961 -0.0700462 0 0 0 1 
26875431820128;0.38452;0.275666;0.998449 -0.0540001 -0.0135461 0.656132 0.0540888 0.998516 0.00627202 -0.375 0.0131873 -0.00699499 0.999889 -0.288824 0 0 0 1 
26875431820129;0.474436;0.0128388;0.93915 -0.333268 0.0832478 3.40001 0.341364 0.9325 -0.117958 -1.13295 -0.0383168 0.139199 0.989523 -1.66904 0 0 0 1 
26875431820130;0.313572;0.0198173;0.994769 -0.101563 -0.0109753 0.846681 0.101268 0.994552 -0.024742 -0.537706 0.0134284 0.0235012 0.999634 -0.843206 0 0 0 1 
26875431820131;0.549583;0.00670666;0.991442 0.127015 -0.0301763 -1.64478 -0.122818 0.985828 0.114273 0.505895 0.044263 -0.109588 0.992991 1.53557 0 0 0 1 
26875431820132;0.557397;0.525444;0.999529 0.0298802 0.00704389 -0.284254 -0.0295892 0.998828 -0.0383094 0.188182 -0.00818032 0.0380829 0.999241 -0.173972 0 0 0 1 
26875431820133;0.523064;0.380308;0.999392 -0.0323623 0.0130023 0.341148 0.031814 0.998678 0.0403646 -0.277164 -0.0142915 -0.0399264 0.9991 0.738004 0 0 0 1 
26875431820134;0.28355;0.0116381;0.979907 0.196789 0.0325086 -1.90869 -0.196714 0.980445 -0.00551443 1.48329 -0.0329581 -0.000991271 0.999456 -0.0538623 0 0 0 1 
26875431820135;0.398345;0.0121106;0.980913 -0.0388582 -0.190524 0.442298 0.069064 0.985566 0.154566 -0.50416 0.181768 -0.164774 0.969438 1.14099 0 0 0 1 
26875431820136;0.188337;0.00972663;0.996312 0.0734338 0.0443856 -0.823937 -0.0725889 0.997154 -0.0203595 0.725877 -0.0457544 0.0170625 0.998807 0.111369 0 0 0 1 
26875431820137;0.314888;0.011804;0.93745 -0.0153944 0.347779 -0.0920124 0.0408736 0.996979 -0.0660451 -0.148537 -0.345711 0.076129 0.935248 1.30161 0 0 0 1 
26875431820138;0.521003;0.0118507;0.999728 0.0231371 0.00303264 -0.515007 -0.0231311 0.99973 -0.00202585 -0.313803 -0.00307869 0.00195515 0.999993 0.807467 0 0 0 1 
26875431820139;0.534563;0.0114199;0.964221 -0.212782 -0.158118 2.93196 0.192428 0.972032 -0.13463 -1.16489 0.182342 0.0993871 0.978199 -1.70721 0 0 0 1 
26875431820140;0.635129;0.373595;0.985311 0.0567117 -0.161075 0.140348 -0.0600076 0.998075 -0.0156675 0.547603 0.159877 0.0251031 0.986818 -0.817802 0 0 0 1 
26875431820141;0.451247;0.220636;0.994858 -0.101166 -0.004785 0.935008 0.101158 0.990254 0.0957285 -0.900256 -0.00494605 -0.0957203 0.995396 1.23785 0 0 0 1 
26875431820142;0.45211;0.0124895;0.965669 0.0589188 -0.253007 -0.681026 -0.0835944 0.992615 -0.0879058 0.844353 0.245959 0.106038 0.963463 -1.75917 0 0 0 1 
26875431820143;0.371493;0.343516;0.999833 -0.00222134 0.0181593 0.0090815 0.00168299 0.99956 0.0296076 -0.14119 -0.0182171 -0.0295721 0.999397 0.369368 0 0 0 1 
26875431820144;0.382734;0.0211062;0.976292 0.0167247 0.21581 -0.240788 0.0578262 0.940623 -0.334492 0.914329 -0.20859 0.339042 0.917355 -1.91512 0 0 0 1 
26875431820145;0.502979;0.0112954;0.969031 0.242896 0.0444984 -2.25515 -0.241561 0.969813 -0.0333426 2.12743 -0.0512539 0.0215609 0.998453 -0.531578 0 0 0 1 
26875431820146;0.275674;0.270346;0.99899 0.0396271 0.0211987 -0.420029 -0.0399942 0.999052 0.0171823 0.131957 -0.0204977 -0.0180127 0.999628 0.196829 0 0 0 1 
26875431820147;0.238197;0.0123435;0.990983 0.0487148 -0.124821 -0.039066 -0.0626225 0.991953 -0.110038 0.731168 0.118456 0.116862 0.986059 -1.48938 0 0 0 1 
26875431820148;0.24302;0.00852789;0.986182 -0.130508 0.102039 1.01335 0.14683 0.973814 -0.173572 -0.631228 -0.076714 0.186156 0.979521 -1.40492 0 0 0 1 
26875431820149;0.23664;0.0116808;0.943801 -0.323185 0.0692214 3.04611 0.328077 0.941455 -0.07764 -1.19714 -0.0400767 0.0959866 0.994575 -0.645552 0 0 0 1 
26875431820150;0.324251;0.0082267;0.985191 -0.167776 -0.0353435 1.61144 0.163541 0.981433 -0.100215 -0.779044 0.051501 0.0929509 0.994338 -0.575025 0 0 0 1 
26875431820151;0.348638;0.276783;0.99919 -0.0242489 -0.0321152 0.247969 0.0252833 0.999161 0.0322066 -0.286504 0.0313073 -0.0329925 0.998965 0.180019 0 0 0 1 
26875431820152;0.39459;0.0146244;0.994113 -0.0782663 0.0749232 0.398069 0.0827378 0.994849 -0.0585617 -0.174039 -0.0699538 0.0644159 0.995468 -0.858129 0 0 0 1 
26875431820153;0.461448;0.0305877;0.962391 0.268367 -0.0422226 -2.01445 -0.266505 0.962785 0.0449433 1.61205 0.0527126 -0.0320004 0.998097 -0.704839 0 0 0 1 
26875431820155;0.281618;0.0160332;0.997659 0.0466501 -0.0500026 0.447845 -0.0475729 0.998716 -0.017426 0.0971694 0.0491254 0.019764 0.998597 -0.0537016 0 0 0 1 
26875431820156;0.544215;0.0785562;0.986098 0.162895 -0.0328133 -0.0449853 -0.162464 0.986594 0.0154213 0.19033 0.0348854 -0.00987589 0.999343 0.691725 0 0 0 1 
26875431820157;0.2633;0.233827;0.999908 -0.0135176 -0.00148157 0.0436732 0.0134567 0.999281 -0.0354402 0.0106385 0.00195958 0.035417 0.999371 0.0197588 0 0 0 1 
26875431820158;0.308459;0.261676;0.999383 0.0326684 -0.0129157 0.0563386 -0.0325036 0.99939 0.0127735 0.0695313 0.0133251 -0.0123458 0.999835 0.0483235 0 0 0 1 
26875431820159;0.600497;0.0147951;0.997838 0.0541821 0.0371969 0.743748 -0.0485726 0.989246 -0.137962 0.0400218 -0.044272 0.135857 0.989739 0.590658 0 0 0 1 
26875431820160;0.450407;0.420726;0.997847 -0.0331371 0.0566001 -0.0313716 0.0331153 0.999451 0.00132376 -0.0547764 -0.0566129 0.000553419 0.998396 0.200644 0 0 0 1 
26875431820161;0.500041;0.240647;0.998553 -0.0511452 -0.0166104 -0.107484 0.0510025 0.998659 -0.00890561 -0.211385 0.0170436 0.00804555 0.999822 0.429112 0 0 0 1 
26875431820162;0.266888;0.227778;0.999872 0.00951301 0.012831 -0.0130693 -0.00941074 0.999924 -0.00800788 -0.0119675 -0.0129062 0.00788611 0.999886 0.0887654 0 0 0 1 
26875431820163;0.112835;0.106573;0.999905 0.00268302 0.0135019 0.0714953 -0.00270223 0.999995 0.00140446 0.0372999 -0.0134981 -0.00144081 0.999908 0.0586373 0 0 0 1 
26875431820164;0.259006;0.141306;0.998485 -0.0545706 -0.00705838 -0.0417406 0.0546305 0.99847 0.00859582 -0.199221 0.0065785 -0.0089684 0.999938 -0.19083 0 0 0 1 
26875431820165;0.440579;0.427176;0.999091 0.0419014 -0.00790095 -0.00999505 -0.0417848 0.999023 0.0143881 0.195959 0.00849612 -0.0140448 0.999865 -0.0530318 0 0 0 1 
26875431820166;0.350624;0.310589;0.999767 -0.0190923 -0.0100716 -0.0512105 0.0190008 0.999778 -0.00909894 -0.0328525 0.0102431 0.00890545 0.999908 -0.0422105 0 0 0 1 
26875431820167;0.350308;0.202316;0.999265 -0.0381651 0.00345227 0.278618 0.0383157 0.996548 -0.073642 -0.00212044 -0.000629805 0.0737201 0.997279 0.0330616 0 0 0 1 
26875431820168;0.226339;0.134892;0.995029 -0.0102055 -0.0990607 0.188157 0.00896999 0.999876 -0.0129095 -0.122653 0.0991802 0.0119567 0.994998 -0.132119 0 0 0 1 
26875431820169;0.436398;0.0152081;0.998855 -0.0478392 0.000996678 0.229834 0.0478408 0.998854 -0.00165624 0.226814 -0.000916302 0.00170202 0.999998 0.568734 0 0 0 1 
26875431820170;0.561995;0.490158;0.999679 -0.00105837 0.0253302 -0.0792406 0.000891861 0.999978 0.00658374 -0.120967 -0.0253366 -0.00655903 0.999657 0.0437098 0 0 0 1 
26875431820171;0.275385;0.0143691;0.997438 0.067637 0.0232845 -0.079132 -0.0679365 0.997614 0.0123225 0.142742 -0.0223955 -0.0138728 0.999653 0.494936 0 0 0 1 
26875431820172;0.126727;0.00761453;0.999772 -0.00669488 0.0202957 -0.0175487 0.00857295 0.995544 -0.0939088 0.0267954 -0.0195765 0.0940613 0.995374 0.203718 0 0 0 1 
26875431820173;0.248339;0.213677;0.99984 -0.0124228 0.0128522 -0.0115893 0.0122611 0.999846 0.0125879 0.00305979 -0.0130066 -0.0124283 0.999838 0.0775311 0 0 0 1 
26875431820174;0.442063;0.314603;0.98718 -0.104976 0.120235 -0.0325909 0.102881 0.994416 0.0235175 -0.412262 -0.122032 -0.010846 0.992467 0.229205 0 0 0 1 
26875431820175;0.573407;0.334311;0.988069 0.0525434 -0.144772 0.387608 -0.0634236 0.995416 -0.071591 0.281613 0.140347 0.0799188 0.986872 -0.689938 0 0 0 1 
26875431820176;0.270556;0.145275;0.998983 0.0448568 -0.00464385 -0.194515 -0.0450455 0.997443 -0.055481 0.113695 0.00214327 0.0556338 0.998449 0.0794363 0 0 0 1 
26875431820177;0.516211;0.0629335;0.9961 0.0388907 -0.0791921 -0.416635 -0.0511784 0.985856 -0.159589 -0.279129 0.0718655 0.16302 0.984002 0.00402254 0 0 0 1 
26875431820178;0.516876;0.251581;0.992858 -0.0765717 -0.0914875 0.238872 0.084733 0.992427 0.0889303 -0.305296 0.0839851 -0.0960471 0.991827 0.330989 0 0 0 1 
26875431820179;0.506678;0.503442;0.999845 0.0169182 0.00495113 -0.0356343 -0.0169665 0.999807 0.00986913 0.0640978 -0.00478321 -0.0099516 0.999939 -0.0294642 0 0 0 1 
26875431820180;0.166082;0.0137126;0.997078 -0.0123309 0.0753858 -0.214279 0.00571349 0.996159 0.0873739 0.0590358 -0.0761737 -0.0866879 0.993319 0.147812 0 0 0 1 
26875431820181;0.220973;0.162963;0.99886 -0.0457864 0.0134871 0.105484 0.0451134 0.997896 0.0465651 -0.168372 -0.0155907 -0.0459036 0.998824 0.0924681 0 0 0 1 
26875431820182;0.311591;0.0166429;0.999987 0.00426818 0.00281798 0.465878 -0.00423091 0.999905 -0.0131004 0.0770837 -0.00287362 0.0130883 0.99991 -0.0924797 0 0 0 1 
26875431820183;0.378261;0.288232;0.991379 0.121771 -0.0483633 -0.020487 -0.119562 0.99175 0.0462295 0.493457 0.0535938 -0.0400486 0.997759 -0.201951 0 0 0 1 
26875431820184;0.707951;0.641637;0.999898 -0.0098998 0.0102578 0.0369235 0.0100435 0.999851 -0.0140511 0.0021389 -0.0101172 0.0141527 0.999849 -0.0933481 0 0 0 1 
26875431820186;0.0232744;0.0192446;0.999987 -0.00196846 0.00477481 -0.0059514 0.00193392 0.999972 0.00722917 -0.0497066 -0.0047889 -0.00721984 0.999962 0.0320167 0 0 0 1 
26875431820187;0.469951;0.0298253;0.997299 -0.0478151 0.0557608 0.107672 0.0470157 0.998773 0.0155602 0.0181954 -0.0564364 -0.0128965 0.998323 -0.718807 0 0 0 1 
26875431820188;0.333415;0.276827;0.999886 0.00965827 0.0115908 0.0371462 -0.00952764 0.999891 -0.0112728 0.101599 -0.0116984 0.0111611 0.999869 -0.0617501 0 0 0 1 
26875431820189;0.215891;0.0241966;0.999501 -0.0189172 0.0253013 0.00828302 0.0226374 0.987509 -0.155931 0.304882 -0.0220355 0.156426 0.987444 0.0739929 0 0 0 1 
26875431820190;0.353199;0.0237338;0.999446 -0.00405499 -0.0330449 0.1321 0.00429814 0.999964 0.00729049 -0.064316 0.0330142 -0.00742848 0.999427 0.578731 0 0 0 1 
26875431820191;0.375035;0.326578;0.99819 0.00863507 -0.0595148 0.101331 -0.0092268 0.999911 -0.00967498 0.0103711 0.0594259 0.0102066 0.998181 -0.0529694 0 0 0 1 
26875431820192;0.269163;0.0308408;0.99876 -0.0303747 0.0394556 -0.150257 0.0307464 0.999488 -0.00884753 0.334047 -0.0391666 0.0100497 0.999182 0.249261 0 0 0 1 
26875431820193;0.42369;0.388293;0.997405 -0.0284753 0.0661261 -0.0160617 0.0349583 0.994468 -0.0990493 -0.000173364 -0.0629398 0.101104 0.992883 0.264994 0 0 0 1 
26875431820194;0.276623;0.256204;0.999789 0.0136525 0.0153263 -0.01716 -0.0133779 0.999751 -0.0178809 0.0770104 -0.0155666 0.0176721 0.999723 0.0628638 0 0 0 1 
26875431820195;0.12753;0.0294123;0.997003 0.0764895 0.0116229 -0.202661 -0.0767334 0.996804 0.0222261 0.0528655 -0.0098857 -0.0230513 0.999685 -0.121935 0 0 0 1 
26875431820196;0.182656;0.0259341;0.99831 -0.0579407 0.00454206 -0.124183 0.0580507 0.997868 -0.029819 -0.354449 -0.00280464 0.0300323 0.999545 -0.130035 0 0 0 1 
26875431820197;0.141522;0.024289;0.999246 0.0349231 -0.0169412 -0.243222 -0.0341986 0.998561 0.0413194 0.039734 0.0183598 -0.0407089 0.999002 -0.085194 0 0 0 1 
26875431820198;0.296595;0.217125;0.999404 -0.0242846 -0.0245191 0.115095 0.0241164 0.999684 -0.00713418 0.0645178 0.0246846 0.00653862 0.999674 -0.174022 0 0 0 1 
26875431820199;0.374604;0.362862;0.999709 -0.0120092 -0.0209198 0.0541267 0.0123009 0.999828 0.0138695 -0.011475 0.0207497 -0.0141228 0.999685 0.0617147 0 0 0 1 
26875431820200;0.14975;0.0246944;0.99907 0.0185818 -0.0389134 -0.212133 -0.0150905 0.995992 0.0881657 0.0499323 0.0403957 -0.0874965 0.995345 -0.00790575 0 0 0 1 
26875431820201;0.180431;0.0254192;0.995827 -0.0405085 -0.0817727 0.336838 0.041988 0.998983 0.0164537 -0.172557 0.081023 -0.0198186 0.996515 -0.148306 0 0 0 1 
26875431820202;0.0568232;0.0252808;0.999512 -0.0310733 -0.00306732 -0.0208198 0.0308955 0.998421 -0.0469045 -0.0059491 0.00451996 0.0467868 0.998895 -0.0375167 0 0 0 1 
26875431820203;0.370175;0.354447;0.999987 -0.00349909 -0.00372099 -0.0380274 0.0035253 0.999969 0.00706185 0.0235944 0.00369617 -0.00707488 0.999968 -0.0398553 0 0 0 1 
26875431820204;0.336699;0.313928;0.999463 0.0321693 -0.00627635 -0.0337075 -0.0324169 0.998486 -0.0444484 0.184336 0.00483698 0.044628 0.998992 -0.0668038 0 0 0 1 
26875431820205;0.579018;0.4199;0.999408 -0.0074934 0.0335648 0.327901 0.00651593 0.999554 0.029137 -0.188676 -0.0337682 -0.0289011 0.999012 -0.0206239 0 0 0 1 
26875431820206;0.454909;0.293948;0.990528 -0.0024468 0.137291 -0.0837134 0.0111604 0.997968 -0.0627345 -0.20408 -0.136859 0.0636725 0.988542 0.502718 0 0 0 1 
26875431820207;0.201469;0.188039;0.999908 0.0135611 0.000659198 0.00969726 -0.0135639 0.999898 0.00444505 -0.000612728 -0.000598851 -0.00445358 0.99999 0.0423615 0 0 0 1 
26875431820208;0.418791;0.387388;0.999941 -0.00651395 0.00874707 -0.0622149 0.00627842 0.999624 0.02669 -0.0310226 -0.00891764 -0.0266335 0.999605 -0.0191507 0 0 0 1 
26875431820209;0.261543;0.246525;0.999657 -0.0259963 0.00318985 0.00668288 0.0259998 0.999661 -0.0010646 -0.0189321 -0.0031611 0.00114717 0.999994 0.0252056 0 0 0 1 
26875431820210;0.579052;0.492416;0.999592 -0.0235568 0.0161503 -0.143091 0.0230832 0.999315 0.028911 -0.129226 -0.0168203 -0.0285264 0.999452 0.013453 0 0 0 1 
26875431820211;0.254845;0.167564;0.999106 -0.0313874 -0.0283037 0.111332 0.0305825 0.999128 -0.028435 -0.0307183 0.0291715 0.027544 0.999195 0.174901 0 0 0 1 
26875431820212;0.320883;0.211451;0.994802 -0.0761318 0.0676176 0.175543 0.0778028 0.996716 -0.0224294 -0.282137 -0.065688 0.0275737 0.997459 0.39382 0 0 0 1 
26875431820213;0.233658;0.0293637;0.99878 -0.0480445 0.0114345 -0.112778 0.0489687 0.993472 -0.10303 -0.0378338 -0.00640987 0.103464 0.994613 -0.400307 0 0 0 1 
26875431820214;0.442932;0.0238541;0.982235 0.0407168 -0.183186 0.347086 -0.0838161 0.968586 -0.23413 0.536688 0.167899 0.245325 0.954791 0.254728 0 0 0 1 
26875431820215;0.292551;0.183557;0.998585 -0.0093351 0.0523542 0.184313 0.0117239 0.998895 -0.0455083 -0.263159 -0.0518715 0.0460577 0.997591 0.134609 0 0 0 1 
26875431820217;0.53888;0.182153;0.974079 -0.165977 0.153694 0.7297 0.202238 0.943368 -0.262977 -0.6073 -0.101342 0.287243 0.952482 -0.128311 0 0 0 1 
26875431820218;0.132212;0.0163991;0.999905 -0.0103611 -0.00912758 0.0185572 0.010155 0.999699 -0.0223463 0.16068 0.00935636 0.0222514 0.999709 0.117293 0 0 0 1 
26875431820219;0.276971;0.0198737;0.99168 -0.0577945 0.115024 0.440952 0.0599899 0.998075 -0.0157144 -0.633829 -0.113895 0.022484 0.993238 0.358951 0 0 0 1 
26875431820220;0.346183;0.332623;0.999551 0.0299069 -0.00158664 -0.0549381 -0.0298975 0.999537 0.00567753 0.0747995 0.0017557 -0.00562754 0.999983 0.0638809 0 0 0 1 
26875431820221;0.22686;0.0163762;0.999986 -0.00519901 -0.000112141 0.447138 0.00519946 0.999976 0.00452606 -0.0363783 8.86075e-05 -0.00452658 0.99999 -0.273085 0 0 0 1 
26875431820222;0.271182;0.252118;0.999511 0.0273464 0.0151946 -0.0637817 -0.0271346 0.999534 -0.0139744 0.144893 -0.0155697 0.0135553 0.999787 0.0766292 0 0 0 1 
26875431820223;0.173034;0.0206128;0.999959 -0.00887049 0.00191123 -0.138156 0.00886641 0.999958 0.00213036 -0.194223 -0.00193005 -0.00211332 0.999996 -0.260641 0 0 0 1 
26875431820224;0.421446;0.0165569;0.996035 0.055076 0.0698638 -0.690522 -0.0599802 0.995731 0.0701587 -0.337497 -0.0657015 -0.074071 0.995086 0.625083 0 0 0 1 
26875431820225;0.149136;0.125696;0.999627 0.0264906 -0.00667635 -0.0105115 -0.0264047 0.999571 0.0126464 0.0852426 0.0070085 -0.0124654 0.999898 -0.0593975 0 0 0 1 
26875431820226;0.0692592;0.0162087;0.99932 -0.0368829 1.27789e-06 0.196593 0.0368812 0.999275 -0.0094863 -0.139355 0.000348605 0.00947989 0.999955 -0.0583627 0 0 0 1 
26875431820227;0.394953;0.273253;0.996059 0.0767602 0.0444421 -0.316547 -0.0772908 0.996955 0.0103443 0.312129 -0.0435127 -0.0137385 0.998958 -0.0526316 0 0 0 1 
26875431820228;0.385763;0.0171291;0.999522 -0.0308934 -0.0015312 -0.230063 0.0305799 0.994396 -0.1012 0.645968 0.00464903 0.101105 0.994865 0.117279 0 0 0 1 
26875431820229;0.236316;0.0133127;0.9796 -0.103944 0.171985 0.182025 0.101282 0.994563 0.0242039 -0.135474 -0.173566 -0.00629114 0.984802 0.806476 0 0 0 1 
26875431820230;0.353557;0.282336;0.992084 0.116358 0.0472301 -0.322762 -0.111393 0.989049 -0.0968157 0.803066 -0.0579782 0.0907881 0.994181 0.163943 0 0 0 1 
26875431820231;0.448584;0.0144389;0.999483 0.00333769 0.0319627 -0.227107 -0.00204448 0.999181 -0.0404075 0.287277 -0.0320714 0.0403213 0.998672 -0.79308 0 0 0 1 
26875431820232;0.290281;0.138815;0.980013 -0.122209 0.156971 0.350563 0.093555 0.979485 0.178483 -0.590707 -0.175563 -0.16023 0.971341 0.827712 0 0 0 1 
26875431820233;0.217224;0.0124991;0.995593 -0.0797517 -0.0493399 0.595214 0.079241 0.996781 -0.0122256 -0.311491 0.0501561 0.008262 0.998707 -0.300874 0 0 0 1 
26875431820234;0.288361;0.012491;0.98435 -0.165518 -0.0604844 0.365488 0.170118 0.982083 0.0810782 -1.3494 0.0459808 -0.0900989 0.994871 -0.335977 0 0 0 1 
26875431820235;0.189456;0.0145159;0.975686 -0.157396 -0.152521 0.557676 0.161395 0.986789 0.0141251 -0.77498 0.148283 -0.0383978 0.988199 -0.686472 0 0 0 1 
26875431820236;0.315102;0.114535;0.962503 0.164901 0.215396 -0.15313 -0.145368 0.983929 -0.103691 0.812206 -0.229033 0.0684914 0.971006 1.13095 0 0 0 1 
26875431820237;0.012092;0.0132951;0.999977 -0.00683184 0.000522234 0.0325224 0.0068306 0.999974 0.00233383 -0.051965 -0.000538165 -0.0023302 0.999997 0.0234988 0 0 0 1 
26875431820238;0.26454;0.0148603;0.956745 -0.26698 0.115589 0.489887 0.257781 0.962134 0.0885886 -1.37638 -0.134863 -0.0549602 0.989339 0.913218 0 0 0 1 
26875431820239;0.246987;0.0161835;0.999358 0.0324767 0.0151172 -0.281893 -0.0338728 0.994027 0.103743 -0.327971 -0.0116577 -0.104189 0.994489 0.166899 0 0 0 1 
26875431820240;0.363487;0.160651;0.966908 0.226676 -0.117079 -0.263707 -0.219407 0.972987 0.071806 1.02477 0.130193 -0.0437418 0.990523 -0.749273 0 0 0 1 
26875431820241;0.468508;0.20401;0.972149 -0.228573 0.0517803 -0.124698 0.231297 0.971344 -0.0546972 -1.12066 -0.0377941 0.0651504 0.997159 0.574089 0 0 0 1 
26875431820242;0.496458;0.358857;0.996785 -0.0759705 -0.0254592 0.170473 0.0777559 0.993869 0.078607 -0.56509 0.0193313 -0.0803339 0.996581 -0.260492 0 0 0 1 
26875431820243;0.419239;0.192207;0.97624 0.0645581 0.20685 -0.408175 -0.0568646 0.997458 -0.0429321 0.369597 -0.209096 0.0301496 0.97743 0.754511 0 0 0 1 
26875431820244;0.327061;0.0139046;0.999972 -0.00686615 0.0030456 -0.4838 0.00716088 0.99384 -0.110595 0.481559 -0.00226748 0.110613 0.993861 -0.0141819 0 0 0 1 
26875431820245;0.440644;0.0893602;0.939093 0.0241201 0.342816 -0.36036 -0.0595102 0.993878 0.0930911 -0.0229836 -0.338472 -0.107822 0.934779 1.48829 0 0 0 1 
26875431820246;0.33651;0.0117816;0.988602 -0.0610104 0.137638 -0.0594886 0.048597 0.99459 0.0918152 -0.656891 -0.142495 -0.0840799 0.986218 0.254672 0 0 0 1 
26875431820248;0.482971;0.120263;0.962361 -0.085478 -0.257981 0.474154 0.108817 0.991031 0.0775643 -0.302014 0.249037 -0.102718 0.963031 -1.82481 0 0 0 1 
26875431820249;0.481186;0.0160519;0.97042 -0.192649 -0.145501 0.353803 0.181494 0.979578 -0.0865264 -0.720653 0.159199 0.0575594 0.985567 0.262313 0 0 0 1 
26875431820250;0.362957;0.0176988;0.965517 0.227029 0.127418 0.146661 -0.211175 0.969202 -0.126698 1.5336 -0.152258 0.0954217 0.983724 0.470149 0 0 0 1 
26875431820251;0.294996;0.0144471;0.995374 0.0946211 -0.0166619 0.640401 -0.0934014 0.993634 0.062983 0.0948971 0.0225154 -0.0611354 0.997876 -0.352553 0 0 0 1 
26875431820252;0.28587;0.0157675;0.999646 -0.026359 -0.00359323 0.319747 0.0263625 0.999652 0.000920693 -0.643334 0.00356771 -0.00101509 0.999993 0.209856 0 0 0 1 
26875431820253;0.612372;0.0099173;0.958974 0.0882208 -0.269419 1.14761 -0.0246642 0.972707 0.230721 -0.955544 0.28242 -0.21461 0.934977 -1.14646 0 0 0 1 
26875431820254;0.431445;0.388622;0.999481 0.0320968 0.00258955 0.00666991 -0.0319649 0.998659 -0.0407264 0.226887 -0.00389326 0.0406225 0.999167 -0.0395448 0 0 0 1 
