#;prob_registration_l1 -r /home/probabilistic_point_clouds_registration/build/tester /home/point_clouds_registration_benchmark/apartment_local.txt /home/point_clouds_registration_benchmark/apartment -s 0.2 -t 0.2 -p 0.3 -r 1000 -m 5 -i 40 
id;initial_error;final_error;transformation
13001298760000;0.820981;1.33445;0.915595 -0.377974 0.13719 -0.447802 0.365494 0.924536 0.107921 -3.23839 -0.167628 -0.0486697 0.984648 0.362483 0 0 0 1 
13001298760001;0.68771;2.0867;0.956213 0.29115 0.0298162 0.0235243 -0.284305 0.899856 0.330803 -2.07864 0.0694828 -0.324795 0.943229 0.396387 0 0 0 1 
13001298760002;0.636186;0.429063;0.978687 0.164938 -0.122344 0.0343764 -0.123405 0.948545 0.291606 -0.374744 0.164146 -0.270293 0.948682 -0.947971 0 0 0 1 
13001298760003;0.411513;1.35029;0.954831 -0.296344 0.0218508 0.207707 0.296112 0.955061 0.0132605 -2.37985 -0.0247985 -0.00619127 0.999673 -0.274442 0 0 0 1 
13001298760004;0.857932;1.24145;0.921772 -0.356252 -0.15304 0.251851 0.341461 0.93285 -0.114874 -2.18169 0.183688 0.0536306 0.981521 0.386899 0 0 0 1 
13001298760005;0.460674;0.836076;0.942425 0.329431 0.0575295 0.106436 -0.327415 0.943956 -0.0417923 -0.279361 -0.068073 0.0205501 0.997469 0.634922 0 0 0 1 
13001298760006;0.655521;1.84658;0.965031 0.261772 0.0137729 -0.573923 -0.26211 0.964324 0.0371047 -1.1197 -0.00356854 -0.0394172 0.999216 0.256399 0 0 0 1 
13001298760007;0.308888;0.460761;0.868974 0.336125 0.363186 0.188209 -0.405328 0.904487 0.132713 0.611254 -0.283889 -0.262533 0.922217 0.91721 0 0 0 1 
13001298760008;0.466988;0.431328;0.932846 0.34656 0.0984627 -0.136297 -0.347546 0.937633 -0.00750965 0.281212 -0.0949244 -0.027215 0.995112 0.0500283 0 0 0 1 
13001298760009;0.423945;0.469736;0.95537 0.289711 0.0577555 -0.251267 -0.267301 0.931013 -0.248527 0.605788 -0.125772 0.221998 0.966901 0.0160953 0 0 0 1 
13001298760010;0.258498;0.585135;0.967458 0.250966 -0.032265 0.249731 -0.252232 0.966658 -0.0441791 0.411183 0.0201017 0.0508797 0.998502 0.00375305 0 0 0 1 
13001298760011;0.784351;1.71995;0.968867 0.239853 0.0613763 -0.11596 -0.245936 0.903849 0.350103 -1.38566 0.0284985 -0.354298 0.934698 -0.818568 0 0 0 1 
13001298760012;0.622128;0.450141;0.945047 0.326844 -0.00770328 0.44779 -0.32594 0.943746 0.0557328 -0.0102897 0.0254859 -0.0501593 0.998416 0.138914 0 0 0 1 
13001298760013;0.398004;0.46477;0.878009 0.446754 0.171788 0.292649 -0.410944 0.887615 -0.208001 0.843685 -0.245407 0.112032 0.962925 1.12889 0 0 0 1 
13001298760014;0.755219;0.961507;0.984437 0.0909355 -0.15038 0.479991 -0.0794455 0.993564 0.0807369 -0.539103 0.156754 -0.0675334 0.985326 -1.15191 0 0 0 1 
13001298760015;0.388158;1.75203;0.932441 0.328306 -0.150896 0.151139 -0.321338 0.944436 0.069159 -0.715888 0.165217 -0.015998 0.986127 -0.330461 0 0 0 1 
13001298760016;0.851768;0.571869;0.941793 0.336193 -0.000126325 0.878965 -0.33613 0.941624 0.0189775 0.980467 0.00649906 -0.0178304 0.99982 0.449113 0 0 0 1 
13001298760017;0.399547;0.401462;0.9191 0.393699 -0.0160258 0.503234 -0.394003 0.917852 -0.0480522 0.719555 -0.00420883 0.0504789 0.998716 0.418091 0 0 0 1 
13001298760018;0.820633;0.744666;0.954605 0.244191 -0.170587 -0.0492366 -0.259292 0.963084 -0.0723687 -0.0547982 0.146618 0.113315 0.982681 0.609621 0 0 0 1 
13001298760019;0.329854;0.40674;0.993464 0.0923018 -0.0671467 -0.03005 -0.0905479 0.995478 0.0287174 -0.35946 0.0694937 -0.0224497 0.99733 -0.17487 0 0 0 1 
13001298760020;0.847185;0.56442;0.975205 0.219856 0.0252794 -0.429963 -0.21935 0.975413 -0.0213242 0.357796 -0.0293461 0.0152504 0.999453 0.950062 0 0 0 1 
13001298760021;0.886722;1.36279;0.905975 -0.227152 -0.357227 0.996851 0.317117 0.923174 0.217225 -2.91331 0.28044 -0.310083 0.908406 -1.24638 0 0 0 1 
13001298760022;0.59893;0.470718;0.954289 0.253609 -0.15816 0.181961 -0.205271 0.940743 0.269939 0.0354425 0.217247 -0.225135 0.949799 -1.01512 0 0 0 1 
13001298760023;0.367247;0.418706;0.993335 0.100375 0.0566587 -0.182757 -0.102335 0.994209 0.0328095 -0.325299 -0.0530373 -0.0383889 0.997854 -0.00336954 0 0 0 1 
13001298760024;0.0968236;0.417239;0.974233 0.216506 0.0632079 -0.0957014 -0.21906 0.975022 0.0366688 0.253966 -0.0536901 -0.0495704 0.997327 0.291917 0 0 0 1 
13001298760025;0.689632;0.47024;0.983374 0.175692 0.0459063 -0.130981 -0.151756 0.933951 -0.323582 0.569234 -0.0997251 0.311236 0.945086 0.743718 0 0 0 1 
13001298760026;0.452516;1.27842;0.984918 -0.171495 0.0229326 -0.152795 0.17006 0.983936 0.0543056 -1.48425 -0.0318774 -0.0495867 0.998261 0.143228 0 0 0 1 
13001298760027;0.353163;1.34737;0.916374 -0.298989 0.266205 -0.0485336 0.216004 0.929155 0.300021 -2.22348 -0.337049 -0.21743 0.916036 0.799121 0 0 0 1 
13001298760028;0.770166;0.684571;0.998275 0.0313992 0.0496147 -0.250175 -0.0272334 0.996218 -0.0825159 0.00815359 -0.052018 0.0810223 0.995354 -0.129413 0 0 0 1 
13001298760029;0.444231;0.499633;0.909453 0.359584 0.208794 0.155807 -0.380968 0.921788 0.0718996 0.381426 -0.16661 -0.144933 0.975313 0.763696 0 0 0 1 
13001298760031;1.0814;0.429527;0.9433 0.326027 0.0623893 0.443005 -0.289346 0.899709 -0.326808 1.52943 -0.16268 0.290226 0.943029 1.66046 0 0 0 1 
13001298760032;0.762366;0.12299;0.977359 -0.190414 -0.0922551 -0.59877 0.193384 0.980822 0.0243176 -0.605597 0.0858554 -0.0416077 0.995438 -0.791341 0 0 0 1 
13001298760033;0.562268;0.113312;0.972553 -0.208194 -0.103902 -0.586975 0.199395 0.975868 -0.0890097 -0.600449 0.119926 0.0658491 0.990597 0.080009 0 0 0 1 
13001298760034;0.913227;0.141943;0.985828 -0.152577 -0.0697422 -0.54321 0.117492 0.924679 -0.362166 -0.193529 0.119747 0.348839 0.929501 0.957998 0 0 0 1 
13001298760035;0.190074;0.120436;0.987365 0.117297 -0.10654 0.293141 -0.1094 0.990997 0.0771828 0.325771 0.114634 -0.0645521 0.991308 -0.532348 0 0 0 1 
13001298760036;1.3176;0.149163;0.935796 -0.347087 -0.061778 -1.35047 0.352525 0.919533 0.17374 -0.752747 -0.00349611 -0.184364 0.982852 -0.379038 0 0 0 1 
13001298760037;0.408209;0.135308;0.99173 0.116479 -0.0538906 0.0612627 -0.122267 0.985119 -0.120793 0.675587 0.0390188 0.126383 0.991214 0.035501 0 0 0 1 
13001298760038;0.799177;0.1848;0.999956 0.00938762 -0.000675479 0.410204 -0.00914721 0.98623 0.165128 -0.288831 0.00221633 -0.165114 0.986272 -0.260272 0 0 0 1 
13001298760039;0.512139;0.17724;0.999763 0.0100027 -0.0193369 -0.0350642 -0.0102135 0.999889 -0.0108366 0.0956584 0.0192264 0.0110315 0.999754 0.33958 0 0 0 1 
13001298760040;0.790161;0.193413;0.999959 -0.00775139 -0.0046507 0.0769926 0.00763849 0.999687 -0.0238205 0.22864 0.00483389 0.023784 0.999705 -0.395494 0 0 0 1 
13001298760041;0.304867;0.117101;0.985718 -0.120425 0.117715 -0.315899 0.127382 0.990413 -0.0534471 -0.148708 -0.11015 0.0676785 0.991608 0.409263 0 0 0 1 
13001298760042;0.323258;0.148547;0.997068 0.0763687 -0.00488312 0.144871 -0.0759875 0.995599 0.0548515 0.0608281 0.00905056 -0.0543196 0.998483 -0.0670477 0 0 0 1 
13001298760043;1.1294;0.122805;0.945413 -0.319235 -0.0654414 -0.54542 0.324221 0.901258 0.287429 -1.98826 -0.0327778 -0.292957 0.955564 -0.804081 0 0 0 1 
13001298760044;0.672602;0.104511;0.989449 -0.0747757 0.124095 -0.570003 0.0792487 0.996357 -0.0315016 -0.0603885 -0.121288 0.0410036 0.99177 0.162917 0 0 0 1 
13001298760045;0.603165;0.862736;0.890219 0.454289 0.0336303 1.19717 -0.449935 0.888419 -0.0909418 1.90333 -0.0711917 0.0658267 0.995288 0.0948462 0 0 0 1 
13001298760046;0.435224;0.165346;0.900392 0.114471 -0.419751 0.78573 -0.135944 0.990483 -0.0214916 0.60717 0.413296 0.0764134 0.907385 -1.06374 0 0 0 1 
13001298760047;1.03472;0.114984;0.998911 -0.0256459 0.0389847 -0.267139 0.0152897 0.969197 0.24581 -0.500611 -0.0440879 -0.244946 0.968534 -0.976745 0 0 0 1 
13001298760048;1.38851;0.191993;0.992971 0.0770587 0.0898396 0.146317 -0.108431 0.896558 0.42945 -0.72331 -0.0474536 -0.436172 0.898611 -1.29138 0 0 0 1 
13001298760049;0.308211;0.154291;0.98966 0.119824 -0.0788329 0.0855168 -0.110566 0.987442 0.112845 0.202844 0.0913645 -0.102962 0.99048 -0.46726 0 0 0 1 
13001298760050;0.383404;0.158062;0.998757 -0.0449829 0.0214738 -0.437699 0.0452659 0.998892 -0.0128811 -0.18989 -0.0208705 0.0138371 0.999686 0.202354 0 0 0 1 
13001298760051;1.39486;0.148842;0.910937 -0.390449 0.133203 -1.63719 0.399625 0.915319 -0.0499111 -1.49594 -0.102436 0.0986972 0.989831 0.608311 0 0 0 1 
13001298760052;0.390791;0.153814;0.999885 -0.0148222 -0.00313573 -0.33789 0.0148345 0.999882 0.00394371 -0.155853 0.00307691 -0.00398977 0.999987 -0.0588286 0 0 0 1 
13001298760053;0.738841;0.198679;0.950067 0.31189 0.00982216 0.994436 -0.310258 0.940796 0.136539 0.542123 0.0333446 -0.132769 0.990586 -0.15081 0 0 0 1 
13001298760054;0.290741;0.168947;0.984714 -0.173938 -0.00914516 -0.497646 0.173891 0.984749 -0.00567097 -0.427676 0.00999208 0.00399401 0.999942 -0.147695 0 0 0 1 
13001298760055;0.983527;0.124587;0.973508 0.190446 0.12654 -0.302227 -0.171067 0.973839 -0.149579 0.720231 -0.151716 0.12397 0.980619 0.997215 0 0 0 1 
13001298760056;0.893456;0.466501;0.99907 -0.0427157 0.0058391 0.127277 0.0427929 0.998989 -0.0137973 -0.357105 -0.00524384 0.0140343 0.999888 -0.112949 0 0 0 1 
13001298760057;1.32906;0.178953;0.994948 0.083961 0.0550438 0.537797 -0.084778 0.996319 0.0126755 0.888834 -0.0537769 -0.017278 0.998403 -0.43356 0 0 0 1 
13001298760058;1.04418;0.404713;0.960994 -0.224638 0.161332 -0.78296 0.222041 0.974438 0.0341871 -0.541011 -0.164888 0.00296886 0.986308 -0.13467 0 0 0 1 
13001298760059;1.02726;0.118795;0.997488 0.0509657 -0.0491941 0.47584 -0.0376024 0.969544 0.242012 -0.191027 0.0600302 -0.239554 0.969025 -1.21119 0 0 0 1 
13001298760060;1.18019;0.98715;0.985085 -0.161994 -0.0580068 -0.0684966 0.169949 0.968735 0.180749 -1.46807 0.0269129 -0.187911 0.981817 -0.234997 0 0 0 1 
13001298760062;0.42647;0.930157;0.98337 -0.180692 0.0182652 -0.425622 0.177884 0.978572 0.103704 -0.246987 -0.0366122 -0.09873 0.994441 0.0772411 0 0 0 1 
13001298760063;0.820769;1.02724;0.966738 -0.255078 0.0187833 -0.23577 0.254674 0.966788 0.0214925 -0.201669 -0.0236417 -0.015994 0.999593 0.637817 0 0 0 1 
13001298760064;0.637796;0.934428;0.999785 1.86649e-05 0.0207458 0.0485745 0.000832055 0.999159 -0.0409974 0.679393 -0.0207291 0.0410059 0.998944 0.632922 0 0 0 1 
13001298760065;1.32441;1.26474;0.938447 -0.265346 -0.221155 -0.114668 0.330851 0.874481 0.354711 -0.966251 0.0992745 -0.406047 0.908444 -2.21438 0 0 0 1 
13001298760066;0.832986;1.01538;0.927958 -0.372639 0.00581725 -0.563596 0.372453 0.92672 -0.0496819 -0.315324 0.0131225 0.0482694 0.998748 0.362863 0 0 0 1 
13001298760067;0.500971;1.08792;0.884817 -0.465834 0.00992536 -0.629737 0.464387 0.879931 -0.100329 -1.11786 0.0380031 0.0933821 0.994905 -0.142559 0 0 0 1 
13001298760068;1.1413;1.20598;0.905436 -0.395426 0.154349 -1.04282 0.371519 0.914103 0.162445 -0.218294 -0.205326 -0.08974 0.974571 0.865773 0 0 0 1 
13001298760069;0.277143;0.931974;0.98526 -0.129833 -0.111387 -0.0462857 0.14854 0.972275 0.180604 -0.113959 0.0848507 -0.194487 0.977228 -0.781562 0 0 0 1 
13001298760070;1.31041;1.16561;0.956936 -0.277528 0.0851563 -0.588658 0.28226 0.958059 -0.0495113 -0.31235 -0.067844 0.0714154 0.995137 -0.435334 0 0 0 1 
13001298760071;0.311671;1.33485;0.803145 -0.554741 -0.217302 -0.498841 0.583468 0.806135 0.0985425 -1.8292 0.120509 -0.205933 0.971118 -1.00453 0 0 0 1 
13001298760072;0.364438;0.907445;0.920841 -0.388966 0.0275101 -0.543684 0.389667 0.920535 -0.0278205 -0.806784 -0.0145028 0.0363381 0.999234 0.299405 0 0 0 1 
13001298760073;1.33186;1.09261;0.836095 -0.459694 0.299377 -0.91143 0.530182 0.817277 -0.225755 -0.86939 -0.140896 0.347478 0.927042 1.09364 0 0 0 1 
13001298760074;0.375476;1.27469;0.823286 -0.431153 -0.369198 -0.181069 0.358006 0.899152 -0.25171 -0.550207 0.44049 0.075054 0.894615 -1.30096 0 0 0 1 
13001298760075;0.892832;1.02707;0.951168 -0.237062 0.197688 -0.32649 0.260106 0.960409 -0.0997975 -0.391812 -0.166204 0.146344 0.975172 1.64361 0 0 0 1 
13001298760076;0.49285;1.00656;0.915212 -0.401753 0.0313405 -0.871309 0.402972 0.912654 -0.0683797 -0.95259 -0.00113134 0.0752113 0.997167 0.0682561 0 0 0 1 
13001298760077;1.25077;0.920807;0.973371 -0.229188 -0.00474793 -0.699959 0.229226 0.973319 0.0103086 0.000250522 0.00225863 -0.0111225 0.999936 0.728273 0 0 0 1 
13001298760078;0.873453;0.809477;0.978043 -0.132622 -0.160757 -0.0266923 0.145507 0.986794 0.0711733 0.170371 0.149195 -0.0930018 0.984424 -1.23814 0 0 0 1 
13001298760079;0.135451;0.851026;0.973051 -0.226685 -0.0422655 -0.244929 0.224969 0.97347 -0.0417659 -0.344447 0.0506119 0.031132 0.998233 -0.0460357 0 0 0 1 
13001298760080;0.477523;1.17328;0.726626 -0.607474 0.32092 -0.798964 0.540286 0.79379 0.279262 -2.00105 -0.424388 -0.0295307 0.904999 1.48542 0 0 0 1 
13001298760081;0.486196;1.10418;0.945223 -0.0585659 -0.321129 0.411843 0.0681754 0.997497 0.0187514 0.30881 0.319227 -0.0396174 0.94685 -1.14712 0 0 0 1 
13001298760082;0.60999;3.34962;0.810685 -0.576978 0.0994289 -0.523433 0.585478 0.799583 -0.133728 -0.146668 -0.00234339 0.166625 0.986018 0.299583 0 0 0 1 
13001298760083;0.578912;1.09574;0.871769 -0.489624 0.0169602 -0.266984 0.461704 0.83265 0.305816 -1.8192 -0.163857 -0.25877 0.95194 -0.0507096 0 0 0 1 
13001298760084;0.295038;0.908988;0.99948 0.00789155 0.031272 0.256717 -0.00636574 0.998798 -0.0485941 0.56831 -0.0316179 0.0483697 0.998329 0.291279 0 0 0 1 
13001298760085;0.331689;1.04;0.986183 -0.163072 -0.0291783 -0.210548 0.165662 0.970886 0.173022 -0.206133 0.000113726 -0.175465 0.984486 -0.367481 0 0 0 1 
13001298760086;0.698459;0.913516;0.961277 -0.274295 0.0266271 -0.606993 0.275167 0.960646 -0.0379765 -0.73881 -0.0151624 0.0438328 0.998924 0.61063 0 0 0 1 
13001298760087;0.67213;1.03536;0.852564 -0.399421 -0.337042 0.0305383 0.384663 0.916153 -0.112689 -0.819012 0.353792 -0.0335733 0.934721 -1.6455 0 0 0 1 
13001298760088;0.268562;0.9461;0.887972 -0.373835 -0.267866 -0.26207 0.367786 0.926928 -0.0744194 -0.89158 0.276113 -0.0324351 0.960578 -0.974308 0 0 0 1 
13001298760089;1.15866;1.0782;0.773531 -0.546509 0.3209 -1.2059 0.59069 0.805183 -0.0525927 -1.86952 -0.229641 0.230234 0.945652 1.99176 0 0 0 1 
13001298760090;0.714198;0.896677;0.962098 -0.269868 -0.0392207 -0.636828 0.272012 0.959916 0.067609 -0.636913 0.019403 -0.075715 0.996941 0.208491 0 0 0 1 
13001298760091;1.1529;0.929907;0.968618 -0.238732 -0.0691889 -0.356628 0.237146 0.970998 -0.030412 -0.660554 0.0744425 0.0130497 0.99714 -0.926865 0 0 0 1 
13001298760093;1.04775;0.399993;0.863254 -0.409539 0.295076 -0.908702 0.368062 0.910749 0.187262 -1.54153 -0.345432 -0.0530481 0.936943 0.175932 0 0 0 1 
13001298760094;1.11373;0.449509;0.971091 -0.237917 -0.0194624 -0.250579 0.238345 0.970889 0.0238043 -1.27346 0.0132324 -0.0277549 0.999527 -1.06315 0 0 0 1 
13001298760095;0.293853;0.30933;0.98459 0.0280132 0.172618 0.207765 -0.00120696 0.988151 -0.153477 -0.13314 -0.174872 0.150904 0.972958 1.12482 0 0 0 1 
13001298760096;0.895384;0.256414;0.985438 -0.155954 0.0677523 0.387165 0.151288 0.986058 0.0692941 -0.968645 -0.0776144 -0.0580349 0.995293 0.133976 0 0 0 1 
13001298760097;0.339617;0.530892;0.963075 -0.267119 -0.0336644 -0.173837 0.261523 0.957865 -0.118744 -1.01369 0.0639648 0.105556 0.992354 -0.245784 0 0 0 1 
13001298760098;0.188558;0.342001;0.991319 -0.0888235 -0.0969377 0.115227 0.0942755 0.994125 0.0531836 -0.458663 0.0916442 -0.0618608 0.993868 -0.569789 0 0 0 1 
13001298760099;0.958706;0.408211;0.970946 0.12681 0.202938 0.312042 -0.155041 0.979341 0.129825 -0.58521 -0.182282 -0.157516 0.970547 0.0972707 0 0 0 1 
13001298760100;0.754489;0.627957;0.98725 -0.0345514 -0.155384 0.0878768 -0.0119839 0.957255 -0.288998 -0.372557 0.158727 0.287175 0.944635 0.799844 0 0 0 1 
13001298760101;0.427244;0.535231;0.98784 0.147547 0.0490033 0.987324 -0.142526 0.985345 -0.0937093 0.130872 -0.0621117 0.0855856 0.994393 0.169333 0 0 0 1 
13001298760102;0.55757;0.597729;0.999013 -0.000353452 -0.0444277 0.310479 0.00166952 0.999561 0.0295892 -0.276123 0.0443978 -0.0296341 0.998574 -0.0941367 0 0 0 1 
13001298760103;0.502682;0.643066;0.983138 -0.181355 -0.0234368 -0.0243997 0.17929 0.98119 -0.0715604 -0.41405 0.0359738 0.0661518 0.997161 0.124776 0 0 0 1 
13001298760104;0.301846;0.317068;0.88383 -0.467671 -0.0113457 -0.792076 0.467347 0.883775 -0.0229987 -1.82784 0.0207828 0.0150246 0.999671 -0.0288784 0 0 0 1 
13001298760105;0.905526;0.600837;0.997633 -0.00875649 -0.0681964 0.463465 -0.00149658 0.988857 -0.148863 -0.162003 0.06874 0.148613 0.986503 -0.573719 0 0 0 1 
13001298760106;0.994487;0.447894;0.894672 -0.444049 -0.0488164 -0.819835 0.446723 0.889588 0.0952435 -2.49498 0.0011338 -0.107019 0.994256 0.376762 0 0 0 1 
13001298760107;0.0362635;0.354032;0.985264 -0.168687 -0.0282612 -0.222201 0.165872 0.982674 -0.0826878 -0.623289 0.04172 0.0767816 0.996175 -0.00353592 0 0 0 1 
13001298760108;1.01768;0.677628;0.911927 -0.388025 -0.133517 -0.2183 0.365357 0.915887 -0.166327 -1.34173 0.186826 0.102896 0.976989 -1.23283 0 0 0 1 
13001298760109;0.830454;0.294258;0.955127 -0.282724 -0.0883178 -0.229196 0.278527 0.958738 -0.0569541 -0.909382 0.100776 0.0297995 0.994463 -0.843163 0 0 0 1 
13001298760110;0.923517;0.686763;0.966301 -0.256599 -0.0205035 -0.579554 0.25324 0.961892 -0.103114 -1.06263 0.0461811 0.0944467 0.994458 0.620452 0 0 0 1 
13001298760111;0.26829;0.312359;0.893903 -0.446751 0.0367442 -0.822451 0.447771 0.89375 -0.0266952 -1.71791 -0.020914 0.0403159 0.998968 0.15356 0 0 0 1 
13001298760112;0.495558;0.564886;0.986296 0.00618745 -0.164872 0.428529 0.0176449 0.98961 0.142694 0.0163262 0.164042 -0.143647 0.975938 -1.03789 0 0 0 1 
13001298760113;0.269314;0.412168;0.9977 -0.048079 0.0477729 0.0349758 0.0502853 0.99767 -0.0461079 -0.302933 -0.0454448 0.0484041 0.997793 0.0287705 0 0 0 1 
13001298760114;0.734561;0.678143;0.839266 -0.543208 0.0236096 -0.984885 0.542429 0.833489 -0.105202 -1.8575 0.037468 0.101099 0.994171 0.196583 0 0 0 1 
13001298760115;0.321726;0.395976;0.977729 -0.209158 0.017298 -0.369148 0.209715 0.976861 -0.0419843 -0.94162 -0.00811641 0.0446769 0.998969 -0.11759 0 0 0 1 
13001298760116;1.15818;0.63261;0.999871 0.0146582 0.00651866 1.29137 -0.0111953 0.928603 -0.370906 0.0341377 -0.0114901 0.370785 0.928647 1.48879 0 0 0 1 
13001298760117;0.977589;0.46912;0.968556 -0.21256 -0.129294 -0.324058 0.174418 0.950709 -0.25638 -0.884742 0.177417 0.225767 0.957889 0.687815 0 0 0 1 
13001298760118;0.349631;0.545217;0.981738 0.156732 0.107818 0.757742 -0.139777 0.97875 -0.150034 0.133924 -0.129042 0.132223 0.982784 0.637077 0 0 0 1 
13001298760119;0.966956;0.411742;0.880861 -0.366228 -0.299934 0.0222991 0.375282 0.926454 -0.0290808 -1.2577 0.288525 -0.0869436 0.953517 -1.8144 0 0 0 1 
13001298760120;0.820899;0.534693;0.998848 -0.0215149 0.0428984 0.645796 0.0250348 0.996212 -0.0832809 -0.417926 -0.0409441 0.0842589 0.995602 0.730613 0 0 0 1 
13001298760121;0.247186;0.351636;0.986903 -0.161315 0.000715418 -0.219111 0.161316 0.9869 -0.00244084 -0.575668 -0.000312302 0.00252428 0.999997 0.149192 0 0 0 1 
13001298760122;0.958553;0.307483;0.998156 -0.00625005 -0.0603857 0.496876 0.00887824 0.99902 0.0433537 -0.922417 0.0600556 -0.0438099 0.997233 -0.0658586 0 0 0 1 
13001298760124;1.10954;0.090779;0.884549 -0.465264 0.0331983 -0.618801 0.460014 0.881917 0.103006 -3.28434 -0.0772033 -0.0758425 0.994127 -0.259088 0 0 0 1 
13001298760125;0.573277;0.0768526;0.938141 0.0367808 -0.344293 0.708372 0.0860503 0.938381 0.33472 -0.723797 0.335389 -0.343641 0.877169 -2.90725 0 0 0 1 
13001298760126;0.254431;0.102479;0.966852 0.178694 -0.182388 0.845583 -0.169738 0.983427 0.063716 0.775208 0.190751 -0.0306458 0.98116 -0.865293 0 0 0 1 
13001298760127;0.992788;0.083894;0.916436 -0.347193 -0.199004 -0.65659 0.350342 0.936401 -0.0203325 -2.62135 0.193407 -0.051086 0.979788 -1.16315 0 0 0 1 
13001298760128;0.0799235;0.0705494;0.999038 0.0437441 0.00321624 0.143207 -0.043598 0.998383 -0.0364765 0.198068 -0.00480667 0.0363011 0.999329 0.211711 0 0 0 1 
13001298760129;0.127861;0.101193;0.998096 -0.032314 -0.0525462 0.0137 0.0317451 0.999428 -0.0116246 0.00193309 0.0528918 0.00993435 0.998551 -0.151848 0 0 0 1 
13001298760130;0.557579;0.0882522;0.969225 -0.225071 -0.0997278 -0.633261 0.220421 0.973821 -0.0555679 -1.24343 0.109624 0.0318757 0.993462 0.0690804 0 0 0 1 
13001298760131;0.697726;0.0916001;0.986376 -0.162247 -0.0271762 0.0444026 0.156644 0.976789 -0.146103 -1.1002 0.0502501 0.139855 0.988896 0.349485 0 0 0 1 
13001298760132;0.915785;0.0725687;0.974093 0.0209845 0.225173 0.0948603 -0.0182568 0.999733 -0.0141895 0.226985 -0.225411 0.00971096 0.974215 0.290794 0 0 0 1 
13001298760133;0.526097;0.0867695;0.986998 0.136474 0.0849102 0.420711 -0.139515 0.989737 0.0309398 0.73539 -0.0798162 -0.0423838 0.995908 0.747696 0 0 0 1 
13001298760134;0.640051;0.0718174;0.993064 -0.0328111 -0.112901 0.233302 0.0287477 0.998886 -0.0374331 0.0713378 0.114003 0.0339278 0.992901 0.143199 0 0 0 1 
13001298760135;0.744448;0.0994797;0.889133 0.430333 -0.155743 2.05199 -0.437963 0.898837 -0.0167475 1.92378 0.13278 0.0831003 0.987656 0.231542 0 0 0 1 
13001298760136;0.470128;0.105422;0.991883 0.115736 -0.0526646 0.126809 -0.116799 0.993 -0.017562 0.573671 0.0502634 0.0235706 0.998458 -0.386492 0 0 0 1 
13001298760137;0.306436;0.0986405;0.962184 0.0650705 0.264513 0.13855 -0.00951553 0.978486 -0.206095 0.108666 -0.272233 0.195785 0.942103 2.0525 0 0 0 1 
13001298760138;0.926249;0.10698;0.99927 -0.0174795 -0.033955 -0.370765 0.0155364 0.998272 -0.0566697 -0.393496 0.0348869 0.0561009 0.997815 -0.603906 0 0 0 1 
13001298760139;0.738974;0.10687;0.965671 0.258933 -0.0208221 0.957124 -0.259757 0.961739 -0.0870861 1.31395 -0.00252407 0.0895052 0.995983 0.979266 0 0 0 1 
13001298760140;1.02616;0.100616;0.987572 0.134558 -0.081214 0.187685 -0.135374 0.990784 -0.00459981 0.485787 0.0798466 0.0155369 0.996686 -1.12028 0 0 0 1 
13001298760141;0.897713;0.13263;0.955497 -0.223789 0.192206 -0.829239 0.256807 0.951637 -0.168632 -1.63459 -0.145172 0.210487 0.966758 2.01919 0 0 0 1 
13001298760142;0.158181;0.0999058;0.99894 0.00684119 0.0455133 0.0208336 -0.00108161 0.992107 -0.125386 0.222933 -0.0460119 0.125204 0.991063 0.681894 0 0 0 1 
13001298760143;0.631582;0.0941881;0.924997 0.36864 -0.092116 1.51239 -0.379324 0.88168 -0.280632 1.71626 -0.0222353 0.294525 0.955385 1.4795 0 0 0 1 
13001298760144;0.855274;0.088639;0.985171 -0.106328 -0.134656 0.512318 0.111325 0.993328 0.0301159 -0.48262 0.130556 -0.0446599 0.990435 -0.33155 0 0 0 1 
13001298760145;0.0426315;0.076862;0.999427 -0.0297844 -0.0160811 -0.095848 0.0292549 0.999053 -0.032214 -0.0643332 0.0170254 0.0317251 0.999352 0.102223 0 0 0 1 
13001298760146;0.950154;0.0918564;0.993949 0.0215814 -0.107699 0.166709 -0.0244639 0.999375 -0.0255159 0.0309334 0.107081 0.0279963 0.993856 0.523687 0 0 0 1 
13001298760147;0.397392;0.0853809;0.946252 0.0993219 -0.307801 0.775441 -0.184665 0.947221 -0.262052 0.959589 0.265528 0.304807 0.914651 -0.187419 0 0 0 1 
13001298760148;0.554781;0.0699062;0.997199 -0.0642355 0.0383248 -0.233372 0.0698314 0.983099 -0.169235 -0.432862 -0.0268062 0.171437 0.98483 0.226289 0 0 0 1 
13001298760149;0.73823;0.0754318;0.999124 -0.03676 -0.020022 -0.0180203 0.036262 0.999037 -0.0246931 0.224433 0.0209105 0.0239454 0.999495 0.624105 0 0 0 1 
13001298760150;0.886242;0.088744;0.969605 -0.244189 0.0153894 -0.269175 0.244546 0.969211 -0.0287527 -1.57189 -0.00789447 0.0316422 0.999468 -0.411817 0 0 0 1 
13001298760151;1.10427;0.0918415;0.925374 0.329925 0.186632 2.16349 -0.359523 0.919944 0.156355 1.83327 -0.120106 -0.211785 0.969908 -0.00360816 0 0 0 1 
13001298760152;0.722566;0.0868601;0.952364 0.218907 0.212325 0.316548 -0.15203 0.944349 -0.291706 0.552493 -0.264366 0.245531 0.932644 2.31223 0 0 0 1 
13001298760153;0.343462;0.0932438;0.940484 0.31426 -0.129347 1.38002 -0.333725 0.92592 -0.176918 1.50083 0.0641669 0.209555 0.975689 0.3802 0 0 0 1 
13001298760155;0.0682714;0.549097;0.995989 -0.0849157 -0.0281839 -0.547062 0.0842378 0.996146 -0.0244286 -0.581769 0.0301496 0.0219565 0.999304 -0.00308579 0 0 0 1 
13001298760156;0.228778;0.47095;0.994763 0.0608554 -0.0821169 -0.35213 -0.0700521 0.990984 -0.114209 0.455935 0.0744263 0.119364 0.990057 -0.282658 0 0 0 1 
13001298760157;0.606065;0.455482;0.994762 0.0544429 -0.0865102 -0.895869 -0.061052 0.995261 -0.0756818 -0.295236 0.0819799 0.080567 0.993372 -0.0751505 0 0 0 1 
13001298760158;0.344682;0.701799;0.964684 0.0363332 -0.260893 -0.324011 -0.0501828 0.997651 -0.0466192 0.161402 0.258587 0.0580651 0.964241 -0.979817 0 0 0 1 
13001298760159;0.780294;0.766318;0.996103 0.0496536 -0.0728927 0.0561702 -0.0457082 0.997449 0.0548327 -0.0752853 0.0754294 -0.0512872 0.995831 -0.676217 0 0 0 1 
13001298760160;0.374691;1.01123;0.939113 -0.31208 -0.143782 -0.698642 0.328591 0.938019 0.110219 -1.98571 0.100473 -0.150754 0.983452 -0.0464911 0 0 0 1 
13001298760161;0.829311;0.493608;0.960997 -0.011777 0.276309 -1.2641 -0.0230906 0.992188 0.122598 -0.229057 -0.275594 -0.124197 0.953217 1.25007 0 0 0 1 
13001298760162;0.477774;0.611504;0.987396 0.072782 -0.140543 -0.75954 -0.113559 0.944329 -0.308783 0.29187 0.110245 0.320851 0.940692 0.0421692 0 0 0 1 
13001298760163;0.737936;0.571172;0.996872 -0.049636 0.0615017 -0.193402 0.0518993 0.998012 -0.0357663 -0.676858 -0.0596042 0.0388463 0.997466 0.512473 0 0 0 1 
13001298760164;0.306679;0.545923;0.993531 0.0231559 -0.111171 -0.51979 -0.0534855 0.95902 -0.278243 0.329239 0.100172 0.282389 0.954055 -0.213497 0 0 0 1 
13001298760165;0.655134;0.550271;0.995656 -0.0689625 -0.0625492 -0.896574 0.074202 0.993552 0.0857231 -0.614649 0.0562342 -0.089992 0.994354 -0.665007 0 0 0 1 
13001298760166;0.142166;0.450489;0.997652 0.067126 0.0135784 -0.493912 -0.0662034 0.996018 -0.0597087 0.279388 -0.0175324 0.0586696 0.998123 0.0853227 0 0 0 1 
13001298760167;0.73402;1.16798;0.987669 0.0493776 0.148568 -0.692493 -0.0404854 0.997236 -0.0622948 -0.675771 -0.151233 0.0555118 0.986938 1.07395 0 0 0 1 
13001298760168;0.457979;0.985067;0.989872 0.134264 0.0461169 -0.727064 -0.122671 0.972462 -0.198166 -0.00896382 -0.0714536 0.190502 0.979083 0.145315 0 0 0 1 
13001298760169;0.0971797;0.544678;0.996369 0.0842378 0.0123769 -0.596721 -0.0851422 0.985628 0.145903 0.109843 9.15409e-05 -0.146427 0.989221 -0.0615089 0 0 0 1 
13001298760170;0.865636;0.997644;0.990599 -0.0529421 -0.12614 -1.15291 0.0345511 0.989009 -0.14376 -0.424309 0.132365 0.138051 0.98154 0.138612 0 0 0 1 
13001298760171;0.53187;0.624563;0.986241 -0.130125 -0.101961 -0.710378 0.159037 0.915174 0.370357 -1.06923 0.0451196 -0.381477 0.923277 0.189236 0 0 0 1 
13001298760172;0.399772;1.16313;0.96889 -0.129031 0.211193 -0.793198 0.0877895 0.97703 0.194177 -1.26273 -0.231397 -0.169596 0.957963 1.20234 0 0 0 1 
13001298760173;0.409814;1.0199;0.975689 0.136828 0.171198 -0.856644 -0.123926 0.988734 -0.0839529 -0.0747271 -0.180756 0.060696 0.981653 0.700281 0 0 0 1 
13001298760174;0.230776;0.435254;0.988781 0.0488793 -0.141147 -0.344368 -0.0438574 0.998297 0.0384753 -0.177259 0.142787 -0.0318533 0.989241 -0.297713 0 0 0 1 
13001298760175;0.184973;0.487906;0.975657 0.157751 -0.15234 -0.383352 -0.163414 0.986233 -0.025317 0.47131 0.146248 0.0495951 0.988004 -0.633087 0 0 0 1 
13001298760176;0.684651;1.02778;0.993179 -0.096488 -0.0654598 -0.889687 0.112509 0.94043 0.320831 -1.80522 0.030604 -0.326007 0.944872 -0.63481 0 0 0 1 
13001298760177;0.712892;0.801885;0.993218 0.100435 -0.0585685 -0.429799 -0.111159 0.967951 -0.225197 0.199713 0.0340738 0.230181 0.972551 -0.329789 0 0 0 1 
13001298760178;0.372998;1.13235;0.995054 0.097277 -0.0200958 -0.828775 -0.0970786 0.99522 0.010627 -0.497734 0.0210335 -0.00862358 0.999742 -0.135396 0 0 0 1 
13001298760179;0.364497;1.15167;0.986629 -0.110041 0.120226 -1.3032 0.0603427 0.931873 0.357731 -0.952955 -0.151401 -0.345693 0.926053 0.704803 0 0 0 1 
13001298760180;0.444705;0.904927;0.931362 -0.261839 -0.252992 -0.517699 0.34119 0.870216 0.355406 -1.99977 0.127098 -0.41733 0.899823 -0.696204 0 0 0 1 
13001298760181;0.327893;0.649721;0.985461 -0.113107 0.126778 -0.860789 0.114856 0.993361 -0.00654256 -0.725529 -0.125196 0.0210087 0.99191 0.271083 0 0 0 1 
13001298760182;0.549357;0.511042;0.996016 0.0412891 -0.0790459 -0.406698 -0.0341049 0.995342 0.0901724 -0.502066 0.0824008 -0.0871173 0.992784 0.0762997 0 0 0 1 
13001298760183;0.363905;0.7865;0.984851 -0.132721 -0.111593 -0.713817 0.143676 0.984896 0.0966308 -0.572903 0.0970823 -0.1112 0.989045 0.0147424 0 0 0 1 
13001298760184;0.185151;0.555946;0.99556 0.0199355 -0.0919959 -0.470901 -0.01813 0.999627 0.02042 -0.378865 0.0923687 -0.0186614 0.99555 -0.284767 0 0 0 1 
13001298760186;0.752269;0.479186;0.978604 -0.195642 0.0637002 -0.409018 0.197843 0.979767 -0.0302472 -0.615228 -0.0564938 0.0422027 0.997511 0.683199 0 0 0 1 
13001298760187;1.11885;0.580276;0.838862 -0.543715 0.0261495 -0.347344 0.543743 0.839225 0.00665578 -2.54069 -0.0255642 0.00863532 0.999636 0.39726 0 0 0 1 
13001298760188;1.47853;0.677801;0.978323 -0.205919 -0.0219635 -0.401249 0.182451 0.907249 -0.378961 -0.526897 0.0979616 0.366739 0.925152 -0.108978 0 0 0 1 
13001298760189;0.694353;0.47368;0.99751 0.0679785 0.0187548 0.388301 -0.0672605 0.997065 -0.0365742 -0.376623 -0.021186 0.0352217 0.999155 -0.117883 0 0 0 1 
13001298760190;1.04867;0.450486;0.922773 -0.368905 -0.111349 -0.61339 0.364545 0.929377 -0.0580124 -1.97972 0.124887 0.0129404 0.992087 -0.548236 0 0 0 1 
13001298760191;0.608395;0.503913;0.999328 0.0268155 0.0249929 0.0841798 -0.0261101 0.999263 -0.0281353 -0.204514 -0.025729 0.0274638 0.999292 -0.201909 0 0 0 1 
13001298760192;0.728377;1.29833;0.933626 -0.338113 0.11841 -0.679668 0.338398 0.940825 0.0183145 -1.56329 -0.117596 0.0229708 0.992796 0.795199 0 0 0 1 
13001298760193;0.223967;0.565912;0.956113 -0.288655 0.0502537 -0.573524 0.288144 0.957431 0.0172923 -1.07871 -0.0531059 -0.00205311 0.998587 0.090232 0 0 0 1 
13001298760194;0.894476;0.676228;0.99178 -0.0840454 0.0964826 -0.370634 0.0710588 0.988841 0.130934 -0.927364 -0.10641 -0.123002 0.986685 -0.548387 0 0 0 1 
13001298760195;0.58478;0.873799;0.989567 0.144048 -0.0027524 0.432384 -0.144048 0.989571 0.000339088 -0.14378 0.00277253 6.09259e-05 0.999996 0.263639 0 0 0 1 
13001298760196;0.904607;1.34226;0.952781 -0.299736 0.0486598 -0.83303 0.30084 0.953522 -0.0170517 -1.41205 -0.0412872 0.0308854 0.99867 -0.156965 0 0 0 1 
13001298760197;0.286883;1.29329;0.902642 -0.428795 0.0370347 -0.704129 0.428761 0.903371 0.00927861 -2.32211 -0.0374347 0.00750375 0.999271 0.148246 0 0 0 1 
13001298760198;1.24998;1.27695;0.981703 0.179091 0.0647017 0.247723 -0.179563 0.983745 0.00150843 0.122096 -0.0633798 -0.0130989 0.997904 -0.324661 0 0 0 1 
13001298760199;1.55468;1.08518;0.922902 -0.233999 -0.305772 0.261915 0.215669 0.972035 -0.0929244 -1.05972 0.318965 0.0198146 0.947559 -1.62039 0 0 0 1 
13001298760200;0.663257;0.408451;0.984192 -0.169529 0.0512387 -0.572461 0.170002 0.985431 -0.0049927 -1.08611 -0.0496458 0.0136244 0.998674 0.0768046 0 0 0 1 
13001298760201;0.427557;1.09764;0.997326 -0.0504154 0.0529077 -0.215516 0.034852 0.964431 0.262028 -1.04707 -0.0642361 -0.259483 0.963609 -0.670409 0 0 0 1 
13001298760202;1.14516;1.38608;0.948702 -0.280227 -0.146412 -0.213349 0.312921 0.898428 0.308072 -2.37593 0.0452103 -0.338084 0.940029 -1.57147 0 0 0 1 
13001298760203;0.345194;0.770201;0.99862 0.0187968 -0.0490484 0.193674 -0.0153901 0.997503 0.0689307 -0.362937 0.0502216 -0.0680807 0.996415 -0.205868 0 0 0 1 
13001298760204;0.987501;1.35522;0.913166 -0.406928 0.0231945 -0.943059 0.406466 0.913395 0.0222443 -1.8645 -0.0302376 -0.010885 0.999483 -0.488661 0 0 0 1 
13001298760205;1.27725;0.961104;0.945324 -0.326094 -0.00503337 0.0811359 0.326125 0.945294 0.00785621 -1.59911 0.00219615 -0.00906818 0.999956 0.522279 0 0 0 1 
13001298760206;0.732057;1.24839;0.992528 0.00303334 0.12198 -0.0946591 0.0314088 0.959652 -0.279432 -0.774935 -0.117906 0.281175 0.952386 1.4256 0 0 0 1 
13001298760207;0.280311;0.522088;0.93069 -0.328862 -0.160208 -0.47202 0.333254 0.942837 0.000582145 -1.26933 0.150858 -0.0539317 0.987083 -0.421636 0 0 0 1 
13001298760208;0.976835;0.487285;0.984724 -0.151501 0.0858242 -0.170004 0.154485 0.987563 -0.0292259 -1.13935 -0.080329 0.042038 0.995882 0.698328 0 0 0 1 
13001298760209;0.510095;0.405913;0.984492 -0.174771 -0.0151887 -0.106921 0.173605 0.983047 -0.0589887 -0.773737 0.0252408 0.055437 0.998143 -0.0919076 0 0 0 1 
13001298760210;0.786915;0.805449;0.932098 -0.313846 0.180816 -0.770327 0.316267 0.948535 0.016047 -1.00344 -0.176546 0.0422287 0.983386 0.348407 0 0 0 1 
13001298760211;0.331308;1.331;0.959238 -0.251963 0.127973 -0.528799 0.225544 0.955422 0.190521 -1.61592 -0.170273 -0.153892 0.973306 0.231643 0 0 0 1 
13001298760212;0.525518;0.525271;0.991269 -0.080005 0.10481 -0.356431 0.0778827 0.996669 0.0241942 -0.525584 -0.106397 -0.0158201 0.994198 0.0979303 0 0 0 1 
13001298760213;1.26584;1.28099;0.962508 -0.266387 0.0511421 -0.0273232 0.270348 0.957476 -0.100756 -1.39018 -0.0221272 0.110805 0.993596 1.10683 0 0 0 1 
13001298760214;1.19532;1.39909;0.970178 -0.134352 0.201754 0.123348 0.106985 0.984219 0.140951 -0.720231 -0.217508 -0.115163 0.969241 0.620776 0 0 0 1 
13001298760215;0.473246;0.5325;0.988912 0.14024 0.0488506 0.31014 -0.142284 0.988967 0.041223 -0.197971 -0.0425305 -0.0477165 0.997955 -0.0654111 0 0 0 1 
13001298760217;0.222897;0.2177;0.995126 -0.0781893 -0.0600851 -0.0470931 0.0806862 0.995924 0.0403157 -0.358296 0.056688 -0.0449672 0.997379 -0.184955 0 0 0 1 
13001298760218;0.56062;0.177885;0.978781 0.110591 0.172501 0.642051 -0.145647 0.967641 0.206051 0.204322 -0.144131 -0.226803 0.963217 -0.00354647 0 0 0 1 
13001298760219;1.35156;0.217959;0.996559 -0.0828439 -0.00255581 -0.214972 0.082779 0.996378 -0.0194338 0.00707118 0.00415653 0.0191554 0.999808 1.01555 0 0 0 1 
13001298760220;0.477483;0.198651;0.921278 -0.215517 0.323726 -0.188569 0.184223 0.974932 0.124778 -0.654379 -0.342503 -0.0553174 0.937887 1.42671 0 0 0 1 
13001298760221;0.489369;0.169139;0.952221 -0.137521 0.272698 -0.205427 0.10671 0.986422 0.124835 -0.65697 -0.286163 -0.0897705 0.953967 1.12024 0 0 0 1 
13001298760222;1.04527;0.134905;0.998499 0.041667 0.0355432 -0.209146 -0.0487948 0.971525 0.231859 -0.460098 -0.0248702 -0.233246 0.9721 -0.850255 0 0 0 1 
13001298760223;0.25956;0.234714;0.971939 0.109313 0.208294 0.272389 -0.118172 0.992523 0.0305371 0.516688 -0.203398 -0.0542947 0.97759 0.638 0 0 0 1 
13001298760224;0.137794;0.119626;0.997934 0.00273288 -0.0641829 0.0679758 -0.00549594 0.999064 -0.0429129 0.0724822 0.0640055 0.043177 0.997015 0.00876152 0 0 0 1 
13001298760225;1.05742;0.189909;0.908931 -0.0166838 0.416613 -0.465735 0.0427716 0.997659 -0.053363 -0.300562 -0.414747 0.0663224 0.907516 1.9679 0 0 0 1 
13001298760226;1.15936;0.157353;0.986168 0.164343 -0.0215609 -0.0353766 -0.165433 0.983975 -0.0665284 0.519236 0.0102819 0.069175 0.997552 0.783966 0 0 0 1 
13001298760227;0.324156;0.139193;0.938562 0.330047 -0.10085 1.33701 -0.339905 0.93462 -0.104644 1.20261 0.059719 0.132494 0.989383 0.236613 0 0 0 1 
13001298760228;1.39459;0.172081;0.936614 -0.125013 0.3273 -0.60435 0.236071 0.915461 -0.325887 -0.079657 -0.25889 0.382496 0.886945 1.89729 0 0 0 1 
13001298760229;0.664996;0.153486;0.966788 -0.0220629 0.254626 -0.170262 -0.0401928 0.970746 0.236721 0.111419 -0.2524 -0.239093 0.937619 0.769321 0 0 0 1 
13001298760230;0.977712;0.180259;0.956982 -0.289425 0.0204612 -0.471631 0.286521 0.953783 0.0905686 -1.48675 -0.0457284 -0.0808099 0.99568 -0.527755 0 0 0 1 
13001298760231;0.367575;0.420505;0.961696 0.099184 0.255547 0.500266 -0.114999 0.992221 0.0476688 0.204956 -0.248831 -0.0752306 0.965621 0.655163 0 0 0 1 
13001298760232;0.090517;0.154137;0.995197 0.0432965 -0.087797 0.28835 -0.0482622 0.997306 -0.055247 0.258526 0.0851684 0.0592189 0.994605 -0.107482 0 0 0 1 
13001298760233;0.668099;0.128823;0.971651 -0.236385 -0.00395019 -0.151317 0.236313 0.970591 0.0459336 -0.60471 -0.00702399 -0.0455649 0.998937 0.00254313 0 0 0 1 
13001298760234;0.755306;0.190289;0.994277 0.093714 -0.0512959 0.257815 -0.0855621 0.986026 0.142937 0.011444 0.0639743 -0.13773 0.988402 -0.0917604 0 0 0 1 
13001298760235;0.973297;0.215943;0.999428 0.0218004 -0.0258386 0.201902 -0.0214968 0.999697 0.0119683 -0.498378 0.0260917 -0.011406 0.999594 -0.288495 0 0 0 1 
13001298760236;0.97211;0.202788;0.952298 -0.14351 -0.269321 0.271861 0.185205 0.973203 0.136289 -0.928996 0.242545 -0.179667 0.953358 -1.86401 0 0 0 1 
13001298760237;0.48343;0.234085;0.998961 0.038465 0.0244499 0.216833 -0.0372075 0.998058 -0.0499579 -0.071077 -0.0263241 0.0489963 0.998452 0.134607 0 0 0 1 
13001298760238;0.245894;0.229656;0.996362 0.0795584 -0.030542 0.344634 -0.0826593 0.989418 -0.119249 0.311379 0.0207316 0.12134 0.992395 0.45359 0 0 0 1 
13001298760239;0.597612;0.152191;0.934516 0.354224 -0.0347118 1.36788 -0.351798 0.93409 0.0609463 1.09425 0.0540126 -0.0447437 0.997537 -0.598412 0 0 0 1 
13001298760240;0.379328;0.169133;0.998281 -0.058406 0.00484921 -0.0552675 0.0583453 0.998226 0.0118413 -0.119328 -0.00553221 -0.011538 0.999918 0.327871 0 0 0 1 
13001298760241;0.905295;0.235189;0.998029 -0.036157 -0.051297 0.612201 0.0437895 0.986711 0.156473 0.104044 0.0449577 -0.158411 0.986349 -0.65727 0 0 0 1 
13001298760242;0.886526;0.170418;0.922856 -0.339301 0.182241 -0.998968 0.321896 0.939299 0.118749 -1.34451 -0.21147 -0.0509255 0.976057 0.280447 0 0 0 1 
13001298760243;0.836676;0.128072;0.950632 0.252493 0.180405 1.04107 -0.232046 0.96438 -0.126988 0.53869 -0.206042 0.0788566 0.975361 0.577148 0 0 0 1 
13001298760244;1.22657;0.153293;0.993404 0.114206 -0.0102193 0.991741 -0.114484 0.992883 -0.0328066 0.578362 0.00639988 0.0337602 0.999409 0.800304 0 0 0 1 
13001298760245;1.14759;0.225724;0.998972 -0.0452855 -0.00188523 -0.730193 0.044918 0.994711 -0.0923716 0.105879 0.00605835 0.092192 0.995723 0.0475121 0 0 0 1 
13001298760246;0.304771;0.201491;0.945527 0.264249 -0.190136 1.16937 -0.271677 0.962292 -0.0136376 0.934082 0.179362 0.0645502 0.981663 -0.503092 0 0 0 1 
13001298760248;0.0489943;0.909627;0.933693 -0.353528 0.0568832 -1.26822 0.355439 0.93429 -0.0276672 -1.86093 -0.0433642 0.0460512 0.997997 0.261495 0 0 0 1 
13001298760249;0.420407;0.710874;0.950716 -0.305709 0.0517718 -1.18972 0.305527 0.952113 0.0115772 -1.73134 -0.0528319 0.00481105 0.998592 -0.161708 0 0 0 1 
13001298760250;0.517589;0.842607;0.949199 -0.300326 0.0939413 -1.10457 0.297505 0.953749 0.0430479 -1.60697 -0.102525 -0.0129131 0.994647 0.718259 0 0 0 1 
13001298760251;0.918817;0.882366;0.915856 -0.358712 0.18037 -0.53658 0.360901 0.932352 0.0216894 -1.58189 -0.175948 0.0452313 0.98336 0.333723 0 0 0 1 
13001298760252;0.624083;0.820673;0.963295 -0.267047 0.0273477 -1.18937 0.268422 0.959497 -0.0855232 -1.03241 -0.00340134 0.0897248 0.995961 0.38542 0 0 0 1 
13001298760253;0.848575;0.794795;0.98057 -0.147169 0.12971 -0.379721 0.151311 0.988227 -0.022624 -0.992267 -0.124854 0.0418109 0.991294 1.00715 0 0 0 1 
13001298760254;0.316984;0.85045;0.890964 -0.440991 0.108214 -1.43248 0.453956 0.870505 -0.190121 -2.14256 -0.0103591 0.218515 0.975779 0.866636 0 0 0 1 
13001298760255;0.292142;0.965245;0.982311 -0.107151 -0.153572 -0.636104 0.111326 0.993606 0.0188192 -1.01473 0.150574 -0.0355829 0.987958 -0.681944 0 0 0 1 
13001298760256;0.288912;0.811644;0.931426 -0.356822 0.07158 -1.11283 0.360086 0.932098 -0.0391196 -2.0152 -0.0527609 0.062212 0.996667 0.50517 0 0 0 1 
13001298760257;0.0896223;0.881122;0.929848 -0.334466 0.153344 -1.14379 0.328865 0.942385 0.06131 -1.85922 -0.165015 -0.00657939 0.986269 0.479718 0 0 0 1 
13001298760258;0.918056;0.877126;0.992187 -0.102508 0.0711076 -0.348122 0.0999494 0.994241 0.0386617 -0.298913 -0.0746612 -0.0312525 0.996719 0.201495 0 0 0 1 
13001298760259;0.628443;0.901798;0.942324 -0.313798 0.116432 -1.45489 0.313582 0.949337 0.020642 -1.53137 -0.117011 0.0170597 0.992984 -0.0209647 0 0 0 1 
13001298760260;0.777086;1.00958;0.992349 -0.123006 0.0106008 -0.370671 0.121898 0.989787 0.073914 -0.655225 -0.0195844 -0.0720563 0.997208 -0.258992 0 0 0 1 
13001298760261;0.754638;0.803244;0.849126 -0.524681 0.0607842 -1.66021 0.517484 0.803334 -0.294728 -2.36475 0.105808 0.281716 0.953646 1.01684 0 0 0 1 
