#;prob_registration_l1 -r /home/probabilistic_point_clouds_registration/build/tester /home/point_clouds_registration_benchmark/box_met_local.txt /home/point_clouds_registration_benchmark/box_met -s 0.2 -t 0.2 -p 0.3 -r 1000 -m 5 -i 40 
id;initial_error;final_error;transformation
7680147070000;1.79635;4.66688;0.869355 0.19831 0.452653 -10.5713 -0.140056 0.977268 -0.159158 -2.91367 -0.473926 0.0749685 0.877368 -33.3228 0 0 0 1 
7680147070001;0.811107;4.58827;0.975345 0.201876 0.089158 -7.46174 -0.177557 0.957757 -0.226218 -4.26408 -0.13106 0.204809 0.969988 -13.225 0 0 0 1 
7680147070002;1.49386;4.72826;0.966922 -0.0150842 -0.254626 -4.91857 -0.0532807 0.964284 -0.259454 2.60714 0.249445 0.264439 0.931584 7.04492 0 0 0 1 
7680147070003;0.946768;4.7395;0.992029 0.125519 0.0111341 -5.64716 -0.121207 0.974639 -0.188118 -1.98815 -0.0344641 0.185269 0.982083 -5.48335 0 0 0 1 
7680147070004;1.43077;4.99173;0.999195 -0.0337203 -0.0217439 -2.62802 0.030526 0.990587 -0.133437 5.41423 0.0260387 0.132666 0.990819 -2.0396 0 0 0 1 
7680147070005;0.312811;4.90707;0.985528 0.156209 0.0658325 -6.16942 -0.157785 0.987282 0.0194382 -2.44733 -0.0619588 -0.0295443 0.997641 -4.7252 0 0 0 1 
7680147070006;1.56238;4.78276;0.998885 0.0467909 -0.0063183 -3.2929 -0.0466515 0.998698 0.0206442 2.68359 0.00727603 -0.0203264 0.999767 -2.47548 0 0 0 1 
7680147070007;1.77223;5.04108;0.958411 0.158288 0.237472 -6.98226 -0.213255 0.950181 0.227328 -4.09794 -0.189658 -0.268516 0.94442 -10.4583 0 0 0 1 
7680147070008;0.368314;5.03329;0.977041 0.187861 0.100492 -7.27256 -0.18984 0.98176 0.010425 -4.21523 -0.0967003 -0.0292631 0.994883 -6.60997 0 0 0 1 
7680147070009;2.02654;4.60269;0.999016 0.038429 0.0221546 -4.22523 -0.0365851 0.996254 -0.0783538 3.02291 -0.0250826 0.0774661 0.996679 -7.07846 0 0 0 1 
7680147070010;1.67484;4.7185;0.990762 0.0473701 -0.127073 -4.55799 -0.0485928 0.998797 -0.00653768 2.93107 0.12661 0.0126521 0.991872 8.02825 0 0 0 1 
7680147070011;1.58383;4.52533;0.968889 0.0528227 0.241794 -4.87662 0.0346797 0.938345 -0.343956 5.39607 -0.245055 0.341641 0.90732 -20.2739 0 0 0 1 
7680147070012;1.55669;4.42879;0.994281 0.0769713 0.074028 -5.366 -0.0601319 0.976374 -0.207552 1.75486 -0.0882546 0.201914 0.975419 -8.31601 0 0 0 1 
7680147070013;1.90796;4.83119;0.994388 0.104099 0.0188536 -4.86333 -0.105781 0.975793 0.191411 0.982216 0.00152838 -0.192331 0.981329 -0.639696 0 0 0 1 
7680147070014;1.7784;4.74699;0.991863 0.126821 -0.0111178 -5.50582 -0.127305 0.988594 -0.0804708 -0.77182 0.000785659 0.0812314 0.996695 -5.13907 0 0 0 1 
7680147070015;0.363704;4.49038;0.998137 0.039421 -0.0465571 -4.61939 -0.0194186 0.928785 0.370109 8.00292 0.0578316 -0.368515 0.927821 8.27924 0 0 0 1 
7680147070016;0.265959;4.6488;0.995713 0.0861624 0.0336258 -4.66283 -0.0877904 0.994864 0.0503845 1.39062 -0.0291118 -0.0531206 0.998164 -2.44816 0 0 0 1 
7680147070017;0.994504;4.65331;0.999533 -0.0305494 -0.00102775 -3.22595 0.0305589 0.999472 0.0110083 7.45701 0.000690911 -0.0110345 0.999939 -2.29454 0 0 0 1 
7680147070018;1.14391;4.93;0.930685 0.0808846 -0.356768 -11.9362 -0.0803305 0.996633 0.0163972 2.15598 0.356894 0.0133988 0.934049 19.2591 0 0 0 1 
7680147070019;1.59901;4.51906;0.99846 0.0467226 0.0298986 -2.50936 -0.0468785 0.99889 0.00453729 4.79673 -0.0296534 -0.0059319 0.999543 -2.69494 0 0 0 1 
7680147070020;1.99055;4.69752;0.96825 0.0979835 0.229981 -7.3782 -0.121455 0.98849 0.0901963 0.19174 -0.218496 -0.115265 0.969006 -10.9461 0 0 0 1 
7680147070021;1.30849;4.476;0.969854 -0.0236324 -0.242538 -5.99767 0.0722854 0.97839 0.193721 12.1552 0.232718 -0.205413 0.950604 14.4546 0 0 0 1 
7680147070022;0.490232;4.61083;0.998026 -0.00744407 0.0623653 -2.75386 0.0045365 0.998902 0.0466341 6.30219 -0.062644 -0.0462591 0.996963 -3.7034 0 0 0 1 
7680147070023;1.93092;4.40326;0.983206 0.174503 0.0534214 -6.60966 -0.165306 0.975607 -0.144448 -2.02799 -0.0773248 0.133191 0.988069 -7.45472 0 0 0 1 
7680147070024;2.01577;5.21596;0.977983 0.15837 -0.135898 -6.38155 -0.128844 0.970504 0.203767 -0.415864 0.16416 -0.181771 0.969542 9.96129 0 0 0 1 
7680147070025;1.53658;4.73951;0.960602 -0.0290055 -0.27641 -5.76806 -0.00635523 0.991987 -0.126182 3.91682 0.277855 0.122967 0.95272 10.5594 0 0 0 1 
7680147070026;1.23157;5.1555;0.984696 0.162955 0.0617986 -6.29782 -0.167628 0.982599 0.0799973 -1.60008 -0.0476873 -0.0891322 0.994878 -1.26127 0 0 0 1 
7680147070027;1.05263;4.58877;0.929279 0.112827 0.351726 -8.178 -0.165361 0.978533 0.122998 -2.67506 -0.330298 -0.172462 0.927987 -18.1195 0 0 0 1 
7680147070028;0.137424;4.69629;0.995832 0.0884449 0.0222558 -4.60407 -0.0887404 0.995974 0.0126551 0.905404 -0.021047 -0.0145774 0.999672 -2.23457 0 0 0 1 
7680147070029;1.81513;4.37014;0.997706 0.0392869 -0.0551314 -4.91494 -0.0405602 0.998931 -0.0221712 5.54913 0.0542015 0.0243564 0.998233 1.97612 0 0 0 1 
7680147070031;0.429088;1.99902;0.974452 -0.0422666 -0.220581 -4.44585 0.0427094 0.999084 -0.0027634 2.057 0.220496 -0.00672811 0.975365 1.12051 0 0 0 1 
7680147070032;0.91489;2.00831;0.994909 -0.0151751 0.0996288 -2.38556 0.0062062 0.995947 0.0897227 2.94411 -0.100587 -0.0886476 0.990971 -0.000148075 0 0 0 1 
7680147070033;0.415478;1.8937;0.977392 0.00729176 0.21131 -3.23863 0.0574642 0.952626 -0.298667 1.45576 -0.203477 0.304057 0.93067 -9.92238 0 0 0 1 
7680147070034;0.600344;2.07705;0.985003 -0.0628413 -0.160689 -3.69599 0.0335562 0.983304 -0.17885 1.3562 0.169245 0.170775 0.970666 -2.17307 0 0 0 1 
7680147070035;0.44843;1.91903;0.997136 -0.022494 0.0722053 -3.08855 0.00736271 0.979082 0.203335 2.62552 -0.0752687 -0.202221 0.976443 2.43853 0 0 0 1 
7680147070036;0.879785;1.8614;0.999864 -0.0152509 -0.0062456 -5.10569 0.0149988 0.999143 -0.038591 2.22688 0.00682879 0.0384921 0.999236 -1.71012 0 0 0 1 
7680147070037;0.82527;1.92326;0.999582 -0.00324288 0.0287312 -3.45301 0.00262765 0.999767 0.0214254 2.07619 -0.028794 -0.021341 0.999358 1.30691 0 0 0 1 
7680147070038;0.802274;1.92672;0.9779 -0.0172885 0.208356 -3.22784 -0.0426288 0.959152 0.279661 4.30819 -0.20468 -0.282363 0.937218 3.84988 0 0 0 1 
7680147070039;1.33952;2.12575;0.999695 0.0182667 0.0166238 -6.59728 -0.0185724 0.999658 0.0184266 2.00093 -0.0162815 -0.0187297 0.999692 0.585174 0 0 0 1 
7680147070040;0.158831;2.01915;0.999484 -0.0303995 -0.0104195 -3.29689 0.0288429 0.991579 -0.126251 1.52551 0.0141698 0.125886 0.991944 -3.20259 0 0 0 1 
7680147070041;1.36617;1.98593;0.998461 -0.0311141 0.0459072 -3.27768 0.0297291 0.999091 0.0305493 2.2674 -0.046816 -0.0291375 0.998478 -3.32645 0 0 0 1 
7680147070042;0.46675;1.96125;0.995874 0.00538978 0.0905878 -3.37693 0.0138608 0.977488 -0.210536 1.17223 -0.0896832 0.210923 0.97338 -6.80543 0 0 0 1 
7680147070043;1.14629;1.90642;0.96354 0.0375708 0.264915 -1.58275 0.0235041 0.97438 -0.223677 0.387199 -0.266531 0.221748 0.937971 -7.76033 0 0 0 1 
7680147070044;0.702038;1.95134;0.999121 -0.0298078 -0.0294704 -3.41901 0.0317229 0.997261 0.0668091 2.62604 0.0273983 -0.0676853 0.99733 2.57367 0 0 0 1 
7680147070045;0.887978;2.06813;0.998671 -0.0301421 0.0418068 -3.31788 0.0305931 0.99948 -0.0101914 2.83363 -0.0414779 0.0114569 0.999074 -2.54516 0 0 0 1 
7680147070046;0.520495;1.87904;0.99274 -0.0395086 0.11361 -2.41147 0.0591469 0.982778 -0.175067 1.52289 -0.104737 0.180515 0.97798 -6.56145 0 0 0 1 
7680147070047;1.3778;2.08414;0.996797 0.0366051 -0.071101 -7.20123 -0.0154393 0.960451 0.27802 4.45308 0.078466 -0.276032 0.95794 7.38175 0 0 0 1 
7680147070048;1.12108;2.09805;0.999982 -0.0052804 0.00298445 -2.03003 0.00542468 0.998704 -0.0506021 0.57684 -0.00271339 0.0506173 0.998714 -1.14097 0 0 0 1 
7680147070049;0.932757;2.0711;0.997031 -0.0567254 -0.0520705 -3.71191 0.0481821 0.987089 -0.152753 2.58523 0.0600632 0.149791 0.986892 -1.86497 0 0 0 1 
7680147070050;1.2993;1.98426;0.957904 -0.0757071 -0.276928 -6.2709 0.0384346 0.989738 -0.13763 1.90254 0.284505 0.121193 0.950983 -0.796812 0 0 0 1 
7680147070051;0.92457;2.00915;0.997642 -0.036963 0.0578224 -2.46615 0.0207932 0.965759 0.258606 3.27161 -0.0654013 -0.256794 0.964251 2.61202 0 0 0 1 
7680147070052;0.840224;1.92334;0.963469 -0.0413291 -0.264612 -3.79982 0.0822257 0.985951 0.145396 3.69071 0.254885 -0.161842 0.953331 6.53068 0 0 0 1 
7680147070053;0.82655;2.05871;0.999727 -0.0212004 0.00986159 -3.02105 0.0213867 0.999587 -0.019179 1.71516 -0.00945092 0.0193847 0.999767 0.464305 0 0 0 1 
7680147070054;0.270576;2.05182;0.99809 0.0133059 0.0603264 -4.18171 -0.0157822 0.999044 0.0407604 1.71975 -0.0597264 -0.0416346 0.997346 -0.334764 0 0 0 1 
7680147070055;0.73698;1.94497;0.984745 -0.116141 -0.129573 -1.96972 0.0474119 0.895563 -0.442402 1.82549 0.167422 0.429509 0.887407 -7.57694 0 0 0 1 
7680147070056;0.896614;1.85287;0.998792 -0.0435778 -0.0226998 -2.90313 0.042863 0.998597 -0.0310779 1.78934 0.0240223 0.0300674 0.999259 -2.94276 0 0 0 1 
7680147070057;0.403726;1.98487;0.997631 0.0186047 0.0662287 -4.64217 -0.0152017 0.998556 -0.0515212 1.71749 -0.0670917 0.0503924 0.996473 -2.37605 0 0 0 1 
7680147070058;0.771956;2.02992;0.991704 0.00984754 0.128165 -3.86715 0.0128548 0.984465 -0.175109 1.40481 -0.127898 0.175304 0.976171 -7.33391 0 0 0 1 
7680147070059;0.054331;1.94058;0.999553 -0.013308 0.0267638 -3.29551 0.0137713 0.999757 -0.0172023 1.71789 -0.0265284 0.0175632 0.999494 -1.36496 0 0 0 1 
7680147070060;0.252286;1.92375;0.999655 -0.022973 0.0127386 -3.19283 0.0187249 0.963295 0.267791 3.98894 -0.018423 -0.26746 0.963393 4.56101 0 0 0 1 
7680147070062;0.694613;4.03158;0.995937 0.0782099 0.0446456 2.86063 -0.0793919 0.996521 0.0253435 -3.05162 -0.0425082 -0.028785 0.998681 -0.479496 0 0 0 1 
7680147070063;0.642429;3.66888;0.998986 -0.00557772 -0.0446843 4.35531 0.0055347 0.999984 -0.00108636 -0.807076 0.0446897 0.000837944 0.999001 0.894105 0 0 0 1 
7680147070064;1.73702;3.46479;0.995462 -0.0743694 -0.0593647 3.57032 0.0603433 0.975733 -0.210483 0.057968 0.0735775 0.205945 0.975793 -2.74555 0 0 0 1 
7680147070065;2.03958;3.44861;0.980352 -0.0351962 -0.194091 0.727698 0.06364 0.987772 0.142324 1.9764 0.186709 -0.15188 0.970604 6.54116 0 0 0 1 
7680147070066;1.4044;3.54965;0.995627 -0.0502949 0.0787173 3.76358 0.0601898 0.989835 -0.128852 0.183649 -0.0714365 0.133027 0.988535 -3.65459 0 0 0 1 
7680147070067;2.44929;3.38436;0.994987 -0.0610944 -0.0791778 4.95812 0.0624367 0.997942 0.0145882 0.209528 0.0781236 -0.0194586 0.996754 -0.103915 0 0 0 1 
7680147070068;0.72785;3.69925;0.996468 -0.0324266 -0.0774635 4.19089 0.029605 0.998865 -0.0373007 -0.360677 0.0785851 0.0348756 0.996297 2.4819 0 0 0 1 
7680147070069;0.403431;3.4265;0.996145 -0.0586066 0.0652705 5.08981 0.0804816 0.906592 -0.414263 0.12351 -0.0348952 0.417919 0.907814 -8.26124 0 0 0 1 
7680147070070;2.46104;3.73447;0.925606 -0.140954 -0.351263 2.69765 0.0616653 0.971828 -0.227481 -1.29772 0.373432 0.188897 0.908222 4.11254 0 0 0 1 
7680147070071;1.40642;3.19365;0.951004 0.0562686 0.304014 3.24858 -0.0956389 0.988611 0.116196 -2.34277 -0.294014 -0.139578 0.945555 -6.0432 0 0 0 1 
7680147070072;0.468235;3.13996;0.995526 0.0307442 -0.0893513 2.32804 -0.0313535 0.999494 -0.00542338 -1.71364 0.0891393 0.00820059 0.995985 2.01707 0 0 0 1 
7680147070073;0.953779;3.02357;0.996425 0.0247877 0.0807667 3.07542 -0.00817091 0.979783 -0.199895 -2.21534 -0.0840889 0.198521 0.976483 -4.40597 0 0 0 1 
7680147070074;0.189263;3.35919;0.998568 -0.0439556 -0.0304841 4.33943 0.0381062 0.984482 -0.1713 -0.839343 0.0375406 0.169893 0.984747 -1.80912 0 0 0 1 
7680147070075;2.44638;3.35788;0.95877 -0.108905 -0.262488 5.67376 0.0249966 0.952395 -0.303842 -1.24692 0.283082 0.284753 0.91585 2.34313 0 0 0 1 
7680147070076;2.31741;3.48672;0.995127 -0.0465812 -0.0868994 4.24831 0.0442443 0.99861 -0.028628 -0.47739 0.0881122 0.0246437 0.995806 4.16515 0 0 0 1 
7680147070077;2.21484;3.02966;0.999295 0.0041589 -0.0373104 4.61317 -0.00822773 0.993945 -0.109573 -1.92112 0.0366288 0.109803 0.993278 1.26423 0 0 0 1 
7680147070078;0.226189;3.5497;0.990495 0.0335435 -0.133393 2.45146 0.0130334 0.942555 0.333796 2.30139 0.136927 -0.332362 0.933159 8.93733 0 0 0 1 
7680147070079;1.94297;3.93101;0.996198 0.00373357 0.0870417 3.88742 0.0175661 0.969955 -0.24265 -0.918491 -0.0853325 0.243256 0.966201 -6.54975 0 0 0 1 
7680147070080;2.14298;3.55169;0.998541 -0.0485491 -0.0236351 4.13356 0.0430144 0.979795 -0.195324 -0.255967 0.0326403 0.194022 0.980454 0.123951 0 0 0 1 
7680147070081;1.69906;3.43925;0.998214 -0.035303 0.0481832 5.8305 0.0408719 0.991936 -0.119971 -0.474386 -0.0435593 0.121726 0.991607 -1.47942 0 0 0 1 
7680147070082;2.0972;3.2802;0.954794 -0.127384 -0.26859 2.80738 0.0512171 0.960515 -0.273474 -1.04444 0.292821 0.247355 0.923619 4.58901 0 0 0 1 
7680147070083;0.59076;2.95528;0.999787 -0.0193494 0.00716887 3.58604 0.0206249 0.947775 -0.318273 -1.3517 -0.000636079 0.318353 0.947972 -5.75771 0 0 0 1 
7680147070084;0.946739;3.54971;0.998105 -0.0446362 -0.0423584 5.22211 0.0451948 0.998902 0.0123218 -0.077274 0.0417619 -0.0142128 0.999026 2.3939 0 0 0 1 
7680147070085;1.67199;3.46272;0.957206 -0.0115247 -0.289179 1.75735 0.111511 0.936743 0.33178 4.48126 0.267062 -0.349828 0.897941 13.7227 0 0 0 1 
7680147070086;1.58068;3.77868;0.999186 0.0148349 -0.0375175 3.64272 -0.014057 0.999682 0.0209152 -1.24652 0.0378159 -0.0203708 0.999077 -0.184299 0 0 0 1 
7680147070087;0.945675;3.78673;0.989799 0.0192047 -0.141171 2.27419 -0.0480684 0.977789 -0.204007 -3.54843 0.134117 0.208712 0.968737 -0.428834 0 0 0 1 
7680147070088;1.00125;4.31623;0.982747 0.0655862 0.172937 3.94309 -0.060837 0.997614 -0.0326267 -3.85259 -0.174664 0.0215429 0.984392 -4.51581 0 0 0 1 
7680147070089;1.42162;4.05964;0.997862 0.05764 0.0308139 3.6158 -0.0581917 0.998155 0.0173145 -2.96084 -0.029759 -0.0190706 0.999375 1.48429 0 0 0 1 
7680147070090;0.678915;3.4487;0.996984 -0.0400551 -0.0664709 4.47959 0.042474 0.998471 0.0353843 0.293577 0.0649519 -0.0381009 0.997161 2.3125 0 0 0 1 
7680147070091;1.30647;3.34921;0.985275 -0.0685029 -0.156655 2.40173 0.0516761 0.99269 -0.109074 0.400795 0.162982 0.0993721 0.981612 2.34346 0 0 0 1 
7680147070093;0.528987;0.583502;0.995827 -0.0175306 -0.0895629 -0.825093 0.0232216 0.99775 0.0629007 1.88019 0.0882587 -0.064718 0.993993 7.45919 0 0 0 1 
7680147070094;0.750267;0.791699;0.976091 -0.0252223 -0.215896 -2.74871 0.0525198 0.991182 0.121652 4.57937 0.210924 -0.130083 0.968808 17.6535 0 0 0 1 
7680147070095;1.32662;1.26073;0.994347 0.0822014 0.0672037 -3.8859 -0.0603281 0.958252 -0.279487 -7.16117 -0.0873724 0.273853 0.957795 -12.9261 0 0 0 1 
7680147070096;1.72861;0.657343;0.998684 0.045372 0.0238922 -2.06293 -0.0441616 0.997824 -0.0489603 -4.00221 -0.0260617 0.0478408 0.998515 0.289333 0 0 0 1 
7680147070097;1.58172;1.67834;0.99719 -0.00700857 -0.0745828 -0.693366 0.0112385 0.998342 0.056447 1.17471 0.0740636 -0.0571266 0.995616 6.92547 0 0 0 1 
7680147070098;0.811119;0.406535;0.980394 -0.0430856 -0.192281 -2.87698 0.0229835 0.994145 -0.105577 0.17381 0.195704 0.0990882 0.975644 12.5352 0 0 0 1 
7680147070099;0.734807;0.461828;0.999577 0.0265913 0.0117863 -1.88436 -0.0265372 0.999637 -0.00472627 -3.0861 -0.0119077 0.0044115 0.999919 -1.27697 0 0 0 1 
7680147070100;0.613699;0.561311;0.934649 0.106681 0.339191 -5.70459 -0.0841451 0.993196 -0.0805117 -6.96231 -0.345472 0.0467089 0.937266 -26.6622 0 0 0 1 
7680147070101;0.463274;0.55979;0.998947 -0.00486662 -0.0456259 -0.605526 -0.00080941 0.992336 -0.123567 -1.14336 0.0458776 0.123474 0.991287 0.161059 0 0 0 1 
7680147070102;1.71997;1.24865;0.990841 0.0629185 0.119483 -2.09054 -0.0393061 0.980886 -0.19057 -4.59455 -0.129189 0.184128 0.974375 -15.747 0 0 0 1 
7680147070103;0.768405;0.832897;0.984111 0.0438783 0.172045 -1.62236 -0.0502678 0.998192 0.0329573 -3.70828 -0.170287 -0.041082 0.984538 -9.8124 0 0 0 1 
7680147070104;1.11988;0.764275;0.999704 0.0203754 0.0133267 -2.03927 -0.0196397 0.998392 -0.0531805 -3.4814 -0.0143888 0.0529031 0.998496 -2.36229 0 0 0 1 
7680147070105;0.792054;0.956664;0.970811 0.0522685 0.234082 -2.5443 -0.0482636 0.998574 -0.0228091 -4.2568 -0.234941 0.0108457 0.971949 -17.7601 0 0 0 1 
7680147070106;0.562855;0.508206;0.998235 0.0176415 -0.0567037 -1.85668 -0.0211789 0.997826 -0.0624005 -2.17551 0.0554796 0.0634913 0.996439 3.45256 0 0 0 1 
7680147070107;0.610731;0.529647;0.999856 -0.00981477 0.0138106 0.0426342 0.00776505 0.989931 0.141341 1.62687 -0.0150588 -0.141213 0.989865 3.06554 0 0 0 1 
7680147070108;1.42716;1.16987;0.999233 0.0043896 -0.0389024 -0.71432 -0.00621687 0.998877 -0.046975 -0.942174 0.0386525 0.0471808 0.998138 0.465539 0 0 0 1 
7680147070109;0.474796;0.542573;0.899351 0.0356192 0.435774 -5.37802 -0.0959593 0.988456 0.117247 -6.14437 -0.426567 -0.147263 0.892387 -27.9201 0 0 0 1 
7680147070110;0.941477;0.59272;0.999873 0.00988006 0.012472 -1.61121 -0.00902459 0.99772 -0.0668769 -2.76416 -0.0131043 0.0667559 0.997683 -2.47121 0 0 0 1 
7680147070111;1.47967;1.31272;0.999946 0.00637502 0.00820947 -0.0978577 -0.00619719 0.999749 -0.0215075 -0.539074 -0.00834453 0.0214555 0.999735 0.380025 0 0 0 1 
7680147070112;1.75011;0.644247;0.996264 0.00838734 -0.0859561 -3.63754 0.0223489 0.936335 0.350397 3.6927 0.0834226 -0.351008 0.932649 12.3868 0 0 0 1 
7680147070113;1.0332;0.900452;0.997149 0.0264356 0.070675 -1.08639 -0.0222797 0.998012 -0.058958 -2.26999 -0.072093 0.0572153 0.995755 -5.94998 0 0 0 1 
7680147070114;0.426388;0.624249;0.98221 -0.0421407 0.182994 0.227277 -0.0321962 0.922273 0.385196 1.99051 -0.185003 -0.384235 0.904509 -4.13295 0 0 0 1 
7680147070115;1.70185;1.31075;0.994717 -0.0105389 -0.102111 -1.56851 -0.0273972 0.93138 -0.363017 -4.2357 0.0989303 0.363897 0.92617 -2.28229 0 0 0 1 
7680147070116;1.08478;0.514204;0.997078 0.0645165 0.0409051 -2.99376 -0.046222 0.935848 -0.349361 -5.02278 -0.0608205 0.346449 0.936095 -14.0944 0 0 0 1 
7680147070117;0.562653;0.745804;0.996989 0.0161634 0.0758372 -0.395452 -0.0232405 0.995359 0.0933855 -1.07688 -0.0739758 -0.0948668 0.992738 -2.79318 0 0 0 1 
7680147070118;0.421204;0.545849;0.992688 -0.0176168 -0.119414 -1.25076 0.00636901 0.995559 -0.0939268 -0.334607 0.120538 0.0924795 0.988392 6.58248 0 0 0 1 
7680147070119;1.56631;0.545147;0.998008 0.0185912 0.0602881 -0.722094 -0.0149487 0.998067 -0.0603172 -2.14859 -0.0612929 0.0592958 0.996357 -8.13591 0 0 0 1 
7680147070120;0.829004;1.30815;0.999635 0.0160199 -0.0217596 -2.93549 -0.0196502 0.983749 -0.178469 -3.90473 0.0185469 0.178832 0.983705 -1.67303 0 0 0 1 
7680147070121;0.0967963;0.506433;0.99735 0.0177695 0.0705488 -0.765999 -0.0203725 0.999131 0.0363502 -1.70905 -0.0698416 -0.0376911 0.996846 -3.79533 0 0 0 1 
7680147070122;0.194803;0.49925;0.99961 -0.0169913 -0.0221726 -0.427504 0.0161984 0.99924 -0.0354612 0.378914 0.0227582 0.0350882 0.999125 1.12698 0 0 0 1 
7680147070124;1.64617;1.54032;0.995401 -0.0105895 0.0952049 -1.06421 0.0241047 0.98958 -0.141954 2.78406 -0.0927096 0.143596 0.985284 -7.96775 0 0 0 1 
7680147070125;1.40625;1.54845;0.997112 -0.0664539 0.0367596 -1.4221 0.0665104 0.997786 -0.000313491 6.67764 -0.0366574 0.00275748 0.999324 -4.6093 0 0 0 1 
7680147070126;1.2267;1.56823;0.997439 -0.0660476 -0.0274527 -2.49709 0.0663221 0.997756 0.0092111 7.36646 0.0267827 -0.0110082 0.999581 1.65976 0 0 0 1 
7680147070127;1.9725;1.29412;0.986638 -0.0816112 -0.141016 -1.44799 0.062772 0.989095 -0.133233 5.8666 0.150351 0.122601 0.981001 7.98921 0 0 0 1 
7680147070128;1.62499;2.3068;0.965622 -0.0838562 -0.246054 -4.66958 0.0844509 0.996394 -0.00815331 7.78973 0.245851 -0.0129065 0.969222 13.0902 0 0 0 1 
7680147070129;0.486275;1.64249;0.998914 -0.0166227 -0.0435285 -1.05748 0.0144781 0.998688 -0.0491287 2.83812 0.044288 0.0484451 0.997843 3.01969 0 0 0 1 
7680147070130;1.63305;2.28041;0.996275 -0.0311934 0.080398 -1.61384 0.0224192 0.993918 0.107813 4.4558 -0.0832722 -0.105609 0.990915 -4.34363 0 0 0 1 
7680147070131;2.14793;1.36761;0.930857 0.0501005 0.361932 -4.47376 0.0388898 0.971343 -0.23448 3.89819 -0.363307 0.232342 0.902233 -25.1625 0 0 0 1 
7680147070132;1.4581;2.27618;0.995476 -0.043679 -0.0843756 -2.4471 0.0429889 0.999026 -0.00997903 4.63707 0.0847293 0.00630667 0.996384 3.20761 0 0 0 1 
7680147070133;1.07349;2.33977;0.999206 -0.0253103 -0.0307655 -1.32824 0.0250196 0.999639 -0.00979759 3.17033 0.0310024 0.00902007 0.999479 1.91299 0 0 0 1 
7680147070134;1.69636;1.54349;0.99302 -0.0263107 -0.114975 -1.77632 0.0114744 0.991728 -0.127842 1.94738 0.117388 0.125631 0.985108 9.78208 0 0 0 1 
7680147070135;0.51747;1.48248;0.938678 -0.094352 -0.331634 -5.89518 0.0931031 0.995462 -0.0196903 7.58275 0.331987 -0.0123933 0.943203 20.0991 0 0 0 1 
7680147070136;0.646267;2.3073;0.916226 -0.11117 -0.384931 -8.3829 0.0599023 0.987946 -0.142742 6.01965 0.396159 0.107725 0.911841 25.8597 0 0 0 1 
7680147070137;2.04694;2.40967;0.992897 -0.0175505 -0.117676 -2.1605 0.0344828 0.989058 0.143439 4.76602 0.113871 -0.146478 0.982638 8.50951 0 0 0 1 
7680147070138;0.720049;1.71927;0.99929 -0.0279554 -0.0252661 -1.25359 0.0252576 0.994523 -0.101425 3.38343 0.0279631 0.100715 0.994522 1.12109 0 0 0 1 
7680147070139;1.74647;1.65324;0.998745 -0.0294043 0.0405393 -1.45286 0.0306006 0.999105 -0.0292111 3.87561 -0.0396441 0.030415 0.998751 -5.21347 0 0 0 1 
7680147070140;0.663015;2.16271;0.999624 -0.0271212 0.0040497 -1.44945 0.0273622 0.996249 -0.0820933 3.48419 -0.00180804 0.0821733 0.996616 -0.631121 0 0 0 1 
7680147070141;0.53013;1.58324;0.997999 -0.061051 0.0164748 -0.695086 0.061239 0.998061 -0.0111587 5.40639 -0.0157616 0.0121453 0.999802 -1.1999 0 0 0 1 
7680147070142;1.96977;2.04783;0.981962 -0.0761958 -0.173044 -5.29225 0.0362223 0.974063 -0.223357 5.26395 0.185575 0.21306 0.959254 13.5661 0 0 0 1 
7680147070143;0.856847;2.4019;0.982698 -0.028255 0.183048 -2.86562 -0.00268709 0.986016 0.166626 3.27199 -0.185196 -0.164235 0.96888 -13.2497 0 0 0 1 
7680147070144;1.63732;2.11554;0.996936 0.0145924 0.0768435 -0.70649 -0.0155279 0.999812 0.0115918 -0.054833 -0.0766599 -0.0127495 0.996976 -6.36838 0 0 0 1 
7680147070145;0.140484;1.54092;0.998269 -0.0578498 0.0105951 -1.14843 0.057957 0.998268 -0.0101012 5.57007 -0.00999243 0.0106978 0.999893 -0.853303 0 0 0 1 
7680147070146;1.19743;1.98018;0.993144 -0.102478 -0.0562406 -2.8721 0.103217 0.994605 0.0103834 9.83833 0.0548731 -0.0161172 0.998363 1.77422 0 0 0 1 
7680147070147;0.293378;1.55839;0.997898 0.007936 0.0643144 -0.86786 -0.00171698 0.995362 -0.0961809 1.36479 -0.0647795 0.0958684 0.993284 -4.16161 0 0 0 1 
7680147070148;2.08491;1.55119;0.993651 -0.0379372 -0.105916 -1.03508 0.0553929 0.984386 0.16708 5.52218 0.0979232 -0.171886 0.980238 7.64844 0 0 0 1 
7680147070149;2.16398;1.89333;0.987416 -0.0524302 -0.149199 -2.36954 0.0270248 0.985508 -0.167465 4.68335 0.155817 0.161326 0.974523 9.95102 0 0 0 1 
7680147070150;0.570326;2.09225;0.999476 -0.00213712 0.0322923 -1.29368 0.015747 0.903846 -0.427568 1.42827 -0.0282735 0.427852 0.903406 -0.552057 0 0 0 1 
7680147070151;0.700204;2.10878;0.993719 -0.0599932 -0.0944595 -2.87749 0.0612789 0.998063 0.0107668 6.83343 0.0936306 -0.0164876 0.99547 5.3035 0 0 0 1 
7680147070152;0.196422;1.68155;0.998501 -0.0521407 -0.0166615 -1.28116 0.0518347 0.998488 -0.0182958 5.25125 0.0175903 0.0174047 0.999694 0.981576 0 0 0 1 
7680147070153;0.328459;2.18858;0.99921 -0.0328113 -0.0224119 -1.55464 0.0244875 0.95268 -0.302988 3.13867 0.0312928 0.3022 0.952731 2.78009 0 0 0 1 
7680147070155;0.140686;3.78505;0.999353 0.0067301 -0.0353377 5.55026 -0.00818326 0.99912 -0.0411399 0.720586 0.0350297 0.0414025 0.998528 3.77357 0 0 0 1 
7680147070156;0.73666;3.79892;0.998766 0.0221949 -0.0444274 6.23755 -0.0242894 0.998591 -0.0471734 -1.26796 0.0433179 0.0481943 0.997898 4.92115 0 0 0 1 
7680147070157;1.89722;3.95047;0.9961 -0.0507156 -0.0722056 3.43156 0.0532901 0.997994 0.0341859 7.99428 0.070327 -0.0379004 0.996804 9.50186 0 0 0 1 
7680147070158;1.79956;3.83085;0.997297 -0.0221927 -0.0700453 5.17331 0.00747767 0.979002 -0.203715 2.9779 0.0730954 0.202641 0.976521 9.27428 0 0 0 1 
7680147070159;1.65931;3.83857;0.99888 -0.00171556 -0.0472893 3.55866 -0.000103703 0.999261 -0.0384417 1.08549 0.0473203 0.0384035 0.998141 3.69827 0 0 0 1 
7680147070160;0.0621527;3.76001;0.998756 0.0199217 -0.0457119 5.42827 -0.0219171 0.99881 -0.0435744 -0.87194 0.0447894 0.044522 0.998004 5.09039 0 0 0 1 
7680147070161;0.430207;3.85748;0.996943 -0.0181483 -0.0759939 5.37088 0.0122809 0.996957 -0.0769763 2.98536 0.0771597 0.0758077 0.994133 8.66738 0 0 0 1 
7680147070162;0.473536;3.4788;0.968544 0.0585208 0.241864 2.66512 -0.0591865 0.998237 -0.00451863 -5.07263 -0.241702 -0.0099386 0.9703 -26.9774 0 0 0 1 
7680147070163;0.736349;3.78868;0.991553 0.0282797 0.126582 4.52634 -0.0437339 0.991685 0.121028 -3.24072 -0.122107 -0.125541 0.984545 -13.3823 0 0 0 1 
7680147070164;0.540732;3.95212;0.996837 -0.0234968 -0.0759265 5.09575 0.0104335 0.98572 -0.168067 2.34652 0.0787913 0.166743 0.982847 9.69217 0 0 0 1 
7680147070165;1.76832;3.76166;0.999257 0.0254056 -0.0289672 5.24873 -0.0267433 0.998548 -0.0467655 -1.31603 0.027737 0.0475055 0.998486 5.89464 0 0 0 1 
7680147070166;0.877488;3.61715;0.99446 0.0296888 -0.100835 4.90748 -0.0173657 0.992506 0.120957 -0.427298 0.103671 -0.118536 0.987523 9.42574 0 0 0 1 
7680147070167;0.355143;3.95569;0.996401 -0.0309854 -0.0788923 5.02634 0.0277918 0.998762 -0.0412628 4.80078 0.0800732 0.0389217 0.996029 9.12154 0 0 0 1 
7680147070168;0.458362;3.80458;0.999836 -0.00479767 0.0174416 6.04591 0.00330796 0.996422 0.0844582 2.64725 -0.0177844 -0.0843867 0.996274 -2.70696 0 0 0 1 
7680147070169;1.52541;3.82588;0.958554 -0.030385 -0.283285 1.88889 0.0487615 0.997122 0.0580441 7.16174 0.280706 -0.0694518 0.957278 29.1088 0 0 0 1 
7680147070170;1.71122;3.92076;0.996098 0.0664876 0.0580443 4.70853 -0.0615744 0.994672 -0.0826824 -5.0422 -0.0632323 0.0787856 0.994884 -5.91235 0 0 0 1 
7680147070171;1.73488;3.3205;0.99325 -0.0339644 -0.110911 6.11052 0.00161177 0.96012 -0.279584 1.56568 0.115984 0.277518 0.953694 12.5501 0 0 0 1 
7680147070172;1.09968;3.76314;0.999755 0.00529624 -0.0214918 6.42043 -0.00614874 0.999189 -0.0397961 0.41345 0.0212636 0.0399185 0.998977 2.6035 0 0 0 1 
7680147070173;0.591876;3.6286;0.959927 0.0136678 -0.279915 -0.106554 -0.000518635 0.998895 0.0469957 1.82681 0.280248 -0.0449673 0.958874 30.7059 0 0 0 1 
7680147070174;1.36958;3.96775;0.997779 -0.0517628 0.0419133 4.5816 0.0578854 0.98521 -0.161275 6.87551 -0.0329454 0.163343 0.986019 -4.57678 0 0 0 1 
7680147070175;0.533565;3.69438;0.9989 0.0050902 -0.046612 5.43865 -0.0071112 0.999037 -0.0432953 0.968423 0.0463467 0.0435791 0.997974 5.72416 0 0 0 1 
7680147070176;0.79171;3.45474;0.992316 0.0517747 0.112377 5.11259 -0.0380509 0.991923 -0.121003 -3.39478 -0.117734 0.115797 0.986271 -11.6758 0 0 0 1 
7680147070177;1.74498;3.73934;0.959313 0.0293949 0.280811 1.774 -0.00196122 0.995236 -0.0974798 -0.0673359 -0.282339 0.0929629 0.9548 -30.717 0 0 0 1 
7680147070178;1.38005;4.12742;0.996123 -0.0336642 0.0812739 4.74128 0.0440018 0.990673 -0.128959 5.77045 -0.0761745 0.132036 0.988314 -9.3444 0 0 0 1 
7680147070179;1.66284;3.57814;0.998652 0.036122 0.0372654 6.34573 -0.0368577 0.999135 0.0192485 -3.15887 -0.0365379 -0.0205961 0.99912 -2.89224 0 0 0 1 
7680147070180;1.25183;3.69446;0.969527 0.0514136 -0.239527 1.01772 -0.0193496 0.990746 0.134339 -0.457469 0.244217 -0.125611 0.961551 24.3094 0 0 0 1 
7680147070181;1.00094;3.4482;0.998038 0.0384397 0.0494185 5.17207 -0.0468826 0.981997 0.182986 -3.53447 -0.0414949 -0.184944 0.981873 -6.52054 0 0 0 1 
7680147070182;1.8528;3.60463;0.979062 0.0583626 0.195017 3.87904 -0.078903 0.991927 0.0992712 -7.11461 -0.187649 -0.11258 0.975763 -23.7847 0 0 0 1 
7680147070183;0.963883;3.41994;0.988713 0.0534402 0.139965 5.42827 -0.0755687 0.984559 0.157902 -6.04936 -0.129365 -0.166697 0.977485 -15.8599 0 0 0 1 
7680147070184;0.147928;3.73888;0.998071 0.0270113 -0.0558976 5.38816 -0.0280126 0.999459 -0.0172073 -1.37468 0.0554026 0.01874 0.998288 6.21977 0 0 0 1 
7680147070186;1.27351;5.29465;0.995844 0.0854157 0.0316161 4.41903 -0.083098 0.994183 -0.0685172 -3.1458 -0.0372846 0.0656052 0.997149 -3.49963 0 0 0 1 
7680147070187;0.700101;5.21406;0.942315 0.118158 0.31318 -0.487829 -0.173815 0.972321 0.156144 -11.9571 -0.286061 -0.201572 0.93677 -31.0609 0 0 0 1 
7680147070188;1.39118;5.11664;0.99799 0.012306 0.0621651 5.51846 -0.0147301 0.999143 0.0386875 3.64022 -0.0616357 -0.0395255 0.997316 -8.78894 0 0 0 1 
7680147070189;1.30828;5.37067;0.964413 0.0239648 -0.263312 1.39191 0.073656 0.932109 0.354609 17.0831 0.253933 -0.361384 0.897173 29.3047 0 0 0 1 
7680147070190;1.12112;5.17809;0.992982 0.0234083 0.115926 4.77895 -0.061986 0.937805 0.341585 0.989911 -0.10072 -0.346373 0.932674 -10.2078 0 0 0 1 
7680147070191;1.94775;5.26883;0.998269 0.00690083 -0.0584068 7.23717 0.0053036 0.978484 0.206257 8.30331 0.0585734 -0.206209 0.976753 7.02396 0 0 0 1 
7680147070192;1.68036;5.3187;0.986675 0.0450453 0.156341 4.35824 -0.0406582 0.998687 -0.0311483 2.25088 -0.157539 0.0243767 0.987212 -17.6294 0 0 0 1 
7680147070193;1.11849;5.09501;0.998487 0.0152231 0.0528462 5.96246 -0.000571792 0.963747 -0.266818 5.10669 -0.0549922 0.266384 0.962297 -7.63196 0 0 0 1 
7680147070194;0.766853;5.25328;0.999441 0.0236074 0.0236565 4.51069 -0.0241164 0.999479 0.0214668 2.86245 -0.0231374 -0.0220253 0.99949 -3.23847 0 0 0 1 
7680147070195;0.416426;5.08558;0.996119 0.0511475 0.0716318 5.10419 -0.0457837 0.996161 -0.0746193 0.459941 -0.0751734 0.0710501 0.994636 -9.57671 0 0 0 1 
7680147070196;0.748225;5.25681;0.999374 0.00341996 0.0352181 4.66556 -0.00644361 0.996265 0.0861031 5.1798 -0.0347921 -0.0862762 0.995664 -3.34123 0 0 0 1 
7680147070197;0.500793;5.18778;0.995984 0.0875781 0.0186123 4.5881 -0.0815598 0.973218 -0.214929 -3.85054 -0.0369369 0.212548 0.976452 -6.15102 0 0 0 1 
7680147070198;0.104802;5.22247;0.999774 0.00855332 0.0194682 5.5333 -0.0104979 0.99472 0.102084 5.22593 -0.0184923 -0.102265 0.994585 -1.62028 0 0 0 1 
7680147070199;1.797;5.30411;0.979117 0.0874173 0.183546 3.17836 -0.0804765 0.995743 -0.0449443 -3.77334 -0.186693 0.0292346 0.981983 -23.7073 0 0 0 1 
7680147070200;0.574851;5.20156;0.996819 0.0781412 -0.0156903 4.20757 -0.0768277 0.994462 0.07171 -1.97955 0.0212069 -0.0702764 0.997302 1.85508 0 0 0 1 
7680147070201;1.66238;5.49736;0.972965 -0.0325983 -0.228641 1.30867 0.0330817 0.999451 -0.0017192 8.06279 0.228572 -0.00589113 0.973509 24.2262 0 0 0 1 
7680147070202;0.856075;5.57092;0.999378 -0.00377514 0.0350691 5.5851 -0.00249368 0.984206 0.177012 5.95197 -0.0351834 -0.176989 0.983584 -2.51354 0 0 0 1 
7680147070203;0.151635;5.1095;0.999627 -0.00186755 0.0272396 5.44115 0.00135617 0.999823 0.0187799 6.30288 -0.0272699 -0.018736 0.999453 -3.23325 0 0 0 1 
7680147070204;1.87474;5.53165;0.999572 0.00147548 0.0292197 4.07412 -0.00138651 0.999994 -0.00306504 5.14825 -0.0292241 0.00302321 0.999568 -2.00187 0 0 0 1 
7680147070205;1.34644;5.14321;0.999451 0.0224919 0.0243132 6.36317 -0.024888 0.994347 0.10322 5.30542 -0.0218542 -0.103768 0.994361 -2.39801 0 0 0 1 
7680147070206;0.882492;5.16127;0.909915 -0.079277 -0.407149 -5.45012 0.0371518 0.993197 -0.110359 10.2498 0.413128 0.0852914 0.90667 44.1378 0 0 0 1 
7680147070207;1.16879;5.425;0.992299 0.0952093 0.0792327 3.34925 -0.10118 0.99203 0.0750964 -5.17905 -0.0714513 -0.0825349 0.994023 -6.53171 0 0 0 1 
7680147070208;1.24601;5.38866;0.994055 0.0957435 0.0518467 4.00174 -0.101529 0.987104 0.123766 -5.24596 -0.0393282 -0.128295 0.990956 -3.76895 0 0 0 1 
7680147070209;1.20929;5.2509;0.99816 0.0180495 -0.0578811 5.69069 0.00674464 0.915679 0.401855 9.67969 0.0602538 -0.401506 0.913872 7.93742 0 0 0 1 
7680147070210;1.69015;5.06383;0.999378 0.0190277 0.0296743 5.96067 -0.0197739 0.99949 0.0250592 5.75081 -0.0291824 -0.0256304 0.999245 -1.97094 0 0 0 1 
7680147070211;0.940014;5.38805;0.989591 -0.00113827 -0.143906 3.1939 0.0296218 0.980167 0.195946 10.4394 0.140828 -0.198169 0.969998 17.7041 0 0 0 1 
7680147070212;1.74535;5.24376;0.999755 0.00425713 0.0217385 5.68554 -0.00439409 0.999971 0.00625633 6.91083 -0.0217112 -0.00635031 0.999744 -3.88561 0 0 0 1 
7680147070213;0.400202;5.09289;0.997973 0.0473156 0.0425671 4.76239 -0.0490744 0.997942 0.0412691 1.12079 -0.0405269 -0.0432744 0.998241 -4.7831 0 0 0 1 
7680147070214;0.315659;5.31605;0.998443 0.001446 -0.0557566 5.07966 0.00336923 0.996275 0.0861708 6.67609 0.0556735 -0.0862245 0.994719 6.41127 0 0 0 1 
7680147070215;0.611277;5.13386;0.99708 0.00983325 0.0757309 5.03847 -0.0126523 0.999241 0.0368351 4.29523 -0.0753113 -0.0376857 0.996448 -9.1958 0 0 0 1 
7680147070217;0.89674;3.36441;0.998239 -0.00358102 0.0592123 -4.09952 0.0023417 0.999777 0.0209862 -1.05969 -0.0592742 -0.0208106 0.998025 -2.05523 0 0 0 1 
7680147070218;1.73564;3.48214;0.999908 -0.00783684 0.0110902 -4.8526 0.0077832 0.999958 0.0048719 -0.549892 -0.0111279 -0.00478514 0.999927 1.67098 0 0 0 1 
7680147070219;1.39452;3.44326;0.961271 -0.0507679 -0.27089 -5.33311 0.0256467 0.9951 -0.0954843 -0.971263 0.27441 0.0848388 0.957863 6.25765 0 0 0 1 
7680147070220;0.267296;3.45261;0.99981 -0.00726855 -0.0181069 -4.353 -0.000646077 0.915178 -0.403049 -1.86499 0.0195006 0.402984 0.914999 4.06399 0 0 0 1 
7680147070221;1.27015;3.88451;0.999802 -0.00788229 0.0182806 -3.36418 0.0034844 0.973387 0.22914 -0.483745 -0.0196003 -0.22903 0.973222 -2.79352 0 0 0 1 
7680147070222;1.97297;3.41544;0.996018 -0.0012665 0.089145 -6.16077 -0.00202564 0.999319 0.03683 -1.88205 -0.089131 -0.0368639 0.995337 -0.993363 0 0 0 1 
7680147070223;1.53331;3.59016;0.997885 -0.00229734 -0.0649704 -5.05593 0.00272522 0.999975 0.00649782 -1.64283 0.0649538 -0.00666113 0.997866 -0.0341391 0 0 0 1 
7680147070224;2.30376;3.32824;0.912609 -0.108101 -0.394284 -6.30079 0.0640702 0.990309 -0.123218 -0.441024 0.403783 0.0871881 0.910691 4.04248 0 0 0 1 
7680147070225;1.4585;3.71346;0.998649 -0.0265109 -0.0446924 -4.33362 0.0242949 0.998483 -0.0494192 -0.0353499 0.0459347 0.0482667 0.997778 2.23922 0 0 0 1 
7680147070226;1.86707;3.56146;0.998477 -0.0125584 -0.0537217 -4.76459 0.0119914 0.999869 -0.0108643 -0.144618 0.0538511 0.0102035 0.998497 2.93471 0 0 0 1 
7680147070227;0.781577;3.65956;0.999744 0.00785114 -0.0212428 -4.03881 -0.00772353 0.999952 0.00608261 -1.34571 0.0212895 -0.00591698 0.999756 -0.558955 0 0 0 1 
7680147070228;0.400914;3.51113;0.998339 0.022858 0.0528896 -3.82207 -0.0245285 0.999214 0.0311529 -1.44236 -0.0521359 -0.0323984 0.998114 -0.997468 0 0 0 1 
7680147070229;0.955663;3.54421;0.999728 -0.00279067 -0.0231727 -4.90486 0.0019426 0.99933 -0.0365401 -0.821445 0.0232591 0.0364851 0.999063 0.977813 0 0 0 1 
7680147070230;0.317185;3.39529;0.980421 -0.0212832 -0.195758 -4.83298 0.0138772 0.999138 -0.0391269 -0.855317 0.196422 0.0356443 0.979871 3.48925 0 0 0 1 
7680147070231;1.12926;3.70686;0.999982 0.00229822 0.00554269 -3.97892 -0.00237021 0.999912 0.0130162 -0.818977 -0.00551229 -0.0130291 0.9999 -0.978311 0 0 0 1 
7680147070232;1.51388;3.3824;0.999918 0.010925 0.00671504 -4.69269 -0.0110807 0.99966 0.0236014 -2.06371 -0.00645491 -0.0236739 0.999699 -1.33099 0 0 0 1 
7680147070233;1.97376;3.7546;0.991409 -0.00855 -0.130517 -5.87379 0.0509647 0.944246 0.325273 -0.25188 0.120459 -0.329131 0.93657 -2.45292 0 0 0 1 
7680147070234;1.9935;3.52035;0.999716 -0.000864855 -0.0238168 -3.99955 -0.00130465 0.995857 -0.0909251 -1.38847 0.0237968 0.0909303 0.995573 -1.17619 0 0 0 1 
7680147070235;1.53051;3.59583;0.987235 -0.0231929 -0.157572 -4.41959 0.0222583 0.999723 -0.00769344 -1.05884 0.157707 0.00408794 0.987477 1.06853 0 0 0 1 
7680147070236;0.104269;3.60644;0.999826 -0.0114329 0.0147608 -4.46048 0.0113129 0.999902 0.00818689 -0.9671 -0.014853 -0.00801847 0.999858 -0.149636 0 0 0 1 
7680147070237;2.06657;3.29344;0.997555 -0.0401856 -0.0571823 -6.49543 0.0298783 0.984839 -0.170876 -0.918903 0.0631821 0.16875 0.983632 4.02362 0 0 0 1 
7680147070238;1.4657;3.62017;0.91636 0.0180918 0.399947 -3.70236 -0.121936 0.96413 0.235767 -2.88756 -0.381335 -0.264815 0.885696 -8.7452 0 0 0 1 
7680147070239;0.672786;3.41884;0.992545 0.0217023 0.119929 -3.83942 -0.0303712 0.997018 0.0709356 -1.30816 -0.118032 -0.0740492 0.990245 -1.81161 0 0 0 1 
7680147070240;1.69401;3.53421;0.998816 -0.000938048 0.0486428 -4.06876 -0.003071 0.996605 0.0822779 -0.48943 -0.0485549 -0.0823298 0.995422 0.487547 0 0 0 1 
7680147070241;1.89764;3.48879;0.99618 -0.0119267 -0.0865077 -3.93373 0.0305035 0.975753 0.216738 -1.25322 0.0818252 -0.218549 0.972389 -2.98089 0 0 0 1 
7680147070242;1.04234;3.42847;0.998015 -0.0157579 -0.0609698 -5.19683 0.0164635 0.999803 0.0110879 -0.591162 0.060783 -0.0120697 0.998078 1.56319 0 0 0 1 
7680147070243;1.63774;3.34333;0.970021 0.0204658 0.242159 -5.29714 -0.0307227 0.99878 0.0386555 -2.151 -0.241073 -0.0449364 0.969466 -3.95493 0 0 0 1 
7680147070244;2.23994;3.83194;0.996488 0.0139966 -0.0825522 -3.80571 0.00438041 0.975865 0.218332 -0.8414 0.0836157 -0.217927 0.972377 1.32938 0 0 0 1 
7680147070245;0.410551;3.40571;0.999775 7.83805e-05 -0.0212196 -4.10989 0.000100105 0.999965 0.00841014 -1.00288 0.0212195 -0.00841037 0.999739 -0.196155 0 0 0 1 
7680147070246;0.921508;3.52066;0.994533 -0.0419724 -0.0956169 -4.64985 0.0375631 0.998167 -0.0474572 -0.55728 0.0974335 0.0436061 0.994286 0.818051 0 0 0 1 
7680147070248;1.50847;2.18026;0.977124 0.0334596 -0.210022 2.06682 0.0316006 0.95374 0.298966 6.29878 0.21031 -0.298764 0.930865 21.8967 0 0 0 1 
7680147070249;1.33018;2.31958;0.986388 0.155267 0.0541426 2.83064 -0.155516 0.987833 0.000389586 -10.3919 -0.0534234 -0.00880431 0.998533 -3.77016 0 0 0 1 
7680147070250;0.124558;2.24497;0.99524 0.09531 0.0203162 2.53199 -0.0952119 0.99544 -0.00574861 -5.93305 -0.0207714 0.00378691 0.999777 -2.57679 0 0 0 1 
7680147070251;0.53556;2.60217;0.975648 0.136403 0.17177 1.27749 -0.1535 0.983997 0.0904835 -10.8907 -0.156679 -0.114647 0.980973 -13.24 0 0 0 1 
7680147070252;1.1295;2.44676;0.978514 0.164338 0.12451 1.25362 -0.154931 0.984527 -0.0818676 -11.3015 -0.136037 0.0608182 0.988835 -11.0646 0 0 0 1 
7680147070253;0.578449;1.82078;0.998521 0.024329 -0.0486185 2.90362 -0.0245021 0.999695 -0.00296649 0.0642177 0.0485315 0.00415336 0.998813 4.49543 0 0 0 1 
7680147070254;1.15198;1.98386;0.99618 0.0870782 0.00657658 3.33798 -0.0870549 0.996196 -0.00375825 -4.6176 -0.00687883 0.00317137 0.999971 -2.6765 0 0 0 1 
7680147070255;0.370863;2.10566;0.983582 0.150305 0.0998784 0.816686 -0.179818 0.863064 0.472002 -10.8668 -0.0152572 -0.482213 0.875921 2.08987 0 0 0 1 
7680147070256;1.32328;1.99056;0.962603 0.153366 0.223327 -1.37718 -0.103364 0.969888 -0.22053 -7.23287 -0.250424 0.189198 0.949469 -26.9278 0 0 0 1 
7680147070257;0.807316;2.09008;0.971248 0.0145936 -0.237624 0.705485 -0.0619646 0.979214 -0.193132 -3.73989 0.229866 0.202303 0.951964 19.0259 0 0 0 1 
7680147070258;0.260139;2.02904;0.945428 0.205768 0.252637 -2.56055 -0.166211 0.971459 -0.169237 -12.8484 -0.28025 0.11801 0.952646 -26.9655 0 0 0 1 
7680147070259;0.965988;1.88997;0.98733 0.0642675 0.145083 1.97499 -0.0729771 0.995787 0.0555248 -4.28846 -0.140904 -0.0654091 0.98786 -12.5268 0 0 0 1 
7680147070260;0.831214;2.16813;0.990885 0.134611 -0.00523824 2.3312 -0.132138 0.978775 0.156648 -7.64114 0.0262136 -0.154528 0.987641 2.86239 0 0 0 1 
7680147070261;1.06706;1.83195;0.983723 0.0951029 0.152459 1.32775 -0.0541392 0.965899 -0.253196 -3.06195 -0.171339 0.24082 0.955326 -19.7228 0 0 0 1 
7680147070262;1.52451;2.50535;0.98169 0.135639 0.133744 1.9221 -0.136389 0.990649 -0.00357787 -10.7328 -0.132978 -0.0147288 0.99101 -14.0373 0 0 0 1 
7680147070263;1.15131;2.29289;0.988567 0.144112 0.044356 0.654415 -0.142651 0.989171 -0.0345267 -11.0473 -0.0488513 0.0278045 0.998419 -7.05591 0 0 0 1 
7680147070264;1.15529;2.27754;0.99154 0.128503 0.0183156 1.39556 -0.128336 0.99168 -0.01 -8.89851 -0.0194482 0.00756486 0.999782 -0.145252 0 0 0 1 
7680147070265;0.426203;1.87042;0.966219 0.029548 0.256024 0.726575 -0.0718355 0.984913 0.157433 -3.82637 -0.24751 -0.170506 0.953764 -21.1768 0 0 0 1 
7680147070266;1.20758;2.34623;0.993963 0.107197 0.0233624 1.75288 -0.109621 0.979057 0.171555 -5.60458 -0.00448301 -0.17308 0.984897 0.855562 0 0 0 1 
