#;prob_registration_l1 -r /home/probabilistic_point_clouds_registration/build/tester /home/point_clouds_registration_benchmark/gazebo_summer_local.txt /home/point_clouds_registration_benchmark/gazebo_summer -s 0.2 -t 0.2 -p 0.3 -r 1000 -m 5 -i 40 
id;initial_error;final_error;transformation
36535719080000;0.0805842;0.098347;0.998705 -0.017551 0.0477536 -0.0699097 0.0129141 0.995323 0.0957319 -0.0589353 -0.0492105 -0.0949913 0.994261 0.00154523 0 0 0 1 
36535719080001;0.11249;0.106628;0.986779 0.0038277 0.162023 -0.363906 0.00692037 0.997814 -0.0657202 0.0143352 -0.161921 0.0659726 0.984596 0.20258 0 0 0 1 
36535719080002;0.259114;0.112325;0.988257 0.0233201 0.151011 0.0579016 -0.0512193 0.981666 0.183599 -0.433312 -0.14396 -0.189177 0.971333 0.0820833 0 0 0 1 
36535719080003;0.441289;0.645608;0.971657 -0.163062 0.171151 -1.12536 0.173697 0.983578 -0.0490223 -0.295306 -0.160346 0.0773613 0.984025 -0.0818054 0 0 0 1 
36535719080004;0.424931;0.674582;0.942252 -0.131879 0.307847 -1.53973 0.152091 0.987452 -0.0424996 0.0318834 -0.29838 0.086866 0.950486 -0.0776709 0 0 0 1 
36535719080005;0.508351;0.149209;0.984581 -0.113817 0.132835 0.227017 0.155644 0.916597 -0.368273 0.79915 -0.0798401 0.38327 0.920179 -0.394274 0 0 0 1 
36535719080006;0.482532;0.300534;0.991469 0.0536646 -0.11878 -0.489964 -0.069927 0.98806 -0.137285 0.498543 0.109994 0.14442 0.983384 -1.42365 0 0 0 1 
36535719080007;0.407429;0.123352;0.945629 -0.324625 0.0200901 0.0473391 0.319839 0.916916 -0.238681 -0.74161 0.0590609 0.232129 0.97089 -1.17531 0 0 0 1 
36535719080008;0.494873;0.408752;0.980369 7.21046e-05 0.197172 -0.977679 0.0569503 0.957275 -0.283516 0.499537 -0.188768 0.28918 0.938478 -0.692981 0 0 0 1 
36535719080009;0.260051;0.098099;0.98636 -0.0928545 0.135911 -0.241548 0.087012 0.995034 0.0483272 -0.740923 -0.139723 -0.0358422 0.989542 -0.308117 0 0 0 1 
36535719080010;0.367096;0.145238;0.977632 -0.158926 0.137762 0.347711 0.164385 0.985966 -0.0291242 -0.16915 -0.1312 0.0511187 0.990037 0.742706 0 0 0 1 
36535719080011;0.379627;0.133271;0.965124 -0.215473 0.148686 -0.0761191 0.205655 0.975455 0.0787 0.368198 -0.161994 -0.0453773 0.985748 -0.226927 0 0 0 1 
36535719080012;0.1676;0.107537;0.998742 0.0303613 0.0399167 -0.403823 -0.0308302 0.999462 0.0111837 0.252774 -0.0395557 -0.0124002 0.99914 -0.533874 0 0 0 1 
36535719080013;0.445602;0.127578;0.944265 -0.268522 0.190418 0.984633 0.257566 0.962893 0.0805998 -0.85371 -0.204995 -0.0270624 0.978389 0.425212 0 0 0 1 
36535719080014;0.45281;0.480993;0.998952 0.0452854 0.00661702 -1.16627 -0.0451894 0.99888 -0.0140021 0.330951 -0.0072437 0.0136885 0.99988 -0.0710404 0 0 0 1 
36535719080015;0.366192;0.426788;0.998109 -0.015868 0.0593804 -1.06254 0.0134598 0.999079 0.040738 -0.0471608 -0.0599721 -0.0398617 0.997404 0.131476 0 0 0 1 
36535719080016;0.0775968;0.104367;0.99061 -0.00338869 0.136673 -0.312696 -0.00338473 0.998778 0.0492965 0.0766265 -0.136673 -0.0492962 0.989389 0.149872 0 0 0 1 
36535719080017;0.294515;0.108939;0.954356 0.072402 0.289762 -0.405804 0.0114309 0.960608 -0.277673 0.24515 -0.298452 0.268311 0.915934 0.191691 0 0 0 1 
36535719080018;0.425335;0.451847;0.999846 -0.00925395 0.0148848 -0.722494 0.0102105 0.997799 -0.0655241 -0.137486 -0.0142456 0.065666 0.99774 -0.615919 0 0 0 1 
36535719080019;0.389784;0.465611;0.996622 0.00233356 -0.0820925 -0.746349 -0.0092066 0.99647 -0.0834446 0.108218 0.0816079 0.0839186 0.993125 -0.605127 0 0 0 1 
36535719080020;0.317608;0.11405;0.981429 0.187246 -0.041673 -0.365263 -0.184321 0.980679 0.0655318 0.957804 0.0531384 -0.0566336 0.99698 -0.0411877 0 0 0 1 
36535719080021;0.423824;0.138379;0.910514 -0.293579 0.291162 0.308879 0.3724 0.888253 -0.268934 -0.38269 -0.179672 0.353297 0.918095 0.093801 0 0 0 1 
36535719080022;0.154215;0.0942162;0.999388 0.0151456 0.031519 -0.504879 -0.0155865 0.999783 0.0137907 -0.0637256 -0.0313033 -0.0142735 0.999408 -0.368511 0 0 0 1 
36535719080023;0.35143;0.110339;0.978616 0.00159879 -0.205688 -0.175812 0.0210156 0.99396 0.107713 0.198774 0.204618 -0.109732 0.972672 0.282115 0 0 0 1 
36535719080024;0.34005;0.11092;0.964579 -0.232022 -0.12551 0.186637 0.174361 0.917809 -0.356685 -0.18926 0.197953 0.322167 0.925755 -1.11657 0 0 0 1 
36535719080025;0.273677;0.128882;0.995276 0.0669154 -0.0703439 -0.363091 -0.0525583 0.980546 0.189123 0.434687 0.0816307 -0.184532 0.979431 -0.0120036 0 0 0 1 
36535719080026;0.254446;0.168261;0.996726 -0.0264084 0.076418 0.0868934 0.0254398 0.999584 0.0136206 0.433918 -0.0767459 -0.011632 0.996983 -0.0656814 0 0 0 1 
36535719080027;0.274443;0.10153;0.964889 0.233748 0.119798 -0.673905 -0.234777 0.972033 -0.00565387 0.440702 -0.117769 -0.0226704 0.992782 0.0305662 0 0 0 1 
36535719080028;0.110223;0.105667;0.99052 -0.0246861 0.135133 -0.4046 0.0331003 0.997627 -0.0603778 -0.163697 -0.133321 0.0642783 0.988986 0.0346244 0 0 0 1 
36535719080029;0.464721;0.632319;0.969048 -0.0883517 0.230521 -1.19599 0.0924056 0.995698 -0.00682706 -0.011746 -0.228926 0.0279171 0.973043 -0.304116 0 0 0 1 
36535719080031;0.562593;1.01989;0.98948 0.0131811 0.144068 -1.62716 -0.00654163 0.998899 -0.0464625 0.75274 -0.144522 0.0450313 0.988476 -0.147832 0 0 0 1 
36535719080032;0.49885;0.706339;0.999611 0.0263609 -0.00910092 -0.936518 -0.0254418 0.995661 0.0895083 0.575711 0.011421 -0.0892419 0.995944 -0.431669 0 0 0 1 
36535719080033;0.471869;1.02709;0.982783 0.179854 0.0423011 -1.82055 -0.183295 0.920298 0.345622 0.909158 0.0232319 -0.347425 0.93742 0.420567 0 0 0 1 
36535719080034;0.28376;0.623286;0.972316 0.100862 -0.210782 -0.798 -0.0763582 0.98967 0.121337 0.694377 0.220843 -0.101883 0.969973 -0.952475 0 0 0 1 
36535719080035;0.587922;1.24982;0.990244 -0.0959086 0.101082 -2.07228 0.101908 0.993219 -0.0559484 0.122003 -0.0950311 0.0657037 0.993304 -0.827078 0 0 0 1 
36535719080036;0.406933;0.636117;0.999177 0.0137005 0.0381856 -1.36482 -0.0134903 0.999892 -0.00575632 0.344759 -0.0382603 0.00523645 0.999254 0.410943 0 0 0 1 
36535719080037;0.0919718;0.477088;0.99367 0.0507926 0.100195 -0.817047 -0.050763 0.998707 -0.00284646 0.320134 -0.10021 -0.00225778 0.994964 0.1037 0 0 0 1 
36535719080038;0.581548;1.15018;0.991253 -0.00661187 0.131807 -2.76862 0.000921496 0.999067 0.0431864 0.186647 -0.131969 -0.0426872 0.990334 0.65277 0 0 0 1 
36535719080039;0.434512;0.59734;0.987932 0.125964 0.0901352 -1.51746 -0.121233 0.991032 -0.0561898 1.02268 -0.0964048 0.0445844 0.994343 -0.547355 0 0 0 1 
36535719080040;0.566995;1.2646;0.941427 0.0174835 0.336762 -1.58383 -0.0597178 0.991515 0.115467 0.348838 -0.331886 -0.128814 0.934483 0.466271 0 0 0 1 
36535719080041;0.142283;0.626187;0.986679 0.141031 0.0810798 -1.02463 -0.141389 0.989953 -0.00134617 0.641589 -0.080455 -0.0101355 0.996707 -0.134617 0 0 0 1 
36535719080042;0.307724;0.669419;0.999136 -0.0111291 -0.040031 -1.15242 0.00100983 0.969679 -0.244378 0.226431 0.041537 0.244127 0.968853 -0.213955 0 0 0 1 
36535719080043;0.210302;1.02544;0.970451 0.0531999 0.235359 -1.83228 -0.0885245 0.985876 0.142167 0.57046 -0.224472 -0.158801 0.961454 0.539295 0 0 0 1 
36535719080044;0.594242;1.44928;0.999744 -0.00161491 0.0225625 -2.40375 -0.00185613 0.988228 0.152977 -0.263763 -0.022544 -0.15298 0.987972 0.336484 0 0 0 1 
36535719080045;0.55307;0.552143;0.984102 0.150934 0.0936061 -1.586 -0.135712 0.979039 -0.151869 1.43185 -0.114566 0.136751 0.983958 0.509425 0 0 0 1 
36535719080046;0.383937;0.603368;0.990687 0.0983383 0.0941705 -0.898604 -0.0948663 0.994659 -0.0406737 1.08602 -0.0976673 0.0313613 0.994725 -0.406616 0 0 0 1 
36535719080047;0.507113;0.591575;0.998227 0.0186994 0.0565124 -0.703153 -0.0182536 0.999798 -0.00839367 -0.0277615 -0.056658 0.00734723 0.998367 0.695185 0 0 0 1 
36535719080048;0.299943;1.06242;0.971604 0.0396062 0.233275 -1.87495 0.0396105 0.944752 -0.325383 0.371058 -0.233274 0.325383 0.916356 0.399028 0 0 0 1 
36535719080049;0.398366;1.33395;0.982365 -0.0668795 0.174605 -2.2926 0.0162673 0.96087 0.276521 -0.0978774 -0.186267 -0.268805 0.945013 0.547992 0 0 0 1 
36535719080050;0.499825;0.901825;0.936125 0.185578 -0.298714 -1.53118 -0.172221 0.982519 0.0706825 1.0794 0.30661 -0.0147229 0.951721 -1.97695 0 0 0 1 
36535719080051;0.440086;1.23294;0.982557 -0.099526 0.15709 -1.99452 0.114249 0.989579 -0.0876395 0.0248699 -0.14673 0.104058 0.983688 -0.261081 0 0 0 1 
36535719080052;0.307637;1.09556;0.978446 0.0480208 0.200841 -2.06203 -0.0928252 0.971064 0.220041 0.286945 -0.184463 -0.233942 0.954592 0.49414 0 0 0 1 
36535719080053;0.461332;1.47154;0.94019 -0.0641061 0.334564 -2.22673 0.0618702 0.997933 0.0173476 0.16123 -0.334985 0.00438955 0.942213 1.21699 0 0 0 1 
36535719080054;0.521749;0.779129;0.945521 0.00670848 0.325491 -1.02798 -0.0478284 0.991802 0.118496 1.40176 -0.322028 -0.127608 0.938091 0.814292 0 0 0 1 
36535719080055;0.319357;1.30763;0.96021 -0.0159977 0.278822 -2.13628 0.051377 0.991438 -0.120048 0.355013 -0.274514 0.129596 0.95281 0.37847 0 0 0 1 
36535719080056;0.611624;1.24913;0.971028 -0.110106 0.212087 -2.20533 0.132796 0.986498 -0.0958501 0.10674 -0.19867 0.121237 0.972539 -0.526279 0 0 0 1 
36535719080057;0.403587;0.520477;0.994997 0.0838494 -0.0543193 -0.583322 -0.0898415 0.988778 -0.119361 0.401298 0.0437014 0.123644 0.991364 -0.504827 0 0 0 1 
36535719080058;0.354702;1.04785;0.957209 0.00536944 0.289347 -1.59327 0.0386901 0.988478 -0.146337 0.116113 -0.286799 0.15127 0.945972 0.0431091 0 0 0 1 
36535719080059;0.377989;0.556124;0.980176 0.164795 0.10999 -0.971791 -0.143252 0.972962 -0.181171 1.29948 -0.136872 0.161823 0.977282 -0.311081 0 0 0 1 
36535719080060;0.383603;0.675122;0.984768 0.151628 0.0850963 -0.986259 -0.159738 0.982249 0.0983441 1.22943 -0.0686741 -0.110439 0.991507 -0.259084 0 0 0 1 
36535719080062;0.362158;0.546864;0.99911 0.00837683 0.0413456 -0.67316 -0.0164255 0.97999 0.198369 -1.69394 -0.0388565 -0.198872 0.979255 -1.03548 0 0 0 1 
36535719080063;0.299523;0.783403;0.990075 -0.103678 0.0948812 -1.12477 0.0787102 0.968361 0.236814 -2.49033 -0.116432 -0.226996 0.966911 -0.554275 0 0 0 1 
36535719080064;0.461382;0.615593;0.993274 -0.115718 -0.00395834 -0.389478 0.113791 0.981912 -0.151329 -1.50802 0.0213982 0.14986 0.988476 -1.52022 0 0 0 1 
36535719080065;0.4807;0.794537;0.970525 0.0768091 0.228432 -0.376927 -0.119181 0.976802 0.177914 -2.35525 -0.209468 -0.199895 0.957165 1.02596 0 0 0 1 
36535719080066;0.231893;0.534499;0.984681 -0.123591 0.122996 -0.234882 0.0959975 0.973128 0.209299 -2.20777 -0.145558 -0.194286 0.970085 0.367018 0 0 0 1 
36535719080067;0.276753;0.597813;0.999524 0.0183598 0.0247813 -0.466242 -0.0300794 0.757828 0.651761 -2.02101 -0.00681381 -0.652196 0.75802 0.555442 0 0 0 1 
36535719080068;0.41506;0.821899;0.983904 -0.140017 0.111035 -0.484587 0.117331 0.97483 0.189577 -2.6573 -0.134785 -0.173497 0.975567 -0.729379 0 0 0 1 
36535719080069;0.168667;0.56099;0.99461 -0.0396234 0.0958199 -0.654343 0.00586092 0.944112 0.329573 -1.94851 -0.103524 -0.327235 0.939255 0.495862 0 0 0 1 
36535719080070;0.366766;0.978999;0.975801 -0.00241832 -0.218645 -0.03528 0.0886149 0.918517 0.385324 -3.72501 0.199898 -0.395375 0.896504 -0.866819 0 0 0 1 
36535719080071;0.314881;0.655734;0.99346 -0.112346 0.02039 -1.16145 0.11043 0.990775 0.0785509 -1.72987 -0.0290268 -0.0757855 0.996702 0.00536396 0 0 0 1 
36535719080072;0.205179;0.602851;0.995243 -0.066253 0.0714288 -0.490125 0.0495497 0.975487 0.214408 -1.55285 -0.083883 -0.209849 0.974129 0.357138 0 0 0 1 
36535719080073;0.364246;0.822782;0.924247 -0.180223 0.336582 -1.17737 0.00263517 0.884567 0.466406 -2.76476 -0.381786 -0.430187 0.818033 1.20394 0 0 0 1 
36535719080074;0.343501;0.917782;0.994284 0.0601094 0.0882411 -0.455018 -0.0863845 0.938611 0.333987 -2.98378 -0.0627483 -0.3397 0.938438 0.189207 0 0 0 1 
36535719080075;0.45993;0.89118;0.985878 0.0929405 -0.139305 0.191822 -0.102457 0.992756 -0.0627594 -1.82735 0.132463 0.0761459 0.988259 -1.05271 0 0 0 1 
36535719080076;0.347563;0.588501;0.994818 0.097425 0.0290836 -0.157844 -0.0994951 0.873932 0.475756 -2.07678 0.0209335 -0.476184 0.879096 0.311306 0 0 0 1 
36535719080077;0.245685;0.677185;0.985886 0.0215611 -0.166024 -0.0923408 0.044649 0.921895 0.384859 -2.22743 0.161355 -0.38684 0.90792 -0.150442 0 0 0 1 
36535719080078;0.322722;0.466716;0.998308 0.0432981 0.0388104 -1.04591 -0.0525086 0.958013 0.281875 -1.17184 -0.0249762 -0.283436 0.958666 -0.780803 0 0 0 1 
36535719080079;0.340882;1.02047;0.997798 0.0168163 0.0641608 -0.328114 -0.0358245 0.95073 0.307943 -3.50021 -0.0558212 -0.309563 0.949239 -0.250937 0 0 0 1 
36535719080080;0.326117;0.567661;0.987991 -0.0170014 0.153573 -0.234958 -0.0589158 0.877384 0.476158 -0.917624 -0.142838 -0.479487 0.865846 0.916843 0 0 0 1 
36535719080081;0.410409;0.870695;0.981518 -0.159859 0.1052 -1.10374 0.137265 0.971142 0.195042 -2.78599 -0.133343 -0.176997 0.975137 -0.619464 0 0 0 1 
36535719080082;0.216435;0.536285;0.999553 0.0189668 0.0231106 -0.130848 -0.0245913 0.961206 0.274732 -1.13182 -0.0170032 -0.275178 0.961243 0.236067 0 0 0 1 
36535719080083;0.161862;0.549434;0.996837 0.042258 0.0673067 -0.42741 -0.0627916 0.937929 0.341096 -1.52691 -0.0487149 -0.344243 0.937616 -0.192403 0 0 0 1 
36535719080084;0.439577;1.07825;0.967116 -0.238774 0.0876015 -0.95905 0.206716 0.938604 0.276209 -3.74023 -0.148175 -0.249018 0.957097 0.37318 0 0 0 1 
36535719080085;0.124875;0.542003;0.994626 0.00204744 0.103517 -0.372638 -0.0386434 0.934898 0.352806 -1.5595 -0.0960559 -0.35491 0.929953 0.168544 0 0 0 1 
36535719080086;0.392366;0.607943;0.976358 0.0282523 -0.214306 0.344563 0.0440372 0.944633 0.325161 -1.79861 0.211627 -0.326911 0.921055 -1.11535 0 0 0 1 
36535719080087;0.41425;0.984916;0.99695 -0.0614114 0.0481586 -0.92026 0.0273744 0.853049 0.521113 -2.9998 -0.0730839 -0.518205 0.852128 -0.30737 0 0 0 1 
36535719080088;0.317089;0.539631;0.987675 0.0352587 0.152495 -0.571841 -0.0829254 0.944194 0.31878 -1.77404 -0.132745 -0.327497 0.935481 -0.495039 0 0 0 1 
36535719080089;0.0976208;0.514501;0.999355 -0.0240869 0.0266353 -0.508024 0.0178035 0.976444 0.215037 -1.42836 -0.0311874 -0.214424 0.976243 0.0232706 0 0 0 1 
36535719080090;0.312576;0.46726;0.999356 0.00855944 -0.0348432 0.0415108 -0.00247915 0.985279 0.170934 -2.00377 0.0357934 -0.170738 0.984666 0.0674393 0 0 0 1 
36535719080091;0.378116;0.805587;0.959247 -0.0909602 0.267529 -0.539532 0.0992843 0.994901 -0.0177244 -2.55698 -0.264552 0.0435635 0.963387 0.309898 0 0 0 1 
36535719080093;0.290482;0.125175;0.989179 0.0145206 -0.145993 0.360887 -0.0294129 0.994515 -0.100372 0.287476 0.143735 0.10358 0.984181 -0.519273 0 0 0 1 
36535719080094;0.395592;0.71997;0.998804 0.0471202 -0.0130107 1.08743 -0.0474028 0.998626 -0.0223391 -0.529991 0.0119402 0.0229291 0.999666 -0.156554 0 0 0 1 
36535719080095;0.347587;0.0872848;0.900268 0.249588 -0.356683 0.344388 -0.210961 0.96682 0.144063 0.556203 0.380805 -0.0544488 0.923051 -1.33865 0 0 0 1 
36535719080096;0.508705;0.0874515;0.950262 -0.231596 0.208244 0.206122 0.180751 0.954589 0.236832 -0.683535 -0.253637 -0.187412 0.948971 1.75971 0 0 0 1 
36535719080097;0.390373;0.0934475;0.894582 -0.345785 0.283119 0.255295 0.386479 0.916687 -0.101583 -1.49708 -0.224406 0.200294 0.95369 0.764153 0 0 0 1 
36535719080098;0.177167;0.0915717;0.961951 0.0068166 0.273136 -0.0289461 -0.00681883 0.999976 -0.000941124 -0.0275168 -0.273136 -0.000957153 0.961975 0.774295 0 0 0 1 
36535719080099;0.46993;0.0819803;0.969618 -0.232602 -0.0757395 0.507173 0.244086 0.899458 0.362488 -1.23388 -0.0161911 -0.369962 0.928906 -0.278747 0 0 0 1 
36535719080100;0.314307;0.0764011;0.999759 -0.0197348 -0.00962714 -0.322576 0.020965 0.988261 0.151328 -0.526932 0.00652772 -0.151493 0.988437 -0.518447 0 0 0 1 
36535719080101;0.365934;0.349647;0.973134 0.213403 -0.0864258 0.266023 -0.204119 0.973304 0.104956 0.322123 0.106516 -0.0844948 0.990714 -0.486741 0 0 0 1 
36535719080102;0.240105;0.107091;0.987362 -0.148085 0.0564527 -0.17098 0.14915 0.988699 -0.015126 -0.645529 -0.0535748 0.0233548 0.998291 -0.315506 0 0 0 1 
36535719080103;0.352767;0.110384;0.996019 0.0576094 0.0680207 -0.0545634 -0.0607433 0.997141 0.0449395 -0.198678 -0.0652373 -0.0488924 0.996671 0.610816 0 0 0 1 
36535719080104;0.495293;0.278173;0.880918 0.0493944 -0.470684 0.210194 -0.00907475 0.996119 0.0875504 -0.0605709 0.473182 -0.0728534 0.877947 -1.76434 0 0 0 1 
36535719080105;0.433787;0.0977091;0.998938 0.0124108 0.0443773 0.02896 -0.0127635 0.999889 0.00767382 0.0077504 -0.0442772 -0.00823208 0.998985 0.867637 0 0 0 1 
36535719080106;0.129754;0.119347;0.996861 -0.0197958 0.0766505 0.0172638 0.0114117 0.994051 0.108312 -0.130465 -0.0783387 -0.107098 0.991157 0.0545075 0 0 0 1 
36535719080107;0.262145;0.276527;0.990497 0.113486 -0.0776971 0.146412 -0.114055 0.99347 -0.00291725 0.223879 0.0768587 0.0117513 0.996973 -0.670907 0 0 0 1 
36535719080108;0.397924;0.344541;0.985389 0.169061 -0.0206486 -0.237848 -0.158679 0.95533 0.249329 0.22864 0.0618779 -0.24241 0.968199 -0.446148 0 0 0 1 
36535719080109;0.398301;0.301814;0.936228 0.243834 0.253026 0.173686 -0.2582 0.965776 0.0246826 0.695877 -0.238348 -0.0884398 0.967145 0.797401 0 0 0 1 
36535719080110;0.208018;0.110908;0.990716 0.135797 -0.00644132 -0.0390913 -0.135279 0.989422 0.0523798 0.250177 0.0134862 -0.0510221 0.998606 -0.410532 0 0 0 1 
36535719080111;0.465339;0.157982;0.942836 -0.236229 0.235065 -0.192788 0.25201 0.966935 -0.0390806 -0.606546 -0.21806 0.0960853 0.971194 1.05285 0 0 0 1 
36535719080112;0.541337;0.0892476;0.899439 0.342533 -0.271444 1.18723 -0.323024 0.939373 0.115037 1.31562 0.294391 -0.015786 0.955555 -1.25452 0 0 0 1 
36535719080113;0.28814;0.111725;0.999979 0.00645607 -0.000230955 -0.0705586 -0.00644996 0.999768 0.0205452 0.432082 0.000363543 -0.0205433 0.999789 0.00312292 0 0 0 1 
36535719080114;0.343577;0.132238;0.95554 -0.294763 -0.00764286 0.25944 0.29486 0.955121 0.0282972 -1.34692 -0.00104111 -0.0292927 0.99957 0.291162 0 0 0 1 
36535719080115;0.500998;0.686225;0.984049 0.16569 -0.0647623 0.874571 -0.160793 0.984159 0.0746809 0.0756021 0.0761102 -0.0630763 0.995102 -0.600377 0 0 0 1 
36535719080116;0.41433;0.0874127;0.954661 -0.235542 0.182049 0.427967 0.173743 0.937418 0.301763 -0.963153 -0.241734 -0.256452 0.93584 1.38442 0 0 0 1 
36535719080117;0.508343;0.0861755;0.996922 -0.0485548 0.0615617 -0.0449965 0.0366138 0.982602 0.182077 -0.0480198 -0.0693314 -0.179262 0.981355 1.17291 0 0 0 1 
36535719080118;0.0642213;0.0916139;0.997842 0.0638891 -0.015152 -0.127383 -0.0639197 0.997954 -0.00154092 0.269938 0.0150226 0.00250611 0.999884 -0.212501 0 0 0 1 
36535719080119;0.384568;0.417498;0.97448 0.205728 0.089802 0.308053 -0.219291 0.957951 0.185045 0.24159 -0.0479569 -0.200015 0.978618 -0.101977 0 0 0 1 
36535719080120;0.113108;0.0856701;0.998929 -0.042746 0.0177098 0.00941158 0.0418113 0.997866 0.050159 -0.322087 -0.0198161 -0.0493648 0.998584 0.114363 0 0 0 1 
36535719080121;0.423482;0.0874124;0.97439 0.215043 -0.0657251 0.296531 -0.171576 0.899943 0.400829 0.16402 0.145344 -0.379287 0.913792 -0.479286 0 0 0 1 
36535719080122;0.427092;0.0760367;0.969594 -0.234366 0.070428 0.126453 0.225431 0.967373 0.115629 -1.56356 -0.0952295 -0.0962361 0.990793 0.64846 0 0 0 1 
36535719080124;0.190705;0.179066;0.986943 0.155063 0.0435734 0.271867 -0.157326 0.986044 0.0544519 0.346904 -0.0345219 -0.0605962 0.997565 0.220714 0 0 0 1 
36535719080125;0.422416;0.216981;0.887149 0.405887 -0.219597 0.594686 -0.374296 0.911203 0.172082 1.16193 0.269943 -0.0704679 0.960294 -0.987815 0 0 0 1 
36535719080126;0.446714;0.146079;0.992968 0.110434 -0.0426422 0.491357 -0.113556 0.990346 -0.0794983 -0.288576 0.0334512 0.0837816 0.995923 -0.369307 0 0 0 1 
36535719080127;0.355012;0.765784;0.998556 0.0404212 0.0353753 1.17418 -0.0368981 0.99478 -0.0951355 0.283715 -0.0390361 0.0936929 0.994836 -0.0389167 0 0 0 1 
36535719080128;0.249905;0.132481;0.999896 -0.00765966 -0.0122008 0.232659 0.00771556 0.99996 0.00454156 0.346372 0.0121655 -0.00463523 0.999915 -0.0886112 0 0 0 1 
36535719080129;0.526113;0.846552;0.999399 -0.00158023 -0.0346355 1.57231 0.000261395 0.999276 -0.0380492 -0.375941 0.0346705 0.0380173 0.998675 0.159176 0 0 0 1 
36535719080130;0.433817;0.152304;0.940172 0.0817027 0.330758 0.0703184 -0.0325554 0.987922 -0.151495 -0.307054 -0.33914 0.131664 0.931477 1.04914 0 0 0 1 
36535719080131;0.251532;0.641476;0.99945 0.0298013 -0.0145533 1.07676 -0.0300241 0.999432 -0.0153347 0.317658 0.014088 0.0157633 0.999776 0.0742461 0 0 0 1 
36535719080132;0.431426;0.138427;0.983199 0.0274251 -0.180467 0.100688 -0.0176389 0.998297 0.0556104 -0.545945 0.181685 -0.0514929 0.982008 -0.977068 0 0 0 1 
36535719080133;0.541591;0.184422;0.944283 0.206254 0.256494 0.382888 -0.252445 0.9539 0.162318 0.496605 -0.211191 -0.218024 0.952819 1.54808 0 0 0 1 
36535719080134;0.252306;0.163445;0.995799 -0.0898166 0.0178252 0.110619 0.0905246 0.994924 -0.0439596 -0.505873 -0.0137864 0.0453886 0.998874 -0.266352 0 0 0 1 
36535719080135;0.472023;0.621324;0.974021 0.00101865 0.226454 0.803585 -0.0400688 0.984987 0.167913 -0.153992 -0.222883 -0.172625 0.959439 0.70315 0 0 0 1 
36535719080136;0.302061;0.199992;0.977221 0.181819 -0.109459 0.333694 -0.194347 0.973884 -0.117387 0.943556 0.085257 0.135986 0.987035 -0.557539 0 0 0 1 
36535719080137;0.328535;0.166747;0.972487 0.213138 0.0940274 -0.0963082 -0.198067 0.968967 -0.14789 0.63914 -0.12263 0.125198 0.984524 0.0610718 0 0 0 1 
36535719080138;0.576365;0.121455;0.996968 0.0585471 0.0512486 0.785872 -0.0345033 0.923005 -0.383239 0.339386 -0.0697402 0.380309 0.922226 -0.471286 0 0 0 1 
36535719080139;0.521512;0.480752;0.997316 -0.0584482 0.0440882 0.534511 0.0559101 0.996821 0.0567579 -0.541608 -0.0472655 -0.0541406 0.997414 0.266077 0 0 0 1 
36535719080140;0.470285;0.173853;0.89927 0.414022 0.141067 0.072992 -0.410102 0.910244 -0.057203 1.38931 -0.152089 -0.006411 0.988346 0.135318 0 0 0 1 
36535719080141;0.30287;0.150529;0.973427 0.121584 0.194056 -0.183592 -0.137511 0.987968 0.070778 0.155261 -0.183115 -0.0955819 0.978434 0.623628 0 0 0 1 
36535719080142;0.480003;0.158936;0.974765 0.192079 0.11375 0.0532662 -0.222373 0.880192 0.4193 0.357036 -0.0195832 -0.434014 0.900693 0.0667185 0 0 0 1 
36535719080143;0.628053;0.188182;0.900684 0.422669 -0.100595 -0.361149 -0.432106 0.895577 -0.105951 1.56405 0.0453082 0.138897 0.98927 -0.25976 0 0 0 1 
36535719080144;0.602003;0.154243;0.946241 0.228046 -0.229399 0.587923 -0.273915 0.942129 -0.193295 1.23354 0.172043 0.245739 0.953946 -1.53176 0 0 0 1 
36535719080145;0.170435;0.172986;0.995499 0.094763 -0.00100035 0.205162 -0.0947518 0.995468 0.00813444 0.295887 0.00176666 -0.00800304 0.999966 0.166575 0 0 0 1 
36535719080146;0.207536;0.167612;0.982756 0.181702 0.034268 0.218436 -0.177593 0.979142 -0.0986997 0.68124 -0.0514872 0.090912 0.994527 0.0334336 0 0 0 1 
36535719080147;0.436345;0.149164;0.985587 0.162781 -0.0460442 0.613868 -0.159118 0.984452 0.0744057 0.994765 0.0574402 -0.0660069 0.996165 -0.459139 0 0 0 1 
36535719080148;0.640142;0.163099;0.970767 -0.234911 -0.0492755 1.36903 0.22192 0.956647 -0.18862 0.120375 0.0914483 0.172171 0.980813 -0.67763 0 0 0 1 
36535719080149;0.408897;0.158728;0.996518 -0.0686564 -0.047307 0.454826 0.0664948 0.996733 -0.0458458 -0.545593 0.0503 0.0425405 0.997828 0.404217 0 0 0 1 
36535719080150;0.385378;0.160448;0.996104 -0.0215531 0.0855068 0.189453 0.00537691 0.982711 0.185067 0.264035 -0.0880173 -0.183887 0.978999 -0.0269812 0 0 0 1 
36535719080151;0.147734;0.148368;0.992172 0.00849839 0.124591 0.115128 0.00205371 0.996436 -0.0843218 0.0181612 -0.124864 0.0839176 0.988619 0.20725 0 0 0 1 
36535719080152;0.417728;0.169907;0.899098 0.400703 -0.176241 0.388543 -0.37671 0.913317 0.15473 1.08834 0.222964 -0.0727253 0.97211 -0.488186 0 0 0 1 
36535719080153;0.136308;0.156197;0.98929 -0.129126 0.0680515 0.332356 0.126071 0.990886 0.0474479 -0.378446 -0.073558 -0.0383605 0.996553 0.200133 0 0 0 1 
36535719080155;0.377066;0.347607;0.997708 0.0281049 -0.0615594 0.269331 -0.00977449 0.959989 0.279866 0.247689 0.066962 -0.278622 0.958063 0.186073 0 0 0 1 
36535719080156;0.280014;0.289864;0.99993 -0.00905017 -0.00763318 0.323298 0.0105113 0.975307 0.220603 0.329915 0.0054482 -0.220667 0.975334 -0.0489536 0 0 0 1 
36535719080157;0.357849;0.315722;0.995027 -0.0400641 0.0911929 0.706615 0.00338297 0.928605 0.371055 0.55277 -0.0995481 -0.368901 0.924122 0.852502 0 0 0 1 
36535719080158;0.214487;0.187275;0.998619 -0.0485936 -0.0199734 0.705 0.0509098 0.98893 0.139376 0.301807 0.0129796 -0.1402 0.990038 0.0837679 0 0 0 1 
36535719080159;0.313033;0.199718;0.997909 -0.00653977 -0.064298 0.35292 0.0028076 0.998315 -0.0579646 -0.346828 0.0645687 0.0576629 0.996246 -0.785237 0 0 0 1 
36535719080160;0.477856;0.348459;0.939764 0.109465 -0.323823 0.119426 -0.0972841 0.993811 0.0536198 0.367981 0.327688 -0.0188871 0.944597 -1.00121 0 0 0 1 
36535719080161;0.262671;0.220008;0.995644 0.0902841 -0.0232735 0.13959 -0.0855907 0.984064 0.155862 -0.0385415 0.0369745 -0.153191 0.987505 0.153171 0 0 0 1 
36535719080162;0.249715;0.27965;0.992306 0.104459 -0.0664631 0.29091 -0.0738206 0.930133 0.359727 -0.140038 0.0993963 -0.352052 0.930688 -0.232294 0 0 0 1 
36535719080163;0.453936;0.257747;0.93255 0.124069 -0.339054 1.25521 -0.136508 0.990554 -0.0129881 0.372088 0.33424 0.0583958 0.940677 -1.23418 0 0 0 1 
36535719080164;0.466141;0.374373;0.975528 -0.0494685 0.21424 0.464365 0.00286647 0.977141 0.212571 0.387202 -0.219859 -0.206755 0.95337 1.24162 0 0 0 1 
36535719080165;0.321246;0.226236;0.962989 -0.0586538 0.263082 0.372256 -0.0588945 0.906666 0.417718 -0.105844 -0.263028 -0.417752 0.869655 0.735523 0 0 0 1 
36535719080166;0.389384;0.37145;0.96198 -0.125296 0.242683 1.1801 0.151158 0.984313 -0.0909852 -0.068423 -0.227476 0.124209 0.965829 0.163115 0 0 0 1 
36535719080167;0.40197;0.41337;0.990646 0.132889 -0.0310099 0.52626 -0.108782 0.906257 0.408491 0.392679 0.0823869 -0.401297 0.912235 0.0441045 0 0 0 1 
36535719080168;0.210711;0.247809;0.998612 -0.000352434 0.0526734 0.327815 0.00239456 0.999248 -0.0387114 -0.0554345 -0.0526202 0.0387838 0.997861 0.0820669 0 0 0 1 
36535719080169;0.371812;0.201591;0.962908 0.0557865 -0.264001 1.08582 0.0374994 0.941234 0.335668 -0.494066 0.267213 -0.333117 0.904229 -1.17336 0 0 0 1 
36535719080170;0.32738;0.239208;0.998248 0.0465155 0.0365808 0.261435 -0.0466902 0.998902 0.00393639 0.256352 -0.0363576 -0.00563746 0.999323 -1.05245 0 0 0 1 
36535719080171;0.334438;0.347173;0.999263 0.00704533 0.0377449 0.0890688 -0.00679479 0.999954 -0.00676206 0.237099 -0.0377909 0.0065006 0.999265 0.163338 0 0 0 1 
36535719080172;0.359248;0.267291;0.987187 0.123178 -0.10143 0.541632 -0.0980423 0.969765 0.223479 0.694311 0.125891 -0.210671 0.969417 -0.053969 0 0 0 1 
36535719080173;0.299017;0.190713;0.998727 -0.0288691 -0.0413717 0.404491 0.0291869 0.999549 0.00709801 -0.443631 0.0411481 -0.00829648 0.999119 -1.08459 0 0 0 1 
36535719080174;0.332371;0.204403;0.994226 -0.0800703 -0.0714439 1.323 0.0845243 0.994512 0.0616624 0.365935 0.0661145 -0.0673451 0.995537 -0.718142 0 0 0 1 
36535719080175;0.258801;0.248029;0.983937 -0.0497791 -0.171434 0.780278 0.0588288 0.997108 0.0481159 0.114652 0.168543 -0.0574283 0.98402 -1.26737 0 0 0 1 
36535719080176;0.244373;0.222962;0.986108 0.0424955 0.160576 0.101799 -0.0669305 0.986422 0.149975 0.142421 -0.152022 -0.158639 0.975563 0.185723 0 0 0 1 
36535719080177;0.307368;0.316393;0.992548 0.00754823 0.121622 0.116732 -0.0409441 0.96071 0.274517 0.338678 -0.114771 -0.277451 0.95386 0.919439 0 0 0 1 
36535719080178;0.333626;0.186917;0.933902 0.0435707 -0.354865 0.942973 0.0403334 0.973371 0.225658 -0.103652 0.355247 -0.225055 0.907276 -0.670869 0 0 0 1 
36535719080179;0.112272;0.175644;0.996743 -0.00653737 -0.0803808 0.442511 0.0177079 0.990126 0.139055 0.165957 0.0786781 -0.140025 0.987017 -0.494289 0 0 0 1 
36535719080180;0.447488;0.6876;0.995709 0.0101922 -0.0919778 1.84068 -0.00130566 0.995365 0.0961637 -0.111926 0.0925316 -0.095631 0.991107 -0.471386 0 0 0 1 
36535719080181;0.181751;0.202536;0.988783 -0.0109414 0.148957 0.39179 0.019108 0.998385 -0.0535047 0.108329 -0.148131 0.0557508 0.987395 0.092286 0 0 0 1 
36535719080182;0.227052;0.256522;0.985901 -0.0476158 0.160409 0.70557 0.060902 0.995016 -0.0789535 0.029139 -0.15585 0.0876096 0.983888 -0.177431 0 0 0 1 
36535719080183;0.271702;0.174008;0.990525 -0.0461064 -0.129358 1.1036 0.0750762 0.970538 0.228952 -0.0405703 0.114991 -0.236495 0.964804 -0.525849 0 0 0 1 
36535719080184;0.317465;0.327428;0.950305 0.0965681 -0.295966 1.17311 0.0617009 0.873396 0.483086 -0.565122 0.305146 -0.47734 0.824034 -0.59885 0 0 0 1 
36535719080186;0.390645;0.353558;0.899306 -0.0591943 0.433296 -0.390221 0.185204 0.949111 -0.25473 -0.537769 -0.396168 0.309328 0.864504 1.55362 0 0 0 1 
36535719080187;0.111223;0.31516;0.99873 0.0160307 0.0477632 -0.362223 -0.0161817 0.999865 0.00277464 -0.219085 -0.0477123 -0.003544 0.998855 -0.00387367 0 0 0 1 
36535719080188;0.65823;0.789499;0.908322 0.406973 0.0965632 -1.3605 -0.412918 0.909292 0.0518382 1.45489 -0.0667074 -0.0869584 0.993976 0.875572 0 0 0 1 
36535719080189;0.357007;0.346671;0.999211 0.006988 0.0390876 -1.11868 -0.00768098 0.999815 0.017607 0.176939 -0.0389573 -0.0178934 0.999081 -0.491266 0 0 0 1 
36535719080190;0.473164;1.15816;0.939264 -0.337193 0.063908 -1.8209 0.339676 0.939972 -0.0327587 -2.61215 -0.0490257 0.0524771 0.997418 0.104274 0 0 0 1 
36535719080191;0.28216;0.311255;0.982319 0.187191 -0.00299709 -0.625592 -0.185478 0.975257 0.1203 0.581179 0.0254421 -0.117617 0.992733 -0.723883 0 0 0 1 
36535719080192;0.431029;0.340966;0.983522 -0.156799 0.0899943 -1.27624 0.163863 0.983448 -0.0773194 -0.552362 -0.0763811 0.090792 0.992936 0.525253 0 0 0 1 
36535719080193;0.312078;0.353607;0.992302 -0.113412 0.0497394 -0.568041 0.101421 0.974712 0.199123 -1.00036 -0.0710645 -0.192545 0.978711 -0.335337 0 0 0 1 
36535719080194;0.164987;0.329574;0.985527 0.166582 0.0314264 -0.540008 -0.167072 0.98585 0.0136458 0.526347 -0.0287086 -0.0186988 0.999413 -0.0377447 0 0 0 1 
36535719080195;0.354366;0.303097;0.974556 -0.0415729 0.220256 -0.30145 0.0409883 0.999133 0.00722582 -0.616052 -0.220366 0.00198595 0.975415 0.209304 0 0 0 1 
36535719080196;0.523582;0.344695;0.986351 0.143975 0.079898 -0.958537 -0.164468 0.884796 0.435989 0.58426 -0.00792191 -0.443179 0.896398 -0.673185 0 0 0 1 
36535719080197;0.379637;0.386905;0.988199 -0.145903 -0.046649 -0.532541 0.147927 0.988047 0.0433691 -0.822671 0.0397638 -0.0497579 0.997969 -1.12754 0 0 0 1 
36535719080198;0.253973;0.312559;0.983114 -0.124204 0.134385 -0.557279 0.136951 0.986467 -0.0901491 -0.754855 -0.12137 0.107031 0.98682 0.775579 0 0 0 1 
36535719080199;0.451651;0.346176;0.989074 0.137999 0.0518475 -1.12315 -0.13824 0.990398 0.00106996 0.759642 -0.051202 -0.00822567 0.998654 0.676195 0 0 0 1 
36535719080200;0.601292;1.25006;0.955345 -0.212375 0.205456 -1.41945 0.229476 0.971269 -0.0630571 -2.29846 -0.186162 0.107389 0.976633 1.22909 0 0 0 1 
36535719080201;0.316883;0.336066;0.868146 0.081322 0.4896 -0.312015 0.00716202 0.984329 -0.176195 -0.211949 -0.496256 0.15647 0.853959 2.28419 0 0 0 1 
36535719080202;0.389074;0.336038;0.970356 0.224352 0.0898629 -0.685263 -0.226844 0.973757 0.0184177 1.19996 -0.0833726 -0.0382566 0.995784 -0.363418 0 0 0 1 
36535719080203;0.247825;0.669793;0.981676 -0.156951 0.108069 -1.3283 0.156094 0.987606 0.0163974 -1.11967 -0.109303 0.00077193 0.994008 0.398561 0 0 0 1 
36535719080204;0.323434;0.34543;0.996076 -0.058725 0.0662188 -0.744828 0.0573968 0.998114 0.0217873 -1.14328 -0.0673734 -0.017901 0.997567 -0.105294 0 0 0 1 
36535719080205;0.326801;0.328475;0.95172 -0.0596756 0.301112 -0.266173 0.157825 0.936467 -0.313242 -0.733471 -0.263288 0.345642 0.900673 1.0409 0 0 0 1 
36535719080206;0.360649;0.323589;0.993909 0.0983173 0.0497948 -0.681038 -0.0981684 0.995155 -0.00543304 0.907855 -0.0500877 0.000511667 0.998745 -0.0236108 0 0 0 1 
36535719080207;0.378318;0.318045;0.998772 -0.0200243 0.0453055 0.187051 0.0199891 0.999799 0.00122902 -0.331489 -0.0453211 -0.000321897 0.998972 0.0936481 0 0 0 1 
36535719080208;0.281021;0.29473;0.975522 -0.0582282 0.212052 -0.716672 0.0506632 0.997876 0.0409405 -0.611411 -0.213985 -0.0291952 0.976401 1.32952 0 0 0 1 
36535719080209;0.41046;0.745346;0.96464 -0.208188 0.161638 -1.80269 0.183444 0.970664 0.155431 -1.61319 -0.189256 -0.120283 0.974533 0.781192 0 0 0 1 
36535719080210;0.243944;0.312291;0.971808 0.139559 0.190033 -0.200595 -0.148589 0.988313 0.034056 0.313868 -0.183059 -0.0613326 0.981187 0.65059 0 0 0 1 
36535719080211;0.419439;0.374324;0.929606 0.367661 0.0256711 -0.735274 -0.367902 0.92985 0.00524159 1.09622 -0.0219432 -0.0143171 0.999657 -0.0582429 0 0 0 1 
36535719080212;0.411637;0.343452;0.949975 0.271423 0.154519 -0.10684 -0.269 0.962437 -0.0367861 0.502545 -0.1587 -0.00661992 0.987305 0.785055 0 0 0 1 
36535719080213;0.271077;0.327576;0.979881 -0.161705 -0.116979 -0.676433 0.137689 0.972021 -0.190306 -0.870459 0.144479 0.170371 0.97473 -1.04142 0 0 0 1 
36535719080214;0.356981;0.317507;0.955826 0.158271 -0.247683 -0.539172 -0.165629 0.986147 -0.00901964 0.240279 0.242824 0.0496446 0.968799 -0.932959 0 0 0 1 
36535719080215;0.558879;0.305488;0.958236 0.218329 0.184706 -0.543534 -0.160079 0.944703 -0.2862 0.755075 -0.236979 0.244679 0.940198 1.96482 0 0 0 1 
36535719080217;0.267916;0.0346039;0.967964 -0.177616 -0.177478 0.532609 0.154592 0.97855 -0.136169 -0.245194 0.197857 0.10437 0.974659 -0.963095 0 0 0 1 
36535719080218;0.403611;0.0304375;0.997111 0.0759529 0.000425261 -0.329726 -0.0759399 0.996801 0.0249008 0.715379 0.00146738 -0.0248611 0.99969 0.435422 0 0 0 1 
36535719080219;0.612805;0.474493;0.998083 0.0147884 0.0600901 -0.227241 -0.0155751 0.999799 0.0126445 0.121652 -0.059891 -0.0135561 0.998113 0.661546 0 0 0 1 
36535719080220;0.465305;0.0358402;0.971234 -0.11777 -0.206964 0.412448 0.0973196 0.989551 -0.106389 0.151848 0.217331 0.0831873 0.972547 -1.46196 0 0 0 1 
36535719080221;0.397154;0.0293004;0.978374 -0.201482 0.0467841 -0.183524 0.19157 0.967952 0.162389 -0.799336 -0.0780031 -0.149914 0.985617 -0.128186 0 0 0 1 
36535719080222;0.388852;0.0319691;0.984191 -0.10455 0.142959 -0.445533 0.138994 0.956206 -0.257588 -0.245141 -0.109768 0.273386 0.955621 0.188923 0 0 0 1 
36535719080223;0.332061;0.0279256;0.929469 -0.188378 -0.317176 0.849846 0.164849 0.981265 -0.0997141 -0.620081 0.330017 0.0403951 0.94311 -0.901638 0 0 0 1 
36535719080224;0.591626;0.0342566;0.994065 0.097398 0.0484577 -0.374742 -0.0781848 0.949364 -0.304294 1.2183 -0.0756417 0.298699 0.951345 0.426718 0 0 0 1 
36535719080225;0.418431;0.34049;0.989893 -0.0536947 0.131258 0.038649 0.0515293 0.998474 0.0198407 -0.013485 -0.132123 -0.0128766 0.99115 0.683601 0 0 0 1 
36535719080226;0.434396;0.409706;0.988327 0.0739834 -0.133175 0.273951 -0.0738668 0.997251 0.00582244 0.188399 0.13324 0.00408277 0.991075 -0.249963 0 0 0 1 
36535719080227;0.258425;0.0353205;0.981165 0.169565 0.0925407 -0.0536484 -0.173812 0.983971 0.0398908 0.410118 -0.0842932 -0.0552242 0.99491 0.551653 0 0 0 1 
36535719080228;0.348273;0.0291502;0.957699 -0.198665 0.208196 0.120472 0.207507 0.978002 -0.0212975 -0.295113 -0.199385 0.0635987 0.977855 0.850701 0 0 0 1 
36535719080229;0.349476;0.0325315;0.994577 0.0612973 0.0840232 -0.231272 -0.0469268 0.985437 -0.163435 0.16081 -0.0928177 0.158606 0.982969 -0.467355 0 0 0 1 
36535719080230;0.507963;0.534907;0.948063 -0.00992937 0.317927 0.041468 0.0257475 0.998628 -0.0455909 0.143448 -0.317038 0.0514089 0.947019 0.540268 0 0 0 1 
36535719080231;0.499847;0.0334936;0.999955 0.00468946 -0.00829232 -0.329261 -0.00447113 0.999648 0.0261543 -0.421799 0.00841205 -0.026116 0.999624 -0.874694 0 0 0 1 
36535719080232;0.400636;0.0274082;0.974799 -0.203367 0.0917011 0.174402 0.171316 0.94571 0.276194 -0.461478 -0.142891 -0.253524 0.956717 1.02548 0 0 0 1 
36535719080233;0.232565;0.0309315;0.985131 0.0599275 -0.161013 0.0427037 -0.0417471 0.992602 0.114015 0.0559626 0.166654 -0.105598 0.980345 -0.123643 0 0 0 1 
36535719080234;0.243089;0.0338437;0.999955 0.0082039 0.00481463 0.18168 -0.00814536 0.999894 -0.0120544 0.123089 -0.00491301 0.0120147 0.999916 -0.461988 0 0 0 1 
36535719080235;0.336455;0.0290559;0.988876 -0.132989 -0.0666126 -0.189111 0.14466 0.96408 0.222763 -0.542675 0.0345947 -0.229922 0.972594 0.0542445 0 0 0 1 
36535719080236;0.526732;0.0310631;0.95841 -0.128392 0.254885 0.558307 0.0706528 0.972032 0.223969 -0.539342 -0.276512 -0.196646 0.940676 1.6522 0 0 0 1 
36535719080237;0.707625;0.496541;0.999822 -0.0179699 0.00579986 0.0629475 0.0179817 0.999836 -0.00198639 0.158609 -0.00576322 0.00209032 0.999981 0.712676 0 0 0 1 
36535719080238;0.378354;0.0296091;0.980575 0.182973 -0.0706709 0.335973 -0.1654 0.965001 0.203511 0.718617 0.105434 -0.187868 0.976519 -0.186306 0 0 0 1 
36535719080239;0.260619;0.0347495;0.999401 -0.0265088 0.0222457 0.371708 0.0262973 0.999607 0.00974508 -0.140148 -0.0224953 -0.00915424 0.999705 0.348199 0 0 0 1 
36535719080240;0.347346;0.0276916;0.99735 0.00787128 0.072327 -0.0479926 0.0195676 0.928478 -0.370871 0.348287 -0.0700733 0.371304 0.925864 -0.324149 0 0 0 1 
36535719080241;0.461675;0.0316975;0.944124 0.147201 0.294892 -0.230333 -0.0702168 0.964017 -0.256401 -0.19633 -0.322023 0.221368 0.920488 0.66107 0 0 0 1 
36535719080242;0.184835;0.0346488;0.991963 0.104691 0.0710542 -0.162655 -0.106041 0.994241 0.0154947 0.0266647 -0.0690228 -0.0229048 0.997352 0.114625 0 0 0 1 
36535719080243;0.50255;0.524825;0.999319 -0.0289355 0.0229127 0.0578548 0.0294618 0.999302 -0.0229769 -0.0529245 -0.0222318 0.0236363 0.999473 -0.208349 0 0 0 1 
36535719080244;0.3548;0.0272371;0.920197 0.25702 0.29526 -0.248525 -0.275293 0.961124 0.0213212 0.661379 -0.278302 -0.100903 0.955179 1.11144 0 0 0 1 
36535719080245;0.421326;0.0353116;0.969179 0.125294 -0.212118 0.451508 -0.14582 0.985738 -0.0840023 0.560409 0.198568 0.112344 0.973627 -1.30121 0 0 0 1 
36535719080246;0.428678;0.0346706;0.966586 0.256343 -0.000619494 0.0995351 -0.255342 0.962592 -0.090644 1.12013 -0.0226396 0.0877734 0.995883 -0.521051 0 0 0 1 
36535719080248;0.279109;0.0637568;0.999665 -0.0255168 -0.00438008 0.902366 0.0255393 0.99966 0.00517139 0.154799 0.00424664 -0.00528152 0.999977 -0.386998 0 0 0 1 
36535719080249;0.148582;0.123413;0.99852 -0.0541115 -0.00547567 0.0294702 0.0541326 0.998527 0.00377015 -0.173387 0.00526359 -0.00406098 0.999978 -0.189037 0 0 0 1 
36535719080250;0.310686;0.120156;0.996332 -0.0207425 0.0830177 0.0180883 0.0201905 0.999768 0.00748348 0.128349 -0.0831537 -0.00577987 0.99652 -0.689174 0 0 0 1 
36535719080251;0.298484;0.134659;0.999673 0.0144778 -0.021096 -0.191938 -0.0132471 0.998266 0.0573546 0.533342 0.0218898 -0.0570564 0.998131 0.155959 0 0 0 1 
36535719080252;0.364884;0.312643;0.976791 -0.161061 -0.141203 1.44339 0.160859 0.986893 -0.0129206 -0.73224 0.141433 -0.010093 0.989896 -0.33965 0 0 0 1 
36535719080253;0.298099;0.3009;0.994875 -0.100459 -0.011443 0.942099 0.0997053 0.993554 -0.0539436 -0.281375 0.0167884 0.0525262 0.998478 -0.564539 0 0 0 1 
36535719080254;0.413793;0.377739;0.995778 -0.0884156 -0.0246655 0.372573 0.0811551 0.973567 -0.213499 0.120275 0.0428901 0.210596 0.976632 -0.425393 0 0 0 1 
36535719080255;0.265645;0.16574;0.99357 -0.0859739 0.0736727 0.338563 0.102693 0.958315 -0.26662 -0.32192 -0.0476793 0.272471 0.960982 0.239574 0 0 0 1 
36535719080256;0.228269;0.113825;0.974262 0.2253 -0.00730392 0.0870122 -0.225256 0.974279 0.00635246 0.416831 0.00854727 -0.00454371 0.999953 -0.0968462 0 0 0 1 
36535719080257;0.266234;0.20639;0.999909 -0.0134578 -0.00101729 -0.139779 0.0134801 0.999553 0.0266982 -0.146894 0.000657532 -0.0267095 0.999643 -0.0644026 0 0 0 1 
36535719080258;0.327944;0.0614603;0.998516 -0.0515484 -0.0175604 0.756125 0.0518933 0.998457 0.0197873 -0.722923 0.0165133 -0.0206692 0.99965 0.516477 0 0 0 1 
36535719080259;0.241821;0.120179;0.987312 0.137478 -0.0794705 0.508037 -0.136294 0.990463 0.0201637 0.0716402 0.0814847 -0.00907656 0.996633 -0.647322 0 0 0 1 
36535719080260;0.113181;0.0762973;0.999865 -0.00155939 -0.0163479 0.104917 0.003299 0.994261 0.106932 -0.0147745 0.0160873 -0.106972 0.994132 0.168953 0 0 0 1 
