#;prob_registration_l1 -r /home/probabilistic_point_clouds_registration/build/tester /home/point_clouds_registration_benchmark/gazebo_winter_local.txt /home/point_clouds_registration_benchmark/gazebo_winter -s 0.2 -t 0.2 -p 0.3 -r 1000 -m 5 -i 40 
id;initial_error;final_error;transformation
38591597440000;0.538033;0.0221342;0.993744 -0.0991336 -0.0514396 -0.406306 0.100712 0.994491 0.0290502 -0.446527 0.0482764 -0.034049 0.998254 0.550911 0 0 0 1 
38591597440001;0.518725;0.0318613;0.956065 0.228464 0.183694 -0.0131944 -0.245247 0.966615 0.0742298 0.926974 -0.160602 -0.116019 0.980177 -0.0318515 0 0 0 1 
38591597440002;0.466312;0.0219843;0.983762 -0.132484 0.121084 0.0505641 0.136805 0.990201 -0.0280573 -0.321564 -0.11618 0.0441665 0.992246 -0.209125 0 0 0 1 
38591597440003;0.369171;0.0311453;0.979853 0.199714 0.00180997 -0.208503 -0.19972 0.979845 0.00396757 0.762339 -0.000981109 -0.00424912 0.99999 0.383571 0 0 0 1 
38591597440004;0.566929;0.282555;0.952469 0.164775 -0.256225 0.82057 -0.162233 0.98626 0.0311816 0.489587 0.257842 0.0118685 0.966114 -1.54928 0 0 0 1 
38591597440005;0.214626;0.0197078;0.994912 -0.0810137 -0.0598832 0.00973451 0.080625 0.996705 -0.00888254 -0.296629 0.0604055 0.00400927 0.998166 -0.597698 0 0 0 1 
38591597440006;0.296525;0.0239886;0.960168 -0.219604 -0.172773 0.160551 0.240906 0.963868 0.113679 -1.01524 0.141566 -0.150773 0.97838 -0.355883 0 0 0 1 
38591597440007;0.55939;0.0324386;0.989899 0.141735 -0.00344249 0.0609845 -0.141185 0.987692 0.0673109 0.184682 0.0129404 -0.0661449 0.997726 -0.877594 0 0 0 1 
38591597440008;0.573696;0.0230538;0.909139 0.00779638 0.41642 0.313213 -0.111696 0.967763 0.22574 0.468882 -0.401236 -0.251741 0.880702 2.45629 0 0 0 1 
38591597440009;0.226381;0.0135136;0.999421 -0.0284404 0.0186783 0.0476266 0.0277006 0.998865 0.038739 0.0683948 -0.0197589 -0.0381992 0.999075 -0.251577 0 0 0 1 
38591597440010;0.405479;0.0256949;0.933892 -0.110599 0.340021 0.0771059 0.224835 0.921071 -0.317926 -0.784681 -0.278021 0.373357 0.885047 1.66736 0 0 0 1 
38591597440011;0.432428;0.0480232;0.953783 -0.287189 -0.0884337 0.300557 0.300478 0.908222 0.291284 -1.54176 -0.00333623 -0.304394 0.95254 -0.277996 0 0 0 1 
38591597440012;0.493861;0.0407415;0.996338 -0.00440744 -0.0853911 0.320456 -0.000392819 0.998424 -0.0561168 -0.245744 0.0855039 0.0559448 0.994766 0.329345 0 0 0 1 
38591597440013;0.489902;0.138731;0.937528 0.294811 0.184737 0.0935998 -0.301268 0.953512 0.00726209 0.798863 -0.174008 -0.0624636 0.982761 0.384909 0 0 0 1 
38591597440014;0.265078;0.0210847;0.950896 -0.0573994 0.304142 -0.0625691 0.0902139 0.991386 -0.0949524 -0.284003 -0.296072 0.117728 0.947883 1.44412 0 0 0 1 
38591597440015;0.50504;0.0277849;0.95231 -0.294781 0.0787965 0.341182 0.268385 0.932075 0.24332 -1.58257 -0.145171 -0.210569 0.96674 0.158493 0 0 0 1 
38591597440016;0.306367;0.0237069;0.961367 0.117347 -0.249006 0.261331 -0.0701171 0.979137 0.19072 0.000653355 0.266191 -0.165892 0.949538 -1.35157 0 0 0 1 
38591597440017;0.306001;0.0273851;0.991731 -0.127682 0.0128804 -0.21804 0.128277 0.989204 -0.0708603 -0.903706 -0.00369375 0.0719267 0.997403 0.104077 0 0 0 1 
38591597440018;0.310987;0.0205275;0.975692 0.218678 -0.0143108 0.442944 -0.218888 0.975631 -0.0152203 1.01711 0.0106337 0.0179828 0.999782 -0.291758 0 0 0 1 
38591597440019;0.565481;0.0109121;0.985809 -0.160843 0.0480676 -0.574384 0.144815 0.959631 0.241117 -0.260173 -0.0849092 -0.230734 0.969305 -0.151648 0 0 0 1 
38591597440020;0.471158;0.027915;0.948217 -0.317268 -0.0150063 -0.0314027 0.308522 0.931247 -0.19389 -1.30517 0.0754897 0.17922 0.980909 0.271692 0 0 0 1 
38591597440021;0.264772;0.166365;0.977501 0.117567 0.175127 -0.0579311 -0.126082 0.991281 0.0382805 0.355599 -0.1691 -0.0594997 0.983801 0.608706 0 0 0 1 
38591597440022;0.382739;0.028228;0.994665 -0.027696 -0.0993693 -0.321095 0.0341038 0.997407 0.0633766 -0.474068 0.0973563 -0.0664274 0.99303 -0.0799727 0 0 0 1 
38591597440023;0.504596;0.275178;0.993233 0.114428 -0.0198864 0.0253039 -0.115436 0.99147 -0.0605175 0.59102 0.0127918 0.0624036 0.997969 -0.548755 0 0 0 1 
38591597440024;0.223621;0.0243291;0.997259 -0.0527043 0.0519274 -0.0262593 0.0643188 0.964437 -0.256368 0.0606614 -0.036569 0.259006 0.965183 0.321232 0 0 0 1 
38591597440025;0.497841;0.0275981;0.93692 -0.231932 0.261513 -0.359932 0.267047 0.95768 -0.107396 -1.34966 -0.225537 0.170457 0.959207 0.627406 0 0 0 1 
38591597440026;0.507307;0.293177;0.968223 -0.109738 -0.224724 0.33314 0.122236 0.991593 0.0424367 -0.393415 0.218178 -0.0685577 0.973498 -0.613727 0 0 0 1 
38591597440027;0.37107;0.0249663;0.995774 0.00407434 0.0917448 -0.240022 -0.0465695 0.883442 0.466221 0.119793 -0.0791516 -0.468523 0.879898 0.358968 0 0 0 1 
38591597440028;0.144155;0.0265445;0.985792 -0.15903 -0.0540701 0.0207072 0.157655 0.987073 -0.028831 -0.596571 0.0579562 0.0198969 0.998121 -0.162663 0 0 0 1 
38591597440029;0.386592;0.0289328;0.93825 -0.306906 0.159672 -0.00528608 0.258273 0.928457 0.26695 -1.36531 -0.230177 -0.209227 0.950391 0.854164 0 0 0 1 
38591597440031;0.613756;0.252839;0.960376 -0.0761372 -0.268108 0.265648 0.0542346 0.994627 -0.0881829 -0.761011 0.273381 0.070148 0.959345 -1.26592 0 0 0 1 
38591597440032;0.317715;0.0292584;0.936563 0.293152 -0.192124 1.02776 -0.313208 0.946021 -0.0833385 1.44921 0.157323 0.138227 0.977826 -0.419324 0 0 0 1 
38591597440033;0.586776;0.0409761;0.926688 -0.102888 0.361473 0.469145 0.0853605 0.994281 0.064174 0.109985 -0.366008 -0.0286138 0.930172 1.46809 0 0 0 1 
38591597440034;0.22655;0.0348591;0.985956 -0.146372 0.0804085 -0.330306 0.159797 0.966776 -0.199524 -0.980926 -0.0485322 0.20957 0.976588 0.619499 0 0 0 1 
38591597440035;0.489052;0.0300557;0.986464 -0.0934386 0.134752 -0.0128165 0.10635 0.990061 -0.0920219 -1.26255 -0.124814 0.105107 0.986597 0.741014 0 0 0 1 
38591597440036;0.235684;0.0238147;0.985463 -0.169882 -0.00149693 -0.111709 0.169804 0.985212 -0.0228935 -0.551139 0.00536399 0.0223065 0.999737 -0.0320104 0 0 0 1 
38591597440037;0.200232;0.0282322;0.994709 0.100734 0.0201418 0.172488 -0.100785 0.994907 0.00153532 0.407378 -0.0198846 -0.0035572 0.999796 -0.240251 0 0 0 1 
38591597440038;0.419626;0.0580993;0.957877 0.280461 -0.0617529 0.690399 -0.287166 0.937498 -0.196555 1.05665 0.00276708 0.206009 0.978546 0.832855 0 0 0 1 
38591597440039;0.360484;0.0220131;0.998731 -0.0211988 0.0456866 -0.0556635 0.0279082 0.988043 -0.15163 -0.265619 -0.041926 0.152713 0.987381 -0.0709928 0 0 0 1 
38591597440040;0.46013;0.0301171;0.878823 0.236762 -0.414263 1.40774 -0.245808 0.968783 0.0322256 0.935858 0.40896 0.0735085 0.909587 -1.94145 0 0 0 1 
38591597440041;0.266595;0.0270572;0.998461 0.0550278 0.00684778 -0.328524 -0.0551034 0.998416 0.0113859 0.171792 -0.00621039 -0.0117457 0.999912 0.0463538 0 0 0 1 
38591597440042;0.263344;0.0321668;0.966005 0.21407 -0.144944 0.614545 -0.198504 0.973374 0.114623 0.467821 0.165622 -0.0819547 0.982778 -0.728311 0 0 0 1 
38591597440043;0.518284;0.0431501;0.962696 0.265178 -0.0538197 1.01977 -0.257987 0.959521 0.112969 1.06457 0.0815979 -0.0948699 0.99214 -1.28486 0 0 0 1 
38591597440044;0.328581;0.0290194;0.963753 0.250979 0.0904938 0.562355 -0.243205 0.965905 -0.0887608 1.24618 -0.109685 0.063535 0.991934 0.918293 0 0 0 1 
38591597440045;0.358212;0.0323307;0.978502 0.164186 0.12481 0.132254 -0.167875 0.985614 0.0195702 0.925762 -0.119801 -0.040102 0.991988 0.865232 0 0 0 1 
38591597440046;0.061941;0.0333264;0.999477 -0.0106702 0.0305234 0.0019138 0.00992911 0.999655 0.0243275 -0.0403345 -0.0307725 -0.0240117 0.999238 0.0671726 0 0 0 1 
38591597440047;0.281023;0.0321976;0.982621 0.169703 -0.0752157 0.566666 -0.161053 0.980896 0.109112 0.420909 0.0922954 -0.095102 0.99118 -0.946156 0 0 0 1 
38591597440048;0.595102;0.0253703;0.986053 0.0498522 -0.158792 0.0320492 0.000844779 0.952575 0.304304 -0.85425 0.166431 -0.300194 0.939247 -2.05083 0 0 0 1 
38591597440049;0.461067;0.0279148;0.896765 0.124439 -0.42465 0.987994 -0.207265 0.965988 -0.154623 0.832548 0.390966 0.226676 0.892056 -1.63709 0 0 0 1 
38591597440050;0.266343;0.021688;0.998691 0.0112068 -0.0499078 0.0782475 -0.0259826 0.951596 -0.30625 0.182736 0.04406 0.307146 0.950642 0.132193 0 0 0 1 
38591597440051;0.432966;0.0319451;0.926222 0.18898 -0.326191 1.12757 -0.18765 0.981582 0.0358475 1.08105 0.326957 0.028007 0.944624 -1.19724 0 0 0 1 
38591597440052;0.0767887;0.0363201;0.995047 -0.0169543 0.0979508 -0.0443544 0.0196307 0.999458 -0.0264249 -0.126446 -0.0974497 0.0282169 0.99484 0.436634 0 0 0 1 
38591597440053;0.465189;0.037143;0.972047 0.224807 -0.0677281 0.975668 -0.217923 0.971226 0.0960721 1.41563 0.087377 -0.0786271 0.993067 -0.426628 0 0 0 1 
38591597440054;0.503874;0.0330104;0.997317 0.0466303 0.0564229 -0.748487 -0.0509926 0.995608 0.078519 0.157668 -0.0525137 -0.0811855 0.995315 0.22127 0 0 0 1 
38591597440055;0.362809;0.0324408;0.992939 -0.11846 0.00622159 -0.200658 0.11847 0.992957 -0.00130472 -0.66205 -0.00602322 0.00203258 0.99998 -0.553669 0 0 0 1 
38591597440056;0.349297;0.0461246;0.957634 0.265405 0.111793 0.559703 -0.287495 0.903752 0.317143 0.78484 -0.0168614 -0.335847 0.941766 -0.353564 0 0 0 1 
38591597440057;0.335627;0.0382359;0.926892 -0.0152909 -0.375016 0.551269 0.0332562 0.998586 0.04148 -0.122211 0.373851 -0.0509192 0.92609 -1.68345 0 0 0 1 
38591597440058;0.689618;0.131406;0.952458 0.298299 -0.0619736 -0.0631383 -0.2976 0.954472 0.0204344 1.38162 0.0652476 -0.00101956 0.997869 -0.659481 0 0 0 1 
38591597440059;0.45308;0.0224519;0.999977 0.00672374 0.000962142 -0.362632 -0.0067153 0.999941 -0.00852437 -0.359837 -0.0010194 0.00851771 0.999963 -0.558146 0 0 0 1 
38591597440060;0.265486;0.0294969;0.995481 -0.0932148 0.0181116 -0.0124535 0.0918823 0.993705 0.064095 -0.667716 -0.0239722 -0.0621412 0.997779 0.291769 0 0 0 1 
38591597440062;0.128316;0.0402509;0.997089 -0.0761361 0.00417094 -0.227648 0.0747246 0.986563 0.145292 -0.523614 -0.0151768 -0.144557 0.98938 -0.415208 0 0 0 1 
38591597440063;0.451456;0.039809;0.996171 -0.0345659 0.080303 -0.241594 0.00740823 0.948592 0.316415 -0.515882 -0.0871119 -0.314608 0.945216 0.194023 0 0 0 1 
38591597440064;0.130373;0.0404332;0.997801 0.0662813 -0.000698062 0.0198338 -0.0661067 0.994291 -0.0837515 0.198501 -0.00485708 0.0836135 0.996486 0.161667 0 0 0 1 
38591597440065;0.480669;0.0464151;0.950855 0.082228 0.29852 -0.0671838 -0.0593617 0.99462 -0.0848897 0.372027 -0.303894 0.0629971 0.950621 0.859123 0 0 0 1 
38591597440066;0.373674;0.0440607;0.918289 0.0344159 0.394412 0.11974 -0.0747324 0.993374 0.087315 0.356345 -0.388793 -0.109656 0.914776 1.66023 0 0 0 1 
38591597440067;0.212733;0.0413113;0.98434 0.142193 0.104193 0.302089 -0.165224 0.950228 0.264136 0.394767 -0.0614487 -0.277215 0.958841 -0.397323 0 0 0 1 
38591597440068;0.0642751;0.0387637;0.998267 -0.0390161 -0.0440536 -0.120013 0.0365408 0.997781 -0.0556611 -0.124354 0.0461275 0.0539549 0.997477 -0.0662105 0 0 0 1 
38591597440069;0.225205;0.0365789;0.993956 -0.0522002 -0.0965719 -0.106199 0.0446013 0.995857 -0.0792387 -0.159293 0.100308 0.0744526 0.992167 -0.648096 0 0 0 1 
38591597440070;0.596655;0.0339421;0.983247 -0.132822 0.124838 -1.02171 0.145616 0.984311 -0.0996423 -0.0131347 -0.109645 0.116151 0.987161 0.492872 0 0 0 1 
38591597440071;0.538974;0.0409373;0.968402 0.203361 0.144369 0.250535 -0.230844 0.949998 0.210272 1.21375 -0.0943892 -0.236955 0.966925 0.423496 0 0 0 1 
38591597440072;0.398938;0.0326342;0.986197 0.0853803 -0.141864 0.398633 -0.131884 0.923091 -0.361262 0.920331 0.100109 0.374985 0.92161 0.197409 0 0 0 1 
38591597440073;0.454646;0.0494552;0.971635 0.235945 0.0159937 0.159836 -0.235857 0.971761 -0.00719532 0.763493 -0.0172398 0.00321899 0.999846 -0.320454 0 0 0 1 
38591597440074;0.403252;0.0455256;0.995351 -0.0962641 0.00300333 0.353928 0.0963101 0.994725 -0.0353195 -0.39502 0.000412512 0.0354445 0.999372 0.257757 0 0 0 1 
38591597440075;0.606683;0.0428093;0.998718 -0.043284 -0.0262426 0.326491 0.027534 0.899581 -0.435886 -0.0114906 0.0424742 0.434605 0.899619 1.67216 0 0 0 1 
38591597440076;0.528752;0.0445212;0.999276 0.0214119 -0.0314589 -0.616379 -0.0207758 0.999576 0.0204107 0.243521 0.0318826 -0.0197424 0.999297 0.307644 0 0 0 1 
38591597440077;0.46683;0.400902;0.970973 0.0281421 0.23753 -0.546086 -0.0727013 0.980795 0.180985 0.150219 -0.227875 -0.193 0.954371 0.481765 0 0 0 1 
38591597440078;0.164495;0.034042;0.999947 -0.00907911 0.00491301 -0.294167 0.00913643 0.999889 -0.0117727 -0.0916571 -0.00480558 0.011817 0.999919 0.0829532 0 0 0 1 
38591597440079;0.383028;0.0464473;0.935362 0.0688495 0.346925 0.486068 -0.122743 0.983099 0.135832 0.359775 -0.33171 -0.169635 0.928005 0.613315 0 0 0 1 
38591597440080;0.593423;0.313353;0.995185 -0.0881083 -0.0429473 -0.135635 0.0899107 0.995063 0.0420151 -0.407771 0.0390334 -0.0456742 0.998193 0.342417 0 0 0 1 
38591597440081;0.611108;0.0399525;0.938544 -0.0108115 -0.344989 0.94498 -0.106079 0.9421 -0.318113 0.435734 0.328454 0.335159 0.883055 -1.15656 0 0 0 1 
38591597440082;0.502695;0.356833;0.995292 0.0902587 0.0353119 -0.352832 -0.0925559 0.993245 0.0699794 0.390738 -0.0287571 -0.0729183 0.996923 -0.560618 0 0 0 1 
38591597440083;0.715049;0.0446897;0.917388 -0.354458 0.180995 -0.536794 0.38347 0.908954 -0.163568 -2.08822 -0.106538 0.219461 0.969787 2.00132 0 0 0 1 
38591597440084;0.378082;0.046139;0.988773 -0.00680907 0.149272 -0.220946 -0.0220077 0.981431 0.190547 -0.0545181 -0.147798 -0.191692 0.970263 -0.436984 0 0 0 1 
38591597440085;0.428084;0.431526;0.997854 0.0480595 0.044473 -0.0476143 -0.048547 0.998771 0.00994682 0.0959919 -0.0439404 -0.0120845 0.998961 0.242172 0 0 0 1 
38591597440086;0.348552;0.0465316;0.95235 0.21147 -0.219793 0.77054 -0.275841 0.904668 -0.32479 1.08902 0.130156 0.369942 0.919893 0.562948 0 0 0 1 
38591597440087;0.456571;0.0422836;0.971198 -0.236471 -0.0292643 -0.980534 0.237131 0.971237 0.0216012 -1.28173 0.0233145 -0.0279185 0.999338 -0.683516 0 0 0 1 
38591597440088;0.581918;0.0396265;0.991619 0.0419352 0.122205 -0.435323 -0.0447496 0.99879 0.020376 0.523455 -0.121203 -0.0256739 0.992296 -0.311791 0 0 0 1 
38591597440089;0.343578;0.0387472;0.975613 -0.180816 -0.124438 -0.254677 0.136826 0.94428 -0.299357 -0.456921 0.171633 0.27503 0.945992 -0.419937 0 0 0 1 
38591597440090;0.290589;0.0416946;0.994239 -0.104299 0.0247015 -0.234416 0.104008 0.994494 0.0127992 -0.169348 -0.0259005 -0.0101563 0.999613 0.341256 0 0 0 1 
38591597440091;0.344699;0.360488;0.999522 -0.00934465 0.0294794 -0.183696 0.0101268 0.999598 -0.0264953 -0.0336317 -0.0292199 0.0267811 0.999214 0.127232 0 0 0 1 
38591597440093;0.395285;0.0196496;0.920463 -0.327908 0.212658 -0.0303368 0.339941 0.940198 -0.0216518 -0.060159 -0.19284 0.0922207 0.976887 -0.220116 0 0 0 1 
38591597440094;0.48271;0.0155326;0.899279 0.0997986 0.425838 0.0319253 -0.133035 0.989902 0.0489499 0.475474 -0.416653 -0.100671 0.903474 -0.121658 0 0 0 1 
38591597440095;0.208258;0.0123105;0.966596 0.256269 -0.00425319 -0.129466 -0.256033 0.966205 0.0299233 0.279487 0.0117779 -0.0278348 0.999543 -0.00209311 0 0 0 1 
38591597440096;0.348707;0.0186118;0.905818 0.365662 -0.213974 0.00763913 -0.325856 0.924082 0.199724 0.339913 0.270761 -0.111189 0.956204 -0.0628551 0 0 0 1 
38591597440097;0.0996698;0.0143755;0.995985 -0.08428 -0.0301632 0.0457471 0.0840313 0.996419 -0.00942191 -0.120776 0.0308492 0.00684944 0.999501 0.0776446 0 0 0 1 
38591597440098;0.341585;0.0266051;0.918858 -0.297575 0.259133 0.185678 0.267055 0.952438 0.14678 -0.444746 -0.290486 -0.0656667 0.954623 0.421436 0 0 0 1 
38591597440099;0.517514;0.0129881;0.86787 0.253785 0.427076 -0.648205 -0.280756 0.959779 0.000191766 0.600035 -0.40985 -0.120071 0.904216 0.513082 0 0 0 1 
38591597440100;0.554576;0.014695;0.899563 0.241121 0.364208 -0.820631 -0.226053 0.970472 -0.0841614 -0.300175 -0.373747 -0.00662209 0.927507 0.372434 0 0 0 1 
38591597440101;0.308911;0.0148059;0.9974 0.0109594 -0.0712242 0.416911 -0.0124004 0.999727 -0.0198219 -0.186489 0.0709875 0.0206535 0.997263 -0.677963 0 0 0 1 
38591597440102;0.281264;0.0169145;0.96522 0.228225 0.127525 -0.124284 -0.250686 0.946398 0.203685 0.506958 -0.0742035 -0.22857 0.970695 0.0604676 0 0 0 1 
38591597440103;0.458862;0.0265684;0.941745 -0.321674 0.0981929 0.681758 0.302584 0.937805 0.170188 -0.783999 -0.146831 -0.130562 0.980507 -0.0675024 0 0 0 1 
38591597440104;0.179607;0.0121113;0.980679 0.0449592 -0.19039 0.114107 -0.035244 0.997913 0.054112 -0.118957 0.192425 -0.0463564 0.980216 -0.250357 0 0 0 1 
38591597440105;0.407802;0.259168;0.983583 -0.170757 -0.0583706 0.154109 0.171086 0.985256 0.000643301 -0.363224 0.0574001 -0.0106191 0.998295 -0.0815807 0 0 0 1 
38591597440106;0.119513;0.0168027;0.998037 -0.00857098 0.0620344 -0.114974 0.0123395 0.998084 -0.0606229 0.09434 -0.061396 0.0612694 0.996231 -0.133222 0 0 0 1 
38591597440107;0.268114;0.0152103;0.95674 -0.29061 -0.0139176 0.0126935 0.288687 0.95418 -0.0787389 -0.0957914 0.0361622 0.0713149 0.996798 0.0659622 0 0 0 1 
38591597440108;0.407271;0.0182646;0.925077 0.357668 -0.127693 -0.343319 -0.337833 0.928596 0.153552 0.386249 0.173496 -0.0989083 0.979855 0.32518 0 0 0 1 
38591597440109;0.443389;0.0125265;0.975183 0.160552 0.152451 -0.713175 -0.184116 0.970501 0.155659 -0.503339 -0.122962 -0.179865 0.975976 0.0824133 0 0 0 1 
38591597440110;0.432632;0.0209292;0.97326 -0.0721996 0.218066 -0.61239 0.128833 0.957524 -0.257973 0.440862 -0.190178 0.279169 0.941221 0.0423496 0 0 0 1 
38591597440111;0.338245;0.0137745;0.911825 0.347599 -0.218519 0.0615304 -0.34195 0.937507 0.0644257 0.177054 0.227257 0.0159775 0.973704 -0.0199882 0 0 0 1 
38591597440112;0.277197;0.0182871;0.970849 0.136396 0.197101 -0.327993 -0.0998088 0.977669 -0.184937 -0.0522561 -0.217924 0.159874 0.962782 0.244865 0 0 0 1 
38591597440113;0.357829;0.0112947;0.959409 0.281762 0.0120692 -0.124622 -0.281855 0.956502 0.0752438 0.210851 0.00965657 -0.0755914 0.997092 -0.534498 0 0 0 1 
38591597440114;0.246214;0.00786695;0.973906 0.222434 0.0450605 -0.182319 -0.214727 0.967386 -0.134376 0.497319 -0.0734806 0.121193 0.989905 -0.0475426 0 0 0 1 
38591597440115;0.388473;0.0319921;0.883674 -0.350883 0.309842 0.125274 0.375074 0.926775 -0.0201824 -0.403898 -0.280072 0.134048 0.950574 0.339436 0 0 0 1 
38591597440116;0.336493;0.0298567;0.943298 -0.296991 0.148273 0.271506 0.330342 0.883749 -0.331455 -0.00148367 -0.0325967 0.361641 0.931747 -0.196549 0 0 0 1 
38591597440117;0.374866;0.0180965;0.999728 0.021927 -0.00798601 0.841506 -0.0217157 0.999435 0.0256493 -0.200417 0.00854391 -0.0254689 0.999639 0.233231 0 0 0 1 
38591597440118;0.178075;0.0154023;0.985633 -0.136473 0.0995145 0.0629982 0.156346 0.960109 -0.231833 0.0291887 -0.0639058 0.244061 0.967652 -0.019463 0 0 0 1 
38591597440119;0.473817;0.0255027;0.984092 -0.175273 0.0290116 1.0747 0.175617 0.98441 -0.00974656 -0.378729 -0.026851 0.0146864 0.999532 0.383292 0 0 0 1 
38591597440120;0.215098;0.0208451;0.96883 -0.247418 0.0123638 0.247559 0.24734 0.9689 0.00752843 -0.319172 -0.013842 -0.00423571 0.999895 0.00710171 0 0 0 1 
38591597440121;0.418127;0.0157179;0.992069 0.0915672 0.0861027 0.0413247 -0.097201 0.993225 0.0636842 0.00319561 -0.079688 -0.0715484 0.994249 1.06527 0 0 0 1 
38591597440122;0.192825;0.0144373;0.97214 0.232367 0.03081 -0.163821 -0.234381 0.965322 0.114971 0.175279 -0.00302615 -0.118989 0.992891 0.103421 0 0 0 1 
38591597440124;0.0779043;0.0385134;0.999342 0.0172082 -0.0319293 0.0287412 -0.0178042 0.999671 -0.018475 0.0961334 0.0316009 0.0190313 0.999319 0.139878 0 0 0 1 
38591597440125;0.14453;0.0261571;0.998818 0.0122807 -0.0470287 0.0823002 -0.000938135 0.972246 0.233961 -0.185286 0.0485967 -0.23364 0.971108 -0.578556 0 0 0 1 
38591597440126;0.34028;0.0243123;0.952059 -0.158061 0.261915 -0.717768 0.192051 0.975251 -0.109557 -0.259778 -0.238116 0.154606 0.958852 0.290743 0 0 0 1 
38591597440127;0.280733;0.0253464;0.975489 -0.109033 0.191135 -0.501409 0.104662 0.993965 0.0328481 0.224332 -0.193563 -0.0120384 0.981014 0.266899 0 0 0 1 
38591597440128;0.300881;0.0435384;0.933291 0.356962 -0.0393254 0.961145 -0.342157 0.917114 0.204524 0.0502511 0.109073 -0.177425 0.978071 -0.546208 0 0 0 1 
38591597440129;0.231531;0.0372127;0.958176 0.0922116 -0.270917 0.533593 -0.0318965 0.975179 0.219109 -0.00894403 0.284397 -0.201303 0.937334 -0.714077 0 0 0 1 
38591597440130;0.346361;0.0369753;0.992334 -0.121909 0.0202754 -0.383209 0.121661 0.992486 0.0130695 -0.725729 -0.0217164 -0.0105026 0.999709 -0.224 0 0 0 1 
38591597440131;0.336968;0.317577;0.982179 -0.176424 0.064799 -0.222398 0.175904 0.984312 0.0136964 0.239865 -0.0661988 -0.00205391 0.997804 0.108964 0 0 0 1 
38591597440132;0.344656;0.0366479;0.903278 0.352851 -0.244102 1.11677 -0.368142 0.929585 -0.0185534 0.155267 0.220367 0.106623 0.969572 0.222693 0 0 0 1 
38591597440133;0.350181;0.0437669;0.988582 0.149889 0.0154635 0.241562 -0.147402 0.983247 -0.107231 -0.408583 -0.0312772 0.103727 0.994114 0.478292 0 0 0 1 
38591597440134;0.561974;0.335543;0.956993 -0.173453 0.232549 0.0663976 0.186297 0.981895 -0.0342842 0.444694 -0.222392 0.0761329 0.97198 1.0088 0 0 0 1 
38591597440135;0.216019;0.0433367;0.979404 -0.0316615 -0.199413 0.187437 0.0571818 0.99069 0.123549 -0.215529 0.193645 -0.132408 0.972096 -0.565118 0 0 0 1 
38591597440136;0.499684;0.254482;0.992094 -0.125496 -0.00037517 0.134766 0.125467 0.991795 0.0244997 -0.130301 -0.00270251 -0.0243531 0.9997 -0.714786 0 0 0 1 
38591597440137;0.297035;0.029386;0.9947 0.101648 0.0154496 0.102956 -0.100619 0.993292 -0.0569774 0.695437 -0.0211376 0.0551209 0.998256 0.125072 0 0 0 1 
38591597440138;0.314957;0.0393186;0.9379 0.273158 0.213841 0.717162 -0.281683 0.959457 0.00985509 0.350187 -0.202479 -0.0694784 0.976819 -0.11297 0 0 0 1 
38591597440139;0.155913;0.0360778;0.994617 -0.00905343 0.103227 0.149687 0.0254244 0.987047 -0.158401 0.144158 -0.100456 0.160173 0.981964 0.611915 0 0 0 1 
38591597440140;0.442404;0.0425135;0.984248 -0.0666606 0.163745 -0.133583 0.0154131 0.955019 0.296143 -0.236685 -0.17612 -0.288954 0.941003 0.15227 0 0 0 1 
38591597440141;0.257242;0.0322005;0.976907 0.169373 -0.130248 0.74349 -0.108867 0.919111 0.378659 -0.366077 0.183847 -0.355735 0.916326 -1.09792 0 0 0 1 
38591597440142;0.222719;0.0346683;0.978071 0.119168 0.170808 0.23184 -0.121889 0.992529 0.00549244 0.173427 -0.168877 -0.0261915 0.985289 0.281943 0 0 0 1 
38591597440143;0.482302;0.0386198;0.942172 0.177529 -0.284246 0.824984 -0.0929957 0.953352 0.28718 -0.797027 0.321969 -0.244139 0.91473 -0.76719 0 0 0 1 
38591597440144;0.255934;0.032204;0.996994 0.0759677 -0.0152423 0.306372 -0.0757569 0.997029 0.013965 0.329309 0.0162579 -0.0127683 0.999786 -0.536378 0 0 0 1 
38591597440145;0.370694;0.201038;0.947729 -0.234958 -0.215881 -0.199143 0.218359 0.970924 -0.0981172 0.111317 0.232657 0.0458491 0.971477 -0.124406 0 0 0 1 
38591597440146;0.299941;0.0426519;0.996133 0.064823 -0.0593023 0.249104 -0.0703064 0.992933 -0.0956068 -0.126197 0.0526857 0.0994065 0.993651 0.759009 0 0 0 1 
38591597440147;0.410512;0.0368759;0.983949 -0.175155 0.0341443 -0.769598 0.175254 0.984523 7.85641e-05 0.163504 -0.0336296 0.00590664 0.999417 -0.600237 0 0 0 1 
38591597440148;0.471802;0.402859;0.971062 -0.170532 -0.167204 0.286114 0.169539 0.985314 -0.0202982 0.222821 0.16821 -0.00863691 0.985713 0.0177697 0 0 0 1 
38591597440149;0.337741;0.0225079;0.999967 0.00328011 -0.00747183 0.114337 -0.00331665 0.999983 -0.00488345 0.249277 0.00745568 0.00490807 0.99996 -0.690691 0 0 0 1 
38591597440150;0.131256;0.0270494;0.998589 -0.0529998 -0.0032611 -0.206628 0.0529748 0.998569 -0.00731691 0.0561851 0.00364423 0.00713383 0.999968 -0.208761 0 0 0 1 
38591597440151;0.387023;0.313302;0.992912 -0.0678919 -0.0975518 0.0354375 0.0692018 0.997552 0.0101033 0.0239417 0.096627 -0.0167825 0.995179 0.267712 0 0 0 1 
38591597440152;0.263342;0.210621;0.987388 -0.158175 -0.00681303 -0.188874 0.158246 0.987331 0.0116273 0.128207 0.00488758 -0.0125587 0.999909 0.0263047 0 0 0 1 
38591597440153;0.441403;0.0397553;0.98939 0.134672 -0.054509 0.419075 -0.124974 0.98023 0.153395 0.581523 0.0740893 -0.144955 0.98666 0.23539 0 0 0 1 
38591597440155;0.258376;0.00685713;0.998736 0.0427409 0.0264423 -0.596809 -0.0438649 0.99809 0.0434963 0.251051 -0.0245327 -0.0446012 0.998704 0.521215 0 0 0 1 
38591597440156;0.221561;0.00683873;0.999755 0.0122929 -0.0184146 0.0333227 -0.0136886 0.996883 -0.0776953 0.00501113 0.0174021 0.0779283 0.996807 -0.705417 0 0 0 1 
38591597440157;0.430412;0.263076;0.989103 -0.124454 -0.078659 0.429519 0.110096 0.979949 -0.16607 0.144968 0.0977499 0.1556 0.982972 -0.432771 0 0 0 1 
38591597440158;0.209175;0.00669712;0.987287 0.0357529 0.154873 -0.104602 -0.0421958 0.998367 0.0385145 0.190098 -0.153243 -0.0445598 0.987183 0.64219 0 0 0 1 
38591597440159;0.222826;0.006826;0.96386 -0.222606 -0.146356 -0.0221012 0.212608 0.97378 -0.0809281 -0.229228 0.160534 0.0468868 0.985916 -0.236722 0 0 0 1 
38591597440160;0.348174;0.00638787;0.998019 0.046518 -0.0423513 -0.26643 -0.0494987 0.996155 -0.0722899 0.915747 0.0388256 0.074243 0.996484 -0.550749 0 0 0 1 
38591597440161;0.528254;0.273539;0.977009 -0.212331 -0.0192195 0.540673 0.210957 0.975837 -0.0569224 -0.383103 0.0308415 0.0515592 0.998194 0.135998 0 0 0 1 
38591597440162;0.274646;0.00709651;0.997568 -0.0690033 -0.00986149 -0.736148 0.0690626 0.997595 0.00580652 -0.0230657 0.00943711 -0.00647346 0.999935 -0.130198 0 0 0 1 
38591597440163;0.298037;0.00770275;0.962457 -0.26912 -0.0353692 0.576302 0.270636 0.96143 0.0490774 -0.146992 0.0207974 -0.056807 0.998169 -0.268783 0 0 0 1 
38591597440164;0.263298;0.00642535;0.976281 0.184588 -0.113149 -0.26275 -0.18009 0.982436 0.0488568 0.0911416 0.12018 -0.027321 0.992376 0.539809 0 0 0 1 
38591597440165;0.352749;0.00668437;0.977249 0.209787 -0.031198 -0.600832 -0.211635 0.954861 -0.208448 0.609877 -0.0139399 0.210308 0.977536 -0.418707 0 0 0 1 
38591597440166;0.206209;0.00640517;0.982868 -0.181632 0.0313229 0.333078 0.183089 0.981692 -0.0525245 0.21186 -0.0212093 0.0573595 0.998128 -0.205214 0 0 0 1 
38591597440167;0.319448;0.00646139;0.999936 -0.00412805 0.0105794 0.349005 0.0041579 0.999987 -0.002801 -0.463808 -0.0105677 0.00284481 0.99994 -0.753025 0 0 0 1 
38591597440168;0.116047;0.00678416;0.999767 0.0180125 -0.0118989 -0.0191879 -0.0194347 0.990946 -0.132847 0.131748 0.00939825 0.133048 0.991065 -0.211215 0 0 0 1 
38591597440169;0.218803;0.00866396;0.997491 -0.0265503 0.0656324 0.000420128 0.00984702 0.970038 0.242753 -0.210981 -0.0701112 -0.241498 0.967865 0.480243 0 0 0 1 
38591597440170;0.167043;0.00649673;0.999666 0.00925216 -0.0241278 0.052705 -0.00912611 0.999944 0.00532922 -0.0800616 0.0241757 -0.00510725 0.999695 -0.483952 0 0 0 1 
38591597440171;0.339075;0.00594307;0.962139 -0.253779 0.0994213 0.474862 0.255579 0.966772 -0.00558379 0.0794469 -0.0947007 0.0307823 0.99503 0.667992 0 0 0 1 
38591597440172;0.374586;0.00776775;0.976574 -0.0873837 -0.196642 1.05553 0.0505555 0.981427 -0.185055 0.117745 0.20916 0.170779 0.962853 -0.0376914 0 0 0 1 
38591597440173;0.118391;0.00746279;0.997661 0.0268311 0.062865 -0.307467 -0.0244959 0.998992 -0.037627 0.0270029 -0.0638111 0.035999 0.997312 0.175897 0 0 0 1 
38591597440174;0.158802;0.00794782;0.993014 -0.0374646 0.111893 -0.129577 0.0145105 0.979832 0.199296 -0.0866773 -0.117103 -0.19628 0.97353 0.20147 0 0 0 1 
38591597440175;0.263758;0.00586488;0.962889 0.185927 0.195643 -0.564581 -0.200873 0.977816 0.0593755 0.0914925 -0.180263 -0.0964715 0.978876 0.35933 0 0 0 1 
38591597440176;0.174741;0.00641848;0.998531 -0.0531145 0.010689 0.0694718 0.0504294 0.983274 0.175014 -0.347909 -0.019806 -0.174218 0.984508 0.15082 0 0 0 1 
38591597440177;0.253101;0.00685838;0.99229 0.121712 0.0233653 -0.608742 -0.121021 0.992226 -0.0290145 -0.316659 -0.026715 0.0259631 0.999306 -0.202213 0 0 0 1 
38591597440178;0.247175;0.00806402;0.99653 0.0778547 0.0294525 -0.359913 -0.0762993 0.995796 -0.0506861 -0.546605 -0.0332748 0.0482629 0.99828 -0.167601 0 0 0 1 
38591597440179;0.388374;0.348492;0.996225 -0.0837711 0.0227612 -0.090066 0.0845703 0.995739 -0.03677 -0.0199566 -0.0195839 0.0385562 0.999065 0.0744357 0 0 0 1 
38591597440180;0.287474;0.00845585;0.905778 0.29139 -0.307664 -0.0372987 -0.276356 0.956603 0.0923967 0.232102 0.321236 0.00133405 0.946998 -0.332292 0 0 0 1 
38591597440181;0.269146;0.00723785;0.998874 -0.0329222 0.0341451 0.216345 0.0295071 0.994934 0.0961038 -0.733774 -0.0371361 -0.0949881 0.994785 -0.129638 0 0 0 1 
38591597440182;0.36237;0.00727152;0.950503 0.284718 0.124418 -0.735511 -0.30058 0.944004 0.136047 0.0975069 -0.0787156 -0.166711 0.982859 -0.15384 0 0 0 1 
38591597440183;0.418551;0.0141742;0.937606 -0.346899 0.0235902 0.844545 0.345777 0.923146 -0.168046 -0.463462 0.0365178 0.165718 0.985497 -0.133892 0 0 0 1 
38591597440184;0.369769;0.00760386;0.999571 -0.0229317 0.018245 -0.810523 0.0254139 0.988345 -0.150096 -0.056508 -0.0145904 0.150495 0.988503 -0.69417 0 0 0 1 
38591597440186;0.226268;0.0468251;0.999965 -0.00627539 0.00558557 -0.112567 0.00621787 0.999928 0.0102564 -0.291931 -0.00564953 -0.0102213 0.999932 0.0601814 0 0 0 1 
38591597440187;0.539163;0.0541292;0.956305 -0.278001 0.0905354 0.307632 0.276797 0.960581 0.0258389 -1.12612 -0.0941498 0.000350056 0.995558 0.750782 0 0 0 1 
38591597440188;0.243538;0.0369323;0.972565 0.171783 0.156868 -0.251215 -0.194843 0.969929 0.145856 0.53355 -0.127095 -0.172419 0.97679 0.463922 0 0 0 1 
38591597440189;0.327282;0.0580718;0.998722 -0.0136891 -0.0486577 0.128026 0.0164309 0.998273 0.056403 -0.17075 0.0478015 -0.0571304 0.997222 -0.58328 0 0 0 1 
38591597440190;0.477387;0.0414875;0.944585 0.108581 0.30979 -0.109664 -0.185944 0.954694 0.232344 0.410976 -0.270526 -0.277072 0.92198 1.39278 0 0 0 1 
38591597440191;0.452785;0.0624063;0.992577 0.00622362 0.121455 -0.0408932 -0.0598344 0.894445 0.443156 -0.103944 -0.105877 -0.447134 0.888179 0.92923 0 0 0 1 
38591597440192;0.627235;0.369223;0.99425 -0.10652 0.0109479 0.263497 0.105437 0.9917 0.0735869 -0.667834 -0.0186955 -0.0720094 0.997229 0.739851 0 0 0 1 
38591597440193;0.3706;0.0556394;0.999926 0.00440602 0.0113249 -0.0918406 -0.00272347 0.9895 -0.144504 0.235252 -0.0118427 0.144463 0.989439 -0.504077 0 0 0 1 
38591597440194;0.358294;0.0464469;0.983779 0.146461 0.103575 0.228411 -0.147711 0.989021 0.00445643 0.104187 -0.101785 -0.0196833 0.994612 0.156052 0 0 0 1 
38591597440195;0.380792;0.0461068;0.933408 0.296634 -0.201888 0.054274 -0.298247 0.954209 0.0231056 0.853239 0.199497 0.0386454 0.979136 -0.291883 0 0 0 1 
38591597440196;0.614704;0.368491;0.98842 -0.12861 -0.0805277 -0.0322951 0.144399 0.960292 0.238723 -0.331016 0.0466278 -0.247587 0.967743 0.114989 0 0 0 1 
38591597440197;0.540834;0.0402544;0.949111 0.302264 -0.0884536 0.591152 -0.305695 0.951721 -0.0278934 0.963642 0.075752 0.0535138 0.99569 0.0218891 0 0 0 1 
38591597440198;0.653732;0.0405555;0.973702 0.226507 -0.0244816 0.0393948 -0.224723 0.9372 -0.266752 0.296118 -0.0374772 0.265239 0.963454 0.521212 0 0 0 1 
38591597440199;0.0659977;0.0442108;0.999586 -0.0237227 0.0162973 -0.0825905 0.0238227 0.999698 -0.00596757 -0.0969487 -0.0161508 0.00635335 0.999849 0.00753274 0 0 0 1 
38591597440200;0.599375;0.0537015;0.998105 0.0598426 -0.0143095 0.537313 -0.0598195 0.998207 0.00203723 0.718846 0.0144058 -0.00117738 0.999896 0.108619 0 0 0 1 
38591597440201;0.617035;0.0403773;0.995297 0.0570902 0.0782619 0.402539 -0.0370049 0.970687 -0.237482 0.192051 -0.0895257 0.233469 0.968234 -0.527246 0 0 0 1 
38591597440202;0.728849;0.23373;0.919688 0.0256887 -0.391808 0.686132 0.0744398 0.968354 0.238222 -0.701113 0.385529 -0.248256 0.888671 0.0102065 0 0 0 1 
38591597440203;0.628996;0.0416974;0.957795 0.28603 -0.0285532 0.744239 -0.285029 0.957894 0.0346026 0.906503 0.0372484 -0.0250037 0.998993 0.106952 0 0 0 1 
38591597440204;0.361491;0.270885;0.990979 -0.132156 -0.0222472 0.151215 0.132651 0.990907 0.0225232 -0.536327 0.0190683 -0.0252712 0.999499 0.311043 0 0 0 1 
38591597440205;0.426394;0.0396526;0.980741 0.142638 0.133419 -0.418619 -0.168616 0.963087 0.209838 0.286727 -0.0985634 -0.228293 0.968591 0.70991 0 0 0 1 
38591597440206;0.39785;0.0424874;0.982298 0.100209 0.158266 -0.0151631 -0.151452 0.922059 0.356187 0.262443 -0.110238 -0.373852 0.920914 0.82056 0 0 0 1 
38591597440207;0.654746;0.0484536;0.987873 0.150544 0.0380014 -0.559072 -0.152435 0.986889 0.0530497 -0.19032 -0.0295168 -0.0581991 0.997869 0.441889 0 0 0 1 
38591597440208;0.405729;0.0489896;0.963635 -0.0299551 0.265538 -0.153651 -0.0252454 0.979048 0.202061 -0.442795 -0.266028 -0.201416 0.942688 0.603558 0 0 0 1 
38591597440209;0.302589;0.0444438;0.941359 0.337397 0.00274637 -0.149831 -0.337348 0.941007 0.0264907 0.951516 0.00635352 -0.0258637 0.999645 0.0479993 0 0 0 1 
38591597440210;0.290612;0.0352577;0.995929 0.0883052 -0.0180995 -0.115389 -0.0901336 0.972993 -0.212512 0.412512 -0.0011552 0.213278 0.976991 0.0735728 0 0 0 1 
38591597440211;0.669792;0.0382325;0.98182 0.151256 0.114682 -0.280821 -0.165574 0.977887 0.127761 -0.423939 -0.0928211 -0.144427 0.985152 0.563276 0 0 0 1 
38591597440212;0.674895;0.0440064;0.921152 0.108629 0.373736 0.718726 -0.229387 0.927283 0.295851 0.628835 -0.314421 -0.358254 0.879087 1.1626 0 0 0 1 
38591597440213;0.74739;0.0421511;0.989965 0.0627887 -0.126596 0.088623 -0.0322267 0.972571 0.230365 -0.986523 0.137588 -0.223973 0.964835 -0.0149134 0 0 0 1 
38591597440214;0.177349;0.0404358;0.999789 0.0021592 -0.020427 0.083224 -0.00583509 0.983345 -0.181653 0.0278562 0.0196946 0.181733 0.983151 -0.256282 0 0 0 1 
38591597440215;0.720627;0.0426566;0.992272 0.0615427 -0.107742 -0.0283494 -0.0690879 0.995307 -0.0677557 0.544494 0.103066 0.0746757 0.991867 -1.29544 0 0 0 1 
38591597440217;0.284412;0.022824;0.999914 -0.0129042 -0.00213334 0.236273 0.0129218 0.999881 0.00842742 0.0548303 0.00202433 -0.00845427 0.999962 0.602724 0 0 0 1 
38591597440218;0.175507;0.0191789;0.98098 0.191062 -0.0342635 -0.160938 -0.192338 0.980557 -0.0389076 0.249399 0.0261635 0.0447578 0.998655 -0.0364228 0 0 0 1 
38591597440219;0.263573;0.01948;0.983541 0.180635 0.00426043 -0.187503 -0.180622 0.983547 -0.00316719 0.362456 -0.00476244 0.00234554 0.999986 0.395997 0 0 0 1 
38591597440220;0.260161;0.0256216;0.998781 0.0334242 -0.0363156 0.0397169 -0.0323083 0.999 0.0308917 0.519638 0.0373118 -0.0296808 0.998863 0.214063 0 0 0 1 
38591597440221;0.443483;0.0229219;0.994008 -0.0914976 -0.0598078 0.933748 0.101427 0.976038 0.192515 0.102444 0.04076 -0.197428 0.97947 0.376462 0 0 0 1 
38591597440222;0.400675;0.0250298;0.995563 0.0897145 0.0283791 -0.231581 -0.09042 0.995599 0.0246367 0.326567 -0.0260439 -0.0270934 0.999294 -0.820284 0 0 0 1 
38591597440223;0.500048;0.0262612;0.902349 0.424123 0.0767197 -0.483269 -0.428424 0.902074 0.0521034 0.961641 -0.0471086 -0.079884 0.99569 0.41627 0 0 0 1 
38591597440224;0.319063;0.0197909;0.999662 0.0236057 -0.0109336 0.158775 -0.0236112 0.999721 -0.000369984 0.168285 0.0109218 0.000628014 0.99994 -0.742976 0 0 0 1 
38591597440225;0.246702;0.0321523;0.986547 -0.100245 0.129138 0.120089 0.0773026 0.982092 0.17181 0.12993 -0.144048 -0.159516 0.976629 -0.0612293 0 0 0 1 
38591597440226;0.422905;0.0973635;0.912488 0.321301 0.25324 -0.428959 -0.27817 0.941184 -0.191818 0.484048 -0.299977 0.104588 0.948196 0.290349 0 0 0 1 
38591597440227;0.114525;0.0239958;0.998666 0.000571523 0.0516387 -0.0804687 -0.00533101 0.995737 0.0920783 -0.274481 -0.051366 -0.0922308 0.994412 0.0283919 0 0 0 1 
38591597440228;0.227089;0.0252132;0.963505 -0.264394 0.041887 0.117576 0.266136 0.96295 -0.0435705 -0.138402 -0.0288153 0.053128 0.998172 0.0566714 0 0 0 1 
38591597440229;0.366377;0.0262296;0.96239 0.269824 0.0316272 -0.529147 -0.267918 0.961925 -0.0540378 0.606012 -0.0450036 0.043532 0.998038 -0.217013 0 0 0 1 
38591597440230;0.40791;0.0198867;0.999898 0.00839661 0.0115188 -0.0479965 -0.00921865 0.997269 0.0732747 -0.0447631 -0.0108721 -0.0733734 0.997245 1.00164 0 0 0 1 
38591597440231;0.122929;0.0178787;0.997479 0.0614743 -0.0354442 0.0804187 -0.0580798 0.994253 0.0899322 -0.204924 0.040769 -0.0876469 0.995317 0.0482035 0 0 0 1 
38591597440232;0.235296;0.0244962;0.964888 -0.260563 0.0331403 0.281534 0.260184 0.965437 0.015343 -0.290392 -0.0359927 -0.00618167 0.999333 -0.0309159 0 0 0 1 
38591597440233;0.450082;0.0228061;0.909976 -0.00421508 -0.414639 0.636394 0.118615 0.96081 0.250549 -0.415564 0.397333 -0.277176 0.874814 -0.403941 0 0 0 1 
38591597440234;0.442338;0.101798;0.90772 -0.414531 -0.0648672 0.389199 0.403885 0.905153 -0.132574 -0.076742 0.113671 0.0941416 0.989048 -0.225248 0 0 0 1 
38591597440235;0.600621;0.0218287;0.907188 0.420188 -0.0212618 -0.576051 -0.418731 0.906648 0.0515097 1.15036 0.0409208 -0.037826 0.998446 0.553823 0 0 0 1 
38591597440236;0.098733;0.0191337;0.996082 0.0600599 -0.0649064 0.126041 -0.0596953 0.998188 0.00754482 0.0165103 0.0652419 -0.00364066 0.997863 -0.157518 0 0 0 1 
38591597440237;0.391996;0.0262954;0.992836 -0.117607 -0.0210969 0.488303 0.118929 0.989699 0.0796966 0.294032 0.0115066 -0.0816347 0.996596 0.599095 0 0 0 1 
38591597440238;0.352561;0.019557;0.918298 0.218094 0.330399 -0.321522 -0.261684 0.960643 0.0931992 0.1327 -0.297069 -0.172045 0.939229 0.556251 0 0 0 1 
38591597440239;0.273596;0.025404;0.949379 -0.299265 0.095501 0.260925 0.30203 0.953171 -0.0155987 -0.317005 -0.0863607 0.0436532 0.995307 -0.0818431 0 0 0 1 
38591597440240;0.59112;0.0305936;0.912779 -0.390603 -0.119431 0.947985 0.40178 0.911267 0.0903659 -0.846663 0.0735363 -0.130469 0.988722 0.573802 0 0 0 1 
38591597440241;0.457943;0.01962;0.924957 0.38001 0.00687539 -0.128504 -0.379153 0.923826 -0.0528029 0.5049 -0.0264173 0.0462336 0.998581 -0.657402 0 0 0 1 
38591597440242;0.307705;0.0166749;0.981897 0.187456 0.0271762 0.208523 -0.187769 0.982168 0.00944222 -0.363541 -0.0249216 -0.0143741 0.999586 -0.0205229 0 0 0 1 
38591597440243;0.105317;0.0163256;0.997986 -0.0631949 0.00558354 0.0937038 0.0631675 0.997991 0.0049516 -0.0798573 -0.00588524 -0.00458893 0.999972 -0.180446 0 0 0 1 
38591597440244;0.562292;0.0275964;0.916562 -0.380301 -0.123632 0.885932 0.3493 0.911897 -0.215483 -0.0405988 0.194688 0.154319 0.96865 -0.969184 0 0 0 1 
38591597440245;0.374359;0.020022;0.992823 -0.110923 -0.0446966 -0.517586 0.113223 0.99217 0.0527085 0.290149 0.0385 -0.057391 0.997609 0.306088 0 0 0 1 
38591597440246;0.451519;0.36168;0.996794 0.0799785 -0.00205908 -0.385159 -0.0800044 0.99656 -0.0216097 0.27151 0.000323691 0.0217051 0.999764 -0.298382 0 0 0 1 
38591597440248;0.275634;0.00563163;0.950986 0.309096 0.00922182 -0.410734 -0.30884 0.950857 -0.0221223 0.414385 -0.0156065 0.01819 0.999713 0.0300026 0 0 0 1 
38591597440249;0.256114;0.00858068;0.958573 -0.181952 -0.219159 0.579875 0.168811 0.982603 -0.0774282 -0.0453405 0.229435 0.0372241 0.972612 -0.374006 0 0 0 1 
38591597440250;0.238063;0.00663904;0.922268 -0.0164856 -0.3862 0.245264 -0.0402029 0.989581 -0.138249 0.311258 0.384455 0.143029 0.911996 -0.50931 0 0 0 1 
38591597440251;0.292932;0.00701046;0.999983 -0.000426667 0.00584492 -0.0315172 0.000396992 0.999987 0.00507723 -0.024209 -0.00584701 -0.00507482 0.99997 0.861423 0 0 0 1 
38591597440252;0.40515;0.0076385;0.995 0.00171961 0.0998627 -0.223896 0.047237 0.872857 -0.485684 0.489946 -0.0880011 0.487973 0.868411 -0.310705 0 0 0 1 
38591597440253;0.264249;0.00659404;0.999658 -0.0176718 0.019281 -0.656763 0.017428 0.999767 0.0127396 0.0259807 -0.0195017 -0.0123992 0.999733 -0.315529 0 0 0 1 
38591597440254;0.377732;0.00985776;0.908868 -0.388503 0.15174 0.581098 0.347858 0.906797 0.238148 -0.512511 -0.230119 -0.163661 0.959302 0.250656 0 0 0 1 
38591597440255;0.159826;0.00716712;0.976657 0.0825291 0.198318 0.114785 -0.0701921 0.995181 -0.0684648 0.116827 -0.203013 0.0529463 0.977744 0.377777 0 0 0 1 
38591597440256;0.0516293;0.00746273;0.999044 0.0293169 0.0324363 -0.0694615 -0.028502 0.999273 -0.025306 0.119871 -0.0331546 0.0243573 0.999153 0.0506104 0 0 0 1 
38591597440257;0.294004;0.00760278;0.986621 -0.126294 -0.103098 0.133733 0.118 0.989543 -0.0829489 0.502902 0.112496 0.0696735 0.991206 0.274693 0 0 0 1 
