#;prob_registration_l1 -r /home/probabilistic_point_clouds_registration/build/tester /home/point_clouds_registration_benchmark/hauptgebaude_local.txt /home/point_clouds_registration_benchmark/hauptgebaude -s 0.2 -t 0.2 -p 0.3 -r 1000 -m 5 -i 40 
id;initial_error;final_error;transformation
3394309160000;0.248226;0.0114904;0.999337 -0.00272376 0.0363078 0.538544 0.00131498 0.999247 0.0387687 -0.0425977 -0.036386 -0.0386952 0.998588 -0.045073 0 0 0 1 
3394309160001;0.28369;0.00512196;0.992771 0.116756 -0.0278268 -0.393378 -0.114999 0.991668 0.0580544 0.865206 0.0343731 -0.0544347 0.997926 -0.665466 0 0 0 1 
3394309160002;0.278932;0.0266473;0.977709 -0.00699422 0.20985 -0.163894 0.00540158 0.999952 0.00816165 -0.0789976 -0.209897 -0.00684619 0.9777 0.694779 0 0 0 1 
3394309160003;0.0682056;0.0127396;0.995528 -0.0903207 0.0276666 0.0427679 0.090779 0.995746 -0.0157811 -0.587221 -0.0261236 0.0182221 0.999493 0.182185 0 0 0 1 
3394309160004;0.286924;0.0125051;0.998962 0.0409015 -0.0200313 0.550835 -0.0407402 0.999134 0.00839978 0.748782 0.0203575 -0.00757499 0.999764 -0.313758 0 0 0 1 
3394309160005;0.492031;0.296496;0.909346 0.384317 0.159345 -1.00584 -0.406072 0.90322 0.138921 2.60414 -0.0905338 -0.191033 0.9774 0.174229 0 0 0 1 
3394309160006;0.393899;0.0100024;0.988199 0.0246881 0.151172 -0.24457 -0.0255379 0.999667 0.00368251 0.549692 -0.151031 -0.00749968 0.988501 1.88928 0 0 0 1 
3394309160007;0.411602;0.00923019;0.88574 -0.336502 0.319735 0.381298 0.343502 0.938458 0.0360906 -2.07654 -0.312202 0.0778627 0.94682 1.38959 0 0 0 1 
3394309160008;0.42721;0.372023;0.955212 -0.293967 -0.0339558 1.44319 0.294548 0.955541 0.0134873 -1.93432 0.0284813 -0.0228848 0.999332 0.765498 0 0 0 1 
3394309160009;0.395375;0.0152212;0.978306 -0.199835 -0.0546287 0.44719 0.194407 0.97667 -0.0912259 -1.46185 0.0715843 0.0786266 0.994331 0.406916 0 0 0 1 
3394309160010;0.216746;0.00863817;0.991824 -0.00540896 -0.127502 -0.0994791 -0.0168918 0.984746 -0.173174 0.491829 0.126494 0.173912 0.976603 -0.57919 0 0 0 1 
3394309160011;0.228138;0.802283;0.949577 -0.219319 -0.224061 2.56185 0.242209 0.966917 0.0800359 -1.72958 0.199095 -0.13027 0.971283 -1.11454 0 0 0 1 
3394309160012;0.324315;0.849176;0.944727 -0.32597 -0.0351311 1.95799 0.327374 0.932078 0.155104 -2.32084 -0.0178144 -0.158032 0.987273 -0.160152 0 0 0 1 
3394309160013;0.268523;0.195894;0.997572 0.059156 -0.036757 0.136456 -0.0593679 0.998225 -0.00470027 0.119009 0.0364137 0.00687104 0.999313 -0.493834 0 0 0 1 
3394309160014;0.217364;0.00667962;0.999755 0.0194913 0.0105306 0.0028915 -0.0212352 0.978587 0.204735 -0.307812 -0.00631459 -0.204909 0.978761 0.277553 0 0 0 1 
3394309160015;0.198549;0.0333716;0.972653 0.108406 0.205412 -0.319558 -0.103126 0.994007 -0.0362725 0.731895 -0.208113 0.0140974 0.978003 1.42781 0 0 0 1 
3394309160016;0.362241;0.0388305;0.892441 -0.221518 0.393037 0.429292 0.219174 0.974327 0.0514732 -1.67557 -0.394349 0.0402068 0.918081 3.09931 0 0 0 1 
3394309160017;0.403444;0.0143232;0.924855 -0.272298 0.265514 -0.479094 0.265593 0.962117 0.0615711 -1.26128 -0.272221 0.0135742 0.962139 1.79674 0 0 0 1 
3394309160018;0.415951;0.027745;0.958934 0.268465 0.0914933 -0.678585 -0.27267 0.961403 0.036822 1.95598 -0.0780765 -0.0602574 0.995125 0.370552 0 0 0 1 
3394309160019;0.389264;0.02045;0.967123 0.253975 -0.0130062 0.039792 -0.253973 0.96721 0.001792 1.3182 0.0130348 0.00157013 0.999914 -0.861041 0 0 0 1 
3394309160020;0.355901;0.0250767;0.946861 -0.157638 -0.280364 0.799098 0.0700307 0.951791 -0.298645 -0.0675296 0.313926 0.263141 0.912254 -1.62183 0 0 0 1 
3394309160021;0.307009;0.00821184;0.991488 -0.118475 -0.0539939 0.644227 0.127654 0.966169 0.224105 -1.11762 0.0256165 -0.22909 0.973068 -0.311488 0 0 0 1 
3394309160022;0.159878;0.0115311;0.979826 -0.0348441 0.196793 -0.271011 0.0507292 0.995796 -0.0762634 -0.244307 -0.193308 0.084708 0.977475 1.24275 0 0 0 1 
3394309160023;0.179015;0.00771354;0.995532 -0.0420627 0.0845414 -0.1662 0.0441156 0.998772 -0.0225618 -0.315918 -0.0834885 0.0261906 0.996165 0.114649 0 0 0 1 
3394309160024;0.448507;0.8563;0.902469 -0.428175 0.047082 2.63476 0.426562 0.903543 0.0406931 -2.71822 -0.0599643 -0.0166409 0.998062 1.16902 0 0 0 1 
3394309160025;0.259237;0.00845241;0.986766 0.162048 -0.00577914 -0.0888089 -0.161673 0.985966 0.041621 1.05678 0.0124426 -0.0401359 0.999117 -0.617441 0 0 0 1 
3394309160026;0.300277;0.0261809;0.994662 0.0820805 0.0625258 0.297857 -0.0783017 0.995082 -0.0606639 -0.0575539 -0.0671977 0.0554442 0.996198 0.733399 0 0 0 1 
3394309160027;0.421694;0.734267;0.956478 -0.223779 -0.187278 2.33642 0.261314 0.942483 0.208423 -2.60544 0.129866 -0.248291 0.959941 -0.321573 0 0 0 1 
3394309160028;0.443835;0.0789793;0.930373 0.101743 0.352213 -0.291554 0.00680994 0.955758 -0.294077 0.792783 -0.36655 0.276 0.888519 2.18813 0 0 0 1 
3394309160029;0.512116;0.00754219;0.998996 -0.0224334 0.038777 0.297829 0.0346868 0.935118 -0.352635 0.489881 -0.0283502 0.353626 0.934957 -0.662268 0 0 0 1 
3394309160031;0.426851;0.511048;0.966067 -0.19838 -0.16541 1.4352 0.218295 0.969398 0.112316 -0.740163 0.138067 -0.144613 0.979808 -0.833524 0 0 0 1 
3394309160032;0.353703;0.155231;0.928604 -0.359947 -0.0901847 0.264174 0.361619 0.932323 0.0023683 0.0456518 0.0832288 -0.0348117 0.995922 -0.0256369 0 0 0 1 
3394309160033;0.139215;0.0128298;0.994086 -0.0262116 -0.10538 0.0512433 0.021128 0.998572 -0.0490701 -0.18255 0.106516 0.0465535 0.993221 0.112209 0 0 0 1 
3394309160034;0.389775;0.0500502;0.931779 0.359106 -0.0532149 -0.315392 -0.35595 0.932548 0.060442 0.307001 0.0713305 -0.0373767 0.996752 -0.625941 0 0 0 1 
3394309160035;0.19696;0.00916273;0.976623 0.174287 -0.125825 0.0719258 -0.188704 0.975451 -0.113522 0.459119 0.102951 0.134612 0.985536 -0.088096 0 0 0 1 
3394309160036;0.370886;0.0941333;0.939413 -0.342318 -0.0179196 -0.106967 0.33784 0.915743 0.217439 -0.427071 -0.0580236 -0.210319 0.975909 0.464675 0 0 0 1 
3394309160037;0.384635;0.00985394;0.91261 -0.248745 0.324451 -0.251986 0.18589 0.959297 0.212591 -0.772568 -0.364125 -0.1337 0.921703 0.0649913 0 0 0 1 
3394309160038;0.368064;0.0324893;0.949897 0.311834 -0.0213498 -0.663174 -0.312423 0.945197 -0.094841 0.636989 -0.00939494 0.0967593 0.995263 -0.0647921 0 0 0 1 
3394309160039;0.0746977;0.00918842;0.999567 0.00829315 0.0282296 -0.127138 -0.00844621 0.99995 0.00530709 -0.00794757 -0.0281842 -0.00554323 0.999587 -0.127225 0 0 0 1 
3394309160040;0.279481;0.0094003;0.928548 -0.328673 0.17255 0.0974796 0.310628 0.942461 0.123605 -0.549931 -0.203247 -0.061174 0.977215 0.376471 0 0 0 1 
3394309160041;0.389623;0.09068;0.902347 -0.430878 0.0106672 0.713552 0.42898 0.900221 0.0746913 -0.570628 -0.0417857 -0.0628215 0.99715 0.0447756 0 0 0 1 
3394309160042;0.283783;0.0156682;0.986493 -0.163558 0.00896928 -0.447359 0.163587 0.986525 -0.00265296 -0.0741129 -0.00841451 0.00408439 0.999956 -0.355478 0 0 0 1 
3394309160043;0.314339;0.00577773;0.998206 0.0597406 0.00392578 0.21951 -0.0594088 0.980274 0.188502 -0.0644287 0.00741286 -0.188397 0.982065 0.654816 0 0 0 1 
3394309160044;0.531805;0.0425491;0.892805 0.421599 -0.158601 -0.553342 -0.405111 0.905475 0.126494 0.644894 0.196939 -0.0486832 0.979206 0.402722 0 0 0 1 
3394309160045;0.395186;0.399382;0.989227 0.0838316 0.120006 -0.256999 -0.0745739 0.994028 -0.0796663 -0.138393 -0.125968 0.0698588 0.989572 0.18107 0 0 0 1 
3394309160046;0.217132;0.00949418;0.990362 -0.13848 0.00267104 0.176941 0.138453 0.990333 0.00845595 -0.590203 -0.00381621 -0.00800464 0.999961 0.128577 0 0 0 1 
3394309160047;0.371665;0.003941;0.976166 -0.151637 0.155259 -0.06422 0.167227 0.981544 -0.0927683 0.105341 -0.138326 0.116521 0.983508 -0.61068 0 0 0 1 
3394309160048;0.441321;0.093037;0.911823 0.319375 0.258027 -0.562656 -0.265833 0.938156 -0.221802 0.604849 -0.312907 0.133652 0.940333 0.776083 0 0 0 1 
3394309160049;0.529697;0.386982;0.966966 -0.245618 -0.0681852 0.278309 0.250855 0.964421 0.0834436 -0.619053 0.045264 -0.0977918 0.994177 0.0284024 0 0 0 1 
3394309160050;0.242722;0.00323128;0.984411 -0.120286 0.128322 -0.0154353 0.121328 0.992612 -0.000305742 -0.183673 -0.127337 0.01587 0.991733 0.662481 0 0 0 1 
3394309160051;0.288745;0.0189448;0.977289 -0.0168851 0.211239 -0.236243 -0.00481345 0.994795 0.101787 -0.074708 -0.211858 -0.100492 0.97212 0.84748 0 0 0 1 
3394309160052;0.346607;0.0110584;0.995568 0.0926975 0.0158436 0.0744284 -0.0928288 0.995652 0.00776444 0.0305999 -0.015055 -0.00920077 0.999844 -0.812917 0 0 0 1 
3394309160053;0.177457;0.00891969;0.992934 -0.00390027 0.118603 -0.319911 0.00413131 0.99999 -0.00170225 -0.197834 -0.118595 0.00218021 0.99294 0.38572 0 0 0 1 
3394309160054;0.393365;0.00508845;0.997785 -0.0356521 -0.0561664 0.643819 0.0449952 0.983536 0.175021 -0.684476 0.0490018 -0.177161 0.982961 0.414306 0 0 0 1 
3394309160055;0.395101;0.00836493;0.998424 -0.0545062 0.0133816 0.734742 0.0554093 0.995218 -0.0804392 0.191523 -0.00893313 0.0810539 0.99667 -0.556952 0 0 0 1 
3394309160056;0.394726;0.00462196;0.9845 0.174622 0.016325 -0.593277 -0.175072 0.972938 0.150805 0.453069 0.0104506 -0.151325 0.988429 -0.490007 0 0 0 1 
3394309160057;0.649395;0.0451103;0.93641 0.346371 0.0562485 -1.05046 -0.316076 0.902178 -0.29355 1.29171 -0.152423 0.257105 0.954287 0.441439 0 0 0 1 
3394309160058;0.444142;0.0240632;0.973979 0.226524 0.00719789 -0.376565 -0.225827 0.972688 -0.0536589 0.656044 -0.0191563 0.0506371 0.998533 0.837703 0 0 0 1 
3394309160059;0.406193;0.398118;0.984267 -0.00281647 0.176664 0.434357 0.0080616 0.999548 -0.0289792 -0.616414 -0.176502 0.0299474 0.983845 0.661393 0 0 0 1 
3394309160060;0.43448;0.10944;0.932589 0.359154 -0.0358492 -0.0228337 -0.360235 0.919964 -0.154587 0.556822 -0.0225407 0.157081 0.987329 -0.474253 0 0 0 1 
3394309160062;0.235158;0.00671811;0.951834 -0.26229 0.158795 0.468019 0.2773 0.957378 -0.0808167 -6.09378 -0.130829 0.120958 0.983998 2.91153 0 0 0 1 
3394309160063;0.42419;0.022254;0.976186 0.216655 -0.0110204 0.772766 -0.216395 0.976081 0.0209296 4.45708 0.0152913 -0.0180464 0.99972 0.633012 0 0 0 1 
3394309160064;0.439802;0.907671;0.896246 0.398994 0.193771 -0.414974 -0.404532 0.914447 -0.0118642 8.93291 -0.181927 -0.0677534 0.980975 3.72214 0 0 0 1 
3394309160065;0.350677;0.0223741;0.987726 0.0831345 0.132232 0.27059 -0.0856706 0.996231 0.0135966 1.29968 -0.130603 -0.0247582 0.991126 2.17668 0 0 0 1 
3394309160066;0.242534;0.0138068;0.999269 0.0127936 -0.0360306 -0.162892 -0.0201767 0.976909 -0.212703 0.229718 0.0324774 0.213275 0.976452 -0.181354 0 0 0 1 
3394309160067;0.392633;0.265017;0.989221 0.111931 0.0944136 -0.371607 -0.106983 0.992685 -0.0559523 2.44436 -0.0999858 0.0452485 0.993959 1.66855 0 0 0 1 
3394309160068;0.328762;0.0185703;0.989058 0.146456 0.0177325 0.230887 -0.147524 0.982396 0.114606 3.69762 -0.000635552 -0.115968 0.993253 -0.462327 0 0 0 1 
3394309160069;0.0998438;0.019834;0.999789 0.0188141 -0.00827292 0.233721 -0.0188145 0.999823 2.69021e-05 0.430597 0.00827196 0.000128755 0.999966 -0.257481 0 0 0 1 
3394309160070;0.429464;0.094444;0.921386 0.285911 0.263254 1.15179 -0.343464 0.916006 0.20728 7.41077 -0.181878 -0.281403 0.942196 4.0564 0 0 0 1 
3394309160071;0.0989399;0.0199101;0.998423 0.0549896 -0.0112856 0.0545318 -0.054925 0.998473 0.00596158 1.16968 0.0115962 -0.00533232 0.999919 -0.455058 0 0 0 1 
3394309160072;0.334886;0.00861447;0.937518 -0.347242 -0.0220017 1.10709 0.344049 0.915756 0.207417 -7.94451 -0.0518755 -0.202026 0.978005 0.708121 0 0 0 1 
3394309160073;0.372916;0.00958013;0.9897 -0.143142 0.00201495 0.860188 0.143133 0.989695 0.00410209 -3.22681 -0.00258137 -0.00377143 0.99999 0.418012 0 0 0 1 
3394309160074;0.236373;0.0101842;0.983442 -0.176595 -0.0406871 0.326564 0.179113 0.981333 0.0700237 -4.04922 0.0275617 -0.0761519 0.996715 -1.0941 0 0 0 1 
3394309160075;0.259352;0.0139183;0.979399 0.076925 -0.186708 0.739818 -0.123639 0.959467 -0.253254 2.96291 0.159659 0.271121 0.949212 -3.22011 0 0 0 1 
3394309160076;0.21267;0.0179878;0.97408 0.175025 0.143301 0.456105 -0.161305 0.981576 -0.102418 3.79843 -0.158586 0.0766486 0.984365 3.66556 0 0 0 1 
3394309160077;0.259302;0.0231439;0.989311 0.138512 -0.0455839 0.237402 -0.143974 0.977422 -0.154654 3.2359 0.0231333 0.159563 0.986917 0.252001 0 0 0 1 
3394309160078;0.466153;0.0319529;0.885974 -0.415175 0.206591 1.73583 0.437211 0.896336 -0.0736753 -9.2554 -0.154587 0.155598 0.97565 4.25628 0 0 0 1 
3394309160079;0.423773;0.00879911;0.966679 -0.162587 0.197732 -0.309596 0.186575 0.976339 -0.109326 -3.90024 -0.175278 0.142575 0.974141 3.30664 0 0 0 1 
3394309160080;0.255153;0.0176902;0.992712 0.00849088 0.120213 0.0907867 0.00939666 0.989024 -0.147454 -0.00612946 -0.120146 0.147508 0.981736 2.30678 0 0 0 1 
3394309160081;0.296072;0.0108793;0.997281 -0.0668653 0.0309674 0.330445 0.06697 0.997752 -0.00235475 -0.832488 -0.0307404 0.00442223 0.999518 0.58308 0 0 0 1 
3394309160082;0.355531;0.253567;0.96879 -0.231917 -0.0875266 0.945856 0.225168 0.970987 -0.0805271 -5.34068 0.103663 0.0583057 0.992902 -2.32742 0 0 0 1 
3394309160083;0.180325;0.00805928;0.997369 -0.0716378 -0.0110707 -0.0259292 0.072428 0.978632 0.192442 -1.95864 -0.00295195 -0.192738 0.981246 -0.0244427 0 0 0 1 
3394309160084;0.188147;0.0104772;0.997909 -0.0240362 -0.060003 -0.09297 0.0230035 0.999576 -0.0178427 -0.310578 0.0604064 0.0164251 0.998039 -1.65977 0 0 0 1 
3394309160085;0.149775;0.0200108;0.997246 0.0116231 0.0732509 -0.125806 -0.0236333 0.98596 0.165299 0.202898 -0.0703012 -0.166575 0.983519 1.35838 0 0 0 1 
3394309160086;0.360181;0.0110079;0.976206 0.0329775 -0.214324 1.30804 -0.050096 0.995929 -0.0749368 1.24664 0.21098 0.0838905 0.973884 -3.70995 0 0 0 1 
3394309160087;0.069233;0.0087925;0.996594 -0.0800649 -0.0197656 0.0480656 0.0803511 0.996666 0.0141325 -1.78184 0.0185682 -0.0156726 0.999705 -0.406722 0 0 0 1 
3394309160088;0.334175;0.0103266;0.957832 -0.243528 0.152484 -0.251001 0.22038 0.963188 0.153954 -5.00428 -0.184363 -0.113858 0.976241 3.61518 0 0 0 1 
3394309160089;0.384231;0.0104369;0.967961 -0.216833 0.12663 0.110801 0.205057 0.973653 0.0997576 -4.91415 -0.144924 -0.0705951 0.986921 2.30101 0 0 0 1 
3394309160090;0.357505;0.0124532;0.948115 -0.295574 0.117107 0.753184 0.311849 0.936285 -0.161618 -6.25056 -0.0618754 0.189752 0.97988 1.91257 0 0 0 1 
3394309160091;0.460987;0.021804;0.971577 0.230095 0.055631 0.368626 -0.23236 0.971874 0.0383327 4.08071 -0.0452462 -0.0501695 0.997715 0.512026 0 0 0 1 
3394309160093;0.186714;0.0237895;0.981744 -0.0755725 -0.174547 0.507858 0.0804145 0.996544 0.0208267 -1.41262 0.17237 -0.0344826 0.984429 -3.40657 0 0 0 1 
3394309160094;0.310812;0.0274512;0.986215 -0.12741 0.105574 0.386929 0.127905 0.991784 0.0020895 -1.69823 -0.104973 0.0114428 0.994409 1.97426 0 0 0 1 
3394309160095;0.222858;0.0249974;0.998762 -0.0321411 -0.0379585 0.252537 0.0314465 0.999329 -0.0187546 -0.665267 0.0385359 0.0175377 0.999103 -0.178329 0 0 0 1 
3394309160096;0.38163;0.0283054;0.995938 -0.0737615 -0.0516391 0.2749 0.0790171 0.990953 0.108483 -1.72733 0.0431701 -0.112122 0.992756 -0.000552367 0 0 0 1 
3394309160097;0.257713;0.0291617;0.999824 0.00772803 -0.0171207 -0.0777861 -0.00753309 0.999906 0.0114216 0.135635 0.0172074 -0.0112906 0.999788 0.389856 0 0 0 1 
3394309160098;0.436886;0.236429;0.985253 0.167918 0.0328482 -0.199606 -0.163975 0.981484 -0.0990018 3.11607 -0.0488642 0.0921556 0.994545 0.818099 0 0 0 1 
3394309160099;0.352112;0.0419285;0.990863 0.0986595 0.0919661 0.607564 -0.0805087 0.979701 -0.183587 1.99857 -0.108212 0.174505 0.978692 1.75897 0 0 0 1 
3394309160100;0.383134;0.0236645;0.996447 -0.0158182 -0.0827191 0.339764 0.021231 0.997661 0.0649712 -0.342649 0.081498 -0.0664966 0.994453 -0.564511 0 0 0 1 
3394309160101;0.349174;0.0361999;0.999794 0.00817784 0.0185739 0.0164547 -0.00392341 0.975838 -0.21846 0.756174 -0.0199116 0.218342 0.975669 1.3701 0 0 0 1 
3394309160102;0.328612;0.0321877;0.989422 0.0989321 -0.106101 0.309934 -0.0859025 0.988924 0.12104 1.49578 0.116901 -0.110645 0.986961 -1.42275 0 0 0 1 
3394309160103;0.353684;0.0318965;0.997646 -0.00500559 0.0683986 -0.858708 0.00141028 0.998619 0.0525117 -0.191334 -0.068567 -0.0522916 0.996275 1.71155 0 0 0 1 
3394309160104;0.220681;0.0342432;0.980103 -0.140727 0.139979 -0.351266 0.135485 0.989695 0.0463445 -2.1092 -0.145059 -0.0264572 0.989069 2.53771 0 0 0 1 
3394309160105;0.408456;0.39496;0.932608 0.351816 0.0804227 0.364165 -0.357963 0.93011 0.0822021 6.65474 -0.045882 -0.105451 0.993365 1.39319 0 0 0 1 
3394309160106;0.441483;0.023391;0.89666 -0.417578 0.14707 1.46671 0.369302 0.888697 0.271724 -7.20559 -0.244166 -0.189331 0.951071 4.65343 0 0 0 1 
3394309160107;0.532391;0.0269185;0.916481 -0.369925 -0.152377 2.07046 0.354551 0.927428 -0.119045 -6.2867 0.185356 0.0550771 0.981127 -3.78965 0 0 0 1 
3394309160108;0.223867;0.0312117;0.999944 0.0104934 0.00167894 -0.15533 -0.0105076 0.999907 0.00868271 0.112663 -0.00158768 -0.00869986 0.999961 0.615024 0 0 0 1 
3394309160109;0.0784344;0.0252191;0.9949 -0.100754 -0.0048365 -0.0638249 0.10083 0.994712 0.0195438 -1.85079 0.0028418 -0.0199318 0.999797 -0.0723221 0 0 0 1 
3394309160110;0.305364;0.029958;0.985729 -0.159086 0.0550443 -0.316918 0.166603 0.968783 -0.183586 -2.86687 -0.02412 0.190137 0.981461 1.36422 0 0 0 1 
3394309160111;0.289575;0.865097;0.948011 0.247668 0.199841 -0.826626 -0.231134 0.967498 -0.102587 4.34429 -0.218753 0.0510634 0.974443 4.30954 0 0 0 1 
3394309160112;0.386373;0.0238072;0.968394 -0.245099 0.0462597 0.14792 0.244721 0.969496 0.0137472 -4.5624 -0.048218 -0.00199199 0.998835 1.71813 0 0 0 1 
3394309160113;0.347639;0.0351952;0.999194 0.0401129 0.00121713 -0.16687 -0.0401136 0.999195 0.0005551 1.01056 -0.00119388 -0.000603477 0.999999 0.907703 0 0 0 1 
3394309160114;0.578959;0.785384;0.888234 0.376163 0.263706 -0.99918 -0.373012 0.92562 -0.0639427 6.48484 -0.268145 -0.0415696 0.962481 4.73762 0 0 0 1 
3394309160115;0.373208;0.0421892;0.996251 -0.00744846 0.0861928 -0.377005 0.0151855 0.995875 -0.08946 -0.123845 -0.0851709 0.0904335 0.992254 0.76766 0 0 0 1 
3394309160116;0.177223;0.0338145;0.999707 -0.0240048 -0.00313365 0.237857 0.023978 0.999678 -0.00831034 -0.0952784 0.00333213 0.00823276 0.999961 -0.122687 0 0 0 1 
3394309160117;0.448363;0.0296115;0.979068 -0.198352 -0.0456409 0.256151 0.177978 0.943118 -0.280807 -2.52188 0.0987434 0.266806 0.958678 -2.18217 0 0 0 1 
3394309160118;0.307421;0.0699026;0.956612 0.192017 0.219142 0.444555 -0.13966 0.962271 -0.233514 2.99948 -0.255713 0.192777 0.947337 4.7772 0 0 0 1 
3394309160119;0.336676;0.022534;0.932874 -0.354118 -0.0659344 0.991229 0.355029 0.934853 0.00226412 -6.32527 0.0608372 -0.0255208 0.997821 -0.694887 0 0 0 1 
3394309160120;0.390228;0.0228189;0.881532 -0.440469 0.169965 1.40168 0.455375 0.888289 -0.0597972 -8.05302 -0.12464 0.130111 0.983634 2.78861 0 0 0 1 
3394309160121;0.364275;0.0421212;0.933903 -0.104151 0.34202 0.268546 0.17588 0.966704 -0.185873 -2.49793 -0.311273 0.233742 0.921126 6.01426 0 0 0 1 
3394309160122;0.150012;0.0478012;0.981949 0.185174 -0.0385618 0.652273 -0.186136 0.982254 -0.0230149 3.30577 0.0336157 0.0297772 0.998991 -0.531538 0 0 0 1 
3394309160124;0.265891;0.0138908;0.971426 -0.225706 0.0734035 -0.0588239 0.227769 0.97349 -0.0209503 -5.67328 -0.066729 0.0370707 0.997082 1.43057 0 0 0 1 
3394309160125;0.0924407;0.0348115;0.991065 0.0267683 0.130665 0.0330476 -0.035152 0.997439 0.0622826 0.751318 -0.128664 -0.0663193 0.989468 2.87282 0 0 0 1 
3394309160126;0.454214;0.0284757;0.91802 0.300307 -0.25895 3.20958 -0.302472 0.952606 0.0324355 7.56866 0.256418 0.0485488 0.965346 -5.772 0 0 0 1 
3394309160127;0.391085;0.0376074;0.915544 0.398466 -0.0547978 2.20429 -0.384759 0.907343 0.169381 8.97432 0.117213 -0.133992 0.984026 -3.10407 0 0 0 1 
3394309160128;0.398984;0.126586;0.943324 0.330634 0.0286524 0.989352 -0.322766 0.9341 -0.152573 8.05267 -0.0772099 0.134678 0.987877 1.94013 0 0 0 1 
3394309160129;0.0588853;0.0169672;0.999999 -0.000975783 0.0011307 -0.102978 0.000972444 0.999995 0.00294958 -0.109307 -0.00113357 -0.00294848 0.999995 0.149744 0 0 0 1 
3394309160130;0.354684;0.420596;0.985768 -0.123589 0.113958 0.233911 0.123855 0.992289 0.00477462 -3.74293 -0.113669 0.00940758 0.993474 2.74715 0 0 0 1 
3394309160131;0.385569;0.237626;0.900833 0.430355 0.0573957 2.17221 -0.430897 0.902395 -0.00319585 10.2699 -0.053169 -0.0218527 0.998346 1.35372 0 0 0 1 
3394309160132;0.356548;0.0138597;0.907599 -0.41621 0.0550773 1.72986 0.41982 0.898481 -0.128389 -9.82466 0.00395085 0.139648 0.990193 0.0760906 0 0 0 1 
3394309160133;0.361702;0.0114228;0.949721 -0.182411 -0.254472 1.54577 0.250012 0.931087 0.265652 -6.10587 0.188478 -0.315916 0.929878 -4.74119 0 0 0 1 
3394309160134;0.414145;0.0183016;0.977889 -0.207441 0.0264857 1.02885 0.208832 0.975354 -0.0712278 -4.58153 -0.0110574 0.0751839 0.997108 0.3512 0 0 0 1 
3394309160135;0.292331;0.015549;0.999251 0.009902 -0.037406 0.0929802 -0.00640704 0.995699 0.0924228 -0.315113 0.0381603 -0.0921139 0.995017 -1.61156 0 0 0 1 
3394309160136;0.443471;0.0292559;0.96927 0.245703 -0.0120945 0.959126 -0.24554 0.969292 0.0135138 5.99358 0.0150435 -0.0101288 0.999836 -1.21289 0 0 0 1 
3394309160137;0.250953;0.014647;0.982523 -0.177421 -0.0563084 0.355194 0.182485 0.977758 0.10338 -4.42817 0.0367142 -0.111849 0.993047 -1.40497 0 0 0 1 
3394309160138;0.370395;0.0137355;0.927971 -0.264577 -0.26243 1.82413 0.242315 0.963422 -0.114462 -5.24681 0.283115 0.0426271 0.958138 -6.07877 0 0 0 1 
3394309160139;0.0858104;0.0310403;0.997562 0.0694087 -0.00723076 0.0979578 -0.0686507 0.994675 0.0768671 1.44704 0.0125275 -0.0761833 0.997015 -0.434343 0 0 0 1 
3394309160140;0.322515;0.0112144;0.904756 -0.0478137 -0.423238 2.95606 0.0509932 0.998692 -0.00381515 -1.25239 0.422867 -0.0181305 0.90601 -9.98666 0 0 0 1 
3394309160141;0.361297;0.0493397;0.940584 0.33948 0.00743104 1.23737 -0.339561 0.940401 0.0185476 8.09229 -0.000691623 -0.0199688 0.9998 -0.0905711 0 0 0 1 
3394309160142;0.193657;0.0331018;0.966502 0.0220884 0.255705 0.250904 -0.0324403 0.998813 0.0363366 0.700833 -0.254599 -0.0434146 0.966072 6.04328 0 0 0 1 
3394309160143;0.448915;0.0294204;0.97189 0.235159 -0.0114071 0.0808179 -0.23475 0.971617 0.029201 5.12496 0.0179502 -0.0257023 0.999508 -0.79354 0 0 0 1 
3394309160144;0.382267;0.015638;0.928306 -0.335463 -0.160354 0.977917 0.321336 0.940796 -0.107911 -7.9634 0.187061 0.0486473 0.981143 -4.53295 0 0 0 1 
3394309160145;0.390824;0.0218696;0.908812 0.125101 -0.398008 2.8797 -0.214865 0.958087 -0.18948 5.31402 0.357622 0.25772 0.897601 -8.28394 0 0 0 1 
3394309160146;0.519843;0.030546;0.987131 0.0527296 0.150973 0.150113 -0.087148 0.968949 0.231394 1.78344 -0.134084 -0.241573 0.961074 4.01083 0 0 0 1 
3394309160147;0.314525;0.0111265;0.954847 -0.188865 -0.229343 0.703516 0.229639 0.958949 0.16638 -5.43651 0.188505 -0.211533 0.95902 -4.31215 0 0 0 1 
3394309160148;0.159477;0.0389955;0.996217 0.0073479 0.0865913 0.141779 -0.0162055 0.994648 0.102039 0.0440181 -0.0853781 -0.103056 0.991005 1.84396 0 0 0 1 
3394309160149;0.32406;0.413376;0.997503 -0.0694839 0.0126387 0.268512 0.0694461 0.99758 0.00340711 -0.773702 -0.0128448 -0.0025209 0.999914 0.408045 0 0 0 1 
3394309160150;0.0510986;0.0384032;0.998379 0.0538581 0.0184112 -0.033578 -0.0539538 0.998532 0.00474011 1.25322 -0.0181289 -0.00572578 0.999819 0.465553 0 0 0 1 
3394309160151;0.610087;0.0156089;0.928314 -0.339588 -0.151371 2.56991 0.326184 0.939259 -0.106756 -7.29077 0.178429 0.0497287 0.982695 -3.86731 0 0 0 1 
3394309160152;0.362678;0.0277068;0.923494 0.287427 -0.254058 2.65793 -0.313455 0.947178 -0.067817 7.48868 0.221146 0.142264 0.964808 -5.29527 0 0 0 1 
3394309160153;0.287468;0.0330811;0.956171 0.285592 -0.0646127 1.2762 -0.265007 0.937899 0.223867 5.79513 0.124535 -0.196933 0.972475 -2.93952 0 0 0 1 
3394309160155;0.447786;0.328122;0.97196 -0.221321 -0.0794399 0.480096 0.231874 0.958245 0.167335 -2.11032 0.0390882 -0.181063 0.982694 -0.280969 0 0 0 1 
3394309160156;0.233355;0.0290679;0.927979 0.069533 -0.366088 1.18734 -0.0597704 0.997491 0.0379495 0.521829 0.367808 -0.0133351 0.929806 -3.20314 0 0 0 1 
3394309160157;0.264959;0.0525217;0.975116 0.0355341 0.21883 -0.118941 -0.0846948 0.97191 0.219583 0.331059 -0.20488 -0.232653 0.950735 1.49969 0 0 0 1 
3394309160158;0.276214;0.0309236;0.98595 -0.16323 0.0354808 0.0713269 0.163463 0.986542 -0.0037501 -1.67094 -0.0343911 0.00949721 0.999363 -0.206357 0 0 0 1 
3394309160159;0.327677;0.0406809;0.999382 0.0301099 0.0181196 -0.255784 -0.0312636 0.997251 0.0671752 0.196255 -0.0160472 -0.0677002 0.997577 0.998938 0 0 0 1 
3394309160160;0.133668;0.0471629;0.984985 0.000830803 0.17264 -0.268633 0.0100441 0.998019 -0.0621085 0.0146552 -0.17235 0.06291 0.983025 1.63617 0 0 0 1 
3394309160161;0.30505;0.808327;0.947796 0.318615 -0.0129045 -1.77679 -0.318209 0.947655 0.0263334 3.06503 0.0206193 -0.0208524 0.99957 0.153981 0 0 0 1 
3394309160162;0.0502853;0.0319972;0.999934 -0.0112257 -0.00247411 0.0461874 0.0112188 0.999933 -0.00277658 -0.164813 0.00250512 0.00274864 0.999993 0.087936 0 0 0 1 
3394309160163;0.250016;0.0338708;0.994491 -0.0752071 -0.073021 0.0738195 0.09148 0.962798 0.254265 -1.29493 0.051182 -0.259544 0.964374 -0.261447 0 0 0 1 
3394309160164;0.523579;0.828379;0.903582 0.427046 -0.0342348 -1.96117 -0.427234 0.904139 0.00199202 3.71771 0.0318037 0.0128263 0.999412 0.134759 0 0 0 1 
3394309160165;0.368871;0.327746;0.966379 0.25691 0.0104638 -0.550525 -0.245346 0.933528 -0.261401 2.45726 -0.0769247 0.250045 0.965174 1.54027 0 0 0 1 
3394309160166;0.306131;0.028534;0.999516 -0.0131499 -0.0281849 0.10004 0.013134 0.999913 -0.000749121 -0.133029 0.0281923 0.000378579 0.999602 -0.986593 0 0 0 1 
3394309160167;0.598213;0.0239372;0.896234 -0.143242 -0.419818 2.06528 0.218492 0.966207 0.13677 -2.84252 0.386039 -0.214305 0.897244 -2.87985 0 0 0 1 
3394309160168;0.1742;0.0359678;0.999436 0.0332393 -0.00485632 -0.0790527 -0.0332298 0.999446 0.00201427 0.283269 0.00492058 -0.00185176 0.999986 0.458778 0 0 0 1 
3394309160169;0.457369;0.0224158;0.942116 -0.332089 0.0461975 0.194131 0.330762 0.943098 0.034103 -3.93341 -0.054894 -0.0168486 0.99835 1.03918 0 0 0 1 
3394309160170;0.210774;0.0421164;0.985512 -0.103593 0.134293 -0.284527 0.12509 0.978657 -0.163045 -0.951328 -0.114536 0.177481 0.977436 0.960556 0 0 0 1 
3394309160171;0.312176;0.0348996;0.979332 -0.199044 0.0359107 0.417102 0.181144 0.942145 0.282045 -2.01175 -0.0899724 -0.269711 0.958729 0.742757 0 0 0 1 
3394309160172;0.347442;0.0414296;0.991406 -0.0560538 -0.118206 0.0980964 0.0403862 0.990559 -0.131004 -0.363233 0.124434 0.125104 0.98431 -0.124804 0 0 0 1 
3394309160173;0.513361;0.380616;0.968129 -0.240143 0.0711137 0.640866 0.244687 0.967486 -0.0640301 -2.39545 -0.0534251 0.07939 0.995411 0.354865 0 0 0 1 
3394309160174;0.158617;0.0385063;0.997511 0.0497067 -0.0500099 -0.2519 -0.0553982 0.991259 -0.119739 0.631603 0.0436209 0.122211 0.991545 -0.106141 0 0 0 1 
3394309160175;0.423765;0.0345105;0.985289 -0.03636 -0.166982 1.07711 0.000344251 0.977524 -0.210823 0.48945 0.170895 0.207664 0.963157 -1.56924 0 0 0 1 
3394309160176;0.19621;0.0475348;0.99589 -0.0397859 0.0813676 -0.00123075 0.0364413 0.998445 0.0421844 -0.0940712 -0.0829195 -0.0390459 0.995791 0.431215 0 0 0 1 
3394309160177;0.557777;0.0305529;0.95679 0.176153 -0.231349 0.547835 -0.0755623 0.918908 0.387168 0.272936 0.280789 -0.352957 0.892513 -1.45954 0 0 0 1 
3394309160178;0.217629;0.0497739;0.999982 -0.00592172 0.000924865 0.275673 0.00592416 0.999979 -0.00265796 -0.331662 -0.000909106 0.0026634 0.999996 0.361849 0 0 0 1 
3394309160179;0.268847;0.641627;0.958198 -0.286093 -0.00286542 1.47212 0.286073 0.957877 0.0251758 -3.03736 -0.0044579 -0.0249431 0.999679 0.0422637 0 0 0 1 
3394309160180;0.363436;0.0472898;0.997187 -0.00679577 0.074643 -0.135285 0.0112389 0.998179 -0.0592669 0.326845 -0.0741043 0.0599391 0.995448 1.63322 0 0 0 1 
3394309160181;0.481709;0.0402653;0.904732 -0.425826 -0.0114997 1.1794 0.425782 0.904805 -0.00616437 -3.97538 0.01303 0.000680718 0.999915 0.679527 0 0 0 1 
3394309160182;0.293983;0.0315128;0.998209 -0.0459797 -0.0382692 -0.0134103 0.0457092 0.998923 -0.00791498 -0.937887 0.0385919 0.00615155 0.999236 0.258228 0 0 0 1 
3394309160183;0.436918;0.0328476;0.97231 -0.233518 0.00905003 0.448092 0.222075 0.935336 0.275371 -2.99255 -0.072769 -0.265736 0.961295 0.28597 0 0 0 1 
3394309160184;0.141133;0.0338241;0.999814 -0.0113082 -0.0156462 -0.366561 0.0109487 0.999678 -0.022878 -0.182728 0.0158999 0.0227025 0.999616 0.0871417 0 0 0 1 
3394309160186;0.458534;0.0290131;0.916474 0.398366 -0.0371477 1.99967 -0.399678 0.915798 -0.0396369 7.93111 0.0182298 0.0511734 0.998523 -1.01949 0 0 0 1 
3394309160187;0.388653;0.16314;0.897311 -0.441115 0.015814 1.98998 0.44089 0.893982 -0.0800768 -8.68101 0.0211856 0.078826 0.996663 -0.110143 0 0 0 1 
3394309160188;0.269366;0.00909477;0.98637 -0.164539 -0.000847391 0.180647 0.162527 0.973479 0.16101 -3.4231 -0.0256675 -0.158953 0.986952 0.801025 0 0 0 1 
3394309160189;0.483079;0.01122;0.968213 -0.201784 -0.147805 1.00226 0.149551 0.940677 -0.304568 -2.03549 0.200494 0.272782 0.940953 -4.02237 0 0 0 1 
3394309160190;0.0786131;0.00346777;0.997995 0.0605735 -0.0183652 0.11957 -0.0606676 0.998147 -0.00461103 1.14812 0.0180518 0.00571595 0.999821 -0.483288 0 0 0 1 
3394309160191;0.461554;0.0290639;0.950319 -0.310916 -0.0150232 0.852539 0.311172 0.950149 0.0197214 -6.85532 0.00814256 -0.0234164 0.999693 0.464196 0 0 0 1 
3394309160192;0.432023;0.00738986;0.987622 -0.0284153 -0.154258 1.11388 -0.012961 0.965306 -0.260798 1.06237 0.156316 0.259569 0.95299 -2.43478 0 0 0 1 
3394309160193;0.353577;0.0113452;0.952631 0.304129 0.000531242 1.44521 -0.304011 0.952305 -0.0263247 5.96771 -0.00851203 0.0249163 0.999653 -0.405798 0 0 0 1 
3394309160194;0.352735;0.00352304;0.951681 -0.225082 0.208905 0.358442 0.14665 0.930804 0.334809 -3.5843 -0.26981 -0.287996 0.918837 5.03489 0 0 0 1 
3394309160195;0.362433;0.0709665;0.907583 0.419771 0.00922085 2.01586 -0.419375 0.907359 -0.0287237 8.15948 -0.020424 0.0222021 0.999545 0.232554 0 0 0 1 
3394309160196;0.182053;0.00844349;0.992804 -0.108537 0.0506016 -0.0310092 0.0996341 0.983067 0.153795 -2.32955 -0.0664372 -0.147646 0.986806 0.915947 0 0 0 1 
3394309160197;0.398636;0.0483163;0.924229 0.368173 -0.101242 2.20167 -0.381204 0.904952 -0.189066 7.69026 0.0220098 0.213334 0.976731 0.4011 0 0 0 1 
3394309160198;0.114611;0.00962796;0.991247 -0.13185 -0.00664378 0.0568999 0.131836 0.991268 -0.0024455 -2.68296 0.00690821 0.0015482 0.999975 -0.072406 0 0 0 1 
3394309160199;0.260161;0.0112262;0.949794 0.312637 0.0122375 1.24442 -0.31194 0.94925 -0.0402343 6.20015 -0.0241952 0.0343969 0.999115 0.53622 0 0 0 1 
3394309160200;0.239388;0.0103507;0.999098 -0.0330072 -0.0267113 0.00551973 0.033346 0.999368 0.0123381 -0.740559 0.0262871 -0.0132177 0.999567 0.104907 0 0 0 1 
3394309160201;0.340496;0.00447842;0.968818 -0.07506 0.236131 0.599516 0.120105 0.975827 -0.182585 -1.70679 -0.216718 0.205252 0.954413 4.2207 0 0 0 1 
3394309160202;0.373558;0.00670255;0.986018 -0.082848 0.144586 -0.668813 0.0834654 0.996509 0.00180135 -1.40916 -0.14423 0.0102918 0.989491 2.17813 0 0 0 1 
3394309160203;0.451354;0.348133;0.999224 0.0392057 -0.00377575 0.125344 -0.0393793 0.992523 -0.115534 1.14055 -0.000782071 0.115593 0.993296 -0.0685322 0 0 0 1 
3394309160204;0.469117;0.146445;0.893315 0.448765 -0.0244479 2.13441 -0.448744 0.893636 0.0066391 8.84106 0.0248269 0.00504005 0.999679 -0.970041 0 0 0 1 
3394309160205;0.327235;0.0103272;0.978264 -0.199912 -0.0550982 0.724531 0.202421 0.978288 0.0444677 -4.42145 0.0450123 -0.0546542 0.99749 -1.27567 0 0 0 1 
3394309160206;0.165571;0.00840769;0.998354 -0.0121379 -0.056055 -0.104005 0.00529724 0.992686 -0.120606 0.156364 0.0571089 0.120111 0.991117 -0.660669 0 0 0 1 
3394309160207;0.420271;0.00668205;0.971239 0.10606 0.213181 0.463827 -0.116362 0.992542 0.0363364 2.13662 -0.207738 -0.0600976 0.976337 4.99547 0 0 0 1 
3394309160208;0.487381;0.00565157;0.924647 0.307618 -0.224497 1.33723 -0.250585 0.935367 0.249593 4.16745 0.286766 -0.17453 0.941969 -5.32041 0 0 0 1 
3394309160209;0.287731;0.00409359;0.995999 0.0695104 0.056163 -0.125139 -0.0767455 0.987305 0.139068 1.46813 -0.0457833 -0.142822 0.988689 0.0830195 0 0 0 1 
3394309160210;0.372686;0.0245336;0.950671 -0.307625 0.0399 0.700157 0.310171 0.944509 -0.10815 -5.75693 -0.00441638 0.11519 0.993334 0.850469 0 0 0 1 
3394309160211;0.423056;0.180157;0.920097 -0.32225 -0.222657 2.1731 0.349336 0.932234 0.094365 -7.01411 0.177159 -0.164607 0.970319 -3.07007 0 0 0 1 
3394309160212;0.468609;0.00958455;0.960128 -0.278747 0.0213061 1.14505 0.279128 0.960092 -0.0176406 -5.92976 -0.0155386 0.0228844 0.999617 0.926704 0 0 0 1 
3394309160213;0.266849;0.00722686;0.978272 -0.149633 0.143508 -0.303282 0.175182 0.966778 -0.18615 -3.06779 -0.110887 0.207245 0.971984 2.50731 0 0 0 1 
3394309160214;0.475344;0.386438;0.993667 -0.0990357 0.0530751 0.312522 0.103588 0.990422 -0.0912863 -2.07482 -0.0435261 0.0962061 0.994409 1.59052 0 0 0 1 
3394309160215;0.281079;0.0376436;0.875857 0.0833901 -0.475311 3.04387 -0.0567741 0.995922 0.0701101 1.15384 0.479219 -0.0344211 0.87702 -9.34532 0 0 0 1 
3394309160217;0.276984;0.0117239;1 0.000700827 6.38532e-05 -0.563945 -0.000700903 0.999999 0.00120878 0.36112 -6.3006e-05 -0.00120882 0.999999 0.358838 0 0 0 1 
3394309160218;0.423487;0.972643;0.939806 0.194897 0.280678 -2.55758 -0.238116 0.962652 0.128848 2.63045 -0.245083 -0.187926 0.951114 2.84165 0 0 0 1 
3394309160219;0.217232;0.0410559;0.985711 0.161016 -0.0494704 0.410642 -0.16752 0.967797 -0.187899 2.50579 0.0176226 0.193502 0.980942 0.0684519 0 0 0 1 
3394309160220;0.375115;0.0184241;0.921033 0.183128 -0.343748 1.59028 -0.104074 0.966194 0.235875 0.570361 0.375323 -0.181473 0.908956 -5.23526 0 0 0 1 
3394309160221;0.326953;0.0373253;0.981335 0.181336 -0.0640248 -0.128719 -0.178007 0.982525 0.0543909 1.93453 0.0727689 -0.0419788 0.996465 -0.398669 0 0 0 1 
3394309160222;0.142051;0.0139685;0.999291 -0.0337499 0.0166787 -0.267848 0.0342311 0.99898 -0.029462 -0.714897 -0.0156673 0.030012 0.999427 0.336521 0 0 0 1 
3394309160223;0.261461;0.0442165;0.958671 0.275365 -0.0715817 0.282336 -0.27176 0.960724 0.0561737 3.43682 0.0842385 -0.034399 0.995852 -1.17263 0 0 0 1 
3394309160224;0.0854273;0.0352391;0.993737 0.111033 -0.0126009 0.0861302 -0.110914 0.993782 0.00972133 1.34686 0.0136019 -0.00826282 0.999873 -0.163197 0 0 0 1 
3394309160225;0.231107;0.0174744;0.999943 0.00371132 -0.0100144 -0.25225 -0.0035377 0.999844 0.0172997 0.565127 0.0100771 -0.0172633 0.9998 0.0772258 0 0 0 1 
3394309160226;0.061528;0.0256408;0.999987 0.00336532 -0.00378019 -0.0560588 -0.00337302 0.999992 -0.00203406 0.0841004 0.00377331 0.00204679 0.999991 -0.173713 0 0 0 1 
3394309160227;0.376137;1.3273;0.887317 0.459207 -0.042388 -1.72756 -0.459609 0.888121 0.000297927 5.74109 0.0377825 0.0192175 0.999101 -0.262308 0 0 0 1 
3394309160228;0.303595;0.0159462;0.96535 -0.249191 0.0774806 0.295994 0.260755 0.932839 -0.248634 -2.9845 -0.0103195 0.260222 0.965494 0.193807 0 0 0 1 
3394309160229;0.401686;0.0231828;0.930984 -0.315679 0.183344 1.04171 0.320082 0.947372 0.00585978 -3.65539 -0.175544 0.0532297 0.983031 2.44995 0 0 0 1 
3394309160230;0.10387;0.0409704;0.991298 0.126744 -0.0355492 0.0553414 -0.127923 0.991231 -0.033113 1.66432 0.0310406 0.0373724 0.998819 -0.354121 0 0 0 1 
3394309160231;0.26477;0.0273573;0.926201 -0.226841 0.301158 0.294075 0.190406 0.970837 0.145676 -2.78663 -0.32542 -0.0775827 0.942381 4.25731 0 0 0 1 
3394309160232;0.456423;0.0267579;0.870663 0.284223 -0.401451 2.81084 -0.282448 0.957076 0.0650308 3.87897 0.402702 0.056769 0.913569 -5.53197 0 0 0 1 
3394309160233;0.155497;0.0296565;0.999167 0.0336482 0.0231075 -0.201263 -0.0342743 0.999041 0.0272555 0.378601 -0.0221682 -0.0280248 0.999361 0.670704 0 0 0 1 
3394309160234;0.449685;0.178855;0.997027 -0.0743704 0.0201615 0.282765 0.0752325 0.996102 -0.046045 -0.833738 -0.0166585 0.0474249 0.998736 -0.644053 0 0 0 1 
3394309160235;0.164832;0.0139214;0.972568 0.125673 -0.195749 0.354549 -0.115446 0.991323 0.0628521 1.48699 0.201949 -0.0385295 0.978638 -2.57484 0 0 0 1 
3394309160236;0.330502;0.0386084;0.972274 0.225387 0.0623211 0.122131 -0.209996 0.958791 -0.191367 3.269 -0.102885 0.172974 0.979538 1.85931 0 0 0 1 
3394309160237;0.197559;0.0324946;0.999961 -0.00865469 0.00171269 0.24139 0.00864395 0.999944 0.00617959 0.131318 -0.00176608 -0.00616454 0.999979 -0.27737 0 0 0 1 
3394309160238;0.37956;0.0345489;0.982348 -0.139062 0.125117 0.806775 0.124414 0.985172 0.11814 -1.49818 -0.139691 -0.100488 0.985083 1.88584 0 0 0 1 
3394309160239;0.353533;0.0228177;0.995698 -0.0431924 0.0819785 -0.805261 0.0424246 0.999038 0.0110852 -0.387302 -0.0823784 -0.00755965 0.996572 0.474064 0 0 0 1 
3394309160240;0.540644;0.893724;0.948444 0.283238 0.14223 -2.16404 -0.216432 0.906623 -0.362204 4.04685 -0.231539 0.312747 0.921183 3.06624 0 0 0 1 
3394309160241;0.23847;0.789165;0.97858 0.0800141 0.189683 -1.65766 -0.0912868 0.994495 0.0514424 1.03535 -0.184523 -0.067656 0.980497 1.91813 0 0 0 1 
3394309160242;0.249114;0.0165204;0.999373 -0.0230499 0.026879 -0.308601 0.0225396 0.999563 0.0191382 -0.28783 -0.0273084 -0.0185204 0.999455 -0.250659 0 0 0 1 
3394309160243;0.309141;0.0703003;0.959187 0.161025 0.232447 -0.134737 -0.115911 0.973687 -0.196208 1.88664 -0.257925 0.161257 0.952613 3.28354 0 0 0 1 
3394309160244;0.346424;0.0338617;0.999993 -0.00149861 -0.00336414 0.503488 0.00150772 0.999995 0.00270646 -0.41431 0.00336007 -0.00271151 0.999991 0.597901 0 0 0 1 
3394309160245;0.222213;0.0308436;0.981607 0.142374 0.127193 0.127007 -0.148305 0.988196 0.0383954 1.99429 -0.120225 -0.0565526 0.991135 1.12355 0 0 0 1 
3394309160246;0.394505;1.06492;0.903899 0.424128 0.0555238 -1.84929 -0.427493 0.900187 0.083141 5.51034 -0.0147195 -0.0988871 0.99499 0.0763044 0 0 0 1 
3394309160248;0.387346;0.353509;0.992758 0.108077 -0.0524453 0.310827 -0.100305 0.986 0.1332 1.94194 0.0661069 -0.126974 0.989701 -0.480851 0 0 0 1 
3394309160249;0.0790091;0.0170434;0.996314 -0.0855306 0.00659427 0.0368764 0.0855179 0.996334 0.00218197 -1.4691 -0.00675673 -0.00161 0.999976 0.10832 0 0 0 1 
3394309160250;0.489213;0.0256179;0.931294 0.267425 -0.247337 1.73806 -0.225687 0.956572 0.184487 3.27038 0.285932 -0.115991 0.951204 -3.96475 0 0 0 1 
3394309160251;0.37181;0.0376445;0.88462 0.440051 -0.154285 2.31894 -0.400312 0.886333 0.232733 6.49085 0.239162 -0.144118 0.960225 -4.08273 0 0 0 1 
3394309160252;0.374908;0.0110051;0.933225 -0.359273 -0.00387053 1.32651 0.359284 0.933225 0.00255727 -6.38633 0.00269332 -0.00377713 0.999989 -0.339809 0 0 0 1 
3394309160253;0.217625;0.027734;0.971098 -0.152313 0.183762 0.227833 0.161123 0.986351 -0.0339162 -2.61368 -0.176088 0.0625444 0.982385 3.46227 0 0 0 1 
3394309160254;0.306431;0.0145406;0.999771 -0.0213753 -0.000251847 -0.71771 0.0213756 0.999771 0.00094858 -0.0438204 0.000231513 -0.000953747 1 0.346052 0 0 0 1 
3394309160255;0.470321;0.0227701;0.972768 -0.227618 -0.0437361 -0.333497 0.20107 0.922578 -0.329273 -2.508 0.115299 0.311512 0.943221 -1.74477 0 0 0 1 
3394309160256;0.293686;0.0154468;0.999349 0.0318006 -0.0170359 -0.490319 -0.0314929 0.999341 0.0180371 0.0226588 0.0175982 -0.0174888 0.999692 -0.0361689 0 0 0 1 
3394309160257;0.406176;0.0300537;0.988641 0.0704061 0.132787 -0.0226607 -0.0426584 0.978607 -0.20127 1.82403 -0.144117 0.193319 0.970494 3.05263 0 0 0 1 
3394309160258;0.344851;0.0311587;0.970516 0.0649671 0.232116 -0.106575 -0.0146277 0.977091 -0.212318 0.992714 -0.240592 0.202662 0.949233 4.36336 0 0 0 1 
3394309160259;0.414136;0.615509;0.881009 -0.453295 -0.135447 3.72121 0.46135 0.886575 0.0337674 -8.20536 0.104777 -0.0922377 0.990209 -1.77851 0 0 0 1 
3394309160260;0.148826;0.0236176;0.971452 0.0980385 -0.216032 0.856344 -0.0834444 0.993634 0.075693 1.31347 0.222078 -0.0555054 0.973448 -3.90085 0 0 0 1 
3394309160261;0.341319;0.0186989;0.985559 -0.167427 -0.0253404 0.318845 0.166401 0.985315 -0.038276 -2.38611 0.0313767 0.0335065 0.998946 0.15375 0 0 0 1 
