#;prob_registration_l1 -r ../../../../build/tester /home/point_clouds_registration_benchmark/devel/registration_pairs/long_office_household_local.txt /home/point_clouds_registration_benchmark/long_office_household -s 0.1 -t 0.1 -p 0.3 -r 1000 -m 5 -i 40 
id;initial_error;final_error;transformation
26456013410000;0.652746;0.529715;0.80456 0.508163 -0.307332 0.592951 -0.515502 0.854538 0.0634248 -0.206912 0.294857 0.107401 0.949486 -0.247898 0 0 0 1 
26456013410001;1.0574;0.640458;0.932236 0.322185 -0.16472 0.268652 -0.26357 0.916496 0.300943 0.186484 0.247925 -0.237134 0.939309 1.22966 0 0 0 1 
26456013410002;0.577722;0.631802;0.922742 0.351137 -0.158905 0.499755 -0.288955 0.903099 0.317674 0.0663969 0.255054 -0.247215 0.93479 0.793135 0 0 0 1 
26456013410003;1.10585;0.617255;0.966674 -0.188658 -0.17306 0.596631 0.230956 0.934297 0.271566 0.0957385 0.110457 -0.302485 0.946732 -0.662521 0 0 0 1 
26456013410004;0.510854;0.534482;0.945305 0.28835 0.152486 0.251242 -0.324979 0.872749 0.364277 -0.304961 -0.0280431 -0.393908 0.918722 -0.192737 0 0 0 1 
26456013410005;0.315858;0.630758;0.966145 0.178157 -0.186613 0.560556 -0.130483 0.961391 0.242284 0.0577472 0.222572 -0.209731 0.952089 0.0781889 0 0 0 1 
26456013410006;0.127418;0.619251;0.922137 0.338751 -0.186846 0.517982 -0.275212 0.91385 0.298559 -0.20821 0.271886 -0.22389 0.935923 0.413235 0 0 0 1 
26456013410007;0.936325;0.6376;0.967161 -0.133205 -0.216465 0.161886 0.154558 0.984334 0.0848399 0.397914 0.201772 -0.11551 0.972597 0.783946 0 0 0 1 
26456013410008;0.859142;0.645951;0.953322 0.220352 -0.20645 0.481588 -0.168871 0.955862 0.240437 0.0558495 0.250319 -0.194351 0.948456 1.10258 0 0 0 1 
26456013410009;0.404949;0.57258;0.922765 0.274716 -0.270251 0.256315 -0.243684 0.959248 0.143044 -0.122227 0.298534 -0.0661398 0.952104 0.502382 0 0 0 1 
26456013410010;0.333714;0.587105;0.940254 0.222897 -0.25737 0.419619 -0.214164 0.974837 0.0618555 -0.100165 0.264681 -0.00304054 0.964331 -0.0237571 0 0 0 1 
26456013410011;0.463956;0.639342;0.96944 0.172547 -0.174395 0.612583 -0.127357 0.961532 0.243385 -0.0694741 0.209681 -0.213737 0.954123 -0.0472471 0 0 0 1 
26456013410012;1.06761;0.514934;0.914265 0.132206 -0.382938 1.00475 -0.21826 0.957083 -0.190671 0.625947 0.341295 0.257904 0.903882 0.967482 0 0 0 1 
26456013410013;0.408963;0.518998;0.822386 0.553149 -0.133071 0.476292 -0.526185 0.828448 0.19184 -0.279468 0.216358 -0.0877463 0.972363 0.303335 0 0 0 1 
26456013410014;0.281798;0.630308;0.91383 0.360396 -0.187162 0.392818 -0.290025 0.90179 0.320406 -0.332968 0.284254 -0.238515 0.928607 0.18197 0 0 0 1 
26456013410015;0.444148;0.592376;0.960052 0.131031 -0.247245 0.336905 -0.117723 0.99072 0.0679289 0.0394751 0.253852 -0.0361089 0.966569 0.518206 0 0 0 1 
26456013410016;0.631913;0.611539;0.839597 0.536938 0.0823064 0.142068 -0.538357 0.802283 0.257902 -0.102125 0.0724444 -0.260844 0.962659 0.699537 0 0 0 1 
26456013410017;0.712942;0.586529;0.945634 0.293838 -0.139409 0.662418 -0.263269 0.943262 0.202354 0.468223 0.190959 -0.15465 0.969339 0.438296 0 0 0 1 
26456013410018;0.599666;0.489975;0.869521 0.470433 0.150417 0.272776 -0.493677 0.836911 0.236353 -0.518742 -0.0146978 -0.279771 0.959954 -0.11396 0 0 0 1 
26456013410019;0.16999;0.542488;0.964108 0.235639 -0.122352 0.41523 -0.201231 0.949116 0.24225 -0.0136958 0.173209 -0.208934 0.962468 0.138758 0 0 0 1 
26456013410020;0.966938;0.631984;0.926938 0.346978 -0.142802 0.225981 -0.295463 0.909572 0.292198 -0.523961 0.231275 -0.228657 0.945636 -0.51919 0 0 0 1 
26456013410021;1.2145;0.606781;0.962882 -0.193271 -0.188424 -0.260274 0.223724 0.962002 0.156523 0.38149 0.151013 -0.192868 0.969534 -0.239723 0 0 0 1 
26456013410022;0.808376;0.587987;0.960461 -0.114735 -0.253672 0.0671386 0.0755225 0.984342 -0.159271 0.547607 0.267974 0.133815 0.954088 -0.0785305 0 0 0 1 
26456013410023;0.310262;0.592761;0.849937 0.49153 -0.189752 0.184963 -0.45364 0.865857 0.210956 -0.11058 0.267989 -0.09322 0.958901 0.415602 0 0 0 1 
26456013410024;0.290654;0.589543;0.908449 0.404854 -0.103991 0.510633 -0.348478 0.870937 0.346458 -0.437428 0.230834 -0.278501 0.932284 0.287435 0 0 0 1 
26456013410025;0.115869;0.611133;0.911332 0.355849 -0.206989 0.408768 -0.297195 0.916626 0.267343 -0.139125 0.284866 -0.182123 0.941107 0.436864 0 0 0 1 
26456013410026;0.438952;0.584527;0.98797 0.143247 -0.0582658 0.275483 -0.117981 0.941778 0.314857 -0.419763 0.0999757 -0.304195 0.947349 0.075241 0 0 0 1 
26456013410027;1.02893;0.618514;0.77701 0.604654 -0.175069 0.680205 -0.539839 0.783108 0.308733 0.567317 0.323774 -0.14538 0.934898 0.325418 0 0 0 1 
26456013410028;0.910665;0.67937;0.911471 0.354791 -0.208191 0.431661 -0.274492 0.901507 0.334573 0.0649166 0.306389 -0.247807 0.919085 1.21914 0 0 0 1 
26456013410029;0.807992;0.582901;0.899383 0.262198 -0.349804 0.759192 -0.274322 0.961514 0.0153992 0.739241 0.34038 0.0821094 0.936696 0.0596177 0 0 0 1 
26456013410031;0.378079;3.13837;0.472981 0.740399 -0.477597 -1.69189 -0.881033 0.402576 -0.248421 3.60034 0.00833833 0.538277 0.842726 1.19355 0 0 0 1 
26456013410032;0.347742;1.41806;-0.0311409 0.417481 -0.908152 0.413007 -0.567359 0.740644 0.359932 1.26752 0.822882 0.526456 0.213797 -0.704694 0 0 0 1 
26456013410033;0.319289;1.53434;-0.200774 0.248707 -0.947542 0.718006 -0.515121 0.79592 0.318058 1.12058 0.833271 0.551956 -0.0316858 -0.755561 0 0 0 1 
26456013410034;0.665788;1.11406;0.241023 0.739138 -0.628954 1.22536 -0.671477 0.594911 0.441813 0.835513 0.700733 0.315842 0.639701 -0.761024 0 0 0 1 
26456013410035;0.543286;1.42396;0.0467842 0.285033 -0.957375 0.834865 -0.499674 0.836575 0.22465 0.886952 0.864949 0.467866 0.181562 0.0644482 0 0 0 1 
26456013410036;0.569296;0.947743;0.776037 0.498539 -0.386296 0.165821 -0.549067 0.835408 -0.0248832 1.13176 0.31031 0.231413 0.922039 0.180489 0 0 0 1 
26456013410037;0.587068;1.51421;-0.158358 0.309852 -0.937504 0.896333 -0.820969 0.4862 0.299366 1.99888 0.548574 0.817069 0.177385 0.182936 0 0 0 1 
26456013410038;0.163491;1.48749;0.0531674 0.240268 -0.96925 0.84785 -0.591058 0.789908 0.163389 1.36534 0.804875 0.564196 0.184009 -0.46535 0 0 0 1 
26456013410039;0.298903;1.50577;-0.0915543 0.288343 -0.95314 0.608294 -0.541942 0.78857 0.290614 1.65164 0.835414 0.543154 0.084068 -0.540994 0 0 0 1 
26456013410040;0.421915;4.58986;0.916191 0.238908 -0.321741 -4.69736 -0.398889 0.62079 -0.674912 3.69531 0.0384919 0.746688 0.66406 1.05137 0 0 0 1 
26456013410041;0.740902;1.18379;0.383219 0.488494 -0.783911 1.25044 -0.482635 0.829526 0.28098 0.545638 0.787532 0.270666 0.553655 -0.756576 0 0 0 1 
26456013410042;0.386627;1.5307;-0.213877 0.237301 -0.947599 0.982463 -0.491055 0.812456 0.314292 1.10819 0.844465 0.532544 -0.0572377 0.00421111 0 0 0 1 
26456013410043;0.418115;0.948948;0.637839 0.428278 -0.640109 0.223336 -0.599912 0.797485 -0.0642101 1.17762 0.482977 0.424964 0.765597 -0.148265 0 0 0 1 
26456013410044;0.401489;0.880103;0.78922 0.471668 -0.39327 0.00580437 -0.387633 0.879308 0.276691 0.715318 0.476311 -0.0659258 0.876802 -0.224092 0 0 0 1 
26456013410045;0.640918;1.47284;0.0244391 0.417766 -0.908226 0.346173 -0.594598 0.736408 0.322734 0.834588 0.803652 0.532142 0.2664 -0.746449 0 0 0 1 
26456013410046;0.387348;1.39315;-0.0936494 0.372449 -0.923316 0.554099 -0.545345 0.756704 0.360554 1.56906 0.832964 0.537291 0.132248 -0.409714 0 0 0 1 
26456013410047;0.681694;1.24197;0.421328 0.810259 -0.407387 0.585528 -0.556043 0.585661 0.589761 0.650062 0.716449 -0.0219584 0.697293 -0.740056 0 0 0 1 
26456013410048;0.200666;1.45141;-0.141357 0.341498 -0.929192 0.866015 -0.596122 0.719999 0.355303 1.08974 0.790352 0.604136 0.101798 -0.294541 0 0 0 1 
26456013410049;0.634474;1.28733;0.288207 0.441029 -0.849959 0.834279 -0.697554 0.704793 0.129176 1.27039 0.656015 0.555663 0.510767 0.233495 0 0 0 1 
26456013410050;0.211001;1.49094;0.108749 0.30541 -0.945991 0.556282 -0.607818 0.773445 0.17983 1.46802 0.786594 0.555434 0.269745 -0.501946 0 0 0 1 
26456013410051;0.550163;0.946516;0.663836 0.600852 -0.445308 0.711643 -0.440389 0.795303 0.416595 0.460175 0.604466 -0.0804426 0.792559 -0.639968 0 0 0 1 
26456013410052;0.551544;1.20517;0.501312 0.717937 -0.482963 0.843093 -0.754056 0.636242 0.163085 1.22783 0.424366 0.282424 0.86032 -0.663336 0 0 0 1 
26456013410053;0.345543;1.47717;0.0825477 0.537846 -0.838992 0.837325 -0.78745 0.551195 0.275874 1.98491 0.610826 0.637891 0.469027 -0.209813 0 0 0 1 
26456013410054;0.546651;3.27247;0.605471 0.642258 -0.47001 -2.62909 -0.794791 0.457252 -0.399033 4.32769 -0.0413688 0.615163 0.787314 0.883814 0 0 0 1 
26456013410055;0.267657;1.54165;-0.107729 0.319731 -0.941364 1.04248 -0.640971 0.701469 0.311604 1.573 0.759967 0.636956 0.129369 -0.352237 0 0 0 1 
26456013410056;0.595541;1.41555;0.36284 0.363651 -0.857966 0.973829 -0.684577 0.728684 0.0193418 1.33165 0.632219 0.580326 0.513343 -0.110947 0 0 0 1 
26456013410057;0.461018;1.54217;0.0002768 0.510072 -0.860132 1.0064 -0.831504 0.477937 0.283157 1.41293 0.555519 0.715124 0.424259 -0.192736 0 0 0 1 
26456013410058;0.576941;1.50028;-0.0641656 0.533832 -0.843153 0.939367 -0.618567 0.641733 0.45338 0.742696 0.783108 0.550638 0.289033 -0.72675 0 0 0 1 
26456013410059;0.729412;1.47233;-0.220146 0.58195 -0.78286 1.11428 -0.784156 0.371774 0.496874 1.212 0.580203 0.723269 0.374495 0.18189 0 0 0 1 
26456013410060;0.670241;0.872023;0.675491 0.603932 -0.423058 -0.000913671 -0.419574 0.786611 0.452991 0.886248 0.606358 -0.128487 0.784743 -0.81104 0 0 0 1 
26456013410062;0.727774;0.495398;0.961693 0.263305 -0.0762661 -0.271687 -0.245813 0.951457 0.185218 -0.336322 0.121333 -0.159376 0.979734 0.322218 0 0 0 1 
26456013410063;1.34575;0.124898;0.955071 0.042208 0.293355 -0.274833 0.0452813 0.957406 -0.285173 -0.458193 -0.292897 0.285644 0.91248 -0.182684 0 0 0 1 
26456013410064;0.325852;0.205869;0.997161 0.0258862 0.0707062 -0.0382822 -0.0347552 0.991263 0.127238 -0.156053 -0.0667947 -0.129334 0.989349 0.132691 0 0 0 1 
26456013410065;0.371368;0.867977;0.944161 -0.265047 -0.195732 -0.0776795 0.268644 0.963203 -0.00842969 0.0577908 0.190764 -0.0446233 0.980621 0.0131311 0 0 0 1 
26456013410066;1.03207;0.204153;0.985783 -0.0920488 -0.140567 -0.157591 0.0498164 0.959088 -0.278692 0.40777 0.160469 0.267727 0.950038 0.407442 0 0 0 1 
26456013410067;0.857765;1.33052;0.972411 -0.150647 0.178107 -0.559897 0.197651 0.937601 -0.286073 0.0671034 -0.123898 0.313384 0.941509 0.201926 0 0 0 1 
26456013410068;1.01715;0.160219;0.99774 -0.0670598 0.0042248 -0.147254 0.0654143 0.983781 0.167023 -0.0626657 -0.0153568 -0.166369 0.985944 0.607607 0 0 0 1 
26456013410069;0.211374;0.495647;0.960881 -0.214917 -0.174697 -0.0351982 0.213725 0.976552 -0.0258332 -0.0404893 0.176153 -0.0125145 0.984283 0.164083 0 0 0 1 
26456013410070;0.584191;0.545689;0.910838 -0.22066 -0.348831 0.316664 0.197813 0.975095 -0.100303 -0.0290113 0.362276 0.0223565 0.931803 0.0616795 0 0 0 1 
26456013410071;0.0848378;0.127811;0.999722 -0.0215408 -0.00961322 0.0128013 0.0212278 0.999277 -0.0315534 -0.00444583 0.010286 0.0313406 0.999456 0.00870364 0 0 0 1 
26456013410072;0.345771;0.171012;0.988113 -0.0255405 -0.151592 -0.00909579 0.0552442 0.979224 0.195113 -0.277545 0.143459 -0.201169 0.968995 0.195008 0 0 0 1 
26456013410073;0.619828;0.236862;0.971134 0.0622429 0.230272 -0.18255 -0.0329771 0.991119 -0.128825 -0.0781789 -0.236245 0.117513 0.964561 0.160294 0 0 0 1 
26456013410074;0.46439;0.221455;0.98241 -0.153139 -0.106862 -0.164535 0.131599 0.973766 -0.185637 0.180751 0.132487 0.168309 0.97679 0.0984643 0 0 0 1 
26456013410075;1.52576;1.43267;0.967003 -0.254371 0.0141308 -0.779547 0.252227 0.963711 0.0874194 -0.197143 -0.0358549 -0.0809707 0.996071 -0.763308 0 0 0 1 
26456013410076;0.479244;0.266695;0.998385 0.016141 -0.0544646 -0.0448997 -0.021948 0.993934 -0.107767 0.0224994 0.0523947 0.108789 0.992683 -0.202102 0 0 0 1 
26456013410077;0.704929;0.353179;0.979939 -0.184465 0.0754432 -0.450163 0.180583 0.981995 0.0554492 -0.276728 -0.0843134 -0.040713 0.995607 0.105185 0 0 0 1 
26456013410078;0.365691;0.417357;0.996011 -0.0707985 -0.0543183 0.072124 0.0669387 0.995308 -0.0698603 0.0453128 0.0590095 0.0659456 0.996077 0.0282066 0 0 0 1 
26456013410079;1.72117;1.37914;0.995757 -0.065272 -0.0648587 0.0847876 0.044782 0.959508 -0.278097 0.257933 0.0803844 0.274013 0.958361 0.539359 0 0 0 1 
26456013410080;1.76411;0.15128;0.993077 -0.110596 -0.0395839 -0.498567 0.110927 0.993809 0.00626953 0.780142 0.0386454 -0.0106171 0.999197 -0.0531699 0 0 0 1 
26456013410081;1.63412;0.228568;0.976639 0.0712707 0.202724 -0.15483 -0.0378242 0.985683 -0.16431 0.850965 -0.211533 0.152804 0.965352 -0.474532 0 0 0 1 
26456013410082;0.404515;0.525392;0.944651 0.0312969 -0.326581 0.270818 0.0109413 0.99188 0.126702 -0.0377818 0.327894 -0.123263 0.936638 0.194543 0 0 0 1 
26456013410083;1.34753;0.151519;0.998652 -0.0485996 0.0182195 -0.255403 0.0480813 0.998454 0.0278803 -0.543167 -0.0195463 -0.0269667 0.999445 0.481877 0 0 0 1 
26456013410084;1.15281;0.276128;0.999977 -0.00612027 0.00304388 0.082542 0.00575494 0.99411 0.108223 -0.608991 -0.00368831 -0.108203 0.994122 0.370065 0 0 0 1 
26456013410085;0.50976;0.276843;0.996664 0.0322473 0.0749666 -0.061025 -0.0205026 0.988097 -0.152458 0.0848839 -0.0789907 0.150413 0.985463 -0.285581 0 0 0 1 
26456013410086;0.789041;0.377844;0.983725 -0.123647 -0.130372 0.0666219 0.108541 0.987155 -0.117234 0.084545 0.143193 0.101175 0.98451 -0.366067 0 0 0 1 
26456013410087;0.962758;0.295982;0.99397 0.0981626 -0.0488545 -0.00673245 -0.105162 0.979588 -0.171313 0.549208 0.0310407 0.175418 0.984005 -0.00283289 0 0 0 1 
26456013410088;1.51292;0.607498;0.956709 0.220575 -0.189881 -0.565789 -0.209914 0.974855 0.0747944 -0.13516 0.201604 -0.0316979 0.978954 0.0848882 0 0 0 1 
26456013410089;0.558558;0.329636;0.993985 -0.0932274 -0.0574676 -0.081538 0.0899969 0.994341 -0.0564527 -0.0226241 0.0624053 0.0509412 0.99675 0.325115 0 0 0 1 
26456013410090;1.4132;0.198516;0.991197 -0.0293756 -0.129099 0.211602 0.0345829 0.998668 0.0382805 -0.022937 0.127802 -0.0424082 0.990893 -0.663932 0 0 0 1 
26456013410091;1.21795;0.441259;0.973005 -0.175044 0.150402 -0.176966 0.216357 0.918672 -0.330502 -0.0535625 -0.080318 0.35412 0.931745 0.407038 0 0 0 1 
26456013410093;0.469907;0.525023;0.967452 -0.213644 0.135622 -0.092955 0.216404 0.976287 -0.00576767 0.49369 -0.131174 0.0349291 0.990744 -0.425801 0 0 0 1 
26456013410094;0.663694;0.172603;0.881275 0.181288 -0.436451 0.421099 -0.0859594 0.969584 0.229168 0.294188 0.464721 -0.164443 0.870053 0.0951632 0 0 0 1 
26456013410095;0.871627;0.180604;0.979508 0.18226 0.0857009 0.457792 -0.180674 0.9832 -0.0259763 0.321641 -0.0889956 0.00996003 0.995982 -0.0084227 0 0 0 1 
26456013410096;0.802998;0.10827;0.998878 0.0258466 0.0396886 -0.442215 -0.0262018 0.999621 0.00845444 0.214303 -0.039455 -0.00948487 0.999176 -0.442884 0 0 0 1 
26456013410097;0.47238;0.187116;0.911669 0.410781 0.0109095 0.0354567 -0.410893 0.91094 0.0368092 0.154 0.00518258 -0.0380404 0.999263 0.231289 0 0 0 1 
26456013410098;0.153152;0.182242;0.985672 0.106844 -0.130522 0.0663808 -0.102098 0.993864 0.0425477 0.146526 0.134267 -0.028612 0.990532 0.080005 0 0 0 1 
26456013410099;1.16156;0.233526;0.992625 -0.0621241 -0.104093 -0.304498 0.0454896 0.986839 -0.155173 0.807625 0.112363 0.149293 0.982388 0.470047 0 0 0 1 
26456013410100;0.366643;0.176585;0.964325 0.255932 0.0676538 -0.113365 -0.249685 0.96425 -0.0887621 0.152994 -0.0879522 0.0687033 0.993753 0.190524 0 0 0 1 
26456013410101;1.16745;0.172105;0.987039 0.160365 0.00613607 -0.00344021 -0.158982 0.971876 0.173731 0.494144 0.0218969 -0.172454 0.984774 0.774324 0 0 0 1 
26456013410102;1.13408;0.198536;0.990963 -0.123596 -0.052115 0.120235 0.126586 0.990222 0.05862 -0.0557767 0.0443603 -0.0646873 0.996919 -0.847497 0 0 0 1 
26456013410103;0.393965;0.160731;0.996161 0.0506128 -0.0714299 -0.032946 -0.0374784 0.983941 0.174514 -0.264959 0.0791154 -0.171167 0.98206 -0.0512958 0 0 0 1 
26456013410104;1.01585;0.15032;0.955963 0.292675 0.0218083 -0.529926 -0.288522 0.923585 0.252481 0.207049 0.0537531 -0.247655 0.967356 -0.399756 0 0 0 1 
26456013410105;1.13047;0.550514;0.994378 -0.0436095 0.0964927 -0.0206808 0.051446 0.995444 -0.080275 -0.0919951 -0.0925524 0.0847878 0.992091 0.431569 0 0 0 1 
26456013410106;0.197882;0.190823;0.9515 0.305415 0.0370072 -0.104472 -0.306629 0.951246 0.0333227 0.145643 -0.0250257 -0.0430541 0.998759 0.0381744 0 0 0 1 
26456013410107;0.85745;0.407125;0.954827 -0.297023 0.00913293 -0.255346 0.297159 0.954182 -0.0351248 -0.0252316 0.0017184 0.036252 0.999341 -0.485592 0 0 0 1 
26456013410108;1.09003;0.325443;0.974475 0.0965076 0.202696 -0.377864 -0.103264 0.994388 0.0229997 -0.503761 -0.199339 -0.0433437 0.978972 0.360236 0 0 0 1 
26456013410109;0.997601;0.18404;0.985971 0.16403 -0.0309233 0.0935007 -0.166422 0.980304 -0.106334 -0.443847 0.0128724 0.109988 0.99385 0.311571 0 0 0 1 
26456013410110;1.0844;0.201612;0.926537 -0.0980638 0.363197 -0.946213 0.115618 0.992931 -0.0268564 0.164831 -0.357995 0.0668756 0.931325 -0.546083 0 0 0 1 
26456013410111;0.414986;0.458203;0.991694 -0.128533 0.00464312 0.0904614 0.12279 0.935401 -0.331583 0.529837 0.0382763 0.329399 0.943415 -0.0764756 0 0 0 1 
26456013410112;0.40276;0.124279;0.992869 0.00550141 0.119081 -0.133291 -0.0259914 0.984892 0.171208 -0.0713481 -0.116341 -0.173082 0.978012 -0.217496 0 0 0 1 
26456013410113;0.220143;0.148853;0.980807 0.192867 -0.0286334 0.0382777 -0.193164 0.981134 -0.00798172 0.126655 0.0265538 0.0133595 0.999558 0.116326 0 0 0 1 
26456013410114;0.883586;0.254602;0.968489 -0.140749 0.205472 -0.54066 0.123476 0.987823 0.0946583 -0.134577 -0.216293 -0.0663046 0.974074 0.365408 0 0 0 1 
26456013410115;0.901703;0.180674;0.998338 -0.000995408 -0.0576178 -0.0262234 0.0105681 0.986056 0.166077 0.123801 0.0566491 -0.16641 0.984428 0.743765 0 0 0 1 
26456013410116;0.0971774;0.170799;0.999765 0.021003 0.00537083 -0.0632847 -0.0211541 0.999331 0.0298336 0.166962 -0.00474064 -0.0299403 0.99954 0.0321575 0 0 0 1 
26456013410117;0.308242;0.163083;0.999187 0.038361 0.0123697 -0.0326587 -0.0393118 0.995256 0.0889946 0.158078 -0.00889709 -0.0894085 0.995955 -0.16771 0 0 0 1 
26456013410118;0.617996;0.463072;0.932286 -0.239289 0.271263 -0.410619 0.215325 0.969704 0.115368 0.312414 -0.290651 -0.0491467 0.955566 -0.342497 0 0 0 1 
26456013410119;0.836682;0.404061;0.989157 -0.143646 0.0305762 -0.017247 0.139891 0.984936 0.101645 0.147142 -0.0447165 -0.0962653 0.994351 -0.70915 0 0 0 1 
26456013410120;1.27194;0.2069;0.998023 0.0462763 -0.0425364 0.521308 -0.0414614 0.993304 0.107836 0.26701 0.0472418 -0.105859 0.993258 -0.762441 0 0 0 1 
26456013410121;0.539915;0.347552;0.962293 -0.269493 -0.0369521 0.260277 0.269846 0.962891 0.00484718 0.288219 0.0342746 -0.0146358 0.999305 -0.409622 0 0 0 1 
26456013410122;0.715537;0.195971;0.998057 0.0367875 -0.0502922 0.186794 -0.036866 0.99932 -0.000633484 0.290901 0.0502347 0.00248632 0.998734 -0.517142 0 0 0 1 
26456013410124;1.54152;0.0794933;0.863875 0.489383 -0.119263 -0.528472 -0.501394 0.858118 -0.110624 -0.395576 0.0482044 0.155364 0.986681 0.192013 0 0 0 1 
26456013410125;0.0901978;0.079177;0.995828 0.0910093 -0.00657836 0.0660179 -0.0910983 0.995732 -0.0148036 -0.120769 0.00520303 0.0153411 0.999869 0.00837123 0 0 0 1 
26456013410126;2.04591;0.0834612;0.955034 0.256636 -0.148486 0.139206 -0.250425 0.96631 0.0594321 -0.15936 0.158736 -0.019575 0.987127 -0.70621 0 0 0 1 
26456013410127;0.892171;0.219106;0.997095 0.0446293 0.061723 0.0172667 -0.0473352 0.997949 0.0430947 0.342998 -0.0596731 -0.0458912 0.997163 -0.20575 0 0 0 1 
26456013410128;1.22747;0.0909582;0.999787 0.0206192 -7.08013e-05 -0.156981 -0.0205647 0.996886 -0.0761233 0.0952669 -0.00149902 0.0761086 0.997098 -0.539594 0 0 0 1 
26456013410129;0.476134;0.0743408;0.973168 0.123822 0.19394 -0.112818 -0.115973 0.991924 -0.0513586 -0.269113 -0.198733 0.0274887 0.979668 -0.116781 0 0 0 1 
26456013410130;2.09219;0.12099;0.973597 0.205874 0.0986096 0.225465 -0.208827 0.977737 0.0205117 0.0778073 -0.0921915 -0.0405625 0.994915 0.706944 0 0 0 1 
26456013410131;1.46172;0.0903755;0.998422 0.0550593 0.0110229 -0.306617 -0.0551734 0.998423 0.0103324 -0.220844 -0.0104367 -0.0109243 0.999886 0.586644 0 0 0 1 
26456013410132;0.769284;0.222114;0.993354 -0.0318839 0.110597 -0.192015 0.0163729 0.990239 0.138417 0.0743554 -0.113931 -0.135686 0.984179 0.0544907 0 0 0 1 
26456013410133;1.34603;0.108183;0.999436 -0.025725 0.0215946 -0.0729417 0.0252066 0.999395 0.023943 0.366977 -0.0221974 -0.0233851 0.99948 0.509039 0 0 0 1 
26456013410134;1.62064;0.191709;0.987007 -0.114874 0.112342 0.18405 0.119704 0.992112 -0.0372174 0.448316 -0.10718 0.0501816 0.992972 -0.783579 0 0 0 1 
26456013410135;0.477389;0.0463764;0.99624 0.0748759 0.0435887 0.0405412 -0.0739349 0.997002 -0.0228179 0.00557434 -0.0451665 0.0195094 0.998789 -0.263608 0 0 0 1 
26456013410136;1.0412;0.126487;0.963338 -0.254023 -0.086331 -0.586195 0.255651 0.966735 0.00816856 0.526221 0.0813841 -0.0299397 0.996233 0.322987 0 0 0 1 
26456013410137;1.90811;0.120526;0.993938 -0.108201 0.0194757 -0.0180231 0.108886 0.993309 -0.0384768 0.0402657 -0.0151821 0.0403642 0.99907 0.886497 0 0 0 1 
26456013410138;0.964836;0.0825149;0.973769 0.218144 -0.064711 0.0579683 -0.223643 0.969977 -0.0955449 -0.31982 0.0419257 0.107511 0.99332 0.580868 0 0 0 1 
26456013410139;1.47225;0.780735;0.947606 0.264457 -0.179177 0.461168 -0.294786 0.940034 -0.171572 -0.458433 0.123059 0.215401 0.968741 0.0694652 0 0 0 1 
26456013410140;1.16137;0.150377;0.998604 0.0527681 0.00216083 0.288177 -0.0526433 0.997846 -0.0391339 -0.439398 -0.0042212 0.0389655 0.999232 0.193078 0 0 0 1 
26456013410141;0.944233;0.0870258;0.992278 0.124023 0.00177936 -0.0862058 -0.12403 0.99227 0.00416605 -0.555627 -0.00124892 -0.00435457 0.99999 -0.225325 0 0 0 1 
26456013410142;1.84842;0.564498;0.951461 0.151596 -0.267844 -0.420647 -0.19001 0.973955 -0.123728 -0.349516 0.242111 0.168616 0.955485 0.519937 0 0 0 1 
26456013410143;0.46443;0.0837217;0.957453 0.286579 0.0340062 0.0173131 -0.288589 0.950442 0.115653 -0.49698 0.000822889 -0.120546 0.992707 0.125885 0 0 0 1 
26456013410144;0.759937;0.0843572;0.974488 -0.0443283 -0.220019 -0.0634397 -0.0110843 0.9696 -0.244444 0.372469 0.224166 0.240646 0.944372 0.320244 0 0 0 1 
26456013410145;0.437138;0.245578;0.987226 -0.0464 0.152421 -0.163346 0.00805973 0.969973 0.243077 0.0257567 -0.159123 -0.238744 0.957957 -0.309177 0 0 0 1 
26456013410146;1.81332;0.426013;0.997666 0.0681249 -0.00461411 -0.271947 -0.0676193 0.995124 0.0718024 0.0739947 0.00948315 -0.0713229 0.997408 0.664684 0 0 0 1 
26456013410147;0.897776;0.143334;0.998097 0.0294014 0.054208 0.320052 -0.0230053 0.993093 -0.115054 -0.105827 -0.0572163 0.113588 0.991879 0.102466 0 0 0 1 
26456013410148;0.647101;0.350695;0.998334 -0.0507517 -0.0274373 -0.167499 0.0519412 0.997657 0.0445335 0.0133408 0.0251129 -0.0458844 0.998631 0.222308 0 0 0 1 
26456013410149;0.510162;0.0537779;0.896656 0.437941 -0.0649271 -0.0247295 -0.441413 0.89562 -0.0549437 -0.592337 0.034088 0.0779253 0.996376 0.130503 0 0 0 1 
26456013410150;1.62937;0.0700974;0.943394 -0.0252128 0.330713 -0.00414481 0.141241 0.932718 -0.331796 0.934277 -0.300097 0.359725 0.883482 -0.692415 0 0 0 1 
26456013410151;0.991097;0.117579;0.97285 -0.152434 0.174145 -0.392318 0.172787 0.978984 -0.108329 0.297542 -0.153972 0.135478 0.978743 -0.595662 0 0 0 1 
26456013410152;0.386143;0.0619788;0.996944 0.0743839 -0.0238591 0.033731 -0.074447 0.997223 -0.00176381 0.00302967 0.0236617 0.00353466 0.999714 -0.120892 0 0 0 1 
26456013410153;1.24713;0.0432106;0.935547 0.350573 0.0430229 -0.272782 -0.352476 0.93448 0.0500786 -0.302872 -0.0226478 -0.0620154 0.997818 0.318622 0 0 0 1 
26456013410155;0.44177;0.140203;0.982123 0.179887 -0.0554433 -0.0986927 -0.187808 0.956312 -0.224044 -0.226832 0.0127185 0.230451 0.973001 0.0393017 0 0 0 1 
26456013410156;0.559197;0.427834;0.996101 -0.0825549 -0.0310941 -0.34597 0.079541 0.992928 -0.0881279 0.0649931 0.0381496 0.0853111 0.995624 0.490415 0 0 0 1 
26456013410157;0.798739;0.592332;0.997572 0.0175606 -0.0673859 0.204634 -0.0167363 0.999778 0.0127776 -0.248345 0.0675953 -0.0116188 0.997645 -0.179778 0 0 0 1 
26456013410158;0.506235;0.14469;0.986269 0.147777 0.0737243 0.181903 -0.132572 0.974664 -0.180149 0.260504 -0.0984785 0.167902 0.980873 -0.225163 0 0 0 1 
26456013410159;0.771683;0.294202;0.998971 0.0371635 -0.0259938 0.199362 -0.0418736 0.975953 -0.213922 0.628459 0.0174186 0.21479 0.976505 0.114728 0 0 0 1 
26456013410160;0.731372;0.52616;0.998551 -0.0316472 -0.0435281 -0.114312 0.0296725 0.998533 -0.0452875 0.173784 0.0448975 0.0439303 0.998025 -0.526892 0 0 0 1 
26456013410161;0.152345;0.186959;0.997936 -0.0013648 0.0642068 -0.173498 0.00560319 0.997812 -0.065878 0.00451389 -0.0639764 0.0661017 0.99576 -0.163646 0 0 0 1 
26456013410162;0.843744;0.47442;0.916205 -0.0479037 -0.397837 0.224265 0.0425616 0.998846 -0.0222536 0.502968 0.398444 0.0034563 0.917186 0.804091 0 0 0 1 
26456013410163;0.17304;0.242375;0.991194 -0.050422 -0.122445 -0.0799063 0.0303446 0.986551 -0.160615 0.0953619 0.128897 0.155485 0.979393 0.191411 0 0 0 1 
26456013410164;1.05704;0.23106;0.99223 -0.0508013 -0.11357 -0.00470994 0.0532306 0.998412 0.0184587 -0.0693021 0.112452 -0.0243607 0.993359 -0.856114 0 0 0 1 
26456013410165;1.01882;0.921345;0.994495 -0.0805562 -0.0670114 -0.57228 0.085074 0.994083 0.0675422 0.49187 0.0611739 -0.0728713 0.995463 0.20879 0 0 0 1 
26456013410166;0.386158;0.273983;0.970945 -0.0452031 -0.234995 0.180092 -0.0376894 0.940856 -0.336704 0.41544 0.236317 0.335778 0.911815 0.113525 0 0 0 1 
26456013410167;0.362618;0.219988;0.996881 0.02331 -0.0754025 -0.146039 0.00970967 0.911909 0.410278 -0.540374 0.0783238 -0.40973 0.908838 0.0680202 0 0 0 1 
26456013410168;0.272737;0.234901;0.959174 -0.0349783 -0.280645 0.0402677 0.0353722 0.999367 -0.00366317 -0.190316 0.280596 -0.00641342 0.959805 0.112621 0 0 0 1 
26456013410169;0.677811;0.244301;0.99763 -0.0368911 -0.0580793 -0.17402 0.0362334 0.999267 -0.0123375 -0.315784 0.0584918 0.0102038 0.998236 0.516511 0 0 0 1 
26456013410170;0.704368;0.405967;0.999188 0.0372382 -0.0153757 -0.0293429 -0.0368953 0.999077 0.0220104 -0.697452 0.0161811 -0.0214252 0.99964 0.111252 0 0 0 1 
26456013410171;1.02478;0.547334;0.967114 -0.113031 -0.227847 -0.193783 0.126248 0.991011 0.0442472 0.0147144 0.220798 -0.0715573 0.972691 0.0199534 0 0 0 1 
26456013410172;0.366617;0.197032;0.974335 -0.0228215 -0.223943 0.0454718 0.0351388 0.998072 0.0511714 -0.0947608 0.222343 -0.0577271 0.973258 -0.103822 0 0 0 1 
26456013410173;0.895873;0.127497;0.983658 0.175772 -0.0390032 -0.450278 -0.174624 0.984143 0.0311342 -0.62879 0.0438572 -0.0238146 0.998754 0.517671 0 0 0 1 
26456013410174;0.457447;0.267916;0.998848 -0.0462905 -0.0126339 -0.261075 0.0460137 0.998712 -0.021383 0.196719 0.0136075 0.0207771 0.999692 0.0188886 0 0 0 1 
26456013410175;0.623034;0.214412;0.996954 -0.0384457 -0.0678579 -0.0822026 0.0404848 0.998761 0.0289343 -0.040665 0.0666615 -0.0315934 0.997275 -0.503626 0 0 0 1 
26456013410176;0.235307;0.184871;0.987661 -0.0459787 -0.149703 -0.0380457 0.045532 0.998942 -0.00641157 0.0463081 0.14984 -0.000483826 0.98871 0.122291 0 0 0 1 
26456013410177;0.877512;0.396169;0.999874 0.0153331 -0.0041451 0.0498029 -0.0153497 0.999874 -0.00400632 0.618487 0.00408314 0.00406944 0.999983 0.0571592 0 0 0 1 
26456013410178;0.197683;0.19322;0.996016 -0.0566899 -0.0688333 -0.177971 0.0566938 0.99839 -0.00189735 0.101472 0.06883 -0.00201263 0.997626 -0.0227474 0 0 0 1 
26456013410179;0.15124;0.316359;0.997329 -0.0240463 0.0689653 -0.284717 0.0153713 0.992205 0.123664 -0.109674 -0.0714014 -0.122274 0.989925 -0.00163378 0 0 0 1 
26456013410180;0.554153;0.451253;0.999928 0.00747826 -0.0093702 0.0313648 -0.00910902 0.982074 -0.188273 0.318394 0.00779428 0.188345 0.982072 0.00565813 0 0 0 1 
26456013410181;0.475904;0.176187;0.999453 0.0122099 0.0307311 -0.177783 -0.0214478 0.946701 0.321399 -0.733534 -0.0251689 -0.321883 0.946445 -0.054619 0 0 0 1 
26456013410182;0.72307;0.485753;0.999475 0.00936137 0.0310167 -0.179952 -0.00632837 0.995315 -0.0964793 0.142 -0.0317745 0.0962324 0.994852 0.234967 0 0 0 1 
26456013410183;0.714484;0.203796;0.999061 0.0381987 0.0204353 -0.328598 -0.0272268 0.920557 -0.389659 0.0976067 -0.0336963 0.388737 0.920732 0.453331 0 0 0 1 
26456013410184;0.435457;0.308917;0.999684 0.0121261 0.0220294 -0.0133107 -0.0109612 0.998574 -0.0522501 0.18568 -0.0226316 0.0519922 0.998391 -0.193171 0 0 0 1 
26456013410186;2.57906;2.03741;0.923753 0.313533 -0.219948 0.127446 -0.284751 0.946308 0.15303 -1.06029 0.256119 -0.0787314 0.963434 0.0206406 0 0 0 1 
26456013410187;0.634766;0.11303;0.996846 -0.0685062 -0.0400723 0.251053 0.0585642 0.975695 -0.211161 0.282652 0.0535642 0.208148 0.97663 -0.121852 0 0 0 1 
26456013410188;1.09866;1.38183;0.880724 -0.392836 -0.264584 0.775517 0.447796 0.872616 0.194987 0.408676 0.154282 -0.290209 0.944445 0.0192126 0 0 0 1 
26456013410189;0.60767;0.871057;0.900018 -0.428423 -0.0801346 0.158212 0.422216 0.902626 -0.083663 0.81503 0.108175 0.041464 0.993267 0.0659705 0 0 0 1 
26456013410190;1.29465;2.08002;0.883475 -0.456464 -0.10542 0.790766 0.458037 0.888874 -0.0101922 1.0964 0.0983574 -0.0392817 0.994376 0.525922 0 0 0 1 
26456013410191;1.28532;1.33171;0.866273 -0.488015 0.106831 0.199814 0.497472 0.862262 -0.0950077 0.582906 -0.0457511 0.135448 0.989728 -0.408877 0 0 0 1 
26456013410192;1.88351;0.941677;0.995527 -0.0917391 0.0225825 0.755249 0.0891591 0.991318 0.0966384 0.509536 -0.031252 -0.0941927 0.995063 0.346226 0 0 0 1 
26456013410193;1.11745;1.14004;0.842476 -0.510892 -0.17095 0.29957 0.517848 0.85546 -0.00452058 0.995354 0.148551 -0.0847178 0.985269 -0.0908475 0 0 0 1 
26456013410194;2.37375;1.67614;0.750694 -0.65247 0.103643 1.05845 0.659855 0.7482 -0.069192 0.726883 -0.0324001 0.120331 0.992205 -0.456367 0 0 0 1 
26456013410195;1.70586;1.0294;0.811383 -0.584022 0.0239794 0.433833 0.580529 0.80039 -0.149537 1.15167 0.06814 0.135252 0.988465 -0.572804 0 0 0 1 
26456013410196;0.514644;1.17385;0.88607 -0.463273 0.0160681 0.454893 0.461146 0.884469 0.0711289 0.742054 -0.0471638 -0.0556155 0.997338 0.108161 0 0 0 1 
26456013410197;2.7645;2.6079;0.747296 -0.637072 0.188913 -0.467758 0.63155 0.769344 0.0961945 1.06051 -0.206622 0.0474222 0.977271 -0.146431 0 0 0 1 
26456013410198;2.3433;1.19799;0.835865 -0.547433 -0.0405876 0.936946 0.547267 0.836804 -0.0160865 0.299232 0.0427701 -0.00876616 0.999046 0.198073 0 0 0 1 
26456013410199;2.04036;0.974536;0.861275 -0.47853 -0.170922 0.711654 0.459944 0.877145 -0.138087 0.900173 0.216003 0.0403167 0.97556 -0.393871 0 0 0 1 
26456013410200;2.25828;2.13758;0.63326 -0.501188 0.589739 -0.500086 0.667016 0.739894 -0.0874424 1.24909 -0.392519 0.448739 0.802846 -0.609961 0 0 0 1 
26456013410201;2.32984;1.24138;0.72006 -0.659874 0.214664 -0.447878 0.675759 0.737122 -0.000837188 1.5075 -0.157681 0.145664 0.976688 -0.598931 0 0 0 1 
26456013410202;0.574695;1.44053;0.823352 -0.566634 0.0318922 0.29831 0.566731 0.823875 0.00681367 1.04274 -0.0301361 0.0124643 0.999468 0.0616608 0 0 0 1 
26456013410203;2.04835;1.30522;0.759472 -0.644489 0.0885248 0.909538 0.570422 0.725167 0.385682 0.33842 -0.312763 -0.242418 0.918375 -0.101021 0 0 0 1 
26456013410204;0.669991;1.07391;0.998771 0.0259351 0.0422361 0.34952 -0.0353843 0.969825 0.241221 -0.162993 -0.0347055 -0.242419 0.969551 -0.130778 0 0 0 1 
26456013410205;0.908947;1.36709;0.819512 -0.572997 0.00864381 0.184813 0.572883 0.819539 0.0126756 1.10296 -0.014347 -0.00543589 0.999882 -0.113577 0 0 0 1 
26456013410206;1.79634;1.65471;0.953274 -0.296782 -0.0564763 0.178752 0.286764 0.947725 -0.139943 0.371175 0.0950565 0.117209 0.988548 -0.228143 0 0 0 1 
26456013410207;0.232642;1.13123;0.936687 -0.349537 -0.0210071 0.408122 0.349957 0.936518 0.0215504 0.671682 0.0121409 -0.0275376 0.999547 -0.036311 0 0 0 1 
26456013410208;2.37807;2.29064;0.99811 -0.0197723 0.0581894 0.707519 0.0167174 0.99848 0.0525249 0.0757178 -0.0591395 -0.0514529 0.996923 -0.885425 0 0 0 1 
26456013410209;2.64335;1.15432;0.821517 -0.567973 0.0501687 1.06461 0.55816 0.819048 0.132734 0.285262 -0.11648 -0.0810414 0.989881 -0.337442 0 0 0 1 
26456013410210;2.26073;0.944603;0.652861 -0.756369 -0.0409775 -0.291305 0.751759 0.653618 -0.0874234 1.40018 0.0929079 0.0262701 0.995328 -0.488553 0 0 0 1 
26456013410211;1.42407;1.29754;0.704305 -0.701402 0.109498 -0.530001 0.703183 0.710459 0.0279659 1.46097 -0.0974091 0.0573006 0.993594 -0.340537 0 0 0 1 
26456013410212;1.48789;1.47696;0.936865 -0.301363 -0.177384 0.2277 0.289733 0.952979 -0.0888008 0.402112 0.195804 0.0318003 0.980127 0.0604315 0 0 0 1 
26456013410213;1.60061;0.804135;0.699617 -0.70535 0.114092 -0.133464 0.705435 0.656483 -0.26719 1.82123 0.113563 0.267415 0.956866 0.118291 0 0 0 1 
26456013410214;1.7042;1.53355;0.736979 -0.66935 -0.0939811 -0.245665 0.65531 0.741642 -0.143308 1.48923 0.165624 0.0440285 0.985206 0.583278 0 0 0 1 
26456013410215;0.754244;1.272;0.759039 -0.597617 0.25829 0.266855 0.631241 0.772662 -0.0672912 1.24717 -0.159357 0.21412 0.963721 -0.503637 0 0 0 1 
26456013410217;1.32332;1.6713;0.963054 0.20265 0.177368 -0.305926 -0.225957 0.966371 0.122763 -0.314909 -0.146526 -0.158305 0.976458 -0.166829 0 0 0 1 
26456013410218;1.34012;1.64888;0.983495 0.155966 -0.0917203 -0.138976 -0.100394 0.892119 0.440505 -0.403046 0.150529 -0.424027 0.893052 0.325293 0 0 0 1 
26456013410219;0.65608;0.704992;0.955917 0.246506 0.159555 -0.227158 -0.259345 0.963591 0.0650625 -0.247066 -0.137708 -0.103574 0.985043 -0.0341399 0 0 0 1 
26456013410220;1.46371;0.832274;0.927848 -0.356169 0.110643 -0.0659322 0.363115 0.9304 -0.050031 0.838299 -0.0851227 0.0865972 0.9926 -0.0577816 0 0 0 1 
26456013410221;1.60635;1.67284;0.989721 0.125501 -0.0685639 -0.0730529 -0.0990256 0.947327 0.304573 -0.200829 0.103177 -0.294653 0.950018 0.295411 0 0 0 1 
26456013410222;2.32392;0.870429;0.96873 -0.0418847 0.244557 -0.25498 0.126198 0.93181 -0.340299 0.185101 -0.213628 0.360521 0.907958 -1.16543 0 0 0 1 
26456013410223;1.20647;0.830793;0.993099 0.115788 -0.0186526 -0.0783058 -0.11393 0.990193 0.080855 0.121633 0.0278317 -0.0781719 0.996551 0.0650809 0 0 0 1 
26456013410224;0.781646;0.0861408;0.942179 0.148435 0.300442 -0.41803 -0.206679 0.963117 0.172307 -0.216353 -0.263784 -0.224439 0.938107 -0.367882 0 0 0 1 
26456013410225;1.91639;0.924135;0.998826 0.0187528 -0.0446677 0.1134 0.0119546 0.798112 0.60239 -0.98886 0.0469463 -0.602217 0.796951 0.0383155 0 0 0 1 
26456013410226;0.740714;0.738292;0.968248 0.249991 -0.000652945 -0.0250684 -0.249829 0.967518 -0.0386521 0.0135798 -0.00903095 0.0375879 0.999253 -0.0426191 0 0 0 1 
26456013410227;0.854149;0.855943;0.99249 -0.121523 0.0140124 0.0515434 0.121666 0.992522 -0.00982872 0.0320994 -0.0127132 0.0114597 0.999854 -0.00968787 0 0 0 1 
26456013410228;0.477964;0.24682;0.984633 -0.114821 -0.131584 0.126861 0.100574 0.988803 -0.110245 0.184028 0.142769 0.0953171 0.985156 -0.00446873 0 0 0 1 
26456013410229;0.488387;0.0862496;0.904699 -0.203872 -0.374107 0.35825 0.260075 0.959763 0.105906 -0.00351403 0.337463 -0.193108 0.921319 0.324786 0 0 0 1 
26456013410230;0.907029;0.0711145;0.995323 0.0963481 0.00700933 -0.0387505 -0.0965452 0.994613 0.0377444 0.110596 -0.00333497 -0.0382446 0.999263 -0.273438 0 0 0 1 
26456013410231;2.37848;1.10239;0.873751 0.347042 -0.340766 0.428919 0.00849264 0.689633 0.72411 -1.51364 0.4863 -0.635585 0.59962 0.672394 0 0 0 1 
26456013410232;0.758672;0.428277;0.999263 0.0374087 0.00863086 0.0450983 -0.0381495 0.992746 0.114016 -0.178466 -0.00430305 -0.114262 0.993441 -0.149189 0 0 0 1 
26456013410233;0.876115;0.0663099;0.996286 -0.0860515 0.00296108 0.0144577 0.085978 0.996106 0.0194898 0.399257 -0.00462667 -0.0191628 0.999806 0.0585354 0 0 0 1 
26456013410234;0.436918;0.0583675;0.988426 0.149841 0.0236954 -0.113354 -0.149947 0.9413 0.30244 -0.425724 0.0230132 -0.302492 0.952874 0.322731 0 0 0 1 
26456013410235;0.42537;0.0731408;0.926024 -0.0261232 0.37656 -0.399845 0.0722251 0.991433 -0.108834 0.0856399 -0.370491 0.12798 0.919977 -0.365296 0 0 0 1 
26456013410236;1.61117;0.699137;0.967048 0.09524 0.236111 -0.465005 -0.165633 0.939653 0.299363 -0.463853 -0.193351 -0.328606 0.924464 -0.56975 0 0 0 1 
26456013410237;1.76467;1.2576;0.937649 0.336335 0.0877161 0.00990978 -0.346537 0.884982 0.310998 -0.537758 0.0269721 -0.322003 0.946354 0.157393 0 0 0 1 
26456013410238;1.19544;0.0698387;0.921564 0.378601 -0.0859101 0.119719 -0.332859 0.88444 0.327064 -0.38076 0.199809 -0.272815 0.941089 -0.0607188 0 0 0 1 
26456013410239;0.73293;0.277242;0.911915 -0.39457 -0.11281 0.146362 0.405292 0.909064 0.0966512 0.210718 0.0644162 -0.133859 0.988905 -0.0757493 0 0 0 1 
26456013410240;1.79116;2.03008;0.989012 0.147549 0.00922868 -0.150837 -0.146277 0.967618 0.205716 -0.214936 0.0214233 -0.204805 0.978568 0.0461829 0 0 0 1 
26456013410241;1.92987;1.43343;0.943357 0.0741875 0.323378 -0.139523 -0.0576747 0.996509 -0.0603647 -0.0684717 -0.326727 0.0382948 0.944343 -0.383093 0 0 0 1 
26456013410242;1.40722;0.0802852;0.935677 0.26864 0.228782 -0.324472 -0.338154 0.867886 0.363902 -0.407912 -0.100798 -0.417859 0.902903 -0.392912 0 0 0 1 
26456013410243;0.583238;0.0709204;0.923871 -0.335897 0.183399 -0.191225 0.363651 0.919829 -0.147214 0.372968 -0.119247 0.2027 0.971953 -0.266587 0 0 0 1 
26456013410244;0.533279;0.0796139;0.996399 0.0430646 0.0730369 -0.0770449 -0.0430878 0.99907 -0.00125985 0.015468 -0.0730232 -0.00189168 0.997328 0.155136 0 0 0 1 
26456013410245;0.736282;0.0674585;0.965101 -0.19324 0.176746 -0.280436 0.228784 0.950561 -0.209981 0.299951 -0.127431 0.243089 0.961597 0.074051 0 0 0 1 
26456013410246;1.05866;0.887649;0.99539 -0.0816478 0.0503211 -0.0375812 0.0923664 0.957364 -0.273721 0.257965 -0.0258269 0.277107 0.960492 -0.26016 0 0 0 1 
26456013410248;1.23759;0.472855;0.915683 -0.23207 -0.328127 -0.123459 0.263699 0.963049 0.0547651 0.00705902 0.303293 -0.136674 0.943045 1.13369 0 0 0 1 
26456013410249;1.46586;0.337974;0.818387 0.508902 0.266949 -0.452475 -0.558026 0.814723 0.157587 -0.856776 -0.137293 -0.277932 0.950739 0.616171 0 0 0 1 
26456013410250;0.412958;0.477497;0.989531 -0.000517975 -0.144319 -0.255949 -0.015638 0.993721 -0.110789 -0.0213114 0.14347 0.111886 0.98331 0.275765 0 0 0 1 
26456013410251;1.34871;0.425848;0.98969 0.14055 0.0275656 -0.202383 -0.138498 0.988167 -0.0659059 -0.321989 -0.0365025 0.0614086 0.997445 0.781011 0 0 0 1 
26456013410252;1.49487;0.976512;0.968865 -0.178142 -0.171948 0.100056 0.24345 0.811916 0.530589 -0.427709 0.0450871 -0.55593 0.830005 -0.361482 0 0 0 1 
26456013410253;0.288077;0.391052;0.961335 0.272024 -0.0428764 -0.196096 -0.274488 0.959066 -0.0696374 -0.548106 0.0221783 0.0787139 0.996651 -0.181167 0 0 0 1 
26456013410254;0.399182;0.402975;0.926294 0.368266 0.0797427 -0.430597 -0.359642 0.927223 -0.104474 -0.498627 -0.112414 0.0680947 0.991326 -0.355416 0 0 0 1 
26456013410255;1.26559;0.552166;0.99355 0.113203 0.00656243 -0.466982 -0.111512 0.985927 -0.124553 -0.27466 -0.0205699 0.123018 0.992191 0.683749 0 0 0 1 
26456013410256;0.836061;0.768757;0.996672 0.0799946 0.0157078 -0.0383709 -0.0740608 0.969013 -0.235646 0.0798263 -0.0340714 0.233698 0.971712 -0.291707 0 0 0 1 
26456013410257;1.31918;0.658897;0.965588 0.227692 -0.125683 -0.345374 -0.212995 0.969628 0.120229 -0.857734 0.149241 -0.0893222 0.984758 -0.0598169 0 0 0 1 
26456013410258;1.48742;0.406659;0.957977 0.245666 0.148083 0.424002 -0.17776 0.913605 -0.365686 -0.550085 -0.225126 0.323996 0.918882 0.256259 0 0 0 1 
26456013410259;1.01942;0.398303;0.84165 0.535694 -0.0682444 -0.839327 -0.5283 0.842966 0.101522 -0.54553 0.111912 -0.0493924 0.99249 0.226349 0 0 0 1 
26456013410260;0.460663;0.595779;0.987972 0.141466 -0.0624422 -0.214591 -0.100923 0.895842 0.432761 -0.561355 0.117159 -0.421254 0.899344 0.366732 0 0 0 1 
26456013410261;1.44656;0.867248;0.988676 -0.143911 -0.0425437 0.260085 0.143576 0.98958 -0.0108355 0.549748 0.0436598 0.00460455 0.999036 0.106736 0 0 0 1 
