#;prob_registration_l1 -r /home/probabilistic_point_clouds_registration/build/tester /home/point_clouds_registration_benchmark/p2at_met_local.txt /home/point_clouds_registration_benchmark/p2at_met -s 0.2 -t 0.2 -p 0.3 -r 1000 -m 5 -i 40 
id;initial_error;final_error;transformation
27844314100000;0.368279;0.345622;0.999411 0.00561891 0.0338394 0.396262 -0.0102628 0.990286 0.138668 -0.196892 -0.0327315 -0.138933 0.989761 -8.31669 0 0 0 1 
27844314100001;0.325629;0.125729;0.987572 0.0308639 -0.154106 1.00219 -0.00190147 0.982803 0.184648 -0.403645 0.157154 -0.18206 0.970648 -7.71808 0 0 0 1 
27844314100002;0.342132;0.12807;0.93221 -0.0389714 0.359815 -2.58341 -0.0656884 0.959454 0.274104 -2.86258 -0.355908 -0.279158 0.891852 -24.6424 0 0 0 1 
27844314100003;0.135271;0.110193;0.995001 -0.00520281 0.0997251 -0.0819128 -0.0121296 0.984951 0.172408 -0.485479 -0.0991213 -0.172756 0.979964 -12.5335 0 0 0 1 
27844314100004;0.89077;0.70426;0.98568 0.0459242 -0.162254 1.86138 -0.00291735 0.966701 0.255892 -1.11244 0.168602 -0.251754 0.952992 -12.1691 0 0 0 1 
27844314100005;0.300669;0.280276;0.934624 0.0422105 -0.353123 -0.370454 0.00291588 0.991988 0.126295 0.111812 0.355625 -0.119068 0.927013 1.06425 0 0 0 1 
27844314100006;0.461976;0.440233;0.999967 0.0078901 0.00204565 0.489794 -0.00794716 0.999531 0.0295754 -0.11214 -0.00181133 -0.0295906 0.99956 -1.63405 0 0 0 1 
27844314100007;1.17629;1.00789;0.999424 0.0122861 0.0316474 0.8005 -0.0150534 0.995941 0.088743 -0.121259 -0.0304287 -0.0891683 0.995552 -4.61765 0 0 0 1 
27844314100008;0.519074;0.438749;0.999944 0.0100654 0.00335037 0.571473 -0.0101782 0.999315 0.0355715 -0.148175 -0.00299004 -0.0356036 0.999362 -1.53825 0 0 0 1 
27844314100009;0.482706;0.491291;0.99306 -0.00887534 0.117277 -0.301091 0.014617 0.998731 -0.0481892 0.0842899 -0.116701 0.049569 0.991929 0.127134 0 0 0 1 
27844314100010;0.848926;0.0763379;0.999076 0.0224821 -0.0366181 1.37342 -0.0158002 0.984709 0.173487 -0.717095 0.0399585 -0.172748 0.984155 -11.3319 0 0 0 1 
27844314100011;0.370547;0.318107;0.981017 -0.00468208 -0.193867 -1.5376 -0.00681254 0.998259 -0.058582 -0.495155 0.193804 0.0587907 0.979277 8.40825 0 0 0 1 
27844314100012;1.02719;0.42982;0.991322 -0.00255323 -0.131433 -1.08119 -0.00353161 0.998933 -0.0460422 -0.317723 0.131411 0.0461068 0.990255 7.99652 0 0 0 1 
27844314100013;0.818365;0.739269;0.998861 0.0174503 -0.0444053 0.957822 -0.0129778 0.994994 0.0990847 -0.287628 0.045912 -0.0983956 0.994088 -5.54274 0 0 0 1 
27844314100014;0.722224;0.286557;0.998386 0.000791534 -0.0567823 -0.00876635 -0.000457677 0.999983 0.00589237 -0.0108698 0.0567859 -0.00585687 0.998369 -0.83017 0 0 0 1 
27844314100015;1.11358;0.655164;0.999512 -0.00254348 -0.0311195 0.0269687 0.00180747 0.999719 -0.0236563 -0.0203084 0.0311709 0.0235885 0.999236 -0.366419 0 0 0 1 
27844314100016;0.370882;0.0696188;0.992672 -0.0163889 0.119727 -0.741713 0.0646854 0.908933 -0.411895 -5.20294 -0.102073 0.416621 0.903332 21.7723 0 0 0 1 
27844314100017;0.341055;0.275052;0.995601 0.00232531 -0.0936616 -0.389674 0.00116092 0.999309 0.0371499 0.183332 0.0936833 -0.0370952 0.994911 0.125537 0 0 0 1 
27844314100018;0.853373;0.28493;0.999575 0.00347329 0.0289497 0.412064 -0.00355013 0.99999 0.00260323 -0.0520683 -0.0289404 -0.0027049 0.999577 -2.97922 0 0 0 1 
27844314100019;0.871961;0.0874636;0.999984 -0.000278505 0.00566805 0.190879 0.000420415 0.999686 -0.025051 -0.0827538 -0.00565929 0.0250529 0.99967 -1.01806 0 0 0 1 
27844314100020;0.613803;0.614593;0.996658 0.0286138 -0.076509 1.31371 -0.010273 0.97311 0.230113 -0.895625 0.0810361 -0.228558 0.970152 -11.8984 0 0 0 1 
27844314100021;0.300355;0.0914982;0.948534 -0.0141483 -0.31636 -3.26268 -0.00522814 0.998166 -0.0603157 -0.492682 0.316633 0.0588654 0.94672 10.903 0 0 0 1 
27844314100022;0.628187;0.0683101;0.999973 0.00245209 0.00697475 0.291506 -0.00230065 0.999763 -0.0216381 -0.121401 -0.00702616 0.0216214 0.999742 -0.613587 0 0 0 1 
27844314100023;0.278091;0.0861648;0.996395 0.0026438 0.0847916 0.371296 0.000935441 0.999111 -0.0421447 -0.19506 -0.0848276 0.0420721 0.995507 -0.271322 0 0 0 1 
27844314100024;0.416131;0.301458;0.968988 -0.00278344 -0.247092 -1.67364 -0.00688602 0.999244 -0.0382603 -0.262884 0.247012 0.0387752 0.968236 7.25348 0 0 0 1 
27844314100025;0.365706;0.329681;0.992222 -0.00109814 -0.124477 -0.613604 0.000864427 0.999998 -0.00193157 0.0275112 0.124479 0.00180895 0.992221 2.62445 0 0 0 1 
27844314100026;0.38807;0.190892;0.983195 -0.00579126 0.182465 -0.192513 -0.00289661 0.998876 0.0473116 -0.0462961 -0.182533 -0.047045 0.982073 -7.87881 0 0 0 1 
27844314100027;0.827287;0.741476;0.981152 -0.0200017 -0.192201 -2.24465 -0.00529086 0.991475 -0.130188 -1.13334 0.193166 0.128751 0.972682 11.6693 0 0 0 1 
27844314100028;0.216847;0.193651;0.993707 -0.0155233 0.110926 -0.711876 0.0295877 0.991551 -0.126295 -0.196301 -0.108028 0.128783 0.985771 4.99439 0 0 0 1 
27844314100029;0.528223;0.418324;0.99704 0.00452976 0.076755 0.491048 -0.00283163 0.999749 -0.0222184 -0.113607 -0.0768364 0.0219353 0.996802 -1.24306 0 0 0 1 
27844314100031;1.32944;0.696714;0.999836 -0.00914696 -0.0156005 -0.175087 0.009114 0.999956 -0.00218232 0.0749831 0.0156197 0.00203978 0.999876 2.64477 0 0 0 1 
27844314100032;1.35252;0.960833;0.950378 0.0618692 -0.304883 -1.29442 0.0336043 0.953875 0.298319 1.40516 0.309277 -0.293761 0.904463 6.23707 0 0 0 1 
27844314100033;0.908498;0.467532;0.974624 0.0334188 -0.221342 -0.853079 0.0199809 0.971859 0.234715 0.927041 0.222957 -0.233181 0.946529 5.01753 0 0 0 1 
27844314100034;0.315932;0.282866;0.999967 0.00584916 0.00568212 -0.0548578 -0.00594136 0.999849 0.0163471 -0.0987344 -0.00558564 -0.0163803 0.99985 -0.168299 0 0 0 1 
27844314100035;0.38412;0.178108;0.99956 -0.0043605 -0.0293332 0.0200384 0.00301012 0.99894 -0.0459232 -0.112243 0.0295024 0.0458147 0.998514 -0.473447 0 0 0 1 
27844314100036;0.255516;0.161561;0.996925 0.0171285 0.076461 0.0109358 -0.0299261 0.985073 0.169515 -0.0125808 -0.0724161 -0.171282 0.982557 -0.145365 0 0 0 1 
27844314100037;0.704806;0.473628;0.999719 -0.0174257 0.0160833 0.136291 0.0195481 0.989535 -0.142959 -0.074315 -0.0134238 0.143234 0.989598 0.221961 0 0 0 1 
27844314100038;1.02577;0.677176;0.996323 0.00754041 0.0853397 0.0807336 -0.00477516 0.999458 -0.0325607 0.0645947 -0.085539 0.0320335 0.99582 0.653138 0 0 0 1 
27844314100039;0.646323;0.226656;0.998394 -0.00762302 0.0561415 0.0195402 0.0192789 0.977485 -0.210121 -0.190915 -0.0532757 0.210866 0.976062 0.124568 0 0 0 1 
27844314100040;0.526776;0.393566;0.958011 0.0103024 0.286545 -0.30024 -0.0004482 0.999407 -0.0344341 -0.250014 -0.28673 0.0328599 0.957448 -4.01533 0 0 0 1 
27844314100041;0.240913;0.168364;0.986657 -0.0222245 -0.161288 -0.350545 0.0128921 0.998194 -0.0586796 0.0124379 0.162301 0.0558173 0.985161 1.89284 0 0 0 1 
27844314100042;1.10623;0.815706;0.999676 -0.00493176 -0.0249822 0.11377 0.00626272 0.998549 0.0534815 -0.172906 0.0246822 -0.0536206 0.998256 -0.850142 0 0 0 1 
27844314100043;0.537176;0.445728;0.952457 0.0164731 0.304226 -0.314106 -0.102484 0.957674 0.268995 -0.888304 -0.286918 -0.287385 0.913831 -3.40215 0 0 0 1 
27844314100044;0.682374;0.40135;0.99129 -0.00243683 0.131676 0.201647 0.0205102 0.990486 -0.136076 -0.0103782 -0.130092 0.137591 0.981909 -1.05184 0 0 0 1 
27844314100045;0.577329;0.358403;0.996691 -0.00926697 -0.0807579 -0.0617947 0.00540154 0.998835 -0.0479521 0.100383 0.0811082 0.0473572 0.99558 -0.0282214 0 0 0 1 
27844314100046;0.842689;0.667045;0.978282 0.0204594 -0.206264 -0.747461 0.00806357 0.990607 0.136503 0.126793 0.207119 -0.135202 0.968928 3.44212 0 0 0 1 
27844314100047;0.331521;0.330868;0.999677 0.00277842 0.0252465 -0.00283762 -0.00203326 0.999563 -0.0294934 -0.0440301 -0.0253174 0.0294325 0.999246 -0.278795 0 0 0 1 
27844314100048;0.326512;0.244451;0.999715 -0.0047673 0.0234087 0.0897542 0.00614696 0.998226 -0.059224 -0.0122558 -0.0230848 0.059351 0.99797 -0.0545326 0 0 0 1 
27844314100049;0.286094;0.15589;0.987445 0.00130336 -0.157957 -0.31255 0.00432107 0.999369 0.0352586 0.027634 0.157904 -0.0354985 0.986816 1.61496 0 0 0 1 
27844314100050;1.23172;0.928327;0.999835 0.00411372 -0.0177062 -0.19572 -0.00386743 0.999896 0.0139219 0.15273 0.0177616 -0.0138512 0.999746 1.82396 0 0 0 1 
27844314100051;0.428034;0.179892;0.999721 -0.0042443 -0.0232445 -0.067119 0.00386221 0.999857 -0.0164581 0.0106834 0.0233111 0.0163637 0.999594 1.11706 0 0 0 1 
27844314100052;1.33827;0.931529;0.999574 -0.00418713 -0.0288934 0.191561 0.00766666 0.992575 0.12139 -0.192543 0.0281706 -0.12156 0.992184 -0.992206 0 0 0 1 
27844314100053;1.32669;0.847014;0.970546 -0.00567071 0.240851 0.298462 -0.0305658 0.988746 0.146449 -0.179538 -0.238971 -0.149497 0.95945 -0.346137 0 0 0 1 
27844314100054;0.560805;0.270634;0.990582 -0.00103313 0.136918 0.0924988 -0.00589646 0.998722 0.0501961 -0.117739 -0.136795 -0.0505307 0.98931 -0.432754 0 0 0 1 
27844314100055;0.956315;0.854391;0.999193 -0.00288871 0.0400706 0.0702566 0.00538969 0.998034 -0.0624476 0.155631 -0.0398114 0.0626132 0.997244 0.306398 0 0 0 1 
27844314100056;1.36899;1.06984;0.998169 -0.0142275 0.0587832 0.136327 0.0214676 0.991995 -0.124435 -0.169055 -0.0565422 0.125469 0.990485 0.0535777 0 0 0 1 
27844314100057;0.0905846;0.0494049;0.9908 -6.40076e-05 0.135335 0.00243662 0.00107126 0.999972 -0.00736985 -0.0763694 -0.135331 0.00744703 0.990772 -1.64667 0 0 0 1 
27844314100058;0.707405;0.24119;0.999852 0.0125262 0.0118304 0.0649181 -0.0125202 0.999921 -0.000583659 -0.0336878 -0.0118367 0.000435454 0.99993 -1.48218 0 0 0 1 
27844314100059;0.65531;0.243663;0.893057 0.00351371 0.44993 -1.02555 -0.0590114 0.992247 0.109382 -0.718521 -0.446057 -0.124235 0.88634 -6.19496 0 0 0 1 
27844314100060;1.27536;0.47085;0.981647 0.0148062 0.190133 0.0162561 -0.00326417 0.99814 -0.060875 -0.526121 -0.190681 0.0591371 0.979869 -4.88031 0 0 0 1 
27844314100062;0.6633;0.494198;0.999974 -0.00720242 -0.000894419 -0.185716 0.00716667 0.999361 -0.0350304 0.00138812 0.00114615 0.0350231 0.999386 0.523342 0 0 0 1 
27844314100063;1.6099;0.108941;0.994419 0.00689173 -0.105281 0.240407 -0.00806479 0.99991 -0.0107205 -0.0646014 0.105198 0.0115097 0.994385 -0.43918 0 0 0 1 
27844314100064;1.94982;1.83198;0.998591 0.00143095 0.0530411 0.150047 0.00105198 0.998906 -0.046754 -0.0959831 -0.05305 0.0467439 0.997497 1.35342 0 0 0 1 
27844314100065;1.77485;0.821233;0.989575 0.0238588 0.142029 1.02144 -0.0780707 0.91758 0.38981 -2.91902 -0.121023 -0.396835 0.909877 -15.9217 0 0 0 1 
27844314100066;1.08018;0.547227;0.997624 0.00930767 0.0682606 0.608092 -0.0132154 0.998285 0.0570214 -0.120885 -0.0676128 -0.057788 0.996037 -3.92811 0 0 0 1 
27844314100067;1.0783;0.525812;0.999474 -0.00312709 0.0322858 -0.112706 0.00266366 0.999893 0.0143871 0.124809 -0.0323273 -0.0142936 0.999375 0.337625 0 0 0 1 
27844314100068;0.329721;0.304353;0.999934 0.00854587 0.00764293 0.287635 -0.00875197 0.999588 0.0273524 -0.0254653 -0.00740602 -0.0274175 0.999597 -1.10124 0 0 0 1 
27844314100069;0.992581;0.741994;0.917519 -0.00833227 0.397606 -0.313797 0.0371352 0.997207 -0.064796 0.250471 -0.395955 0.0742167 0.915266 -4.08485 0 0 0 1 
27844314100070;1.68809;1.14572;0.999735 0.0031081 -0.0228208 -0.16031 -0.00255094 0.999699 0.0244032 0.0430332 0.0228898 -0.0243385 0.999442 1.28 0 0 0 1 
27844314100071;2.20263;0.91643;0.986897 0.0391762 -0.156521 1.0487 0.00221126 0.9667 0.255902 -0.656219 0.161334 -0.252895 0.953947 -8.16442 0 0 0 1 
27844314100072;0.844195;0.22434;0.918674 -0.0320509 -0.393713 -3.60961 -0.0203191 0.991549 -0.12813 -1.02112 0.394493 0.12571 0.91026 9.9514 0 0 0 1 
27844314100073;1.02691;0.557152;0.999361 0.0105496 0.0341569 0.267476 -0.0160345 0.986242 0.164529 0.0867555 -0.0319512 -0.164971 0.985781 -4.36673 0 0 0 1 
27844314100074;0.384882;0.341996;0.99825 0.0069703 0.0587309 0.341488 -0.0167227 0.985774 0.167243 -0.124593 -0.0567296 -0.167932 0.984165 -6.11828 0 0 0 1 
27844314100075;1.31596;0.60966;0.997815 0.00202004 -0.0660438 0.121158 -0.00406905 0.999514 -0.0309052 -0.119011 0.0659493 0.0311064 0.997338 0.250243 0 0 0 1 
27844314100076;1.20785;1.18182;0.999925 -0.00120974 0.0121883 -0.00157937 0.00100061 0.999852 0.0171501 0.0887532 -0.0122073 -0.0171366 0.999779 -0.684705 0 0 0 1 
27844314100077;1.66098;0.448984;0.997979 0.0169817 -0.0612374 0.606794 -0.0118336 0.99644 0.0834714 -0.194314 0.0624369 -0.082578 0.994627 -3.83929 0 0 0 1 
27844314100078;1.89852;1.69547;0.999997 -0.0006241 -0.00246191 0.0615954 0.000608397 0.999979 -0.00637416 0.0701726 0.00246584 0.00637264 0.999977 -0.820582 0 0 0 1 
27844314100079;1.7021;1.57231;0.996576 0.00435747 0.0825652 0.333101 -0.0138474 0.993302 0.114718 -0.0376243 -0.0815122 -0.115468 0.989961 -3.90119 0 0 0 1 
27844314100080;1.10438;0.483314;0.972081 -0.0102424 0.234424 -0.139034 -0.00850079 0.996854 0.0788044 -0.0406881 -0.234493 -0.078597 0.968935 -6.95633 0 0 0 1 
27844314100081;0.430079;0.426903;0.999993 -0.00368632 0.000325406 -0.112158 0.0036897 0.999932 -0.0110746 0.0469473 -0.000284559 0.0110757 0.999939 0.338737 0 0 0 1 
27844314100082;1.95213;1.47135;0.999209 0.0206757 0.0339805 0.565306 -0.0311952 0.93736 0.346963 -0.918325 -0.0246783 -0.347749 0.937263 -9.64918 0 0 0 1 
27844314100083;0.583263;0.27777;0.966083 0.000591823 0.258233 0.219574 -0.0219301 0.996573 0.0797595 -0.141833 -0.257301 -0.0827173 0.962785 -6.74356 0 0 0 1 
27844314100084;0.503644;0.42281;0.991001 -0.000719657 0.133853 0.204099 -0.0334745 0.966878 0.253033 -0.755384 -0.129601 -0.255236 0.958153 -9.97708 0 0 0 1 
27844314100085;0.720603;0.476852;0.998053 0.0207057 0.0588356 0.826142 -0.0342916 0.970092 0.240305 -0.769313 -0.0521003 -0.241854 0.968913 -8.82951 0 0 0 1 
27844314100086;1.70425;1.43927;0.996068 0.0417261 -0.0781509 1.04607 -0.0147714 0.948012 0.317893 -0.930003 0.0873524 -0.315488 0.9449 -9.50824 0 0 0 1 
27844314100087;1.08193;0.877865;0.978099 -0.0300916 -0.205955 -1.65072 0.00270185 0.991246 -0.131997 -0.574071 0.208124 0.12855 0.969618 5.90879 0 0 0 1 
27844314100088;1.41218;0.811004;0.998128 -0.0102561 0.0602896 -0.298575 0.0154826 0.996099 -0.0868723 -0.131677 -0.0591635 0.0876432 0.994393 3.37328 0 0 0 1 
27844314100089;0.394008;0.335407;0.998534 0.00194309 -0.0540923 -0.158773 -0.00258428 0.999927 -0.0117862 -0.0655441 0.0540655 0.0119087 0.998466 1.04541 0 0 0 1 
27844314100090;1.35838;0.758091;0.990482 -0.0450763 -0.130055 -1.51355 0.00947901 0.964952 -0.262257 -1.44014 0.137318 0.258528 0.956194 8.31784 0 0 0 1 
27844314100091;1.04859;1.03395;0.999423 0.00566233 -0.0335048 0.0348541 -0.00322353 0.99737 0.0724006 0.101721 0.0338266 -0.0722508 0.996813 -1.8505 0 0 0 1 
27844314100093;0.967031;0.472267;0.994947 -0.0367364 -0.0934397 -3.74842 0.0235489 0.990081 -0.138507 -0.604645 0.0976012 0.135607 0.985944 17.4696 0 0 0 1 
27844314100094;1.92323;0.111681;0.972386 0.0517644 -0.227564 2.7704 -0.00574618 0.980106 0.198392 -0.75836 0.233307 -0.191606 0.953339 -8.32953 0 0 0 1 
27844314100095;0.873202;0.55096;0.992519 -0.00951538 0.121717 -0.18532 -0.0316047 0.94295 0.331431 -5.09882 -0.117927 -0.332799 0.935595 -35.8766 0 0 0 1 
27844314100096;0.430323;0.410224;0.989173 0.0363814 -0.14217 2.65406 -0.0355368 0.999332 0.00847613 -1.11834 0.142384 -0.0033321 0.989806 4.5711 0 0 0 1 
27844314100097;1.73872;0.125375;0.999517 0.0310785 -0.000877123 3.97052 -0.0310713 0.999491 0.00728576 0.334796 0.00110311 -0.00725498 0.999973 0.7848 0 0 0 1 
27844314100098;0.721991;0.403065;0.999963 0.00570682 0.00650813 0.688928 -0.00660548 0.989013 0.147678 -0.836529 -0.00559386 -0.147715 0.989014 -13.7554 0 0 0 1 
27844314100099;0.836004;0.725167;0.998726 -0.0321292 -0.0389138 -3.39898 0.0343836 0.997682 0.0587216 1.20677 0.036937 -0.0599848 0.997516 -4.72096 0 0 0 1 
27844314100100;2.4061;0.198257;0.999643 -0.0245612 -0.0105253 -2.31163 0.0265033 0.961558 0.273321 -0.748138 0.0034076 -0.273502 0.961865 -23.7325 0 0 0 1 
27844314100101;0.366989;0.40175;0.999785 0.0118463 -0.0170343 1.2259 -0.00408112 0.917227 0.398345 -6.60132 0.0203432 -0.398189 0.917078 -38.1715 0 0 0 1 
27844314100102;1.52564;1.27902;0.975131 -0.0382676 0.218301 -3.71614 0.0898868 0.968621 -0.231719 -1.16166 -0.202584 0.245579 0.947972 16.7703 0 0 0 1 
27844314100103;2.09748;0.312902;0.999937 -5.01373e-05 -0.0112339 0.605814 0.000118849 0.999981 0.00611589 -0.167722 0.0112334 -0.00611684 0.999918 -2.57526 0 0 0 1 
27844314100104;0.507469;0.34456;0.999476 0.0316018 -0.00707086 3.26042 -0.0315049 0.999413 0.013423 -1.05343 0.0074909 -0.0131932 0.999885 -1.54956 0 0 0 1 
27844314100105;1.7041;1.90429;0.999044 -0.0335766 0.02801 -2.88925 0.037674 0.986134 -0.161616 -0.653851 -0.0221951 0.162517 0.986456 14.7637 0 0 0 1 
27844314100106;0.621555;0.267751;0.9754 0.0252235 -0.218993 1.19605 -0.00451728 0.995511 0.0945423 -0.414008 0.220395 -0.0912273 0.971135 -1.53642 0 0 0 1 
27844314100107;0.153647;0.244669;0.997562 -0.0692284 -0.0087957 -6.73301 0.0692165 0.9976 -0.00164815 2.37939 0.0088887 0.00103533 0.99996 0.42369 0 0 0 1 
27844314100108;1.53872;0.156279;0.998912 0.0275068 -0.0376535 3.60359 -0.0324056 0.990127 -0.136379 -1.52112 0.0335304 0.137451 0.989941 15.8437 0 0 0 1 
27844314100109;1.60611;0.631437;0.999357 -0.0120936 -0.0337575 -1.70563 0.014337 0.997648 0.0670271 0.270175 0.0328675 -0.067468 0.99718 -6.87445 0 0 0 1 
27844314100110;2.36031;0.829134;0.999174 0.0401489 -0.00632832 4.99683 -0.0405655 0.994775 -0.0936835 -3.05252 0.00253397 0.0938628 0.995582 11.2282 0 0 0 1 
27844314100111;0.227132;0.164325;0.967684 0.0311522 -0.250236 1.06436 0.0170916 0.981955 0.18834 -0.400181 0.251587 -0.186531 0.94969 -9.39923 0 0 0 1 
27844314100112;2.20462;1.95611;0.999403 -0.0291368 -0.0185424 -2.79785 0.0222544 0.953868 -0.2994 -4.32207 0.0264105 0.298809 0.953947 28.7057 0 0 0 1 
27844314100113;2.4063;0.201439;0.994145 -0.0694193 0.0828033 -6.43134 0.0818354 0.984127 -0.157468 0.414294 -0.0705577 0.163322 0.984046 16.2598 0 0 0 1 
27844314100114;0.335195;0.208348;0.980381 -0.0503338 0.190575 -4.80497 0.0669958 0.994376 -0.0820188 1.47382 -0.185375 0.0931774 0.97824 2.27135 0 0 0 1 
27844314100115;1.83608;0.238624;0.998749 0.0499096 -0.00300959 7.00907 -0.0498578 0.998638 0.0153514 -0.975175 0.00377167 -0.0151822 0.999878 -0.857442 0 0 0 1 
27844314100116;1.89876;1.41845;0.978219 -0.0213133 0.206476 -1.78935 0.00335717 0.996209 0.0869274 0.470778 -0.207546 -0.0843409 0.974583 -14.1392 0 0 0 1 
27844314100117;2.29451;0.581203;0.991813 0.0344248 -0.122968 2.46777 -0.00174098 0.966532 0.256539 -1.88518 0.127683 -0.254225 0.95868 -17.7631 0 0 0 1 
27844314100118;2.1601;2.14181;0.999676 -0.0217586 0.0131884 -1.97694 0.0220109 0.999571 -0.0192972 0.770207 -0.0127629 0.0195813 0.999727 1.80966 0 0 0 1 
27844314100119;1.47956;0.636781;0.999949 0.00998084 -0.00160486 1.58175 -0.00989005 0.998746 0.0490877 -0.452357 0.00209279 -0.0490693 0.998793 -5.91554 0 0 0 1 
27844314100120;0.852594;0.514918;0.97819 -0.0414395 -0.203539 -5.34057 -0.00283244 0.977145 -0.212555 -3.31398 0.207695 0.208495 0.955716 28.2854 0 0 0 1 
27844314100121;1.87824;0.666397;0.998126 -0.00154016 0.0611683 0.451463 0.000173855 0.999751 0.0223359 -0.0578859 -0.0611874 -0.0222834 0.997878 -6.39137 0 0 0 1 
27844314100122;1.73464;0.148628;0.969253 -0.0180288 -0.245404 -2.06914 0.0155046 0.999805 -0.0122143 1.48417 0.245577 0.00803382 0.969344 8.49145 0 0 0 1 
27844314100124;0.405551;0.173792;0.997492 -0.0533056 -0.0465589 -4.6423 0.0579978 0.992668 0.10605 1.92664 0.0405645 -0.108484 0.99327 -7.81627 0 0 0 1 
27844314100125;0.438401;0.183999;0.907655 -0.0927246 0.409346 -10.5119 0.140207 0.98625 -0.0874806 3.18992 -0.395606 0.136795 0.908176 -2.01618 0 0 0 1 
27844314100126;1.24567;0.18849;0.978357 -0.201519 -0.0469785 -19.8837 0.197801 0.977473 -0.0736293 2.92212 0.060758 0.0627434 0.996179 6.95387 0 0 0 1 
27844314100127;1.48846;1.02225;0.998869 0.0398638 -0.0259248 1.87931 -0.0381093 0.997159 0.0649714 -2.39371 0.0284411 -0.06391 0.99755 -2.30059 0 0 0 1 
27844314100128;1.19785;0.15807;0.99668 -0.0174021 -0.079537 -2.1439 0.012906 0.998308 -0.0566965 0.396179 0.0803891 0.0554818 0.995218 5.80451 0 0 0 1 
27844314100129;1.23822;0.171758;0.989073 0.147066 0.0103019 10.7608 -0.146013 0.98685 -0.0693337 -7.20175 -0.0203631 0.0670719 0.99754 6.44309 0 0 0 1 
27844314100130;0.532996;0.242452;0.982229 0.00210578 -0.187676 -1.00034 -0.0415996 0.977509 -0.206749 -3.86697 0.18302 0.210882 0.960225 24.4835 0 0 0 1 
27844314100131;0.768744;0.188691;0.984536 0.173951 -0.020712 14.6362 -0.165888 0.963768 0.208885 -8.7789 0.0562973 -0.202219 0.977721 -14.8323 0 0 0 1 
27844314100132;0.304449;0.166659;0.990075 0.0524087 -0.130403 3.49454 -0.0273129 0.98193 0.187265 -2.07666 0.137861 -0.181844 0.973615 -11.5815 0 0 0 1 
27844314100133;0.242712;0.172891;0.971403 -0.100987 -0.21489 -10.9731 0.0255088 0.944192 -0.328408 -5.39695 0.236063 0.313535 0.919767 35.8832 0 0 0 1 
27844314100134;1.30166;0.172358;0.971457 0.038188 0.234123 2.89159 -0.0352645 0.999239 -0.016662 -1.16121 -0.234581 0.0079302 0.972064 -9.49822 0 0 0 1 
27844314100135;0.261851;0.167098;0.993501 -0.0988584 0.0564165 -8.71601 0.0967316 0.994536 0.0392665 3.22126 -0.0599901 -0.0335541 0.997635 -4.83556 0 0 0 1 
27844314100136;1.42144;0.173792;0.991144 0.132574 0.00759944 11.2186 -0.131222 0.986596 -0.0970003 -7.78573 -0.0203573 0.095144 0.995255 9.51245 0 0 0 1 
27844314100137;1.20547;0.259024;0.992845 -0.099364 0.0662198 -10.0044 0.11596 0.934632 -0.33618 -4.00013 -0.0284869 0.341454 0.939467 30.5605 0 0 0 1 
27844314100138;0.244336;0.15964;0.993747 0.0304598 -0.107417 1.9671 -0.0498324 0.981929 -0.182573 -4.05392 0.0999149 0.186784 0.977307 19.7286 0 0 0 1 
27844314100139;1.59431;0.185631;0.998928 -0.0462957 -0.000633704 -3.26861 0.0462996 0.998884 0.00933565 -0.594917 0.000200796 -0.00935498 0.999956 -1.83415 0 0 0 1 
27844314100140;0.22734;0.180841;0.995517 -0.0934944 0.0142727 -8.52108 0.0937324 0.995452 -0.017026 3.00988 -0.0126159 0.0182875 0.999753 1.32133 0 0 0 1 
27844314100141;0.358346;0.197744;0.95334 -0.21367 -0.213281 -21.4901 0.170648 0.964163 -0.203146 2.19247 0.249044 0.157271 0.955638 22.2855 0 0 0 1 
27844314100142;0.117962;0.185009;0.994699 0.101136 0.0186111 8.65578 -0.100046 0.993607 -0.0523023 -4.33953 -0.0237817 0.050163 0.998458 3.76227 0 0 0 1 
27844314100143;1.8568;1.74809;0.999925 0.00602642 0.0106304 0.564459 -0.00480066 0.993721 -0.111781 -1.8236 -0.0112373 0.111722 0.993676 9.60728 0 0 0 1 
27844314100144;0.573265;0.200898;0.987463 -0.000191318 -0.157852 -1.78427 0.00358344 0.999769 0.0212049 0.723767 0.157812 -0.0215047 0.987235 3.56662 0 0 0 1 
27844314100145;0.564902;0.616283;0.993296 -0.053219 -0.102619 -5.74876 0.0390027 0.989958 -0.135874 -0.219518 0.10882 0.13096 0.985397 15.5571 0 0 0 1 
27844314100146;0.457208;0.148784;0.999655 0.0175256 0.0195836 1.35666 -0.0181691 0.999284 0.0331811 -0.66321 -0.0189881 -0.0335255 0.999257 -2.66228 0 0 0 1 
27844314100147;0.839697;0.157684;0.994685 -0.0415886 -0.0941885 -5.25055 0.0518601 0.992647 0.109374 1.69383 0.0889472 -0.113677 0.989528 -7.99019 0 0 0 1 
27844314100148;1.27087;0.172088;0.999357 0.00108166 0.0358488 -1.44146 0.00484432 0.986314 -0.164805 -3.14464 -0.0355364 0.164873 0.985674 13.464 0 0 0 1 
27844314100149;0.814525;0.198816;0.993594 0.00399432 0.112937 -0.274761 0.0532279 0.865035 -0.498879 -11.2563 -0.0996875 0.501695 0.859281 41.1597 0 0 0 1 
27844314100150;1.30625;0.777602;0.997411 0.0323361 0.0642331 1.11981 -0.0107781 0.950332 -0.311052 -7.14416 -0.071101 0.309554 0.94822 23.8095 0 0 0 1 
27844314100151;1.21483;0.861968;0.986922 -0.0717304 0.144356 -6.48995 0.0736999 0.997246 -0.00833555 2.51566 -0.143361 0.0188656 0.989491 -1.99801 0 0 0 1 
27844314100152;0.850848;0.975103;0.980139 -0.00997893 0.19806 -1.55286 0.0619768 0.96412 -0.258129 -2.17374 -0.188378 0.265278 0.945591 16.5742 0 0 0 1 
27844314100153;1.33869;0.156775;0.985337 0.147703 0.0854074 10.8198 -0.149518 0.988642 0.0152307 -7.26509 -0.0821877 -0.0277774 0.99623 -5.78415 0 0 0 1 
27844314100155;1.31103;1.20833;0.99769 -0.0436325 -0.052062 -2.22477 0.0326603 0.980147 -0.195564 -1.02988 0.0595613 0.193412 0.979308 10.3502 0 0 0 1 
27844314100156;0.173499;0.226914;0.99964 -0.0127873 -0.0235965 -0.892191 0.0132135 0.999751 0.017993 0.583996 0.0233605 -0.0182983 0.99956 -0.438649 0 0 0 1 
27844314100157;1.77732;0.768942;0.994279 0.0334449 -0.101439 0.928618 -0.023218 0.994679 0.100372 0.15995 0.104257 -0.097443 0.989765 -3.57409 0 0 0 1 
27844314100158;2.31932;0.221762;0.975272 0.0828107 -0.204908 1.47272 0.0198323 0.890616 0.454323 -0.783095 0.220117 -0.447152 0.866951 -14.8015 0 0 0 1 
27844314100159;1.17995;0.231846;0.997186 0.0361263 -0.0656816 1.34043 -0.0310299 0.996546 0.0770214 -0.462387 0.0682373 -0.0747666 0.994864 -3.24206 0 0 0 1 
27844314100160;1.94121;0.247002;0.979861 -0.0581575 -0.191025 -3.61298 0.0630411 0.997819 0.0195827 2.1392 0.18947 -0.0312308 0.98139 4.72942 0 0 0 1 
27844314100161;0.541664;0.453541;0.99243 0.00524394 -0.122699 -0.627736 -0.0194587 0.993182 -0.114942 -1.06106 0.12126 0.116459 0.985765 8.53777 0 0 0 1 
27844314100162;1.51732;0.980205;0.998237 -0.0464326 -0.036976 -2.8258 0.0463057 0.998918 -0.00428197 1.757 0.0371348 0.00256222 0.999307 1.53987 0 0 0 1 
27844314100163;1.36524;1.25423;0.994525 -0.0981644 -0.0358163 -5.02475 0.0961911 0.993941 -0.0531915 1.88458 0.0408208 0.0494551 0.997942 2.62376 0 0 0 1 
27844314100164;0.587208;0.262813;0.999824 -0.0158639 -0.0099772 -0.885521 0.0163489 0.998587 0.0505673 0.790453 0.0091609 -0.0507215 0.998671 -1.62865 0 0 0 1 
27844314100165;1.53313;0.25796;0.999419 0.0338276 -0.0041868 2.03332 -0.0337207 0.999157 0.0234058 -1.611 0.00497503 -0.023251 0.999717 0.121144 0 0 0 1 
27844314100166;0.330265;0.349373;0.997126 -0.0475685 -0.0589703 -2.61182 0.0412225 0.993669 -0.104516 0.339735 0.0635686 0.101784 0.992773 6.30414 0 0 0 1 
27844314100167;0.903395;0.491927;0.998235 -0.0278244 0.0524682 -1.06781 0.0372201 0.981538 -0.187613 -0.898236 -0.0462793 0.189234 0.980841 6.93008 0 0 0 1 
27844314100168;2.432;0.27822;0.995175 -0.0385015 0.090251 -1.5535 0.0363704 0.999022 0.0251395 0.315051 -0.0911307 -0.0217358 0.995602 -0.485714 0 0 0 1 
27844314100169;1.16953;0.884953;0.939113 0.0370104 0.34161 1.92239 0.0727415 0.950235 -0.302922 -2.16723 -0.335821 0.309327 0.889686 6.59077 0 0 0 1 
27844314100170;0.524881;0.367969;0.983178 -0.0177875 -0.181781 -1.9181 0.0387556 0.992901 0.112456 0.857996 0.17849 -0.11761 0.976887 -1.52644 0 0 0 1 
27844314100171;2.35705;0.221539;0.963693 0.0408598 0.263867 1.74994 -0.00475027 0.990689 -0.136059 -0.382426 -0.266969 0.129866 0.954915 -2.5199 0 0 0 1 
27844314100172;0.422262;0.209831;0.997216 0.0186331 -0.0721961 0.184359 -0.0140794 0.997909 0.0630782 0.439929 0.0732205 -0.0618861 0.995394 -1.28207 0 0 0 1 
27844314100173;0.404553;0.308814;0.997752 -0.0145309 -0.0654237 -1.00118 0.0218816 0.993345 0.113082 0.58521 0.0633451 -0.114259 0.991429 -3.7733 0 0 0 1 
27844314100174;0.99992;0.565369;0.999419 0.028448 -0.0187522 0.890545 -0.0275029 0.998427 0.0488668 -0.106258 0.0201128 -0.0483227 0.998629 -2.29402 0 0 0 1 
27844314100175;0.837078;0.221886;0.999447 0.0306029 -0.0130062 1.10724 -0.0302432 0.999178 0.0270124 0.414203 0.0138221 -0.0266041 0.99955 -1.19486 0 0 0 1 
27844314100176;0.793248;0.563822;0.997989 -0.0127468 -0.0620888 -1.13166 -0.00810708 0.945853 -0.324493 -3.97072 0.0628631 0.324344 0.943848 16.9648 0 0 0 1 
27844314100177;2.13358;0.221069;0.999916 -0.00725317 -0.0107018 -0.288244 0.00740969 0.999865 0.0146596 0.590094 0.010594 -0.0147376 0.999835 -2.79669 0 0 0 1 
27844314100178;1.06641;1.06189;0.998084 -0.0242962 -0.056911 -1.39819 0.0235884 0.999636 -0.0130764 0.49562 0.057208 0.0117089 0.998294 1.6785 0 0 0 1 
27844314100179;2.46162;0.725565;0.964611 -0.0265403 -0.262337 -2.70066 -0.0130267 0.98891 -0.147946 -0.768322 0.263354 0.146127 0.953568 10.2448 0 0 0 1 
27844314100180;2.13141;1.54999;0.965464 0.0493735 0.255815 2.13312 -0.103886 0.973401 0.204203 -2.99571 -0.238928 -0.223727 0.944913 -16.5848 0 0 0 1 
27844314100181;0.683715;0.460671;0.999692 0.0196623 0.0151134 0.806917 -0.020383 0.998585 0.0491128 -0.0708733 -0.0141263 -0.0494057 0.998679 -1.98156 0 0 0 1 
27844314100182;1.078;0.384329;0.984371 -0.0262561 0.174141 -0.881864 0.0170489 0.998387 0.0541595 0.491406 -0.175282 -0.0503441 0.98323 -5.25228 0 0 0 1 
27844314100183;1.04239;0.403973;0.909573 -0.0371811 0.413877 -1.89808 -0.0535448 0.977199 0.205462 -0.977644 -0.41208 -0.209044 0.886843 -18.489 0 0 0 1 
27844314100184;1.3844;1.00316;0.983523 0.0118248 0.180397 0.7959 -0.0246171 0.997324 0.0688389 -0.823876 -0.1791 -0.0721455 0.981182 -7.82707 0 0 0 1 
27844314100186;0.793481;0.201198;0.971427 0.114881 -0.207682 6.05565 -0.0632647 0.968725 0.239937 -2.84568 0.228751 -0.219943 0.948313 -6.96698 0 0 0 1 
27844314100187;1.90684;0.226555;0.9962 0.0866913 0.00832277 6.50623 -0.0864503 0.995919 -0.0259191 -2.58458 -0.0105358 0.0251011 0.999629 2.79633 0 0 0 1 
27844314100188;0.899725;0.461527;0.910816 -0.00487023 0.412784 -1.21808 -0.0141286 0.998977 0.0429616 -0.542306 -0.41257 -0.0449621 0.909815 -18.0863 0 0 0 1 
27844314100189;2.92803;2.56927;0.996143 -0.0301586 -0.0824037 -2.68582 0.0206483 0.993276 -0.113917 -0.753693 0.0852852 0.111776 0.990067 10.6549 0 0 0 1 
27844314100190;2.25734;1.37407;0.998041 0.0496154 -0.0381168 3.73843 -0.0554903 0.983371 -0.172922 -4.2049 0.0289033 0.174699 0.984198 13.6941 0 0 0 1 
27844314100191;2.96618;1.19845;0.988476 -0.0271108 0.148932 -1.17527 0.0819957 0.922897 -0.376214 -5.26059 -0.127249 0.384091 0.914485 23.7065 0 0 0 1 
27844314100192;2.51273;1.79213;0.932687 -0.0367674 -0.358807 -5.94538 0.000940616 0.995035 -0.0995177 -1.19216 0.360684 0.0924814 0.928092 18.0575 0 0 0 1 
27844314100193;1.47826;0.830704;0.994856 0.0342043 -0.0953469 1.95231 -0.0298362 0.998455 0.0468683 -0.906491 0.0968027 -0.0437824 0.99434 1.1474 0 0 0 1 
27844314100194;2.31253;1.45309;0.970195 0.0246065 -0.241074 -0.922457 -0.0162798 0.999202 0.0364714 -0.330773 0.241779 -0.0314597 0.969821 7.1614 0 0 0 1 
27844314100195;2.39108;0.181724;0.981149 -0.175437 -0.0810502 -11.8868 0.143106 0.941417 -0.305375 -0.304399 0.129876 0.28802 0.948777 21.7677 0 0 0 1 
27844314100196;0.463067;0.470326;0.995692 0.0219027 0.0900992 2.15397 -0.0271943 0.99795 0.0579287 -0.905003 -0.0886457 -0.0601293 0.994247 -7.24471 0 0 0 1 
27844314100197;2.03095;1.91457;0.994962 -0.0420194 -0.0910194 -3.35234 0.0313779 0.99283 -0.115342 -0.28814 0.0952134 0.111905 0.989147 9.79308 0 0 0 1 
27844314100198;1.85236;0.18767;0.978489 -0.117862 -0.169317 -8.30081 0.123191 0.992155 0.0212876 3.89233 0.16548 -0.0416881 0.985332 3.77636 0 0 0 1 
27844314100199;0.504668;0.329476;0.990263 -0.125485 -0.0602788 -8.95125 0.132129 0.983559 0.123096 3.72655 0.043841 -0.129862 0.990562 -7.92321 0 0 0 1 
27844314100200;2.93423;1.11998;0.999314 -0.0361369 0.00813124 -2.19406 0.0368038 0.993482 -0.107887 0.428519 -0.00417952 0.108113 0.99413 4.51207 0 0 0 1 
27844314100201;1.21539;0.400592;0.988853 0.0172341 0.147896 1.54296 -0.044665 0.98187 0.18422 -2.28002 -0.14204 -0.188772 0.971694 -18.6989 0 0 0 1 
27844314100202;1.66781;0.363628;0.949738 0.0697917 -0.305166 1.30176 -0.037823 0.993273 0.109449 -0.886738 0.310752 -0.0924059 0.945989 5.21511 0 0 0 1 
27844314100203;0.429271;0.767356;0.932683 -0.0946203 0.348066 -6.73417 0.00154982 0.966022 0.258456 -1.49482 -0.360694 -0.240518 0.901138 -29.1698 0 0 0 1 
27844314100204;0.64969;0.852938;0.922718 0.0405415 -0.383337 -1.40004 0.0386373 0.979719 0.196617 0.623818 0.383534 -0.196233 0.902438 -1.38505 0 0 0 1 
27844314100205;2.89316;2.42222;0.995845 -0.0110449 -0.0903901 -1.0215 0.00686433 0.998898 -0.0464314 -0.261146 0.0908033 0.045618 0.994823 4.81157 0 0 0 1 
27844314100206;1.28236;0.248405;0.996682 -0.0499195 0.0642882 -2.55647 0.0602947 0.983395 -0.171167 -0.98925 -0.0546761 0.174475 0.983142 9.82896 0 0 0 1 
27844314100207;1.92404;0.706227;0.972626 0.134343 -0.189604 7.66999 -0.116366 0.987851 0.103005 -4.25062 0.201139 -0.078122 0.976443 2.93087 0 0 0 1 
27844314100208;1.88311;0.439662;0.91817 0.0416065 0.393995 2.30258 0.0268714 0.98564 -0.166707 -0.650877 -0.395274 0.163652 0.903868 -4.3728 0 0 0 1 
27844314100209;2.33052;0.517443;0.994564 0.101147 0.0247381 7.41418 -0.101559 0.994701 0.0160112 -3.35715 -0.0229876 -0.0184365 0.999566 -4.2456 0 0 0 1 
27844314100210;0.530209;0.592789;0.995569 -0.0169598 0.0924966 -0.567692 0.0247714 0.99616 -0.0839707 -0.0615412 -0.0907173 0.0858899 0.992166 2.35284 0 0 0 1 
27844314100211;2.44996;1.13172;0.998012 0.0242099 -0.0581884 1.43378 -0.0253928 0.999484 -0.0196768 -0.949868 0.057682 0.0211153 0.998112 5.42865 0 0 0 1 
27844314100212;2.84301;0.724098;0.996189 0.065825 -0.0572292 4.7773 -0.0698034 0.995063 -0.0705451 -2.14248 0.0523031 0.0742711 0.995866 4.19705 0 0 0 1 
27844314100213;1.50297;0.234898;0.997354 0.0675315 0.0269248 5.90145 -0.062221 0.984441 -0.164328 -4.8611 -0.0376033 0.162218 0.986038 10.0109 0 0 0 1 
27844314100214;0.564234;0.304422;0.987088 -0.0988498 0.126037 -6.40896 0.0997592 0.995011 -0.000907948 2.83258 -0.125319 0.0134696 0.992025 -2.92888 0 0 0 1 
27844314100215;0.386204;0.438512;0.994683 0.0135318 -0.102089 0.513239 -0.0207092 0.997362 -0.0695767 -1.20818 0.100878 0.071321 0.992339 8.06466 0 0 0 1 
27844314100217;0.459527;0.640906;0.995852 0.00927766 -0.0905105 -0.0749258 -0.0106835 0.99983 -0.0150597 -0.526098 0.0903554 0.0159642 0.995782 2.85437 0 0 0 1 
27844314100218;2.20727;0.200011;0.998933 0.0391726 -0.0244558 0.541876 -0.0392802 0.99922 -0.00393362 -1.38849 0.0242826 0.00489005 0.999693 3.49236 0 0 0 1 
27844314100219;2.19715;0.430723;0.999042 -0.0371878 -0.023078 -0.847323 0.0363502 0.998701 -0.0357105 0.951417 0.0243761 0.0348374 0.999096 4.0496 0 0 0 1 
27844314100220;1.31114;0.254936;0.997697 -0.0218317 -0.0642248 0.401012 0.0201633 0.999445 -0.0265119 -0.258382 0.064768 0.0251559 0.997583 2.29029 0 0 0 1 
27844314100221;1.65894;1.66746;0.999871 -6.98351e-05 0.0160497 0.174908 -0.000470472 0.999433 0.0336583 0.100147 -0.016043 -0.0336615 0.999305 -0.611038 0 0 0 1 
27844314100222;1.73745;0.69434;0.976552 0.0982127 -0.191574 1.21426 -0.077391 0.990541 0.113311 -2.70743 0.20089 -0.0958278 0.974915 5.0195 0 0 0 1 
27844314100223;2.40198;1.68157;0.998639 -0.00494262 -0.0519172 0.143004 0.00473746 0.99998 -0.00407406 0.262951 0.0519363 0.00382256 0.998643 3.14893 0 0 0 1 
27844314100224;0.843273;0.763931;0.999231 0.0262842 -0.0290984 0.398106 -0.0237358 0.996123 0.0847042 -0.611117 0.031212 -0.0839484 0.995981 -0.366772 0 0 0 1 
27844314100225;1.09219;1.36767;0.999945 0.00538261 0.00903622 0.577287 -0.00481366 0.998074 -0.0618459 -0.101869 -0.00935171 0.061799 0.998045 0.901789 0 0 0 1 
27844314100226;2.28577;0.358875;0.931739 0.242877 -0.269952 1.42833 -0.17255 0.950237 0.259377 -5.85886 0.319515 -0.195092 0.927281 8.36512 0 0 0 1 
27844314100227;0.739768;0.78824;0.989977 0.0440053 -0.134197 0.31114 -0.0396916 0.998611 0.0346529 -1.06874 0.135536 -0.028979 0.990349 3.75998 0 0 0 1 
27844314100228;0.965544;0.108487;0.990428 0.0816573 -0.111285 1.15275 -0.0776324 0.996178 0.0400394 -2.66694 0.114129 -0.0310168 0.992982 3.83533 0 0 0 1 
27844314100229;0.882458;0.631353;0.965157 0.0165713 0.261147 0.460576 0.0286079 0.985328 -0.168255 -0.04431 -0.260104 0.169863 0.950522 -5.84829 0 0 0 1 
27844314100230;0.333053;0.141176;0.952302 0.151143 -0.265097 0.154355 -0.0594728 0.943992 0.324565 -1.65413 0.299305 -0.293318 0.907954 3.07775 0 0 0 1 
27844314100231;2.08116;0.0905576;0.994985 -0.0463608 0.0886356 -0.445867 0.0482391 0.998652 -0.0191667 1.06007 -0.0876275 0.0233463 0.99588 0.243043 0 0 0 1 
27844314100232;2.3687;1.80014;0.999552 0.00950182 -0.0283914 -0.179343 -0.0103058 0.999546 -0.0283071 0.129741 0.0281095 0.028587 0.999196 0.188784 0 0 0 1 
27844314100233;0.91161;0.542557;0.999242 0.0302017 -0.0245493 0.864724 -0.0297603 0.999392 0.018148 -1.00386 0.0250824 -0.0174037 0.999534 -0.537459 0 0 0 1 
27844314100234;2.15311;0.65534;0.997703 -0.0126098 0.0665521 0.625274 0.0117578 0.999844 0.0131789 0.656472 -0.0667079 -0.0123661 0.997696 -4.95263 0 0 0 1 
27844314100235;1.5865;0.931363;0.940508 0.0151215 -0.339435 -3.79696 -0.0289625 0.998941 -0.0357473 -1.0836 0.338535 0.0434515 0.93995 10.5979 0 0 0 1 
27844314100236;0.801975;0.725381;0.999906 -0.000680682 -0.0136853 0.447609 -0.000299938 0.997439 -0.0715257 -0.269043 0.0136989 0.0715231 0.997345 1.65156 0 0 0 1 
27844314100237;0.36254;0.105682;0.989101 0.131877 -0.0654856 1.64294 -0.12877 0.990432 0.0496205 -3.79532 0.0714028 -0.0406471 0.996619 1.59755 0 0 0 1 
27844314100238;0.509991;0.277625;0.99541 -0.00328302 -0.0956491 -0.245803 -0.0317638 0.93143 -0.362533 -3.73365 0.0902806 0.363907 0.92705 8.8316 0 0 0 1 
27844314100239;2.45541;1.41976;0.999333 0.0192863 -0.0310181 -0.00827084 -0.0185733 0.99956 0.0231123 -0.658503 0.0314502 -0.0225208 0.999252 2.96768 0 0 0 1 
27844314100240;0.531694;0.14244;0.996796 -0.0756517 0.0259762 -1.52081 0.0750867 0.996933 0.0220769 2.25131 -0.0275667 -0.0200557 0.999419 -0.702912 0 0 0 1 
27844314100241;1.90316;1.10273;0.998687 -0.0155141 0.048826 0.598795 0.012318 0.997803 0.0650926 0.884617 -0.0497286 -0.0644057 0.996684 -4.07244 0 0 0 1 
27844314100242;0.857743;0.186241;0.987553 0.0309274 0.154218 1.16284 -0.0352624 0.999054 0.0254527 -0.673849 -0.153285 -0.0305739 0.987709 -4.52514 0 0 0 1 
27844314100243;1.52979;1.77571;0.988857 0.00269926 -0.148847 -0.540011 -0.00965707 0.998893 -0.0460417 -0.290696 0.148558 0.0469661 0.987788 4.94656 0 0 0 1 
27844314100244;1.45043;0.713929;0.986418 0.0956096 -0.133563 0.502972 -0.0493277 0.948031 0.314332 -0.899425 0.156675 -0.303474 0.93987 0.159943 0 0 0 1 
27844314100245;0.353496;0.497493;0.998041 0.0435307 0.0449295 1.30027 -0.0520759 0.976077 0.211099 -1.20475 -0.0346654 -0.213025 0.976432 -5.00943 0 0 0 1 
27844314100246;0.304746;0.162856;0.995424 0.0888119 0.0352719 1.54966 -0.0802941 0.977474 -0.195187 -3.80863 -0.0518123 0.191462 0.980131 1.86322 0 0 0 1 
27844314100248;1.91005;1.79744;0.999942 0.00114362 0.0106863 0.103157 -0.00144004 0.999613 0.0277713 0.190637 -0.0106504 -0.0277851 0.999557 -1.95797 0 0 0 1 
27844314100249;1.74539;1.15292;0.918985 0.0161177 0.393963 1.57192 0.0169312 0.996629 -0.0802686 -0.110695 -0.393929 0.0804359 0.915615 4.49867 0 0 0 1 
27844314100250;2.4193;1.9906;0.889226 0.0214876 -0.456962 0.501613 -0.0140353 0.999707 0.0196968 -0.295104 0.457252 -0.0111013 0.889268 -0.127606 0 0 0 1 
27844314100251;0.382775;0.195611;0.99827 0.0226355 0.0542636 1.38666 -0.0308038 0.98747 0.154774 -0.486445 -0.0500802 -0.156178 0.986459 -8.64137 0 0 0 1 
27844314100252;0.517763;0.608325;0.995081 -0.00654912 -0.0988512 -0.35326 -0.0181145 0.968962 -0.246545 -2.25315 0.0973977 0.247123 0.964077 12.8366 0 0 0 1 
27844314100253;0.421961;0.369545;0.995901 0.00482363 0.0903187 0.468347 0.00118219 0.997797 -0.0663245 -0.398543 -0.0904397 0.0661595 0.993702 3.17791 0 0 0 1 
27844314100254;1.06506;0.264411;0.998769 0.038889 -0.0308016 2.1566 -0.0305747 0.971479 0.235145 -1.20396 0.0390677 -0.233914 0.971472 -13.3155 0 0 0 1 
27844314100255;0.41574;0.301942;0.944052 -0.0014527 -0.329794 -0.876855 -0.0102977 0.999373 -0.0338799 -0.280477 0.329636 0.0353805 0.943445 2.60011 0 0 0 1 
27844314100256;0.221269;0.0977991;0.999744 0.00317355 -0.0223801 0.117618 -0.00199793 0.998626 0.0523578 0.124689 0.0225155 -0.0522997 0.998378 -2.99397 0 0 0 1 
27844314100257;0.472366;0.279506;0.997019 0.0415471 0.0650123 2.40987 -0.0644566 0.911643 0.405897 -3.97635 -0.0424042 -0.408878 0.911604 -21.7857 0 0 0 1 
27844314100258;0.965959;0.529075;0.96141 0.00692985 -0.275032 -0.724087 0.00527735 0.999034 0.0436198 0.113952 0.275069 -0.043388 0.960445 -1.34839 0 0 0 1 
27844314100259;0.701583;0.61543;0.999836 0.0111399 -0.0142843 0.751407 -0.0112121 0.999925 -0.0049833 -0.106522 0.0142277 0.00514264 0.999886 -0.226041 0 0 0 1 
27844314100260;1.49458;1.13651;0.991513 0.0347336 -0.125282 1.23954 0.00199179 0.959479 0.281773 -0.894675 0.129992 -0.279631 0.951267 -13.8764 0 0 0 1 
