#;prob_registration_l1 -r ../../../../build/tester /home/point_clouds_registration_benchmark/devel/registration_pairs/pioneer_slam_local.txt /home/point_clouds_registration_benchmark/pioneer_slam -s 0.1 -t 0.1 -p 0.3 -r 1000 -m 5 -i 40 
id;initial_error;final_error;transformation
1807261650000;0.252801;0.190126;0.996337 0.00859187 0.085082 -0.158853 -0.00524758 0.999208 -0.0394526 0.0205007 -0.0853536 0.0388616 0.995593 0.186072 0 0 0 1 
1807261650001;0.370505;0.149179;0.976325 0.0841345 0.199275 -0.00156702 -0.122756 0.974044 0.190182 0.287676 -0.178102 -0.210142 0.961312 0.885594 0 0 0 1 
1807261650002;0.611698;0.206713;0.99998 0.00626354 -0.000804175 0.115537 -0.00628305 0.999612 -0.0271208 -0.657098 0.000633992 0.0271253 0.999632 0.571353 0 0 0 1 
1807261650003;0.65444;0.318221;0.969794 0.237315 -0.0563961 0.231932 -0.232817 0.969528 0.0762354 0.72796 0.0727694 -0.0608027 0.995494 -0.986691 0 0 0 1 
1807261650004;0.70178;0.443613;0.941083 0.274309 0.197783 -0.0235976 -0.24934 0.957924 -0.142165 0.708647 -0.228458 0.0844734 0.969882 1.39675 0 0 0 1 
1807261650005;0.564667;0.192878;0.996252 -0.0857867 0.0110643 0.0036171 0.085766 0.996313 0.00233014 0.0879186 -0.0112234 -0.00137246 0.999936 0.772482 0 0 0 1 
1807261650006;0.456118;0.135272;0.997433 -0.026469 -0.066527 -0.227341 0.0165363 0.989199 -0.145643 0.345592 0.0696635 0.144169 0.987098 -0.675744 0 0 0 1 
1807261650007;0.0911852;0.0482286;0.997655 0.0119121 0.0673993 -0.131862 -0.0129524 0.999803 0.0150192 0.0273314 -0.0672071 -0.0158569 0.997613 0.272924 0 0 0 1 
1807261650008;0.628711;0.340742;0.957741 -0.0295534 0.286111 0.444897 -0.00548602 0.99265 0.120898 -0.219185 -0.287581 -0.117359 0.950539 0.733575 0 0 0 1 
1807261650009;0.268333;0.272645;0.988833 -0.148999 -0.00283166 0.0649646 0.149008 0.988829 0.00365333 -0.287074 0.00225569 -0.00403448 0.999989 -0.0877429 0 0 0 1 
1807261650010;0.71038;0.247965;0.949981 0.312164 0.00945747 0.0461258 -0.312218 0.949998 0.00492406 0.944024 -0.00744746 -0.00763056 0.999943 -0.868495 0 0 0 1 
1807261650011;0.818748;0.259335;0.92659 0.37607 -0.00174989 0.0378951 -0.376073 0.926586 -0.00267173 1.32181 0.000616669 0.00313369 0.999995 -0.86776 0 0 0 1 
1807261650012;0.646177;0.0548548;0.999945 -0.00685437 0.00788684 0.148899 0.00718905 0.99904 -0.0432204 -0.652061 -0.00758302 0.0432748 0.999034 -0.690534 0 0 0 1 
1807261650013;0.5425;0.107685;0.989573 0.0263742 -0.141594 0.0853689 -0.0334239 0.998305 -0.0476423 -0.0508757 0.140098 0.0518782 0.988778 -1.1881 0 0 0 1 
1807261650014;0.402811;0.155646;0.953428 0.155038 -0.258726 0.38275 -0.126313 0.984175 0.124279 0.287484 0.2739 -0.085811 0.957923 -1.36193 0 0 0 1 
1807261650015;0.62098;0.185434;0.924326 -0.326125 0.198153 0.23003 0.322556 0.945177 0.0509658 -0.713177 -0.203911 0.0168065 0.978845 1.30092 0 0 0 1 
1807261650016;0.314215;0.263716;0.996711 0.0626596 -0.0513807 -0.0987313 -0.0606494 0.997366 0.0397917 0.182891 0.0537387 -0.0365446 0.997886 0.00149924 0 0 0 1 
1807261650017;0.544853;0.278245;0.958243 0.0730409 -0.276468 0.0808464 -0.166631 0.928343 -0.332285 0.552307 0.232387 0.364478 0.901749 -1.07594 0 0 0 1 
1807261650018;0.870541;0.422046;0.924191 0.358705 0.131156 0.0118758 -0.352405 0.933281 -0.0692575 1.27767 -0.147249 0.0177871 0.98894 1.21837 0 0 0 1 
1807261650019;0.408282;0.239529;0.981015 0.193906 -0.00325477 -0.296248 -0.19392 0.981006 -0.00477015 0.337789 0.00226799 0.00531075 0.999983 0.319241 0 0 0 1 
1807261650020;0.378251;0.210909;0.966824 -0.00473473 -0.255398 0.0665241 -0.0836961 0.938764 -0.33424 0.141376 0.241341 0.344527 0.907224 -0.911129 0 0 0 1 
1807261650021;0.0584465;0.065258;0.999547 0.0214277 -0.021152 0.108759 -0.0213454 0.999764 0.00410915 -0.0410131 0.021235 -0.00365579 0.999768 -0.0359475 0 0 0 1 
1807261650022;0.492617;0.250877;0.983688 -0.0607715 -0.169308 0.152393 0.0501664 0.996542 -0.0662305 0.0962384 0.172748 0.0566565 0.983335 -1.15438 0 0 0 1 
1807261650023;0.436303;0.328563;0.962519 0.269456 0.0308445 -0.0478494 -0.27024 0.962471 0.0248765 0.782797 -0.0229838 -0.0322795 0.999215 0.176048 0 0 0 1 
1807261650024;0.611538;0.26821;0.99575 -0.0384188 0.0837023 0.00720123 0.044866 0.996055 -0.0765577 0.137265 -0.0804308 0.0799877 0.993546 -0.418453 0 0 0 1 
1807261650025;0.222007;0.131852;0.99353 -0.0851327 -0.0751642 -0.10261 0.0756087 0.989701 -0.121552 -0.237942 0.0847381 0.115082 0.989735 -0.0905363 0 0 0 1 
1807261650026;0.125003;0.0311065;0.99822 -0.00489344 -0.059444 -0.13708 -0.000961824 0.995179 -0.0980748 0.0696662 0.0596374 0.0979573 0.993402 -0.0740328 0 0 0 1 
1807261650027;0.446617;0.252717;0.933477 -0.353109 0.0627205 0.204561 0.346905 0.933391 0.0918547 -1.0411 -0.0909775 -0.0639863 0.993795 0.389141 0 0 0 1 
1807261650028;0.18577;0.23504;0.985398 0.157236 -0.065333 0.00127546 -0.159297 0.986845 -0.0276026 0.157079 0.0601334 0.0376069 0.997482 -0.204898 0 0 0 1 
1807261650029;0.503137;0.34081;0.991686 0.0487151 -0.119107 0.0836063 -0.0733877 0.974403 -0.212493 0.414069 0.105706 0.219468 0.969876 -0.249717 0 0 0 1 
1807261650031;0.869936;0.781776;0.999943 0.00558602 -0.0090886 0.070685 -0.00325028 0.970971 0.239175 -0.103897 0.0101608 -0.239131 0.970934 -0.948324 0 0 0 1 
1807261650032;0.361529;0.259635;0.975422 -0.0110018 -0.22007 0.0176092 -0.0288293 0.983795 -0.176963 0.109014 0.218451 0.178958 0.959298 0.285461 0 0 0 1 
1807261650033;0.495733;0.475422;0.998842 0.0165912 0.0451683 0.0336739 -0.0164935 0.999861 -0.0025356 0.029451 -0.0452041 0.00178768 0.998976 0.0343945 0 0 0 1 
1807261650034;1.09057;0.867525;0.992658 0.115288 -0.0365794 0.545358 -0.117246 0.991473 -0.0568661 0.552883 0.0297115 0.0607374 0.997711 0.713695 0 0 0 1 
1807261650035;0.885672;0.86871;0.990531 0.0593132 -0.123815 0.199594 -0.0406367 0.988114 0.148255 0.208508 0.131137 -0.14182 0.981168 -0.0915715 0 0 0 1 
1807261650036;0.893017;0.238953;0.988163 0.0245533 0.151429 0.117825 -0.0379106 0.995577 0.0859624 0.186777 -0.148649 -0.0906857 0.984723 0.710034 0 0 0 1 
1807261650037;0.513994;0.349901;0.999937 -0.00101385 0.011188 0.0846898 9.2157e-05 0.996626 0.0820771 0.0889074 -0.0112334 -0.0820709 0.996563 -0.50763 0 0 0 1 
1807261650038;0.984234;0.367999;0.920572 0.0115559 0.390401 -0.215426 0.00469313 0.999163 -0.0406417 0.300167 -0.390544 0.0392458 0.919747 -0.244245 0 0 0 1 
1807261650039;0.787771;0.213172;0.986734 0.0606379 0.150598 0.132276 -0.0400333 0.989863 -0.136263 0.245701 -0.157335 0.128426 0.979159 -0.15155 0 0 0 1 
1807261650040;0.449489;0.0953166;0.97227 0.000764112 0.23386 -0.0034856 -0.00926773 0.999335 0.0352653 0.0639167 -0.233677 -0.0364548 0.971631 0.538081 0 0 0 1 
1807261650041;0.636202;0.221859;0.999847 0.0164964 -0.00577272 0.209764 -0.0164617 0.999846 0.00600955 0.343693 0.00587097 -0.00591361 0.999965 -0.337671 0 0 0 1 
1807261650042;0.394001;0.34147;0.999861 0.0137745 -0.00937966 -3.37414e-05 -0.013867 0.999855 -0.00986934 0.0854542 0.00924236 0.00999804 0.999907 0.070296 0 0 0 1 
1807261650043;0.493104;0.224887;0.967285 0.0715185 0.243403 0.224967 -0.072784 0.99734 -0.00380229 0.301499 -0.243027 -0.0140379 0.969918 0.267288 0 0 0 1 
1807261650044;0.603128;0.446584;0.999501 0.0229296 -0.0217221 0.00353554 -0.022633 0.999649 0.0138057 0.144059 0.0220311 -0.0133072 0.999669 -0.449391 0 0 0 1 
1807261650045;0.822026;0.307879;0.993992 -0.0259918 -0.106321 0.0201484 0.0652985 0.920408 0.385467 -0.393956 0.0878395 -0.390093 0.916576 -1.85648 0 0 0 1 
1807261650046;0.726796;0.886994;0.998524 -0.0490462 -0.0233143 -0.163632 0.0457294 0.990958 -0.126138 0.467991 0.0292901 0.124886 0.991739 0.800283 0 0 0 1 
1807261650047;0.841796;0.424305;0.998218 -0.00715252 -0.0592453 0.000712446 0.00639072 0.999895 -0.0130379 0.0682046 0.0593323 0.0126361 0.998158 0.635179 0 0 0 1 
1807261650048;0.923373;0.0623588;0.984363 0.0131191 0.175662 0.0951077 -0.0482911 0.979115 0.197487 0.189779 -0.169403 -0.202881 0.964439 0.415668 0 0 0 1 
1807261650049;0.894299;0.766429;0.967642 0.00087313 0.252324 0.0452434 -0.0262296 0.994924 0.0971456 0.105656 -0.250958 -0.100621 0.962754 0.509581 0 0 0 1 
1807261650050;0.776112;0.922661;0.98837 0.0526983 0.142644 0.00847574 -0.0132544 0.964317 -0.264417 0.916588 -0.151489 0.259451 0.953801 1.25932 0 0 0 1 
1807261650051;0.472646;0.767327;0.983937 0.0727547 0.16302 0.241673 -0.0730832 0.997318 -0.00398888 0.697009 -0.162873 -0.00798923 0.986615 0.501469 0 0 0 1 
1807261650052;0.367213;0.300171;0.999217 0.0047904 0.0392763 0.0229288 -0.012687 0.979022 0.203359 -0.0173503 -0.0374782 -0.203698 0.978316 -0.426512 0 0 0 1 
1807261650053;0.543637;0.237239;0.911469 -0.0528809 -0.407956 0.00261418 -0.0459993 0.972382 -0.228817 0.203191 0.408789 0.227326 0.883863 0.286735 0 0 0 1 
1807261650054;0.296591;0.887305;0.980146 0.138496 -0.141893 0.392322 -0.16055 0.974291 -0.158051 0.947745 0.116355 0.177694 0.977183 0.22084 0 0 0 1 
1807261650055;0.546573;0.921804;0.969461 0.0865835 -0.229452 0.119986 -0.00326128 0.940073 0.340956 0.671832 0.245223 -0.329796 0.911647 -0.883897 0 0 0 1 
1807261650056;0.638977;0.230537;0.999301 0.00260857 -0.037297 -0.138094 -0.00412851 0.999162 -0.0407335 0.264526 0.0371594 0.040859 0.998474 0.371675 0 0 0 1 
1807261650057;0.733154;1.08221;0.998696 0.0420883 -0.0289101 -0.0509275 -0.0469336 0.979661 -0.195094 1.16702 0.0201109 0.196196 0.980358 0.48708 0 0 0 1 
1807261650058;1.00454;0.774593;0.973888 0.0672743 -0.216831 0.440569 -0.0562381 0.996807 0.0566797 0.481571 0.219952 -0.0430055 0.974562 -0.0447911 0 0 0 1 
1807261650059;0.328863;0.222442;0.959942 -0.0795582 0.268666 -0.194795 -0.0361313 0.915691 0.400255 -0.107184 -0.277859 -0.393929 0.876136 -0.712473 0 0 0 1 
1807261650060;0.479524;0.404388;0.999938 0.0109639 -0.0018417 0.0197506 -0.0110188 0.999393 -0.0330475 0.0322232 0.00147825 0.0330658 0.999452 -0.0910073 0 0 0 1 
1807261650062;0.610394;0.119323;0.995531 0.0891837 -0.0310612 0.365149 -0.0901808 0.9954 -0.0323308 0.24253 0.0280349 0.0349874 0.998994 -0.645825 0 0 0 1 
1807261650063;0.0702684;0.126745;0.999447 0.00437366 0.0329749 -0.0676896 -0.00345598 0.999607 -0.0278356 0.147734 -0.0330837 0.0277062 0.999068 0.0652152 0 0 0 1 
1807261650064;0.431381;0.179801;0.974849 -0.107812 -0.195052 -0.355653 0.0949649 0.99272 -0.0740853 -0.0686771 0.20162 0.0536989 0.977991 -0.336868 0 0 0 1 
1807261650065;0.67345;0.170383;0.98336 0.024713 -0.17998 0.0252569 0.0586414 0.894492 0.443222 0.229634 0.171944 -0.446401 0.878158 -1.91414 0 0 0 1 
1807261650066;0.179936;0.147503;0.989485 -0.144355 -0.00904634 -0.660754 0.144192 0.98941 -0.0166415 0.0894091 0.0113528 0.0151621 0.999821 0.0780467 0 0 0 1 
1807261650067;0.697139;0.312978;0.943464 -0.327016 -0.0541905 -1.21233 0.330196 0.941528 0.0670512 -0.137409 0.0290951 -0.0811538 0.996277 -1.01142 0 0 0 1 
1807261650068;0.609754;0.545736;0.969897 -0.241285 -0.0328994 -0.982974 0.241026 0.970448 -0.0116726 0.387874 0.0347435 0.00339158 0.999391 0.113717 0 0 0 1 
1807261650069;0.14606;0.172259;0.996941 -0.0679005 -0.0387042 -0.362872 0.0676572 0.99768 -0.00756389 0.17498 0.039128 0.00492214 0.999222 -0.0233398 0 0 0 1 
1807261650070;0.531087;0.122264;0.982472 0.0677276 -0.17367 0.370213 -0.00129196 0.934113 0.356976 0.0264206 0.186404 -0.350494 0.917827 -1.90767 0 0 0 1 
1807261650071;0.140553;0.109596;0.992976 -0.0102468 -0.117869 -0.0554758 0.00237156 0.997766 -0.0667606 0.257896 0.11829 0.0660121 0.990782 0.126615 0 0 0 1 
1807261650072;0.380476;0.333436;0.996862 0.000461063 -0.0791592 0.0719499 -0.00465855 0.998592 -0.0528494 0.0373473 0.0790234 0.0530523 0.99546 -0.0268489 0 0 0 1 
1807261650073;0.531138;0.242368;0.981324 -0.146619 0.124526 -0.47681 0.0968266 0.935847 0.338844 -0.253839 -0.166218 -0.320458 0.932565 -0.763452 0 0 0 1 
1807261650074;0.56209;0.142172;0.947794 0.19202 0.254587 0.731812 -0.180969 0.981247 -0.0663741 0.773898 -0.262558 0.0168368 0.964769 0.402332 0 0 0 1 
1807261650075;0.57785;0.135662;0.999258 -0.0385219 -0.000660509 -0.178358 0.0385249 0.999243 0.00543614 0.694702 0.000450599 -0.00545755 0.999985 -0.488583 0 0 0 1 
1807261650076;0.523862;0.253267;0.984499 -0.153244 -0.0853172 -0.696953 0.136919 0.975499 -0.172206 0.483127 0.109616 0.157855 0.981359 1.01993 0 0 0 1 
1807261650077;0.611234;0.498084;0.999156 -6.9145e-05 0.0410658 0.034227 0.00908412 0.975597 -0.21938 -0.205341 -0.0400485 0.219568 0.974775 0.501638 0 0 0 1 
1807261650078;0.330727;0.134596;0.95052 0.0583436 -0.305134 0.374389 -0.0429033 0.997448 0.0570706 0.20661 0.307685 -0.0411555 0.950598 0.0409929 0 0 0 1 
1807261650079;0.421945;0.299619;0.914872 -0.136853 -0.379844 -0.484927 0.08948 0.986132 -0.139773 -0.087565 0.393704 0.0938863 0.91443 0.555698 0 0 0 1 
1807261650080;0.560936;0.281882;0.987703 0.0619287 -0.143556 0.442637 -0.110639 0.925619 -0.361924 0.24264 0.110465 0.373356 0.921088 1.23417 0 0 0 1 
1807261650081;0.503671;0.122921;0.982889 0.105905 0.150713 0.353762 -0.129116 0.979654 0.153648 0.0851487 -0.131374 -0.170478 0.976564 -1.27077 0 0 0 1 
1807261650082;0.722741;0.368857;0.999826 0.0183402 0.003458 0.227986 -0.0180699 0.997625 -0.0664696 -0.0255339 -0.00466885 0.0663955 0.997782 -0.547546 0 0 0 1 
1807261650083;0.552134;0.207046;0.997255 -0.0678749 -0.029572 -0.122098 0.0658787 0.995778 -0.0639245 -0.391446 0.033786 0.0618009 0.997516 -0.0352412 0 0 0 1 
1807261650084;0.867721;0.159623;0.929245 0.357604 -0.0928641 2.22641 -0.33375 0.920283 0.204179 0.36078 0.158477 -0.158739 0.974519 -0.990852 0 0 0 1 
1807261650085;0.404997;0.130429;0.978235 -0.15846 -0.133968 -0.647775 0.0958453 0.917679 -0.385589 -0.0883634 0.18404 0.364356 0.912893 1.01039 0 0 0 1 
1807261650086;0.258185;0.163607;0.997797 -0.0648771 0.0138318 -0.220835 0.065874 0.993626 -0.0914789 0.176384 -0.00780872 0.0921886 0.995711 0.581545 0 0 0 1 
1807261650087;0.211815;0.130328;0.99379 0.106617 0.0318509 0.441914 -0.104102 0.991937 -0.0722772 0.148747 -0.0393001 0.0685126 0.996876 0.290017 0 0 0 1 
1807261650088;0.669831;0.310024;0.96797 -0.249048 -0.0317565 -1.00055 0.22733 0.923108 -0.310149 0.262363 0.106557 0.292996 0.950157 0.540666 0 0 0 1 
1807261650089;0.143654;0.138463;0.992985 0.043009 0.110142 0.0986059 -0.0483908 0.997738 0.0466634 0.0397936 -0.107886 -0.0516659 0.99282 -0.0812172 0 0 0 1 
1807261650090;0.732491;0.405562;0.996405 0.0511747 -0.0675125 0.114031 -0.0588593 0.991358 -0.117242 0.79799 0.0609292 0.120794 0.990806 0.531701 0 0 0 1 
1807261650091;0.403612;0.119209;0.987987 0.135116 -0.0750075 0.621531 -0.107592 0.949803 0.293767 0.00288934 0.110935 -0.282168 0.95293 -0.816591 0 0 0 1 
1807261650093;1.16071;0.303833;0.90064 0.309982 0.304563 -0.34925 -0.302539 0.950366 -0.072619 0.203243 -0.311957 -0.0267387 0.94972 -0.276278 0 0 0 1 
1807261650094;0.696816;0.503121;0.983149 0.174451 0.0546386 -0.0935168 -0.172147 0.98407 -0.0444005 -0.084362 -0.0615139 0.0342464 0.997519 -0.0760017 0 0 0 1 
1807261650095;0.832378;0.25062;0.928223 0.130991 0.3482 0.378965 -0.138698 0.990331 -0.00281975 0.275933 -0.345203 -0.0456775 0.937416 -0.0509938 0 0 0 1 
1807261650096;1.24922;0.299315;0.969033 0.233277 0.0809691 0.0513493 -0.178415 0.888139 -0.423529 -0.409065 -0.170711 0.395968 0.902257 0.706272 0 0 0 1 
1807261650097;1.57732;0.241026;0.952806 0.165742 0.254342 0.319655 -0.214244 0.96069 0.17656 0.135487 -0.215081 -0.222719 0.950861 0.924973 0 0 0 1 
1807261650098;0.431654;0.317912;0.941065 -0.298362 0.159303 -0.00952912 0.308228 0.95044 -0.0407221 -0.228811 -0.139258 0.0874238 0.986389 0.298171 0 0 0 1 
1807261650099;1.43162;0.392747;0.977446 -0.201229 0.0640783 0.667378 0.211165 0.935471 -0.283379 0.358882 -0.00291917 0.290519 0.956865 0.587279 0 0 0 1 
1807261650100;0.198846;0.139921;0.995843 -0.0345636 -0.0842705 0.129695 0.0430119 0.993998 0.100591 -0.136073 0.0802879 -0.103798 0.991353 -0.083993 0 0 0 1 
1807261650101;0.403364;0.224517;0.992977 -0.0874494 0.0796857 0.130014 0.0910573 0.994925 -0.042821 -0.13411 -0.0755366 0.0497762 0.9959 -0.179957 0 0 0 1 
1807261650102;0.400187;0.265629;0.993222 -0.0611384 0.0988578 -0.150383 0.0641239 0.997568 -0.0273066 -0.155757 -0.0969479 0.0334607 0.994727 0.0168485 0 0 0 1 
1807261650103;1.02195;0.266588;0.955819 0.250923 0.153127 -0.00535214 -0.268637 0.957118 0.108441 -0.208505 -0.119351 -0.144786 0.982238 0.551862 0 0 0 1 
1807261650104;1.18672;0.123818;0.995004 0.0086411 -0.0994633 -0.0323793 0.000384035 0.995909 0.0903637 -0.47108 0.0998372 -0.0899504 0.99093 -0.681338 0 0 0 1 
1807261650105;1.18857;0.363392;0.989148 0.0436736 0.140278 -0.433788 -0.0480522 0.998453 0.0279786 -0.491326 -0.138839 -0.0344157 0.989717 0.156512 0 0 0 1 
1807261650106;0.708535;0.272816;0.997822 -0.0303249 0.0585741 -0.216737 0.0305682 0.999527 -0.00326149 -0.283908 -0.0584476 0.00504489 0.998278 0.232277 0 0 0 1 
1807261650107;0.503291;0.171026;0.997442 0.0202334 -0.0685632 0.0776393 -0.0164915 0.998366 0.0547085 -0.0805988 0.0695582 -0.0534378 0.996146 0.236392 0 0 0 1 
1807261650108;1.52224;0.318566;0.946367 -0.221928 0.234813 0.104071 0.248789 0.964238 -0.0913705 0.6351 -0.206138 0.144889 0.967737 -0.314992 0 0 0 1 
1807261650109;0.339127;0.0993714;0.956909 -0.106153 0.270291 -0.074359 0.0942957 0.993938 0.0565219 -0.00059059 -0.274652 -0.028599 0.961118 0.191268 0 0 0 1 
1807261650110;0.998065;0.106558;0.968124 -0.228221 0.103208 0.0847704 0.216213 0.969475 0.115626 -0.123326 -0.126446 -0.0896253 0.987916 -0.53737 0 0 0 1 
1807261650111;0.873902;0.279949;0.965288 0.126513 0.228505 0.191018 -0.14197 0.98848 0.0524582 -0.430652 -0.219236 -0.0830781 0.972128 0.413279 0 0 0 1 
1807261650112;0.213542;0.120369;0.994756 -0.0217906 -0.0999254 0.111376 0.0298801 0.996332 0.0801867 -0.093217 0.0978115 -0.082752 0.991759 -0.159071 0 0 0 1 
1807261650113;1.08553;0.432974;0.966385 -0.224865 0.124644 -0.151336 0.245235 0.951793 -0.184256 -0.701053 -0.077203 0.208629 0.974943 -0.132488 0 0 0 1 
1807261650114;0.757919;0.429523;0.949162 0.310801 0.049941 0.321641 -0.292404 0.929259 -0.225783 -0.00681914 -0.116582 0.199702 0.972897 0.540367 0 0 0 1 
1807261650115;1.40826;0.253002;0.968129 0.250452 3.84336e-05 -0.473417 -0.250243 0.967315 0.0409904 0.426671 0.0102289 -0.0396936 0.99916 0.242428 0 0 0 1 
1807261650116;0.547781;0.15036;0.987027 0.158993 0.0223527 0.0692656 -0.160453 0.981788 0.101719 -0.10659 -0.00577311 -0.103986 0.994562 0.266341 0 0 0 1 
1807261650117;1.14474;0.167791;0.950986 0.291041 -0.104502 -0.174206 -0.265101 0.941287 0.209047 0.425825 0.159207 -0.171098 0.972306 -0.409955 0 0 0 1 
1807261650118;1.22447;0.327257;0.941377 0.248111 -0.228583 -0.0639551 -0.295749 0.932932 -0.205355 0.0950278 0.162301 0.260919 0.951619 -0.547104 0 0 0 1 
1807261650119;1.49971;0.227946;0.988626 0.107455 -0.105221 0.157067 -0.117383 0.988704 -0.0931988 0.609705 0.0940177 0.10449 0.990072 -0.736635 0 0 0 1 
1807261650120;0.30517;0.457457;0.931483 0.184683 0.313418 0.230979 -0.211798 0.975794 0.0544784 0.0326162 -0.295771 -0.117127 0.948051 0.159729 0 0 0 1 
1807261650121;1.42718;0.162823;0.939295 0.297204 0.171451 0.447399 -0.327851 0.9248 0.193025 -0.763727 -0.10119 -0.237518 0.966098 0.262717 0 0 0 1 
1807261650122;1.45607;0.328122;0.952017 -0.212693 0.220059 -0.121699 0.248768 0.956623 -0.151616 -0.410004 -0.178266 0.199084 0.963632 -0.668199 0 0 0 1 
1807261650124;1.36594;3.43251;0.33649 0.93749 0.0888041 -0.895591 -0.545104 0.117015 0.830162 -0.12767 0.767877 -0.327749 0.550405 0.894642 0 0 0 1 
1807261650125;0.804333;6.10509;-0.0418604 -0.841364 0.538845 2.89344 0.831328 0.269823 0.485889 -0.176178 -0.554203 0.468297 0.688155 0.390815 0 0 0 1 
1807261650126;0.880272;6.96716;0.114587 -0.932404 0.342771 3.35529 0.914047 0.234099 0.331234 0.138138 -0.389086 0.275354 0.879086 0.19376 0 0 0 1 
1807261650127;1.55898;10.8602;-0.328367 -0.919614 -0.215605 5.51349 0.921652 -0.361904 0.13994 1.34763 -0.206719 -0.152761 0.966401 -0.540053 0 0 0 1 
1807261650128;0.837192;6.82202;0.140327 -0.964889 0.222031 2.90686 0.984914 0.158971 0.0683639 -0.0720803 -0.10126 0.209088 0.97264 -0.364378 0 0 0 1 
1807261650129;0.284015;6.56126;0.0221212 -0.978191 0.206526 3.23988 0.994475 0.000325854 -0.104976 0.225282 0.102619 0.207707 0.972793 -0.422497 0 0 0 1 
1807261650130;0.193395;7.26085;0.486877 0.797802 0.355617 -2.44296 -0.464082 -0.10864 0.879105 -0.371681 0.739985 -0.593051 0.317351 2.33911 0 0 0 1 
1807261650131;0.6404;7.44917;0.0575057 -0.986104 0.155862 3.7046 0.998288 0.0584629 0.00156051 0.479516 -0.010651 0.155505 0.987778 -0.290187 0 0 0 1 
1807261650132;1.48669;6.83595;-0.0273007 -0.991756 0.125198 3.90974 0.987968 -0.00769651 0.154468 0.543962 -0.152231 0.127909 0.980033 -0.736528 0 0 0 1 
1807261650133;0.878362;7.1616;0.243194 -0.944991 0.218745 3.38721 0.966418 0.255363 0.028748 -0.0753345 -0.083026 0.204408 0.975358 -0.168757 0 0 0 1 
1807261650134;0.764145;7.82018;0.554953 0.666291 0.498079 -2.47392 -0.652389 -0.0229143 0.757537 0.128889 0.516154 -0.745339 0.421965 3.11293 0 0 0 1 
1807261650135;0.938287;10.6223;-0.297198 -0.931354 -0.210363 5.12148 0.927711 -0.333788 0.167146 1.46408 -0.225889 -0.14548 0.963229 0.506735 0 0 0 1 
1807261650136;0.165136;6.63437;0.238064 -0.95501 0.176865 3.19385 0.97093 0.229337 -0.0685539 0.0859112 0.0249081 0.188044 0.981845 -0.464364 0 0 0 1 
1807261650137;0.685906;6.52991;0.296702 -0.915444 0.271901 3.07571 0.953585 0.268682 -0.135959 0.122692 0.0514077 0.29962 0.952673 -0.126188 0 0 0 1 
1807261650138;1.14592;6.63496;0.342316 -0.89541 0.284711 3.1151 0.813784 0.434009 0.386512 -0.436943 -0.469654 0.0993844 0.877239 -0.304181 0 0 0 1 
1807261650139;0.608764;10.7236;-0.223317 -0.932692 -0.283222 5.52137 0.923795 -0.295224 0.243815 1.46444 -0.311018 -0.207191 0.927545 -0.000915281 0 0 0 1 
1807261650140;1.51409;6.9607;0.187827 -0.962541 0.195541 2.88833 0.978104 0.201466 0.0521881 0.617954 -0.089628 0.181457 0.979306 -0.0301054 0 0 0 1 
1807261650141;0.713806;3.11341;-0.300544 0.894141 0.331941 -0.363294 0.675448 0.445254 -0.587809 -0.765513 -0.673382 0.047547 -0.737764 1.31522 0 0 0 1 
1807261650142;1.81337;7.07283;0.0508394 -0.983839 0.171686 3.09645 0.991434 0.0290096 -0.127344 0.257502 0.120305 0.17669 0.976887 0.351283 0 0 0 1 
1807261650143;1.33398;6.47667;0.0371036 -0.959702 0.27856 3.10582 0.999305 0.0366243 -0.00692642 0.511601 -0.00355475 0.278623 0.960394 0.0135429 0 0 0 1 
1807261650144;0.523192;6.7029;0.211879 -0.965927 0.148634 3.10767 0.893282 0.253104 0.371463 0.115391 -0.396426 0.0540675 0.916473 -0.487282 0 0 0 1 
1807261650145;1.32014;6.95606;-0.0335691 -0.987341 0.155018 4.1224 0.998776 -0.027504 0.0411062 0.040095 -0.0363222 0.156208 0.987056 -0.422021 0 0 0 1 
1807261650146;0.396214;6.16583;0.342735 -0.882876 0.321034 2.82322 0.748988 0.463078 0.473894 -0.0325014 -0.567053 0.0780304 0.819977 -0.177993 0 0 0 1 
1807261650147;1.75836;10.6553;-0.302155 -0.930807 -0.20567 5.28908 0.902092 -0.348938 0.253912 0.95975 -0.308109 -0.108813 0.945108 -0.787166 0 0 0 1 
1807261650148;1.81564;6.51709;0.250399 -0.936077 0.247102 3.34711 0.968128 0.240694 -0.0692436 -0.653254 0.0053415 0.256565 0.966512 0.0718396 0 0 0 1 
1807261650149;1.27562;7.11397;-0.0480934 -0.986938 0.153755 3.61906 0.99884 -0.0478872 0.00504651 0.0268533 0.00238231 0.15382 0.988096 -1.14325 0 0 0 1 
1807261650150;1.69552;7.12217;0.0315599 -0.955072 0.294688 3.8152 0.997 0.0509299 0.0582873 0.168801 -0.070677 0.291964 0.953814 0.361217 0 0 0 1 
1807261650151;1.06641;6.66225;0.00978011 -0.987812 0.155347 3.27974 0.990943 0.030381 0.130799 -0.0672148 -0.133924 0.152661 0.979162 -0.960135 0 0 0 1 
1807261650152;1.1455;6.94552;0.0727055 -0.982118 0.173661 3.73556 0.997043 0.0672317 -0.0372046 -0.122177 0.0248637 0.175853 0.984102 -0.136582 0 0 0 1 
1807261650153;0.956413;6.56001;0.161276 -0.958878 0.233544 3.56739 0.981633 0.180294 0.0623686 -0.162465 -0.10191 0.219196 0.970344 -0.326421 0 0 0 1 
1807261650155;0.606131;0.382992;0.997368 -0.028722 -0.0665774 0.10597 0.0308319 0.999047 0.0308825 0.0892995 0.0656269 -0.032854 0.997303 -0.528721 0 0 0 1 
1807261650156;0.187806;0.0622092;0.998645 -0.0520434 9.05859e-05 -0.222424 0.0520435 0.998641 -0.00278777 -0.0932127 5.46221e-05 0.0027887 0.999996 0.221761 0 0 0 1 
1807261650157;0.551788;0.351579;0.994968 -0.0955213 0.0302512 -0.443651 0.0992148 0.981409 -0.164293 -0.113569 -0.0139953 0.166467 0.985948 0.942105 0 0 0 1 
1807261650158;0.699792;0.38379;0.988629 -0.138282 -0.0590896 -0.781551 0.141039 0.988965 0.0453404 -0.0769049 0.0521678 -0.0531588 0.997222 -0.581474 0 0 0 1 
1807261650159;0.309546;0.113139;0.992155 0.0888193 -0.0879695 0.368919 -0.106106 0.970406 -0.216921 -0.0821427 0.0660993 0.224553 0.972217 1.05907 0 0 0 1 
1807261650160;0.485518;0.335706;0.995946 -0.080415 -0.0403129 -0.411847 0.0868595 0.97624 0.198523 -0.145457 0.0233909 -0.20122 0.979267 -0.790209 0 0 0 1 
1807261650161;0.330335;0.0902289;0.997915 -0.0632792 0.0127031 -0.343223 0.0629599 0.91111 -0.407326 -0.353639 0.0142013 0.407276 0.913195 1.35627 0 0 0 1 
1807261650162;0.550603;0.299746;0.948119 0.317912 0.00122073 1.07752 -0.317897 0.948021 0.0140779 0.127864 0.00331826 -0.0137356 0.9999 -0.0758763 0 0 0 1 
1807261650163;0.739956;0.272322;0.985089 0.136492 0.104735 0.628018 -0.129556 0.989068 -0.0704216 -0.832498 -0.113202 0.0558024 0.992004 0.63113 0 0 0 1 
1807261650164;0.228506;0.0834223;0.957953 0.109708 0.265123 0.389758 -0.116154 0.993193 0.00870801 -0.0967917 -0.262363 -0.039137 0.964175 -0.200862 0 0 0 1 
1807261650165;0.0638727;0.068173;0.999914 0.00460877 0.0123121 0.066217 -0.00435255 0.999775 -0.0207568 -0.0548213 -0.012405 0.0207014 0.999709 0.15918 0 0 0 1 
1807261650166;0.691573;0.358568;0.995814 -0.0875915 -0.0261134 -0.488007 0.0892245 0.99356 0.0698321 -0.391535 0.0198286 -0.0718698 0.997217 0.0356902 0 0 0 1 
1807261650167;0.645574;0.345774;0.951263 0.0163989 0.307943 0.131081 -0.0734639 0.981887 0.174648 0.326884 -0.299501 -0.188759 0.935237 -0.904205 0 0 0 1 
1807261650168;0.448255;0.195285;0.969778 0.243251 -0.0189642 0.992852 -0.233689 0.903686 -0.358804 -0.327031 -0.0701416 0.352392 0.93322 1.39493 0 0 0 1 
1807261650169;0.539907;0.239422;0.973398 0.224194 -0.0472478 0.67888 -0.215925 0.966597 0.138083 -0.541898 0.076627 -0.124208 0.989293 -0.864615 0 0 0 1 
1807261650170;0.652735;0.3434;0.954989 0.0996102 0.279416 0.473754 -0.102524 0.994722 -0.00420521 0.134799 -0.27836 -0.0246309 0.960161 0.522386 0 0 0 1 
1807261650171;0.437786;0.257705;0.948566 0.195475 0.249021 0.719615 -0.244453 0.95208 0.183811 0.0511922 -0.201158 -0.235231 0.950895 -0.529932 0 0 0 1 
1807261650172;0.513271;0.324426;0.983623 0.115647 -0.138247 0.0859176 -0.11405 0.993285 0.019445 -0.630759 0.139568 -0.00335939 0.990207 0.0638001 0 0 0 1 
1807261650173;0.421662;0.086068;0.92457 -0.131682 -0.357534 -0.447703 0.126123 0.99125 -0.038933 0.159967 0.359532 -0.00909703 0.933088 -0.369072 0 0 0 1 
1807261650174;0.342158;0.114505;0.995831 0.0777144 -0.0477711 0.322156 -0.0901447 0.918614 -0.384735 -0.168484 0.0139837 0.387438 0.92179 1.29836 0 0 0 1 
1807261650175;0.695425;0.378949;0.99949 -0.0309236 0.00796124 0.0653936 0.0306636 0.999051 0.0309367 0.72168 -0.00891036 -0.0306768 0.99949 -0.310622 0 0 0 1 
1807261650176;0.628882;0.165892;0.947365 0.319995 0.0101578 1.31329 -0.317469 0.943042 -0.0994221 -0.163688 -0.0413938 0.0909642 0.994994 -0.187043 0 0 0 1 
1807261650177;0.385778;0.0629671;0.999282 -0.0363525 -0.0106609 -0.169556 0.0363177 0.999334 -0.00344613 0.0310672 0.010779 0.00305647 0.999937 0.465446 0 0 0 1 
1807261650178;0.865032;0.338728;0.988749 -0.0856049 0.122665 -0.355896 0.0945647 0.993112 -0.069176 -0.180688 -0.115898 0.0799975 0.990034 1.19495 0 0 0 1 
1807261650179;0.799283;0.0461576;0.90526 -0.225612 -0.360006 -1.24819 0.217067 0.974018 -0.064576 -0.223847 0.365222 -0.0196875 0.930712 0.560229 0 0 0 1 
1807261650180;0.951142;0.259091;0.940014 0.299304 0.163677 1.25935 -0.250616 0.931421 -0.263906 0.053521 -0.231441 0.207055 0.95056 1.79121 0 0 0 1 
1807261650181;0.58947;0.138668;0.990618 -0.133983 0.0269111 -0.715589 0.133224 0.990684 0.028237 -0.66503 -0.0304436 -0.0243869 0.999239 0.0889752 0 0 0 1 
1807261650182;0.51362;0.276906;0.992383 0.0232626 -0.120976 0.0183075 -0.0299566 0.998102 -0.0538118 0.261199 0.119495 0.0570259 0.991196 -0.15394 0 0 0 1 
1807261650183;0.518467;0.305097;0.97443 0.0500132 -0.219055 0.337112 -0.0734965 0.992229 -0.100397 0.180142 0.212332 0.11393 0.970533 0.432268 0 0 0 1 
1807261650184;0.540083;0.0705918;0.974698 -0.222932 0.0162591 -0.874833 0.222204 0.974268 0.037793 -0.693213 -0.024266 -0.033224 0.999153 -0.419079 0 0 0 1 
1807261650186;0.453969;0.211138;0.997221 -0.06816 -0.0300821 0.117031 0.070559 0.993653 0.0876086 0.106754 0.0239198 -0.0894877 0.995701 0.0429483 0 0 0 1 
1807261650187;0.217396;0.0730418;0.996951 0.043627 -0.0646983 -0.0223518 -0.0423754 0.998889 0.0205935 0.164061 0.0655249 -0.0177891 0.997692 -0.456561 0 0 0 1 
1807261650188;0.833964;0.181117;0.982933 0.0172091 0.183159 -0.0892254 -0.0608247 0.970023 0.235278 0.375766 -0.173619 -0.242403 0.954514 1.29528 0 0 0 1 
1807261650189;0.543168;0.117039;0.862587 0.377941 -0.33631 0.195229 -0.365054 0.925222 0.103444 0.517981 0.350257 0.0335419 0.936053 -1.14522 0 0 0 1 
1807261650190;0.468639;0.162648;0.916755 -0.273847 0.290805 -0.0748245 0.297733 0.953793 -0.0404205 -0.939549 -0.266298 0.123638 0.955928 1.06549 0 0 0 1 
1807261650191;0.203867;0.0847531;0.991403 0.0688984 0.111233 -0.18509 -0.0616058 0.9958 -0.0677215 0.0435143 -0.115432 0.0602867 0.991484 0.467903 0 0 0 1 
1807261650192;0.50492;0.244045;0.98683 0.157727 0.0359069 0.412855 -0.150506 0.976612 -0.153549 0.196026 -0.0592859 0.146123 0.987488 0.0453307 0 0 0 1 
1807261650193;0.791638;0.164122;0.976884 -0.212686 -0.0214852 -0.0423 0.212838 0.977075 0.00502047 -0.529267 0.0199248 -0.00947728 0.999757 -0.995443 0 0 0 1 
1807261650194;0.736741;0.242201;0.972501 0.228524 -0.0449189 0.290084 -0.23288 0.956516 -0.175626 0.209942 0.00283083 0.181258 0.983432 -0.668679 0 0 0 1 
1807261650195;0.187863;0.164946;0.973074 0.0234564 -0.229295 0.0183838 -0.00295691 0.995997 0.08934 -0.0293211 0.230473 -0.0862565 0.969248 -0.668702 0 0 0 1 
1807261650196;0.587609;0.206466;0.990847 0.130763 -0.03353 -0.240988 -0.134255 0.980483 -0.143627 -0.076337 0.0140945 0.146814 0.989064 0.701086 0 0 0 1 
1807261650197;0.541762;0.103735;0.955978 0.293364 -0.00658604 -0.346026 -0.293 0.955538 0.0331335 1.00311 0.0160134 -0.0297452 0.999429 -0.226606 0 0 0 1 
1807261650198;0.789459;0.24414;0.994195 0.0402061 -0.0997947 0.430845 -0.0511712 0.992628 -0.10987 0.036204 0.0946415 0.114339 0.988923 -0.938873 0 0 0 1 
1807261650199;0.344499;0.154573;0.990116 -0.0865759 -0.110336 0.0375856 0.075224 0.991812 -0.103198 -0.0527938 0.118367 0.0938783 0.988522 -0.51542 0 0 0 1 
1807261650200;0.665434;0.200682;0.996174 0.0873956 -0.000214891 0.174636 -0.0873733 0.995969 0.0203002 -0.517051 0.00198818 -0.0202038 0.999794 -0.0270122 0 0 0 1 
1807261650201;0.637949;0.141739;0.996769 0.0791476 -0.0136918 -0.560516 -0.0792154 0.996847 -0.00448279 -0.0847946 0.0132939 0.00555291 0.999896 -0.296385 0 0 0 1 
1807261650202;0.360138;0.0970837;0.99534 0.0961618 -0.00710946 -0.3214 -0.0963309 0.994914 -0.0294277 0.18106 0.00424348 0.0299754 0.999542 -0.369108 0 0 0 1 
1807261650203;0.394841;0.148334;0.896364 -0.148183 -0.41782 0.200075 0.19104 0.979595 0.0624237 -0.607929 0.400044 -0.135775 0.906383 -1.15454 0 0 0 1 
1807261650204;0.612524;0.140394;0.99814 -0.060734 -0.00526887 -0.129069 0.0608726 0.997627 0.0321805 -0.320582 0.00330192 -0.0324413 0.999468 0.748895 0 0 0 1 
1807261650205;0.404722;0.242235;0.869649 0.252115 -0.424439 0.209382 -0.304593 0.950627 -0.0594241 0.812179 0.388501 0.180959 0.903505 -0.959703 0 0 0 1 
1807261650206;0.626556;0.147789;0.959572 -0.279218 -0.035492 -0.561397 0.273668 0.955017 -0.114227 -1.00674 0.0657897 0.0998957 0.992821 0.454128 0 0 0 1 
1807261650207;0.542445;0.189661;0.9998 0.0105047 0.0170182 -0.243238 -0.0104589 0.999941 -0.00277781 -0.194517 -0.0170463 0.00259926 0.999851 0.714007 0 0 0 1 
1807261650208;0.417306;0.18685;0.94758 -0.0496629 -0.315634 -0.167943 0.00688184 0.99079 -0.135234 0.0334014 0.319443 0.125973 0.939195 -1.11198 0 0 0 1 
1807261650209;0.115948;0.144876;0.997441 -0.0221502 -0.0679712 -0.183589 0.0177044 0.997707 -0.0653261 0.0364287 0.0692623 0.0639555 0.995546 -0.160427 0 0 0 1 
1807261650210;0.290494;0.229645;0.969321 0.244857 0.0214907 -0.0575467 -0.234431 0.947236 -0.218599 0.738654 -0.0738821 0.206854 0.975578 0.311947 0 0 0 1 
1807261650211;0.634223;0.263713;0.974166 0.170511 -0.148075 0.630326 -0.191673 0.971006 -0.142859 0.53067 0.119423 0.16755 0.978604 -0.335079 0 0 0 1 
1807261650212;0.518398;0.11163;0.924785 0.264491 -0.273529 0.0563681 -0.236016 0.962624 0.13286 0.746931 0.298446 -0.0583096 0.952644 -1.2458 0 0 0 1 
1807261650213;0.562773;0.279127;0.991391 -0.130773 0.00655483 0.120909 0.12444 0.95659 0.263536 -0.0989263 -0.0407336 -0.260452 0.964627 -0.145443 0 0 0 1 
1807261650214;0.522212;0.14037;0.91988 -0.389328 -0.0473786 -0.0729223 0.391584 0.904936 0.16659 -1.38967 -0.0219837 -0.171796 0.984887 0.0508295 0 0 0 1 
1807261650215;0.876402;0.143668;0.907698 -0.361791 -0.212582 0.590981 0.356022 0.932129 -0.0662077 -1.52391 0.222107 -0.0155872 0.974898 -0.808956 0 0 0 1 
1807261650217;0.532131;0.467739;0.98308 -0.010494 0.182875 -0.297566 -0.0312703 0.974088 0.223997 -0.194342 -0.180487 -0.225925 0.957279 -0.778825 0 0 0 1 
1807261650218;0.499155;0.365259;0.996071 -0.031927 -0.0825977 -0.268192 0.0405271 0.993685 0.104635 -0.077202 0.0787354 -0.107571 0.991075 -0.165801 0 0 0 1 
1807261650219;0.721512;0.343968;0.990279 0.134241 -0.0364204 0.143389 -0.131964 0.989495 0.0590335 -0.591996 0.0439625 -0.0536534 0.997591 -0.598341 0 0 0 1 
1807261650220;0.121853;0.294238;0.988939 -0.112036 0.0972013 -0.442 0.108244 0.993174 0.0434604 -0.394159 -0.101407 -0.0324582 0.994315 -0.0550325 0 0 0 1 
1807261650221;0.995809;0.351926;0.995386 -0.0959019 0.00311039 -0.510683 0.0958711 0.995354 0.00886788 -0.379782 -0.00394638 -0.00852877 0.999956 -0.865769 0 0 0 1 
1807261650222;1.09618;0.707759;0.996669 -0.0813895 0.00511702 -0.396432 0.0810726 0.995661 0.045685 -0.698201 -0.0088131 -0.0451179 0.998943 -0.990591 0 0 0 1 
1807261650223;0.826304;0.56437;0.991758 -0.127739 0.00994225 -0.561645 0.126998 0.990339 0.0556805 -0.631633 -0.0169588 -0.0539589 0.998399 -0.418372 0 0 0 1 
1807261650224;0.375842;0.233735;0.980523 -0.162701 -0.110016 -0.577115 0.185744 0.950209 0.250204 -0.75042 0.0638301 -0.265766 0.961922 -1.03826 0 0 0 1 
1807261650225;0.55112;1.07598;0.996766 0.0675772 -0.0434889 -0.465286 -0.072299 0.990356 -0.118185 -0.87805 0.0350829 0.120947 0.992039 0.53613 0 0 0 1 
1807261650226;0.761509;0.874366;0.987679 -0.15577 -0.0150082 -0.738833 0.155486 0.987664 -0.0185592 -0.454805 0.017714 0.015997 0.999715 0.457199 0 0 0 1 
1807261650227;0.75985;0.638268;0.998875 -0.0395926 -0.0261014 -0.362902 0.0410419 0.997499 0.05755 0.0378518 0.0237575 -0.0585565 0.998001 -0.359548 0 0 0 1 
1807261650228;0.464961;0.719223;0.996246 -0.0732524 -0.0461247 -0.435807 0.0764947 0.994396 0.0729695 -0.448264 0.0405211 -0.0762239 0.996267 -0.454209 0 0 0 1 
1807261650229;0.961907;0.400347;0.976347 0.0223653 0.21505 -0.0678766 -0.0729332 0.970406 0.230201 0.103024 -0.203537 -0.240441 0.949084 0.221674 0 0 0 1 
1807261650230;1.24871;0.389561;0.96031 -0.0696611 -0.270098 -0.0903798 0.0979729 0.990855 0.0927821 -0.537623 0.261165 -0.115562 0.958352 -1.67111 0 0 0 1 
1807261650231;0.35278;0.36848;0.97941 -0.0480502 -0.196079 -0.298994 0.0150298 0.985922 -0.166532 -0.274576 0.20132 0.160156 0.966344 0.134362 0 0 0 1 
1807261650232;0.725754;0.804114;0.964677 -0.113582 -0.237691 -0.466507 0.149177 0.9792 0.137527 -0.706126 0.217126 -0.168127 0.961556 -0.75714 0 0 0 1 
1807261650233;0.807473;0.711671;0.995864 0.0104653 0.0902549 -0.101728 -0.0187436 0.995641 0.0913677 0.122086 -0.0889053 -0.0926814 0.991719 -0.254546 0 0 0 1 
1807261650234;0.330571;0.295251;0.985013 -0.169909 -0.0296812 -0.657951 0.168718 0.984898 -0.0388706 -0.521171 0.0358374 0.0332802 0.998803 0.321575 0 0 0 1 
1807261650235;0.476097;0.452257;0.997096 0.0308643 -0.0696196 -0.105425 -0.016912 0.981105 0.192736 -0.517136 0.0742528 -0.190999 0.978778 -0.233306 0 0 0 1 
1807261650236;0.451212;0.564939;0.915297 -0.0505186 -0.3996 -0.155036 0.0136723 0.995428 -0.0945283 -0.306783 0.402548 0.081058 0.911803 -0.0473267 0 0 0 1 
1807261650237;0.797582;0.352974;0.947411 0.0126097 0.319771 -0.305214 -0.0677605 0.984472 0.161938 -0.354298 -0.312764 -0.17509 0.933554 -0.685309 0 0 0 1 
1807261650238;1.08583;1.68227;0.997022 -0.0389405 -0.0665589 -0.919084 0.0386213 0.999235 -0.00607727 -1.22264 0.0667447 0.00348859 0.997764 0.821488 0 0 0 1 
1807261650239;1.02135;0.824979;0.956742 0.213052 0.198125 0.214782 -0.174898 0.965379 -0.19353 -0.198035 -0.232498 0.150506 0.960881 0.0761078 0 0 0 1 
1807261650240;0.859825;0.448586;0.994019 -0.108057 0.0157816 -0.661219 0.108206 0.994089 -0.00885715 -0.327612 -0.0147312 0.0105118 0.999836 0.763906 0 0 0 1 
1807261650241;0.991567;1.16242;0.996446 -0.00933394 0.0837209 -0.331334 -0.0163188 0.953628 0.300544 -0.409842 -0.0826439 -0.300842 0.950086 -0.625103 0 0 0 1 
1807261650242;0.558163;0.576182;0.981731 0.00550167 -0.190196 0.0428541 0.0138175 0.994881 0.1001 -0.217548 0.189773 -0.100899 0.97663 -0.800386 0 0 0 1 
1807261650243;0.371812;0.461418;0.988704 0.106805 0.10515 0.0829609 -0.142013 0.891876 0.429407 -0.430231 -0.0479183 -0.439489 0.896969 -1.13486 0 0 0 1 
1807261650244;0.711238;0.301418;0.985078 -0.171384 -0.0157861 -0.716586 0.166831 0.973383 -0.157137 -0.713902 0.0422967 0.152159 0.987451 -0.176371 0 0 0 1 
1807261650245;0.732714;0.432893;0.990952 -0.0327217 -0.13017 -0.22648 0.00363723 0.976018 -0.217658 0.0682974 0.134171 0.215215 0.967306 0.128102 0 0 0 1 
1807261650246;1.2033;0.819749;0.97792 0.143215 0.152193 0.129178 -0.151664 0.98739 0.0453758 -0.260852 -0.143775 -0.067456 0.987309 0.966449 0 0 0 1 
1807261650248;0.419559;1.01097;0.998845 -0.0451587 0.0163981 -1.23435 0.0455208 0.998712 -0.0224269 -0.578226 -0.0153642 0.0231474 0.999614 0.10252 0 0 0 1 
1807261650249;0.496114;0.826536;0.989663 0.133469 -0.0524636 -0.631778 -0.138338 0.984918 -0.103916 -0.577874 0.0378028 0.110099 0.993201 0.64866 0 0 0 1 
1807261650250;0.34812;0.988171;0.997357 0.028702 -0.0667543 -0.836283 -0.038167 0.988674 -0.145147 -0.273507 0.0618322 0.147311 0.987156 0.809345 0 0 0 1 
1807261650251;0.451728;0.900391;0.940368 0.330023 -0.082417 0.142346 -0.337004 0.936809 -0.0938988 -0.250273 0.0462202 0.116074 0.992165 0.670053 0 0 0 1 
1807261650252;0.33029;0.916672;0.900075 -0.256926 -0.351929 -2.07421 0.174415 0.952576 -0.249354 -0.301589 0.399305 0.163056 0.902202 0.842496 0 0 0 1 
1807261650253;0.249687;0.990026;0.995364 -0.0835701 0.0476093 -1.61569 0.0845051 0.996261 -0.0179738 -0.133394 -0.0459292 0.0219137 0.998704 -0.213504 0 0 0 1 
1807261650254;0.24129;0.977245;0.989285 0.135908 0.0533267 -0.803704 -0.123761 0.974435 -0.187509 -0.088085 -0.0774474 0.1789 0.980814 0.799277 0 0 0 1 
1807261650255;0.565737;0.954162;0.956437 0.110366 0.270275 -0.846585 0.00471956 0.919821 -0.392309 -0.621022 -0.291902 0.376494 0.87923 2.08816 0 0 0 1 
1807261650256;0.73595;0.866315;0.890416 0.206808 0.405451 -0.423591 -0.258788 0.962843 0.0772095 0.0564495 -0.374418 -0.173674 0.91085 -1.37572 0 0 0 1 
1807261650257;0.0754684;0.964774;0.999899 0.0139753 -0.0026311 -1.1462 -0.0139702 0.999901 0.00192299 -0.0723242 0.00265771 -0.00188603 0.999995 -0.048178 0 0 0 1 
1807261650258;0.796962;0.958361;0.996909 0.0775233 -0.0127525 -0.46833 -0.076589 0.995122 0.0621777 0.710945 0.0175105 -0.0610089 0.997984 -0.0709852 0 0 0 1 
1807261650259;0.200045;0.948424;0.99985 -0.0053306 0.0165031 -1.1402 0.00512506 0.999909 0.0124717 0.145387 -0.0165681 -0.0123853 0.999786 0.0153545 0 0 0 1 
1807261650260;0.602384;0.847113;0.967223 -0.169283 -0.189268 -1.80148 0.215826 0.940758 0.26152 -0.308488 0.133785 -0.293797 0.946459 -0.545572 0 0 0 1 
1807261650261;0.61809;0.991142;0.932833 -0.139498 -0.33221 -1.66338 0.143673 0.989551 -0.0120931 -0.173376 0.330426 -0.0364488 0.943128 0.488183 0 0 0 1 
