#;prob_registration_l1 -r ../../../../build/tester /home/point_clouds_registration_benchmark/devel/registration_pairs/pioneer_slam3_local.txt /home/point_clouds_registration_benchmark/pioneer_slam3 -s 0.1 -t 0.1 -p 0.3 -r 1000 -m 5 -i 40 
id;initial_error;final_error;transformation
39885980090000;0.518509;0.153472;0.99454 0.0171876 -0.102932 0.060382 -0.00404878 0.991956 0.126518 -0.0250535 0.104278 -0.12541 0.986609 -0.428773 0 0 0 1 
39885980090001;1.1366;0.697681;0.9982 0.0348431 -0.048808 0.121258 -0.0327685 0.998551 0.0426788 -0.223633 0.0502244 -0.0410026 0.997896 0.299591 0 0 0 1 
39885980090002;0.639436;0.502186;0.999727 0.016611 0.0164587 0.0811341 -0.0129455 0.979295 -0.202026 0.0597859 -0.0194737 0.201758 0.979242 -0.114285 0 0 0 1 
39885980090003;0.346141;0.193151;0.955285 -0.0431625 -0.292518 0.0703672 -0.0458573 0.955692 -0.290775 0.0970592 0.292108 0.291187 0.910979 -0.832846 0 0 0 1 
39885980090004;1.0895;0.688473;0.968729 -0.0880385 -0.231977 0.1566 0.0343694 0.973534 -0.225944 0.216567 0.24573 0.210905 0.946116 -1.11975 0 0 0 1 
39885980090005;0.90722;0.598609;0.99849 0.0505204 -0.0215862 0.0318097 -0.0519462 0.996081 -0.0715893 0.288241 0.0178849 0.0726025 0.997201 -0.450389 0 0 0 1 
39885980090006;0.367469;0.0962263;0.978816 -0.0258762 -0.203102 0.0650333 -0.0208348 0.974244 -0.224533 0.0726718 0.203681 0.224008 0.953066 -0.982094 0 0 0 1 
39885980090007;0.500039;0.296343;0.998461 -0.05393 0.0129379 0.0631077 0.0551811 0.942651 -0.329187 -0.142106 0.00555713 0.329394 0.944176 -0.344291 0 0 0 1 
39885980090008;1.30544;0.827949;0.984949 0.0113025 -0.172477 0.0946835 -0.0230349 0.997542 -0.0661741 0.228301 0.171305 0.0691511 0.982788 -1.07934 0 0 0 1 
39885980090009;1.07285;1.01848;0.999481 -0.00438745 -0.0319093 -0.0421356 0.00410624 0.999952 -0.00887326 0.00304611 0.0319467 0.00873763 0.999451 -0.0434513 0 0 0 1 
39885980090010;0.993349;0.833886;0.999739 0.0214181 -0.00799878 0.0182296 -0.021884 0.997736 -0.0635928 0.0362313 0.00661863 0.0637512 0.997944 0.300979 0 0 0 1 
39885980090011;1.19076;0.848434;0.996773 -0.0329734 0.0731839 -0.0948853 0.0505662 0.96602 -0.253472 0.0358483 -0.0623392 0.256355 0.96457 -0.60025 0 0 0 1 
39885980090012;1.08018;0.294804;0.98377 0.148451 -0.100791 0.143101 -0.159855 0.980241 -0.116505 0.229337 0.0815044 0.130726 0.988063 -0.985149 0 0 0 1 
39885980090013;0.734434;0.247665;0.999526 0.00775782 -0.0298016 -0.0657867 -0.0144136 0.973055 -0.23012 0.0230078 0.0272133 0.230441 0.972706 0.14612 0 0 0 1 
39885980090014;1.32795;0.890932;0.927386 0.0457056 -0.371303 0.289185 0.0295024 0.980483 0.194379 -0.0478971 0.372941 -0.191219 0.907938 -1.13859 0 0 0 1 
39885980090015;0.724355;0.0982996;0.999691 0.0081229 0.0235091 0.0301438 -0.00817308 0.999965 0.00203908 0.0200735 -0.0234917 -0.00223059 0.999722 -0.487906 0 0 0 1 
39885980090016;0.348273;0.0191192;0.98024 0.0194187 -0.196859 0.0517963 0.0227772 0.977471 0.209837 -0.0237879 0.196499 -0.210175 0.957713 -0.397677 0 0 0 1 
39885980090017;0.847163;0.401831;0.997331 -0.029126 -0.066956 0.241408 0.0144505 0.977593 -0.210009 0.189727 0.0715725 0.208481 0.975404 -0.857897 0 0 0 1 
39885980090018;0.98085;0.556864;0.987746 0.0118393 -0.155618 -0.118889 -0.0376141 0.985785 -0.163748 0.150912 0.151467 0.167595 0.974151 -0.0161519 0 0 0 1 
39885980090019;1.01873;0.30706;0.99372 0.101908 0.0462128 -0.297983 -0.104376 0.993041 0.054554 -0.00988307 -0.0403316 -0.0590349 0.997441 0.795714 0 0 0 1 
39885980090020;0.349842;0.247927;0.977916 0.0984338 0.184366 -0.166222 -0.0681722 0.98413 -0.163832 0.168506 -0.197566 0.147645 0.969107 0.354814 0 0 0 1 
39885980090021;0.142777;0.0411142;0.977948 -0.00802158 -0.208694 0.0690623 -0.0112226 0.9958 -0.0908651 0.0619011 0.208547 0.0912035 0.973751 -0.539657 0 0 0 1 
39885980090022;0.343863;0.178278;0.990898 0.0301331 0.131201 0.00990197 -0.0248328 0.998815 -0.0418489 0.040661 -0.132307 0.0382098 0.990472 0.454046 0 0 0 1 
39885980090023;0.973502;0.938833;0.951016 0.0622227 -0.302814 0.0543751 0.00126931 0.97874 0.205099 0.0411886 0.309138 -0.195437 0.930719 -0.55497 0 0 0 1 
39885980090024;1.13358;0.125268;0.999368 0.0173207 0.0310373 -0.0841295 -0.0158737 0.998803 -0.0462758 -0.0674764 -0.0318017 0.0457539 0.998446 -0.839156 0 0 0 1 
39885980090025;0.64818;0.414484;0.999358 -0.0269086 -0.0236669 -0.0334178 0.0252458 0.997369 -0.0679529 -0.159926 0.0254332 0.0673117 0.997408 0.100121 0 0 0 1 
39885980090026;1.25567;0.282581;0.991448 -0.0563663 0.117704 0.129523 0.0384813 0.988082 0.149038 -0.068459 -0.124702 -0.143234 0.981801 1.41994 0 0 0 1 
39885980090027;0.709211;0.31652;0.998941 0.0286128 0.0360307 -0.039314 -0.0282591 0.999548 -0.0102894 0.175849 -0.0363088 0.00926036 0.999298 0.49875 0 0 0 1 
39885980090028;1.02062;0.593277;0.999317 0.0362807 0.00702701 -0.0165296 -0.0362877 0.999341 0.000876344 0.213969 -0.00699059 -0.00113074 0.999975 0.563097 0 0 0 1 
39885980090029;0.737875;0.183929;0.976165 0.199036 -0.0865184 -0.111108 -0.180557 0.965992 0.185091 0.394046 0.120416 -0.165058 0.978905 0.394244 0 0 0 1 
39885980090031;0.500388;0.383035;0.961813 0.027372 -0.272336 0.549569 -0.00919081 0.997656 0.0678135 0.452798 0.273553 -0.0627209 0.95981 -1.45641 0 0 0 1 
39885980090032;0.490152;0.732579;0.933306 -0.345649 -0.0973003 0.343051 0.344646 0.938331 -0.0274677 -0.587235 0.100794 -0.00789842 0.994876 -0.310685 0 0 0 1 
39885980090033;0.259006;0.496188;0.928168 -0.283619 -0.240965 0.354113 0.282471 0.958439 -0.0400517 -0.350077 0.24231 -0.030891 0.969707 -0.776439 0 0 0 1 
39885980090034;0.13399;0.411991;0.991508 -0.115547 -0.0596723 0.233226 0.108001 0.987229 -0.117107 -0.0154553 0.0724416 0.109668 0.991325 -0.143766 0 0 0 1 
39885980090035;0.310003;0.413587;0.991427 -0.125579 -0.0361008 0.276647 0.110491 0.953206 -0.281406 0.0615683 0.0697503 0.275004 0.95891 0.295597 0 0 0 1 
39885980090036;0.791909;0.359336;0.89191 -0.00564568 -0.452177 1.66136 0.0754116 0.987777 0.136415 -0.135819 0.44588 -0.155769 0.881435 -1.93359 0 0 0 1 
39885980090037;0.326129;0.460575;0.999836 0.0179989 -0.00199588 0.166447 -0.0181067 0.995469 -0.0933494 0.330248 0.000306644 0.0933702 0.995631 0.36385 0 0 0 1 
39885980090038;0.582863;0.633073;0.99966 0.0174841 -0.0193264 0.0956666 -0.0193261 0.994836 -0.0996432 0.121634 0.0174844 0.0999829 0.994836 -0.0426465 0 0 0 1 
39885980090039;0.172583;0.410041;0.99425 -0.104644 -0.0227091 0.107092 0.102263 0.990817 -0.0884557 0.0629907 0.031757 0.0856248 0.995821 0.184474 0 0 0 1 
39885980090040;0.259945;0.34347;0.997807 -0.0187946 0.0634623 0.359724 0.00939873 0.989354 0.145226 0.488677 -0.0655161 -0.144312 0.987361 -0.0901036 0 0 0 1 
39885980090041;0.477445;0.59906;0.976083 -0.203301 0.077015 0.208979 0.205196 0.978565 -0.0174656 -0.563534 -0.0718134 0.032851 0.996877 -0.0232254 0 0 0 1 
39885980090042;0.418217;0.44144;0.997719 -0.0655895 0.0159743 0.225095 0.065927 0.997591 -0.0216032 0.448283 -0.0145188 0.0226071 0.999639 0.342751 0 0 0 1 
39885980090043;0.341309;0.435503;0.975935 -0.166835 -0.140417 0.217251 0.191434 0.963849 0.185332 -0.386822 0.104421 -0.207752 0.972592 -0.712866 0 0 0 1 
39885980090044;0.352045;0.517927;0.925044 -0.206371 0.318912 0.282947 0.152567 0.970706 0.185615 -0.182838 -0.347876 -0.123047 0.929431 0.547593 0 0 0 1 
39885980090045;0.207777;0.390857;0.968292 -0.189251 0.163076 0.0377226 0.196251 0.98016 -0.0277897 -0.233255 -0.154581 0.0589123 0.986222 0.539187 0 0 0 1 
39885980090046;0.379302;0.414486;0.947952 -0.0225836 0.317611 0.305118 0.102599 0.965945 -0.237538 0.0576023 -0.30143 0.257761 0.917986 1.05179 0 0 0 1 
39885980090047;0.227046;0.371225;0.976704 0.00992652 0.214361 0.455345 -0.0149261 0.999653 0.0217174 0.307085 -0.214071 -0.024411 0.976513 0.269169 0 0 0 1 
39885980090048;0.266999;0.380608;0.991233 0.0225401 0.130185 0.58527 0.010886 0.968057 -0.250494 0.295198 -0.131673 0.249715 0.959325 1.06163 0 0 0 1 
39885980090049;0.523967;0.385983;0.952036 -0.0254304 0.304928 0.752255 -0.0356768 0.980518 0.193162 0.33501 -0.3039 -0.194776 0.932581 1.09713 0 0 0 1 
39885980090050;0.207409;0.527003;0.998558 -0.0444934 -0.0300287 0.471613 0.0428818 0.997709 -0.0523328 0.0545608 0.0322884 0.0509697 0.998178 0.028623 0 0 0 1 
39885980090051;0.499446;0.330882;0.994374 0.0297371 0.10167 0.696774 -0.00789655 0.977927 -0.208799 0.584011 -0.105635 0.206822 0.972659 0.0839724 0 0 0 1 
39885980090052;0.316512;0.37952;0.994481 0.0436852 0.0953901 0.259414 -0.0213048 0.974334 -0.224098 0.596119 -0.102732 0.220829 0.969887 0.384394 0 0 0 1 
39885980090053;0.450592;0.492876;0.99133 -0.128595 0.0269845 0.287929 0.130892 0.984445 -0.117201 0.214036 -0.0114932 0.119717 0.992741 -0.367286 0 0 0 1 
39885980090054;0.48513;0.5692;0.964715 -0.254979 -0.0656539 0.193076 0.262454 0.911334 0.317155 -0.481913 -0.0210352 -0.323196 0.946098 -0.641969 0 0 0 1 
39885980090055;0.127893;0.510198;0.993849 -0.10054 -0.0464253 0.523837 0.093833 0.987178 -0.129134 0.133606 0.0588131 0.123983 0.99054 0.143237 0 0 0 1 
39885980090056;0.526201;0.569518;0.956243 -0.291932 -0.0193636 0.357623 0.292438 0.951692 0.0936035 -0.246755 -0.00889761 -0.0951703 0.995421 0.434326 0 0 0 1 
39885980090057;0.593626;0.384745;0.964073 -0.0171417 -0.265084 1.00911 0.0917058 0.95804 0.27157 0.0232454 0.249306 -0.286123 0.925192 -0.754198 0 0 0 1 
39885980090058;0.12749;0.307759;0.983777 0.00847164 -0.179198 0.364262 -0.0257958 0.995184 -0.0945687 0.363238 0.177533 0.097657 0.979257 -0.278916 0 0 0 1 
39885980090059;0.597495;0.338621;0.924499 -0.161894 -0.345097 0.0675369 0.061718 0.956956 -0.283594 -0.0780466 0.376155 0.240884 0.894697 0.208026 0 0 0 1 
39885980090060;0.466612;0.489423;0.964221 -0.264538 0.0172608 0.215492 0.259066 0.92646 -0.273049 -0.255663 0.0562404 0.267752 0.961845 0.817559 0 0 0 1 
39885980090062;0.722072;0.630188;0.988183 0.0167576 -0.152361 -0.0448584 -0.0116915 0.999351 0.0340859 0.0712144 0.152833 -0.0319017 0.987737 -0.293737 0 0 0 1 
39885980090063;0.21414;0.0621597;0.998247 0.0252599 0.0535255 0.00716174 -0.00214424 0.919194 -0.393798 0.142434 -0.0591477 0.392993 0.917637 -0.332835 0 0 0 1 
39885980090064;0.937509;0.343834;0.99478 0.102007 0.00264432 -0.418188 -0.0995873 0.976176 -0.192775 0.304225 -0.0222458 0.191505 0.981239 -0.719944 0 0 0 1 
39885980090065;0.614008;0.379429;0.94285 0.0860053 0.321926 -0.163717 0.0080375 0.959965 -0.280003 0.122808 -0.333119 0.266589 0.904412 0.457209 0 0 0 1 
39885980090066;0.857809;0.0986305;0.998726 -0.0188595 0.0468142 0.133996 0.0230413 0.995634 -0.090459 -0.406847 -0.0449038 0.0914223 0.994799 0.609699 0 0 0 1 
39885980090067;0.711929;0.641622;0.993476 -0.0108447 -0.113524 0.0838512 -0.00430033 0.991198 -0.13232 0.022009 0.11396 0.131945 0.984685 -0.587987 0 0 0 1 
39885980090068;0.589386;0.145309;0.999936 -0.0112131 0.00180349 0.0388064 0.011204 0.999925 0.00495135 -0.0270056 -0.00185887 -0.00493083 0.999986 0.489908 0 0 0 1 
39885980090069;0.410197;0.200042;0.998991 0.00167021 -0.04488 0.0487034 -0.000807395 0.999815 0.0192361 0.0235824 0.0449038 -0.0191805 0.998807 -0.354654 0 0 0 1 
39885980090070;0.483885;0.207048;0.937387 0.0454968 0.345305 -0.00372259 -0.0588031 0.997873 0.0281528 0.126401 -0.343289 -0.046695 0.938068 1.12736 0 0 0 1 
39885980090071;0.64931;0.564113;0.975476 -0.0255792 -0.218614 0.0661357 -0.0489788 0.943095 -0.328896 0.235604 0.214586 0.331538 0.918714 -0.828354 0 0 0 1 
39885980090072;0.398606;0.363622;0.999241 -0.0125095 0.0368812 0.00282637 0.00421255 0.97617 0.216968 -0.0134986 -0.0387165 -0.216648 0.975482 0.377326 0 0 0 1 
39885980090073;0.928997;0.73646;0.955945 0.0711662 -0.284788 0.0132238 -0.0650304 0.997403 0.030956 0.30972 0.286252 -0.0110724 0.95809 -0.443969 0 0 0 1 
39885980090074;0.42064;0.309483;0.91455 0.0341696 0.403028 0.0584227 0.00127295 0.996177 -0.0873468 0.0122636 -0.404471 0.080396 0.91101 1.03417 0 0 0 1 
39885980090075;0.428471;0.250119;0.949129 0.0409369 0.312214 -0.00143189 -0.0971364 0.981222 0.166638 0.271737 -0.299529 -0.188489 0.935283 1.16254 0 0 0 1 
39885980090076;0.878954;0.665943;0.993445 0.0112299 0.113755 0.050478 -0.0108428 0.999933 -0.00402083 0.0348583 -0.113792 0.00276105 0.993501 0.704802 0 0 0 1 
39885980090077;0.395145;0.295242;0.98472 0.171865 -0.028094 -0.270971 -0.17399 0.964115 -0.200525 0.395253 -0.00737735 0.202349 0.979286 -0.215248 0 0 0 1 
39885980090078;1.1758;0.188272;0.999638 -0.0109171 0.0245783 -0.040856 0.0121259 0.998696 -0.0495827 -0.0582156 -0.0240049 0.0498628 0.998468 -0.96509 0 0 0 1 
39885980090079;1.02505;0.812569;0.964229 -0.0289146 -0.26349 -0.0566285 -0.0417702 0.965039 -0.258756 0.0541072 0.26176 0.260506 0.929311 -0.505755 0 0 0 1 
39885980090080;0.475546;0.0688598;0.999839 -0.0171817 -0.00508308 0.0656678 0.0170762 0.999652 -0.0201155 -0.108044 0.00542692 0.0200255 0.999785 -0.419437 0 0 0 1 
39885980090081;0.321616;0.12672;0.945776 0.0133806 0.324543 0.086747 -0.00480213 0.999618 -0.0272192 -0.00102113 -0.324783 0.0241847 0.945479 0.946794 0 0 0 1 
39885980090082;1.0641;0.483487;0.972424 0.0217899 0.232199 -0.275622 -0.0302735 0.998996 0.0330347 -0.0628021 -0.231246 -0.0391532 0.972107 -0.00488845 0 0 0 1 
39885980090083;0.893927;0.242772;0.945133 0.0301592 0.325291 -0.1917 -0.137185 0.940322 0.311409 0.137929 -0.296486 -0.338947 0.892867 0.770211 0 0 0 1 
39885980090084;0.543877;0.420762;0.994158 0.050667 -0.0952995 0.049075 -0.0645564 0.986753 -0.148831 -0.286899 0.0864963 0.154114 0.98426 -0.32037 0 0 0 1 
39885980090085;0.738131;0.739049;0.883088 0.0537465 0.466119 0.0166464 -0.0767822 0.99658 0.0305561 0.0417398 -0.462883 -0.0627733 0.884194 0.968506 0 0 0 1 
39885980090086;0.60161;0.0526101;0.999885 0.0139774 0.00591075 -0.014469 -0.0142169 0.99899 0.0426166 0.0644397 -0.00530911 -0.0426958 0.999074 0.57892 0 0 0 1 
39885980090087;0.217577;0.117433;0.999584 0.00878418 -0.0274757 -0.0509179 -0.00818099 0.999725 0.0219894 -0.0494522 0.0276613 -0.0217554 0.999381 -0.113082 0 0 0 1 
39885980090088;0.201974;0.123053;0.998975 -0.0159785 0.0423432 0.020122 0.0251565 0.973795 -0.226033 -0.0117928 -0.0376219 0.226867 0.973199 -0.241531 0 0 0 1 
39885980090089;0.645809;0.335895;0.914723 0.00707477 -0.404018 0.256521 0.0284142 0.996246 0.0817768 -0.227623 0.40308 -0.0862831 0.911088 -1.31358 0 0 0 1 
39885980090090;0.450371;0.298087;0.962489 0.0586738 0.264899 -0.0373441 -0.0732667 0.996272 0.0455395 0.155046 -0.261239 -0.0632396 0.9632 0.930549 0 0 0 1 
39885980090091;0.498519;0.214452;0.996913 0.0148138 -0.0771087 -0.00520643 -0.00700108 0.9949 0.100621 -0.0822974 0.0782061 -0.0997706 0.991932 0.306969 0 0 0 1 
39885980090093;0.227552;0.129993;0.981073 -0.0122172 0.193251 -0.0460329 0.00220752 0.998648 0.0519271 0.100237 -0.193625 -0.0505177 0.979774 0.46134 0 0 0 1 
39885980090094;0.336698;0.31555;0.980775 -0.14411 0.131579 0.546331 0.149513 0.988239 -0.0320968 0.0666468 -0.125406 0.0511524 0.990786 -0.160494 0 0 0 1 
39885980090095;0.148785;0.142182;0.987071 -0.00825457 -0.16007 -0.0303829 -0.00156709 0.998128 -0.0611357 0.131273 0.160275 0.0605961 0.985211 -0.188106 0 0 0 1 
39885980090096;0.662123;0.404761;0.973469 0.110994 -0.200096 -0.186036 -0.0502726 0.956852 0.286195 0.118387 0.223228 -0.268542 0.937045 0.191472 0 0 0 1 
39885980090097;0.657715;0.442857;0.966569 0.05323 0.25082 -0.350454 -0.0720299 0.995192 0.0663735 -0.362833 -0.246081 -0.0822212 0.965756 0.32078 0 0 0 1 
39885980090098;0.630821;0.269404;0.999605 0.026902 -0.00811611 -0.325048 -0.0280928 0.950403 -0.309749 -0.0150405 -0.000619266 0.309854 0.950784 -0.278383 0 0 0 1 
39885980090099;0.628543;0.351329;0.945357 -0.157891 0.285255 0.565324 0.164771 0.986332 -0.000118952 0.717472 -0.281337 0.0471141 0.958452 0.541043 0 0 0 1 
39885980090100;0.425699;0.321962;0.955495 0.247343 0.16078 -1.23347 -0.219298 0.96007 -0.173708 0.686324 -0.197326 0.130718 0.971584 -0.549371 0 0 0 1 
39885980090101;0.696606;0.528664;0.999687 0.0146154 -0.0202917 -0.128133 -0.0102591 0.979698 0.200218 -0.0213688 0.022806 -0.199947 0.979541 1.11546 0 0 0 1 
39885980090102;0.122477;0.0659839;0.999696 0.0240169 0.00558927 -0.167684 -0.0241082 0.999567 0.0168822 0.100134 -0.00518139 -0.0170118 0.999842 0.126676 0 0 0 1 
39885980090103;0.717527;0.0799066;0.910594 0.362264 0.198955 -2.02589 -0.346994 0.93161 -0.108153 0.315438 -0.224528 0.029447 0.974023 0.251665 0 0 0 1 
39885980090104;0.685443;0.525513;0.976935 0.213224 0.0115657 -1.04707 -0.213516 0.97617 0.0387656 -0.373149 -0.00302433 -0.040341 0.999181 -0.0671434 0 0 0 1 
39885980090105;0.47354;0.365885;0.980993 0.192071 0.0275983 -0.956307 -0.192809 0.98086 0.0271868 -0.146605 -0.0218482 -0.0319913 0.999249 0.172569 0 0 0 1 
39885980090106;0.459683;0.165307;0.954928 0.154271 -0.253601 -0.522025 -0.127327 0.984632 0.119529 0.255507 0.268144 -0.0818517 0.959895 -0.439523 0 0 0 1 
39885980090107;0.891834;0.8027;0.973563 -0.216089 0.0740372 0.723451 0.215138 0.976365 0.02069 -0.0863558 -0.0767581 -0.00421482 0.997041 0.114335 0 0 0 1 
39885980090108;0.424446;0.2402;0.895819 -0.16979 0.410706 0.45665 0.128297 0.983597 0.126791 0.196551 -0.425497 -0.0608897 0.902909 0.48518 0 0 0 1 
39885980090109;0.495711;0.209214;0.958906 0.283649 -0.00648486 -1.32075 -0.283028 0.957904 0.048109 0.751687 0.019858 -0.0442966 0.998821 0.360032 0 0 0 1 
39885980090110;0.968235;0.54652;0.892333 0.384589 0.236292 -1.73232 -0.427829 0.887508 0.171146 1.02485 -0.14389 -0.253812 0.956491 1.96628 0 0 0 1 
39885980090111;0.425117;0.111863;0.998905 0.0429717 0.0185096 -0.307515 -0.0435222 0.998588 0.0304459 0.211157 -0.0171752 -0.0312182 0.999365 0.660096 0 0 0 1 
39885980090112;0.465914;0.428521;0.910268 0.410598 -0.0531179 -1.89575 -0.409415 0.873622 -0.26299 0.964059 -0.0615783 0.261139 0.963335 -0.920741 0 0 0 1 
39885980090113;0.34947;0.0798368;0.994692 0.0988168 0.0286847 -0.514099 -0.102502 0.927227 0.3602 0.485932 0.00899658 -0.361228 0.932434 1.52433 0 0 0 1 
39885980090114;0.0961654;0.0710895;0.996591 0.0645763 -0.0513536 -0.305603 -0.0641205 0.997887 0.0104765 0.141095 0.0519217 -0.00714793 0.998626 -0.116872 0 0 0 1 
39885980090115;0.726185;0.400677;0.984947 -0.0828507 -0.15171 0.0433969 0.0775112 0.996157 -0.040788 0.37852 0.154506 0.0284148 0.987583 0.719646 0 0 0 1 
39885980090116;0.788969;0.568383;0.964961 -0.260836 -0.0285532 0.910933 0.257849 0.962781 -0.0810326 0.571273 0.0486267 0.0708309 0.996302 0.517257 0 0 0 1 
39885980090117;0.478045;0.186557;0.995872 0.045824 0.0783476 -0.280155 -0.0475302 0.998669 0.0200525 0.189933 -0.0773244 -0.0236936 0.996724 0.736053 0 0 0 1 
39885980090118;0.326438;0.328083;0.993411 -0.112882 0.019795 0.392018 0.112361 0.993335 0.0257077 0.198138 -0.022565 -0.0233141 0.999473 0.297746 0 0 0 1 
39885980090119;0.735474;0.35984;0.981445 -0.10674 0.159288 0.381277 0.112847 0.993166 -0.0297736 0.0566095 -0.155021 0.0471963 0.986783 0.787854 0 0 0 1 
39885980090120;0.723848;0.119668;0.993086 -0.00803583 0.117112 -0.164412 0.0182713 0.996076 -0.0865897 0.637323 -0.115956 0.0881308 0.989337 0.52858 0 0 0 1 
39885980090121;0.394688;0.293306;0.998342 0.0540622 -0.0197688 -0.290888 -0.0561899 0.989821 -0.130757 -0.11946 0.0124986 0.131651 0.991217 -0.181797 0 0 0 1 
39885980090122;0.722168;0.299291;0.98453 0.170188 0.0416735 -0.867984 -0.169181 0.985225 -0.0266354 0.287786 -0.0455909 0.019173 0.998776 0.887035 0 0 0 1 
39885980090124;0.340489;0.00552883;0.995746 0.0918536 0.00724944 0.261111 -0.0918322 0.995769 -0.00323938 -0.627471 -0.00751632 0.00255987 0.999968 -0.368891 0 0 0 1 
39885980090125;0.370091;0.0114127;0.915207 0.0102734 0.402853 -0.42445 -0.0445834 0.99612 0.0758826 -0.240599 -0.40051 -0.0874088 0.912114 -0.973163 0 0 0 1 
39885980090126;0.34208;0.0213878;0.891262 0.232064 0.389614 0.525669 -0.246338 0.969087 -0.0137018 -0.505824 -0.38075 -0.0837648 0.920876 -0.616664 0 0 0 1 
39885980090127;0.0863411;0.0416374;0.995639 -0.0259126 -0.0896163 -0.090772 0.03101 0.997951 0.0559632 0.0120731 0.0879825 -0.0584982 0.994403 -0.0176582 0 0 0 1 
39885980090128;0.358883;0.0137119;0.974217 0.161974 0.157053 0.664301 -0.167962 0.985462 0.0255471 0.0167696 -0.150632 -0.0512674 0.98726 0.231369 0 0 0 1 
39885980090129;0.382249;0.104196;0.957854 0.287243 0.00248974 1.10631 -0.287243 0.957858 -0.000455014 -0.640424 -0.00251552 -0.000279323 0.999997 -0.0238942 0 0 0 1 
39885980090130;0.323168;0.0483553;0.97816 0.160207 -0.132426 0.792501 -0.175812 0.977568 -0.115981 -0.0533079 0.110874 0.13673 0.984384 0.326174 0 0 0 1 
39885980090131;0.505537;0.0763527;0.998395 -0.0553448 -0.0119961 -0.608505 0.0545562 0.996807 -0.0583023 -0.642295 0.0151846 0.0575542 0.998227 -0.209053 0 0 0 1 
39885980090132;0.44134;0.137877;0.999277 0.00851464 -0.037054 -0.438398 -0.0123235 0.994521 -0.103811 0.106766 0.0359671 0.104193 0.993907 0.805908 0 0 0 1 
39885980090133;0.275576;0.0906491;0.999588 -0.0279245 -0.00658336 -0.42897 0.0279508 0.999601 0.00395024 -0.107908 0.00647043 -0.00413262 0.999971 -0.155731 0 0 0 1 
39885980090134;0.264805;0.0662077;0.988967 -0.0908153 0.117037 -0.345038 0.11761 0.961706 -0.247566 0.0486186 -0.0900725 0.258599 0.961776 0.974901 0 0 0 1 
39885980090135;0.321182;0.0893559;0.983423 0.179361 0.0266196 0.388194 -0.174441 0.975903 -0.131089 -0.190429 -0.0494904 0.124273 0.991013 0.695796 0 0 0 1 
39885980090136;0.536598;0.0409895;0.992633 0.0389642 -0.114725 -0.235863 -0.0541031 0.989778 -0.131956 0.130027 0.108411 0.137191 0.984594 1.50948 0 0 0 1 
39885980090137;0.239766;0.0401895;0.999508 0.00711533 0.0305455 -0.144473 -0.00868364 0.998634 0.0515217 0.0978599 -0.0301372 -0.0517616 0.998205 -0.630542 0 0 0 1 
39885980090138;0.366462;0.0717061;0.951302 -0.288387 -0.108892 -1.07068 0.280246 0.95623 -0.084181 0.243657 0.128403 0.049565 0.990483 0.113859 0 0 0 1 
39885980090139;0.522118;0.111025;0.99055 0.13265 0.0348495 -0.0303591 -0.134824 0.988393 0.0700061 -0.65838 -0.0251587 -0.0740431 0.996938 0.165981 0 0 0 1 
39885980090140;0.328612;0.00774729;0.977664 -0.0295604 -0.208084 -0.111644 0.0130586 0.99669 -0.0802349 0.0326548 0.209768 0.0757254 0.974814 1.08247 0 0 0 1 
39885980090141;0.0802768;0.019888;0.999206 -0.00913547 0.0387802 -0.106955 0.00732693 0.99889 0.0465242 -0.0554963 -0.0391622 -0.0462031 0.998164 -0.139991 0 0 0 1 
39885980090142;0.374391;0.076517;0.945599 0.213637 -0.24536 0.926547 -0.139647 0.947702 0.286984 -0.544507 0.293838 -0.237108 0.92598 -0.645598 0 0 0 1 
39885980090143;0.228673;0.0791335;0.990917 0.123946 -0.0521706 0.46081 -0.124294 0.992239 -0.00346378 -0.0924817 0.0513364 0.0099168 0.998632 -0.139771 0 0 0 1 
39885980090144;0.446317;0.0842693;0.943351 0.331554 0.0126636 1.19897 -0.331751 0.94316 0.0197358 -0.745179 -0.0054003 -0.022819 0.999725 0.248428 0 0 0 1 
39885980090145;0.0431272;0.0280236;0.999773 -0.00575876 0.0205309 -0.0795922 0.00517906 0.99959 0.028178 0.0293519 -0.0206847 -0.0280653 0.999392 -0.129635 0 0 0 1 
39885980090146;0.329175;0.0346399;0.995472 -0.0854424 -0.0416468 -0.167549 0.0840844 0.995901 -0.0333394 0.396551 0.0443247 0.0296866 0.998576 0.645585 0 0 0 1 
39885980090147;0.155218;0.0266854;0.999313 0.0315651 0.0194132 -0.0360565 -0.0325888 0.99796 0.0548933 -0.0688905 -0.0176409 -0.0554882 0.998303 0.0241312 0 0 0 1 
39885980090148;0.427209;0.00927468;0.986852 0.144161 0.0730761 0.340779 -0.122408 0.961887 -0.24452 -0.452522 -0.105541 0.23236 0.966887 1.48595 0 0 0 1 
39885980090149;0.211483;0.0175602;0.985897 -0.11076 0.125454 -0.615006 0.110357 0.99384 0.010182 0.168499 -0.125809 0.00380626 0.992047 0.0947249 0 0 0 1 
39885980090150;0.560906;0.0724471;0.936959 0.179136 -0.300029 1.00127 -0.207074 0.976243 -0.0637905 0.384184 0.281474 0.121897 0.951795 0.284641 0 0 0 1 
39885980090151;0.283425;0.0435896;0.955399 0.258638 0.142543 0.838322 -0.211525 0.93615 -0.280855 -0.387532 -0.206081 0.238177 0.949106 0.635035 0 0 0 1 
39885980090152;0.461176;0.0703215;0.923482 -0.362008 0.127008 -1.57506 0.356181 0.932031 0.0667394 0.218428 -0.142536 -0.0163947 0.989654 -0.387686 0 0 0 1 
39885980090153;0.364593;0.0658457;0.994123 0.0948183 0.0522357 0.0977274 -0.0982154 0.992918 0.0668408 -0.553137 -0.045528 -0.0715783 0.996395 -0.715751 0 0 0 1 
39885980090155;0.220386;0.814144;0.995282 -0.0958776 0.0148417 -0.363729 0.0956393 0.995287 0.0160103 0.325312 -0.0163068 -0.0145153 0.999762 0.0875987 0 0 0 1 
39885980090156;0.547565;1.05702;0.957628 -0.0753389 0.277979 -0.0651287 0.0377977 0.989708 0.138023 0.615744 -0.285516 -0.121667 0.95062 1.36031 0 0 0 1 
39885980090157;0.178395;0.390923;0.999716 0.0201409 0.0127163 -0.202503 -0.0201482 0.999797 0.000446285 0.245792 -0.0127047 -0.000702369 0.999919 -0.0675677 0 0 0 1 
39885980090158;0.913519;0.829774;0.910525 0.00703473 0.413394 0.535688 -0.062471 0.990717 0.120737 0.891451 -0.408707 -0.135759 0.902512 2.04973 0 0 0 1 
39885980090159;0.31181;0.351121;0.999641 0.0112648 -0.0243162 -0.263463 -0.0205121 0.905547 -0.42375 0.322653 0.017246 0.424096 0.905453 -0.174134 0 0 0 1 
39885980090160;0.529179;0.887769;0.997538 0.0685136 -0.0149342 -0.469799 -0.0681348 0.997374 0.0245494 1.04837 0.016577 -0.0234715 0.999587 0.472723 0 0 0 1 
39885980090161;0.588623;1.16121;0.97639 -0.13701 0.167007 -0.343075 0.109764 0.980551 0.162703 0.712784 -0.18605 -0.14053 0.972438 1.16838 0 0 0 1 
39885980090162;0.825722;1.17261;0.97802 -0.205481 -0.0354172 -0.186649 0.205431 0.978658 -0.00509639 0.436977 0.0357085 -0.0022914 0.99936 -0.838374 0 0 0 1 
39885980090163;0.504725;0.402507;0.999991 0.00152976 0.00394031 -0.138787 -0.00169225 0.999134 0.0415718 0.4949 -0.0038733 -0.0415781 0.999128 0.0755122 0 0 0 1 
39885980090164;0.244441;0.430711;0.996191 0.0262225 -0.0831594 -0.309108 -0.0151278 0.991222 0.13134 0.249763 0.0858735 -0.129581 0.987843 -0.450224 0 0 0 1 
39885980090165;0.707584;0.51712;0.998755 0.0461667 0.0189061 -0.65051 -0.0460428 0.998915 -0.00693851 0.614565 -0.019206 0.00605938 0.999797 -0.609585 0 0 0 1 
39885980090166;0.507941;0.987699;0.979768 0.146535 0.136319 -0.318705 -0.129716 0.983635 -0.12504 1.67215 -0.152411 0.104827 0.982742 0.730941 0 0 0 1 
39885980090167;0.79424;0.988441;0.981316 -0.184942 -0.0530558 -0.271458 0.180458 0.980357 -0.0795936 0.475878 0.0667338 0.0685322 0.995414 0.488485 0 0 0 1 
39885980090168;0.994365;0.725029;0.99486 0.0982954 -0.0243305 0.293985 -0.0996992 0.992861 -0.0654762 1.38922 0.0177208 0.0675653 0.997557 0.672293 0 0 0 1 
39885980090169;0.602224;0.873411;0.966305 0.200994 -0.160795 -0.448251 -0.215813 0.973106 -0.0805565 2.04807 0.140279 0.112544 0.983695 -0.694906 0 0 0 1 
39885980090170;0.878287;1.01531;0.977219 -0.117044 -0.177042 -0.464607 0.151967 0.968201 0.198727 0.232079 0.148152 -0.221104 0.963931 0.450319 0 0 0 1 
39885980090171;0.174618;0.445514;0.990081 0.0858966 -0.111178 -0.353387 -0.0822589 0.995927 0.0369115 0.566339 0.113895 -0.0274 0.993115 -0.43411 0 0 0 1 
39885980090172;0.809772;0.994355;0.991257 0.131941 0.000356976 -0.737336 -0.131932 0.991145 0.0150231 1.58056 0.00162834 -0.0149388 0.999887 0.738794 0 0 0 1 
39885980090173;0.12527;0.772416;0.99856 -0.043856 -0.030896 -0.607044 0.0404468 0.993812 -0.103446 0.404073 0.0352415 0.102047 0.994155 -0.158815 0 0 0 1 
39885980090174;1.08358;1.10938;0.952946 0.103308 0.284993 -0.316599 -0.118045 0.992392 0.0349773 1.65783 -0.279212 -0.0669736 0.957891 1.84917 0 0 0 1 
39885980090175;0.382051;0.452758;0.99957 0.0288876 0.00499601 -0.439723 -0.0288474 0.999552 -0.00794772 0.306379 -0.00522337 0.00780018 0.999956 0.411336 0 0 0 1 
39885980090176;1.01834;1.37749;0.94519 -0.121629 0.303021 -0.442469 0.130509 0.991405 -0.00915013 0.391923 -0.299303 0.0481956 0.95294 1.44625 0 0 0 1 
39885980090177;0.304463;0.94428;0.998028 0.0377233 0.0501768 -0.345957 -0.0383858 0.999187 0.012307 0.96503 -0.0496717 -0.0142088 0.998665 -0.0681938 0 0 0 1 
39885980090178;0.543046;1.14151;0.992765 0.0682502 0.0987903 -0.546792 -0.0630499 0.996502 -0.0548407 1.22232 -0.102188 0.0482152 0.993596 0.713528 0 0 0 1 
39885980090179;0.361753;0.820847;0.988095 0.0679646 -0.138016 -0.617909 -0.0711795 0.997292 -0.0184877 0.845856 0.136386 0.0280916 0.990257 -0.0960221 0 0 0 1 
39885980090180;0.25283;1.01937;0.998912 -0.037547 -0.0276729 -0.577531 0.0383868 0.998798 0.0304658 0.741245 0.0264957 -0.031495 0.999153 0.138257 0 0 0 1 
39885980090181;0.881259;1.1012;0.98132 0.00885442 -0.192181 0.0214559 0.0109045 0.994774 0.101514 0.420194 0.192075 -0.101713 0.976095 -0.0606416 0 0 0 1 
39885980090182;0.669254;0.827097;0.996966 0.0769948 0.0114164 -0.250564 -0.0773105 0.996543 0.0304215 0.687146 -0.00903464 -0.0312118 0.999472 -0.53491 0 0 0 1 
39885980090183;0.198594;0.902676;0.964801 0.0762607 0.251682 -0.23602 -0.0837004 0.99631 0.018972 1.13955 -0.249306 -0.03937 0.967624 0.906226 0 0 0 1 
39885980090184;0.838159;0.372533;0.999425 0.0332802 -0.0065342 -0.151308 -0.0336246 0.947104 -0.31916 0.519075 -0.00443316 0.319197 0.947678 -0.76162 0 0 0 1 
39885980090186;1.03403;0.537624;0.990812 0.130178 0.0366674 0.0274154 -0.129216 0.991235 -0.0275144 -0.334395 -0.0399278 0.0225236 0.998949 -0.586952 0 0 0 1 
39885980090187;0.391456;0.232091;0.998808 -0.00997604 0.047789 -0.126867 0.00577865 0.996176 0.0871779 -0.286234 -0.0484759 -0.0867978 0.995046 -0.118424 0 0 0 1 
39885980090188;0.19321;0.269045;0.995079 -0.0354789 -0.092512 -0.0342116 0.026731 0.9952 -0.0941408 -0.287396 0.0954079 0.0912047 0.991251 -0.537621 0 0 0 1 
39885980090189;0.694654;0.31183;0.964803 -0.165948 0.203999 0.0868897 0.151199 0.984757 0.0859845 -0.674343 -0.215158 -0.0521137 0.975188 1.20146 0 0 0 1 
39885980090190;0.710931;0.181;0.999304 0.00765902 -0.0365127 -0.0968359 0.00133822 0.970711 0.240245 -0.0116615 0.0372833 -0.240127 0.970025 0.729347 0 0 0 1 
39885980090191;0.303973;0.356521;0.997966 0.0577558 0.026968 -0.257184 -0.0580329 0.998268 0.00960945 -0.0294955 -0.0263663 -0.0111549 0.99959 -0.0927253 0 0 0 1 
39885980090192;0.937341;0.294074;0.999796 -0.0086627 0.0182474 -0.0013564 0.00860369 0.999958 0.00330954 -0.686506 -0.0182753 -0.00315187 0.999828 0.787045 0 0 0 1 
39885980090193;0.0973903;0.244218;0.999803 -0.0145524 0.0135176 -0.0665013 0.0143602 0.999796 0.0142114 -0.18518 -0.0137217 -0.0140145 0.999808 0.0726159 0 0 0 1 
39885980090194;0.330993;0.266573;0.99904 -0.0358819 0.025127 -0.107308 0.0368783 0.998503 -0.0403854 -0.522227 -0.0236403 0.0412733 0.998868 0.138804 0 0 0 1 
39885980090195;0.913121;0.22926;0.999232 0.0384187 -0.00764539 -0.133907 -0.0388218 0.997296 -0.0624059 0.202684 0.00522716 0.0626548 0.998022 -0.892138 0 0 0 1 
39885980090196;0.843835;0.384924;0.994929 0.0674159 0.0746359 -0.14431 -0.0700472 0.996991 0.033214 -0.0399894 -0.0721721 -0.0382736 0.996658 -0.499282 0 0 0 1 
39885980090197;0.709255;0.490263;0.99921 -0.0280627 0.0281418 -0.141942 0.0235851 0.988639 0.148445 -0.650118 -0.0319878 -0.147664 0.98852 -0.402781 0 0 0 1 
39885980090198;1.04503;0.568859;0.998939 -0.00187315 -0.0460228 -0.0767154 -0.00306272 0.99426 -0.106944 -0.055837 0.045959 0.106972 0.993199 0.644655 0 0 0 1 
39885980090199;0.0833687;0.261422;0.99843 -0.0309215 0.0466954 -0.087118 0.0304846 0.999485 0.0100406 -0.348411 -0.0469818 -0.00860136 0.998859 0.135167 0 0 0 1 
39885980090200;1.06244;0.63415;0.999685 -0.0224286 -0.0112889 -0.0821706 0.0222669 0.999651 -0.014247 -0.0624454 0.0116045 0.0139911 0.999835 0.779514 0 0 0 1 
39885980090201;0.454509;0.378957;0.969739 -0.115511 -0.215088 -0.0536911 0.10585 0.992807 -0.0559445 -0.383853 0.220003 0.0314846 0.974991 -0.463757 0 0 0 1 
39885980090202;0.602175;0.332801;0.922303 0.0766538 -0.378789 -0.219557 -0.0460231 0.994943 0.0892816 0.102735 0.383717 -0.0649116 0.921166 -0.91984 0 0 0 1 
39885980090203;0.367742;0.366111;0.912623 -0.0147547 0.408535 0.0926884 -0.055597 0.985584 0.159793 0.0471108 -0.405003 -0.168544 0.898646 1.55799 0 0 0 1 
39885980090204;1.06319;0.327922;0.972765 0.077866 0.218322 0.0195968 -0.0580037 0.993693 -0.0959635 -0.0988521 -0.224417 0.0806865 0.971147 1.62938 0 0 0 1 
39885980090205;0.675409;0.35302;0.998873 0.0471275 0.00567886 -0.606567 -0.0466478 0.996704 -0.0663722 -0.458411 -0.00878809 0.0660324 0.997779 -0.264651 0 0 0 1 
39885980090206;0.947378;0.306082;0.995684 0.0408518 0.0833282 -0.29598 -0.0478783 0.995302 0.0841467 -0.341503 -0.0794993 -0.0877731 0.992963 1.16629 0 0 0 1 
39885980090207;0.975527;0.397319;0.997618 -0.0552225 -0.0413438 -0.146642 0.0560105 0.998265 0.0181498 -0.218555 0.0402698 -0.0204222 0.99898 -0.952827 0 0 0 1 
39885980090208;0.357335;0.257351;0.963746 0.135568 0.229813 -0.189924 -0.117516 0.988933 -0.0905585 0.307106 -0.239547 0.0602687 0.969012 0.493241 0 0 0 1 
39885980090209;0.567849;0.322247;0.990026 0.140402 0.0116827 -0.653306 -0.140555 0.989982 0.0134516 0.0335811 -0.00967698 -0.0149595 0.999841 0.16534 0 0 0 1 
39885980090210;0.29383;0.231032;0.975625 0.0319923 0.217098 0.0118654 -0.0495758 0.995872 0.0760352 -0.0158346 -0.213769 -0.0849447 0.973184 0.988869 0 0 0 1 
39885980090211;0.573799;0.213004;0.994482 0.0994482 0.0334032 -0.538513 -0.0774764 0.910897 -0.405295 0.246575 -0.0707328 0.400471 0.913575 0.022145 0 0 0 1 
39885980090212;0.324919;0.372204;0.991503 0.124155 -0.0388134 -0.218038 -0.120227 0.988571 0.0909521 0.0969576 0.0496619 -0.0855129 0.995099 0.173589 0 0 0 1 
39885980090213;0.920265;0.352526;0.990967 -0.067216 -0.116042 0.0134216 0.0757716 0.994597 0.07096 -0.775603 0.110645 -0.0791118 0.990706 0.486823 0 0 0 1 
39885980090214;0.527822;0.581769;0.981839 0.181729 0.0544692 -0.321778 -0.182579 0.983129 0.0110244 0.382387 -0.0515468 -0.0207691 0.998455 0.500527 0 0 0 1 
39885980090215;0.58213;0.51923;0.972352 -0.215478 0.0900089 0.0290147 0.21805 0.975739 -0.0196723 -1.00832 -0.0835863 0.0387548 0.995747 0.266691 0 0 0 1 
39885980090217;1.03417;1.15911;0.992547 0.119159 -0.0255274 0.164825 -0.120408 0.99121 -0.0548135 0.637007 0.0187715 0.0574787 0.99817 -0.585293 0 0 0 1 
39885980090218;0.202378;0.432156;0.996633 0.0750099 -0.0330979 -0.0270075 -0.0748046 0.997171 0.00739998 0.450597 0.0335593 -0.00489919 0.999425 -0.188472 0 0 0 1 
39885980090219;0.470141;0.893805;0.994659 -0.0182352 0.101593 0.129653 0.0113989 0.997656 0.06747 0.416561 -0.102585 -0.0659516 0.992535 0.385661 0 0 0 1 
39885980090220;1.3181;0.621543;0.977388 -0.102609 -0.18489 -0.00731558 0.0859041 0.991646 -0.0962226 0.56279 0.193218 0.078164 0.978037 -0.412244 0 0 0 1 
39885980090221;1.15923;1.18789;0.941096 0.086437 0.326905 -0.257787 -0.0240861 0.981456 -0.190168 0.475493 -0.33728 0.171092 0.925726 0.71647 0 0 0 1 
39885980090222;0.407338;0.887932;0.964735 0.140793 0.222405 0.122891 -0.161518 0.983796 0.0778304 1.04244 -0.207843 -0.111008 0.971843 0.867715 0 0 0 1 
39885980090223;0.517255;0.809904;0.976506 0.0938274 0.193989 -0.123067 -0.108829 0.991721 0.0681566 0.87301 -0.185988 -0.0876669 0.978633 0.768236 0 0 0 1 
39885980090224;1.08029;1.11994;0.989507 -0.0791579 0.120872 -0.120457 0.0668883 0.992492 0.102399 0.00194503 -0.12807 -0.0932394 0.987372 0.541429 0 0 0 1 
39885980090225;0.715361;0.459956;0.995886 -0.0429341 -0.0797935 0.145987 0.0207671 0.965327 -0.260218 0.242354 0.088199 0.25749 0.962247 0.14239 0 0 0 1 
39885980090226;0.549209;0.485945;0.955501 -0.00898041 0.29485 0.0479106 -0.0214455 0.994777 0.0997955 0.103954 -0.294206 -0.101678 0.950318 1.00201 0 0 0 1 
39885980090227;1.15995;1.25323;0.916669 0.399647 0.000253977 0.965641 -0.399174 0.915553 0.0492221 2.05951 0.0194389 -0.0452218 0.998788 -0.506519 0 0 0 1 
39885980090228;0.215505;0.443512;0.994892 -0.0820843 0.0587609 0.0841663 0.08266 0.99655 -0.0074303 0.0637464 -0.0579482 0.0122495 0.998244 0.00367141 0 0 0 1 
39885980090229;0.121617;1.47696;0.968231 0.249951 0.00733404 0.373619 -0.250003 0.966979 0.049493 1.73724 0.00527898 -0.0497542 0.998748 -0.0433309 0 0 0 1 
39885980090230;1.03093;1.66812;0.963407 0.268025 -0.00303108 0.391652 -0.268025 0.963412 0.000311948 1.46252 0.00300379 0.000511871 0.999995 0.496518 0 0 0 1 
39885980090231;0.888653;0.770276;0.993116 0.0123639 0.116485 -0.0297051 -0.0266645 0.992169 0.122023 0.154826 -0.114064 -0.124289 0.985668 0.526128 0 0 0 1 
39885980090232;0.59802;1.02881;0.977559 0.0384322 -0.207125 0.445939 -0.10209 0.946475 -0.306208 0.854693 0.184271 0.320482 0.929158 -0.428038 0 0 0 1 
39885980090233;0.0427632;0.561586;0.997324 0.0730846 -0.00194633 0.114425 -0.0730826 0.997325 0.00109234 0.642621 0.00202096 -0.000947176 0.999998 -0.0298703 0 0 0 1 
39885980090234;0.404716;0.308135;0.988092 0.0687507 -0.137647 0.0810882 -0.00903951 0.919011 0.394129 0.201091 0.153596 -0.388192 0.908689 -0.441306 0 0 0 1 
39885980090235;0.881271;1.21325;0.988265 0.0915446 -0.12228 0.756057 -0.112713 0.97732 -0.179279 1.3631 0.103095 0.190957 0.976169 -0.616905 0 0 0 1 
39885980090236;1.0378;0.909054;0.98572 0.168205 -0.00797192 0.219881 -0.168229 0.985745 -0.00247331 1.13699 0.00744226 0.0037791 0.999965 -0.853978 0 0 0 1 
39885980090237;0.452033;0.313407;0.977366 0.0567965 -0.203791 0.123321 0.00548063 0.956168 0.292769 0.148893 0.211486 -0.287259 0.934214 -0.771965 0 0 0 1 
39885980090238;0.922552;0.44831;0.950506 0.0297333 -0.309281 0.160828 -0.0971013 0.973979 -0.204784 1.09288 0.295145 0.22468 0.92866 -0.375519 0 0 0 1 
39885980090239;0.393854;0.389387;0.995316 -0.0473385 -0.0842968 0.0637812 0.0227476 0.962112 -0.271706 0.041183 0.0939651 0.268515 0.958681 -0.273195 0 0 0 1 
39885980090240;0.68439;0.888956;0.96876 0.247867 -0.00811012 0.188925 -0.24761 0.964887 -0.0876451 1.81374 -0.013899 0.0869153 0.996119 -0.276649 0 0 0 1 
39885980090241;0.655728;0.418821;0.958955 -0.00565226 0.283503 0.048591 0.0793537 0.965203 -0.249172 0.336747 -0.27223 0.261441 0.926034 0.320814 0 0 0 1 
39885980090242;0.353633;0.543123;0.897929 -0.0403667 0.438285 0.329276 0.137919 0.97144 -0.193089 0.0967784 -0.417973 0.233828 0.877851 1.18942 0 0 0 1 
39885980090243;1.27115;0.919146;0.998401 -0.0450249 0.0341828 0.214991 0.044362 0.998817 0.0199081 0.585486 -0.0350387 -0.0183598 0.999217 0.844964 0 0 0 1 
39885980090244;0.554019;1.27799;0.988772 -0.0830119 0.124251 0.245594 0.0554477 0.975957 0.210791 0.554793 -0.138762 -0.201535 0.969602 0.306366 0 0 0 1 
39885980090245;0.651828;0.344019;0.997317 0.0444696 -0.0581543 0.109702 -0.0467215 0.998187 -0.0379533 0.543544 0.056361 0.0405685 0.997586 0.272072 0 0 0 1 
39885980090246;0.546588;1.01684;0.994922 -0.00256791 -0.100615 0.366847 0.0131786 0.994392 0.104936 0.551803 0.0997814 -0.105729 0.989376 -0.555357 0 0 0 1 
39885980090248;0.37448;0.150992;0.946988 -0.252292 0.198903 -0.15623 0.242306 0.967415 0.073456 0.181065 -0.210954 -0.0213667 0.977262 0.0331317 0 0 0 1 
39885980090249;0.482365;0.21022;0.976895 -0.209758 -0.04095 0.0026895 0.210154 0.977652 0.00557215 0.0423961 0.0388661 -0.0140492 0.999146 -0.325751 0 0 0 1 
39885980090250;0.869457;0.0768914;0.943193 0.0338979 0.330511 -0.08431 -0.0988541 0.978361 0.181761 -0.698202 -0.317198 -0.204108 0.926135 0.334974 0 0 0 1 
39885980090251;0.521745;0.216244;0.997866 -0.0315611 -0.0571643 0.0842994 0.0307871 0.999423 -0.01437 -0.182722 0.0575848 0.0125794 0.998261 0.317121 0 0 0 1 
39885980090252;1.01023;0.0662645;0.995311 0.0959069 0.0125697 0.33723 -0.0959768 0.963061 0.251597 -0.161434 0.0120246 -0.251624 0.96775 -0.938393 0 0 0 1 
39885980090253;0.430197;0.17059;0.977827 0.141911 -0.153997 0.184709 -0.101916 0.964899 0.242041 0.26688 0.18294 -0.220979 0.957967 -0.0887534 0 0 0 1 
39885980090254;0.437029;0.126425;0.997867 -0.0616734 0.0213831 -0.000329573 0.0624963 0.997234 -0.0402294 0.149316 -0.0188428 0.0414799 0.998962 0.397301 0 0 0 1 
39885980090255;0.581357;0.0844521;0.997399 0.0387285 0.0607917 0.128607 -0.0410508 0.998456 0.0374283 -0.27714 -0.0592483 -0.0398265 0.997448 0.405236 0 0 0 1 
39885980090256;0.383432;0.108293;0.932937 -0.355664 0.0559652 -0.196995 0.358142 0.932679 -0.0429519 0.186995 -0.0369211 0.0601149 0.997508 0.0182534 0 0 0 1 
39885980090257;0.931685;0.102844;0.985352 0.147108 -0.0862643 -0.0845772 -0.153353 0.985627 -0.070862 0.101237 0.0746001 0.0830529 0.993749 -0.834929 0 0 0 1 
39885980090258;0.517582;0.0829726;0.985685 -0.110488 -0.127348 -0.251091 0.112471 0.993619 0.00846234 0.154836 0.125601 -0.0226642 0.991822 0.430107 0 0 0 1 
