#;prob_registration_l1 -r /home/probabilistic_point_clouds_registration/build/tester /home/point_clouds_registration_benchmark/plain_local.txt /home/point_clouds_registration_benchmark/plain -s 0.2 -t 0.2 -p 0.3 -r 1000 -m 5 -i 40 
id;initial_error;final_error;transformation
4215528470000;0.567788;0.466153;0.961722 -0.0153388 0.273599 0.233035 -0.000348472 0.998363 0.0571962 0.000678344 -0.274028 -0.0551021 0.960142 1.97314 0 0 0 1 
4215528470001;0.547226;0.0585729;0.992011 0.10075 -0.0759152 -0.622471 -0.062118 0.913901 0.401157 0.845768 0.109796 -0.393236 0.912858 1.06709 0 0 0 1 
4215528470002;0.032832;0.0214481;0.999978 0.00541696 0.00390548 -0.0148378 -0.00542541 0.999983 0.00215637 0.0131493 -0.00389373 -0.00217751 0.99999 0.0300759 0 0 0 1 
4215528470003;0.731607;0.55199;0.996424 -0.0170856 0.0827462 0.0414423 0.0169108 0.999853 0.00281237 -0.260375 -0.0827821 -0.00140301 0.996567 0.372847 0 0 0 1 
4215528470004;0.518474;0.274656;0.965756 0.0790199 -0.247125 -0.281031 -0.0226694 0.974549 0.223027 0.144026 0.258459 -0.209788 0.942968 -0.274204 0 0 0 1 
4215528470005;0.0948906;0.0343111;0.999426 0.0255649 0.0222324 -0.0851521 -0.0234297 0.995529 -0.0915064 0.228565 -0.0244723 0.0909329 0.995556 -0.296246 0 0 0 1 
4215528470006;0.93827;0.389107;0.999446 -0.0127127 -0.0307434 -0.319167 0.00153719 0.940769 -0.339044 0.166067 0.0332326 0.338809 0.940268 -1.41764 0 0 0 1 
4215528470007;0.649378;0.508096;0.99433 -0.0343771 -0.100629 0.175106 -0.00365061 0.934711 -0.355389 0.473051 0.106277 0.353741 0.929286 -2.02238 0 0 0 1 
4215528470008;0.524363;0.418945;0.962907 0.0130681 -0.269517 0.233668 -0.0529104 0.98858 -0.1411 0.459625 0.264595 0.150127 0.952602 -2.38799 0 0 0 1 
4215528470009;0.400063;0.365654;0.969912 -0.0424029 0.239736 0.19349 0.0550581 0.997407 -0.0463362 -0.387644 -0.23715 0.0581415 0.969732 1.296 0 0 0 1 
4215528470010;0.581956;0.374019;0.993013 -0.0768292 -0.0895629 0.448417 0.0496392 0.960556 -0.273622 -0.122019 0.107052 0.267264 0.957658 -2.07595 0 0 0 1 
4215528470011;0.358216;0.157782;0.986969 -0.0819258 0.138496 0.380806 0.111401 0.968958 -0.220703 -0.601977 -0.116116 0.233256 0.965458 -0.155805 0 0 0 1 
4215528470012;0.581653;0.363852;0.985486 0.107677 -0.131237 -0.377115 -0.0656329 0.954647 0.290417 0.468782 0.156556 -0.277588 0.947858 -0.077803 0 0 0 1 
4215528470013;0.612837;0.0551612;0.982488 -0.0567453 0.177474 0.168103 0.0551016 0.99838 0.0141808 -0.293606 -0.177991 -0.00415339 0.984023 0.55276 0 0 0 1 
4215528470014;0.871128;0.579942;0.998679 -0.0313887 0.0406892 0.0951608 0.0322933 0.999241 -0.0217669 -0.262481 -0.0399751 0.0230521 0.998935 0.703579 0 0 0 1 
4215528470015;0.0605696;0.0157435;0.999925 -0.000990182 0.0122451 0.0486491 0.00119058 0.999865 -0.0163689 -0.0244163 -0.0122272 0.0163823 0.999791 -0.00677889 0 0 0 1 
4215528470016;0.462589;0.145383;0.971101 -0.0393048 0.235411 0.166319 0.085913 0.977794 -0.191148 -0.467109 -0.22267 0.205849 0.952914 0.776907 0 0 0 1 
4215528470017;0.763704;0.245211;0.993789 0.0543228 0.0971209 -0.331736 -0.0903479 0.903393 0.419188 0.862693 -0.0649668 -0.425359 0.90269 3.00171 0 0 0 1 
4215528470018;0.320962;0.317143;0.998362 -0.0145595 0.0553312 -0.0204122 0.00855785 0.994201 0.107196 -0.0958021 -0.056571 -0.106547 0.992697 0.750095 0 0 0 1 
4215528470019;0.470754;0.226801;0.905182 0.140109 -0.401266 -0.0371715 -0.0817242 0.983862 0.159177 0.534058 0.417092 -0.111291 0.902024 -2.02808 0 0 0 1 
4215528470020;0.901423;0.644388;0.98922 -0.0293519 0.143463 0.0273368 0.0448252 0.993372 -0.105844 -0.170668 -0.139406 0.111134 0.983979 -0.0598975 0 0 0 1 
4215528470021;0.310289;0.100059;0.999781 -0.000792722 -0.0209024 -0.0889755 0.00282497 0.995244 0.0973762 -0.049143 0.0207258 -0.0974139 0.995028 0.53249 0 0 0 1 
4215528470022;0.501427;0.194826;0.98141 0.0499671 -0.185306 -0.0198433 -0.0658623 0.994565 -0.0806362 0.447325 0.180269 0.0913418 0.979367 -1.96663 0 0 0 1 
4215528470023;0.509895;0.380226;0.994446 -0.0217026 0.102985 0.0977115 0.036502 0.988893 -0.144077 -0.100909 -0.0987139 0.147036 0.984193 -0.378959 0 0 0 1 
4215528470024;0.756959;0.446572;0.998253 -0.0117761 0.0578939 -0.0142029 0.010917 0.999826 0.0151331 -0.191734 -0.058062 -0.0144746 0.998208 0.967269 0 0 0 1 
4215528470025;0.187466;0.118023;0.996149 0.0541696 -0.0689418 -0.24596 -0.047893 0.994821 0.0896485 0.298109 0.073441 -0.0860015 0.993585 -0.109337 0 0 0 1 
4215528470026;0.0729172;0.0344105;0.999472 -0.0323654 -0.00274468 0.165528 0.0323473 0.999456 -0.00637964 -0.185904 0.00294967 0.0062875 0.999976 -0.100943 0 0 0 1 
4215528470027;0.80863;0.238233;0.997438 0.00647291 -0.071239 -0.128743 -0.0152666 0.992215 -0.123598 -0.0470831 0.0698843 0.124369 0.989772 -0.354069 0 0 0 1 
4215528470028;0.511375;0.500397;0.996846 0.0372797 -0.0700598 -0.295017 -0.0232315 0.981205 0.191563 0.0404674 0.0758844 -0.189331 0.978977 0.531807 0 0 0 1 
4215528470029;0.874225;0.48431;0.882983 0.075155 -0.46335 0.662861 -0.0475162 0.99634 0.0710561 0.475533 0.466994 -0.0407247 0.883322 -3.12415 0 0 0 1 
4215528470031;0.986719;0.221913;0.999715 -0.00812221 0.0224574 -0.0389353 0.00811412 0.999967 0.000451437 -0.343214 -0.0224603 -0.000269087 0.999748 0.927975 0 0 0 1 
4215528470032;1.06872;0.526232;0.993889 -0.100901 0.0447684 0.508359 0.109877 0.865365 -0.488948 -0.0372443 0.0105943 0.490878 0.871164 -2.63806 0 0 0 1 
4215528470033;0.525088;0.199263;0.999344 -0.0345463 0.0108271 0.152299 0.0348376 0.999001 -0.0279902 -0.314627 -0.00984936 0.0283491 0.99955 -0.430995 0 0 0 1 
4215528470034;0.461314;0.1158;0.999294 0.0369255 0.0069534 -0.231733 -0.0370627 0.999097 0.0207624 0.229058 -0.00618046 -0.0210054 0.99976 -0.179237 0 0 0 1 
4215528470035;0.980295;0.661195;0.999924 -0.00640569 -0.0105745 -0.222276 0.0064087 0.999979 0.000250018 -0.0922306 0.0105727 -0.000317768 0.999944 0.0732697 0 0 0 1 
4215528470036;1.14169;0.477169;0.998285 0.0549214 0.0202431 -0.502958 -0.0583654 0.960176 0.273233 0.464924 -0.00443062 -0.273946 0.961735 2.33937 0 0 0 1 
4215528470037;0.241412;0.111706;0.999888 0.004263 0.0143674 0.0413452 -0.00385374 0.999589 -0.0283936 0.101862 -0.0144825 0.028335 0.999494 0.0478639 0 0 0 1 
4215528470038;0.130156;0.147058;0.999486 0.0138678 0.0288893 -0.0608554 -0.0142322 0.999821 0.0124484 0.114998 -0.0287115 -0.0128531 0.999505 0.342549 0 0 0 1 
4215528470039;0.797747;0.304056;0.995226 -0.0494055 -0.0841653 0.190236 0.0249785 0.96262 -0.269701 0.0310324 0.0943439 0.266311 0.959259 -1.80744 0 0 0 1 
4215528470040;0.689028;0.689337;0.997471 -0.0320536 -0.063443 0.125461 0.0381308 0.994552 0.0970211 -0.306518 0.0599875 -0.0991948 0.993258 -0.362798 0 0 0 1 
4215528470041;0.231676;0.132381;0.953316 -0.0672099 -0.2944 1.11833 0.0290963 0.990825 -0.131981 -0.143046 0.30057 0.117254 0.946525 -3.33982 0 0 0 1 
4215528470042;0.841266;0.746669;0.98878 -0.0256571 0.147161 0.0138115 0.0107624 0.994815 0.10113 -0.00425768 -0.148993 -0.0984111 0.983929 1.52327 0 0 0 1 
4215528470043;0.639843;0.660213;0.996314 0.0258222 -0.0818022 -0.00764597 -0.0233697 0.999252 0.0307981 0.163288 0.0825363 -0.0287729 0.996173 -0.68805 0 0 0 1 
4215528470044;0.994474;0.0771739;0.999887 0.00456813 0.0143375 0.0288823 -0.00437463 0.999899 -0.0134987 0.085323 -0.0143977 0.0134344 0.999806 -0.784934 0 0 0 1 
4215528470045;0.386524;0.164941;0.993841 0.0244061 0.10809 -0.253523 -0.0720791 0.883266 0.463298 0.822278 -0.0841653 -0.468236 0.879586 3.42073 0 0 0 1 
4215528470046;1.07289;0.459892;0.97671 0.0594213 -0.20617 -0.0608374 -0.0472826 0.996873 0.0633169 0.317143 0.209288 -0.052094 0.976465 -0.824107 0 0 0 1 
4215528470047;0.459821;0.442973;0.992977 0.00800474 0.118034 -0.123202 -0.00697365 0.999934 -0.00914594 0.0298929 -0.118099 0.00825858 0.992967 0.923591 0 0 0 1 
4215528470048;0.649857;0.510722;0.999173 0.0311873 -0.0260723 -0.252312 -0.0308449 0.999434 0.0134355 0.240224 0.0264765 -0.0126202 0.99957 -0.0592707 0 0 0 1 
4215528470049;0.633618;0.375634;0.999876 -0.011596 -0.0106758 -0.0662498 0.013098 0.988062 0.153501 -0.216187 0.00876836 -0.153622 0.988091 1.18597 0 0 0 1 
4215528470050;0.671958;0.342608;0.997959 0.0418002 -0.0482863 -0.170098 -0.0403026 0.998688 0.0315832 0.366121 0.0495432 -0.0295727 0.998334 -0.680674 0 0 0 1 
4215528470051;0.865997;0.697545;0.997445 -0.0196666 -0.0686817 0.243367 0.00661262 0.982652 -0.185343 0.226952 0.0711353 0.184415 0.980271 -2.15784 0 0 0 1 
4215528470052;0.470145;0.444211;0.998469 0.0194373 -0.0517908 -0.0398772 -0.0207271 0.999485 -0.0244838 0.159854 0.0512883 0.0255198 0.998358 -0.634417 0 0 0 1 
4215528470053;1.01323;0.195412;0.99339 -0.00958504 0.114388 0.0954353 0.0210651 0.994807 -0.099578 -0.103441 -0.11284 0.101329 0.988433 -0.329095 0 0 0 1 
4215528470054;0.877545;0.662238;0.999186 0.0214222 -0.0341902 0.0719841 -0.0204157 0.999356 0.0295218 0.22253 0.0348006 -0.0287998 0.998979 -0.660957 0 0 0 1 
4215528470055;0.503431;0.202086;0.997138 -0.0228925 0.0720543 0.0186625 0.0312286 0.992667 -0.116781 0.0770753 -0.0688525 0.118697 0.99054 0.13687 0 0 0 1 
4215528470056;0.338949;0.219084;0.983059 -0.162162 0.0854302 0.860932 0.175877 0.96578 -0.190619 -1.20519 -0.0515956 0.202415 0.97794 -0.740675 0 0 0 1 
4215528470057;0.60477;0.0554386;0.99968 -0.0178041 0.0179905 0.115868 0.0172827 0.999438 0.0287343 -0.122458 -0.018492 -0.0284142 0.999425 -0.18258 0 0 0 1 
4215528470058;0.117082;0.0861205;0.998626 -0.0472352 0.0226811 0.247569 0.0478311 0.998504 -0.0264915 -0.382848 -0.0213959 0.02754 0.999392 0.00724586 0 0 0 1 
4215528470059;0.289428;0.323319;0.998119 -0.0184913 -0.0584565 0.141451 0.0117935 0.993535 -0.112913 -0.0136636 0.0601665 0.112011 0.991884 -1.23999 0 0 0 1 
4215528470060;0.876862;0.56025;0.963793 0.0760671 -0.255571 0.353122 -0.0532504 0.994047 0.0950496 0.443151 0.26128 -0.0779989 0.962107 -2.36894 0 0 0 1 
4215528470062;1.03489;0.652885;0.961624 -0.102078 0.254673 0.261914 0.166683 0.954639 -0.246742 -1.70189 -0.217934 0.279723 0.935019 2.66025 0 0 0 1 
4215528470063;0.150783;0.205512;0.996805 0.0400418 0.0691066 -0.320283 -0.0465123 0.994417 0.0947161 0.555111 -0.0649282 -0.0976278 0.993103 1.22757 0 0 0 1 
4215528470064;1.26892;0.24322;0.977195 0.0974673 -0.188652 0.698392 -0.0743234 0.989229 0.1261 0.825952 0.198911 -0.109203 0.973914 -3.08999 0 0 0 1 
4215528470065;0.672821;0.288608;0.999247 -0.0377017 0.00912382 0.0550526 0.0380614 0.998344 -0.0431351 -0.510586 -0.00748245 0.0434499 0.999028 -0.312092 0 0 0 1 
4215528470066;0.971407;0.296737;0.974093 -0.0592402 0.218251 0.0502485 0.140723 0.914255 -0.379914 -1.10051 -0.177031 0.400784 0.898906 1.77927 0 0 0 1 
4215528470067;0.479383;0.660947;0.998857 -0.0231752 0.0417926 -0.140345 0.0291509 0.988471 -0.148581 -0.161844 -0.0378674 0.149629 0.988017 0.030593 0 0 0 1 
4215528470068;1.75898;1.54848;0.997083 0.0711466 -0.0276304 -0.128535 -0.0653855 0.982992 0.171614 0.841212 0.0393702 -0.169307 0.984777 -0.261529 0 0 0 1 
4215528470069;1.1695;0.296255;0.996152 -0.0465877 0.0742395 -0.0980939 0.0428805 0.997789 0.0507714 -0.685928 -0.0764407 -0.0473925 0.995947 1.87417 0 0 0 1 
4215528470070;0.627154;0.203645;0.999909 -0.00391393 0.0128821 -0.0333492 0.00351643 0.999521 0.0307356 0.00890138 -0.0129962 -0.0306875 0.999445 0.00369975 0 0 0 1 
4215528470071;1.13782;0.239546;0.98746 0.0197522 -0.156629 0.709089 -0.007561 0.996921 0.078052 0.130116 0.157688 -0.0758889 0.984569 -2.50254 0 0 0 1 
4215528470072;1.12233;0.678067;0.998627 0.0139596 -0.0504997 -0.159716 -0.0131022 0.999765 0.0172708 0.0496656 0.0507289 -0.0165854 0.998575 -0.263267 0 0 0 1 
4215528470073;0.253366;0.064525;0.957658 -0.094082 0.272104 0.346837 0.169544 0.948135 -0.268876 -1.67238 -0.232695 0.303625 0.92394 2.44144 0 0 0 1 
4215528470074;0.891847;0.413201;0.922919 0.163726 -0.348447 1.49076 -0.0816562 0.967721 0.238428 0.685099 0.376236 -0.191597 0.906497 -4.89281 0 0 0 1 
4215528470075;0.661748;0.391348;0.998444 0.0127118 0.0543027 -0.275344 -0.0130189 0.999901 0.00530607 0.241779 -0.0542299 -0.00600478 0.99851 1.10181 0 0 0 1 
4215528470076;1.55682;0.2157;0.999869 0.0124162 -0.0103915 -0.0908367 -0.0124918 0.999896 -0.00723917 0.36689 0.0103005 0.00736803 0.99992 -1.04463 0 0 0 1 
4215528470077;0.434483;0.371852;0.99825 -0.0591383 -0.000397283 0.227532 0.0589987 0.996313 -0.0622936 -0.660004 0.00407975 0.0621611 0.998058 -0.352236 0 0 0 1 
4215528470078;1.12372;1.11903;0.963351 -0.0422647 0.264892 -0.00189196 0.0438236 0.999039 2.50791e-05 -0.647152 -0.264639 0.0115844 0.964278 3.82034 0 0 0 1 
4215528470079;1.36039;1.19928;0.993504 -0.0280372 0.110286 -0.265336 0.0431129 0.989662 -0.136786 -0.385284 -0.105311 0.140652 0.984442 1.32139 0 0 0 1 
4215528470080;1.57691;1.20003;0.981677 0.116633 -0.15069 0.132943 -0.0842817 0.975002 0.205591 1.06153 0.170902 -0.189123 0.966967 -1.66436 0 0 0 1 
4215528470081;1.29705;1.17508;0.994453 0.0876983 -0.0580638 -0.20527 -0.0802105 0.989446 0.12068 1.05366 0.0680344 -0.115353 0.990992 -0.554046 0 0 0 1 
4215528470082;0.754436;0.0825418;0.995517 -0.0653182 -0.0684039 0.520841 0.0552124 0.988551 -0.140423 -0.751168 0.0767929 0.136017 0.987726 -1.2733 0 0 0 1 
4215528470083;1.36137;0.467172;0.995185 -0.00287409 0.0979752 -0.371535 0.00948027 0.997706 -0.0670284 0.0331592 -0.0975578 0.0676345 0.992929 1.86692 0 0 0 1 
4215528470084;1.66015;1.26665;0.985132 -0.0156397 -0.171085 0.49761 0.00435803 0.997802 -0.0661199 0.0594514 0.171743 0.0643912 0.983035 -2.92864 0 0 0 1 
4215528470085;1.13067;0.255829;0.999636 0.011221 -0.024546 -0.216459 -0.00921282 0.996716 0.0804504 -0.176387 0.0253681 -0.080195 0.996456 0.513247 0 0 0 1 
4215528470086;1.1632;1.21735;0.930253 -0.027924 0.365854 0.240533 0.0170784 0.999314 0.0328482 -0.268694 -0.366521 -0.0243089 0.930092 5.47587 0 0 0 1 
4215528470087;0.757202;0.692934;0.997601 -0.00838307 0.0687108 -0.244114 0.0154026 0.994637 -0.102277 -0.0333164 -0.0674849 0.10309 0.99238 0.838826 0 0 0 1 
4215528470088;1.28516;0.712766;0.999823 -0.0187699 0.00161898 -0.132338 0.0188142 0.999241 -0.0341182 -0.284958 -0.000977356 0.0341426 0.999416 0.498007 0 0 0 1 
4215528470089;0.703952;0.404391;0.997784 0.0331155 -0.0577169 -0.155114 -0.0308313 0.998723 0.0400257 0.388312 0.0589686 -0.0381575 0.99753 -0.39133 0 0 0 1 
4215528470090;1.03548;0.45511;0.958302 -0.113697 0.262165 0.26095 0.206885 0.908908 -0.362057 -1.78084 -0.19712 0.401198 0.89453 1.22699 0 0 0 1 
4215528470091;1.49069;1.56735;0.999249 0.0351991 0.0161781 -0.222504 -0.0366851 0.993978 0.103256 0.383322 -0.0124462 -0.103772 0.994523 0.558535 0 0 0 1 
4215528470093;0.435815;0.39853;0.996848 -0.0792863 0.00277521 0.376506 0.0762943 0.967648 0.240494 -0.2677 -0.0217533 -0.239524 0.970647 0.242582 0 0 0 1 
4215528470094;0.626818;0.0278471;0.999348 0.0343601 0.0110833 -0.0449634 -0.0339105 0.998684 -0.0384779 0.199298 -0.0123908 0.038077 0.999198 -0.640445 0 0 0 1 
4215528470095;0.64508;0.485906;0.999011 -0.0425959 -0.0127395 0.190603 0.0417815 0.997412 -0.0585139 -0.155584 0.015199 0.0579237 0.998205 -0.402568 0 0 0 1 
4215528470096;0.715932;0.532153;0.999525 -0.0306186 0.00341831 0.0865071 0.0307428 0.998485 -0.0456304 -0.213962 -0.00201599 0.0457138 0.998953 -0.345066 0 0 0 1 
4215528470097;0.899584;0.89085;0.997653 -0.0660279 0.0181605 0.154044 0.0683284 0.977429 -0.199908 -0.371208 -0.00455111 0.20068 0.979646 0.290976 0 0 0 1 
4215528470098;0.598276;0.342544;0.989775 -0.0345624 0.138387 0.0747154 0.0105632 0.985296 0.170529 -0.145337 -0.142246 -0.167324 0.975586 0.0988116 0 0 0 1 
4215528470099;0.333474;0.078465;0.971638 0.0561701 -0.229703 0.105798 0.0426902 0.913753 0.404021 -0.0537975 0.232586 -0.402368 0.88544 -0.439645 0 0 0 1 
4215528470100;0.645112;0.0127373;0.999832 -0.0183029 -0.000755786 -0.000367496 0.0182994 0.999823 -0.0044006 -0.0352662 0.000836196 0.00438603 0.99999 -0.696569 0 0 0 1 
4215528470101;0.802084;0.483247;0.999098 -0.000704661 0.0424535 0.269178 0.00324061 0.998211 -0.0596956 0.0568956 -0.0423355 0.0597793 0.997313 0.3633 0 0 0 1 
4215528470102;0.571321;0.0823201;0.999877 -0.0149789 0.00459461 -0.155155 0.0151647 0.998939 -0.0434801 0.152503 -0.00393845 0.0435445 0.999044 -0.535844 0 0 0 1 
4215528470103;0.118159;0.127392;0.999961 -0.00753632 -0.00464464 0.0111389 0.00753443 0.999972 -0.000424697 -0.0320902 0.0046477 0.000389685 0.999989 -0.051828 0 0 0 1 
4215528470104;0.483078;0.0467192;0.959397 -0.0140392 0.281709 0.171262 -0.011654 0.995935 0.0893223 -0.252961 -0.281818 -0.0889785 0.955333 1.16041 0 0 0 1 
4215528470105;0.856272;0.711227;0.963703 -0.0003329 0.266975 0.00277463 0.0504309 0.982223 -0.180817 -0.15277 -0.262168 0.187718 0.946589 0.61088 0 0 0 1 
4215528470106;0.960069;0.676324;0.995303 -0.00969176 0.0963215 0.0932714 0.00721793 0.999636 0.0259984 -0.131119 -0.0965384 -0.025181 0.995011 0.835513 0 0 0 1 
4215528470107;0.403602;0.259387;0.952322 0.059839 -0.29917 0.028135 -0.0609069 0.998127 0.00576251 0.323177 0.298955 0.0127338 0.954182 -1.02531 0 0 0 1 
4215528470108;0.717513;0.551356;0.999971 0.00330281 0.00684177 0.10474 -0.0029138 0.99842 -0.0561079 -0.138134 -0.00701628 0.0560863 0.998401 0.0710784 0 0 0 1 
4215528470109;0.671253;0.17185;0.999582 -0.0285347 0.00459528 0.0479362 0.0285922 0.999507 -0.0129602 -0.14752 -0.0042232 0.0130862 0.999905 0.600343 0 0 0 1 
4215528470110;0.085073;0.0194333;0.999773 0.02114 0.00273628 0.00709527 -0.0211192 0.99975 -0.00739919 0.0659487 -0.00289201 0.00733972 0.999969 -0.0756336 0 0 0 1 
4215528470111;0.687198;0.0206785;0.998504 0.0044438 0.054505 -0.122402 -0.00778757 0.99809 0.0612899 -0.015929 -0.0541285 -0.0616226 0.996631 0.895671 0 0 0 1 
4215528470112;0.990082;0.207508;0.998903 0.0406774 -0.0232123 -0.041813 -0.0363844 0.986076 0.162265 0.201637 0.0294896 -0.161243 0.986474 0.952734 0 0 0 1 
4215528470113;0.115928;0.0939462;0.999768 0.0211261 -0.00415424 0.00836875 -0.0211327 0.999775 -0.0015561 0.118493 0.00412044 0.00164353 0.99999 -0.0273239 0 0 0 1 
4215528470114;0.310906;0.0312796;0.999997 -0.000567808 0.00245517 -0.156315 0.000574289 0.999996 -0.00263999 -0.052422 -0.00245366 0.00264139 0.999994 -0.273587 0 0 0 1 
4215528470115;0.363564;0.303045;0.999821 0.00791859 0.0171893 0.0703978 -0.00656763 0.996988 -0.0772738 -0.0132783 -0.0177495 0.0771471 0.996862 -0.0370028 0 0 0 1 
4215528470116;0.348278;0.258345;0.92056 -0.0626921 0.385537 0.233131 0.0140533 0.991712 0.127707 -0.014332 -0.390348 -0.112144 0.913812 0.978194 0 0 0 1 
4215528470117;0.290367;0.240013;0.99787 0.00669615 -0.0648957 -0.0136836 -0.0121231 0.996426 -0.0835963 0.008285 0.064104 0.084205 0.994384 -0.152206 0 0 0 1 
4215528470118;0.65787;0.354258;0.998825 -0.0100275 0.0474106 0.187146 0.0136692 0.996928 -0.0771244 -0.13176 -0.0464915 0.0776818 0.995894 -0.355579 0 0 0 1 
4215528470119;0.205525;0.0397555;0.992444 -0.0805341 0.0925655 0.0552378 0.0901582 0.990379 -0.104982 -0.134388 -0.0832203 0.112534 0.990157 0.215665 0 0 0 1 
4215528470120;0.310799;0.20332;0.994331 -0.00706659 -0.106095 0.136192 0.0420059 0.942733 0.330892 -0.0705397 0.0976808 -0.333472 0.937686 -0.0316126 0 0 0 1 
4215528470121;0.660347;0.0367653;0.939395 -0.030712 0.341458 0.251473 0.148186 0.934509 -0.323626 -0.509148 -0.309157 0.354612 0.882424 1.19001 0 0 0 1 
4215528470122;0.789381;0.478268;0.983993 0.0130145 0.177731 -0.0546147 -0.0349093 0.992084 0.120626 0.0893517 -0.174755 -0.1249 0.976658 -0.0282722 0 0 0 1 
4215528470124;0.80876;0.569922;0.947447 0.00454899 0.319879 0.163241 0.0498357 0.985593 -0.161624 -0.0577718 -0.316006 0.169071 0.933571 0.717978 0 0 0 1 
4215528470125;0.139303;0.0212941;0.990744 -0.0525889 -0.125146 0.1782 0.0354967 0.990198 -0.135085 -0.190878 0.131023 0.129393 0.982899 -0.880737 0 0 0 1 
4215528470126;0.0966618;0.113358;0.998174 -0.00458481 -0.0602225 -0.0210848 0.00547064 0.999879 0.0145526 0.000200371 0.0601485 -0.0148555 0.998079 -0.262321 0 0 0 1 
4215528470127;0.789796;0.236969;0.999978 -0.0061472 0.00237828 -0.155658 0.0061465 0.999981 0.000301909 -0.0122347 -0.00238009 -0.000287284 0.999997 0.654511 0 0 0 1 
4215528470128;0.207096;0.00862051;0.998743 0.0422104 0.027046 -0.122451 -0.0421197 0.999105 -0.00391671 0.190201 -0.0271871 0.00277261 0.999627 -0.078941 0 0 0 1 
4215528470129;0.938911;0.040376;0.999928 0.0101419 0.00642919 -0.0631316 -0.0101088 0.999936 -0.00516938 0.303465 -0.0064812 0.00510402 0.999966 0.866709 0 0 0 1 
4215528470130;0.991785;0.793168;0.985593 0.0442813 -0.163235 -0.217353 -0.0232773 0.991448 0.128408 0.109751 0.167525 -0.122758 0.978195 -0.137931 0 0 0 1 
4215528470131;0.387282;0.292434;0.999964 -0.00700934 0.00484847 -0.0419599 0.0070394 0.999956 -0.00621039 0.0354358 -0.00480472 0.00624429 0.999969 -0.102654 0 0 0 1 
4215528470132;0.92999;0.497201;0.999578 -0.013825 0.0255545 0.037478 0.0148699 0.999042 -0.0411618 0.0786369 -0.024961 0.0415244 0.998826 -0.771943 0 0 0 1 
4215528470133;0.555582;0.465022;0.999784 -0.00603397 0.0198734 0.0915608 0.0102093 0.976061 -0.217255 -0.0095158 -0.0180867 0.217412 0.975912 -0.613367 0 0 0 1 
4215528470134;0.99593;0.736176;0.966067 0.00631089 0.258215 -0.0421475 -0.0278897 0.996405 0.079992 0.0620649 -0.256782 -0.0844791 0.96277 0.484937 0 0 0 1 
4215528470135;1.17319;0.98114;0.988543 -0.0397684 0.145606 0.0710894 0.0935698 0.918402 -0.384424 -0.441619 -0.118437 0.393644 0.911601 0.270655 0 0 0 1 
4215528470136;0.830588;0.71983;0.998795 -0.01398 0.0470393 0.0503173 -0.000600915 0.955006 0.296586 0.0122815 -0.0490691 -0.296257 0.953847 0.935177 0 0 0 1 
4215528470137;0.395265;0.217005;0.988508 -0.0390992 0.146023 0.0150357 -0.0269589 0.904889 0.424793 0.289746 -0.148743 -0.423848 0.893436 1.76755 0 0 0 1 
4215528470138;1.02893;0.855559;0.99525 0.0548671 -0.0804212 0.0310105 -0.0442827 0.990792 0.127945 0.26007 0.0867007 -0.123776 0.988515 -0.408559 0 0 0 1 
4215528470139;0.649753;0.293461;0.989117 -0.0575578 -0.135406 -0.102842 0.0271834 0.975952 -0.216283 -0.226118 0.144599 0.210249 0.966895 -0.692059 0 0 0 1 
4215528470140;0.360307;0.105239;0.901601 -0.0317814 0.431399 0.387407 0.0701885 0.99483 -0.0734006 -0.310842 -0.426836 0.0964574 0.89917 1.76708 0 0 0 1 
4215528470141;0.657293;0.384557;0.997615 0.0104176 -0.0682391 -0.26922 -0.0119095 0.999698 -0.021494 0.0734953 0.0679946 0.0222554 0.997437 -0.431053 0 0 0 1 
4215528470142;0.724166;0.534977;0.999987 0.00134136 0.00496962 -0.066677 -0.00114347 0.999215 -0.0396104 -0.119895 -0.00501885 0.0396042 0.999203 0.237281 0 0 0 1 
4215528470143;0.681426;0.105209;0.944752 0.112684 -0.307807 -0.346471 -0.0360268 0.96906 0.244182 0.335759 0.325799 -0.219602 0.919581 -1.20997 0 0 0 1 
4215528470144;0.404104;0.263432;0.999966 0.00603012 -0.00566977 -0.130801 -0.00575161 0.998835 0.0479173 0.112866 0.00595211 -0.047883 0.998835 -0.00587306 0 0 0 1 
4215528470145;0.189223;0.0229379;0.997848 -0.0510008 -0.0412116 0.153489 0.0371622 0.957694 -0.28538 -0.0197708 0.0540227 0.283234 0.957528 -0.896552 0 0 0 1 
4215528470146;0.235131;0.0434438;0.991628 0.0413209 0.122341 -0.180125 -0.040172 0.999123 -0.0118441 0.0804146 -0.122723 0.0068303 0.992417 0.614604 0 0 0 1 
4215528470147;0.605051;0.350746;0.999173 0.0104367 -0.0393031 -0.194373 -0.0105717 0.999939 -0.00322722 0.0216081 0.039267 0.00364005 0.999222 -0.448396 0 0 0 1 
4215528470148;0.594371;0.334141;0.908807 -0.0467648 0.414587 0.401282 -0.00170476 0.993274 0.115777 -0.00574609 -0.417213 -0.105926 0.902615 2.46929 0 0 0 1 
4215528470149;0.787506;0.592096;0.999811 0.00298949 0.0192075 0.0600114 -0.00296213 0.999995 -0.00145269 -0.163325 -0.0192117 0.00139552 0.999814 0.0374326 0 0 0 1 
4215528470150;0.616542;0.245204;0.985606 0.0132793 0.168534 0.0121962 -0.0162336 0.999738 0.0161637 -0.00192525 -0.168275 -0.018667 0.985563 1.26032 0 0 0 1 
4215528470151;0.660847;0.567898;0.999443 -0.0286834 0.0170613 0.000641677 0.0299581 0.996356 -0.0798599 -0.111124 -0.0147084 0.0803266 0.99666 -0.428933 0 0 0 1 
4215528470152;0.936036;0.211612;0.994528 0.0164006 0.103176 -0.0517132 -0.0209332 0.998856 0.0430023 0.0883131 -0.102353 -0.0449268 0.993733 -0.338939 0 0 0 1 
4215528470153;0.43556;0.44376;0.993797 -0.0215109 -0.109112 -0.00556289 0.00502208 0.988795 -0.149195 0.0257544 0.111099 0.147722 0.982769 -0.884921 0 0 0 1 
4215528470155;0.767559;0.565859;0.998645 0.0489943 -0.0175573 -0.150581 -0.047047 0.994073 0.0980078 0.324802 0.0222551 -0.097049 0.995031 -0.25967 0 0 0 1 
4215528470156;0.534127;0.0312228;0.955494 0.0954052 -0.279157 0.147327 -0.0668525 0.99167 0.110093 0.177891 0.287335 -0.0865311 0.953913 -1.39885 0 0 0 1 
4215528470157;0.770434;0.404968;0.991582 0.0265551 0.126731 -0.102715 -0.0203381 0.998537 -0.0501008 -0.0217296 -0.127876 0.0471015 0.990671 1.10288 0 0 0 1 
4215528470158;0.945303;0.622286;0.983846 0.0740077 -0.163 0.0547984 -0.0464534 0.984897 0.166791 0.289837 0.172882 -0.156525 0.972426 -1.13651 0 0 0 1 
4215528470159;0.28795;0.175436;0.999125 -0.0210596 -0.0361268 -0.00346191 0.0202357 0.99953 -0.0230211 -0.039083 0.0365947 0.0222699 0.999082 0.0946471 0 0 0 1 
4215528470160;0.771203;0.526739;0.998501 -0.00751876 -0.0542116 -0.0589345 0.00576363 0.999456 -0.0324596 0.0630298 0.0544262 0.0320985 0.998002 -0.861878 0 0 0 1 
4215528470161;0.233784;0.168879;0.9925 0.0213714 0.120366 -0.0546593 -0.0218219 0.999759 0.00242568 0.0886928 -0.120285 -0.0050341 0.992727 0.327339 0 0 0 1 
4215528470162;0.571431;0.0678183;0.996638 0.0231408 0.078597 -0.627503 -0.0360228 0.985354 0.16667 0.0937515 -0.073589 -0.168941 0.982875 0.665327 0 0 0 1 
4215528470163;0.611739;0.199385;0.998967 -0.0202004 0.0406974 -0.107763 0.0212118 0.999473 -0.0245742 -0.0261905 -0.0401795 0.0254121 0.998869 0.763229 0 0 0 1 
4215528470164;0.552648;0.449549;0.999189 -0.0108537 0.0387632 0.0693814 0.0123193 0.99921 -0.0377731 -0.156336 -0.0383226 0.03822 0.998534 0.15088 0 0 0 1 
4215528470165;0.294545;0.096961;0.998943 0.0224008 -0.0401442 -0.0660889 -0.0214737 0.999496 0.0233788 0.288364 0.0406477 -0.022492 0.99892 -0.233231 0 0 0 1 
4215528470166;0.624564;0.503633;0.999214 0.0124068 0.0376522 0.117347 -0.0108748 0.999115 -0.0406219 0.0403618 -0.0381228 0.0401805 0.998465 -0.218818 0 0 0 1 
4215528470167;0.723593;0.0373289;0.996533 0.0831901 -0.000744564 -0.29403 -0.0830432 0.994156 -0.0689727 0.443507 -0.00499763 0.0687954 0.997618 0.787758 0 0 0 1 
4215528470168;0.682452;0.423349;0.927549 0.0974297 -0.360776 -0.237462 -0.0694195 0.993535 0.0898332 0.330731 0.367196 -0.0582799 0.928316 -0.472763 0 0 0 1 
4215528470169;0.452691;0.131536;0.995918 0.0497963 -0.0752806 -0.0433584 -0.0411608 0.992833 0.112201 0.22797 0.0803283 -0.108645 0.99083 -0.622382 0 0 0 1 
4215528470170;0.927037;0.0512295;0.973211 0.189254 -0.130547 -0.50747 -0.119108 0.900697 0.417801 1.08419 0.196654 -0.39106 0.89911 -0.80122 0 0 0 1 
4215528470171;0.544194;0.374907;0.913138 -0.0178865 -0.407258 0.383502 -0.0773384 0.973292 -0.216151 0.367586 0.400247 0.228873 0.887367 -1.75668 0 0 0 1 
4215528470172;0.700934;0.471458;0.903135 0.00829263 0.429277 0.256991 0.00712997 0.999386 -0.0343062 -0.128137 -0.429298 0.0340439 0.902521 1.73554 0 0 0 1 
4215528470173;0.534414;0.233893;0.983459 0.028313 -0.178903 0.0913949 -0.0327898 0.999218 -0.0221156 0.20349 0.178137 0.0276159 0.983618 -1.13875 0 0 0 1 
4215528470174;0.297039;0.0393206;0.996958 0.0742799 0.023596 -0.0882421 -0.0772263 0.982309 0.170602 0.265519 -0.0105063 -0.171905 0.985058 -0.0947844 0 0 0 1 
4215528470175;0.347703;0.1826;0.993881 0.019657 0.108696 -0.0181851 -0.0615116 0.915834 0.396818 0.174321 -0.0917473 -0.401076 0.911439 0.536021 0 0 0 1 
4215528470176;0.75672;0.516808;0.951458 -0.0027361 0.307766 -0.061592 0.0682609 0.976933 -0.202344 0.0758213 -0.300113 0.21353 0.929697 0.433649 0 0 0 1 
4215528470177;0.756848;0.201585;0.997839 0.0546007 -0.0365652 0.0131622 -0.0412347 0.953504 0.298545 0.153832 0.0511658 -0.296392 0.953695 -0.698979 0 0 0 1 
4215528470178;0.523311;0.485613;0.983562 -0.0190613 -0.179562 0.103266 0.00400393 0.99647 -0.0838482 0.0260006 0.180526 0.081751 0.980167 -0.882773 0 0 0 1 
4215528470179;0.41696;0.187792;0.957194 0.115741 -0.265301 0.0591507 -0.0474319 0.966904 0.250693 0.35112 0.285536 -0.227378 0.931004 -0.750287 0 0 0 1 
4215528470180;0.591922;0.282431;0.992791 0.041091 -0.112599 -0.0124385 -0.0371081 0.998617 0.0372446 0.187748 0.113973 -0.0327978 0.992942 -0.87683 0 0 0 1 
4215528470181;0.100371;0.0251067;0.997096 0.0725756 -0.0230891 -0.0555969 -0.0692006 0.989954 0.1233 0.265196 0.0318057 -0.121344 0.992101 0.012233 0 0 0 1 
4215528470182;0.852078;0.342241;0.99223 0.00656732 -0.124242 0.110359 -0.00166598 0.999218 0.0395127 0.1053 0.124405 -0.0389987 0.991465 -1.30013 0 0 0 1 
4215528470183;0.165427;0.020484;0.998988 -0.00919203 0.0440325 0.0973046 0.0140018 0.993811 -0.110202 -0.034652 -0.042747 0.110707 0.992933 0.135573 0 0 0 1 
4215528470184;0.841318;0.303941;0.879223 -0.0100481 -0.476305 0.529463 -0.0366527 0.995388 -0.0886566 0.464549 0.474999 0.0954067 0.874799 -2.42274 0 0 0 1 
4215528470186;0.933251;0.511118;0.999877 0.000640841 0.0156398 0.0238643 -0.00213106 0.995432 0.0954546 0.0367163 -0.0155071 -0.0954762 0.995311 -0.548497 0 0 0 1 
4215528470187;0.872934;0.560763;0.960108 -0.0643349 -0.272126 0.370735 -0.00494096 0.969118 -0.246547 0.319309 0.279584 0.238057 0.930141 -2.32778 0 0 0 1 
4215528470188;0.636802;0.266647;0.999916 -0.00485473 -0.012016 -0.160273 0.00268793 0.984712 -0.174168 -0.110016 0.0126778 0.174121 0.984643 0.0108032 0 0 0 1 
4215528470189;0.616608;0.450731;0.920747 0.0153051 0.389861 0.315874 0.0285532 0.993908 -0.106454 -0.22829 -0.389115 0.109149 0.9147 1.72808 0 0 0 1 
4215528470190;0.721491;0.251798;0.999546 0.0271744 0.0129917 -0.246412 -0.0269035 0.999426 -0.0205884 0.0628844 -0.0135438 0.0202296 0.999704 -0.55051 0 0 0 1 
4215528470191;0.988569;0.366758;0.999385 0.0350528 -0.000644299 -0.178902 -0.0348436 0.995118 0.0923363 0.179478 0.0038778 -0.0922571 0.995728 0.993611 0 0 0 1 
4215528470192;0.483071;0.413063;0.996549 0.00722383 0.0826886 -0.0599273 0.000186444 0.996008 -0.0892602 -0.0698823 -0.0830033 0.0889676 0.99257 0.207417 0 0 0 1 
4215528470193;1.00219;0.801008;0.993388 0.00484705 0.114705 0.0105627 -0.0130539 0.997398 0.0709045 -0.0176507 -0.114063 -0.071933 0.990866 1.14632 0 0 0 1 
4215528470194;0.574823;0.441721;0.971049 -0.0249677 -0.237573 0.231533 -0.0454613 0.957032 -0.286396 0.382377 0.234516 0.288904 0.92819 -1.81673 0 0 0 1 
4215528470195;0.262201;0.243359;0.999639 0.020668 -0.0171559 -0.0383646 -0.0198727 0.998776 0.0453 0.0476999 0.0180711 -0.0449428 0.998826 0.0847499 0 0 0 1 
4215528470196;0.705585;0.0216421;0.996782 0.0726321 0.0339173 -0.139116 -0.0754682 0.992933 0.0915947 0.578278 -0.0270249 -0.0938596 0.995219 0.940091 0 0 0 1 
4215528470197;0.958351;0.578602;0.973218 -0.0116797 -0.229589 -0.104083 -0.00288371 0.99801 -0.062995 -0.0147281 0.229868 0.0619699 0.971247 -0.481716 0 0 0 1 
4215528470198;0.657229;0.48745;0.992006 0.0248656 -0.123717 0.0979194 -0.0181574 0.998318 0.055057 0.159413 0.124878 -0.0523705 0.990789 -0.6458 0 0 0 1 
4215528470199;0.280312;0.142737;0.956574 -0.00379765 0.291465 0.14922 -0.067364 0.969967 0.233724 0.395362 -0.283599 -0.243208 0.927589 1.59086 0 0 0 1 
4215528470200;0.717676;0.650328;0.976941 0.0680759 -0.202366 -0.166417 -0.0488433 0.993931 0.0985626 0.293131 0.207848 -0.0864056 0.974337 -0.509466 0 0 0 1 
4215528470201;0.269494;0.0443621;0.998653 -0.0210322 0.0474325 0.00759094 0.0220238 0.999548 -0.0204805 0.0900941 -0.0469803 0.0214976 0.998664 0.285885 0 0 0 1 
4215528470202;0.839096;0.48495;0.956114 -0.0298704 0.291468 0.0104626 0.0111559 0.99778 0.0656598 -0.0926721 -0.292782 -0.0595267 0.954325 0.67417 0 0 0 1 
4215528470203;0.446878;0.408704;0.999037 0.0430312 -0.00851903 -0.230045 -0.0430024 0.999069 0.00354515 0.187772 0.00866365 -0.0031754 0.999957 -0.0129913 0 0 0 1 
4215528470204;0.245546;0.274644;0.999928 -0.00792405 -0.00905047 -0.0859347 0.0077121 0.999701 -0.0232176 0.0363038 0.00923174 0.0231461 0.999689 -0.0934565 0 0 0 1 
4215528470205;0.862633;0.0317619;0.999662 0.0256545 -0.00414195 -0.113648 -0.0256457 0.999669 0.00218012 -0.0450794 0.0041965 -0.00207316 0.999989 0.831229 0 0 0 1 
4215528470206;0.412937;0.230542;0.99861 0.0454045 -0.0267744 -0.132334 -0.0355547 0.955212 0.293777 0.094995 0.0389141 -0.292417 0.955499 0.25894 0 0 0 1 
4215528470207;0.79837;0.109751;0.997993 0.0599084 -0.0205388 0.276743 -0.0444393 0.893499 0.446862 0.0819073 0.0451222 -0.445052 0.894367 0.288755 0 0 0 1 
4215528470208;0.797346;0.372491;0.99812 0.0130502 0.0598788 -0.25217 -0.026427 0.973207 0.228408 0.185484 -0.0552937 -0.229561 0.971722 1.38473 0 0 0 1 
4215528470209;0.744174;0.106739;0.999719 0.0172933 -0.0162227 -0.117358 -0.0176402 0.999613 -0.0214922 0.236382 0.0158447 0.0217723 0.999637 0.57604 0 0 0 1 
4215528470210;0.00963021;0.0331395;0.999988 0.000395498 0.00490012 0.0259829 -0.000380971 0.999996 -0.00296525 0.0180722 -0.00490127 0.00296335 0.999984 0.00029056 0 0 0 1 
4215528470211;0.575999;0.232657;0.994156 0.033897 -0.102495 0.0386663 -0.0305049 0.99894 0.0344837 0.176332 0.103555 -0.0311556 0.994136 -0.875786 0 0 0 1 
4215528470212;0.0961837;0.0385378;0.999139 -0.0397234 -0.0119907 0.135771 0.0377875 0.990456 -0.132548 -0.116231 0.0171415 0.131981 0.991104 -0.294665 0 0 0 1 
4215528470213;0.289621;0.196084;0.967425 -0.0444715 -0.249222 0.223307 -0.0376696 0.948203 -0.315423 0.297621 0.25034 0.314537 0.91564 -1.68896 0 0 0 1 
4215528470214;0.573067;0.193006;0.999325 0.00156184 -0.0367051 0.0947595 0.000220783 0.998823 0.0485119 0.0540072 0.0367376 -0.0484873 0.998148 -0.587282 0 0 0 1 
4215528470215;0.890995;0.395055;0.999858 -0.0167538 0.00176613 0.0216635 0.0167711 0.999806 -0.0103185 0.0390995 -0.00159291 0.0103466 0.999945 -0.832655 0 0 0 1 
4215528470217;1.22438;0.089861;0.999675 0.020538 -0.015135 0.276773 -0.0208797 0.999523 -0.0227753 0.318809 0.01466 0.0230839 0.999626 -0.959897 0 0 0 1 
4215528470218;0.463441;0.644844;0.99943 -0.0262681 -0.0212244 0.0301209 0.0218167 0.981935 -0.187958 0.0407774 0.0257783 0.187388 0.981948 -1.31038 0 0 0 1 
4215528470219;1.25639;0.625935;0.997951 0.00738572 -0.0635599 -0.0229468 0.0115774 0.956081 0.292873 -0.431093 0.0629315 -0.293009 0.954036 0.410655 0 0 0 1 
4215528470220;0.864498;0.153322;0.988584 0.0440344 0.144092 -0.310622 -0.100133 0.906602 0.409934 0.718619 -0.112583 -0.419682 0.900662 3.20482 0 0 0 1 
4215528470221;0.77456;0.753193;0.976069 0.000271549 0.217461 -0.0746775 -0.00378332 0.999869 0.0157328 -0.0420025 -0.217428 -0.016179 0.975942 2.27256 0 0 0 1 
4215528470222;0.34545;0.298657;0.99754 -0.050435 0.0486938 0.161863 0.0506829 0.998707 -0.00386868 -0.523111 -0.0484357 0.0063271 0.998806 0.347459 0 0 0 1 
4215528470223;0.822643;0.419887;0.990467 -0.111942 -0.0802732 0.857572 0.103341 0.989161 -0.104309 -0.879054 0.0910797 0.0950189 0.9913 -1.88412 0 0 0 1 
4215528470224;0.61224;0.303951;0.99828 -0.0202359 0.0550157 0.148873 0.0284848 0.987729 -0.153559 -0.0909094 -0.0512332 0.154862 0.986607 -0.0536549 0 0 0 1 
4215528470225;0.96443;0.0673329;0.998765 0.0360923 0.0341355 -0.417715 -0.0354964 0.999209 -0.0179055 0.893521 -0.0347548 0.0166717 0.999257 0.0202339 0 0 0 1 
4215528470226;1.60186;0.390686;0.998982 0.0448978 0.00431283 -0.567521 -0.0429898 0.918851 0.392257 0.51601 0.0136486 -0.392043 0.919846 2.82933 0 0 0 1 
4215528470227;0.62327;0.191397;0.994025 0.0127749 0.108401 -0.145708 -0.0052865 0.997596 -0.069089 0.280556 -0.109023 0.0681031 0.991704 0.455994 0 0 0 1 
4215528470228;0.76285;0.723552;0.97089 0.00695905 -0.239424 0.53644 0.0158248 0.99553 0.0931074 -0.210868 0.239001 -0.0941859 0.966441 -1.98709 0 0 0 1 
4215528470229;0.828483;0.116048;0.935844 0.0203153 -0.351827 0.685948 -0.0431934 0.997422 -0.0572989 0.706969 0.349756 0.0688195 0.93431 -4.07105 0 0 0 1 
4215528470230;1.52282;1.22259;0.999954 0.00370512 -0.00887256 -0.151429 -0.00352583 0.999791 0.0201385 0.124846 0.00894532 -0.0201062 0.999758 -0.10033 0 0 0 1 
4215528470231;1.36079;1.14382;0.952402 0.0584028 -0.299197 0.808275 -0.0524072 0.998232 0.0280312 0.5491 0.300306 -0.0110169 0.953779 -3.20905 0 0 0 1 
4215528470232;1.01124;0.309599;0.994589 0.0400698 0.0958527 -0.368201 -0.0445198 0.998006 0.0447451 0.278704 -0.0938687 -0.0487703 0.994389 0.76005 0 0 0 1 
4215528470233;0.360528;0.103159;0.999798 -0.0190055 -0.00657694 0.0946596 0.019082 0.999749 0.0117663 -0.355773 0.00635166 -0.0118894 0.999909 0.12533 0 0 0 1 
4215528470234;0.247697;0.0732962;0.999984 0.00430766 0.00360797 -0.132055 -0.0043018 0.999989 -0.00162932 0.0525298 -0.00361495 0.00161377 0.999992 -0.0409054 0 0 0 1 
4215528470235;1.12906;1.20947;0.979717 -0.111167 -0.166725 0.958172 0.074434 0.974369 -0.212286 -0.384221 0.186051 0.19557 0.96288 -3.12732 0 0 0 1 
4215528470236;0.421865;0.21592;0.985243 0.161968 -0.0553315 -0.578951 -0.138892 0.945494 0.294535 1.37724 0.100021 -0.282504 0.954038 0.404161 0 0 0 1 
4215528470237;1.6174;1.08695;0.999741 0.0181434 -0.0137184 -0.2632 -0.0179715 0.99976 0.0125539 0.0456109 0.0139428 -0.0123041 0.999827 0.617902 0 0 0 1 
4215528470238;1.42655;0.0586015;0.971835 -0.102488 0.212211 0.249868 0.130271 0.984025 -0.121344 -1.6096 -0.196385 0.145571 0.969661 2.04943 0 0 0 1 
4215528470239;1.23487;0.59399;0.994131 0.0397332 -0.100618 -0.344572 -0.0352386 0.998317 0.0460605 0.269475 0.102278 -0.0422445 0.993858 -0.272811 0 0 0 1 
4215528470240;1.31981;0.365794;0.984976 -0.161499 0.0611644 0.528969 0.162305 0.986705 -0.00840536 -1.84708 -0.0589937 0.0182063 0.998092 1.1674 0 0 0 1 
4215528470241;0.144224;0.073539;0.994269 -0.0571373 0.0903579 0.210428 0.0630052 0.995992 -0.0634788 -0.575283 -0.0863688 0.0688081 0.993884 0.482149 0 0 0 1 
4215528470242;0.341886;0.16769;0.995128 -0.076514 0.0621741 0.285969 0.0833191 0.989811 -0.115463 -0.770313 -0.0527062 0.12008 0.991364 -0.225797 0 0 0 1 
4215528470243;0.806737;0.496252;0.998384 -0.0376277 0.0425786 0.121259 0.0401559 0.99738 -0.0601672 -0.138902 -0.0402031 0.0617797 0.99728 -0.0355183 0 0 0 1 
4215528470244;0.044198;0.0341227;0.999472 0.032106 0.00495391 -0.17837 -0.0321093 0.999484 0.000576175 0.351084 -0.00493286 -0.000734937 0.999988 0.0265469 0 0 0 1 
4215528470245;1.65415;0.594106;0.999874 0.0154359 0.00368702 -0.0519149 -0.0151422 0.997463 -0.0695617 0.480218 -0.00475141 0.0694971 0.997571 -1.20432 0 0 0 1 
4215528470246;0.359411;0.50735;0.976459 -0.193797 0.0947109 0.864081 0.197655 0.979712 -0.0331223 -1.93748 -0.0863704 0.0510626 0.994954 0.540157 0 0 0 1 
4215528470248;1.05013;0.961553;0.992069 0.0146809 -0.124831 -0.130944 -0.0185642 0.999377 -0.0300021 0.151857 0.124312 0.0320816 0.991724 -0.636083 0 0 0 1 
4215528470249;0.429566;0.0432859;0.975715 -0.0486621 0.213569 0.226972 -0.0134392 0.959874 0.280108 0.0898243 -0.21863 -0.276176 0.93591 2.73082 0 0 0 1 
4215528470250;0.0803374;0.0427766;0.998589 0.0509167 -0.0150773 -0.221829 -0.0496696 0.996025 0.0739405 0.255875 0.0187822 -0.0730873 0.997149 0.163774 0 0 0 1 
4215528470251;0.907231;0.752972;0.995171 0.000131562 0.098161 -0.159966 -0.0081358 0.996669 0.0811461 0.0481565 -0.0978233 -0.0815529 0.991857 0.672298 0 0 0 1 
4215528470252;0.54782;0.0362157;0.999731 0.0201688 -0.0114186 0.000124325 -0.0199211 0.999572 0.0214079 0.0652967 0.0118455 -0.0211747 0.999706 -0.508756 0 0 0 1 
4215528470253;0.780027;0.679864;0.972393 0.0416804 -0.229599 0.088678 -0.0385066 0.999091 0.0182882 0.321794 0.230152 -0.00894227 0.973114 -1.42344 0 0 0 1 
4215528470254;0.503441;0.0914938;0.975957 0.0139837 0.217515 -0.0410074 -0.0521188 0.983962 0.170592 0.170977 -0.211641 -0.177827 0.961034 1.51575 0 0 0 1 
4215528470255;0.683372;0.40675;0.996894 -0.010944 0.0779942 -0.044111 0.0179433 0.995815 -0.089614 -0.216714 -0.076687 0.0907351 0.992918 0.41278 0 0 0 1 
4215528470256;0.928983;0.426353;0.99688 0.0494754 -0.0615092 -0.40268 -0.0473137 0.998227 0.0361182 0.29379 0.0631871 -0.0330952 0.997453 0.407518 0 0 0 1 
4215528470257;0.749547;0.27393;0.995067 -0.0327676 -0.0936374 0.268261 0.0149394 0.982607 -0.185097 0.200486 0.0980739 0.182785 0.978249 -1.91401 0 0 0 1 
4215528470258;0.0650151;0.0356817;0.999647 -0.0260945 0.00500518 0.0799978 0.0261199 0.999646 -0.00507945 -0.147152 -0.00487086 0.00520839 0.999975 -0.0446919 0 0 0 1 
