#;prob_registration_l1 -r /home/probabilistic_point_clouds_registration/build/tester /home/point_clouds_registration_benchmark/planetary_map_local.txt /home/point_clouds_registration_benchmark/p2at_met -s 0.2 -t 0.2 -p 0.3 -r 1000 -m 5 -i 40 
id;initial_error;final_error;transformation
25528382210000;2.8561;1.66946;0.999966 -0.00811826 -0.00119475 -0.603857 0.00813861 0.999802 0.0181479 -0.138916 0.00104718 -0.018157 0.999835 1.25445 0 0 0 1 
25528382210001;2.11331;1.68856;0.999993 -0.000392812 -0.00364265 -0.0266052 0.000989938 0.986224 0.16541 -0.837834 0.0035275 -0.165412 0.986218 -8.98075 0 0 0 1 
25528382210002;1.70145;1.55624;0.97509 0.0068415 0.221703 0.892853 0.0485295 0.968727 -0.243336 -2.33709 -0.216434 0.248034 0.944265 13.7845 0 0 0 1 
25528382210003;1.37022;0.489093;0.999998 -0.00203904 -0.000644369 -0.356476 0.00204384 0.99997 0.00753631 0.032262 0.000628983 -0.00753761 0.999971 0.713622 0 0 0 1 
25528382210004;1.75339;1.36527;0.967042 -0.0402999 0.251407 -1.73551 0.00877897 0.992085 0.12526 -0.236285 -0.254465 -0.118925 0.959742 -5.51414 0 0 0 1 
25528382210005;0.735848;0.446814;0.993938 0.00548618 0.109809 0.531239 0.0286199 0.951413 -0.306586 -3.0065 -0.106156 0.30787 0.945488 16.4808 0 0 0 1 
25528382210006;1.57164;0.576575;0.997598 -0.00662073 -0.0689512 -0.332161 0.00530282 0.9998 -0.0192792 -0.00352911 0.0690651 0.0188672 0.997434 -1.01699 0 0 0 1 
25528382210007;1.73822;1.48396;0.99998 0.000775293 -0.00622977 0.253225 -0.00110323 0.998604 -0.0528106 -0.238425 0.00618012 0.0528165 0.998585 2.11446 0 0 0 1 
25528382210008;0.906109;0.907677;0.995083 0.00759729 0.0987512 0.634928 -0.00862676 0.999913 0.0100021 0.107994 -0.0986666 -0.0108048 0.995062 0.00307888 0 0 0 1 
25528382210009;0.490985;0.30668;0.97147 0.036897 -0.234276 1.74176 -0.0123976 0.994374 0.105198 0.0407818 0.23684 -0.0992926 0.966462 -6.54872 0 0 0 1 
25528382210010;2.17163;1.43777;0.989834 -0.0276168 -0.13952 -1.21419 -0.0356977 0.901325 -0.431669 -4.28897 0.137674 0.432261 0.891177 18.4449 0 0 0 1 
25528382210011;2.42393;1.90202;0.999619 0.0257624 -0.00985779 1.41519 -0.0241441 0.990002 0.138971 -0.0802544 0.0133394 -0.13868 0.990247 -8.53152 0 0 0 1 
25528382210012;1.04957;0.508812;0.997773 -0.00982843 -0.0659707 -0.520793 0.00571793 0.998047 -0.06221 -0.504797 0.0664532 0.0616942 0.99588 3.2562 0 0 0 1 
25528382210013;1.47687;1.23471;0.999991 -0.00343129 0.00262138 -0.147944 0.00341639 0.999978 0.00566527 -0.00849678 -0.00264076 -0.00565626 0.999981 0.362629 0 0 0 1 
25528382210014;2.77484;2.2571;0.983371 -0.0186923 0.180644 -0.330395 -0.0473773 0.93384 0.354538 -2.55267 -0.17532 -0.357201 0.917426 -15.8548 0 0 0 1 
25528382210015;1.8346;1.69862;0.996648 0.00346302 0.0817315 0.279813 0.00206561 0.99772 -0.0674625 -0.201322 -0.0817787 0.0674052 0.994369 4.59233 0 0 0 1 
25528382210016;0.567147;0.361336;0.994163 0.014989 -0.106846 0.650912 0.00253037 0.986791 0.161978 -0.643225 0.107862 -0.161303 0.980993 -9.26711 0 0 0 1 
25528382210017;2.04883;1.45224;0.951025 0.0494217 -0.305138 2.05004 0.0211646 0.974409 0.223784 -1.19338 0.308389 -0.219282 0.925641 -11.8499 0 0 0 1 
25528382210018;2.95759;1.71352;0.998886 0.0468054 -0.00604853 1.93575 -0.0409009 0.922481 0.38387 -2.48 0.0235468 -0.383194 0.923368 -17.3812 0 0 0 1 
25528382210019;2.21355;2.00945;0.996023 0.00818446 0.0887237 0.618597 -0.00804107 0.999966 -0.00197348 0.158654 -0.0887368 0.0012522 0.996054 -0.257296 0 0 0 1 
25528382210020;0.308749;0.282482;0.983618 -0.0211269 0.179025 -0.75243 0.0652572 0.967484 -0.24437 -2.5639 -0.168041 0.252049 0.953013 13.5842 0 0 0 1 
25528382210021;1.80312;1.48571;0.99993 0.00874229 -0.00792933 0.433805 -0.00826461 0.998259 0.0583958 0.0257533 0.00842604 -0.0583262 0.998262 -2.18862 0 0 0 1 
25528382210022;2.94324;2.58696;0.875351 -0.0378827 -0.482002 -2.00707 0.00141636 0.997122 -0.075796 -0.12591 0.483486 0.0656654 0.872885 0.492784 0 0 0 1 
25528382210023;1.21687;1.01544;0.889323 -0.00804266 -0.457208 -0.267143 -0.0306828 0.996542 -0.0772117 0.204847 0.456248 0.0826946 0.886002 0.366548 0 0 0 1 
25528382210024;1.44022;1.35609;0.999139 -0.0148223 0.0387511 -0.69966 0.01614 0.999294 -0.0339153 -0.308034 -0.038221 0.0345115 0.998673 1.50141 0 0 0 1 
25528382210025;2.35204;2.19729;0.999981 -0.000301891 -0.00608124 0.178175 0.000353243 0.999964 0.00844508 -0.0934223 0.00607847 -0.00844707 0.999946 -0.639275 0 0 0 1 
25528382210026;1.69358;0.53783;0.997553 -0.0046321 0.0697654 -0.322969 0.0033077 0.999812 0.0190872 0.19828 -0.0698407 -0.0188097 0.997381 -1.98745 0 0 0 1 
25528382210027;2.42888;1.70751;0.997646 -0.0117435 0.0675666 -0.635928 0.0133864 0.999624 -0.0239142 -0.318114 -0.0672604 0.0247623 0.997428 3.39695 0 0 0 1 
25528382210028;0.814222;0.302497;0.97037 0.00436811 -0.241584 0.398733 -0.0242304 0.996556 -0.0793073 0.0997963 0.240405 0.0828111 0.967134 1.71247 0 0 0 1 
25528382210029;0.390701;0.305676;0.971552 -0.0496386 -0.231566 -2.55609 -0.0174669 0.960106 -0.279092 -2.22446 0.236182 0.275197 0.931925 11.834 0 0 0 1 
25528382210031;1.54457;0.747744;0.999677 0.0177056 -0.0182322 0.539163 -0.0167606 0.998571 0.0507444 -0.0446803 0.0191046 -0.0504224 0.998545 -3.17831 0 0 0 1 
25528382210032;0.49374;0.411369;0.99989 0.0142687 -0.0040705 0.364456 -0.0136594 0.992302 0.123089 -0.014092 0.00579548 -0.12302 0.992387 -3.76801 0 0 0 1 
25528382210033;0.496545;0.382568;0.998332 0.00601642 0.0574271 0.167049 -0.00687937 0.999866 0.0148409 -0.0209829 -0.0573301 -0.0152112 0.998239 -0.455899 0 0 0 1 
25528382210034;1.67751;1.30542;0.999532 -0.0068024 -0.0298231 -0.113179 0.00367739 0.994611 -0.103613 -0.180953 0.0303672 0.103455 0.99417 1.85293 0 0 0 1 
25528382210035;1.14274;0.444344;0.9968 0.0124256 -0.0789624 0.445556 -0.00877313 0.998883 0.0464356 -0.0441126 0.0794512 -0.0455942 0.995795 -3.28716 0 0 0 1 
25528382210036;0.657758;0.288261;0.998751 0.00974323 0.0490135 0.282783 -0.015604 0.992572 0.120654 0.0567701 -0.0474739 -0.121268 0.991484 -2.75641 0 0 0 1 
25528382210037;0.42747;0.232926;0.942863 0.0198977 -0.332585 0.848561 0.000305759 0.998163 0.0605845 -0.115561 0.33318 -0.0572246 0.941125 -5.05141 0 0 0 1 
25528382210038;2.16463;1.59163;0.995237 -0.00825556 -0.0971351 -0.466422 0.0049834 0.999413 -0.0338812 -0.154541 0.0973579 0.0332358 0.994694 1.75517 0 0 0 1 
25528382210039;1.45509;1.23945;0.999821 0.00508096 0.0182286 0.115898 -0.00623998 0.997924 0.0640997 0.0818017 -0.0178651 -0.064202 0.997777 -1.0407 0 0 0 1 
25528382210040;1.05221;1.018;0.99582 -0.00838575 -0.0909471 -0.236924 0.00404122 0.998846 -0.0478492 -0.0818401 0.0912435 0.0472817 0.994706 0.391901 0 0 0 1 
25528382210041;1.71424;0.762697;0.908604 -0.0160241 0.41735 0.754699 -0.0114745 0.997929 0.0632962 0.179625 -0.4175 -0.0623001 0.906539 3.2713 0 0 0 1 
25528382210042;0.574012;0.353458;0.98883 -0.00223507 0.149031 0.0562054 0.0511189 0.944327 -0.325014 -2.4446 -0.140008 0.329001 0.933893 11.5988 0 0 0 1 
25528382210043;0.513876;0.253475;0.999879 0.0118811 0.0100057 0.47671 -0.0136779 0.978736 0.204665 -0.360165 -0.00736131 -0.204777 0.978781 -6.69847 0 0 0 1 
25528382210044;0.355334;0.219314;0.914495 -0.0131221 0.404383 0.675401 -0.0432018 0.990593 0.129843 0.182007 -0.402283 -0.136211 0.905326 -0.862904 0 0 0 1 
25528382210045;1.15928;1.1112;0.999247 -0.000151387 -0.0388006 -0.0466589 -0.00167466 0.998892 -0.0470255 -0.0674611 0.0387648 0.0470551 0.99814 0.819243 0 0 0 1 
25528382210046;2.5411;1.18056;0.995067 0.0187532 0.0974145 0.738513 -0.0561977 0.91577 0.397752 -2.36538 -0.0817501 -0.401265 0.912307 -13.8372 0 0 0 1 
25528382210047;2.63214;2.27976;0.962933 -0.0784194 -0.25809 -2.58548 -0.0153182 0.939366 -0.342574 -2.24017 0.269305 0.333829 0.903345 8.74079 0 0 0 1 
25528382210048;0.0550198;0.0709402;0.999735 0.00811989 -0.021557 0.170311 -0.00845279 0.999846 -0.015397 0.0499977 0.0214286 0.0155752 0.999649 0.220046 0 0 0 1 
25528382210049;0.624254;0.353263;0.999117 0.0157863 0.0389249 0.443383 -0.023822 0.976201 0.215553 -0.266122 -0.0345957 -0.21629 0.975716 -5.91474 0 0 0 1 
25528382210050;1.7141;0.308739;0.999686 0.0105433 0.0227499 0.177274 -0.00940076 0.998717 -0.0497568 0.102292 -0.0232453 0.0495273 0.998502 3.55821 0 0 0 1 
25528382210051;0.731618;0.74573;0.998755 0.0140825 -0.047864 0.368234 -0.00956773 0.995594 0.0932781 0.0520688 0.0489667 -0.0927039 0.994489 -3.24871 0 0 0 1 
25528382210052;0.501673;0.448652;0.94557 0.0184515 -0.324896 0.83183 0.0203358 0.993089 0.115584 -0.308722 0.324784 -0.1159 0.93866 -6.36145 0 0 0 1 
25528382210053;0.245766;0.253811;0.996442 0.000896016 0.0842797 0.0603068 0.0114107 0.989303 -0.145427 -0.56619 -0.0835084 0.145871 0.985773 5.064 0 0 0 1 
25528382210054;2.27774;1.809;0.998417 -0.00201543 0.0562061 -0.0638321 0.00500962 0.998572 -0.0531818 -0.082073 -0.0560187 0.0533792 0.997002 3.51066 0 0 0 1 
25528382210055;0.613367;0.633369;0.996856 0.0116697 -0.0783763 0.234672 -0.00919074 0.999448 0.031915 0.049361 0.0787055 -0.0310943 0.996413 -1.50667 0 0 0 1 
25528382210056;2.21606;2.07158;0.992893 0.0363934 -0.113312 1.24783 -0.0106383 0.975426 0.220069 -0.604082 0.118536 -0.217299 0.968881 -8.48184 0 0 0 1 
25528382210057;2.17431;1.9822;0.999937 -0.00047702 -0.011251 -0.16561 5.57894e-05 0.9993 -0.0374101 -0.134493 0.0112609 0.0374071 0.999237 1.78708 0 0 0 1 
25528382210058;0.777574;0.526827;0.943964 0.0939413 -0.316398 2.98609 0.031002 0.929162 0.36837 -2.16713 0.32859 -0.357537 0.874183 -13.7373 0 0 0 1 
25528382210059;0.655634;0.263286;0.998337 0.0221539 -0.053218 0.665382 -0.0171386 0.995527 0.0929127 -0.0339792 0.0550384 -0.0918461 0.994251 -4.02609 0 0 0 1 
25528382210060;1.3379;0.380904;0.944972 -0.05285 -0.322854 -1.79529 -0.0136912 0.979612 -0.200432 -0.882201 0.326865 0.193823 0.924982 4.36933 0 0 0 1 
25528382210062;1.314;0.948318;0.996218 0.00948649 -0.0863701 0.355075 -0.00512502 0.998707 0.0505798 0.0292134 0.0867382 -0.0499458 0.994978 -2.20449 0 0 0 1 
25528382210063;2.15505;1.47056;0.999975 -0.00692178 -0.00144662 -0.406332 0.00683876 0.998668 -0.0511363 0.106896 0.00179865 0.0511251 0.998691 3.03687 0 0 0 1 
25528382210064;0.553066;0.463638;0.985077 -0.00259358 0.172094 -0.129649 0.028374 0.988653 -0.147515 -0.755931 -0.169758 0.150197 0.973973 10.033 0 0 0 1 
25528382210065;1.61508;0.64278;0.994404 0.026006 -0.102395 1.87088 -0.00820036 0.985305 0.170608 -0.940255 0.105327 -0.168813 0.980004 -12.4256 0 0 0 1 
25528382210066;1.78743;0.995402;0.999961 0.00335352 0.00812558 0.234055 -0.00354513 0.999713 0.0236831 -0.0401293 -0.00804383 -0.023711 0.999686 -0.83238 0 0 0 1 
25528382210067;0.672032;0.535061;0.993734 -0.0161828 -0.110592 -2.16862 0.00593155 0.995704 -0.092401 -0.602472 0.111613 0.091166 0.989561 11.8905 0 0 0 1 
25528382210068;1.84994;0.813647;0.997893 0.00790767 -0.0644041 0.146662 -0.0046353 0.998698 0.0508018 0.0740001 0.064722 -0.0503962 0.99663 -1.64384 0 0 0 1 
25528382210069;2.23987;0.437326;0.981222 -0.0326227 -0.190104 -3.68145 -0.0123657 0.972927 -0.230783 -3.09231 0.192486 0.2288 0.954253 24.7869 0 0 0 1 
25528382210070;2.2156;0.905675;0.999954 -0.00208225 -0.00933855 -0.464198 0.00211931 0.99999 0.00396092 0.00741595 0.00933021 -0.00398053 0.999949 2.2095 0 0 0 1 
25528382210071;1.44584;1.26293;0.99894 -0.0456804 0.00569468 -4.50607 0.0432809 0.889845 -0.454205 -10.9603 0.0156809 0.45397 0.890879 44.5066 0 0 0 1 
25528382210072;1.6175;1.641;0.9983 -0.0398495 -0.0425414 -4.17525 0.0218571 0.932478 -0.360564 -7.24386 0.0540373 0.359021 0.931764 37.1681 0 0 0 1 
25528382210073;2.148;0.395849;0.99904 0.00541433 -0.0434793 -0.000725517 -0.00343782 0.998963 0.0454054 0.12075 0.04368 -0.0452123 0.998022 -0.988815 0 0 0 1 
25528382210074;1.21241;0.370186;0.991358 -0.00587111 0.13105 -0.431705 0.00387408 0.999873 0.0154885 0.160369 -0.131124 -0.0148469 0.991255 -6.35675 0 0 0 1 
25528382210075;0.469924;0.154112;0.967781 -0.0271216 -0.250328 -4.15782 -0.013918 0.9869 -0.160733 -2.00546 0.251408 0.159038 0.954726 21.3965 0 0 0 1 
25528382210076;1.94829;1.2641;0.999901 0.00639918 -0.0125573 0.349403 -0.0053704 0.996755 0.0803154 0.125907 0.0130305 -0.08024 0.99669 -5.71004 0 0 0 1 
25528382210077;1.55351;0.730408;0.999849 0.00979509 -0.0143663 1.13815 -0.0088206 0.997755 0.0663937 -0.263613 0.0149844 -0.0662569 0.99769 -8.09777 0 0 0 1 
25528382210078;1.78754;1.48552;0.99982 0.000187645 0.0189455 -0.0194665 -0.000754609 0.999552 0.0299232 0.072599 -0.0189314 -0.0299321 0.999373 -2.50629 0 0 0 1 
25528382210079;0.52952;0.34164;0.966497 -0.019554 -0.255932 -3.52627 -0.0076345 0.994463 -0.104811 -1.00985 0.256565 0.103253 0.960996 16.1799 0 0 0 1 
25528382210080;0.579865;0.169377;0.99995 -0.000511485 -0.00996317 -0.139744 0.000520757 0.999999 0.000928067 -0.00089518 0.00996269 -0.000933209 0.99995 0.728416 0 0 0 1 
25528382210081;1.6725;1.64426;0.999638 -0.00947919 0.0251859 -0.830207 0.0111829 0.997596 -0.06839 -0.118653 -0.0244771 0.0686469 0.997341 5.98515 0 0 0 1 
25528382210082;1.80785;0.213929;0.959979 -0.0157157 0.27963 -1.4024 -0.0250765 0.989591 0.141705 -1.11762 -0.278946 -0.143046 0.949593 -19.4171 0 0 0 1 
25528382210083;0.928935;0.240721;0.98185 -0.0321573 -0.186914 -4.42648 -0.00738321 0.978293 -0.207093 -3.13301 0.189516 0.204714 0.9603 25.8825 0 0 0 1 
25528382210084;1.83208;1.45296;0.99886 -0.0138668 -0.045675 -1.39583 0.00788165 0.991652 -0.1287 -0.869772 0.0470784 0.128194 0.990631 12.3286 0 0 0 1 
25528382210085;0.401662;0.255219;0.993715 0.0519829 -0.0991404 4.8038 -0.0196273 0.952829 0.302872 -4.35199 0.110208 -0.299023 0.94786 -27.5769 0 0 0 1 
25528382210086;1.45129;1.24727;0.996645 0.00106553 -0.0818347 -0.322127 -0.0031194 0.999683 -0.024974 -0.138623 0.0817821 0.0251455 0.996333 5.27315 0 0 0 1 
25528382210087;0.345605;0.146754;0.939071 -0.00657401 0.34366 -1.13184 0.0359406 0.996214 -0.0791528 0.265311 -0.341839 0.0866814 0.935752 -0.029644 0 0 0 1 
25528382210088;0.167837;0.146303;0.999938 -0.00322572 -0.0106162 -0.353831 0.00325203 0.999992 0.00246189 0.102605 0.0106082 -0.00249627 0.999941 -0.293797 0 0 0 1 
25528382210089;1.83562;1.82185;0.999847 -0.00219017 0.0173567 -0.151429 0.00276964 0.999437 -0.0334324 -0.0289401 -0.0172737 0.0334754 0.99929 2.53236 0 0 0 1 
25528382210090;2.15758;0.156472;0.999989 0.000866131 -0.00467845 -0.123161 -0.00099145 0.999639 -0.0268509 -0.212812 0.00465351 0.0268552 0.999629 5.33892 0 0 0 1 
25528382210091;0.893388;0.494794;0.999878 -0.0130211 0.00858592 -1.33299 0.0139802 0.992282 -0.123211 -0.843714 -0.00691532 0.123316 0.992343 12.7353 0 0 0 1 
25528382210093;1.89713;0.2527;0.977769 0.0519822 -0.203139 -1.01559 -0.0322325 0.99453 0.0993506 -0.510303 0.207192 -0.0905943 0.974097 4.41237 0 0 0 1 
25528382210094;0.825331;0.324234;0.998048 0.032198 -0.0535164 0.100165 -0.0128035 0.944149 0.329269 0.0929367 0.0611293 -0.327941 0.942718 -2.00896 0 0 0 1 
25528382210095;0.858473;0.743572;0.961005 0.0619356 0.269507 0.391996 -0.101094 0.985821 0.133929 -1.58151 -0.257391 -0.155952 0.95364 -4.46194 0 0 0 1 
25528382210096;0.8797;0.396326;0.959771 0.0411706 0.27775 0.363051 -0.142809 0.923269 0.356624 -2.20229 -0.241756 -0.381943 0.892006 -6.99712 0 0 0 1 
25528382210097;2.1961;1.48431;0.999248 0.00522517 0.0384225 0.305517 -0.00525189 0.999986 0.000594521 -0.252789 -0.0384189 -0.000795865 0.999261 -1.91535 0 0 0 1 
25528382210098;1.08082;0.3166;0.9999 0.0140654 -0.0011956 0.292329 -0.0141154 0.997118 -0.0745376 -0.879994 0.000143752 0.074547 0.997217 -0.185999 0 0 0 1 
25528382210099;0.565162;0.493585;0.950008 -0.0289003 -0.310885 -1.63699 -0.00685086 0.993538 -0.113296 -0.470154 0.31215 0.109762 0.943671 5.69751 0 0 0 1 
25528382210100;1.81678;1.71115;0.998759 0.0407355 0.0286658 0.42565 -0.0466613 0.966535 0.252255 -0.318079 -0.0174308 -0.253279 0.967236 -1.81052 0 0 0 1 
25528382210101;0.708323;0.470501;0.999217 -0.0211651 -0.0334349 -0.367692 0.019746 0.998913 -0.0422184 0.280239 0.0342922 0.0415252 0.998549 1.28965 0 0 0 1 
25528382210102;2.25601;1.90004;0.996067 -0.0232796 -0.0854848 -0.048008 0.0114072 0.990529 -0.136829 -0.162153 0.0878605 0.135316 0.986899 0.974067 0 0 0 1 
25528382210103;0.72475;0.481523;0.999309 0.0362208 -0.00828222 0.318405 -0.0355309 0.996763 0.072113 -0.510907 0.0108674 -0.0717689 0.997362 0.404634 0 0 0 1 
25528382210104;2.73972;1.55091;0.990665 0.0391456 -0.130581 -0.378437 -0.00449159 0.966737 0.255733 0.653441 0.136248 -0.252759 0.957888 2.6078 0 0 0 1 
25528382210105;1.37462;1.01209;0.98587 -0.0153834 0.166806 0.076932 0.100489 0.851015 -0.515437 -0.360866 -0.134025 0.524916 0.840536 0.0176285 0 0 0 1 
25528382210106;1.98093;0.139093;0.994075 -0.0687543 -0.084192 -0.271638 0.0324234 0.926838 -0.37406 -0.0829451 0.10375 0.369113 0.923575 2.04567 0 0 0 1 
25528382210107;2.7132;2.11399;0.9997 0.00403918 0.0241567 0.275685 -0.00507511 0.999063 0.0429771 -0.10171 -0.0239605 -0.0430868 0.998784 -2.27304 0 0 0 1 
25528382210108;2.24596;1.49335;0.976454 0.03557 -0.212775 -0.0634838 -0.0393762 0.999131 -0.0136761 -0.977392 0.212103 0.0217323 0.977006 2.29713 0 0 0 1 
25528382210109;1.35089;0.311723;0.99695 0.00382798 0.0779482 0.387514 0.00373574 0.995311 -0.0966588 -0.0765702 -0.0779527 0.0966552 0.992261 -1.79122 0 0 0 1 
25528382210110;1.54595;1.08692;0.997643 0.0597974 -0.0336611 0.143519 -0.0344742 0.8609 0.507606 0.140268 0.0593323 -0.505249 0.860932 -2.31712 0 0 0 1 
25528382210111;0.364366;0.235283;0.984882 -0.0126522 -0.172764 -0.833563 0.00406862 0.998744 -0.0499481 -0.0982932 0.173179 0.0484901 0.983696 3.29968 0 0 0 1 
25528382210112;2.44837;1.97003;0.993897 -0.0134085 0.10949 -0.0968418 -0.0112991 0.974988 0.221969 0.355092 -0.109728 -0.221851 0.968887 -1.47642 0 0 0 1 
25528382210113;0.357128;0.275352;0.999284 0.0352597 0.0137273 0.306633 -0.0359755 0.997785 0.05595 -0.539373 -0.0117242 -0.0564038 0.998339 -0.13289 0 0 0 1 
25528382210114;2.52967;0.859737;0.946985 -0.0521787 0.317014 -0.893019 0.153662 0.940106 -0.304283 1.81785 -0.282149 0.336864 0.898284 -4.54207 0 0 0 1 
25528382210115;1.99023;0.280168;0.99782 -0.00414674 -0.0658703 -0.550087 0.00480149 0.999941 0.00978482 0.215191 0.0658258 -0.0100798 0.99778 3.01884 0 0 0 1 
25528382210116;0.274109;0.254722;0.998369 0.0177942 -0.0542517 -0.159501 -0.00419222 0.970476 0.241163 0.41196 0.0569413 -0.240542 0.968967 -0.549696 0 0 0 1 
25528382210117;0.456139;0.294706;0.97477 0.0323835 0.220849 0.333623 -0.0749321 0.979477 0.187108 -0.986438 -0.210257 -0.198936 0.957192 -4.66481 0 0 0 1 
25528382210118;1.00279;0.200292;0.998701 -0.00438 0.0507557 0.0397315 0.00395211 0.999956 0.00852767 0.0725954 -0.0507908 -0.00831601 0.998675 -1.75764 0 0 0 1 
25528382210119;1.53716;1.10846;0.995399 0.0250718 0.092478 0.152314 -0.00263146 0.971948 -0.235181 -1.16714 -0.0957802 0.233856 0.967542 0.584429 0 0 0 1 
25528382210120;1.16367;0.590025;0.999576 -0.0074357 0.0281486 0.0285703 0.0066115 0.99955 0.0292611 0.464604 -0.0283535 -0.0290626 0.999175 0.257968 0 0 0 1 
25528382210121;1.92017;1.64853;0.997836 0.0247223 0.0609248 0.358986 -0.0370664 0.97685 0.210691 -0.325086 -0.0543056 -0.212493 0.975652 -3.23882 0 0 0 1 
25528382210122;1.42171;0.553486;0.995677 0.0104468 -0.0922916 0.134322 -0.0138152 0.999259 -0.0359339 -0.190002 0.0918478 0.0370536 0.995083 0.389806 0 0 0 1 
25528382210124;1.41534;0.525023;0.9998 0.0123521 -0.0157494 1.0918 -0.011465 0.998408 0.0552239 -0.306069 0.0164065 -0.0550323 0.99835 -5.85236 0 0 0 1 
25528382210125;0.633729;0.336196;0.991784 -0.0367027 -0.122548 -3.22417 0.0193034 0.989927 -0.140257 -0.969282 0.126461 0.136739 0.982502 12.0162 0 0 0 1 
25528382210126;0.445145;0.331421;0.951939 -0.0106991 -0.3061 -1.59384 0.0171951 0.99968 0.0185334 0.10477 0.305804 -0.0229061 0.951819 -0.136004 0 0 0 1 
25528382210127;0.670288;0.609357;0.998489 -0.011319 -0.0537761 -1.02526 0.00772107 0.997747 -0.0666493 -0.27243 0.0544094 0.0661334 0.996326 5.69508 0 0 0 1 
25528382210128;2.24311;1.7734;0.999959 -0.00762425 0.00496966 -0.356414 0.00773415 0.999717 -0.022483 -0.0829963 -0.00479684 0.0225205 0.999735 -0.190253 0 0 0 1 
25528382210129;1.80511;1.5165;0.984667 0.0112281 0.174085 1.19193 -0.0125602 0.9999 0.00655219 0.131659 -0.173994 -0.00863826 0.984709 -0.33153 0 0 0 1 
25528382210130;0.986557;0.171824;0.998978 0.0112177 0.0437903 0.858629 -0.0146463 0.996785 0.0787783 -0.0285496 -0.0427658 -0.0793391 0.99593 -5.39578 0 0 0 1 
25528382210131;2.11864;1.93031;0.984017 -0.109659 -0.140307 -8.7409 0.0368218 0.896173 -0.442174 -8.49352 0.174227 0.429941 0.885887 34.2512 0 0 0 1 
25528382210132;0.163045;0.162445;0.999937 -0.000216925 -0.0112671 -0.0510185 -0.000139534 0.9995 -0.0316268 -0.0998862 0.0112683 0.0316264 0.999436 2.36239 0 0 0 1 
25528382210133;1.8377;0.912425;0.99988 -8.1649e-05 -0.0154992 -0.269412 -9.22074e-05 0.999937 -0.0112161 0.0552212 0.0154992 0.0112161 0.999817 2.89034 0 0 0 1 
25528382210134;1.18998;0.8572;0.999991 -0.00409995 0.00129329 -0.424895 0.00413969 0.999467 -0.0323903 -0.0752845 -0.0011598 0.0323954 0.999474 3.44122 0 0 0 1 
25528382210135;0.879278;0.721908;0.999232 0.00998725 0.0379005 0.758849 -0.0115882 0.999039 0.04226 -0.0156271 -0.0374421 -0.0426667 0.998388 -2.97378 0 0 0 1 
25528382210136;1.20454;1.07963;0.937963 0.0309845 0.345348 2.69354 0.026135 0.986848 -0.159522 -1.07077 -0.345749 0.158651 0.924817 11.2995 0 0 0 1 
25528382210137;0.490225;0.513157;0.999876 -0.00812893 0.0135107 -0.549386 0.00903168 0.997634 -0.0681583 -0.249176 -0.0129247 0.0682719 0.997583 5.02852 0 0 0 1 
25528382210138;0.898047;0.893806;0.999896 -0.00829811 0.0118043 -0.591982 0.00929985 0.99612 -0.0875079 -0.376788 -0.0110324 0.0876085 0.996094 6.48096 0 0 0 1 
25528382210139;0.258844;0.2012;0.998362 -0.0056521 0.0569304 -0.323405 0.00846135 0.998752 -0.0492258 -0.180936 -0.0565811 0.0496269 0.997164 3.62727 0 0 0 1 
25528382210140;1.51354;1.37435;0.999526 -0.0109781 0.0287512 -0.750381 0.0141581 0.993511 -0.112847 -0.634171 -0.0273258 0.113201 0.993196 7.91292 0 0 0 1 
25528382210141;0.177514;0.174967;0.968564 0.0153202 0.248294 1.4159 -0.0309068 0.997779 0.0589989 -0.258547 -0.246839 -0.0648182 0.966886 -6.65591 0 0 0 1 
25528382210142;1.7221;1.47878;0.99112 0.0144654 -0.13218 0.742687 0.00354535 0.990837 0.135018 -0.348195 0.132922 -0.134288 0.981987 -9.35893 0 0 0 1 
25528382210143;1.74732;1.68052;0.993813 -0.0144171 -0.110131 -1.36403 0.0098609 0.999077 -0.0418043 0.00181948 0.110632 0.0404597 0.993038 3.86939 0 0 0 1 
25528382210144;0.62636;0.618262;0.985231 -0.0136495 -0.170688 -1.34294 0.0132131 0.999906 -0.00369237 0.0637312 0.170722 0.00138251 0.985318 0.981559 0 0 0 1 
25528382210145;2.23099;1.75726;0.982819 0.0159856 0.18388 1.46711 -0.0259257 0.998322 0.0517805 -0.0692163 -0.182744 -0.0556581 0.981584 -3.81218 0 0 0 1 
25528382210146;0.123351;0.132665;0.987601 0.00420019 0.156929 0.52812 -0.00456024 0.999988 0.00193437 -0.0348225 -0.156919 -0.00262602 0.987608 -1.19326 0 0 0 1 
25528382210147;2.1323;0.344922;0.999942 0.000490563 0.0107807 -0.188507 -0.000344157 0.999908 -0.013578 0.100818 -0.0107864 0.0135735 0.99985 3.61527 0 0 0 1 
25528382210148;1.17842;0.506811;0.999958 -0.00464498 -0.00792323 -0.473649 0.00428623 0.998991 -0.0447095 -0.0738783 0.00812291 0.0446737 0.998969 4.71234 0 0 0 1 
25528382210149;1.8032;1.68967;0.974585 0.0375175 -0.220855 2.50583 0.0176669 0.969934 0.242726 -1.97418 0.223321 -0.240459 0.94462 -18.3002 0 0 0 1 
25528382210150;1.89528;1.84245;0.991592 0.00294381 0.12937 0.414612 0.0104081 0.994688 -0.10241 -0.404362 -0.128984 0.102895 0.986294 7.28537 0 0 0 1 
25528382210151;1.38396;0.51602;0.999983 0.00548906 0.00190034 0.619668 -0.00548407 0.999982 -0.00261882 -0.162906 -0.00191467 0.00260836 0.999995 -1.61154 0 0 0 1 
25528382210152;1.90731;1.78629;0.999469 0.00608867 -0.0320065 0.516155 -0.00346383 0.996673 0.0814342 -0.310983 0.0323958 -0.0812801 0.996165 -7.25792 0 0 0 1 
25528382210153;0.627318;0.230894;0.968522 -0.0586127 -0.24193 -5.36204 0.0182512 0.985988 -0.165812 -1.32117 0.248259 0.156177 0.956021 14.3123 0 0 0 1 
25528382210155;0.972428;0.602626;0.996667 -0.042699 -0.0695132 -2.81649 0.00831711 0.90083 -0.434092 -7.31772 0.0811549 0.432067 0.898183 27.1339 0 0 0 1 
25528382210156;1.01473;0.734754;0.991794 0.0131533 -0.127169 0.411335 -0.00707594 0.998816 0.0481236 -0.130152 0.127651 -0.0468288 0.990713 -1.50768 0 0 0 1 
25528382210157;0.233342;0.251531;0.9984 -0.00263072 -0.0564843 -0.36296 -0.00074986 0.998213 -0.0597454 -0.336674 0.0565405 0.0596922 0.996614 4.71712 0 0 0 1 
25528382210158;0.218897;0.193214;0.999952 -0.00304343 -0.00930356 -0.200073 0.00309197 0.999982 0.00520684 0.0934639 0.00928754 -0.00523536 0.999943 -0.416899 0 0 0 1 
25528382210159;0.424214;0.20529;0.968766 -0.00998732 0.247776 -0.508376 0.0939664 0.939458 -0.329527 -2.50439 -0.229484 0.342517 0.911054 14.6393 0 0 0 1 
25528382210160;0.944861;0.830489;0.999092 -0.014233 -0.0401558 -0.919168 0.0063057 0.981565 -0.191023 -1.67464 0.0421343 0.190597 0.980764 11.8636 0 0 0 1 
25528382210161;0.607772;0.417483;0.984021 -0.00980359 0.177784 -0.434265 0.0310934 0.992602 -0.117364 -0.057016 -0.175318 0.121017 0.977046 1.74253 0 0 0 1 
25528382210162;0.465464;0.251394;0.991803 0.00349784 0.127729 0.431909 -0.0214569 0.98999 0.1395 -0.625112 -0.125963 -0.141097 0.98195 -12.0485 0 0 0 1 
25528382210163;0.301031;0.204332;0.999896 0.00816683 -0.011876 0.390256 -0.00778848 0.999471 0.031563 0.0234624 0.0121275 -0.0314672 0.999431 -1.16496 0 0 0 1 
25528382210164;0.262538;0.259247;0.999995 -0.00299923 0.00107213 -0.172471 0.00299438 0.999985 0.00449717 0.0995512 -0.0010856 -0.00449393 0.999989 -0.492416 0 0 0 1 
25528382210165;0.165591;0.17666;0.999914 0.00541477 -0.0119548 0.230831 -0.0042296 0.995273 0.0970274 0.00344273 0.0124237 -0.0969685 0.99521 -5.34973 0 0 0 1 
25528382210166;1.12952;0.725076;0.973133 0.00658964 -0.230151 -0.509117 0.00249492 0.99923 0.0391589 0.100217 0.230232 -0.038681 0.972367 0.874247 0 0 0 1 
25528382210167;0.708722;0.201879;0.994865 -0.0106174 -0.100655 -1.34895 0.00440144 0.99808 -0.061777 -0.336136 0.101118 0.0610168 0.993002 7.36087 0 0 0 1 
25528382210168;1.1418;0.289824;0.999821 0.00366954 0.0185584 0.0943867 -0.00311335 0.999548 -0.0299106 -0.213111 -0.0186598 0.0298475 0.99938 4.10921 0 0 0 1 
25528382210169;0.757933;0.734777;0.994997 0.00101721 0.0998983 0.326475 0.0018017 0.999603 -0.0281235 -0.115039 -0.0998872 0.0281628 0.9946 -0.965957 0 0 0 1 
25528382210170;0.338329;0.0918708;0.98807 0.00129037 0.153999 0.323375 0.059995 0.917741 -0.392622 -4.67733 -0.141838 0.397177 0.906715 19.6716 0 0 0 1 
25528382210171;0.814741;0.702254;0.994923 0.016231 -0.0993206 0.25661 -0.0122316 0.999095 0.0407447 -0.0643018 0.099892 -0.039323 0.994221 1.1911 0 0 0 1 
25528382210172;0.85032;0.285806;0.991119 0.0657828 -0.115569 2.72383 -0.0217724 0.937619 0.346982 -2.05211 0.131185 -0.341384 0.930724 -15.0064 0 0 0 1 
25528382210173;0.630488;0.537047;0.999763 0.00353894 -0.0214792 0.192671 -0.00200058 0.997458 0.0712243 0.0736455 0.0216767 -0.0711644 0.997229 -4.58168 0 0 0 1 
25528382210174;0.36066;0.211364;0.961494 0.105054 -0.253956 4.14416 -0.00656196 0.932569 0.360931 -2.52065 0.274749 -0.345366 0.897349 -14.4239 0 0 0 1 
25528382210175;0.400793;0.384986;0.999767 -0.00117439 0.0215545 0.0162954 0.00345338 0.99436 -0.106002 -0.577258 -0.0213085 0.106051 0.994132 5.87763 0 0 0 1 
25528382210176;0.342834;0.158329;0.984535 -0.00062134 0.175187 0.196088 -0.0300324 0.984592 0.172272 -0.940179 -0.172595 -0.174869 0.969346 -14.8294 0 0 0 1 
25528382210177;0.260067;0.12883;0.997362 -0.0287237 -0.0666579 -1.89977 0.00968782 0.962828 -0.269941 -2.83047 0.0719338 0.268583 0.960567 17.0883 0 0 0 1 
25528382210178;0.926206;0.248744;0.999834 -0.00248905 0.018026 -0.289087 0.0023227 0.999955 0.00924363 0.159699 -0.0180482 -0.00920023 0.999795 1.25899 0 0 0 1 
25528382210179;0.695785;0.28047;0.999931 -0.00995145 -0.00622069 -0.432696 0.00879219 0.986325 -0.164577 -0.94077 0.0077734 0.16451 0.986345 8.03604 0 0 0 1 
25528382210180;0.109455;0.0894763;0.99971 0.00768535 0.02283 0.518872 -0.00923635 0.9976 0.0686276 -0.0753618 -0.0222478 -0.0688186 0.997381 -4.64433 0 0 0 1 
25528382210181;0.971587;0.65022;0.944616 -0.00105773 0.328177 -0.614735 0.0195476 0.998401 -0.0530473 0.363729 -0.327596 0.0565243 0.943125 -6.38446 0 0 0 1 
25528382210182;0.540657;0.344647;0.998532 0.000401553 0.0541544 0.234109 0.000185814 0.999941 -0.0108407 -0.0601445 -0.0541556 0.0108348 0.998474 -1.71344 0 0 0 1 
25528382210183;0.488607;0.380634;0.970181 0.00238436 0.242369 0.336796 -0.000839683 0.999979 -0.00647634 0.0253154 -0.242379 0.00607972 0.970163 -4.74216 0 0 0 1 
25528382210184;0.107925;0.0601614;0.999921 0.00614625 -0.0109449 0.28983 -0.00599357 0.999885 0.0139285 -0.0848319 0.0110293 -0.0138618 0.999843 -0.363324 0 0 0 1 
25528382210186;2.61464;0.632744;0.905883 0.0393102 -0.421699 0.221966 0.0503023 0.978649 0.199286 -0.101671 0.42053 -0.201743 0.884565 -5.5243 0 0 0 1 
25528382210187;2.55948;0.300879;0.99996 0.00863043 0.00253365 0.647643 -0.00860447 0.999912 -0.0100842 -0.264861 -0.00262046 0.010062 0.999946 -2.00963 0 0 0 1 
25528382210188;2.1137;0.734503;0.992701 -0.0189112 -0.119107 -0.600565 0.00393935 0.992187 -0.124701 -0.193267 0.120535 0.123322 0.985019 4.45591 0 0 0 1 
25528382210189;3.03095;1.64666;0.93216 0.000403963 0.362046 0.654967 0.0172544 0.998814 -0.0455394 0.0787331 -0.361635 0.048697 0.931047 -0.7458 0 0 0 1 
25528382210190;2.58604;2.4172;0.943785 0.0352102 0.32868 1.70808 0.0303919 0.980857 -0.192344 -1.02 -0.329161 0.19152 0.924648 4.411 0 0 0 1 
25528382210191;2.29839;1.17305;0.993553 0.00459511 0.113276 0.266095 -0.0452823 0.932098 0.359364 -1.4699 -0.103933 -0.362176 0.926297 -14.0184 0 0 0 1 
25528382210192;1.26077;0.967189;0.997417 0.0163738 -0.0699354 0.596046 -0.0139824 0.999305 0.0345488 -0.185458 0.0704525 -0.0334818 0.996953 -1.35561 0 0 0 1 
25528382210193;1.94741;1.21627;0.97593 -0.0175706 0.217374 -0.524827 0.0463075 0.990715 -0.127823 0.0948294 -0.21311 0.134812 0.967683 0.910257 0 0 0 1 
25528382210194;0.500481;0.330309;0.991249 0.0659741 -0.114333 2.14193 -0.0154382 0.918141 0.395952 -2.22944 0.131096 -0.390723 0.911126 -14.2608 0 0 0 1 
25528382210195;0.447325;0.270388;0.993591 -0.00244117 0.113006 0.14293 0.0314001 0.966377 -0.255205 -1.65015 -0.108584 0.257118 0.96026 8.76379 0 0 0 1 
25528382210196;0.672791;0.540864;0.999791 -0.0199416 -0.00446733 -0.876521 0.0201177 0.998845 0.0436367 0.448667 0.00359199 -0.0437174 0.999037 -1.5036 0 0 0 1 
25528382210197;1.68816;1.63051;0.999882 0.0120884 0.00947256 0.469625 -0.0124189 0.999287 0.0356437 -0.0253428 -0.00903494 -0.0357571 0.99932 -1.4883 0 0 0 1 
25528382210198;0.0806703;0.128557;0.999871 -0.0159453 -0.00183572 -0.663105 0.0159176 0.999772 -0.0142353 0.233248 0.00206228 0.0142042 0.999897 0.524295 0 0 0 1 
25528382210199;2.04506;0.585375;0.985287 -0.0187176 0.16988 -0.426959 0.0205689 0.999747 -0.00914398 0.296244 -0.169665 0.0125037 0.985422 -3.4461 0 0 0 1 
25528382210200;1.86353;1.49994;0.985649 -0.0902582 -0.142653 -4.39925 0.0410632 0.947869 -0.316004 -2.44247 0.163738 0.305612 0.937972 14.5147 0 0 0 1 
25528382210201;1.69978;1.57419;0.977371 -0.0058379 0.211449 0.0859305 -0.0180722 0.99366 0.110968 -0.132735 -0.210757 -0.112278 0.971069 -7.981 0 0 0 1 
25528382210202;3.09717;0.561003;0.999686 -0.00517374 0.0245337 -0.511522 0.00640209 0.998716 -0.0502566 -0.0268863 -0.0242422 0.0503979 0.998435 4.43055 0 0 0 1 
25528382210203;2.66545;0.382012;0.99996 0.00529759 -0.00723516 -0.0329948 -0.00477386 0.997495 0.0705784 0.234864 0.00759093 -0.070541 0.99748 -0.344749 0 0 0 1 
25528382210204;2.12678;2.03582;0.999998 -0.00160482 0.00132417 -0.0748264 0.001595 0.999971 0.0073839 0.142931 -0.00133598 -0.00738177 0.999972 -0.239124 0 0 0 1 
25528382210205;2.17534;0.4501;0.970326 0.00486065 -0.24175 -0.137786 0.00369559 0.999383 0.0349269 -0.0596115 0.241771 -0.0347839 0.96971 -0.479997 0 0 0 1 
25528382210206;0.615844;0.30161;0.999739 -0.0027663 0.0226572 -0.130519 0.004552 0.996853 -0.0791455 -0.340105 -0.022367 0.079228 0.996606 3.2796 0 0 0 1 
25528382210207;2.70191;2.4409;0.998509 -0.0116415 0.0533281 -0.200335 0.0165016 0.995657 -0.0916227 -0.145653 -0.0520299 0.0923661 0.994365 1.65032 0 0 0 1 
25528382210208;0.254784;0.230299;0.998517 0.0152431 -0.0522609 0.431446 -0.0137337 0.999482 0.0291196 -0.155352 0.0526777 -0.0283587 0.998209 -0.526483 0 0 0 1 
25528382210209;0.401221;0.393491;0.999893 0.00831489 -0.0120717 0.276258 -0.00781932 0.999148 0.0405345 0.0243756 0.0123985 -0.0404357 0.999105 -1.39668 0 0 0 1 
25528382210210;3.26762;2.81473;0.998308 0.0557119 0.0166728 2.36079 -0.0579607 0.929919 0.363167 -2.63901 0.0047284 -0.363519 0.931575 -15.7356 0 0 0 1 
25528382210211;2.11433;0.854091;0.999051 0.0272846 0.0339614 1.01728 -0.0328722 0.983717 0.176691 -0.271469 -0.0285875 -0.17764 0.98368 -5.7921 0 0 0 1 
25528382210212;0.939666;0.393834;0.982116 0.0101575 0.188002 0.68255 0.0240921 0.983555 -0.178996 -0.856888 -0.186729 0.180324 0.96572 4.07367 0 0 0 1 
25528382210213;1.20317;1.10422;0.996233 0.00519909 0.0865592 0.393766 -0.0135669 0.995253 0.0963666 0.00576364 -0.0856473 -0.097178 0.991575 -4.73308 0 0 0 1 
25528382210214;2.77469;0.976231;0.985516 0.0287812 0.167121 1.51402 0.00659473 0.978243 -0.207359 -1.56732 -0.169453 0.205458 0.963884 8.16749 0 0 0 1 
25528382210215;2.52413;2.36127;0.999625 0.0159895 -0.0222514 0.604165 -0.00998555 0.968815 0.247584 -0.709396 0.0255162 -0.247269 0.968611 -10.068 0 0 0 1 
25528382210217;1.06109;1.02733;0.972249 -0.010508 -0.233712 -1.18399 0.000914845 0.999154 -0.0411173 -0.133313 0.233946 0.0397625 0.971436 4.3362 0 0 0 1 
25528382210218;0.551084;0.519461;0.999881 0.0122968 0.009275 1.15472 -0.0128749 0.997796 0.0650899 -0.253987 -0.00845417 -0.0652016 0.997836 -5.70894 0 0 0 1 
25528382210219;0.422673;0.406077;0.974617 -0.00463612 0.223829 -0.352778 -0.00438551 0.999198 0.039792 -0.0382384 -0.223834 -0.0397636 0.973816 -4.45924 0 0 0 1 
25528382210220;1.03905;0.929752;0.961914 0.0597433 -0.266743 5.21085 -0.0222769 0.989711 0.141335 -1.05705 0.272442 -0.13001 0.953348 -10.9912 0 0 0 1 
25528382210221;1.31298;0.665375;0.997898 -0.0149224 -0.0630665 -1.62812 0.00606163 0.990355 -0.138419 -1.14907 0.0645238 0.137745 0.988364 14.0462 0 0 0 1 
25528382210222;1.56771;1.20837;0.987067 0.0378705 -0.15577 3.84517 -0.0202729 0.993383 0.113046 -0.725042 0.15902 -0.108427 0.981303 -10.9213 0 0 0 1 
25528382210223;0.395381;0.30623;0.99838 0.00488517 -0.056692 0.332828 -0.0019248 0.998637 0.0521561 -0.0604494 0.0568695 -0.0519625 0.997028 -4.20714 0 0 0 1 
25528382210224;1.45898;1.13935;0.994991 -0.00219135 -0.0999427 -0.604483 0.00402987 0.999826 0.0181976 0.028932 0.0998854 -0.0185092 0.994827 -0.215776 0 0 0 1 
25528382210225;0.647882;0.305709;0.955976 0.0415452 -0.29049 3.00713 0.00337417 0.988306 0.152449 -0.869098 0.293427 -0.146718 0.944656 -11.4583 0 0 0 1 
25528382210226;0.247807;0.259273;0.994446 0.0124995 -0.104503 1.08388 -0.0104618 0.999745 0.020025 -0.105103 0.104726 -0.0188205 0.994323 -1.37024 0 0 0 1 
25528382210227;1.67052;0.441;0.999827 -0.00493906 0.0179531 -0.709797 0.004926 0.999988 0.000771365 0.00263038 -0.0179567 -0.000682795 0.999839 2.09022 0 0 0 1 
25528382210228;0.941077;0.330613;0.999846 -0.00366149 -0.0171398 -0.0510698 0.00254777 0.997911 -0.0645553 -0.109167 0.0173403 0.0645017 0.997767 4.34277 0 0 0 1 
25528382210229;1.84373;1.81903;0.999443 -0.0129987 -0.0307248 -1.25539 0.0108812 0.997619 -0.0681067 -0.195581 0.031537 0.0677345 0.997205 6.32911 0 0 0 1 
25528382210230;0.815476;0.719309;0.999974 -0.00244272 -0.00675966 -0.33105 0.0023911 0.999968 -0.00763466 0.00225755 0.00677809 0.0076183 0.999948 1.02379 0 0 0 1 
25528382210231;0.945073;0.487859;0.99995 0.00159665 -0.00982566 0.00494675 -0.00169302 0.99995 -0.00980715 -0.0647643 0.00980952 0.0098233 0.999904 1.95651 0 0 0 1 
25528382210232;0.385786;0.33847;0.994778 0.00514905 0.101937 0.525031 -0.0142882 0.995918 0.0891296 -0.371718 -0.101061 -0.0901206 0.99079 -8.95759 0 0 0 1 
25528382210233;0.215723;0.160287;0.998847 0.0429707 0.021384 3.86187 -0.0476191 0.943018 0.329315 -5.16499 -0.00601462 -0.329954 0.943978 -29.7457 0 0 0 1 
25528382210234;1.80049;1.289;0.999842 -0.0141082 0.0108154 -0.916264 0.0148443 0.997344 -0.0713084 0.000422083 -0.00978066 0.0714576 0.997396 4.27094 0 0 0 1 
25528382210235;1.841;1.84518;0.981008 0.00373107 0.19393 0.353529 -0.0424436 0.979714 0.195854 -1.83022 -0.189265 -0.200366 0.961266 -18.2635 0 0 0 1 
25528382210236;0.783834;0.535598;0.992363 0.000937636 0.12335 0.14355 -0.00708798 0.998752 0.0494315 -0.120892 -0.12315 -0.0499283 0.991131 -4.32299 0 0 0 1 
25528382210237;0.646121;0.460599;0.995817 -0.0040956 -0.0912745 -0.306279 0.00376395 0.999986 -0.0038054 0.0834983 0.0912888 0.00344593 0.995819 -0.0746318 0 0 0 1 
25528382210238;0.978297;0.756249;0.994249 -0.0173509 0.105681 -1.54839 0.0298424 0.99259 -0.117793 -0.662195 -0.102854 0.120269 0.987399 10.9166 0 0 0 1 
25528382210239;1.51578;0.147362;0.995382 -0.0111585 0.0953393 -1.38303 0.0168985 0.998079 -0.0596122 -0.145558 -0.0944909 0.060948 0.993658 7.11121 0 0 0 1 
25528382210240;0.466545;0.430687;0.999685 0.0247118 -0.00443163 2.14676 -0.0233616 0.980267 0.196292 -1.75989 0.0091949 -0.196126 0.980536 -17.4893 0 0 0 1 
25528382210241;1.93577;1.8453;0.989143 0.00801997 0.146738 0.846094 -0.0289985 0.989529 0.141392 -0.939565 -0.144068 -0.144112 0.979018 -13.5073 0 0 0 1 
25528382210242;0.86252;0.513154;0.996581 -0.0263081 0.0783252 -2.48341 0.0415246 0.979016 -0.199508 -1.83032 -0.0714329 0.202079 0.976761 18.5977 0 0 0 1 
25528382210243;0.905546;0.24202;0.969935 -0.00715514 0.243259 -0.467208 -0.00544343 0.99868 0.0510791 0.00965645 -0.243304 -0.0508676 0.968615 -4.55615 0 0 0 1 
25528382210244;0.219604;0.239848;0.999855 0.000981651 -0.0170035 0.0936011 -0.0013116 0.999811 -0.0194043 -0.0351214 0.0169813 0.0194237 0.999667 1.62461 0 0 0 1 
25528382210245;0.165948;0.14061;0.980457 -0.00486696 0.196671 -0.342081 0.00170105 0.999866 0.0162632 0.0178526 -0.196724 -0.0156108 0.980335 -2.61648 0 0 0 1 
25528382210246;1.5805;1.41157;0.998563 -0.00358525 0.0534787 -0.411812 0.00261502 0.999831 0.0182014 0.0326684 -0.0535349 -0.0180353 0.998403 -0.877645 0 0 0 1 
25528382210248;1.80404;1.60127;0.996835 0.00296822 0.0794378 0.353928 0.00954306 0.987607 -0.156655 -0.754488 -0.0789183 0.156917 0.984454 8.23269 0 0 0 1 
25528382210249;2.65063;0.643564;0.999349 -0.0110261 0.0343461 -0.393019 0.0106683 0.999887 0.0105819 0.088427 -0.0344589 -0.0102086 0.999354 -3.48308 0 0 0 1 
25528382210250;0.988386;0.222856;0.988604 -0.0244145 -0.148544 -1.74322 0.0153133 0.997952 -0.0621078 -0.20339 0.149756 0.0591253 0.986954 3.81115 0 0 0 1 
25528382210251;1.96971;0.670629;0.999311 0.00153973 -0.0370922 0.229924 -0.000161616 0.999311 0.037128 0.40554 0.0371238 -0.0370964 0.998622 -4.24342 0 0 0 1 
25528382210252;1.48555;1.32713;0.999936 0.0112957 0.00105772 0.678503 -0.0112944 0.999935 -0.0012351 -0.0996776 -0.00107161 0.00122307 0.999999 0.401932 0 0 0 1 
25528382210253;1.51489;0.425458;0.999126 0.0117785 0.0401173 0.831363 -0.0101843 0.999159 -0.0397138 0.0223541 -0.0405513 0.0392705 0.998405 0.540819 0 0 0 1 
25528382210254;2.5409;2.01145;0.999324 0.0141057 0.0339488 0.94168 -0.0189209 0.989105 0.145989 -0.21359 -0.0315197 -0.146532 0.988704 -10.0347 0 0 0 1 
25528382210255;0.438009;0.172548;0.995633 -0.00205418 -0.0933332 -0.289832 -0.00619303 0.996102 -0.0879875 -0.444843 0.0931502 0.0881813 0.991739 4.98365 0 0 0 1 
25528382210256;0.895108;0.462486;0.961396 0.012575 0.27488 1.35608 0.0659338 0.959327 -0.274491 -3.26962 -0.267151 0.282018 0.921464 16.7471 0 0 0 1 
25528382210257;0.887196;0.834197;0.999356 -0.00149033 0.0358478 0.0397816 0.00115986 0.999957 0.00923772 -0.0399284 -0.03586 -0.0091902 0.999315 -0.738561 0 0 0 1 
25528382210258;2.46932;0.564776;0.999516 0.0168281 -0.0261689 1.33862 -0.0181885 0.998448 -0.0526472 -0.00534211 0.0252423 0.0530977 0.99827 0.124364 0 0 0 1 
25528382210259;0.355498;0.242213;0.994766 -0.00816431 0.101857 -0.230468 0.0535863 0.890423 -0.451968 -7.23452 -0.0870059 0.45506 0.8862 25.2721 0 0 0 1 
