#;prob_registration_l1 -r /home/probabilistic_point_clouds_registration/build/tester /home/point_clouds_registration_benchmark/stairs_local.txt /home/point_clouds_registration_benchmark/stairs -s 0.2 -t 0.2 -p 0.3 -r 1000 -m 5 -i 40 
id;initial_error;final_error;transformation
5494384560000;0.832403;0.0500624;0.994105 0.108262 -0.00582282 0.80121 -0.108084 0.993826 0.0250648 0.476833 0.00850043 -0.0242877 0.999669 0.422873 0 0 0 1 
5494384560001;0.315086;0.0670235;0.914694 0.238575 -0.326216 1.55153 -0.207136 0.969838 0.128484 1.29833 0.34703 -0.0499519 0.936523 -2.32141 0 0 0 1 
5494384560002;0.630491;0.0352681;0.999506 -0.0217694 -0.0226569 0.704194 0.0218717 0.999752 0.00427962 -0.269041 0.0225581 -0.00477305 0.999734 0.103669 0 0 0 1 
5494384560003;0.317466;0.0338672;0.969004 -0.0608731 -0.239429 0.914395 0.135676 0.941057 0.309844 -1.87536 0.206456 -0.332725 0.920147 -1.39274 0 0 0 1 
5494384560004;0.657978;0.0497861;0.998669 0.0481164 0.0185675 -0.175577 -0.0498611 0.992779 0.109107 0.577706 -0.0131836 -0.109887 0.993857 0.580958 0 0 0 1 
5494384560005;0.751618;0.0528139;0.993764 -0.0960773 -0.0565872 -0.396717 0.10302 0.985296 0.1363 -1.61354 0.0426598 -0.14128 0.98905 -0.44576 0 0 0 1 
5494384560006;0.696898;0.101504;0.935563 0.294744 -0.194544 1.32753 -0.313895 0.946442 -0.0756181 2.16819 0.161837 0.131812 0.977975 -0.621582 0 0 0 1 
5494384560007;0.399045;0.0310373;0.925676 -0.375381 -0.0470362 0.843529 0.377239 0.925254 0.0399415 -3.12007 0.0285272 -0.0547168 0.998094 -0.197251 0 0 0 1 
5494384560008;0.231215;0.0565715;0.973174 -0.205202 -0.104037 0.423582 0.192504 0.973905 -0.120218 -1.12033 0.125991 0.0969654 0.987281 -0.798031 0 0 0 1 
5494384560009;0.454804;0.0391858;0.989463 -0.0190487 -0.143531 0.685401 0.028325 0.99762 0.0628659 -0.61295 0.141992 -0.0662689 0.987647 -0.687765 0 0 0 1 
5494384560010;0.83506;0.036351;0.999983 0.00341028 -0.00479266 -0.0164242 -0.003315 0.999799 0.0197502 0.117724 0.00485906 -0.019734 0.999793 0.852594 0 0 0 1 
5494384560011;0.300381;0.0580665;0.996149 0.0623084 0.0616848 -0.202081 -0.0401673 0.949684 -0.310623 1.04812 -0.0779355 0.306949 0.94853 0.662174 0 0 0 1 
5494384560012;0.513405;0.0496026;0.944517 0.0610976 -0.32273 1.11134 -0.124538 0.975798 -0.179747 1.33742 0.303937 0.209966 0.929267 -1.63243 0 0 0 1 
5494384560013;0.592232;0.0381136;0.993756 0.00695037 -0.111362 0.454602 -0.00956026 0.999692 -0.0229192 0.769798 0.111169 0.0238407 0.993516 -0.783419 0 0 0 1 
5494384560014;0.784839;0.051957;0.947248 0.207374 0.244371 0.492592 -0.252074 0.952935 0.168442 1.30833 -0.197939 -0.221156 0.95494 1.98069 0 0 0 1 
5494384560015;1.02961;0.0650246;0.940427 0.325869 -0.0969871 0.33293 -0.339945 0.896284 -0.284803 3.89505 -0.00588036 0.300806 0.953667 0.851205 0 0 0 1 
5494384560016;0.692498;0.0564215;0.989118 0.135344 -0.0576946 0.200778 -0.147046 0.89632 -0.418315 2.66542 -0.00490335 0.422246 0.906468 -0.124872 0 0 0 1 
5494384560017;0.125802;0.0582916;0.999921 0.00795481 -0.0097176 0.0834828 -0.00781759 0.99987 0.0140783 -0.0343281 0.00982833 -0.0140012 0.999854 0.0410107 0 0 0 1 
5494384560018;0.697368;0.0558597;0.996869 0.0461126 -0.0642389 0.773482 -0.0591604 0.973945 -0.218933 1.10457 0.0524695 0.222048 0.973623 0.18905 0 0 0 1 
5494384560019;0.372102;0.0659042;0.954919 0.280947 0.0959097 0.163298 -0.28988 0.952121 0.0971336 1.98092 -0.0640282 -0.120557 0.990639 0.215118 0 0 0 1 
5494384560020;0.725979;0.0429912;0.943053 0.323116 0.0790423 0.173819 -0.331723 0.895844 0.295675 2.17062 0.0247279 -0.305057 0.952013 0.458055 0 0 0 1 
5494384560021;0.810082;0.0480067;0.99543 0.0869983 -0.0393639 -0.168648 -0.0871555 0.996192 -0.00229189 0.712873 0.0390146 0.0057122 0.999222 0.507188 0 0 0 1 
5494384560022;1.01164;0.0362563;0.885568 -0.306333 -0.349183 1.55826 0.334737 0.942043 0.022492 -3.51989 0.322056 -0.136803 0.936784 -1.97763 0 0 0 1 
5494384560023;0.527542;0.0559812;0.978485 0.098557 -0.181255 0.878079 -0.0930791 0.994914 0.0385049 0.523357 0.184128 -0.0208054 0.982682 -1.85003 0 0 0 1 
5494384560024;0.419936;0.0631887;0.939848 0.329576 -0.0898062 1 -0.331353 0.943492 -0.00522543 2.54826 0.0830092 0.0346687 0.995946 -0.828952 0 0 0 1 
5494384560025;0.495752;0.0657448;0.935877 0.311531 -0.164567 1.012 -0.309021 0.950158 0.0413099 2.32103 0.169234 0.0121936 0.985501 -0.816798 0 0 0 1 
5494384560026;0.350666;0.0495211;0.974979 0.0927906 0.202006 -0.242997 -0.032248 0.958141 -0.284474 0.920966 -0.219946 0.270842 0.93716 2.08157 0 0 0 1 
5494384560027;0.90423;0.041977;0.991487 0.0680565 -0.111 1.32344 -0.0504882 0.986775 0.154035 0.197047 0.120015 -0.14712 0.981811 -0.701457 0 0 0 1 
5494384560028;0.914969;0.0377516;0.99589 -0.0901679 -0.00850248 -0.884087 0.0903324 0.99568 0.0214997 -0.604557 0.00652717 -0.0221794 0.999733 -0.263099 0 0 0 1 
5494384560029;0.844853;0.0576293;0.999495 0.0275644 0.0158354 0.0196432 -0.0277334 0.99956 0.0105555 -0.481895 -0.0155374 -0.0109893 0.999819 -0.514643 0 0 0 1 
5494384560031;0.314572;0.0381343;0.917206 -0.348027 -0.193935 0.53418 0.356079 0.934428 0.00717447 -1.40714 0.178722 -0.0756366 0.980988 -0.740267 0 0 0 1 
5494384560032;0.143255;0.0415021;0.99663 0.0546367 0.0611914 0.0399482 -0.0489128 0.99461 -0.0914236 0.255124 -0.0658567 0.0881225 0.99393 0.261067 0 0 0 1 
5494384560033;0.256973;0.0306684;0.99972 0.00797722 0.0222734 0.214608 -0.00524746 0.992757 -0.120028 0.241527 -0.0230696 0.119878 0.992521 0.166536 0 0 0 1 
5494384560034;0.872658;0.0260596;0.971508 -0.214044 0.101767 0.0793057 0.195627 0.966611 0.165511 -1.71382 -0.133795 -0.140887 0.980943 -0.106351 0 0 0 1 
5494384560035;0.383527;0.0275069;0.996989 -0.067793 0.0376394 0.0817075 0.065381 0.995933 0.0619865 0.0585239 -0.0416886 -0.059339 0.997367 0.203688 0 0 0 1 
5494384560036;0.699819;0.0270361;0.952888 0.258665 -0.158423 0.578792 -0.296372 0.905145 -0.304755 0.960053 0.0645666 0.337349 0.939163 0.440585 0 0 0 1 
5494384560037;0.785083;0.0426323;0.97066 -0.0918924 0.222203 -0.328592 0.156511 0.942991 -0.293721 -0.175037 -0.182544 0.31988 0.929706 0.0926212 0 0 0 1 
5494384560038;1.00964;0.0528202;0.901652 -0.430674 0.0392955 -0.855368 0.43151 0.901972 -0.0156746 -1.29223 -0.0286928 0.0310895 0.999105 -0.213284 0 0 0 1 
5494384560039;0.16472;0.0421809;0.980935 -0.077536 -0.178198 0.269881 0.0809729 0.996643 0.0120845 -0.28561 0.176662 -0.0262833 0.983921 -0.726407 0 0 0 1 
5494384560040;0.656318;0.0278956;0.914856 0.333582 0.22751 0.596821 -0.325588 0.942693 -0.0729629 0.801078 -0.238811 -0.00732394 0.971038 1.0987 0 0 0 1 
5494384560041;0.496934;0.0206914;0.88455 -0.301831 0.355625 -0.141238 0.306294 0.950864 0.0451829 -1.10722 -0.351789 0.0689595 0.933536 1.818 0 0 0 1 
5494384560042;0.516103;0.382036;0.995387 -0.0584333 -0.0760885 -0.218343 0.0679959 0.989199 0.12985 -0.597619 0.0676792 -0.134425 0.98861 -0.423793 0 0 0 1 
5494384560043;0.0787389;0.0390556;0.999977 -0.0064404 0.00197467 -0.011143 0.00641424 0.999895 0.0129793 -0.143331 -0.00205806 -0.0129663 0.999914 0.0693198 0 0 0 1 
5494384560044;0.670233;0.0288888;0.998807 0.0470448 0.0130783 0.228319 -0.0475171 0.998127 0.0385225 0.2682 -0.0112415 -0.039098 0.999172 0.776679 0 0 0 1 
5494384560045;0.454928;0.0386994;0.913879 -0.269201 0.303901 -0.449559 0.176713 0.937681 0.29921 -1.16595 -0.36551 -0.219739 0.904498 1.45095 0 0 0 1 
5494384560046;0.663952;0.0808562;0.981938 0.140585 -0.126621 0.317641 -0.140538 0.990031 0.00934966 1.21756 0.126674 0.00861435 0.991907 -0.558633 0 0 0 1 
5494384560047;0.60701;0.243711;0.996968 0.0169598 -0.0759472 -0.492855 -0.0299672 0.984367 -0.173563 0.676513 0.0718163 0.175313 0.98189 -0.281452 0 0 0 1 
5494384560048;0.280379;0.0299406;0.999886 -0.00459743 0.0143593 -0.0743883 0.00448891 0.999961 0.00758103 -0.156415 -0.0143936 -0.00751572 0.999868 0.371478 0 0 0 1 
5494384560049;0.480826;0.0399705;0.930537 0.324061 0.170545 0.592257 -0.318384 0.946034 -0.0604231 1.36727 -0.180922 0.00192716 0.983496 0.704103 0 0 0 1 
5494384560050;0.519994;0.0335033;0.978199 0.198514 0.060988 -0.15684 -0.192685 0.977125 -0.0899945 0.300769 -0.0774581 0.076281 0.994073 0.365027 0 0 0 1 
5494384560051;0.245903;0.0286708;0.99993 -0.0116197 -0.00216207 0.0842931 0.0116948 0.99918 0.0387736 -0.284575 0.00170975 -0.0387962 0.999246 -0.209076 0 0 0 1 
5494384560052;0.581213;0.0318444;0.953113 0.153411 0.260844 -0.358085 -0.184075 0.978078 0.0973636 0.0446992 -0.24019 -0.140814 0.960458 0.692888 0 0 0 1 
5494384560053;0.543864;0.035423;0.962343 -0.21807 0.1623 -0.447423 0.20176 0.973105 0.111173 -1.26328 -0.182178 -0.0742415 0.980459 0.342368 0 0 0 1 
5494384560054;0.812423;0.396691;0.998067 -0.0382819 -0.0489536 -0.329506 0.0411457 0.997416 0.0588977 -0.521912 0.0465724 -0.0607981 0.997063 -0.690779 0 0 0 1 
5494384560055;0.804846;0.0373743;0.927952 0.00906335 0.372589 0.496633 -0.0442545 0.995311 0.086007 0.560244 -0.370062 -0.0962991 0.924002 1.53629 0 0 0 1 
5494384560056;0.404608;0.0299115;0.982712 0.157667 0.0970527 -0.14437 -0.155376 0.987376 -0.0307711 0.204504 -0.100679 0.0151595 0.994803 0.304408 0 0 0 1 
5494384560057;0.241612;0.0395216;0.972165 0.202487 -0.117875 0.391768 -0.191516 0.976578 0.0980661 0.489546 0.134971 -0.0727616 0.988174 -0.446414 0 0 0 1 
5494384560058;0.361634;0.0448023;0.992048 -0.112641 0.0561498 0.150358 0.119219 0.984009 -0.132334 -0.058428 -0.0403456 0.137976 0.989614 0.228801 0 0 0 1 
5494384560059;0.672349;0.0666003;0.9995 -0.000371742 0.0316201 -0.0384478 -0.000726647 0.999397 0.0347184 -0.107751 -0.031614 -0.0347241 0.998897 -0.636579 0 0 0 1 
5494384560060;0.435775;0.0352888;0.954668 -0.272323 -0.120205 -0.0187866 0.29647 0.906102 0.301802 -1.66381 0.0267306 -0.323758 0.945762 -0.321075 0 0 0 1 
5494384560062;0.821662;0.0283509;0.963532 -0.193803 -0.184519 0.411813 0.192568 0.980971 -0.0247651 -1.64036 0.185807 -0.0116706 0.982517 -1.41954 0 0 0 1 
5494384560063;1.2461;0.0194724;0.940417 0.103044 -0.324032 1.79618 -0.110642 0.993847 -0.00506104 0.783851 0.321517 0.040611 0.946032 -2.50345 0 0 0 1 
5494384560064;0.351118;0.120206;0.939809 -0.341699 0.00124182 0.0865782 0.341611 0.939639 0.0195116 -2.29112 -0.00783395 -0.017913 0.999809 0.0291607 0 0 0 1 
5494384560065;1.02628;0.0266661;0.996878 0.078709 0.00629149 -0.0626008 -0.0781559 0.994931 -0.0632732 0.386954 -0.0112398 0.062584 0.997976 0.852947 0 0 0 1 
5494384560066;0.385602;0.551202;0.941395 0.326999 -0.0827448 1.07355 -0.328396 0.944534 -0.00349785 2.29877 0.0770114 0.030466 0.996565 -0.33038 0 0 0 1 
5494384560067;1.09812;0.035356;0.979356 -0.136156 0.149412 -0.369928 0.157102 0.977792 -0.138717 -0.996953 -0.127206 0.159326 0.978996 0.156666 0 0 0 1 
5494384560068;0.284277;0.0151753;0.987546 0.143131 -0.065322 0.311356 -0.119485 0.952397 0.280471 0.0212265 0.102357 -0.269172 0.957637 -0.662505 0 0 0 1 
5494384560069;0.305684;0.0309623;0.988383 0.147622 -0.0361375 0.42127 -0.147647 0.989038 0.00199038 0.922639 0.0360352 0.00336834 0.999345 -0.145979 0 0 0 1 
5494384560070;1.06788;0.0307233;0.998883 0.0458754 -0.0113574 0.783301 -0.043898 0.989651 0.136616 -0.0563213 0.0175072 -0.135965 0.990559 -0.451553 0 0 0 1 
5494384560071;0.199717;0.0541179;0.999995 -0.00285301 0.00115594 -0.0467557 0.00285669 0.999991 -0.00319022 -0.081918 -0.00114683 0.0031935 0.999994 0.146416 0 0 0 1 
5494384560072;1.02349;0.0168707;0.96125 -0.024159 -0.274617 1.12405 -0.0610717 0.95274 -0.297586 1.74401 0.268828 0.302826 0.914345 -1.3635 0 0 0 1 
5494384560073;0.123206;0.0347289;0.992855 -0.119244 0.00441993 -0.0463691 0.119099 0.992569 0.0249386 -0.832165 -0.00736087 -0.024234 0.999679 0.0856121 0 0 0 1 
5494384560074;0.700296;0.33647;0.960364 0.276442 0.0357815 0.07531 -0.276822 0.960902 0.00605567 2.07958 -0.0327085 -0.0157208 0.999341 -0.0128968 0 0 0 1 
5494384560075;0.186882;0.0425132;0.999966 0.00790746 -0.00242051 0.0906371 -0.00795971 0.999717 -0.0223971 0.0900804 0.00224272 0.0224156 0.999746 -0.120565 0 0 0 1 
5494384560076;1.00141;0.0257367;0.992528 -0.0990713 0.071219 -0.290543 0.094028 0.993035 0.0709896 -0.606487 -0.0777561 -0.0637626 0.994931 1.22016 0 0 0 1 
5494384560077;0.605922;0.209037;0.934032 -0.201637 -0.294833 1.21754 0.230116 0.970994 0.0649443 -1.72841 0.273186 -0.128506 0.953339 -1.87917 0 0 0 1 
5494384560078;0.686652;0.0928363;0.930031 -0.365979 0.0331808 0.018021 0.360899 0.892634 -0.270102 -1.66861 0.0692335 0.263179 0.96226 0.176627 0 0 0 1 
5494384560079;0.330281;0.113292;0.940637 0.337879 -0.0322389 0.645127 -0.330837 0.933941 0.135282 1.72595 0.0758182 -0.116585 0.990283 -0.465551 0 0 0 1 
5494384560080;0.779401;0.0483359;0.920622 0.380687 -0.0867926 1.2871 -0.371307 0.922328 0.106971 2.30702 0.120774 -0.0662534 0.990467 -0.620303 0 0 0 1 
5494384560081;0.603531;0.0203227;0.979481 0.195752 -0.0479461 0.503497 -0.200716 0.968948 -0.144408 1.79281 0.0181891 0.151068 0.988356 0.29679 0 0 0 1 
5494384560082;0.617118;0.275297;0.922179 -0.167917 -0.34841 1.28949 0.21969 0.968821 0.114553 -1.63196 0.318312 -0.18218 0.930316 -2.13747 0 0 0 1 
5494384560083;0.290683;0.0527874;0.951172 0.288348 0.11012 0.155434 -0.274677 0.953488 -0.124148 2.00006 -0.140796 0.087839 0.986134 0.907359 0 0 0 1 
5494384560084;0.175327;0.0282756;0.984928 -0.124453 -0.120117 0.324436 0.106478 0.983544 -0.145955 -0.294841 0.136305 0.130965 0.981972 -0.769258 0 0 0 1 
5494384560085;0.943472;0.0187309;0.991898 -0.121521 -0.037032 0.073165 0.104211 0.945043 -0.309892 -0.272423 0.0726553 0.303522 0.95005 0.405626 0 0 0 1 
5494384560086;0.821732;0.0338463;0.992533 -0.0282086 0.118671 -0.484396 0.0180459 0.996144 0.0858567 -0.583481 -0.120635 -0.0830741 0.989215 1.27006 0 0 0 1 
5494384560087;0.12902;0.02229;0.9989 0.0169765 -0.0437185 0.0366632 -0.017197 0.999841 -0.00467176 0.140864 0.0436322 0.00541845 0.999033 -0.195247 0 0 0 1 
5494384560088;1.25698;0.379142;0.890331 0.0628905 -0.450949 1.78155 -0.0603648 0.997976 0.0199992 -0.344139 0.451294 0.00941555 0.892326 -2.40563 0 0 0 1 
5494384560089;1.3654;0.916793;0.981567 0.172849 0.0815381 0.0809259 -0.175526 0.984109 0.0268351 1.3462 -0.075604 -0.0406526 0.996309 -0.198325 0 0 0 1 
5494384560090;0.736364;0.0533313;0.957333 -0.288529 -0.0162537 0.534969 0.260515 0.885993 -0.383598 -0.508971 0.12508 0.362997 0.923357 -0.325082 0 0 0 1 
5494384560091;0.484121;0.0363315;0.937629 -0.154151 -0.311591 1.16372 0.216527 0.960182 0.176541 -1.81832 0.27197 -0.232998 0.933673 -1.31974 0 0 0 1 
5494384560093;0.0553842;0.176322;0.998421 0.0108105 -0.0551309 0.0949519 -0.0108424 0.999941 -0.000278803 0.13443 0.0551246 0.000876112 0.998479 -0.229955 0 0 0 1 
5494384560094;0.672056;0.478742;0.900143 -0.0467816 -0.433075 1.66961 0.127945 0.978756 0.160206 -1.31006 0.416381 -0.199618 0.887006 -2.23905 0 0 0 1 
5494384560095;0.854827;0.187615;0.926437 0.372541 -0.0541094 0.983841 -0.375463 0.924814 -0.0612081 2.23669 0.0272386 0.0770215 0.996657 0.382454 0 0 0 1 
5494384560096;0.268636;0.238668;0.952735 -0.28272 -0.111202 0.338908 0.266552 0.953522 -0.140522 -1.53212 0.145762 0.104239 0.983813 -0.8868 0 0 0 1 
5494384560097;0.745786;0.170454;0.998848 -0.0115469 -0.0465762 -0.171365 0.0126927 0.999622 0.0243788 -0.605728 0.0462771 -0.0249419 0.998617 0.0685133 0 0 0 1 
5494384560098;0.365154;0.554807;0.931037 -0.284512 -0.228524 0.578956 0.285659 0.957899 -0.0287722 -1.97497 0.227089 -0.0384919 0.973113 -1.49201 0 0 0 1 
5494384560099;0.345567;0.193225;0.999301 -0.0210625 0.0308771 -0.287711 0.0226315 0.998423 -0.0513792 0.133225 -0.0297462 0.0520421 0.998202 0.316368 0 0 0 1 
5494384560100;0.37298;0.343782;0.93857 -0.201863 -0.27989 0.585298 0.211099 0.97746 0.00292211 -1.41996 0.272991 -0.061827 0.960028 -1.52325 0 0 0 1 
5494384560101;0.595346;0.264139;0.924981 0.351553 0.144293 0.14625 -0.366532 0.92559 0.0945356 2.4229 -0.100322 -0.140332 0.985009 1.20337 0 0 0 1 
5494384560102;0.240088;0.176215;0.972325 -0.217296 0.0858244 -0.193561 0.228611 0.960653 -0.157743 -1.20518 -0.0481706 0.172997 0.983744 0.543717 0 0 0 1 
5494384560103;0.65911;0.204149;0.998461 0.00270541 -0.0553909 0.117711 -0.00219068 0.999954 0.00935124 -0.182853 0.0554137 -0.00921551 0.998421 -0.736897 0 0 0 1 
5494384560104;0.317417;0.501139;0.996755 0.0349784 -0.0725042 -0.16162 -0.0229035 0.986667 0.161133 -0.356294 0.0771737 -0.158949 0.984266 -0.427181 0 0 0 1 
5494384560105;0.561217;0.160543;0.950646 0.104609 -0.29211 0.800985 -0.132729 0.98807 -0.0781108 1.14206 0.280454 0.113027 0.95319 -1.25766 0 0 0 1 
5494384560106;0.669368;0.490206;0.981855 -0.0311387 0.187058 -0.455845 0.0379836 0.998729 -0.0331198 -0.478368 -0.185789 0.039624 0.98179 1.63013 0 0 0 1 
5494384560107;0.196586;0.161622;0.982904 0.161026 -0.0892793 0.380403 -0.150886 0.982342 0.110626 0.726397 0.105516 -0.0952635 0.989844 -0.705912 0 0 0 1 
5494384560108;0.588165;0.208173;0.96562 0.222026 -0.135214 0.629508 -0.14703 0.895404 0.420279 -0.180426 0.214384 -0.385949 0.897264 -1.51039 0 0 0 1 
5494384560109;0.964218;0.206455;0.990364 0.111225 0.0825093 -0.0843504 -0.11499 0.992463 0.0423638 0.879145 -0.0771755 -0.0514433 0.995689 1.40681 0 0 0 1 
5494384560110;0.522946;0.521492;0.952481 -0.291742 -0.08756 -0.228795 0.276304 0.948528 -0.15476 -1.63654 0.128203 0.123213 0.984064 -0.75046 0 0 0 1 
5494384560111;0.382633;0.201141;0.997978 0.0234372 0.0590838 -0.344316 -0.0188448 0.996844 -0.0771191 0.3326 -0.0607047 0.0758497 0.99527 0.366788 0 0 0 1 
5494384560112;1.20633;0.304557;0.984269 -0.15265 -0.0889513 -0.415344 0.154691 0.987826 0.01648 -0.664519 0.0853527 -0.0299807 0.9959 0.180316 0 0 0 1 
5494384560113;0.493118;0.233868;0.982311 0.168721 -0.0812364 0.416062 -0.17312 0.983604 -0.0505163 1.29657 0.0713813 0.0636864 0.995414 -0.651317 0 0 0 1 
5494384560114;0.011633;0.161543;0.998596 0.00804124 -0.0523622 0.081729 -0.00638132 0.999474 0.0317911 -0.0437906 0.0525903 -0.0314123 0.998122 -0.236266 0 0 0 1 
5494384560115;0.837027;0.231414;0.950956 -0.0502939 -0.305209 0.515101 0.120074 0.96934 0.214389 -1.8295 0.285069 -0.240522 0.927839 -1.46155 0 0 0 1 
5494384560116;0.753813;0.196322;0.99481 -0.017211 -0.100285 -0.301487 0.0239254 0.997524 0.0661391 -0.321094 0.0988986 -0.0681952 0.992758 -0.785471 0 0 0 1 
5494384560117;0.39392;0.218334;0.960404 0.278041 -0.0178045 0.388845 -0.278243 0.960458 -0.0100742 1.96177 0.0142994 0.0146293 0.999791 0.30108 0 0 0 1 
5494384560118;0.486867;0.215498;0.998331 0.0549034 -0.0178881 0.194818 -0.0576677 0.932045 -0.357723 1.17883 -0.00296774 0.358158 0.933656 0.182524 0 0 0 1 
5494384560119;0.307339;0.245336;0.94932 0.310134 -0.0510783 0.564429 -0.29544 0.935921 0.191746 1.51986 0.107272 -0.166938 0.980114 -0.537573 0 0 0 1 
5494384560120;1.07013;0.294784;0.965541 -0.211134 -0.152162 0.432677 0.180488 0.964462 -0.192968 -0.574209 0.187496 0.158855 0.969335 -1.80552 0 0 0 1 
5494384560121;0.937742;0.239629;0.871402 0.425948 -0.243365 1.28634 -0.438858 0.898556 0.00130126 2.30214 0.219231 0.105669 0.969934 -1.34103 0 0 0 1 
5494384560122;0.448809;0.188592;0.922508 0.366634 0.120662 0.213683 -0.362339 0.930327 -0.056595 2.75261 -0.133004 0.00848892 0.991079 1.1661 0 0 0 1 
5494384560124;0.180601;0.123068;0.991624 -0.0847987 0.0974229 -0.32578 0.0705518 0.98744 0.141371 -0.422386 -0.108187 -0.133313 0.985151 0.384772 0 0 0 1 
5494384560125;0.336264;0.123589;0.947262 -0.147186 0.28466 -0.541994 0.158977 0.987106 -0.0186345 -0.66292 -0.278247 0.0629061 0.958447 1.07215 0 0 0 1 
5494384560126;0.158937;0.0927028;0.992735 0.107771 0.0534974 -0.240688 -0.107696 0.994175 -0.0042781 0.462201 -0.0536468 -0.00151445 0.998559 0.190237 0 0 0 1 
5494384560127;0.459182;0.126406;0.987647 -0.133104 -0.0826818 0.448663 0.133356 0.991065 -0.00249403 -0.122457 0.082275 -0.00856288 0.996573 -0.368846 0 0 0 1 
5494384560128;0.768681;0.209292;0.972221 -0.0865565 0.217475 -0.720454 0.131699 0.970377 -0.202543 0.0776125 -0.193501 0.225558 0.95482 0.209842 0 0 0 1 
5494384560129;0.8631;0.535242;0.925383 0.00283046 0.379022 -0.958647 -0.011512 0.999721 0.0206408 -0.181707 -0.378857 -0.0234639 0.925158 1.88329 0 0 0 1 
5494384560130;0.294138;0.0959354;0.990711 -0.13394 -0.0235029 0.171109 0.135974 0.978093 0.157624 -0.843791 0.00187578 -0.159356 0.987219 -0.232731 0 0 0 1 
5494384560131;0.331415;0.133964;0.996099 -0.0532962 -0.0703288 0.0181485 0.0519415 0.99843 -0.0209538 -0.0423705 0.0713351 0.0172191 0.997304 0.0333334 0 0 0 1 
5494384560132;0.299743;0.103593;0.929309 0.0258389 -0.368398 0.945123 0.0804472 0.95943 0.270227 -0.775973 0.360434 -0.280761 0.889528 -1.50148 0 0 0 1 
5494384560133;0.275606;0.0744225;0.915814 0.114005 -0.385082 1.0941 -0.0602614 0.987015 0.148893 0.00619266 0.397057 -0.113153 0.910792 -1.51168 0 0 0 1 
5494384560134;0.715759;0.075585;0.980401 0.19667 0.0115871 0.0426634 -0.196502 0.980401 -0.0141892 0.925829 -0.0141506 0.0116342 0.999832 0.834929 0 0 0 1 
5494384560135;0.221863;0.0924951;0.956143 0.275841 0.0985003 0.05385 -0.282732 0.957036 0.064385 1.22238 -0.0765083 -0.0894105 0.993052 0.273492 0 0 0 1 
5494384560136;0.513605;0.0594305;0.96908 0.246717 0.00378582 -0.192658 -0.246733 0.969073 0.00451976 1.40344 -0.00255364 -0.0053141 0.999983 -0.230282 0 0 0 1 
5494384560137;0.0725673;0.114971;0.999967 0.00484475 -0.00654931 -0.0438481 -0.00488693 0.999967 -0.00643864 0.138826 0.0065179 0.00647043 0.999958 0.0164859 0 0 0 1 
5494384560138;0.458946;0.103302;0.995421 -0.0421948 -0.0857668 0.0569837 0.0295293 0.98915 -0.143913 0.20232 0.0909086 0.140721 0.985867 0.172325 0 0 0 1 
5494384560139;0.373858;0.0765166;0.982588 0.154775 0.102793 0.0915577 -0.154508 0.987935 -0.0106032 0.353696 -0.103194 -0.00546374 0.994646 0.307928 0 0 0 1 
5494384560140;0.407687;0.0965664;0.932915 0.334884 -0.132371 0.385184 -0.310189 0.934062 0.17695 1.01384 0.182901 -0.124019 0.975278 -0.524423 0 0 0 1 
5494384560141;0.827786;0.105325;0.99843 -0.00997972 0.0551113 -0.29539 0.0121725 0.999142 -0.0395975 0.218968 -0.0546688 0.0402062 0.997695 1.14224 0 0 0 1 
5494384560142;0.791925;0.117318;0.997596 -0.0441072 0.0534567 -0.812134 0.0449208 0.998891 -0.0141156 -0.297161 -0.0527748 0.0164829 0.99847 -0.367445 0 0 0 1 
5494384560143;0.413054;0.116168;0.884764 0.390789 0.253923 0.0609294 -0.406634 0.913525 0.010946 1.55983 -0.227687 -0.112938 0.967163 0.872018 0 0 0 1 
5494384560144;0.460909;0.100048;0.992193 0.0781792 -0.0971651 0.1516 -0.0773846 0.99693 0.0119251 0.438732 0.0977991 -0.00431295 0.995197 0.112335 0 0 0 1 
5494384560145;0.514439;0.134585;0.994518 -0.064781 0.0820842 -0.395359 0.0427003 0.968147 0.246714 -0.0126555 -0.095452 -0.241857 0.965606 0.393907 0 0 0 1 
5494384560146;0.876277;0.111536;0.957933 0.286988 -0.00172881 0.988787 -0.286666 0.957111 0.0419673 0.870739 0.0136988 -0.0397062 0.999117 -0.662075 0 0 0 1 
5494384560147;0.0882485;0.0816894;0.987744 0.0189751 -0.154927 0.296868 -0.0186497 0.99982 0.00355398 0.138483 0.154966 -0.000621094 0.98792 -0.665529 0 0 0 1 
5494384560148;0.565514;0.0867465;0.897232 0.308916 0.315507 0.193315 -0.271673 0.949485 -0.157073 1.8339 -0.348092 0.0552159 0.935833 1.46562 0 0 0 1 
5494384560149;0.651367;0.131551;0.993733 -0.101253 0.0473652 -0.513532 0.0970241 0.991699 0.0843752 -0.373 -0.0555153 -0.0792508 0.995308 0.80995 0 0 0 1 
5494384560150;0.389377;0.136336;0.939625 -0.283827 0.191172 -0.371658 0.299235 0.952498 -0.0566192 -1.23499 -0.166021 0.110406 0.979922 0.865748 0 0 0 1 
5494384560151;0.428451;0.148389;0.951716 -0.305559 -0.0295023 -0.0443437 0.306671 0.950668 0.0467267 -1.28258 0.0137691 -0.053518 0.998472 -0.420947 0 0 0 1 
5494384560152;0.492131;0.103865;0.927159 -0.373958 -0.0230424 0.0771927 0.373615 0.918198 0.131622 -2.0895 -0.0280635 -0.130643 0.991032 -0.0372881 0 0 0 1 
5494384560153;0.585822;0.0981294;0.999249 0.0274209 -0.0273714 0.0324239 -0.031444 0.986707 -0.159438 0.601223 0.0226356 0.160178 0.986828 -0.672221 0 0 0 1 
5494384560155;0.510199;0.474629;0.994409 -0.104038 -0.0180709 0.439519 0.105547 0.984491 0.140132 -0.267276 0.00321157 -0.141256 0.989968 0.448576 0 0 0 1 
5494384560156;0.606536;0.433277;0.998853 -0.0352006 -0.0324486 0.540283 0.0364595 0.998572 0.0390591 -0.290701 0.0310274 -0.0401974 0.99871 -0.62413 0 0 0 1 
5494384560157;0.698949;0.610878;0.950414 -0.308942 -0.0356092 0.695752 0.308101 0.919841 0.242831 -1.15111 -0.0422657 -0.241761 0.969415 0.507811 0 0 0 1 
5494384560158;0.932434;0.678502;0.979098 0.028948 0.201318 0.284861 -0.0540052 0.99129 0.120111 -0.0974582 -0.196088 -0.128473 0.972134 1.0841 0 0 0 1 
5494384560159;0.588127;0.626622;0.963244 0.159398 0.216227 0.721979 -0.190314 0.973008 0.130525 -0.338144 -0.189585 -0.166879 0.967579 0.642523 0 0 0 1 
5494384560160;0.813406;0.524123;0.959664 0.0393835 -0.278379 1.36614 0.0155272 0.981205 0.192343 -0.357742 0.280722 -0.188907 0.941015 -0.845632 0 0 0 1 
5494384560161;0.869163;0.573436;0.998789 -0.00072331 -0.0491869 0.715263 0.0110404 0.97768 0.209809 -1.43711 0.0479373 -0.210098 0.976504 -0.0152767 0 0 0 1 
5494384560162;0.520155;0.333237;0.992537 -0.0427596 -0.114199 0.349783 0.0746147 0.953683 0.291411 -0.216817 0.0964486 -0.297758 0.949757 0.214915 0 0 0 1 
5494384560163;0.884248;0.512915;0.931725 0.362012 -0.0289224 1.4642 -0.362308 0.932042 -0.00556467 0.521555 0.0249424 0.0156636 0.999566 0.164346 0 0 0 1 
5494384560164;0.069281;0.365989;0.997564 -0.0558765 -0.0417707 0.353683 0.0594518 0.994173 0.0899208 -0.401121 0.0365028 -0.092185 0.995073 -0.0547052 0 0 0 1 
5494384560165;0.359877;0.774803;0.950731 0.273764 0.145479 0.631463 -0.291321 0.949417 0.117216 -0.117457 -0.10603 -0.153822 0.982393 0.243285 0 0 0 1 
5494384560166;0.617506;0.584828;0.952693 -0.00347787 -0.303914 0.970255 0.0653915 0.978862 0.193784 -0.570656 0.296816 -0.20449 0.932783 -0.0304839 0 0 0 1 
5494384560167;0.359577;0.780326;0.966423 -0.142064 0.214111 0.290399 0.112252 0.982965 0.145533 -0.891227 -0.231139 -0.116612 0.965907 0.12582 0 0 0 1 
5494384560168;0.367236;0.50738;0.958795 0.220666 0.178936 0.543509 -0.251687 0.951907 0.174717 -0.22056 -0.131776 -0.212554 0.968223 0.182159 0 0 0 1 
5494384560169;0.299703;0.442573;0.995838 0.0264694 -0.0872139 0.507056 -0.00535939 0.97225 0.233883 -0.618545 0.0909845 -0.232442 0.968345 -0.016919 0 0 0 1 
5494384560170;0.388752;0.445057;0.998304 -0.0478747 -0.0331253 0.678219 0.0506085 0.994894 0.0873191 -0.179033 0.0287758 -0.0888474 0.995629 -0.119211 0 0 0 1 
5494384560171;0.436725;0.261778;0.999675 -0.0246563 -0.00640051 0.544564 0.0254363 0.979763 0.198537 -0.285236 0.00137579 -0.198636 0.980072 -0.32832 0 0 0 1 
5494384560172;0.743415;0.486375;0.988584 0.14813 -0.0275694 1.09785 -0.141519 0.975649 0.167575 -0.0914234 0.051721 -0.161761 0.985474 0.0462652 0 0 0 1 
5494384560173;0.766137;0.500946;0.998494 0.0342948 -0.0428223 0.783817 -0.0187868 0.947085 0.320432 0.0555841 0.0515455 -0.319145 0.946303 -0.574718 0 0 0 1 
5494384560174;0.152675;0.389777;0.983718 -0.147527 -0.10264 0.25521 0.158134 0.981895 0.104282 -0.548305 0.0853976 -0.118815 0.989237 -0.134361 0 0 0 1 
5494384560175;0.731473;0.575636;0.996015 0.0347984 -0.082115 0.61859 -0.0364733 0.999154 -0.0189854 -0.235648 0.0813849 0.0219047 0.996442 -0.806167 0 0 0 1 
5494384560176;0.458408;0.384701;0.928444 0.0460922 0.368602 0.199369 -0.127479 0.971548 0.199608 0.209506 -0.348914 -0.232314 0.907904 0.437418 0 0 0 1 
5494384560177;0.329052;0.500081;0.967687 -0.0262139 -0.250788 0.635165 0.038501 0.99828 0.0442129 -0.254947 0.249197 -0.0524398 0.967032 -0.209397 0 0 0 1 
5494384560178;0.128329;0.458412;0.992292 0.000991996 -0.12392 0.512145 0.0211203 0.983985 0.176998 -0.420827 0.122111 -0.178251 0.976379 -0.198259 0 0 0 1 
5494384560179;0.884119;0.527019;0.94856 -0.241018 0.205289 0.122808 0.200438 0.9591 0.199879 -1.27627 -0.245067 -0.148449 0.958074 -0.368372 0 0 0 1 
5494384560180;0.395688;0.405284;0.998625 -0.0243851 -0.0464128 0.225546 0.0301683 0.991277 0.128292 -0.0337876 0.0428796 -0.129516 0.99065 -0.349098 0 0 0 1 
5494384560181;0.929561;0.573149;0.9773 -0.208295 -0.0387013 -0.0790678 0.210721 0.974608 0.0757414 -0.830536 0.021942 -0.0821773 0.996376 -0.689673 0 0 0 1 
5494384560182;0.699324;1.10629;0.992279 -0.0205574 0.122313 0.238459 -0.0246295 0.933869 0.356766 -1.36884 -0.121559 -0.357024 0.926152 -0.483854 0 0 0 1 
5494384560183;0.638253;0.58642;0.918844 -0.171241 0.355532 -0.0906104 0.088243 0.967289 0.237836 -0.801478 -0.384629 -0.187161 0.903898 1.06774 0 0 0 1 
5494384560184;0.208766;0.578444;0.979863 0.196859 -0.0334068 0.532201 -0.191042 0.972952 0.129877 -0.267799 0.0580705 -0.120879 0.990967 -0.135644 0 0 0 1 
5494384560186;0.36111;0.0584485;0.999393 -0.0339663 0.00768899 0.00017973 0.0341495 0.999101 -0.0251067 0.130135 -0.0068293 0.0253541 0.999655 0.45094 0 0 0 1 
5494384560187;0.496451;0.0588136;0.951932 0.274912 -0.135092 0.973614 -0.221138 0.921963 0.317935 0.324283 0.211953 -0.272779 0.938439 -0.83278 0 0 0 1 
5494384560188;0.447898;0.0684483;0.93774 -0.337667 0.0813948 -0.259423 0.3116 0.921362 0.232373 -1.71281 -0.153459 -0.192543 0.969215 0.480724 0 0 0 1 
5494384560189;0.616026;0.0701963;0.950725 -0.212825 -0.225449 0.612819 0.214796 0.976527 -0.0160451 -0.336275 0.223572 -0.0331709 0.974123 -0.500804 0 0 0 1 
5494384560190;0.219844;0.0780269;0.980626 -0.169211 -0.0986904 0.0422942 0.174557 0.983464 0.0482601 -0.741823 0.0888923 -0.0645523 0.993947 -0.315294 0 0 0 1 
5494384560191;0.269957;0.0792105;0.964368 0.263089 0.0279057 0.39257 -0.263209 0.964739 0.000655601 1.0687 -0.0267492 -0.00797727 0.99961 0.191905 0 0 0 1 
5494384560192;0.563983;0.0530967;0.993193 0.110937 -0.0355163 -0.0764587 -0.0860388 0.90421 0.418331 -0.0560696 0.0785227 -0.412428 0.9076 0.100045 0 0 0 1 
5494384560193;0.714742;0.0508194;0.97728 -0.197195 -0.0777007 0.539031 0.158644 0.923669 -0.34881 -0.436845 0.140553 0.328558 0.933967 -0.835698 0 0 0 1 
5494384560194;0.621903;0.0698506;0.98811 -0.151437 -0.0265706 -0.118427 0.15126 0.988457 -0.0085447 -0.687932 0.0275579 0.00442403 0.99961 0.649306 0 0 0 1 
5494384560195;0.355585;0.0581087;0.955537 -0.283548 0.0809305 -0.288312 0.281189 0.958842 0.0394291 -1.20202 -0.0887796 -0.0149192 0.99594 0.613907 0 0 0 1 
5494384560196;0.150749;0.0629422;0.997816 0.0659716 0.00345203 0.0466779 -0.0660587 0.996918 0.0423256 0.103024 -0.000649098 -0.0424612 0.999098 0.184766 0 0 0 1 
5494384560197;0.514288;0.0595098;0.889798 -0.429097 -0.155357 0.753091 0.446224 0.88941 0.0991627 -1.89601 0.0956257 -0.157559 0.982869 -0.0427652 0 0 0 1 
5494384560198;0.530599;0.0511729;0.995407 0.0153811 0.0944859 -0.42841 0.0262755 0.905203 -0.424167 0.378372 -0.0920531 0.424702 0.900641 0.466315 0 0 0 1 
5494384560199;0.148187;0.0676911;0.98989 0.141806 -0.00314959 0.146383 -0.141585 0.986527 -0.0819623 0.722955 -0.00851556 0.0815796 0.99663 0.173038 0 0 0 1 
5494384560200;0.674054;0.0724842;0.998378 -0.0532177 0.0202064 -0.64526 0.0516765 0.996182 0.0703663 -0.694898 -0.023874 -0.069208 0.997317 -0.224009 0 0 0 1 
5494384560201;0.851959;0.0518122;0.95944 -0.184263 0.213361 -0.19951 0.117914 0.94974 0.289982 -0.984835 -0.25607 -0.253062 0.932946 0.208161 0 0 0 1 
5494384560202;0.0584502;0.0990414;0.999504 -0.0107099 -0.0296227 0.05229 0.0120139 0.998951 0.0441973 -0.13486 0.0291182 -0.0445313 0.998584 -0.0619916 0 0 0 1 
5494384560203;0.443983;0.0739619;0.994836 -0.0475839 0.089646 -0.218567 0.0815333 0.900704 -0.426715 0.585973 -0.0604397 0.43182 0.899932 0.428711 0 0 0 1 
5494384560204;0.212563;0.0983922;0.999478 0.0284754 0.0152493 0.0190056 -0.0284972 0.999593 0.00121423 0.0922029 -0.0152085 -0.00164816 0.999883 -0.0756804 0 0 0 1 
5494384560205;0.664348;0.0734102;0.872832 -0.289466 0.392904 -0.206072 0.232016 0.954423 0.187736 -1.07049 -0.42934 -0.0727025 0.900212 2.59864 0 0 0 1 
5494384560206;0.578856;0.0780797;0.996223 -0.0787398 0.0366148 -0.0652676 0.078375 0.99686 0.0112959 -0.226658 -0.0373893 -0.00838351 0.999266 0.891253 0 0 0 1 
5494384560207;0.371227;0.0488498;0.982133 -0.0340849 0.185077 -0.476243 -0.0262263 0.949074 0.31396 -0.558478 -0.186353 -0.313205 0.931223 0.90352 0 0 0 1 
5494384560208;0.803964;0.0657487;0.996071 0.0394778 0.0792766 -0.0683001 -0.0429242 0.998185 0.0422499 0.234022 -0.0774647 -0.0454868 0.995957 1.30076 0 0 0 1 
5494384560209;0.402561;0.0598981;0.892196 -0.415777 -0.176398 0.511583 0.384311 0.904048 -0.187088 -1.29328 0.237259 0.099127 0.966376 -0.748569 0 0 0 1 
5494384560210;0.831689;0.0542788;0.984682 0.147905 0.0923378 -0.217057 -0.121479 0.961831 -0.245201 1.6098 -0.12508 0.230228 0.965065 0.160376 0 0 0 1 
5494384560211;0.793568;0.053318;0.993959 -0.0370496 -0.103309 1.00217 0.03651 0.999308 -0.00710997 0.159943 0.103501 0.0032952 0.994624 -0.667905 0 0 0 1 
5494384560212;0.459124;0.0641149;0.999956 0.0023438 0.00904905 0.257061 -0.00268994 0.999258 0.0384312 0.102307 -0.00895226 -0.0384538 0.99922 0.525224 0 0 0 1 
5494384560213;0.436091;0.0750872;0.932046 -0.0723362 -0.355045 0.944678 -0.000166025 0.979785 -0.200055 0.412262 0.362339 0.18652 0.913193 -0.89061 0 0 0 1 
5494384560214;0.701608;0.0550348;0.999943 -0.0098839 0.00405025 0.0258845 0.00980717 0.99978 0.0185452 0.651827 -0.00423266 -0.0185044 0.99982 -0.269392 0 0 0 1 
5494384560215;0.568246;0.0710395;0.956266 0.0623354 -0.285779 1.24338 0.0212243 0.959664 0.280346 -0.587662 0.291727 -0.274151 0.916371 -0.997614 0 0 0 1 
5494384560217;0.781012;0.135004;0.98663 0.162974 0.000521463 0.772509 -0.162709 0.985197 -0.0539636 0.772311 -0.00930842 0.0531573 0.998543 0.451504 0 0 0 1 
5494384560218;0.673342;0.123477;0.869249 -0.0826338 -0.48742 1.95714 0.152141 0.982797 0.104707 -1.18087 0.470382 -0.165173 0.866867 -1.88707 0 0 0 1 
5494384560219;0.333437;0.149982;0.934335 -0.344266 -0.0921876 0.530346 0.346236 0.93813 0.00579554 -1.98734 0.0844887 -0.0373337 0.995725 -0.421727 0 0 0 1 
5494384560220;0.675306;0.108397;0.953479 -0.168814 -0.249758 0.776373 0.142264 0.982415 -0.120917 -0.499738 0.265779 0.0797608 0.960729 -0.766657 0 0 0 1 
5494384560221;0.374554;0.163124;0.912901 0.40763 0.0212121 0.783235 -0.395731 0.896597 -0.198776 2.82882 -0.100046 0.173068 0.979815 0.855953 0 0 0 1 
5494384560222;1.07278;0.126448;0.962574 0.115236 -0.245301 0.257029 -0.157286 0.974612 -0.159352 2.03198 0.22071 0.19197 0.956261 -0.725001 0 0 0 1 
5494384560223;0.406435;0.154123;0.923497 0.383604 0.00149461 0.577266 -0.38334 0.922994 -0.0336344 2.21737 -0.0142818 0.0304883 0.999433 0.350488 0 0 0 1 
5494384560224;0.20751;0.23634;0.988635 -0.0130919 0.149765 -0.210791 0.00423968 0.998233 0.0592745 -0.163306 -0.150276 -0.0579659 0.986943 0.921022 0 0 0 1 
5494384560225;0.828158;0.119356;0.992367 0.0215281 -0.121427 0.296892 -0.015203 0.998491 0.0527776 0.125497 0.12238 -0.0505287 0.991196 0.120425 0 0 0 1 
5494384560226;0.429538;0.144529;0.875372 0.087278 -0.475506 1.93013 0.0100312 0.980078 0.198358 -0.229143 0.483345 -0.178407 0.857058 -2.64471 0 0 0 1 
5494384560227;0.623994;0.086004;0.93282 -0.339734 0.120117 -0.259865 0.316325 0.931688 0.178594 -1.85573 -0.172586 -0.1286 0.976563 0.785385 0 0 0 1 
5494384560228;0.349478;0.145291;0.974897 -0.149985 -0.164563 0.512018 0.18883 0.948559 0.254124 -1.45065 0.117983 -0.278819 0.953069 -0.649012 0 0 0 1 
5494384560229;0.390705;0.126483;0.995843 0.0776403 -0.0476233 0.104623 -0.0788204 0.996614 -0.023422 0.822678 0.0456436 0.0270783 0.998591 0.0703495 0 0 0 1 
5494384560230;0.944473;0.123784;0.98637 0.100472 0.130308 -0.857117 -0.102234 0.994736 0.00688993 0.732391 -0.128929 -0.0201179 0.99145 0.301646 0 0 0 1 
5494384560231;0.749473;0.133649;0.932994 -0.20918 0.292859 -0.774338 0.172541 0.974108 0.146091 -1.21386 -0.315836 -0.085772 0.944929 1.46533 0 0 0 1 
5494384560232;0.1939;0.093179;0.996774 -0.0645507 0.0476962 -0.151505 0.0562264 0.985683 0.158955 -0.666064 -0.057274 -0.155761 0.986133 0.269339 0 0 0 1 
5494384560233;0.634182;0.14796;0.925098 0.258117 0.278512 -0.114495 -0.329632 0.90998 0.251553 1.37079 -0.18851 -0.324518 0.926905 0.742507 0 0 0 1 
5494384560234;0.39885;0.156744;0.929009 -0.295342 -0.222971 0.954531 0.317517 0.945638 0.0703687 -2.06713 0.190067 -0.13617 0.972282 -1.22572 0 0 0 1 
5494384560235;0.0516956;0.146783;0.996699 0.0799986 -0.0138499 0.170319 -0.0798258 0.996729 0.0126126 0.532412 0.0148136 -0.0114653 0.999825 -0.0447801 0 0 0 1 
5494384560236;0.391323;0.181247;0.996835 -0.0750342 -0.0262833 0.208596 0.0757805 0.996713 0.0286526 -0.104341 0.0240469 -0.0305536 0.999244 -0.142071 0 0 0 1 
5494384560237;1.02921;0.0899975;0.997137 0.0438569 0.0615945 0.47856 -0.0342354 0.988186 -0.149386 0.953401 -0.0674184 0.14685 0.986859 1.20906 0 0 0 1 
5494384560238;0.757061;0.11746;0.955783 0.28097 -0.0868056 0.791149 -0.276158 0.959016 0.0634473 1.89245 0.101075 -0.0366698 0.994203 -1.06077 0 0 0 1 
5494384560239;0.288361;0.105386;0.910434 0.311285 0.272417 0.0398384 -0.295581 0.950277 -0.0980109 1.98543 -0.289381 0.00871118 0.957174 1.86666 0 0 0 1 
5494384560240;0.0978136;0.134047;0.987797 0.0865167 -0.129505 0.494027 -0.0804521 0.995434 0.0513604 0.434817 0.133357 -0.0403148 0.990248 -0.734122 0 0 0 1 
5494384560241;0.673589;0.12137;0.937964 0.31973 -0.134151 0.711777 -0.340132 0.923587 -0.176911 2.97974 0.0673362 0.211565 0.975042 -0.129079 0 0 0 1 
5494384560242;1.04802;0.137315;0.979602 0.114262 0.165302 -0.467355 -0.087732 0.983253 -0.159742 1.50981 -0.180786 0.141981 0.97322 2.00913 0 0 0 1 
5494384560243;0.111566;0.123328;0.999411 0.0018892 -0.0342651 0.13091 -0.00229989 0.999926 -0.0119503 0.177215 0.03424 0.0120221 0.999341 -0.22333 0 0 0 1 
5494384560244;1.00468;0.159705;0.980804 -0.194068 0.0190158 0.401061 0.193647 0.980826 0.0219361 -0.893785 -0.0229083 -0.0178326 0.999579 -0.654475 0 0 0 1 
5494384560245;0.648612;0.146748;0.997993 -0.0593461 0.0220752 -0.00194907 0.0597155 0.99808 -0.0164689 0.0450561 -0.0210555 0.0177541 0.999621 0.655523 0 0 0 1 
5494384560246;0.310363;0.123759;0.998808 0.0151478 0.0463968 0.0324622 -0.0212029 0.990898 0.132933 -0.04055 -0.0439609 -0.133758 0.990038 0.512406 0 0 0 1 
5494384560248;0.548689;0.189657;0.96715 -0.253027 0.0244658 0.245527 0.25006 0.964269 0.0874932 -3.02734 -0.0457298 -0.0785011 0.995865 1.21772 0 0 0 1 
5494384560249;0.350307;0.127117;0.964092 0.235299 0.12313 -0.19561 -0.216344 0.96477 -0.149713 2.71691 -0.15402 0.117699 0.981033 1.27619 0 0 0 1 
5494384560250;0.482059;0.129636;0.991672 0.04485 0.120725 0.380714 -0.0366613 0.996928 -0.0692164 -0.142256 -0.123458 0.0642141 0.99027 1.23841 0 0 0 1 
5494384560251;0.346948;0.147451;0.94839 0.231801 0.21639 -0.299031 -0.253406 0.964233 0.0777162 2.05386 -0.190636 -0.12854 0.973209 2.42398 0 0 0 1 
5494384560252;0.590914;0.118896;0.920746 -0.238289 -0.308942 1.95993 0.192489 0.966188 -0.171549 -2.28442 0.339374 0.0984854 0.935482 -3.33676 0 0 0 1 
5494384560253;0.449485;0.218197;0.926036 0.0132003 -0.377203 1.88531 -0.0539633 0.993751 -0.0977037 0.928569 0.373557 0.110832 0.920962 -3.66217 0 0 0 1 
5494384560254;0.682288;0.229399;0.950964 -0.305261 0.0498227 1.28214 0.294983 0.943542 0.150707 -3.90771 -0.0930149 -0.12862 0.987322 1.84987 0 0 0 1 
5494384560255;0.468787;0.133115;0.998524 -0.0178885 0.0512809 -0.407657 0.0235662 0.99339 -0.112346 -0.00387077 -0.0489322 0.113389 0.992345 -0.343253 0 0 0 1 
5494384560256;0.445109;0.119532;0.921208 0.351757 0.166261 -0.344354 -0.372112 0.921347 0.112482 3.19801 -0.113618 -0.165487 0.979645 0.879036 0 0 0 1 
5494384560257;0.358958;0.19522;0.976123 -0.0813665 0.201405 -0.422426 0.050595 0.986857 0.153472 -1.19119 -0.211246 -0.139618 0.96741 2.62452 0 0 0 1 
5494384560258;0.299214;0.216679;0.949311 -0.295284 0.107779 0.573635 0.310578 0.933974 -0.17673 -2.71416 -0.0484769 0.201245 0.978341 0.122901 0 0 0 1 
5494384560259;0.232186;0.169469;0.990719 -0.135009 -0.0157884 0.394555 0.135924 0.98495 0.106767 -1.97644 0.00113635 -0.107922 0.994159 -0.141049 0 0 0 1 
5494384560260;0.561418;0.106926;0.959217 0.264693 0.0991936 -0.348927 -0.272443 0.959257 0.0748347 2.31986 -0.0753439 -0.0988074 0.99225 1.67563 0 0 0 1 
5494384560261;0.428236;0.142831;0.868049 0.25959 0.423207 -0.276263 -0.234017 0.965718 -0.112362 2.41969 -0.437867 -0.00150247 0.899039 4.59898 0 0 0 1 
5494384560262;0.264025;0.155277;0.995928 -0.0247694 0.0866771 0.184886 0.0378004 0.987643 -0.152096 -0.125411 -0.0818387 0.154753 0.984558 0.31367 0 0 0 1 
