#;prob_registration_l1 -r /home/probabilistic_point_clouds_registration/build/tester /home/point_clouds_registration_benchmark/devel/registration_pairs/urban05_local.txt /home/point_clouds_registration_benchmark/urban05 -s 0.2 -t 0.2 -p 0.3 -r 1000 -m 5 -i 40 
id;initial_error;final_error;transformation
34562489690000;0.13992;0.964434;1 -1.66486e-07 1.45748e-06 -1.14797 1.66486e-07 1 1.25813e-08 7.44207 -1.45748e-06 -1.25811e-08 1 0.096457 0 0 0 1 
34562489690001;0.182436;0.354612;1 -1.12218e-07 4.58459e-07 -0.948185 1.12218e-07 1 5.50392e-08 1.48408 -4.58459e-07 -5.50392e-08 1 -0.392796 0 0 0 1 
34562489690002;0.400034;0.516721;0.999973 1.03055e-06 -0.00740187 11.0875 3.74867e-06 1 0.000645662 -2.1416 0.00740187 -0.000645672 0.999972 -4.32008 0 0 0 1 
34562489690003;0.381518;0.86419;0.991895 0.000694115 -0.127062 124.911 0.000720464 0.999938 0.0110867 -16.8155 0.127062 -0.0110883 0.991833 -35.5986 0 0 0 1 
34562489690004;0.467995;0.827929;1 -1.16618e-07 5.47773e-07 -0.862086 1.16618e-07 1 6.13575e-08 3.42065 -5.47773e-07 -6.13574e-08 1 -0.398635 0 0 0 1 
34562489690005;0.423309;0.756925;1 -1.50748e-07 1.10215e-06 -1.25088 1.50748e-07 1 7.65597e-08 2.76716 -1.10215e-06 -7.65596e-08 1 -0.552383 0 0 0 1 
34562489690006;0.190415;0.466764;0.999371 4.9068e-05 0.0354552 40.6809 6.06468e-05 0.999995 -0.00309338 -6.89602 -0.0354552 0.00309358 0.999366 13.6994 0 0 0 1 
34562489690007;0.167146;0.467526;0.999951 4.61893e-06 0.0099012 -4.39705 3.91805e-06 1 -0.000862196 3.38548 -0.0099012 0.000862193 0.999951 17.263 0 0 0 1 
34562489690008;0.102809;0.101703;1 -1.36539e-08 7.69471e-08 -0.0885392 1.36539e-08 1 4.99258e-09 -0.513574 -7.69471e-08 -4.99257e-09 1 -0.0238338 0 0 0 1 
34562489690009;0.0509686;0.107892;1 -1.95923e-06 -4.85684e-06 15.4504 1.95923e-06 1 -1.58403e-07 -2.39928 4.85684e-06 1.58393e-07 1 -4.65265 0 0 0 1 
34562489690010;0.0869115;0.325514;1 -6.823e-08 -1.31626e-07 -0.561161 6.823e-08 1 2.71608e-08 2.38769 1.31626e-07 -2.71608e-08 1 -0.160953 0 0 0 1 
34562489690011;0.0782188;0.42094;0.999899 6.05617e-05 -0.0141873 -416.191 -4.28273e-05 0.999999 0.00125032 39.271 0.0141874 -0.00124959 0.999899 88.1111 0 0 0 1 
34562489690012;0.0495854;0.867535;1 1.94715e-08 1.09239e-07 -0.56565 -1.94715e-08 1 5.93162e-09 -7.63894 -1.09239e-07 -5.93162e-09 1 -0.281125 0 0 0 1 
34562489690013;0.0622498;0.689242;0.999996 1.1783e-05 0.00289452 -91.5712 -1.10715e-05 1 -0.00024583 14.0488 -0.00289452 0.000245797 0.999996 55.8929 0 0 0 1 
34562489690014;0.30978;1.24244;1 -3.7107e-07 -5.91233e-08 -2.05058 3.7107e-07 1 7.87273e-08 8.26211 5.91233e-08 -7.87273e-08 1 -0.316635 0 0 0 1 
34562489690015;0.264634;0.644606;1 -1.31877e-07 2.54651e-07 -1.1849 1.31877e-07 1 8.22739e-09 -4.13468 -2.54651e-07 -8.22736e-09 1 -0.0525958 0 0 0 1 
34562489690016;0.0384264;1.02794;1 -9.91728e-08 1.04695e-08 -0.414058 9.91728e-08 1 2.48282e-08 8.9669 -1.04695e-08 -2.48282e-08 1 -0.00722218 0 0 0 1 
34562489690017;0.317284;0.541358;1 -1.87571e-07 5.21052e-07 -1.67948 1.87571e-07 1 3.4768e-08 -2.89451 -5.21052e-07 -3.47679e-08 1 -0.224906 0 0 0 1 
34562489690018;0.287954;0.49603;1 -4.0832e-08 2.62853e-07 -0.225886 4.0832e-08 1 2.34268e-08 3.1192 -2.62853e-07 -2.34268e-08 1 -0.111364 0 0 0 1 
34562489690019;0.362659;0.678854;0.998844 9.96651e-05 0.0480708 1.89599 0.00010211 0.999991 -0.00419498 -4.60155 -0.0480708 0.00419504 0.998835 13.1703 0 0 0 1 
34562489690020;0.112961;0.0874462;0.999977 -3.44456e-07 -0.0068193 19.4849 4.42416e-06 1 0.000598243 -2.53299 0.0068193 -0.000598259 0.999977 22.4566 0 0 0 1 
34562489690021;0.197833;0.279252;1 -1.36076e-08 -2.76466e-07 -0.136436 1.36076e-08 1 -1.76296e-08 -1.46357 2.76466e-07 1.76296e-08 1 0.110479 0 0 0 1 
34562489690022;0.278308;1.42172;1 -2.08564e-07 9.39444e-07 -2.29482 2.08564e-07 1 -5.65806e-08 -10.4295 -9.39444e-07 5.65808e-08 1 0.134266 0 0 0 1 
34562489690023;0.193536;0.381657;0.999091 8.19897e-05 -0.0426171 -17.1226 7.66709e-05 0.999993 0.00372129 3.01078 0.0426171 -0.00372117 0.999085 4.54863 0 0 0 1 
34562489690024;0.347959;0.361174;0.999957 1.67752e-06 0.00930225 14.4362 5.8606e-06 1 -0.000810328 -3.37605 -0.00930224 0.000810347 0.999956 12.2762 0 0 0 1 
34562489690025;0.302077;0.701426;0.999688 2.35577e-05 -0.0249923 30.4559 3.0967e-05 0.999998 0.00218127 -0.112257 0.0249923 -0.00218136 0.999685 -5.2608 0 0 0 1 
34562489690026;0.218188;0.425934;1 -1.43196e-07 7.16407e-07 -1.16104 1.43196e-07 1 3.13123e-08 2.41792 -7.16407e-07 -3.13122e-08 1 -0.172109 0 0 0 1 
34562489690027;0.18191;0.47659;0.998338 0.000134771 -0.0576283 90.3952 0.0001553 0.999987 0.00502898 -4.39985 0.0576283 -0.00502957 0.998325 -12.8254 0 0 0 1 
34562489690028;0.340963;1.32991;1 -3.87282e-07 4.38386e-07 -3.65337 3.87282e-07 1 1.3317e-08 -8.54017 -4.38386e-07 -1.33168e-08 1 -0.126596 0 0 0 1 
34562489690029;0.238574;0.326445;0.999087 8.36511e-05 0.0427325 -38.641 7.57144e-05 0.999993 -0.00372774 0.830247 -0.0427325 0.00372757 0.99908 24.9356 0 0 0 1 
34562489690031;0.530935;0.666454;0.999999 1.97983e-06 -0.00168504 -13.9066 -1.73495e-06 1 0.000145329 1.60129 0.00168504 -0.000145326 0.999999 -13.6482 0 0 0 1 
34562489690032;0.306555;0.511641;0.990848 0.000798819 0.134983 -16.7465 0.000798085 0.99993 -0.0117759 0.850602 -0.134983 0.0117758 0.990778 65.2491 0 0 0 1 
34562489690033;0.46032;0.578191;0.999999 4.13264e-07 -0.00109217 -2.37595 -3.09247e-07 1 9.52394e-05 0.776063 0.00109217 -9.5239e-05 0.999999 -1.0411 0 0 0 1 
34562489690034;0.385219;1.15331;0.99981 2.24368e-05 -0.0194745 -42.0876 1.06047e-05 0.999999 0.00169655 5.77149 0.0194745 -0.00169643 0.999809 -30.1503 0 0 0 1 
34562489690035;0.341621;0.457287;0.984414 0.00136417 0.17586 -52.5847 0.00135672 0.999881 -0.0153507 3.82197 -0.17586 0.0153501 0.984295 21.6672 0 0 0 1 
34562489690036;0.158469;0.0667715;0.998177 0.00016088 -0.060347 -5.6026 0.000157103 0.999986 0.00526446 0.560244 0.060347 -0.00526434 0.998164 -30.6355 0 0 0 1 
34562489690037;0.364175;0.423944;0.999005 8.63548e-05 -0.0445932 10.8734 8.7308e-05 0.999992 0.00389242 -1.69721 0.0445932 -0.00389244 0.998998 -5.02056 0 0 0 1 
34562489690038;0.437441;1.18875;0.995665 0.000386936 0.0930139 -78.3285 0.000369813 0.999967 -0.0081185 9.00294 -0.0930139 0.0081177 0.995632 19.5478 0 0 0 1 
34562489690039;0.392147;1.14915;0.999526 3.21646e-05 0.0307915 71.4672 5.08548e-05 0.999996 -0.00269539 -9.14136 -0.0307915 0.00269568 0.999522 -61.0356 0 0 0 1 
34562489690040;0.283513;0.340278;0.998528 0.000131268 -0.0542357 -13.9836 0.000125601 0.999989 0.00473272 1.16755 0.0542357 -0.00473256 0.998517 -17.946 0 0 0 1 
34562489690041;0.287266;0.48124;0.997584 0.000215874 -0.0694774 -29.0459 0.000206002 0.999982 0.00606491 3.26532 0.0694774 -0.00606457 0.997565 -6.09139 0 0 0 1 
34562489690042;0.329992;1.08801;0.994659 0.000478402 0.103216 -109.638 0.000453851 0.999959 -0.00900838 11.2399 -0.103216 0.00900711 0.994618 29.3762 0 0 0 1 
34562489690043;0.516204;0.912407;0.99999 2.05953e-06 -0.00436234 -7.9749 -4.0013e-07 1 0.000380393 1.23075 0.00436234 -0.000380388 0.99999 -3.23951 0 0 0 1 
34562489690044;0.236329;0.177644;0.999638 3.18323e-05 -0.0268906 1.85166 3.1293e-05 0.999997 0.00234706 -0.25747 0.0268906 -0.00234705 0.999636 -4.08687 0 0 0 1 
34562489690045;0.316589;0.468123;1 -8.17497e-09 -3.1384e-07 0.553989 8.17498e-09 1 4.12553e-08 -0.332662 3.1384e-07 -4.12553e-08 1 -0.13751 0 0 0 1 
34562489690046;0.376135;0.365498;0.99916 7.39068e-05 -0.0409846 1.63554 7.27485e-05 0.999994 0.0035768 -0.223485 0.0409846 -0.00357677 0.999153 -9.7785 0 0 0 1 
34562489690047;0.485231;0.412982;1 1.42189e-07 -0.000450152 -0.695813 -1.24498e-07 1 3.93005e-05 0.318237 0.000450152 -3.93005e-05 1 -0.63858 0 0 0 1 
34562489690048;0.199981;0.0744896;0.999995 1.72951e-07 -0.00302845 2.60146 6.24941e-07 1 0.000263464 0.223605 0.00302845 -0.000263465 0.999995 -7.22916 0 0 0 1 
34562489690049;0.208318;0.210573;1 1.02014e-08 -8.65418e-07 0.0185839 -1.02013e-08 1 5.60466e-08 -0.0833771 8.65418e-07 -5.60466e-08 1 -0.120793 0 0 0 1 
34562489690050;0.378047;0.520249;0.989509 0.000923418 -0.14447 -39.5525 0.000908219 0.99992 0.0126118 3.35811 0.14447 -0.0126107 0.989429 -10.2527 0 0 0 1 
34562489690051;0.381473;0.722516;1 9.11423e-08 2.01708e-07 0.767644 -9.11423e-08 1 7.31708e-09 0.632917 -2.01708e-07 -7.3171e-09 1 -0.0548284 0 0 0 1 
34562489690052;0.123011;0.454763;0.999866 1.60987e-05 -0.0163544 -32.0211 7.22189e-06 0.999999 0.00142589 3.17765 0.0163544 -0.00142582 0.999865 -15.4179 0 0 0 1 
34562489690053;0.447449;0.819168;0.999977 6.83469e-06 0.00683235 -38.1083 -2.77081e-06 1 -0.00059481 4.48211 -0.00683235 0.000594777 0.999976 13.432 0 0 0 1 
34562489690054;0.341689;0.66478;0.998282 0.000161965 -0.0585843 -86.9213 0.000137852 0.999987 0.00511362 7.76253 0.0585844 -0.00511291 0.998269 -11.7593 0 0 0 1 
34562489690055;0.435439;0.676013;0.999904 1.1683e-05 -0.01385 -23.5371 5.01427e-06 0.999999 0.00120555 2.05801 0.01385 -0.0012055 0.999903 -28.4027 0 0 0 1 
34562489690056;0.453077;0.351711;0.984164 0.00138967 -0.177254 -32.6375 0.00137497 0.999879 0.0154733 3.69201 0.177254 -0.015472 0.984044 -15.577 0 0 0 1 
34562489690057;0.243925;0.0791054;0.999793 1.74061e-05 0.0203625 2.9301 1.87816e-05 0.999998 -0.00177698 -0.828795 -0.0203625 0.00177699 0.999791 5.34651 0 0 0 1 
34562489690058;0.299623;0.515717;0.988915 0.000973764 0.148478 -68.5573 0.000960742 0.999916 -0.0129567 6.5395 -0.148478 0.0129557 0.988831 51.8838 0 0 0 1 
34562489690059;0.121954;0.08366;0.999973 7.09217e-07 -0.00738135 14.6991 4.04525e-06 1 0.000644103 -1.38296 0.00738135 -0.000644116 0.999973 -2.6993 0 0 0 1 
34562489690060;0.336224;0.525568;0.999267 7.03797e-05 0.0382726 -55.4307 5.74979e-05 0.999994 -0.00334012 5.16594 -0.0382726 0.00333988 0.999262 10.7039 0 0 0 1 
34562489690062;0.450678;0.298486;0.993595 0.00055847 0.112995 -9.55417 0.000559643 0.999951 -0.00986331 -0.0369791 -0.112995 0.00986338 0.993547 26.3825 0 0 0 1 
34562489690063;0.504888;1.08674;0.984084 0.00138328 0.177697 27.2931 0.00139476 0.999879 -0.0155077 -4.74821 -0.177697 0.0155087 0.983963 63.5169 0 0 0 1 
34562489690064;0.452148;0.434405;1 -1.6277e-08 8.45551e-08 -0.150741 1.6277e-08 1 3.45788e-09 -0.201363 -8.45551e-08 -3.45788e-09 1 -0.0528009 0 0 0 1 
34562489690065;0.324911;0.41339;1 -7.84305e-09 -7.25023e-08 -0.16663 7.84305e-09 1 5.07883e-09 -0.447359 7.25023e-08 -5.07883e-09 1 -0.00604817 0 0 0 1 
34562489690066;0.34336;0.382433;0.998076 0.000169405 0.061997 -19.7183 0.000166365 0.999985 -0.00541071 1.52148 -0.061997 0.00541061 0.998062 23.3049 0 0 0 1 
34562489690067;0.18061;0.267557;1 -1.12025e-06 0.000869147 8.80956 1.18594e-06 1 -7.55886e-05 -1.4924 -0.000869146 7.55896e-05 1 2.67209 0 0 0 1 
34562489690068;0.143206;0.163236;1 1.26519e-07 0.000108088 -0.801908 -1.25504e-07 1 -9.38801e-06 -0.147533 -0.000108088 9.388e-06 1 0.447771 0 0 0 1 
34562489690069;0.265071;1.96341;0.999884 1.35019e-05 0.0152508 -28.5134 6.78051e-06 0.999999 -0.00132988 -2.75805 -0.0152508 0.00132982 0.999883 14.2101 0 0 0 1 
34562489690070;0.337998;0.397138;1 1.12288e-08 -2.15739e-07 0.0597417 -1.12288e-08 1 2.84477e-08 -0.43618 2.15739e-07 -2.84477e-08 1 -0.230478 0 0 0 1 
34562489690071;0.291767;0.190866;1 -4.47872e-07 -0.000726766 3.9967 4.93848e-07 1 6.32612e-05 -0.637637 0.000726766 -6.32616e-05 1 -0.907437 0 0 0 1 
34562489690072;0.432542;0.368902;0.984273 0.00137416 0.17665 -31.4541 0.00137212 0.99988 -0.0154234 2.21356 -0.17665 0.0154232 0.984153 15.8637 0 0 0 1 
34562489690073;0.333627;0.345376;1 1.31507e-08 7.60779e-08 0.063617 -1.31507e-08 1 2.89457e-08 -0.408527 -7.60778e-08 -2.89457e-08 1 -0.234626 0 0 0 1 
34562489690074;0.333091;1.48048;0.961318 0.00338149 0.27542 -67.0298 0.00337267 0.999705 -0.0240458 2.59572 -0.27542 0.0240446 0.961023 44.5438 0 0 0 1 
34562489690075;0.300984;0.388649;0.979139 0.00182593 -0.203183 -6.74748 0.00181679 0.999841 0.0177403 -0.516294 0.203184 -0.0177394 0.97898 -17.0258 0 0 0 1 
34562489690076;0.255405;0.552101;0.999576 3.58591e-05 0.0291301 5.3615 3.8237e-05 0.999997 -0.00254307 -1.35909 -0.0291301 0.0025431 0.999572 4.63957 0 0 0 1 
34562489690077;0.37018;0.388404;0.96332 0.00320418 -0.268336 27.2012 0.00320122 0.99972 0.0234298 -3.18067 0.268336 -0.0234294 0.96304 -6.60408 0 0 0 1 
34562489690078;0.123389;0.225504;0.998886 9.82593e-05 -0.0471843 -1.30832 9.62094e-05 0.999992 0.00411918 -0.395332 0.0471843 -0.00411913 0.998878 -7.56017 0 0 0 1 
34562489690079;0.437756;0.670403;1 7.14518e-08 -1.05479e-08 0.513141 -7.14518e-08 1 1.38685e-08 -0.609901 1.05479e-08 -1.38685e-08 1 -0.0896643 0 0 0 1 
34562489690080;0.248888;0.385945;0.999621 3.51177e-05 -0.0275411 -11.8598 3.11257e-05 0.999997 0.00240483 0.380169 0.0275411 -0.00240477 0.999618 -0.615401 0 0 0 1 
34562489690081;0.238106;0.274651;0.999808 1.48541e-05 0.0195866 12.289 1.8608e-05 0.999999 -0.00170824 -1.67027 -0.0195866 0.00170828 0.999807 15.8527 0 0 0 1 
34562489690082;0.176775;0.724789;0.987512 0.00109537 0.157543 -60.7657 0.00108531 0.999905 -0.0137552 3.61751 -0.157543 0.0137544 0.987416 18.9292 0 0 0 1 
34562489690083;0.334152;1.61826;0.999997 1.11466e-05 0.00257216 -88.4985 -1.05737e-05 1 -0.000222757 2.58476 -0.00257216 0.000222729 0.999997 15.7526 0 0 0 1 
34562489690084;0.376441;0.37616;1 6.25304e-08 -3.80672e-05 -0.330773 -6.24065e-08 1 3.25646e-06 0.0815998 3.80672e-05 -3.25646e-06 1 -0.475288 0 0 0 1 
34562489690085;0.162081;0.283115;0.997859 0.000187184 -0.0654012 7.33801 0.000186678 0.999984 0.00571028 -0.94197 0.0654012 -0.00571026 0.997843 -4.09767 0 0 0 1 
34562489690086;0.435379;0.320338;1 -3.44326e-09 -2.99607e-07 -0.0476592 3.44325e-09 1 -3.79118e-08 -0.239182 2.99607e-07 3.79118e-08 1 0.282235 0 0 0 1 
34562489690087;0.326485;0.283998;0.999855 1.2387e-05 0.0170113 -0.614011 1.28796e-05 0.999999 -0.00148518 -0.553835 -0.0170113 0.00148518 0.999854 2.03614 0 0 0 1 
34562489690088;0.343468;0.384468;0.999997 -5.69056e-09 -0.0026272 2.83456 6.05832e-07 1 0.000228433 -0.578763 0.0026272 -0.000228434 0.999997 -7.60824 0 0 0 1 
34562489690089;0.181879;0.240629;0.999464 4.80617e-05 -0.0327431 -5.29655 4.55669e-05 0.999996 0.00285874 -0.220725 0.0327431 -0.0028587 0.99946 -2.94731 0 0 0 1 
34562489690090;0.274172;0.686033;0.978395 0.00189041 -0.206734 -2.57341 0.00188208 0.999835 0.0180499 -1.45262 0.206734 -0.018049 0.978231 -19.7862 0 0 0 1 
34562489690091;0.516972;0.617209;0.999973 6.33003e-06 0.0072856 -32.1422 -1.70928e-06 1 -0.000634237 2.50933 -0.0072856 0.000634207 0.999973 15.0607 0 0 0 1 
34562489690093;0.4248;0.49787;0.999999 2.24875e-07 0.00134614 -1.586 -6.85356e-08 1 -0.000116139 1.64577 -0.00134614 0.000116139 0.999999 12.1134 0 0 0 1 
34562489690094;0.0934313;0.173593;0.99914 8.136e-05 0.0414666 -56.0948 6.86408e-05 0.999993 -0.00361595 6.26111 -0.0414667 0.00361569 0.999133 37.3836 0 0 0 1 
34562489690095;0.144672;0.305744;0.999913 9.17949e-06 0.0132198 -14.0446 6.06896e-06 0.999999 -0.00115341 3.73771 -0.0132198 0.00115339 0.999912 7.10634 0 0 0 1 
34562489690096;0.228702;0.335265;0.999359 -0.000284192 -0.035792 2740.39 0.000402678 0.999994 0.00330323 -238.09 0.0357909 -0.00331553 0.999354 1532.78 0 0 0 1 
34562489690097;0.121961;0.20301;0.998362 0.000130158 0.0572122 93.2733 0.000155735 0.999988 -0.00499257 -9.31072 -0.0572122 0.00499331 0.99835 14.9359 0 0 0 1 
34562489690098;0.286027;0.291352;1 -1.34657e-08 2.47439e-07 -0.0106448 1.34657e-08 1 -3.40634e-08 0.644237 -2.47439e-07 3.40634e-08 1 0.266561 0 0 0 1 
34562489690099;0.0245713;0.0388704;0.999916 6.27938e-06 0.0129487 6.18937 8.34974e-06 0.999999 -0.00112972 -0.794289 -0.0129487 0.00112974 0.999916 6.23804 0 0 0 1 
34562489690100;0.214406;0.682512;0.994874 0.00128103 -0.101109 -6694.03 -0.000411037 0.999963 0.00862486 593.481 0.101117 -0.00853909 0.994838 -2328.36 0 0 0 1 
34562489690101;0.290539;0.367098;1 -7.02028e-08 4.78302e-07 -0.454367 7.02028e-08 1 1.73522e-09 0.361323 -4.78302e-07 -1.73518e-09 1 -0.0140526 0 0 0 1 
34562489690102;0.160438;0.191997;0.995337 0.000595906 -0.0964603 -1505.22 0.000190363 0.999967 0.00814181 130.868 0.0964619 -0.00812221 0.995304 -2412.38 0 0 0 1 
34562489690103;0.385248;0.717053;0.998423 0.000135264 0.0561374 10.292 0.000140033 0.999988 -0.00490004 -5.60886 -0.0561374 0.00490017 0.998411 9.76511 0 0 0 1 
34562489690104;0.150227;0.311277;0.999989 -5.45316e-07 0.00476951 10.9208 2.53117e-06 1 -0.000416357 -2.85175 -0.00476951 0.000416364 0.999989 0.404942 0 0 0 1 
34562489690105;0.212702;0.318561;0.999465 4.23954e-05 0.0326953 28.7487 5.0899e-05 0.999996 -0.00285261 -4.43578 -0.0326953 0.00285275 0.999461 13.9552 0 0 0 1 
34562489690106;0.369761;0.440905;1 -6.20793e-08 7.4364e-07 -0.382294 6.20793e-08 1 -1.10968e-08 0.995958 -7.4364e-07 1.10968e-08 1 0.0937417 0 0 0 1 
34562489690107;0.232667;0.228347;1 -2.03813e-08 4.13404e-07 -0.125396 2.03813e-08 1 2.30271e-08 0.80199 -4.13404e-07 -2.30271e-08 1 -0.167555 0 0 0 1 
34562489690108;0.240619;0.281765;1 -2.5825e-08 -4.81472e-08 -0.101233 2.5825e-08 1 2.13806e-08 0.555038 4.81472e-08 -2.13806e-08 1 -0.12668 0 0 0 1 
34562489690109;0.185949;0.228174;1 -3.35093e-08 -3.12749e-07 -0.129409 3.35093e-08 1 1.51941e-08 0.538004 3.12749e-07 -1.51941e-08 1 -0.0784004 0 0 0 1 
34562489690110;0.265953;0.304948;0.998859 9.13766e-05 -0.0477488 72.248 0.000107717 0.999991 0.00416702 -6.44615 0.0477488 -0.00416741 0.998851 -12.0242 0 0 0 1 
34562489690111;0.165425;0.287536;0.99952 4.75969e-05 0.0309805 -49.7597 3.61317e-05 0.999996 -0.00270205 6.41768 -0.0309806 0.00270188 0.999516 23.8602 0 0 0 1 
34562489690112;0.350609;0.510946;0.976574 0.00266431 0.215165 -5012.47 0.00140847 0.999823 -0.0187731 444.199 -0.215177 0.0186364 0.976397 1213.58 0 0 0 1 
34562489690113;0.399049;0.454966;1 -4.81252e-08 3.22361e-07 -0.300314 4.81252e-08 1 8.81843e-09 0.709873 -3.22361e-07 -8.81841e-09 1 -0.0592653 0 0 0 1 
34562489690114;0.0997142;0.8737;1 9.37549e-08 1.22103e-06 0.929271 -9.37549e-08 1 -2.05911e-08 8.48142 -1.22103e-06 2.0591e-08 1 0.392449 0 0 0 1 
34562489690115;0.280795;0.315041;1 -3.70655e-08 -9.92383e-08 -0.250758 3.70655e-08 1 1.41782e-08 -0.109699 9.92383e-08 -1.41782e-08 1 -0.1505 0 0 0 1 
34562489690116;0.37279;0.44324;1 -6.62025e-08 4.75284e-07 -0.45043 6.62025e-08 1 4.69251e-08 0.272588 -4.75284e-07 -4.69251e-08 1 -0.383407 0 0 0 1 
34562489690117;0.26675;0.596;1 -6.03557e-08 -4.33986e-07 -0.183872 6.03557e-08 1 4.19078e-08 4.05755 4.33986e-07 -4.19079e-08 1 -0.010233 0 0 0 1 
34562489690118;0.0989808;0.161951;0.997869 -9.85139e-05 -0.0652467 2298.24 0.000462705 0.999984 0.00556667 -201.438 0.0652451 -0.005585 0.997854 -896.894 0 0 0 1 
34562489690119;0.386067;0.392264;0.980941 0.00164478 -0.194301 182.171 0.00168261 0.999855 0.0169587 -16.0609 0.1943 -0.0169624 0.980795 -12.6733 0 0 0 1 
34562489690120;0.309421;0.585823;0.999772 2.33259e-05 0.0213383 -29.6075 1.64001e-05 0.999998 -0.00186155 6.21411 -0.0213383 0.00186148 0.999771 12.5737 0 0 0 1 
34562489690121;0.382301;0.479247;1 -6.63075e-08 4.149e-07 -0.404281 6.63075e-08 1 1.45597e-08 0.935699 -4.149e-07 -1.45597e-08 1 -0.0198429 0 0 0 1 
34562489690122;0.179762;0.379372;1 -1.06311e-08 4.01328e-07 -0.249651 1.06311e-08 1 -6.22355e-08 -2.30009 -4.01328e-07 6.22355e-08 1 0.377176 0 0 0 1 
34562489690124;0.346704;0.533952;0.969033 0.00267729 -0.246915 245.611 0.00272889 0.999764 0.0215501 -22.3804 0.246914 -0.0215566 0.968797 -7.57191 0 0 0 1 
34562489690125;0.12865;0.357773;0.999783 2.17727e-05 -0.020849 -19.1524 1.6153e-05 0.999998 0.0018189 3.59327 0.020849 -0.00181884 0.999781 -11.6511 0 0 0 1 
34562489690126;0.441684;1.06119;0.999841 1.71505e-05 0.0178437 -26.5805 1.06309e-05 0.999999 -0.00155684 8.08061 -0.0178437 0.00155678 0.99984 9.82897 0 0 0 1 
34562489690127;0.210546;0.406458;1 2.89704e-08 7.74633e-07 0.257485 -2.89704e-08 1 2.3854e-08 1.8426 -7.74633e-07 -2.3854e-08 1 -0.22455 0 0 0 1 
34562489690128;0.0334274;0.212103;0.999939 -0.000345453 -0.0109951 2822.85 0.000354181 1 0.00079184 -247.176 0.0109948 -0.000795687 0.999939 -1321.47 0 0 0 1 
34562489690129;0.0803559;0.101118;1 -2.57431e-08 2.36169e-07 -0.046183 2.57431e-08 1 2.84473e-08 0.670692 -2.36169e-07 -2.84473e-08 1 -0.197755 0 0 0 1 
34562489690130;0.355847;0.421643;0.999846 8.39377e-06 -0.0175625 42.1017 1.85242e-05 0.999999 0.00153253 -2.96 0.0175625 -0.00153262 0.999845 -6.75054 0 0 0 1 
34562489690131;0.103607;0.190063;1 2.36298e-06 3.47785e-05 -18.2248 -2.36288e-06 1 -2.92917e-06 3.36869 -3.47785e-05 2.92909e-06 1 0.311569 0 0 0 1 
34562489690132;0.232394;0.474973;0.997306 0.000226122 -0.0733549 82.4778 0.000244182 0.999979 0.00640232 -3.8539 0.0733548 -0.00640298 0.997285 -13.5534 0 0 0 1 
34562489690133;0.372111;0.390993;0.991836 0.000702917 -0.127515 96.8379 0.000722449 0.999938 0.0111314 -7.29221 0.127515 -0.0111327 0.991774 -4.4259 0 0 0 1 
34562489690134;0.23228;0.245779;1 -4.24822e-08 2.43381e-08 -0.26668 4.24822e-08 1 2.82989e-08 0.600122 -2.43381e-08 -2.82989e-08 1 -0.260698 0 0 0 1 
34562489690135;0.171644;0.32199;0.999769 2.17585e-05 -0.0214853 -9.50322 1.85151e-05 0.999998 0.00187427 2.58176 0.0214853 -0.00187423 0.999767 -12.4933 0 0 0 1 
34562489690136;0.200279;0.223993;1 -5.87275e-08 -1.36957e-09 -0.423771 5.87275e-08 1 2.31078e-08 -0.0330887 1.36957e-09 -2.31078e-08 1 -0.201511 0 0 0 1 
34562489690137;0.062551;0.119862;0.998619 0.000120195 -0.0525437 10.854 0.000120732 0.999989 0.00458207 -1.86836 0.0525437 -0.00458209 0.998608 -43.5493 0 0 0 1 
34562489690138;0.126833;1.20473;1 1.14003e-07 2.20024e-07 1.16324 -1.14003e-07 1 -1.67011e-08 9.66514 -2.20024e-07 1.6701e-08 1 0.143582 0 0 0 1 
34562489690139;0.334771;0.531644;1 1.79345e-08 2.28221e-07 0.216606 -1.79345e-08 1 1.92221e-08 2.25681 -2.28221e-07 -1.92221e-08 1 -0.049813 0 0 0 1 
34562489690140;0.169798;1.18526;1 -1.61881e-07 -3.28475e-07 -0.368753 1.61881e-07 1 5.01557e-08 8.66782 3.28475e-07 -5.01558e-08 1 -0.354606 0 0 0 1 
34562489690141;0.269667;0.517336;1 1.89232e-08 -7.46787e-07 0.247815 -1.89232e-08 1 4.85196e-08 2.39928 7.46787e-07 -4.85196e-08 1 -0.314064 0 0 0 1 
34562489690142;0.0756236;0.335344;0.999696 -0.000431005 -0.0246618 3683.57 0.000478754 0.999998 0.00193029 -322.486 0.0246609 -0.00194151 0.999694 -1702.75 0 0 0 1 
34562489690143;0.273373;0.546917;0.998526 0.000136957 0.0542834 -72.2562 0.000120287 0.999989 -0.00473562 9.12565 -0.0542834 0.00473516 0.998514 34.067 0 0 0 1 
34562489690144;0.115892;0.538673;0.999974 4.0391e-05 0.0072022 -306.403 -3.62177e-05 1 -0.000579575 30.1599 -0.00720222 0.000579299 0.999974 397.851 0 0 0 1 
34562489690145;0.160443;0.318281;0.999781 5.19815e-05 0.020916 -267.049 -8.99284e-06 0.999998 -0.00205539 21.7277 -0.0209161 0.00205475 0.999779 -1839.98 0 0 0 1 
34562489690146;0.0878609;1.31661;1 3.43913e-08 2.514e-07 0.898418 -3.43913e-08 1 1.38919e-09 10.0209 -2.514e-07 -1.3892e-09 1 0.328471 0 0 0 1 
34562489690147;0.0902058;0.264783;0.999634 2.47726e-05 -0.0270667 60.8554 3.91633e-05 0.999997 0.00236163 -3.72622 0.0270667 -0.00236182 0.999631 -11.0409 0 0 0 1 
34562489690148;0.253989;1.48947;1 9.56522e-08 1.60671e-07 1.07464 -9.56522e-08 1 -3.58424e-09 10.7579 -1.60671e-07 3.58423e-09 1 0.419117 0 0 0 1 
34562489690149;0.415878;0.423205;0.999989 -1.94684e-07 -0.00459263 9.11338 2.03665e-06 1 0.000401066 -0.600206 0.00459263 -0.000401071 0.999989 -0.143906 0 0 0 1 
34562489690150;0.323952;0.424256;0.999537 3.66321e-05 -0.0304268 33.3067 4.41962e-05 0.999996 0.0026558 -2.22492 0.0304268 -0.00265592 0.999533 -5.67951 0 0 0 1 
34562489690151;0.0908205;0.820158;0.999998 0.000111038 -0.00179347 -890.31 -0.000110771 1 0.000148935 84.1692 0.00179349 -0.000148736 0.999998 -63.3751 0 0 0 1 
34562489690152;0.416208;0.415666;0.988575 0.000988974 -0.150726 89.7899 0.00100542 0.999913 0.0131552 -6.29872 0.150726 -0.0131564 0.988488 -25.2409 0 0 0 1 
34562489690153;0.0988573;0.128163;0.99995 6.46604e-06 -0.00998828 -15.1033 2.21698e-06 1 0.000869308 0.0698974 0.00998828 -0.000869287 0.99995 -21.9114 0 0 0 1 
34562489690155;0.259195;0.490955;0.999711 2.52649e-05 -0.0240548 3.80159 2.52383e-05 0.999998 0.0020992 1.56079 0.0240548 -0.0020992 0.999708 -8.75045 0 0 0 1 
34562489690156;0.172496;0.16834;0.999947 3.18357e-06 -0.0102598 13.0694 5.9911e-06 1 0.000894205 -0.125474 0.0102598 -0.000894219 0.999947 -13.1725 0 0 0 1 
34562489690157;0.159263;0.34267;0.995193 -0.000773513 0.0979255 9587.25 0.00167489 0.999957 -0.00912286 -827.929 -0.0979142 0.00924303 0.995152 -5586.53 0 0 0 1 
34562489690158;0.105511;0.206637;0.999334 0.000125106 0.0364825 -542.929 -4.03397e-06 0.999994 -0.00331868 47.1931 -0.0364827 0.00331632 0.999329 -1055.01 0 0 0 1 
34562489690159;0.266866;0.324032;1 -5.27355e-09 3.31582e-07 0.0296774 5.27354e-09 1 3.81364e-08 0.889879 -3.31582e-07 -3.81364e-08 1 -0.274877 0 0 0 1 
34562489690160;0.0473697;0.126358;0.999987 2.36549e-06 0.00503748 -10.2772 -1.56941e-07 1 -0.000438424 1.40768 -0.00503748 0.000438417 0.999987 10.6017 0 0 0 1 
34562489690161;0.216211;0.298028;1 3.34408e-08 2.09568e-07 0.393719 -3.34408e-08 1 4.9195e-10 0.753007 -2.09568e-07 -4.91957e-10 1 -0.0506229 0 0 0 1 
34562489690162;0.156911;0.406423;0.999965 5.80876e-06 0.00842528 -20.4281 3.84665e-07 1 -0.000735098 2.94315 -0.00842529 0.000735076 0.999964 3.36329 0 0 0 1 
34562489690163;0.149607;0.108095;0.999621 -7.47918e-05 0.0275165 864.335 0.000143146 0.999997 -0.00248215 -74.1468 -0.0275162 0.00248515 0.999618 -666.738 0 0 0 1 
34562489690164;0.334807;1.03896;0.995324 0.000429308 0.0965929 -177.706 0.00038656 0.999964 -0.00842759 13.9566 -0.0965931 0.00842552 0.995288 62.7463 0 0 0 1 
34562489690165;0.385816;1.13365;0.972921 0.00175219 0.231131 4896.82 0.00340031 0.999755 -0.0218924 -407.459 -0.231112 0.0220854 0.972676 -15344 0 0 0 1 
34562489690166;0.333068;0.422987;0.998327 0.000154043 0.0578245 -70.6176 0.000137876 0.999987 -0.00504433 6.77446 -0.0578246 0.00504386 0.998314 37.357 0 0 0 1 
34562489690167;0.363242;0.478731;1 2.73218e-08 5.49098e-07 0.416534 -2.73218e-08 1 3.10463e-08 1.2634 -5.49098e-07 -3.10463e-08 1 -0.262127 0 0 0 1 
34562489690168;0.405801;0.302357;1 1.24925e-08 1.92039e-07 0.148206 -1.24925e-08 1 8.90582e-08 0.88139 -1.92039e-07 -8.90582e-08 1 -0.763113 0 0 0 1 
34562489690169;0.233383;0.462061;0.999916 6.50647e-06 -0.0129758 8.95312 8.19055e-06 0.999999 0.0011326 1.45894 0.0129758 -0.00113261 0.999915 -3.26658 0 0 0 1 
34562489690170;0.111556;0.212992;0.999958 4.23598e-06 0.00914125 -5.28956 3.05708e-06 1 -0.000797804 1.65113 -0.00914125 0.000797799 0.999958 1.7427 0 0 0 1 
34562489690171;0.0960451;0.30899;0.999725 2.57057e-05 -0.0234478 -9.8914 2.2289e-05 0.999998 0.00204661 3.07169 0.0234478 -0.00204657 0.999723 -6.03576 0 0 0 1 
34562489690172;0.321124;0.411142;0.998112 0.000179996 0.0614266 -128.599 0.000152409 0.999985 -0.00540669 11.6791 -0.0614267 0.00540584 0.998097 -345.481 0 0 0 1 
34562489690173;0.268086;0.411605;0.999298 -0.00025774 0.0374506 2562.12 0.00039051 0.999994 -0.00353792 -221.542 -0.0374494 0.00355007 0.999292 -2255.98 0 0 0 1 
34562489690174;0.189053;0.472204;0.999187 -1.68065e-05 0.0403072 701.794 0.00016136 0.999994 -0.00358303 -59.2299 -0.0403069 0.00358662 0.999181 -543.705 0 0 0 1 
34562489690175;0.133957;0.351468;0.999988 3.77831e-06 0.00496198 -20.3307 -1.63385e-06 1 -0.000432183 1.90522 -0.00496198 0.00043217 0.999988 8.06998 0 0 0 1 
34562489690176;0.144022;0.276699;0.999377 5.94863e-05 0.0352796 -45.2533 4.91735e-05 0.999995 -0.00307908 3.31384 -0.0352796 0.0030789 0.999373 10.1757 0 0 0 1 
34562489690177;0.320514;0.424979;1 4.37701e-08 3.3969e-07 0.475639 -4.37701e-08 1 9.06837e-09 0.641427 -3.3969e-07 -9.06838e-09 1 -0.0943152 0 0 0 1 
34562489690178;0.353901;0.497168;0.995384 0.000402198 -0.0959682 19.9247 0.000403521 0.999965 0.00837613 0.428041 0.0959682 -0.0083762 0.995349 -21.3811 0 0 0 1 
34562489690179;0.0142393;0.0868304;1 2.40231e-08 3.14547e-07 0.286055 -2.40231e-08 1 1.56335e-09 0.266623 -3.14547e-07 -1.56336e-09 1 -0.0452782 0 0 0 1 
34562489690180;0.106434;0.175983;0.999952 3.57373e-06 -0.00975243 5.96508 4.72783e-06 1 0.000851206 -0.144723 0.00975243 -0.000851211 0.999952 -2.27561 0 0 0 1 
34562489690181;0.139987;0.138141;1 6.6327e-09 -2.53729e-08 0.0961884 -6.6327e-09 1 -1.74144e-08 0.0595517 2.53729e-08 1.74144e-08 1 0.0726074 0 0 0 1 
34562489690182;0.247912;0.523577;0.997255 0.000235431 -0.0740382 44.7238 0.000243625 0.999979 0.00646129 -1.27146 0.0740382 -0.0064616 0.997234 -21.0461 0 0 0 1 
34562489690183;0.115667;0.402356;1 5.00114e-08 9.28003e-07 0.532516 -5.00115e-08 1 4.74386e-08 2.00844 -9.28003e-07 -4.74387e-08 1 -0.299474 0 0 0 1 
34562489690184;0.228068;0.759605;0.998484 -0.000255136 0.0550445 3114.01 0.000546974 0.999986 -0.00528686 -267.717 -0.0550424 0.00530895 0.99847 -4050.14 0 0 0 1 
34562489690186;0.0711037;0.155581;1 1.87066e-07 6.64811e-07 -1.07122 -1.87066e-07 1 -1.21541e-07 -1.1948 -6.64811e-07 1.21541e-07 1 -0.948933 0 0 0 1 
34562489690187;0.0441165;0.0694948;0.999934 5.79875e-06 0.0114666 -1.98228 5.67122e-06 0.999999 -0.00100026 -0.191132 -0.0114666 0.00100026 0.999934 5.91357 0 0 0 1 
34562489690188;0.231973;0.255095;0.999995 -8.44047e-09 -0.00304196 3.32651 8.16013e-07 1 0.000265477 0.850317 0.00304196 -0.000265478 0.999995 -1.32633 0 0 0 1 
34562489690189;0.393005;0.555307;0.984728 0.00132077 -0.174096 125.142 0.00134541 0.999884 0.0151956 -6.11542 0.174095 -0.0151977 0.984612 -6.52898 0 0 0 1 
34562489690190;0.219538;0.278543;0.99998 3.85224e-07 -0.00634576 11.6084 3.13218e-06 1 0.000554281 0.962903 0.00634576 -0.00055429 0.99998 1.44292 0 0 0 1 
34562489690191;0.389147;0.677119;1 1.33822e-07 7.38498e-08 0.787178 -1.33822e-07 1 -6.56485e-08 -4.92818 -7.38498e-08 6.56485e-08 1 0.332354 0 0 0 1 
34562489690192;0.192134;0.359379;0.999982 2.97161e-06 0.0059996 -11.4296 1.69894e-07 1 -0.000523619 -1.93583 -0.0059996 0.00052361 0.999982 0.989366 0 0 0 1 
34562489690193;0.281462;0.304858;1 -3.21349e-08 7.62649e-07 -0.160226 3.21348e-08 1 1.04739e-07 -0.290261 -7.62649e-07 -1.04739e-07 1 -0.837145 0 0 0 1 
34562489690194;0.204314;0.201246;0.999368 5.0727e-05 0.0355449 30.2551 5.96085e-05 0.999995 -0.00310305 -3.47824 -0.0355449 0.00310321 0.999363 -0.588318 0 0 0 1 
34562489690195;0.157469;0.21087;0.999953 6.10649e-06 -0.00966517 -15.0639 2.04917e-06 1 0.000843809 2.86855 0.00966517 -0.00084379 0.999953 -0.371405 0 0 0 1 
34562489690196;0.0529904;0.0452204;0.999979 -1.56008e-05 -0.00644074 140.964 1.92994e-05 1 0.000574185 -11.6028 0.00644073 -0.000574298 0.999979 95.763 0 0 0 1 
34562489690197;0.438295;0.853003;1 1.20331e-07 -6.7636e-08 0.236084 -1.20331e-07 1 -3.62046e-08 -7.59592 6.7636e-08 3.62046e-08 1 0.0134652 0 0 0 1 
34562489690198;0.0525853;0.0402792;0.999995 6.65806e-07 -0.00326099 -0.745379 2.61958e-07 1 0.000284503 1.12527 0.00326099 -0.000284502 0.999995 -1.72742 0 0 0 1 
34562489690199;0.186435;0.849821;1 -1.09757e-07 -1.44068e-07 -0.225966 1.09757e-07 1 5.55505e-08 9.80829 1.44068e-07 -5.55505e-08 1 -0.166094 0 0 0 1 
34562489690200;0.246291;0.232738;1 4.1355e-09 -2.49369e-07 0.0065919 -4.1355e-09 1 -4.94503e-09 0.26629 2.49369e-07 4.94503e-09 1 0.0375659 0 0 0 1 
34562489690201;0.100046;0.263824;0.999995 -2.19242e-06 0.00305157 20.7585 3.00369e-06 1 -0.000265847 -4.91096 -0.00305157 0.000265855 0.999995 4.40264 0 0 0 1 
34562489690202;0.155088;0.156496;1 1.28462e-08 9.89678e-08 0.0764623 -1.28462e-08 1 9.3272e-09 0.379511 -9.89678e-08 -9.3272e-09 1 -0.060973 0 0 0 1 
34562489690203;0.0877176;0.365922;1 4.51754e-06 0.000164877 -35.3349 -4.51547e-06 1 -1.25389e-05 8.04191 -0.000164877 1.25381e-05 1 15.6027 0 0 0 1 
34562489690204;0.244178;0.332799;0.999306 6.44835e-05 0.0372579 -36.5508 5.6736e-05 0.999995 -0.00325245 0.492673 -0.037258 0.00325231 0.9993 3.90965 0 0 0 1 
34562489690205;0.481854;0.415622;0.999132 7.94002e-05 -0.0416566 -22.3857 7.21094e-05 0.999993 0.00363559 1.77107 0.0416566 -0.00363544 0.999125 -11.3105 0 0 0 1 
34562489690206;0.097924;0.362392;0.999035 7.71393e-05 0.0439109 50.0787 9.11563e-05 0.999993 -0.00383065 -9.09917 -0.0439109 0.00383095 0.999028 19.8778 0 0 0 1 
34562489690207;0.417969;0.412933;0.998258 0.00026001 -0.059 -859.846 5.34714e-05 0.999986 0.00531161 77.1449 0.0590005 -0.00530551 0.998244 1243.85 0 0 0 1 
34562489690208;0.41666;0.414558;1 3.80926e-08 4.39389e-08 0.156394 -3.80926e-08 1 1.40144e-08 -0.994076 -4.39389e-08 -1.40144e-08 1 -0.124204 0 0 0 1 
34562489690209;0.102897;0.0692452;0.999901 1.20683e-05 -0.0140755 -25.1236 5.2299e-06 0.999999 0.00122893 2.83261 0.0140755 -0.00122888 0.9999 -0.159541 0 0 0 1 
34562489690210;0.0465566;0.330565;0.999938 8.41688e-06 0.0110923 -25.8983 2.3225e-06 1 -0.000968169 -1.47876 -0.0110923 0.000968135 0.999938 1.05139 0 0 0 1 
34562489690211;0.156365;0.2081;1 6.21241e-08 -1.39732e-07 0.180571 -6.21241e-08 1 -3.2329e-09 -2.14044 1.39732e-07 3.23291e-09 1 -0.0426647 0 0 0 1 
34562489690212;0.249667;0.331391;0.999952 6.79889e-06 0.00981047 -21.639 1.59923e-06 1 -0.000856028 -0.0849602 -0.00981048 0.000856003 0.999952 3.44252 0 0 0 1 
34562489690213;0.302086;0.319299;1 3.31974e-08 1.40429e-07 0.117608 -3.31974e-08 1 -1.62546e-08 -0.989824 -1.40429e-07 1.62546e-08 1 0.0932749 0 0 0 1 
34562489690214;0.0408606;0.0623751;1 -8.98497e-09 1.10638e-07 0.0465187 8.98497e-09 1 1.96684e-08 0.729444 -1.10638e-07 -1.96684e-08 1 -0.13635 0 0 0 1 
34562489690215;0.322976;0.428707;0.999997 -6.37625e-07 0.00230629 6.29467 1.10052e-06 1 -0.000200708 2.21317 -0.00230629 0.00020071 0.999997 4.91541 0 0 0 1 
34562489690217;0.345856;0.213601;0.999921 6.87954e-06 0.0125403 -2.5182 6.839e-06 0.999999 -0.00109392 0.34332 -0.0125403 0.00109391 0.999921 8.8731 0 0 0 1 
34562489690218;0.369096;0.322638;1 -3.27061e-08 -3.9786e-08 -0.350592 3.27061e-08 1 6.96086e-10 -0.941137 3.9786e-08 -6.96087e-10 1 -0.023874 0 0 0 1 
34562489690219;0.344434;0.67074;1 -7.4596e-08 -2.72767e-07 -0.514484 7.4596e-08 1 -8.39998e-09 0.832919 2.72767e-07 8.39996e-09 1 0.108132 0 0 0 1 
34562489690220;0.281678;0.348345;1 2.42678e-08 -4.61659e-07 0.18913 -2.42678e-08 1 -6.9565e-09 -0.0821679 4.61659e-07 6.95651e-09 1 0.0429674 0 0 0 1 
34562489690221;0.2479;0.52209;0.999292 5.76275e-05 -0.0376292 37.9838 6.60373e-05 0.999995 0.00328515 -3.63926 0.0376292 -0.00328531 0.999286 -2.4634 0 0 0 1 
34562489690222;0.309448;0.435563;0.999648 2.74549e-05 -0.026528 29.0475 3.40758e-05 0.999997 0.00231901 -2.37314 0.026528 -0.0023191 0.999645 21.9702 0 0 0 1 
34562489690223;0.503992;0.557829;0.977773 0.00193381 -0.209656 83.4022 0.00194652 0.999831 0.0183002 -7.83425 0.209655 -0.0183016 0.977604 -32.6827 0 0 0 1 
34562489690224;0.505738;0.331639;0.99752 0.000212482 -0.0703775 41.3228 0.000220339 0.999981 0.00614217 -3.84467 0.0703775 -0.00614245 0.997502 -21.0034 0 0 0 1 
34562489690225;0.255572;0.320756;1 -2.99211e-07 0.000411091 2.12051 3.13919e-07 1 -3.57787e-05 -0.282556 -0.000411091 3.57788e-05 1 0.939086 0 0 0 1 
34562489690226;0.59187;0.657051;0.994638 0.000466477 -0.10342 27.8575 0.000470571 0.999959 0.00903601 -3.13125 0.10342 -0.00903622 0.994597 50.0318 0 0 0 1 
34562489690227;0.535961;0.498966;0.995713 0.000371086 -0.0924921 37.5197 0.000377405 0.999967 0.00807486 -3.50108 0.0924921 -0.00807515 0.995681 -6.25116 0 0 0 1 
34562489690228;0.492348;0.887158;0.989846 0.000878162 -0.142143 86.3045 0.000894753 0.999923 0.0124084 -7.2891 0.142143 -0.0124096 0.989768 -11.7904 0 0 0 1 
34562489690229;0.377629;0.348331;0.99913 7.58055e-05 -0.0417037 6.77987 7.59486e-05 0.999993 0.00363727 -0.947158 0.0417037 -0.00363727 0.999123 -32.1626 0 0 0 1 
34562489690230;0.309344;0.41378;1 -2.40513e-08 -2.1477e-07 -0.159806 2.40513e-08 1 2.50761e-09 0.363186 2.1477e-07 -2.50761e-09 1 -0.0191101 0 0 0 1 
34562489690231;0.422227;0.554567;0.999214 6.36537e-05 0.0396372 33.7684 7.34996e-05 0.999994 -0.00345875 -2.43367 -0.0396372 0.00345895 0.999208 16.8808 0 0 0 1 
34562489690232;0.215127;0.335653;1 -2.83556e-08 3.17765e-07 -0.210555 2.83556e-08 1 1.01737e-08 0.107898 -3.17765e-07 -1.01737e-08 1 -0.065256 0 0 0 1 
34562489690233;0.420689;0.49714;1 -3.78349e-08 8.56498e-08 -0.272724 3.78349e-08 1 1.39407e-08 0.355234 -8.56498e-08 -1.39407e-08 1 -0.108767 0 0 0 1 
34562489690234;0.244511;0.404541;1 -4.3108e-08 3.10429e-08 -0.332275 4.3108e-08 1 9.23238e-09 0.113871 -3.10429e-08 -9.23238e-09 1 -0.0572463 0 0 0 1 
34562489690235;0.305129;0.158313;0.999964 3.21167e-06 0.00847249 -2.31257 3.06114e-06 1 -0.00074036 0.72131 -0.00847249 0.00074036 0.999964 -4.05014 0 0 0 1 
34562489690236;0.196522;0.720142;0.995998 0.000338549 0.0893769 73.6209 0.000359774 0.99997 -0.00779701 -5.511 -0.0893768 0.00779796 0.995967 48.3684 0 0 0 1 
34562489690237;0.236663;0.503643;0.998245 0.000149918 -0.0592114 33.6008 0.000156444 0.999987 0.00516936 -2.82027 0.0592114 -0.00516956 0.998232 -3.6783 0 0 0 1 
34562489690238;0.36003;0.69988;0.996522 0.000297462 0.083324 36.5518 0.000309681 0.999973 -0.00727351 -3.86234 -0.083324 0.00727402 0.996496 10.8151 0 0 0 1 
34562489690239;0.243492;0.247912;0.999986 -1.05356e-06 -0.00538467 18.6701 3.56885e-06 1 0.000467109 -2.18609 0.00538467 -0.000467122 0.999985 -23.9267 0 0 0 1 
34562489690240;0.35283;0.249918;0.999999 -5.24027e-07 -0.00120827 4.60288 6.50131e-07 1 0.000104367 -1.00551 0.00120827 -0.000104367 0.999999 -9.51988 0 0 0 1 
34562489690241;0.379757;1.04267;0.997234 0.000234501 0.0743254 43.7031 0.000248375 0.999979 -0.00648747 -4.13218 -0.0743253 0.00648798 0.997213 14.0344 0 0 0 1 
34562489690242;0.378853;0.386894;1 -1.68465e-08 -5.42214e-08 -0.148404 1.68465e-08 1 -2.58764e-08 -0.0488121 5.42214e-08 2.58764e-08 1 0.177393 0 0 0 1 
34562489690243;0.301434;0.708194;1 -9.09387e-08 -6.96294e-08 -0.674651 9.09387e-08 1 -2.37998e-09 0.671129 6.96294e-08 2.37997e-09 1 -0.0163851 0 0 0 1 
34562489690244;0.500189;0.884983;0.979389 0.00179341 -0.201974 77.3829 0.00180531 0.999843 0.0176321 -5.98505 0.201974 -0.0176333 0.979232 -12.821 0 0 0 1 
34562489690245;0.271456;0.232407;0.99995 4.81461e-06 0.0100148 -5.31773 3.93319e-06 1 -0.000873465 0.494374 -0.0100148 0.00087346 0.999949 8.33162 0 0 0 1 
34562489690246;0.262584;0.516209;0.999304 5.75769e-05 -0.0372998 29.7146 6.39309e-05 0.999995 0.0032564 -2.18958 0.0372998 -0.00325652 0.999299 -2.49026 0 0 0 1 
34562489690248;0.122472;0.155249;0.999812 -0.00037499 0.0193683 3146.72 0.000407498 0.999999 -0.00167448 -274.008 -0.0193676 0.00168206 0.999811 73.5052 0 0 0 1 
34562489690249;0.236877;0.422714;1 -7.94693e-09 -5.26616e-07 0.0344193 7.94696e-09 1 5.41535e-08 1.78348 5.26616e-07 -5.41535e-08 1 -0.330884 0 0 0 1 
34562489690250;0.361013;0.709915;0.995111 0.000429668 0.0987583 -35.0644 0.000423692 0.999963 -0.00861977 -0.839098 -0.0987583 0.00861947 0.995074 31.4315 0 0 0 1 
34562489690251;0.0844088;0.126139;0.999572 3.78475e-05 -0.0292402 0.569577 3.68122e-05 0.999997 0.00255279 0.502637 0.0292402 -0.00255277 0.999569 -2.98564 0 0 0 1 
34562489690252;0.195046;0.305396;1 2.41414e-08 1.23788e-07 0.335562 -2.41414e-08 1 1.43107e-08 1.00126 -1.23788e-07 -1.43107e-08 1 -0.0520697 0 0 0 1 
34562489690253;0.120903;0.347662;0.995742 0.000375966 0.0921845 -45.1572 0.000367411 0.999968 -0.00804692 2.11039 -0.0921845 0.00804652 0.995709 22.8762 0 0 0 1 
34562489690254;0.246774;0.62928;1 1.54816e-07 -2.18313e-07 1.16179 -1.54816e-07 1 -2.29155e-08 -3.14829 2.18313e-07 2.29156e-08 1 0.131946 0 0 0 1 
34562489690255;0.134202;0.320739;0.999895 6.23562e-06 0.0145078 22.1481 1.21075e-05 0.999999 -0.00126427 -3.81104 -0.0145078 0.00126431 0.999894 19.3826 0 0 0 1 
34562489690256;0.130561;0.0993303;0.999934 6.36906e-06 0.0114469 -5.97029 5.06955e-06 1 -0.000999249 0.611559 -0.0114469 0.000999242 0.999934 2.59108 0 0 0 1 
34562489690257;0.163799;0.177337;0.999999 6.94356e-07 -0.00118327 -4.83389 -5.72564e-07 1 0.000102929 1.1533 0.00118327 -0.000102928 0.999999 -3.82174 0 0 0 1 
34562489690258;0.294851;0.412881;0.999193 7.17901e-05 -0.0401765 -3.98447 6.90578e-05 0.999994 0.00350433 -1.44037 0.0401765 -0.00350427 0.999186 -29.1816 0 0 0 1 
34562489690259;0.334686;0.906554;1 2.16498e-07 -2.72283e-07 1.52396 -2.16498e-07 1 -5.66865e-08 -4.76173 2.72283e-07 5.66865e-08 1 0.286908 0 0 0 1 
34562489690260;0.32082;0.61467;1 3.11102e-08 -1.0591e-07 0.710086 -3.11102e-08 1 3.25101e-08 3.21539 1.0591e-07 -3.25101e-08 1 -0.140684 0 0 0 1 
