#;prob_registration_l1 -r /home/probabilistic_point_clouds_registration/build/tester /home/point_clouds_registration_benchmark/wood_autumn_local.txt /home/point_clouds_registration_benchmark/wood_autumn -s 0.2 -t 0.2 -p 0.3 -r 1000 -m 5 -i 40 
id;initial_error;final_error;transformation
26875431820000;0.498992;0.51988;0.993444 0.0865569 -0.0746747 0.425588 -0.0853639 0.996168 0.0190279 0.437853 0.0760356 -0.0125286 0.997026 -0.608404 0 0 0 1 
26875431820001;0.336145;0.0262505;0.910485 0.323663 -0.257407 0.709582 -0.291648 0.943851 0.155197 0.884304 0.293186 -0.0662328 0.953759 -0.765803 0 0 0 1 
26875431820002;0.60541;0.192937;0.962922 0.197074 -0.184238 0.472257 -0.1878 0.979941 0.0666771 0.512041 0.193682 -0.029605 0.980618 -1.23747 0 0 0 1 
26875431820003;0.366204;0.0315754;0.993545 0.100999 -0.0516559 -0.165905 -0.0986413 0.994044 0.0463218 -0.117129 0.0560267 -0.0409274 0.99759 -0.528561 0 0 0 1 
26875431820004;0.698046;0.0253927;0.955371 -0.295393 -0.00301427 0.864631 0.295336 0.954863 0.0318351 -1.25995 -0.00652566 -0.0313046 0.999489 0.404003 0 0 0 1 
26875431820005;0.325213;0.0322991;0.920347 -0.240295 0.308578 -0.378556 0.272622 0.95988 -0.0656313 -0.696449 -0.280427 0.144529 0.948932 0.986322 0 0 0 1 
26875431820006;0.554876;0.0342592;0.999986 -0.000935269 0.00521399 -0.281405 0.000946796 0.999997 -0.00220872 0.702265 -0.00521191 0.00221363 0.999984 0.576382 0 0 0 1 
26875431820007;0.383756;0.29932;0.997118 0.0180422 -0.0736885 0.168169 -0.00493444 0.984676 0.174321 -0.0469739 0.0757045 -0.173455 0.981928 -0.0982339 0 0 0 1 
26875431820008;0.203498;0.028776;0.966145 0.0513802 -0.252831 0.115335 -0.0286411 0.995272 0.092812 0.0943615 0.256405 -0.0824285 0.963048 -0.978514 0 0 0 1 
26875431820009;0.180609;0.0257042;0.978533 -0.156184 -0.134462 0.114828 0.152765 0.987627 -0.0354408 -0.357481 0.138333 0.0141389 0.990285 -0.392277 0 0 0 1 
26875431820010;0.462102;0.0297495;0.960292 -0.1403 -0.241154 0.719961 0.146249 0.989224 0.00685431 -0.731028 0.237594 -0.0418506 0.970463 -0.937144 0 0 0 1 
26875431820011;0.575398;0.29197;0.98007 0.0446838 0.193563 0.174914 -0.0562952 0.996903 0.0549061 0.122832 -0.19051 -0.0647085 0.97955 1.13138 0 0 0 1 
26875431820012;0.688058;0.114845;0.956721 0.266158 -0.117667 0.406281 -0.214896 0.918814 0.331061 -0.382203 0.196229 -0.291446 0.936244 -0.735985 0 0 0 1 
26875431820013;0.421251;0.316557;0.986668 -0.159074 0.0343775 -0.257333 0.158058 0.986959 0.0305029 -0.645708 -0.0387814 -0.0246626 0.998943 -0.283656 0 0 0 1 
26875431820014;0.330264;0.0316894;0.951947 -0.298508 0.0684834 -0.433325 0.299216 0.954185 -9.23581e-05 -1.12091 -0.0653183 0.0205793 0.997652 0.173497 0 0 0 1 
26875431820015;0.226693;0.167396;0.999262 0.0358199 0.0138692 -0.0310564 -0.0349501 0.997672 -0.0585647 0.23477 -0.0159347 0.0580368 0.998187 0.138011 0 0 0 1 
26875431820016;0.538469;0.307565;0.981965 -0.0257093 0.187305 0.642293 0.0190341 0.999121 0.0373504 0.373383 -0.1881 -0.0331116 0.981592 0.469919 0 0 0 1 
26875431820017;0.524419;0.0372103;0.983487 -0.158681 -0.0870242 -0.0308971 0.142089 0.97484 -0.171748 -0.407163 0.112088 0.156546 0.98129 0.563052 0 0 0 1 
26875431820018;0.579586;0.0307555;0.979565 0.0405867 -0.19699 0.395909 -0.0631214 0.991981 -0.1095 -0.0386702 0.190966 0.119696 0.974271 0.356006 0 0 0 1 
26875431820019;0.351798;0.0264459;0.979107 0.0920861 -0.1813 0.257604 -0.0951637 0.995427 -0.00833129 0.576453 0.179704 0.0254104 0.983393 -0.949488 0 0 0 1 
26875431820020;0.0809749;0.0326429;0.994805 -0.101347 0.00960139 -0.0983804 0.101535 0.994596 -0.02166 -0.300467 -0.00735434 0.0225224 0.999719 0.016383 0 0 0 1 
26875431820021;0.644904;0.0353102;0.946518 0.0887784 -0.310196 1.16709 -0.00789213 0.967483 0.252813 0.0897513 0.322554 -0.236844 0.916441 -0.651298 0 0 0 1 
26875431820022;0.0317767;0.0283607;0.999474 0.0291257 0.0142567 -0.0201859 -0.0290481 0.999562 -0.00562121 0.118154 -0.0144142 0.00520412 0.999883 0.0949019 0 0 0 1 
26875431820023;0.284901;0.0295748;0.997473 -0.0710417 -0.000576359 0.37135 0.0710385 0.997263 0.0205091 -0.290718 -0.00088222 -0.0204982 0.99979 -0.0369543 0 0 0 1 
26875431820024;0.398113;0.030658;0.997249 0.00580489 -0.0738904 0.344089 -0.00709844 0.999826 -0.0172559 0.453951 0.0737774 0.0177329 0.997117 -0.567696 0 0 0 1 
26875431820025;0.5828;0.102931;0.931958 -0.347944 -0.101933 0.127921 0.343393 0.937286 -0.0597989 -1.10709 0.116347 0.0207272 0.992992 0.356469 0 0 0 1 
26875431820026;0.630426;0.0238216;0.98068 0.195214 0.0125738 -0.271858 -0.195247 0.980753 0.00145428 0.517279 -0.0120478 -0.00388117 0.99992 0.939289 0 0 0 1 
26875431820027;0.464713;0.0269673;0.994371 0.105874 0.00411686 0.221024 -0.105953 0.993418 0.0435165 0.463203 0.000517516 -0.0437077 0.999044 0.67371 0 0 0 1 
26875431820028;0.337162;0.0262171;0.999927 -0.0120887 -0.000522721 -0.448764 0.0121 0.999021 0.0425425 -0.346828 7.92811e-06 -0.0425457 0.999095 0.235861 0 0 0 1 
26875431820029;0.206492;0.0269566;0.999598 0.00952111 0.0267093 -0.317474 -0.00780628 0.997946 -0.0635888 -0.0889034 -0.0272599 0.0633547 0.997619 0.237485 0 0 0 1 
26875431820031;0.22611;0.00956404;0.972054 0.0986709 0.213015 -0.177053 -0.120044 0.988697 0.0898205 0.38058 -0.201745 -0.112881 0.972912 0.91125 0 0 0 1 
26875431820032;0.537519;0.390009;0.980452 -0.125856 -0.151241 0.479444 0.130119 0.991324 0.01859 -0.679835 0.147589 -0.0379059 0.988322 -0.607134 0 0 0 1 
26875431820033;0.515263;0.00628328;0.996774 0.0304355 -0.0742621 -0.10219 -0.00975273 0.964381 0.264336 -0.738085 0.0796622 -0.262759 0.961567 -1.03301 0 0 0 1 
26875431820034;0.18246;0.011096;0.994565 0.0162024 -0.102852 -0.197777 -0.0150043 0.99981 0.0124114 0.0470704 0.103034 -0.0108007 0.994619 -0.289668 0 0 0 1 
26875431820035;0.31218;0.0451651;0.946795 0.179141 0.267372 0.0631241 -0.215666 0.969798 0.113927 0.685628 -0.238888 -0.165528 0.956835 1.39487 0 0 0 1 
26875431820036;0.352511;0.0142329;0.958781 -0.271556 0.0836409 -0.00897695 0.284143 0.917501 -0.278306 -0.905281 -0.00116494 0.290601 0.956844 -0.213119 0 0 0 1 
26875431820037;0.447509;0.0145192;0.99692 -0.0783414 -0.00370134 0.29941 0.0783643 0.996904 0.00650068 -0.787586 0.00318061 -0.00677071 0.999972 -0.772187 0 0 0 1 
26875431820038;0.350569;0.0153389;0.985059 -0.166384 -0.0444476 0.213668 0.142724 0.933135 -0.329985 -0.103098 0.0963796 0.318711 0.942939 -0.856455 0 0 0 1 
26875431820039;0.337073;0.00325539;0.971645 -0.214832 0.0987554 0.0576184 0.179484 0.942052 0.283415 -1.18802 -0.153919 -0.257654 0.953899 1.25566 0 0 0 1 
26875431820040;0.229197;0.0135103;0.981643 -0.189111 -0.024785 0.220076 0.178762 0.957556 -0.226121 -0.499814 0.066495 0.217539 0.973784 -0.357332 0 0 0 1 
26875431820041;0.10838;0.0131233;0.997894 0.0646089 0.00576652 -0.0578708 -0.0646276 0.997905 0.00312765 0.165555 -0.00555237 -0.00349374 0.999978 0.185847 0 0 0 1 
26875431820042;0.455772;0.170599;0.931325 -0.3469 0.110878 0.330053 0.360444 0.921539 -0.14438 -1.78158 -0.0520929 0.17443 0.983291 0.55979 0 0 0 1 
26875431820043;0.274946;0.00805355;0.978709 0.106834 0.175256 -0.170798 -0.128482 0.984762 0.117203 0.287097 -0.160064 -0.137225 0.977522 1.12019 0 0 0 1 
26875431820044;0.287192;0.0105045;0.99925 0.00429593 0.0384913 0.0629997 -0.00395777 0.999953 -0.00885736 0.592693 -0.0385275 0.00869837 0.99922 0.284696 0 0 0 1 
26875431820045;0.572084;0.0123682;0.985295 0.069402 -0.15613 0.693003 -0.00589643 0.927055 0.374879 -0.884126 0.170758 -0.368445 0.913832 -1.13851 0 0 0 1 
26875431820046;0.148614;0.0101467;0.997822 -0.0624073 -0.0213851 0.0303353 0.0654456 0.977218 0.201897 -0.563342 0.008298 -0.202857 0.979173 0.0661765 0 0 0 1 
26875431820047;0.191966;0.0117301;0.989039 0.147218 0.0113136 -0.0862781 -0.143211 0.975124 -0.169186 0.871103 -0.0359393 0.165711 0.985519 0.309901 0 0 0 1 
26875431820048;0.552949;0.0271528;0.913589 0.394378 0.0990962 -0.0602254 -0.376774 0.91264 -0.158523 1.94053 -0.152957 0.107488 0.98237 -0.0622745 0 0 0 1 
26875431820049;0.452544;0.0434867;0.916109 0.361148 0.174117 0.0223592 -0.359207 0.932236 -0.0436651 1.33984 -0.178087 -0.0225419 0.983756 1.19873 0 0 0 1 
26875431820050;0.381287;0.00762537;0.95607 0.240075 0.168209 -0.106652 -0.247938 0.968397 0.0270971 0.902296 -0.156387 -0.0676121 0.985379 1.28196 0 0 0 1 
26875431820051;0.357531;0.0112915;0.97249 -0.0742161 -0.220804 0.735585 0.0662491 0.996864 -0.0432816 -0.106255 0.223324 0.0274629 0.974357 -0.621468 0 0 0 1 
26875431820052;0.469273;0.0121545;0.963982 0.148663 -0.220541 0.513464 -0.206974 0.940063 -0.271003 1.88722 0.167034 0.306889 0.936973 -1.04408 0 0 0 1 
26875431820053;0.393672;0.00492016;0.993278 0.031273 0.111451 0.682297 -0.0492686 0.985466 0.162574 -0.0284493 -0.104747 -0.166972 0.980382 0.535881 0 0 0 1 
26875431820054;0.384531;0.0133861;0.931306 0.225998 -0.285647 0.706479 -0.147089 0.950792 0.272689 0.35428 0.333219 -0.211941 0.91872 -1.41891 0 0 0 1 
26875431820055;0.28566;0.00686832;0.979984 -0.189703 -0.0603699 0.4714 0.192432 0.980363 0.0431168 -1.14326 0.051005 -0.0538709 0.997244 0.0959765 0 0 0 1 
26875431820056;0.596591;0.0122525;0.919618 -0.287536 0.267632 -0.044092 0.331658 0.933433 -0.136767 -1.31247 -0.210491 0.214536 0.953765 0.0676614 0 0 0 1 
26875431820057;0.446113;0.291199;0.985591 -0.148989 0.0800738 0.348388 0.151152 0.988274 -0.0216377 -0.790718 -0.0759111 0.0334293 0.996554 0.485509 0 0 0 1 
26875431820058;0.224686;0.00651877;0.9996 -0.0084996 -0.026979 -0.115715 0.0108423 0.996069 0.0879121 -0.196606 0.0261257 -0.0881694 0.995763 0.339514 0 0 0 1 
26875431820059;0.444316;0.00899411;0.954602 -0.171045 0.243883 -0.487605 0.173378 0.984782 0.0120366 -0.632108 -0.24223 0.0307937 0.96973 0.766565 0 0 0 1 
26875431820060;0.410765;0.0133728;0.98597 0.0924785 0.138964 0.302991 -0.137101 0.923542 0.358152 0.35155 -0.0952175 -0.37218 0.923264 1.16958 0 0 0 1 
26875431820062;0.368904;0.014477;0.953467 0.180919 0.241182 0.447794 -0.230276 0.953343 0.195219 0.514602 -0.194611 -0.241674 0.950642 0.390102 0 0 0 1 
26875431820063;0.231158;0.0143858;0.956165 -0.0740403 -0.283312 0.432659 0.114152 0.985211 0.127784 -0.601968 0.269661 -0.154523 0.950476 -1.11532 0 0 0 1 
26875431820064;0.204838;0.0144322;0.997742 -0.00723445 0.066773 0.0785972 -0.00182055 0.990904 0.134561 0.280701 -0.0671391 -0.134379 0.988653 0.107113 0 0 0 1 
26875431820065;0.171053;0.015268;0.998244 0.0548302 0.0224207 -0.0836074 -0.0540544 0.997964 -0.0338586 -0.0283787 -0.0242315 0.0325872 0.999175 0.0226371 0 0 0 1 
26875431820066;0.341828;0.00898938;0.886115 0.459314 -0.0618916 0.888357 -0.45678 0.888111 0.0510925 1.87503 0.0784341 -0.017003 0.996774 -0.313676 0 0 0 1 
26875431820067;0.359104;0.0102967;0.999759 0.00939083 -0.0198324 -0.215321 -0.00929399 0.999944 0.00496944 0.354996 0.0198779 -0.00478392 0.999791 0.599556 0 0 0 1 
26875431820068;0.231956;0.0147073;0.999749 -0.0219335 0.00458857 0.0561154 0.021906 0.999742 0.00595535 -0.11203 -0.00471801 -0.00585334 0.999972 0.526305 0 0 0 1 
26875431820069;0.168442;0.0128306;0.984411 -0.154471 0.0841067 0.0730633 0.157128 0.987238 -0.0259079 -0.765395 -0.0790313 0.0387196 0.99612 0.498799 0 0 0 1 
26875431820070;0.120851;0.0141846;0.987703 0.133632 -0.081147 0.253896 -0.128537 0.989567 0.0650839 0.501143 0.0889976 -0.0538532 0.994575 -0.414397 0 0 0 1 
26875431820071;0.559761;0.00622801;0.939841 -0.341255 0.0156298 0.99271 0.341138 0.939963 0.00971486 -1.3 -0.0180067 -0.00379849 0.999831 0.411102 0 0 0 1 
26875431820072;0.11141;0.012349;0.998483 -0.0547957 0.00533491 -0.154516 0.055002 0.997075 -0.0530614 -0.323392 -0.00241177 0.0532743 0.998577 0.0108521 0 0 0 1 
26875431820073;0.298534;0.00991435;0.952736 -0.303798 -0.00127385 0.250553 0.303797 0.952694 0.00900009 -1.52281 -0.00152062 -0.0089617 0.999959 0.169873 0 0 0 1 
26875431820074;0.511902;0.00936033;0.944855 -0.237912 -0.225048 0.832589 0.186888 0.956025 -0.226031 -0.686365 0.268927 0.171508 0.947768 -1.67911 0 0 0 1 
26875431820075;0.368729;0.013782;0.9375 -0.235401 0.256281 -0.197773 0.155981 0.942611 0.29522 -1.12353 -0.311069 -0.236794 0.920416 1.5037 0 0 0 1 
26875431820076;0.104083;0.0122368;0.999323 -0.0301772 -0.0210337 -0.00676419 0.0284083 0.996402 -0.0798506 0.0715331 0.0233677 0.079199 0.996585 0.0210372 0 0 0 1 
26875431820077;0.334061;0.00774618;0.958209 0.281572 -0.0505162 0.465001 -0.277327 0.957652 0.0774089 1.29535 0.0701731 -0.0601644 0.995719 -0.780456 0 0 0 1 
26875431820078;0.46154;0.0125979;0.965313 0.25983 0.0256712 -0.226921 -0.25257 0.95419 -0.160406 1.56449 -0.0661733 0.148358 0.986717 -0.0890549 0 0 0 1 
26875431820079;0.388175;0.0114526;0.885175 -0.2138 0.413225 -0.23591 0.131942 0.967054 0.217712 -0.925793 -0.446157 -0.138192 0.884221 1.73891 0 0 0 1 
26875431820080;0.446652;0.0134814;0.969283 0.245115 0.020231 0.226866 -0.244609 0.96931 -0.024584 1.22512 -0.0256361 0.0188801 0.999493 -0.674488 0 0 0 1 
26875431820081;0.390076;0.0126069;0.917265 0.398276 -0.000718593 0.702067 -0.387854 0.892849 -0.228888 2.02125 -0.0905191 0.21023 0.973453 0.732779 0 0 0 1 
26875431820082;0.269988;0.00493818;0.992033 0.124286 -0.020596 -0.12973 -0.119772 0.981144 0.151694 0.0718587 0.039061 -0.148019 0.988213 -0.331569 0 0 0 1 
26875431820083;0.397996;0.0154472;0.918388 -0.328715 0.220252 0.443391 0.326665 0.943983 0.0467465 -1.52919 -0.22328 0.0290171 0.974322 1.38135 0 0 0 1 
26875431820084;0.431462;0.0118842;0.984746 0.0917234 -0.14786 0.408237 -0.13565 0.936889 -0.322239 0.969156 0.108972 0.337381 0.93504 0.451997 0 0 0 1 
26875431820085;0.0561572;0.0119238;0.999252 -0.0383935 0.00461174 -0.0875509 0.0384007 0.999261 -0.00147749 -0.140118 -0.00455161 0.00165348 0.999988 0.0842364 0 0 0 1 
26875431820086;0.263745;0.0100389;0.973919 0.222116 0.046328 0.336192 -0.223972 0.97379 0.0396206 0.60508 -0.0363133 -0.0489634 0.99814 -0.0575987 0 0 0 1 
26875431820087;0.254275;0.00705671;0.972756 -0.0875864 -0.214647 0.319765 0.126979 0.975945 0.177222 -0.797073 0.193962 -0.19965 0.960478 -1.16502 0 0 0 1 
26875431820088;0.2679;0.0127624;0.967522 0.252342 -0.0149701 0.466886 -0.252667 0.967187 -0.0266128 1.2872 0.00776332 0.0295309 0.999534 -0.263072 0 0 0 1 
26875431820089;0.093436;0.00716813;0.999279 0.0343117 -0.0162818 0.0580505 -0.035011 0.998382 -0.0448091 0.344696 0.0147179 0.0453468 0.998863 0.0322806 0 0 0 1 
26875431820090;0.279476;0.0115777;0.999222 0.0388422 0.0067894 0.185605 -0.0386684 0.998962 -0.0240796 -0.236744 -0.00771766 0.0237983 0.999687 0.459938 0 0 0 1 
26875431820091;0.394578;0.00828425;0.993038 0.117251 0.0112768 0.238538 -0.117322 0.993076 0.00587554 0.492637 -0.0105098 -0.00715766 0.999919 -0.764956 0 0 0 1 
26875431820093;0.345934;0.0193753;0.932843 -0.312578 -0.179161 2.62968 0.305383 0.949859 -0.0671516 -1.14953 0.191168 0.00792916 0.981525 -0.645449 0 0 0 1 
26875431820094;0.529735;0.0164979;0.940479 0.282312 0.189209 -2.54525 -0.26938 0.958683 -0.0914402 1.89234 -0.207206 0.0350284 0.97767 0.598888 0 0 0 1 
26875431820095;0.39088;0.0140178;0.961199 -0.0126439 -0.275564 0.341649 0.00659575 0.999717 -0.022864 -0.144675 0.275775 0.0201593 0.961011 -0.833917 0 0 0 1 
26875431820096;0.29099;0.273807;0.999468 0.0280599 -0.0166132 -0.168338 -0.0286088 0.99902 -0.0337795 0.183412 0.0156491 0.0342369 0.999291 -0.232895 0 0 0 1 
26875431820097;0.411668;0.0208847;0.959228 0.280845 0.0317486 -1.79426 -0.280502 0.959738 -0.0148757 2.39253 -0.0346481 0.00536368 0.999385 0.103472 0 0 0 1 
26875431820098;0.305728;0.0208762;0.963897 -0.201632 0.173915 0.998996 0.210519 0.976996 -0.0340698 -0.915456 -0.163044 0.0694521 0.984171 0.185982 0 0 0 1 
26875431820099;0.324227;0.317895;0.999543 -0.0285638 -0.00984539 0.284757 0.028623 0.999573 0.0059257 -0.0623698 0.00967192 -0.0062048 0.999934 -0.0132702 0 0 0 1 
26875431820100;0.476247;0.0225481;0.972568 -0.231812 -0.0193272 1.92475 0.232121 0.972561 0.0156442 -0.499885 0.0151704 -0.0197013 0.999691 -0.561824 0 0 0 1 
26875431820101;0.325622;0.0106147;0.955144 0.253282 0.153455 -1.76173 -0.19171 0.923781 -0.331477 1.80201 -0.225716 0.287189 0.9309 -0.745472 0 0 0 1 
26875431820102;0.315339;0.0189973;0.975216 0.221244 0.00234936 -1.20252 -0.217741 0.96155 -0.167366 1.23253 -0.0392878 0.162706 0.985892 -1.25643 0 0 0 1 
26875431820103;0.395286;0.0173256;0.996807 -0.0796662 0.00534504 0.341809 0.0797165 0.996768 -0.00995133 -0.320422 -0.00453498 0.0103456 0.999936 -0.803775 0 0 0 1 
26875431820104;0.491587;0.0227473;0.999017 0.0399288 0.0192399 0.414592 -0.0386807 0.997365 -0.0613748 0.606916 -0.0216399 0.0605702 0.997929 -0.8681 0 0 0 1 
26875431820105;0.296198;0.0200524;0.990926 -0.0410616 0.127981 0.176111 0.0786888 0.949182 -0.304733 0.217562 -0.108964 0.312038 0.9438 -1.03827 0 0 0 1 
26875431820106;0.351999;0.0213249;0.952925 -0.290711 -0.0861505 1.95213 0.297175 0.951869 0.0750554 -1.71078 0.0601845 -0.0971239 0.993451 0.446142 0 0 0 1 
26875431820107;0.398745;0.319243;0.990018 0.121833 0.070859 -1.18717 -0.114669 0.988593 -0.0976506 1.00289 -0.0819478 0.0885505 0.992695 -0.0632478 0 0 0 1 
26875431820108;0.476963;0.0256927;0.963906 0.255414 0.0751538 -1.73869 -0.260071 0.963696 0.0604407 2.31201 -0.056988 -0.0778045 0.995339 1.05554 0 0 0 1 
26875431820109;0.419848;0.392044;0.999645 -0.0190036 -0.0186548 0.184286 0.0193269 0.999663 0.0173054 -0.0819987 0.0183196 -0.0176598 0.999676 0.165137 0 0 0 1 
26875431820110;0.205033;0.018781;0.996691 0.0161021 0.0796774 0.00503347 -0.00970732 0.996747 -0.0800041 0.410862 -0.0807064 0.0789658 0.993605 -0.223571 0 0 0 1 
26875431820111;0.333895;0.0153093;0.986526 -0.163534 0.00472411 1.30987 0.163602 0.986145 -0.0274294 -0.57626 -0.000173007 0.0278327 0.999613 0.367709 0 0 0 1 
26875431820112;0.392948;0.398394;0.995579 -0.0529875 -0.077554 0.627822 0.0550978 0.99816 0.0253262 -0.28167 0.0760693 -0.0294873 0.996666 -0.0221056 0 0 0 1 
26875431820113;0.35267;0.0207481;0.944465 -0.163554 0.28502 0.877469 0.23793 0.938605 -0.24982 -0.425383 -0.226662 0.303761 0.925394 -0.780746 0 0 0 1 
26875431820114;0.433722;0.341954;0.996623 -0.0534417 0.0623503 0.421687 0.0549129 0.998246 -0.0221235 0.0397484 -0.0610586 0.0254726 0.997809 0.0652596 0 0 0 1 
26875431820115;0.334392;0.0205408;0.974554 -0.220668 0.0393741 1.90526 0.196578 0.925783 0.322928 -0.85228 -0.107712 -0.306971 0.945604 2.48807 0 0 0 1 
26875431820116;0.39563;0.019649;0.952453 -0.254044 0.168209 2.37754 0.260908 0.965163 -0.0196678 -1.3461 -0.157353 0.0626198 0.985555 0.497101 0 0 0 1 
26875431820117;0.505945;0.0159226;0.967715 0.25195 -0.00696961 -2.1621 -0.251956 0.966259 -0.0534981 0.895965 -0.00674439 0.0535269 0.998544 -0.552435 0 0 0 1 
26875431820118;0.542637;0.0674383;0.917733 0.172329 0.357867 -1.00096 -0.250474 0.950343 0.184694 0.660942 -0.308268 -0.259136 0.915325 3.214 0 0 0 1 
26875431820119;0.33961;0.0220187;0.961271 -0.0499609 -0.27104 0.902433 -0.00994415 0.976505 -0.215267 0.0891353 0.275427 0.209625 0.938188 -2.46739 0 0 0 1 
26875431820120;0.431883;0.0248916;0.988079 0.132122 -0.07902 -0.141875 -0.0941208 0.924623 0.369072 0.40365 0.121826 -0.357234 0.926036 1.86262 0 0 0 1 
26875431820121;0.296141;0.023363;0.934453 -0.352789 -0.0483593 2.74282 0.351392 0.935569 -0.0351379 -1.41671 0.0576397 0.0158417 0.998212 -0.583015 0 0 0 1 
26875431820122;0.699318;0.018305;0.9017 0.0511422 0.429326 -1.18313 -0.0832874 0.994928 0.0564082 -0.142518 -0.424264 -0.0866207 0.901386 3.23514 0 0 0 1 
26875431820124;0.463953;0.0284348;0.98108 0.0742834 -0.178783 -0.138297 -0.105697 0.979205 -0.173164 1.16795 0.162202 0.188784 0.96853 -3.19272 0 0 0 1 
26875431820125;0.172503;0.0338737;0.973547 0.225172 -0.0387823 -1.86264 -0.224352 0.974203 0.0243978 1.36571 0.0432755 -0.0150516 0.99895 -0.0948208 0 0 0 1 
26875431820126;0.469661;0.026079;0.999982 -0.0026425 -0.00540394 -0.464243 0.0023501 0.998569 -0.0534179 0.49866 0.00553736 0.0534043 0.998558 0.100639 0 0 0 1 
26875431820127;0.198437;0.0292732;0.996683 -0.0807166 -0.0104022 0.672296 0.0806845 0.996734 -0.00346818 -0.0849765 0.0106482 0.00261738 0.99994 -0.0967024 0 0 0 1 
26875431820128;0.38452;0.0379923;0.949389 -0.314098 0.00186472 3.17454 0.314102 0.949385 -0.00269888 -0.949767 -0.00092262 0.003148 0.999995 -0.433742 0 0 0 1 
26875431820129;0.474436;0.0256575;0.938526 -0.33517 0.0826425 3.42495 0.343192 0.931749 -0.118591 -1.17009 -0.037254 0.139663 0.989498 -1.69199 0 0 0 1 
26875431820130;0.313572;0.0282251;0.995042 -0.0990611 -0.00889779 0.816368 0.098832 0.994832 -0.0232829 -0.556508 0.0111582 0.022288 0.999689 -0.816963 0 0 0 1 
26875431820131;0.549583;0.0237465;0.992157 0.12249 -0.0249259 -1.63735 -0.118908 0.986337 0.114016 0.445917 0.0385512 -0.110157 0.993166 1.57603 0 0 0 1 
26875431820132;0.557397;0.0710538;0.899841 0.434991 -0.0326998 -2.82759 -0.433331 0.882757 -0.181561 3.78378 -0.0501114 0.177546 0.982836 -0.870686 0 0 0 1 
26875431820133;0.523064;0.213642;0.99866 -0.0147088 0.049608 0.115737 0.00553378 0.983607 0.18024 -0.121578 -0.0514459 -0.179724 0.982371 2.51334 0 0 0 1 
26875431820134;0.28355;0.0270276;0.980935 0.191554 0.0327824 -1.88325 -0.191466 0.981482 -0.00583433 1.40344 -0.0332929 -0.000553594 0.999445 -0.0748684 0 0 0 1 
26875431820135;0.398345;0.0285293;0.981299 -0.0417494 -0.187907 0.4467 0.0718509 0.985084 0.156357 -0.564487 0.178576 -0.166934 0.969662 1.17571 0 0 0 1 
26875431820136;0.188337;0.0323753;0.99673 0.0675241 0.0443877 -0.799745 -0.0666849 0.997571 -0.0201254 0.64972 -0.0456389 0.0170996 0.998812 0.0978505 0 0 0 1 
26875431820137;0.314888;0.028627;0.937725 -0.017902 0.346917 -0.0825564 0.0426092 0.997058 -0.0637223 -0.204015 -0.344756 0.0745358 0.935729 1.29847 0 0 0 1 
26875431820138;0.521003;0.0148887;0.999743 0.0221511 0.00486118 -0.516785 -0.0221271 0.999743 -0.00492782 -0.320583 -0.00496908 0.00481898 0.999976 0.78833 0 0 0 1 
26875431820139;0.534563;0.02628;0.963821 -0.216095 -0.156053 2.93971 0.195391 0.970995 -0.137812 -1.1939 0.181307 0.102335 0.978088 -1.7369 0 0 0 1 
26875431820140;0.635129;0.0264518;0.930388 0.123714 -0.34507 0.367217 -0.117288 0.992311 0.0395279 1.252 0.347307 0.00369634 0.937744 -1.62607 0 0 0 1 
26875431820141;0.451247;0.172498;0.991025 -0.133592 0.00471762 1.1452 0.131889 0.982927 0.128299 -1.16767 -0.0217768 -0.126525 0.991724 1.62379 0 0 0 1 
26875431820142;0.45211;0.0181529;0.965214 0.0576851 -0.255018 -0.667758 -0.08307 0.992479 -0.0899113 0.815077 0.247913 0.107968 0.962747 -1.78207 0 0 0 1 
26875431820143;0.371493;0.345453;0.999123 0.0182157 0.0377037 -0.120373 -0.0200004 0.99867 0.0475112 -0.0885361 -0.0367881 -0.0482236 0.998159 0.630381 0 0 0 1 
26875431820144;0.382734;0.0189578;0.975404 0.0156851 0.219867 -0.241205 0.061884 0.937862 -0.341445 0.932102 -0.21156 0.346653 0.913824 -1.96328 0 0 0 1 
26875431820145;0.502979;0.0327579;0.969006 0.242082 0.0492353 -2.27404 -0.240627 0.970033 -0.0337014 2.07442 -0.0559183 0.0208095 0.998218 -0.496991 0 0 0 1 
26875431820146;0.275674;0.0246279;0.95643 0.291068 0.0228183 -2.15556 -0.291961 0.953559 0.0740528 1.97702 -0.000204121 -0.0774884 0.996993 0.528847 0 0 0 1 
26875431820147;0.238197;0.039619;0.991219 0.044196 -0.124623 -0.0342886 -0.0581933 0.992114 -0.111013 0.647925 0.118734 0.117291 0.985974 -1.49035 0 0 0 1 
26875431820148;0.24302;0.0206681;0.985221 -0.134716 0.105793 1.02978 0.151959 0.972434 -0.176864 -0.670824 -0.0790502 0.190326 0.978533 -1.43252 0 0 0 1 
26875431820149;0.23664;0.030469;0.944995 -0.318374 0.0749833 2.9658 0.323803 0.942993 -0.0769144 -1.21945 -0.0462211 0.0969635 0.994214 -0.622358 0 0 0 1 
26875431820150;0.324251;0.0260431;0.9848 -0.17037 -0.0338236 1.61694 0.166373 0.981172 -0.0980884 -0.825525 0.0498981 0.0909701 0.994603 -0.559886 0 0 0 1 
26875431820151;0.348638;0.0343355;0.958317 -0.182771 -0.219598 2.13413 0.233689 0.943626 0.234436 -1.23943 0.16437 -0.275982 0.947004 1.7892 0 0 0 1 
26875431820152;0.39459;0.0205468;0.994385 -0.0750498 0.0746063 0.361774 0.0795316 0.995083 -0.0590335 -0.169269 -0.069809 0.0646356 0.995464 -0.858062 0 0 0 1 
26875431820153;0.461448;0.0187838;0.96128 0.272258 -0.0426243 -2.02193 -0.270261 0.961627 0.0472494 1.64871 0.0538527 -0.0339002 0.997973 -0.70513 0 0 0 1 
26875431820155;0.281618;0.01421;0.997336 0.0474298 -0.0554184 0.454552 -0.0484222 0.998687 -0.0167034 0.0938998 0.0545534 0.0193424 0.998323 -0.0649571 0 0 0 1 
26875431820156;0.544215;0.0105908;0.980361 0.193485 -0.0381628 -0.0680295 -0.192663 0.980967 0.0241893 0.158428 0.0421167 -0.0163616 0.998979 0.682332 0 0 0 1 
26875431820157;0.2633;0.0182233;0.982491 -0.186256 0.00442402 0.0675309 0.181395 0.950891 -0.250805 -0.135037 0.0425072 0.247216 0.968027 -0.0830466 0 0 0 1 
26875431820158;0.308459;0.236934;0.997416 0.0717102 -0.00441653 0.0339811 -0.0716676 0.997386 0.00916435 0.273939 0.00506216 -0.00882414 0.999948 0.110171 0 0 0 1 
26875431820159;0.600497;0.018479;0.997848 0.0542258 0.0368695 0.743595 -0.0486521 0.989215 -0.138152 0.0411313 -0.0439633 0.136061 0.989725 0.599837 0 0 0 1 
26875431820160;0.450407;0.212253;0.935171 -0.178142 0.306138 -0.115931 0.209534 0.975098 -0.0726576 -0.334485 -0.285571 0.132094 0.94921 0.716103 0 0 0 1 
26875431820161;0.500041;0.01397;0.974003 -0.224339 -0.0314555 -0.27316 0.222678 0.973661 -0.0489831 -0.577978 0.0416158 0.0407052 0.998304 0.495652 0 0 0 1 
26875431820162;0.266888;0.184823;0.999158 0.0218441 0.0347159 -0.0618751 -0.0206967 0.999239 -0.0330731 0.00343621 -0.0354119 0.0323268 0.99885 0.212647 0 0 0 1 
26875431820163;0.112835;0.010807;0.99266 -0.00821221 0.120657 -0.0222654 0.00303177 0.999068 0.0430561 0.00196425 -0.120899 -0.0423743 0.99176 0.418209 0 0 0 1 
26875431820164;0.259006;0.0130977;0.982142 -0.187267 -0.0181377 0.0342509 0.187638 0.982003 0.0215133 -0.646299 0.0137826 -0.0245324 0.999604 -0.247458 0 0 0 1 
26875431820165;0.440579;0.272101;0.982857 0.173168 -0.0632772 0.172532 -0.162004 0.975019 0.151961 0.347327 0.0880114 -0.139105 0.986359 -0.538252 0 0 0 1 
26875431820166;0.350624;0.286622;0.998022 -0.0320807 -0.0540625 -0.0459581 0.0298415 0.998683 -0.0417295 0.0208304 0.05533 0.0400337 0.997665 -0.141727 0 0 0 1 
26875431820167;0.350308;0.0169893;0.977036 -0.195983 0.0836144 0.387591 0.208246 0.961365 -0.18003 -0.148615 -0.0451012 0.193308 0.980101 0.0680998 0 0 0 1 
26875431820168;0.226339;0.0139351;0.983861 -0.0632999 -0.167362 0.334913 0.0548834 0.997007 -0.0544499 -0.265364 0.170308 0.0443857 0.984391 -0.431586 0 0 0 1 
26875431820169;0.436398;0.0132327;0.998901 -0.0468614 -0.000917593 0.242687 0.0468602 0.998901 -0.00122743 0.24496 0.000974103 0.00118308 0.999999 0.576474 0 0 0 1 
26875431820170;0.561995;0.0117833;0.976002 0.032335 0.215348 -0.482329 -0.0149158 0.996518 -0.082028 -0.482039 -0.217251 0.0768474 0.973086 0.00336054 0 0 0 1 
26875431820171;0.275385;0.0164695;0.99753 0.0670689 0.0208604 -0.0776984 -0.0673218 0.997663 0.0116665 0.150009 -0.0200291 -0.013042 0.999714 0.493282 0 0 0 1 
26875431820172;0.126727;0.0154215;0.999842 -0.00540228 0.0169376 -0.0196375 0.00695522 0.995641 -0.0930113 0.0271721 -0.0163613 0.0931144 0.995521 0.21523 0 0 0 1 
26875431820173;0.248339;0.0102491;0.987168 -0.111051 0.114749 -0.109503 0.107606 0.993549 0.0358076 0.0205877 -0.117986 -0.0230004 0.992749 0.373058 0 0 0 1 
26875431820174;0.442063;0.32292;0.976178 -0.125657 0.176878 -0.0800135 0.128961 0.991623 -0.00726468 -0.457668 -0.174484 0.0299021 0.984206 0.471622 0 0 0 1 
26875431820175;0.573407;0.368638;0.973489 0.0632093 -0.219825 0.528754 -0.109734 0.9723 -0.206376 0.753215 0.200691 0.225027 0.95346 -0.856991 0 0 0 1 
26875431820176;0.270556;0.015648;0.991223 0.130004 -0.0239941 -0.334672 -0.132139 0.979795 -0.150138 0.323563 0.00399074 0.151991 0.988374 0.00967051 0 0 0 1 
26875431820177;0.516211;0.0210341;0.995323 0.055843 -0.0788241 -0.49169 -0.0694751 0.980757 -0.182454 -0.262268 0.0671184 0.187077 0.98005 -0.0323893 0 0 0 1 
26875431820178;0.516876;0.244727;0.99081 -0.0925995 -0.0985965 0.215043 0.104281 0.987184 0.120798 -0.417886 0.0861471 -0.12997 0.987768 0.44077 0 0 0 1 
26875431820179;0.506678;0.504721;0.999145 0.0352937 0.0215134 -0.0874084 -0.035152 0.999358 -0.00692994 0.165567 -0.0217442 0.00616778 0.999745 -0.0170807 0 0 0 1 
26875431820180;0.166082;0.0185402;0.997187 -0.0101081 0.0742759 -0.204907 0.00345436 0.996011 0.0891689 0.079882 -0.0748809 -0.0886615 0.993243 0.162063 0 0 0 1 
26875431820181;0.220973;0.164058;0.998009 -0.0571154 0.0267731 0.104624 0.0550074 0.995757 0.0737725 -0.255479 -0.030873 -0.0721529 0.996916 0.146978 0 0 0 1 
26875431820182;0.311591;0.0137445;0.999992 0.00311316 -0.00238376 0.473584 -0.00314057 0.999928 -0.0115825 0.0645138 0.00234753 0.0115899 0.99993 -0.102473 0 0 0 1 
26875431820183;0.378261;0.25707;0.977993 0.194442 -0.0756462 -0.00752733 -0.186775 0.977514 0.0978838 0.70411 0.0929779 -0.0816008 0.992319 -0.357685 0 0 0 1 
26875431820184;0.707951;0.0851741;0.970542 -0.233316 0.0601006 -0.0769477 0.237524 0.968375 -0.0763724 -0.346659 -0.040381 0.088398 0.995266 -0.847491 0 0 0 1 
26875431820186;0.0232744;0.0209559;0.999986 -0.0028276 0.00437913 -0.0103164 0.00280582 0.999984 0.00497179 -0.0466028 -0.00439312 -0.00495944 0.999978 0.0384318 0 0 0 1 
26875431820187;0.469951;0.0213435;0.997534 -0.0506371 0.0486038 0.130097 0.0503304 0.998704 0.00751478 0.0398119 -0.0489213 -0.00505 0.99879 -0.72734 0 0 0 1 
26875431820188;0.333415;0.238519;0.999206 0.0203623 0.0342494 0.108827 -0.0192583 0.999294 -0.0322612 0.253478 -0.0348821 0.031576 0.998892 -0.0106946 0 0 0 1 
26875431820189;0.215891;0.0246033;0.999527 -0.0196502 0.0236553 0.00756387 0.0232103 0.986663 -0.161113 0.312289 -0.0201739 0.161586 0.986652 0.0854863 0 0 0 1 
26875431820190;0.353199;0.025289;0.999295 -0.00352487 -0.0373674 0.126561 0.00354172 0.999994 0.000384884 -0.0594761 0.0373658 -0.000516958 0.999302 0.569126 0 0 0 1 
26875431820191;0.375035;0.0619688;0.892166 0.10645 -0.438985 0.597188 -0.0736244 0.993108 0.0911898 -0.00284141 0.445667 -0.0490364 0.893855 -0.415389 0 0 0 1 
26875431820192;0.269163;0.0361245;0.998732 -0.033212 0.037824 -0.169044 0.0337566 0.999334 -0.0138525 0.333949 -0.0373388 0.0151117 0.999188 0.254985 0 0 0 1 
26875431820193;0.42369;0.0639116;0.923153 -0.171229 0.344194 -0.237291 0.255567 0.942185 -0.216734 -0.0703232 -0.287183 0.288043 0.913541 0.511111 0 0 0 1 
26875431820194;0.276623;0.213705;0.997206 0.0544585 0.0511388 -0.0622208 -0.0520818 0.99755 -0.0467112 0.201443 -0.0535573 0.0439173 0.997599 0.204315 0 0 0 1 
26875431820195;0.12753;0.0257384;0.997164 0.0746467 0.0095877 -0.181851 -0.0748375 0.996967 0.0213757 0.0486095 -0.00796299 -0.0220326 0.999726 -0.106963 0 0 0 1 
26875431820196;0.182656;0.0254513;0.998347 -0.0574505 0.00138674 -0.110755 0.0574622 0.997649 -0.0373316 -0.346076 0.000761241 0.0373496 0.999302 -0.118556 0 0 0 1 
26875431820197;0.141522;0.0287249;0.99929 0.033636 -0.0170013 -0.247541 -0.0330424 0.998873 0.0340632 0.0450895 0.0181279 -0.0334773 0.999275 -0.0578039 0 0 0 1 
26875431820198;0.296595;0.144102;0.992062 -0.107951 -0.064487 0.2857 0.10588 0.993772 -0.0347231 0.084523 0.0678338 0.0276195 0.997314 -0.294731 0 0 0 1 
26875431820199;0.374604;0.336165;0.997878 -0.0502025 -0.0414651 0.0575953 0.0513762 0.998294 0.0277412 -0.118981 0.0400017 -0.0298126 0.998755 0.0680176 0 0 0 1 
26875431820200;0.14975;0.0243442;0.998887 0.0181563 -0.0435434 -0.209301 -0.0146452 0.996716 0.0796402 0.0624705 0.0448464 -0.0789138 0.995872 -0.00122411 0 0 0 1 
26875431820201;0.180431;0.0236988;0.995678 -0.0401916 -0.0837314 0.338688 0.0410209 0.999125 0.00820726 -0.151826 0.0833282 -0.0116065 0.996455 -0.136686 0 0 0 1 
26875431820202;0.0568232;0.0218177;0.999507 -0.030446 -0.00771851 -0.00944259 0.0300051 0.998199 -0.051937 0.00386768 0.00928588 0.0516798 0.998621 -0.0378074 0 0 0 1 
26875431820203;0.370175;0.353625;0.999856 -0.0147227 -0.0084061 -0.00496203 0.0150198 0.999223 0.0364449 -0.0521074 0.007863 -0.0365659 0.9993 -0.0483671 0 0 0 1 
26875431820204;0.336699;0.3138;0.999081 0.0425317 0.00539547 -0.0753582 -0.0421791 0.99765 -0.0540014 0.229594 -0.00767956 0.0537241 0.998526 0.0136454 0 0 0 1 
26875431820205;0.579018;0.21447;0.983151 0.0116046 0.182427 0.456306 -0.0235107 0.997721 0.0632387 -0.421369 -0.181277 -0.0664622 0.981184 -0.0875743 0 0 0 1 
26875431820206;0.454909;0.0213082;0.945293 0.0328285 0.324565 -0.243736 0.0428532 0.973806 -0.223306 -0.0577148 -0.323395 0.224998 0.919126 1.07363 0 0 0 1 
26875431820207;0.201469;0.184107;0.999533 0.0299704 0.006025 -0.0437074 -0.0300764 0.999379 0.0183531 0.065456 -0.00547121 -0.0185258 0.999813 0.0833192 0 0 0 1 
26875431820208;0.418791;0.364731;0.999713 -0.0186081 0.0150723 -0.0725415 0.0172926 0.996387 0.083145 -0.125942 -0.016565 -0.0828605 0.996423 -0.0616932 0 0 0 1 
26875431820209;0.261543;0.247529;0.999401 -0.0345421 0.00207208 0.0163949 0.0345816 0.99912 -0.0237459 0.0180301 -0.00125002 0.0238033 0.999716 0.0343291 0 0 0 1 
26875431820210;0.579052;0.348843;0.998443 -0.0557737 -0.000536527 -0.284048 0.0555295 0.993076 0.103522 -0.393873 -0.00524097 -0.10339 0.994627 -0.0995609 0 0 0 1 
26875431820211;0.254845;0.155051;0.997804 -0.0649815 -0.0128646 0.108297 0.0642551 0.996653 -0.0505297 -0.0540337 0.0161051 0.0495921 0.99864 0.219539 0 0 0 1 
26875431820212;0.320883;0.0191266;0.965136 -0.12502 0.229961 0.0260299 0.152097 0.982879 -0.103998 -0.232207 -0.213022 0.135349 0.967627 0.720158 0 0 0 1 
26875431820213;0.233658;0.0263946;0.998647 -0.0514756 0.0073601 -0.107293 0.0519753 0.99242 -0.111362 -0.0208483 -0.0015719 0.111594 0.993753 -0.396718 0 0 0 1 
26875431820214;0.442932;0.0258386;0.981967 0.0385732 -0.185074 0.344033 -0.0831796 0.967268 -0.239737 0.537056 0.169768 0.250808 0.953034 0.258927 0 0 0 1 
26875431820215;0.292551;0.0238361;0.9696 0.0676833 0.235149 0.0274545 -0.0146217 0.975293 -0.220429 -0.146033 -0.244259 0.21029 0.946634 0.353005 0 0 0 1 
26875431820217;0.53888;0.0139147;0.945279 -0.265226 0.190006 1.05132 0.317671 0.880968 -0.350686 -0.692755 -0.074378 0.391856 0.917015 -0.413311 0 0 0 1 
26875431820218;0.132212;0.0157366;0.999978 -0.00548363 -0.00380447 -0.00372618 0.00536017 0.999482 -0.0317371 0.177457 0.00397654 0.031716 0.999489 0.129991 0 0 0 1 
26875431820219;0.276971;0.00729597;0.991124 -0.0526483 0.122074 0.396311 0.0558142 0.998184 -0.022659 -0.612368 -0.120659 0.0292713 0.992262 0.368477 0 0 0 1 
26875431820220;0.346183;0.352834;0.99749 0.0639806 0.0303362 -0.163133 -0.0644144 0.997831 0.013542 0.124268 -0.0294039 -0.0154621 0.999448 0.236165 0 0 0 1 
26875431820221;0.22686;0.0101957;0.999982 -0.00332466 0.00509219 0.426631 0.00332864 0.999994 -0.000774295 -0.0174898 -0.00508959 0.000791231 0.999987 -0.251047 0 0 0 1 
26875431820222;0.271182;0.258168;0.99743 0.0398702 0.0595248 -0.163047 -0.0395827 0.999198 -0.00600041 0.0997607 -0.0597163 0.00362883 0.998209 0.198791 0 0 0 1 
26875431820223;0.173034;0.013919;0.999977 -0.00386691 0.0055822 -0.161694 0.00386371 0.999992 0.000584808 -0.178239 -0.00558442 -0.000563226 0.999984 -0.258741 0 0 0 1 
26875431820224;0.421446;0.015084;0.995605 0.0562035 0.0749089 -0.697212 -0.0614029 0.995724 0.0690148 -0.335053 -0.0707097 -0.0733111 0.994799 0.639909 0 0 0 1 
26875431820225;0.149136;0.0122733;0.983408 0.181279 -0.00681619 -0.139306 -0.180558 0.981746 0.059773 0.792917 0.0175274 -0.0575505 0.998189 -0.0629561 0 0 0 1 
26875431820226;0.0692592;0.00638125;0.99945 -0.0328847 0.00437981 0.166846 0.0329447 0.999353 -0.0144111 -0.11467 -0.00390307 0.0145474 0.999887 -0.0538485 0 0 0 1 
26875431820227;0.394953;0.256429;0.982661 0.167644 0.0792036 -0.416516 -0.17438 0.980778 0.0875572 0.222777 -0.0630027 -0.0998505 0.993006 -0.0941686 0 0 0 1 
26875431820228;0.385763;0.00819231;0.999639 -0.0263199 0.0053216 -0.258066 0.0267331 0.994123 -0.104901 0.674748 -0.00252934 0.105005 0.994468 0.144678 0 0 0 1 
26875431820229;0.236316;0.0148914;0.979824 -0.0978296 0.174282 0.161625 0.0954154 0.99519 0.0221984 -0.127572 -0.175615 -0.00512133 0.984446 0.806861 0 0 0 1 
26875431820230;0.353557;0.243494;0.985165 0.163623 0.0517497 -0.319126 -0.16168 0.986042 -0.0397491 0.827793 -0.0575313 0.0307925 0.997869 0.149165 0 0 0 1 
26875431820231;0.448584;0.0113816;0.999336 0.00838576 0.035455 -0.248491 -0.00694085 0.999148 -0.0406819 0.302281 -0.0357659 0.0404088 0.998543 -0.771046 0 0 0 1 
26875431820232;0.290281;0.0163736;0.96523 -0.191654 0.177762 0.554983 0.131743 0.94402 0.30244 -0.632543 -0.225775 -0.268506 0.936446 1.27494 0 0 0 1 
26875431820233;0.217224;0.00971107;0.996131 -0.075648 -0.0447202 0.557773 0.0747905 0.996988 -0.0205494 -0.298104 0.04614 0.0171253 0.998788 -0.300843 0 0 0 1 
26875431820234;0.288361;0.00713207;0.985222 -0.161359 -0.0574482 0.335176 0.16548 0.983268 0.0761592 -1.33286 0.044198 -0.0845403 0.995439 -0.337838 0 0 0 1 
26875431820235;0.189456;0.00778277;0.977419 -0.151041 -0.14778 0.518357 0.154338 0.987956 0.0110427 -0.754018 0.144332 -0.0336015 0.988959 -0.67681 0 0 0 1 
26875431820236;0.315102;0.013089;0.935549 0.240251 0.258896 -0.154168 -0.217593 0.969438 -0.113328 1.32359 -0.278211 0.0496896 0.959234 1.49747 0 0 0 1 
26875431820237;0.012092;0.00923915;0.99998 -0.00467227 0.0041886 0.0176957 0.0046786 0.999988 -0.00150231 -0.0464192 -0.00418153 0.00152188 0.99999 0.0315149 0 0 0 1 
26875431820238;0.26454;0.0130235;0.953248 -0.279257 0.115471 0.532554 0.269148 0.958328 0.0957417 -1.42479 -0.137396 -0.0601869 0.988686 0.936095 0 0 0 1 
26875431820239;0.246987;0.011336;0.999284 0.0338069 0.0170044 -0.298077 -0.0353812 0.994063 0.10289 -0.328599 -0.0134251 -0.103418 0.994547 0.161961 0 0 0 1 
26875431820240;0.363487;0.194968;0.959109 0.253381 -0.126123 -0.275796 -0.240291 0.964423 0.110222 0.932355 0.149564 -0.0754083 0.985872 -0.910495 0 0 0 1 
26875431820241;0.468508;0.045739;0.906087 -0.422231 0.0269612 0.52296 0.42206 0.906488 0.0120256 -2.0878 -0.0295176 0.000482998 0.999564 0.583861 0 0 0 1 
26875431820242;0.496458;0.0117644;0.963499 -0.205023 -0.172151 0.895679 0.257729 0.884333 0.38927 -1.99035 0.07243 -0.419429 0.904894 -0.0227447 0 0 0 1 
26875431820243;0.419239;0.0159702;0.907214 0.262477 0.328737 -0.383071 -0.217864 0.961657 -0.166587 1.35018 -0.359857 0.0795099 0.929613 1.44045 0 0 0 1 
26875431820244;0.327061;0.0188558;0.99999 -0.000348765 0.00450775 -0.491612 0.000861566 0.99345 -0.114265 0.498018 -0.00443837 0.114267 0.99344 0.00302639 0 0 0 1 
26875431820245;0.440644;0.0153623;0.911422 0.0537104 0.407953 -0.378778 -0.10016 0.990582 0.0933524 0.245307 -0.399097 -0.125944 0.908218 1.93783 0 0 0 1 
26875431820246;0.33651;0.00987038;0.988104 -0.0545501 0.143785 -0.0810537 0.0424321 0.995388 0.0860391 -0.624468 -0.147816 -0.0789145 0.985862 0.264304 0 0 0 1 
26875431820248;0.482971;0.0240574;0.939295 -0.0850769 -0.332396 0.826564 0.117788 0.989852 0.0794964 -0.377149 0.32226 -0.113823 0.939784 -2.31797 0 0 0 1 
26875431820249;0.481186;0.0182632;0.970924 -0.194128 -0.140075 0.344256 0.183066 0.979147 -0.0880747 -0.717747 0.154252 0.0598709 0.986216 0.308873 0 0 0 1 
26875431820250;0.362957;0.0248595;0.965586 0.225985 0.128744 0.147638 -0.209845 0.969362 -0.127684 1.53824 -0.153654 0.0962735 0.983424 0.511811 0 0 0 1 
26875431820251;0.294996;0.0244801;0.9956 0.0929434 -0.0119201 0.642016 -0.092039 0.993837 0.0617858 0.100832 0.0175892 -0.0604168 0.998018 -0.30128 0 0 0 1 
26875431820252;0.28587;0.0200245;0.999635 -0.026993 0.00125447 0.307801 0.0269911 0.999635 0.00149336 -0.634752 -0.00129432 -0.00145896 0.999998 0.261788 0 0 0 1 
26875431820253;0.612372;0.0191233;0.959462 0.0885223 -0.267576 1.15066 -0.0254007 0.97269 0.230715 -0.95006 0.280692 -0.214566 0.935507 -1.11297 0 0 0 1 
26875431820254;0.431445;0.385254;0.999627 0.0204804 0.0180909 -0.00318495 -0.0195171 0.998461 -0.05191 0.19282 -0.0191262 0.0515375 0.998488 -0.0178278 0 0 0 1 
26875431820255;0.351175;0.0234855;0.99963 -0.0249992 0.0106842 -0.27855 0.0248952 0.999642 0.00975601 0.00330594 -0.0109243 -0.00948641 0.999895 0.815012 0 0 0 1 
26875431820256;0.151421;0.0196458;0.982315 0.187155 -0.0055429 0.146478 -0.187207 0.982259 -0.0109688 0.869375 0.00339171 0.0118124 0.999924 0.00283509 0 0 0 1 
26875431820257;0.412483;0.0196048;0.987119 -0.150996 -0.0528831 -0.122541 0.155929 0.981984 0.106742 -1.63309 0.0358127 -0.113614 0.992879 -0.31622 0 0 0 1 
