#;prob_registration_l1 -r /home/probabilistic_point_clouds_registration/build/tester /home/point_clouds_registration_benchmark/wood_summer_local.txt /home/point_clouds_registration_benchmark/wood_summer -s 0.2 -t 0.2 -p 0.3 -r 1000 -m 5 -i 40 
id;initial_error;final_error;transformation
2318808360000;0.0774618;0.0206206;0.997833 0.0444776 0.0484889 -0.493328 -0.0443326 0.999009 -0.00406255 0.470775 -0.0486215 0.00190411 0.998815 0.340687 0 0 0 1 
2318808360001;0.306883;0.0273092;0.99738 0.0710997 -0.0133066 -0.164128 -0.0713281 0.997298 -0.0175523 0.625634 0.0120227 0.0184555 0.999757 -0.427311 0 0 0 1 
2318808360002;0.495258;0.0508019;0.920199 -0.377461 -0.103716 4.63882 0.376132 0.925984 -0.0328452 -1.7917 0.108438 -0.00878687 0.994064 -0.14987 0 0 0 1 
2318808360003;0.524546;0.0391039;0.917052 -0.395997 -0.0469304 4.24857 0.398502 0.905775 0.144109 -2.66002 -0.0145582 -0.150857 0.988448 1.2558 0 0 0 1 
2318808360004;0.20511;0.0137576;0.997527 -0.0663362 0.0232461 0.653818 0.0663235 0.997797 0.00131577 -0.531472 -0.0232822 0.000229249 0.999729 -0.216954 0 0 0 1 
2318808360005;0.440296;0.311457;0.998432 -0.0391174 -0.0400525 0.382852 0.0431817 0.993404 0.106227 -0.588729 0.035633 -0.10779 0.993535 0.380829 0 0 0 1 
2318808360006;0.169359;0.0233887;0.995978 -0.0860809 0.0248658 1.03712 0.0866222 0.996008 -0.0215787 -0.446331 -0.022909 0.0236459 0.999458 0.063424 0 0 0 1 
2318808360007;0.299345;0.262371;0.999224 -0.0346115 0.0188229 0.227976 0.0345456 0.999396 0.00381371 -0.333179 -0.0189435 -0.0031605 0.999816 0.138716 0 0 0 1 
2318808360008;0.34518;0.264505;0.992409 0.0562869 0.109348 -0.773813 -0.0626586 0.996478 0.055733 0.268654 -0.105826 -0.0621615 0.99244 1.6913 0 0 0 1 
2318808360009;0.553788;0.4125;0.997188 0.0680792 0.031325 -0.613244 -0.0680332 0.99768 -0.00253286 0.315664 -0.0314248 0.000394597 0.999506 0.369844 0 0 0 1 
2318808360010;0.296129;0.0229653;0.992506 -0.122145 0.00357107 1.17345 0.121915 0.991774 0.0389944 -1.23788 -0.00830468 -0.0382668 0.999233 0.0102969 0 0 0 1 
2318808360011;0.267088;0.0173964;0.973707 -0.191029 0.124104 2.15037 0.178323 0.978183 0.106578 -1.26782 -0.141756 -0.0816448 0.986529 2.30117 0 0 0 1 
2318808360012;0.117207;0.0119066;0.996435 -0.0037103 -0.0842801 0.0965545 0.00778007 0.998816 0.0480116 -0.192033 0.0840022 -0.0484961 0.995285 -0.300738 0 0 0 1 
2318808360013;0.297157;0.0160621;0.996874 -0.051355 0.0600398 0.00245345 0.0532846 0.998098 -0.0309896 -0.63584 -0.0583341 0.034092 0.997715 -0.0296272 0 0 0 1 
2318808360014;0.320442;0.0175698;0.999961 0.0072542 0.00508659 -0.0318937 -0.0072566 0.999974 0.000453889 0.0691792 -0.00508317 -0.000490783 0.999987 -0.607388 0 0 0 1 
2318808360015;0.329054;0.0182887;0.963075 0.239005 -0.123946 -2.08491 -0.25169 0.962702 -0.0992841 2.46157 0.0955938 0.126814 0.987309 -2.51394 0 0 0 1 
2318808360016;0.335073;0.0133675;0.999394 0.0345317 0.00439173 -0.264848 -0.0345437 0.9994 0.00268076 -0.0422969 -0.00429652 -0.00283084 0.999987 -0.514819 0 0 0 1 
2318808360017;0.483715;0.0124704;0.972674 0.226649 -0.0503619 -2.50876 -0.226963 0.973903 -0.000533374 1.77314 0.0489267 0.0119491 0.998731 0.194556 0 0 0 1 
2318808360018;0.313611;0.285546;0.997266 -0.0687971 -0.0269757 0.597162 0.0687441 0.99763 -0.00288807 -0.498208 0.0271105 0.00102576 0.999632 -0.238046 0 0 0 1 
2318808360019;0.502137;0.442436;0.999861 0.0137414 0.00940804 -0.12505 -0.0136639 0.999873 -0.00825786 -0.0455749 -0.00952032 0.00812816 0.999922 -0.102689 0 0 0 1 
2318808360020;0.421809;0.0148278;0.965668 0.0266885 0.258405 -0.580306 -0.00381284 0.996058 -0.0886257 0.271375 -0.259751 0.0845978 0.961963 0.523824 0 0 0 1 
2318808360021;0.393879;0.0253151;0.909849 -0.287336 -0.299355 4.21204 0.200349 0.935984 -0.289471 -0.906015 0.363367 0.203399 0.909172 -4.79281 0 0 0 1 
2318808360022;0.404256;0.0180628;0.995222 0.0374134 -0.0901874 -0.307533 -0.0438133 0.99658 -0.0700593 1.15991 0.0872578 0.0736759 0.993458 -1.77104 0 0 0 1 
2318808360023;0.175152;0.0181965;0.979482 -0.187912 0.0728351 1.94477 0.191539 0.980386 -0.0464423 -1.26482 -0.0626794 0.0594401 0.996262 -0.101059 0 0 0 1 
2318808360024;0.438639;0.0128288;0.993008 0.0126328 -0.117371 -0.801983 -0.0255244 0.993715 -0.108992 0.410557 0.115256 0.111226 0.987089 -2.12617 0 0 0 1 
2318808360025;0.493149;0.0244761;0.985219 -0.171212 -0.00542565 1.71949 0.170954 0.984754 -0.0321566 -0.66772 0.0108485 0.0307538 0.999468 0.337922 0 0 0 1 
2318808360026;0.26214;0.0199231;0.981425 0.0171794 -0.191076 -0.155627 -0.00516396 0.997987 0.0632038 -0.0388831 0.191777 -0.0610431 0.979538 -0.544809 0 0 0 1 
2318808360027;0.301824;0.0129794;0.970381 0.24142 -0.00880872 -2.24376 -0.234852 0.93418 -0.268613 2.99378 -0.0566196 0.262726 0.963208 -2.20868 0 0 0 1 
2318808360028;0.111442;0.0142792;0.999136 -0.0262486 -0.032232 0.314792 0.0302239 0.991081 0.129788 -0.343611 0.0285378 -0.13065 0.991018 1.11057 0 0 0 1 
2318808360029;0.556383;0.0165602;0.99488 -0.0572846 -0.0832631 0.108736 0.083756 0.928392 0.362039 -0.420468 0.0565616 -0.367159 0.928437 4.15518 0 0 0 1 
2318808360031;0.47988;0.38458;0.999123 0.0297213 -0.0295065 -0.083369 -0.0294284 0.999514 0.010311 0.319195 0.0297986 -0.00943359 0.999511 -0.255174 0 0 0 1 
2318808360032;0.536016;0.00989955;0.930023 0.0485588 -0.36428 0.67874 -0.15217 0.953149 -0.26144 2.75634 0.334518 0.298578 0.89384 -6.03397 0 0 0 1 
2318808360033;0.38485;0.0049985;0.988431 0.146887 0.0377879 -1.36063 -0.146627 0.989146 -0.00957775 1.21311 -0.0387846 0.00392623 0.99924 -0.40386 0 0 0 1 
2318808360034;0.495664;0.432407;0.999892 0.00834752 0.0121287 -0.0865547 -0.00836782 0.999964 0.00162465 0.092485 -0.0121147 -0.00172597 0.999925 -0.116157 0 0 0 1 
2318808360035;0.329409;0.0109643;0.993408 0.105494 -0.0448403 -0.821791 -0.105744 0.994388 -0.00324517 1.10768 0.0442463 0.00796539 0.998989 -1.00302 0 0 0 1 
2318808360036;0.430313;0.00965585;0.907806 0.240961 -0.343259 -1.16551 -0.230334 0.970439 0.0720706 1.98426 0.350478 0.0136382 0.936472 -3.03367 0 0 0 1 
2318808360037;0.120765;0.00683611;0.994116 0.0108219 -0.10778 0.0493605 -0.0236582 0.992667 -0.118543 0.473044 0.105706 0.120395 0.987082 -2.1324 0 0 0 1 
2318808360038;0.516165;0.00656302;0.975993 -0.185167 0.114676 1.81507 0.182989 0.982677 0.0293291 -1.99327 -0.118121 -0.00764048 0.99297 1.73567 0 0 0 1 
2318808360039;0.413132;0.00913856;0.972656 -0.128672 0.193347 1.10183 0.122185 0.991479 0.0451642 -0.567277 -0.197511 -0.0203053 0.98009 2.31642 0 0 0 1 
2318808360040;0.306491;0.00882315;0.989857 0.115392 -0.082877 -0.795777 -0.101452 0.982493 0.156251 0.836171 0.0994563 -0.146259 0.984234 0.369289 0 0 0 1 
2318808360041;0.475776;0.0861543;0.911774 -0.410493 -0.0127713 5.26095 0.410337 0.911839 -0.0132061 -2.53723 0.0170664 0.0068005 0.999831 0.306332 0 0 0 1 
2318808360042;0.392346;0.00871203;0.994317 0.0472371 0.0954079 -0.606519 -0.0470585 0.998884 -0.00412247 0.42266 -0.0954961 -0.000390716 0.99543 1.55548 0 0 0 1 
2318808360043;0.212163;0.00934172;0.991743 0.0628986 -0.111759 -0.44323 -0.0338508 0.968947 0.244939 0.272071 0.123695 -0.239133 0.963076 1.6539 0 0 0 1 
2318808360044;0.216595;0.00539477;0.988958 0.117289 -0.0905797 -1.36858 -0.110986 0.991228 0.0717521 0.686671 0.0982009 -0.0609067 0.993301 -0.0104946 0 0 0 1 
2318808360045;0.469606;0.193968;0.954529 0.171679 -0.243722 -1.17665 -0.244114 0.919386 -0.308444 3.58065 0.171122 0.353915 0.91949 -4.7244 0 0 0 1 
2318808360046;0.276896;0.00828691;0.999218 0.0184912 0.0349615 -0.0157446 -0.0182525 0.999808 -0.00713433 -0.311514 -0.0350867 0.00649061 0.999363 0.0445105 0 0 0 1 
2318808360047;0.219223;0.0105584;0.964349 -0.1335 -0.228492 1.98307 0.128571 0.991032 -0.0363925 -0.777279 0.231301 0.0057176 0.972865 -2.00254 0 0 0 1 
2318808360048;0.2746;0.00604921;0.947206 -0.0257376 0.319591 0.204777 0.00467182 0.997775 0.0665073 -0.0118983 -0.320592 -0.0615031 0.945219 3.33502 0 0 0 1 
2318808360049;0.475244;0.00881043;0.919349 -0.301041 -0.25332 4.56236 0.319532 0.946954 0.0343014 -2.1701 0.229556 -0.112479 0.966774 -1.16578 0 0 0 1 
2318808360050;0.266943;0.0100657;0.953646 -0.300888 -0.00508593 3.70084 0.30091 0.953642 0.00452885 -2.06256 0.00348748 -0.00584933 0.999977 -0.161385 0 0 0 1 
2318808360051;0.316495;0.00795766;0.975479 -0.0572191 0.212524 0.5822 0.0269192 0.989383 0.142819 -0.39266 -0.21844 -0.133596 0.966662 3.79478 0 0 0 1 
2318808360052;0.442125;0.34053;0.988674 0.11971 0.0905174 -1.18761 -0.115185 0.991892 -0.0536819 1.16752 -0.0962098 0.0426477 0.994447 0.531719 0 0 0 1 
2318808360053;0.502153;0.00978044;0.99937 -0.0329407 0.013214 1.06007 0.0309473 0.991034 0.129976 -0.443513 -0.017377 -0.129486 0.991429 2.24165 0 0 0 1 
2318808360054;0.189299;0.00602447;0.967493 -0.252487 -0.0144161 3.05157 0.250458 0.964498 -0.0837526 -1.608 0.0350508 0.0774194 0.996382 -1.16058 0 0 0 1 
2318808360055;0.56348;0.00891836;0.9525 0.137506 -0.271726 -0.135579 -0.169335 0.980746 -0.0972791 2.37275 0.253117 0.138671 0.957446 -3.56013 0 0 0 1 
2318808360056;0.0419399;0.00334866;0.998663 0.0499577 -0.0132633 -0.517026 -0.0498766 0.998735 0.00637248 0.398505 0.0135649 -0.00570243 0.999892 -0.0391292 0 0 0 1 
2318808360057;0.467263;0.007221;0.997563 -0.0697673 -0.00101489 0.914246 0.0697098 0.997157 -0.02861 -1.28211 0.00300805 0.0284696 0.99959 -0.834024 0 0 0 1 
2318808360058;0.291617;0.0137403;0.999934 0.00695678 0.00908934 -0.0411308 -0.00814449 0.990405 0.137956 0.518613 -0.0080424 -0.138021 0.990397 1.80549 0 0 0 1 
2318808360059;0.25976;0.00660964;0.976178 0.0253733 -0.215484 0.381684 -0.0414644 0.996651 -0.0704849 0.479386 0.212974 0.0777407 0.97396 -2.31359 0 0 0 1 
2318808360060;0.11731;0.00873786;0.991766 0.0980853 0.0823425 -1.1334 -0.09403 0.994222 -0.0517696 0.927345 -0.0869446 0.0436006 0.995259 0.254948 0 0 0 1 
2318808360062;0.468711;0.0868815;0.947238 0.30629 -0.0944809 -0.915557 -0.274905 0.927882 0.251916 1.52222 0.164827 -0.212651 0.963126 0.211831 0 0 0 1 
2318808360063;0.468392;0.00724965;0.99255 -0.12071 0.0165575 -0.430042 0.11826 0.987147 0.107497 -1.14717 -0.0293206 -0.104738 0.994068 -0.037018 0 0 0 1 
2318808360064;0.317402;0.00682788;0.946564 0.322343 0.010562 -0.552303 -0.322259 0.946609 -0.00893022 2.00331 -0.0128767 0.00504932 0.999904 -0.327515 0 0 0 1 
2318808360065;0.263432;0.00884783;0.973183 -0.217173 0.0758385 0.751144 0.208722 0.972241 0.105747 -1.50229 -0.0966986 -0.0870817 0.991497 1.05799 0 0 0 1 
2318808360066;0.238324;0.0105652;0.999457 -0.0329011 0.00181546 -0.37453 0.0328703 0.999347 0.0149837 -0.412415 -0.00230726 -0.0149159 0.999886 0.161527 0 0 0 1 
2318808360067;0.429905;0.00988358;0.993063 0.0978545 -0.0652019 0.7476 -0.093909 0.993707 0.0610591 0.602078 0.0707664 -0.0545125 0.996002 -0.531968 0 0 0 1 
2318808360068;0.55967;0.433282;0.993003 -0.0585408 -0.102561 0.327032 0.0630802 0.997142 0.0415889 -0.547043 0.0998333 -0.0477675 0.993857 -0.603301 0 0 0 1 
2318808360069;0.324897;0.00737196;0.997536 0.0643875 0.0278424 0.186366 -0.0647702 0.997815 0.0130681 0.10611 -0.0269402 -0.0148393 0.999527 -0.382032 0 0 0 1 
2318808360070;0.327797;0.00864424;0.995733 0.0582926 0.0715392 0.496102 -0.0542568 0.996892 -0.0571167 0.334384 -0.0746463 0.0529915 0.995801 0.0757098 0 0 0 1 
2318808360071;0.127608;0.0100353;0.989369 0.121428 0.0800302 -0.424955 -0.121739 0.992562 -0.00100606 0.761172 -0.0795571 -0.00874741 0.996792 0.437966 0 0 0 1 
2318808360072;0.27755;0.00784675;0.963482 -0.260887 -0.0603341 0.715117 0.260507 0.965367 -0.0142207 -1.12637 0.0619545 -0.00201608 0.998077 -0.547001 0 0 0 1 
2318808360073;0.377754;0.0112433;0.992411 -0.0657543 0.103908 0.00623087 0.0822731 0.983078 -0.163675 0.0382726 -0.0913869 0.170982 0.981027 -0.679957 0 0 0 1 
2318808360074;0.367604;0.33833;0.999021 -0.0441895 -0.00206935 0.19968 0.044177 0.999007 -0.00574867 -0.345032 0.00232133 0.00565163 0.999981 0.00299071 0 0 0 1 
2318808360075;0.223733;0.00834684;0.963939 -0.0154678 0.265674 0.0682529 0.0135833 0.999868 0.00892918 -0.24593 -0.265777 -0.00499845 0.964022 1.63069 0 0 0 1 
2318808360076;0.344651;0.0106753;0.993561 -0.112384 -0.0143968 0.834842 0.112612 0.965481 0.234872 -0.819582 -0.0124962 -0.234981 0.97192 1.22698 0 0 0 1 
2318808360077;0.167206;0.00876997;0.995069 0.0314789 0.09406 -0.0172522 -0.0340219 0.999094 0.0255552 0.463667 -0.0931704 -0.0286293 0.995238 0.519404 0 0 0 1 
2318808360078;0.455663;0.392714;0.999123 0.0303491 0.0288629 -0.455109 -0.0309875 0.999279 0.0219333 -0.055964 -0.0281764 -0.0228084 0.999343 -0.290885 0 0 0 1 
2318808360079;0.349782;0.00997861;0.990455 0.079359 0.112695 -0.203842 -0.0950287 0.985398 0.14128 0.510072 -0.0998375 -0.15064 0.983534 1.73552 0 0 0 1 
2318808360080;0.31557;0.170883;0.995465 0.0192956 -0.0931523 -0.0265281 -0.00553978 0.98931 0.145726 -0.264845 0.0949683 -0.144549 0.98493 -0.127861 0 0 0 1 
2318808360081;0.265138;0.00987114;0.993845 0.0764176 -0.080204 -0.075002 -0.0938948 0.965272 -0.243792 1.14541 0.0587887 0.249822 0.966505 -0.786626 0 0 0 1 
2318808360082;0.291619;0.14523;0.987983 0.129825 -0.0838713 -0.130083 -0.142541 0.975137 -0.169677 1.05303 0.0597575 0.179594 0.981924 -0.832288 0 0 0 1 
2318808360083;0.406111;0.0100134;0.989271 -0.145233 0.0158006 -0.0133403 0.143654 0.986738 0.0755807 -0.918201 -0.0265678 -0.0725 0.997014 -0.380089 0 0 0 1 
2318808360084;0.25521;0.188702;0.998669 0.0477227 0.0195633 0.0551009 -0.044747 0.990306 -0.131502 0.318884 -0.0256492 0.130451 0.991123 -0.221162 0 0 0 1 
2318808360085;0.097134;0.0101826;0.999232 -0.0115873 0.0374312 -0.0308848 0.0107407 0.999684 0.0227396 -0.00612415 -0.0376828 -0.0223201 0.99904 0.454904 0 0 0 1 
2318808360086;0.630308;0.584157;0.999291 0.0142233 -0.0348626 0.0125588 -0.0126748 0.99894 0.0442437 -0.0515063 0.035455 -0.0437704 0.998412 -0.111553 0 0 0 1 
2318808360087;0.164964;0.0125522;0.988867 0.144798 0.0342991 -0.345204 -0.140571 0.984606 -0.10388 1.08034 -0.0488128 0.0979024 0.993998 -0.0120179 0 0 0 1 
2318808360088;0.426784;0.0191959;0.92353 0.207879 0.322302 -0.291584 -0.140339 0.965252 -0.220439 1.09701 -0.356927 0.158351 0.920613 2.18251 0 0 0 1 
2318808360089;0.0156956;0.00736633;0.999846 -0.0152772 -0.00866225 0.0574566 0.0154185 0.999745 0.0164913 -0.112375 0.00840811 -0.0166223 0.999826 -0.00718813 0 0 0 1 
2318808360090;0.105965;0.00998191;0.999869 0.00851306 -0.0137364 -0.156571 -0.00869176 0.999878 -0.0130026 0.200779 0.013624 0.0131203 0.999821 -0.0308096 0 0 0 1 
2318808360091;0.471367;0.305792;0.990414 -0.0488314 -0.12921 0.118561 0.0383351 0.995853 -0.0825103 0.228532 0.132703 0.0767661 0.988179 -0.982516 0 0 0 1 
2318808360093;0.358587;0.00974614;0.994335 0.0955592 0.0465339 -0.141809 -0.0963007 0.995254 0.0139576 0.962398 -0.0449793 -0.0183598 0.998819 -0.503366 0 0 0 1 
2318808360094;0.104341;0.013621;0.996863 0.0789834 0.00500433 0.12502 -0.0787939 0.996418 -0.0307119 0.326705 -0.00741213 0.0302212 0.999516 0.136543 0 0 0 1 
2318808360095;0.369651;0.00891903;0.954358 -0.298428 -0.0119215 0.492823 0.29804 0.954181 -0.0266591 -1.28547 0.0193311 0.0218892 0.999573 -0.753622 0 0 0 1 
2318808360096;0.316121;0.00508263;0.999578 0.0282569 -0.00679623 0.697451 -0.0281754 0.999533 0.0118054 0.282291 0.00712664 -0.0116089 0.999907 0.349433 0 0 0 1 
2318808360097;0.369151;0.0561752;0.930464 0.238127 0.278447 0.10923 -0.229688 0.97122 -0.0630527 0.778279 -0.285447 -0.00528763 0.95838 0.982173 0 0 0 1 
2318808360098;0.287285;0.0134162;0.953209 -0.301977 0.0142337 0.126868 0.301051 0.952477 0.046435 -1.56495 -0.0275796 -0.0399772 0.99882 -0.125463 0 0 0 1 
2318808360099;0.367143;0.0637958;0.945314 -0.32475 0.0302998 0.383301 0.325105 0.945648 -0.00749825 -2.02617 -0.0262179 0.0169388 0.999513 -0.0957424 0 0 0 1 
2318808360100;0.403666;0.0118041;0.989133 -0.139261 -0.0471306 0.999324 0.142974 0.985838 0.0876512 -0.673654 0.0342567 -0.0934372 0.995036 -0.561298 0 0 0 1 
2318808360101;0.302239;0.00891386;0.945158 -0.164487 0.282171 -0.197699 0.176335 0.984184 -0.0169386 -0.904943 -0.274922 0.0657664 0.959215 1.41659 0 0 0 1 
2318808360102;0.281834;0.00736721;0.988293 0.150791 -0.0232005 0.165827 -0.13916 0.953303 0.268046 0.123928 0.062536 -0.261679 0.963127 -0.360299 0 0 0 1 
2318808360103;0.378578;0.018134;0.93634 0.185543 -0.298062 0.779772 -0.106737 0.959203 0.261794 0.134547 0.334476 -0.213314 0.917945 -1.47231 0 0 0 1 
2318808360104;0.557659;0.334191;0.996349 -0.075717 0.0394359 -0.473905 0.0772386 0.996265 -0.0386063 -0.167144 -0.0363655 0.0415113 0.998476 -0.385146 0 0 0 1 
2318808360105;0.460355;0.387861;0.999317 -0.0323591 0.0178195 -0.062244 0.032382 0.999475 -0.000999492 -0.162676 -0.0177779 0.00157584 0.999841 -0.137723 0 0 0 1 
2318808360106;0.53681;0.0103315;0.920903 -0.0769032 -0.382131 1.45805 0.0717314 0.997037 -0.0277855 0.413652 0.383135 -0.00182309 0.92369 -1.55969 0 0 0 1 
2318808360107;0.116161;0.0107451;0.99363 -0.0185168 0.111163 -0.0478872 0.0289161 0.995276 -0.0926804 -0.0544867 -0.108922 0.0953044 0.989471 0.664593 0 0 0 1 
2318808360108;0.426496;0.00381248;0.972633 0.232346 0.000814749 0.747149 -0.2322 0.972135 -0.0321883 1.18009 -0.00827085 0.0311182 0.999481 -0.613354 0 0 0 1 
2318808360109;0.361092;0.0103547;0.98994 0.140402 0.0174672 -0.821234 -0.139553 0.989286 -0.0428841 1.08798 -0.023301 0.0400151 0.998927 -0.0839148 0 0 0 1 
2318808360110;0.188673;0.00922559;0.989695 -0.0325368 -0.139446 0.454955 0.0210476 0.99632 -0.0830881 0.167334 0.141636 0.0792969 0.986738 -0.817033 0 0 0 1 
2318808360111;0.302097;0.011803;0.978377 0.17093 -0.116455 -0.362546 -0.137895 0.958719 0.248682 0.546896 0.154155 -0.227246 0.961559 -0.600636 0 0 0 1 
2318808360112;0.226828;0.00886195;0.959842 -0.260739 -0.103527 0.546666 0.26467 0.963988 0.0260032 -1.30862 0.0930185 -0.0523594 0.994287 -0.400035 0 0 0 1 
2318808360113;0.311079;0.286863;0.998242 -0.0271257 -0.0526995 -0.000516583 0.0269089 0.999626 -0.00481868 -0.156677 0.0528105 0.00339212 0.998599 -0.125358 0 0 0 1 
2318808360114;0.267587;0.00403853;0.990819 -0.0491347 0.125953 -0.041955 0.0482728 0.998785 0.00988792 0.0667685 -0.126286 -0.00371704 0.991987 1.19524 0 0 0 1 
2318808360115;0.283003;0.00702318;0.994913 -0.100691 -0.00305716 -0.0550267 0.0972574 0.952197 0.289588 -0.899909 -0.0262478 -0.288413 0.957146 0.707287 0 0 0 1 
2318808360116;0.15967;0.00975692;0.999991 0.00358159 0.00212845 0.221939 -0.00358399 0.999993 0.0011249 0.0376019 -0.0021244 -0.00113252 0.999997 -0.3211 0 0 0 1 
2318808360117;0.274094;0.0152874;0.965017 0.167239 -0.201926 0.589311 -0.202011 0.96521 -0.166018 1.28134 0.167136 0.201001 0.965227 -0.984171 0 0 0 1 
2318808360118;0.309171;0.010609;0.996155 -0.0587041 0.0650297 0.207401 0.0654853 0.992036 -0.107597 -0.023852 -0.0581954 0.111442 0.992066 0.954037 0 0 0 1 
2318808360119;0.136528;0.00753287;0.99956 0.00384928 -0.0294269 0.02068 0.00155759 0.983382 0.181542 -0.211695 0.0296367 -0.181508 0.982943 0.106031 0 0 0 1 
2318808360120;0.394337;0.0126374;0.964444 -0.264284 -0.00118872 0.400183 0.264239 0.964347 -0.0145607 -1.26459 0.00499449 0.0137288 0.999893 -0.822279 0 0 0 1 
2318808360121;0.407083;0.313879;0.995654 -0.0743855 0.0560355 -0.177395 0.0744949 0.997221 0.000135921 -0.410928 -0.0558899 0.00403903 0.998429 -0.0259892 0 0 0 1 
2318808360122;0.325576;0.0123134;0.961224 0.0210035 -0.274967 0.87598 -0.00628196 0.998504 0.054311 -0.0645382 0.275697 -0.0504777 0.959918 -0.998867 0 0 0 1 
2318808360124;0.330187;0.0139597;0.952933 -0.161658 0.256485 1.62753 0.114417 0.975184 0.18954 -1.0847 -0.280761 -0.151273 0.947781 3.40433 0 0 0 1 
2318808360125;0.152771;0.0131051;0.989145 -0.146909 -0.00312379 1.51354 0.146941 0.989018 0.0158622 -1.1964 0.000759175 -0.016149 0.999869 0.242793 0 0 0 1 
2318808360126;0.0910746;0.0259298;0.998383 0.00888252 -0.0561462 -0.167355 -0.0107754 0.999381 -0.0335016 0.230448 0.0558138 0.0340524 0.99786 -0.80846 0 0 0 1 
2318808360127;0.146509;0.0196633;0.992766 -0.107904 0.0526558 1.02254 0.105756 0.993505 0.0420015 -0.814701 -0.0568459 -0.0361289 0.997729 0.990805 0 0 0 1 
2318808360128;0.288596;0.0162581;0.939991 0.134749 -0.313464 -0.461309 -0.161338 0.985052 -0.0603628 1.44784 0.300645 0.107314 0.94768 -3.30663 0 0 0 1 
2318808360129;0.489639;0.0696833;0.980296 -0.124754 -0.153157 2.0023 0.0601047 0.926948 -0.370343 0.985605 0.18817 0.353841 0.916182 -4.97228 0 0 0 1 
2318808360130;0.532869;0.265748;0.98926 -0.0646078 0.131109 0.188617 0.0545603 0.995394 0.0788336 -0.501165 -0.135599 -0.0708336 0.988229 2.10757 0 0 0 1 
2318808360131;0.255773;0.0202489;0.998081 -0.0110146 0.0609291 -0.0911544 0.00535879 0.995724 0.0922217 -0.153444 -0.0616843 -0.0917183 0.993873 0.884437 0 0 0 1 
2318808360132;0.368015;0.342924;0.999025 0.0240782 0.0370067 -0.44701 -0.0224816 0.998823 -0.0429704 0.236449 -0.0379978 0.0420966 0.998391 -0.101038 0 0 0 1 
2318808360133;0.203483;0.139154;0.998996 0.0357189 -0.0270263 -0.363469 -0.0340765 0.997678 0.0589664 0.0611024 0.0290698 -0.0579862 0.997894 0.223385 0 0 0 1 
2318808360134;0.215895;0.027882;0.997631 -0.0186983 -0.066202 0.550787 0.0162018 0.999145 -0.0380478 -0.213793 0.0668568 0.0368851 0.997081 -0.70049 0 0 0 1 
2318808360135;0.357096;0.0135865;0.955813 0.0921059 -0.279174 -0.0782919 -0.0979296 0.995169 -0.00695421 1.10024 0.277184 0.0339863 0.960215 -2.1452 0 0 0 1 
2318808360136;0.39267;0.0226026;0.990125 -0.0889188 0.108379 0.870404 0.10353 0.985057 -0.137641 -0.055993 -0.0945207 0.147502 0.984535 -0.228473 0 0 0 1 
2318808360137;0.205186;0.024938;0.982394 -0.0154965 -0.186178 0.649538 0.0211389 0.999374 0.0283593 -0.210245 0.185622 -0.0317956 0.982107 -1.14186 0 0 0 1 
2318808360138;0.524941;0.0175023;0.985329 -0.16195 0.0538502 1.35092 0.161692 0.986799 0.00915169 -1.36039 -0.0546214 -0.0003103 0.998507 -0.528842 0 0 0 1 
2318808360139;0.224459;0.0146589;0.991778 0.120961 -0.0417737 -1.13049 -0.127386 0.964339 -0.231997 1.74783 0.0122215 0.235411 0.971819 -2.38569 0 0 0 1 
2318808360140;0.242736;0.0202799;0.991583 0.0647391 0.112127 -0.779199 -0.0540427 0.993919 -0.0959415 0.726153 -0.117656 0.0890743 0.989052 -0.370035 0 0 0 1 
2318808360141;0.27546;0.0175636;0.966398 0.244311 0.0799192 -2.05227 -0.240188 0.969003 -0.0578144 2.30417 -0.0915666 0.0366761 0.995123 0.0722416 0 0 0 1 
2318808360142;0.19755;0.0260033;0.993434 -0.10345 0.0488615 0.922863 0.102956 0.994607 0.0125152 -0.607153 -0.0498927 -0.00740247 0.998727 0.133691 0 0 0 1 
2318808360143;0.359468;0.0146651;0.971072 -0.0725165 -0.227507 1.09473 0.0778534 0.996858 0.0145604 -0.668671 0.225737 -0.0318515 0.973668 -0.799463 0 0 0 1 
2318808360144;0.260225;0.0193843;0.982322 -0.179248 0.0539864 1.61531 0.184686 0.975067 -0.123028 -0.941285 -0.0305878 0.130824 0.990934 -1.33986 0 0 0 1 
2318808360145;0.465801;0.013792;0.909388 -0.228512 0.347557 2.61251 0.246384 0.969143 -0.00747507 -1.56345 -0.335125 0.0924304 0.937629 2.33651 0 0 0 1 
2318808360146;0.208847;0.0193906;0.984672 -0.174373 0.00391016 1.80166 0.170182 0.955613 -0.240504 -0.533419 0.0382009 0.237483 0.97064 -2.72152 0 0 0 1 
2318808360147;0.522631;0.020718;0.94765 0.257161 0.18928 -2.7474 -0.226269 0.959081 -0.170196 2.49576 -0.225303 0.118458 0.967061 -0.172262 0 0 0 1 
2318808360148;0.348601;0.188681;0.992865 0.0680608 0.0979132 -0.777662 -0.0732841 0.996018 0.0507745 0.415349 -0.0940675 -0.0575877 0.993899 1.5752 0 0 0 1 
2318808360149;0.220362;0.0142899;0.985697 0.166215 -0.027819 -1.57754 -0.166979 0.985567 -0.0278489 1.49089 0.0227886 0.0320957 0.999225 -0.81089 0 0 0 1 
2318808360150;0.310305;0.0214283;0.997015 0.0655922 0.0407244 -0.998924 -0.067728 0.996269 0.0534887 0.54432 -0.037064 -0.0560872 0.997738 0.304889 0 0 0 1 
2318808360151;0.0639999;0.0146565;0.999165 0.0252606 -0.0321268 -0.190072 -0.0240899 0.99905 0.0363188 0.151216 0.0330137 -0.0355145 0.998824 0.155115 0 0 0 1 
2318808360152;0.508923;0.0143919;0.974452 0.224369 -0.0100982 -1.27094 -0.224457 0.974446 -0.00863495 2.01103 0.0079027 0.0106809 0.999912 0.391432 0 0 0 1 
2318808360153;0.520442;0.307763;0.999253 0.033521 0.019213 -0.579767 -0.0330329 0.999137 -0.0251806 0.190289 -0.0200405 0.0245271 0.999498 0.575726 0 0 0 1 
2318808360155;0.242296;0.0127588;0.968784 -0.000488875 0.247906 0.218763 0.0472587 0.982024 -0.182744 -0.0259346 -0.24336 0.188756 0.951392 -0.0284967 0 0 0 1 
2318808360156;0.545461;0.0285518;0.961064 -0.238164 0.140119 2.45172 0.222995 0.967928 0.115711 -1.95491 -0.163184 -0.0799595 0.98335 1.11022 0 0 0 1 
2318808360157;0.417219;0.0313415;0.955326 -0.217396 -0.20023 2.57025 0.163398 0.953005 -0.255114 -0.0382985 0.246281 0.211 0.945952 -3.52732 0 0 0 1 
2318808360158;0.428586;0.112095;0.922597 0.205481 -0.326484 -0.836152 -0.236251 0.970013 -0.0571082 2.11219 0.304959 0.12982 0.943476 -3.22803 0 0 0 1 
2318808360159;0.360686;0.0135854;0.950576 -0.168887 0.260544 1.83785 0.253017 0.907712 -0.334726 -0.548353 -0.179968 0.384104 0.90558 -2.24013 0 0 0 1 
2318808360160;0.334724;0.0218014;0.927995 0.0628853 0.367246 -0.59653 -0.0380071 0.996489 -0.0745934 0.385645 -0.370648 0.0552644 0.927128 2.32945 0 0 0 1 
2318808360161;0.319806;0.288889;0.997865 0.0416629 0.050292 -0.54919 -0.042449 0.998991 0.0146641 -0.0276327 -0.0496303 -0.0167677 0.998627 0.408145 0 0 0 1 
2318808360162;0.00881013;0.0155842;0.99996 0.00211081 0.00864294 -0.0274987 -0.00211966 0.999997 0.0010141 -0.00989353 -0.00864078 -0.00103238 0.999962 0.078536 0 0 0 1 
2318808360163;0.15049;0.0149088;0.995546 0.0942785 0.000112713 -0.925846 -0.0942758 0.995525 -0.00647202 0.541401 -0.000722381 0.00643257 0.999979 0.0767087 0 0 0 1 
2318808360164;0.34564;0.341839;0.999793 0.00827119 0.0185673 -0.123931 -0.00780539 0.999656 -0.0250207 0.0842506 -0.0187678 0.0248706 0.999514 -0.0383323 0 0 0 1 
2318808360165;0.629483;0.0154348;0.932443 -0.154238 0.326743 0.881844 0.194656 0.976295 -0.0946428 -1.77908 -0.304401 0.151851 0.940362 0.482503 0 0 0 1 
2318808360166;0.356263;0.0216238;0.997294 0.0627159 -0.0383599 -0.111336 -0.065004 0.99598 -0.0616369 0.259757 0.0343401 0.0639636 0.997361 -0.383911 0 0 0 1 
2318808360167;0.348773;0.0141379;0.978586 -0.044237 0.20103 0.27145 0.117929 0.920951 -0.371406 0.398465 -0.168709 0.38716 0.906446 -2.22994 0 0 0 1 
2318808360168;0.491205;0.0253303;0.967929 -0.109999 -0.225863 1.09704 0.14012 0.982597 0.121938 -0.699782 0.20852 -0.149676 0.966497 0.621186 0 0 0 1 
2318808360169;0.364685;0.0316827;0.999868 -0.0115459 -0.0114107 0.25941 0.0113224 0.999747 -0.0194571 0.316203 0.0116325 0.0193254 0.999746 -0.84242 0 0 0 1 
2318808360170;0.293853;0.0215318;0.999297 0.0256698 0.0273113 -0.478279 -0.025617 0.999669 -0.00228183 0.075353 -0.0273608 0.00158059 0.999624 -0.367424 0 0 0 1 
2318808360171;0.404455;0.0172389;0.99551 0.0542162 0.0775897 -0.957561 -0.071731 0.966947 0.244681 0.047886 -0.0617594 -0.249148 0.966494 2.56007 0 0 0 1 
2318808360172;0.214721;0.0232849;0.989976 -0.0329801 0.137329 0.270751 0.0192012 0.994754 0.100477 -0.204135 -0.139922 -0.096833 0.985416 2.31151 0 0 0 1 
2318808360173;0.439959;0.0324565;0.995507 -0.0671158 -0.0667909 1.09444 0.0455732 0.957937 -0.283336 0.830827 0.0829977 0.279019 0.956692 -3.5159 0 0 0 1 
2318808360174;0.284722;0.0139012;0.982895 -0.129742 0.130708 1.3487 0.156986 0.96133 -0.226274 -0.930991 -0.0962969 0.242922 0.965254 -1.78195 0 0 0 1 
2318808360175;0.207536;0.0181387;0.99747 -0.0485304 -0.0519544 0.472249 0.0469932 0.998432 -0.0304112 -0.709398 0.0533488 0.0278928 0.998186 -0.792539 0 0 0 1 
2318808360176;0.417626;0.0280276;0.969645 -0.165369 -0.180116 1.65878 0.209779 0.941062 0.265319 -1.28904 0.125624 -0.29505 0.947187 1.25049 0 0 0 1 
2318808360177;0.414555;0.0286906;0.955072 -0.0577633 -0.290691 1.50739 0.0246007 0.992889 -0.116471 0.150727 0.295352 0.104087 0.949702 -2.66019 0 0 0 1 
2318808360178;0.192544;0.0236372;0.995079 -0.0982005 0.0132436 0.859576 0.0981456 0.995161 0.00473465 -0.654179 -0.0136445 -0.00341155 0.999901 -0.202855 0 0 0 1 
2318808360179;0.369856;0.172411;0.992231 0.110964 0.0562585 -1.04527 -0.107026 0.991876 -0.0687534 0.887271 -0.0634307 0.0621981 0.996046 0.352246 0 0 0 1 
2318808360180;0.269585;0.0207563;0.999777 0.00568344 0.0203558 -0.0855591 -0.0058096 0.999964 0.00614432 0.0807972 -0.0203202 -0.0062612 0.999774 0.728612 0 0 0 1 
2318808360181;0.159003;0.0160494;0.999142 -0.0411022 -0.0051606 0.244921 0.0411411 0.999124 0.00768556 -0.325012 0.00484018 -0.00789128 0.999957 0.302707 0 0 0 1 
2318808360182;0.250033;0.0276614;0.988799 0.146954 -0.0261038 -1.63081 -0.140702 0.976125 0.165476 0.94667 0.049798 -0.15995 0.985868 1.17775 0 0 0 1 
2318808360183;0.583654;0.210973;0.958882 -0.276665 -0.0632524 2.94837 0.280376 0.958008 0.0600845 -1.96622 0.043973 -0.0753485 0.996187 -0.608896 0 0 0 1 
2318808360184;0.254669;0.0204588;0.988572 0.149099 -0.0222237 -1.12691 -0.148563 0.988609 0.0241149 1.24307 0.0255661 -0.0205377 0.999462 0.381064 0 0 0 1 
2318808360186;0.32371;0.0672659;0.94288 -0.00306183 -0.333119 0.196573 -0.0212123 0.997377 -0.0692076 0.123326 0.332457 0.0723207 0.940341 -2.22839 0 0 0 1 
2318808360187;0.391738;0.294719;0.989434 -0.127081 -0.0697923 0.542882 0.134012 0.985321 0.105749 -0.72734 0.0553292 -0.113985 0.991941 0.0596557 0 0 0 1 
2318808360188;0.250929;0.01264;0.964671 -0.263315 0.00865164 0.965063 0.255356 0.942583 0.215245 -1.51445 -0.0648324 -0.205432 0.976522 0.855167 0 0 0 1 
2318808360189;0.35413;0.0112732;0.94577 0.245479 -0.21274 0.0264981 -0.19615 0.953615 0.228351 1.20358 0.258927 -0.174239 0.950051 -0.673513 0 0 0 1 
2318808360190;0.38404;0.0128912;0.971461 0.091194 0.218968 -0.584639 -0.0815947 0.995281 -0.0525083 0.5832 -0.222723 0.0331432 0.974318 0.484166 0 0 0 1 
2318808360191;0.142007;0.0130322;0.993753 -0.0630475 0.0920857 0.302508 0.0601011 0.997598 0.0344288 -0.377126 -0.0940352 -0.0286793 0.995156 0.42339 0 0 0 1 
2318808360192;0.308225;0.00831059;0.997921 -0.0460413 0.0450876 -0.579484 0.0474462 0.998405 -0.0306002 -0.185613 -0.0436068 0.0326758 0.998514 0.163534 0 0 0 1 
2318808360193;0.19468;0.0136082;0.98776 0.0882418 -0.128621 -0.151034 -0.0785431 0.993805 0.0786293 0.675888 0.134763 -0.0675646 0.988572 -0.668293 0 0 0 1 
2318808360194;0.35362;0.0109051;0.994653 -0.0347214 0.0972573 -0.17745 0.0327466 0.999225 0.0218277 -0.850139 -0.0979399 -0.0185261 0.99502 0.204038 0 0 0 1 
2318808360195;0.220312;0.0157129;0.994539 -0.103636 0.0123113 0.329289 0.101213 0.986543 0.128407 -0.614193 -0.0254532 -0.12646 0.991645 0.110895 0 0 0 1 
2318808360196;0.321597;0.012133;0.995244 0.0483012 0.0846001 -0.468679 -0.04337 0.997304 -0.0591885 0.646128 -0.0872309 0.0552378 0.994655 0.898197 0 0 0 1 
2318808360197;0.117422;0.0126589;0.999728 -0.00645029 0.0224264 0.151112 0.00580496 0.999571 0.0287228 -0.0577735 -0.022602 -0.0285848 0.999336 0.418823 0 0 0 1 
2318808360198;0.145591;0.0111939;0.996145 -0.0708878 -0.051669 0.124527 0.0705553 0.997474 -0.00823224 -0.448329 0.052122 0.00455498 0.99863 -0.560647 0 0 0 1 
2318808360199;0.334769;0.00909269;0.999997 -0.00202501 -0.00140463 -0.234194 0.00202027 0.999992 -0.00336512 -0.0144265 0.00141144 0.00336227 0.999993 0.708922 0 0 0 1 
2318808360200;0.307694;0.0110437;0.968032 0.2492 -0.0285255 -0.316906 -0.246974 0.966834 0.0650834 1.91059 0.0437982 -0.0559577 0.997472 0.0449856 0 0 0 1 
2318808360201;0.28708;0.0109379;0.994785 -0.101817 0.00609731 0.848703 0.101854 0.99478 -0.00627441 -0.491576 -0.00542664 0.00686272 0.999962 0.328551 0 0 0 1 
2318808360202;0.140274;0.00762698;0.990684 0.136114 -0.00423703 -0.270632 -0.13617 0.990517 -0.0182916 0.903333 0.0017071 0.0186981 0.999824 0.0824009 0 0 0 1 
2318808360203;0.354364;0.00761062;0.994161 0.0935725 -0.0537413 -0.235574 -0.0830607 0.981513 0.172435 -0.193304 0.068883 -0.166965 0.983554 0.596279 0 0 0 1 
2318808360204;0.41534;0.0139756;0.907619 -0.0692546 0.414043 -0.0346659 0.0133782 0.990569 0.136361 -0.342566 -0.419581 -0.118225 0.899986 2.63714 0 0 0 1 
2318808360205;0.260883;0.00911645;0.989089 -0.131983 -0.0654415 0.311005 0.128915 0.990439 -0.0491014 -1.08573 0.0712964 0.0401293 0.996648 -0.209283 0 0 0 1 
2318808360206;0.381649;0.0191002;0.908564 -0.30173 0.288913 0.901668 0.330657 0.942091 -0.0559532 -1.67388 -0.2553 0.146368 0.955719 1.13959 0 0 0 1 
2318808360207;0.376035;0.00911687;0.903854 0.300991 0.304058 -0.785556 -0.283807 0.953617 -0.100344 1.97586 -0.320158 0.00440297 0.947354 1.95913 0 0 0 1 
2318808360208;0.370049;0.0139935;0.993827 0.0130066 0.110175 -0.395557 -0.0237066 0.995063 0.0963733 -0.00662051 -0.108377 -0.0983903 0.989229 1.68455 0 0 0 1 
2318808360209;0.193142;0.0100181;0.973568 0.201481 -0.107567 -0.214087 -0.200411 0.979491 0.0207851 1.17989 0.109549 0.00132181 0.993981 -0.586328 0 0 0 1 
2318808360210;0.416709;0.217707;0.96873 -0.238293 0.069127 0.879601 0.219009 0.952162 0.213127 -1.38393 -0.116607 -0.191323 0.974576 1.27862 0 0 0 1 
2318808360211;0.229662;0.00888722;0.980375 -0.189971 -0.0526887 0.734181 0.196819 0.958463 0.206423 -1.34682 0.0112859 -0.212742 0.977043 0.516782 0 0 0 1 
2318808360212;0.235303;0.00714159;0.958108 0.286006 0.0151758 -0.70531 -0.285391 0.957826 -0.0335004 1.52435 -0.0241171 0.027766 0.999323 0.0502195 0 0 0 1 
2318808360213;0.418371;0.0106971;0.970625 0.240156 0.0145707 -0.832469 -0.24043 0.970431 0.0214041 1.3363 -0.00899949 -0.0242786 0.999665 0.886813 0 0 0 1 
2318808360214;0.104638;0.00818471;0.993509 0.113755 -0.000312274 -0.254812 -0.113649 0.992698 0.0404238 0.575796 0.00490838 -0.0401259 0.999183 -0.000106907 0 0 0 1 
2318808360215;0.379457;0.346378;0.99879 0.000775321 -0.0491675 0.012487 -0.00236193 0.999478 -0.0322197 0.13787 0.0491169 0.0322968 0.998271 -0.22351 0 0 0 1 
2318808360217;0.475077;0.0123639;0.878071 0.232395 -0.41831 -0.0410559 -0.276555 0.959835 -0.0472709 1.95383 0.390523 0.157193 0.907074 -2.90508 0 0 0 1 
2318808360218;0.538469;0.0131743;0.944852 -0.326512 -0.0254091 2.52748 0.326576 0.93353 0.147883 -1.72201 -0.0245654 -0.148026 0.988678 1.83054 0 0 0 1 
2318808360219;0.26223;0.00992753;0.979468 -0.0593026 -0.192681 0.438523 0.0689463 0.996661 0.043731 -0.19737 0.189444 -0.0561177 0.980287 -1.10527 0 0 0 1 
2318808360220;0.178884;0.00994424;0.993793 0.0761656 0.0810817 -0.602201 -0.0665828 0.991136 -0.114958 0.687473 -0.0891189 0.108846 0.990056 0.108236 0 0 0 1 
2318808360221;0.32248;0.340882;0.999474 -0.0318006 0.00639087 0.309738 0.0316712 0.99931 0.0194242 -0.319308 -0.00700416 -0.0192116 0.999791 0.156422 0 0 0 1 
2318808360222;0.547442;0.377576;0.998654 0.0481166 -0.0193616 -0.426634 -0.0495774 0.995248 -0.0838112 0.245358 0.0152369 0.0846583 0.996294 -0.204191 0 0 0 1 
2318808360223;0.279763;0.00960974;0.940248 0.331121 0.0793275 -1.66928 -0.333061 0.942826 0.0122261 2.39998 -0.0707437 -0.0379165 0.996774 0.510061 0 0 0 1 
2318808360224;0.19078;0.00705268;0.987171 -0.156203 0.0330718 0.899277 0.158329 0.984423 -0.076439 -0.635094 -0.0206167 0.0806946 0.996526 -0.482101 0 0 0 1 
2318808360225;0.382191;0.0100279;0.939778 0.341556 0.0125196 -1.67945 -0.332565 0.922264 -0.197055 2.78409 -0.0788515 0.181024 0.980313 -0.94397 0 0 0 1 
2318808360226;0.232462;0.00705747;0.980358 -0.196609 -0.0155924 1.20163 0.196564 0.96753 0.158894 -1.05008 -0.016154 -0.158838 0.987172 1.26614 0 0 0 1 
2318808360227;0.121258;0.0121509;0.999978 4.55093e-05 0.0066501 -0.0232721 -9.16278e-05 0.999976 0.00693487 0.00890207 -0.00664962 -0.00693532 0.999954 -0.153773 0 0 0 1 
2318808360228;0.342472;0.320033;0.999845 0.0168882 -0.00488671 -0.120508 -0.0170495 0.999238 -0.0351108 0.171086 0.00429003 0.0351887 0.999371 -0.199422 0 0 0 1 
2318808360229;0.411101;0.0172381;0.984577 -0.00228861 0.174938 -0.451172 0.022719 0.99312 -0.114874 -0.0308111 -0.173472 0.117076 0.977855 1.00983 0 0 0 1 
2318808360230;0.270984;0.00650296;0.940805 -0.338243 -0.0218393 2.38762 0.336085 0.939278 -0.0693161 -1.6344 0.0439588 0.0578731 0.997356 -0.716173 0 0 0 1 
2318808360231;0.448163;0.216615;0.999836 0.0169472 0.00643343 -0.551384 -0.0156215 0.985581 -0.16848 0.243339 -0.00919594 0.168352 0.985684 -0.935771 0 0 0 1 
2318808360232;0.480703;0.0114363;0.993857 -0.103567 -0.0390072 0.867098 0.101511 0.993502 -0.0514625 -0.385995 0.0440835 0.0471867 0.997913 -1.41251 0 0 0 1 
2318808360233;0.538633;0.00867766;0.978144 0.178093 0.107321 -1.31901 -0.123299 0.912397 -0.390294 2.33076 -0.167428 0.368531 0.914414 -1.09902 0 0 0 1 
2318808360234;0.46577;0.0146562;0.998318 -0.0550195 0.0182519 0.324947 0.0550634 0.998481 -0.00190839 0.533415 -0.0181192 0.00291019 0.999832 0.228961 0 0 0 1 
2318808360235;0.501727;0.00814373;0.998482 0.0358882 -0.0417766 -0.161258 -0.0351372 0.99921 0.0185747 0.179273 0.0424102 -0.0170786 0.998954 -1.12864 0 0 0 1 
2318808360236;0.219286;0.0152265;0.975625 0.190363 -0.109169 -0.825877 -0.191409 0.98151 0.000918275 1.39169 0.107325 0.0199999 0.994023 -1.02699 0 0 0 1 
2318808360237;0.1427;0.0142075;0.998044 -0.0609614 -0.0138754 0.268464 0.060179 0.996876 -0.0511458 -0.269251 0.01695 0.0502108 0.998595 -0.600751 0 0 0 1 
2318808360238;0.478527;0.270208;0.969521 -0.0869473 -0.229063 1.00597 0.0619 0.991509 -0.11436 -0.117773 0.237061 0.0966956 0.966671 -2.11803 0 0 0 1 
2318808360239;0.07712;0.00660074;0.998806 0.0219433 -0.0436555 -0.129757 -0.0233727 0.999198 -0.0325065 0.168634 0.0429072 0.033488 0.998518 -0.587079 0 0 0 1 
2318808360240;0.277432;0.011332;0.966033 0.0375835 0.255671 -0.369073 -0.0668171 0.992051 0.106633 0.219297 -0.249631 -0.120094 0.960865 2.49387 0 0 0 1 
2318808360241;0.414755;0.00827415;0.903795 0.196791 -0.380037 0.0531448 -0.155734 0.978357 0.136251 0.906571 0.398624 -0.0639587 0.914881 -1.96128 0 0 0 1 
2318808360242;0.207147;0.00881951;0.987915 -0.153584 -0.020855 1.0842 0.15398 0.987894 0.0188864 -1.21121 0.0177019 -0.0218694 0.999604 0.0815492 0 0 0 1 
2318808360243;0.526989;0.496223;0.999843 -0.0147639 -0.00981598 0.0762944 0.0152659 0.998467 0.0532042 -0.22558 0.00901543 -0.0533457 0.998535 0.144737 0 0 0 1 
2318808360244;0.293823;0.00533117;0.99611 0.0708482 0.0523901 -0.390844 -0.0756802 0.992416 0.0968687 0.410644 -0.0451297 -0.100457 0.993917 1.41024 0 0 0 1 
2318808360245;0.161157;0.00679119;0.999102 -0.0420678 0.00507865 0.248289 0.0422 0.998672 -0.0295649 -0.337689 -0.00382817 0.0297526 0.99955 -0.421157 0 0 0 1 
2318808360246;0.48133;0.00617956;0.947166 -0.00804351 0.320643 0.0562664 -0.0534325 0.981759 0.182466 -0.242133 -0.316262 -0.189958 0.929459 2.64048 0 0 0 1 
2318808360248;0.277285;0.0120748;0.999877 -0.0146039 -0.00576449 0.0463735 0.0147819 0.999373 0.0321632 0.254298 0.00529117 -0.0322445 0.999466 0.574077 0 0 0 1 
2318808360249;0.346523;0.0536153;0.939097 0.313945 0.13977 0.00673336 -0.333069 0.931655 0.145203 1.44451 -0.0846318 -0.182912 0.97948 0.77745 0 0 0 1 
2318808360250;0.347649;0.0117562;0.962416 -0.193775 0.190279 0.0577733 0.202322 0.978964 -0.0263743 -1.63837 -0.181166 0.0638807 0.981376 1.21804 0 0 0 1 
2318808360251;0.136295;0.0122416;0.997163 0.0329238 -0.0676959 0.0372245 -0.0228735 0.989283 0.144208 -0.0425259 0.0717183 -0.142251 0.987229 -0.510434 0 0 0 1 
2318808360252;0.263745;0.226538;0.999052 -0.0400639 -0.0170009 0.0163077 0.0402326 0.999143 0.00970212 -0.298806 0.0165976 -0.0103769 0.999808 -0.0653816 0 0 0 1 
2318808360253;0.38952;0.0109905;0.94328 -0.327185 0.0563378 -0.30387 0.326874 0.94495 0.0149077 -1.8429 -0.058114 0.00435322 0.9983 0.325607 0 0 0 1 
2318808360254;0.304973;0.0114522;0.994003 -0.109105 0.00729641 0.656024 0.108857 0.993649 0.0284895 -0.451198 -0.0103584 -0.0275244 0.999567 -0.400612 0 0 0 1 
2318808360255;0.467336;0.220361;0.988487 -0.144076 -0.0462216 0.0712379 0.140959 0.987891 -0.0648161 -0.671181 0.0550004 0.0575545 0.996826 0.329642 0 0 0 1 
2318808360256;0.501332;0.370957;0.998967 0.0451563 -0.00500111 -0.202868 -0.0442206 0.991667 0.120997 -0.121543 0.0104232 -0.120651 0.99264 0.0266521 0 0 0 1 
2318808360257;0.448145;0.095135;0.918641 0.360212 0.162316 0.676018 -0.371016 0.927721 0.0409965 1.42402 -0.135817 -0.0978829 0.985887 0.595623 0 0 0 1 
2318808360258;0.160463;0.0137693;0.987048 -0.120126 -0.106333 0.345612 0.123388 0.992053 0.0246205 -0.637808 0.10253 -0.0374218 0.994026 -0.688138 0 0 0 1 
2318808360259;0.461634;0.0970164;0.924036 0.331442 -0.190534 0.0493696 -0.308206 0.940709 0.14169 2.08913 0.226199 -0.0722033 0.971401 -1.08328 0 0 0 1 
