#;prob_registration_l1 -r /home/probabilistic_point_clouds_registration/build/tester /home/point_clouds_registration_benchmark//devel/registration_pairs/apartment_local.txt /home/point_clouds_registration_benchmark//eth/apartment -s 0.2 -t 0.2 -p 0.3 -r 1000 -m 1 -i 40 
id;initial_error;final_error;transformation
13001298760000;0.820981;1.25241;0.92351 -0.36446 0.119574 -0.264573 0.354395 0.929998 0.0975103 -3.10364 -0.146743 -0.0476752 0.988025 0.259678 0 0 0 1 
13001298760001;0.68771;1.33026;0.971172 -0.201656 -0.127122 0.215189 0.235023 0.899174 0.369121 -2.5597 0.0398697 -0.388357 0.920646 0.469272 0 0 0 1 
13001298760002;0.636186;0.399685;0.977328 0.175327 -0.118706 0.335673 -0.13762 0.952076 0.273153 -0.245755 0.160908 -0.250624 0.954618 -0.92379 0 0 0 1 
13001298760003;0.411513;1.25402;0.958327 -0.283976 0.0311092 0.305559 0.282747 0.958415 0.0386576 -2.2466 -0.0407934 -0.0282506 0.998768 -0.263511 0 0 0 1 
13001298760004;0.857932;1.35716;0.917821 -0.356221 -0.175246 0.184513 0.345555 0.934161 -0.0890807 -2.31907 0.19544 0.0212031 0.980486 0.332515 0 0 0 1 
13001298760005;0.460674;1.56883;0.995086 -0.0648679 0.0748109 0.22826 0.0516333 0.984611 0.166956 -2.16927 -0.0844898 -0.162273 0.983122 0.543723 0 0 0 1 
13001298760006;0.655521;1.09804;0.998916 0.0321256 0.0336957 -0.958787 -0.0333415 0.998789 0.0361648 -1.08703 -0.0324931 -0.0372491 0.998778 0.401841 0 0 0 1 
13001298760007;0.308888;0.428883;0.861403 0.309423 0.402793 0.0412885 -0.382428 0.916998 0.113419 0.583949 -0.334266 -0.251739 0.908236 1.1544 0 0 0 1 
13001298760008;0.466988;0.378144;0.937273 0.333391 0.101829 -0.0254715 -0.335877 0.941873 0.00781664 0.329852 -0.0933039 -0.0415283 0.994771 0.0345384 0 0 0 1 
13001298760009;0.423945;0.37735;0.95373 0.290424 0.0777997 -0.232603 -0.260853 0.927941 -0.266234 0.723005 -0.149514 0.233621 0.960764 0.158111 0 0 0 1 
13001298760010;0.258498;0.485353;0.981942 0.185677 0.0362455 -0.0312079 -0.184998 0.982508 -0.02128 0.295721 -0.0395628 0.0141903 0.999116 0.170028 0 0 0 1 
13001298760011;0.784351;1.59169;0.968037 0.243242 0.0611361 -0.0724744 -0.247522 0.887212 0.389342 -1.2912 0.0404636 -0.39203 0.919062 -0.872568 0 0 0 1 
13001298760012;0.622128;0.3327;0.97488 0.221773 0.0206555 0.130807 -0.222278 0.974619 0.026658 -0.130049 -0.0142192 -0.0305796 0.999431 0.298112 0 0 0 1 
13001298760013;0.398004;0.466471;0.907669 0.384974 0.167127 0.276397 -0.359903 0.918838 -0.161884 0.666382 -0.215884 0.0867879 0.972554 0.930896 0 0 0 1 
13001298760014;0.755219;0.918591;0.987289 0.0883309 -0.132132 0.47752 -0.0799364 0.994509 0.06755 -0.460162 0.137374 -0.0561292 0.988928 -1.00619 0 0 0 1 
13001298760015;0.388158;0.55549;0.939073 0.325183 -0.111345 0.38424 -0.318649 0.945083 0.0726674 0.620665 0.128861 -0.03276 0.991121 -0.225787 0 0 0 1 
13001298760016;0.851768;1.19034;0.99897 0.043763 0.0120307 0.235184 -0.0438544 0.99901 0.00743766 -0.489723 -0.0116933 -0.00795759 0.9999 0.608612 0 0 0 1 
13001298760017;0.399547;0.457148;0.932635 0.360471 0.0159278 0.473917 -0.360595 0.932705 0.00570845 0.546131 -0.0127982 -0.0110674 0.999857 0.313447 0 0 0 1 
13001298760018;0.820633;0.359834;0.927948 0.337609 -0.157899 0.281356 -0.345478 0.938106 -0.0245298 0.67172 0.139844 0.077313 0.987151 0.557192 0 0 0 1 
13001298760019;0.329854;0.332656;0.994162 0.100875 -0.038292 0.0608005 -0.0992993 0.994211 0.041048 -0.258736 0.042211 -0.037006 0.998423 -0.0914624 0 0 0 1 
13001298760020;0.847185;0.429154;0.965598 0.258914 0.0241589 -0.275023 -0.259049 0.965861 0.00257485 0.679847 -0.0226674 -0.00874461 0.999705 0.85522 0 0 0 1 
13001298760021;0.886722;1.33198;0.901428 -0.24696 -0.355582 0.968644 0.335266 0.917856 0.212454 -2.9066 0.273906 -0.310727 0.910178 -1.28416 0 0 0 1 
13001298760022;0.59893;0.403434;0.968095 0.224587 -0.111146 0.0785952 -0.191852 0.949625 0.247802 0.136181 0.161201 -0.218573 0.962414 -0.859896 0 0 0 1 
13001298760023;0.367247;0.353902;0.989557 0.132162 0.0575268 0.011871 -0.135184 0.989442 0.0522505 -0.204877 -0.0500139 -0.0594816 0.996976 -0.0685404 0 0 0 1 
13001298760024;0.0968236;0.40158;0.972465 0.221889 0.0712554 -0.0376011 -0.2255 0.973093 0.0473187 0.275824 -0.0588386 -0.0620839 0.996335 0.236903 0 0 0 1 
13001298760025;0.689632;0.447311;0.988298 0.127122 0.0843072 -0.392634 -0.0911783 0.935409 -0.341608 0.395853 -0.122288 0.329923 0.936054 0.875229 0 0 0 1 
13001298760026;0.452516;1.25505;0.987404 -0.154901 0.0322447 -0.0442883 0.151257 0.983929 0.0948952 -1.42752 -0.0464259 -0.0888227 0.994965 0.141942 0 0 0 1 
13001298760027;0.353163;1.35275;0.919445 -0.282841 0.273168 0.0188195 0.204998 0.937612 0.280818 -2.19494 -0.335553 -0.202198 0.920065 0.774209 0 0 0 1 
13001298760028;0.770166;0.786952;0.993948 0.0849911 0.0696044 -0.0946561 -0.0803577 0.994521 -0.0668638 0.146307 -0.0749058 0.0608659 0.995331 -0.0582116 0 0 0 1 
13001298760029;0.444231;0.334988;0.896171 0.378394 0.231724 0.425978 -0.40387 0.911913 0.0728207 0.585024 -0.183757 -0.158846 0.970052 0.778571 0 0 0 1 
13001298760031;1.0814;0.679716;0.961746 0.247268 0.117914 0.0848579 -0.196511 0.92261 -0.331924 1.41059 -0.190863 0.296055 0.935908 1.81973 0 0 0 1 
13001298760032;0.762366;0.148721;0.975983 -0.200278 -0.085708 -0.635251 0.202019 0.979307 0.0120592 -0.650729 0.0815193 -0.0290842 0.996247 -0.717295 0 0 0 1 
13001298760033;0.562268;0.076945;0.973427 -0.202265 -0.107376 -0.575562 0.19289 0.976935 -0.0916019 -0.623699 0.123427 0.068456 0.98999 0.0817357 0 0 0 1 
13001298760034;0.913227;0.0587356;0.984048 -0.168408 -0.0573432 -0.521188 0.136657 0.921933 -0.362442 -0.292946 0.113905 0.348824 0.930241 0.977713 0 0 0 1 
13001298760035;0.190074;0.154988;0.98737 0.117365 -0.106427 0.276981 -0.110217 0.991387 0.0707391 0.344592 0.113812 -0.0581155 0.991801 -0.501033 0 0 0 1 
13001298760036;1.3176;0.165854;0.949037 -0.30978 -0.058011 -1.33599 0.315164 0.932428 0.176773 -0.673866 -0.000669592 -0.186047 0.982541 -0.393937 0 0 0 1 
13001298760037;0.408209;0.118772;0.992832 0.107781 -0.0516589 0.0314381 -0.113172 0.986746 -0.116294 0.616314 0.03844 0.121306 0.991871 0.0198361 0 0 0 1 
13001298760038;0.799177;0.120989;1 -9.15742e-05 -0.000497071 0.413137 0.000172071 0.986385 0.164451 -0.37133 0.000475244 -0.164451 0.986385 -0.245789 0 0 0 1 
13001298760039;0.512139;0.08885;0.999983 0.00316022 -0.00497971 -0.00173882 -0.00319257 0.999974 -0.00650124 0.0210542 0.00495904 0.00651703 0.999966 0.398711 0 0 0 1 
13001298760040;0.790161;0.186362;0.999917 0.0127854 -0.00187759 0.130428 -0.0128143 0.999785 -0.0162913 0.29906 0.0016689 0.016314 0.999866 -0.408813 0 0 0 1 
13001298760041;0.304867;0.103528;0.984496 -0.122129 0.125902 -0.310149 0.130153 0.989821 -0.0575785 -0.17011 -0.117588 0.0730723 0.99037 0.466207 0 0 0 1 
13001298760042;0.323258;0.0860433;0.998441 0.0552584 0.00784937 0.127808 -0.0556761 0.995941 0.0707266 -0.0434324 -0.00390927 -0.0710533 0.997465 -0.0548277 0 0 0 1 
13001298760043;1.1294;0.130242;0.949754 -0.30584 -0.066547 -0.519187 0.311838 0.906339 0.285142 -1.89435 -0.0268936 -0.291567 0.956172 -0.843074 0 0 0 1 
13001298760044;0.672602;0.0654553;0.986479 -0.091648 0.135864 -0.587835 0.0964332 0.994915 -0.0290536 -0.194751 -0.13251 0.0417625 0.990301 0.21398 0 0 0 1 
13001298760045;0.603165;0.623725;0.880637 0.473004 0.0272974 1.34764 -0.469118 0.878576 -0.0896223 1.7728 -0.0663745 0.066119 0.995602 0.0744913 0 0 0 1 
13001298760046;0.435224;0.10641;0.896457 0.108973 -0.429522 0.7989 -0.134607 0.990455 -0.0296524 0.54775 0.422191 0.0843989 0.902569 -1.06256 0 0 0 1 
13001298760047;1.03472;0.0852121;0.998683 -0.0379433 0.0345464 -0.264248 0.0281812 0.968172 0.248696 -0.54775 -0.0428832 -0.247394 0.967965 -0.999386 0 0 0 1 
13001298760048;1.38851;0.107236;0.99489 0.0683841 0.0742848 0.197147 -0.0940058 0.89583 0.43434 -0.801702 -0.0368447 -0.439103 0.897681 -1.34952 0 0 0 1 
13001298760049;0.308211;0.153437;0.98903 0.133469 -0.0632981 0.10615 -0.124888 0.984362 0.124236 0.237871 0.0788898 -0.114968 0.990232 -0.450436 0 0 0 1 
13001298760050;0.383404;0.136009;0.999018 -0.0441353 0.00394737 -0.385412 0.044153 0.999015 -0.00452793 -0.163757 -0.00374363 0.00469777 0.999982 0.0677309 0 0 0 1 
13001298760051;1.39486;0.115329;0.913482 -0.383381 0.136271 -1.61767 0.393063 0.918035 -0.0520916 -1.49167 -0.10513 0.101148 0.989301 0.625322 0 0 0 1 
13001298760052;0.390791;0.144009;0.99988 -0.0137457 0.00718736 -0.285902 0.0136551 0.999828 0.0125151 -0.129807 -0.00735816 -0.0124154 0.999896 -0.0208795 0 0 0 1 
13001298760053;0.738841;0.195353;0.959788 0.280136 0.0181751 0.970004 -0.27984 0.949623 0.141086 0.515119 0.0222637 -0.140499 0.98983 -0.13676 0 0 0 1 
13001298760054;0.290741;0.105287;0.984615 -0.173438 -0.0212724 -0.454155 0.173556 0.984817 0.00382494 -0.480061 0.020286 -0.00745805 0.999766 -0.247791 0 0 0 1 
13001298760055;0.983527;0.100842;0.97327 0.191436 0.126878 -0.286817 -0.170545 0.972437 -0.158999 0.689406 -0.153819 0.133111 0.979092 1.04147 0 0 0 1 
13001298760056;0.893456;0.0738881;0.98425 -0.17678 4.55967e-05 0.213013 0.176779 0.984245 -0.00315385 -0.784046 0.000512659 0.00311223 0.999995 -0.202148 0 0 0 1 
13001298760057;1.32906;0.178585;0.995709 0.0679667 0.0628 0.51723 -0.0676068 0.997681 -0.00784159 0.819908 -0.0631874 0.00356224 0.997995 -0.305337 0 0 0 1 
13001298760058;1.04418;0.132349;0.941455 -0.302554 0.148738 -0.684509 0.297364 0.95309 0.0565165 -0.897527 -0.15886 -0.00897837 0.98726 -0.20757 0 0 0 1 
13001298760059;1.02726;0.139084;0.997062 0.0624665 -0.0443327 0.500867 -0.0502956 0.970408 0.236173 -0.116849 0.0577737 -0.23325 0.970699 -1.19272 0 0 0 1 
13001298760060;1.18019;0.88185;0.995625 -0.0842383 -0.0404411 -0.0673225 0.0900169 0.98076 0.173226 -0.953588 0.0250708 -0.176108 0.984051 -0.216809 0 0 0 1 
13001298760062;0.42647;0.861916;0.984878 -0.172462 0.0164873 -0.473618 0.17012 0.980708 0.0962851 -0.247375 -0.0327748 -0.0920243 0.995217 0.105606 0 0 0 1 
13001298760063;0.820769;0.910972;0.973392 -0.226892 0.0320645 -0.15356 0.226464 0.97388 0.0164507 -0.178901 -0.0349595 -0.00875148 0.99935 0.700698 0 0 0 1 
13001298760064;0.637796;0.801825;0.999363 0.0268496 -0.0235166 0.143225 -0.0271044 0.999577 -0.0105818 0.683456 0.0232225 0.0112124 0.999667 0.353323 0 0 0 1 
13001298760065;1.32441;0.933627;0.945867 -0.222207 -0.236556 0.075475 0.302084 0.869242 0.39136 -1.1806 0.118662 -0.441635 0.889313 -2.41113 0 0 0 1 
13001298760066;0.832986;0.835456;0.941789 -0.336183 -0.00387693 -0.470668 0.336084 0.941696 -0.0159884 -0.288589 0.00902592 0.0137547 0.999865 0.2286 0 0 0 1 
13001298760067;0.500971;0.786488;0.917001 -0.398621 0.0145367 -0.537357 0.398032 0.912049 -0.0986785 -1.033 0.0260771 0.0962743 0.995013 -0.0580113 0 0 0 1 
13001298760068;1.1413;0.787499;0.927184 -0.33204 0.173431 -0.856747 0.304854 0.93786 0.165779 -0.218857 -0.2177 -0.100837 0.970793 0.858638 0 0 0 1 
13001298760069;0.277143;0.823721;0.98557 -0.119952 -0.119427 0.00257116 0.140783 0.972617 0.184921 -0.177382 0.0939751 -0.199065 0.97547 -0.847114 0 0 0 1 
13001298760070;1.31041;0.808549;0.978947 -0.20104 0.0352972 -0.319611 0.20272 0.977791 -0.0531901 -0.266921 -0.0238199 0.0592258 0.99796 -0.575546 0 0 0 1 
13001298760071;0.311671;1.02196;0.828327 -0.517068 -0.215671 -0.415093 0.547782 0.82823 0.118193 -1.90162 0.117512 -0.216044 0.969286 -1.0169 0 0 0 1 
13001298760072;0.364438;0.895064;0.91943 -0.390691 0.0448285 -0.600035 0.392396 0.91897 -0.038972 -0.821083 -0.02597 0.0534225 0.998234 0.415867 0 0 0 1 
13001298760073;1.33186;0.984234;0.843557 -0.451074 0.29145 -0.930972 0.514328 0.834717 -0.196761 -0.860191 -0.154524 0.31588 0.936132 0.980296 0 0 0 1 
13001298760074;0.375476;0.963711;0.832876 -0.398705 -0.383865 -0.0316306 0.341327 0.915996 -0.210826 -0.70742 0.435676 0.0445686 0.898999 -1.40271 0 0 0 1 
13001298760075;0.892832;1.06489;0.954722 -0.215214 0.205399 -0.201705 0.240906 0.964373 -0.109309 -0.291099 -0.174557 0.153842 0.972555 1.68338 0 0 0 1 
13001298760076;0.49285;1.0018;0.914501 -0.403275 0.0325214 -0.889519 0.404571 0.910877 -0.0813934 -0.966329 0.00320094 0.0875916 0.996151 0.151962 0 0 0 1 
13001298760077;1.25077;0.841984;0.979104 -0.202797 0.0151281 -0.658931 0.202812 0.979218 0.000574559 0.0670771 -0.0149302 0.00250561 0.999885 0.8568 0 0 0 1 
13001298760078;0.873453;0.853357;0.972727 -0.136743 -0.187358 -0.0237534 0.15466 0.984344 0.0845413 0.168084 0.172864 -0.111212 0.978647 -1.39537 0 0 0 1 
13001298760079;0.135451;0.790809;0.977585 -0.207007 -0.038412 -0.28193 0.205554 0.977884 -0.0386 -0.282716 0.045553 0.0298391 0.998516 -0.0573932 0 0 0 1 
13001298760080;0.477523;0.967141;0.747308 -0.578361 0.327154 -0.680512 0.518413 0.815463 0.257425 -2.02448 -0.415666 -0.0227747 0.909232 1.47073 0 0 0 1 
13001298760081;0.486196;0.919792;0.945943 -0.00878859 -0.324214 0.609505 0.0241521 0.998766 0.0433935 0.30694 0.323433 -0.0488782 0.944988 -1.19186 0 0 0 1 
13001298760082;0.60999;3.02592;0.833973 -0.543152 0.097337 -0.44097 0.550809 0.830007 -0.0877326 -0.216461 -0.0331383 0.126781 0.991377 0.312855 0 0 0 1 
13001298760083;0.578912;1.14398;0.837221 -0.545971 -0.031233 -0.383706 0.525178 0.786785 0.324278 -2.08539 -0.152473 -0.287896 0.945446 -0.176174 0 0 0 1 
13001298760084;0.295038;0.826703;0.999327 0.0200591 0.0306953 0.298827 -0.0183958 0.998396 -0.0535455 0.541798 -0.0317201 0.0529448 0.998094 0.298681 0 0 0 1 
13001298760085;0.331689;0.89583;0.983015 -0.183052 0.0131788 -0.259683 0.178516 0.970378 0.162783 -0.376856 -0.0425861 -0.157665 0.986574 -0.140857 0 0 0 1 
13001298760086;0.698459;0.859088;0.964421 -0.26277 0.0290379 -0.569523 0.263496 0.964341 -0.0248135 -0.733834 -0.0214822 0.031582 0.99927 0.602832 0 0 0 1 
13001298760087;0.67213;0.872275;0.880577 -0.346266 -0.32355 0.107423 0.332472 0.937913 -0.0989024 -0.722072 0.337708 -0.0204801 0.941028 -1.57113 0 0 0 1 
13001298760088;0.268562;0.985189;0.880924 -0.381061 -0.280651 -0.253579 0.375883 0.923683 -0.0743106 -0.898852 0.287549 -0.0400299 0.956929 -1.03186 0 0 0 1 
13001298760089;1.15866;0.84765;0.780818 -0.536726 0.319764 -1.23961 0.58527 0.807473 -0.0737979 -2.01232 -0.218592 0.244771 0.944619 2.01663 0 0 0 1 
13001298760090;0.714198;0.963867;0.962011 -0.268525 -0.0492757 -0.645621 0.271681 0.959391 0.0758856 -0.576677 0.0268974 -0.08639 0.995898 0.146709 0 0 0 1 
13001298760091;1.1529;0.910715;0.968988 -0.240077 -0.0585265 -0.409116 0.23867 0.970636 -0.030053 -0.668855 0.0640229 0.0151525 0.997833 -0.898183 0 0 0 1 
13001298760093;1.04775;0.544471;0.821943 -0.465992 0.327507 -0.866702 0.501416 0.864753 -0.0279933 -1.85189 -0.270168 0.187226 0.944434 0.523774 0 0 0 1 
13001298760094;1.11373;0.29829;0.987356 -0.157397 0.0188406 -0.221852 0.155792 0.985439 0.0681111 -0.967639 -0.0292867 -0.0643146 0.9975 -1.01671 0 0 0 1 
13001298760095;0.293853;0.282192;0.991295 0.0340611 0.127178 0.196088 -0.00976308 0.982314 -0.186987 -0.110687 -0.131298 0.184117 0.974095 1.10105 0 0 0 1 
13001298760096;0.895384;0.24345;0.99106 -0.108331 0.0778786 0.493728 0.105055 0.993447 0.0450169 -0.840138 -0.082245 -0.0364329 0.995946 0.218491 0 0 0 1 
13001298760097;0.339617;0.327152;0.981796 -0.178258 -0.0655846 -0.0820784 0.174289 0.982742 -0.0619879 -0.665118 0.0755025 0.0494288 0.99592 -0.311577 0 0 0 1 
13001298760098;0.188558;0.50396;0.979092 -0.184297 -0.0861008 -0.0481346 0.180341 0.982243 -0.0517298 -0.751607 0.0941056 0.0351208 0.994943 -0.363587 0 0 0 1 
13001298760099;0.958706;0.270397;0.972289 0.156195 0.173947 0.397988 -0.151913 0.987673 -0.0377479 -0.421673 -0.177699 0.010277 0.984031 0.314324 0 0 0 1 
13001298760100;0.754489;0.490101;0.988901 -0.026339 -0.146221 -0.000614173 -0.0182683 0.955137 -0.295599 -0.275231 0.147447 0.29499 0.944055 0.849555 0 0 0 1 
13001298760101;0.427244;0.407617;0.980105 0.194292 0.0405648 1.02376 -0.194301 0.980935 -0.00374579 0.189573 -0.0405192 -0.00421052 0.99917 -0.0768662 0 0 0 1 
13001298760102;0.55757;0.496021;0.998413 0.0553374 -0.0104752 0.354201 -0.0550883 0.998222 0.0227414 0.0509342 0.011715 -0.0221282 0.999687 -0.0144832 0 0 0 1 
13001298760103;0.502682;0.388683;0.995667 -0.0833183 -0.0412843 0.0975509 0.0818342 0.99598 -0.0364237 -0.00280883 0.0441531 0.0328874 0.998483 0.0669835 0 0 0 1 
13001298760104;0.301846;0.359015;0.888099 -0.459377 -0.0159092 -0.730028 0.459171 0.888221 -0.0150146 -1.80373 0.0210283 0.00602936 0.999761 -0.0525201 0 0 0 1 
13001298760105;0.905526;0.516802;0.995633 0.0125766 -0.0925031 0.509455 -0.030659 0.979973 -0.196754 0.01269 0.0881761 0.198731 0.976079 -0.466788 0 0 0 1 
13001298760106;0.994487;0.280219;0.909693 -0.415186 -0.00894842 -0.873687 0.414127 0.908558 -0.0549706 -2.28873 0.0309532 0.0463006 0.998448 0.604177 0 0 0 1 
13001298760107;0.0362635;0.237145;0.985034 -0.171709 -0.0149689 -0.333472 0.171085 0.984597 -0.0360223 -0.622938 0.0209237 0.0329222 0.999239 -0.0066016 0 0 0 1 
13001298760108;1.01768;0.399596;0.942281 -0.315198 -0.112942 -0.340285 0.310977 0.9489 -0.053687 -1.18666 0.124093 0.0154658 0.99215 -1.20461 0 0 0 1 
13001298760109;0.830454;0.459346;0.927875 -0.368137 -0.0593581 -0.375481 0.345278 0.908323 -0.236078 -1.18291 0.140825 0.198556 0.96992 -0.513997 0 0 0 1 
13001298760110;0.923517;0.525137;0.969383 -0.24485 0.018555 -0.682109 0.245207 0.961253 -0.125958 -0.889989 0.0130049 0.126652 0.991862 0.846015 0 0 0 1 
13001298760111;0.26829;0.380437;0.892251 -0.451162 0.0184827 -0.793575 0.450759 0.892367 0.022316 -1.78901 -0.0265615 -0.0115802 0.99958 0.0862787 0 0 0 1 
13001298760112;0.495558;0.559802;0.987344 0.0211146 -0.157183 0.467858 -0.00465992 0.994532 0.104326 0.211544 0.158527 -0.102273 0.982044 -0.915292 0 0 0 1 
13001298760113;0.269314;0.353755;0.997546 0.0692539 -0.0103098 0.421553 -0.0697063 0.99615 -0.0531531 0.0706145 0.0065891 0.0537413 0.998533 -0.0275188 0 0 0 1 
13001298760114;0.734561;0.482823;0.872903 -0.487695 0.0139174 -1.05632 0.487892 0.87262 -0.0222582 -1.56604 -0.00128945 0.0262194 0.999655 0.0964116 0 0 0 1 
13001298760115;0.321726;0.34187;0.987955 -0.154736 -0.00111054 -0.239057 0.154321 0.98578 -0.0664978 -0.674569 0.0113844 0.0655254 0.997786 -0.105696 0 0 0 1 
13001298760116;1.15818;0.31364;0.986893 0.135124 -0.0882286 1.45089 -0.142544 0.986215 -0.0840349 0.540494 0.0756572 0.0955099 0.992549 0.562687 0 0 0 1 
13001298760117;0.977589;0.393973;0.960489 -0.250581 -0.12112 -0.436502 0.226573 0.956725 -0.1826 -1.09766 0.161634 0.147943 0.975698 0.62077 0 0 0 1 
13001298760118;0.349631;0.575896;0.984354 0.133105 0.11546 0.689997 -0.122449 0.987922 -0.0949573 0.040405 -0.126705 0.0793335 0.988763 0.493086 0 0 0 1 
13001298760119;0.966956;0.57448;0.847742 -0.46228 -0.260057 -0.128658 0.447211 0.886587 -0.118174 -1.53687 0.285193 -0.0161195 0.958335 -1.62015 0 0 0 1 
13001298760120;0.820899;0.348271;0.999413 0.0205791 0.0273923 0.613046 -0.0198085 0.999408 -0.0281122 -0.176654 -0.0279546 0.0275531 0.999229 0.562814 0 0 0 1 
13001298760121;0.247186;0.310574;0.987419 -0.157832 -0.00963638 -0.226294 0.158116 0.986205 0.0489845 -0.543946 0.00177209 -0.0498919 0.998753 0.0558587 0 0 0 1 
13001298760122;0.958553;0.161017;0.9989 -0.00938768 -0.0459367 0.356262 0.0105521 0.999627 0.0251718 -0.831365 0.0456833 -0.0256289 0.998627 0.00114279 0 0 0 1 
13001298760124;1.10954;0.07031;0.884487 -0.465552 0.0307063 -0.611007 0.459664 0.880794 0.113623 -3.32944 -0.0799433 -0.0863833 0.993049 -0.271014 0 0 0 1 
13001298760125;0.573277;0.0489396;0.941821 0.0428343 -0.333374 0.714914 0.0816289 0.933002 0.350491 -0.764249 0.326052 -0.357312 0.875225 -2.92052 0 0 0 1 
13001298760126;0.254431;0.062824;0.953331 0.2373 -0.186676 1.09614 -0.227324 0.971044 0.0734606 0.974167 0.198703 -0.0275963 0.979671 -0.901138 0 0 0 1 
13001298760127;0.992788;0.044191;0.919151 -0.347018 -0.186389 -0.678896 0.352804 0.935694 -0.00226685 -2.68666 0.17519 -0.0636753 0.982473 -1.11451 0 0 0 1 
13001298760128;0.0799235;0.0416149;0.999447 0.0329272 0.00468497 0.0987069 -0.0328776 0.999406 -0.0103044 0.136932 -0.00502148 0.0101446 0.999936 0.086395 0 0 0 1 
13001298760129;0.127861;0.0880033;0.998483 -0.0115628 -0.0538307 0.101466 0.0104433 0.999724 -0.0210324 0.0142866 0.0540591 0.0204384 0.998329 -0.121109 0 0 0 1 
13001298760130;0.557579;0.0676272;0.967151 -0.241191 -0.0802898 -0.669773 0.239473 0.970423 -0.0305188 -1.33603 0.085276 0.010289 0.996304 0.0962573 0 0 0 1 
13001298760131;0.697726;0.0207405;0.987849 -0.15463 -0.015595 0.053361 0.151732 0.981289 -0.118531 -1.12415 0.0336316 0.114725 0.992828 0.308826 0 0 0 1 
13001298760132;0.915785;0.0618154;0.974322 0.0315155 0.222942 0.151979 -0.0287658 0.999465 -0.0155715 0.243626 -0.223313 0.00875853 0.974707 0.274284 0 0 0 1 
13001298760133;0.526097;0.0838161;0.987398 0.132309 0.0868288 0.415463 -0.136436 0.989696 0.043436 0.722919 -0.0801872 -0.0547352 0.995276 0.699662 0 0 0 1 
13001298760134;0.640051;0.0518568;0.994726 -0.0214117 -0.100307 0.273899 0.0210192 0.999767 -0.00496896 0.0856881 0.10039 0.00283439 0.994944 0.0999677 0 0 0 1 
13001298760135;0.744448;0.0701203;0.89116 0.429508 -0.146142 2.05331 -0.432219 0.901655 0.014314 1.89325 0.137918 0.0504092 0.98916 0.0739853 0 0 0 1 
13001298760136;0.470128;0.0556585;0.99145 0.124622 -0.0386875 0.147097 -0.124481 0.992204 0.00606299 0.560973 0.0391414 -0.00119531 0.999233 -0.43861 0 0 0 1 
13001298760137;0.306436;0.0568776;0.963287 0.0815401 0.255791 0.205121 -0.0244135 0.975419 -0.219001 0.121767 -0.267361 0.204716 0.941599 2.04728 0 0 0 1 
13001298760138;0.926249;0.0553419;0.999899 -0.00435851 -0.0135496 -0.384961 0.00405157 0.999736 -0.0225983 -0.40689 0.0136446 0.0225411 0.999653 -0.613629 0 0 0 1 
13001298760139;0.738974;0.129092;0.988628 0.150381 0.000948905 0.497474 -0.150302 0.988282 -0.0265941 0.793831 -0.00493703 0.0261491 0.999646 0.738934 0 0 0 1 
13001298760140;1.02616;0.0766371;0.983606 0.155396 -0.0914988 0.304653 -0.157426 0.987411 -0.0153563 0.573148 0.0879607 0.0295088 0.995687 -1.14294 0 0 0 1 
13001298760141;0.897713;0.0684605;0.951053 -0.227255 0.209413 -0.79509 0.257502 0.957433 -0.130439 -1.65522 -0.170856 0.177979 0.969088 2.01501 0 0 0 1 
13001298760142;0.158181;0.0532688;0.998713 0.0196653 0.0467459 0.0320181 -0.0145846 0.99419 -0.106646 0.250893 -0.0485716 0.105827 0.993198 0.589716 0 0 0 1 
13001298760143;0.631582;0.150301;0.970854 0.235617 -0.0439025 0.844769 -0.238383 0.930314 -0.27873 1.15811 -0.0248304 0.281072 0.959366 1.44881 0 0 0 1 
13001298760144;0.855274;0.053757;0.98739 -0.100729 -0.122126 0.525955 0.107294 0.993048 0.0484035 -0.499948 0.116402 -0.0608965 0.991334 -0.339412 0 0 0 1 
13001298760145;0.0426315;0.0141771;0.99995 -0.0084905 -0.00528722 -0.0273767 0.00842036 0.999878 -0.0131501 -0.0167052 0.00539822 0.0131049 0.9999 0.0588819 0 0 0 1 
13001298760146;0.950154;0.063559;0.995183 0.0264094 -0.0944152 0.193407 -0.0246907 0.999508 0.0193257 0.0428605 0.0948792 -0.0169014 0.995345 0.40286 0 0 0 1 
13001298760147;0.397392;0.0437039;0.938171 0.132425 -0.319841 0.91821 -0.219768 0.941707 -0.254735 1.06508 0.267463 0.309276 0.912585 -0.196651 0 0 0 1 
13001298760148;0.554781;0.0536275;0.997347 -0.0646282 0.033513 -0.189635 0.0695825 0.981603 -0.177803 -0.454013 -0.0214054 0.179663 0.983495 0.217335 0 0 0 1 
13001298760149;0.73823;0.047646;0.999602 -0.0238947 -0.0149868 -0.0126897 0.0236079 0.99954 -0.0190298 0.267063 0.0154346 0.0186684 0.999707 0.604697 0 0 0 1 
13001298760150;0.886242;0.0829539;0.971353 -0.236929 0.0184041 -0.254979 0.23745 0.970768 -0.0350177 -1.55695 -0.00956942 0.0383846 0.999217 -0.381143 0 0 0 1 
13001298760151;1.10427;0.101683;0.92516 0.332364 0.183337 2.19137 -0.360606 0.920387 0.151168 1.85001 -0.118498 -0.205967 0.971358 0.00683428 0 0 0 1 
13001298760152;0.722566;0.0293407;0.952137 0.230182 0.201127 0.350664 -0.163323 0.939279 -0.301796 0.531048 -0.258382 0.254502 0.931916 2.30104 0 0 0 1 
13001298760153;0.343462;0.144177;0.978564 0.17981 -0.100404 0.766644 -0.195627 0.96396 -0.18031 0.921806 0.0643639 0.196087 0.978472 0.31839 0 0 0 1 
13001298760155;0.0682714;0.398799;0.993141 0.0246548 -0.11429 -0.353268 -0.020986 0.999229 0.0331938 -0.00720102 0.11502 -0.0305677 0.992893 -0.344504 0 0 0 1 
13001298760156;0.228778;0.429643;0.999354 0.0328725 -0.014507 -0.362776 -0.0346463 0.988591 -0.146588 0.241269 0.00952273 0.146996 0.989091 0.0655331 0 0 0 1 
13001298760157;0.606065;0.49127;0.997731 -0.00132957 -0.067314 -0.934877 -0.00320796 0.997731 -0.0672556 -0.582469 0.0672506 0.0673189 0.995462 0.0229207 0 0 0 1 
13001298760158;0.344682;0.593982;0.944181 0.0203119 -0.328801 -0.109794 -0.0391333 0.997946 -0.0507262 0.251472 0.327095 0.0607618 0.943036 -1.30591 0 0 0 1 
13001298760159;0.780294;0.86392;0.999949 -0.00914252 0.00430236 -0.219334 0.00914986 0.999957 -0.00168969 -0.0599962 -0.00428673 0.00172897 0.999989 -0.391073 0 0 0 1 
13001298760160;0.374691;0.964811;0.937714 -0.312578 -0.151613 -0.616012 0.333165 0.932793 0.137471 -2.01868 0.098453 -0.179421 0.978834 -0.03787 0 0 0 1 
13001298760161;0.829311;0.503821;0.903787 0.130949 0.407458 -1.13269 -0.127769 0.991181 -0.0351403 0.459602 -0.408466 -0.0203013 0.912548 2.01158 0 0 0 1 
13001298760162;0.477774;0.402187;0.959377 0.221861 -0.174277 -0.36189 -0.263275 0.926048 -0.270408 0.984278 0.101396 0.305306 0.94684 0.087099 0 0 0 1 
13001298760163;0.737936;0.458189;0.99303 -0.0581505 0.102516 -0.0455022 0.0652146 0.995622 -0.0669567 -0.925339 -0.0981741 0.0731756 0.992475 0.750501 0 0 0 1 
13001298760164;0.306679;0.487864;0.988907 0.0734212 -0.129119 -0.394226 -0.106981 0.955114 -0.276245 0.499818 0.103041 0.286994 0.952374 -0.249621 0 0 0 1 
13001298760165;0.655134;0.37919;0.996075 -0.0767923 -0.0440134 -0.737094 0.0793178 0.995112 0.0588351 -0.478324 0.0392802 -0.0620952 0.997297 -0.604933 0 0 0 1 
13001298760166;0.142166;0.376624;0.99855 0.05031 0.0191441 -0.408787 -0.0494433 0.997837 -0.0433308 0.185601 -0.0212827 0.0423214 0.998877 0.128063 0 0 0 1 
13001298760167;0.73402;0.962877;0.977267 0.0919838 0.191018 -0.462902 -0.0711179 0.991005 -0.113367 -0.363968 -0.199728 0.0972054 0.975018 1.23993 0 0 0 1 
13001298760168;0.457979;0.976351;0.993179 0.112854 0.0293186 -0.711785 -0.10596 0.978491 -0.176999 -0.0937164 -0.048663 0.172685 0.983774 0.03673 0 0 0 1 
13001298760169;0.0971797;0.559501;0.998387 0.0474723 0.0311539 -0.632757 -0.0511111 0.990344 0.128869 -0.0604718 -0.0247353 -0.130253 0.991172 0.0696152 0 0 0 1 
13001298760170;0.865636;0.826711;0.991251 -0.0188427 -0.130636 -1.02797 0.00100693 0.990808 -0.135271 -0.0981238 0.131984 0.133956 0.982159 0.145748 0 0 0 1 
13001298760171;0.53187;0.458093;0.998336 -0.043457 -0.0378936 -0.545131 0.053734 0.939547 0.338177 -0.691037 0.0209066 -0.339651 0.940319 0.345272 0 0 0 1 
13001298760172;0.399772;0.83072;0.963428 -0.0973917 0.249644 -0.578155 0.0667168 0.989458 0.128536 -0.798751 -0.259531 -0.107179 0.959769 1.31573 0 0 0 1 
13001298760173;0.409814;0.944234;0.983316 0.146384 0.107986 -0.652996 -0.148092 0.988942 0.00792376 -0.156338 -0.105632 -0.0237834 0.994121 0.452129 0 0 0 1 
13001298760174;0.230776;0.566734;0.994215 0.0570551 -0.091004 -0.579208 -0.0549605 0.998166 0.025361 -0.0735902 0.0922841 -0.0202126 0.995528 -0.0692605 0 0 0 1 
13001298760175;0.184973;0.465775;0.980212 0.0919901 -0.175276 -0.395301 -0.102801 0.993256 -0.0536152 0.320211 0.169162 0.0705729 0.983058 -0.753214 0 0 0 1 
13001298760176;0.684651;0.686011;0.99912 -0.00294228 0.0418332 -0.821173 -0.0101869 0.95063 0.310159 -0.911099 -0.0406805 -0.310312 0.949764 -0.256916 0 0 0 1 
13001298760177;0.712892;0.659635;0.987747 0.0839828 -0.131539 -0.18937 -0.110924 0.970693 -0.213192 0.120657 0.109779 0.22517 0.968115 -0.687879 0 0 0 1 
13001298760178;0.372998;1.11702;0.996404 0.0692818 0.048776 -0.954952 -0.0664627 0.996147 -0.0572237 -0.458001 -0.0525526 0.0537761 0.997169 0.141555 0 0 0 1 
13001298760179;0.364497;0.487561;0.986387 -0.06181 0.152379 -0.572514 0.00901107 0.945591 0.325233 -0.472989 -0.164191 -0.319433 0.933276 0.787045 0 0 0 1 
13001298760180;0.444705;0.94024;0.931959 -0.253647 -0.259068 -0.446312 0.338113 0.865981 0.368452 -2.12729 0.130891 -0.430976 0.89282 -0.681915 0 0 0 1 
13001298760181;0.327893;0.413122;0.980448 -0.0614374 0.186942 -0.650793 0.0754972 0.994753 -0.0690375 -0.331568 -0.181719 0.0818012 0.979942 0.598005 0 0 0 1 
13001298760182;0.549357;0.513606;0.996662 0.0415173 -0.0702938 -0.428763 -0.0391254 0.998619 0.0350689 -0.412734 0.0716527 -0.0322015 0.99691 0.0956547 0 0 0 1 
13001298760183;0.363905;0.649059;0.967102 0.0183531 -0.253728 -0.460411 0.0557879 0.957814 0.281922 -0.586156 0.248198 -0.286802 0.92528 -0.609403 0 0 0 1 
13001298760184;0.185151;0.381374;0.979069 0.0695911 -0.191261 -0.14671 -0.0548154 0.995165 0.0814937 -0.166878 0.196008 -0.0693039 0.97815 -0.753913 0 0 0 1 
13001298760186;0.752269;0.618962;0.974857 -0.211745 0.0694103 -0.46489 0.213491 0.976766 -0.0186989 -0.772737 -0.0638383 0.0330473 0.997413 0.706039 0 0 0 1 
13001298760187;1.11885;0.581198;0.827578 -0.557858 0.0625221 -0.332802 0.560342 0.827624 -0.0324859 -2.5913 -0.0336222 0.0619184 0.997515 0.462862 0 0 0 1 
13001298760188;1.47853;0.50325;0.979064 -0.203547 0.00173533 -0.506271 0.187715 0.899553 -0.39442 -0.419102 0.0787218 0.386488 0.918929 -0.0253536 0 0 0 1 
13001298760189;0.694353;1.26727;0.99949 -0.0318913 0.0014427 0.330267 0.0319069 0.999412 -0.0125542 -1.13343 -0.00104148 0.0125938 0.99992 -0.190699 0 0 0 1 
13001298760190;1.04867;0.444521;0.92131 -0.364665 -0.134933 -0.52584 0.365188 0.93068 -0.0217509 -1.98472 0.133511 -0.0292365 0.990616 -0.590534 0 0 0 1 
13001298760191;0.608395;0.397496;0.999433 0.00782617 0.0327514 -0.0685588 -0.00670658 0.999394 -0.0341556 -0.179275 -0.0329989 0.0339166 0.99888 -0.175574 0 0 0 1 
13001298760192;0.728377;0.527658;0.967953 -0.232235 0.0955703 -0.530518 0.232316 0.972584 0.0104322 -0.692731 -0.0953729 0.0121046 0.995368 0.716366 0 0 0 1 
13001298760193;0.223967;1.36454;0.933239 -0.359092 -0.0108159 -0.49005 0.359198 0.932132 0.0458932 -1.85545 -0.00639803 -0.0467144 0.998888 -0.1047 0 0 0 1 
13001298760194;0.894476;1.26492;0.984995 -0.148471 0.0879788 -0.44952 0.135166 0.980649 0.141627 -1.52329 -0.107304 -0.12761 0.986003 -0.554865 0 0 0 1 
13001298760195;0.58478;0.593059;0.990454 0.135228 0.0267338 0.427667 -0.13431 0.99037 -0.0335869 0.0660539 -0.0310182 0.0296756 0.999078 0.393861 0 0 0 1 
13001298760196;0.904607;0.639553;0.974647 -0.220963 0.0351919 -0.738777 0.221686 0.97495 -0.0181216 -0.661763 -0.0303061 0.0254637 0.999216 -0.230259 0 0 0 1 
13001298760197;0.286883;0.353854;0.950706 -0.309994 0.00782478 -0.584378 0.309947 0.95073 0.00670954 -1.27049 -0.00951918 -0.00395354 0.999947 0.0317895 0 0 0 1 
13001298760198;1.24998;1.20708;0.982872 0.183775 0.0137586 0.446786 -0.183824 0.982956 0.00233858 0.205103 -0.0130944 -0.00482769 0.999903 -0.39744 0 0 0 1 
13001298760199;1.55468;1.34379;0.90596 -0.219224 -0.362184 0.363313 0.216189 0.975099 -0.0494401 -1.29937 0.364004 -0.0335094 0.930794 -1.80931 0 0 0 1 
13001298760200;0.663257;0.476048;0.987192 -0.159534 0.00123394 -0.444181 0.159499 0.98709 0.0146174 -1.08912 -0.00354998 -0.0142334 0.999892 -0.0823711 0 0 0 1 
13001298760201;0.427557;1.36338;0.999603 -0.0257477 -0.0114418 -0.0441587 0.0279573 0.956835 0.289285 -1.25062 0.00349946 -0.28949 0.957175 -0.890031 0 0 0 1 
13001298760202;1.14516;1.33614;0.945132 -0.294747 -0.14089 -0.246848 0.324126 0.899949 0.291605 -2.34524 0.0408444 -0.321271 0.946106 -1.53772 0 0 0 1 
13001298760203;0.345194;0.575809;0.99889 0.0452075 0.0132448 0.105692 -0.0457779 0.997869 0.0465004 -0.15413 -0.0111144 -0.0470551 0.99883 -0.0572928 0 0 0 1 
13001298760204;0.987501;0.750832;0.934183 -0.354359 0.0416108 -0.94944 0.354688 0.934985 -0.000563719 -1.24056 -0.0387057 0.0152855 0.999134 -0.433757 0 0 0 1 
13001298760205;1.27725;0.50037;0.943094 -0.328332 0.0526431 -0.0640315 0.33009 0.943505 -0.0289443 -1.2941 -0.0401657 0.0446741 0.998194 0.665924 0 0 0 1 
13001298760206;0.732057;1.33536;0.989176 -0.00451388 0.146664 -0.186126 0.0477858 0.954948 -0.292901 -0.896921 -0.138734 0.296739 0.944827 1.48729 0 0 0 1 
13001298760207;0.280311;0.39329;0.943208 -0.29163 -0.159094 -0.425298 0.297669 0.954551 0.0150093 -1.07396 0.147486 -0.0615143 0.987149 -0.419724 0 0 0 1 
13001298760208;0.976835;0.536695;0.989809 -0.139517 0.0285138 -0.0131257 0.139961 0.990055 -0.014224 -1.12199 -0.0262457 0.0180699 0.999492 0.50656 0 0 0 1 
13001298760209;0.510095;0.471168;0.981309 -0.185877 -0.0498315 -0.0694709 0.184452 0.982325 -0.0318593 -0.858276 0.0548727 0.0220723 0.998249 -0.227983 0 0 0 1 
13001298760210;0.786915;0.58603;0.932348 -0.290104 0.215791 -0.704048 0.302065 0.952987 -0.0239333 -0.775517 -0.198703 0.0874972 0.976146 0.490153 0 0 0 1 
13001298760211;0.331308;0.52883;0.988804 -0.118822 0.0902663 -0.270419 0.102996 0.98118 0.163331 -0.687845 -0.107975 -0.152205 0.982433 0.025409 0 0 0 1 
13001298760212;0.525518;0.437216;0.991334 -0.0465581 0.122839 -0.353032 0.0463207 0.998915 0.00478902 -0.390784 -0.122929 0.000942465 0.992415 0.172485 0 0 0 1 
13001298760213;1.26584;0.442095;0.986183 -0.160548 0.0408307 0.0947292 0.164728 0.976482 -0.139099 -0.578227 -0.0175384 0.143903 0.989436 1.09608 0 0 0 1 
13001298760214;1.19532;1.36739;0.950049 -0.163517 0.265837 0.10235 0.127259 0.980701 0.14843 -0.749031 -0.284977 -0.107186 0.952523 0.786139 0 0 0 1 
13001298760215;0.473246;1.27471;0.997919 0.0643831 0.00362921 0.155068 -0.0644851 0.996189 0.0587342 -0.904155 0.00016611 -0.058846 0.998267 -0.125956 0 0 0 1 
13001298760217;0.222897;0.168329;0.996091 -0.0711299 -0.0523682 -0.0753437 0.0734704 0.996317 0.0442115 -0.346525 0.0490306 -0.0478862 0.997649 -0.166166 0 0 0 1 
13001298760218;0.56062;0.171341;0.976384 0.126774 0.174934 0.654286 -0.164464 0.961225 0.221353 0.271482 -0.14009 -0.244896 0.959375 -0.0719174 0 0 0 1 
13001298760219;1.35156;0.180456;0.995822 -0.091136 0.00580666 -0.264005 0.0912702 0.995372 -0.0300704 -0.0553633 -0.0030393 0.0304747 0.999531 1.09664 0 0 0 1 
13001298760220;0.477483;0.199231;0.910058 -0.223163 0.349275 -0.193142 0.182882 0.972414 0.144794 -0.649914 -0.371952 -0.0678951 0.925766 1.51925 0 0 0 1 
13001298760221;0.489369;0.166532;0.953981 -0.120744 0.274483 -0.189143 0.084844 0.986632 0.139135 -0.540011 -0.287613 -0.109444 0.951473 1.06528 0 0 0 1 
13001298760222;1.04527;0.190475;0.997398 0.0475919 0.0541433 -0.184477 -0.0598987 0.965045 0.255148 -0.398498 -0.0401077 -0.257727 0.965385 -0.84362 0 0 0 1 
13001298760223;0.25956;0.14882;0.972055 0.107124 0.208888 0.256341 -0.119224 0.991792 0.0461878 0.438911 -0.202226 -0.0698016 0.976848 0.573215 0 0 0 1 
13001298760224;0.137794;0.147747;0.999582 0.00371958 -0.0286589 0.0602957 -0.00411662 0.999896 -0.0138075 0.0415718 0.0286046 0.0139197 0.999494 0.104585 0 0 0 1 
13001298760225;1.05742;0.207508;0.9077 -0.0115234 0.419462 -0.466353 0.0374378 0.99786 -0.0536007 -0.237593 -0.417947 0.0643571 0.906189 1.98056 0 0 0 1 
13001298760226;1.15936;0.213908;0.984924 0.172846 -0.0070375 0.0359947 -0.172935 0.984817 -0.0151248 0.619074 0.00431639 0.0161138 0.999861 0.628023 0 0 0 1 
13001298760227;0.324156;0.196396;0.935608 0.332758 -0.117939 1.3542 -0.348432 0.924145 -0.156686 1.276 0.0568541 0.18769 0.980581 0.429212 0 0 0 1 
13001298760228;1.39459;0.189548;0.93604 -0.11163 0.333719 -0.565106 0.22373 0.920785 -0.31953 -0.00609173 -0.271614 0.373756 0.886867 1.93121 0 0 0 1 
13001298760229;0.664996;0.23929;0.969014 -0.0230426 0.245927 -0.106512 -0.0344907 0.973262 0.227093 0.137273 -0.244585 -0.228539 0.94231 0.754686 0 0 0 1 
13001298760230;0.977712;0.155612;0.951392 -0.307688 0.0134882 -0.458355 0.305754 0.948859 0.0786244 -1.63506 -0.0369902 -0.0706785 0.996813 -0.55023 0 0 0 1 
13001298760231;0.367575;0.155509;0.89954 0.348157 0.263846 1.2685 -0.357234 0.933904 -0.0144008 1.13807 -0.25142 -0.0813005 0.964457 0.661801 0 0 0 1 
13001298760232;0.090517;0.147754;0.996451 0.0379509 -0.075138 0.240973 -0.0400446 0.998845 -0.0265564 0.254958 0.0740434 0.029471 0.996819 -0.167764 0 0 0 1 
13001298760233;0.668099;0.220632;0.971189 -0.238206 0.00700076 -0.130896 0.238052 0.971087 0.017937 -0.587883 -0.011071 -0.0157536 0.999815 0.169232 0 0 0 1 
13001298760234;0.755306;0.162132;0.992894 0.116683 -0.023368 0.290297 -0.111019 0.97897 0.17115 0.0779995 0.0428469 -0.16734 0.984968 -0.0815551 0 0 0 1 
13001298760235;0.973297;0.184497;0.998838 0.0380327 -0.0295959 0.186785 -0.0372669 0.998967 0.0260099 -0.434923 0.0305545 -0.0248767 0.999223 -0.349916 0 0 0 1 
13001298760236;0.97211;0.15602;0.958051 -0.124668 -0.258061 0.230951 0.169668 0.972405 0.160128 -0.846758 0.230977 -0.197196 0.952766 -1.89406 0 0 0 1 
13001298760237;0.48343;0.173571;0.997716 0.0534847 0.0412639 0.159594 -0.0523778 0.99825 -0.027457 -0.0217038 -0.0426603 0.025233 0.998771 0.142977 0 0 0 1 
13001298760238;0.245894;0.123234;0.998829 0.0429505 -0.022252 0.214995 -0.0450123 0.993724 -0.102401 0.114238 0.0177142 0.103283 0.994494 0.380872 0 0 0 1 
13001298760239;0.597612;0.241814;0.928752 0.36823 -0.0427281 1.49138 -0.36634 0.929337 0.0461218 1.18376 0.0566922 -0.0271827 0.998022 -0.554224 0 0 0 1 
13001298760240;0.379328;0.23684;0.999412 -0.0325454 0.0108176 0.0497469 0.0319886 0.998327 0.0481741 0.0469295 -0.0123674 -0.0477997 0.99878 0.231253 0 0 0 1 
13001298760241;0.905295;0.182308;0.998094 -0.0505891 -0.0353386 0.544121 0.0565251 0.979245 0.194639 -0.0707172 0.0247586 -0.196265 0.980238 -0.719596 0 0 0 1 
13001298760242;0.886526;0.171705;0.922607 -0.337773 0.186294 -0.974099 0.315026 0.938484 0.141444 -1.33462 -0.22261 -0.0718096 0.972259 0.250233 0 0 0 1 
13001298760243;0.836676;0.211728;0.950791 0.252996 0.178857 1.0523 -0.23079 0.963457 -0.135964 0.620677 -0.206719 0.0879952 0.974435 0.607386 0 0 0 1 
13001298760244;1.22657;0.127535;0.992235 0.124143 0.00768806 0.992549 -0.123957 0.992061 -0.0212147 0.646068 -0.0102607 0.0200969 0.999745 0.79409 0 0 0 1 
13001298760245;1.14759;0.199992;0.99908 -0.042553 -0.00541013 -0.750939 0.0418421 0.994541 -0.0955874 0.159884 0.00944812 0.095273 0.995406 0.0300633 0 0 0 1 
13001298760246;0.304771;0.175873;0.935391 0.279947 -0.216038 1.19746 -0.291797 0.95617 -0.024381 1.07224 0.199744 0.0858449 0.976081 -0.550535 0 0 0 1 
13001298760248;0.0489943;0.916932;0.937612 -0.344284 0.0484977 -1.17772 0.344815 0.938666 -0.00277982 -1.88023 -0.0445661 0.0193291 0.998819 0.211681 0 0 0 1 
13001298760249;0.420407;0.729878;0.948351 -0.316045 0.0273021 -1.1839 0.314895 0.948307 0.0394338 -1.81722 -0.0383536 -0.0287998 0.998849 -0.293259 0 0 0 1 
13001298760250;0.517589;0.758381;0.941367 -0.327076 0.0827597 -1.14684 0.326488 0.94497 0.0209192 -1.63715 -0.0850475 0.00732744 0.99635 0.771627 0 0 0 1 
13001298760251;0.918817;0.82089;0.934747 -0.331002 0.129173 -0.443828 0.324043 0.943281 0.0722308 -1.453 -0.145755 -0.0256598 0.988988 0.0416983 0 0 0 1 
13001298760252;0.624083;0.855988;0.962571 -0.267529 0.0434179 -1.25944 0.270184 0.959819 -0.0758186 -1.04044 -0.0213896 0.0847116 0.996176 0.403275 0 0 0 1 
13001298760253;0.848575;0.770728;0.968826 -0.177503 0.172824 -0.461029 0.187106 0.981491 -0.0408244 -1.00583 -0.162379 0.0718882 0.984106 1.13625 0 0 0 1 
13001298760254;0.316984;0.767181;0.937296 -0.344472 -0.0530497 -0.954078 0.33838 0.93586 -0.0983135 -1.67336 0.0835133 0.074198 0.993741 0.081433 0 0 0 1 
13001298760255;0.292142;0.796331;0.984899 -0.0718613 -0.157512 -0.418353 0.0735526 0.997279 0.00492727 -0.792049 0.15673 -0.0164383 0.987505 -0.616039 0 0 0 1 
13001298760256;0.288912;0.841763;0.943383 -0.331593 -0.00862886 -0.98591 0.331609 0.943417 0.000450656 -1.97523 0.00799118 -0.00328655 0.999963 0.16068 0 0 0 1 
13001298760257;0.0896223;0.627431;0.977746 -0.191191 0.0863602 -0.677826 0.184411 0.97953 0.0807041 -1.16017 -0.100022 -0.0629823 0.99299 0.100629 0 0 0 1 
13001298760258;0.918056;0.82972;0.915045 -0.393797 0.0872756 -1.40212 0.386927 0.918106 0.0858404 -1.33255 -0.113932 -0.0447786 0.992479 0.244518 0 0 0 1 
13001298760259;0.628443;0.903392;0.937412 -0.334368 0.0972458 -1.50583 0.330465 0.942256 0.0542738 -1.62459 -0.109778 -0.0187406 0.993779 -0.166974 0 0 0 1 
13001298760260;0.777086;0.865509;0.854875 -0.503926 0.123483 -1.9787 0.508929 0.860742 -0.0106915 -1.99043 -0.100899 0.0719838 0.992289 0.529305 0 0 0 1 
