#;prob_registration_l1 -r /home/probabilistic_point_clouds_registration/build/tester /home/point_clouds_registration_benchmark//devel/registration_pairs/box_met_local.txt /home/point_clouds_registration_benchmark//planetary/box_met -s 0.2 -t 0.2 -p 0.3 -r 1000 -m 1 -i 40 
id;initial_error;final_error;transformation
7680147070000;1.79635;2.71917;0.879251 0.177647 0.441995 -8.24735 -0.120018 0.980541 -0.155351 -4.18367 -0.460992 0.0835454 0.883463 -32.179 0 0 0 1 
7680147070001;0.811107;2.4776;0.985422 0.13799 0.0995097 -4.37068 -0.112945 0.968043 -0.223913 -3.41674 -0.127227 0.20941 0.969516 -12.541 0 0 0 1 
7680147070002;1.49386;2.70655;0.964272 -0.02449 -0.263781 -3.83227 -0.0476013 0.963494 -0.263463 0.203214 0.260604 0.266606 0.927904 8.16889 0 0 0 1 
7680147070003;0.946768;2.72274;0.994834 0.101461 0.00326342 -3.82717 -0.0989565 0.976444 -0.19174 -3.37081 -0.0226407 0.190427 0.98144 -4.38092 0 0 0 1 
7680147070004;1.43077;3.66558;0.997323 -0.0695325 -0.0226161 -1.18553 0.0658613 0.988631 -0.135169 5.78208 0.0317577 0.133318 0.990564 -1.37446 0 0 0 1 
7680147070005;0.312811;2.71127;0.989347 0.135147 0.0541098 -4.32481 -0.136171 0.990561 0.0156871 -4.16161 -0.051479 -0.0228882 0.998412 -3.66742 0 0 0 1 
7680147070006;1.56238;3.07765;0.99986 0.0110063 -0.0126289 -1.65975 -0.0107643 0.99976 0.019078 2.4717 0.0128358 -0.0189394 0.999738 -1.73359 0 0 0 1 
7680147070007;1.77223;3.16353;0.9675 0.131517 0.215981 -4.61091 -0.180574 0.957245 0.225999 -4.63481 -0.177024 -0.257654 0.949882 -9.39342 0 0 0 1 
7680147070008;0.368314;2.96709;0.987967 0.126062 0.0896072 -4.03606 -0.127351 0.991819 0.00879577 -3.35081 -0.0877652 -0.0201015 0.995938 -5.71123 0 0 0 1 
7680147070009;2.02654;2.78615;0.999753 -0.00845295 0.02057 -2.2632 0.0100591 0.996802 -0.0792744 3.28413 -0.0198341 0.0794617 0.996641 -6.34471 0 0 0 1 
7680147070010;1.67484;3.08757;0.991605 -0.00671477 -0.12913 -2.58893 0.00489736 0.999885 -0.0143867 3.84781 0.129212 0.0136335 0.991523 8.58217 0 0 0 1 
7680147070011;1.58383;3.03312;0.967466 -0.00980467 0.25281 -2.26182 0.095354 0.939692 -0.328462 7.30861 -0.234343 0.341882 0.910055 -19.2515 0 0 0 1 
7680147070012;1.55669;2.39883;0.996177 0.0249283 0.0837258 -3.12063 -0.00731466 0.978858 -0.204412 2.02391 -0.0870513 0.203018 0.975298 -7.75861 0 0 0 1 
7680147070013;1.90796;3.16474;0.99774 0.0670786 0.00394086 -3.0864 -0.0666217 0.979894 0.188068 0.977057 0.00875372 -0.187906 0.982148 0.141698 0 0 0 1 
7680147070014;1.7784;2.36856;0.991316 0.129235 -0.0242973 -4.35566 -0.130854 0.98775 -0.0850177 -4.22578 0.0130124 0.0874588 0.996083 -3.92543 0 0 0 1 
7680147070015;0.363704;3.16569;0.997083 -0.0263838 -0.0716232 -2.72957 0.0508419 0.929463 0.365396 10.3626 0.0569306 -0.367971 0.928093 8.55056 0 0 0 1 
7680147070016;0.265959;2.53623;0.99676 0.0779809 0.0197169 -3.34244 -0.0788252 0.995805 0.0464591 -0.944953 -0.0160113 -0.0478628 0.998726 -1.22872 0 0 0 1 
7680147070017;0.994504;2.86113;0.998527 -0.0520086 -0.0154818 -1.63304 0.0522217 0.998542 0.0136987 6.51696 0.0147468 -0.014487 0.999786 -0.957059 0 0 0 1 
7680147070018;1.14391;2.89786;0.922486 0.0948482 -0.374198 -11.6314 -0.0964329 0.995233 0.0145327 -1.44835 0.373793 0.0226789 0.927235 20.5415 0 0 0 1 
7680147070019;1.59901;2.20713;0.998452 0.0539866 0.0133807 -1.63964 -0.053998 0.998541 0.000498414 1.05113 -0.0133343 -0.00122017 0.99991 -1.18234 0 0 0 1 
7680147070020;1.99055;2.83782;0.975564 0.039048 0.216219 -4.45733 -0.0622259 0.992893 0.101448 1.17298 -0.210721 -0.112423 0.97106 -10.063 0 0 0 1 
7680147070021;1.30849;2.71347;0.967269 -0.0116276 -0.253485 -5.47401 0.0628469 0.978804 0.194918 9.0354 0.245846 -0.204469 0.947498 15.6578 0 0 0 1 
7680147070022;0.490232;2.99082;0.998424 -0.0279863 0.0486482 -1.36072 0.0257684 0.998626 0.0456334 5.46094 -0.0498585 -0.0443079 0.997773 -2.56287 0 0 0 1 
7680147070023;1.93092;1.94902;0.9923 0.108989 0.0588418 -3.41875 -0.0995901 0.984536 -0.144119 -1.52661 -0.0736392 0.137149 0.987809 -6.686 0 0 0 1 
7680147070024;2.01577;3.73754;0.985504 0.0889069 -0.144487 -4.11125 -0.0605073 0.979871 0.190239 1.2928 0.158492 -0.178739 0.971047 9.98581 0 0 0 1 
7680147070025;1.53658;3.22533;0.957712 -0.0926126 -0.272416 -3.67458 0.0540973 0.987856 -0.145653 5.51559 0.282597 0.124757 0.951091 11.1971 0 0 0 1 
7680147070026;1.23157;2.82268;0.987761 0.148885 0.0464926 -4.41828 -0.152069 0.985538 0.0747645 -3.76515 -0.034689 -0.0809196 0.996117 -0.0456965 0 0 0 1 
7680147070027;1.05263;2.84069;0.941036 0.0208003 0.337666 -4.47938 -0.0769968 0.985082 0.1539 0.290761 -0.329427 -0.170825 0.928599 -17.6424 0 0 0 1 
7680147070028;0.137424;2.67093;0.999112 0.0379045 0.0183811 -2.46718 -0.0381097 0.999214 0.0109436 1.02866 -0.0179518 -0.0116344 0.999771 -1.57907 0 0 0 1 
7680147070029;1.81513;1.90977;0.9981 0.00981082 -0.0608213 -3.26326 -0.0114081 0.999598 -0.0259705 3.73429 0.060542 0.026615 0.997811 2.93628 0 0 0 1 
7680147070031;0.429088;1.50234;0.973473 -0.0302469 -0.226795 -3.82381 0.0314409 0.999504 0.00165334 1.40298 0.226632 -0.00874011 0.973941 1.38974 0 0 0 1 
7680147070032;0.91489;1.56322;0.995226 -0.0167699 0.0961407 -1.48101 0.00790718 0.995743 0.0918351 2.36275 -0.0972715 -0.0906365 0.991122 0.25232 0 0 0 1 
7680147070033;0.415478;1.27617;0.97708 0.000191085 0.212873 -1.79355 0.0636001 0.954063 -0.292778 1.09045 -0.203151 0.299606 0.932183 -9.65215 0 0 0 1 
7680147070034;0.600344;1.61414;0.984449 -0.0602774 -0.165008 -2.89345 0.0306983 0.983865 -0.176258 0.789046 0.17297 0.168452 0.970415 -1.9181 0 0 0 1 
7680147070035;0.44843;1.39433;0.997096 -0.0246754 0.0720531 -1.94005 0.00930932 0.978454 0.206257 2.32774 -0.0755901 -0.204987 0.975841 2.61599 0 0 0 1 
7680147070036;0.879785;1.14838;0.999839 -0.0147784 -0.010176 -3.71877 0.014437 0.999356 -0.0328393 1.6644 0.0106547 0.0326871 0.999409 -1.33634 0 0 0 1 
7680147070037;0.82527;1.4608;0.999651 0.0141272 0.0223258 -3.00604 -0.0146611 0.999606 0.0239327 1.45881 -0.0219789 -0.0242517 0.999464 1.59861 0 0 0 1 
7680147070038;0.802274;1.30156;0.978519 -0.0258572 0.204531 -1.83316 -0.0345599 0.95749 0.28639 3.82889 -0.203241 -0.287306 0.936028 4.16863 0 0 0 1 
7680147070039;1.33952;1.27005;0.998826 0.0479914 0.00661082 -5.60391 -0.0481354 0.99856 0.0236902 1.06981 -0.00546438 -0.0239806 0.999697 1.04676 0 0 0 1 
7680147070040;0.158831;1.41385;0.999741 -0.0116291 -0.0195509 -2.61579 0.00916055 0.992498 -0.121919 0.713197 0.020822 0.121708 0.992347 -2.84597 0 0 0 1 
7680147070041;1.36617;1.31885;0.998799 -0.0229423 0.0432849 -2.1507 0.0214465 0.999167 0.0347107 1.58016 -0.0440452 -0.0337407 0.99846 -3.00693 0 0 0 1 
7680147070042;0.46675;1.46758;0.996424 0.0108798 0.0837914 -2.58672 0.00681079 0.978107 -0.207993 0.539288 -0.0842198 0.20782 0.974535 -6.49335 0 0 0 1 
7680147070043;1.14629;1.35909;0.965133 0.053976 0.256135 -0.923101 0.00524877 0.974322 -0.225099 -0.310899 -0.261708 0.218595 0.940067 -7.4551 0 0 0 1 
7680147070044;0.702038;1.46491;0.999373 -0.0104935 -0.0338297 -2.87957 0.0128631 0.997421 0.0706065 2.11211 0.0330016 -0.0709973 0.99693 2.82988 0 0 0 1 
7680147070045;0.887978;1.43979;0.999236 -0.0147908 0.0361617 -2.44371 0.0150559 0.999862 -0.00706977 1.95303 -0.0360522 0.00760882 0.999321 -2.19058 0 0 0 1 
7680147070046;0.520495;1.32941;0.993997 -0.0258921 0.1063 -1.61152 0.0441738 0.983857 -0.173419 0.911497 -0.100094 0.177074 0.979094 -6.27341 0 0 0 1 
7680147070047;1.3778;1.43394;0.995981 0.0496125 -0.0745626 -6.16843 -0.0265874 0.958803 0.282824 3.86598 0.0855224 -0.279705 0.956269 7.7071 0 0 0 1 
7680147070048;1.12108;1.6937;0.999998 -0.00197274 0.000867755 -1.34348 0.00201279 0.998803 -0.0488756 0.147089 -0.000770297 0.0488773 0.998804 -0.966257 0 0 0 1 
7680147070049;0.932757;1.40003;0.99696 -0.0531336 -0.0569897 -2.49381 0.0442301 0.988077 -0.147472 1.93277 0.0641459 0.144503 0.987423 -1.50893 0 0 0 1 
7680147070050;1.2993;1.19694;0.95609 -0.0508614 -0.288625 -5.42478 0.0145835 0.991862 -0.126477 0.92414 0.292709 0.116714 0.949052 -0.394866 0 0 0 1 
7680147070051;0.92457;1.51916;0.997716 -0.0327563 0.0590742 -1.5143 0.0163462 0.96564 0.259368 2.95217 -0.0655403 -0.257809 0.96397 2.71818 0 0 0 1 
7680147070052;0.840224;1.64798;0.962189 -0.056689 -0.266419 -2.94487 0.0979888 0.984659 0.144375 3.65973 0.254148 -0.165022 0.952983 6.6799 0 0 0 1 
7680147070053;0.82655;1.50097;0.999991 -0.00242531 0.0035169 -2.37802 0.00248076 0.999871 -0.0158492 1.06821 -0.00347801 0.0158578 0.999868 0.764291 0 0 0 1 
7680147070054;0.270576;1.42198;0.997984 0.0323276 0.0546086 -3.41521 -0.0347466 0.99843 0.0439445 0.984176 -0.0531022 -0.0457533 0.99754 0.0178572 0 0 0 1 
7680147070055;0.73698;1.46345;0.984185 -0.116726 -0.133251 -1.04754 0.0470982 0.897554 -0.438382 1.36305 0.17077 0.425173 0.888856 -7.28281 0 0 0 1 
7680147070056;0.896614;1.44559;0.997975 -0.060449 -0.0198116 -1.69167 0.0598702 0.997796 -0.0286102 1.70688 0.0214974 0.0273661 0.999394 -2.80971 0 0 0 1 
7680147070057;0.403726;1.30935;0.997946 0.0228564 0.0598463 -3.52923 -0.0200573 0.998695 -0.0469631 0.900991 -0.0608416 0.0456662 0.997102 -1.96153 0 0 0 1 
7680147070058;0.771956;1.32488;0.992717 0.0255262 0.117733 -2.88612 -0.00489897 0.985039 -0.172262 0.514708 -0.120369 0.170431 0.97799 -6.91103 0 0 0 1 
7680147070059;0.054331;1.33992;0.999687 -0.00673631 0.0240845 -2.3031 0.00707527 0.999877 -0.0140163 1.07893 -0.0239871 0.0141823 0.999612 -1.08581 0 0 0 1 
7680147070060;0.252286;1.38632;0.999841 0.00891841 0.0154265 -2.84837 -0.0127528 0.962793 0.269941 3.19276 -0.0124451 -0.270095 0.962753 4.82566 0 0 0 1 
7680147070062;0.694613;3.07047;0.997466 0.041909 0.0574997 2.45689 -0.0436601 0.998609 0.0295445 -2.11392 -0.0561815 -0.0319801 0.997908 -0.86571 0 0 0 1 
7680147070063;0.642429;2.37498;0.999385 -0.000920676 -0.0350534 2.77492 0.00081394 0.999995 -0.0030591 -0.846475 0.0350561 0.00302869 0.999381 0.481294 0 0 0 1 
7680147070064;1.73702;2.0584;0.997316 -0.0537289 -0.049743 1.33358 0.0419031 0.975934 -0.214004 -0.366298 0.0600441 0.211345 0.975566 -3.29679 0 0 0 1 
7680147070065;2.03958;2.36596;0.982275 -0.00598277 -0.187352 -0.896563 0.0332099 0.989234 0.142528 1.61806 0.184482 -0.146223 0.971898 6.25614 0 0 0 1 
7680147070066;1.4044;2.42242;0.997085 -0.00987393 0.0756528 1.68813 0.0202225 0.990327 -0.137274 -0.649718 -0.0735656 0.138404 0.98764 -3.93205 0 0 0 1 
7680147070067;2.44929;2.40559;0.99659 -0.0253943 -0.0785038 3.19829 0.0263293 0.999594 0.0108985 -0.601022 0.0781952 -0.0129283 0.996854 -0.329464 0 0 0 1 
7680147070068;0.72785;2.61193;0.996467 0.0158111 -0.0824778 2.078 -0.0193389 0.998924 -0.0421505 -1.43708 0.0817226 0.0435966 0.995701 2.28228 0 0 0 1 
7680147070069;0.403431;2.33331;0.997827 -0.0309449 0.0581757 3.27019 0.0526342 0.905466 -0.421142 -0.551282 -0.0396439 0.423289 0.905127 -8.58309 0 0 0 1 
7680147070070;2.46104;2.82433;0.928761 -0.121788 -0.3501 1.11635 0.042793 0.973398 -0.225089 -1.04291 0.3682 0.194072 0.909266 3.66075 0 0 0 1 
7680147070071;1.40642;2.57498;0.949372 0.0698328 0.306294 2.35578 -0.107706 0.988241 0.108528 -2.33928 -0.295114 -0.136023 0.94573 -6.24912 0 0 0 1 
7680147070072;0.468235;2.04734;0.997007 0.00655087 -0.0770341 1.60034 -0.007126 0.999949 -0.00719344 -0.793749 0.076983 0.00772085 0.997003 1.57458 0 0 0 1 
7680147070073;0.953779;2.12278;0.995463 0.015484 0.0938839 2.26295 0.00370439 0.979616 -0.200843 -1.70237 -0.0950801 0.20028 0.975114 -4.82851 0 0 0 1 
7680147070074;0.189263;2.3754;0.999019 -0.0353407 -0.0266913 3.01232 0.0301326 0.98408 -0.175152 -1.06162 0.0324564 0.174176 0.984179 -2.10123 0 0 0 1 
7680147070075;2.44638;2.23118;0.962076 -0.0960823 -0.255299 4.01056 0.0146528 0.952764 -0.303357 -1.65821 0.272387 0.288112 0.91804 1.92928 0 0 0 1 
7680147070076;2.31741;2.60798;0.995638 0.00673302 -0.0930588 2.17699 -0.0098446 0.999406 -0.0330183 -1.41518 0.0927812 0.0337904 0.995113 3.93482 0 0 0 1 
7680147070077;2.21484;2.31596;0.998717 0.0296601 -0.0410362 3.35573 -0.0342391 0.992682 -0.115806 -2.31155 0.037301 0.117062 0.992424 1.03919 0 0 0 1 
7680147070078;0.226189;2.323;0.99181 -0.00710553 -0.127527 1.79743 0.0493959 0.9421 0.331674 3.43704 0.117786 -0.335256 0.934735 8.38292 0 0 0 1 
7680147070079;1.94297;2.89038;0.995378 0.00974163 0.0955412 2.50577 0.013795 0.970022 -0.242627 -0.729881 -0.0950406 0.242823 0.965404 -6.92987 0 0 0 1 
7680147070080;2.14298;2.52675;0.998538 -0.0531213 -0.010022 2.87433 0.050103 0.979043 -0.197395 -0.279128 0.0202978 0.196604 0.980273 -0.285495 0 0 0 1 
7680147070081;1.69906;2.39765;0.999038 0.0195989 0.0392305 3.59638 -0.0143642 0.991472 -0.129527 -1.82547 -0.0414345 0.128839 0.9908 -1.66432 0 0 0 1 
7680147070082;2.0972;2.2565;0.956176 -0.0806134 -0.281478 0.663184 0.00213128 0.963242 -0.268626 -1.66768 0.292786 0.256254 0.9212 4.2079 0 0 0 1 
7680147070083;0.59076;2.1884;0.999981 -0.00384664 0.00481463 2.43757 0.00519355 0.946586 -0.322408 -1.48163 -0.00331727 0.322427 0.946588 -6.01651 0 0 0 1 
7680147070084;0.946739;2.45975;0.999256 -0.00626679 -0.0380449 3.40037 0.00664784 0.999929 0.00989763 -0.758437 0.0379801 -0.0101432 0.999227 2.07893 0 0 0 1 
7680147070085;1.67199;2.09812;0.96231 0.0315091 -0.270123 -0.361804 0.0634066 0.939896 0.335522 4.01229 0.264459 -0.340004 0.902474 13.2444 0 0 0 1 
7680147070086;1.58068;2.74542;0.999576 -0.000733744 -0.0291222 2.6017 0.00129462 0.999814 0.0192451 -1.13368 0.0291027 -0.0192746 0.999391 -0.47141 0 0 0 1 
7680147070087;0.945675;2.78027;0.992691 -0.0195162 -0.119095 2.00962 -0.00564136 0.978255 -0.207329 -2.24982 0.120552 0.206486 0.970995 -0.844243 0 0 0 1 
7680147070088;1.00125;3.25732;0.982616 0.061187 0.175277 2.93046 -0.0561339 0.997856 -0.0336487 -3.02158 -0.17696 0.0232248 0.983944 -4.82684 0 0 0 1 
7680147070089;1.42162;3.03047;0.997298 0.0667721 0.0306395 2.31769 -0.0672327 0.997635 0.014258 -2.72852 -0.029615 -0.0162794 0.999429 1.25282 0 0 0 1 
7680147070090;0.678915;2.59837;0.997591 0.00651179 -0.0690569 2.74027 -0.0043729 0.999507 0.031079 -0.676439 0.0692252 -0.0307022 0.997128 2.1638 0 0 0 1 
7680147070091;1.30647;2.64383;0.986472 -0.0387963 -0.159272 1.04061 0.0213752 0.993738 -0.10967 -0.356082 0.16253 0.104782 0.981124 2.18174 0 0 0 1 
7680147070093;0.528987;0.541355;0.995738 -0.0145242 -0.0910779 -0.79226 0.0202057 0.997886 0.0617718 1.69521 0.0899881 -0.0633488 0.993926 7.53542 0 0 0 1 
7680147070094;0.750267;0.747358;0.975868 -0.0270143 -0.216682 -2.66225 0.0544416 0.991082 0.121627 4.75868 0.211464 -0.130489 0.968636 17.6822 0 0 0 1 
7680147070095;1.32662;1.01026;0.994417 0.0836647 0.0643018 -3.40318 -0.0627247 0.958712 -0.277377 -7.08968 -0.0848535 0.271795 0.958607 -12.7762 0 0 0 1 
7680147070096;1.72861;0.253979;0.999152 0.034908 0.0218348 -1.17031 -0.0337785 0.998172 -0.0501196 -2.95219 -0.0235445 0.0493396 0.998505 0.346637 0 0 0 1 
7680147070097;1.58172;1.63391;0.99724 -0.0058438 -0.0740141 -0.662436 0.0101638 0.998258 0.0581252 1.16776 0.0735455 -0.0587171 0.995562 6.89971 0 0 0 1 
7680147070098;0.811119;0.327172;0.979966 -0.0420532 -0.194675 -2.47383 0.021372 0.994014 -0.107141 0.405754 0.198015 0.100834 0.974999 12.5739 0 0 0 1 
7680147070099;0.734807;0.32102;0.999719 0.0207795 0.0113947 -1.49891 -0.0207381 0.999778 -0.00373713 -2.61435 -0.0114698 0.00349978 0.999928 -1.25879 0 0 0 1 
7680147070100;0.613699;0.210633;0.936741 0.0796743 0.340835 -4.29759 -0.0580094 0.995621 -0.0733071 -4.83012 -0.345183 0.0488981 0.937261 -26.7751 0 0 0 1 
7680147070101;0.463274;0.487613;0.998925 -0.00948858 -0.045367 -0.380803 0.00381988 0.992344 -0.123442 -0.717218 0.0461909 0.123136 0.991314 0.155869 0 0 0 1 
7680147070102;1.71997;1.22454;0.991311 0.0492911 0.121951 -1.43076 -0.0254976 0.981555 -0.18947 -3.13935 -0.129041 0.184714 0.974284 -15.8562 0 0 0 1 
7680147070103;0.768405;0.477986;0.985147 0.0305277 0.16898 -0.536828 -0.0367154 0.99876 0.0336148 -2.30926 -0.167744 -0.0393196 0.985046 -9.77298 0 0 0 1 
7680147070104;1.11988;0.603847;0.999775 0.0169125 0.0128393 -1.63397 -0.0162082 0.998457 -0.0531103 -3.07369 -0.0137177 0.0528902 0.998506 -2.36463 0 0 0 1 
7680147070105;0.792054;0.647171;0.971367 0.0473737 0.232815 -1.85738 -0.0437275 0.998827 -0.0208007 -3.55634 -0.233527 0.0100247 0.972299 -17.7341 0 0 0 1 
7680147070106;0.562855;0.33404;0.997906 0.0237704 -0.0601554 -1.60183 -0.0274437 0.997761 -0.0609921 -2.44966 0.0585709 0.0625153 0.996324 3.63478 0 0 0 1 
7680147070107;0.610731;0.499954;0.999865 -0.00959936 0.01334 0.11262 0.00763535 0.990097 0.140178 1.65525 -0.0145535 -0.140058 0.990036 3.06328 0 0 0 1 
7680147070108;1.42716;1.11901;0.99924 0.00367083 -0.0387976 -0.567492 -0.00548694 0.998889 -0.0468075 -0.783008 0.0385826 0.0469848 0.99815 0.441258 0 0 0 1 
7680147070109;0.474796;0.298992;0.900307 0.0409918 0.43332 -5.07249 -0.100659 0.988176 0.115658 -6.25254 -0.423456 -0.147745 0.893788 -27.7465 0 0 0 1 
7680147070110;0.941477;0.404926;0.999842 0.0154641 0.00881364 -1.23996 -0.0148277 0.997562 -0.0681954 -2.53225 -0.00984673 0.0680539 0.997633 -2.39342 0 0 0 1 
7680147070111;1.47967;1.29573;0.999958 0.00497125 0.00772649 -0.0438475 -0.00481028 0.999774 -0.0207137 -0.379437 -0.00782772 0.0206757 0.999756 0.408944 0 0 0 1 
7680147070112;1.75011;0.533515;0.995463 -0.0143091 -0.0940701 -2.65943 0.0462723 0.936655 0.347184 5.56538 0.0831433 -0.349962 0.933067 12.2766 0 0 0 1 
7680147070113;1.0332;0.852293;0.997316 0.0179415 0.0709811 -0.83157 -0.01375 0.998157 -0.0591049 -1.57185 -0.0719107 0.0579703 0.995725 -5.97516 0 0 0 1 
7680147070114;0.426388;0.259525;0.982675 -0.0337004 0.182248 0.844745 -0.0395836 0.922478 0.384014 2.18388 -0.181061 -0.384575 0.905162 -3.99012 0 0 0 1 
7680147070115;1.70185;1.42394;0.994797 -0.0112062 -0.101255 -1.2647 -0.0265233 0.931162 -0.363639 -3.69845 0.0983596 0.364432 0.926021 -2.43032 0 0 0 1 
7680147070116;1.08478;0.248452;0.997076 0.0677964 0.0352573 -2.69127 -0.051229 0.935385 -0.3499 -5.0887 -0.056701 0.34707 0.936124 -13.8886 0 0 0 1 
7680147070117;0.562653;0.614861;0.99704 0.0152986 0.0753462 -0.138952 -0.0224441 0.995232 0.0949225 -0.882125 -0.0735348 -0.0963326 0.992629 -2.7786 0 0 0 1 
7680147070118;0.421204;0.490954;0.992511 -0.0190147 -0.120664 -1.16029 0.00747059 0.99541 -0.0954121 -0.177984 0.121924 0.0937962 0.988098 6.62845 0 0 0 1 
7680147070119;1.56631;0.444568;0.998106 0.0155195 0.0595323 -0.477675 -0.0119249 0.998111 -0.0602678 -1.8146 -0.0603552 0.0594438 0.996405 -8.10698 0 0 0 1 
7680147070120;0.829004;0.681653;0.998889 0.0344833 -0.0321047 -2.4677 -0.0395204 0.98422 -0.172479 -4.64853 0.0256504 0.173556 0.98449 -1.21123 0 0 0 1 
7680147070121;0.0967963;0.263453;0.997553 0.00861883 0.0693877 -0.156672 -0.0111169 0.999301 0.0356962 -0.864138 -0.0690315 -0.0363802 0.996951 -3.81738 0 0 0 1 
7680147070122;0.194803;0.362955;0.999645 -0.0109565 -0.0242705 -0.347473 0.0100964 0.999326 -0.035282 0.0908572 0.0246407 0.0350244 0.999083 1.22795 0 0 0 1 
7680147070124;1.64617;0.90923;0.996422 0.0103833 0.0838788 -0.733009 0.00166044 0.989829 -0.142255 0.501966 -0.0845027 0.141885 0.98627 -7.29683 0 0 0 1 
7680147070125;1.40625;0.990413;0.997987 -0.0556395 0.0304435 -1.03403 0.0556218 0.998451 0.00142877 5.26676 -0.0304758 0.00026743 0.999535 -4.09446 0 0 0 1 
7680147070126;1.2267;0.995204;0.998847 -0.0280251 -0.0389675 -1.8686 0.0285292 0.999516 0.0124409 4.30217 0.0385999 -0.0135383 0.999163 2.52024 0 0 0 1 
7680147070127;1.9725;0.944577;0.986535 -0.0477434 -0.156424 -1.17939 0.0280754 0.991682 -0.125613 2.63071 0.16112 0.11953 0.97967 8.85335 0 0 0 1 
7680147070128;1.62499;1.76142;0.965198 -0.0504591 -0.256605 -4.16354 0.0529783 0.998591 0.00290961 5.1075 0.256097 -0.0164029 0.966512 13.858 0 0 0 1 
7680147070129;0.486275;0.877081;0.998643 -0.016789 -0.0493043 -0.569366 0.0144424 0.998763 -0.04757 1.9006 0.050042 0.0467934 0.99765 3.55494 0 0 0 1 
7680147070130;1.63305;1.71129;0.997145 -0.0138433 0.0742244 -0.960274 0.00556925 0.993856 0.110541 2.79001 -0.0752986 -0.109812 0.991096 -3.73125 0 0 0 1 
7680147070131;2.14793;0.943133;0.934828 0.0738192 0.347343 -3.64073 0.0131238 0.970303 -0.241535 1.39725 -0.354858 0.230352 0.906098 -24.4762 0 0 0 1 
7680147070132;1.4581;1.82212;0.99522 -0.0367642 -0.0904705 -1.93856 0.036348 0.99932 -0.00624364 3.75524 0.0906385 0.00292538 0.99588 3.65858 0 0 0 1 
7680147070133;1.07349;1.77325;0.999274 -0.00854213 -0.0371403 -0.937383 0.00829738 0.999943 -0.00673914 1.40233 0.0371958 0.00642608 0.999287 2.42552 0 0 0 1 
7680147070134;1.69636;1.21863;0.992857 -0.028682 -0.115813 -1.56481 0.0138607 0.99183 -0.126808 1.68882 0.118504 0.124297 0.985143 9.9304 0 0 0 1 
7680147070135;0.51747;1.17544;0.937611 -0.096298 -0.334085 -5.86542 0.0952815 0.99526 -0.0194698 7.31364 0.334376 -0.013577 0.942342 20.3114 0 0 0 1 
7680147070136;0.646267;1.48995;0.914848 -0.114664 -0.387177 -8.03505 0.0636582 0.9878 -0.142124 5.24629 0.39875 0.105375 0.910985 26.1883 0 0 0 1 
7680147070137;2.04694;2.18229;0.992623 -0.00649104 -0.121071 -2.01643 0.0242676 0.988996 0.145939 3.84093 0.118791 -0.147801 0.981857 8.86819 0 0 0 1 
7680147070138;0.720049;0.948465;0.9993 -0.0150779 -0.0342291 -0.646653 0.011546 0.994806 -0.101132 1.5281 0.0355762 0.100666 0.994284 1.79853 0 0 0 1 
7680147070139;1.74647;1.08241;0.999525 -0.00355987 0.0305966 -0.968839 0.00441654 0.999599 -0.027977 1.4755 -0.0304847 0.0280989 0.99914 -4.50508 0 0 0 1 
7680147070140;0.663015;1.67885;0.999813 -0.0193223 0.00083423 -1.11139 0.0193259 0.996475 -0.0816315 2.35217 0.000746015 0.0816323 0.996662 -0.352556 0 0 0 1 
7680147070141;0.53013;1.10826;0.999506 -0.0307434 0.00652049 -0.25838 0.0308071 0.999476 -0.00990589 2.84899 -0.00621254 0.0101019 0.99993 -0.478836 0 0 0 1 
7680147070142;1.96977;1.19039;0.980796 -0.0680853 -0.182768 -4.65214 0.0272329 0.975717 -0.217336 3.76683 0.193128 0.208184 0.958833 14.1849 0 0 0 1 
7680147070143;0.856847;1.31566;0.98325 -0.0428229 0.177159 -2.2835 0.0121637 0.985257 0.170647 2.85804 -0.181854 -0.165634 0.969275 -12.8104 0 0 0 1 
7680147070144;1.63732;1.62101;0.997223 0.0191875 0.0719573 -0.166774 -0.0200909 0.999728 0.0118516 -1.08779 -0.0717103 -0.0132644 0.997337 -5.91149 0 0 0 1 
7680147070145;0.140484;1.02431;0.999217 -0.0394352 0.00327477 -0.811028 0.0394613 0.999186 -0.00833891 3.72183 -0.00294326 0.00846161 0.99996 -0.286278 0 0 0 1 
7680147070146;1.19743;0.942029;0.994864 -0.0764232 -0.066366 -1.96234 0.077599 0.996867 0.0153199 6.90629 0.0649873 -0.0203912 0.997678 2.62428 0 0 0 1 
7680147070147;0.293378;0.910339;0.998229 0.00216226 0.0594527 -0.393742 0.00351293 0.995453 -0.0951872 0.917333 -0.0593882 0.0952274 0.993682 -3.66892 0 0 0 1 
7680147070148;2.08491;1.2386;0.993794 -0.025283 -0.108327 -0.971563 0.0435623 0.984504 0.169864 4.23476 0.102353 -0.173528 0.979496 8.02321 0 0 0 1 
7680147070149;2.16398;1.68703;0.986261 -0.0350748 -0.161428 -2.23142 0.00850458 0.986684 -0.162425 2.23708 0.164976 0.158821 0.973426 10.7549 0 0 0 1 
7680147070150;0.570326;1.63374;0.999658 0.00137366 0.026116 -0.947805 0.00990362 0.90436 -0.426655 0.521565 -0.0242043 0.426768 0.904037 -0.199961 0 0 0 1 
7680147070151;0.700204;1.62999;0.99411 -0.0359176 -0.102252 -2.41649 0.037743 0.99916 0.0159724 4.72578 0.101592 -0.0197376 0.99463 5.90873 0 0 0 1 
7680147070152;0.196422;0.970173;0.998675 -0.045891 -0.0232892 -0.763234 0.0455254 0.998835 -0.0159922 4.01736 0.023996 0.0149108 0.999601 1.53091 0 0 0 1 
7680147070153;0.328459;1.58902;0.999296 -0.016099 -0.0338775 -1.47254 0.00514358 0.953488 -0.301389 0.955612 0.0371538 0.301002 0.952899 3.31595 0 0 0 1 
7680147070155;0.140686;2.69524;0.999255 -0.0324288 -0.0209263 3.85834 0.0317307 0.998956 -0.032868 4.33389 0.0219703 0.0321795 0.999241 2.31663 0 0 0 1 
7680147070156;0.73666;2.56056;0.999473 -0.00834389 -0.0313725 4.47813 0.00715018 0.999253 -0.0379713 1.43797 0.0316659 0.037727 0.998786 3.5938 0 0 0 1 
7680147070157;1.89722;3.13929;0.997367 -0.0292324 -0.0663609 2.48539 0.0319503 0.998678 0.0402706 5.19902 0.065096 -0.0422848 0.996983 8.91904 0 0 0 1 
7680147070158;1.79956;2.86525;0.997791 -0.0278498 -0.0603055 3.65688 0.0157381 0.981131 -0.192702 3.12175 0.0645344 0.191327 0.979402 8.28239 0 0 0 1 
7680147070159;1.65931;3.26343;0.998997 0.00329167 -0.0446663 2.77386 -0.00495622 0.999295 -0.037207 0.0589326 0.0445123 0.037391 0.998309 3.41712 0 0 0 1 
7680147070160;0.0621527;2.72408;0.999236 0.00165213 -0.0390535 3.91386 -0.0030721 0.999335 -0.0363278 0.594515 0.0389675 0.0364201 0.998577 4.40243 0 0 0 1 
7680147070161;0.430207;2.74228;0.99761 -0.0366801 -0.0585642 3.84473 0.0324171 0.996867 -0.0721528 4.4192 0.0610273 0.0700818 0.995673 6.90151 0 0 0 1 
7680147070162;0.473536;2.69652;0.968383 0.0500841 0.244388 1.43414 -0.0522161 0.998633 0.00224867 -4.61262 -0.243941 -0.0149386 0.969675 -27.2786 0 0 0 1 
7680147070163;0.736349;2.99253;0.991231 0.0240563 0.129936 3.29205 -0.0404108 0.991367 0.124737 -3.21964 -0.125813 -0.128894 0.983645 -13.8233 0 0 0 1 
7680147070164;0.540732;2.80204;0.99714 -0.053666 -0.0532187 3.41542 0.0443445 0.985623 -0.163039 5.3909 0.0612032 0.160213 0.985183 7.75413 0 0 0 1 
7680147070165;1.76832;2.66826;0.999798 -0.00479662 -0.0194947 3.6456 0.00404954 0.999263 -0.0381827 1.40097 0.0196634 0.0380961 0.999081 4.95948 0 0 0 1 
7680147070166;0.877488;2.60471;0.995447 0.0167942 -0.0938287 3.43488 -0.00469523 0.991801 0.127708 0.578147 0.0952041 -0.126686 0.987364 8.42619 0 0 0 1 
7680147070167;0.355143;2.78779;0.997189 -0.0348888 -0.0663035 3.45019 0.0326504 0.99887 -0.0345479 4.63078 0.0674339 0.032286 0.997201 7.71364 0 0 0 1 
7680147070168;0.458362;2.81191;0.999605 -0.0103953 0.0261145 4.55429 0.00798696 0.995847 0.0906884 2.63663 -0.0269488 -0.090444 0.995537 -3.75196 0 0 0 1 
7680147070169;1.52541;2.38864;0.962185 -0.0398484 -0.269467 0.0521657 0.0594899 0.996103 0.0651183 7.74515 0.265822 -0.0786864 0.960806 27.3978 0 0 0 1 
7680147070170;1.71122;3.29288;0.996919 0.0362122 0.0695753 3.59663 -0.0311003 0.996832 -0.0732015 -2.36615 -0.0720057 0.0708122 0.994887 -6.88189 0 0 0 1 
7680147070171;1.73488;2.07417;0.994226 -0.0441918 -0.0977819 4.35296 0.0161375 0.962472 -0.2709 2.56085 0.106084 0.267758 0.957628 11.3951 0 0 0 1 
7680147070172;1.09968;2.55414;0.99983 -0.0141135 -0.0118896 4.5594 0.013752 0.999457 -0.0299579 2.09509 0.012306 0.0297892 0.99948 1.54462 0 0 0 1 
7680147070173;0.591876;2.38652;0.96174 0.0162772 -0.273479 -1.74736 -0.00103418 0.998442 0.0557895 1.26762 0.273961 -0.0533721 0.960259 29.9449 0 0 0 1 
7680147070174;1.36958;3.11161;0.997923 -0.0410932 0.0496117 3.37783 0.0485025 0.986116 -0.158814 5.37462 -0.0423967 0.160891 0.986061 -5.61027 0 0 0 1 
7680147070175;0.533565;2.56948;0.999284 -0.00261088 -0.0377485 3.78944 0.00128144 0.999379 -0.0351997 1.36434 0.037817 0.0351261 0.998667 4.72994 0 0 0 1 
7680147070176;0.79171;2.64313;0.991858 0.0508089 0.11677 3.83892 -0.0372151 0.992578 -0.11578 -3.61648 -0.121786 0.110491 0.986387 -12.172 0 0 0 1 
7680147070177;1.74498;3.07944;0.959872 0.0627057 0.273337 0.599687 -0.0346284 0.993724 -0.106364 -3.69996 -0.278291 0.0926308 0.95602 -30.3466 0 0 0 1 
7680147070178;1.38005;3.31188;0.995614 -0.0309387 0.0882914 3.52775 0.0419199 0.991224 -0.125367 4.78446 -0.0836379 0.128519 0.988174 -10.1355 0 0 0 1 
7680147070179;1.66284;2.75461;0.998477 0.0352073 0.0424831 4.95739 -0.0362757 0.999038 0.0246464 -3.25619 -0.0415744 -0.0261499 0.998793 -3.53277 0 0 0 1 
7680147070180;1.25183;2.66632;0.970014 0.0538917 -0.236998 -0.512367 -0.0207986 0.989936 0.139978 -0.870662 0.242157 -0.130851 0.961373 23.9952 0 0 0 1 
7680147070181;1.00094;2.89346;0.997413 0.0469254 0.0544486 4.25902 -0.0562013 0.981365 0.183751 -4.70595 -0.0448114 -0.186336 0.981464 -6.9194 0 0 0 1 
7680147070182;1.8528;3.15525;0.980424 0.0360326 0.193573 3.26113 -0.0575859 0.992601 0.106899 -4.97892 -0.188289 -0.115953 0.975245 -23.8937 0 0 0 1 
7680147070183;0.963883;2.49016;0.988257 0.050224 0.144311 4.11394 -0.0737901 0.983878 0.162906 -6.64686 -0.133803 -0.171642 0.976031 -16.347 0 0 0 1 
7680147070184;0.147928;2.60887;0.998986 -0.00765271 -0.0443742 3.74249 0.00733777 0.999947 -0.00725613 1.78149 0.0444273 0.00692316 0.998989 4.97028 0 0 0 1 
7680147070186;1.27351;3.61182;0.996807 0.0722613 0.0339724 2.85069 -0.0696412 0.994909 -0.0728405 -3.60513 -0.039063 0.0702421 0.996765 -3.50628 0 0 0 1 
7680147070187;0.700101;3.39707;0.947347 0.0943928 0.305979 -1.58077 -0.148866 0.97585 0.159861 -11.3707 -0.2835 -0.196994 0.938521 -30.5691 0 0 0 1 
7680147070188;1.39118;3.60644;0.998116 0.0291464 0.0539823 3.43081 -0.0308597 0.999037 0.0311813 0.382376 -0.0530215 -0.0327885 0.998055 -7.7874 0 0 0 1 
7680147070189;1.30828;3.43468;0.961684 -0.00561199 -0.274101 -1.14957 0.103471 0.93328 0.343922 18.5075 0.253883 -0.359106 0.898102 29.4572 0 0 0 1 
7680147070190;1.12112;3.97856;0.992734 0.0362376 0.114744 3.24947 -0.0732488 0.938533 0.337328 -1.49249 -0.0954671 -0.343282 0.934368 -9.52436 0 0 0 1 
7680147070191;1.94775;3.26616;0.997897 0.00368133 -0.0647124 4.34595 0.00929569 0.979937 0.19909 6.78611 0.064147 -0.199273 0.977842 7.72544 0 0 0 1 
7680147070192;1.68036;3.80865;0.987431 0.00965533 0.157758 3.02732 -0.00550151 0.999627 -0.0267458 4.30339 -0.157958 0.0255417 0.987115 -17.469 0 0 0 1 
7680147070193;1.11849;3.22147;0.997615 -0.024776 0.0644248 4.28243 0.0412052 0.96257 -0.267883 7.60213 -0.0553763 0.269899 0.961295 -7.48669 0 0 0 1 
7680147070194;0.766853;3.81262;0.999718 0.0140565 0.0191499 3.11178 -0.0144053 0.999731 0.0182009 2.25364 -0.0188889 -0.0184716 0.999651 -2.63018 0 0 0 1 
7680147070195;0.416426;3.44696;0.996925 0.0307313 0.0720887 3.44698 -0.025042 0.996596 -0.0785386 1.02609 -0.0742569 0.0764919 0.994301 -9.36174 0 0 0 1 
7680147070196;0.748225;3.91258;0.999518 0.00255975 0.0309357 3.35399 -0.0050736 0.996664 0.0814574 3.68264 -0.030624 -0.0815751 0.996197 -2.74204 0 0 0 1 
7680147070197;0.500793;3.43697;0.998755 0.0363838 0.0341214 3.40859 -0.0282181 0.976211 -0.214977 0.136432 -0.0411313 0.213746 0.976023 -6.43066 0 0 0 1 
7680147070198;0.104802;3.5868;0.999754 0.0186067 0.0120432 3.51492 -0.0196754 0.995212 0.095738 2.49485 -0.0102041 -0.0959514 0.995334 -0.607977 0 0 0 1 
7680147070199;1.797;3.95089;0.980502 0.0772323 0.180695 2.17205 -0.0699647 0.996476 -0.0462642 -4.41271 -0.183631 0.0327199 0.982451 -23.1734 0 0 0 1 
7680147070200;0.574851;3.48397;0.998326 0.0546023 -0.019085 2.83733 -0.0532158 0.996342 0.0668568 -1.47004 0.0226658 -0.0657292 0.99758 2.21036 0 0 0 1 
7680147070201;1.66238;4.01026;0.971362 -0.0553501 -0.231067 -0.575198 0.0538398 0.998467 -0.0128419 8.79338 0.231424 3.35104e-05 0.972853 24.5763 0 0 0 1 
7680147070202;0.856075;4.15739;0.999522 0.00172454 0.030861 3.85631 -0.00709482 0.984584 0.174767 3.98532 -0.0300838 -0.174902 0.984126 -1.81762 0 0 0 1 
7680147070203;0.151635;3.45528;0.99973 0.0138316 0.0186895 3.46154 -0.0140386 0.999841 0.0109912 2.77583 -0.0185345 -0.0112506 0.999765 -2.16558 0 0 0 1 
7680147070204;1.87474;4.29192;0.999744 0.00595509 0.021843 2.7697 -0.00580333 0.999959 -0.00700425 3.15432 -0.0218838 0.00687569 0.999737 -1.08443 0 0 0 1 
7680147070205;1.34644;3.10703;0.999806 -0.0020667 0.0196079 4.67851 0.000116942 0.995095 0.0989213 5.54239 -0.0197162 -0.0988998 0.994902 -1.9057 0 0 0 1 
7680147070206;0.882492;3.43722;0.908791 -0.128892 -0.396846 -6.94042 0.0821726 0.987753 -0.132635 13.158 0.409081 0.0879276 0.908252 43.9116 0 0 0 1 
7680147070207;1.16879;4.00383;0.994673 0.068788 0.0767746 2.41994 -0.0745848 0.994362 0.0753811 -3.97627 -0.0711564 -0.0807058 0.994195 -6.29947 0 0 0 1 
7680147070208;1.24601;4.03248;0.994598 0.0915917 0.0488345 2.4456 -0.096925 0.987882 0.121218 -6.20983 -0.0371402 -0.125296 0.991424 -3.40096 0 0 0 1 
7680147070209;1.20929;3.39876;0.997826 0.0156604 -0.064016 3.41649 0.011258 0.916575 0.399704 8.34783 0.064935 -0.399556 0.914406 8.6193 0 0 0 1 
7680147070210;1.69015;3.0668;0.999352 -0.0225648 0.0280319 4.50206 0.0219497 0.999516 0.0220613 7.70959 -0.0285161 -0.0214317 0.999364 -1.61039 0 0 0 1 
7680147070211;0.940014;3.80843;0.988397 -0.0257807 -0.149688 1.55602 0.0544162 0.980178 0.190497 11.3579 0.14181 -0.196432 0.970208 17.9949 0 0 0 1 
7680147070212;1.74535;3.39741;0.999647 -0.019198 0.0183869 4.06797 0.0191515 0.999813 0.00269919 6.97593 -0.0184353 -0.0023461 0.999827 -3.24915 0 0 0 1 
7680147070213;0.400202;3.46749;0.998868 0.0264994 0.0394926 3.42087 -0.0279951 0.998893 0.037813 1.46053 -0.0384469 -0.0388758 0.998504 -4.36895 0 0 0 1 
7680147070214;0.315659;3.65723;0.998014 -0.00165525 -0.0629665 3.1657 0.00684921 0.996579 0.0823616 5.25949 0.0626148 -0.0826293 0.994611 7.31406 0 0 0 1 
7680147070215;0.611277;3.79153;0.997333 0.00169205 0.0729633 3.80044 -0.00427434 0.999369 0.0352501 3.60668 -0.0728576 -0.035468 0.996711 -8.74856 0 0 0 1 
7680147070217;0.89674;2.47934;0.998256 0.0159824 0.0568309 -2.77915 -0.0169891 0.999706 0.0172759 -1.25537 -0.0565381 -0.0182112 0.998234 -1.98896 0 0 0 1 
7680147070218;1.73564;2.69597;0.999864 0.0146484 0.00758669 -3.56198 -0.0146678 0.999889 0.00251106 -0.828541 -0.00754906 -0.00262199 0.999968 1.75177 0 0 0 1 
7680147070219;1.39452;2.78455;0.961383 -0.0538781 -0.269887 -4.54684 0.0282697 0.994796 -0.0978914 -0.738924 0.273757 0.0864816 0.957903 6.23948 0 0 0 1 
7680147070220;0.267296;2.58308;0.999822 -0.011415 -0.0150068 -3.32914 0.00436601 0.914444 -0.404689 -1.56285 0.0183424 0.404552 0.914331 4.03433 0 0 0 1 
7680147070221;1.27015;3.12282;0.999821 -0.00543624 0.0181479 -2.40537 0.00116769 0.973807 0.227375 -0.317196 -0.0189086 -0.227313 0.973638 -2.7834 0 0 0 1 
7680147070222;1.97297;1.96176;0.996043 0.0150148 0.0875909 -4.24499 -0.0178903 0.999323 0.0321363 -1.70113 -0.0870491 -0.0335762 0.995638 -0.981507 0 0 0 1 
7680147070223;1.53331;2.88242;0.997837 -0.0232127 -0.0614965 -4.33586 0.0235148 0.999715 0.00419255 -1.07852 0.0613816 -0.00562956 0.998098 -0.110034 0 0 0 1 
7680147070224;2.30376;2.63944;0.912343 -0.0966256 -0.397861 -5.34519 0.0526718 0.991377 -0.119986 -0.447174 0.406024 0.0885121 0.909566 4.07596 0 0 0 1 
7680147070225;1.4585;2.9563;0.99878 -0.0128112 -0.047694 -3.13977 0.0103694 0.99864 -0.0510978 -0.215694 0.0482838 0.0505409 0.997554 2.30811 0 0 0 1 
7680147070226;1.86707;2.77317;0.99849 -0.0130378 -0.053355 -3.66827 0.0123733 0.999842 -0.0127661 -0.251493 0.053513 0.0120867 0.998494 2.9861 0 0 0 1 
7680147070227;0.781577;2.83721;0.999812 -0.0012138 -0.0193583 -3.11188 0.00130155 0.999989 0.00452121 -1.01786 0.0193526 -0.00454556 0.999802 -0.594699 0 0 0 1 
7680147070228;0.400914;2.52352;0.998395 0.0115648 0.0554326 -2.71097 -0.0132717 0.999446 0.030524 -1.00803 -0.0550489 -0.0312107 0.997996 -1.06298 0 0 0 1 
7680147070229;0.955663;2.6845;0.999741 -0.00155925 -0.0226961 -3.6814 0.000688884 0.999266 -0.0383061 -0.864111 0.0227392 0.0382805 0.999008 1.00814 0 0 0 1 
7680147070230;0.317185;2.79579;0.98066 -0.0365182 -0.192284 -4.20253 0.0288226 0.998673 -0.0426692 -0.611452 0.193587 0.0363019 0.980411 3.45942 0 0 0 1 
7680147070231;1.12926;2.96849;0.999937 0.0101299 0.00488118 -2.86222 -0.0101848 0.999884 0.0113672 -0.94579 -0.00476546 -0.0114162 0.999923 -0.937193 0 0 0 1 
7680147070232;1.51388;2.57254;0.99994 0.00825194 0.00719727 -3.71811 -0.00840885 0.999721 0.0220504 -1.70298 -0.00701331 -0.0221096 0.999731 -1.36914 0 0 0 1 
7680147070233;1.97376;2.70218;0.991519 -0.00427516 -0.129893 -4.39725 0.0464648 0.94506 0.323577 -0.0966261 0.121374 -0.326868 0.937244 -2.42744 0 0 0 1 
7680147070234;1.9935;2.6765;0.999737 -0.00225988 -0.0228037 -2.98353 0.000146452 0.995735 -0.0922584 -1.12104 0.0229149 0.0922308 0.995474 -1.20697 0 0 0 1 
7680147070235;1.53051;2.91112;0.987196 -0.0265661 -0.157287 -3.58867 0.0253624 0.999632 -0.00965525 -0.945301 0.157485 0.00554245 0.987506 1.08122 0 0 0 1 
7680147070236;0.104269;2.72721;0.999895 0.00889228 0.0114756 -3.18561 -0.00895798 0.999944 0.00568701 -1.06386 -0.0114244 -0.00578921 0.999918 -0.0963285 0 0 0 1 
7680147070237;2.06657;2.08414;0.997666 -0.0149305 -0.0666278 -4.73844 0.00325928 0.985101 -0.171946 -1.01674 0.0682023 0.171327 0.982851 4.0957 0 0 0 1 
7680147070238;1.4657;2.83483;0.915845 0.0300697 0.400405 -2.62562 -0.131906 0.96438 0.229285 -2.79345 -0.379248 -0.262805 0.887189 -8.71907 0 0 0 1 
7680147070239;0.672786;2.42792;0.992477 0.0195972 0.120854 -2.62493 -0.0281857 0.997165 0.0697703 -1.08566 -0.119144 -0.0726517 0.990215 -1.83021 0 0 0 1 
7680147070240;1.69401;2.76803;0.998792 0.0124135 0.0475523 -2.97011 -0.0161936 0.996667 0.0799534 -0.578551 -0.0464013 -0.0806268 0.995664 0.532512 0 0 0 1 
7680147070241;1.89764;2.85382;0.995964 -0.0236657 -0.0865796 -3.27742 0.0418169 0.975874 0.214293 -0.795461 0.0794194 -0.217048 0.972925 -3.04641 0 0 0 1 
7680147070242;1.04234;2.64858;0.998024 -0.0085811 -0.0622424 -4.13898 0.00920747 0.99991 0.00978363 -0.636287 0.0621528 -0.0103374 0.998013 1.6042 0 0 0 1 
7680147070243;1.63774;2.12374;0.969867 0.0264467 0.242195 -3.69774 -0.0359286 0.998748 0.0348168 -1.8445 -0.240971 -0.0424694 0.969603 -3.98201 0 0 0 1 
7680147070244;2.23994;3.29668;0.996524 -0.00098865 -0.0832985 -3.23461 0.0190282 0.976196 0.216053 -0.314661 0.0811021 -0.216887 0.972822 1.25792 0 0 0 1 
7680147070245;0.410551;2.80444;0.999688 0.0103188 -0.0227563 -3.2333 -0.0101581 0.999923 0.00716851 -1.16731 0.0228285 -0.00693511 0.999715 -0.143685 0 0 0 1 
7680147070246;0.921508;2.83891;0.994675 -0.0307322 -0.0983705 -3.70697 0.0261005 0.998505 -0.0480299 -0.539376 0.0996995 0.0452066 0.99399 0.849598 0 0 0 1 
7680147070248;1.50847;1.60242;0.973884 0.00948981 -0.226848 0.32012 0.0585251 0.95487 0.2912 8.42095 0.219374 -0.296872 0.929377 22.7662 0 0 0 1 
7680147070249;1.33018;1.51652;0.995267 0.0769786 0.0593127 3.3095 -0.0773647 0.996994 0.00423786 -4.55266 -0.0588082 -0.00880651 0.99823 -3.98768 0 0 0 1 
7680147070250;0.124558;1.5216;0.99877 0.0446205 0.0216282 2.19715 -0.0445395 0.998999 -0.0042098 -2.29965 -0.0217944 0.00324131 0.999757 -2.44785 0 0 0 1 
7680147070251;0.53556;1.98821;0.979493 0.114067 0.166076 0.673416 -0.130673 0.987079 0.0927289 -9.38619 -0.153353 -0.112529 0.981743 -12.8489 0 0 0 1 
7680147070252;1.1295;1.50323;0.980976 0.161052 0.108385 -0.393968 -0.152607 0.984862 -0.0822081 -11.6195 -0.119984 0.0641038 0.990704 -9.51071 0 0 0 1 
7680147070253;0.578449;1.34672;0.998182 0.0265785 -0.0540866 1.98094 -0.0266003 0.999646 0.000315936 -0.569398 0.0540758 0.00112336 0.998536 5.15499 0 0 0 1 
7680147070254;1.15198;1.25128;0.998932 0.0458303 0.00586201 2.77428 -0.0458353 0.998949 0.000733624 -1.78394 -0.00582223 -0.00100153 0.999983 -2.31238 0 0 0 1 
7680147070255;0.370863;1.70109;0.993564 0.0856855 0.074085 1.57879 -0.110777 0.871547 0.477635 -5.26403 -0.0236422 -0.482767 0.875429 1.46887 0 0 0 1 
7680147070256;1.32328;1.46148;0.964188 0.141353 0.224411 -1.88374 -0.0930474 0.97264 -0.21287 -7.12657 -0.248361 0.184366 0.950961 -26.4841 0 0 0 1 
7680147070257;0.807316;1.32935;0.972765 -0.0406324 -0.228206 0.235854 -0.00734625 0.978617 -0.205559 0.235785 0.231679 0.201637 0.951666 19.4233 0 0 0 1 
7680147070258;0.260139;1.41506;0.95109 0.17556 0.254178 -2.83018 -0.137366 0.977341 -0.161045 -10.8897 -0.276691 0.118253 0.953655 -26.499 0 0 0 1 
7680147070259;0.965988;1.53878;0.98876 0.0464635 0.142111 1.5008 -0.0552728 0.996745 0.0586815 -3.06649 -0.138922 -0.0658768 0.98811 -12.2449 0 0 0 1 
7680147070260;0.831214;1.37035;0.998019 0.0609459 -0.0156041 2.28425 -0.0577357 0.985809 0.157631 -2.11143 0.0249896 -0.156418 0.987375 3.04562 0 0 0 1 
7680147070261;1.06706;1.38388;0.984692 0.080896 0.154397 0.816131 -0.0408615 0.96823 -0.246702 -2.4043 -0.169449 0.236616 0.956713 -19.3552 0 0 0 1 
7680147070262;1.52451;2.02969;0.988212 0.0611682 0.140339 2.56171 -0.0628306 0.997996 0.00744087 -4.65287 -0.139602 -0.0161707 0.990076 -14.485 0 0 0 1 
7680147070263;1.15131;1.71937;0.99614 0.0708594 0.0518051 1.26153 -0.0694113 0.99716 -0.0292394 -5.40773 -0.0537298 0.0255307 0.998229 -7.26289 0 0 0 1 
7680147070264;1.15529;1.61765;0.994455 0.104209 0.0141142 0.764871 -0.104099 0.994532 -0.00832899 -7.45467 -0.014905 0.00681353 0.999866 0.441688 0 0 0 1 
7680147070265;0.426203;1.44809;0.967175 0.0541742 0.24827 -0.437782 -0.0942494 0.9838 0.152492 -5.93178 -0.235987 -0.170885 0.956613 -20.0884 0 0 0 1 
