#;prob_registration_l1 -r /home/probabilistic_point_clouds_registration/build/tester /home/point_clouds_registration_benchmark//devel/registration_pairs/gazebo_winter_local.txt /home/point_clouds_registration_benchmark//eth/gazebo_winter -s 0.2 -t 0.2 -p 0.3 -r 1000 -m 1 -i 40 
id;initial_error;final_error;transformation
38591597440000;0.538033;0.0186042;0.993519 -0.101364 -0.0514399 -0.407322 0.103101 0.994146 0.0323055 -0.47074 0.0478642 -0.0373996 0.998153 0.549299 0 0 0 1 
38591597440001;0.518725;0.212148;0.98036 0.0929311 0.173951 -0.115262 -0.109164 0.990281 0.0861833 0.0895372 -0.164252 -0.10348 0.980976 0.028223 0 0 0 1 
38591597440002;0.466312;0.0212485;0.98386 -0.132042 0.120766 0.0457981 0.136569 0.990177 -0.0299787 -0.324185 -0.115621 0.0459876 0.992228 -0.212625 0 0 0 1 
38591597440003;0.369171;0.0516289;0.986854 0.161597 0.0023166 -0.240527 -0.161606 0.986847 0.00410069 0.59879 -0.00162347 -0.00442116 0.999989 0.392259 0 0 0 1 
38591597440004;0.566929;0.268961;0.953876 0.168686 -0.248324 0.772031 -0.16625 0.985599 0.0309078 0.530049 0.249962 0.0118017 0.968184 -1.52372 0 0 0 1 
38591597440005;0.214626;0.019175;0.994878 -0.0822327 -0.0587864 -0.00493775 0.0819145 0.996609 -0.00780581 -0.309528 0.059229 0.00295037 0.99824 -0.596046 0 0 0 1 
38591597440006;0.296525;0.036027;0.971735 -0.169597 -0.164222 0.13343 0.190562 0.974116 0.121593 -0.825898 0.139349 -0.14945 0.978901 -0.342012 0 0 0 1 
38591597440007;0.55939;0.0256768;0.98996 0.141333 -0.00190687 0.0615129 -0.140859 0.987584 0.0695389 0.167557 0.0117113 -0.0685722 0.997577 -0.874437 0 0 0 1 
38591597440008;0.573696;0.0209363;0.909072 0.00643164 0.41659 0.307867 -0.110739 0.967646 0.226713 0.454826 -0.401654 -0.252231 0.880371 2.45388 0 0 0 1 
38591597440009;0.226381;0.0216906;0.999327 -0.0294422 0.0218765 0.0271699 0.028556 0.998801 0.039775 0.0640212 -0.0230214 -0.0391235 0.998969 -0.24409 0 0 0 1 
38591597440010;0.405479;0.0210543;0.933831 -0.109061 0.340683 0.0785664 0.223786 0.921115 -0.318538 -0.792313 -0.279069 0.373701 0.884572 1.66945 0 0 0 1 
38591597440011;0.432428;0.268464;0.996772 -0.0666694 -0.044736 0.166756 0.074727 0.97413 0.213278 -0.62606 0.0293595 -0.215932 0.975967 -0.269683 0 0 0 1 
38591597440012;0.493861;0.0215946;0.996434 -0.00272373 -0.0843261 0.327353 -0.00192558 0.998484 -0.0550045 -0.276126 0.0843481 0.0549707 0.994919 0.33039 0 0 0 1 
38591597440013;0.489902;0.238319;0.972097 0.138921 0.189021 -0.0914049 -0.145816 0.989044 0.0230014 0.228074 -0.183754 -0.0499218 0.981704 0.450194 0 0 0 1 
38591597440014;0.265078;0.0185202;0.950095 -0.0556702 0.306954 -0.0637738 0.0886573 0.991561 -0.0945825 -0.28508 -0.299098 0.117076 0.947013 1.44903 0 0 0 1 
38591597440015;0.50504;0.18197;0.985182 -0.141139 0.0974523 0.114624 0.123106 0.977515 0.171199 -0.931945 -0.119424 -0.156665 0.980405 0.142789 0 0 0 1 
38591597440016;0.306367;0.0189851;0.961652 0.117785 -0.247693 0.251458 -0.0703006 0.978776 0.192498 -0.0153887 0.265109 -0.167704 0.949522 -1.35394 0 0 0 1 
38591597440017;0.306001;0.0243334;0.991929 -0.126008 0.0140911 -0.227118 0.126678 0.989623 -0.0678138 -0.909782 -0.00539977 0.0690516 0.997598 0.106622 0 0 0 1 
38591597440018;0.310987;0.209215;0.998494 0.0516459 -0.0184786 0.154675 -0.0518923 0.998567 -0.0131173 0.151376 0.0177747 0.0140565 0.999743 -0.308667 0 0 0 1 
38591597440019;0.565481;0.246334;0.992016 -0.114704 0.0524053 -0.516509 0.100503 0.970112 0.220868 -0.437018 -0.0761734 -0.213838 0.973895 -0.135071 0 0 0 1 
38591597440020;0.471158;0.0530589;0.964113 -0.264244 -0.0257005 -0.0566016 0.254657 0.947798 -0.191907 -1.05824 0.0750692 0.178475 0.981077 0.278559 0 0 0 1 
38591597440021;0.264772;0.220989;0.98287 0.0715306 0.169854 -0.0699057 -0.0822897 0.994968 0.0571633 0.0815633 -0.16491 -0.0701613 0.98381 0.564695 0 0 0 1 
38591597440022;0.382739;0.019843;0.994743 -0.0272522 -0.0987064 -0.319635 0.0333135 0.997625 0.0602893 -0.483128 0.096829 -0.0632606 0.993289 -0.0710853 0 0 0 1 
38591597440023;0.504596;0.273252;0.993279 0.113884 -0.0206746 -0.00317381 -0.114917 0.991643 -0.0586386 0.584265 0.0138238 0.0606203 0.998065 -0.56441 0 0 0 1 
38591597440024;0.223621;0.0131126;0.997301 -0.0519061 0.0519226 -0.0260258 0.0635456 0.964489 -0.256366 0.0415182 -0.0367718 0.258974 0.965184 0.321548 0 0 0 1 
38591597440025;0.497841;0.0634217;0.94489 -0.198725 0.260174 -0.390136 0.233499 0.966106 -0.110084 -1.13495 -0.229479 0.164768 0.959266 0.629761 0 0 0 1 
38591597440026;0.507307;0.350921;0.972412 -0.0910632 -0.214761 0.299532 0.103584 0.993473 0.0477625 -0.414251 0.209009 -0.0686905 0.975498 -0.595422 0 0 0 1 
38591597440027;0.37107;0.017419;0.9957 0.00363558 0.0925687 -0.252299 -0.0462277 0.885431 0.462466 0.0993926 -0.0802819 -0.464756 0.881792 0.366963 0 0 0 1 
38591597440028;0.144155;0.0220174;0.986141 -0.15732 -0.0526886 0.0175344 0.155862 0.987301 -0.0307333 -0.597288 0.0568544 0.0220952 0.998138 -0.154579 0 0 0 1 
38591597440029;0.386592;0.217827;0.974386 -0.128356 0.184652 -0.271783 0.0989361 0.982053 0.160574 -0.711693 -0.201949 -0.138192 0.969598 0.866708 0 0 0 1 
38591597440031;0.613756;0.324086;0.960406 -0.0633941 -0.271296 0.347949 0.0410543 0.99534 -0.0872474 -0.585188 0.275563 0.0726551 0.958533 -1.24358 0 0 0 1 
38591597440032;0.317715;0.118004;0.972106 0.1465 -0.18316 0.547646 -0.166751 0.980866 -0.100476 0.897587 0.164936 0.128216 0.977935 -0.481468 0 0 0 1 
38591597440033;0.586776;0.347895;0.931313 -0.0627416 0.358775 0.0367461 0.048213 0.997619 0.049309 0.148686 -0.361015 -0.0286245 0.932121 1.45272 0 0 0 1 
38591597440034;0.22655;0.0505458;0.991174 -0.111788 0.0712619 -0.284207 0.123731 0.97306 -0.194535 -0.726101 -0.0475955 0.201636 0.978303 0.590932 0 0 0 1 
38591597440035;0.489052;0.089833;0.990571 -0.0505499 0.127331 0.0502683 0.0623141 0.993975 -0.0901684 -0.891059 -0.122006 0.0972527 0.987753 0.704272 0 0 0 1 
38591597440036;0.235684;0.0276232;0.987372 -0.158419 -0.00102437 -0.113762 0.15835 0.987099 -0.0236782 -0.485642 0.00476223 0.023217 0.999719 -0.0318249 0 0 0 1 
38591597440037;0.200232;0.0221739;0.994938 0.0989518 0.0175427 0.18276 -0.0989498 0.995092 -0.000981684 0.402321 -0.0175537 -0.000759132 0.999846 -0.232742 0 0 0 1 
38591597440038;0.419626;0.226926;0.991722 0.120177 -0.0452184 0.234991 -0.126744 0.972625 -0.194775 0.638732 0.0205729 0.198894 0.979805 0.707393 0 0 0 1 
38591597440039;0.360484;0.0125584;0.9988 -0.0236533 0.042881 -0.0553846 0.0299134 0.98796 -0.151792 -0.25739 -0.0387743 0.152893 0.987482 -0.0772049 0 0 0 1 
38591597440040;0.46013;0.0191777;0.879156 0.231771 -0.416374 1.4081 -0.241759 0.96989 0.029417 0.937566 0.410655 0.0748 0.908717 -1.94032 0 0 0 1 
38591597440041;0.266595;0.0162372;0.998646 0.0518381 0.00433521 -0.338055 -0.0518812 0.998598 0.0105084 0.178894 -0.00378439 -0.0107191 0.999935 0.0402558 0 0 0 1 
38591597440042;0.263344;0.0121188;0.967944 0.202123 -0.149102 0.579662 -0.18652 0.976018 0.112243 0.473383 0.168213 -0.0808343 0.982431 -0.7283 0 0 0 1 
38591597440043;0.518284;0.13753;0.977295 0.201857 -0.0644129 0.766402 -0.19437 0.975104 0.106733 0.691634 0.084354 -0.0917894 0.992199 -1.27469 0 0 0 1 
38591597440044;0.328581;0.0516541;0.976417 0.19444 0.0938207 0.355074 -0.187368 0.979095 -0.0791572 1.0194 -0.107251 0.0597115 0.992437 0.897165 0 0 0 1 
38591597440045;0.358212;0.0311056;0.978955 0.1627 0.123193 0.129088 -0.166321 0.985876 0.0196314 0.919653 -0.118259 -0.0397079 0.992189 0.860834 0 0 0 1 
38591597440046;0.061941;0.0386216;0.999577 -0.00972272 0.0274008 0.00653613 0.00903887 0.999647 0.0249714 -0.0494854 -0.0276339 -0.0247132 0.999313 0.0549563 0 0 0 1 
38591597440047;0.281023;0.0184017;0.982888 0.167741 -0.0761155 0.569709 -0.158863 0.98108 0.110658 0.432248 0.0932372 -0.0966723 0.99094 -0.947041 0 0 0 1 
38591597440048;0.595102;0.0222106;0.986492 0.0559513 -0.153958 0.0325922 -0.00912887 0.957176 0.289363 -0.746145 0.163555 -0.284049 0.944757 -1.99826 0 0 0 1 
38591597440049;0.461067;0.0147341;0.896275 0.120628 -0.426779 0.994777 -0.204566 0.966262 -0.156495 0.83896 0.393502 0.227567 0.890713 -1.62783 0 0 0 1 
38591597440050;0.266343;0.0195162;0.998595 0.010852 -0.0518629 0.100081 -0.0262952 0.951264 -0.307254 0.182431 0.046001 0.308186 0.950213 0.132938 0 0 0 1 
38591597440051;0.432966;0.0197246;0.926177 0.184651 -0.328785 1.11034 -0.183999 0.982359 0.0333896 1.09319 0.32915 0.0295715 0.943814 -1.19649 0 0 0 1 
38591597440052;0.0767887;0.0199005;0.995229 -0.0177444 0.0959398 -0.0334173 0.0203899 0.999436 -0.0266646 -0.102651 -0.0954126 0.0284936 0.99503 0.433992 0 0 0 1 
38591597440053;0.465189;0.292254;0.990916 0.109126 -0.0785899 0.413076 -0.102523 0.991206 0.0836643 0.597485 0.0870287 -0.0748471 0.99339 -0.426648 0 0 0 1 
38591597440054;0.503874;0.0210479;0.997514 0.0469954 0.0525021 -0.750632 -0.0511844 0.995356 0.081521 0.174522 -0.0484272 -0.0840056 0.995288 0.206977 0 0 0 1 
38591597440055;0.362809;0.0192577;0.992719 -0.120387 0.00391606 -0.20055 0.120393 0.992725 -0.00149932 -0.64726 -0.00370707 0.00195987 0.999991 -0.553133 0 0 0 1 
38591597440056;0.349297;0.150544;0.977782 0.191973 0.0841923 0.224124 -0.208895 0.925782 0.315103 0.368766 -0.0174525 -0.32569 0.945316 -0.32768 0 0 0 1 
38591597440057;0.335627;0.0491237;0.926745 0.0116689 -0.375509 0.669719 0.00635211 0.998888 0.0467173 0.074057 0.375636 -0.0456803 0.925641 -1.66038 0 0 0 1 
38591597440058;0.689618;0.621029;0.998243 0.0406202 -0.0431307 0.0719904 -0.0413773 0.999002 -0.0168078 0.209667 0.0424049 0.0185629 0.998928 -0.487931 0 0 0 1 
38591597440059;0.45308;0.0219466;0.999989 0.004757 0.000366699 -0.382168 -0.00475338 0.999945 -0.00932925 -0.3623 -0.000411058 0.0093274 0.999956 -0.561392 0 0 0 1 
38591597440060;0.265486;0.0176956;0.995196 -0.0968385 0.0143688 0.00581796 0.0957554 0.99341 0.0629808 -0.674477 -0.0203731 -0.0613024 0.997911 0.287385 0 0 0 1 
38591597440062;0.128316;0.0256084;0.997131 -0.0756765 0.00188173 -0.20003 0.0746463 0.987081 0.141769 -0.496872 -0.012586 -0.141222 0.989898 -0.411912 0 0 0 1 
38591597440063;0.451456;0.028084;0.996577 -0.0329519 0.0758129 -0.215918 0.00749716 0.949364 0.314088 -0.500877 -0.0823238 -0.312444 0.946362 0.189733 0 0 0 1 
38591597440064;0.130373;0.0272918;0.997798 0.0662978 -0.00214066 0.056163 -0.0662231 0.993783 -0.0894997 0.193378 -0.00380628 0.0894443 0.995985 0.174838 0 0 0 1 
38591597440065;0.480669;0.0276438;0.951717 0.0833466 0.295445 -0.0134318 -0.0593486 0.994235 -0.0892992 0.373918 -0.301185 0.0674533 0.951177 0.859443 0 0 0 1 
38591597440066;0.373674;0.0405541;0.91896 0.0326367 0.392997 0.118322 -0.0708369 0.994021 0.0830915 0.35539 -0.387936 -0.104196 0.915778 1.66841 0 0 0 1 
38591597440067;0.212733;0.0307233;0.984228 0.14501 0.101331 0.323414 -0.166853 0.951268 0.259326 0.413567 -0.0587879 -0.272143 0.960459 -0.386505 0 0 0 1 
38591597440068;0.0642751;0.027933;0.998239 -0.0366821 -0.0466155 -0.0973166 0.0336768 0.997401 -0.0636973 -0.123127 0.0488309 0.0620153 0.99688 -0.0399021 0 0 0 1 
38591597440069;0.225205;0.0214702;0.993668 -0.0492589 -0.100985 -0.0737208 0.0406184 0.995475 -0.0859023 -0.136946 0.104759 0.0812565 0.991172 -0.630311 0 0 0 1 
38591597440070;0.596655;0.0297822;0.983551 -0.133899 0.121234 -1.01616 0.146857 0.983557 -0.105117 0.000396654 -0.105165 0.121192 0.987042 0.487057 0 0 0 1 
38591597440071;0.538974;0.0322047;0.967934 0.205765 0.1441 0.282666 -0.23263 0.950702 0.205059 1.21949 -0.0948025 -0.232006 0.968084 0.440902 0 0 0 1 
38591597440072;0.398938;0.0702878;0.986617 0.0841159 -0.139686 0.366081 -0.125184 0.939677 -0.318334 0.830768 0.104483 0.33156 0.937631 0.0210352 0 0 0 1 
38591597440073;0.454646;0.0605152;0.973414 0.228707 0.0125716 0.130363 -0.228606 0.973478 -0.00896884 0.769231 -0.0142894 0.00585646 0.999881 -0.314783 0 0 0 1 
38591597440074;0.403252;0.0364961;0.995219 -0.0976717 -7.95556e-06 0.355229 0.0975697 0.994183 -0.0456139 -0.359965 0.00446309 0.045395 0.998959 0.273619 0 0 0 1 
38591597440075;0.606683;0.0768045;0.99868 -0.0419425 -0.0296335 0.345882 0.0273874 0.923109 -0.383561 0.0167315 0.0434425 0.382243 0.92304 1.47316 0 0 0 1 
38591597440076;0.528752;0.0349134;0.999147 0.0233423 -0.0340533 -0.570281 -0.0226836 0.99955 0.0196048 0.26605 0.0344956 -0.0188156 0.999228 0.314179 0 0 0 1 
38591597440077;0.46683;0.377811;0.972337 0.0458059 0.229046 -0.497605 -0.0863651 0.981595 0.170329 0.2688 -0.217029 -0.185399 0.958398 0.432023 0 0 0 1 
38591597440078;0.164495;0.0353229;0.999959 -0.00885142 0.00164842 -0.256343 0.00887553 0.999844 -0.0152452 -0.0613908 -0.00151322 0.0152593 0.999882 0.0845031 0 0 0 1 
38591597440079;0.383028;0.0733622;0.937263 0.0581032 0.343747 0.394226 -0.110907 0.984482 0.135993 0.313499 -0.330511 -0.165585 0.929163 0.631981 0 0 0 1 
38591597440080;0.593423;0.317499;0.997704 -0.036932 -0.0567698 0.0194408 0.0379681 0.99913 0.0172817 -0.163525 0.0560821 -0.0193975 0.998238 0.374766 0 0 0 1 
38591597440081;0.611108;0.037712;0.938521 -0.0129367 -0.34498 0.948661 -0.101298 0.94499 -0.31102 0.429887 0.330026 0.326844 0.885582 -1.19511 0 0 0 1 
38591597440082;0.502695;0.332658;0.991185 0.131416 0.0168008 -0.209315 -0.132257 0.988939 0.0671374 0.57874 -0.00779196 -0.0687676 0.997602 -0.673176 0 0 0 1 
38591597440083;0.715049;0.201822;0.973124 -0.180392 0.143141 -0.280911 0.199178 0.971301 -0.130011 -0.939376 -0.11558 0.155027 0.981126 1.82275 0 0 0 1 
38591597440084;0.378082;0.0273518;0.989352 -0.00560928 0.145435 -0.186957 -0.0217199 0.982377 0.185644 -0.039598 -0.143913 -0.186826 0.971795 -0.42521 0 0 0 1 
38591597440085;0.428084;0.429642;0.999325 0.0207068 0.0303508 -0.0808575 -0.021331 0.999565 0.0203901 -0.0235697 -0.0299153 -0.0210237 0.999331 0.176398 0 0 0 1 
38591597440086;0.348552;0.101938;0.960609 0.179526 -0.212134 0.613485 -0.23417 0.93395 -0.270005 0.899051 0.14965 0.309044 0.9392 0.283489 0 0 0 1 
38591597440087;0.456571;0.0333987;0.974359 -0.222902 -0.0306317 -0.933594 0.223672 0.974357 0.024495 -1.17732 0.0243862 -0.0307184 0.999231 -0.685751 0 0 0 1 
38591597440088;0.581918;0.0263612;0.991971 0.044262 0.118465 -0.403637 -0.0461817 0.998842 0.0135075 0.557543 -0.11773 -0.01887 0.992866 -0.30205 0 0 0 1 
38591597440089;0.343578;0.0260749;0.975519 -0.177299 -0.130111 -0.233706 0.132151 0.945502 -0.297595 -0.425378 0.175783 0.273115 0.945785 -0.420673 0 0 0 1 
38591597440090;0.290589;0.0253932;0.994682 -0.100689 0.0216488 -0.202779 0.100564 0.994908 0.00676071 -0.122422 -0.0222193 -0.00454766 0.999743 0.347118 0 0 0 1 
38591597440091;0.344699;0.332352;0.999387 -0.0228075 0.0265508 -0.123688 0.0235541 0.999326 -0.0281546 -0.113696 -0.0258907 0.0287627 0.999251 0.141182 0 0 0 1 
38591597440093;0.395285;0.126652;0.951614 -0.23946 0.192588 -0.263483 0.252544 0.966484 -0.0461632 0.00130137 -0.175079 0.0925665 0.980193 -0.221367 0 0 0 1 
38591597440094;0.48271;0.011854;0.900151 0.0981706 0.42437 0.0505131 -0.131698 0.990011 0.0503287 0.478256 -0.415191 -0.101192 0.904089 -0.119706 0 0 0 1 
38591597440095;0.208258;0.0239825;0.971319 0.237749 -0.00372705 -0.153684 -0.237542 0.970932 0.0293952 0.242427 0.0106074 -0.0276668 0.999561 0.00108456 0 0 0 1 
38591597440096;0.348707;0.108814;0.930126 0.290885 -0.22417 -0.0922324 -0.251647 0.949416 0.187837 0.126379 0.26747 -0.1183 0.956277 -0.0501232 0 0 0 1 
38591597440097;0.0996698;0.0126516;0.995986 -0.0839527 -0.0310321 0.0413069 0.083746 0.996456 -0.00790361 -0.118487 0.0315857 0.00527307 0.999487 0.0844052 0 0 0 1 
38591597440098;0.341585;0.178066;0.934688 -0.237677 0.264326 -0.264916 0.209398 0.969032 0.130878 -0.380008 -0.287247 -0.0669813 0.955512 0.427823 0 0 0 1 
38591597440099;0.517514;0.105445;0.886669 0.168887 0.430459 -0.788982 -0.207252 0.977322 0.0434576 0.359437 -0.413358 -0.127746 0.901563 0.527895 0 0 0 1 
38591597440100;0.554576;0.0563706;0.904174 0.21841 0.367104 -0.845302 -0.205857 0.975815 -0.0735418 -0.195493 -0.374288 -0.00907645 0.927268 0.36801 0 0 0 1 
38591597440101;0.308911;0.0113863;0.997487 0.0119825 -0.06983 0.409512 -0.0133934 0.999715 -0.0197717 -0.176384 0.0695732 0.0206573 0.997363 -0.678482 0 0 0 1 
38591597440102;0.281264;0.0821914;0.974176 0.189138 0.12332 -0.203059 -0.211975 0.954224 0.211006 0.320962 -0.0777661 -0.231697 0.969675 0.0802995 0 0 0 1 
38591597440103;0.458862;0.197851;0.9716 -0.211904 0.105315 0.191124 0.193839 0.967996 0.159405 -0.691342 -0.135723 -0.134464 0.98158 -0.0589744 0 0 0 1 
38591597440104;0.179607;0.0113669;0.980566 0.0449445 -0.190973 0.115519 -0.0352297 0.997921 0.0539659 -0.11682 0.193001 -0.0461892 0.980111 -0.249223 0 0 0 1 
38591597440105;0.407802;0.292495;0.991543 -0.110026 -0.0688232 0.223458 0.110159 0.993912 -0.00186921 -0.220731 0.0686098 -0.00572812 0.997627 -0.0980499 0 0 0 1 
38591597440106;0.119513;0.0107548;0.997993 -0.00703929 0.0629329 -0.120849 0.0108832 0.998082 -0.0609467 0.116632 -0.0623831 0.0615093 0.996155 -0.127861 0 0 0 1 
38591597440107;0.268114;0.210755;0.998536 -0.0445092 -0.0307265 -0.0489103 0.0436647 0.998664 -0.0276295 0.00730912 0.0319152 0.0262473 0.999146 0.108544 0 0 0 1 
38591597440108;0.407271;0.0991971;0.947719 0.28995 -0.13326 -0.407837 -0.270199 0.951316 0.148292 0.148733 0.16977 -0.104533 0.979924 0.33452 0 0 0 1 
38591597440109;0.443389;0.0124405;0.97505 0.161218 0.1526 -0.71471 -0.184874 0.970269 0.156206 -0.504604 -0.12288 -0.180521 0.975865 0.0942084 0 0 0 1 
38591597440110;0.432632;0.0114404;0.972856 -0.07277 0.219673 -0.619451 0.129824 0.957443 -0.257776 0.463701 -0.191566 0.279298 0.940901 0.0442712 0 0 0 1 
38591597440111;0.338245;0.0366303;0.925576 0.309848 -0.217493 0.029282 -0.304875 0.950689 0.0569411 0.133085 0.224411 0.0136048 0.9744 -0.0143114 0 0 0 1 
38591597440112;0.277197;0.00833559;0.970225 0.1378 0.199185 -0.353753 -0.100679 0.977417 -0.185793 -0.0348482 -0.220289 0.160207 0.962188 0.247746 0 0 0 1 
38591597440113;0.357829;0.196119;0.996282 0.0860714 0.00382642 -0.254682 -0.0861559 0.995445 0.0408192 -0.0917447 -0.000295626 -0.0409971 0.999159 -0.506703 0 0 0 1 
38591597440114;0.246214;0.00713116;0.974163 0.221354 0.0448223 -0.177583 -0.213604 0.967483 -0.135464 0.499034 -0.0733504 0.12239 0.989768 -0.0485668 0 0 0 1 
38591597440115;0.388473;0.128228;0.920498 -0.256132 0.295093 -0.113488 0.281793 0.958313 -0.0472234 -0.214531 -0.270696 0.126624 0.954301 0.351226 0 0 0 1 
38591597440116;0.336493;0.125081;0.974025 -0.198713 0.108572 0.0805445 0.224017 0.915557 -0.334022 0.159937 -0.0330294 0.349668 0.936291 -0.176961 0 0 0 1 
38591597440117;0.374866;0.015735;0.999721 0.0223598 -0.00755715 0.838947 -0.0221616 0.999433 0.0253549 -0.193786 0.00811979 -0.0251803 0.99965 0.23126 0 0 0 1 
38591597440118;0.178075;0.00767213;0.985532 -0.136166 0.100925 0.0512299 0.156445 0.959909 -0.232594 0.0485458 -0.0652072 0.245018 0.967323 -0.0219087 0 0 0 1 
38591597440119;0.473817;0.0331558;0.985269 -0.168753 0.0277096 0.994559 0.169085 0.98555 -0.0100783 -0.381108 -0.0256085 0.0146151 0.999565 0.386075 0 0 0 1 
38591597440120;0.215098;0.0291375;0.970751 -0.239755 0.0126358 0.200766 0.239651 0.970815 0.00922082 -0.332799 -0.0144778 -0.00592294 0.999878 0.0172716 0 0 0 1 
38591597440121;0.418127;0.0071848;0.992277 0.0895856 0.0857985 0.0383339 -0.0951561 0.993454 0.0631942 0.0247922 -0.0795757 -0.0708704 0.994306 1.06597 0 0 0 1 
38591597440122;0.192825;0.013771;0.974204 0.223494 0.0312443 -0.183644 -0.225616 0.967561 0.113681 0.166896 -0.00482371 -0.117798 0.993026 0.105626 0 0 0 1 
38591597440124;0.0779043;0.0265047;0.999479 0.0137062 -0.0292061 0.00545438 -0.0140972 0.999813 -0.0132244 0.0707903 0.0290194 0.0136293 0.999486 0.13467 0 0 0 1 
38591597440125;0.14453;0.0161797;0.998923 0.0135465 -0.0443708 0.0537335 -0.00264674 0.971502 0.237016 -0.207913 0.046317 -0.236643 0.970492 -0.577101 0 0 0 1 
38591597440126;0.34028;0.0187132;0.952045 -0.156164 0.263101 -0.716541 0.189922 0.975837 -0.108034 -0.270698 -0.239873 0.152822 0.9587 0.296972 0 0 0 1 
38591597440127;0.280733;0.0133249;0.974707 -0.112119 0.193327 -0.546665 0.107495 0.993614 0.0342806 0.213015 -0.195936 -0.0126319 0.980535 0.258067 0 0 0 1 
38591597440128;0.300881;0.0790876;0.939643 0.339475 -0.0427432 0.934264 -0.32423 0.923345 0.205693 0.121251 0.109294 -0.179419 0.977683 -0.54621 0 0 0 1 
38591597440129;0.231531;0.0193747;0.958676 0.0902034 -0.26982 0.482778 -0.0289604 0.97442 0.222861 -0.0262022 0.283021 -0.205837 0.936766 -0.720049 0 0 0 1 
38591597440130;0.346361;0.0153232;0.991941 -0.124316 0.0244548 -0.419732 0.123971 0.99217 0.0151618 -0.769196 -0.0261482 -0.0120079 0.999586 -0.211531 0 0 0 1 
38591597440131;0.336968;0.337812;0.990877 -0.116746 0.0673227 -0.0481054 0.116953 0.993137 0.000862527 0.260022 -0.0669614 0.00701895 0.997731 0.14445 0 0 0 1 
38591597440132;0.344656;0.0671147;0.906667 0.34561 -0.241886 1.10106 -0.361662 0.932001 -0.0239678 0.226915 0.217155 0.109212 0.970009 0.228965 0 0 0 1 
38591597440133;0.350181;0.0295988;0.988502 0.150061 0.0185872 0.2012 -0.147338 0.983533 -0.10466 -0.418301 -0.0339865 0.100718 0.994334 0.491181 0 0 0 1 
38591597440134;0.561974;0.283902;0.948347 -0.210354 0.237465 -0.0268842 0.222131 0.97473 -0.0236616 0.325664 -0.226487 0.0751878 0.971108 1.02802 0 0 0 1 
38591597440135;0.216019;0.0196895;0.979224 -0.0308625 -0.20042 0.155891 0.0573778 0.99013 0.127871 -0.26029 0.194495 -0.136714 0.97133 -0.555779 0 0 0 1 
38591597440136;0.499684;0.293899;0.996507 -0.0832749 -0.00620155 0.134062 0.0832677 0.996526 -0.00141857 -0.015348 0.00629814 0.000897228 0.99998 -0.666825 0 0 0 1 
38591597440137;0.297035;0.00988199;0.994639 0.102019 0.0168922 0.0767266 -0.10092 0.993288 -0.0565149 0.658031 -0.0225444 0.0545072 0.998259 0.127921 0 0 0 1 
38591597440138;0.314957;0.0132612;0.938253 0.270605 0.215534 0.682898 -0.279507 0.960077 0.0113484 0.293831 -0.203858 -0.0708909 0.97643 -0.119249 0 0 0 1 
38591597440139;0.155913;0.0171322;0.994474 -0.00905288 0.10459 0.119223 0.0253559 0.987492 -0.155618 0.112987 -0.101873 0.15741 0.982265 0.610553 0 0 0 1 
38591597440140;0.442404;0.0172311;0.983623 -0.0671862 0.167247 -0.174654 0.0148956 0.955054 0.296058 -0.271861 -0.179621 -0.288718 0.940414 0.168964 0 0 0 1 
38591597440141;0.257242;0.0190096;0.976804 0.170546 -0.129488 0.724891 -0.110147 0.91875 0.379166 -0.386871 0.183632 -0.356108 0.916224 -1.08266 0 0 0 1 
38591597440142;0.222719;0.0203364;0.977733 0.120353 0.17191 0.226814 -0.12349 0.992316 0.00763114 0.14317 -0.169671 -0.0286904 0.985083 0.29035 0 0 0 1 
38591597440143;0.482302;0.0193184;0.942065 0.178229 -0.284161 0.784949 -0.093443 0.953065 0.287985 -0.825689 0.322151 -0.244748 0.914504 -0.765226 0 0 0 1 
38591597440144;0.255934;0.0161274;0.996868 0.0779572 -0.0133149 0.272108 -0.077724 0.996826 0.0172164 0.300326 0.0146148 -0.0161276 0.999763 -0.52956 0 0 0 1 
38591597440145;0.370694;0.332516;0.964186 -0.132428 -0.229801 0.124657 0.117604 0.990062 -0.0771096 0.420012 0.237729 0.0473225 0.970178 -0.112731 0 0 0 1 
38591597440146;0.299941;0.02943;0.996369 0.0629169 -0.0573676 0.205077 -0.0680396 0.993412 -0.0922139 -0.134565 0.0511878 0.0957823 0.994085 0.765831 0 0 0 1 
38591597440147;0.410512;0.155504;0.997743 -0.0633152 0.0223537 -0.253969 0.064073 0.997332 -0.0349893 0.348056 -0.0200787 0.0363426 0.999138 -0.496383 0 0 0 1 
38591597440148;0.471802;0.394414;0.97341 -0.173087 -0.150048 0.187519 0.182048 0.982113 0.0480965 0.24877 0.139039 -0.0741336 0.987508 -0.14081 0 0 0 1 
38591597440149;0.337741;0.0121328;0.999983 0.00357856 -0.00456069 0.0708855 -0.0035806 0.999993 -0.000439729 0.210464 0.00455909 0.000456052 0.99999 -0.691832 0 0 0 1 
38591597440150;0.131256;0.0124575;0.998683 -0.051197 -0.00326921 -0.228283 0.0511898 0.998686 -0.00224233 0.0286866 0.00337971 0.00207203 0.999992 -0.211806 0 0 0 1 
38591597440151;0.387023;0.355195;0.994046 -0.0439659 -0.099698 0.0998465 0.0445504 0.999001 0.00364214 0.124878 0.0994382 -0.00806204 0.995011 0.287287 0 0 0 1 
38591597440152;0.263342;0.141318;0.978984 -0.203652 -0.0107422 -0.325413 0.203786 0.978925 0.0133328 -0.0492152 0.00780053 -0.0152418 0.999853 -0.0151331 0 0 0 1 
38591597440153;0.441403;0.0160291;0.989404 0.135012 -0.0533918 0.383246 -0.12535 0.979918 0.155074 0.541569 0.0732565 -0.146738 0.986459 0.235389 0 0 0 1 
38591597440155;0.258376;0.00826612;0.998673 0.043056 0.028271 -0.610339 -0.0442621 0.998071 0.0435228 0.246412 -0.0263425 -0.0447164 0.998652 0.528696 0 0 0 1 
38591597440156;0.221561;0.00949772;0.999768 0.013067 -0.0171421 0.0307693 -0.0143702 0.996831 -0.0782422 0.0179618 0.0160653 0.0784703 0.996787 -0.698821 0 0 0 1 
38591597440157;0.430412;0.299719;0.992056 -0.0842222 -0.0934416 0.39658 0.0687149 0.985001 -0.158279 0.190959 0.105371 0.1506 0.982963 -0.446283 0 0 0 1 
38591597440158;0.209175;0.00619611;0.987321 0.0359687 0.154607 -0.101278 -0.0422295 0.998408 0.0374025 0.194014 -0.153015 -0.0434572 0.987268 0.638891 0 0 0 1 
38591597440159;0.222826;0.172785;0.986409 -0.0600134 -0.152955 0.125295 0.0499142 0.996365 -0.0690357 0.0497823 0.156542 0.0604629 0.985819 -0.199086 0 0 0 1 
38591597440160;0.348174;0.00618108;0.998007 0.0471102 -0.0419819 -0.266918 -0.0500774 0.996097 -0.0726794 0.925223 0.0383941 0.0746369 0.996471 -0.549877 0 0 0 1 
38591597440161;0.528254;0.394743;0.996632 -0.0737321 -0.0358988 0.252585 0.0723322 0.996624 -0.0388478 -0.34813 0.0386419 0.0361203 0.9986 0.125072 0 0 0 1 
38591597440162;0.274646;0.00711613;0.997665 -0.0677488 -0.008643 -0.741023 0.0678034 0.99768 0.00618989 -0.0174581 0.00820358 -0.00676146 0.999943 -0.127934 0 0 0 1 
38591597440163;0.298037;0.224525;0.998754 -0.0469817 -0.0168525 0.0833518 0.0473408 0.998646 0.021584 -0.0916862 0.0158156 -0.022355 0.999625 -0.243285 0 0 0 1 
38591597440164;0.263298;0.00722496;0.976639 0.183441 -0.11192 -0.269737 -0.178946 0.982635 0.0490536 0.0890926 0.118975 -0.0278801 0.992506 0.543226 0 0 0 1 
38591597440165;0.352749;0.00764196;0.977458 0.20903 -0.0296974 -0.601296 -0.210579 0.955079 -0.20852 0.611527 -0.0152235 0.210073 0.977567 -0.417645 0 0 0 1 
38591597440166;0.206209;0.00665427;0.982932 -0.181107 0.0323139 0.33798 0.182659 0.981678 -0.0542638 0.21579 -0.0218943 0.0592401 0.998004 -0.20685 0 0 0 1 
38591597440167;0.319448;0.0095278;0.999927 -0.00346537 0.0115902 0.354005 0.00352027 0.999983 -0.00471933 -0.446413 -0.0115736 0.00475979 0.999922 -0.755182 0 0 0 1 
38591597440168;0.116047;0.00804087;0.999766 0.0177208 -0.0123867 -0.0128072 -0.0192132 0.990914 -0.133121 0.130237 0.00991511 0.133328 0.991022 -0.209401 0 0 0 1 
38591597440169;0.218803;0.0067904;0.997483 -0.0267275 0.0656795 0.00805161 0.0100952 0.970336 0.24155 -0.196912 -0.0701872 -0.240279 0.968163 0.477024 0 0 0 1 
38591597440170;0.167043;0.00872228;0.999698 0.00832249 -0.0231026 0.0522173 -0.00824438 0.99996 0.00347391 -0.061724 0.0231306 -0.00328239 0.999727 -0.488074 0 0 0 1 
38591597440171;0.339075;0.00877136;0.962591 -0.25173 0.100256 0.459388 0.253596 0.967291 -0.00610958 0.0737012 -0.0954391 0.0313056 0.994943 0.672883 0 0 0 1 
38591597440172;0.374586;0.00789393;0.976496 -0.08744 -0.197001 1.06078 0.0508139 0.981643 -0.183833 0.103971 0.209459 0.169502 0.963014 -0.0281802 0 0 0 1 
38591597440173;0.118391;0.00741624;0.99761 0.0276813 0.0633082 -0.300516 -0.0252309 0.998913 -0.0391827 0.0347044 -0.064324 0.0374917 0.997225 0.169697 0 0 0 1 
38591597440174;0.158802;0.00712137;0.99295 -0.0365821 0.112747 -0.128572 0.0136852 0.980204 0.197516 -0.0798849 -0.11774 -0.194581 0.973794 0.199644 0 0 0 1 
38591597440175;0.263758;0.00673447;0.962974 0.184758 0.196333 -0.562834 -0.199612 0.978121 0.0586021 0.0915608 -0.18121 -0.0956226 0.978785 0.36014 0 0 0 1 
38591597440176;0.174741;0.00708808;0.998618 -0.0513376 0.0112828 0.0669569 0.0485669 0.983286 0.175468 -0.35396 -0.0201023 -0.174678 0.98442 0.156139 0 0 0 1 
38591597440177;0.253101;0.00797535;0.992241 0.121813 0.0248887 -0.6177 -0.121112 0.992245 -0.0279737 -0.317209 -0.0281033 0.0247423 0.999299 -0.190601 0 0 0 1 
38591597440178;0.247175;0.00592751;0.996511 0.0785688 0.0281514 -0.36226 -0.0770327 0.99567 -0.0520292 -0.556789 -0.0321174 0.0496791 0.998249 -0.169638 0 0 0 1 
38591597440179;0.388374;0.346474;0.998873 -0.0447709 0.0157417 -0.00312444 0.0454797 0.997812 -0.0479961 0.111124 -0.0135584 0.048658 0.998723 0.0840212 0 0 0 1 
38591597440180;0.287474;0.0083497;0.906166 0.291944 -0.305992 -0.0447893 -0.277188 0.956434 0.0916592 0.230331 0.31942 0.00175867 0.947612 -0.332111 0 0 0 1 
38591597440181;0.269146;0.0065269;0.998881 -0.0323539 0.0344905 0.220409 0.0289103 0.994957 0.0960496 -0.736855 -0.0374241 -0.094945 0.994779 -0.130921 0 0 0 1 
38591597440182;0.36237;0.0455708;0.962683 0.239022 0.126926 -0.798057 -0.256165 0.956079 0.142453 0.0741331 -0.0873022 -0.169651 0.98163 -0.14599 0 0 0 1 
38591597440183;0.418551;0.312492;0.996082 -0.0814886 -0.0343597 0.376752 0.0750459 0.984408 -0.159088 0.00420398 0.0467878 0.155886 0.986666 -0.187812 0 0 0 1 
38591597440184;0.369769;0.0075711;0.999581 -0.0209434 0.0199991 -0.822598 0.0237197 0.988316 -0.150561 -0.0462947 -0.0166122 0.150972 0.988398 -0.694318 0 0 0 1 
38591597440186;0.226268;0.0410588;0.999934 -0.0059459 0.00982465 -0.135674 0.00583821 0.999923 0.0109534 -0.262707 -0.00988902 -0.0108953 0.999892 0.0721429 0 0 0 1 
38591597440187;0.539163;0.238695;0.982799 -0.154373 0.101363 0.391216 0.154029 0.988002 0.0112613 -0.760488 -0.101886 0.00454532 0.994786 0.789374 0 0 0 1 
38591597440188;0.243538;0.0382705;0.970939 0.179602 0.158178 -0.204191 -0.202292 0.969062 0.14141 0.56916 -0.127887 -0.169299 0.977232 0.470012 0 0 0 1 
38591597440189;0.327282;0.0732846;0.998905 -0.0124386 -0.045092 0.133348 0.014987 0.998283 0.0566252 -0.192591 0.0443102 -0.057239 0.997377 -0.567846 0 0 0 1 
38591597440190;0.477387;0.0403553;0.94385 0.110793 0.311242 -0.0988164 -0.188314 0.954484 0.231298 0.430201 -0.271449 -0.276922 0.921754 1.3911 0 0 0 1 
38591597440191;0.452785;0.062409;0.991348 0.00129824 0.131253 -0.0406672 -0.0599686 0.893969 0.444098 -0.103146 -0.11676 -0.448127 0.886312 0.960189 0 0 0 1 
38591597440192;0.627235;0.351788;0.997616 -0.0577645 0.0377488 0.237311 0.054801 0.995653 0.0753157 -0.442625 -0.0419353 -0.0730675 0.996445 0.778918 0 0 0 1 
38591597440193;0.3706;0.0503384;0.999823 0.00239865 0.0186636 -0.104097 0.000300793 0.989678 -0.143308 0.227892 -0.0188147 0.143288 0.989502 -0.477985 0 0 0 1 
38591597440194;0.358294;0.035051;0.981979 0.156443 0.106029 0.262315 -0.157522 0.987514 0.00182962 0.136648 -0.104419 -0.0184985 0.994361 0.180554 0 0 0 1 
38591597440195;0.380792;0.0332129;0.93457 0.294632 -0.199428 0.0373163 -0.295953 0.954905 0.023854 0.825816 0.197463 0.036728 0.979622 -0.274886 0 0 0 1 
38591597440196;0.614704;0.665444;0.995478 -0.0624992 -0.0715409 0.0588792 0.0731209 0.984879 0.157059 -0.310781 0.060643 -0.161579 0.984995 0.421063 0 0 0 1 
38591597440197;0.540834;0.0391209;0.949446 0.30296 -0.0822626 0.591473 -0.305961 0.951678 -0.0264119 0.961698 0.0702858 0.0502458 0.996261 0.0392515 0 0 0 1 
38591597440198;0.653732;0.0360495;0.973199 0.228885 -0.0222578 0.0267984 -0.226423 0.93679 -0.266754 0.317347 -0.0402051 0.264644 0.963508 0.534348 0 0 0 1 
38591597440199;0.0659977;0.044046;0.999627 -0.0205344 0.0179978 -0.0462164 0.0206688 0.99976 -0.00731288 -0.0698784 -0.0178433 0.00768215 0.999811 0.0137107 0 0 0 1 
38591597440200;0.599375;0.0391825;0.998328 0.0571203 -0.00886171 0.53236 -0.0571054 0.998366 0.0019346 0.739857 0.00895773 -0.00142531 0.999959 0.123647 0 0 0 1 
38591597440201;0.617035;0.0341369;0.99504 0.0573459 0.0812772 0.385834 -0.0365072 0.970608 -0.23788 0.214435 -0.0925298 0.233733 0.967888 -0.519002 0 0 0 1 
38591597440202;0.728849;0.303057;0.936494 0.0691745 -0.343792 0.665022 0.00912751 0.975212 0.221086 -0.376343 0.350564 -0.210184 0.912649 0.231489 0 0 0 1 
38591597440203;0.628996;0.0381986;0.958858 0.282999 -0.0224238 0.727809 -0.282142 0.958731 0.0350785 0.914825 0.0314256 -0.0273086 0.999133 0.11571 0 0 0 1 
38591597440204;0.361491;0.269883;0.998975 -0.0449965 -0.0048565 0.0346873 0.045109 0.998636 0.026278 -0.244448 0.00366746 -0.0264702 0.999643 0.32418 0 0 0 1 
38591597440205;0.426394;0.0409272;0.979469 0.145801 0.139223 -0.415903 -0.17303 0.962388 0.209452 0.286978 -0.103448 -0.229242 0.967857 0.72492 0 0 0 1 
38591597440206;0.39785;0.0415198;0.98064 0.0966351 0.170314 -0.0198414 -0.152768 0.921656 0.356669 0.257792 -0.122504 -0.375783 0.918575 0.86616 0 0 0 1 
38591597440207;0.654746;0.040544;0.987412 0.151687 0.0448166 -0.575262 -0.153997 0.986618 0.0535775 -0.168502 -0.0360898 -0.0598047 0.997557 0.473025 0 0 0 1 
38591597440208;0.405729;0.0448431;0.961308 -0.032052 0.273606 -0.160765 -0.0248338 0.979081 0.201949 -0.4369 -0.274355 -0.20093 0.940402 0.629163 0 0 0 1 
38591597440209;0.302589;0.0479242;0.946692 0.322138 0.00128889 -0.161074 -0.322055 0.946342 0.0267687 0.939221 0.00740347 -0.0257568 0.999641 0.042734 0 0 0 1 
38591597440210;0.290612;0.0400129;0.996001 0.0878419 -0.0163035 -0.11689 -0.0892982 0.97308 -0.212464 0.400637 -0.0027987 0.213071 0.977033 0.0719613 0 0 0 1 
38591597440211;0.669792;0.0353389;0.982279 0.146543 0.116844 -0.300114 -0.161462 0.97821 0.130518 -0.423182 -0.0951713 -0.147071 0.984537 0.570615 0 0 0 1 
38591597440212;0.674895;0.0360379;0.922416 0.10597 0.371376 0.706962 -0.225899 0.928001 0.296284 0.631408 -0.31324 -0.357191 0.879941 1.1643 0 0 0 1 
38591597440213;0.74739;0.0366218;0.990451 0.0630711 -0.122589 0.0886979 -0.0333951 0.972493 0.230526 -0.972172 0.133756 -0.224231 0.965313 0.00375804 0 0 0 1 
38591597440214;0.177349;0.035224;0.999856 0.00110751 -0.0169406 0.0698494 -0.004165 0.983376 -0.181535 0.0439973 0.0164579 0.181579 0.983239 -0.247855 0 0 0 1 
38591597440215;0.720627;0.0470659;0.99294 0.0615389 -0.101402 -0.0529195 -0.0684349 0.995471 -0.0659901 0.515322 0.0968819 0.0724636 0.992654 -1.27433 0 0 0 1 
38591597440217;0.284412;0.0115481;0.999869 -0.016011 -0.0021893 0.245218 0.0160295 0.999834 0.0087137 0.0835695 0.00204942 -0.00874765 0.99996 0.608391 0 0 0 1 
38591597440218;0.175507;0.0152412;0.981022 0.190999 -0.0333897 -0.154241 -0.192279 0.9805 -0.0405966 0.274054 0.0249847 0.0462463 0.998618 -0.0409707 0 0 0 1 
38591597440219;0.263573;0.0172742;0.983739 0.179541 0.0047048 -0.170279 -0.179521 0.983744 -0.00444238 0.372116 -0.00542591 0.00352553 0.999979 0.400967 0 0 0 1 
38591597440220;0.260161;0.0144692;0.998813 0.0320519 -0.0366782 0.03105 -0.0309822 0.999088 0.0293687 0.544757 0.0375861 -0.0281975 0.998895 0.221305 0 0 0 1 
38591597440221;0.443483;0.0181315;0.993921 -0.0920909 -0.0603315 0.938801 0.102096 0.976047 0.192117 0.117307 0.0411941 -0.197108 0.979516 0.379051 0 0 0 1 
38591597440222;0.400675;0.0133965;0.995567 0.0894302 0.0291432 -0.253857 -0.0901295 0.99565 0.0236349 0.351031 -0.0269027 -0.0261568 0.999296 -0.818231 0 0 0 1 
38591597440223;0.500048;0.170981;0.938755 0.336949 0.0721422 -0.528237 -0.341483 0.937717 0.0638407 0.512602 -0.0461379 -0.0845661 0.995349 0.416967 0 0 0 1 
38591597440224;0.319063;0.0165475;0.999653 0.0239605 -0.010914 0.162524 -0.0239678 0.999713 -0.000531961 0.181434 0.0108982 0.000793362 0.99994 -0.740505 0 0 0 1 
38591597440225;0.246702;0.0174232;0.986191 -0.101537 0.130838 0.124503 0.0787079 0.982441 0.169161 0.173068 -0.145717 -0.156527 0.976865 -0.0672991 0 0 0 1 
38591597440226;0.422905;0.185348;0.930745 0.252252 0.264732 -0.55962 -0.21204 0.962133 -0.171285 0.442673 -0.297915 0.103289 0.948988 0.288154 0 0 0 1 
38591597440227;0.114525;0.0108331;0.998737 0.000668982 0.0502345 -0.0891284 -0.00518533 0.995944 0.089829 -0.231687 -0.0499706 -0.0899761 0.99469 0.0301855 0 0 0 1 
38591597440228;0.227089;0.0264905;0.964824 -0.259846 0.0399464 0.108927 0.261543 0.964113 -0.0456232 -0.137217 -0.0266579 0.0544661 0.99816 0.0680719 0 0 0 1 
38591597440229;0.366377;0.012424;0.962951 0.267402 0.0349589 -0.55178 -0.265251 0.962544 -0.0561232 0.638335 -0.0486569 0.044771 0.997812 -0.216887 0 0 0 1 
38591597440230;0.40791;0.0153887;0.999872 0.00917222 0.0131132 -0.0529909 -0.010093 0.997356 0.0719724 -0.0318363 -0.0124184 -0.0720955 0.99732 1.00425 0 0 0 1 
38591597440231;0.122929;0.0149406;0.997626 0.059384 -0.0348643 0.0973579 -0.0560625 0.994403 0.0895511 -0.187867 0.0399871 -0.0873839 0.995372 0.0545864 0 0 0 1 
38591597440232;0.235296;0.0166623;0.964724 -0.261012 0.0343705 0.292502 0.260659 0.965323 0.0144584 -0.264323 -0.0369524 -0.00498939 0.999305 -0.0277925 0 0 0 1 
38591597440233;0.450082;0.0153394;0.909447 -0.00504563 -0.41579 0.649951 0.119114 0.961184 0.24887 -0.392308 0.398395 -0.275861 0.874747 -0.402509 0 0 0 1 
38591597440234;0.442338;0.266624;0.97973 -0.173611 -0.0999435 0.260361 0.164539 0.98199 -0.092857 0.0497611 0.114264 0.0745302 0.990651 -0.19392 0 0 0 1 
38591597440235;0.600621;0.158105;0.942909 0.332103 -0.0251068 -0.714557 -0.330346 0.942179 0.0563129 0.710204 0.0423567 -0.044804 0.998097 0.561256 0 0 0 1 
38591597440236;0.098733;0.011835;0.996067 0.0601426 -0.065064 0.121719 -0.0598252 0.998186 0.00681785 0.0409881 0.065356 -0.00289857 0.997858 -0.154162 0 0 0 1 
38591597440237;0.391996;0.016582;0.992631 -0.119209 -0.0217449 0.49218 0.12056 0.989626 0.0781391 0.319789 0.0122044 -0.0801848 0.996705 0.596721 0 0 0 1 
38591597440238;0.352561;0.0143965;0.919576 0.210297 0.331897 -0.343877 -0.254358 0.962441 0.0949193 0.127933 -0.29947 -0.171706 0.938528 0.560694 0 0 0 1 
38591597440239;0.273596;0.0381606;0.954541 -0.283517 0.0920271 0.20396 0.286213 0.95801 -0.0172778 -0.310465 -0.0832643 0.0428317 0.995607 -0.0689134 0 0 0 1 
38591597440240;0.59112;0.272978;0.985923 -0.123884 -0.112286 0.449819 0.136069 0.984766 0.108266 -0.569824 0.0971628 -0.12202 0.98776 0.585608 0 0 0 1 
38591597440241;0.457943;0.266879;0.995381 0.0937341 0.0207427 -0.324793 -0.0921468 0.993457 -0.0674725 0.418916 -0.0269315 0.0652495 0.997505 -0.637792 0 0 0 1 
38591597440242;0.307705;0.0135975;0.982249 0.185531 0.0276653 0.223496 -0.185849 0.982534 0.00935144 -0.331639 -0.0254471 -0.014327 0.999574 -0.0199572 0 0 0 1 
38591597440243;0.105317;0.0150891;0.997996 -0.0630989 0.00479135 0.0952453 0.0630748 0.997996 0.00503125 -0.0756391 -0.00509921 -0.00471895 0.999976 -0.179292 0 0 0 1 
38591597440244;0.562292;0.120538;0.951164 -0.261641 -0.163804 0.802132 0.228032 0.953218 -0.198435 0.0525282 0.208059 0.151391 0.966329 -0.938068 0 0 0 1 
38591597440245;0.374359;0.0140129;0.992614 -0.112843 -0.044534 -0.519724 0.115075 0.992035 0.0512197 0.30129 0.0383995 -0.0559662 0.997694 0.310132 0 0 0 1 
38591597440246;0.451519;0.330098;0.996446 0.0842211 0.0013034 -0.27502 -0.084172 0.996207 -0.0220505 0.345819 -0.00315557 0.0218624 0.999756 -0.286449 0 0 0 1 
38591597440248;0.275634;0.234065;0.999511 0.0311494 0.0026325 -0.129113 -0.0311189 0.999456 -0.0109365 0.0397652 -0.00297173 0.0108492 0.999937 -0.0151666 0 0 0 1 
38591597440249;0.256114;0.00713932;0.95863 -0.182718 -0.218271 0.586065 0.169427 0.982428 -0.0782938 -0.0410191 0.228741 0.0380739 0.972743 -0.378723 0 0 0 1 
38591597440250;0.238063;0.00759932;0.922775 -0.0151692 -0.385042 0.238751 -0.0411123 0.989646 -0.137516 0.306298 0.383141 0.142726 0.912596 -0.505277 0 0 0 1 
38591597440251;0.292932;0.0068849;0.999977 -0.000407669 0.00683893 -0.0266282 0.000382022 0.999993 0.00375108 -0.0202227 -0.00684041 -0.00374837 0.99997 0.854692 0 0 0 1 
38591597440252;0.40515;0.0156837;0.994682 -0.00287614 0.102958 -0.23689 0.0523995 0.874713 -0.481801 0.511862 -0.0886725 0.484633 0.870211 -0.312781 0 0 0 1 
38591597440253;0.264249;0.00693516;0.999667 -0.0174209 0.019048 -0.658211 0.0171937 0.99978 0.012029 0.0274948 -0.0192534 -0.0116975 0.999746 -0.311391 0 0 0 1 
38591597440254;0.377732;0.111259;0.942057 -0.29216 0.164839 0.386794 0.257607 0.944821 0.202367 -0.609415 -0.214867 -0.148178 0.965337 0.239215 0 0 0 1 
38591597440255;0.159826;0.00832364;0.976613 0.0820558 0.19873 0.118226 -0.0693608 0.99513 -0.0700328 0.122182 -0.203508 0.0546109 0.977549 0.377386 0 0 0 1 
38591597440256;0.0516293;0.00795525;0.998999 0.0300487 0.0331316 -0.0770002 -0.0291586 0.999209 -0.0270291 0.123824 -0.0339175 0.026036 0.999085 0.0500343 0 0 0 1 
38591597440257;0.294004;0.00802602;0.986715 -0.125767 -0.102838 0.137106 0.117691 0.989727 -0.0811721 0.50409 0.11199 0.0679907 0.991381 0.280025 0 0 0 1 
