#;prob_registration_l1 -r /home/probabilistic_point_clouds_registration/build/tester /home/point_clouds_registration_benchmark//devel/registration_pairs/gazebo_summer_local.txt /home/point_clouds_registration_benchmark//eth/gazebo_summer -s 0.2 -t 0.2 -p 0.3 -r 1000 -m 1 -i 40 
id;initial_error;final_error;transformation
36535719080000;0.0805842;0.0767159;0.999531 -0.00928827 0.0291839 -0.130057 0.00643421 0.995321 0.0964098 -0.0399507 -0.0299428 -0.0961768 0.994914 0.0553952 0 0 0 1 
36535719080001;0.11249;0.0814848;0.987264 0.010579 0.158739 -0.295984 0.00015753 0.997721 -0.067472 0.00543026 -0.159091 0.0666377 0.985012 0.242651 0 0 0 1 
36535719080002;0.259114;0.0905516;0.990324 0.028747 0.135761 0.0669654 -0.0536384 0.981569 0.183427 -0.445423 -0.127986 -0.188934 0.973614 0.122936 0 0 0 1 
36535719080003;0.441289;0.575176;0.986863 -0.0501873 0.153566 -0.708572 0.0602408 0.996286 -0.0615275 0.0221972 -0.149908 0.0699701 0.986221 -0.0743026 0 0 0 1 
36535719080004;0.424931;0.544042;0.961256 -0.0376369 0.273077 -0.913376 0.0596807 0.995554 -0.072869 0.081815 -0.26912 0.0863432 0.959228 -0.0766503 0 0 0 1 
36535719080005;0.508351;0.110313;0.985767 -0.114913 0.122711 0.355017 0.152837 0.91661 -0.369414 0.772425 -0.0700282 0.382911 0.921127 -0.356664 0 0 0 1 
36535719080006;0.482532;0.396058;0.990262 -0.0246366 -0.137016 -0.709733 0.0025432 0.987254 -0.159135 0.42289 0.139191 0.157237 0.977703 -1.39104 0 0 0 1 
36535719080007;0.407429;0.0964166;0.949151 -0.31482 -0.000740872 0.0808402 0.30528 0.920959 -0.242155 -0.675614 0.0769176 0.229615 0.970237 -1.14674 0 0 0 1 
36535719080008;0.494873;0.433322;0.982034 0.0029267 0.188679 -1.15261 0.0557644 0.950722 -0.304989 0.484443 -0.180274 0.310031 0.933478 -0.599357 0 0 0 1 
36535719080009;0.260051;0.0788707;0.988082 -0.0849218 0.128384 -0.231697 0.0793728 0.995701 0.0477465 -0.748721 -0.131886 -0.0369873 0.990575 -0.278408 0 0 0 1 
36535719080010;0.367096;0.104318;0.980152 -0.156918 0.121154 0.43492 0.161985 0.986237 -0.0331138 -0.145808 -0.114291 0.0520817 0.992081 0.783672 0 0 0 1 
36535719080011;0.379627;0.118144;0.969407 -0.204349 0.13598 -0.0680769 0.195328 0.977725 0.0768115 0.362463 -0.148648 -0.0479009 0.987729 -0.180716 0 0 0 1 
36535719080012;0.1676;0.0887236;0.998976 0.0341076 0.0297278 -0.375948 -0.03455 0.999298 0.0144972 0.17386 -0.0292125 -0.0155094 0.999453 -0.492925 0 0 0 1 
36535719080013;0.445602;0.472487;0.960983 -0.0697946 0.267658 -0.225167 0.0732736 0.997307 -0.00301844 -0.124303 -0.266727 0.0225129 0.963509 0.475346 0 0 0 1 
36535719080014;0.45281;0.475897;0.998566 0.0396469 0.0359709 -1.18067 -0.0396817 0.999212 0.000254825 0.117675 -0.0359325 -0.00168185 0.999353 0.0852834 0 0 0 1 
36535719080015;0.366192;0.43823;0.997751 -0.02038 0.0638586 -1.12187 0.0174428 0.998779 0.0462205 -0.0118422 -0.0647226 -0.0450027 0.996888 0.218603 0 0 0 1 
36535719080016;0.0775968;0.0765895;0.992366 0.00115339 0.123326 -0.246187 -0.0068823 0.998916 0.0460376 0.0186344 -0.123139 -0.0465349 0.991298 0.174765 0 0 0 1 
36535719080017;0.294515;0.0719635;0.957774 0.0701382 0.278836 -0.287017 0.0108888 0.960246 -0.278941 0.20469 -0.287316 0.270199 0.918935 0.225384 0 0 0 1 
36535719080018;0.425335;0.467925;0.999642 -0.0244181 0.0108961 -0.782621 0.0251349 0.997132 -0.0713889 -0.205764 -0.00912164 0.0716373 0.997389 -0.537365 0 0 0 1 
36535719080019;0.389784;0.473026;0.998934 -0.016587 -0.043075 -0.783367 0.0134375 0.997285 -0.0724032 -0.0583015 0.044159 0.0717472 0.996445 -0.450895 0 0 0 1 
36535719080020;0.317608;0.0789992;0.980081 0.188041 -0.0638972 -0.302999 -0.184084 0.980886 0.063062 0.998469 0.0745341 -0.0500434 0.995962 -0.00129793 0 0 0 1 
36535719080021;0.423824;0.399695;0.945158 -0.115685 0.30544 -0.583382 0.226337 0.906208 -0.357153 0.237534 -0.235475 0.406698 0.882694 0.197447 0 0 0 1 
36535719080022;0.154215;0.0735448;0.999684 0.0107785 0.0226959 -0.439057 -0.0111213 0.999825 0.0150308 -0.00522919 -0.0225299 -0.0152784 0.999629 -0.332661 0 0 0 1 
36535719080023;0.35143;0.0712008;0.973731 0.0112551 -0.227424 -0.124329 0.0122684 0.994734 0.101757 0.292026 0.227371 -0.101874 0.968465 0.315573 0 0 0 1 
36535719080024;0.34005;0.0865039;0.961975 -0.234172 -0.140594 0.232393 0.171918 0.919099 -0.354543 -0.228825 0.212244 0.316891 0.924409 -1.06778 0 0 0 1 
36535719080025;0.273677;0.0801873;0.99243 0.0796192 -0.093508 -0.269477 -0.0613066 0.980909 0.184549 0.518137 0.106416 -0.177419 0.978365 0.0248868 0 0 0 1 
36535719080026;0.254446;0.116103;0.998593 -0.0198624 0.0491647 0.223135 0.0193888 0.999761 0.0100899 0.417353 -0.0493534 -0.00912247 0.99874 -0.00812797 0 0 0 1 
36535719080027;0.274443;0.0851287;0.97093 0.213823 0.107583 -0.549979 -0.214621 0.976688 -0.00424179 0.465982 -0.105982 -0.0189711 0.994187 0.0667603 0 0 0 1 
36535719080028;0.110223;0.0748317;0.991947 -0.0217301 0.124774 -0.329707 0.029735 0.997592 -0.062656 -0.186614 -0.123112 0.0658616 0.990205 0.0692773 0 0 0 1 
36535719080029;0.464721;0.605264;0.97785 -0.0417365 0.205106 -1.05308 0.0449919 0.998924 -0.0112319 -0.021506 -0.204416 0.0202112 0.978675 -0.246769 0 0 0 1 
36535719080031;0.562593;0.830486;0.996749 -0.0252759 0.076503 -1.30038 0.0276269 0.999173 -0.0298301 0.546613 -0.0756858 0.0318467 0.996623 -0.218008 0 0 0 1 
36535719080032;0.49885;0.656556;0.998607 0.0509714 0.0136074 -0.904731 -0.0520097 0.994405 0.0919399 0.577692 -0.00884494 -0.0925196 0.995672 -0.339412 0 0 0 1 
36535719080033;0.471869;0.934256;0.981135 0.157402 0.112244 -1.58187 -0.184617 0.935131 0.302401 1.03042 -0.057364 -0.317418 0.946549 0.767915 0 0 0 1 
36535719080034;0.28376;0.547207;0.983283 0.0612727 -0.171464 -0.551381 -0.048647 0.995852 0.076895 0.770963 0.175464 -0.0672683 0.982185 -0.657384 0 0 0 1 
36535719080035;0.587922;1.03369;0.991785 -0.0748357 0.103745 -1.63619 0.0782945 0.996489 -0.0296726 0.130831 -0.10116 0.0375515 0.994161 -0.795572 0 0 0 1 
36535719080036;0.406933;0.389061;0.99956 -0.0219746 0.0199026 -0.920188 0.0218558 0.999742 0.00616875 0.24554 -0.0200331 -0.00573105 0.999783 0.459442 0 0 0 1 
36535719080037;0.0919718;0.314245;0.995806 0.0321208 0.0856626 -0.493394 -0.0325726 0.999462 0.00388079 0.222134 -0.0854918 -0.00665476 0.996317 0.111256 0 0 0 1 
36535719080038;0.581548;1.06696;0.991654 -0.00627697 0.128772 -2.62876 0.000252802 0.998907 0.0467447 0.0481862 -0.128925 -0.046322 0.990572 0.658723 0 0 0 1 
36535719080039;0.434512;0.345862;0.992941 0.101254 0.0617695 -1.0585 -0.0984418 0.994032 -0.0469982 0.815445 -0.0661596 0.0405857 0.996983 -0.577126 0 0 0 1 
36535719080040;0.566995;0.995933;0.957048 -0.0268343 0.288686 -1.11298 -0.0158757 0.989363 0.144595 0.176771 -0.289495 -0.142968 0.946442 0.41887 0 0 0 1 
36535719080041;0.142283;0.341523;0.9944 0.0858725 0.0616005 -0.48765 -0.0866187 0.996196 0.00954339 0.558375 -0.0605466 -0.0148257 0.998055 -0.0768782 0 0 0 1 
36535719080042;0.307724;0.469406;0.995717 -0.0748225 -0.0543029 -0.743172 0.0602075 0.97054 -0.233295 -0.00111215 0.0701589 0.229026 0.970889 -0.206389 0 0 0 1 
36535719080043;0.210302;0.719511;0.976366 -0.00249295 0.21611 -1.2412 -0.031033 0.987955 0.151601 0.393399 -0.213885 -0.154724 0.964528 0.582716 0 0 0 1 
36535719080044;0.594242;1.07394;0.999146 -0.0388955 0.0139204 -1.65067 0.0364725 0.988771 0.144917 -0.451065 -0.0194008 -0.144286 0.989346 0.348091 0 0 0 1 
36535719080045;0.55307;0.39731;0.988676 0.138129 0.058656 -1.12367 -0.128775 0.981598 -0.141007 1.52661 -0.0770539 0.131857 0.988269 0.423745 0 0 0 1 
36535719080046;0.383937;0.502451;0.993298 0.0711703 0.091073 -0.652726 -0.0680458 0.996997 -0.0369679 0.916936 -0.0934305 0.030523 0.995158 -0.369427 0 0 0 1 
36535719080047;0.507113;0.421137;0.999459 0.00842142 0.0317914 -0.402274 -0.00826895 0.999954 -0.00492442 -0.0479353 -0.0318314 0.00465888 0.999482 0.706019 0 0 0 1 
36535719080048;0.299943;0.683465;0.967402 -0.0567472 0.246806 -1.0402 0.132647 0.943731 -0.302948 0.262622 -0.215727 0.32581 0.920494 0.428784 0 0 0 1 
36535719080049;0.398366;1.11804;0.981726 -0.0531393 0.182733 -1.88862 0.00769891 0.970527 0.24087 -0.200413 -0.190146 -0.235062 0.9532 0.649271 0 0 0 1 
36535719080050;0.499825;0.82947;0.943953 0.185061 -0.273323 -1.44221 -0.179815 0.9827 0.0443531 1.25819 0.276803 0.00728041 0.960899 -1.77104 0 0 0 1 
36535719080051;0.440086;0.97141;0.986486 -0.079955 0.143011 -1.4789 0.0902812 0.993645 -0.0672276 0.00990882 -0.136727 0.0792303 0.987435 -0.257416 0 0 0 1 
36535719080052;0.307637;0.78441;0.985081 -0.00666302 0.171963 -1.44114 -0.0318076 0.974984 0.219986 0.244857 -0.169127 -0.222173 0.960227 0.524671 0 0 0 1 
36535719080053;0.461332;1.02835;0.9595 -0.0421102 0.278543 -1.41595 0.032844 0.998743 0.0378521 0.285921 -0.279787 -0.0271706 0.959678 1.07994 0 0 0 1 
36535719080054;0.521749;0.616342;0.940369 0.0132739 0.339896 -0.773695 -0.0546934 0.992137 0.112571 1.21419 -0.335729 -0.124449 0.933702 0.896491 0 0 0 1 
36535719080055;0.319357;1.10544;0.963944 0.00695331 0.266014 -1.7487 0.022611 0.993903 -0.107914 0.399891 -0.265143 0.110038 0.95791 0.368689 0 0 0 1 
36535719080056;0.611624;1.08973;0.977698 -0.0717531 0.19738 -1.87891 0.0886486 0.992994 -0.0781291 0.24881 -0.190391 0.0938841 0.977209 -0.559867 0 0 0 1 
36535719080057;0.403587;0.471032;0.997746 0.0448735 -0.0498938 -0.351304 -0.0504697 0.991821 -0.117238 0.290119 0.0442248 0.119492 0.99185 -0.486516 0 0 0 1 
36535719080058;0.354702;0.768133;0.97333 -0.0577499 0.222023 -1.04908 0.0858102 0.989193 -0.118888 0.11616 -0.212758 0.134769 0.967766 -0.0173567 0 0 0 1 
36535719080059;0.377989;0.458887;0.986287 0.106513 0.126064 -0.649009 -0.0828756 0.980207 -0.179797 1.15726 -0.142719 0.166884 0.975593 -0.233434 0 0 0 1 
36535719080060;0.383603;0.572041;0.991724 0.100972 0.0792982 -0.735614 -0.109356 0.987934 0.109669 0.932554 -0.0672678 -0.117433 0.9908 -0.240926 0 0 0 1 
36535719080062;0.362158;0.321212;0.990874 0.131229 0.0308006 -0.534824 -0.133689 0.985957 0.100085 -0.580778 -0.017234 -0.10329 0.994502 -1.09093 0 0 0 1 
36535719080063;0.299523;0.400822;0.990892 -0.113977 0.0717108 -0.195841 0.101764 0.982573 0.155544 -1.44296 -0.0881896 -0.146829 0.985223 -0.716476 0 0 0 1 
36535719080064;0.461382;0.395247;0.996582 -0.0750521 -0.0345224 0.106661 0.066596 0.977148 -0.201859 -0.694445 0.0488834 0.19887 0.978806 -1.52411 0 0 0 1 
36535719080065;0.4807;0.725952;0.971717 0.0874286 0.219368 -0.386818 -0.124375 0.979135 0.160701 -2.11465 -0.200741 -0.18344 0.962316 0.934105 0 0 0 1 
36535719080066;0.231893;0.298733;0.990936 -0.0922595 0.0976422 0.188872 0.0805033 0.989725 0.118165 -1.54594 -0.107541 -0.109234 0.988182 0.285749 0 0 0 1 
36535719080067;0.276753;0.301293;0.98966 0.123569 0.0728226 -0.284411 -0.143079 0.814942 0.561603 -0.887473 0.0100507 -0.566216 0.824196 0.439986 0 0 0 1 
36535719080068;0.41506;0.559178;0.985321 -0.141675 0.0952438 0.0392198 0.128416 0.982722 0.133295 -1.90671 -0.112483 -0.119108 0.986489 -0.78959 0 0 0 1 
36535719080069;0.168667;0.250158;0.997657 0.00096793 0.0684026 -0.272922 -0.01592 0.975732 0.218387 -1.00779 -0.0665313 -0.218965 0.973462 0.415088 0 0 0 1 
36535719080070;0.366766;0.506614;0.981029 0.0755367 -0.178539 0.0384408 0.0251244 0.863659 0.50345 -2.0974 0.192226 -0.498385 0.845376 -0.775933 0 0 0 1 
36535719080071;0.314881;0.379111;0.993623 -0.111615 -0.0159649 -0.579859 0.111456 0.993714 -0.0105286 -0.960309 0.0170397 0.00868212 0.999817 -0.0887723 0 0 0 1 
36535719080072;0.205179;0.3419;0.996765 -0.0656185 0.0464083 -0.0141676 0.0585707 0.988468 0.139642 -0.827236 -0.0550362 -0.136472 0.989114 0.303344 0 0 0 1 
36535719080073;0.364246;0.480943;0.932735 -0.201094 0.299277 -0.435675 0.0629272 0.908078 0.414047 -2.03216 -0.355029 -0.367363 0.85965 1.0831 0 0 0 1 
36535719080074;0.343501;0.827062;0.993249 0.0648916 0.0961497 -0.276901 -0.091703 0.946868 0.308271 -2.69231 -0.0710369 -0.315007 0.946427 0.273034 0 0 0 1 
36535719080075;0.45993;0.886329;0.987617 0.0688489 -0.140973 0.133084 -0.086649 0.988455 -0.124293 -1.77711 0.130788 0.134969 0.98218 -1.0201 0 0 0 1 
36535719080076;0.347563;0.470291;0.994181 0.105172 0.0232994 -0.0272972 -0.103989 0.880558 0.462389 -1.68164 0.0281141 -0.462121 0.886371 0.309264 0 0 0 1 
36535719080077;0.245685;0.398046;0.98313 0.135482 -0.122884 -0.259344 -0.0718462 0.903871 0.421729 -0.95541 0.168208 -0.405785 0.898356 -0.249121 0 0 0 1 
36535719080078;0.322722;0.283313;0.996466 0.0796248 0.0267531 -0.784737 -0.0834214 0.975367 0.204207 -0.469086 -0.00983418 -0.205717 0.978562 -0.773756 0 0 0 1 
36535719080079;0.340882;0.514513;0.988283 0.101813 0.113713 -0.484718 -0.143788 0.870952 0.469858 -1.57941 -0.0512003 -0.480704 0.875387 -0.147976 0 0 0 1 
36535719080080;0.326117;0.444942;0.987384 -0.00482178 0.158268 -0.0186806 -0.0718638 0.877017 0.475055 -0.488358 -0.141094 -0.480435 0.865606 0.9452 0 0 0 1 
36535719080081;0.410409;0.648691;0.983777 -0.16077 0.0796004 -0.628476 0.147942 0.978022 0.14692 -2.16157 -0.101471 -0.13276 0.98594 -0.687727 0 0 0 1 
36535719080082;0.216435;0.288594;0.996916 0.0784798 -0.000572219 0.0868413 -0.0773181 0.983357 0.164412 -0.31154 0.0134657 -0.163861 0.986392 0.228837 0 0 0 1 
36535719080083;0.161862;0.318242;0.991373 0.115659 0.0616638 -0.351785 -0.127478 0.960225 0.248431 -0.607272 -0.0304779 -0.254148 0.966685 -0.252768 0 0 0 1 
36535719080084;0.439577;0.967021;0.984258 -0.170985 0.0447342 -0.211329 0.161839 0.973647 0.160686 -3.52901 -0.0710303 -0.150917 0.985991 0.1833 0 0 0 1 
36535719080085;0.124875;0.261769;0.987595 0.113592 0.108416 -0.238769 -0.136899 0.961036 0.240143 -0.451962 -0.0769131 -0.252006 0.964664 0.142324 0 0 0 1 
36535719080086;0.392366;0.44115;0.979074 0.0755927 -0.188944 0.461771 -0.00670013 0.939921 0.341325 -1.15431 0.203394 -0.332917 0.920759 -1.09301 0 0 0 1 
36535719080087;0.41425;0.697474;0.996024 -0.0890862 0.000713207 -0.390657 0.0778813 0.874579 0.478588 -2.28144 -0.0432593 -0.476629 0.878039 -0.399934 0 0 0 1 
36535719080088;0.317089;0.284798;0.975389 0.148163 0.163292 -0.366108 -0.180228 0.962378 0.203337 -0.649267 -0.127022 -0.227762 0.965396 -0.538282 0 0 0 1 
36535719080089;0.0976208;0.260565;0.999881 -0.00397731 -0.0149077 -0.0546584 0.00549478 0.994648 0.103175 -0.68207 0.0144176 -0.103245 0.994551 -0.0568976 0 0 0 1 
36535719080090;0.312576;0.237604;0.996983 0.0368089 -0.0683343 0.31375 -0.0325373 0.997508 0.0626039 -1.26839 0.0704684 -0.0601916 0.995696 -0.0814505 0 0 0 1 
36535719080091;0.378116;0.393333;0.961413 -0.112265 0.25116 0.490337 0.13785 0.986655 -0.0866528 -1.58685 -0.23808 0.117931 0.964059 0.196661 0 0 0 1 
36535719080093;0.290482;0.104659;0.989328 0.0170309 -0.144708 0.38424 -0.0320488 0.994259 -0.102092 0.330092 0.142139 0.10564 0.984193 -0.495526 0 0 0 1 
36535719080094;0.395592;0.720776;0.999279 0.0368787 -0.00901451 1.10867 -0.0370322 0.999161 -0.0175097 -0.563533 0.00836121 0.0178309 0.999806 -0.135445 0 0 0 1 
36535719080095;0.347587;0.0737386;0.900691 0.246339 -0.357872 0.345441 -0.210155 0.967968 0.137376 0.559915 0.38025 -0.0485249 0.92361 -1.31066 0 0 0 1 
36535719080096;0.508705;0.112069;0.950018 -0.231359 0.209614 0.206707 0.180152 0.95462 0.237161 -0.763288 -0.254972 -0.187545 0.948586 1.76462 0 0 0 1 
36535719080097;0.390373;0.0938559;0.893718 -0.346077 0.285481 0.244574 0.388607 0.915151 -0.107163 -1.51991 -0.224171 0.206713 0.952374 0.779214 0 0 0 1 
36535719080098;0.177167;0.0570686;0.959745 0.016747 0.280374 0.0300726 -0.0145528 0.999845 -0.00990598 0.0431859 -0.280496 0.00542698 0.95984 0.842667 0 0 0 1 
36535719080099;0.46993;0.122939;0.967802 -0.240591 -0.0739949 0.472837 0.251026 0.900825 0.354259 -1.40294 -0.0185751 -0.361428 0.932215 -0.23149 0 0 0 1 
36535719080100;0.314307;0.0533437;0.999889 -0.012577 -0.00795613 -0.266266 0.0136053 0.989163 0.146193 -0.47736 0.00603124 -0.146285 0.989224 -0.497677 0 0 0 1 
36535719080101;0.365934;0.301073;0.967794 0.238715 -0.0799391 0.227031 -0.231437 0.968623 0.0905924 0.487238 0.0990566 -0.0691739 0.992675 -0.423788 0 0 0 1 
36535719080102;0.240105;0.0926432;0.98733 -0.147413 0.0587307 -0.135282 0.148937 0.988592 -0.0224415 -0.692822 -0.0547525 0.0309043 0.998022 -0.26399 0 0 0 1 
36535719080103;0.352767;0.0996814;0.995275 0.0623521 0.074434 -0.0574511 -0.0653222 0.997134 0.0381558 -0.0965391 -0.0718416 -0.0428377 0.996496 0.688896 0 0 0 1 
36535719080104;0.495293;0.35376;0.888187 0.0214113 -0.458983 0.20906 0.0158944 0.996884 0.0772617 -0.355402 0.459207 -0.0759181 0.885079 -1.68468 0 0 0 1 
36535719080105;0.433787;0.0667662;0.998742 0.0100567 0.0491199 0.0415292 -0.00980278 0.999937 -0.00540736 0.0261688 -0.0491712 0.00491905 0.998778 0.939141 0 0 0 1 
36535719080106;0.129754;0.0810155;0.996286 -0.0130216 0.0851178 0.0181156 0.00494056 0.995515 0.0944695 -0.0280394 -0.0859662 -0.0936981 0.991882 0.158569 0 0 0 1 
36535719080107;0.262145;0.251758;0.991696 0.113037 -0.0613308 0.134564 -0.113867 0.993444 -0.0102003 0.262474 0.0597757 0.0170992 0.998065 -0.547277 0 0 0 1 
36535719080108;0.397924;0.384018;0.988511 0.1507 -0.011651 -0.282094 -0.142815 0.956467 0.25451 0.0345905 0.0494983 -0.249922 0.967 -0.361829 0 0 0 1 
36535719080109;0.398301;0.334332;0.945999 0.199573 0.255452 0.271746 -0.219496 0.974242 0.0517131 0.561622 -0.238551 -0.104991 0.965438 0.805543 0 0 0 1 
36535719080110;0.208018;0.0815685;0.989583 0.143855 -0.00561867 0.0119433 -0.14348 0.9887 0.0434296 0.302175 0.0118027 -0.042171 0.999041 -0.369642 0 0 0 1 
36535719080111;0.465339;0.146541;0.944137 -0.225516 0.240307 -0.163975 0.244052 0.968473 -0.0499909 -0.578665 -0.221457 0.105846 0.969409 1.10905 0 0 0 1 
36535719080112;0.541337;0.0834367;0.901645 0.338998 -0.268546 1.19749 -0.320699 0.940687 0.110726 1.2604 0.290154 -0.0137129 0.956882 -1.2342 0 0 0 1 
36535719080113;0.28814;0.111027;0.999928 0.0115042 0.00353323 -0.0284266 -0.0115729 0.999731 0.0200859 0.428967 -0.00330121 -0.0201253 0.999792 0.0190061 0 0 0 1 
36535719080114;0.343577;0.11831;0.957598 -0.287995 -0.00803355 0.327505 0.288107 0.957262 0.0253797 -1.34864 0.000380979 -0.0266181 0.999646 0.296845 0 0 0 1 
36535719080115;0.500998;0.771587;0.991913 0.121785 -0.0357206 0.853949 -0.120346 0.991925 0.0400105 -0.287006 0.0403049 -0.0353881 0.998561 -0.317497 0 0 0 1 
36535719080116;0.41433;0.112952;0.953367 -0.239868 0.183182 0.391158 0.176484 0.935411 0.306365 -0.990244 -0.244838 -0.25975 0.934122 1.37219 0 0 0 1 
36535719080117;0.508343;0.0845372;0.99666 -0.0479841 0.0660753 -0.006184 0.0353864 0.98301 0.180107 -0.129696 -0.073595 -0.177168 0.981425 1.19502 0 0 0 1 
36535719080118;0.0642213;0.077911;0.997993 0.0618969 -0.013379 -0.090502 -0.061974 0.998063 -0.00542778 0.251604 0.0130172 0.00624603 0.999896 -0.196369 0 0 0 1 
36535719080119;0.384568;0.380631;0.972097 0.213914 0.0962757 0.339647 -0.227078 0.961071 0.157414 0.360197 -0.0588547 -0.174884 0.982829 -0.0252101 0 0 0 1 
36535719080120;0.113108;0.0766269;0.9988 -0.0452961 0.0186367 -0.00407203 0.04449 0.998143 0.041606 -0.307378 -0.0204867 -0.0407269 0.99896 0.141559 0 0 0 1 
36535719080121;0.423482;0.0927297;0.973317 0.219667 -0.0663307 0.294577 -0.175205 0.898109 0.403365 0.227598 0.148178 -0.380981 0.912632 -0.482664 0 0 0 1 
36535719080122;0.427092;0.0692264;0.970713 -0.229014 0.0725802 0.141132 0.220097 0.968862 0.113414 -1.53143 -0.0962937 -0.094118 0.990893 0.658765 0 0 0 1 
36535719080124;0.190705;0.143968;0.986426 0.15769 0.0458015 0.204672 -0.160082 0.985607 0.0543392 0.353123 -0.0365736 -0.0609336 0.997472 0.227688 0 0 0 1 
36535719080125;0.422416;0.19348;0.887676 0.407128 -0.215123 0.545621 -0.375837 0.910518 0.172347 1.16853 0.26604 -0.0721372 0.961259 -0.976069 0 0 0 1 
36535719080126;0.446714;0.136425;0.993569 0.106038 -0.039707 0.475321 -0.108924 0.990872 -0.0794222 -0.300236 0.0309228 0.0832365 0.99605 -0.358886 0 0 0 1 
36535719080127;0.355012;0.686732;0.998457 0.0390092 0.0395218 0.998261 -0.0349246 0.994451 -0.0992378 0.131396 -0.0431737 0.0977044 0.994279 -0.0344927 0 0 0 1 
36535719080128;0.249905;0.153897;0.999936 -0.0092361 -0.00652768 0.255552 0.00927231 0.999942 0.00553893 0.298436 0.00647615 -0.0055991 0.999963 -0.0625748 0 0 0 1 
36535719080129;0.526113;0.860526;0.999127 0.0220202 -0.035488 1.55588 -0.0235739 0.998755 -0.0439731 -0.326564 0.0344755 0.0447713 0.998402 0.159237 0 0 0 1 
36535719080130;0.433817;0.130228;0.938003 0.0840897 0.336273 0.0300056 -0.0343478 0.987902 -0.151229 -0.305042 -0.344921 0.130303 0.929543 1.06133 0 0 0 1 
36535719080131;0.251532;0.492934;0.999469 0.032362 -0.00382111 0.770112 -0.0324438 0.999192 -0.0237409 0.19612 0.00304971 0.0238523 0.999711 0.105084 0 0 0 1 
36535719080132;0.431426;0.201454;0.98304 0.0301677 -0.18089 0.211803 -0.019959 0.998117 0.0579927 -0.468767 0.182299 -0.0533988 0.981792 -0.996225 0 0 0 1 
36535719080133;0.541591;0.174189;0.942282 0.211793 0.259323 0.36894 -0.258512 0.952415 0.161483 0.560812 -0.212782 -0.219201 0.952195 1.55966 0 0 0 1 
36535719080134;0.252306;0.139682;0.997927 -0.0614886 0.0190191 0.0135968 0.0622726 0.997097 -0.0438219 -0.314071 -0.0162694 0.0449154 0.998858 -0.247289 0 0 0 1 
36535719080135;0.472023;0.618359;0.973761 -0.00349814 0.227546 0.805725 -0.0338558 0.986528 0.160049 -0.185804 -0.22504 -0.163553 0.960524 0.71728 0 0 0 1 
36535719080136;0.302061;0.172604;0.97772 0.184181 -0.100702 0.274415 -0.195571 0.973534 -0.118248 0.95047 0.0762579 0.135308 0.987865 -0.52115 0 0 0 1 
36535719080137;0.328535;0.208145;0.972289 0.212155 0.0982035 -0.0154892 -0.196322 0.969039 -0.149739 0.651945 -0.126931 0.12631 0.983837 0.0903808 0 0 0 1 
36535719080138;0.576365;0.146813;0.997207 0.0501813 0.055312 0.83415 -0.0251574 0.923045 -0.383868 0.301199 -0.0703184 0.381405 0.92173 -0.464426 0 0 0 1 
36535719080139;0.521512;0.453721;0.997825 -0.0449947 0.0481809 0.4682 0.0414109 0.996475 0.0729601 -0.54656 -0.0512939 -0.0708062 0.99617 0.253496 0 0 0 1 
36535719080140;0.470285;0.204112;0.899843 0.412154 0.142873 0.12915 -0.40794 0.9111 -0.0590124 1.38926 -0.154494 -0.00518171 0.98798 0.152061 0 0 0 1 
36535719080141;0.30287;0.154795;0.97448 0.118738 0.1905 -0.176955 -0.134702 0.988185 0.0731206 0.12495 -0.179567 -0.0969154 0.97896 0.607359 0 0 0 1 
36535719080142;0.480003;0.153662;0.974993 0.191831 0.1122 0.0441565 -0.221469 0.880585 0.418953 0.367395 -0.0184334 -0.433325 0.901049 0.0601021 0 0 0 1 
36535719080143;0.628053;0.393481;0.9165 0.386277 -0.104005 -0.0138553 -0.396437 0.911813 -0.106933 1.40993 0.053527 0.139236 0.988812 -0.290675 0 0 0 1 
36535719080144;0.602003;0.171901;0.947071 0.22597 -0.228021 0.618592 -0.271935 0.942198 -0.195738 1.23416 0.17061 0.247385 0.953778 -1.52312 0 0 0 1 
36535719080145;0.170435;0.130931;0.994319 0.106418 0.00231839 0.133443 -0.106434 0.994285 0.00829277 0.380443 -0.00142264 -0.00849241 0.999963 0.191529 0 0 0 1 
36535719080146;0.207536;0.180889;0.98369 0.175432 0.0397156 0.233943 -0.170905 0.98043 -0.0977148 0.608104 -0.0560806 0.0893335 0.994422 0.0511483 0 0 0 1 
36535719080147;0.436345;0.139959;0.986687 0.156669 -0.0436241 0.581649 -0.153239 0.985472 0.0732286 0.94346 0.054463 -0.0655688 0.996361 -0.438311 0 0 0 1 
36535719080148;0.640142;0.17372;0.966454 -0.252513 -0.046939 1.42716 0.239383 0.951826 -0.191632 0.00191242 0.0930671 0.173967 0.980344 -0.677057 0 0 0 1 
36535719080149;0.408897;0.127291;0.997012 -0.0619095 -0.046194 0.389143 0.0598397 0.997197 -0.0449185 -0.527944 0.0488454 0.0420201 0.997922 0.412633 0 0 0 1 
36535719080150;0.385378;0.112266;0.995594 -0.0202637 0.091557 0.10612 0.00321885 0.983182 0.182599 0.30607 -0.0937173 -0.1815 0.978915 0.0138259 0 0 0 1 
36535719080151;0.147734;0.120649;0.991675 0.0113708 0.128266 0.0590645 -0.000487917 0.996418 -0.0845602 0.0161508 -0.128768 0.0837936 0.988128 0.227947 0 0 0 1 
36535719080152;0.417728;0.166691;0.901121 0.397417 -0.17332 0.380179 -0.374588 0.914923 0.150334 1.06779 0.21832 -0.0705453 0.973324 -0.455077 0 0 0 1 
36535719080153;0.136308;0.124291;0.988914 -0.131762 0.0684628 0.278149 0.128934 0.990667 0.0442186 -0.406902 -0.0736502 -0.0349012 0.996673 0.221497 0 0 0 1 
36535719080155;0.377066;0.298928;0.997029 -0.0111987 -0.0762032 0.389071 0.0305202 0.965827 0.257384 -0.141463 0.0707168 -0.258946 0.9633 0.187623 0 0 0 1 
36535719080156;0.280014;0.256991;0.999491 -0.0071833 -0.0310917 0.259432 0.0129663 0.981696 0.190014 0.229157 0.0291576 -0.190321 0.981289 -0.070854 0 0 0 1 
36535719080157;0.357849;0.268551;0.995685 -0.0531384 0.0760775 0.628713 0.0230835 0.935875 0.351576 0.34215 -0.0898812 -0.348303 0.933063 0.821846 0 0 0 1 
36535719080158;0.214487;0.109233;0.999537 -0.0255393 -0.0165484 0.53109 0.026776 0.996482 0.0794092 0.329577 0.0144622 -0.0798155 0.996705 0.180029 0 0 0 1 
36535719080159;0.313033;0.180948;0.998624 0.0112258 -0.0512186 0.14525 -0.0141384 0.998282 -0.0568639 -0.264826 0.0504923 0.0575099 0.997067 -0.600814 0 0 0 1 
36535719080160;0.477856;0.275687;0.936204 0.119912 -0.330367 -0.123497 -0.113696 0.992783 0.0381505 0.358254 0.332558 0.00184478 0.943081 -0.968497 0 0 0 1 
36535719080161;0.262671;0.14587;0.994223 0.101202 0.0357567 -0.00261307 -0.105562 0.982224 0.155215 0.0426758 -0.0194131 -0.158093 0.987233 0.484247 0 0 0 1 
36535719080162;0.249715;0.159324;0.991064 0.130994 -0.0251506 -0.0981137 -0.115167 0.935472 0.334109 0.00251674 0.0672941 -0.328227 0.942199 -0.0789177 0 0 0 1 
36535719080163;0.453936;0.215938;0.931653 0.118572 -0.343459 1.01098 -0.147601 0.987253 -0.0595482 0.554092 0.33202 0.106173 0.937278 -1.27085 0 0 0 1 
36535719080164;0.466141;0.334614;0.986481 -0.0424805 0.158272 0.657941 0.0147186 0.984881 0.172606 0.231231 -0.163211 -0.167943 0.972192 1.03645 0 0 0 1 
36535719080165;0.321246;0.142961;0.957985 -0.0521801 0.282031 0.148926 -0.058596 0.926967 0.370539 -0.117519 -0.280768 -0.371497 0.884963 0.804615 0 0 0 1 
36535719080166;0.389384;0.320287;0.947043 -0.109467 0.301871 1.00914 0.141528 0.986157 -0.0864 -0.340623 -0.288234 0.124548 0.949426 0.374463 0 0 0 1 
36535719080167;0.40197;0.412398;0.994023 0.0974851 -0.0491498 0.880134 -0.0731534 0.928923 0.362974 0.0816149 0.0810409 -0.357209 0.930502 0.0868941 0 0 0 1 
36535719080168;0.210711;0.196104;0.997704 0.0163699 0.0657186 0.0604526 -0.0134914 0.99894 -0.0440074 -0.0173902 -0.0663694 0.0430198 0.996867 0.112717 0 0 0 1 
36535719080169;0.371812;0.118621;0.962816 0.0479145 -0.265876 0.877555 0.031902 0.957096 0.288009 -0.629288 0.268268 -0.285782 0.919979 -1.11244 0 0 0 1 
36535719080170;0.32738;0.171026;0.996838 0.0585883 0.0536877 0.0349989 -0.0579311 0.998226 -0.0137168 0.163411 -0.0543961 0.0105632 0.998464 -0.917313 0 0 0 1 
36535719080171;0.334438;0.321317;0.999534 -0.0305167 -0.00121799 0.299879 0.0305022 0.999479 -0.0105082 -0.0228332 0.00153803 0.0104661 0.999944 0.0607551 0 0 0 1 
36535719080172;0.359248;0.182797;0.985863 0.152861 -0.0686193 0.160947 -0.135019 0.96726 0.21489 0.700898 0.0992209 -0.202587 0.974225 0.0542273 0 0 0 1 
36535719080173;0.299017;0.128141;0.99784 -0.0354563 -0.0553059 0.243489 0.0334191 0.998744 -0.037336 -0.361671 0.0565602 0.035407 0.997771 -1.08388 0 0 0 1 
36535719080174;0.332371;0.115698;0.992329 -0.0986796 -0.0744671 1.04342 0.098702 0.995111 -0.00338828 0.291442 0.0744374 -0.00398776 0.997218 -0.609587 0 0 0 1 
36535719080175;0.258801;0.124837;0.988764 -0.0664725 -0.133892 0.401581 0.067218 0.997738 0.00105063 0.0416292 0.13352 -0.0100388 0.990995 -1.03612 0 0 0 1 
36535719080176;0.244373;0.157654;0.982145 0.0353192 0.184782 -0.0782871 -0.0619238 0.988177 0.140254 0.0358894 -0.177644 -0.149192 0.97272 0.379438 0 0 0 1 
36535719080177;0.307368;0.285779;0.996553 -0.00960963 0.0823984 0.154109 -0.0108736 0.969567 0.244584 0.234702 -0.0822411 -0.244637 0.966121 0.831996 0 0 0 1 
36535719080178;0.333626;0.115928;0.922266 0.0609566 -0.381719 0.838389 -0.00699206 0.989957 0.141193 0.00270249 0.386492 -0.127548 0.91343 -0.709009 0 0 0 1 
36535719080179;0.112272;0.122074;0.996833 -0.018531 -0.0773363 0.334459 0.0247083 0.996513 0.0796999 0.131609 0.0755897 -0.0813583 0.993814 -0.419169 0 0 0 1 
36535719080180;0.447488;0.533982;0.997471 0.0474756 -0.0528855 1.19498 -0.0423952 0.994729 0.09336 -0.0360893 0.057039 -0.0908819 0.994227 -0.353471 0 0 0 1 
36535719080181;0.181751;0.16246;0.991016 -0.0240894 0.131558 0.222372 0.0330814 0.997231 -0.0665981 -0.0684049 -0.12959 0.0703519 0.989069 0.0662458 0 0 0 1 
36535719080182;0.227052;0.157802;0.979346 -0.0480562 0.196396 0.337852 0.0633895 0.995349 -0.072545 -0.0283499 -0.191996 0.0834961 0.977837 -0.0148105 0 0 0 1 
36535719080183;0.271702;0.115588;0.9856 -0.0758119 -0.151147 1.08937 0.0997375 0.982455 0.157591 -0.233971 0.136548 -0.170397 0.975869 -0.47187 0 0 0 1 
36535719080184;0.317465;0.163537;0.962396 0.143623 -0.230578 0.604579 -0.020457 0.884712 0.465688 -0.473336 0.270879 -0.443459 0.854382 -0.477674 0 0 0 1 
36535719080186;0.390645;0.237755;0.902629 -0.060391 0.426162 -0.134508 0.183788 0.949385 -0.254734 -0.516152 -0.389208 0.308254 0.868042 1.55909 0 0 0 1 
36535719080187;0.111223;0.213734;0.999271 0.0187659 0.0332588 -0.165025 -0.0188704 0.999818 0.00283093 -0.115628 -0.0331996 -0.00345647 0.999443 -0.0158663 0 0 0 1 
36535719080188;0.65823;0.465202;0.886111 0.45093 0.107096 -0.583619 -0.455962 0.88959 0.0269952 1.74645 -0.0830986 -0.0727525 0.993882 1.11043 0 0 0 1 
36535719080189;0.357007;0.243072;0.99964 0.0094523 0.0251188 -0.90791 -0.00983142 0.999839 0.0150129 0.263513 -0.0249729 -0.0152545 0.999572 -0.4906 0 0 0 1 
36535719080190;0.473164;1.03056;0.936574 -0.346984 0.0493053 -1.65149 0.348289 0.93716 -0.0206536 -2.34093 -0.0390405 0.0365161 0.99857 0.108767 0 0 0 1 
36535719080191;0.28216;0.300089;0.982629 0.185574 0.00164231 -0.615737 -0.184334 0.974965 0.124359 0.592274 0.0214766 -0.122502 0.992236 -0.694556 0 0 0 1 
36535719080192;0.431029;0.246345;0.984993 -0.159734 0.065377 -1.09467 0.164487 0.983505 -0.0752443 -0.495897 -0.0522795 0.0848688 0.99502 0.450869 0 0 0 1 
36535719080193;0.312078;0.362752;0.992576 -0.113393 0.0439927 -0.593099 0.102301 0.973967 0.202295 -0.991975 -0.0657863 -0.196293 0.978336 -0.352858 0 0 0 1 
36535719080194;0.164987;0.263691;0.984954 0.172042 0.0163136 -0.376286 -0.172275 0.984948 0.014121 0.532025 -0.0136386 -0.016719 0.999767 -0.0708736 0 0 0 1 
36535719080195;0.354366;0.229248;0.979531 -0.0300916 0.19903 -0.154953 0.0294168 0.999547 0.00634697 -0.55877 -0.199131 -0.000362212 0.979973 0.187856 0 0 0 1 
36535719080196;0.523582;0.241778;0.984642 0.161468 0.066395 -0.741354 -0.174183 0.882728 0.436408 0.745216 0.0118573 -0.44127 0.897296 -0.731776 0 0 0 1 
36535719080197;0.379637;0.374133;0.988328 -0.1409 -0.0579229 -0.47699 0.143632 0.988559 0.0460525 -0.910093 0.0507714 -0.0538346 0.997258 -1.14218 0 0 0 1 
36535719080198;0.253973;0.264958;0.983299 -0.136012 0.120927 -0.451944 0.146685 0.985592 -0.0842109 -0.829101 -0.107731 0.100543 0.989083 0.752354 0 0 0 1 
36535719080199;0.451651;0.250081;0.989951 0.135573 0.0402157 -0.918163 -0.135645 0.990757 -0.000949211 0.770582 -0.0399727 -0.00451538 0.999191 0.670878 0 0 0 1 
36535719080200;0.601292;1.16163;0.95906 -0.21548 0.183773 -1.50409 0.228613 0.972058 -0.0532943 -1.89572 -0.167154 0.0931252 0.981523 1.21534 0 0 0 1 
36535719080201;0.316883;0.253334;0.873333 0.086251 0.479427 -0.148314 0.00370629 0.982995 -0.183596 -0.179262 -0.48711 0.162118 0.858162 2.31214 0 0 0 1 
36535719080202;0.389074;0.297845;0.972289 0.221437 0.0749708 -0.585692 -0.223649 0.974412 0.0224276 1.15635 -0.0680861 -0.0385733 0.996933 -0.399073 0 0 0 1 
36535719080203;0.247825;0.469246;0.979494 -0.185107 0.0795465 -0.930441 0.182492 0.982432 0.0390397 -1.06337 -0.0853755 -0.0237226 0.996066 0.360572 0 0 0 1 
36535719080204;0.323434;0.251701;0.997503 -0.0471624 0.0525741 -0.569104 0.0462034 0.998745 0.0193094 -0.991288 -0.0534188 -0.0168321 0.99843 -0.128359 0 0 0 1 
36535719080205;0.326801;0.27492;0.954382 -0.0634647 0.291764 -0.175705 0.157677 0.936915 -0.311975 -0.661332 -0.253559 0.343748 0.904182 1.00408 0 0 0 1 
36535719080206;0.360649;0.288183;0.994278 0.0995074 0.0388641 -0.562462 -0.0993407 0.995034 -0.0062008 0.856743 -0.0392882 0.00230453 0.999225 -0.028087 0 0 0 1 
36535719080207;0.378318;0.222042;0.999367 -0.0234397 0.0267457 0.378499 0.0233616 0.999722 0.00322745 -0.302877 -0.0268139 -0.00260059 0.999637 0.10208 0 0 0 1 
36535719080208;0.281021;0.272677;0.978475 -0.0516001 0.199808 -0.697471 0.0435739 0.998065 0.0443639 -0.563989 -0.20171 -0.0347025 0.97883 1.30767 0 0 0 1 
36535719080209;0.41046;0.534836;0.959497 -0.232751 0.15872 -1.32648 0.207334 0.964848 0.161499 -1.57616 -0.19073 -0.122049 0.974026 0.8314 0 0 0 1 
36535719080210;0.243944;0.283852;0.97489 0.141873 0.171644 -0.145958 -0.150668 0.987804 0.0392768 0.291811 -0.163979 -0.0641518 0.984376 0.618635 0 0 0 1 
36535719080211;0.419439;0.273382;0.927451 0.373703 0.0134287 -0.50769 -0.373767 0.927519 0.00251537 1.14984 -0.0115154 -0.00735211 0.999907 -0.0497454 0 0 0 1 
36535719080212;0.411637;0.315866;0.953286 0.266978 0.141309 -0.0718053 -0.265411 0.963663 -0.0301811 0.517491 -0.144232 -0.00873384 0.989505 0.747319 0 0 0 1 
36535719080213;0.271077;0.255029;0.976641 -0.172879 -0.127615 -0.497041 0.147967 0.971727 -0.183991 -0.936704 0.155815 0.16081 0.974608 -1.03336 0 0 0 1 
36535719080214;0.356981;0.236776;0.95427 0.14885 -0.259253 -0.403726 -0.157105 0.987517 -0.0112987 0.336893 0.254335 0.0515119 0.965743 -0.950552 0 0 0 1 
36535719080215;0.558879;0.279355;0.961197 0.214105 0.173951 -0.494762 -0.158496 0.944725 -0.287007 0.688623 -0.225785 0.2483 0.942002 1.96146 0 0 0 1 
36535719080217;0.267916;0.023678;0.96824 -0.176019 -0.177565 0.527219 0.153518 0.979093 -0.133452 -0.22563 0.197343 0.101954 0.975019 -0.940049 0 0 0 1 
36535719080218;0.403611;0.0195605;0.99709 0.0762343 1.95985e-05 -0.331781 -0.0762064 0.996718 0.0273233 0.721499 0.00206344 -0.0272453 0.999627 0.457144 0 0 0 1 
36535719080219;0.612805;0.473456;0.998546 -0.00371855 0.0537832 -0.170889 0.00307412 0.999923 0.0120598 0.00714763 -0.0538238 -0.0118769 0.99848 0.67575 0 0 0 1 
36535719080220;0.465305;0.0275428;0.970781 -0.118306 -0.208775 0.409066 0.0978466 0.989564 -0.10578 0.146972 0.21911 0.0822611 0.972226 -1.44582 0 0 0 1 
36535719080221;0.397154;0.0842986;0.982901 -0.178051 0.0469362 -0.128594 0.168778 0.973079 0.156945 -0.612006 -0.0736168 -0.146339 0.986491 -0.144225 0 0 0 1 
36535719080222;0.388852;0.0247111;0.984394 -0.103332 0.142445 -0.457937 0.137563 0.956658 -0.256676 -0.239323 -0.109749 0.272266 0.955943 0.202182 0 0 0 1 
36535719080223;0.332061;0.0206591;0.928423 -0.189736 -0.319424 0.861847 0.166523 0.98108 -0.0987477 -0.599415 0.332117 0.0384879 0.942453 -0.884992 0 0 0 1 
36535719080224;0.591626;0.03119;0.99431 0.0968786 0.044298 -0.37285 -0.0788651 0.949003 -0.305244 1.23333 -0.0716105 0.300014 0.951243 0.41229 0 0 0 1 
36535719080225;0.418431;0.351713;0.991239 -0.020522 0.130474 -0.0818231 0.0177159 0.999587 0.022632 0.127027 -0.130885 -0.0201222 0.991193 0.718528 0 0 0 1 
36535719080226;0.434396;0.390883;0.986852 0.0421821 -0.156024 0.284859 -0.0473951 0.99843 -0.0298416 0.230824 0.15452 0.036844 0.987302 -0.336057 0 0 0 1 
36535719080227;0.258425;0.0220495;0.981101 0.170207 0.0920345 -0.0554203 -0.174686 0.983686 0.0429676 0.41956 -0.0832197 -0.0582327 0.994828 0.581858 0 0 0 1 
36535719080228;0.348273;0.0236669;0.957959 -0.200151 0.205558 0.132816 0.20884 0.977719 -0.0212534 -0.276421 -0.196724 0.0632885 0.978414 0.853354 0 0 0 1 
36535719080229;0.349476;0.0300831;0.994605 0.0585758 0.0856146 -0.202784 -0.0441612 0.985885 -0.161493 0.147113 -0.0938657 0.156841 0.983153 -0.450659 0 0 0 1 
36535719080230;0.507963;0.543454;0.942571 0.00533514 0.333964 -0.0568383 0.00808191 0.999215 -0.0387729 0.227953 -0.333908 0.0392452 0.941788 0.643398 0 0 0 1 
36535719080231;0.499847;0.0366326;0.999924 0.0034477 -0.0118514 -0.28292 -0.00312877 0.999635 0.0268252 -0.420314 0.0119396 -0.0267861 0.99957 -0.874436 0 0 0 1 
36535719080232;0.400636;0.0328009;0.975891 -0.199583 0.0883339 0.206768 0.168712 0.946577 0.274823 -0.419879 -0.138465 -0.253294 0.957429 1.01352 0 0 0 1 
36535719080233;0.232565;0.0209369;0.98511 0.0604779 -0.160938 0.0398556 -0.0421403 0.99247 0.115012 0.067842 0.166681 -0.106517 0.98024 -0.105163 0 0 0 1 
36535719080234;0.243089;0.0291587;0.999975 0.00686827 0.00176424 0.191086 -0.00684871 0.999918 -0.0108624 0.107371 -0.0018387 0.01085 0.999939 -0.44739 0 0 0 1 
36535719080235;0.336455;0.06358;0.991489 -0.108986 -0.0712134 -0.133409 0.122042 0.968535 0.216902 -0.390979 0.0453334 -0.223747 0.973592 0.00242389 0 0 0 1 
36535719080236;0.526732;0.0296994;0.959411 -0.130763 0.249863 0.577522 0.0742646 0.971878 0.223466 -0.500838 -0.272058 -0.19584 0.942142 1.65493 0 0 0 1 
36535719080237;0.707625;0.494358;0.999679 -0.0247896 0.00529001 0.127825 0.0247762 0.99969 0.00258586 0.138269 -0.00535247 -0.00245396 0.999983 0.750894 0 0 0 1 
36535719080238;0.378354;0.0261316;0.980267 0.184674 -0.070512 0.332498 -0.166903 0.96435 0.205361 0.727298 0.105923 -0.18954 0.976143 -0.184958 0 0 0 1 
36535719080239;0.260619;0.0226151;0.999414 -0.0285394 0.0188795 0.388868 0.0283307 0.999536 0.0112309 -0.135817 -0.0191912 -0.0106895 0.999759 0.365298 0 0 0 1 
36535719080240;0.347346;0.02568;0.99753 0.00685973 0.0699077 -0.0471478 0.0195274 0.92891 -0.369791 0.33222 -0.0674746 0.370243 0.926481 -0.321966 0 0 0 1 
36535719080241;0.461675;0.0175512;0.945161 0.144869 0.292717 -0.22446 -0.0692965 0.964789 -0.253732 -0.191155 -0.319168 0.219533 0.92192 0.686109 0 0 0 1 
36535719080242;0.184835;0.0218056;0.991883 0.106604 0.0693089 -0.171185 -0.107934 0.994034 0.0157296 0.0449171 -0.0672186 -0.0230827 0.997471 0.130459 0 0 0 1 
36535719080243;0.50255;0.53991;0.999502 -0.0259062 0.0180175 0.0607502 0.026634 0.998788 -0.0414016 0.0301805 -0.0169231 0.0418608 0.99898 -0.238123 0 0 0 1 
36535719080244;0.3548;0.0276709;0.91929 0.256831 0.298235 -0.262186 -0.276242 0.960786 0.0240963 0.642839 -0.280351 -0.104536 0.954188 1.13461 0 0 0 1 
36535719080245;0.421326;0.0221084;0.969594 0.125092 -0.210331 0.431872 -0.145157 0.98594 -0.0827712 0.58473 0.19702 0.110785 0.97412 -1.28015 0 0 0 1 
36535719080246;0.428678;0.0207614;0.967473 0.252959 -0.00267194 0.114795 -0.252182 0.963562 -0.0891785 1.11859 -0.0199839 0.0869517 0.996012 -0.497299 0 0 0 1 
36535719080248;0.279109;0.0318964;0.999884 -0.0151273 -0.00148198 0.796061 0.0151311 0.999882 0.00259591 0.187326 0.00144254 -0.00261803 0.999996 -0.375513 0 0 0 1 
36535719080249;0.148582;0.118291;0.999289 -0.0376629 -0.00160569 -0.00635682 0.0376617 0.99929 -0.00074116 -0.087341 0.00163246 0.000680161 0.999998 -0.166552 0 0 0 1 
36535719080250;0.310686;0.100429;0.996563 -0.0185316 0.0807415 -0.0589298 0.0179236 0.999805 0.00824818 0.0889897 -0.0808786 -0.00677265 0.996701 -0.696377 0 0 0 1 
36535719080251;0.298484;0.13564;0.99971 0.0114148 -0.0211929 -0.190635 -0.0101887 0.998317 0.0570851 0.516422 0.0218089 -0.0568526 0.998144 0.159981 0 0 0 1 
36535719080252;0.364884;0.286882;0.975717 -0.162544 -0.146819 1.36727 0.161679 0.986681 -0.0178859 -0.677144 0.147771 -0.0062859 0.989002 -0.341849 0 0 0 1 
36535719080253;0.298099;0.29808;0.996724 -0.0797301 -0.0135653 0.872688 0.078892 0.995423 -0.0539334 -0.344837 0.0178033 0.0526866 0.998452 -0.565978 0 0 0 1 
36535719080254;0.413793;0.349736;0.994981 -0.097279 -0.0234453 0.317685 0.0898338 0.971596 -0.218933 0.189358 0.044077 0.215728 0.975458 -0.416829 0 0 0 1 
36535719080255;0.265645;0.0950265;0.994756 -0.0747679 0.0697844 0.114423 0.0909431 0.958814 -0.269083 -0.26605 -0.0467915 0.274018 0.960586 0.227742 0 0 0 1 
36535719080256;0.228269;0.129565;0.974326 0.225124 -0.00273827 0.136593 -0.225111 0.974323 0.00433277 0.456361 0.00364337 -0.00360512 0.999987 -0.078094 0 0 0 1 
36535719080257;0.266234;0.222781;0.999953 -0.005979 -0.00769423 -0.101365 0.00616343 0.999689 0.0241728 -0.0734912 0.00754731 -0.0242191 0.999678 -0.0750607 0 0 0 1 
36535719080258;0.327944;0.0529431;0.998489 -0.0513277 -0.0196316 0.73288 0.0516723 0.998511 0.0174652 -0.718276 0.018706 -0.0184532 0.999655 0.51881 0 0 0 1 
36535719080259;0.241821;0.0842756;0.986642 0.14042 -0.0825864 0.399419 -0.139532 0.990081 0.0164518 0.116991 0.0840774 -0.00470855 0.996448 -0.650568 0 0 0 1 
