#;prob_registration_l1 -r /home/probabilistic_point_clouds_registration/build/tester /home/point_clouds_registration_benchmark//devel/registration_pairs/hauptgebaude_local.txt /home/point_clouds_registration_benchmark//eth/hauptgebaude -s 0.2 -t 0.2 -p 0.3 -r 1000 -m 1 -i 40 
id;initial_error;final_error;transformation
3394309160000;0.248226;0.253739;0.999424 -0.00210556 0.0338636 -0.105539 0.000822961 0.999283 0.0378449 0.00284595 -0.033919 -0.0377952 0.99871 -0.0701844 0 0 0 1 
3394309160001;0.28369;0.00380508;0.992914 0.116023 -0.0257125 -0.405436 -0.114426 0.991813 0.0566854 0.867048 0.0320788 -0.0533415 0.998061 -0.65727 0 0 0 1 
3394309160002;0.278932;0.057419;0.983954 -0.00874564 0.178207 -0.226506 0.00791473 0.999954 0.00537302 -0.0712437 -0.178246 -0.00387634 0.983978 0.50278 0 0 0 1 
3394309160003;0.0682056;0.016672;0.995504 -0.0900948 0.0292499 0.056603 0.0906392 0.995724 -0.0178481 -0.578968 -0.0275168 0.0204191 0.999413 0.182658 0 0 0 1 
3394309160004;0.286924;0.154934;0.999062 0.0381584 -0.0204928 0.168275 -0.0380001 0.999245 0.0080627 0.749892 0.020785 -0.0072764 0.999757 -0.323013 0 0 0 1 
3394309160005;0.492031;0.285673;0.920957 0.370064 0.122029 -1.00548 -0.38487 0.912845 0.136342 2.4579 -0.0609385 -0.17253 0.983117 -0.0394643 0 0 0 1 
3394309160006;0.393899;0.0363207;0.988923 0.0245805 0.146378 -0.318632 -0.0254367 0.999669 0.0039804 0.552912 -0.146231 -0.00765968 0.989221 1.83533 0 0 0 1 
3394309160007;0.411602;0.0129542;0.885698 -0.335629 0.320767 0.392422 0.342824 0.938724 0.0356151 -2.07167 -0.313065 0.0784225 0.946488 1.39152 0 0 0 1 
3394309160008;0.42721;0.453261;0.955418 -0.293207 -0.0347174 1.65959 0.293754 0.955809 0.0117416 -1.94019 0.0297405 -0.0214165 0.999328 0.744887 0 0 0 1 
3394309160009;0.395375;0.0316431;0.979329 -0.197864 -0.0420048 0.480501 0.193526 0.97696 -0.0899836 -1.46372 0.0588415 0.0799945 0.995057 0.497915 0 0 0 1 
3394309160010;0.216746;0.00515585;0.992132 -0.00432602 -0.125121 -0.10881 -0.0173764 0.984972 -0.171839 0.493254 0.123984 0.172661 0.977147 -0.579417 0 0 0 1 
3394309160011;0.228138;0.842053;0.953042 -0.216928 -0.211314 2.63593 0.238184 0.967866 0.0806484 -1.70667 0.187029 -0.127193 0.974085 -1.02815 0 0 0 1 
3394309160012;0.324315;0.888712;0.945424 -0.324393 -0.0306945 2.05382 0.325151 0.933098 0.153639 -2.30853 -0.0211983 -0.155234 0.98765 -0.12609 0 0 0 1 
3394309160013;0.268523;0.234091;0.997688 0.0592026 -0.0333827 0.0301012 -0.0593941 0.998223 -0.0047738 0.127172 0.0330408 0.0067455 0.999431 -0.479202 0 0 0 1 
3394309160014;0.217364;0.00766151;0.999769 0.0188628 0.0102956 -0.00948732 -0.0205606 0.97897 0.202965 -0.305994 -0.00625058 -0.20313 0.979132 0.255038 0 0 0 1 
3394309160015;0.198549;0.108789;0.977945 0.105203 0.180434 -0.528804 -0.0997857 0.994249 -0.0388697 0.733964 -0.183485 0.0200077 0.982819 1.23951 0 0 0 1 
3394309160016;0.362241;0.0495688;0.903596 -0.226494 0.363613 0.352291 0.223123 0.97341 0.0518619 -1.68845 -0.365691 0.0342684 0.930105 2.93727 0 0 0 1 
3394309160017;0.403444;0.080552;0.924773 -0.271664 0.266446 -0.299776 0.265273 0.962278 0.0604191 -1.26749 -0.272809 0.014807 0.961954 1.80412 0 0 0 1 
3394309160018;0.415951;0.184572;0.959448 0.26791 0.0876553 -1.0964 -0.271885 0.961624 0.0368546 1.97332 -0.0744177 -0.0591922 0.995469 0.33364 0 0 0 1 
3394309160019;0.389264;0.170701;0.967339 0.252865 -0.0177626 -0.353428 -0.252892 0.967494 0.000732759 1.33853 0.0173705 0.00378319 0.999842 -0.911296 0 0 0 1 
3394309160020;0.355901;0.1152;0.950869 -0.156309 -0.267237 0.736023 0.0977192 0.970591 -0.220007 -0.434189 0.293767 0.183084 0.93818 -1.51533 0 0 0 1 
3394309160021;0.307009;0.00794382;0.991558 -0.117677 -0.0544544 0.644306 0.126918 0.966809 0.221749 -1.10396 0.0265522 -0.226789 0.973582 -0.331298 0 0 0 1 
3394309160022;0.159878;0.0454104;0.9806 -0.036178 0.192654 -0.362221 0.0516457 0.995779 -0.075879 -0.248881 -0.189096 0.0843567 0.978328 1.20178 0 0 0 1 
3394309160023;0.179015;0.0103015;0.995587 -0.0412851 0.0842773 -0.172655 0.0434211 0.998776 -0.0236711 -0.306327 -0.0831969 0.0272261 0.996161 0.109566 0 0 0 1 
3394309160024;0.448507;0.896438;0.906585 -0.417957 0.0584396 2.71818 0.416573 0.908439 0.034717 -2.6446 -0.067599 -0.00712952 0.997687 1.22647 0 0 0 1 
3394309160025;0.259237;0.0936487;0.986817 0.161761 -0.00508867 -0.319138 -0.161397 0.985948 0.0431009 1.06061 0.0119892 -0.0417114 0.999058 -0.614702 0 0 0 1 
3394309160026;0.300277;0.248172;0.994759 0.0819394 0.061167 -0.293886 -0.0783463 0.995179 -0.058998 -0.0282914 -0.0657064 0.0538965 0.996382 0.710757 0 0 0 1 
3394309160027;0.421694;0.603647;0.958193 -0.221995 -0.18051 1.97299 0.257911 0.943298 0.208974 -2.56106 0.123883 -0.246793 0.961117 -0.283547 0 0 0 1 
3394309160028;0.443835;0.0931584;0.943488 0.0874168 0.319671 -0.323769 0.00780335 0.958457 -0.28513 0.737106 -0.331316 0.271511 0.90361 1.83068 0 0 0 1 
3394309160029;0.512116;0.0331941;0.998648 -0.0214472 0.0473497 0.233004 0.0360144 0.942329 -0.332746 0.391841 -0.0374825 0.334001 0.941827 -0.633569 0 0 0 1 
3394309160031;0.426851;0.399235;0.966869 -0.199411 -0.159371 1.14425 0.218344 0.969468 0.11161 -0.72674 0.132248 -0.14271 0.980889 -0.818447 0 0 0 1 
3394309160032;0.353703;0.203517;0.94132 -0.328548 -0.0772899 0.344587 0.329579 0.944128 0.000617453 0.197391 0.0727687 -0.0260543 0.997008 -0.0135878 0 0 0 1 
3394309160033;0.139215;0.00768734;0.994422 -0.0233987 -0.102847 0.0373408 0.0183768 0.998605 -0.0495076 -0.166022 0.103862 0.0473414 0.993464 0.105874 0 0 0 1 
3394309160034;0.389775;0.0909729;0.9444 0.322784 -0.0626056 -0.320382 -0.318984 0.945622 0.0636274 0.140387 0.0797391 -0.0401196 0.996008 -0.631778 0 0 0 1 
3394309160035;0.19696;0.0129689;0.976475 0.174744 -0.126335 0.063496 -0.189334 0.975212 -0.114518 0.465677 0.103192 0.135743 0.985355 -0.0997104 0 0 0 1 
3394309160036;0.370886;0.181546;0.945334 -0.326101 0.00109949 0.0800645 0.318352 0.923591 0.213614 -0.337097 -0.0706752 -0.201586 0.976918 0.542301 0 0 0 1 
3394309160037;0.384635;0.0094256;0.914375 -0.247888 0.320109 -0.239861 0.186282 0.959577 0.210978 -0.765508 -0.359468 -0.133283 0.92359 0.0432973 0 0 0 1 
3394309160038;0.368064;0.0743093;0.960676 0.275189 -0.0370556 -0.693108 -0.277481 0.95639 -0.0912267 0.46801 0.010335 0.0979215 0.99514 -0.117528 0 0 0 1 
3394309160039;0.0746977;0.0113286;0.999632 0.00488493 0.0266828 -0.102051 -0.004962 0.999984 0.00282312 -0.0171387 -0.0266685 -0.00295448 0.99964 -0.146105 0 0 0 1 
3394309160040;0.279481;0.0364165;0.928056 -0.323699 0.184203 0.146552 0.305278 0.944462 0.121644 -0.530114 -0.213348 -0.0566596 0.975332 0.419291 0 0 0 1 
3394309160041;0.389623;0.12942;0.923324 -0.383413 0.021591 0.671216 0.381395 0.922124 0.065006 -0.378374 -0.0448338 -0.0517869 0.997651 0.00993301 0 0 0 1 
3394309160042;0.283783;0.182527;0.986605 -0.162702 0.0117772 -0.0344266 0.162721 0.986672 -0.000709746 -0.104368 -0.0115047 0.00261663 0.99993 -0.324283 0 0 0 1 
3394309160043;0.314339;0.027765;0.99813 0.0609118 0.00513284 0.15401 -0.0608037 0.9807 0.185826 -0.0425338 0.0062852 -0.18579 0.982569 0.637257 0 0 0 1 
3394309160044;0.531805;0.0783912;0.907592 0.385638 -0.166015 -0.5669 -0.368758 0.921224 0.123949 0.492673 0.200737 -0.0512762 0.978302 0.421592 0 0 0 1 
3394309160045;0.395186;0.385424;0.989794 0.0805041 0.117591 -0.263904 -0.0699493 0.993365 -0.0912873 -0.117839 -0.12416 0.0821301 0.988857 0.147859 0 0 0 1 
3394309160046;0.217132;0.0219299;0.990549 -0.137035 0.00576723 0.183263 0.136971 0.990521 0.0103518 -0.593676 -0.00713113 -0.00946403 0.99993 0.164966 0 0 0 1 
3394309160047;0.371665;0.00300249;0.976099 -0.150223 0.15705 -0.068503 0.166231 0.981571 -0.0942597 0.114131 -0.139996 0.118113 0.983082 -0.619905 0 0 0 1 
3394309160048;0.441321;0.162806;0.932227 0.312276 0.182858 -0.675882 -0.26944 0.936287 -0.225318 0.647534 -0.241569 0.160779 0.956972 0.473304 0 0 0 1 
3394309160049;0.529697;0.394082;0.967997 -0.241691 -0.0675756 0.228751 0.245456 0.967884 0.0543387 -0.583412 0.0522721 -0.0691866 0.996233 -0.0698177 0 0 0 1 
3394309160050;0.242722;0.00522629;0.984459 -0.11983 0.128378 -0.00900472 0.121098 0.992638 -0.00209062 -0.182007 -0.127182 0.0176044 0.991723 0.644605 0 0 0 1 
3394309160051;0.288745;0.0547464;0.985611 -0.0183611 0.168029 -0.249007 0.00108372 0.994749 0.102342 -0.0895852 -0.169026 -0.100688 0.980455 0.696456 0 0 0 1 
3394309160052;0.346607;0.0419319;0.995764 0.0913952 0.0100617 0.00591574 -0.0914935 0.995758 0.00978367 0.0181817 -0.00912481 -0.0106628 0.999902 -0.815868 0 0 0 1 
3394309160053;0.177457;0.0116211;0.993178 -0.0048469 0.116504 -0.322984 0.00508232 0.999986 -0.00172371 -0.200624 -0.116494 0.00230406 0.993189 0.376515 0 0 0 1 
3394309160054;0.393365;0.00539981;0.997847 -0.0347875 -0.055603 0.655928 0.0439734 0.983831 0.173619 -0.679861 0.0486641 -0.175691 0.983242 0.411154 0 0 0 1 
3394309160055;0.395101;0.0826473;0.998527 -0.0523211 0.0143447 0.548426 0.0533219 0.99523 -0.0816934 0.218523 -0.010002 0.082338 0.996554 -0.574162 0 0 0 1 
3394309160056;0.394726;0.0125636;0.984617 0.174389 0.0108803 -0.587721 -0.174074 0.973646 0.147351 0.460417 0.0151028 -0.146978 0.989024 -0.528437 0 0 0 1 
3394309160057;0.649395;0.0418343;0.934271 0.350613 0.0648738 -1.032 -0.318752 0.902793 -0.288724 1.28434 -0.159798 0.249068 0.955212 0.460433 0 0 0 1 
3394309160058;0.444142;0.0397897;0.97784 0.209085 -0.0105652 -0.383882 -0.20935 0.976414 -0.0527957 0.591096 -0.000722788 0.0538376 0.998549 0.780426 0 0 0 1 
3394309160059;0.406193;0.363041;0.984747 0.00388427 0.17395 0.468178 0.0042476 0.998916 -0.0463517 -0.516799 -0.173942 0.0463835 0.983663 0.651427 0 0 0 1 
3394309160060;0.43448;0.172225;0.962304 0.271248 -0.0198644 0.0222994 -0.270945 0.949755 -0.156695 0.37683 -0.023637 0.156171 0.987447 -0.506765 0 0 0 1 
3394309160062;0.235158;0.0138267;0.951744 -0.262957 0.158232 0.495479 0.277966 0.957144 -0.0812994 -6.10799 -0.130072 0.121359 0.984049 2.89592 0 0 0 1 
3394309160063;0.42419;0.0157811;0.976268 0.216245 -0.0117988 0.790143 -0.215979 0.976183 0.0205018 4.44217 0.0159512 -0.017467 0.99972 0.6175 0 0 0 1 
3394309160064;0.439802;0.874011;0.898897 0.394679 0.190298 -0.384287 -0.400447 0.916278 -0.00880057 8.85316 -0.177839 -0.0682936 0.981687 3.6405 0 0 0 1 
3394309160065;0.350677;0.012614;0.987466 0.0851905 0.132869 0.291222 -0.0875858 0.996081 0.012278 1.33284 -0.131303 -0.0237616 0.991058 2.17284 0 0 0 1 
3394309160066;0.242534;0.0170934;0.99927 0.0124599 -0.0361266 -0.174504 -0.0198502 0.97705 -0.212081 0.21845 0.032655 0.212643 0.976584 -0.186609 0 0 0 1 
3394309160067;0.392633;0.260884;0.991668 0.104478 0.0753645 -0.332701 -0.10031 0.993315 -0.0571215 2.30957 -0.0808286 0.0490857 0.995519 1.27501 0 0 0 1 
3394309160068;0.328762;0.0199106;0.989069 0.146576 0.0160394 0.223447 -0.147448 0.98247 0.114069 3.69985 0.000961544 -0.115187 0.993343 -0.503915 0 0 0 1 
3394309160069;0.0998438;0.00817906;0.999768 0.0195007 -0.00917309 0.267613 -0.0195117 0.999809 -0.00110287 0.443151 0.00914983 0.00128159 0.999957 -0.289646 0 0 0 1 
3394309160070;0.429464;0.168546;0.929744 0.285249 0.232827 0.817893 -0.33427 0.919041 0.208869 7.27052 -0.154398 -0.272022 0.949824 3.50215 0 0 0 1 
3394309160071;0.0989399;0.0158241;0.998386 0.055192 -0.0133587 0.0740429 -0.0551194 0.998463 0.00574541 1.17116 0.0136553 -0.00499982 0.999894 -0.496597 0 0 0 1 
3394309160072;0.334886;0.0973868;0.945015 -0.327026 -6.03418e-05 1.15346 0.320387 0.925793 0.200649 -7.50803 -0.0655617 -0.189636 0.979663 0.965346 0 0 0 1 
3394309160073;0.372916;0.00968256;0.989682 -0.143254 0.0029074 0.85192 0.143249 0.989685 0.00187533 -3.23209 -0.00314606 -0.0014395 0.999994 0.431976 0 0 0 1 
3394309160074;0.236373;0.0122196;0.983301 -0.177273 -0.0411455 0.328356 0.179801 0.981269 0.0691581 -4.06926 0.028115 -0.0754013 0.996757 -1.09751 0 0 0 1 
3394309160075;0.259352;0.00661869;0.978967 0.0780339 -0.188504 0.762647 -0.125391 0.958986 -0.254211 2.98434 0.160936 0.272501 0.9486 -3.26316 0 0 0 1 
3394309160076;0.21267;0.0177793;0.974553 0.173805 0.141557 0.450222 -0.160375 0.981834 -0.101404 3.78138 -0.15661 0.0761216 0.984723 3.62416 0 0 0 1 
3394309160077;0.259302;0.0179432;0.989097 0.140113 -0.0453405 0.249898 -0.14553 0.977096 -0.155258 3.25954 0.0225483 0.160163 0.986833 0.248262 0 0 0 1 
3394309160078;0.466153;0.204355;0.954776 -0.236179 0.180614 0.581385 0.26069 0.957093 -0.126543 -5.62994 -0.142978 0.167904 0.97538 3.97166 0 0 0 1 
3394309160079;0.423773;0.0104099;0.967555 -0.161144 0.194604 -0.312031 0.184749 0.976627 -0.109851 -3.8717 -0.172353 0.142239 0.974711 3.24125 0 0 0 1 
3394309160080;0.255153;0.0179132;0.992676 0.00991785 0.120399 0.0911254 0.00797179 0.989074 -0.147201 0.0116965 -0.120544 0.147083 0.981751 2.3126 0 0 0 1 
3394309160081;0.296072;0.0106216;0.99725 -0.0674206 0.0307686 0.338563 0.067535 0.997713 -0.00269144 -0.837824 -0.0305168 0.004762 0.999523 0.581102 0 0 0 1 
3394309160082;0.355531;0.265196;0.981205 -0.170508 -0.0903576 0.852011 0.165318 0.98428 -0.0621535 -3.99167 0.0995348 0.0460475 0.993968 -2.20042 0 0 0 1 
3394309160083;0.180325;0.00827003;0.997449 -0.0706053 -0.0105358 -0.0223598 0.071315 0.978899 0.191495 -1.94017 -0.00320709 -0.191758 0.981437 -0.024402 0 0 0 1 
3394309160084;0.188147;0.0122207;0.99782 -0.028322 -0.0596007 -0.0789326 0.0272487 0.999453 -0.0187449 -0.386497 0.060099 0.01708 0.998046 -1.65155 0 0 0 1 
3394309160085;0.149775;0.0117783;0.997344 0.0112209 0.0719697 -0.110737 -0.0228937 0.98628 0.163485 0.190128 -0.0691478 -0.164699 0.983917 1.32125 0 0 0 1 
3394309160086;0.360181;0.00665215;0.976494 0.0340659 -0.212835 1.31336 -0.0515379 0.995691 -0.0770896 1.2783 0.209292 0.0862466 0.974042 -3.6803 0 0 0 1 
3394309160087;0.069233;0.0158552;0.996559 -0.0809206 -0.0179638 0.0724347 0.0811706 0.996607 0.0136523 -1.79843 0.0167981 -0.0150634 0.999745 -0.368495 0 0 0 1 
3394309160088;0.334175;0.00983431;0.957811 -0.24387 0.152073 -0.239881 0.221143 0.963326 0.151985 -5.016 -0.18356 -0.111943 0.976614 3.58756 0 0 0 1 
3394309160089;0.384231;0.00579993;0.967713 -0.21682 0.128534 0.100248 0.205044 0.973749 0.098845 -4.92114 -0.146591 -0.0692985 0.986767 2.32792 0 0 0 1 
3394309160090;0.357505;0.0506576;0.949911 -0.287856 0.121691 0.823521 0.305444 0.937523 -0.166594 -6.13043 -0.0661331 0.19542 0.978487 1.98686 0 0 0 1 
3394309160091;0.460987;0.0362795;0.972201 0.228182 0.0525255 0.324867 -0.230348 0.972299 0.0396687 4.043 -0.0420189 -0.0506651 0.997831 0.454881 0 0 0 1 
3394309160093;0.186714;0.00930396;0.982064 -0.0716267 -0.174412 0.541114 0.0764475 0.996851 0.0210718 -1.3568 0.172353 -0.0340272 0.984447 -3.42148 0 0 0 1 
3394309160094;0.310812;0.0236329;0.986178 -0.126297 0.107247 0.392701 0.126893 0.991916 0.00127802 -1.68854 -0.106542 0.0123486 0.994232 1.9964 0 0 0 1 
3394309160095;0.222858;0.0190193;0.998815 -0.0303455 -0.0380604 0.269038 0.0296388 0.99938 -0.018997 -0.643289 0.0386132 0.0178464 0.999095 -0.173443 0 0 0 1 
3394309160096;0.38163;0.0131242;0.996248 -0.0719437 -0.0480954 0.305208 0.0767794 0.991215 0.107696 -1.70362 0.0399248 -0.110985 0.99302 0.0450891 0 0 0 1 
3394309160097;0.257713;0.019796;0.999795 0.0118355 -0.0164266 -0.0603268 -0.0116814 0.999887 0.00944632 0.20299 0.0165365 -0.0092525 0.99982 0.376754 0 0 0 1 
3394309160098;0.436886;0.278178;0.989739 0.140795 0.0243468 -0.0846925 -0.137942 0.98596 -0.0940964 2.50891 -0.0372533 0.0897725 0.995265 0.569117 0 0 0 1 
3394309160099;0.352112;0.0506091;0.990889 0.100468 0.0896928 0.583324 -0.0825451 0.979267 -0.184991 2.02685 -0.106419 0.175902 0.978639 1.72223 0 0 0 1 
3394309160100;0.383134;0.0153166;0.996717 -0.0138602 -0.0797703 0.351985 0.0190854 0.997695 0.065119 -0.317756 0.0786839 -0.0664277 0.994684 -0.525702 0 0 0 1 
3394309160101;0.349174;0.0327037;0.999815 0.010338 0.0162307 0.0257768 -0.00651273 0.975452 -0.220116 0.797809 -0.0181078 0.21997 0.975339 1.32933 0 0 0 1 
3394309160102;0.328612;0.0217799;0.989227 0.101862 -0.105134 0.339001 -0.0890231 0.988735 0.120327 1.53968 0.116206 -0.109671 0.987152 -1.41841 0 0 0 1 
3394309160103;0.353684;0.0180781;0.997574 -0.00294131 0.0695526 -0.822665 -0.000607759 0.998701 0.0509509 -0.16158 -0.0696122 -0.0508696 0.996276 1.72031 0 0 0 1 
3394309160104;0.220681;0.0134266;0.98008 -0.137948 0.142875 -0.290966 0.132834 0.990126 0.044785 -2.07251 -0.147643 -0.0249142 0.988727 2.58116 0 0 0 1 
3394309160105;0.408456;0.529475;0.930862 0.355567 0.0840755 0.040253 -0.361992 0.928727 0.0801682 6.7406 -0.0495781 -0.10506 0.993229 1.42288 0 0 0 1 
3394309160106;0.441483;0.0144836;0.896968 -0.416278 0.148868 1.48449 0.367897 0.889562 0.270797 -7.18907 -0.245154 -0.188129 0.951056 4.67165 0 0 0 1 
3394309160107;0.532391;0.0393381;0.920581 -0.361897 -0.146835 2.1557 0.346375 0.930243 -0.121132 -6.16849 0.180429 0.0606523 0.981716 -3.73548 0 0 0 1 
3394309160108;0.223867;0.0304971;0.9999 0.0140328 0.00161762 -0.153708 -0.0140451 0.999871 0.00781345 0.170101 -0.00150776 -0.00783539 0.999968 0.608138 0 0 0 1 
3394309160109;0.0784344;0.0122819;0.995122 -0.0986401 -0.00175139 -0.0326965 0.0986554 0.99493 0.0195413 -1.82343 -0.000185041 -0.0196187 0.999808 -0.0265989 0 0 0 1 
3394309160110;0.305364;0.0208997;0.985805 -0.157712 0.0575776 -0.299636 0.165791 0.968525 -0.185666 -2.85502 -0.0264837 0.192576 0.980925 1.38865 0 0 0 1 
3394309160111;0.289575;0.91907;0.949154 0.248039 0.193862 -0.9849 -0.232415 0.96747 -0.0999303 4.35851 -0.212342 0.0497928 0.975926 4.18701 0 0 0 1 
3394309160112;0.386373;0.00924516;0.968995 -0.242594 0.0468791 0.183565 0.242306 0.970128 0.0118091 -4.52906 -0.0483436 -8.386e-05 0.998831 1.71672 0 0 0 1 
3394309160113;0.347639;0.0236253;0.999187 0.0403263 3.01527e-05 -0.135308 -0.0403262 0.999186 -0.00136543 1.0168 -8.51911e-05 0.00136311 0.999999 0.856492 0 0 0 1 
3394309160114;0.578959;0.472235;0.901143 0.351355 0.25395 -0.404644 -0.350326 0.935247 -0.0508364 6.05983 -0.255367 -0.0431542 0.965881 4.59102 0 0 0 1 
3394309160115;0.373208;0.0347787;0.996448 -0.00526879 0.0840428 -0.35748 0.0128594 0.995856 -0.0900352 -0.0890077 -0.0832201 0.0907961 0.992386 0.725056 0 0 0 1 
3394309160116;0.177223;0.0266216;0.999783 -0.0204511 -0.00399745 0.252197 0.0204074 0.999735 -0.0106903 -0.0365961 0.00421502 0.0106064 0.999935 -0.16662 0 0 0 1 
3394309160117;0.448363;0.0204195;0.979562 -0.195914 -0.0455663 0.270929 0.175569 0.943332 -0.281603 -2.48768 0.0981541 0.267847 0.958449 -2.17658 0 0 0 1 
3394309160118;0.307421;0.100692;0.977406 0.170069 0.125519 0.22765 -0.139078 0.964616 -0.223992 2.98802 -0.159172 0.201474 0.966474 2.7897 0 0 0 1 
3394309160119;0.336676;0.0544882;0.937702 -0.342908 -0.0559433 1.09502 0.343338 0.93921 -0.00202647 -6.14556 0.0532374 -0.0173072 0.998432 -0.588319 0 0 0 1 
3394309160120;0.390228;0.0358133;0.883688 -0.432851 0.178146 1.50734 0.449377 0.891039 -0.0641107 -7.96638 -0.130985 0.136708 0.981913 2.88859 0 0 0 1 
3394309160121;0.364275;0.0505996;0.937689 -0.105546 0.331057 0.188436 0.173855 0.96743 -0.183995 -2.46597 -0.300854 0.230086 0.925498 5.81496 0 0 0 1 
3394309160122;0.150012;0.0491185;0.981468 0.187709 -0.0385557 0.652664 -0.188722 0.981723 -0.0245582 3.34323 0.0332413 0.0313794 0.998955 -0.535287 0 0 0 1 
3394309160124;0.265891;0.0145144;0.971645 -0.224942 0.0728454 -0.060376 0.227054 0.973633 -0.0220281 -5.65969 -0.0659696 0.0379433 0.9971 1.41181 0 0 0 1 
3394309160125;0.0924407;0.0215732;0.991277 0.0291921 0.128523 0.064854 -0.0369265 0.997621 0.0582132 0.797963 -0.126518 -0.0624513 0.989996 2.81582 0 0 0 1 
3394309160126;0.454214;0.0252261;0.917177 0.301532 -0.26051 3.23625 -0.303999 0.952142 0.0317834 7.59783 0.257626 0.0500437 0.964948 -5.80507 0 0 0 1 
3394309160127;0.391085;0.0927184;0.919563 0.388244 -0.0605775 1.97967 -0.373406 0.911403 0.17295 8.76593 0.122358 -0.136419 0.983066 -3.18851 0 0 0 1 
3394309160128;0.398984;0.183541;0.951325 0.306031 0.0364025 0.652477 -0.297654 0.942993 -0.148882 7.60742 -0.0798898 0.130799 0.988185 2.00358 0 0 0 1 
3394309160129;0.0588853;0.0131212;0.999996 -0.000171871 0.00267931 -0.0489535 0.000161547 0.999993 0.00385316 -0.0956322 -0.00267995 -0.00385271 0.999989 0.180118 0 0 0 1 
3394309160130;0.354684;0.413777;0.986102 -0.117655 0.117301 0.266483 0.118358 0.992971 0.000981994 -3.61558 -0.116592 0.0129152 0.993096 2.77438 0 0 0 1 
3394309160131;0.385569;0.347292;0.920983 0.385052 0.0593803 1.40902 -0.385941 0.922515 0.00385391 9.40343 -0.0532953 -0.0264667 0.998228 1.35375 0 0 0 1 
3394309160132;0.356548;0.0318254;0.91009 -0.410218 0.0587971 1.74554 0.414409 0.900512 -0.131692 -9.72086 0.00107485 0.144218 0.989545 0.120898 0 0 0 1 
3394309160133;0.361702;0.0118983;0.951384 -0.180361 -0.249676 1.52034 0.246197 0.93241 0.264572 -6.03279 0.185082 -0.313179 0.931485 -4.69049 0 0 0 1 
3394309160134;0.414145;0.0122541;0.978193 -0.206038 0.0262086 1.04259 0.207434 0.975501 -0.0732724 -4.54903 -0.0104697 0.0771111 0.996968 0.328107 0 0 0 1 
3394309160135;0.292331;0.0144812;0.99923 0.012663 -0.0371376 0.0946987 -0.00923946 0.995813 0.0909491 -0.250251 0.0381338 -0.0905359 0.995163 -1.61643 0 0 0 1 
3394309160136;0.443471;0.0364985;0.969605 0.244254 -0.0143592 0.943206 -0.244056 0.969657 0.0142319 5.96515 0.0173997 -0.0102949 0.999796 -1.25185 0 0 0 1 
3394309160137;0.250953;0.0124486;0.982605 -0.177238 -0.0554418 0.377587 0.182158 0.977959 0.102054 -4.41873 0.036132 -0.110378 0.993233 -1.3968 0 0 0 1 
3394309160138;0.370395;0.0170268;0.929361 -0.261941 -0.260146 1.83135 0.239258 0.964011 -0.115922 -5.18576 0.281149 0.0454909 0.958585 -6.0566 0 0 0 1 
3394309160139;0.0858104;0.0179864;0.9973 0.073063 -0.00742483 0.135215 -0.0723075 0.99458 0.0747124 1.52009 0.0128433 -0.0739738 0.997177 -0.459445 0 0 0 1 
3394309160140;0.322515;0.0190869;0.906117 -0.0466101 -0.420451 2.96829 0.0485224 0.998803 -0.00615355 -1.1931 0.420234 -0.0148254 0.907295 -9.94766 0 0 0 1 
3394309160141;0.361297;0.127599;0.94499 0.327079 0.00357287 0.939402 -0.327073 0.944723 0.0228444 7.87308 0.00409655 -0.0227563 0.999733 -0.171666 0 0 0 1 
3394309160142;0.193657;0.0366441;0.967233 0.0234525 0.252807 0.234239 -0.0334563 0.998815 0.0353446 0.717711 -0.251678 -0.0426444 0.966871 5.98149 0 0 0 1 
3394309160143;0.448915;0.0256967;0.971527 0.236428 -0.0154146 0.109039 -0.235963 0.971383 0.0271259 5.16104 0.0213868 -0.0227162 0.999513 -0.871389 0 0 0 1 
3394309160144;0.382267;0.0375047;0.932084 -0.327801 -0.154162 0.976997 0.313561 0.943205 -0.109743 -7.81226 0.181381 0.0539506 0.981932 -4.43452 0 0 0 1 
3394309160145;0.390824;0.00942907;0.909376 0.127797 -0.395858 2.91005 -0.21728 0.957429 -0.19005 5.36161 0.354718 0.258839 0.898431 -8.23456 0 0 0 1 
3394309160146;0.519843;0.0306563;0.987347 0.054163 0.149036 0.152609 -0.0879624 0.969075 0.230558 1.79892 -0.13194 -0.24075 0.961578 3.96938 0 0 0 1 
3394309160147;0.314525;0.0269286;0.957015 -0.186246 -0.222338 0.711794 0.225048 0.960419 0.164164 -5.34318 0.182963 -0.207144 0.961049 -4.21531 0 0 0 1 
3394309160148;0.159477;0.0242365;0.996393 0.00967955 0.0843038 0.185571 -0.0180782 0.994879 0.0994386 0.0842645 -0.0829096 -0.100604 0.991466 1.78533 0 0 0 1 
3394309160149;0.32406;0.407199;0.997646 -0.0683166 0.00600515 0.319396 0.0684311 0.997423 -0.0215521 -0.755479 -0.00451731 0.0219123 0.99975 0.160323 0 0 0 1 
3394309160150;0.0510986;0.0179413;0.998146 0.0580215 0.0183801 0.0206894 -0.058062 0.998312 0.00167359 1.34028 -0.018252 -0.00273767 0.99983 0.443765 0 0 0 1 
3394309160151;0.610087;0.017153;0.929644 -0.335746 -0.15178 2.58482 0.321986 0.940524 -0.108347 -7.20702 0.179129 0.0518528 0.982458 -3.89933 0 0 0 1 
3394309160152;0.362678;0.0424647;0.92203 0.288154 -0.258511 2.6623 -0.314912 0.946685 -0.067952 7.52476 0.225148 0.144062 0.963615 -5.3747 0 0 0 1 
3394309160153;0.287468;0.0171522;0.955783 0.286847 -0.0647923 1.3227 -0.266453 0.937953 0.221917 5.82334 0.124428 -0.19484 0.972911 -2.95278 0 0 0 1 
3394309160155;0.447786;0.378262;0.96991 -0.227278 -0.0872873 0.619309 0.234513 0.968462 0.084173 -2.01633 0.0654038 -0.10211 0.992621 -0.524235 0 0 0 1 
3394309160156;0.233355;0.0169615;0.929801 0.0691709 -0.361505 1.19499 -0.0592782 0.997503 0.0383986 0.515825 0.363259 -0.0142737 0.931579 -3.18765 0 0 0 1 
3394309160157;0.264959;0.0695366;0.975318 0.0355528 0.217925 -0.171389 -0.0845851 0.971823 0.220013 0.33388 -0.203963 -0.233015 0.950843 1.47716 0 0 0 1 
3394309160158;0.276214;0.0178886;0.986133 -0.160964 0.0404011 0.0898408 0.161209 0.986916 -0.00287829 -1.65758 -0.0394092 0.00935141 0.999179 -0.185321 0 0 0 1 
3394309160159;0.327677;0.0289561;0.999442 0.0270429 0.0195876 -0.229399 -0.0283455 0.997173 0.0695941 0.1671 -0.0176502 -0.0701105 0.997383 0.999512 0 0 0 1 
3394309160160;0.133668;0.0378643;0.984795 0.00116859 0.173716 -0.244202 0.00957192 0.998093 -0.0609774 0.0105265 -0.173456 0.0617131 0.982906 1.63784 0 0 0 1 
3394309160161;0.30505;0.659752;0.94634 0.322563 -0.0198278 -1.36696 -0.322081 0.946406 0.0240549 3.08793 0.0265244 -0.016378 0.999514 0.0830091 0 0 0 1 
3394309160162;0.0502853;0.0296991;0.999956 -0.00891558 -0.00296534 0.0386151 0.00890549 0.999955 -0.0033992 -0.144325 0.00299551 0.00337264 0.99999 0.0644079 0 0 0 1 
3394309160163;0.250016;0.0233328;0.99458 -0.0755353 -0.0714542 0.0895869 0.0913956 0.962775 0.254382 -1.29731 0.0495795 -0.259534 0.96446 -0.26877 0 0 0 1 
3394309160164;0.523579;0.805319;0.911352 0.407803 -0.0559842 -1.96251 -0.408821 0.912583 -0.00760722 3.53403 0.047988 0.0298204 0.998403 -0.0973304 0 0 0 1 
3394309160165;0.368871;0.135573;0.968372 0.247272 -0.0333339 -0.0286936 -0.247577 0.935665 -0.251469 2.41627 -0.030992 0.251768 0.967291 0.954348 0 0 0 1 
3394309160166;0.306131;0.0241149;0.999522 -0.0114246 -0.0287226 0.101838 0.0114063 0.999935 -0.000801211 -0.119015 0.0287299 0.000473211 0.999587 -1.00562 0 0 0 1 
3394309160167;0.598213;0.120977;0.907544 -0.133492 -0.398176 2.2537 0.204022 0.968876 0.140193 -2.75567 0.367069 -0.208468 0.906533 -2.75196 0 0 0 1 
3394309160168;0.1742;0.040282;0.999407 0.0340788 -0.00502519 -0.104697 -0.0340724 0.999418 0.00135004 0.294554 0.00506827 -0.00117801 0.999986 0.433276 0 0 0 1 
3394309160169;0.457369;0.0559499;0.943926 -0.324875 0.0588296 0.33308 0.323326 0.945661 0.034427 -3.89097 -0.0668173 -0.0134753 0.997674 1.13919 0 0 0 1 
3394309160170;0.210774;0.0305987;0.985628 -0.101555 0.134999 -0.257219 0.123063 0.979097 -0.161937 -0.946836 -0.115732 0.176223 0.977523 0.958688 0 0 0 1 
3394309160171;0.312176;0.0297234;0.979675 -0.197207 0.0366845 0.418525 0.179188 0.942587 0.281819 -1.99929 -0.0901551 -0.269518 0.958766 0.728787 0 0 0 1 
3394309160172;0.347442;0.0234556;0.991475 -0.0550666 -0.118085 0.151237 0.0396078 0.990791 -0.129477 -0.363447 0.124128 0.123696 0.984526 -0.141706 0 0 0 1 
3394309160173;0.513361;0.360144;0.967615 -0.230698 0.102466 0.570519 0.237791 0.969252 -0.0632955 -2.22293 -0.0847133 0.0856111 0.992721 0.684112 0 0 0 1 
3394309160174;0.158617;0.030504;0.997637 0.0499529 -0.0471769 -0.239544 -0.0552555 0.991385 -0.118752 0.627653 0.0408385 0.121078 0.991803 -0.0954315 0 0 0 1 
3394309160175;0.423765;0.0252289;0.985707 -0.0351764 -0.164754 1.09167 -0.000292758 0.977599 -0.210477 0.48918 0.168468 0.207517 0.963616 -1.56465 0 0 0 1 
3394309160176;0.19621;0.0450997;0.995573 -0.0389534 0.0855372 0.00122812 0.0352929 0.998412 0.0438975 -0.0936381 -0.0871114 -0.0406843 0.995367 0.463439 0 0 0 1 
3394309160177;0.557777;0.0225461;0.95735 0.176742 -0.228566 0.555607 -0.0771029 0.918669 0.38743 0.282246 0.278452 -0.353283 0.893116 -1.45654 0 0 0 1 
3394309160178;0.217629;0.056082;0.999975 -0.00647361 0.00286489 0.256345 0.00647837 0.999978 -0.00165662 -0.335957 -0.0028541 0.00167514 0.999995 0.378671 0 0 0 1 
3394309160179;0.268847;0.768204;0.96009 -0.279627 -0.00605499 1.79411 0.279691 0.959772 0.0247127 -3.01409 -0.00109894 -0.02542 0.999676 -0.0298434 0 0 0 1 
3394309160180;0.363436;0.0315093;0.997024 -0.0062116 0.0768474 -0.0910646 0.0107225 0.998234 -0.0584267 0.321529 -0.0763488 0.0590767 0.995329 1.64416 0 0 0 1 
3394309160181;0.481709;0.244348;0.987222 -0.15922 0.00641678 0.374557 0.159348 0.986596 -0.035162 -1.89786 -0.000732261 0.0357352 0.999361 0.654423 0 0 0 1 
3394309160182;0.293983;0.0233518;0.998325 -0.0450969 -0.0362333 0.0174785 0.0448906 0.998971 -0.00648867 -0.936008 0.0364886 0.00485127 0.999322 0.274204 0 0 0 1 
3394309160183;0.436918;0.0267106;0.972633 -0.23211 0.0105246 0.451571 0.220337 0.935782 0.275253 -2.98062 -0.0737377 -0.265401 0.961314 0.280335 0 0 0 1 
3394309160184;0.141133;0.0209567;0.999901 -0.00728269 -0.0120638 -0.34322 0.00699981 0.999703 -0.0233275 -0.145666 0.0122301 0.0232407 0.999655 0.0971565 0 0 0 1 
3394309160186;0.458534;0.122182;0.932508 0.358437 -0.0441695 1.42099 -0.360086 0.93216 -0.0376314 7.28152 0.0276846 0.0509964 0.998315 -1.17418 0 0 0 1 
3394309160187;0.388653;0.203013;0.919576 -0.392849 0.00701758 1.68195 0.391998 0.916072 -0.084552 -7.85754 0.0267876 0.0805029 0.996394 -0.224388 0 0 0 1 
3394309160188;0.269366;0.00842308;0.986211 -0.16549 -0.000889666 0.183275 0.163491 0.973436 0.160288 -3.43594 -0.02566 -0.158223 0.98707 0.787721 0 0 0 1 
3394309160189;0.483079;0.011217;0.968371 -0.201591 -0.147033 0.998954 0.150412 0.941802 -0.300642 -2.05652 0.199082 0.269018 0.942335 -4.01712 0 0 0 1 
3394309160190;0.0786131;0.00598253;0.997985 0.061037 -0.017361 0.10894 -0.0611253 0.99812 -0.00459927 1.15315 0.0170476 0.0056512 0.999839 -0.470887 0 0 0 1 
3394309160191;0.461554;0.13496;0.954108 -0.299382 -0.00694186 1.05932 0.29946 0.953944 0.0177452 -6.68356 0.00130954 -0.0190097 0.999818 0.587232 0 0 0 1 
3394309160192;0.432023;0.00451751;0.987449 -0.0284129 -0.155359 1.11555 -0.0131396 0.965495 -0.260089 1.06995 0.157389 0.258866 0.953004 -2.46816 0 0 0 1 
3394309160193;0.353577;0.0756224;0.957431 0.288523 -0.00900518 1.17887 -0.28866 0.957105 -0.0249953 5.72045 0.00140718 0.0265307 0.999647 -0.577776 0 0 0 1 
3394309160194;0.352735;0.012581;0.950817 -0.224882 0.213013 0.369795 0.148625 0.934573 0.323239 -3.59213 -0.271767 -0.275682 0.922031 5.09505 0 0 0 1 
3394309160195;0.362433;0.199303;0.934947 0.354492 0.0144783 1.09957 -0.354138 0.934926 -0.0223701 7.08833 -0.0214662 0.0157876 0.999645 0.274455 0 0 0 1 
3394309160196;0.182053;0.00496417;0.992755 -0.109538 0.0493756 -0.0361467 0.100822 0.982981 0.153568 -2.35 -0.0653568 -0.147477 0.986904 0.881761 0 0 0 1 
3394309160197;0.398636;0.154694;0.940405 0.325218 -0.0993567 1.55711 -0.338714 0.921755 -0.188788 7.01179 0.0301852 0.211191 0.976979 0.252013 0 0 0 1 
3394309160198;0.114611;0.00709436;0.991165 -0.132436 -0.0072746 0.0446443 0.132423 0.991191 -0.00225559 -2.69369 0.00750924 0.00127234 0.999971 -0.10511 0 0 0 1 
3394309160199;0.260161;0.0485481;0.952877 0.303309 0.00529931 1.08098 -0.302903 0.952265 -0.037968 6.04909 -0.0165624 0.0345737 0.999265 0.393758 0 0 0 1 
3394309160200;0.239388;0.00730692;0.998988 -0.0336652 -0.029824 0.00177221 0.0340498 0.999342 0.0124821 -0.749063 0.0293841 -0.0134849 0.999477 0.0282759 0 0 0 1 
3394309160201;0.340496;0.00417887;0.968969 -0.0745807 0.235663 0.593632 0.119614 0.97581 -0.182997 -1.70158 -0.216315 0.205507 0.95445 4.20489 0 0 0 1 
3394309160202;0.373558;0.00185371;0.985928 -0.0828836 0.145179 -0.682892 0.0835599 0.996502 0.00144409 -1.40807 -0.144791 0.0107074 0.989404 2.18485 0 0 0 1 
3394309160203;0.451354;0.385337;0.999812 0.016103 0.0107913 0.119886 -0.0151012 0.996073 -0.087241 0.562505 -0.0121538 0.0870617 0.996129 0.157509 0 0 0 1 
3394309160204;0.469117;0.179003;0.917844 0.396744 -0.0125394 1.55255 -0.39664 0.91792 0.00998444 7.9684 0.0154714 -0.00419052 0.999872 -0.784591 0 0 0 1 
3394309160205;0.327235;0.0228775;0.978991 -0.19763 -0.0501814 0.737381 0.199841 0.978855 0.0436562 -4.37893 0.0404926 -0.0527673 0.997786 -1.19277 0 0 0 1 
3394309160206;0.165571;0.0021503;0.998292 -0.0120945 -0.0571573 -0.116752 0.00513091 0.992707 -0.120442 0.161334 0.0581971 0.119943 0.991074 -0.692389 0 0 0 1 
3394309160207;0.420271;0.0078323;0.971774 0.105224 0.211145 0.445574 -0.115492 0.992624 0.0368673 2.12006 -0.205709 -0.0602124 0.976759 4.9428 0 0 0 1 
3394309160208;0.487381;0.00232981;0.924693 0.307667 -0.224241 1.32056 -0.25076 0.935388 0.249338 4.17536 0.286465 -0.174331 0.942097 -5.32474 0 0 0 1 
3394309160209;0.287731;0.00398077;0.995886 0.0695885 0.058045 -0.143887 -0.0770694 0.987347 0.138588 1.47633 -0.0476665 -0.142491 0.988648 0.119045 0 0 0 1 
3394309160210;0.372686;0.0674225;0.953653 -0.297131 0.0475328 0.767318 0.30067 0.947227 -0.111169 -5.59037 -0.0119927 0.120308 0.992664 0.999333 0 0 0 1 
3394309160211;0.423056;0.292364;0.928438 -0.298443 -0.221211 2.32485 0.32584 0.940217 0.0990963 -6.68098 0.178412 -0.164084 0.970178 -3.09781 0 0 0 1 
3394309160212;0.468609;0.0273154;0.960849 -0.275759 0.0269299 1.17648 0.276291 0.960896 -0.0185053 -5.88744 -0.0207739 0.0252213 0.999466 1.02056 0 0 0 1 
3394309160213;0.266849;0.00104796;0.978288 -0.149702 0.143325 -0.319239 0.175302 0.966604 -0.186941 -3.0668 -0.110553 0.208007 0.97186 2.49367 0 0 0 1 
3394309160214;0.475344;0.406828;0.993497 -0.0996748 0.0550277 0.284336 0.102737 0.993134 -0.0559418 -2.042 -0.0490739 0.0612314 0.996916 1.72328 0 0 0 1 
3394309160215;0.281079;0.0643182;0.890609 0.0895893 -0.445859 2.78731 -0.0656116 0.995459 0.0689641 1.32145 0.450012 -0.0321665 0.892443 -8.82839 0 0 0 1 
3394309160217;0.276984;0.0231657;0.999999 -1.61579e-05 0.0013043 -0.608339 1.30406e-05 0.999997 0.00239007 0.352329 -0.00130433 -0.00239005 0.999996 0.382258 0 0 0 1 
3394309160218;0.423487;0.423792;0.974065 0.225417 0.0196275 -0.875716 -0.226245 0.969019 0.0990714 2.63904 0.00331293 -0.100943 0.994887 0.109407 0 0 0 1 
3394309160219;0.217232;0.0305103;0.985605 0.162028 -0.0482622 0.437838 -0.168304 0.967368 -0.189401 2.51342 0.015999 0.194797 0.980713 0.0786348 0 0 0 1 
3394309160220;0.375115;0.0116984;0.921928 0.182398 -0.34173 1.58681 -0.104066 0.966394 0.235059 0.56442 0.37312 -0.181145 0.909927 -5.22883 0 0 0 1 
3394309160221;0.326953;0.0266694;0.981212 0.182276 -0.0632346 -0.098634 -0.179047 0.982385 0.053487 1.94629 0.0718702 -0.0411601 0.996564 -0.392777 0 0 0 1 
3394309160222;0.142051;0.0150382;0.999229 -0.035435 0.0169198 -0.275456 0.0359047 0.998954 -0.0283152 -0.741235 -0.0158988 0.0289008 0.999456 0.335583 0 0 0 1 
3394309160223;0.261461;0.0344933;0.95877 0.275092 -0.0713013 0.306737 -0.271494 0.960798 0.0562064 3.42953 0.0839681 -0.0345312 0.99587 -1.17364 0 0 0 1 
3394309160224;0.0854273;0.0268916;0.993639 0.112171 -0.0099689 0.108533 -0.112065 0.993644 0.0106223 1.34897 0.0110971 -0.00943751 0.999894 -0.13588 0 0 0 1 
3394309160225;0.231107;0.0107988;0.999972 0.0029418 -0.00693535 -0.211726 -0.00281632 0.999833 0.0180336 0.54541 0.00698725 -0.0180135 0.999813 0.109773 0 0 0 1 
3394309160226;0.061528;0.00796907;0.999994 0.00226743 -0.0026783 -0.0131635 -0.00227341 0.999995 -0.00222968 0.06631 0.00267324 0.00223576 0.999994 -0.180715 0 0 0 1 
3394309160227;0.376137;1.07167;0.903324 0.42394 -0.0654266 -1.23704 -0.424736 0.905315 0.00191892 5.32895 0.0600453 0.0260556 0.997856 -0.474391 0 0 0 1 
3394309160228;0.303595;0.0133555;0.965513 -0.248439 0.077861 0.305316 0.260127 0.933017 -0.248622 -2.98719 -0.0108782 0.260302 0.965466 0.19341 0 0 0 1 
3394309160229;0.401686;0.0136563;0.930734 -0.316284 0.183571 1.06993 0.320617 0.947188 0.00638111 -3.67278 -0.175894 0.0529168 0.982986 2.44236 0 0 0 1 
3394309160230;0.10387;0.0209992;0.991441 0.126857 -0.0308633 0.0990118 -0.127882 0.99121 -0.0339037 1.66317 0.0262911 0.0375604 0.998948 -0.311946 0 0 0 1 
3394309160231;0.26477;0.0215687;0.925553 -0.22787 0.30237 0.315464 0.191299 0.970626 0.145913 -2.80131 -0.326737 -0.0772068 0.941956 4.26973 0 0 0 1 
3394309160232;0.456423;0.0189035;0.870703 0.28631 -0.399879 2.82702 -0.28468 0.956422 0.0649241 3.90406 0.401042 0.057308 0.914265 -5.52715 0 0 0 1 
3394309160233;0.155497;0.0242966;0.999111 0.0337769 0.0252232 -0.191224 -0.034466 0.99903 0.0274049 0.377594 -0.024273 -0.0282499 0.999306 0.685213 0 0 0 1 
3394309160234;0.449685;0.203947;0.998744 -0.0463046 0.0191133 0.221409 0.0471289 0.997866 -0.0452009 -0.502059 -0.0169795 0.0460449 0.998795 -0.612354 0 0 0 1 
3394309160235;0.164832;0.00907033;0.972588 0.125851 -0.195535 0.356458 -0.115748 0.991322 0.0623082 1.48823 0.201679 -0.0379674 0.978715 -2.58784 0 0 0 1 
3394309160236;0.330502;0.101304;0.975039 0.217326 0.0454895 -0.0795565 -0.205247 0.960344 -0.188713 3.2305 -0.0846978 0.174666 0.980978 1.61901 0 0 0 1 
3394309160237;0.197559;0.0289538;0.999963 -0.00806377 0.00293649 0.252337 0.00804082 0.999938 0.00774606 0.129161 -0.00299877 -0.00772216 0.999966 -0.262789 0 0 0 1 
3394309160238;0.37956;0.0238191;0.982309 -0.138738 0.125778 0.836528 0.124093 0.985272 0.117645 -1.50311 -0.140248 -0.099956 0.985058 1.887 0 0 0 1 
3394309160239;0.353533;0.0122171;0.99562 -0.0432596 0.0828862 -0.776015 0.0423496 0.999022 0.0127064 -0.400952 -0.0833548 -0.00914058 0.996478 0.472096 0 0 0 1 
3394309160240;0.540644;0.274106;0.968132 0.247606 0.0375683 -0.422955 -0.221055 0.915372 -0.336495 3.88948 -0.117707 0.317467 0.940936 1.09501 0 0 0 1 
3394309160241;0.23847;0.386395;0.981367 0.0792896 0.17502 -0.590353 -0.0891094 0.994817 0.0489682 0.961156 -0.17023 -0.0636517 0.983346 1.74843 0 0 0 1 
3394309160242;0.249114;0.014188;0.999407 -0.0224966 0.0260551 -0.307351 0.0220025 0.999575 0.0191005 -0.288719 -0.0264737 -0.0185159 0.999478 -0.274423 0 0 0 1 
3394309160243;0.309141;0.0976712;0.972559 0.146422 0.180805 -0.314285 -0.112063 0.975854 -0.187487 1.83967 -0.203892 0.162081 0.965483 2.48829 0 0 0 1 
3394309160244;0.346424;0.0397737;0.999998 -0.000804507 -0.00200953 0.482878 0.000807134 0.999999 0.00130707 -0.40547 0.00200848 -0.00130869 0.999997 0.599435 0 0 0 1 
3394309160245;0.222213;0.18169;0.982533 0.138995 0.123729 -0.293272 -0.144847 0.988662 0.0395882 1.99227 -0.116823 -0.0568184 0.991526 1.08331 0 0 0 1 
3394309160246;0.394505;0.992731;0.913367 0.405298 0.0386539 -1.77007 -0.407137 0.90924 0.0867273 5.26243 4.73843e-06 -0.0949513 0.995482 -0.09689 0 0 0 1 
3394309160248;0.387346;0.383157;0.993163 0.100438 -0.0594937 0.299534 -0.0961184 0.992799 0.071491 1.92002 0.0662457 -0.0652838 0.995665 -0.530124 0 0 0 1 
3394309160249;0.0790091;0.00672704;0.99615 -0.0873038 0.0080065 0.0730196 0.0872942 0.996181 0.00153791 -1.49492 -0.00811019 -0.00083307 0.999967 0.12051 0 0 0 1 
3394309160250;0.489213;0.0196851;0.932523 0.266303 -0.243892 1.72763 -0.225068 0.956782 0.184152 3.25765 0.282392 -0.116834 0.952158 -3.91839 0 0 0 1 
3394309160251;0.37181;0.0929387;0.88475 0.435631 -0.165662 2.18494 -0.394063 0.889007 0.233196 6.40946 0.248862 -0.141039 0.958215 -4.20816 0 0 0 1 
3394309160252;0.374908;0.180609;0.940923 -0.338259 0.0156389 1.62779 0.338314 0.941033 -0.000980918 -6.11011 -0.0143849 0.00621382 0.999877 -0.08024 0 0 0 1 
3394309160253;0.217625;0.0203739;0.970737 -0.151757 0.186117 0.253836 0.160389 0.98653 -0.0321419 -2.61654 -0.178733 0.0610525 0.982002 3.50949 0 0 0 1 
3394309160254;0.306431;0.0122835;0.999772 -0.0211704 0.00275439 -0.69817 0.0211669 0.999775 0.00128955 -0.0600176 -0.00278107 -0.00123095 0.999995 0.404909 0 0 0 1 
3394309160255;0.470321;0.036791;0.972427 -0.229257 -0.0427361 -0.315053 0.206261 0.931016 -0.301106 -2.70076 0.108819 0.283989 0.952632 -1.71773 0 0 0 1 
3394309160256;0.293686;0.0086575;0.999415 0.0303783 -0.0156824 -0.469235 -0.0300999 0.99939 0.0176931 -0.00206483 0.0162103 -0.0172107 0.99972 -0.0204404 0 0 0 1 
3394309160257;0.406176;0.0268225;0.988795 0.0697066 0.132006 -0.0187021 -0.0422084 0.978749 -0.200672 1.81468 -0.143188 0.192851 0.970724 3.03001 0 0 0 1 
3394309160258;0.344851;0.0526886;0.982668 0.0481312 0.179017 -0.309903 -0.0107671 0.978894 -0.204085 0.939303 -0.185062 0.198621 0.962446 3.31186 0 0 0 1 
3394309160259;0.414136;0.366531;0.922651 -0.374486 -0.092058 2.36195 0.378978 0.924674 0.0367852 -6.83944 0.0713481 -0.0688279 0.995074 -1.306 0 0 0 1 
3394309160260;0.148826;0.00606913;0.971757 0.0977812 -0.214774 0.896764 -0.0833692 0.993678 0.0751886 1.30278 0.220768 -0.0551595 0.973765 -3.89252 0 0 0 1 
3394309160261;0.341319;0.00996687;0.985419 -0.168724 -0.0219517 0.334335 0.167795 0.985054 -0.0389031 -2.40696 0.0281875 0.0346524 0.999002 0.18978 0 0 0 1 
