#;prob_registration_l1 -r /home/probabilistic_point_clouds_registration/build/tester /home/point_clouds_registration_benchmark//devel/registration_pairs/long_office_household_local.txt /home/point_clouds_registration_benchmark//tum/long_office_household -s 0.1 -t 0.1 -p 0.3 -r 1000 -m 1 -i 40 
id;initial_error;final_error;transformation
26456013410000;0.652746;0.314465;0.840466 0.473015 -0.264338 0.367669 -0.491447 0.870898 -0.00415049 -0.154222 0.228248 0.133396 0.964421 -0.319085 0 0 0 1 
26456013410001;1.0574;0.348872;0.971556 0.230021 -0.0563021 0.105337 -0.224505 0.970302 0.0900609 0.0956058 0.0753459 -0.0748591 0.994344 1.06354 0 0 0 1 
26456013410002;0.577722;0.442275;0.956481 0.270353 -0.109792 0.318161 -0.239999 0.942893 0.230982 0.168392 0.165969 -0.19458 0.966744 0.686824 0 0 0 1 
26456013410003;1.10585;0.509282;0.968531 -0.228929 -0.0976656 0.435842 0.24007 0.962819 0.12388 0.237374 0.0656745 -0.143429 0.987479 -0.783515 0 0 0 1 
26456013410004;0.510854;0.474326;0.946972 0.265314 0.181254 0.203428 -0.310333 0.901424 0.301874 -0.308929 -0.0832954 -0.342115 0.935959 -0.236349 0 0 0 1 
26456013410005;0.315858;0.442146;0.989125 0.112637 -0.0945795 0.358638 -0.107816 0.992668 0.0546387 0.211925 0.10004 -0.0438473 0.994017 -0.0927892 0 0 0 1 
26456013410006;0.127418;0.504429;0.943524 0.298982 -0.142734 0.411046 -0.262086 0.937117 0.230482 -0.151012 0.202668 -0.180057 0.962551 0.304378 0 0 0 1 
26456013410007;0.936325;0.564551;0.967325 -0.160972 -0.195881 0.0823402 0.174228 0.983314 0.0523214 0.446647 0.184191 -0.0847397 0.979231 0.755424 0 0 0 1 
26456013410008;0.859142;0.459453;0.983842 0.138132 -0.113903 0.40937 -0.128808 0.987973 0.0855395 0.0399708 0.124349 -0.0694856 0.989803 0.917057 0 0 0 1 
26456013410009;0.404949;0.444569;0.934834 0.253969 -0.248164 0.123894 -0.232481 0.96603 0.112868 -0.103768 0.268399 -0.0478195 0.96212 0.483934 0 0 0 1 
26456013410010;0.333714;0.456042;0.954571 0.191977 -0.227902 0.275647 -0.192585 0.981081 0.0197843 -0.0403457 0.227389 0.025005 0.973483 -0.0640452 0 0 0 1 
26456013410011;0.463956;0.512285;0.988471 0.115925 -0.0973992 0.471417 -0.103772 0.987123 0.121736 0.0467828 0.110257 -0.110226 0.987772 -0.219449 0 0 0 1 
26456013410012;1.06761;0.358225;0.939206 0.11514 -0.323473 0.861975 -0.211423 0.936245 -0.280615 0.637975 0.27054 0.331945 0.903671 0.909779 0 0 0 1 
26456013410013;0.408963;0.324222;0.860044 0.503877 -0.0801983 0.313482 -0.495708 0.862417 0.102522 -0.226142 0.120823 -0.0484185 0.991493 0.156611 0 0 0 1 
26456013410014;0.281798;0.44955;0.959056 0.261864 -0.107885 0.245326 -0.240845 0.954508 0.175806 -0.192379 0.149015 -0.142624 0.978495 -0.0179896 0 0 0 1 
26456013410015;0.444148;0.420851;0.977039 0.0960262 -0.190192 0.183387 -0.102431 0.994448 -0.024114 0.0573792 0.186821 0.043042 0.981451 0.410145 0 0 0 1 
26456013410016;0.631913;0.367961;0.880025 0.447724 0.158424 -0.0359957 -0.468469 0.873161 0.134634 -0.094667 -0.0780505 -0.192698 0.978149 0.616357 0 0 0 1 
26456013410017;0.712942;0.426477;0.969144 0.227847 -0.094049 0.475584 -0.216877 0.969524 0.113961 0.566798 0.117148 -0.0900474 0.989024 0.422397 0 0 0 1 
26456013410018;0.599666;0.403299;0.888916 0.429847 0.158304 0.192582 -0.456352 0.860926 0.224833 -0.462382 -0.0396439 -0.2721 0.961452 -0.120235 0 0 0 1 
26456013410019;0.16999;0.484556;0.97372 0.207581 -0.0936963 0.356363 -0.187573 0.964282 0.187018 0.0332254 0.129171 -0.164528 0.977878 0.104448 0 0 0 1 
26456013410020;0.966938;0.437425;0.960755 0.27104 -0.05906 -0.00619387 -0.262659 0.957323 0.120594 -0.295595 0.0892254 -0.100349 0.990943 -0.708516 0 0 0 1 
26456013410021;1.2145;0.550692;0.967161 -0.187836 -0.171222 -0.318074 0.209028 0.971076 0.115406 0.354605 0.144593 -0.147407 0.97845 -0.223542 0 0 0 1 
26456013410022;0.808376;0.524813;0.961093 -0.128625 -0.244452 -0.00907707 0.0913207 0.983162 -0.158279 0.540925 0.260694 0.129798 0.956656 -0.0661757 0 0 0 1 
26456013410023;0.310262;0.491157;0.869304 0.473125 -0.143052 0.0914395 -0.455868 0.879297 0.13792 -0.0946484 0.191038 -0.0546819 0.980058 0.338879 0 0 0 1 
26456013410024;0.290654;0.485527;0.92436 0.371773 -0.0856929 0.425269 -0.332158 0.894698 0.298641 -0.405222 0.187696 -0.247588 0.95051 0.249378 0 0 0 1 
26456013410025;0.115869;0.520964;0.925025 0.327063 -0.193284 0.328214 -0.275054 0.927512 0.253114 -0.136357 0.262057 -0.180973 0.947932 0.419726 0 0 0 1 
26456013410026;0.438952;0.523213;0.995966 0.0882106 -0.0164637 0.239279 -0.0819596 0.968937 0.233332 -0.344614 0.0365346 -0.231042 0.972258 -0.0297367 0 0 0 1 
26456013410027;1.02893;0.404387;0.837057 0.543491 -0.0628708 0.480964 -0.537683 0.838423 0.0891242 0.639948 0.101151 -0.0407975 0.994034 0.220607 0 0 0 1 
26456013410028;0.910665;0.415544;0.964778 0.241812 -0.103589 0.300479 -0.226364 0.963723 0.14141 0.0734376 0.134026 -0.112981 0.984516 1.00669 0 0 0 1 
26456013410029;0.807992;0.395947;0.93164 0.206785 -0.298808 0.52987 -0.235653 0.969752 -0.0636323 0.809055 0.276612 0.129697 0.952189 0.0648332 0 0 0 1 
26456013410031;0.378079;1.57569;-0.204872 0.263249 -0.942723 0.97688 -0.802544 0.506183 0.315757 1.50707 0.560313 0.821267 0.107566 -0.252458 0 0 0 1 
26456013410032;0.347742;1.40184;0.0804812 0.534004 -0.841643 0.440847 -0.623476 0.685774 0.375489 1.35643 0.77769 0.494524 0.38813 -0.732289 0 0 0 1 
26456013410033;0.319289;1.35208;-0.0310006 0.375473 -0.926315 0.492583 -0.562611 0.759447 0.326664 0.9381 0.826141 0.531281 0.187702 -0.785166 0 0 0 1 
26456013410034;0.665788;0.984489;0.316622 0.736229 -0.598095 1.09502 -0.668162 0.620661 0.410292 0.701879 0.673283 0.269716 0.688435 -0.814368 0 0 0 1 
26456013410035;0.543286;1.35986;0.0836597 0.313864 -0.945775 0.818735 -0.520968 0.822843 0.226985 0.8359 0.849467 0.473729 0.232352 0.130691 0 0 0 1 
26456013410036;0.569296;0.823234;0.805426 0.522623 -0.279559 0.14775 -0.559998 0.825522 -0.0701115 0.963314 0.194141 0.213022 0.957565 0.272415 0 0 0 1 
26456013410037;0.587068;1.43772;-0.159444 0.315273 -0.935511 0.884649 -0.810553 0.499146 0.306362 1.82278 0.563544 0.807129 0.175959 0.0957375 0 0 0 1 
26456013410038;0.163491;1.18175;0.309236 0.439519 -0.843324 0.583586 -0.675364 0.725823 0.130634 1.08554 0.66952 0.529154 0.521286 -0.484093 0 0 0 1 
26456013410039;0.298903;1.19659;0.0824298 0.436664 -0.89584 0.488469 -0.61034 0.732726 0.300996 1.31263 0.787839 0.521956 0.326912 -0.415239 0 0 0 1 
26456013410040;0.421915;1.44079;-0.0689289 0.231675 -0.970348 0.863641 -0.869865 0.462273 0.172161 1.49913 0.488451 0.855938 0.169662 -0.093071 0 0 0 1 
26456013410041;0.740902;1.47907;-0.0399118 0.3451 -0.937717 1.622 -0.310059 0.887862 0.339949 0.542284 0.949879 0.304316 0.0715651 -0.436221 0 0 0 1 
26456013410042;0.386627;1.41552;-0.0633666 0.336055 -0.939708 0.959445 -0.542981 0.778429 0.314993 1.03261 0.837351 0.530203 0.133145 -0.0392575 0 0 0 1 
26456013410043;0.418115;0.817612;0.669391 0.43263 -0.603942 0.138347 -0.590162 0.803452 -0.0785699 0.950469 0.451247 0.409018 0.793146 -0.132386 0 0 0 1 
26456013410044;0.401489;0.848975;0.784705 0.470351 -0.403741 0.0276477 -0.389579 0.880839 0.268981 0.678848 0.482147 -0.0537816 0.874438 -0.19253 0 0 0 1 
26456013410045;0.640918;1.49775;-0.050685 0.373166 -0.926379 0.445938 -0.544223 0.767436 0.338916 0.707027 0.837408 0.521334 0.164188 -0.860089 0 0 0 1 
26456013410046;0.387348;1.07932;0.308825 0.641972 -0.701782 0.287658 -0.686171 0.661328 0.30301 1.40205 0.658633 0.387965 0.644737 -0.218668 0 0 0 1 
26456013410047;0.681694;1.07076;0.539796 0.779552 -0.317678 0.323404 -0.558692 0.614051 0.557499 0.453941 0.62967 -0.123452 0.766991 -0.781467 0 0 0 1 
26456013410048;0.200666;1.41535;-0.123632 0.360707 -0.924449 0.846747 -0.595356 0.718344 0.359908 1.01461 0.793894 0.594872 0.125939 -0.341698 0 0 0 1 
26456013410049;0.634474;1.05334;0.422246 0.605647 -0.674463 0.889894 -0.761975 0.640175 0.0978255 0.981987 0.491022 0.472617 0.731799 0.171882 0 0 0 1 
26456013410050;0.211001;1.17839;0.259489 0.440333 -0.859519 0.434874 -0.65904 0.731301 0.175683 1.10357 0.705926 0.52087 0.479962 -0.385412 0 0 0 1 
26456013410051;0.550163;0.880058;0.701265 0.582315 -0.411262 0.663029 -0.435253 0.806609 0.399922 0.37993 0.564608 -0.101448 0.819101 -0.652163 0 0 0 1 
26456013410052;0.551544;1.03219;0.498203 0.667522 -0.553361 0.757296 -0.694808 0.689135 0.205755 0.85184 0.518686 0.281971 0.807129 -0.837044 0 0 0 1 
26456013410053;0.345543;1.31449;-0.0499372 0.422479 -0.904996 0.967141 -0.700881 0.630716 0.333111 1.47564 0.711528 0.650929 0.264612 -0.337027 0 0 0 1 
26456013410054;0.546651;1.39827;-0.0339112 0.233924 -0.971663 0.866966 -0.823923 0.543746 0.15966 1.89103 0.565686 0.80599 0.174297 -0.860847 0 0 0 1 
26456013410055;0.267657;1.26559;0.0812725 0.485834 -0.870264 0.863236 -0.709234 0.641665 0.291982 1.32173 0.700273 0.593491 0.396719 -0.312037 0 0 0 1 
26456013410056;0.595541;1.13485;0.481098 0.494872 -0.723634 0.905071 -0.727088 0.686402 -0.0139838 0.996631 0.489784 0.532873 0.690042 -0.126101 0 0 0 1 
26456013410057;0.461018;1.4622;-0.0832795 0.449274 -0.889504 1.10635 -0.775377 0.531489 0.341041 1.06806 0.625983 0.718103 0.304095 -0.33558 0 0 0 1 
26456013410058;0.576941;1.3851;-0.0635406 0.544525 -0.836334 0.94549 -0.607935 0.643473 0.465143 0.520812 0.79144 0.537992 0.290149 -0.728912 0 0 0 1 
26456013410059;0.729412;1.48491;-0.249961 0.541475 -0.802698 1.11197 -0.759757 0.404237 0.509275 1.15647 0.60024 0.737155 0.310346 0.123572 0 0 0 1 
26456013410060;0.670241;0.826493;0.666086 0.613334 -0.424442 0.124769 -0.435798 0.781839 0.445879 0.842426 0.605318 -0.112023 0.788062 -0.738431 0 0 0 1 
26456013410062;0.727774;0.497533;0.967705 0.247409 -0.0483339 -0.413587 -0.237885 0.959693 0.149666 -0.303464 0.0834145 -0.133335 0.987554 0.274429 0 0 0 1 
26456013410063;1.34575;0.107759;0.957501 0.0933671 0.2729 -0.333068 -0.00828287 0.954668 -0.297559 -0.458079 -0.288311 0.282652 0.914869 -0.188449 0 0 0 1 
26456013410064;0.325852;0.231739;0.996873 0.00212948 0.0789896 -0.0167952 -0.0118997 0.992282 0.123427 -0.160548 -0.0781171 -0.123981 0.989205 0.123406 0 0 0 1 
26456013410065;0.371368;0.24714;0.952438 -0.201982 -0.22818 0.275269 0.208721 0.97796 0.0055366 0.070955 0.222033 -0.0528992 0.973603 0.0315955 0 0 0 1 
26456013410066;1.03207;0.191585;0.990001 -0.0766567 -0.118412 -0.162813 0.0409899 0.959563 -0.278492 0.41502 0.134973 0.270854 0.953111 0.388614 0 0 0 1 
26456013410067;0.857765;1.09657;0.975717 -0.130614 0.17583 -0.449708 0.178447 0.939523 -0.292323 0.134212 -0.127015 0.316601 0.940017 0.196022 0 0 0 1 
26456013410068;1.01715;0.0774995;0.998618 -0.0525348 0.00116669 -0.0915349 0.0515642 0.983961 0.170766 -0.0398071 -0.0101191 -0.17047 0.985311 0.594958 0 0 0 1 
26456013410069;0.211374;0.286855;0.967582 -0.183979 -0.173022 0.0591811 0.183902 0.982804 -0.0166188 -0.015782 0.173104 -0.015739 0.984778 0.13685 0 0 0 1 
26456013410070;0.584191;0.310999;0.914397 -0.208003 -0.347293 0.417191 0.186976 0.977914 -0.0934042 0.0349474 0.359051 0.0204732 0.933093 0.0241232 0 0 0 1 
26456013410071;0.0848378;0.108852;0.999988 -0.00142952 0.00477237 -0.0084196 0.00163225 0.999084 -0.0427504 0.00397564 -0.00470689 0.0427577 0.999074 -0.0129945 0 0 0 1 
26456013410072;0.345771;0.137156;0.982264 -0.0221861 -0.186185 0.056639 0.0602932 0.977611 0.201598 -0.267101 0.177544 -0.209248 0.96161 0.212866 0 0 0 1 
26456013410073;0.619828;0.229274;0.972366 0.0507471 0.22788 -0.165245 -0.0231287 0.992227 -0.122271 -0.0702895 -0.232314 0.113622 0.965982 0.141157 0 0 0 1 
26456013410074;0.46439;0.149502;0.98225 -0.144029 -0.120169 -0.136665 0.123098 0.978344 -0.166403 0.202451 0.141534 0.148657 0.978708 0.0907664 0 0 0 1 
26456013410075;1.52576;0.613534;0.944627 -0.327747 -0.0161944 -0.277565 0.327705 0.939645 0.0983752 -0.0642326 -0.0170252 -0.0982348 0.995018 -0.790044 0 0 0 1 
26456013410076;0.479244;0.280108;0.998126 0.00802331 -0.0606685 -0.0165649 -0.0148311 0.993529 -0.11261 0.0271721 0.0593724 0.113299 0.991785 -0.181035 0 0 0 1 
26456013410077;0.704929;0.236612;0.979256 -0.167684 0.113756 -0.449377 0.163791 0.985565 0.0428169 -0.221086 -0.119294 -0.0232965 0.992586 0.0862647 0 0 0 1 
26456013410078;0.365691;0.383809;0.998436 -0.0356751 -0.0430402 0.0438567 0.0329688 0.99753 -0.0620275 0.0677545 0.0451467 0.0605115 0.997146 -0.02057 0 0 0 1 
26456013410079;1.72117;1.71609;0.936214 -0.155143 -0.315332 0.0764735 0.129184 0.986386 -0.101754 0.26955 0.326825 0.0545273 0.94351 0.428308 0 0 0 1 
26456013410080;1.76411;0.155109;0.992494 -0.11918 0.0274254 -0.569962 0.11897 0.992856 0.00915895 0.781293 -0.028321 -0.0058274 0.999582 -0.0567229 0 0 0 1 
26456013410081;1.63412;0.263466;0.985047 0.0652472 0.159454 -0.0763987 -0.0414445 0.988076 -0.148283 0.791078 -0.167228 0.139458 0.976005 -0.481799 0 0 0 1 
26456013410082;0.404515;0.567955;0.941348 0.043707 -0.334596 0.283127 0.002284 0.990728 0.135841 0.000933283 0.337431 -0.128637 0.93252 0.180865 0 0 0 1 
26456013410083;1.34753;0.126221;0.999709 -0.0202353 0.0131577 -0.277852 0.0199586 0.999584 0.0208306 -0.527444 -0.0135737 -0.0205619 0.999696 0.485506 0 0 0 1 
26456013410084;1.15281;0.333488;0.999752 0.0061984 0.0213819 0.0213566 -0.00828705 0.995051 0.0990214 -0.618244 -0.0206623 -0.0991741 0.994856 0.339181 0 0 0 1 
26456013410085;0.50976;0.220795;0.992374 0.0426536 0.11565 -0.135846 -0.0251862 0.988593 -0.14849 0.12477 -0.120665 0.144445 0.982128 -0.325003 0 0 0 1 
26456013410086;0.789041;0.194235;0.982227 -0.123662 -0.141198 0.146565 0.107666 0.987418 -0.11582 0.164921 0.153744 0.0985592 0.983183 -0.367591 0 0 0 1 
26456013410087;0.962758;0.288799;0.993579 0.100787 -0.0514044 -0.00609794 -0.108021 0.980173 -0.166112 0.552873 0.0336432 0.170598 0.984766 -0.0135792 0 0 0 1 
26456013410088;1.51292;0.742508;0.956747 0.237062 -0.168634 -0.480146 -0.230928 0.971393 0.0553866 -0.164715 0.17694 -0.0140486 0.984121 0.0855971 0 0 0 1 
26456013410089;0.558558;0.0925226;0.997284 -0.0716517 -0.0170276 0.0130154 0.070506 0.995683 -0.0603676 0.0227147 0.0212795 0.0590032 0.998031 0.284921 0 0 0 1 
26456013410090;1.4132;0.189571;0.995122 -0.0227774 -0.0959875 0.177457 0.0262106 0.999055 0.0346597 -0.02368 0.0951074 -0.0370066 0.994779 -0.700261 0 0 0 1 
26456013410091;1.21795;0.253056;0.981671 -0.126335 0.142692 -0.106783 0.16802 0.927074 -0.335116 -0.0255971 -0.0899496 0.352949 0.931309 0.374817 0 0 0 1 
26456013410093;0.469907;0.424123;0.970983 -0.231549 0.0598154 -0.0802637 0.235552 0.9692 -0.0718843 0.525769 -0.0413283 0.083888 0.995618 -0.407322 0 0 0 1 
26456013410094;0.663694;0.176024;0.880519 0.177846 -0.439383 0.365677 -0.0854164 0.971304 0.221975 0.292229 0.466252 -0.157922 0.870442 0.0992056 0 0 0 1 
26456013410095;0.871627;0.157847;0.978367 0.170187 0.117621 0.387734 -0.170936 0.985275 -0.00376723 0.270633 -0.11653 -0.0164199 0.993051 -0.0126663 0 0 0 1 
26456013410096;0.802998;0.127038;0.998919 0.0348198 0.0307817 -0.376739 -0.0350885 0.99935 0.00823362 0.212579 -0.030475 -0.00930481 0.999492 -0.461102 0 0 0 1 
26456013410097;0.47238;0.16386;0.911171 0.411756 -0.0149711 0.0195365 -0.411379 0.911174 0.0230068 0.149177 0.0231145 -0.0148043 0.999623 0.202924 0 0 0 1 
26456013410098;0.153152;0.1121;0.985877 0.098792 -0.135227 0.0746074 -0.0948314 0.994862 0.0354397 0.100122 0.138033 -0.0221155 0.990181 0.0692048 0 0 0 1 
26456013410099;1.16156;0.242724;0.994289 -0.0508581 -0.0938205 -0.25656 0.0371594 0.989116 -0.142371 0.785963 0.10004 0.138071 0.985357 0.460869 0 0 0 1 
26456013410100;0.366643;0.111109;0.966617 0.243526 0.0796662 -0.0526596 -0.236729 0.967764 -0.0859739 0.0894122 -0.098035 0.0642445 0.993107 0.208099 0 0 0 1 
26456013410101;1.16745;0.0803658;0.989955 0.14058 0.0150598 -0.0132946 -0.141034 0.974378 0.175204 0.427752 0.00995626 -0.175568 0.984417 0.790454 0 0 0 1 
26456013410102;1.13408;0.290804;0.991679 -0.0851442 -0.0965528 0.250423 0.0908697 0.994257 0.0565329 -0.00590268 0.0911849 -0.0648362 0.993721 -0.897205 0 0 0 1 
26456013410103;0.393965;0.188338;0.994385 0.0597584 -0.0873325 -0.0322575 -0.0448182 0.985443 0.163993 -0.236426 0.0958612 -0.159158 0.982588 -0.0731095 0 0 0 1 
26456013410104;1.01585;0.147039;0.957116 0.286882 0.0403494 -0.563474 -0.287235 0.921553 0.261222 0.193108 0.0377559 -0.261609 0.964435 -0.374424 0 0 0 1 
26456013410105;1.13047;0.492289;0.994287 -0.0535949 0.0923119 -0.0488426 0.0626589 0.993185 -0.0982676 -0.116233 -0.0864162 0.10349 0.990869 0.443974 0 0 0 1 
26456013410106;0.197882;0.245347;0.949055 0.312951 0.0368198 -0.07278 -0.314212 0.948683 0.0356668 0.177007 -0.0237684 -0.045419 0.998685 0.0227196 0 0 0 1 
26456013410107;0.85745;0.476066;0.962459 -0.260793 0.0752292 -0.218699 0.259677 0.965387 0.0244259 -0.0634603 -0.0789953 -0.00397364 0.996867 -0.43341 0 0 0 1 
26456013410108;1.09003;0.224271;0.970853 0.0735865 0.228099 -0.372211 -0.0845916 0.995658 0.0388384 -0.591306 -0.22425 -0.0570017 0.972863 0.401973 0 0 0 1 
26456013410109;0.997601;0.16712;0.985771 0.163683 -0.0382643 0.0859632 -0.166977 0.979719 -0.110767 -0.458091 0.0193577 0.11558 0.99311 0.302291 0 0 0 1 
26456013410110;1.0844;0.194933;0.927319 -0.0926506 0.362623 -0.90261 0.108807 0.993765 -0.0243387 0.137805 -0.358107 0.0620256 0.931618 -0.550759 0 0 0 1 
26456013410111;0.414986;0.222816;0.986417 -0.161757 -0.0285788 0.0785904 0.138777 0.913746 -0.38185 0.415618 0.0878808 0.372697 0.923782 -0.00594663 0 0 0 1 
26456013410112;0.40276;0.108508;0.993182 0.00997316 0.116148 -0.10142 -0.0295919 0.985268 0.168439 -0.0851268 -0.112757 -0.170728 0.978845 -0.217494 0 0 0 1 
26456013410113;0.220143;0.231993;0.977138 0.211416 -0.0224686 0.0645022 -0.211478 0.977383 -0.000418803 0.175567 0.0218719 0.00516086 0.999747 0.111219 0 0 0 1 
26456013410114;0.883586;0.313943;0.974207 -0.120998 0.190471 -0.469369 0.105269 0.990301 0.0906753 -0.117747 -0.199595 -0.0682858 0.977496 0.33738 0 0 0 1 
26456013410115;0.901703;0.221582;0.998836 0.00260197 -0.0481706 0.0349517 0.00595515 0.984256 0.176648 0.148189 0.0478719 -0.176729 0.983095 0.735072 0 0 0 1 
26456013410116;0.0971774;0.164288;0.999527 0.0275229 0.0137023 -0.0539679 -0.0280822 0.998704 0.0424532 0.153009 -0.0125161 -0.0428179 0.999004 0.0210968 0 0 0 1 
26456013410117;0.308242;0.211493;0.998713 0.0502042 0.00713481 -0.00472112 -0.0506216 0.995323 0.0822773 0.200633 -0.00297077 -0.0825326 0.996584 -0.173993 0 0 0 1 
26456013410118;0.617996;0.434574;0.961155 -0.229033 0.154027 -0.308837 0.226796 0.973411 0.0321813 0.37758 -0.157302 0.00400136 0.987542 -0.439857 0 0 0 1 
26456013410119;0.836682;0.276297;0.988775 -0.144895 0.0364511 -0.101108 0.140327 0.984371 0.106402 0.0510089 -0.0512986 -0.100093 0.993655 -0.682871 0 0 0 1 
26456013410120;1.27194;0.163719;0.999603 0.0269403 -0.00828599 0.405654 -0.0257132 0.992024 0.123401 0.176493 0.0115444 -0.123139 0.992322 -0.744502 0 0 0 1 
26456013410121;0.539915;0.3162;0.964638 -0.258919 -0.0493355 0.214438 0.259438 0.96575 0.00430373 0.24895 0.0465315 -0.016951 0.998773 -0.407027 0 0 0 1 
26456013410122;0.715537;0.161196;0.999553 0.0239552 0.0178982 0.0637256 -0.0254058 0.99599 0.0857813 0.109922 -0.0157715 -0.0861976 0.996153 -0.55517 0 0 0 1 
26456013410124;1.54152;0.0586657;0.866224 0.485468 -0.118225 -0.52771 -0.497648 0.859437 -0.117108 -0.422251 0.0447548 0.160277 0.986057 0.201832 0 0 0 1 
26456013410125;0.0901978;0.0676639;0.997955 0.0637477 -0.00472568 0.0438211 -0.0637651 0.997958 -0.00362015 -0.12053 0.00448526 0.00391408 0.999982 0.00354586 0 0 0 1 
26456013410126;2.04591;0.0518642;0.961843 0.23213 -0.144821 0.144291 -0.221406 0.971342 0.0864497 -0.16075 0.160739 -0.0510867 0.985674 -0.710268 0 0 0 1 
26456013410127;0.892171;0.223316;0.995146 0.0785266 0.0593112 0.0453841 -0.0811348 0.995778 0.042924 0.251972 -0.0556901 -0.0475278 0.997316 -0.203208 0 0 0 1 
26456013410128;1.22747;0.0883702;0.999704 -0.0224064 0.00947846 -0.206118 0.0232777 0.994212 -0.104884 0.168499 -0.00707353 0.105073 0.994439 -0.516933 0 0 0 1 
26456013410129;0.476134;0.0458779;0.975106 0.0909235 0.20224 -0.114884 -0.0841108 0.995569 -0.0420474 -0.226235 -0.205167 0.0239902 0.978433 -0.114703 0 0 0 1 
26456013410130;2.09219;0.0873022;0.982354 0.157807 0.100386 0.200376 -0.153514 0.986922 -0.0491866 0.158982 -0.106836 0.0329079 0.993732 0.767081 0 0 0 1 
26456013410131;1.46172;0.198245;0.999793 0.00955577 0.0179753 -0.225671 -0.00994664 0.999713 0.0217827 -0.195053 -0.017762 -0.021957 0.999601 0.580123 0 0 0 1 
26456013410132;0.769284;0.178443;0.990327 -0.0733214 0.1178 -0.221938 0.0523269 0.983647 0.172339 0.103686 -0.12851 -0.164508 0.977969 0.0446744 0 0 0 1 
26456013410133;1.34603;0.0931128;0.999509 -0.0207042 0.0235133 -0.0353977 0.0199742 0.999324 0.030868 0.339252 -0.0241365 -0.0303832 0.999247 0.508418 0 0 0 1 
26456013410134;1.62064;0.259922;0.987618 -0.107825 0.113953 0.155871 0.111349 0.993467 -0.0250098 0.43477 -0.110512 0.0373887 0.993171 -0.793806 0 0 0 1 
26456013410135;0.477389;0.078407;0.996023 0.0783474 0.0424146 0.0235677 -0.0771279 0.99658 -0.0296646 0.0134012 -0.0445937 0.0262753 0.99866 -0.257166 0 0 0 1 
26456013410136;1.0412;0.111234;0.963919 -0.252046 -0.0856356 -0.57267 0.252261 0.967622 -0.00848388 0.525757 0.0850013 -0.0134247 0.99629 0.341163 0 0 0 1 
26456013410137;1.90811;0.323841;0.999975 -0.00407694 0.00576055 -0.0162856 0.00406936 0.999991 0.00132685 -0.0350007 -0.00576591 -0.00130338 0.999983 0.872677 0 0 0 1 
26456013410138;0.964836;0.0804001;0.982669 0.17356 -0.0651034 0.0333683 -0.178343 0.980974 -0.0767071 -0.267598 0.0505514 0.0869884 0.994926 0.587698 0 0 0 1 
26456013410139;1.47225;0.137486;0.931435 0.361537 -0.0414676 0.602988 -0.363228 0.9306 -0.0452602 -0.883428 0.0222265 0.0572191 0.998114 -0.21705 0 0 0 1 
26456013410140;1.16137;0.492099;0.989479 0.144641 -0.00311116 0.234611 -0.144675 0.989245 -0.0215113 -0.46494 -3.37248e-05 0.0217351 0.999764 0.195496 0 0 0 1 
26456013410141;0.944233;0.106368;0.992646 0.121033 -0.00222945 -0.0898073 -0.121051 0.992351 -0.0242129 -0.520825 -0.000718157 0.0243047 0.999704 -0.225287 0 0 0 1 
26456013410142;1.84842;0.741508;0.951052 0.159272 -0.264825 -0.333514 -0.199202 0.971119 -0.131329 -0.343121 0.236259 0.177654 0.955312 0.524679 0 0 0 1 
26456013410143;0.46443;0.103331;0.957401 0.286046 0.0395111 0.0180147 -0.288761 0.94803 0.133625 -0.47747 0.000765364 -0.139342 0.990244 0.117094 0 0 0 1 
26456013410144;0.759937;0.0622085;0.973545 -0.082612 -0.213039 -0.113569 0.0222526 0.962201 -0.271431 0.429268 0.22741 0.259509 0.938584 0.344285 0 0 0 1 
26456013410145;0.437138;0.196001;0.987827 -0.0204874 0.154203 -0.117425 -0.0171212 0.970948 0.238679 -0.050479 -0.154613 -0.238414 0.958777 -0.295432 0 0 0 1 
26456013410146;1.81332;0.595289;0.998954 0.0457176 -0.00044658 -0.196209 -0.045452 0.994111 0.0983759 0.0489751 0.00494146 -0.0982528 0.995149 0.644656 0 0 0 1 
26456013410147;0.897776;0.45649;0.99759 0.0552855 0.0419191 0.207924 -0.0459814 0.979272 -0.19726 0.00550922 -0.0519558 0.194857 0.979455 0.150928 0 0 0 1 
26456013410148;0.647101;0.236861;0.997228 -0.0709351 -0.0224522 -0.159403 0.0722846 0.995168 0.0664446 -0.050755 0.0176304 -0.0678834 0.997537 0.218067 0 0 0 1 
26456013410149;0.510162;0.0893962;0.928176 0.343763 -0.142535 0.00316306 -0.35838 0.928884 -0.0934764 -0.422862 0.100265 0.137844 0.985366 0.242474 0 0 0 1 
26456013410150;1.62937;0.108175;0.943233 -0.0301869 0.330758 -0.0369307 0.149158 0.928287 -0.340638 0.945964 -0.296755 0.370636 0.880094 -0.669988 0 0 0 1 
26456013410151;0.991097;0.318138;0.979262 -0.121052 0.162456 -0.381563 0.150793 0.971021 -0.185419 0.4593 -0.135303 0.206072 0.969138 -0.52225 0 0 0 1 
26456013410152;0.386143;0.0723468;0.99729 0.0714347 -0.0175964 0.0371985 -0.0726442 0.993983 -0.0819765 0.0646136 0.0116346 0.0830326 0.996479 -0.0710646 0 0 0 1 
26456013410153;1.24713;0.0542267;0.934518 0.35281 0.046917 -0.253355 -0.354403 0.934567 0.0313663 -0.306429 -0.0327807 -0.0459399 0.998406 0.328558 0 0 0 1 
26456013410155;0.44177;0.13201;0.979372 0.191868 -0.063376 -0.0838094 -0.201424 0.951947 -0.230705 -0.247922 0.0160657 0.238711 0.970958 0.0302196 0 0 0 1 
26456013410156;0.559197;0.90505;0.99572 -0.0921506 -0.00703196 -0.500119 0.0921699 0.99574 0.00246742 -0.019622 0.00677463 -0.00310499 0.999972 -0.114178 0 0 0 1 
26456013410157;0.798739;0.631186;0.997941 0.0298246 -0.05678 0.151167 -0.0296575 0.999553 0.00378389 -0.245489 0.0568674 -0.00209215 0.99838 -0.203884 0 0 0 1 
26456013410158;0.506235;0.148789;0.983224 0.166465 0.0745625 0.119137 -0.15053 0.971388 -0.183702 0.257588 -0.103009 0.169397 0.98015 -0.233167 0 0 0 1 
26456013410159;0.771683;0.337765;0.999283 0.0296125 -0.0236023 0.153889 -0.0337796 0.978768 -0.202167 0.630154 0.0171145 0.202819 0.979067 0.114962 0 0 0 1 
26456013410160;0.731372;0.418688;0.999468 0.00148829 -0.0325929 -0.0369532 -0.00292949 0.999018 -0.0442154 0.167552 0.0324951 0.0442874 0.99849 -0.550513 0 0 0 1 
26456013410161;0.152345;0.0944496;0.999292 0.0259742 0.0272366 -0.0455551 -0.0244847 0.998259 -0.0536648 0.00708168 -0.0285831 0.0529599 0.998187 -0.138586 0 0 0 1 
26456013410162;0.843744;0.538722;0.920183 -0.0775562 -0.38373 0.148941 0.0623901 0.996705 -0.0518343 0.524418 0.386485 0.0237561 0.92199 0.815145 0 0 0 1 
26456013410163;0.17304;0.123381;0.988215 -0.0469429 -0.145695 0.0547192 0.0243961 0.987949 -0.152844 0.11728 0.151114 0.147489 0.977452 0.220293 0 0 0 1 
26456013410164;1.05704;0.161572;0.993732 -0.0395069 -0.104575 0.0405815 0.0421536 0.998841 0.0232205 -0.0693266 0.103536 -0.0274832 0.994246 -0.861675 0 0 0 1 
26456013410165;1.01882;1.00793;0.996401 -0.0703855 -0.0472358 -0.511097 0.0743032 0.993427 0.0870715 0.456361 0.0407967 -0.0902679 0.995082 0.0181315 0 0 0 1 
26456013410166;0.386158;0.319709;0.963871 -0.0573048 -0.260133 0.157567 -0.0310763 0.945724 -0.323481 0.412551 0.264552 0.319877 0.909775 0.151452 0 0 0 1 
26456013410167;0.362618;0.199343;0.996495 0.0241277 -0.0800957 -0.111295 0.0105628 0.913542 0.406607 -0.476875 0.0829813 -0.406027 0.910086 0.064714 0 0 0 1 
26456013410168;0.272737;0.171764;0.967372 -0.0218075 -0.252422 0.0673123 0.0228272 0.999739 0.00111176 -0.173073 0.252332 -0.00683758 0.967617 0.0819982 0 0 0 1 
26456013410169;0.677811;0.212472;0.99763 -0.0410564 -0.0552141 -0.140123 0.0409641 0.999157 -0.00280228 -0.270894 0.0552826 0.000533839 0.998471 0.510632 0 0 0 1 
26456013410170;0.704368;0.269784;0.998623 0.0516522 0.00916855 0.0525643 -0.0517724 0.998569 0.0134051 -0.649464 -0.00846303 -0.0138614 0.999868 0.0707189 0 0 0 1 
26456013410171;1.02478;0.6289;0.9697 -0.101922 -0.222021 -0.123911 0.115434 0.992119 0.0487237 0.0159536 0.215306 -0.0728762 0.973824 0.000238524 0 0 0 1 
26456013410172;0.366617;0.171981;0.976205 -0.0194394 -0.215977 0.0562204 0.0310622 0.998238 0.0505513 -0.0740056 0.214614 -0.0560572 0.975089 -0.118586 0 0 0 1 
26456013410173;0.895873;0.111952;0.982243 0.181697 -0.0467433 -0.416564 -0.180777 0.983249 0.0232578 -0.600219 0.0501861 -0.0143947 0.998636 0.515384 0 0 0 1 
26456013410174;0.457447;0.273487;0.999248 -0.0338001 -0.0189972 -0.166352 0.0336022 0.999379 -0.0106425 0.198785 0.0193451 0.00999617 0.999763 0.0282298 0 0 0 1 
26456013410175;0.623034;0.156891;0.99624 -0.0288663 -0.0816819 0.0145033 0.0319717 0.998805 0.0369696 -0.0618831 0.0805171 -0.0394421 0.995973 -0.462923 0 0 0 1 
26456013410176;0.235307;0.194411;0.990119 -0.052921 -0.129861 -0.0910023 0.0509989 0.998535 -0.0180849 0.0696789 0.130628 0.0112834 0.991367 0.108302 0 0 0 1 
26456013410177;0.877512;0.435911;0.999974 0.000159337 -0.00714452 0.0163456 -0.000181184 0.999995 -0.00305731 0.627957 0.007144 0.00305852 0.99997 0.0259867 0 0 0 1 
26456013410178;0.197683;0.107179;0.997524 -0.043933 -0.0549125 -0.115722 0.0444622 0.998975 0.00845234 0.108099 0.0544849 -0.0108729 0.998455 -0.0212809 0 0 0 1 
26456013410179;0.15124;0.186267;0.996079 -0.0144401 0.0872785 -0.191722 0.00420866 0.993206 0.116292 -0.0726321 -0.0883648 -0.115469 0.989373 -0.00311786 0 0 0 1 
26456013410180;0.554153;0.45858;0.999798 0.00127514 -0.0200441 0.0309797 -0.00521668 0.980219 -0.197849 0.355747 0.0193953 0.197914 0.980028 0.00660323 0 0 0 1 
26456013410181;0.475904;0.0706662;0.999239 0.0289576 0.0261238 -0.0831861 -0.035737 0.948077 0.316027 -0.702705 -0.015616 -0.31672 0.94839 -0.0547735 0 0 0 1 
26456013410182;0.72307;0.485596;0.999301 -0.00743033 0.0366419 -0.174957 0.0111447 0.994698 -0.102233 0.117787 -0.035688 0.10257 0.994085 0.257954 0 0 0 1 
26456013410183;0.714484;0.156542;0.999394 0.0345375 0.00424746 -0.23308 -0.0306316 0.931077 -0.363535 0.107973 -0.0165103 0.363184 0.931571 0.462507 0 0 0 1 
26456013410184;0.435457;0.41445;0.999737 -0.0181238 0.0140576 -0.108055 0.0187414 0.998806 -0.0451184 0.192038 -0.013223 0.04537 0.998883 -0.205969 0 0 0 1 
26456013410186;2.57906;1.55799;0.978683 -0.162717 -0.125311 0.441456 0.156183 0.985881 -0.0603765 -0.476317 0.133366 0.039518 0.990279 -0.276878 0 0 0 1 
26456013410187;0.634766;1.27719;0.812576 -0.573498 0.104015 0.441874 0.581723 0.786868 -0.206001 1.30979 0.0362954 0.227899 0.973008 -0.166828 0 0 0 1 
26456013410188;1.09866;0.856838;0.967013 0.179271 -0.180966 0.312883 -0.120072 0.947345 0.296849 -0.514073 0.224653 -0.265328 0.93762 0.141256 0 0 0 1 
26456013410189;0.60767;0.799306;0.944592 -0.303719 -0.124498 0.239507 0.296129 0.952123 -0.0759563 0.608804 0.141607 0.0348802 0.989308 0.131428 0 0 0 1 
26456013410190;1.29465;2.08689;0.457179 -0.808641 0.370252 -0.670599 0.824401 0.541508 0.164716 1.66847 -0.333691 0.229931 0.914211 -0.742939 0 0 0 1 
26456013410191;1.28532;1.0635;0.971699 -0.233953 0.0326648 0.133228 0.236068 0.966727 -0.0985442 0.258058 -0.0085232 0.103466 0.994596 -0.347033 0 0 0 1 
26456013410192;1.88351;2.18867;0.95373 0.300442 0.0115491 0.450394 -0.290338 0.930278 -0.224248 -0.814204 -0.0781174 0.210519 0.974464 0.196332 0 0 0 1 
26456013410193;1.11745;1.07996;0.858579 -0.48581 -0.163804 0.285228 0.491786 0.870704 -0.00463573 0.967908 0.144877 -0.0765766 0.986482 -0.084887 0 0 0 1 
26456013410194;2.37375;0.916344;0.833307 -0.550145 0.0542252 0.828462 0.552804 0.829785 -0.0765843 0.451167 -0.00286278 0.0937941 0.995588 -0.368776 0 0 0 1 
26456013410195;1.70586;1.70378;0.826305 -0.372055 -0.422841 1.19911 0.384191 0.92131 -0.0598772 0.529655 0.411845 -0.112975 0.904223 0.359162 0 0 0 1 
26456013410196;0.514644;1.287;0.875666 -0.482808 0.0102206 0.495289 0.480876 0.873714 0.0733626 0.773057 -0.0443499 -0.0593263 0.997253 0.117162 0 0 0 1 
26456013410197;2.7645;2.59275;0.80411 -0.57578 0.147936 -0.366919 0.568437 0.817544 0.0922008 1.02619 -0.174032 0.00995275 0.98469 -0.0815756 0 0 0 1 
26456013410198;2.3433;1.18539;0.856263 -0.512403 -0.0652425 0.904211 0.513339 0.858182 -0.00279036 0.288484 0.0574197 -0.0311022 0.997866 0.253564 0 0 0 1 
26456013410199;2.04036;0.687498;0.855445 -0.485536 -0.180194 0.573825 0.465985 0.873438 -0.141298 0.779328 0.225993 0.0369052 0.97343 -0.353021 0 0 0 1 
26456013410200;2.25828;2.19956;0.695655 -0.522969 0.492512 -0.468556 0.563778 0.822341 0.0768794 1.02311 -0.445218 0.224186 0.866904 -0.631975 0 0 0 1 
26456013410201;2.32984;0.716704;0.627129 -0.688351 0.364529 -1.16558 0.744544 0.667245 -0.0209221 1.5074 -0.228829 0.284529 0.930957 -0.549994 0 0 0 1 
26456013410202;0.574695;1.15603;0.856577 -0.515467 0.0238736 0.232417 0.515633 0.856809 -0.000929494 0.945277 -0.019976 0.0131062 0.999715 0.0883754 0 0 0 1 
26456013410203;2.04835;1.19373;0.96879 -0.066353 0.238838 0.460765 -0.00586547 0.957102 0.28969 -0.719533 -0.247814 -0.28205 0.926842 0.0508775 0 0 0 1 
26456013410204;0.669991;0.590376;0.999734 -0.00663366 0.0220832 0.202689 0.00095526 0.968816 0.247781 -0.131549 -0.0230382 -0.247694 0.968564 -0.11099 0 0 0 1 
26456013410205;0.908947;1.24169;0.932082 -0.362129 0.00926144 0.26112 0.362132 0.932126 0.00148972 0.867875 -0.00917229 0.00196532 0.999956 -0.095295 0 0 0 1 
26456013410206;1.79634;1.7364;0.997274 -0.063653 -0.0373341 0.10111 0.0685709 0.986291 0.150092 -0.159721 0.0272685 -0.152243 0.987967 -0.0420619 0 0 0 1 
26456013410207;0.232642;0.689532;0.992003 -0.0985885 -0.0788049 0.300552 0.101598 0.994205 0.0351233 0.269972 0.0748855 -0.0428488 0.996271 0.0627498 0 0 0 1 
26456013410208;2.37807;1.27639;0.924053 -0.36675 0.107797 0.312725 0.381806 0.871677 -0.307251 1.07967 0.0187202 0.325074 0.945503 -0.871866 0 0 0 1 
26456013410209;2.64335;0.616237;0.890529 -0.453957 0.0296941 0.845095 0.446579 0.88477 0.133228 -0.00100813 -0.0867524 -0.105383 0.99064 -0.235596 0 0 0 1 
26456013410210;2.26073;1.31852;0.686316 -0.720739 -0.0974945 -0.220068 0.698499 0.690538 -0.187765 1.42545 0.202653 0.0607665 0.977363 -0.0312493 0 0 0 1 
26456013410211;1.42407;0.807946;0.81194 -0.574431 0.10384 -0.0906788 0.577603 0.816318 -0.000590295 1.25417 -0.0844269 0.0604573 0.994594 -0.293979 0 0 0 1 
26456013410212;1.48789;1.5732;0.84478 -0.52462 -0.105456 0.196169 0.51077 0.8493 -0.133432 0.727283 0.159565 0.0588564 0.985431 -0.00858432 0 0 0 1 
26456013410213;1.60061;0.726622;0.786449 -0.617519 0.0129993 -0.0695561 0.597712 0.755581 -0.268026 1.67638 0.155689 0.218559 0.963324 0.15898 0 0 0 1 
26456013410214;1.7042;1.20097;0.782805 -0.615885 -0.0888952 -0.0435963 0.603552 0.786246 -0.13245 1.38707 0.151467 0.0500293 0.987195 0.556432 0 0 0 1 
26456013410215;0.754244;1.08347;0.992218 -0.0377931 0.118635 0.466304 0.065168 0.96952 -0.236186 0.436797 -0.106092 0.242079 0.964439 -0.412113 0 0 0 1 
26456013410217;1.32332;1.68212;0.95531 -0.0376599 0.293196 -0.203346 0.0569645 0.996714 -0.0575811 0.0408539 -0.290064 0.0717096 0.954317 -0.419396 0 0 0 1 
26456013410218;1.34012;1.56448;0.989757 -0.0509514 0.133362 -0.102873 -0.00934288 0.909026 0.416634 -0.25057 -0.142458 -0.413613 0.899239 0.00311793 0 0 0 1 
26456013410219;0.65608;0.515257;0.981795 0.1803 0.059753 -0.171192 -0.181758 0.983142 0.019898 -0.110777 -0.0551581 -0.0303964 0.998015 -0.0357051 0 0 0 1 
26456013410220;1.46371;1.30493;0.999651 -0.0118654 0.0236172 -0.0172145 0.00869206 0.99145 0.130197 0.0522879 -0.0249601 -0.129946 0.991207 0.0908638 0 0 0 1 
26456013410221;1.60635;2.04285;0.992045 -0.0742497 -0.101651 -0.040841 0.0940795 0.973845 0.206819 0.113447 0.0836363 -0.214737 0.973084 0.116886 0 0 0 1 
26456013410222;2.32392;0.7617;0.999971 0.004663 -0.00601398 0.0878321 -0.00717639 0.840763 -0.541356 0.452067 0.00253198 0.541384 0.840772 -0.978563 0 0 0 1 
26456013410223;1.20647;1.03586;0.995567 0.0873301 0.0349265 -0.0375993 -0.09178 0.983204 0.157755 0.0442793 -0.0205631 -0.160262 0.98686 0.0708973 0 0 0 1 
26456013410224;0.781646;0.583689;0.937895 0.325825 0.119126 -0.262765 -0.345892 0.851856 0.39332 -0.691347 0.026675 -0.410098 0.911651 0.0965905 0 0 0 1 
26456013410225;1.91639;0.876236;0.99631 -0.0636943 -0.0575286 0.178738 0.0777628 0.953567 0.29097 -0.401283 0.0363242 -0.29437 0.955001 -0.267038 0 0 0 1 
26456013410226;0.740714;0.652273;0.986504 0.128217 0.101832 -0.132191 -0.133452 0.989971 0.0463546 -0.0307703 -0.094867 -0.0593187 0.993721 -0.0485415 0 0 0 1 
26456013410227;0.854149;0.832782;0.999996 -0.00031128 -0.00269712 -0.000739776 0.000273833 0.999904 -0.0138733 -0.00480248 0.00270118 0.0138725 0.9999 0.00238123 0 0 0 1 
26456013410228;0.477964;0.442203;0.998085 -0.0618558 -0.000173198 -0.00967994 0.0607982 0.981528 -0.1814 0.247686 0.0113906 0.181042 0.983409 -0.0209991 0 0 0 1 
26456013410229;0.488387;0.285865;0.945469 -0.279526 -0.167193 0.205267 0.302536 0.943833 0.132858 0.00895981 0.120665 -0.176196 0.976931 0.171628 0 0 0 1 
26456013410230;0.907029;0.381399;0.995691 0.0751686 0.054305 -0.0740957 -0.087342 0.956937 0.276843 -0.22871 -0.0311566 -0.280393 0.959379 -0.1298 0 0 0 1 
26456013410231;2.37848;0.52265;0.991308 -0.0587833 -0.117702 0.217396 0.120019 0.770534 0.625997 -1.11057 0.053895 -0.634682 0.770892 -0.178689 0 0 0 1 
26456013410232;0.758672;0.676265;0.989844 0.137564 -0.035852 0.042376 -0.136025 0.9898 0.0423391 -0.208118 0.0413107 -0.0370324 0.99846 0.0557857 0 0 0 1 
26456013410233;0.876115;0.354308;0.98963 0.120306 -0.0784825 0.0970462 -0.116795 0.992 0.0479055 0.0979017 0.0836179 -0.0382424 0.995764 0.142217 0 0 0 1 
26456013410234;0.436918;0.247952;0.997322 0.0721416 -0.0120478 -0.00776356 -0.0702635 0.990748 0.116112 -0.210156 0.0203129 -0.114954 0.993163 0.122607 0 0 0 1 
26456013410235;0.42537;0.380881;0.99467 0.081006 0.0637957 -0.0930335 -0.0735671 0.99105 -0.111387 -0.0173211 -0.0722477 0.1061 0.991727 -0.0914604 0 0 0 1 
26456013410236;1.61117;1.31661;0.912176 0.386222 0.136998 -0.453496 -0.35306 0.570942 0.741197 -1.45245 0.208049 -0.724471 0.657159 0.532045 0 0 0 1 
26456013410237;1.76467;1.45549;0.938794 0.310901 0.148343 -0.138185 -0.343666 0.874841 0.341391 -0.559568 -0.0236377 -0.371476 0.928142 0.113201 0 0 0 1 
26456013410238;1.19544;0.433123;0.96574 0.250778 0.0667599 -0.0383197 -0.245357 0.798537 0.549671 -0.652029 0.0845349 -0.547219 0.832709 0.0787886 0 0 0 1 
26456013410239;0.73293;0.386783;0.928168 -0.371339 -0.024728 0.0290546 0.372126 0.926941 0.0479794 0.257378 0.00510483 -0.0537349 0.998542 -0.105773 0 0 0 1 
26456013410240;1.79116;1.82214;0.986594 0.130338 -0.0982082 0.0461988 -0.108155 0.97285 0.204611 -0.252736 0.12221 -0.191247 0.973904 0.166337 0 0 0 1 
26456013410241;1.92987;1.85185;0.970918 0.0555173 0.232885 -0.208703 -0.0133562 0.983787 -0.178841 0.105634 -0.239038 0.17053 0.955919 -0.31656 0 0 0 1 
26456013410242;1.40722;0.87664;0.822734 -0.452027 0.344646 -0.582925 0.0476101 0.658984 0.750649 -0.751089 -0.56643 -0.601176 0.563689 -0.197602 0 0 0 1 
26456013410243;0.583238;0.23433;0.960831 -0.224219 0.162882 -0.114299 0.250713 0.953706 -0.166097 0.335567 -0.118099 0.200428 0.972564 -0.274512 0 0 0 1 
26456013410244;0.533279;0.139038;0.999402 0.00518389 -0.0341906 0.0220985 -0.00951685 0.991753 -0.127813 0.158357 0.0332461 0.128062 0.991209 0.176995 0 0 0 1 
26456013410245;0.736282;0.505027;0.993359 -0.111331 -0.029043 0.0374947 0.0970825 0.946504 -0.307743 0.330578 0.0617507 0.302879 0.951026 0.139757 0 0 0 1 
26456013410246;1.05866;0.931726;0.99815 -0.055663 -0.0244656 0.051306 0.043779 0.937172 -0.346109 0.321432 0.0421939 0.344398 0.937875 -0.218554 0 0 0 1 
26456013410248;1.23759;0.373568;0.833959 0.549616 -0.0493366 -0.787594 -0.551788 0.829503 -0.0863472 -1.31521 -0.00653301 0.0992333 0.995043 0.530316 0 0 0 1 
26456013410249;1.46586;0.392139;0.812231 0.508422 0.285984 -0.476102 -0.561937 0.813523 0.149691 -0.902043 -0.156549 -0.282289 0.94647 0.594024 0 0 0 1 
26456013410250;0.412958;0.439258;0.989184 -0.0134932 -0.146058 -0.205688 -0.00165262 0.994671 -0.103083 0.0777446 0.14667 0.102209 0.983891 0.297621 0 0 0 1 
26456013410251;1.34871;0.34015;0.985447 0.161737 0.0523084 -0.158598 -0.158428 0.985408 -0.0622207 -0.303179 -0.0616085 0.0530281 0.996691 0.771065 0 0 0 1 
26456013410252;1.49487;0.904795;0.96952 -0.144121 -0.198143 0.112786 0.227256 0.831221 0.507372 -0.374428 0.0915777 -0.536937 0.838637 -0.336332 0 0 0 1 
26456013410253;0.288077;0.346327;0.957733 0.28714 -0.0172536 -0.181738 -0.287653 0.956355 -0.0513861 -0.570264 0.00174554 0.0541772 0.99853 -0.203072 0 0 0 1 
26456013410254;0.399182;0.413896;0.931491 0.351833 0.0923997 -0.416294 -0.343303 0.934253 -0.0965141 -0.519156 -0.120282 0.058181 0.991033 -0.374259 0 0 0 1 
26456013410255;1.26559;0.496209;0.994234 0.106488 0.0125887 -0.391842 -0.104345 0.987845 -0.115213 -0.261416 -0.0247045 0.113235 0.993261 0.676302 0 0 0 1 
26456013410256;0.836061;0.644043;0.979471 0.161297 -0.120915 0.0742036 -0.164521 0.986225 -0.0171076 -0.200674 0.11649 0.0366494 0.992515 -0.0144988 0 0 0 1 
26456013410257;1.31918;0.640898;0.964058 0.237082 -0.119936 -0.326872 -0.222433 0.967069 0.123701 -0.888295 0.145314 -0.0925775 0.985045 -0.0455802 0 0 0 1 
26456013410258;1.48742;0.568791;0.894459 -0.108819 0.433707 0.212256 0.135676 0.990257 -0.0313522 0.160219 -0.426069 0.0868869 0.900508 -0.274786 0 0 0 1 
26456013410259;1.01942;0.341453;0.866802 0.492114 -0.0804855 -0.774003 -0.484249 0.869241 0.0996093 -0.525653 0.11898 -0.0473665 0.991766 0.240244 0 0 0 1 
26456013410260;0.460663;0.342641;0.814025 0.568604 -0.118546 -0.31858 -0.514365 0.800505 0.307604 -1.07524 0.269801 -0.189422 0.944101 0.615886 0 0 0 1 
