#;prob_registration_l1 -r /home/probabilistic_point_clouds_registration/build/tester /home/point_clouds_registration_benchmark//devel/registration_pairs/p2at_met_local.txt /home/point_clouds_registration_benchmark//planetary/p2at_met -s 0.2 -t 0.2 -p 0.3 -r 1000 -m 1 -i 40 
id;initial_error;final_error;transformation
27844314100000;0.368279;0.331881;0.999336 0.00488046 0.0360976 0.36401 -0.00987387 0.990176 0.139477 -0.23687 -0.0350623 -0.139741 0.989567 -8.40139 0 0 0 1 
27844314100001;0.325629;0.138526;0.987691 0.033202 -0.152855 1.11745 -0.0044118 0.982737 0.184955 -0.430354 0.156357 -0.182004 0.970787 -7.72598 0 0 0 1 
27844314100002;0.342132;0.134931;0.93309 -0.0477658 0.356456 -3.12509 -0.0571757 0.958833 0.278153 -2.73504 -0.355068 -0.279923 0.891947 -24.6783 0 0 0 1 
27844314100003;0.135271;0.123763;0.994937 -0.00200896 0.100481 0.130848 -0.0154013 0.984943 0.172192 -0.527952 -0.0993144 -0.172867 0.979925 -12.5369 0 0 0 1 
27844314100004;0.89077;0.705252;0.986305 0.0436782 -0.159045 1.70135 -0.000980927 0.965833 0.259162 -1.06043 0.164931 -0.255456 0.952649 -12.4516 0 0 0 1 
27844314100005;0.300669;0.285121;0.93383 0.0394323 -0.355536 -0.557047 0.00487481 0.992411 0.122872 0.134343 0.357683 -0.116474 0.926551 1.26217 0 0 0 1 
27844314100006;0.461976;0.446945;0.999981 0.00567108 0.00230474 0.33048 -0.0057349 0.999572 0.0286964 -0.0501621 -0.00214102 -0.0287091 0.999586 -1.59489 0 0 0 1 
27844314100007;1.17629;1.01812;0.99951 0.00897087 0.0300024 0.580146 -0.011498 0.996302 0.0851488 -0.0548889 -0.0291276 -0.085452 0.995916 -4.37765 0 0 0 1 
27844314100008;0.519074;0.445822;0.999991 0.00265365 0.00321195 0.134535 -0.00276488 0.999379 0.0351384 0.0497945 -0.00311671 -0.035147 0.999377 -1.50269 0 0 0 1 
27844314100009;0.482706;0.496221;0.992858 -0.00489321 0.119199 -0.052599 0.0104613 0.998881 -0.046132 -0.0333564 -0.118839 0.0470495 0.991798 -0.0648326 0 0 0 1 
27844314100010;0.848926;0.0752942;0.999053 0.021805 -0.0376581 1.34204 -0.0149777 0.984827 0.17289 -0.624999 0.0408566 -0.172162 0.984221 -11.2739 0 0 0 1 
27844314100011;0.370547;0.316262;0.980718 -0.00948901 -0.1952 -1.80993 -0.00271071 0.998064 -0.0621367 -0.421496 0.195411 0.0614677 0.978793 8.59962 0 0 0 1 
27844314100012;1.02719;0.429022;0.991192 -0.00364089 -0.132385 -1.10827 -0.00288035 0.998793 -0.0490348 -0.356627 0.132404 0.0489842 0.989985 8.17651 0 0 0 1 
27844314100013;0.818365;0.760523;0.998834 0.014373 -0.0460927 0.752654 -0.00982403 0.995193 0.0974416 -0.150338 0.0472717 -0.0968752 0.994173 -5.42373 0 0 0 1 
27844314100014;0.722224;0.294428;0.998382 -0.00074438 -0.0568655 -0.076652 0.00105356 0.999985 0.00540717 0.0103322 0.0568606 -0.00545833 0.998367 -0.799582 0 0 0 1 
27844314100015;1.11358;0.677269;0.99951 -0.00239583 -0.031211 0.0267404 0.0017048 0.999753 -0.0221484 0.0449068 0.0312564 0.0220844 0.999267 -0.445258 0 0 0 1 
27844314100016;0.370882;0.076048;0.993165 -0.00866923 0.116395 -0.252244 0.0564146 0.908667 -0.413693 -5.37701 -0.102178 0.417431 0.902946 21.8218 0 0 0 1 
27844314100017;0.341055;0.296005;0.995625 0.00370822 -0.0933697 -0.294022 -0.000374968 0.999363 0.0356917 0.0867237 0.0934426 -0.0355006 0.994992 0.230097 0 0 0 1 
27844314100018;0.853373;0.277418;0.99958 0.00143952 0.0289269 0.263869 -0.00150554 0.999996 0.0022608 -0.0153777 -0.0289235 -0.0023034 0.999579 -2.95131 0 0 0 1 
27844314100019;0.871961;0.109298;0.99998 -0.0033105 0.00533673 0.0717731 0.00344217 0.999685 -0.0248547 0.039219 -0.00525277 0.0248726 0.999677 -1.01486 0 0 0 1 
27844314100020;0.613803;0.629987;0.99668 0.0325371 -0.0746296 1.51586 -0.0145451 0.973083 0.229996 -0.950443 0.0801042 -0.228147 0.970326 -11.88 0 0 0 1 
27844314100021;0.300355;0.0800297;0.948465 -0.0110684 -0.316689 -2.99196 -0.0082155 0.998195 -0.059492 -0.551398 0.316776 0.0590279 0.946662 10.9273 0 0 0 1 
27844314100022;0.628187;0.0774749;0.999973 -0.00171596 0.00717298 0.0771425 0.00186912 0.999769 -0.0214009 -0.0507527 -0.0071346 0.0214137 0.999745 -0.624599 0 0 0 1 
27844314100023;0.278091;0.0875501;0.996422 -0.0021458 0.0844851 0.100255 0.00560268 0.999156 -0.0407011 -0.0806583 -0.0843265 0.0410289 0.995593 -0.320815 0 0 0 1 
27844314100024;0.416131;0.325476;0.968811 -0.00637086 -0.24772 -1.87887 -0.0037613 0.999176 -0.040407 -0.263033 0.247773 0.0400785 0.967989 7.3508 0 0 0 1 
27844314100025;0.365706;0.331353;0.992389 0.00431648 -0.123068 -0.280797 -0.00431467 0.999991 0.0002812 -0.116663 0.123068 0.000251938 0.992398 2.50615 0 0 0 1 
27844314100026;0.38807;0.200304;0.983186 -0.00402191 0.182563 -0.0710404 -0.00472815 0.998862 0.0474683 -0.0726478 -0.182547 -0.0475333 0.982048 -7.90332 0 0 0 1 
27844314100027;0.827287;0.774122;0.981377 -0.0181013 -0.191234 -2.09302 -0.006731 0.991698 -0.128411 -1.05015 0.191971 0.127307 0.973108 11.5722 0 0 0 1 
27844314100028;0.216847;0.215613;0.993748 -0.0127984 0.110914 -0.500007 0.0270271 0.991438 -0.127751 -0.301485 -0.108329 0.12995 0.985585 5.06136 0 0 0 1 
27844314100029;0.528223;0.432549;0.997184 -0.00350976 0.0749182 -0.00189781 0.00531699 0.999699 -0.0239369 0.009407 -0.0748116 0.0242678 0.996902 -1.06581 0 0 0 1 
27844314100031;1.32944;0.744605;0.999845 -0.00591757 -0.0165585 -0.275222 0.00593528 0.999982 0.00102051 0.109919 0.0165522 -0.00111864 0.999862 2.67354 0 0 0 1 
27844314100032;1.35252;1.03727;0.950673 0.0603432 -0.304268 -1.41518 0.0355475 0.95324 0.300115 1.31479 0.308151 -0.296128 0.904075 6.19583 0 0 0 1 
27844314100033;0.908498;0.505051;0.974957 0.0377152 -0.219174 -0.930098 0.016499 0.970533 0.240401 0.97406 0.221783 -0.237997 0.945606 5.02988 0 0 0 1 
27844314100034;0.315932;0.301973;0.999965 0.00336943 0.00768054 -0.0108784 -0.00348646 0.999877 0.0152757 -0.0494406 -0.00762812 -0.0153019 0.999854 -0.195826 0 0 0 1 
27844314100035;0.38412;0.185425;0.999555 -0.00413594 -0.0295247 0.00441199 0.0027835 0.998951 -0.045702 -0.13019 0.0296828 0.0455995 0.998519 -0.472292 0 0 0 1 
27844314100036;0.255516;0.160912;0.996887 0.0160895 0.0771846 0.000927935 -0.0288494 0.985505 0.167174 0.0085189 -0.0733761 -0.16888 0.982902 -0.168008 0 0 0 1 
27844314100037;0.704806;0.505534;0.999821 -0.0124755 0.0142019 0.0812683 0.0143148 0.990357 -0.137797 -0.062445 -0.0123459 0.137976 0.990359 0.274015 0 0 0 1 
27844314100038;1.02577;0.718504;0.996263 0.00208327 0.08635 0.0992683 0.00106015 0.999339 -0.0363415 -0.0124699 -0.0863686 0.0362972 0.995602 0.629756 0 0 0 1 
27844314100039;0.646323;0.211803;0.998496 -0.00662701 0.0544245 0.010386 0.0179761 0.977366 -0.210789 -0.149793 -0.0517958 0.21145 0.976015 0.135044 0 0 0 1 
27844314100040;0.526776;0.433133;0.958348 0.0166229 0.285118 -0.280343 -0.00696862 0.999369 -0.0348417 -0.225779 -0.285517 0.0314036 0.957859 -3.99244 0 0 0 1 
27844314100041;0.240913;0.184161;0.986523 -0.0194491 -0.162463 -0.260687 0.0102963 0.998322 -0.056991 0.0301983 0.163299 0.0545501 0.985067 1.91507 0 0 0 1 
27844314100042;1.10623;0.867627;0.999755 0.000521985 -0.0221455 0.00289722 0.000811669 0.998188 0.0601707 -0.104372 0.0221367 -0.0601739 0.997942 -0.805927 0 0 0 1 
27844314100043;0.537176;0.45122;0.952232 0.0144607 0.305034 -0.302423 -0.100125 0.958446 0.267126 -0.85488 -0.288496 -0.284907 0.91411 -3.43897 0 0 0 1 
27844314100044;0.682374;0.415791;0.991326 0.00622287 0.13128 0.143903 0.0116428 0.990793 -0.134882 -0.104793 -0.130911 0.135241 0.982126 -1.05078 0 0 0 1 
27844314100045;0.577329;0.365968;0.996687 -0.00833234 -0.0809019 -0.034619 0.00456017 0.998899 -0.0466998 0.0551578 0.0812019 0.0461762 0.995627 -0.0144198 0 0 0 1 
27844314100046;0.842689;0.723756;0.978307 0.0226707 -0.205915 -0.683793 0.00597321 0.990493 0.13743 0.211245 0.207073 -0.135679 0.968872 3.47406 0 0 0 1 
27844314100047;0.331521;0.316829;0.999646 0.00127352 0.0265911 0.0561563 -0.000471077 0.999545 -0.0301617 -0.0147813 -0.0266174 0.0301385 0.999191 -0.286982 0 0 0 1 
27844314100048;0.326512;0.255321;0.999724 -0.00249506 0.0233577 0.056759 0.00388361 0.998215 -0.0595917 -0.0308449 -0.0231673 0.059666 0.99795 -0.0560427 0 0 0 1 
27844314100049;0.286094;0.163447;0.987633 0.00107059 -0.15678 -0.320525 0.0041899 0.999439 0.0332189 0.0542816 0.156728 -0.033465 0.987075 1.59617 0 0 0 1 
27844314100050;1.23172;0.974475;0.999839 0.00129257 -0.0178976 -0.198714 -0.00108472 0.999932 0.011618 0.0808192 0.0179114 -0.0115967 0.999772 1.79868 0 0 0 1 
27844314100051;0.428034;0.187665;0.999726 -0.00351204 -0.0231383 -0.0841935 0.0031352 0.999862 -0.0163029 -0.00808916 0.0231923 0.0162259 0.999599 1.11565 0 0 0 1 
27844314100052;1.33827;0.979363;0.999585 0.000251396 -0.0288173 0.147034 0.00337454 0.992062 0.125707 -0.127711 0.0286202 -0.125752 0.991649 -0.951557 0 0 0 1 
27844314100053;1.32669;0.892444;0.970399 -0.00692415 0.241408 0.332956 -0.0312846 0.987563 0.154082 -0.0667431 -0.239473 -0.157073 0.958113 -0.26281 0 0 0 1 
27844314100054;0.560805;0.313514;0.990639 0.00112332 0.136503 0.107936 -0.00773854 0.99882 0.0479412 -0.0440356 -0.136288 -0.0485488 0.989479 -0.450445 0 0 0 1 
27844314100055;0.956315;0.891977;0.999237 0.000320981 0.039059 0.0291156 0.00222348 0.997877 -0.0650832 -0.00340551 -0.038997 0.0651204 0.997115 0.292609 0 0 0 1 
27844314100056;1.36899;1.09607;0.998142 -0.00823351 0.0603678 0.165934 0.0154875 0.992568 -0.120701 -0.169216 -0.0589253 0.121411 0.990852 0.0901676 0 0 0 1 
27844314100057;0.0905846;0.0631664;0.99081 0.00201247 0.135248 0.061052 -0.000981538 0.99997 -0.00768883 -0.104187 -0.135259 0.00748541 0.990782 -1.64052 0 0 0 1 
27844314100058;0.707405;0.287908;0.999888 0.00787992 0.0127522 0.103869 -0.00787375 0.999969 -0.000534506 -0.0925863 -0.012756 0.000434038 0.999919 -1.4812 0 0 0 1 
27844314100059;0.65531;0.359169;0.893446 0.0111043 0.449033 -0.766768 -0.0654757 0.992236 0.10574 -0.79003 -0.444373 -0.123874 0.887236 -6.16458 0 0 0 1 
27844314100060;1.27536;0.516513;0.981651 0.0138339 0.190181 0.0286262 -0.00225463 0.998137 -0.0609673 -0.393481 -0.190671 0.0594199 0.979854 -4.87602 0 0 0 1 
27844314100062;0.6633;0.497513;0.999992 -0.00336005 -0.0023554 -0.0729686 0.00327333 0.99935 -0.0359013 -0.0608403 0.0024745 0.0358932 0.999353 0.58428 0 0 0 1 
27844314100063;1.6099;0.117434;0.994392 0.00079794 -0.10575 0.0862378 -0.0019423 0.999941 -0.0107188 -0.0194196 0.105735 0.0108641 0.994335 -0.458645 0 0 0 1 
27844314100064;1.94982;1.85462;0.998592 -0.000561738 0.0530516 0.0999422 0.00305751 0.998891 -0.0469748 -0.127615 -0.0529664 0.0470708 0.997486 1.35962 0 0 0 1 
27844314100065;1.77485;0.872449;0.990247 0.0177659 0.138185 0.860685 -0.0709883 0.91777 0.390715 -2.71918 -0.119881 -0.396714 0.91008 -15.9023 0 0 0 1 
27844314100066;1.08018;0.581253;0.997725 0.00805456 0.0669383 0.529858 -0.0119176 0.998274 0.0575125 -0.0763847 -0.0663595 -0.0581793 0.996098 -3.92735 0 0 0 1 
27844314100067;1.0783;0.544645;0.999486 0.000296024 0.0320577 0.0148232 -0.000732815 0.999907 0.0136143 0.0459442 -0.0320507 -0.0136308 0.999393 0.369846 0 0 0 1 
27844314100068;0.329721;0.301648;0.99996 0.00511098 0.00730614 0.190818 -0.0053099 0.999608 0.0274715 0.0116615 -0.00716287 -0.0275092 0.999596 -1.10746 0 0 0 1 
27844314100069;0.992581;0.8108;0.918249 -0.00653785 0.395949 0.0780578 0.0354443 0.997208 -0.0657336 0.147388 -0.394413 0.0743939 0.915917 -4.00023 0 0 0 1 
27844314100070;1.68809;1.1431;0.999724 0.00519203 -0.0229177 -0.0967018 -0.00463442 0.999694 0.0243173 0.022343 0.023037 -0.0242044 0.999442 1.28144 0 0 0 1 
27844314100071;2.20263;0.904584;0.986809 0.0479297 -0.154634 1.30926 -0.00646226 0.96607 0.2582 -0.819714 0.161763 -0.253794 0.953636 -8.16435 0 0 0 1 
27844314100072;0.844195;0.25575;0.918396 -0.030418 -0.394491 -3.65239 -0.0220946 0.991542 -0.127892 -1.04043 0.395044 0.126172 0.909956 9.95445 0 0 0 1 
27844314100073;1.02691;0.590328;0.999336 0.0119842 0.0343986 0.360332 -0.0174965 0.986184 0.164725 0.0337937 -0.0319493 -0.165217 0.98574 -4.37018 0 0 0 1 
27844314100074;0.384882;0.342929;0.998227 0.0110457 0.058482 0.462633 -0.0206513 0.98586 0.166294 -0.2215 -0.0558182 -0.167207 0.984341 -6.07093 0 0 0 1 
27844314100075;1.31596;0.597993;0.997813 -0.00184429 -0.0660684 -0.0165078 -0.000336326 0.999456 -0.0329791 -0.0664611 0.0660933 0.0329293 0.99727 0.290006 0 0 0 1 
27844314100076;1.20785;1.19204;0.999927 -0.000719784 0.0120437 -0.00457173 0.000523405 0.999867 0.0163008 0.0728719 -0.0120538 -0.0162933 0.999795 -0.642088 0 0 0 1 
27844314100077;1.66098;0.488428;0.997976 0.0107397 -0.0626759 0.417042 -0.00555416 0.99659 0.082331 -0.0444812 0.0633464 -0.0818162 0.994632 -3.80299 0 0 0 1 
27844314100078;1.89852;1.72811;0.999996 -0.00245612 -0.00119862 0.0244922 0.00244386 0.999946 -0.0101256 0.0466576 0.00122342 0.0101227 0.999948 -0.732426 0 0 0 1 
27844314100079;1.7021;1.59023;0.996667 0.00215134 0.08155 0.254787 -0.0117416 0.993027 0.117304 0.0218615 -0.080729 -0.117871 0.989742 -3.94594 0 0 0 1 
27844314100080;1.10438;0.481464;0.972475 -0.00803896 0.23287 -0.0740255 -0.0105205 0.996871 0.0783473 -0.0731492 -0.232771 -0.0786406 0.969347 -6.91086 0 0 0 1 
27844314100081;0.430079;0.434215;0.999998 -0.00178149 -4.58548e-05 -0.050772 0.00178088 0.999938 -0.0109542 -0.0307966 6.53668e-05 0.0109541 0.99994 0.349992 0 0 0 1 
27844314100082;1.95213;1.50367;0.999139 0.0246886 0.0333352 0.735887 -0.034695 0.937848 0.345309 -0.899463 -0.0227382 -0.346168 0.937897 -9.55381 0 0 0 1 
27844314100083;0.583263;0.29236;0.966166 -0.00451427 0.257881 0.0656609 -0.0169978 0.996559 0.0811281 -0.0957069 -0.25736 -0.0827666 0.962765 -6.75833 0 0 0 1 
27844314100084;0.503644;0.455243;0.990866 0.00455955 0.134773 0.359781 -0.0389384 0.96653 0.25358 -0.764462 -0.129106 -0.256512 0.95788 -9.99162 0 0 0 1 
27844314100085;0.720603;0.466557;0.998203 0.0174168 0.0573356 0.740088 -0.030813 0.969825 0.241846 -0.741507 -0.0513933 -0.243178 0.968619 -8.86126 0 0 0 1 
27844314100086;1.70425;1.47101;0.996126 0.0423285 -0.0770837 1.12553 -0.0158961 0.948768 0.315572 -0.883423 0.0864923 -0.313124 0.945765 -9.46013 0 0 0 1 
27844314100087;1.08193;0.887409;0.977672 -0.026489 -0.208461 -1.54145 -0.00102007 0.991413 -0.130762 -0.614112 0.210135 0.128055 0.96925 5.9402 0 0 0 1 
27844314100088;1.41218;0.794889;0.998168 -0.00823814 0.0599435 -0.221838 0.0134572 0.996101 -0.0871916 -0.136154 -0.0589914 0.0878386 0.994386 3.3857 0 0 0 1 
27844314100089;0.394008;0.36711;0.998523 -0.00209653 -0.0542902 -0.237665 0.00146469 0.999931 -0.0116754 -0.00882154 0.054311 0.0115786 0.998457 1.03875 0 0 0 1 
27844314100090;1.35838;0.756565;0.99048 -0.0453876 -0.129961 -1.52108 0.00968888 0.964726 -0.263079 -1.44337 0.137317 0.259315 0.955981 8.33843 0 0 0 1 
27844314100091;1.04859;1.04711;0.999414 0.00744192 -0.0333986 0.113662 -0.0050044 0.997357 0.0724816 0.0769547 0.0338497 -0.0722721 0.99681 -1.84511 0 0 0 1 
27844314100093;0.967031;0.478748;0.995194 -0.0316504 -0.0926711 -3.42655 0.0187872 0.990459 -0.136521 -0.777984 0.0961079 0.134124 0.986293 17.2384 0 0 0 1 
27844314100094;1.92323;0.176652;0.972603 0.0547173 -0.225941 3.0049 -0.00883255 0.979901 0.199287 -0.792338 0.232304 -0.191831 0.953538 -8.39348 0 0 0 1 
27844314100095;0.873202;0.43189;0.991745 0.00123849 0.128222 0.654037 -0.0436768 0.94342 0.32871 -5.49682 -0.12056 -0.331597 0.935686 -35.8826 0 0 0 1 
27844314100096;0.430323;0.419224;0.990062 0.0165103 -0.139657 0.788162 -0.0154845 0.999845 0.00842911 -0.451127 0.139775 -0.00618283 0.990164 4.20047 0 0 0 1 
27844314100097;1.73872;0.0961221;0.999693 0.0247505 -0.00060875 3.34524 -0.024744 0.999653 0.00902285 0.551154 0.000831859 -0.00900502 0.999959 0.592387 0 0 0 1 
27844314100098;0.721991;0.316245;0.999941 0.00821851 0.00706809 0.872561 -0.0091705 0.989041 0.147355 -0.777474 -0.0057796 -0.147411 0.989058 -13.7274 0 0 0 1 
27844314100099;0.836004;0.790312;0.999281 -0.0103634 -0.0364759 -1.1676 0.0124327 0.998299 0.0569676 0.528231 0.0358234 -0.0573801 0.997709 -4.49929 0 0 0 1 
27844314100100;2.4061;0.185299;0.999998 0.00073483 -0.0018827 0.047541 -0.000194208 0.962186 0.272394 -1.84054 0.00201167 -0.272393 0.962184 -23.7032 0 0 0 1 
27844314100101;0.366989;0.389863;0.999761 0.0164543 -0.0144238 1.57025 -0.00934843 0.91719 0.398341 -6.7706 0.0197838 -0.398111 0.917124 -38.2013 0 0 0 1 
27844314100102;1.52564;1.37541;0.976065 -0.0234121 0.216214 -2.26326 0.0757979 0.968472 -0.237309 -1.51047 -0.203842 0.248018 0.947067 16.971 0 0 0 1 
27844314100103;2.09748;0.369259;0.999929 0.00629032 -0.0101695 1.06528 -0.00623818 0.999967 0.00515085 -0.261895 0.0102016 -0.00508704 0.999935 -2.51521 0 0 0 1 
27844314100104;0.507469;0.296776;0.999745 0.021856 -0.00570096 2.19827 -0.0217723 0.99966 0.0143424 -0.638051 0.00601249 -0.0142146 0.999881 -1.71457 0 0 0 1 
27844314100105;1.7041;1.77019;0.999373 -0.0218747 0.0278553 -1.8847 0.0261053 0.986458 -0.161923 -0.916473 -0.023936 0.162549 0.98641 14.6788 0 0 0 1 
27844314100106;0.621555;0.323793;0.97556 0.0283098 -0.217902 1.47594 -0.00755374 0.9954 0.0955039 -0.46244 0.219603 -0.0915238 0.971287 -1.59977 0 0 0 1 
27844314100107;0.153647;0.258235;0.99872 -0.0500442 -0.00736496 -4.90594 0.050027 0.998745 -0.00250604 1.89013 0.00748112 0.00213439 0.99997 0.46273 0 0 0 1 
27844314100108;1.53872;0.152452;0.998924 0.0292221 -0.0360044 3.69845 -0.0338448 0.990224 -0.135315 -1.52005 0.0316982 0.136388 0.990148 15.6598 0 0 0 1 
27844314100109;1.60611;0.869178;0.999418 -0.00310331 -0.0339815 -0.535847 0.00537486 0.997741 0.066961 0.0336152 0.0336969 -0.0671046 0.997177 -6.79887 0 0 0 1 
27844314100110;2.36031;0.752955;0.999034 0.0438039 -0.00360485 5.31254 -0.0439493 0.994698 -0.0929777 -3.27274 -0.000487047 0.0930463 0.995662 11.0374 0 0 0 1 
27844314100111;0.227132;0.225074;0.968151 0.0432496 -0.246604 2.22333 0.00473829 0.981625 0.19076 -0.67774 0.250323 -0.185853 0.950156 -9.37696 0 0 0 1 
27844314100112;2.20462;1.89689;0.999109 -0.0385918 -0.0170664 -3.81072 0.0317429 0.953848 -0.298606 -4.13003 0.0278025 0.297799 0.954224 28.6345 0 0 0 1 
27844314100113;2.4063;0.229956;0.994166 -0.0680585 0.0836789 -6.27392 0.080568 0.984372 -0.156588 0.431051 -0.071714 0.162417 0.984113 16.1304 0 0 0 1 
27844314100114;0.335195;0.230628;0.981206 -0.0313003 0.190408 -3.03253 0.0485188 0.995074 -0.0864506 1.09237 -0.186764 0.0940642 0.977891 2.29126 0 0 0 1 
27844314100115;1.83608;1.54143;0.999998 -0.00138415 0.00123115 0.138093 0.00136226 0.999844 0.0176077 0.331605 -0.00125533 -0.017606 0.999844 -1.42406 0 0 0 1 
27844314100116;1.89876;1.44069;0.97797 -0.0230723 0.207464 -2.07052 0.00463455 0.996028 0.0889223 0.369369 -0.208692 -0.0860019 0.974193 -14.369 0 0 0 1 
27844314100117;2.29451;0.448565;0.991769 0.0407044 -0.121401 2.95834 -0.00823089 0.966432 0.256792 -1.91802 0.127779 -0.253679 0.958812 -17.7087 0 0 0 1 
27844314100118;2.1601;2.13748;0.999885 0.00200068 0.0150439 0.346105 -0.00165057 0.999728 -0.0232493 -0.0566503 -0.0150864 0.0232218 0.999617 2.07278 0 0 0 1 
27844314100119;1.47956;0.66205;0.999972 0.00712104 -0.0024539 1.23631 -0.00699474 0.998817 0.0481183 -0.289983 0.00279365 -0.0480998 0.998839 -5.79387 0 0 0 1 
27844314100120;0.852594;0.407817;0.97826 -0.0417379 -0.203141 -5.5491 -0.00191543 0.977678 -0.210101 -3.1189 0.207376 0.205922 0.956343 27.9883 0 0 0 1 
27844314100121;1.87824;0.651913;0.998089 0.00196181 0.06176 0.682512 -0.00326031 0.999776 0.0209312 -0.0877154 -0.0617051 -0.0210926 0.997872 -6.29478 0 0 0 1 
27844314100122;1.73464;0.146067;0.969465 -0.0166059 -0.244668 -1.81926 0.0145114 0.999841 -0.0103609 1.48682 0.244801 0.0064941 0.969552 8.31174 0 0 0 1 
27844314100124;0.405551;0.159516;0.997441 -0.0544394 -0.0463406 -4.70791 0.0591085 0.992586 0.106199 1.95876 0.0402156 -0.108667 0.993264 -7.83886 0 0 0 1 
27844314100125;0.438401;0.155022;0.907374 -0.0922784 0.410069 -10.4381 0.140079 0.98622 -0.0880267 3.27388 -0.396295 0.137315 0.907797 -1.99025 0 0 0 1 
27844314100126;1.24567;0.535723;0.997497 -0.0328655 -0.0626025 -4.06751 0.0276591 0.996225 -0.0822884 -0.437109 0.0650706 0.080351 0.99464 8.67817 0 0 0 1 
27844314100127;1.48846;0.92553;0.997345 0.0694749 -0.0218091 4.67427 -0.067948 0.995614 0.0643119 -3.49463 0.0261815 -0.0626593 0.997692 -2.24419 0 0 0 1 
27844314100128;1.19785;0.141529;0.996808 -0.0131876 -0.0787359 -1.71604 0.0087507 0.998368 -0.0564328 0.256561 0.0793516 0.0555637 0.995297 5.78013 0 0 0 1 
27844314100129;1.23822;0.153135;0.992424 0.122444 0.0100851 8.77861 -0.121491 0.990276 -0.067771 -6.10886 -0.0182852 0.0660324 0.99765 6.42482 0 0 0 1 
27844314100130;0.532996;0.149288;0.982216 0.0100739 -0.187483 -0.258043 -0.049601 0.977006 -0.207362 -3.92406 0.181083 0.212973 0.960131 24.6076 0 0 0 1 
27844314100131;0.768744;0.255992;0.988158 0.151141 -0.0264642 12.6179 -0.142399 0.967553 0.20872 -7.55258 0.0571517 -0.20248 0.977617 -14.8368 0 0 0 1 
27844314100132;0.304449;0.154924;0.990078 0.0520059 -0.130543 3.51372 -0.0269659 0.982045 0.186712 -1.99849 0.137909 -0.181339 0.973703 -11.5249 0 0 0 1 
27844314100133;0.242712;0.147362;0.971774 -0.0987627 -0.214247 -10.7224 0.0235261 0.944196 -0.328543 -5.37319 0.234739 0.314229 0.919868 35.9038 0 0 0 1 
27844314100134;1.30166;0.160783;0.971254 0.038722 0.234876 2.95174 -0.03571 0.999216 -0.0170653 -1.15309 -0.235353 0.00818734 0.971876 -9.49968 0 0 0 1 
27844314100135;0.261851;0.156631;0.993636 -0.0971809 0.0569437 -8.53557 0.0950474 0.994706 0.0390545 3.19685 -0.0604377 -0.0333936 0.997613 -4.83224 0 0 0 1 
27844314100136;1.42144;0.190249;0.99162 0.128881 0.00894896 10.9279 -0.127417 0.98709 -0.0970453 -7.52721 -0.0213408 0.0950918 0.99524 9.47738 0 0 0 1 
27844314100137;1.20547;0.582949;0.998259 -0.0364048 0.0464086 -3.55773 0.0502649 0.936743 -0.34639 -5.87294 -0.0308627 0.348119 0.936942 31.1429 0 0 0 1 
27844314100138;0.244336;0.15926;0.994038 0.0261596 -0.105853 1.59921 -0.0453766 0.981983 -0.183442 -3.8826 0.0991468 0.187151 0.977315 19.7366 0 0 0 1 
27844314100139;1.59431;0.207762;0.999074 -0.043024 0.000149754 -2.92116 0.0430216 0.999044 0.00770383 -0.557123 -0.00048106 -0.00769026 0.99997 -1.70347 0 0 0 1 
27844314100140;0.22734;0.150487;0.995475 -0.0939424 0.014273 -8.5013 0.0941825 0.995406 -0.0171985 3.09188 -0.0125918 0.0184649 0.99975 1.34639 0 0 0 1 
27844314100141;0.358346;0.295594;0.96776 -0.0667592 -0.242865 -7.90519 0.0221418 0.983051 -0.181993 -1.40862 0.250899 0.170748 0.952835 23.5425 0 0 0 1 
27844314100142;0.117962;0.149032;0.994451 0.103541 0.0185865 8.93637 -0.102439 0.993338 -0.0527897 -4.40456 -0.0239286 0.0505928 0.998433 3.80465 0 0 0 1 
27844314100143;1.8568;1.58363;0.999083 0.041736 0.00959931 3.89872 -0.0403708 0.992648 -0.114107 -3.67659 -0.0142911 0.113615 0.993422 9.68213 0 0 0 1 
27844314100144;0.573265;0.154156;0.987682 0.002024 -0.156462 -1.52694 0.0013029 0.999775 0.0211578 0.755391 0.15647 -0.0211011 0.987457 3.56577 0 0 0 1 
27844314100145;0.564902;0.534232;0.993934 -0.0357316 -0.104015 -3.9866 0.0215431 0.990684 -0.134464 -0.569312 0.107851 0.131407 0.985444 15.5751 0 0 0 1 
27844314100146;0.457208;0.141632;0.999593 0.0199286 0.0203909 1.58738 -0.0205926 0.999247 0.0328863 -0.733402 -0.0197201 -0.0332929 0.999251 -2.6673 0 0 0 1 
27844314100147;0.839697;0.141123;0.99464 -0.0418862 -0.0945366 -5.23652 0.0522057 0.992618 0.109469 1.7241 0.0892535 -0.113818 0.989484 -7.98578 0 0 0 1 
27844314100148;1.27087;0.184756;0.999329 0.00211989 0.0365767 -1.33169 0.00397258 0.986169 -0.165692 -3.12528 -0.0364221 0.165727 0.985499 13.5091 0 0 0 1 
27844314100149;0.814525;0.442449;0.992481 -0.0156524 0.121392 -1.86972 0.0741447 0.86599 -0.494533 -10.9566 -0.0973837 0.499816 0.86064 41.0885 0 0 0 1 
27844314100150;1.30625;1.02854;0.997301 -0.0072072 0.0730616 -0.909095 0.0289316 0.95322 -0.30089 -4.32632 -0.0674752 0.302192 0.950856 23.4955 0 0 0 1 
27844314100151;1.21483;0.937432;0.988878 -0.031764 0.1453 -2.7874 0.0349387 0.999202 -0.0193489 1.17965 -0.144569 0.0242103 0.989198 -1.5442 0 0 0 1 
27844314100152;0.850848;0.912841;0.980267 0.000495101 0.197679 -0.31477 0.0520354 0.964083 -0.260452 -2.5286 -0.190708 0.265599 0.945033 16.5562 0 0 0 1 
27844314100153;1.33869;0.133513;0.988165 0.128842 0.0832407 9.34345 -0.130728 0.991262 0.0175926 -6.35668 -0.0802467 -0.0282663 0.996374 -5.75292 0 0 0 1 
27844314100155;1.31103;1.20354;0.997911 -0.0333703 -0.0553098 -1.74303 0.0218871 0.980253 -0.19653 -1.25705 0.0607759 0.194909 0.978937 10.4517 0 0 0 1 
27844314100156;0.173499;0.25494;0.999631 -0.0137718 -0.0234109 -0.919422 0.014171 0.999756 0.0169727 0.637503 0.0231715 -0.0172982 0.999582 -0.402163 0 0 0 1 
27844314100157;1.77732;0.981708;0.994557 0.0247685 -0.101212 0.789524 -0.0147244 0.994998 0.0988067 0.208795 0.103153 -0.0967786 0.989946 -3.54889 0 0 0 1 
27844314100158;2.31932;0.46505;0.97401 0.0709037 -0.215121 1.1164 0.0366878 0.887815 0.458735 -1.17592 0.223514 -0.454705 0.86214 -15.0445 0 0 0 1 
27844314100159;1.17995;0.250271;0.997013 0.0423506 -0.0645923 1.5938 -0.0373777 0.996381 0.0763438 -0.605323 0.0675917 -0.0737014 0.994987 -3.21407 0 0 0 1 
27844314100160;1.94121;0.774398;0.98213 -0.0234023 -0.186743 -2.52343 0.0285878 0.999276 0.0251235 1.13486 0.18602 -0.0300132 0.982087 4.64058 0 0 0 1 
27844314100161;0.541664;0.360618;0.992602 -0.00351658 -0.121362 -0.920174 -0.0109114 0.992952 -0.118015 -0.936685 0.120922 0.118466 0.985568 8.61968 0 0 0 1 
27844314100162;1.51732;0.926811;0.998227 -0.0495687 -0.0329433 -2.71808 0.049523 0.998771 -0.00220295 1.72071 0.033012 0.000567597 0.999455 1.3604 0 0 0 1 
27844314100163;1.36524;1.22395;0.998882 -0.0235335 -0.0410105 -1.36426 0.0211732 0.998146 -0.0570665 0.240103 0.0422775 0.0561343 0.997528 2.99779 0 0 0 1 
27844314100164;0.587208;0.307121;0.999569 -0.0281795 -0.00822945 -1.5368 0.0285717 0.998226 0.052243 1.10214 0.00674267 -0.0524556 0.9986 -1.77468 0 0 0 1 
27844314100165;1.53313;1.06627;0.999995 -0.00293698 0.000893766 -0.0600646 0.00292297 0.999879 0.0152866 -0.00953591 -0.000938555 -0.0152839 0.999883 0.224893 0 0 0 1 
27844314100166;0.330265;0.285578;0.9977 -0.0304149 -0.0605728 -1.67851 0.02384 0.994032 -0.106454 -0.0688339 0.0634491 0.104765 0.992471 6.44111 0 0 0 1 
27844314100167;0.903395;0.517304;0.998485 -0.0196441 0.0513997 -0.660724 0.0289189 0.982037 -0.186457 -1.01109 -0.0468136 0.187661 0.981118 6.86411 0 0 0 1 
27844314100168;2.432;0.264959;0.995154 -0.0394748 0.0900528 -1.57948 0.0372759 0.998967 0.0259715 0.32762 -0.0909851 -0.0224888 0.995598 -0.515282 0 0 0 1 
27844314100169;1.16953;0.861341;0.938951 0.0328504 0.34248 1.75674 0.0772312 0.949903 -0.302853 -2.07221 -0.335271 0.310814 0.889375 6.66735 0 0 0 1 
27844314100170;0.524881;0.382843;0.983509 -0.00503757 -0.180787 -1.27909 0.0260347 0.993144 0.113959 0.632197 0.178973 -0.116787 0.976898 -1.47121 0 0 0 1 
27844314100171;2.35705;0.450424;0.963746 0.0163 0.266324 0.84592 0.0194909 0.991165 -0.131194 -0.0684114 -0.26611 0.131629 0.954913 -2.41348 0 0 0 1 
27844314100172;0.422262;0.246635;0.997218 0.0210008 -0.0715188 0.269508 -0.0165724 0.997941 0.0619584 0.41769 0.0726727 -0.0606008 0.995513 -1.24606 0 0 0 1 
27844314100173;0.404553;0.379462;0.997791 -0.0114649 -0.0654272 -0.844385 0.0188191 0.993426 0.112921 0.600861 0.0637025 -0.113903 0.991448 -3.74128 0 0 0 1 
27844314100174;0.99992;0.721416;0.999629 0.0201764 -0.0182997 0.691033 -0.01931 0.998739 0.0463448 -0.153863 0.0192117 -0.0459743 0.998758 -2.19422 0 0 0 1 
27844314100175;0.837078;0.443085;0.999856 -0.00492887 -0.0162262 -0.380468 0.00547259 0.999419 0.0336363 0.62841 0.016051 -0.0337203 0.999302 -1.44828 0 0 0 1 
27844314100176;0.793248;0.472292;0.997975 -0.0292834 -0.0564595 -1.76329 0.00917655 0.94471 -0.32778 -3.62701 0.0629364 0.326598 0.943066 17.0567 0 0 0 1 
27844314100177;2.13358;0.256315;0.999937 -0.00382389 -0.010553 -0.120123 0.00395885 0.99991 0.0127974 0.557556 0.0105032 -0.0128384 0.999862 -2.72229 0 0 0 1 
27844314100178;1.06641;1.03825;0.998155 -0.023208 -0.0561129 -1.30513 0.0226656 0.99969 -0.0102836 0.522903 0.0563342 0.00899276 0.998371 1.54065 0 0 0 1 
27844314100179;2.46162;0.696213;0.964699 -0.0259958 -0.26207 -2.55503 -0.0134539 0.988952 -0.147623 -0.741594 0.263012 0.145937 0.953691 10.233 0 0 0 1 
27844314100180;2.13141;1.67971;0.966279 0.0327858 0.255401 1.50537 -0.0884558 0.973765 0.20966 -2.54692 -0.241826 -0.225182 0.943829 -16.7081 0 0 0 1 
27844314100181;0.683715;0.47848;0.999754 0.0150893 0.0162418 0.586236 -0.0158551 0.998717 0.0481028 0.0639252 -0.0154951 -0.0483485 0.99871 -1.98022 0 0 0 1 
27844314100182;1.078;0.371919;0.984503 -0.0170296 0.174537 -0.440921 0.00759627 0.998481 0.0545737 0.274874 -0.175201 -0.0524021 0.983137 -5.32452 0 0 0 1 
27844314100183;1.04239;0.407388;0.910142 -0.0306661 0.413161 -1.63626 -0.0586462 0.977678 0.201756 -1.19204 -0.410126 -0.207857 0.888027 -18.3816 0 0 0 1 
27844314100184;1.3844;1.11548;0.983563 0.00518714 0.180493 0.527795 -0.0185053 0.99722 0.0721825 -0.53287 -0.179617 -0.074336 0.980924 -7.91922 0 0 0 1 
27844314100186;0.793481;0.127163;0.97197 0.109894 -0.207839 5.62719 -0.0581371 0.968923 0.240433 -2.64946 0.227802 -0.22161 0.948154 -7.1307 0 0 0 1 
27844314100187;1.90684;0.219456;0.996032 0.0884893 0.00948803 6.54746 -0.0882897 0.9959 -0.0197142 -2.65745 -0.0111936 0.0187983 0.999761 2.31351 0 0 0 1 
27844314100188;0.899725;0.373614;0.912147 0.00759042 0.409793 -0.433474 -0.0266754 0.998808 0.0408757 -0.916813 -0.408994 -0.0482161 0.911262 -18.2142 0 0 0 1 
27844314100189;2.92803;2.69001;0.996315 -0.0268211 -0.081471 -2.43836 0.0173244 0.993202 -0.115111 -0.720099 0.0840045 0.113275 0.990006 10.7124 0 0 0 1 
27844314100190;2.25734;1.66223;0.998775 0.0336462 -0.036282 2.35861 -0.0393763 0.984485 -0.170992 -3.45677 0.0299659 0.172211 0.984604 13.5264 0 0 0 1 
27844314100191;2.96618;1.07959;0.989037 -0.0127165 0.147118 -0.317128 0.0673847 0.925372 -0.373024 -5.58814 -0.131395 0.378848 0.916084 23.2053 0 0 0 1 
27844314100192;2.51273;2.00444;0.930907 -0.0367201 -0.363406 -6.24917 -0.000446802 0.994819 -0.101665 -1.12547 0.365256 0.0948034 0.926067 18.3426 0 0 0 1 
27844314100193;1.47826;0.998806;0.994945 0.0225509 -0.0978595 0.96495 -0.0173501 0.998408 0.0536753 -0.493529 0.0989141 -0.0517061 0.993752 0.607045 0 0 0 1 
27844314100194;2.31253;1.33619;0.970059 0.00971039 -0.242675 -2.03714 -0.00174193 0.999453 0.0330289 0.226098 0.242863 -0.0316173 0.969545 7.18169 0 0 0 1 
27844314100195;2.39108;0.153393;0.981765 -0.171599 -0.0818051 -11.7159 0.139771 0.943259 -0.301208 -0.281293 0.12885 0.284281 0.950043 21.4533 0 0 0 1 
27844314100196;0.463067;0.406506;0.995968 0.0141285 0.0885919 1.36424 -0.0195665 0.997957 0.0608177 -0.648849 -0.0875516 -0.0623059 0.99421 -7.40602 0 0 0 1 
27844314100197;2.03095;1.91764;0.995436 -0.0246011 -0.0922025 -2.13284 0.0134241 0.992691 -0.119936 -0.659004 0.0944791 0.118151 0.988491 10.2029 0 0 0 1 
27844314100198;1.85236;1.32119;0.98756 -0.00937462 -0.156963 -1.80474 0.0150387 0.999276 0.0349369 0.516165 0.156522 -0.0368628 0.986986 3.65776 0 0 0 1 
27844314100199;0.504668;0.34533;0.989888 -0.127914 -0.0613204 -9.11123 0.134788 0.982885 0.125578 3.78636 0.0442077 -0.132573 0.990187 -8.10411 0 0 0 1 
27844314100200;2.93423;1.25183;0.999175 -0.0394351 0.00968248 -2.41086 0.0402308 0.993736 -0.104264 0.711285 -0.00551015 0.104568 0.994502 4.21691 0 0 0 1 
27844314100201;1.21539;0.438989;0.988916 0.0131002 0.147894 1.22704 -0.0410775 0.981359 0.187744 -2.0746 -0.142677 -0.191739 0.97102 -18.9471 0 0 0 1 
27844314100202;1.66781;0.438879;0.948773 0.0492172 -0.312102 -0.321561 -0.0150521 0.993712 0.110947 -0.206842 0.3156 -0.100566 0.943548 4.76509 0 0 0 1 
27844314100203;0.429271;0.487001;0.931058 -0.0421658 0.362425 -3.19764 -0.0459631 0.971833 0.231144 -2.48334 -0.361963 -0.231867 0.902895 -28.6294 0 0 0 1 
27844314100204;0.64969;0.763666;0.922527 0.0401412 -0.38384 -1.51068 0.0371727 0.98071 0.191902 0.675574 0.384139 -0.191303 0.903239 -1.02596 0 0 0 1 
27844314100205;2.89316;2.47185;0.995789 -0.0130214 -0.0907442 -1.18977 0.00853422 0.99873 -0.049662 -0.169289 0.0912755 0.0486785 0.994635 5.02699 0 0 0 1 
27844314100206;1.28236;0.809894;0.998119 -0.0106119 0.0603855 -0.185511 0.0219563 0.981453 -0.190442 -1.89043 -0.0572446 0.191409 0.97984 10.8266 0 0 0 1 
27844314100207;1.92404;0.759587;0.978326 0.0639083 -0.19696 2.56968 -0.0461025 0.994532 0.0937021 -1.43759 0.201871 -0.0825909 0.975924 2.60365 0 0 0 1 
27844314100208;1.88311;0.404854;0.918025 0.0124777 0.396326 -0.181695 0.0528503 0.986737 -0.153485 0.24832 -0.392984 0.161849 0.90519 -4.48695 0 0 0 1 
27844314100209;2.33052;0.40972;0.996201 0.0838151 0.023628 6.12141 -0.0842457 0.996285 0.0178582 -2.69589 -0.0220434 -0.0197809 0.999561 -4.32176 0 0 0 1 
27844314100210;0.530209;0.515458;0.995518 -0.0194743 0.0925491 -0.869668 0.0276324 0.995764 -0.087701 0.0589351 -0.0904491 0.0898653 0.991838 2.64252 0 0 0 1 
27844314100211;2.44996;1.09523;0.997881 0.0236394 -0.0606254 1.268 -0.0244789 0.999614 -0.0131423 -0.861818 0.0602913 0.0145985 0.998074 5.02005 0 0 0 1 
27844314100212;2.84301;0.641071;0.994441 0.0859859 -0.0607723 6.01204 -0.0897589 0.99401 -0.0623493 -2.86419 0.0550472 0.0674576 0.996202 3.78794 0 0 0 1 
27844314100213;1.50297;0.981862;0.998793 -0.0104198 0.0479998 -0.0984126 0.0187337 0.984181 -0.176171 -1.59433 -0.0454048 0.176857 0.983189 10.6533 0 0 0 1 
27844314100214;0.564234;0.256291;0.987517 -0.094516 0.126005 -6.16855 0.0948385 0.995487 0.00345069 2.66896 -0.125762 0.00854249 0.992024 -3.29862 0 0 0 1 
27844314100215;0.386204;0.443812;0.994362 0.00649136 -0.105843 -0.112829 -0.0129515 0.998086 -0.0604626 -0.976572 0.105248 0.0614925 0.992543 7.4948 0 0 0 1 
27844314100217;0.459527;0.64485;0.995776 0.0146946 -0.0906311 0.0276988 -0.016205 0.999741 -0.0159517 -0.709907 0.0903733 0.017353 0.995757 2.87383 0 0 0 1 
27844314100218;2.20727;0.238297;0.999194 0.0335697 -0.0220249 0.296203 -0.0336876 0.99942 -0.00500165 -1.22907 0.0218442 0.00573958 0.999745 3.41752 0 0 0 1 
27844314100219;2.19715;0.373944;0.999541 -0.0220668 -0.0207342 -0.602383 0.0213061 0.999117 -0.0362204 0.454634 0.0215152 0.035762 0.999129 3.97466 0 0 0 1 
27844314100220;1.31114;0.224541;0.997799 -0.0158673 -0.0643783 0.539691 0.0141523 0.999535 -0.0270083 -0.483813 0.0647769 0.0260378 0.99756 2.30671 0 0 0 1 
27844314100221;1.65894;1.64027;0.999816 -0.00697776 0.0178844 0.032026 0.00641473 0.999488 0.0313479 0.275837 -0.0180939 -0.0312274 0.999349 -0.618311 0 0 0 1 
27844314100222;1.73745;1.11328;0.979708 0.0528829 -0.193328 -0.0557342 -0.031007 0.992942 0.114478 -1.00299 0.198018 -0.10616 0.974433 4.68573 0 0 0 1 
27844314100223;2.40198;1.82577;0.998832 -0.00216348 -0.0482609 -0.0928246 0.00205496 0.999995 -0.00229817 0.136507 0.0482657 0.00219631 0.998832 2.99259 0 0 0 1 
27844314100224;0.843273;0.77803;0.999074 0.0326807 -0.0279876 0.470998 -0.0302574 0.996089 0.0830183 -0.720736 0.0305912 -0.0820946 0.996155 -0.352949 0 0 0 1 
27844314100225;1.09219;1.08743;0.999923 -0.00391254 0.0117887 0.0107536 0.00464267 0.998031 -0.0625576 -0.0481876 -0.0115207 0.0626075 0.997972 0.830386 0 0 0 1 
27844314100226;2.28577;0.924066;0.940708 0.180173 -0.287412 0.245643 -0.111219 0.964267 0.240456 -3.11955 0.320466 -0.194233 0.927133 8.41513 0 0 0 1 
27844314100227;0.739768;0.808073;0.990821 0.0268513 -0.132489 -0.107142 -0.022521 0.999165 0.0340754 -0.623792 0.133293 -0.0307789 0.990599 3.6557 0 0 0 1 
27844314100228;0.965544;0.0996036;0.990727 0.08 -0.109815 1.08461 -0.0761217 0.996333 0.0390734 -2.70131 0.112538 -0.0303518 0.993184 3.79714 0 0 0 1 
27844314100229;0.882458;0.660682;0.964475 0.0122886 0.263889 0.39913 0.0323305 0.985918 -0.164075 0.124337 -0.262189 0.166778 0.950496 -5.96488 0 0 0 1 
27844314100230;0.333053;0.134452;0.952477 0.148392 -0.26602 0.0532227 -0.0567996 0.94452 0.323505 -1.58594 0.299267 -0.293021 0.908063 3.07581 0 0 0 1 
27844314100231;2.08116;0.0716992;0.995146 -0.0417869 0.0891018 -0.367812 0.0437858 0.998829 -0.0205982 0.954019 -0.0881367 0.0243996 0.99581 0.247637 0 0 0 1 
27844314100232;2.3687;1.96557;0.999661 -0.00181207 -0.0259671 -0.245325 0.0010491 0.999568 -0.0293656 0.220689 0.0260091 0.0293284 0.999231 0.161688 0 0 0 1 
27844314100233;0.91161;0.476119;0.999434 0.0268408 -0.020276 0.677574 -0.0264317 0.999447 0.020181 -0.785921 0.0208065 -0.0196336 0.999591 -0.730758 0 0 0 1 
27844314100234;2.15311;0.614515;0.997373 -0.00203571 0.0724073 0.754714 0.00139441 0.999959 0.00890633 0.335244 -0.0724225 -0.00878196 0.997335 -5.04521 0 0 0 1 
27844314100235;1.5865;1.37584;0.939707 -0.00684154 -0.341911 -3.68375 -0.00908077 0.998948 -0.0449463 -0.514947 0.341859 0.0453411 0.938657 10.7803 0 0 0 1 
27844314100236;0.801975;0.731398;0.999861 -0.0147773 -0.0077002 -0.0803165 0.0142005 0.99743 -0.0702233 0.120903 0.00871812 0.0701042 0.997502 1.46108 0 0 0 1 
27844314100237;0.36254;0.325379;0.996434 0.0357724 -0.0764209 0.207283 -0.0323419 0.998433 0.0456657 -0.91433 0.0779348 -0.0430312 0.996029 1.75174 0 0 0 1 
27844314100238;0.509991;0.262478;0.995984 -0.017705 -0.0877665 -0.666764 -0.0153929 0.931798 -0.36265 -3.15139 0.0882014 0.362545 0.927783 8.73153 0 0 0 1 
27844314100239;2.45541;1.35684;0.999369 0.0184972 -0.0303147 -0.0822294 -0.0176976 0.999494 0.0264345 -0.484794 0.0307883 -0.0258813 0.999191 2.8809 0 0 0 1 
27844314100240;0.531694;0.0607736;0.996613 -0.0775267 0.0274285 -1.67523 0.0769486 0.996802 0.0215401 2.3041 -0.0290107 -0.0193566 0.999392 -0.742251 0 0 0 1 
27844314100241;1.90316;1.13667;0.998477 -0.0203846 0.0512693 0.46579 0.017077 0.997794 0.0641445 1.01615 -0.0524638 -0.0631713 0.996623 -4.14146 0 0 0 1 
27844314100242;0.857743;0.214783;0.987346 0.0279965 0.156091 1.0012 -0.0324615 0.999131 0.0261296 -0.614396 -0.155223 -0.0308659 0.987397 -4.59927 0 0 0 1 
27844314100243;1.52979;1.70633;0.989575 -0.00981071 -0.143685 -0.819023 0.0037674 0.999099 -0.0422712 0.141632 0.14397 0.0412892 0.98872 4.70701 0 0 0 1 
27844314100244;1.45043;0.700595;0.987523 0.0749593 -0.138489 0.013333 -0.0279411 0.948892 0.314362 -0.290995 0.154976 -0.306571 0.939147 0.0451347 0 0 0 1 
27844314100245;0.353496;0.386772;0.998462 0.0332936 0.0443339 0.95892 -0.0419906 0.976248 0.212549 -0.839743 -0.0362044 -0.214084 0.976144 -5.0898 0 0 0 1 
27844314100246;0.304746;0.0822998;0.995351 0.0894591 0.0356937 1.48118 -0.0808804 0.977544 -0.194594 -3.92851 -0.0523004 0.190803 0.980234 1.8226 0 0 0 1 
27844314100248;1.91005;1.85985;0.999944 -0.000592365 0.0105992 0.00303684 0.000414129 0.999859 0.0168102 0.0981534 -0.0106077 -0.0168049 0.999803 -1.28748 0 0 0 1 
27844314100249;1.74539;1.28078;0.919404 0.0128708 0.393104 1.46933 0.0199276 0.996656 -0.0792393 -0.273483 -0.392809 0.0806865 0.916073 4.55162 0 0 0 1 
27844314100250;2.4193;2.15388;0.892071 0.0168092 -0.451582 0.144982 -0.0099757 0.999797 0.0175089 -0.105744 0.451785 -0.0111143 0.892058 -0.156004 0 0 0 1 
27844314100251;0.382775;0.169679;0.99865 0.0114533 0.0506634 0.731533 -0.0191831 0.987755 0.154829 -0.408514 -0.0482697 -0.155592 0.986641 -8.61103 0 0 0 1 
27844314100252;0.517763;0.492395;0.995007 -0.023923 -0.0968982 -1.43011 -0.000186396 0.970402 -0.241495 -2.07874 0.0998075 0.240307 0.965552 12.4363 0 0 0 1 
27844314100253;0.421961;0.418201;0.996009 -0.00381648 0.0891707 -0.0622737 0.00925911 0.998113 -0.0607024 -0.288454 -0.0887708 0.0612858 0.994165 2.91079 0 0 0 1 
27844314100254;1.06506;0.211139;0.999196 0.0241034 -0.0320256 1.22311 -0.0159226 0.971932 0.234721 -1.12914 0.0367843 -0.234022 0.971535 -13.3384 0 0 0 1 
27844314100255;0.41574;0.315496;0.94296 -0.00641758 -0.332845 -0.921435 -0.00440023 0.999487 -0.0317371 -0.110367 0.332877 0.0313914 0.942447 2.39167 0 0 0 1 
27844314100256;0.221269;0.0706422;0.99973 0.00556212 -0.0225787 0.290425 -0.00439176 0.99866 0.0515573 0.0199954 0.0228352 -0.0514442 0.998415 -2.93849 0 0 0 1 
27844314100257;0.472366;0.35204;0.997436 0.038419 0.0603736 2.08945 -0.0598301 0.910564 0.409014 -3.84782 -0.0392602 -0.411578 0.910529 -21.9577 0 0 0 1 
27844314100258;0.965959;0.577658;0.961473 0.0102437 -0.274709 -0.492126 0.001699 0.999065 0.043201 0.0980382 0.274895 -0.0420033 0.960556 -1.25626 0 0 0 1 
27844314100259;0.701583;0.567317;0.999862 0.00382607 -0.0161741 0.251514 -0.00383134 0.999993 -0.000294307 -0.0225929 0.0161729 0.000356235 0.999869 -0.52388 0 0 0 1 
