#;prob_registration_l1 -r /home/probabilistic_point_clouds_registration/build/tester /home/point_clouds_registration_benchmark//devel/registration_pairs/pioneer_slam_local.txt /home/point_clouds_registration_benchmark//tum/pioneer_slam -s 0.1 -t 0.1 -p 0.3 -r 1000 -m 1 -i 40 
id;initial_error;final_error;transformation
1807261650000;0.252801;0.19869;0.996807 0.00378677 0.0797578 -0.12793 -0.000726612 0.999264 -0.0383623 0.0005091 -0.0798444 0.0381818 0.996076 0.163344 0 0 0 1 
1807261650001;0.370505;0.198398;0.98084 0.0609783 0.185024 -0.0877464 -0.0962003 0.97748 0.187824 0.140959 -0.169404 -0.202025 0.964618 0.846257 0 0 0 1 
1807261650002;0.611698;0.171034;0.999888 0.00639379 0.0135152 0.227545 -0.00589197 0.999303 -0.0368496 -0.429702 -0.0137414 0.0367658 0.999229 0.624373 0 0 0 1 
1807261650003;0.65444;0.34847;0.975354 0.212929 -0.0578482 0.220098 -0.208454 0.97517 0.0747713 0.604571 0.0723329 -0.0608698 0.995521 -0.984896 0 0 0 1 
1807261650004;0.70178;0.398758;0.94026 0.28155 0.191417 -0.0061425 -0.256539 0.955544 -0.145337 0.800481 -0.223827 0.087549 0.970689 1.37824 0 0 0 1 
1807261650005;0.564667;0.167666;0.997112 -0.0747677 0.0133488 0.0568833 0.074783 0.9972 -0.000655026 0.105379 -0.0132624 0.0016514 0.999911 0.778079 0 0 0 1 
1807261650006;0.456118;0.222046;0.997231 -0.0135889 -0.073117 0.00594757 0.00460694 0.992564 -0.121636 0.190551 0.0742262 0.120962 0.989878 -0.70124 0 0 0 1 
1807261650007;0.0911852;0.0353264;0.998186 0.0111825 0.0591591 -0.109541 -0.0120023 0.999837 0.0135202 0.0394307 -0.0589982 -0.0142057 0.998157 0.238779 0 0 0 1 
1807261650008;0.628711;0.382781;0.957773 -0.0458031 0.283854 0.383715 0.00977454 0.991846 0.127065 -0.28886 -0.28736 -0.118924 0.950411 0.735586 0 0 0 1 
1807261650009;0.268333;0.327591;0.993564 -0.113154 -0.00521366 0.0301016 0.113215 0.993479 0.0134558 -0.0976776 0.00365708 -0.0139594 0.999896 -0.0970321 0 0 0 1 
1807261650010;0.71038;0.30832;0.965456 0.260226 0.0133226 -0.0163506 -0.260253 0.96554 0.000294999 0.687549 -0.0127868 -0.00375206 0.999911 -0.847053 0 0 0 1 
1807261650011;0.818748;0.319418;0.937848 0.347036 -0.00281093 -0.0527464 -0.347047 0.937832 -0.00540693 1.14999 0.000759778 0.00604639 0.999981 -0.86899 0 0 0 1 
1807261650012;0.646177;0.170166;0.999995 0.00300032 0.000182584 0.100063 -0.00298098 0.997686 -0.0679259 -0.371276 -0.000385961 0.067925 0.99769 -0.732092 0 0 0 1 
1807261650013;0.5425;0.0984013;0.989924 0.0238222 -0.139582 0.0642147 -0.029824 0.998711 -0.0410652 -0.070012 0.138424 0.0448143 0.989359 -1.17971 0 0 0 1 
1807261650014;0.402811;0.21564;0.954601 0.127966 -0.269002 0.313271 -0.0994988 0.988138 0.116975 0.13548 0.28078 -0.0848996 0.95601 -1.39385 0 0 0 1 
1807261650015;0.62098;0.193431;0.931888 -0.30031 0.203467 0.282557 0.294864 0.953819 0.0573145 -0.608393 -0.211283 0.00658426 0.977403 1.32662 0 0 0 1 
1807261650016;0.314215;0.227212;0.996272 0.067362 -0.0538946 -0.0857447 -0.0651355 0.99699 0.0420557 0.254306 0.0565653 -0.0383885 0.997661 -0.010701 0 0 0 1 
1807261650017;0.544853;0.187945;0.954745 0.0997058 -0.280216 0.155946 -0.190971 0.927781 -0.320551 0.753165 0.228018 0.359558 0.904835 -1.05886 0 0 0 1 
1807261650018;0.870541;0.477415;0.935519 0.32906 0.128545 0.0628646 -0.32341 0.944146 -0.0632018 1.10778 -0.142162 0.0175537 0.989688 1.19869 0 0 0 1 
1807261650019;0.408282;0.254174;0.985805 0.167869 -0.00291736 -0.180373 -0.167886 0.985779 -0.00736181 0.232178 0.00164006 0.0077471 0.999969 0.323075 0 0 0 1 
1807261650020;0.378251;0.104419;0.966941 0.0218318 -0.254063 0.0953205 -0.106617 0.939675 -0.325028 0.386425 0.231641 0.341371 0.910938 -0.872275 0 0 0 1 
1807261650021;0.0584465;0.041524;0.999763 0.0199557 -0.00866461 0.0295615 -0.0199745 0.999798 -0.00208241 0.0589318 0.00862131 0.00225499 0.99996 0.0181872 0 0 0 1 
1807261650022;0.492617;0.213847;0.98476 -0.049491 -0.16673 0.16578 0.0407833 0.997639 -0.0552534 0.0449373 0.169071 0.0476115 0.984453 -1.13964 0 0 0 1 
1807261650023;0.436303;0.337534;0.965863 0.257236 0.0306323 -0.0895124 -0.257972 0.965876 0.0230938 0.740989 -0.0236464 -0.0302078 0.999264 0.178009 0 0 0 1 
1807261650024;0.611538;0.323979;0.996675 -0.00829097 0.0810598 -0.109121 0.0150342 0.996441 -0.0829358 0.308307 -0.0800837 0.0838787 0.993253 -0.419906 0 0 0 1 
1807261650025;0.222007;0.137541;0.993983 -0.0752264 -0.0796146 -0.0590834 0.0648362 0.989924 -0.125886 -0.200829 0.0882823 0.119967 0.988845 -0.10842 0 0 0 1 
1807261650026;0.125003;0.0304594;0.99824 -0.00539311 -0.0590655 -0.106173 -0.000581968 0.994919 -0.100679 0.0057254 0.0593083 0.100536 0.993164 -0.0756495 0 0 0 1 
1807261650027;0.446617;0.282029;0.949367 -0.308181 0.0610536 0.141745 0.301364 0.948226 0.100238 -0.871401 -0.0887839 -0.0767628 0.993089 0.376091 0 0 0 1 
1807261650028;0.18577;0.202797;0.990272 0.12646 -0.0580408 0.0837007 -0.128781 0.990939 -0.0381507 0.0768995 0.0526904 0.0452541 0.997585 -0.172902 0 0 0 1 
1807261650029;0.503137;0.388119;0.992668 0.041446 -0.113543 0.0663556 -0.0637617 0.977596 -0.200601 0.312176 0.102685 0.20637 0.973071 -0.24052 0 0 0 1 
1807261650031;0.869936;0.741603;0.999929 0.00261717 -0.0116148 0.0101537 0.000298744 0.969718 0.244227 -0.182476 0.0119023 -0.244213 0.969649 -0.961625 0 0 0 1 
1807261650032;0.361529;0.257614;0.97473 -0.00128796 -0.223383 0.0151144 -0.0383372 0.984183 -0.172959 0.0989811 0.220072 0.177152 0.959263 0.278317 0 0 0 1 
1807261650033;0.495733;0.488901;0.999056 0.00397178 0.0432693 0.00140645 -0.00409423 0.999988 0.00274154 0.00745536 -0.0432579 -0.0029161 0.99906 0.0212325 0 0 0 1 
1807261650034;1.09057;0.835094;0.992482 0.116838 -0.0364518 0.555519 -0.118678 0.991507 -0.053201 0.513821 0.0299263 0.0571271 0.997918 0.704318 0 0 0 1 
1807261650035;0.885672;0.904532;0.990248 0.0627276 -0.124393 0.149062 -0.0436893 0.98768 0.150262 0.205413 0.132287 -0.143362 0.980789 -0.0979968 0 0 0 1 
1807261650036;0.893017;0.175343;0.988602 0.00900523 0.150286 0.0863958 -0.0233692 0.99529 0.0940875 0.0947686 -0.148731 -0.0965271 0.984155 0.695416 0 0 0 1 
1807261650037;0.513994;0.397027;0.999935 0.00271622 0.0110478 0.0111656 -0.0036817 0.996084 0.0883318 -0.0269695 -0.0107646 -0.0883668 0.99603 -0.525211 0 0 0 1 
1807261650038;0.984234;0.311818;0.920469 -0.000743048 0.390815 -0.189558 0.0152504 0.999305 -0.0340186 0.215314 -0.390518 0.0372732 0.91984 -0.249204 0 0 0 1 
1807261650039;0.787771;0.163473;0.987166 0.0332102 0.156203 0.0656972 -0.0126183 0.9913 -0.131015 0.172375 -0.159195 0.127362 0.978997 -0.149871 0 0 0 1 
1807261650040;0.449489;0.0948693;0.972476 -0.00106106 0.233 0.025579 -0.00819525 0.999215 0.038755 0.0174661 -0.232858 -0.0395978 0.971704 0.529667 0 0 0 1 
1807261650041;0.636202;0.440298;0.999989 -0.00232571 -0.00400363 0.00820049 0.00235719 0.999966 0.00787611 0.111838 0.00398517 -0.00788546 0.999961 -0.34078 0 0 0 1 
1807261650042;0.394001;0.386048;0.999954 -0.000270681 -0.00957062 -0.0042754 0.000183699 0.999959 -0.00908815 0.00562512 0.00957269 0.00908597 0.999913 0.0684503 0 0 0 1 
1807261650043;0.493104;0.322736;0.969374 0.0281651 0.24397 0.120252 -0.0316736 0.999443 0.010469 0.1563 -0.243539 -0.0178757 0.969726 0.258611 0 0 0 1 
1807261650044;0.603128;0.42963;0.999776 0.00134178 -0.0211073 0.0135032 -0.00102112 0.999884 0.0151955 0.000446447 0.0211253 -0.0151706 0.999662 -0.448671 0 0 0 1 
1807261650045;0.822026;0.339778;0.99599 0.0160562 -0.0880151 0.119636 0.0197 0.920262 0.390807 -0.325476 0.0872718 -0.390973 0.916255 -1.85717 0 0 0 1 
1807261650046;0.726796;0.910511;0.998759 -0.0435671 -0.0241182 -0.113025 0.040329 0.991775 -0.121475 0.493209 0.0292121 0.120352 0.992301 0.788317 0 0 0 1 
1807261650047;0.841796;0.488555;0.998112 0.000190051 -0.0614159 -0.0366979 -0.000782823 0.999953 -0.00962785 0.0993368 0.0614112 0.00965775 0.998066 0.623372 0 0 0 1 
1807261650048;0.923373;0.0556946;0.98473 0.00160992 0.174083 0.0573119 -0.0373957 0.978571 0.202486 0.133305 -0.170026 -0.205904 0.963688 0.409282 0 0 0 1 
1807261650049;0.894299;0.725978;0.967287 0.00192677 0.253677 0.0464597 -0.0279385 0.994698 0.0989761 0.0630693 -0.252142 -0.102826 0.962212 0.508264 0 0 0 1 
1807261650050;0.776112;0.921153;0.988342 0.0535858 0.142506 0.194966 -0.0144214 0.964755 -0.262753 0.810145 -0.151564 0.257635 0.954281 1.25846 0 0 0 1 
1807261650051;0.472646;0.35837;0.986625 0.00384674 0.162963 0.0554589 -0.00494066 0.999968 0.00630799 0.239169 -0.162933 -0.00702876 0.986612 0.50562 0 0 0 1 
1807261650052;0.367213;0.306696;0.999329 -0.00290487 0.0365053 -0.00782132 -0.00474589 0.978169 0.207755 -0.0614666 -0.0363119 -0.207789 0.977499 -0.437674 0 0 0 1 
1807261650053;0.543637;0.289133;0.912217 -0.0697363 -0.403729 -0.0719866 -0.0284069 0.972271 -0.232125 0.122219 0.408722 0.223217 0.884941 0.275214 0 0 0 1 
1807261650054;0.296591;0.482361;0.99338 -0.029112 -0.111127 -0.0583685 0.00920358 0.984416 -0.175615 0.434162 0.114508 0.17343 0.978167 0.215243 0 0 0 1 
1807261650055;0.546573;0.758454;0.969311 0.0693512 -0.235853 0.154944 0.0143931 0.94173 0.336062 0.501873 0.245416 -0.329144 0.911831 -0.880995 0 0 0 1 
1807261650056;0.638977;0.44819;0.999241 -0.00682616 -0.0383558 -0.0435436 0.00558745 0.999462 -0.0323101 0.0920058 0.0385557 0.0320713 0.998742 0.344253 0 0 0 1 
1807261650057;0.733154;0.975992;0.99825 0.0512826 -0.029438 0.135176 -0.0559768 0.979996 -0.190981 0.975361 0.0190551 0.192295 0.981152 0.48213 0 0 0 1 
1807261650058;1.00454;0.878015;0.975513 0.0134398 -0.219529 0.107134 -0.00296244 0.998844 0.047986 0.249566 0.21992 -0.0461606 0.974425 -0.0572749 0 0 0 1 
1807261650059;0.328863;0.213631;0.958999 -0.060621 0.276851 -0.137425 -0.0553333 0.918007 0.392684 -0.0883472 -0.277956 -0.391903 0.877013 -0.706268 0 0 0 1 
1807261650060;0.479524;0.415494;0.999997 1.26555e-05 -0.00249106 0.00115545 -8.58703e-05 0.999568 -0.029393 0.00677485 0.00248961 0.0293932 0.999565 -0.100069 0 0 0 1 
1807261650062;0.610394;0.088603;0.996215 0.0820935 -0.0285878 0.35191 -0.0828381 0.996226 -0.0259156 0.199905 0.0263525 0.0281856 0.999255 -0.668131 0 0 0 1 
1807261650063;0.0702684;0.109172;0.999486 0.00484415 0.0316811 0.00696911 -0.00427347 0.999828 -0.0180564 0.117474 -0.0317631 0.0179117 0.999335 0.0288081 0 0 0 1 
1807261650064;0.431381;0.177014;0.976455 -0.0955758 -0.193391 -0.252951 0.0840197 0.994201 -0.0671183 -0.0598548 0.198684 0.0492894 0.978823 -0.34792 0 0 0 1 
1807261650065;0.67345;0.217827;0.98261 0.0105039 -0.185386 0.0573784 0.0754689 0.889623 0.450417 0.174962 0.169655 -0.456575 0.873359 -1.95034 0 0 0 1 
1807261650066;0.179936;0.171913;0.99178 -0.127725 -0.00769265 -0.601913 0.127602 0.991715 -0.0147859 0.133076 0.00951744 0.0136828 0.999861 0.0758945 0 0 0 1 
1807261650067;0.697139;0.376068;0.954986 -0.292947 -0.0467243 -1.05573 0.295733 0.952523 0.0723952 -0.0146807 0.023298 -0.0829544 0.996281 -1.00983 0 0 0 1 
1807261650068;0.609754;0.60464;0.978005 -0.206412 -0.0300067 -0.77605 0.206312 0.978465 -0.00642202 0.485615 0.0306861 9.0019e-05 0.999529 0.106327 0 0 0 1 
1807261650069;0.14606;0.204324;0.998669 -0.0262664 -0.0443877 -0.107985 0.0267215 0.999596 0.00969064 0.203507 0.0441152 -0.0108638 0.998967 -0.0875424 0 0 0 1 
1807261650070;0.531087;0.114831;0.982427 0.0619785 -0.176054 0.340808 0.00447142 0.93517 0.354171 0.0120668 0.186592 -0.348735 0.918459 -1.89979 0 0 0 1 
1807261650071;0.140553;0.0749384;0.993202 -0.0200698 -0.114659 -0.07124 0.0132838 0.998131 -0.0596445 0.215585 0.115641 0.0577159 0.991613 0.0996125 0 0 0 1 
1807261650072;0.380476;0.324786;0.996432 -0.00415496 -0.0842929 0.0155518 0.000677198 0.999149 -0.0412448 0.00788782 0.0843925 0.0410405 0.995587 -0.0764834 0 0 0 1 
1807261650073;0.531138;0.215528;0.980684 -0.151498 0.123719 -0.48686 0.0998964 0.931745 0.3491 -0.302148 -0.168163 -0.329998 0.928882 -0.793625 0 0 0 1 
1807261650074;0.56209;0.168534;0.94714 0.195505 0.254369 0.792804 -0.186414 0.980661 -0.0596143 0.780451 -0.261105 0.00904495 0.965268 0.370911 0 0 0 1 
1807261650075;0.57785;0.11446;0.999408 -0.0340692 0.00487296 -0.140092 0.033977 0.999262 0.0179069 0.667717 -0.00547944 -0.0177307 0.999828 -0.52829 0 0 0 1 
1807261650076;0.523862;0.270794;0.988029 -0.120426 -0.0964146 -0.542287 0.104493 0.982213 -0.156008 0.548749 0.113487 0.144066 0.983039 0.954595 0 0 0 1 
1807261650077;0.611234;0.480722;0.99922 0.0164241 0.0359139 0.0449121 -0.00843263 0.977176 -0.212262 -0.130076 -0.0385804 0.211793 0.976553 0.472398 0 0 0 1 
1807261650078;0.330727;0.132034;0.95114 0.020267 -0.308093 0.222959 -0.0110608 0.999439 0.0315984 0.204506 0.308561 -0.0266467 0.950831 0.0933338 0 0 0 1 
1807261650079;0.421945;0.313607;0.914035 -0.141881 -0.380012 -0.473579 0.0981208 0.986347 -0.132254 -0.0703995 0.393588 0.0835974 0.915478 0.520831 0 0 0 1 
1807261650080;0.560936;0.185713;0.975885 0.134927 -0.171589 0.69638 -0.187353 0.92112 -0.34123 0.27914 0.112013 0.365149 0.924186 1.20262 0 0 0 1 
1807261650081;0.503671;0.113342;0.982908 0.1022 0.153122 0.35189 -0.126264 0.979539 0.156721 0.0696698 -0.133972 -0.173376 0.975701 -1.2783 0 0 0 1 
1807261650082;0.722741;0.365243;0.999987 0.000136713 -0.00506811 0.109942 -0.00037865 0.998858 -0.047767 -0.144252 0.00505579 0.0477683 0.998846 -0.627865 0 0 0 1 
1807261650083;0.552134;0.422384;0.999376 -0.0076728 -0.0344711 -0.00280065 0.00464999 0.996204 -0.0869302 -0.116276 0.0350073 0.0867157 0.995618 0.0394263 0 0 0 1 
1807261650084;0.867721;0.197378;0.946842 0.303596 -0.106397 1.89037 -0.28104 0.941565 0.185665 0.396646 0.156547 -0.145893 0.976836 -0.939767 0 0 0 1 
1807261650085;0.404997;0.169838;0.979622 -0.136512 -0.147327 -0.509852 0.0712372 0.921983 -0.380621 -0.0259281 0.187792 0.362369 0.91292 0.998422 0 0 0 1 
1807261650086;0.258185;0.167284;0.998375 -0.0548135 0.0155845 -0.181656 0.0559016 0.995138 -0.0810935 0.187593 -0.0110637 0.081833 0.996585 0.54816 0 0 0 1 
1807261650087;0.211815;0.193786;0.998636 0.0198886 0.0482836 0.0760144 -0.0169451 0.998017 -0.0606244 0.0240966 -0.0493935 0.0597235 0.996992 0.271876 0 0 0 1 
1807261650088;0.669831;0.285335;0.960306 -0.278367 -0.0179813 -1.09723 0.259134 0.914103 -0.311872 0.160481 0.103252 0.294833 0.949954 0.55503 0 0 0 1 
1807261650089;0.143654;0.116616;0.993591 0.0346817 0.107581 0.106847 -0.0409297 0.997568 0.056423 0.0117714 -0.105362 -0.0604646 0.992594 -0.112991 0 0 0 1 
1807261650090;0.732491;0.403336;0.991789 0.102791 -0.0760868 0.355649 -0.110681 0.987971 -0.107998 0.864695 0.0640703 0.115532 0.991235 0.501848 0 0 0 1 
1807261650091;0.403612;0.0888437;0.988701 0.125872 -0.0814003 0.534902 -0.0947998 0.945698 0.310914 -0.0498483 0.116116 -0.299685 0.946946 -0.880368 0 0 0 1 
1807261650093;1.16071;0.29588;0.886276 0.308816 0.345177 -0.376023 -0.309245 0.949371 -0.0553445 0.216466 -0.344792 -0.057694 0.936904 -0.257864 0 0 0 1 
1807261650094;0.696816;0.386188;0.978896 0.197432 0.0527528 -0.137945 -0.194706 0.979447 -0.0526551 -0.00106283 -0.0620643 0.0412726 0.997218 -0.0685297 0 0 0 1 
1807261650095;0.832378;0.428688;0.942755 0.142899 0.301318 0.37068 -0.145637 0.989246 -0.0134816 0.124194 -0.300005 -0.0311733 0.953428 -0.0605007 0 0 0 1 
1807261650096;1.24922;0.485885;0.954726 0.229721 0.189017 0.192686 -0.147289 0.917049 -0.370577 -0.435394 -0.258467 0.325959 0.909366 0.754501 0 0 0 1 
1807261650097;1.57732;0.411711;0.957654 0.152675 0.244109 0.339404 -0.199807 0.96285 0.181651 0.0129725 -0.207307 -0.222734 0.952583 0.905936 0 0 0 1 
1807261650098;0.431654;0.245192;0.950614 -0.280273 0.133343 -0.053083 0.287476 0.95704 -0.0378428 -0.207631 -0.117008 0.0743067 0.990347 0.283506 0 0 0 1 
1807261650099;1.43162;0.282958;0.982149 -0.177186 0.063154 0.630699 0.187937 0.938491 -0.289679 0.407638 -0.00794248 0.296376 0.955038 0.598201 0 0 0 1 
1807261650100;0.198846;0.115858;0.990603 -0.0252278 -0.134421 0.137396 0.0380454 0.994877 0.0936563 -0.114932 0.131369 -0.0978903 0.986489 -0.0961735 0 0 0 1 
1807261650101;0.403364;0.092972;0.997904 -0.0576128 0.0294702 0.0755135 0.0586289 0.997671 -0.0348642 -0.0746984 -0.0273929 0.0365189 0.998957 -0.176698 0 0 0 1 
1807261650102;0.400187;0.349377;0.996272 -0.0604417 0.0615549 -0.0630995 0.0617746 0.99789 -0.0199841 -0.121087 -0.0602172 0.0237122 0.997904 -0.00780738 0 0 0 1 
1807261650103;1.02195;0.146123;0.956526 0.282183 0.0736885 -0.0693075 -0.288512 0.952487 0.0976162 -0.151317 -0.0426417 -0.114632 0.992492 0.523048 0 0 0 1 
1807261650104;1.18672;0.092427;0.994496 0.0137628 -0.103866 -0.0390623 -0.00321464 0.994876 0.101047 -0.450578 0.104725 -0.100157 0.989445 -0.671957 0 0 0 1 
1807261650105;1.18857;0.277599;0.997894 0.0547769 0.0347498 -0.443685 -0.0550201 0.998467 0.00608206 -0.45231 -0.0343633 -0.00798119 0.999378 0.0562231 0 0 0 1 
1807261650106;0.708535;0.255654;0.999085 -0.0249467 0.0347421 -0.227038 0.0249 0.999688 0.00177456 -0.291481 -0.0347755 -0.000907861 0.999395 0.20861 0 0 0 1 
1807261650107;0.503291;0.21492;0.998668 0.0159428 -0.0490722 0.109178 -0.0136779 0.998841 0.0461495 -0.0802789 0.0497511 -0.0454169 0.997728 0.246486 0 0 0 1 
1807261650108;1.52224;0.49467;0.954692 -0.223193 0.196847 0.106047 0.242195 0.967078 -0.078116 0.44743 -0.172931 0.122252 0.977317 -0.350119 0 0 0 1 
1807261650109;0.339127;0.115169;0.924599 -0.104991 0.366188 -0.0875963 0.0783448 0.993129 0.0869281 -0.0148532 -0.372799 -0.0516847 0.926472 0.219206 0 0 0 1 
1807261650110;0.998065;0.110829;0.962506 -0.239389 0.127575 0.0922126 0.223697 0.966495 0.125882 -0.155243 -0.153436 -0.0926244 0.983808 -0.524432 0 0 0 1 
1807261650111;0.873902;0.167692;0.969236 0.157728 0.188951 0.135807 -0.164625 0.986127 0.021278 -0.375214 -0.182974 -0.0517295 0.981756 0.404578 0 0 0 1 
1807261650112;0.213542;0.107499;0.994171 -0.0256267 -0.104723 0.115862 0.0337087 0.996527 0.076148 -0.073442 0.102408 -0.0792343 0.991582 -0.154554 0 0 0 1 
1807261650113;1.08553;0.341286;0.968215 -0.214872 0.128022 -0.202663 0.235922 0.954554 -0.182122 -0.652233 -0.0830711 0.206537 0.974906 -0.115315 0 0 0 1 
1807261650114;0.757919;0.349989;0.946739 0.320065 0.0352544 0.288222 -0.302648 0.921874 -0.241975 0.0306661 -0.109948 0.218417 0.969642 0.543206 0 0 0 1 
1807261650115;1.40826;0.418811;0.972895 0.228194 0.0374438 -0.38029 -0.229623 0.972468 0.0397475 0.398654 -0.0273427 -0.0472681 0.998508 0.292031 0 0 0 1 
1807261650116;0.547781;0.112302;0.985959 0.166341 0.0146881 0.0516848 -0.166979 0.981156 0.0972199 -0.0838006 0.00176034 -0.0983074 0.995155 0.278453 0 0 0 1 
1807261650117;1.14474;0.155059;0.95253 0.289205 -0.0951206 -0.189193 -0.265633 0.942143 0.204467 0.436947 0.14875 -0.169494 0.974241 -0.400889 0 0 0 1 
1807261650118;1.22447;0.309384;0.945153 0.242622 -0.218679 -0.0786078 -0.285182 0.939381 -0.190355 0.0969874 0.159239 0.242278 0.95705 -0.548996 0 0 0 1 
1807261650119;1.49971;0.295625;0.993287 0.110064 -0.0355804 0.122467 -0.112792 0.989812 -0.0868949 0.632585 0.0256539 0.0903248 0.995582 -0.70288 0 0 0 1 
1807261650120;0.30517;0.170807;0.951224 0.239393 0.194584 0.151735 -0.24469 0.969596 0.00328908 0.173093 -0.187881 -0.0507413 0.98088 0.172595 0 0 0 1 
1807261650121;1.42718;0.0986531;0.941951 0.331388 0.0539525 0.410855 -0.33575 0.930026 0.14941 -0.703885 -0.000664606 -0.158851 0.987302 0.26294 0 0 0 1 
1807261650122;1.45607;0.217299;0.95793 -0.186274 0.21834 -0.186517 0.223072 0.961904 -0.158051 -0.351663 -0.180581 0.200107 0.962989 -0.677253 0 0 0 1 
1807261650124;1.36594;1.8723;0.200241 0.970015 -0.137748 -0.0908704 -0.028687 0.14634 0.988818 0.00216443 0.979327 -0.19405 0.05713 0.340397 0 0 0 1 
1807261650125;0.804333;3.65525;0.672773 -0.721845 0.162223 1.19172 0.541647 0.629916 0.556619 -0.624401 -0.503979 -0.28661 0.814776 1.26783 0 0 0 1 
1807261650126;0.880272;5.78469;0.12065 -0.915728 0.383257 2.76355 0.89559 0.266947 0.355891 -0.0174891 -0.428208 0.300302 0.852324 0.294498 0 0 0 1 
1807261650127;1.55898;5.39413;-0.0495084 -0.975333 0.215114 2.41797 0.997333 -0.0367119 0.0630827 -0.275695 -0.0536294 0.217664 0.974549 -1.07757 0 0 0 1 
1807261650128;0.837192;5.60973;0.174771 -0.935259 0.307808 2.25198 0.981408 0.19066 0.022074 -0.19961 -0.0793315 0.298227 0.951193 -0.244047 0 0 0 1 
1807261650129;0.284015;5.28413;0.0872002 -0.958679 0.270798 2.57356 0.988994 0.0506933 -0.139003 0.043429 0.119532 0.279939 0.952547 -0.273457 0 0 0 1 
1807261650130;0.193395;1.65727;0.197149 0.96969 -0.144341 0.0686505 -0.234505 0.189601 0.953446 -0.605548 0.951914 -0.154122 0.264777 0.185667 0 0 0 1 
1807261650131;0.6404;6.09894;0.0950258 -0.963968 0.248469 3.00875 0.995207 0.0977858 -0.00123969 0.272736 -0.0231017 0.247395 0.968639 -0.197322 0 0 0 1 
1807261650132;1.48669;6.17813;0.0600509 -0.974726 0.215183 3.55897 0.997932 0.0536765 -0.0353505 0.446065 0.0229068 0.216861 0.975934 -0.675842 0 0 0 1 
1807261650133;0.878362;5.52661;0.320053 -0.890096 0.324494 2.52473 0.946524 0.315139 -0.0691345 -0.313154 -0.0407244 0.329268 0.943358 -0.0507253 0 0 0 1 
1807261650134;0.764145;1.61445;0.407929 0.901104 -0.146984 -0.186662 -0.514932 0.360009 0.777971 -0.576039 0.753948 -0.24167 0.610866 0.33702 0 0 0 1 
1807261650135;0.938287;5.3243;0.0319535 -0.947574 0.317934 2.63378 0.983914 -0.0261155 -0.176722 -0.138719 0.17576 0.318467 0.931497 0.0823725 0 0 0 1 
1807261650136;0.165136;5.42201;0.313311 -0.911111 0.267793 2.53922 0.949135 0.29114 -0.119919 -0.113657 0.0312941 0.291743 0.955985 -0.356158 0 0 0 1 
1807261650137;0.685906;5.27812;0.397137 -0.853618 0.337074 2.434 0.903323 0.298683 -0.30789 -0.0552374 0.162143 0.426761 0.88971 -0.0035619 0 0 0 1 
1807261650138;1.14592;5.8965;0.379614 -0.880952 0.282518 2.73353 0.819462 0.461923 0.339278 -0.533965 -0.429389 0.102718 0.897259 -0.215131 0 0 0 1 
1807261650139;0.608764;6.29037;0.00345673 -0.978543 0.206016 3.18795 0.998269 0.0154738 0.0567483 -0.0385651 -0.0587185 0.205463 0.976902 -0.646614 0 0 0 1 
1807261650140;1.51409;6.33272;0.222818 -0.93296 0.282733 2.59159 0.974844 0.214915 -0.0590881 0.556935 -0.00563659 0.288786 0.957377 0.112327 0 0 0 1 
1807261650141;0.713806;5.27781;0.026663 -0.997798 0.0607332 2.47378 0.82229 -0.0126559 -0.568928 -0.172439 0.568443 0.0651097 0.820142 -0.478005 0 0 0 1 
1807261650142;1.81337;5.28773;0.184645 -0.943617 0.274759 2.25651 0.94908 0.0985913 -0.29921 -0.101308 0.255251 0.316016 0.913773 0.514252 0 0 0 1 
1807261650143;1.33398;5.25694;0.0912577 -0.949543 0.300066 2.51207 0.993559 0.107143 0.0368807 0.344635 -0.0671696 0.294768 0.953205 0.118338 0 0 0 1 
1807261650144;0.523192;5.26576;0.244092 -0.95426 0.172645 2.37275 0.862468 0.295014 0.411237 -0.0893755 -0.44336 0.0485208 0.89503 -0.321859 0 0 0 1 
1807261650145;1.32014;5.6845;0.0384924 -0.963818 0.263769 3.42224 0.998533 0.0270398 -0.0469141 -0.203731 0.0380844 0.265188 0.963444 -0.417378 0 0 0 1 
1807261650146;0.396214;5.66765;0.40219 -0.826162 0.394587 2.54382 0.887723 0.457348 0.0527384 0.0184577 -0.224034 0.329073 0.917344 -0.203287 0 0 0 1 
1807261650147;1.75836;5.21849;-0.0853673 -0.973798 0.210784 2.15392 0.982517 -0.0471476 0.180102 -0.456772 -0.165445 0.222474 0.960798 -1.01456 0 0 0 1 
1807261650148;1.81564;5.72754;0.287423 -0.89608 0.338272 2.92158 0.957774 0.266113 -0.10887 -0.73781 0.00753762 0.35528 0.934729 0.111415 0 0 0 1 
1807261650149;1.27562;5.77359;-0.0146944 -0.973883 0.226575 2.86135 0.999521 -0.0204789 -0.0232006 -0.144233 0.0272346 0.226126 0.973717 -1.00688 0 0 0 1 
1807261650150;1.69552;5.4422;0.101317 -0.924323 0.367915 2.98299 0.994561 0.103085 -0.0148994 -0.0844268 -0.0241548 0.367423 0.92974 0.474318 0 0 0 1 
1807261650151;1.06641;5.58857;0.0559736 -0.980597 0.187875 2.70339 0.988136 0.0813609 0.130261 -0.240019 -0.143019 0.178354 0.973517 -0.843002 0 0 0 1 
1807261650152;1.1455;5.48342;0.168466 -0.949805 0.263611 2.96344 0.978865 0.129746 -0.158079 -0.404612 0.115942 0.28467 0.951588 -0.0783127 0 0 0 1 
1807261650153;0.956413;6.17059;0.208079 -0.931407 0.298636 3.32997 0.977687 0.18906 -0.0915642 -0.180413 0.0288235 0.311025 0.949965 -0.363993 0 0 0 1 
1807261650155;0.606131;0.420008;0.99775 -0.0241869 -0.0625218 0.0527941 0.0268035 0.998785 0.0413565 0.0778779 0.0614455 -0.0429393 0.997186 -0.565008 0 0 0 1 
1807261650156;0.187806;0.0665871;0.999985 -0.00525202 0.00148351 -0.0239025 0.0052587 0.999976 -0.00453432 -0.013129 -0.00145966 0.00454206 0.999989 0.228803 0 0 0 1 
1807261650157;0.551788;0.441655;0.999675 -0.0228237 0.0113194 -0.0939714 0.0244373 0.984654 -0.172799 -0.0027765 -0.00720175 0.173019 0.984892 0.956452 0 0 0 1 
1807261650158;0.699792;0.608326;0.997742 -0.0171188 -0.0649416 -0.0554829 0.0225423 0.996234 0.0837211 -0.0382304 0.0632638 -0.084996 0.994371 -0.70523 0 0 0 1 
1807261650159;0.309546;0.188453;0.997221 0.0267158 -0.0695425 0.0826932 -0.0421234 0.972143 -0.230574 -0.154774 0.0614453 0.232863 0.970566 1.09094 0 0 0 1 
1807261650160;0.485518;0.432812;0.999464 -0.0121166 -0.0304161 -0.0531346 0.0179826 0.979485 0.200713 -0.0891232 0.0273602 -0.201153 0.979178 -0.794911 0 0 0 1 
1807261650161;0.330335;0.148257;0.999813 -0.015704 -0.0112828 -0.0565371 0.00974838 0.913254 -0.407274 -0.282065 0.0166999 0.407088 0.913236 1.35348 0 0 0 1 
1807261650162;0.550603;0.383833;0.962979 0.269436 0.00871299 0.963555 -0.269502 0.962971 0.00742667 0.100708 -0.00638934 -0.00949989 0.999934 -0.0470139 0 0 0 1 
1807261650163;0.739956;0.422899;0.992618 0.032273 0.116912 0.14104 -0.0222919 0.996072 -0.0856953 -0.83908 -0.119219 0.0824564 0.989438 0.701892 0 0 0 1 
1807261650164;0.228506;0.0965194;0.956743 0.11745 0.266174 0.408497 -0.123511 0.992325 0.00608558 -0.112153 -0.263416 -0.0386978 0.963906 -0.198842 0 0 0 1 
1807261650165;0.0638727;0.025239;0.999935 0.00216567 0.01121 0.00634689 -0.00179132 0.999444 -0.0332968 -0.0105861 -0.0112759 0.0332746 0.999383 0.201629 0 0 0 1 
1807261650166;0.691573;0.499014;0.999656 -0.0163013 -0.0205567 -0.0648719 0.0175406 0.997946 0.0616186 -0.240723 0.01951 -0.061958 0.997888 0.0762322 0 0 0 1 
1807261650167;0.645574;0.396161;0.951269 0.0237574 0.307444 0.100476 -0.082527 0.980272 0.179599 0.313177 -0.297112 -0.19622 0.934464 -0.936089 0 0 0 1 
1807261650168;0.448255;0.395795;0.996644 0.05829 0.0574697 0.204729 -0.033367 0.930399 -0.365026 -0.428578 -0.0747471 0.361884 0.929222 1.42858 0 0 0 1 
1807261650169;0.539907;0.287661;0.98153 0.184161 -0.0517989 0.586276 -0.176727 0.976532 0.123093 -0.556195 0.0732522 -0.111665 0.991042 -0.823622 0 0 0 1 
1807261650170;0.652735;0.368789;0.953352 0.103479 0.28357 0.457586 -0.106052 0.994341 -0.00630786 0.141251 -0.282618 -0.0240594 0.958931 0.52764 0 0 0 1 
1807261650171;0.437786;0.289973;0.958158 0.149764 0.243934 0.550077 -0.199528 0.960488 0.19404 -0.000971785 -0.205235 -0.234592 0.950182 -0.524096 0 0 0 1 
1807261650172;0.513271;0.411925;0.992391 -0.0409863 -0.116106 -0.446582 0.0367997 0.998601 -0.0379762 -0.659827 0.1175 0.0334146 0.992511 0.186072 0 0 0 1 
1807261650173;0.421662;0.0935339;0.924786 -0.132052 -0.356839 -0.429411 0.124922 0.991231 -0.043069 0.16069 0.359397 -0.00474735 0.933173 -0.351219 0 0 0 1 
1807261650174;0.342158;0.24071;0.999845 0.00886343 -0.0152379 0.036627 -0.0140374 0.923195 -0.384076 -0.317943 0.0106633 0.38423 0.923176 1.29164 0 0 0 1 
1807261650175;0.695425;0.357715;0.999125 -0.0408805 0.00882625 0.0424786 0.0405172 0.998455 0.0380243 0.697593 -0.0103671 -0.0376334 0.999238 -0.336337 0 0 0 1 
1807261650176;0.628882;0.373381;0.991069 0.127386 0.0394241 0.539224 -0.123127 0.987715 -0.0962256 -0.178185 -0.0511976 0.0905121 0.994578 -0.180491 0 0 0 1 
1807261650177;0.385778;0.0500793;0.999952 -0.00404774 -0.00894635 -0.0168464 0.00410511 0.999971 0.00640372 0.0946455 0.00892017 -0.00644014 0.999939 0.436356 0 0 0 1 
1807261650178;0.865032;0.449989;0.992712 -0.0185147 0.119078 -0.0718731 0.0277179 0.996715 -0.0761014 -0.00470029 -0.117278 0.0788474 0.989964 1.19213 0 0 0 1 
1807261650179;0.799283;0.0497099;0.908972 -0.210635 -0.359725 -1.16346 0.202136 0.977421 -0.061557 -0.17034 0.364569 -0.0167597 0.931025 0.572071 0 0 0 1 
1807261650180;0.951142;0.290578;0.948388 0.264991 0.174184 1.11672 -0.214422 0.940552 -0.263411 0.0533499 -0.23363 0.212467 0.948828 1.81484 0 0 0 1 
1807261650181;0.58947;0.458577;0.99981 0.0103082 0.0165261 0.0261688 -0.0101868 0.999921 -0.00741445 -0.222497 -0.0166012 0.0072447 0.999836 0.174703 0 0 0 1 
1807261650182;0.51362;0.381662;0.992691 -0.00239337 -0.120658 0.0237387 -0.00219787 0.999279 -0.0379041 0.148312 0.120662 0.0378923 0.99197 -0.232974 0 0 0 1 
1807261650183;0.518467;0.454807;0.97724 -0.0295649 -0.210066 -0.0158474 0.00395406 0.992607 -0.121306 0.00497435 0.212099 0.117714 0.970133 0.44742 0 0 0 1 
1807261650184;0.540083;0.167107;0.991419 -0.129444 0.0182274 -0.547989 0.128929 0.991285 0.0270468 -0.453048 -0.0215696 -0.0244647 0.999468 -0.39679 0 0 0 1 
1807261650186;0.453969;0.21609;0.997695 -0.0605198 -0.0306917 0.112143 0.0627889 0.994869 0.0793346 0.151067 0.0257329 -0.0810789 0.996375 0.0442739 0 0 0 1 
1807261650187;0.217396;0.0720062;0.997195 0.0271304 -0.0697565 -0.0792292 -0.0255173 0.999388 0.0239117 0.0598118 0.0703626 -0.0220646 0.997277 -0.480666 0 0 0 1 
1807261650188;0.833964;0.191922;0.981706 0.0185719 0.189493 -0.0927247 -0.0631637 0.970638 0.232102 0.388435 -0.179618 -0.239825 0.954055 1.31558 0 0 0 1 
1807261650189;0.543168;0.112883;0.858929 0.389356 -0.332629 0.211787 -0.376783 0.920397 0.104418 0.586272 0.346807 0.0356412 0.937259 -1.1324 0 0 0 1 
1807261650190;0.468639;0.133815;0.920534 -0.254186 0.296659 -0.0147435 0.279544 0.959045 -0.0456871 -0.853608 -0.272896 0.124986 0.95389 1.09001 0 0 0 1 
1807261650191;0.203867;0.0868742;0.991342 0.0695933 0.111349 -0.187853 -0.0611406 0.995107 -0.0776074 0.0560866 -0.116205 0.0701275 0.990746 0.474512 0 0 0 1 
1807261650192;0.50492;0.280359;0.987281 0.155971 0.0308149 0.363055 -0.149763 0.977427 -0.149025 0.194785 -0.0533629 0.142515 0.988353 0.0241266 0 0 0 1 
1807261650193;0.791638;0.178971;0.973996 -0.225759 -0.0191216 -0.0734895 0.225817 0.974169 0.000921385 -0.588093 0.0184196 -0.0052154 0.999817 -0.990849 0 0 0 1 
1807261650194;0.736741;0.265528;0.973715 0.222664 -0.0479671 0.26174 -0.227639 0.958511 -0.171573 0.170438 0.00777381 0.177983 0.984003 -0.685092 0 0 0 1 
1807261650195;0.187863;0.174085;0.974429 0.0238827 -0.223421 0.00872635 -0.00664011 0.996962 0.0776103 0.011661 0.224596 -0.0741422 0.971627 -0.642501 0 0 0 1 
1807261650196;0.587609;0.208744;0.989972 0.137109 -0.0339961 -0.238128 -0.140548 0.980172 -0.139678 -0.0231716 0.0141708 0.143056 0.989613 0.698151 0 0 0 1 
1807261650197;0.541762;0.0913933;0.954874 0.296748 -0.012485 -0.317694 -0.296342 0.954702 0.0269342 1.01615 0.0199122 -0.0220189 0.999559 -0.235468 0 0 0 1 
1807261650198;0.789459;0.371436;0.994159 0.052496 -0.0943002 0.253466 -0.0623913 0.992486 -0.105253 0.120947 0.0880663 0.110522 0.989964 -0.924246 0 0 0 1 
1807261650199;0.344499;0.148525;0.991156 -0.0757058 -0.10899 0.0516531 0.065019 0.993013 -0.0984752 -0.0580874 0.115684 0.0905178 0.989153 -0.509484 0 0 0 1 
1807261650200;0.665434;0.218272;0.996046 0.0887924 0.00285327 0.145832 -0.0888381 0.995579 0.0305026 -0.528156 -0.000132262 -0.0306355 0.999531 -0.017637 0 0 0 1 
1807261650201;0.637949;0.153293;0.996249 0.0863972 -0.00479017 -0.588283 -0.0864062 0.996259 -0.00170283 -0.0454131 0.00462513 0.00211034 0.999987 -0.258931 0 0 0 1 
1807261650202;0.360138;0.105805;0.995161 0.0977832 -0.00959648 -0.33037 -0.0979944 0.994878 -0.0247802 0.187816 0.00712424 0.0256007 0.999647 -0.382038 0 0 0 1 
1807261650203;0.394841;0.158088;0.898368 -0.142009 -0.415654 0.184669 0.182729 0.981352 0.0596573 -0.604619 0.399431 -0.129546 0.907564 -1.15021 0 0 0 1 
1807261650204;0.612524;0.148556;0.998466 -0.0541973 -0.0113359 -0.139932 0.0544494 0.998246 0.0232549 -0.30395 0.0100556 -0.0238365 0.999665 0.724277 0 0 0 1 
1807261650205;0.404722;0.210358;0.865137 0.268602 -0.423546 0.263013 -0.321025 0.945403 -0.0561775 0.936368 0.385332 0.18457 0.904131 -0.945915 0 0 0 1 
1807261650206;0.626556;0.125396;0.965156 -0.259787 -0.0313905 -0.492563 0.254802 0.96033 -0.113326 -0.903709 0.0595858 0.101379 0.993062 0.478118 0 0 0 1 
1807261650207;0.542445;0.0759682;0.999789 -0.00446209 0.0200744 -0.0910089 0.00465829 0.999942 -0.00973741 -0.226577 -0.0200298 0.00982886 0.999751 0.72792 0 0 0 1 
1807261650208;0.417306;0.140159;0.950004 -0.0222632 -0.311442 -0.0787598 -0.0162233 0.992588 -0.120441 0.0880794 0.311815 0.119472 0.942602 -1.08708 0 0 0 1 
1807261650209;0.115948;0.114723;0.997658 -0.0138759 -0.0669846 -0.128396 0.00965053 0.997967 -0.0629966 -0.00581564 0.0677226 0.0622026 0.995763 -0.16179 0 0 0 1 
1807261650210;0.290494;0.18477;0.97433 0.222811 0.0322067 -0.00535376 -0.209907 0.950823 -0.227761 0.620458 -0.0813705 0.215154 0.973184 0.341101 0 0 0 1 
1807261650211;0.634223;0.41485;0.977862 0.155458 -0.140064 0.435874 -0.17659 0.97219 -0.153829 0.393666 0.112255 0.175158 0.97812 -0.311174 0 0 0 1 
1807261650212;0.518398;0.098552;0.923874 0.26348 -0.277553 0.075847 -0.235634 0.963116 0.12994 0.757311 0.301552 -0.0546473 0.951882 -1.25717 0 0 0 1 
1807261650213;0.562773;0.337981;0.991518 -0.129566 0.0101993 0.0622508 0.121848 0.954011 0.273891 -0.151445 -0.0452172 -0.270325 0.961707 -0.141234 0 0 0 1 
1807261650214;0.522212;0.177414;0.933796 -0.355963 -0.0362788 -0.115445 0.356773 0.9186 0.169961 -1.24811 -0.0271739 -0.171652 0.984783 0.0713077 0 0 0 1 
1807261650215;0.876402;0.246038;0.925743 -0.314268 -0.210324 0.487356 0.310875 0.94914 -0.0498951 -1.28017 0.215307 -0.0191942 0.976358 -0.789698 0 0 0 1 
1807261650217;0.532131;0.424568;0.980038 0.0435236 0.193987 -0.101803 -0.0845586 0.974341 0.20859 -0.0718228 -0.179931 -0.220829 0.958571 -0.764836 0 0 0 1 
1807261650218;0.499155;0.375917;0.996556 -0.015618 -0.0814407 -0.0746688 0.0239704 0.994433 0.102612 -0.035455 0.0793847 -0.104211 0.991382 -0.15596 0 0 0 1 
1807261650219;0.721512;0.416594;0.992085 0.120059 -0.0367922 0.1015 -0.11756 0.991009 0.0638775 -0.68316 0.0441305 -0.0590466 0.997279 -0.612678 0 0 0 1 
1807261650220;0.121853;0.0552416;0.994873 -0.0305251 0.0964106 -0.117489 0.0268809 0.998882 0.0388738 -0.0886815 -0.0974894 -0.0360829 0.994582 -0.0757079 0 0 0 1 
1807261650221;0.995809;0.387717;0.996877 -0.0787951 0.00530309 -0.415595 0.0787524 0.996863 0.0078296 -0.375606 -0.00590339 -0.00738752 0.999955 -0.859055 0 0 0 1 
1807261650222;1.09618;0.440794;0.99996 -0.00563881 0.00699824 -0.0419474 0.00524299 0.998454 0.0553438 -0.275698 -0.00729949 -0.0553048 0.998443 -1.03113 0 0 0 1 
1807261650223;0.826304;0.65307;0.999863 0.0131258 0.0100566 0.0140076 -0.0135457 0.998988 0.0428881 -0.127494 -0.00948348 -0.0430185 0.999029 -0.408168 0 0 0 1 
1807261650224;0.375842;0.121407;0.99686 -0.0173673 -0.0772611 -0.0621855 0.0378338 0.961552 0.272005 -0.343629 0.0695666 -0.274074 0.959189 -1.0763 0 0 0 1 
1807261650225;0.55112;0.824945;0.990323 0.128746 -0.051811 -0.165758 -0.134006 0.984196 -0.115764 -0.612559 0.036088 0.121587 0.991925 0.535121 0 0 0 1 
1807261650226;0.761509;0.849945;0.990444 -0.136549 -0.0193776 -0.631935 0.136312 0.99058 -0.0130772 -0.406323 0.0209808 0.0103108 0.999727 0.431075 0 0 0 1 
1807261650227;0.75985;0.703328;0.999397 -0.0158958 -0.0308669 -0.0656447 0.0176654 0.998164 0.05793 -0.00671041 0.0298894 -0.0584403 0.997843 -0.368796 0 0 0 1 
1807261650228;0.464961;0.397391;0.999051 -0.00106092 -0.0435447 -0.00165788 0.00387656 0.997902 0.0646277 -0.0473103 0.0433848 -0.0647352 0.996959 -0.42848 0 0 0 1 
1807261650229;0.961907;0.374078;0.97332 0.0606148 0.221303 0.0954069 -0.110427 0.96918 0.220216 0.18427 -0.201134 -0.238779 0.950016 0.221824 0 0 0 1 
1807261650230;1.24871;0.342221;0.96338 -0.0404925 -0.265065 0.0587165 0.06437 0.99455 0.0820214 -0.428385 0.260299 -0.09608 0.960736 -1.61502 0 0 0 1 
1807261650231;0.35278;0.410614;0.978756 -0.0806841 -0.188484 -0.406243 0.0464053 0.982633 -0.179662 -0.38113 0.199706 0.167099 0.965503 0.158906 0 0 0 1 
1807261650232;0.725754;0.670993;0.974625 -0.00526886 -0.223781 -0.0312312 0.0408395 0.987129 0.154626 -0.222291 0.220085 -0.159841 0.962296 -0.741786 0 0 0 1 
1807261650233;0.807473;0.792405;0.995785 -0.00214992 0.0916975 -0.0324604 -0.00620328 0.995858 0.0907128 -0.00220941 -0.0915127 -0.0908993 0.991646 -0.238945 0 0 0 1 
1807261650234;0.330571;0.246448;0.9832 -0.180384 -0.0279031 -0.667643 0.179051 0.98283 -0.0445727 -0.495556 0.0354642 0.0388278 0.998616 0.340695 0 0 0 1 
1807261650235;0.476097;0.375205;0.996267 0.0489034 -0.0711443 -0.00625472 -0.0336955 0.978993 0.20109 -0.452073 0.0794837 -0.197942 0.976986 -0.26273 0 0 0 1 
1807261650236;0.451212;0.464613;0.916038 -0.0331036 -0.399722 -0.102632 -0.00243901 0.99611 -0.0880838 -0.151472 0.401083 0.0816631 0.912394 -0.0430168 0 0 0 1 
1807261650237;0.797582;0.359676;0.94579 0.0313025 0.323266 -0.168281 -0.0850374 0.984488 0.153467 -0.295937 -0.313447 -0.172637 0.933781 -0.676442 0 0 0 1 
1807261650238;1.08583;1.08658;0.993651 0.0885467 -0.0694017 -0.23268 -0.0883642 0.996072 0.00570053 -0.625548 0.0696338 0.000468284 0.997573 0.803212 0 0 0 1 
1807261650239;1.02135;0.741214;0.950427 0.245304 0.191088 0.367111 -0.2076 0.958095 -0.197374 -0.108045 -0.231497 0.14792 0.961524 0.0672235 0 0 0 1 
1807261650240;0.859825;0.293099;0.999543 -0.0291346 0.00807324 -0.205424 0.0291538 0.999572 -0.00226826 -0.0394343 -0.0080037 0.00250259 0.999965 0.718811 0 0 0 1 
1807261650241;0.991567;0.855806;0.995975 -0.044006 0.0780868 -0.129867 0.0183413 0.952808 0.30302 -0.409132 -0.0877364 -0.300368 0.94978 -0.612121 0 0 0 1 
1807261650242;0.558163;0.441648;0.981165 0.0423253 -0.188478 0.203171 -0.0227832 0.994246 0.104668 -0.0738781 0.191824 -0.0984025 0.976484 -0.797773 0 0 0 1 
1807261650243;0.371812;0.36862;0.987277 0.115345 0.109448 0.167416 -0.151366 0.892574 0.424735 -0.350698 -0.0486996 -0.435898 0.898677 -1.12491 0 0 0 1 
1807261650244;0.711238;0.181908;0.989677 -0.141445 -0.0230905 -0.526455 0.136229 0.978478 -0.154991 -0.573621 0.0445162 0.150245 0.987646 -0.187113 0 0 0 1 
1807261650245;0.732714;0.44234;0.990561 -0.0495442 -0.127803 -0.108886 0.0197306 0.974219 -0.224741 0.0422293 0.135642 0.220098 0.966001 0.141793 0 0 0 1 
1807261650246;1.2033;0.79175;0.980437 0.127103 0.15029 0.122761 -0.136657 0.98909 0.0550046 -0.252892 -0.141659 -0.0744668 0.987111 0.937367 0 0 0 1 
1807261650248;0.419559;0.823936;0.999944 0.000218782 0.0106034 -0.836064 -8.31942e-06 0.999803 -0.0198446 -0.515496 -0.0106056 0.0198434 0.999747 0.0834378 0 0 0 1 
1807261650249;0.496114;0.95147;0.99225 0.120134 -0.0317505 -0.838137 -0.123039 0.985612 -0.115894 -0.58503 0.0173709 0.118902 0.992754 0.709089 0 0 0 1 
1807261650250;0.34812;1.03275;0.997657 0.0312184 -0.0608787 -0.884469 -0.0402194 0.987447 -0.152741 -0.262304 0.0553462 0.154832 0.986389 0.845681 0 0 0 1 
1807261650251;0.451728;1.01749;0.942231 0.327381 -0.0708652 -0.0187638 -0.333377 0.937104 -0.10342 -0.24721 0.0325503 0.121071 0.99211 0.704899 0 0 0 1 
1807261650252;0.33029;0.924824;0.900889 -0.248802 -0.355664 -2.05274 0.164408 0.953953 -0.250886 -0.281073 0.401707 0.167547 0.900311 0.862907 0 0 0 1 
1807261650253;0.249687;0.924324;0.996492 -0.0716194 0.0432929 -1.48271 0.0725839 0.997138 -0.0211314 -0.110419 -0.0416556 0.0241996 0.998839 -0.210522 0 0 0 1 
1807261650254;0.24129;1.00791;0.986433 0.152534 0.0606914 -0.776619 -0.13877 0.972286 -0.188158 -0.0743303 -0.08771 0.177183 0.980262 0.809347 0 0 0 1 
1807261650255;0.565737;0.895201;0.958897 0.103231 0.264311 -0.802374 0.00888092 0.920102 -0.391579 -0.618103 -0.283616 0.377831 0.881366 2.08745 0 0 0 1 
1807261650256;0.73595;0.924791;0.884555 0.219047 0.411802 -0.451412 -0.270341 0.960222 0.0699316 0.075616 -0.380103 -0.173185 0.908586 -1.36223 0 0 0 1 
1807261650257;0.0754684;0.906082;0.999869 0.01578 0.00350276 -1.06515 -0.0158176 0.999815 0.0109813 -0.0859405 -0.00332883 -0.0110353 0.999934 -0.0759062 0 0 0 1 
1807261650258;0.796962;0.922769;0.994203 0.107232 -0.00784393 -0.281005 -0.106664 0.992854 0.0535154 0.735873 0.0135264 -0.0523686 0.998536 -0.0330768 0 0 0 1 
1807261650259;0.200045;0.803645;0.999988 -0.00230574 0.0043555 -0.93828 0.00219568 0.999682 0.0251065 0.112037 -0.00441201 -0.0250967 0.999675 -0.0505049 0 0 0 1 
1807261650260;0.602384;0.995704;0.968101 -0.171167 -0.182984 -1.99684 0.21426 0.944133 0.25041 -0.285254 0.129899 -0.281628 0.95069 -0.485122 0 0 0 1 
