#;prob_registration_l1 -r /home/probabilistic_point_clouds_registration/build/tester /home/point_clouds_registration_benchmark//devel/registration_pairs/pioneer_slam3_local.txt /home/point_clouds_registration_benchmark//tum/pioneer_slam3 -s 0.1 -t 0.1 -p 0.3 -r 1000 -m 1 -i 40 
id;initial_error;final_error;transformation
39885980090000;0.518509;0.181586;0.994513 0.00437391 -0.104524 0.0404571 0.0088534 0.992023 0.125749 -0.0486044 0.10424 -0.125985 0.98654 -0.430174 0 0 0 1 
39885980090001;1.1366;0.976743;0.998837 0.000565791 -0.0482214 0.00866636 0.000704998 0.999653 0.0263322 -0.120921 0.0482195 -0.0263355 0.99849 0.283692 0 0 0 1 
39885980090002;0.639436;0.631561;0.999768 0.0015198 0.021506 0.00126238 0.00278575 0.980044 -0.198762 -0.000657268 -0.0213789 0.198776 0.979812 -0.106638 0 0 0 1 
39885980090003;0.346141;0.207776;0.954967 -0.0405762 -0.293924 0.0601629 -0.0476634 0.956762 -0.28694 0.0870113 0.292859 0.288028 0.911742 -0.832859 0 0 0 1 
39885980090004;1.0895;0.840594;0.969022 -0.052423 -0.241348 0.180195 -0.00178708 0.975699 -0.219106 0.203572 0.246969 0.21275 0.94538 -1.12081 0 0 0 1 
39885980090005;0.90722;0.782254;0.999857 0.00137146 -0.0168442 0.00890072 -0.00252985 0.997617 -0.0689437 0.038252 0.0167095 0.0689765 0.997478 -0.444041 0 0 0 1 
39885980090006;0.367469;0.17724;0.978532 -0.0127782 -0.205696 0.0988293 -0.033751 0.974665 -0.221107 0.146608 0.20331 0.223303 0.95331 -0.979527 0 0 0 1 
39885980090007;0.500039;0.397936;0.999931 -0.00972471 -0.00653349 0.0116999 0.00701262 0.94355 -0.331157 0.0481393 0.00938508 0.331088 0.943553 -0.363267 0 0 0 1 
39885980090008;1.30544;0.989556;0.985609 -0.00303936 -0.169014 0.124112 -0.00912781 0.997423 -0.0711655 0.0729842 0.168795 0.071684 0.983041 -1.06778 0 0 0 1 
39885980090009;1.07285;1.04744;0.999536 -0.00348349 -0.0302675 -0.00482604 0.00329872 0.999976 -0.00615256 -0.0199181 0.0302882 0.00604986 0.999523 -0.0313298 0 0 0 1 
39885980090010;0.993349;0.866228;0.999957 0.00702312 -0.00612548 -0.00340333 -0.00738827 0.998062 -0.0617795 0.00195008 0.00567973 0.061822 0.998071 0.305361 0 0 0 1 
39885980090011;1.19076;0.78955;0.997738 0.0110246 0.0663194 -0.147032 0.00602062 0.967847 -0.251466 0.203224 -0.0669594 0.251297 0.965591 -0.574696 0 0 0 1 
39885980090012;1.08018;0.452854;0.988316 0.119939 -0.0940551 0.127047 -0.1306 0.984524 -0.116857 0.016771 0.0785839 0.127775 0.988685 -0.96762 0 0 0 1 
39885980090013;0.734434;0.331145;0.999663 -0.00282029 -0.0257889 -0.0122408 -0.00315293 0.973496 -0.22868 -0.0721392 0.0257504 0.228685 0.97316 0.157025 0 0 0 1 
39885980090014;1.32795;0.869091;0.924422 0.00526519 -0.381335 0.367926 0.068367 0.981419 0.179284 -0.126318 0.375194 -0.191805 0.906885 -1.14888 0 0 0 1 
39885980090015;0.724355;0.0746836;0.999711 0.00236765 0.0239088 -0.0146693 -0.00242508 0.999994 0.00237356 0.0135142 -0.023903 -0.00243086 0.999711 -0.485998 0 0 0 1 
39885980090016;0.348273;0.0521935;0.981025 0.0124279 -0.193482 0.0404939 0.0295063 0.976749 0.212347 -0.0615211 0.191623 -0.214027 0.957848 -0.373131 0 0 0 1 
39885980090017;0.847163;0.567312;0.997624 -0.00600651 -0.0686361 0.0594371 -0.00818739 0.978799 -0.204661 0.158223 0.0684102 0.204736 0.976424 -0.845322 0 0 0 1 
39885980090018;0.98085;0.693929;0.988246 9.32409e-05 -0.152873 -0.0528815 -0.0255101 0.986079 -0.164308 0.0244172 0.150729 0.166277 0.974491 -0.00999325 0 0 0 1 
39885980090019;1.01873;0.447105;0.996413 0.0731766 0.0424909 -0.141264 -0.0753001 0.995869 0.050735 -0.0357597 -0.0386028 -0.0537526 0.997808 0.778623 0 0 0 1 
39885980090020;0.349842;0.211676;0.976514 0.111848 0.184147 -0.112213 -0.0809361 0.982531 -0.167577 0.225517 -0.199673 0.148737 0.968508 0.363262 0 0 0 1 
39885980090021;0.142777;0.08058;0.97739 -0.00651791 -0.211345 0.0201921 -0.0133889 0.995611 -0.0926237 0.0266881 0.211021 0.0933591 0.973013 -0.555573 0 0 0 1 
39885980090022;0.343863;0.188157;0.990953 0.0062694 0.134063 0.0152168 -0.0015868 0.999386 -0.0350068 0.00320973 -0.1342 0.0344774 0.990354 0.467073 0 0 0 1 
39885980090023;0.973502;0.9533;0.94968 0.020939 -0.312521 0.0895575 0.0416168 0.980481 0.192157 -0.0663077 0.310444 -0.195493 0.930272 -0.56145 0 0 0 1 
39885980090024;1.13358;0.138759;0.999369 0.00967523 0.0341745 -0.0478931 -0.00820596 0.999047 -0.0428748 -0.130698 -0.0345567 0.0425673 0.998496 -0.82081 0 0 0 1 
39885980090025;0.64818;0.522669;0.999647 -0.00268867 -0.0264394 -0.00208746 0.000879583 0.997671 -0.0681987 -0.02029 0.0265612 0.0681513 0.997321 0.0953723 0 0 0 1 
39885980090026;1.25567;0.297104;0.992605 -0.0444996 0.112938 0.157773 0.0277735 0.988958 0.145568 -0.0209785 -0.118169 -0.141355 0.982881 1.39129 0 0 0 1 
39885980090027;0.709211;0.447511;0.999136 0.00626157 0.041086 0.0125654 -0.00596805 0.999956 -0.00726274 0.0243454 -0.0411297 0.00701126 0.999129 0.526234 0 0 0 1 
39885980090028;1.02062;0.727611;0.99997 0.00144383 0.00759438 0.00261915 -0.00147314 0.999991 0.00385496 0.00786436 -0.00758875 -0.00386603 0.999964 0.568581 0 0 0 1 
39885980090029;0.737875;0.294277;0.980602 0.174601 -0.0890785 -0.161523 -0.155545 0.969696 0.188405 0.262402 0.119275 -0.170894 0.978043 0.40667 0 0 0 1 
39885980090031;0.500388;0.366969;0.960119 0.00944882 -0.279433 0.537672 0.0146919 0.996343 0.0841712 0.313941 0.279206 -0.0849197 0.956469 -1.51853 0 0 0 1 
39885980090032;0.490152;0.675369;0.923954 -0.372255 -0.0879508 0.27098 0.373042 0.927781 -0.00792837 -0.763546 0.0845504 -0.0254839 0.996093 -0.297251 0 0 0 1 
39885980090033;0.259006;0.49621;0.953277 -0.213553 -0.213676 0.424627 0.21755 0.976037 -0.00491398 -0.184019 0.209605 -0.0418008 0.976892 -0.703812 0 0 0 1 
39885980090034;0.13399;0.394716;0.993984 -0.0978762 -0.0491525 0.255513 0.093194 0.991581 -0.0898993 -0.0152801 0.0575377 0.0847777 0.994737 -0.145365 0 0 0 1 
39885980090035;0.310003;0.423817;0.989604 -0.139613 -0.0345377 0.256165 0.12553 0.955669 -0.266344 0.040296 0.0701916 0.25924 0.963259 0.265772 0 0 0 1 
39885980090036;0.791909;0.364063;0.897927 0.00553608 -0.44011 1.69253 0.0718682 0.984657 0.159014 -0.179547 0.434237 -0.174413 0.883752 -1.93732 0 0 0 1 
39885980090037;0.326129;0.355442;0.999011 -0.043069 0.0110634 -0.0483296 0.0437349 0.99663 -0.0693915 0.0394254 -0.00803751 0.0698068 0.997528 0.346759 0 0 0 1 
39885980090038;0.582863;0.581683;0.999953 -0.00622502 -0.00747602 0.0026673 0.00572903 0.997893 -0.0646261 -0.00851449 0.00786257 0.0645802 0.997882 -0.069556 0 0 0 1 
39885980090039;0.172583;0.384801;0.999071 -0.0280418 -0.0327379 0.209108 0.0259603 0.997716 -0.0623598 0.271894 0.0344118 0.061452 0.997517 0.126134 0 0 0 1 
39885980090040;0.259945;0.337096;0.995861 -0.0523183 0.0743185 0.340478 0.0391466 0.984878 0.168768 0.323198 -0.0820243 -0.165161 0.98285 -0.0845015 0 0 0 1 
39885980090041;0.477445;0.663901;0.990098 -0.115492 0.0797995 0.363524 0.116698 0.993111 -0.010599 -0.250773 -0.0780257 0.0198065 0.996755 -0.0269855 0 0 0 1 
39885980090042;0.418217;0.404311;0.998194 -0.0547727 0.0246568 0.248529 0.0550786 0.998411 -0.0118997 0.381082 -0.0239658 0.0132363 0.999625 0.35081 0 0 0 1 
39885980090043;0.341309;0.420171;0.978139 -0.16305 -0.129066 0.233377 0.187909 0.958871 0.212737 -0.44331 0.0890705 -0.23234 0.968548 -0.705805 0 0 0 1 
39885980090044;0.352045;0.467109;0.92339 -0.17923 0.339451 0.277661 0.11908 0.974425 0.190568 -0.149886 -0.364925 -0.135547 0.921117 0.575515 0 0 0 1 
39885980090045;0.207777;0.3725;0.95771 -0.234401 0.166875 -0.00266562 0.239282 0.970904 -0.00947767 -0.430744 -0.159798 0.049007 0.985932 0.533482 0 0 0 1 
39885980090046;0.379302;0.394378;0.948021 -0.0469873 0.314719 0.232686 0.118945 0.96967 -0.213523 -0.0760809 -0.295141 0.239858 0.924857 0.996349 0 0 0 1 
39885980090047;0.227046;0.367449;0.974499 0.0286038 0.222563 0.50997 -0.0364349 0.99885 0.0311591 0.330569 -0.221416 -0.0384736 0.97442 0.270909 0 0 0 1 
39885980090048;0.266999;0.300925;0.989799 0.0039426 0.142416 0.490259 0.028097 0.974584 -0.222255 0.164748 -0.139673 0.223989 0.964531 1.03442 0 0 0 1 
39885980090049;0.523967;0.340246;0.951076 -0.023506 0.308062 0.734603 -0.0447058 0.976138 0.212501 0.295438 -0.305706 -0.215877 0.92733 1.06177 0 0 0 1 
39885980090050;0.207409;0.51019;0.998585 -0.0503774 -0.0170485 0.463571 0.0498618 0.998322 -0.0294305 -0.00651557 0.0185026 0.0285388 0.999421 0.027447 0 0 0 1 
39885980090051;0.499446;0.402285;0.994526 0.0268337 0.100984 0.833385 -0.00715985 0.981691 -0.190345 0.585701 -0.104243 0.18858 0.97651 0.0440701 0 0 0 1 
39885980090052;0.316512;0.346525;0.993563 0.0278026 0.109812 0.239097 -0.00561896 0.980315 -0.19736 0.439207 -0.113138 0.195473 0.974161 0.361343 0 0 0 1 
39885980090053;0.450592;0.551435;0.993189 -0.109734 0.0391698 0.404383 0.11307 0.988872 -0.0966774 0.270031 -0.0281252 0.100448 0.994545 -0.350658 0 0 0 1 
39885980090054;0.48513;0.604253;0.974441 -0.219771 -0.0465349 0.280377 0.222698 0.917849 0.32857 -0.362389 -0.029498 -0.330535 0.943333 -0.617708 0 0 0 1 
39885980090055;0.127893;0.455095;0.991467 -0.126727 -0.0305528 0.429642 0.122787 0.986584 -0.107589 0.000631202 0.0437773 0.10292 0.993726 0.13719 0 0 0 1 
39885980090056;0.526201;0.563107;0.951479 -0.307659 -0.00584146 0.381785 0.3063 0.945119 0.113715 -0.346237 -0.0294646 -0.109987 0.993496 0.456613 0 0 0 1 
39885980090057;0.593626;0.359111;0.967563 -0.0281225 -0.251059 0.993932 0.103584 0.950569 0.292727 -0.0586445 0.230416 -0.309237 0.922649 -0.744309 0 0 0 1 
39885980090058;0.12749;0.309378;0.984057 0.00994609 -0.177577 0.39366 -0.0229798 0.997176 -0.0714924 0.339644 0.176364 0.0744332 0.981507 -0.326258 0 0 0 1 
39885980090059;0.597495;0.308735;0.931376 -0.162676 -0.325692 0.0460723 0.0741381 0.960619 -0.267797 -0.140866 0.35643 0.225273 0.906758 0.247489 0 0 0 1 
39885980090060;0.466612;0.378389;0.963573 -0.267442 0.00104047 0.0598122 0.259116 0.932598 -0.251236 -0.304749 0.066221 0.242354 0.967925 0.734244 0 0 0 1 
39885980090062;0.722072;0.677218;0.988598 0.00028525 -0.150577 0.00340372 0.00460739 0.999473 0.0321428 -0.0150277 0.150506 -0.0324701 0.988076 -0.280824 0 0 0 1 
39885980090063;0.21414;0.0465475;0.998156 0.0240437 0.0557352 -0.0313178 -0.000210098 0.919568 -0.392931 0.151901 -0.0606998 0.392195 0.917877 -0.327025 0 0 0 1 
39885980090064;0.937509;0.68159;0.999684 0.00657125 0.0242813 -0.027375 -0.00176809 0.981244 -0.19276 0.0334864 -0.0250926 0.192656 0.980945 -0.708661 0 0 0 1 
39885980090065;0.614008;0.357181;0.942499 0.0994802 0.319059 -0.171764 -0.0058029 0.959399 -0.281991 0.176938 -0.334158 0.263925 0.90481 0.465481 0 0 0 1 
39885980090066;0.857809;0.258806;0.998957 -0.000816912 0.0456642 0.0373733 0.00515774 0.995462 -0.0950231 -0.1786 -0.0453794 0.0951594 0.994427 0.60251 0 0 0 1 
39885980090067;0.711929;0.681343;0.99349 -0.00748547 -0.113675 0.0401716 -0.00781758 0.991007 -0.133581 0.0458933 0.113653 0.1336 0.984497 -0.590249 0 0 0 1 
39885980090068;0.589386;0.166825;0.999997 0.00161671 0.00201417 -0.00131704 -0.00162697 0.999986 0.00510268 0.00957027 -0.00200589 -0.00510594 0.999985 0.491874 0 0 0 1 
39885980090069;0.410197;0.237861;0.998922 0.000397197 -0.0464218 0.0189473 0.000476275 0.999823 0.0188034 -0.00929088 0.046421 -0.0188053 0.998745 -0.363201 0 0 0 1 
39885980090070;0.483885;0.204431;0.937294 0.0507101 0.344831 -0.0194237 -0.0644277 0.997517 0.0284301 0.169247 -0.342533 -0.048864 0.938234 1.12573 0 0 0 1 
39885980090071;0.64931;0.616596;0.975453 -0.0311501 -0.217991 0.108053 -0.0438418 0.942653 -0.330882 0.186795 0.215797 0.332317 0.918149 -0.833399 0 0 0 1 
39885980090072;0.398606;0.385233;0.999244 -0.00505088 0.0385469 0.00710034 -0.00341372 0.976295 0.216419 0.0295182 -0.0387262 -0.216387 0.975539 0.377269 0 0 0 1 
39885980090073;0.928997;0.783255;0.957422 0.0426485 -0.285526 0.0125688 -0.0378748 0.999035 0.0222228 0.209148 0.286198 -0.0104624 0.958113 -0.444354 0 0 0 1 
39885980090074;0.42064;0.249991;0.912321 -0.00296049 0.409466 0.155027 0.0356223 0.996757 -0.0721626 -0.0954659 -0.407924 0.0804215 0.909467 1.0503 0 0 0 1 
39885980090075;0.428471;0.208612;0.94726 0.0576277 0.315243 -0.0120729 -0.113153 0.980484 0.160773 0.352812 -0.299826 -0.187965 0.935293 1.16391 0 0 0 1 
39885980090076;0.878954;0.678315;0.99401 -1.09171e-05 0.109285 0.0503332 -2.90991e-05 1 0.000364569 -0.000887468 -0.109285 -0.000365566 0.99401 0.685636 0 0 0 1 
39885980090077;0.395145;0.365624;0.986545 0.161349 -0.0263654 -0.227449 -0.163306 0.964932 -0.205519 0.282872 -0.00771943 0.207059 0.978298 -0.220929 0 0 0 1 
39885980090078;1.1758;0.228618;0.99973 -0.00371304 0.0229533 -0.0223496 0.00494053 0.998547 -0.0536546 -0.0566982 -0.0227207 0.0537535 0.998296 -0.973473 0 0 0 1 
39885980090079;1.02505;0.852604;0.964707 -0.0320433 -0.261367 -0.0275161 -0.0375978 0.965637 -0.25716 0.0153111 0.260626 0.257911 0.930353 -0.496485 0 0 0 1 
39885980090080;0.475546;0.116377;0.999989 -0.00191535 -0.00437302 0.00851382 0.00183182 0.999817 -0.0190268 -0.000292672 0.00440867 0.0190186 0.999809 -0.415925 0 0 0 1 
39885980090081;0.321616;0.144232;0.945283 -0.00115588 0.326248 0.0837253 0.00915965 0.999694 -0.0229976 -0.0272469 -0.326122 0.0247276 0.945004 0.950732 0 0 0 1 
39885980090082;1.0641;0.555634;0.9728 0.0110712 0.23138 -0.231966 -0.0197371 0.999186 0.0351718 -0.147773 -0.230803 -0.0387819 0.972227 -0.00553439 0 0 0 1 
39885980090083;0.893927;0.250853;0.945371 0.0264013 0.324924 -0.183025 -0.133721 0.940408 0.312653 0.135935 -0.297307 -0.339022 0.892565 0.772414 0 0 0 1 
39885980090084;0.543877;0.398686;0.993761 0.0506064 -0.0993857 0.0552382 -0.0653313 0.986373 -0.150996 -0.259544 0.09039 0.156547 0.983526 -0.340119 0 0 0 1 
39885980090085;0.738131;0.68147;0.882525 0.0468721 0.467923 0.0712159 -0.0702215 0.997 0.0325712 0.0529212 -0.464992 -0.0616031 0.883169 0.977409 0 0 0 1 
39885980090086;0.60161;0.0610655;0.999976 0.00465567 0.00515955 -0.00222401 -0.00487669 0.999033 0.0436854 0.0380105 -0.00495118 -0.0437095 0.999032 0.577493 0 0 0 1 
39885980090087;0.217577;0.188744;0.999628 0.00207372 -0.0271783 -0.0003647 -0.00142559 0.999715 0.0238452 -0.00143495 0.02722 -0.0237976 0.999346 -0.109055 0 0 0 1 
39885980090088;0.201974;0.126445;0.999153 -0.00956369 0.0400263 0.0062873 0.0184519 0.973486 -0.228003 0.00396189 -0.0367845 0.228548 0.972837 -0.245965 0 0 0 1 
39885980090089;0.645809;0.256237;0.914774 0.020946 -0.403422 0.24302 0.0146521 0.996277 0.0849514 -0.0678941 0.4037 -0.0836223 0.911062 -1.32046 0 0 0 1 
39885980090090;0.450371;0.271072;0.959778 0.0840265 0.26789 -0.115623 -0.0971944 0.994605 0.0362536 0.220381 -0.263398 -0.0608329 0.962767 0.938166 0 0 0 1 
39885980090091;0.498519;0.260412;0.996911 0.0109312 -0.0777695 -0.0351425 -0.00317997 0.995072 0.0991032 0.0429576 0.0784696 -0.0985498 0.992033 0.303034 0 0 0 1 
39885980090093;0.227552;0.146421;0.98155 -0.00798506 0.191039 -0.0833377 -0.00373443 0.998136 0.0609073 0.109199 -0.19117 -0.060497 0.979691 0.49125 0 0 0 1 
39885980090094;0.336698;0.333831;0.983006 -0.125373 0.13409 0.486861 0.129315 0.99138 -0.0210705 0.0843405 -0.130293 0.0380523 0.990745 -0.105411 0 0 0 1 
39885980090095;0.148785;0.108921;0.986312 -0.00966942 -0.164607 0.00693559 0.00116592 0.998663 -0.0516777 0.0880438 0.164887 0.0507784 0.985004 -0.159881 0 0 0 1 
39885980090096;0.662123;0.440488;0.971884 0.132161 -0.194871 -0.264917 -0.0711577 0.953778 0.291966 0.204416 0.22445 -0.26989 0.936366 0.196991 0 0 0 1 
39885980090097;0.657715;0.479708;0.967185 0.0680638 0.244786 -0.431835 -0.0862315 0.9942 0.0642716 -0.305304 -0.238992 -0.0832708 0.967444 0.313933 0 0 0 1 
39885980090098;0.630821;0.16526;0.999944 0.0100271 -0.00331607 -0.146538 -0.010561 0.951442 -0.307647 -0.105696 7.02358e-05 0.307664 0.951495 -0.270354 0 0 0 1 
39885980090099;0.628543;0.388837;0.949039 -0.137921 0.283377 0.49669 0.144276 0.989536 -0.00157259 0.763094 -0.280195 0.0423771 0.959007 0.55239 0 0 0 1 
39885980090100;0.425699;0.282783;0.962747 0.215084 0.163882 -1.07248 -0.188999 0.968684 -0.161029 0.484879 -0.193385 0.124057 0.973248 -0.533075 0 0 0 1 
39885980090101;0.696606;0.553691;0.999625 0.0180375 -0.0206128 -0.0896437 -0.0135379 0.979567 0.20066 0.0157661 0.023811 -0.200306 0.979444 1.11339 0 0 0 1 
39885980090102;0.122477;0.0964506;0.999978 0.00547864 0.00382398 -0.0308084 -0.0055517 0.999797 0.0193637 0.0183054 -0.00371711 -0.0193845 0.999805 0.134417 0 0 0 1 
39885980090103;0.717527;0.0479808;0.917034 0.346408 0.197611 -1.87168 -0.33307 0.93777 -0.0982454 0.195408 -0.219347 0.0242762 0.975345 0.264277 0 0 0 1 
39885980090104;0.685443;0.524067;0.973586 0.22786 0.0144657 -1.08052 -0.228307 0.972239 0.0512541 -0.310727 -0.00238534 -0.0532029 0.998581 -0.00949308 0 0 0 1 
39885980090105;0.47354;0.42066;0.977386 0.209932 0.0253884 -1.00731 -0.210544 0.97728 0.0244158 -0.000217618 -0.0196859 -0.029209 0.999379 0.156866 0 0 0 1 
39885980090106;0.459683;0.145176;0.954449 0.151679 -0.256946 -0.485073 -0.12325 0.984668 0.123443 0.246281 0.27173 -0.086152 0.95851 -0.428395 0 0 0 1 
39885980090107;0.891834;0.826088;0.973897 -0.21335 0.0774989 0.732601 0.213249 0.97695 0.00967715 -0.0605195 -0.0777771 0.00710199 0.996945 0.0800655 0 0 0 1 
39885980090108;0.424446;0.237195;0.896062 -0.16655 0.411503 0.443751 0.122255 0.983692 0.131919 0.194977 -0.426763 -0.0678994 0.901811 0.512626 0 0 0 1 
39885980090109;0.495711;0.190509;0.966849 0.255202 -0.00868193 -1.1837 -0.254648 0.966154 0.0412351 0.61515 0.0189114 -0.0376573 0.999112 0.337282 0 0 0 1 
39885980090110;0.968235;0.534123;0.903128 0.361766 0.231268 -1.65415 -0.4047 0.897155 0.177005 0.89308 -0.143449 -0.253452 0.956653 1.9663 0 0 0 1 
39885980090111;0.425117;0.0563131;0.999453 0.0259955 0.0204516 -0.183862 -0.0266678 0.999089 0.0333194 0.139574 -0.0195668 -0.0338466 0.999235 0.67698 0 0 0 1 
39885980090112;0.465914;0.354166;0.917101 0.395042 -0.0535474 -1.75031 -0.394915 0.88191 -0.257442 0.866878 -0.0544766 0.257247 0.964809 -0.918112 0 0 0 1 
39885980090113;0.34947;0.0653879;0.995113 0.0944923 0.0286515 -0.473195 -0.0984099 0.925383 0.366036 0.487072 0.00807395 -0.367067 0.930159 1.54728 0 0 0 1 
39885980090114;0.0961654;0.0385189;0.997279 0.0533867 -0.0508352 -0.242066 -0.0526946 0.9985 0.0148606 0.0939023 0.0515523 -0.0121414 0.998596 -0.0984716 0 0 0 1 
39885980090115;0.726185;0.373492;0.984948 -0.0783735 -0.154065 0.0906251 0.0736066 0.996622 -0.0364143 0.35431 0.156398 0.024526 0.98739 0.731026 0 0 0 1 
39885980090116;0.788969;0.67399;0.976485 -0.212544 -0.0360814 0.720347 0.209476 0.974992 -0.0742356 0.681664 0.0509573 0.0649318 0.996588 0.528985 0 0 0 1 
39885980090117;0.478045;0.153347;0.996712 0.00763216 0.08066 -0.0825724 -0.00954292 0.999682 0.0233302 0.0368435 -0.0804563 -0.0240233 0.996469 0.743135 0 0 0 1 
39885980090118;0.326438;0.319024;0.993259 -0.112277 0.0288265 0.393882 0.111396 0.993306 0.0305689 0.181391 -0.0320657 -0.0271517 0.999117 0.333685 0 0 0 1 
39885980090119;0.735474;0.357841;0.98101 -0.107233 0.161621 0.436407 0.111483 0.993613 -0.0174358 0.0268193 -0.158719 0.0351226 0.986699 0.838164 0 0 0 1 
39885980090120;0.723848;0.149205;0.991736 -0.0371548 0.122798 0.00752907 0.0470098 0.995816 -0.078356 0.483896 -0.119373 0.0834811 0.989334 0.553065 0 0 0 1 
39885980090121;0.394688;0.294805;0.998175 0.0568165 -0.0204525 -0.283483 -0.0590413 0.989338 -0.133134 -0.086144 0.0126702 0.134099 0.990887 -0.189254 0 0 0 1 
39885980090122;0.722168;0.276542;0.987974 0.148444 0.0432535 -0.757304 -0.147489 0.98876 -0.0245076 0.186607 -0.0464053 0.0178335 0.998763 0.895519 0 0 0 1 
39885980090124;0.340489;0.0433201;0.995195 0.096773 0.0148654 0.331553 -0.0966695 0.995288 -0.00753281 -0.579958 -0.0155243 0.00605959 0.999861 -0.370308 0 0 0 1 
39885980090125;0.370091;0.0474031;0.93127 0.0229305 0.363607 -0.302303 -0.0575892 0.994735 0.0847656 -0.287569 -0.359749 -0.0998795 0.927688 -1.02025 0 0 0 1 
39885980090126;0.34208;0.0354017;0.904092 0.224953 0.363337 0.556527 -0.237673 0.971294 -0.00995577 -0.469688 -0.355146 -0.0773543 0.931605 -0.582782 0 0 0 1 
39885980090127;0.0863411;0.0388942;0.996183 -0.000484269 -0.0872837 0.00616711 0.00556268 0.998304 0.0579489 0.00182156 0.0871077 -0.0582133 0.994497 -0.0185381 0 0 0 1 
39885980090128;0.358883;0.0488582;0.984604 0.136437 0.109274 0.566378 -0.140075 0.989792 0.0263 0.0841697 -0.10457 -0.0412016 0.993664 0.291337 0 0 0 1 
39885980090129;0.382249;0.158382;0.971552 0.236793 0.00393382 0.883452 -0.236796 0.971559 0.000426869 -0.516978 -0.00372086 -0.00134624 0.999992 -0.024451 0 0 0 1 
39885980090130;0.323168;0.0843598;0.98451 0.134445 -0.112538 0.637737 -0.1475 0.982108 -0.117083 0.00258059 0.0947831 0.131869 0.986725 0.288511 0 0 0 1 
39885980090131;0.505537;0.147505;0.999831 -0.00934391 -0.0158447 -0.331387 0.00825793 0.997701 -0.0672713 -0.582505 0.0164368 0.0671291 0.997609 -0.179003 0 0 0 1 
39885980090132;0.44134;0.351822;0.998417 -0.00183571 -0.0562092 -0.0612921 -0.00376215 0.995048 -0.099322 0.0727506 0.0561132 0.0993763 0.993466 0.792185 0 0 0 1 
39885980090133;0.275576;0.23747;0.999815 -0.00185405 -0.0191383 -0.0407552 0.00189154 0.999996 0.001941 -0.114584 0.0191346 -0.00197684 0.999815 -0.127159 0 0 0 1 
39885980090134;0.264805;0.0897103;0.991422 -0.0714541 0.109441 -0.309781 0.0968787 0.963815 -0.248345 0.0488092 -0.0877357 0.256817 0.96247 0.972263 0 0 0 1 
39885980090135;0.321182;0.165883;0.987262 0.155639 0.033013 0.44277 -0.149832 0.979299 -0.136102 -0.130626 -0.0535124 0.129422 0.990145 0.710196 0 0 0 1 
39885980090136;0.536598;0.0992511;0.993605 0.0216453 -0.110817 -0.173589 -0.036387 0.990476 -0.132787 0.140542 0.106887 0.135971 0.98493 1.49758 0 0 0 1 
39885980090137;0.239766;0.0658564;0.999401 -0.00217458 0.0345314 -0.233196 0.00054847 0.998893 0.0470306 0.165008 -0.0345955 -0.0469835 0.998296 -0.616795 0 0 0 1 
39885980090138;0.366462;0.11556;0.964121 -0.240668 -0.112025 -0.895624 0.232023 0.969 -0.0848821 0.252909 0.12898 0.0558443 0.990073 0.13879 0 0 0 1 
39885980090139;0.522118;0.208593;0.994192 0.102949 0.0313783 0.0619821 -0.104844 0.992274 0.0663347 -0.625559 -0.0243068 -0.0692393 0.997304 0.178634 0 0 0 1 
39885980090140;0.328612;0.0127377;0.978108 -0.0357883 -0.205 -0.146248 0.020242 0.996792 -0.0774372 0.0468801 0.207113 0.0715923 0.975694 1.06316 0 0 0 1 
39885980090141;0.0802768;0.0536056;0.999069 -0.00166385 0.0431187 -0.0167542 -0.000148831 0.999118 0.0420022 -0.011385 -0.0431505 -0.0419695 0.998187 -0.130435 0 0 0 1 
39885980090142;0.374391;0.125371;0.95215 0.163511 -0.258216 0.711321 -0.0927447 0.959596 0.265659 -0.422968 0.291221 -0.228999 0.928843 -0.61662 0 0 0 1 
39885980090143;0.228673;0.125511;0.996536 0.0687589 -0.0467877 0.238622 -0.0691298 0.997587 -0.006354 -0.0260373 0.0462379 0.00956641 0.998885 -0.144353 0 0 0 1 
39885980090144;0.446317;0.13104;0.959758 0.280709 0.00814439 1.02613 -0.280824 0.959473 0.023441 -0.630037 -0.00123423 -0.0247848 0.999692 0.249169 0 0 0 1 
39885980090145;0.0431272;0.0268519;0.999959 0.00222897 0.00874371 0.00583828 -0.00242631 0.999741 0.0226246 -0.00689668 -0.00869102 -0.0226449 0.999706 -0.106273 0 0 0 1 
39885980090146;0.329175;0.0954171;0.9931 -0.112019 -0.0347014 -0.400475 0.110971 0.993347 -0.0307834 0.454518 0.0379189 0.0267201 0.998924 0.618234 0 0 0 1 
39885980090147;0.155218;0.0591888;0.999799 0.00400055 0.0196398 -0.0937836 -0.00495693 0.998792 0.0488913 -0.00878428 -0.0194205 -0.0489788 0.998611 0.0416098 0 0 0 1 
39885980090148;0.427209;0.0344171;0.989491 0.135403 0.0507262 0.344085 -0.118682 0.960948 -0.249986 -0.460476 -0.0825941 0.241338 0.96692 1.5305 0 0 0 1 
39885980090149;0.211483;0.0454372;0.989987 -0.0928504 0.106319 -0.494276 0.0929089 0.995665 0.00441343 0.152426 -0.106268 0.00550873 0.994322 0.111871 0 0 0 1 
39885980090150;0.560906;0.121935;0.949616 0.138805 -0.281004 0.754576 -0.16756 0.982536 -0.0809136 0.475663 0.264865 0.123922 0.95629 0.285271 0 0 0 1 
39885980090151;0.283425;0.0778059;0.962329 0.224718 0.153049 0.693078 -0.176803 0.944864 -0.275633 -0.338807 -0.20655 0.23819 0.949001 0.634483 0 0 0 1 
39885980090152;0.461176;0.113126;0.93919 -0.317901 0.129847 -1.3457 0.312941 0.94803 0.0575127 0.246474 -0.141382 -0.0133809 0.989865 -0.375894 0 0 0 1 
39885980090153;0.364593;0.104688;0.993686 0.0987554 0.0532454 0.186585 -0.101965 0.992893 0.0613697 -0.538765 -0.0468064 -0.0664114 0.996694 -0.69893 0 0 0 1 
39885980090155;0.220386;0.850906;0.994236 -0.10693 0.00775942 -0.380042 0.106905 0.994263 0.00360496 0.320702 -0.00810038 -0.00275467 0.999963 0.0450083 0 0 0 1 
39885980090156;0.547565;0.842388;0.958651 -0.0892568 0.270226 0.150795 0.0554937 0.989945 0.130114 0.385943 -0.279123 -0.109738 0.953964 1.32072 0 0 0 1 
39885980090157;0.178395;0.375529;0.999762 0.0191863 0.0103695 -0.135245 -0.0191309 0.999802 -0.0054221 0.267411 -0.0104715 0.00522243 0.999932 -0.0852769 0 0 0 1 
39885980090158;0.913519;0.745907;0.913962 -0.011075 0.405648 0.573591 -0.0459442 0.990376 0.130556 0.774149 -0.40319 -0.13796 0.904657 2.02839 0 0 0 1 
39885980090159;0.31181;0.37016;0.999545 -0.0296998 -0.00534786 -0.190155 0.0246335 0.905371 -0.423907 -0.0537717 0.0174317 0.423582 0.90569 -0.170207 0 0 0 1 
39885980090160;0.529179;0.970729;0.996949 0.0757071 -0.0189937 -0.500635 -0.0750009 0.996552 0.0354853 1.15791 0.0216147 -0.0339525 0.99919 0.450629 0 0 0 1 
39885980090161;0.588623;1.01889;0.980601 -0.102549 0.167048 -0.201496 0.0798883 0.987324 0.137148 0.693977 -0.178995 -0.121142 0.976363 1.13766 0 0 0 1 
39885980090162;0.825722;0.775836;0.971073 -0.234081 -0.0471427 0.0166306 0.233649 0.972212 -0.014556 -0.0222258 0.04924 0.0031201 0.998782 -0.895768 0 0 0 1 
39885980090163;0.504725;0.471451;0.999995 -0.00252569 0.00201512 -0.20824 0.00241702 0.998633 0.0522181 0.500598 -0.00214425 -0.0522129 0.998634 0.0628047 0 0 0 1 
39885980090164;0.244441;0.336073;0.99691 0.0282075 -0.073319 -0.206926 -0.0185027 0.991365 0.129822 0.240999 0.0763478 -0.128064 0.988823 -0.395746 0 0 0 1 
39885980090165;0.707584;0.454185;0.998152 0.0592599 0.013481 -0.492182 -0.059332 0.998226 0.00501093 0.747267 -0.0131602 -0.00580153 0.999897 -0.637346 0 0 0 1 
39885980090166;0.507941;0.949197;0.979654 0.140221 0.143582 -0.143766 -0.123637 0.985216 -0.118588 1.60234 -0.158087 0.0984229 0.982508 0.767454 0 0 0 1 
39885980090167;0.79424;0.938516;0.981682 -0.181017 -0.0594375 -0.252881 0.17572 0.980785 -0.0847476 0.440632 0.0736362 0.0727508 0.994628 0.455442 0 0 0 1 
39885980090168;0.994365;0.644917;0.994048 0.10553 -0.027063 0.286263 -0.106797 0.992988 -0.0506832 1.33702 0.0215247 0.0532718 0.998348 0.667941 0 0 0 1 
39885980090169;0.602224;0.492164;0.981584 0.106214 -0.158783 -0.370786 -0.120665 0.989107 -0.0843025 1.32344 0.148099 0.101909 0.983708 -0.723406 0 0 0 1 
39885980090170;0.878287;1.24562;0.982275 -0.0779957 -0.170449 -0.454994 0.114172 0.97013 0.21404 0.646165 0.148663 -0.229706 0.961839 0.442353 0 0 0 1 
39885980090171;0.174618;0.388629;0.992052 0.0665274 -0.106807 -0.299315 -0.0636373 0.997515 0.0302471 0.474453 0.108554 -0.0232098 0.99382 -0.402059 0 0 0 1 
39885980090172;0.809772;0.387065;0.998661 0.051561 -0.00430153 -0.596916 -0.0515053 0.998599 0.0121752 0.659116 0.00492327 -0.0119374 0.999917 0.729867 0 0 0 1 
39885980090173;0.12527;0.778643;0.999041 -0.0170727 -0.0403194 -0.415616 0.0132179 0.995484 -0.0940097 0.686132 0.0417423 0.0933866 0.994755 -0.195203 0 0 0 1 
39885980090174;1.08358;1.00016;0.955514 0.0868631 0.281865 -0.188989 -0.101034 0.994228 0.0361077 1.45049 -0.277102 -0.0629793 0.958774 1.84349 0 0 0 1 
39885980090175;0.382051;0.405063;0.999903 0.0126772 0.00572861 -0.418883 -0.0126686 0.999919 -0.0015392 0.152287 -0.00574765 0.00146647 0.999982 0.418905 0 0 0 1 
39885980090176;1.01834;1.28392;0.95208 -0.0738086 0.29681 -0.412934 0.0863649 0.99583 -0.0293976 0.456822 -0.293403 0.0536228 0.954484 1.41261 0 0 0 1 
39885980090177;0.304463;0.452271;0.998807 -0.0239539 0.0425457 -0.180007 0.023496 0.999661 0.0112316 0.216591 -0.0428003 -0.0102185 0.999031 -0.0899397 0 0 0 1 
39885980090178;0.543046;1.04814;0.993536 0.0661707 0.0922324 -0.48038 -0.0616357 0.996786 -0.0511819 1.13039 -0.0953226 0.0451663 0.994421 0.68217 0 0 0 1 
39885980090179;0.361753;0.481812;0.989709 0.0299858 -0.139919 -0.360221 -0.0342504 0.999016 -0.0281708 0.472287 0.138937 0.0326732 0.989762 -0.102848 0 0 0 1 
39885980090180;0.25283;0.968991;0.998585 -0.0392592 -0.0358617 -0.427956 0.0405588 0.998519 0.0362606 0.767629 0.034385 -0.0376638 0.998699 0.0951015 0 0 0 1 
39885980090181;0.881259;1.29529;0.981671 0.0257981 -0.188832 -0.0304246 -0.00453112 0.993675 0.1122 0.674308 0.190532 -0.109288 0.975579 -0.0498197 0 0 0 1 
39885980090182;0.669254;0.450913;0.999448 0.0324601 0.00702111 -0.0409999 -0.0325904 0.999282 0.0193112 0.205715 -0.00638923 -0.0195293 0.999789 -0.548808 0 0 0 1 
39885980090183;0.198594;0.956532;0.965164 0.0771208 0.250023 -0.20852 -0.086008 0.995986 0.0248 1.21594 -0.247107 -0.04544 0.967922 0.903546 0 0 0 1 
39885980090184;0.838159;0.411012;0.999786 0.0206801 0.000189154 -0.14471 -0.0195262 0.946932 -0.320841 0.383995 -0.00681415 0.320769 0.947133 -0.747306 0 0 0 1 
39885980090186;1.03403;0.465741;0.98998 0.136733 0.0352786 0.0711191 -0.135658 0.990262 -0.0312628 -0.26723 -0.0392097 0.0261637 0.998888 -0.595442 0 0 0 1 
39885980090187;0.391456;0.0720148;0.99886 0.00867348 0.0469509 -0.0477914 -0.0124438 0.996668 0.080616 -0.0953354 -0.0460952 -0.0811083 0.995639 -0.1354 0 0 0 1 
39885980090188;0.19321;0.158821;0.995107 -0.0121293 -0.0980523 0.0289881 0.00222372 0.994934 -0.100508 -0.124987 0.0987747 0.0997981 0.990093 -0.557379 0 0 0 1 
39885980090189;0.694654;0.268603;0.965916 -0.149826 0.211087 0.148783 0.133481 0.98698 0.0897421 -0.62411 -0.221784 -0.0585071 0.973339 1.23482 0 0 0 1 
39885980090190;0.710931;0.174426;0.99914 0.00857851 -0.0405711 -0.0457012 0.00129375 0.971444 0.237267 -0.0294266 0.0414479 -0.237115 0.970597 0.70872 0 0 0 1 
39885980090191;0.303973;0.308118;0.997925 0.0584322 0.0270392 -0.302972 -0.058558 0.998276 0.00388155 0.0335327 -0.0267658 -0.00545686 0.999627 -0.0950409 0 0 0 1 
39885980090192;0.937341;0.161378;0.999748 0.0139284 0.0176142 0.00321838 -0.013934 0.999903 0.000196559 -0.384611 -0.0176097 -0.000441946 0.999845 0.775526 0 0 0 1 
39885980090193;0.0973903;0.109497;0.99984 0.0155919 0.00875272 -0.0167789 -0.0156411 0.999862 0.00557526 0.0377322 -0.00866459 -0.00571127 0.999946 0.0463189 0 0 0 1 
39885980090194;0.330993;0.234553;0.99767 -0.0636854 0.024469 0.00584872 0.0646622 0.997046 -0.0414511 -0.644558 -0.0217569 0.0429368 0.998841 0.129777 0 0 0 1 
39885980090195;0.913121;0.247848;0.999942 0.00933307 0.00540862 -0.119034 -0.00903522 0.99857 -0.0526992 -0.00558449 -0.00589272 0.0526473 0.998596 -0.832826 0 0 0 1 
39885980090196;0.843835;0.26492;0.993803 0.081047 0.0760705 -0.17515 -0.0834773 0.996078 0.0293259 0.139813 -0.0733954 -0.0354943 0.996671 -0.498045 0 0 0 1 
39885980090197;0.709255;0.121513;0.998585 0.0426411 0.0317839 -0.13255 -0.0466394 0.989329 0.138035 -0.0768461 -0.0255588 -0.139322 0.989917 -0.442284 0 0 0 1 
39885980090198;1.04503;0.563632;0.99856 -0.0278833 -0.045833 -0.032218 0.0227697 0.993832 -0.108535 -0.154774 0.0485766 0.107335 0.993036 0.631372 0 0 0 1 
39885980090199;0.0833687;0.0612258;0.999242 0.0042838 0.0386801 -0.0179048 -0.00418091 0.999988 -0.00274061 -0.00455677 -0.0386914 0.00257681 0.999248 0.0882136 0 0 0 1 
39885980090200;1.06244;0.614659;0.999781 -0.0139045 -0.0156186 -0.0120777 0.0136149 0.999736 -0.018499 -0.0623083 0.0158717 0.0182823 0.999707 0.760555 0 0 0 1 
39885980090201;0.454509;0.396836;0.970882 -0.113855 -0.210774 -0.0855133 0.105252 0.993104 -0.0516298 -0.368408 0.215199 0.027942 0.97617 -0.440387 0 0 0 1 
39885980090202;0.602175;0.353971;0.92335 0.0437959 -0.381453 -0.158636 -0.0180471 0.997326 0.0708212 -0.0328616 0.383534 -0.0585087 0.921671 -0.922545 0 0 0 1 
39885980090203;0.367742;0.246369;0.913024 -0.0114114 0.407746 0.149414 -0.0580157 0.985814 0.157498 0.195348 -0.403759 -0.167455 0.899409 1.551 0 0 0 1 
39885980090204;1.06319;0.281507;0.972953 0.0854261 0.214628 0.038369 -0.0646007 0.992659 -0.102249 -0.0489006 -0.221787 0.0856184 0.971329 1.6126 0 0 0 1 
39885980090205;0.675409;0.20442;0.997037 0.0769164 0.00124103 -0.553592 -0.0766262 0.994441 -0.0722192 -0.217467 -0.00678897 0.0719101 0.997388 -0.280983 0 0 0 1 
39885980090206;0.947378;0.320594;0.995918 0.0415124 0.0801558 -0.291069 -0.0479972 0.995578 0.0807475 -0.36507 -0.0764493 -0.0842652 0.993506 1.14671 0 0 0 1 
39885980090207;0.975527;0.370185;0.998174 -0.0467172 -0.0382791 -0.0351794 0.0476995 0.998545 0.0251639 -0.221063 0.0370478 -0.0269439 0.99895 -0.936508 0 0 0 1 
39885980090208;0.357335;0.241206;0.964791 0.124544 0.231662 -0.182508 -0.106129 0.990237 -0.090374 0.285254 -0.240656 0.062606 0.968589 0.493848 0 0 0 1 
39885980090209;0.567849;0.203033;0.988501 0.15081 0.0110319 -0.545469 -0.150918 0.988498 0.00974662 0.168589 -0.00943518 -0.0112995 0.999892 0.159495 0 0 0 1 
39885980090210;0.29383;0.265375;0.977446 0.00194983 0.211178 -0.0146387 -0.0196045 0.996477 0.0815394 -0.123643 -0.210275 -0.0838404 0.974041 0.970702 0 0 0 1 
39885980090211;0.573799;0.493234;0.997642 0.0384597 0.0568513 -0.342769 -0.0120848 0.913755 -0.406085 -0.233377 -0.0675661 0.40444 0.912065 0.00776334 0 0 0 1 
39885980090212;0.324919;0.541854;0.996627 0.0673833 -0.0468456 -0.210407 -0.0632659 0.99442 0.084421 -0.251952 0.0522728 -0.0811725 0.995328 0.158985 0 0 0 1 
39885980090213;0.920265;0.332505;0.989914 -0.0823153 -0.115299 0.0560484 0.0907474 0.993418 0.0698929 -0.813866 0.108787 -0.0796511 0.990869 0.497318 0 0 0 1 
39885980090214;0.527822;0.58188;0.986745 0.153141 0.0536824 -0.293855 -0.153908 0.98803 0.010433 0.277207 -0.0514421 -0.0185568 0.998504 0.497173 0 0 0 1 
39885980090215;0.58213;0.467443;0.971876 -0.219398 0.0855684 0.0950619 0.221871 0.974862 -0.0204264 -1.07961 -0.0789359 0.0388371 0.996123 0.245905 0 0 0 1 
39885980090217;1.03417;0.90477;0.99924 0.0334302 -0.020028 0.0220722 -0.0345492 0.997695 -0.0584111 0.186444 0.0180292 0.0590586 0.998092 -0.582451 0 0 0 1 
39885980090218;0.202378;0.746594;0.980675 0.193026 -0.0318846 0.0131669 -0.192707 0.981172 0.0128404 1.03765 0.0337628 -0.00644793 0.999409 -0.192051 0 0 0 1 
39885980090219;0.470141;1.20111;0.994078 -0.00374564 0.1086 0.120449 -0.00314212 0.997997 0.0631825 0.736683 -0.10862 -0.0631496 0.992076 0.411151 0 0 0 1 
39885980090220;1.3181;0.716882;0.979764 -0.0657231 -0.189059 0.0988201 0.0492266 0.994664 -0.0906699 0.613387 0.194009 0.0795283 0.977771 -0.41296 0 0 0 1 
39885980090221;1.15923;1.08536;0.940992 0.0388622 0.336191 -0.0933931 0.0210865 0.984722 -0.17285 0.152773 -0.337772 0.16974 0.925796 0.723308 0 0 0 1 
39885980090222;0.407338;0.406756;0.977232 -0.0494164 0.206341 0.10886 0.0254035 0.992755 0.117443 0.115018 -0.210649 -0.109527 0.971407 0.882382 0 0 0 1 
39885980090223;0.517255;0.403966;0.981708 -0.00152885 0.190388 -0.0389641 -0.0158374 0.995846 0.0896603 0.183159 -0.189734 -0.0910355 0.977606 0.79466 0 0 0 1 
39885980090224;1.08029;1.07954;0.992306 -0.0238177 0.1215 0.0211382 0.0124006 0.995507 0.0938716 -0.0312784 -0.12319 -0.0916426 0.988143 0.521491 0 0 0 1 
39885980090225;0.715361;0.477335;0.996123 -0.0273651 -0.083603 -0.0194698 0.00482489 0.965949 -0.258688 0.105837 0.0878353 0.257282 0.962336 0.1437 0 0 0 1 
39885980090226;0.549209;0.46862;0.955373 -0.00451827 0.295367 0.0902516 -0.0260767 0.99469 0.0995617 0.0846871 -0.294249 -0.102821 0.950182 1.00199 0 0 0 1 
39885980090227;1.15995;1.21397;0.914203 0.405253 0.00158639 1.04469 -0.404893 0.913213 0.0458702 2.03877 0.0171403 -0.042577 0.998946 -0.495163 0 0 0 1 
39885980090228;0.215505;0.334907;0.995113 -0.0782935 0.0601657 0.057241 0.0789114 0.99685 -0.00795849 -0.00999875 -0.059353 0.0126673 0.998157 0.0129474 0 0 0 1 
39885980090229;0.121617;1.33291;0.958085 0.286436 0.00530853 0.383973 -0.286353 0.956915 0.0481172 1.71797 0.00870267 -0.0476205 0.998828 -0.0589559 0 0 0 1 
39885980090230;1.03093;1.65347;0.964089 0.265551 -0.00396084 0.49539 -0.265549 0.964097 0.00117821 1.42913 0.00413151 -8.4101e-05 0.999991 0.490486 0 0 0 1 
39885980090231;0.888653;0.849267;0.993445 -0.00902053 0.113958 0.014341 -0.00529112 0.992185 0.124664 0.0357836 -0.114192 -0.12445 0.985633 0.527288 0 0 0 1 
39885980090232;0.59802;1.00042;0.97692 0.0490938 -0.207886 0.409297 -0.112284 0.945947 -0.304263 0.85988 0.181712 0.320583 0.929628 -0.41607 0 0 0 1 
39885980090233;0.0427632;0.893794;0.97149 0.237081 -9.46104e-05 0.205693 -0.23708 0.971485 -0.00314215 1.36232 -0.000653031 0.003075 0.999995 -0.015417 0 0 0 1 
39885980090234;0.404716;0.281319;0.98808 0.0648191 -0.139629 0.0231555 -0.0046226 0.919114 0.393964 0.140904 0.153871 -0.388623 0.908458 -0.44277 0 0 0 1 
39885980090235;0.881271;0.943587;0.9944 0.00078989 -0.105681 0.660322 -0.0208439 0.981796 -0.188791 0.959379 0.103608 0.189937 0.976314 -0.620089 0 0 0 1 
39885980090236;1.0378;0.395286;0.999004 0.0442111 -0.00604649 0.00478671 -0.044235 0.999014 -0.00387281 0.416584 0.00586931 0.00413642 0.999974 -0.843721 0 0 0 1 
39885980090237;0.452033;0.305034;0.977179 0.0514097 -0.206102 0.096223 0.0113021 0.956313 0.292127 0.11407 0.212116 -0.287789 0.933908 -0.774909 0 0 0 1 
39885980090238;0.922552;0.385173;0.945961 0.0704788 -0.316528 0.260614 -0.137064 0.971518 -0.193303 1.14579 0.293889 0.226242 0.928679 -0.365786 0 0 0 1 
39885980090239;0.393854;0.371314;0.995464 -0.0362684 -0.0879513 0.0127664 0.0110677 0.962353 -0.271577 0.0749057 0.0944899 0.269372 0.95839 -0.276299 0 0 0 1 
39885980090240;0.68439;0.402791;0.998123 0.0597353 0.0135268 -0.0130454 -0.0582586 0.994119 -0.0912833 0.87066 -0.0189 0.0903239 0.995733 -0.24715 0 0 0 1 
39885980090241;0.655728;0.374037;0.961413 0.129519 0.242713 0.0978341 -0.0547521 0.954676 -0.292567 0.698481 -0.269605 0.267988 0.92493 0.313938 0 0 0 1 
39885980090242;0.353633;0.380705;0.90994 0.114698 0.398565 0.285566 -0.00493167 0.963923 -0.266137 0.383431 -0.414712 0.240203 0.877677 1.18353 0 0 0 1 
39885980090243;1.27115;0.893889;0.997004 -0.0691126 0.0347269 0.201301 0.0683272 0.99739 0.0233176 0.489642 -0.0362478 -0.020875 0.999125 0.849591 0 0 0 1 
39885980090244;0.554019;1.72928;0.987446 0.0553908 0.147924 0.461637 -0.0833961 0.978153 0.190425 1.23188 -0.134145 -0.200371 0.970493 0.287766 0 0 0 1 
39885980090245;0.651828;0.299185;0.99824 0.0201228 -0.0557811 -0.0128308 -0.0222574 0.999033 -0.0379132 0.388071 0.0549642 0.0390881 0.997723 0.276972 0 0 0 1 
39885980090246;0.546588;1.01352;0.994669 0.0133212 -0.10226 0.250897 -0.00257198 0.994518 0.104536 0.606741 0.103092 -0.103716 0.98925 -0.571185 0 0 0 1 
39885980090248;0.37448;0.189676;0.953624 -0.226987 0.19768 -0.153313 0.218526 0.973736 0.0639078 0.212637 -0.206995 -0.0177456 0.978181 0.0324028 0 0 0 1 
39885980090249;0.482365;0.284848;0.981817 -0.187321 -0.0307515 0.10116 0.187547 0.982245 0.00461533 0.0663002 0.029341 -0.0102988 0.999516 -0.324568 0 0 0 1 
39885980090250;0.869457;0.365019;0.916407 0.0798383 0.392205 0.0456924 -0.145155 0.979486 0.139776 -0.461538 -0.373 -0.185022 0.909196 0.301655 0 0 0 1 
39885980090251;0.521745;0.393022;0.998974 -0.0222302 -0.039449 0.00780859 0.0216901 0.999666 -0.0140675 -0.00539426 0.0397486 0.0131974 0.999123 0.307242 0 0 0 1 
39885980090252;1.01023;0.0651591;0.996696 0.0796138 0.0161047 0.307179 -0.0811211 0.965552 0.247242 -0.164013 0.00413397 -0.247732 0.96882 -0.938448 0 0 0 1 
39885980090253;0.430197;0.121718;0.978542 0.124902 -0.163875 0.129581 -0.0828816 0.966749 0.241925 0.251781 0.188643 -0.223151 0.956356 -0.0922252 0 0 0 1 
39885980090254;0.437029;0.113045;0.998833 -0.045412 0.016442 0.00638333 0.0460935 0.997978 -0.043759 0.117263 -0.0144216 0.0444658 0.998907 0.410064 0 0 0 1 
39885980090255;0.581357;0.140888;0.99597 0.0316422 0.0839232 0.0626425 -0.0309943 0.999479 -0.00901269 -0.264853 -0.0841646 0.00637523 0.996431 0.378637 0 0 0 1 
39885980090256;0.383432;0.25272;0.959468 -0.276721 0.0533453 -0.112782 0.279332 0.958895 -0.0499462 0.308176 -0.0373314 0.0628229 0.997326 0.0153668 0 0 0 1 
39885980090257;0.931685;0.22139;0.985484 0.155492 -0.0681378 0.0225618 -0.159986 0.984887 -0.0663534 0.06519 0.0567906 0.0762913 0.995467 -0.841345 0 0 0 1 
