#;prob_registration_l1 -r /home/probabilistic_point_clouds_registration/build/tester /home/point_clouds_registration_benchmark//devel/registration_pairs/plain_local.txt /home/point_clouds_registration_benchmark//eth/plain -s 0.2 -t 0.2 -p 0.3 -r 1000 -m 1 -i 40 
id;initial_error;final_error;transformation
4215528470000;0.567788;0.492631;0.962197 -0.0367221 0.269868 0.311261 0.0211763 0.997956 0.0602934 -0.148517 -0.271531 -0.0522993 0.961008 1.93434 0 0 0 1 
4215528470001;0.547226;0.445394;0.991312 0.102372 -0.0825818 -0.3944 -0.0592745 0.9082 0.414317 0.524891 0.117415 -0.405822 0.906378 1.06651 0 0 0 1 
4215528470002;0.032832;0.0177266;0.999981 0.00418829 0.0045018 -0.0118861 -0.00419348 0.999991 0.00114552 0.00438874 -0.00449696 -0.00116438 0.999989 0.0320225 0 0 0 1 
4215528470003;0.731607;0.595319;0.996426 -0.0141688 0.0832726 0.0423965 0.014341 0.999896 -0.00146942 -0.200915 -0.0832431 0.00265838 0.996526 0.364939 0 0 0 1 
4215528470004;0.518474;0.20441;0.966268 0.0735154 -0.246823 -0.183961 -0.0164396 0.974045 0.225757 0.18516 0.257014 -0.214085 0.942397 -0.202672 0 0 0 1 
4215528470005;0.0948906;0.0733923;0.999586 0.0166259 0.0234817 -0.0764785 -0.0144738 0.995925 -0.0890195 0.122864 -0.024866 0.0886428 0.995753 -0.287169 0 0 0 1 
4215528470006;0.93827;0.65316;0.998151 -0.052403 -0.0307865 0.127309 0.0389557 0.940433 -0.33774 0.00618717 0.0466512 0.335916 0.940736 -1.44921 0 0 0 1 
4215528470007;0.649378;0.559589;0.994107 -0.0477327 -0.0973275 0.237311 0.0103201 0.935431 -0.353358 0.326137 0.10791 0.350271 0.930412 -2.01667 0 0 0 1 
4215528470008;0.524363;0.425309;0.963031 0.0242978 -0.268293 0.194254 -0.0607922 0.989836 -0.128568 0.469331 0.262442 0.140125 0.954719 -2.32497 0 0 0 1 
4215528470009;0.400063;0.335022;0.969969 -0.041743 0.239618 0.22801 0.0540156 0.997531 -0.0448781 -0.357785 -0.237153 0.0564735 0.969829 1.32158 0 0 0 1 
4215528470010;0.581956;0.495997;0.993943 -0.0612249 -0.0912571 0.475063 0.0341334 0.96135 -0.273205 0.0551641 0.104457 0.268436 0.957617 -2.02669 0 0 0 1 
4215528470011;0.358216;0.131249;0.987838 -0.0737751 0.136872 0.380513 0.103649 0.968603 -0.225974 -0.516319 -0.115903 0.237413 0.96447 -0.167251 0 0 0 1 
4215528470012;0.581653;0.383052;0.98468 0.1041 -0.139884 -0.311845 -0.0603266 0.956076 0.286844 0.420006 0.1636 -0.274011 0.947709 -0.128415 0 0 0 1 
4215528470013;0.612837;0.0561026;0.982409 -0.0459821 0.180993 0.116611 0.0445223 0.998935 0.0121218 -0.259477 -0.181358 -0.00385031 0.98341 0.57599 0 0 0 1 
4215528470014;0.871128;0.609908;0.998953 -0.0199948 0.0411446 0.00814671 0.0210168 0.999477 -0.0245571 -0.238849 -0.040632 0.0253961 0.998851 0.698205 0 0 0 1 
4215528470015;0.0605696;0.0206254;0.999906 -0.00187356 0.0135661 0.028931 0.00208851 0.999872 -0.0158473 -0.030283 -0.0135347 0.0158741 0.999782 0.0077815 0 0 0 1 
4215528470016;0.462589;0.139818;0.97115 -0.0469287 0.233805 0.223181 0.0932803 0.977081 -0.19134 -0.507517 -0.219467 0.207629 0.95327 0.764206 0 0 0 1 
4215528470017;0.763704;0.286908;0.99489 0.0452176 0.0902785 -0.301301 -0.0793312 0.903176 0.421876 0.743946 -0.0624612 -0.426882 0.902148 3.003 0 0 0 1 
4215528470018;0.320962;0.319888;0.998464 -0.00713322 0.0549509 -0.0190047 0.00225534 0.996089 0.0883233 -0.0529189 -0.055366 -0.0880637 0.994575 0.644061 0 0 0 1 
4215528470019;0.470754;0.288514;0.90413 0.12962 -0.407121 0.0305995 -0.074274 0.986045 0.148991 0.556161 0.420752 -0.104469 0.90114 -2.06461 0 0 0 1 
4215528470020;0.901423;0.688184;0.988327 -0.0359761 0.148038 0.109626 0.051425 0.993465 -0.101891 -0.219068 -0.143405 0.108315 0.983719 0.00981873 0 0 0 1 
4215528470021;0.310289;0.0844278;0.999793 0.008608 -0.0184473 -0.169047 -0.00672532 0.994986 0.0997927 -0.0203406 0.0192138 -0.099648 0.994837 0.555936 0 0 0 1 
4215528470022;0.501427;0.197105;0.982258 0.0229251 -0.186126 0.192379 -0.0387612 0.995887 -0.0818942 0.292264 0.183483 0.0876557 0.979107 -1.95079 0 0 0 1 
4215528470023;0.509895;0.367233;0.994408 -0.0207693 0.103543 0.0997533 0.035767 0.98876 -0.145169 -0.0526527 -0.0993637 0.14806 0.983974 -0.360277 0 0 0 1 
4215528470024;0.756959;0.411932;0.998363 -0.0189072 0.0539795 0.0740471 0.0181076 0.99972 0.0152642 -0.155906 -0.0542529 -0.0142618 0.998425 0.971516 0 0 0 1 
4215528470025;0.187466;0.107775;0.996352 0.0468261 -0.0713425 -0.177929 -0.0403555 0.995161 0.0895851 0.279082 0.0751922 -0.0863792 0.993421 -0.100244 0 0 0 1 
4215528470026;0.0729172;0.0523633;0.999789 -0.0205515 -4.86164e-05 0.108182 0.0205499 0.999735 -0.0103529 -0.0832075 0.000261372 0.0103498 0.999946 -0.095573 0 0 0 1 
4215528470027;0.80863;0.244055;0.997388 6.62551e-05 -0.0722251 -0.114346 -0.00980732 0.990862 -0.134525 -0.0284095 0.0715562 0.134882 0.988275 -0.417176 0 0 0 1 
4215528470028;0.511375;0.463274;0.995927 0.0440217 -0.0786924 -0.243288 -0.0299578 0.984692 0.171708 0.106525 0.0850467 -0.168651 0.982 0.387186 0 0 0 1 
4215528470029;0.874225;0.506675;0.881366 0.076689 -0.466169 0.698947 -0.0480096 0.996168 0.073109 0.436852 0.469989 -0.0420552 0.88167 -3.12329 0 0 0 1 
4215528470031;0.986719;0.137511;0.999763 -0.00830026 0.0201481 0.0356852 0.00827681 0.999965 0.00124689 -0.365358 -0.0201577 -0.00107983 0.999796 0.921243 0 0 0 1 
4215528470032;1.06872;0.125142;0.998147 -0.0532317 0.0294909 0.123199 0.060855 0.872715 -0.484422 -0.00333774 4.94431e-05 0.485319 0.874337 -2.55686 0 0 0 1 
4215528470033;0.525088;0.253528;0.999743 -0.0178902 0.0139048 0.0651083 0.0183236 0.99933 -0.0316959 -0.116772 -0.0133285 0.0319425 0.999401 -0.398345 0 0 0 1 
4215528470034;0.461314;0.0238388;0.998068 0.0599265 0.016427 -0.440144 -0.0601997 0.998047 0.0166763 0.476942 -0.0153956 -0.0176329 0.999726 -0.116491 0 0 0 1 
4215528470035;0.980295;0.786527;0.999907 0.000163901 -0.013612 -0.152397 -0.000188132 0.999998 -0.00177889 -0.0102722 0.0136116 0.00178128 0.999906 0.0581933 0 0 0 1 
4215528470036;1.14169;0.421118;0.998648 0.0499878 0.0142637 -0.417487 -0.0519813 0.962483 0.266317 0.442643 -0.000415997 -0.266698 0.96378 2.27806 0 0 0 1 
4215528470037;0.241412;0.181917;0.99988 0.000385161 0.015508 0.0195482 3.85041e-05 0.999627 -0.0273095 0.022906 -0.0155128 0.0273068 0.999507 0.0519226 0 0 0 1 
4215528470038;0.130156;0.101019;0.999448 0.014647 0.0298098 -0.127525 -0.014974 0.99983 0.0107776 0.15479 -0.0296469 -0.011218 0.999497 0.340046 0 0 0 1 
4215528470039;0.797747;0.461305;0.994836 -0.0669277 -0.0762957 0.294692 0.0448969 0.964409 -0.260574 -0.332818 0.0910199 0.255803 0.962435 -1.72969 0 0 0 1 
4215528470040;0.689028;0.612962;0.997387 -0.00415529 -0.0721222 0.138932 0.0112696 0.995071 0.0985176 -0.16422 0.0713574 -0.099073 0.992518 -0.440682 0 0 0 1 
4215528470041;0.231676;0.128196;0.956183 -0.0428019 -0.289624 0.961671 0.00593626 0.991887 -0.126987 0.073288 0.29271 0.119703 0.948679 -3.27864 0 0 0 1 
4215528470042;0.841266;0.727872;0.989178 -0.0348319 0.142523 0.0973659 0.0196544 0.994114 0.106546 -0.132735 -0.145396 -0.102591 0.98404 1.5179 0 0 0 1 
4215528470043;0.639843;0.63934;0.996646 0.0200638 -0.0793341 -0.023488 -0.0176829 0.999375 0.0306012 0.121423 0.0798985 -0.0290957 0.996378 -0.658964 0 0 0 1 
4215528470044;0.994474;0.0797652;0.99992 0.00487623 0.0116672 0.0446889 -0.00472867 0.999909 -0.0126422 0.072063 -0.0117278 0.012586 0.999852 -0.798207 0 0 0 1 
4215528470045;0.386524;0.0680085;0.994801 0.0114996 0.101183 -0.188889 -0.0580333 0.88049 0.470499 0.595948 -0.0836798 -0.473925 0.87658 3.44021 0 0 0 1 
4215528470046;1.07289;0.593082;0.977029 0.0572027 -0.205286 -0.161466 -0.0459636 0.997193 0.0591092 0.27671 0.208091 -0.0483157 0.976915 -0.860808 0 0 0 1 
4215528470047;0.459821;0.454565;0.993313 -0.0157219 0.11438 0.0282302 0.0165509 0.999843 -0.00630169 -0.167956 -0.114263 0.00815264 0.993417 0.895787 0 0 0 1 
4215528470048;0.649857;0.567787;0.999279 0.0203541 -0.0320376 -0.140547 -0.0199657 0.999724 0.0123957 0.144445 0.0322811 -0.0117471 0.99941 -0.105147 0 0 0 1 
4215528470049;0.633618;0.260068;0.999938 0.000600839 -0.011162 -0.0237035 0.00109156 0.988534 0.150998 -0.102101 0.0111248 -0.151 0.988471 1.16852 0 0 0 1 
4215528470050;0.671958;0.34038;0.997825 0.0365849 -0.0548388 -0.130553 -0.0351295 0.999011 0.0272715 0.300086 0.0557822 -0.0252857 0.998123 -0.775113 0 0 0 1 
4215528470051;0.865997;0.57096;0.997279 -0.0264281 -0.0688195 0.402327 0.0130962 0.982196 -0.187402 0.2111 0.0725469 0.185991 0.979869 -2.13988 0 0 0 1 
4215528470052;0.470145;0.443369;0.998542 0.00965245 -0.0531154 0.00470033 -0.0110737 0.999587 -0.0265282 0.128992 0.0528374 0.0270777 0.998236 -0.649647 0 0 0 1 
4215528470053;1.01323;0.265553;0.993519 -0.0181837 0.112206 0.12732 0.0295963 0.994456 -0.1009 -0.116516 -0.109749 0.103567 0.988549 -0.345821 0 0 0 1 
4215528470054;0.877545;0.616877;0.999124 0.0248176 -0.0337092 0.033651 -0.0237825 0.999244 0.0307671 0.21063 0.0344473 -0.0299384 0.998958 -0.667001 0 0 0 1 
4215528470055;0.503431;0.147988;0.996948 -0.0104915 0.0773547 -0.128155 0.0197301 0.99262 -0.119655 0.223477 -0.0755285 0.120816 0.989797 0.188221 0 0 0 1 
4215528470056;0.338949;0.215096;0.993536 -0.0846374 0.0756428 0.434272 0.0986568 0.973432 -0.206635 -0.53036 -0.0561441 0.212762 0.97549 -0.741148 0 0 0 1 
4215528470057;0.60477;0.047769;0.999679 -0.0198734 0.0156861 0.130477 0.0194053 0.999378 0.0294519 -0.152379 -0.0162617 -0.0291381 0.999443 -0.199062 0 0 0 1 
4215528470058;0.117082;0.10072;0.999099 -0.0310852 0.0289009 0.139588 0.0319565 0.999033 -0.0301905 -0.257963 -0.0279345 0.0310869 0.999126 0.0398395 0 0 0 1 
4215528470059;0.289428;0.308022;0.99841 -0.0284986 -0.0486287 0.244161 0.0232424 0.994156 -0.105423 -0.0830697 0.0513489 0.104126 0.993238 -1.09681 0 0 0 1 
4215528470060;0.876862;0.543032;0.963178 0.0649684 -0.260899 0.459871 -0.0420941 0.994838 0.0923308 0.361206 0.26555 -0.0779487 0.960941 -2.39886 0 0 0 1 
4215528470062;1.03489;0.660384;0.961308 -0.0916293 0.25979 0.21379 0.159913 0.953514 -0.25542 -1.60735 -0.224309 0.287081 0.931273 2.71509 0 0 0 1 
4215528470063;0.150783;0.116603;0.997312 0.0361776 0.0637126 -0.261719 -0.0423918 0.994179 0.0990506 0.415218 -0.0597583 -0.101485 0.993041 1.16497 0 0 0 1 
4215528470064;1.26892;0.199226;0.979608 0.0828733 -0.183032 0.583643 -0.0601733 0.990169 0.126274 0.655866 0.191697 -0.112686 0.974964 -3.0068 0 0 0 1 
4215528470065;0.672821;0.337546;0.999717 -0.0229418 0.00634206 0.014074 0.0232192 0.998586 -0.0478238 -0.232722 -0.00523593 0.0479575 0.998836 -0.350926 0 0 0 1 
4215528470066;0.971407;0.303152;0.974728 -0.0559756 0.21627 0.0315508 0.136909 0.914668 -0.380312 -1.05554 -0.176527 0.40031 0.899216 1.76744 0 0 0 1 
4215528470067;0.479383;0.584996;0.998355 -0.0334113 0.0466015 -0.0749384 0.0400156 0.988046 -0.148877 -0.252434 -0.0410703 0.150496 0.987757 0.102128 0 0 0 1 
4215528470068;1.75898;1.48167;0.996722 0.0725166 -0.0358661 -0.031662 -0.0652771 0.982763 0.172962 0.807844 0.0477905 -0.170054 0.984275 -0.339972 0 0 0 1 
4215528470069;1.1695;0.314135;0.996393 -0.0453101 0.0717535 -0.114972 0.0415798 0.997747 0.0526551 -0.664522 -0.0739776 -0.0494817 0.996032 1.84184 0 0 0 1 
4215528470070;0.627154;0.22821;0.999923 -0.00533735 0.0112126 -0.0177048 0.00497852 0.999482 0.0317902 -0.0304143 -0.0113764 -0.0317319 0.999432 -0.0217941 0 0 0 1 
4215528470071;1.13782;0.361474;0.988594 0.025837 -0.148375 0.642189 -0.0146298 0.99699 0.0761332 0.157427 0.149896 -0.0730941 0.985996 -2.41683 0 0 0 1 
4215528470072;1.12233;0.82176;0.998542 0.0104036 -0.0529631 -0.113785 -0.00954175 0.999818 0.0164991 0.0820192 0.0531251 -0.0159697 0.99846 -0.28042 0 0 0 1 
4215528470073;0.253366;0.0807829;0.958169 -0.092458 0.270856 0.307854 0.167554 0.948462 -0.268972 -1.6615 -0.232028 0.303103 0.924279 2.42077 0 0 0 1 
4215528470074;0.891847;0.368193;0.922777 0.167617 -0.346968 1.44051 -0.0860359 0.967326 0.238491 0.802758 0.375606 -0.190222 0.907048 -4.88888 0 0 0 1 
4215528470075;0.661748;0.363547;0.99853 0.00484578 0.0539869 -0.221092 -0.00530681 0.999951 0.0083996 0.0803076 -0.0539436 -0.00867375 0.998506 1.09593 0 0 0 1 
4215528470076;1.55682;0.510191;0.999761 0.0051167 -0.0212392 0.150174 -0.00519916 0.999979 -0.00382902 0.232782 0.0212192 0.00393853 0.999767 -1.14676 0 0 0 1 
4215528470077;0.434483;0.412062;0.999457 -0.0327115 0.00383403 0.106164 0.0328968 0.997133 -0.0681493 -0.251703 -0.00159377 0.0682384 0.997668 -0.306663 0 0 0 1 
4215528470078;1.12372;1.16515;0.96301 -0.0408325 0.266354 0.0421172 0.0436752 0.999034 -0.00475537 -0.581105 -0.265903 0.0162125 0.963863 3.84318 0 0 0 1 
4215528470079;1.36039;1.18694;0.99339 -0.0260331 0.111793 -0.249583 0.041655 0.989308 -0.139766 -0.35153 -0.106959 0.143499 0.983853 1.35724 0 0 0 1 
4215528470080;1.57691;1.29504;0.981997 0.110057 -0.153526 0.26283 -0.0771391 0.975525 0.205912 0.923391 0.17243 -0.190362 0.966452 -1.65445 0 0 0 1 
4215528470081;1.29705;1.26089;0.997631 0.0540179 -0.0425867 -0.123607 -0.0482566 0.990815 0.126318 0.497518 0.0490189 -0.123963 0.991075 -0.258144 0 0 0 1 
4215528470082;0.754436;0.310348;0.996904 -0.0360577 -0.0698665 0.261779 0.0256872 0.989242 -0.144018 -0.309899 0.0743079 0.141778 0.987106 -1.30394 0 0 0 1 
4215528470083;1.36137;0.511248;0.995345 -0.0138588 0.0953772 -0.323815 0.0197359 0.997945 -0.0609551 -0.17956 -0.0943365 0.0625537 0.993573 1.82731 0 0 0 1 
4215528470084;1.66015;1.39219;0.985135 -0.0108362 -0.171441 0.558678 -0.00145113 0.997448 -0.0713838 0.199299 0.171777 0.0705715 0.982605 -2.93367 0 0 0 1 
4215528470085;1.13067;0.258576;0.99961 0.017546 -0.0217188 -0.231542 -0.0158048 0.996836 0.0778963 -0.0876828 0.0230168 -0.0775226 0.996725 0.538315 0 0 0 1 
4215528470086;1.1632;1.16869;0.930325 -0.0276287 0.365693 0.261475 0.0173269 0.999356 0.0314233 -0.279897 -0.366326 -0.0228975 0.930205 5.49343 0 0 0 1 
4215528470087;0.757202;0.644946;0.997577 -0.0137155 0.0682125 -0.199179 0.0205866 0.994666 -0.101071 -0.126479 -0.0664624 0.102231 0.992538 0.837298 0 0 0 1 
4215528470088;1.28516;0.660948;0.999667 -0.0239962 0.00953255 -0.0964681 0.0243337 0.999018 -0.0370338 -0.371529 -0.00863452 0.0372534 0.999269 0.612398 0 0 0 1 
4215528470089;0.703952;0.359562;0.99789 0.031781 -0.0566162 -0.122347 -0.0295066 0.998741 0.0405658 0.355192 0.0578341 -0.0388096 0.997572 -0.358203 0 0 0 1 
4215528470090;1.03548;0.494214;0.961153 -0.101823 0.25655 0.20356 0.194599 0.909144 -0.368224 -1.57661 -0.195747 0.403844 0.89364 1.21533 0 0 0 1 
4215528470091;1.49069;1.41622;0.998955 0.0428485 0.015873 -0.155456 -0.0442448 0.99383 0.101707 0.498375 -0.0114171 -0.102303 0.994688 0.572478 0 0 0 1 
4215528470093;0.435815;0.362365;0.999308 -0.0213736 0.0304276 0.071909 0.0135874 0.971597 0.23625 -0.0786012 -0.0346129 -0.235673 0.971216 0.258515 0 0 0 1 
4215528470094;0.626818;0.0865498;0.999891 0.0100269 0.0108121 -0.00929051 -0.00962538 0.999285 -0.0365729 0.0665285 -0.0111711 0.0364649 0.999272 -0.645697 0 0 0 1 
4215528470095;0.64508;0.548441;0.999537 -0.0270991 -0.0138116 0.105879 0.0262163 0.997822 -0.0605244 -0.0585006 0.0154217 0.0601343 0.998071 -0.399337 0 0 0 1 
4215528470096;0.715932;0.621888;0.999955 -0.00898173 0.00290957 -0.00273078 0.00911497 0.998729 -0.0495768 -0.0304367 -0.00246059 0.0496011 0.998766 -0.349753 0 0 0 1 
4215528470097;0.899584;0.850862;0.99887 -0.0453571 0.0141873 0.154967 0.0472869 0.978359 -0.201439 -0.253635 -0.00474355 0.201882 0.979398 0.303119 0 0 0 1 
4215528470098;0.598276;0.412449;0.989612 -0.0255868 0.141466 -0.0230655 0.00172261 0.986074 0.1663 -0.0766854 -0.143751 -0.164329 0.975875 0.101104 0 0 0 1 
4215528470099;0.333474;0.197654;0.97297 0.087239 -0.213821 0.0544252 0.00795581 0.912688 0.40858 0.162611 0.230796 -0.399237 0.887324 -0.435345 0 0 0 1 
4215528470100;0.645112;0.0229554;0.999886 -0.0150496 -0.000791081 0.00903988 0.0150466 0.99988 -0.00364103 -0.0332382 0.000845782 0.00362871 0.999993 -0.699753 0 0 0 1 
4215528470101;0.802084;0.651516;0.998928 -0.0105781 0.045077 0.107372 0.013214 0.998195 -0.0585834 -0.0324831 -0.0443759 0.0591162 0.997264 0.363841 0 0 0 1 
4215528470102;0.571321;0.25778;0.999945 -0.0104921 -0.000185957 -0.0233587 0.0104764 0.999157 -0.0396962 0.0166103 0.000602296 0.039692 0.999212 -0.560271 0 0 0 1 
4215528470103;0.118159;0.120682;0.999959 -0.00739274 -0.0051971 -1.88952e-05 0.00738981 0.999973 -0.000582612 -0.0356518 0.00520126 0.000544183 0.999986 -0.0428433 0 0 0 1 
4215528470104;0.483078;0.0825085;0.959488 -0.0131881 0.281441 0.173091 -0.0119089 0.996113 0.0872767 -0.211897 -0.281498 -0.0870926 0.955601 1.15681 0 0 0 1 
4215528470105;0.856272;0.734541;0.963736 -0.0102495 0.266662 0.0350358 0.0604167 0.981696 -0.180618 -0.195724 -0.25993 0.190178 0.946715 0.603781 0 0 0 1 
4215528470106;0.960069;0.777763;0.995597 -0.00248211 0.0937002 0.0500587 0.000514357 0.999779 0.0210188 -0.000664879 -0.0937316 -0.0208781 0.995379 0.821886 0 0 0 1 
4215528470107;0.403602;0.275581;0.953268 0.0454693 -0.298685 0.0167224 -0.0470588 0.99889 0.00187236 0.208229 0.298438 0.0122709 0.95435 -1.01584 0 0 0 1 
4215528470108;0.717513;0.66116;0.999941 -0.0011192 0.0108122 0.045981 0.00174867 0.998293 -0.058386 -0.0278549 -0.0107284 0.0584014 0.998236 0.101393 0 0 0 1 
4215528470109;0.671253;0.185225;0.999927 -0.00950423 0.00739459 0.0394048 0.00962362 0.999821 -0.0162808 -0.0629563 -0.00723853 0.0163508 0.99984 0.619851 0 0 0 1 
4215528470110;0.085073;0.0244247;0.999963 0.00779222 0.0035742 -0.00141565 -0.00776802 0.999947 -0.00673526 0.0158994 -0.00362649 0.00670725 0.999971 -0.0742171 0 0 0 1 
4215528470111;0.687198;0.0439283;0.998419 0.00453538 0.0560197 -0.166938 -0.00787201 0.998198 0.0594855 0.0242555 -0.055649 -0.0598324 0.996656 0.90246 0 0 0 1 
4215528470112;0.990082;0.22724;0.998965 0.0407747 -0.0201586 -0.103813 -0.0370273 0.986381 0.160253 0.23548 0.0264183 -0.159341 0.98687 0.967422 0 0 0 1 
4215528470113;0.115928;0.115431;0.999983 0.00273643 -0.00515457 0.00343547 -0.00274082 0.999996 -0.000844362 0.00879971 0.00515224 0.000858475 0.999986 -0.0338174 0 0 0 1 
4215528470114;0.310906;0.120629;1 -0.000321789 -0.000328831 -0.0564474 0.000320658 0.999994 -0.0034325 -0.00921929 0.000329934 0.0034324 0.999994 -0.279132 0 0 0 1 
4215528470115;0.363564;0.32733;0.999791 0.00245747 0.0202916 0.0279645 -0.000899058 0.997073 -0.0764555 0.0119637 -0.02042 0.0764213 0.996866 -0.0306486 0 0 0 1 
4215528470116;0.348278;0.259548;0.919714 -0.0559783 0.388579 0.12261 0.00839781 0.992361 0.123082 -0.0678698 -0.3925 -0.109937 0.913158 0.982772 0 0 0 1 
4215528470117;0.290367;0.263014;0.997816 -0.0056838 -0.0658053 0.0113686 0.000214387 0.996564 -0.0828254 -0.0157499 0.06605 0.0826304 0.994389 -0.160202 0 0 0 1 
4215528470118;0.65787;0.475596;0.998504 -0.0124414 0.0532417 0.0438795 0.0164847 0.996957 -0.0761915 -0.0478936 -0.0521318 0.0769552 0.995671 -0.340283 0 0 0 1 
4215528470119;0.205525;0.174388;0.995543 -0.0360648 0.0871366 0.051033 0.0453284 0.993248 -0.106787 -0.145747 -0.082697 0.110261 0.990456 0.196616 0 0 0 1 
4215528470120;0.310799;0.211499;0.995403 0.042413 -0.0858713 -0.0060672 -0.0113333 0.942462 0.334121 0.0843765 0.0951015 -0.331612 0.93861 -0.0421807 0 0 0 1 
4215528470121;0.660347;0.0412328;0.939452 -0.0315282 0.341226 0.272031 0.148887 0.934415 -0.323574 -0.500463 -0.308645 0.354787 0.882533 1.19113 0 0 0 1 
4215528470122;0.789381;0.461397;0.984865 -0.000728215 0.173324 -0.054656 -0.0207228 0.992323 0.121921 0.0176625 -0.172082 -0.123667 0.977289 -0.0227139 0 0 0 1 
4215528470124;0.80876;0.586556;0.945973 -0.0104305 0.324076 0.208979 0.0640043 0.985823 -0.155099 -0.14396 -0.317864 0.167461 0.93323 0.735747 0 0 0 1 
4215528470125;0.139303;0.108225;0.991495 -0.0246979 -0.127781 0.145369 0.00723492 0.99077 -0.13536 0.0232259 0.129945 0.133285 0.982522 -0.872702 0 0 0 1 
4215528470126;0.0966618;0.085765;0.998105 0.000824845 -0.0615215 -0.00189661 -1.73432e-05 0.999914 0.0131249 -0.00946974 0.061527 -0.013099 0.998019 -0.276279 0 0 0 1 
4215528470127;0.789796;0.269066;0.999954 -0.00908571 0.00290715 -0.130934 0.0090759 0.999953 0.00337016 -0.056311 -0.00293763 -0.00334362 0.99999 0.670695 0 0 0 1 
4215528470128;0.207096;0.0462927;0.999035 0.0354067 0.0259915 -0.0729831 -0.0352823 0.999364 -0.00522821 0.193152 -0.0261601 0.00430612 0.999648 -0.0793255 0 0 0 1 
4215528470129;0.938911;0.0857637;0.99998 0.00213363 0.00592304 -0.021881 -0.00210963 0.99999 -0.00405576 0.231599 -0.00593163 0.00404319 0.999974 0.87069 0 0 0 1 
4215528470130;0.991785;0.82911;0.985405 0.0474152 -0.16349 -0.21541 -0.0267567 0.991629 0.12632 0.160385 0.168111 -0.120102 0.978424 -0.149582 0 0 0 1 
4215528470131;0.387282;0.356299;0.999993 -0.00256478 0.00276744 -0.00805754 0.00258864 0.999959 -0.00865106 0.0060348 -0.00274514 0.00865816 0.999959 -0.116681 0 0 0 1 
4215528470132;0.92999;0.42919;0.999602 -0.0159747 0.0232551 0.0671379 0.0168637 0.999115 -0.0385458 -0.00884546 -0.0226188 0.0389227 0.998986 -0.759309 0 0 0 1 
4215528470133;0.555582;0.446115;0.999698 -0.0064579 0.0237281 0.0771739 0.0115235 0.975426 -0.220026 0.046693 -0.0217241 0.220233 0.975205 -0.601932 0 0 0 1 
4215528470134;0.99593;0.762367;0.965734 0.00322207 0.259512 -0.0901904 -0.025044 0.996414 0.0808259 0.0686541 -0.258321 -0.0845556 0.962352 0.501421 0 0 0 1 
4215528470135;1.17319;0.995146;0.987526 -0.0468193 0.150334 0.0794722 0.101796 0.918243 -0.382711 -0.513597 -0.120124 0.39324 0.911555 0.291097 0 0 0 1 
4215528470136;0.830588;0.677461;0.998499 -0.00546557 0.0544888 -0.0501841 -0.0109248 0.955125 0.296001 -0.0320103 -0.0536614 -0.296152 0.953632 0.945676 0 0 0 1 
4215528470137;0.395265;0.21977;0.98831 -0.0405075 0.146977 0.0169712 -0.0261136 0.904831 0.42497 0.290323 -0.150204 -0.42384 0.893195 1.77501 0 0 0 1 
4215528470138;1.02893;0.865857;0.995465 0.0480118 -0.0821188 0.0544061 -0.0371798 0.990988 0.12869 0.186659 0.0875574 -0.125053 0.988279 -0.404677 0 0 0 1 
4215528470139;0.649753;0.278817;0.988923 -0.0551487 -0.137803 -0.0147433 0.0239199 0.975491 -0.218734 -0.22049 0.146489 0.213015 0.966005 -0.701199 0 0 0 1 
4215528470140;0.360307;0.0436245;0.901562 -0.0441705 0.430389 0.496062 0.0805838 0.994511 -0.0667376 -0.399348 -0.425079 0.0948505 0.900173 1.7681 0 0 0 1 
4215528470141;0.657293;0.37054;0.997548 0.00561135 -0.0697611 -0.269457 -0.00719523 0.999722 -0.0224739 0.0426764 0.0696156 0.0229207 0.997311 -0.443948 0 0 0 1 
4215528470142;0.724166;0.627009;0.999996 -0.00112024 0.00262597 -0.0154792 0.00121872 0.999284 -0.0378059 -0.0274741 -0.00258174 0.0378089 0.999282 0.249351 0 0 0 1 
4215528470143;0.681426;0.128848;0.944121 0.116746 -0.308232 -0.334483 -0.0398413 0.968734 0.244883 0.369835 0.327184 -0.218919 0.919253 -1.21595 0 0 0 1 
4215528470144;0.404104;0.32059;0.999981 -0.00168652 -0.00589055 -0.0832676 0.00197064 0.998818 0.048565 0.0267815 0.00580168 -0.0485757 0.998803 -0.0132511 0 0 0 1 
4215528470145;0.189223;0.0226205;0.99773 -0.0550731 -0.0387475 0.138833 0.0417638 0.957472 -0.285488 -0.0620616 0.0528223 0.283222 0.957599 -0.888508 0 0 0 1 
4215528470146;0.235131;0.106106;0.992473 0.0313165 0.118391 -0.0890498 -0.0302785 0.999486 -0.010557 0.0595538 -0.118661 0.00689284 0.992911 0.616967 0 0 0 1 
4215528470147;0.605051;0.466057;0.999024 0.00645794 -0.0436986 -0.0645686 -0.00666638 0.999967 -0.00462603 0.02189 0.0436673 0.00491282 0.999034 -0.464863 0 0 0 1 
4215528470148;0.594371;0.296689;0.908977 -0.0494759 0.4139 0.462941 0.000393713 0.993033 0.117838 -0.0234803 -0.416846 -0.106949 0.902663 2.47613 0 0 0 1 
4215528470149;0.787506;0.697696;0.999756 0.00273398 0.0219091 -0.00663216 -0.00264721 0.999989 -0.00398823 -0.0847923 -0.0219198 0.00392926 0.999752 0.0482975 0 0 0 1 
4215528470150;0.616542;0.222199;0.985411 -0.00282913 0.170166 0.0683029 -0.000820945 0.999771 0.0213759 -0.0283156 -0.170187 -0.0212038 0.985184 1.29401 0 0 0 1 
4215528470151;0.660847;0.53738;0.999503 -0.0223286 0.022273 0.0895956 0.0240312 0.996556 -0.0793577 -0.0368944 -0.0204244 0.0798535 0.996597 -0.387473 0 0 0 1 
4215528470152;0.936036;0.219845;0.994706 0.00757834 0.102483 -0.0103372 -0.0122273 0.998921 0.0448108 0.0369285 -0.102033 -0.0458267 0.993725 -0.332004 0 0 0 1 
4215528470153;0.43556;0.430495;0.993959 -0.0278912 -0.106153 0.0112946 0.0117799 0.988695 -0.149475 -0.0188637 0.109122 0.147321 0.983051 -0.864723 0 0 0 1 
4215528470155;0.767559;0.630467;0.998962 0.0419626 -0.0177287 -0.113011 -0.0400257 0.994357 0.098243 0.223844 0.0217512 -0.0974314 0.995005 -0.246774 0 0 0 1 
4215528470156;0.534127;0.0348408;0.95571 0.0954006 -0.278419 0.12555 -0.0670864 0.991717 0.10953 0.172077 0.286562 -0.0860008 0.954194 -1.40116 0 0 0 1 
4215528470157;0.770434;0.366097;0.990913 0.010733 0.134075 -0.0309261 -0.00452429 0.998907 -0.0465273 0.00779414 -0.134427 0.0454979 0.989878 1.14313 0 0 0 1 
4215528470158;0.945303;0.681091;0.984658 0.0550417 -0.165588 0.114626 -0.0277973 0.986308 0.162555 0.173332 0.172269 -0.155458 0.972706 -1.13245 0 0 0 1 
4215528470159;0.28795;0.168354;0.999353 -0.00298419 -0.0358433 -0.0133579 0.00207591 0.999676 -0.025351 -0.0288812 0.0359074 0.0252602 0.999036 0.093728 0 0 0 1 
4215528470160;0.771203;0.553229;0.998514 -0.00740453 -0.0539904 0.0155043 0.00577747 0.999526 -0.0302301 0.0110597 0.0541887 0.0298732 0.998084 -0.850789 0 0 0 1 
4215528470161;0.233784;0.217554;0.99301 0.00748928 0.117794 0.0383989 -0.0078462 0.999966 0.0025666 0.0441027 -0.11777 -0.00347289 0.993035 0.321921 0 0 0 1 
4215528470162;0.571431;0.316914;0.997773 0.0111576 0.0657577 -0.300781 -0.0219792 0.985843 0.166226 0.11273 -0.062972 -0.167301 0.983893 0.633396 0 0 0 1 
4215528470163;0.611739;0.227854;0.999094 -0.0129293 0.0405423 -0.103789 0.0139533 0.999588 -0.0250776 -0.0350158 -0.0402013 0.0256206 0.998863 0.762752 0 0 0 1 
4215528470164;0.552648;0.525372;0.999099 -0.0017066 0.0424094 0.0294115 0.0033686 0.999228 -0.039149 -0.0327627 -0.0423099 0.0392566 0.998333 0.173683 0 0 0 1 
4215528470165;0.294545;0.0146771;0.998819 0.0282665 -0.0395168 -0.0859827 -0.0274894 0.999421 0.0200721 0.417577 0.0400613 -0.0189621 0.999017 -0.228004 0 0 0 1 
4215528470166;0.624564;0.566307;0.999164 -0.00363865 0.0407281 0.0460022 0.00537208 0.999081 -0.042533 -0.061413 -0.0405358 0.0427162 0.998265 -0.226751 0 0 0 1 
4215528470167;0.723593;0.218655;0.999928 0.0119367 -0.000818191 -0.177261 -0.0119644 0.998025 -0.0616605 -0.00364188 8.05546e-05 0.0616659 0.998097 0.765481 0 0 0 1 
4215528470168;0.682452;0.428461;0.925944 0.0998641 -0.364219 -0.235513 -0.0718797 0.993378 0.0896335 0.276406 0.370758 -0.0568156 0.92699 -0.503746 0 0 0 1 
4215528470169;0.452691;0.209589;0.996544 0.0331019 -0.0761822 0.098982 -0.0243173 0.993243 0.113479 0.119241 0.0794237 -0.111234 0.990615 -0.60513 0 0 0 1 
4215528470170;0.927037;0.281163;0.975021 0.163875 -0.149932 -0.296015 -0.0875494 0.903922 0.418641 0.750572 0.204131 -0.395057 0.89569 -0.834758 0 0 0 1 
4215528470171;0.544194;0.394959;0.914704 -0.0309988 -0.402934 0.404684 -0.0634545 0.973669 -0.218956 0.278923 0.399112 0.225848 0.888652 -1.74676 0 0 0 1 
4215528470172;0.700934;0.491294;0.904767 0.00385972 0.42589 0.266893 0.0114975 0.999373 -0.0334824 -0.116624 -0.425752 0.0351904 0.904155 1.71969 0 0 0 1 
4215528470173;0.534414;0.277066;0.983769 0.0216839 -0.178122 0.0819857 -0.0261454 0.9994 -0.0227377 0.126029 0.177522 0.0270258 0.983746 -1.13415 0 0 0 1 
4215528470174;0.297039;0.0443113;0.996929 0.0740129 0.025576 -0.131876 -0.0772895 0.982498 0.169482 0.277874 -0.0125845 -0.170938 0.985201 -0.0874905 0 0 0 1 
4215528470175;0.347703;0.196656;0.993925 0.0172862 0.108698 -0.00653876 -0.0593536 0.915864 0.397076 0.199288 -0.0926882 -0.401116 0.911326 0.545132 0 0 0 1 
4215528470176;0.75672;0.544547;0.949956 -0.00328204 0.312367 0.00838185 0.0688636 0.977546 -0.199154 0.000997393 -0.304699 0.210698 0.928851 0.46275 0 0 0 1 
4215528470177;0.756848;0.163546;0.996458 0.0801084 -0.0255879 0.00851665 -0.0688744 0.951992 0.298273 0.270824 0.0482537 -0.295454 0.954137 -0.686602 0 0 0 1 
4215528470178;0.523311;0.489979;0.982629 -0.0182344 -0.184683 0.119001 0.00205666 0.99617 -0.0874125 0.0334841 0.18557 0.0855143 0.978903 -0.903835 0 0 0 1 
4215528470179;0.41696;0.224204;0.958466 0.0989487 -0.267491 0.0241356 -0.0312122 0.968646 0.246477 0.303495 0.283493 -0.227891 0.931503 -0.748725 0 0 0 1 
4215528470180;0.591922;0.296841;0.992937 0.0295958 -0.114896 0.0271902 -0.0257193 0.999054 0.0350762 0.143052 0.115826 -0.0318733 0.992758 -0.891744 0 0 0 1 
4215528470181;0.100371;0.0308737;0.997132 0.0722828 -0.0224408 -0.0833992 -0.0690388 0.990163 0.121697 0.271606 0.0310167 -0.119798 0.992314 0.0161807 0 0 0 1 
4215528470182;0.852078;0.329994;0.991898 -0.00321716 -0.126994 0.160745 0.00807227 0.999255 0.0377349 -0.0392441 0.126778 -0.0384543 0.991185 -1.30538 0 0 0 1 
4215528470183;0.165427;0.0220879;0.998913 -0.011594 0.0451414 0.11048 0.0164786 0.993863 -0.109388 -0.0563822 -0.0435961 0.110013 0.992974 0.141827 0 0 0 1 
4215528470184;0.841318;0.433137;0.879176 -0.0167597 -0.476202 0.596095 -0.0284366 0.995755 -0.0875456 0.20598 0.475647 0.0905096 0.874967 -2.42947 0 0 0 1 
4215528470186;0.933251;0.511354;0.999779 0.0101376 0.0184345 0.0165795 -0.0118991 0.995105 0.0981042 0.014236 -0.0173497 -0.0983018 0.995005 -0.540464 0 0 0 1 
4215528470187;0.872934;0.584523;0.960419 -0.0568729 -0.272691 0.416369 -0.0115742 0.969943 -0.243057 0.263079 0.278318 0.236593 0.930894 -2.3046 0 0 0 1 
4215528470188;0.636802;0.364697;0.999906 -0.00149054 -0.0136508 -0.0563238 -0.000912705 0.984679 -0.174373 -0.0726485 0.0137015 0.174369 0.984585 0.0131059 0 0 0 1 
4215528470189;0.616608;0.370173;0.921036 -0.00203943 0.389472 0.402775 0.0458258 0.993608 -0.103168 -0.212711 -0.386772 0.112869 0.915242 1.70678 0 0 0 1 
4215528470190;0.721491;0.389005;0.999932 0.00722315 0.00913773 -0.0638374 -0.00702902 0.999753 -0.0211016 0.0241307 -0.00928789 0.0210359 0.999736 -0.55902 0 0 0 1 
4215528470191;0.988569;0.393467;0.999425 0.0338728 -0.00158571 -0.170878 -0.0335667 0.994864 0.0954945 0.143826 0.00481223 -0.0953864 0.995429 0.996012 0 0 0 1 
4215528470192;0.483071;0.457889;0.996934 0.00893709 0.0777324 -0.00933463 -0.0013085 0.995221 -0.0976414 0.0177678 -0.0782335 0.0972403 0.992181 0.173547 0 0 0 1 
4215528470193;1.00219;0.843898;0.993125 -0.00639556 0.116884 -0.0059814 -0.00204509 0.997406 0.0719516 -0.0441983 -0.117041 -0.071696 0.990536 1.16482 0 0 0 1 
4215528470194;0.574823;0.494674;0.971572 -0.0420957 -0.232972 0.301093 -0.0273864 0.957474 -0.287216 0.27376 0.235156 0.285432 0.929102 -1.82226 0 0 0 1 
4215528470195;0.262201;0.213105;0.999694 0.0207494 -0.0134472 -0.0944835 -0.0201096 0.998735 0.0460822 0.0814318 0.0143864 -0.0457977 0.998847 0.100444 0 0 0 1 
4215528470196;0.705585;0.24303;0.999453 0.0222943 0.0244289 -0.0509376 -0.0246282 0.994701 0.0998199 0.151435 -0.0220741 -0.100367 0.994706 0.912604 0 0 0 1 
4215528470197;0.958351;0.592149;0.972949 -0.00948188 -0.230825 -0.0550711 -0.00586012 0.997823 -0.0656898 -0.00524902 0.230945 0.0652655 0.970775 -0.481824 0 0 0 1 
4215528470198;0.657229;0.494925;0.992221 0.0216253 -0.122598 0.0858378 -0.0151288 0.998444 0.0536753 0.155389 0.123568 -0.0514029 0.991004 -0.626101 0 0 0 1 
4215528470199;0.280312;0.152531;0.95776 -0.0148163 0.287188 0.169991 -0.0559686 0.969971 0.236695 0.334428 -0.282071 -0.24277 0.92817 1.57925 0 0 0 1 
4215528470200;0.717676;0.611206;0.977556 0.051943 -0.204171 -0.0966665 -0.0340029 0.995323 0.0904161 0.153163 0.207913 -0.0814444 0.974751 -0.529504 0 0 0 1 
4215528470201;0.269494;0.046035;0.998544 -0.0245717 0.0480297 0.0289661 0.0256035 0.999452 -0.0209881 0.0929069 -0.0474877 0.0221872 0.998625 0.301257 0 0 0 1 
4215528470202;0.839096;0.495607;0.955382 -0.0275132 0.29409 -0.0357092 0.00955725 0.99801 0.0623197 -0.0997691 -0.295219 -0.0567285 0.953744 0.684851 0 0 0 1 
4215528470203;0.446878;0.431764;0.99978 0.015386 -0.0142706 -0.0514886 -0.0153512 0.999879 0.00254408 0.0502961 0.014308 -0.00232445 0.999895 -0.0342931 0 0 0 1 
4215528470204;0.245546;0.255519;0.999921 -0.0010591 -0.0125297 -0.00363602 0.000762282 0.99972 -0.0236702 0.0205949 0.0125512 0.0236588 0.999641 -0.0984354 0 0 0 1 
4215528470205;0.862633;0.0136056;0.999513 0.0308997 -0.00426018 -0.119305 -0.0308906 0.99952 0.0021827 -0.0516569 0.00432558 -0.00205004 0.999989 0.831301 0 0 0 1 
4215528470206;0.412937;0.300567;0.998948 0.0344726 -0.0302298 -0.0568691 -0.02418 0.956277 0.291462 0.141005 0.0389555 -0.290424 0.956105 0.268962 0 0 0 1 
4215528470207;0.79837;0.335533;0.998858 0.0427855 -0.0212841 0.0782085 -0.0288625 0.895125 0.44488 0.0589527 0.0380863 -0.443757 0.895337 0.305591 0 0 0 1 
4215528470208;0.797346;0.258259;0.998307 0.0116987 0.0569837 -0.119873 -0.0243722 0.973564 0.227109 0.13797 -0.0528204 -0.228113 0.972201 1.38843 0 0 0 1 
4215528470209;0.744174;0.0665959;0.999672 0.0177484 -0.0184658 -0.0811667 -0.0181844 0.999553 -0.0237174 0.287834 0.0180366 0.0240454 0.999548 0.573673 0 0 0 1 
4215528470210;0.00963021;0.0204378;0.999979 -0.00202255 0.00608595 0.0232206 0.00203814 0.999995 -0.00255584 -0.00609769 -0.00608075 0.0025682 0.999978 0.0164112 0 0 0 1 
4215528470211;0.575999;0.221263;0.994338 0.0334765 -0.100855 0.0520792 -0.0299075 0.998879 0.0366947 0.183376 0.101971 -0.0334706 0.994224 -0.851863 0 0 0 1 
4215528470212;0.0961837;0.0424122;0.999341 -0.0344702 -0.0113691 0.125819 0.0326571 0.990597 -0.132858 -0.107492 0.0158418 0.132399 0.99107 -0.287845 0 0 0 1 
4215528470213;0.289621;0.197658;0.969302 -0.0527779 -0.240141 0.215244 -0.0264056 0.948696 -0.315086 0.231178 0.244451 0.311755 0.918179 -1.64805 0 0 0 1 
4215528470214;0.573067;0.191335;0.999377 -0.00715464 -0.03457 0.071471 0.00888248 0.998705 0.0500888 -0.0403307 0.0341668 -0.0503646 0.998146 -0.576355 0 0 0 1 
4215528470215;0.890995;0.323054;0.999865 -0.0163372 0.0018302 0.0720838 0.0163552 0.999813 -0.0102802 -0.0406937 -0.00166191 0.0103088 0.999945 -0.822281 0 0 0 1 
4215528470217;1.22438;0.163189;0.999835 0.0102706 -0.0149924 0.277401 -0.0105969 0.999705 -0.0218483 0.239153 0.0147636 0.0220036 0.999649 -0.945339 0 0 0 1 
4215528470218;0.463441;0.636235;0.999105 -0.0366729 -0.0210687 0.154184 0.031982 0.981061 -0.191042 -0.0862675 0.0276757 0.190197 0.981356 -1.33549 0 0 0 1 
4215528470219;1.25639;0.854355;0.997513 0.0523641 -0.0471697 -0.103193 -0.0365622 0.95668 0.288837 0.106042 0.060251 -0.286395 0.956215 0.442231 0 0 0 1 
4215528470220;0.864498;0.0926483;0.988381 0.0436517 0.145595 -0.294407 -0.100532 0.906174 0.410781 0.655191 -0.114003 -0.420645 0.900034 3.21185 0 0 0 1 
4215528470221;0.77456;0.74517;0.975655 -0.00887363 0.21913 -0.019767 0.00494718 0.999817 0.0184606 -0.150099 -0.219254 -0.0169271 0.975521 2.3003 0 0 0 1 
4215528470222;0.34545;0.33091;0.998268 -0.0290265 0.0511673 0.105316 0.0295214 0.999524 -0.00894306 -0.269626 -0.0508833 0.0104381 0.99865 0.390444 0 0 0 1 
4215528470223;0.822643;0.553429;0.995361 -0.0504376 -0.0819343 0.535925 0.0408564 0.992563 -0.114673 -0.147789 0.0871088 0.110793 0.990019 -1.91041 0 0 0 1 
4215528470224;0.61224;0.374751;0.997931 -0.032254 0.0556121 0.154266 0.0405051 0.987195 -0.154287 -0.181908 -0.0499236 0.156221 0.98646 -0.0747503 0 0 0 1 
4215528470225;0.96443;0.791963;0.999836 -0.00848177 0.016013 0.0607292 0.00838829 0.999947 0.00589577 -0.0177941 -0.0160621 -0.00576048 0.999854 -0.0774597 0 0 0 1 
4215528470226;1.60186;0.420543;0.998596 0.0517303 0.0114318 -0.611609 -0.0521013 0.919823 0.388859 0.665945 0.00960062 -0.388909 0.921226 2.85635 0 0 0 1 
4215528470227;0.62327;0.196995;0.994053 0.00355394 0.108836 -0.0946267 0.00390679 0.99766 -0.0682604 0.1753 -0.108824 0.0682797 0.991713 0.451568 0 0 0 1 
4215528470228;0.76285;0.74192;0.970783 0.0221752 -0.238933 0.447592 0.00107115 0.99531 0.0967262 -0.0594851 0.239957 -0.0941561 0.966207 -1.99283 0 0 0 1 
4215528470229;0.828483;0.477867;0.932607 0.0172181 -0.360484 0.980517 -0.0393161 0.997764 -0.0540576 0.588746 0.358747 0.0645873 0.931198 -4.1069 0 0 0 1 
4215528470230;1.52282;1.38678;0.999968 0.00327221 -0.0073293 -0.0939901 -0.00311544 0.999768 0.0212989 0.0311375 0.0073973 -0.0212754 0.999746 -0.0708144 0 0 0 1 
4215528470231;1.36079;1.24271;0.953866 0.0597413 -0.294227 0.681502 -0.0535454 0.998142 0.0290769 0.58083 0.295418 -0.0119809 0.955293 -3.1669 0 0 0 1 
4215528470232;1.01124;0.552005;0.996579 0.0136988 0.081499 -0.10491 -0.0176572 0.998689 0.0480495 0.085408 -0.0807339 -0.0493242 0.995515 0.653681 0 0 0 1 
4215528470233;0.360528;0.1776;0.999962 -0.00473293 -0.00737203 0.063472 0.00477341 0.999974 0.0054821 -0.105054 0.00734589 -0.00551708 0.999958 0.101952 0 0 0 1 
4215528470234;0.247697;0.137492;0.999999 -0.000800732 -0.00137778 -0.0516373 0.000800247 1 -0.000352335 -0.0203203 0.00137806 0.000351232 0.999999 -0.0747642 0 0 0 1 
4215528470235;1.12906;1.13146;0.98122 -0.10244 -0.16344 0.988726 0.0652277 0.973622 -0.218645 -0.286979 0.181527 0.203878 0.96202 -3.08102 0 0 0 1 
4215528470236;0.421865;0.194325;0.987485 0.14573 -0.0602986 -0.4535 -0.121414 0.946471 0.299084 1.1858 0.100656 -0.28802 0.95232 0.438608 0 0 0 1 
4215528470237;1.6174;1.06955;0.999756 0.0171206 -0.0139244 -0.2102 -0.0169623 0.999791 0.0114109 -0.0130961 0.0141168 -0.0111719 0.999838 0.591854 0 0 0 1 
4215528470238;1.42655;0.383652;0.975092 -0.0765378 0.208179 0.181029 0.107013 0.98445 -0.139305 -1.15084 -0.19428 0.158113 0.96812 2.01642 0 0 0 1 
4215528470239;1.23487;0.52219;0.993688 0.043447 -0.103429 -0.296179 -0.039473 0.998413 0.0401656 0.321816 0.10501 -0.0358294 0.993826 -0.314465 0 0 0 1 
4215528470240;1.31981;0.446257;0.996288 -0.0462482 0.0726013 -0.00283052 0.0488905 0.998189 -0.0350481 -0.505874 -0.0708489 0.0384675 0.996745 1.2399 0 0 0 1 
4215528470241;0.144224;0.0602708;0.994291 -0.0555899 0.0910784 0.215337 0.0616658 0.995958 -0.0653122 -0.541036 -0.0870796 0.0705558 0.9937 0.488596 0 0 0 1 
4215528470242;0.341886;0.197778;0.996325 -0.062509 0.0585513 0.272313 0.0693328 0.989998 -0.12287 -0.530462 -0.0502852 0.126478 0.990694 -0.256881 0 0 0 1 
4215528470243;0.806737;0.641918;0.998451 -0.0292884 0.0473074 0.0552035 0.0322266 0.997519 -0.0625913 -0.151953 -0.0453569 0.0640189 0.996917 -0.0108394 0 0 0 1 
4215528470244;0.044198;0.0505551;0.999862 0.0163253 -0.00314467 -0.0562371 -0.0163197 0.999865 0.00177827 0.179872 0.00317327 -0.0017267 0.999993 -0.0511273 0 0 0 1 
4215528470245;1.65415;0.742081;0.999849 0.016039 0.00669841 0.0924492 -0.0155595 0.997674 -0.0663643 0.56344 -0.00774724 0.06625 0.997773 -1.13123 0 0 0 1 
4215528470246;0.359411;0.452046;0.991435 -0.0781037 0.104677 0.421062 0.0854319 0.994058 -0.0674509 -0.642593 -0.0987868 0.0758159 0.992216 0.638765 0 0 0 1 
4215528470248;1.05013;0.981361;0.991882 0.0135878 -0.126435 -0.0766987 -0.0174931 0.999402 -0.0298287 0.119862 0.125954 0.0317982 0.991526 -0.640268 0 0 0 1 
4215528470249;0.429566;0.0402875;0.976281 -0.0524027 0.210071 0.273167 -0.00887748 0.959763 0.280672 0.0372374 -0.216326 -0.27588 0.936533 2.72626 0 0 0 1 
4215528470250;0.0803374;0.0406001;0.998884 0.0444197 -0.0160697 -0.197163 -0.0430753 0.996171 0.0760736 0.215195 0.0193873 -0.0752965 0.996973 0.183622 0 0 0 1 
4215528470251;0.907231;0.811565;0.995011 -0.00365745 0.0997015 -0.0886368 -0.00489523 0.996334 0.0854035 0.002584 -0.0996484 -0.0854654 0.991345 0.710348 0 0 0 1 
4215528470252;0.54782;0.018283;0.999812 0.0160608 -0.0108675 -0.00771365 -0.0158015 0.999598 0.0235338 -0.00310793 0.0112411 -0.0233577 0.999664 -0.492062 0 0 0 1 
4215528470253;0.780027;0.718638;0.972474 0.0340728 -0.230505 0.108707 -0.0300851 0.999331 0.0207937 0.223715 0.231059 -0.0132866 0.972849 -1.39751 0 0 0 1 
4215528470254;0.503441;0.109739;0.977395 -0.00981527 0.211192 0.0608137 -0.0281901 0.983952 0.176193 0.044384 -0.209532 -0.178164 0.961433 1.50698 0 0 0 1 
4215528470255;0.683372;0.469281;0.997065 -0.0185593 0.074273 0.0142914 0.0255951 0.995155 -0.0949272 -0.205494 -0.0721514 0.0965496 0.99271 0.370059 0 0 0 1 
4215528470256;0.928983;0.46848;0.997065 0.0317372 -0.0696701 -0.230667 -0.02918 0.998873 0.0374205 0.156109 0.0707792 -0.0352777 0.996868 0.386594 0 0 0 1 
4215528470257;0.749547;0.25841;0.995304 -0.0300299 -0.0920174 0.341041 0.012698 0.982949 -0.183439 0.18236 0.0959571 0.181409 0.978715 -1.87609 0 0 0 1 
