#;prob_registration_l1 -r /home/probabilistic_point_clouds_registration/build/tester /home/point_clouds_registration_benchmark//devel/registration_pairs/planetary_map_local.txt /home/point_clouds_registration_benchmark//planetary/p2at_met -s 0.2 -t 0.2 -p 0.3 -r 1000 -m 1 -i 40 
id;initial_error;final_error;transformation
25528382210000;2.8561;1.80607;0.999982 -0.00398594 -0.00439746 -0.409901 0.00406925 0.999809 0.0191015 0.0505934 0.00432048 -0.019119 0.999808 1.18105 0 0 0 1 
25528382210001;2.11331;1.82504;0.999877 0.0145264 -0.00587448 0.772102 -0.013328 0.985586 0.168649 -0.634819 0.00823967 -0.16855 0.985659 -9.17324 0 0 0 1 
25528382210002;1.70145;1.59372;0.974398 -0.0011131 0.224825 0.472301 0.0556432 0.970072 -0.236356 -2.28161 -0.217834 0.242815 0.945298 13.5588 0 0 0 1 
25528382210003;1.37022;0.534322;0.999995 0.0011525 0.00297265 -0.167726 -0.00116781 0.999986 0.00515386 -0.000462138 -0.00296667 -0.00515731 0.999982 0.901612 0 0 0 1 
25528382210004;1.75339;1.41527;0.967233 -0.0371465 0.251159 -1.53411 0.00629152 0.992442 0.122554 -0.299774 -0.253813 -0.116958 0.960156 -5.39777 0 0 0 1 
25528382210005;0.735848;0.40247;0.99376 -0.00209649 0.111519 0.1461 0.0356764 0.953273 -0.299997 -3.05531 -0.105679 0.302103 0.947399 16.1992 0 0 0 1 
25528382210006;1.57164;0.598939;0.997578 -0.00206471 -0.0695331 -0.0482821 0.000566544 0.999767 -0.0215589 0.0555077 0.0695615 0.0214673 0.997347 -0.869566 0 0 0 1 
25528382210007;1.73822;1.60179;0.999935 -0.0057683 -0.00986378 -0.177927 0.00529219 0.998851 -0.0476309 -0.177228 0.0101272 0.0475756 0.998816 1.78845 0 0 0 1 
25528382210008;0.906109;0.881437;0.995276 0.00317279 0.0970322 0.324361 -0.00464278 0.999878 0.0149275 0.0230241 -0.096973 -0.0153075 0.995169 -0.254928 0 0 0 1 
25528382210009;0.490985;0.286145;0.97262 0.0254669 -0.231003 1.15709 -0.00129706 0.994557 0.104183 -0.00585082 0.232399 -0.101031 0.967359 -6.5765 0 0 0 1 
25528382210010;2.17163;1.47289;0.988855 -0.0260698 -0.146582 -1.08484 -0.0391383 0.904403 -0.42488 -4.05657 0.143646 0.425882 0.893303 18.0838 0 0 0 1 
25528382210011;2.42393;2.07878;0.999808 0.0188615 -0.00537276 1.13489 -0.017977 0.990908 0.133337 -0.2466 0.00783884 -0.133214 0.991056 -8.14277 0 0 0 1 
25528382210012;1.04957;0.650007;0.997575 -0.00830407 -0.0690977 -0.454296 0.00417596 0.998209 -0.0596744 -0.274025 0.0694695 0.0592412 0.995824 3.10265 0 0 0 1 
25528382210013;1.47687;1.28013;0.999993 -0.00182828 0.00316664 -0.112371 0.00181798 0.999993 0.00325136 -0.0209223 -0.00317256 -0.00324558 0.99999 0.496527 0 0 0 1 
25528382210014;2.77484;2.34576;0.983762 -0.0296487 0.17701 -0.958929 -0.0366065 0.932381 0.359618 -2.58685 -0.175703 -0.360258 0.916156 -16.0047 0 0 0 1 
25528382210015;1.8346;1.70349;0.996871 0.00180094 0.0790241 0.231116 0.00307062 0.998103 -0.0614818 -0.224702 -0.0789849 0.0615321 0.994975 4.29358 0 0 0 1 
25528382210016;0.567147;0.302754;0.993615 0.0176974 -0.11143 0.860673 0.00119565 0.985915 0.167245 -0.59902 0.11282 -0.166311 0.979598 -9.56385 0 0 0 1 
25528382210017;2.04883;1.63051;0.94925 0.0526457 -0.310086 2.18351 0.0204568 0.97347 0.227897 -1.02679 0.313858 -0.222674 0.92299 -12.0741 0 0 0 1 
25528382210018;2.95759;1.80315;0.999041 0.0437813 0.000444907 1.8943 -0.0406741 0.924281 0.379538 -2.35153 0.0162055 -0.379192 0.925176 -17.056 0 0 0 1 
25528382210019;2.21355;2.02518;0.995622 0.00467093 0.0933524 0.429472 -0.00438714 0.999985 -0.00324499 0.132238 -0.0933662 0.00282123 0.995628 -0.14067 0 0 0 1 
25528382210020;0.308749;0.198913;0.984859 -0.0158497 0.172633 -0.503777 0.0580403 0.96849 -0.242197 -2.31474 -0.163355 0.24855 0.954745 13.3722 0 0 0 1 
25528382210021;1.80312;1.58068;0.999961 0.00519748 -0.00715858 0.168935 -0.00474066 0.998039 0.062417 0.048479 0.00746895 -0.0623806 0.998024 -2.3911 0 0 0 1 
25528382210022;2.94324;2.682;0.879664 -0.0278851 -0.474778 -1.44134 -0.013489 0.996415 -0.0835146 -0.170715 0.475405 0.0798691 0.876134 1.36543 0 0 0 1 
25528382210023;1.21687;1.21125;0.889761 -0.00797108 -0.456358 -0.0692865 -0.0306109 0.996554 -0.0770886 0.206529 0.4554 0.08256 0.886451 0.416084 0 0 0 1 
25528382210024;1.44022;1.33557;0.999333 -0.00515558 0.0361533 -0.168446 0.00631407 0.999468 -0.0320031 -0.0816065 -0.0359691 0.03221 0.998834 1.36094 0 0 0 1 
25528382210025;2.35204;2.24289;0.999966 -0.00477827 -0.00666393 -0.115723 0.00485295 0.999925 0.0112347 -0.0351534 0.00660975 -0.0112667 0.999915 -0.800087 0 0 0 1 
25528382210026;1.69358;0.574648;0.997281 -0.00763685 0.0732996 -0.394381 0.00627089 0.999803 0.0188474 0.186291 -0.073429 -0.0183365 0.997132 -1.91028 0 0 0 1 
25528382210027;2.42888;1.79364;0.99758 -0.0101388 0.0687818 -0.449173 0.0119822 0.999579 -0.0264414 -0.183036 -0.0684847 0.0272016 0.997281 3.55649 0 0 0 1 
25528382210028;0.814222;0.283806;0.971243 -0.00435898 -0.238049 -0.0204988 -0.0147306 0.996817 -0.0783543 -0.00813005 0.237632 0.0796077 0.968087 1.59755 0 0 0 1 
25528382210029;0.390701;0.340269;0.971012 -0.051046 -0.233515 -2.50079 -0.0164631 0.960329 -0.278383 -2.1362 0.238462 0.274158 0.931651 11.7826 0 0 0 1 
25528382210031;1.54457;0.766814;0.999743 0.0136528 -0.0180855 0.501063 -0.0126536 0.998447 0.0542555 -0.0130685 0.0187982 -0.0540127 0.998363 -3.25605 0 0 0 1 
25528382210032;0.49374;0.506513;0.999906 0.0136992 0.000447334 0.461287 -0.013646 0.991897 0.126312 0.002708 0.00128666 -0.126306 0.991991 -3.78698 0 0 0 1 
25528382210033;0.496545;0.315815;0.998204 0.000721209 0.0599041 0.070336 -0.0019028 0.999805 0.01967 -0.00313713 -0.0598782 -0.0197487 0.99801 -0.544855 0 0 0 1 
25528382210034;1.67751;1.2923;0.999611 -0.012359 -0.025009 -0.304148 0.0098319 0.995062 -0.0987627 -0.175672 0.0261061 0.0984784 0.994797 1.75039 0 0 0 1 
25528382210035;1.14274;0.449533;0.996878 0.0091993 -0.0784207 0.335921 -0.00546712 0.998848 0.0476744 -0.0417248 0.0787689 -0.0470968 0.99578 -3.31352 0 0 0 1 
25528382210036;0.657758;0.298741;0.998696 0.00593521 0.0507051 0.218063 -0.012117 0.992395 0.122494 0.0110008 -0.0495925 -0.122949 0.991173 -2.77149 0 0 0 1 
25528382210037;0.42747;0.174935;0.943305 0.0141096 -0.331626 0.746007 0.00699849 0.998029 0.0623698 -0.107992 0.331853 -0.0611546 0.941347 -5.1323 0 0 0 1 
25528382210038;2.16463;1.61911;0.995425 -0.00706454 -0.0952864 -0.401966 0.00403183 0.99948 -0.0319824 -0.0631527 0.0954628 0.0314519 0.994936 1.73405 0 0 0 1 
25528382210039;1.45509;1.21964;0.999743 0.00716065 0.0215154 0.175235 -0.00861289 0.997636 0.0681816 0.0664279 -0.0209763 -0.0683494 0.997441 -1.12193 0 0 0 1 
25528382210040;1.05221;1.02667;0.99597 -0.008192 -0.0893114 -0.264275 0.00375186 0.998754 -0.0497703 -0.123548 0.0896078 0.0492347 0.994759 0.473714 0 0 0 1 
25528382210041;1.71424;0.944195;0.908211 -0.0107893 0.418373 1.16009 -0.014836 0.998209 0.0579487 0.193601 -0.418249 -0.0588367 0.906425 3.41524 0 0 0 1 
25528382210042;0.574012;0.396651;0.987952 -0.00902851 0.154498 -0.0417883 0.0584007 0.946239 -0.318154 -2.53573 -0.143319 0.323344 0.935365 11.4864 0 0 0 1 
25528382210043;0.513876;0.28437;0.999794 0.0160732 0.0124046 0.564578 -0.0182567 0.979031 0.202889 -0.32673 -0.00888337 -0.203074 0.979123 -6.62661 0 0 0 1 
25528382210044;0.355334;0.193522;0.914331 -0.0179548 0.40457 0.605193 -0.0401329 0.990082 0.13464 0.159541 -0.402975 -0.139342 0.904541 -0.928377 0 0 0 1 
25528382210045;1.15928;1.09147;0.999307 -0.00396387 -0.0370217 -0.181781 0.00225288 0.998932 -0.0461435 -0.0853015 0.0371651 0.0460281 0.998249 0.817311 0 0 0 1 
25528382210046;2.5411;1.29676;0.994772 0.0170743 0.100679 0.720799 -0.0564002 0.913768 0.402302 -2.29669 -0.0851283 -0.405877 0.909954 -13.9021 0 0 0 1 
25528382210047;2.63214;2.31832;0.963558 -0.078661 -0.255671 -2.5065 -0.0133693 0.940431 -0.339723 -2.19908 0.267164 0.330761 0.905108 8.70206 0 0 0 1 
25528382210048;0.0550198;0.0253614;0.999764 -0.00130209 -0.0216919 -0.0502988 0.000990702 0.999896 -0.0143595 -0.0122609 0.0217083 0.0143346 0.999662 0.188911 0 0 0 1 
25528382210049;0.624254;0.358002;0.999108 0.0108881 0.0407938 0.349004 -0.0196517 0.975064 0.221053 -0.399556 -0.0373697 -0.221658 0.974408 -6.02908 0 0 0 1 
25528382210050;1.7141;0.375922;0.999735 0.00178312 0.0229675 -0.00160562 -0.000657915 0.998803 -0.048906 0.00955734 -0.0230273 0.0488779 0.998539 3.54501 0 0 0 1 
25528382210051;0.731618;0.708096;0.998888 0.0159497 -0.0443716 0.454071 -0.0115818 0.995216 0.0970107 -0.00988043 0.0457066 -0.0963889 0.994294 -3.31561 0 0 0 1 
25528382210052;0.501673;0.447657;0.946141 0.0200972 -0.323131 0.787653 0.0172 0.993542 0.112156 -0.278932 0.323298 -0.111673 0.939685 -6.21134 0 0 0 1 
25528382210053;0.245766;0.244875;0.996369 -8.44777e-05 0.0851351 0.0411615 0.01244 0.989411 -0.144609 -0.569222 -0.0842214 0.145143 0.98582 5.05242 0 0 0 1 
25528382210054;2.27774;1.8058;0.998365 -0.00434421 0.0570016 -0.142239 0.00734001 0.998596 -0.0524527 -0.0663127 -0.0566938 0.0527853 0.996995 3.49451 0 0 0 1 
25528382210055;0.613367;0.600337;0.997131 0.00200061 -0.0756707 -0.0211839 0.000746682 0.999342 0.0362601 -0.0107443 0.0756935 -0.0362126 0.996473 -1.61402 0 0 0 1 
25528382210056;2.21606;2.05339;0.993144 0.0360958 -0.111184 1.20981 -0.0104954 0.974824 0.222727 -0.626027 0.116424 -0.220033 0.96852 -8.52253 0 0 0 1 
25528382210057;2.17431;2.05759;0.999969 -0.00579553 -0.00528912 -0.244322 0.00561474 0.99942 -0.0335786 -0.141987 0.00548066 0.0335478 0.999422 1.78209 0 0 0 1 
25528382210058;0.777574;0.610557;0.94497 0.0901133 -0.314502 2.89659 0.0350149 0.927938 0.371087 -2.14498 0.325278 -0.361678 0.873718 -13.8057 0 0 0 1 
25528382210059;0.655634;0.205871;0.998582 0.0130788 -0.0516038 0.441887 -0.00804839 0.995299 0.096511 -0.0440942 0.0526235 -0.0959588 0.993993 -4.10653 0 0 0 1 
25528382210060;1.3379;0.394358;0.945416 -0.0519094 -0.321704 -1.76255 -0.0153641 0.979032 -0.203126 -0.916285 0.325503 0.196981 0.924795 4.48585 0 0 0 1 
25528382210062;1.314;1.0505;0.996459 0.00776754 -0.083725 0.265816 -0.00374669 0.998837 0.0480751 -0.0443635 0.084001 -0.0475912 0.995329 -2.03103 0 0 0 1 
25528382210063;2.15505;1.5069;0.999985 -0.0054405 -0.000849164 -0.326678 0.00539001 0.99868 -0.0510901 0.0333764 0.001126 0.0510848 0.998694 2.99563 0 0 0 1 
25528382210064;0.553066;0.45154;0.984953 -0.00696758 0.172685 -0.586433 0.0330936 0.988301 -0.148882 -0.680381 -0.169627 0.152356 0.97366 10.2539 0 0 0 1 
25528382210065;1.61508;0.703954;0.994309 0.0290251 -0.102508 2.11561 -0.0113766 0.985598 0.168721 -0.930843 0.105929 -0.166595 0.980319 -12.1955 0 0 0 1 
25528382210066;1.78743;1.06233;0.999949 0.00485921 0.00886076 0.330884 -0.00507742 0.99968 0.0247727 -0.0138275 -0.00873755 -0.0248165 0.999654 -0.966947 0 0 0 1 
25528382210067;0.672032;0.565553;0.994123 -0.0146693 -0.107262 -1.9738 0.00467643 0.995671 -0.0928275 -0.608661 0.108159 0.0917803 0.989888 11.8705 0 0 0 1 
25528382210068;1.84994;0.862745;0.998028 0.00749388 -0.0623293 0.145185 -0.00452882 0.998857 0.0475769 0.0229349 0.0626146 -0.0472007 0.996921 -1.39615 0 0 0 1 
25528382210069;2.23987;0.355353;0.981474 -0.0308124 -0.189103 -3.39385 -0.0142764 0.972479 -0.232552 -3.13104 0.191064 0.230943 0.954023 24.9591 0 0 0 1 
25528382210070;2.2156;0.930624;0.999975 -0.000533027 -0.00702189 -0.266701 0.000550348 0.999997 0.00246502 -0.055641 0.00702056 -0.00246883 0.999972 2.30563 0 0 0 1 
25528382210071;1.44584;1.29945;0.999084 -0.042268 0.00664106 -4.11547 0.0406811 0.890317 -0.45352 -11.0107 0.0132567 0.453375 0.891222 44.3785 0 0 0 1 
25528382210072;1.6175;1.66562;0.998411 -0.0387144 -0.0409567 -4.04545 0.0213228 0.932183 -0.361359 -7.31817 0.052169 0.359911 0.931527 37.2053 0 0 0 1 
25528382210073;2.148;0.401511;0.999106 0.00334516 -0.0421364 -0.212227 -0.00138729 0.998922 0.0464088 0.1798 0.0422462 -0.0463089 0.998033 -1.13837 0 0 0 1 
25528382210074;1.21241;0.402435;0.991128 -0.00740148 0.132707 -0.536116 0.00528853 0.999854 0.0162673 0.202188 -0.132808 -0.0154212 0.991022 -6.45984 0 0 0 1 
25528382210075;0.469924;0.158609;0.968132 -0.0279909 -0.248873 -4.22732 -0.012923 0.986827 -0.16126 -2.03721 0.250108 0.159337 0.955017 21.3779 0 0 0 1 
25528382210076;1.94829;1.10638;0.999919 0.00630368 -0.0110373 0.401106 -0.00540749 0.996826 0.0794237 -0.113262 0.0115029 -0.0793576 0.99678 -5.66008 0 0 0 1 
25528382210077;1.55351;0.71691;0.99986 0.00606263 -0.0155918 0.751826 -0.00503567 0.997867 0.0650814 -0.207566 0.0159531 -0.0649938 0.997758 -7.95472 0 0 0 1 
25528382210078;1.78754;1.53111;0.999834 0.000879333 0.01822 0.0413549 -0.00141502 0.999566 0.0294091 -0.00265666 -0.0181862 -0.0294299 0.999401 -2.43813 0 0 0 1 
25528382210079;0.52952;0.382967;0.966725 -0.0185644 -0.255144 -3.35722 -0.00867234 0.994412 -0.105213 -1.03088 0.255672 0.103924 0.961162 16.2177 0 0 0 1 
25528382210080;0.579865;0.192995;0.99996 0.000870759 -0.00885913 -0.0223672 -0.000871164 1 -4.18734e-05 -0.014918 0.00885909 4.95895e-05 0.999961 0.777702 0 0 0 1 
25528382210081;1.6725;1.69216;0.999686 -0.00612376 0.0243172 -0.554802 0.00775738 0.997678 -0.0676642 -0.220367 -0.0238464 0.0678315 0.997412 5.91533 0 0 0 1 
25528382210082;1.80785;0.206321;0.959641 -0.0195975 0.280543 -1.77933 -0.0213303 0.989623 0.142094 -0.977929 -0.280417 -0.142343 0.949265 -19.4031 0 0 0 1 
25528382210083;0.928935;0.231966;0.982433 -0.0339103 -0.18351 -4.56527 -0.00509104 0.978116 -0.207998 -3.1194 0.186548 0.205278 0.960761 25.8531 0 0 0 1 
25528382210084;1.83208;1.49316;0.998906 -0.0176347 -0.0433079 -1.75529 0.0119554 0.991695 -0.128058 -0.70147 0.0452064 0.127401 0.990821 12.2078 0 0 0 1 
25528382210085;0.401662;0.263846;0.993817 0.0480065 -0.100116 4.43518 -0.0157798 0.953612 0.300624 -4.17111 0.109904 -0.297185 0.948473 -27.3977 0 0 0 1 
25528382210086;1.45129;1.27667;0.996907 -0.00127546 -0.0785769 -0.54372 -0.0010052 0.99958 -0.0289782 -0.145626 0.0785808 0.0289676 0.996487 5.56858 0 0 0 1 
25528382210087;0.345605;0.141951;0.938476 -0.0022549 0.345338 -0.749318 0.0328614 0.996024 -0.0827993 0.19342 -0.343778 0.0890534 0.934819 0.137007 0 0 0 1 
25528382210088;0.167837;0.174839;0.999957 -0.00265953 -0.00885368 -0.26117 0.00265937 0.999996 -3.05968e-05 0.0510405 0.00885373 7.05033e-06 0.999961 -0.0975053 0 0 0 1 
25528382210089;1.83562;1.83383;0.999808 -0.00268302 0.0193938 -0.179409 0.00332877 0.999438 -0.033341 0.0131545 -0.0192935 0.0333992 0.999256 2.46088 0 0 0 1 
25528382210090;2.15758;0.180018;0.999995 -0.00091741 -0.0031273 -0.309168 0.000828855 0.999602 -0.0282013 -0.191117 0.00315193 0.0281985 0.999597 5.41156 0 0 0 1 
25528382210091;0.893388;0.481422;0.99986 -0.0123731 0.0112357 -1.265 0.0136729 0.992171 -0.124139 -0.917743 -0.00961174 0.124275 0.992201 12.7711 0 0 0 1 
25528382210093;1.89713;0.235925;0.978222 0.0511003 -0.201172 -0.858963 -0.0309795 0.994309 0.101926 -0.53048 0.205236 -0.093474 0.974239 4.37859 0 0 0 1 
25528382210094;0.825331;0.443325;0.997929 0.0279128 -0.0579547 0.148245 -0.00763694 0.945987 0.324116 0.0752896 0.0638713 -0.323002 0.944241 -1.92171 0 0 0 1 
25528382210095;0.858473;0.667111;0.96332 0.029648 0.266713 0.10841 -0.0715826 0.986256 0.14891 -1.01444 -0.258633 -0.16254 0.952203 -4.52599 0 0 0 1 
25528382210096;0.8797;0.430162;0.965286 0.0127629 0.260883 0.174025 -0.105137 0.933302 0.343355 -1.39725 -0.2391 -0.358864 0.902246 -6.8123 0 0 0 1 
25528382210097;2.1961;1.64324;0.99935 -0.00108497 0.0360216 0.244153 0.00152751 0.999924 -0.0122599 0.0165742 -0.0360055 0.012307 0.999276 -1.84374 0 0 0 1 
25528382210098;1.08082;0.784715;0.999741 -0.0174681 -0.0146085 0.0384461 0.0158142 0.994182 -0.106543 0.00780571 0.0163846 0.106284 0.994201 0.23971 0 0 0 1 
25528382210099;0.565162;0.46887;0.949006 -0.0348189 -0.313329 -1.51264 -0.00339255 0.992697 -0.120589 -0.366888 0.31524 0.115503 0.941957 5.78058 0 0 0 1 
25528382210100;1.81678;1.74359;0.999447 0.0249084 0.0220496 0.255093 -0.0290023 0.977097 0.210808 -0.0792571 -0.0162937 -0.21133 0.977279 -1.4647 0 0 0 1 
25528382210101;0.708323;0.540884;0.997429 -0.052978 -0.0482573 -0.532855 0.052459 0.998551 -0.0119594 0.633683 0.0488209 0.00939714 0.998763 1.29873 0 0 0 1 
25528382210102;2.25601;2.04064;0.997404 -0.000701198 -0.0720076 0.0557668 -0.00665099 0.994781 -0.101812 -0.204078 0.0717032 0.102027 0.992194 0.691293 0 0 0 1 
25528382210103;0.72475;0.486062;0.999885 0.0147259 -0.00360179 0.0856067 -0.0143558 0.996087 0.0872053 -0.09296 0.00487187 -0.0871436 0.996184 0.0910077 0 0 0 1 
25528382210104;2.73972;1.7846;0.990519 0.046963 -0.129098 -0.360473 -0.011913 0.965575 0.259852 0.292736 0.136857 -0.25585 0.95698 2.42396 0 0 0 1 
25528382210105;1.37462;1.26915;0.984165 -0.0396976 0.172753 -0.0634743 0.125033 0.846296 -0.517832 0.258893 -0.125644 0.531232 0.837858 0.154743 0 0 0 1 
25528382210106;1.98093;0.299104;0.992313 -0.0873759 -0.0876362 -0.263902 0.0457163 0.916889 -0.396516 0.242187 0.114999 0.389462 0.913835 2.35922 0 0 0 1 
25528382210107;2.7132;2.11665;0.999939 -0.0105744 -0.00325054 0.172766 0.0105474 0.999911 -0.00821342 0.233205 0.0033371 0.00817863 0.999961 -1.51507 0 0 0 1 
25528382210108;2.24596;1.74248;0.9794 0.0167272 -0.201234 -0.103871 -0.0341283 0.995939 -0.083316 -0.715699 0.199023 0.0884675 0.975994 2.38914 0 0 0 1 
25528382210109;1.35089;0.373007;0.997372 -0.00854183 0.0719468 0.229761 0.0167285 0.993344 -0.113967 0.232107 -0.0704944 0.114871 0.990876 -1.57722 0 0 0 1 
25528382210110;1.54595;1.17744;0.997238 0.065264 -0.035463 0.146604 -0.0383998 0.86169 0.505979 -0.0286238 0.0635804 -0.50322 0.861816 -2.20193 0 0 0 1 
25528382210111;0.364366;0.167388;0.984824 -0.01122 -0.173195 -0.750164 0.00233608 0.998675 -0.0514132 -0.12044 0.173543 0.0502283 0.983545 3.29865 0 0 0 1 
25528382210112;2.44837;1.98599;0.99346 -0.0262568 0.111117 0.0550857 -0.000414988 0.972362 0.233479 0.668198 -0.114176 -0.231998 0.965992 -1.63749 0 0 0 1 
25528382210113;0.357128;0.246789;0.99981 0.0170291 0.00947504 0.10264 -0.0173481 0.999248 0.034671 -0.214779 -0.0088775 -0.0348287 0.999354 -0.0125881 0 0 0 1 
25528382210114;2.52967;1.04895;0.953727 -0.0666577 0.293191 -0.775167 0.166574 0.928934 -0.330658 2.12464 -0.250314 0.364195 0.897053 -3.86518 0 0 0 1 
25528382210115;1.99023;0.459216;0.998342 0.0122503 -0.0562478 -0.340354 -0.0109754 0.999677 0.0229183 -0.242331 0.0565104 -0.022263 0.998154 2.7589 0 0 0 1 
25528382210116;0.274109;0.185222;0.998294 0.0313772 -0.0492433 0.0210841 -0.0184797 0.969776 0.243296 0.112393 0.0553889 -0.24197 0.968701 -0.573353 0 0 0 1 
25528382210117;0.456139;0.318657;0.976215 0.0235616 0.215521 0.244442 -0.0607252 0.984003 0.167483 -0.663036 -0.208127 -0.176587 0.962029 -4.51922 0 0 0 1 
25528382210118;1.00279;0.24965;0.998679 -0.0126743 0.0498051 -0.0074299 0.0125745 0.999918 0.00231734 0.261705 -0.0498304 -0.00168801 0.998756 -1.72405 0 0 0 1 
25528382210119;1.53716;1.24851;0.995024 0.0279428 0.0956352 0.25571 -0.00416622 0.970697 -0.240272 -1.07274 -0.0995467 0.238678 0.965983 0.519696 0 0 0 1 
25528382210120;1.16367;0.818335;0.999359 -0.00642819 0.0352114 -0.0325538 0.00466458 0.998741 0.0499415 0.265347 -0.0354881 -0.0497452 0.998131 -0.0147855 0 0 0 1 
25528382210121;1.92017;1.8409;0.998436 0.0321702 0.0457235 0.402345 -0.0401354 0.981799 0.185635 -0.560293 -0.0389194 -0.18718 0.981554 -2.68382 0 0 0 1 
25528382210122;1.42171;0.671577;0.995367 -0.00882252 -0.0957455 0.113342 0.00455455 0.99899 -0.0447035 0.108083 0.0960432 0.0440603 0.994402 0.543985 0 0 0 1 
25528382210124;1.41534;0.565952;0.999916 0.00503173 -0.0119476 0.570593 -0.00434693 0.998384 0.0566662 -0.197485 0.0122135 -0.0566095 0.998322 -6.00912 0 0 0 1 
25528382210125;0.633729;0.355325;0.991864 -0.0298914 -0.123745 -2.70729 0.0119785 0.989644 -0.143042 -1.01322 0.126739 0.140396 0.98195 12.2992 0 0 0 1 
25528382210126;0.445145;0.300143;0.952413 -0.00629553 -0.304745 -1.32136 0.012849 0.999727 0.0195041 0.0989098 0.30454 -0.0224916 0.952234 -0.119546 0 0 0 1 
25528382210127;0.670288;0.601191;0.998471 -0.0120616 -0.0539399 -1.10299 0.0083118 0.997568 -0.0692089 -0.279286 0.0546434 0.0686548 0.996143 5.88425 0 0 0 1 
25528382210128;2.24311;1.77392;0.999979 -0.00382517 0.00525027 -0.0534085 0.00395128 0.999699 -0.0242234 -0.119672 -0.00515603 0.0242436 0.999693 -0.0484048 0 0 0 1 
25528382210129;1.80511;1.54095;0.984076 0.0102224 0.177451 1.10345 -0.0114993 0.999915 0.00616889 0.0825013 -0.177373 -0.00811122 0.98411 -0.330672 0 0 0 1 
25528382210130;0.986557;0.164313;0.998988 0.00958599 0.043935 0.740636 -0.0130323 0.996802 0.0788381 -0.0331753 -0.0430387 -0.0793309 0.995919 -5.40084 0 0 0 1 
25528382210131;2.11864;2.11945;0.98456 -0.102585 -0.141841 -8.23945 0.0295163 0.895976 -0.443121 -8.80094 0.172543 0.432093 0.885169 34.3755 0 0 0 1 
25528382210132;0.163045;0.168747;0.999923 -0.00682847 -0.0103666 -0.543545 0.00649586 0.999474 -0.0317859 -0.0766814 0.0105782 0.0317161 0.999441 2.36279 0 0 0 1 
25528382210133;1.8377;0.947943;0.999869 0.00227979 -0.0160414 -0.040852 -0.00252334 0.999882 -0.0151789 -0.0175228 0.0160049 0.0152174 0.999756 3.19758 0 0 0 1 
25528382210134;1.18998;0.853694;0.999997 0.000992744 0.00222848 -0.0274203 -0.00091264 0.999363 -0.0356631 -0.110564 -0.00226246 0.0356609 0.999361 3.68926 0 0 0 1 
25528382210135;0.879278;0.705105;0.999144 0.00805156 0.040569 0.582731 -0.00975196 0.999075 0.0418917 0.0041427 -0.0401942 -0.0422515 0.998298 -2.97083 0 0 0 1 
25528382210136;1.20454;1.21078;0.93754 0.0335375 0.346258 3.04384 0.024557 0.986479 -0.162039 -1.21581 -0.347011 0.160421 0.924039 11.4388 0 0 0 1 
25528382210137;0.490225;0.533262;0.999926 -0.00672261 0.0100951 -0.487074 0.00741717 0.99749 -0.0704194 -0.232123 -0.00959635 0.0704891 0.997466 5.21275 0 0 0 1 
25528382210138;0.898047;0.88735;0.999871 -0.0108973 0.0117707 -0.810245 0.0119254 0.995767 -0.0911383 -0.390862 -0.0107278 0.091267 0.995769 6.75362 0 0 0 1 
25528382210139;0.258844;0.225978;0.998407 -0.00524414 0.0561812 -0.334567 0.00811699 0.998664 -0.0510299 -0.182139 -0.0558385 0.0514046 0.997116 3.75775 0 0 0 1 
25528382210140;1.51354;1.38765;0.999428 -0.0104155 0.0321849 -0.691929 0.0140257 0.993374 -0.114067 -0.662678 -0.0307836 0.114453 0.992952 7.99329 0 0 0 1 
25528382210141;0.177514;0.217989;0.968559 0.0127175 0.248459 1.27053 -0.0284697 0.997798 0.0599099 -0.181088 -0.24715 -0.0650998 0.966788 -6.67641 0 0 0 1 
25528382210142;1.7221;1.49545;0.991085 0.015911 -0.132276 0.806082 0.0017755 0.991178 0.132528 -0.358829 0.133217 -0.131582 0.982313 -9.15974 0 0 0 1 
25528382210143;1.74732;1.69799;0.994188 -0.0155351 -0.106531 -1.44036 0.0110561 0.999035 -0.0425071 -0.0185709 0.107088 0.0410822 0.9934 3.87877 0 0 0 1 
25528382210144;0.62636;0.661342;0.985405 -0.011895 -0.16981 -1.27452 0.0114015 0.999927 -0.00388077 0.0292434 0.169844 0.00188804 0.985469 1.02237 0 0 0 1 
25528382210145;2.23099;1.73723;0.983146 0.0128004 0.182372 1.46485 -0.0229184 0.998306 0.0534811 0.0119069 -0.181378 -0.0567594 0.981774 -3.84345 0 0 0 1 
25528382210146;0.123351;0.147469;0.987639 0.00806726 0.156535 0.890348 -0.00813266 0.999967 -0.000222714 -0.0661064 -0.156532 -0.00105309 0.987672 -1.07045 0 0 0 1 
25528382210147;2.1323;0.367205;0.999944 0.000884961 0.0105463 -0.153948 -0.000706743 0.999857 -0.0168903 0.164084 -0.0105598 0.0168819 0.999802 3.86156 0 0 0 1 
25528382210148;1.17842;0.499102;0.999953 -0.00566836 -0.00790026 -0.544866 0.00528791 0.998863 -0.0473725 -0.0782333 0.0081598 0.0473285 0.998846 4.92877 0 0 0 1 
25528382210149;1.8032;1.69594;0.974787 0.0369824 -0.220052 2.47116 0.0181349 0.969777 0.243317 -2.01243 0.2224 -0.241173 0.944655 -18.3302 0 0 0 1 
25528382210150;1.89528;1.87167;0.991357 0.00264732 0.131165 0.344328 0.0116589 0.994063 -0.108182 -0.524908 -0.130673 0.108776 0.98544 7.66759 0 0 0 1 
25528382210151;1.38396;0.546089;0.999999 -0.000432493 0.000918091 0.222514 0.000434942 0.999996 -0.00266877 -0.0775556 -0.000916933 0.00266917 0.999996 -1.59696 0 0 0 1 
25528382210152;1.90731;1.82661;0.999473 0.00468302 -0.0321166 0.459647 -0.00216216 0.996945 0.0780808 -0.25362 0.0323842 -0.0779702 0.99643 -6.99076 0 0 0 1 
25528382210153;0.627318;0.220049;0.968492 -0.0578448 -0.242233 -5.26942 0.0168058 0.985615 -0.16817 -1.33001 0.248476 0.158801 0.955532 14.5062 0 0 0 1 
25528382210155;0.972428;0.614838;0.996801 -0.0365867 -0.0710565 -2.46934 0.00229616 0.90181 -0.432127 -7.36408 0.0798895 0.430581 0.899009 27.0379 0 0 0 1 
25528382210156;1.01473;0.753966;0.991502 0.00656126 -0.129922 -0.0327918 -0.000989887 0.999079 0.0429006 0.0305659 0.130084 -0.0424075 0.990596 -1.19935 0 0 0 1 
25528382210157;0.233342;0.267234;0.998285 -0.00402042 -0.0584099 -0.478837 0.000313837 0.997993 -0.0633292 -0.379551 0.0585472 0.0632022 0.996282 4.96076 0 0 0 1 
25528382210158;0.218897;0.200176;0.999961 -0.00251239 -0.00844892 -0.141289 0.00256031 0.999981 0.00566611 0.0830425 0.00843452 -0.00568752 0.999948 -0.446424 0 0 0 1 
25528382210159;0.424214;0.220281;0.969238 -0.00365353 0.246099 -0.0930693 0.0875214 0.939653 -0.330745 -2.6586 -0.230039 0.34211 0.911067 14.6151 0 0 0 1 
25528382210160;0.944861;0.871228;0.999088 -0.0113374 -0.0411662 -0.780341 0.0033615 0.981997 -0.188866 -1.60726 0.0425663 0.188555 0.98114 11.7573 0 0 0 1 
25528382210161;0.607772;0.42198;0.983611 -0.00831136 0.18011 -0.330032 0.0293506 0.992994 -0.114466 -0.0640508 -0.177897 0.117876 0.976964 1.5006 0 0 0 1 
25528382210162;0.465464;0.262961;0.992098 -0.00218595 0.125447 0.132365 -0.0155073 0.990045 0.139891 -0.497496 -0.124504 -0.140731 0.982188 -12.0026 0 0 0 1 
25528382210163;0.301031;0.225164;0.999914 0.00493804 -0.0121191 0.191097 -0.00455493 0.999495 0.0314381 0.0391635 0.0122683 -0.0313802 0.999432 -1.16146 0 0 0 1 
25528382210164;0.262538;0.258071;0.99999 -0.00372924 0.00249027 -0.206162 0.00371367 0.999974 0.0062245 0.105229 -0.00251342 -0.00621519 0.999978 -0.612249 0 0 0 1 
25528382210165;0.165591;0.179964;0.999901 0.00856896 -0.0111524 0.429309 -0.00744757 0.995259 0.0969744 -0.0722589 0.0119305 -0.0968817 0.995224 -5.351 0 0 0 1 
25528382210166;1.12952;0.746867;0.973332 0.00799402 -0.229261 -0.490946 0.000905973 0.999251 0.0386888 0.0272237 0.229399 -0.0378647 0.972596 0.91497 0 0 0 1 
25528382210167;0.708722;0.200567;0.994935 -0.00967606 -0.100056 -1.30213 0.00356579 0.998127 -0.0610682 -0.339697 0.100459 0.0604021 0.993106 7.31958 0 0 0 1 
25528382210168;1.1418;0.311786;0.999831 -0.000611667 0.0183814 -0.158233 0.00116738 0.999542 -0.0302371 -0.192642 -0.0183544 0.0302534 0.999374 4.14308 0 0 0 1 
25528382210169;0.757933;0.746596;0.995143 0.000728714 0.0984419 0.30139 0.00201287 0.999613 -0.0277475 -0.0734997 -0.0984241 0.0278109 0.994756 -0.963368 0 0 0 1 
25528382210170;0.338329;0.0971464;0.98832 0.00212297 0.152379 0.404153 0.0586905 0.917473 -0.393445 -4.75544 -0.140639 0.397793 0.906632 19.7418 0 0 0 1 
25528382210171;0.814741;0.694252;0.994827 0.0112631 -0.10096 -0.00032667 -0.007535 0.999278 0.037232 0.018355 0.101306 -0.0362787 0.994194 1.39812 0 0 0 1 
25528382210172;0.85032;0.272856;0.991359 0.0648928 -0.114003 2.66412 -0.0214495 0.937562 0.347156 -2.11038 0.129413 -0.341711 0.930852 -15.0531 0 0 0 1 
25528382210173;0.630488;0.529122;0.999768 0.0059795 -0.0206728 0.353444 -0.00451347 0.997519 0.0702489 0.001626 0.0210415 -0.0701394 0.997315 -4.51863 0 0 0 1 
25528382210174;0.36066;0.235291;0.961402 0.0989569 -0.256735 3.77156 1.33687e-05 0.93307 0.359695 -2.27136 0.275146 -0.345816 0.897054 -14.4393 0 0 0 1 
25528382210175;0.400793;0.410343;0.999814 -0.0036972 0.0189339 -0.152951 0.00574371 0.994003 -0.109202 -0.62337 -0.0184166 0.10929 0.993839 6.12489 0 0 0 1 
25528382210176;0.342834;0.175409;0.985016 -0.00777226 0.172285 -0.169312 -0.0227783 0.984369 0.174639 -0.778905 -0.170949 -0.175947 0.969443 -14.8505 0 0 0 1 
25528382210177;0.260067;0.135995;0.997415 -0.0243243 -0.0676083 -1.63299 0.00516633 0.962796 -0.27018 -2.92286 0.071665 0.269132 0.960433 17.1209 0 0 0 1 
25528382210178;0.926206;0.273652;0.999826 4.2804e-05 0.0186543 -0.0985312 -0.000196063 0.999966 0.00821403 0.0399028 -0.0186533 -0.00821626 0.999792 1.31254 0 0 0 1 
25528382210179;0.695785;0.281478;0.999889 -0.0124548 -0.00821262 -0.633517 0.0109089 0.985899 -0.166988 -0.895823 0.0101766 0.16688 0.985925 8.21173 0 0 0 1 
25528382210180;0.109455;0.0881913;0.999739 0.00653399 0.0219066 0.444158 -0.00803922 0.997561 0.0693428 -0.0479287 -0.0214001 -0.0695008 0.997352 -4.67079 0 0 0 1 
25528382210181;0.971587;0.651929;0.944861 -0.0087534 0.327355 -1.03579 0.0276121 0.998212 -0.0530063 0.514155 -0.326306 0.0591225 0.943414 -6.18853 0 0 0 1 
25528382210182;0.540657;0.359112;0.998568 -0.00153406 0.0534837 0.108613 0.00207328 0.999948 -0.0100278 0.0229007 -0.0534655 0.0101243 0.998518 -1.7411 0 0 0 1 
25528382210183;0.488607;0.388242;0.970432 -0.00148328 0.241369 0.130746 0.00319516 0.999972 -0.00670116 0.104178 -0.241352 0.00727423 0.97041 -4.6479 0 0 0 1 
25528382210184;0.107925;0.0600418;0.999939 0.00243038 -0.0107841 0.0734895 -0.00227937 0.9999 0.0139926 0.00214948 0.0108171 -0.0139671 0.999844 -0.373427 0 0 0 1 
25528382210186;2.61464;0.540878;0.905926 0.0379912 -0.421729 0.077177 0.0511624 0.978849 0.198082 -0.0742285 0.420334 -0.201024 0.884821 -5.50983 0 0 0 1 
25528382210187;2.55948;0.350723;0.999974 0.00681833 0.0021465 0.654095 -0.00679792 0.999933 -0.00937843 -0.27211 -0.0022103 0.0093636 0.999954 -2.01886 0 0 0 1 
25528382210188;2.1137;0.671263;0.992527 -0.0266066 -0.119092 -0.935653 0.0117054 0.992199 -0.124115 -0.198682 0.121466 0.121793 0.985095 4.41928 0 0 0 1 
25528382210189;3.03095;1.73816;0.931904 0.00710108 0.362635 0.854571 0.0106508 0.998841 -0.0469298 -0.0602864 -0.362548 0.0475964 0.930749 -0.800402 0 0 0 1 
25528382210190;2.58604;2.42084;0.94505 0.0281038 0.325715 1.43426 0.0317486 0.9837 -0.176994 -0.821633 -0.32538 0.177609 0.928753 3.91978 0 0 0 1 
25528382210191;2.29839;1.18766;0.992585 0.0155351 0.120556 0.751682 -0.0578121 0.932777 0.355788 -1.66272 -0.106925 -0.36012 0.926758 -13.9775 0 0 0 1 
25528382210192;1.26077;0.937354;0.997362 0.00851476 -0.0720803 0.262824 -0.00612178 0.999425 0.0333548 -0.0562375 0.0723229 -0.0328255 0.996841 -1.30169 0 0 0 1 
25528382210193;1.94741;1.1259;0.976122 -0.0128411 0.216841 -0.321281 0.0413217 0.991 -0.127326 -0.0499167 -0.213254 0.133246 0.967868 0.853275 0 0 0 1 
25528382210194;0.500481;0.433017;0.99121 0.0660282 -0.114646 2.13242 -0.0152155 0.9177 0.396982 -2.13358 0.131422 -0.391748 0.910638 -14.2899 0 0 0 1 
25528382210195;0.447325;0.344913;0.993722 -0.0009869 0.11187 0.222813 0.0295735 0.966708 -0.254167 -1.7234 -0.107895 0.25588 0.960669 8.73078 0 0 0 1 
25528382210196;0.672791;0.631377;0.999995 0.00322255 0.000184647 0.120036 -0.00322747 0.999103 0.0422168 0.0672861 -4.84362e-05 -0.0422171 0.999108 -1.49453 0 0 0 1 
25528382210197;1.68816;1.65877;0.999948 0.00562658 0.00847694 0.184655 -0.00594657 0.999252 0.0382086 0.012741 -0.00825562 -0.0382571 0.999234 -1.56859 0 0 0 1 
25528382210198;0.0806703;0.105154;0.999967 -0.00781151 0.00200131 -0.276966 0.00783914 0.999869 -0.0141921 0.0723777 -0.00189018 0.0142073 0.999897 0.477967 0 0 0 1 
25528382210199;2.04506;0.49217;0.98514 -0.00680648 0.171619 0.120581 0.00903859 0.999884 -0.0122282 0.0126613 -0.171516 0.0135976 0.985088 -3.42412 0 0 0 1 
25528382210200;1.86353;1.64107;0.985974 -0.0819814 -0.145376 -4.00485 0.0319924 0.947729 -0.31747 -2.67205 0.163803 0.308366 0.937059 14.6305 0 0 0 1 
25528382210201;1.69978;1.58014;0.977264 -0.000225334 0.212025 0.297076 -0.0237559 0.993586 0.110551 -0.252279 -0.21069 -0.113074 0.970991 -7.99517 0 0 0 1 
25528382210202;3.09717;0.681731;0.999631 -0.011295 0.0247065 -0.808027 0.0125142 0.998683 -0.0497607 0.161921 -0.0241119 0.0500515 0.998456 4.41343 0 0 0 1 
25528382210203;2.66545;0.364102;0.999926 0.00693014 -0.00999712 0.0347923 -0.00620234 0.997451 0.0710796 0.230291 0.0104642 -0.0710124 0.997421 -0.317596 0 0 0 1 
25528382210204;2.12678;2.08175;0.999996 0.00278171 -0.000333502 0.14206 -0.00278013 0.999985 0.00466782 0.00155637 0.000346482 -0.00466687 0.999989 -0.0967075 0 0 0 1 
25528382210205;2.17534;0.410642;0.969821 0.00378532 -0.24379 -0.258347 0.00450401 0.999431 0.0334355 -0.0216616 0.243778 -0.0335245 0.969251 -0.403855 0 0 0 1 
25528382210206;0.615844;0.288537;0.999744 -0.0056971 0.021894 -0.183144 0.0074116 0.996844 -0.0790438 -0.241615 -0.0213745 0.0791858 0.996631 3.30904 0 0 0 1 
25528382210207;2.70191;2.51515;0.998606 -0.00676535 0.0523506 -0.0772655 0.0111652 0.996385 -0.0842148 -0.134458 -0.0515916 0.0846818 0.995072 1.39824 0 0 0 1 
25528382210208;0.254784;0.241883;0.998467 0.00360543 -0.055233 -0.0647929 -0.00193842 0.999542 0.0302052 0.062811 0.0553166 -0.0300519 0.998017 -0.548041 0 0 0 1 
25528382210209;0.401221;0.394712;0.999895 0.00214423 -0.0143336 0.0166143 -0.00155555 0.99916 0.0409559 0.0937412 0.0144094 -0.0409293 0.999058 -1.3829 0 0 0 1 
25528382210210;3.26762;2.76478;0.998089 0.0596788 0.0160274 2.49206 -0.0614233 0.929809 0.362881 -2.80688 0.00675386 -0.363172 0.931698 -15.6789 0 0 0 1 
25528382210211;2.11433;0.849256;0.99941 0.0178273 0.0293434 0.594763 -0.0227549 0.983903 0.17725 -0.129895 -0.0257111 -0.177814 0.983728 -5.75083 0 0 0 1 
25528382210212;0.939666;0.395232;0.982543 0.00531278 0.185962 0.527148 0.0285028 0.983492 -0.178694 -0.765539 -0.183842 0.180875 0.966171 4.14401 0 0 0 1 
25528382210213;1.20317;1.05449;0.996275 0.00736307 0.0859149 0.425431 -0.0153314 0.995598 0.0924593 0.0168213 -0.0848559 -0.0934321 0.992003 -4.56147 0 0 0 1 
25528382210214;2.77469;0.95148;0.986185 0.0156648 0.164906 0.97936 0.0183245 0.979092 -0.202592 -1.49247 -0.164632 0.202815 0.965278 8.15324 0 0 0 1 
25528382210215;2.52413;2.44939;0.999612 0.0184403 -0.0208992 0.761866 -0.0127677 0.969501 0.244754 -0.663108 0.0247751 -0.244392 0.96936 -9.95738 0 0 0 1 
25528382210217;1.06109;1.05855;0.973006 -0.012078 -0.230465 -1.29559 0.00240788 0.999107 -0.0421946 -0.0837034 0.230768 0.0405007 0.972165 4.34789 0 0 0 1 
25528382210218;0.551084;0.507111;0.999866 0.0144415 0.00764921 1.30018 -0.0149034 0.997823 0.0642404 -0.250384 -0.00670483 -0.0643458 0.997905 -5.62245 0 0 0 1 
25528382210219;0.422673;0.444659;0.974273 0.00309197 0.225348 0.411727 -0.0114056 0.999301 0.0355999 -0.0777041 -0.225081 -0.0372543 0.973628 -4.27525 0 0 0 1 
25528382210220;1.03905;0.906317;0.961767 0.0574735 -0.267772 5.04864 -0.020336 0.99002 0.139453 -1.00459 0.273114 -0.128675 0.953337 -10.8511 0 0 0 1 
25528382210221;1.31298;0.651417;0.997771 -0.0175237 -0.0643922 -1.83104 0.00857448 0.990574 -0.136712 -1.11226 0.0661809 0.135855 0.988516 13.8913 0 0 0 1 
25528382210222;1.56771;1.20672;0.987049 0.0432929 -0.154468 4.31858 -0.0262361 0.993496 0.1108 -0.7601 0.15826 -0.105312 0.981765 -10.6762 0 0 0 1 
25528382210223;0.395381;0.327436;0.998824 0.00489508 -0.0482373 0.370411 -0.0027215 0.998982 0.0450232 -0.0258048 0.0484086 -0.044839 0.997821 -3.67559 0 0 0 1 
25528382210224;1.45898;1.18695;0.995424 0.00105077 -0.0955498 -0.231876 0.000472626 0.999873 0.0159195 -0.0157172 0.0955544 -0.0158918 0.995297 -0.0419181 0 0 0 1 
25528382210225;0.647882;0.342003;0.956506 0.0464262 -0.287995 3.52801 -0.00211932 0.988334 0.152285 -0.91836 0.291706 -0.145051 0.945446 -11.332 0 0 0 1 
25528382210226;0.247807;0.266867;0.994582 0.0064614 -0.103756 0.559625 -0.00420676 0.999751 0.0219343 -0.0648165 0.103872 -0.021379 0.994361 -1.60768 0 0 0 1 
25528382210227;1.67052;0.473219;0.99982 -0.00690885 0.017679 -0.922058 0.00688151 0.999975 0.00160685 0.073171 -0.0176896 -0.0014849 0.999842 2.0018 0 0 0 1 
25528382210228;0.941077;0.362531;0.999848 -0.00516985 -0.0166473 -0.133531 0.00417052 0.998219 -0.0595148 -0.0523375 0.0169254 0.0594363 0.998089 3.87831 0 0 0 1 
25528382210229;1.84373;1.84655;0.999434 -0.00546407 -0.0331918 -0.546366 0.00337665 0.998032 -0.062623 -0.216586 0.0334687 0.0624755 0.997485 5.85783 0 0 0 1 
25528382210230;0.815476;0.779013;0.99997 -0.00463442 -0.00623754 -0.436825 0.0045751 0.999944 -0.00949124 -0.0132057 0.00628118 0.00946242 0.999936 1.18033 0 0 0 1 
25528382210231;0.945073;0.489668;0.999923 0.00132145 -0.0123351 -0.0235789 -0.00143485 0.999957 -0.00918927 -0.0345958 0.0123225 0.00920626 0.999882 1.90381 0 0 0 1 
25528382210232;0.385786;0.367205;0.994875 0.00325827 0.10106 0.397908 -0.0122909 0.995966 0.0888855 -0.318579 -0.100362 -0.0896721 0.990902 -8.92413 0 0 0 1 
25528382210233;0.215723;0.166903;0.99899 0.0401447 0.0201653 3.61053 -0.0445311 0.944164 0.326453 -5.02029 -0.00593398 -0.327021 0.944998 -29.5022 0 0 0 1 
25528382210234;1.80049;1.32528;0.999812 -0.0132441 0.0141917 -0.876728 0.0142517 0.997199 -0.0734245 0.0825273 -0.0131795 0.0736129 0.9972 4.39287 0 0 0 1 
25528382210235;1.841;1.90222;0.982085 0.000547705 0.188436 0.134258 -0.0376967 0.980353 0.193617 -1.65985 -0.184628 -0.197252 0.962811 -17.9352 0 0 0 1 
25528382210236;0.783834;0.533601;0.992627 -0.000561789 0.121204 -0.00968806 -0.00589597 0.998582 0.0529148 -0.126419 -0.121062 -0.0532393 0.991216 -4.62114 0 0 0 1 
25528382210237;0.646121;0.501666;0.99601 -0.00203343 -0.0892186 -0.0564438 0.00150868 0.999981 -0.00594863 0.0390582 0.089229 0.00579029 0.995994 0.103967 0 0 0 1 
25528382210238;0.978297;0.779721;0.993746 -0.0149575 0.110654 -1.36553 0.0284179 0.992235 -0.121088 -0.701898 -0.107983 0.123475 0.986455 11.1208 0 0 0 1 
25528382210239;1.51578;0.232843;0.995439 -0.0140809 0.0943548 -1.40873 0.0198248 0.997988 -0.0602175 -0.237169 -0.0933171 0.0618134 0.993716 7.21013 0 0 0 1 
25528382210240;0.466545;0.451552;0.999789 0.0205319 0.000951848 1.81031 -0.0203452 0.981988 0.187847 -1.60465 0.00292216 -0.187827 0.982198 -16.8647 0 0 0 1 
25528382210241;1.93577;1.82888;0.989373 0.00688562 0.145238 0.752569 -0.0276649 0.989546 0.141542 -0.906283 -0.142745 -0.144056 0.97922 -13.4955 0 0 0 1 
25528382210242;0.86252;0.490527;0.996227 -0.02102 0.0842029 -1.95834 0.0378278 0.978383 -0.203311 -2.00825 -0.0781091 0.205729 0.975487 18.8197 0 0 0 1 
25528382210243;0.905546;0.291514;0.969568 -0.00479814 0.244777 -0.284141 -0.00728652 0.998799 0.0484407 -0.0704721 -0.244715 -0.0487501 0.968369 -4.40661 0 0 0 1 
25528382210244;0.219604;0.262612;0.999823 -0.006406 -0.0177043 -0.56107 0.00606559 0.999797 -0.0192144 0.0487082 0.0178237 0.0191036 0.999659 1.58286 0 0 0 1 
25528382210245;0.165948;0.15067;0.980273 -0.00365342 0.197614 -0.265826 0.000807616 0.999895 0.0144795 0.0393027 -0.197646 -0.0140343 0.980173 -2.51161 0 0 0 1 
25528382210246;1.5805;1.43926;0.998736 0.00230547 0.0502163 0.150769 -0.00297086 0.999909 0.0131799 -0.0103042 -0.0501814 -0.0133124 0.998651 -0.427928 0 0 0 1 
25528382210248;1.80404;1.62085;0.996519 0.00312894 0.0833105 0.360613 0.0099213 0.987743 -0.155771 -0.798253 -0.0827768 0.156055 0.984274 8.24026 0 0 0 1 
25528382210249;2.65063;0.671023;0.9993 -0.0125147 0.0352528 -0.518605 0.0120922 0.999853 0.012172 0.171767 -0.0354 -0.0117372 0.999304 -3.57093 0 0 0 1 
25528382210250;0.988386;0.293751;0.98893 -0.0147951 -0.147644 -1.12275 0.00569805 0.998069 -0.0618489 -0.285362 0.148274 0.060323 0.987105 3.90285 0 0 0 1 
25528382210251;1.96971;0.868062;0.999301 0.00201596 -0.0373166 0.329839 -0.000708851 0.999387 0.0350076 0.161362 0.0373643 -0.0349567 0.99869 -4.07749 0 0 0 1 
25528382210252;1.48555;1.39621;0.999991 0.00421784 0.000432889 0.230058 -0.00421801 0.999991 0.000390385 -0.0371401 -0.000431238 -0.000392207 1 0.302239 0 0 0 1 
25528382210253;1.51489;0.398227;0.999012 0.00170671 0.0443995 0.241719 -8.44371e-05 0.999333 -0.0365145 0.0618044 -0.0444322 0.0364747 0.998346 0.422962 0 0 0 1 
25528382210254;2.5409;2.14669;0.999104 0.0216593 0.0363667 1.41376 -0.0263349 0.990705 0.133455 -0.370399 -0.0331381 -0.134293 0.990387 -9.27995 0 0 0 1 
25528382210255;0.438009;0.187785;0.995744 -0.0108086 -0.0915251 -0.800558 0.00266386 0.996059 -0.0886475 -0.420329 0.0921226 0.0880264 0.991849 4.9849 0 0 0 1 
25528382210256;0.895108;0.552152;0.960937 0.012473 0.276487 1.30307 0.066781 0.959018 -0.275363 -3.14936 -0.26859 0.28307 0.920723 16.8047 0 0 0 1 
25528382210257;0.887196;0.860522;0.999295 -0.00111827 0.0375204 0.0381335 0.000811783 0.999966 0.00818275 -0.0167673 -0.0375283 -0.00814652 0.999262 -0.681219 0 0 0 1 
25528382210258;2.46932;0.666151;0.999641 0.0105923 -0.0246139 0.868002 -0.0118966 0.998499 -0.0534614 0.0863233 0.0240107 0.0537351 0.998267 0.162103 0 0 0 1 
