#;prob_registration_l1 -r /home/probabilistic_point_clouds_registration/build/tester /home/point_clouds_registration_benchmark//devel/registration_pairs/stairs_local.txt /home/point_clouds_registration_benchmark//eth/stairs -s 0.2 -t 0.2 -p 0.3 -r 1000 -m 1 -i 40 
id;initial_error;final_error;transformation
5494384560000;0.832403;0.0505991;0.994693 0.10278 -0.00469356 0.801747 -0.10257 0.994171 0.0332049 0.399294 0.00807901 -0.0325472 0.999438 0.408537 0 0 0 1 
5494384560001;0.315086;0.0469462;0.914061 0.244458 -0.323624 1.53202 -0.214383 0.968573 0.126122 1.34786 0.344285 -0.0459036 0.937742 -2.30543 0 0 0 1 
5494384560002;0.630491;0.0389131;0.999358 -0.0258263 -0.0248145 0.714137 0.0258925 0.999662 0.00235044 -0.2999 0.0247454 -0.00299144 0.999689 0.0955489 0 0 0 1 
5494384560003;0.317466;0.0449181;0.968667 -0.0581396 -0.241461 0.933636 0.134704 0.939782 0.31411 -1.89954 0.208658 -0.336794 0.918168 -1.40882 0 0 0 1 
5494384560004;0.657978;0.0369766;0.99858 0.0480912 0.0229144 -0.206678 -0.0501651 0.993648 0.10073 0.632263 -0.0179246 -0.101736 0.99465 0.614926 0 0 0 1 
5494384560005;0.751618;0.0340261;0.994435 -0.0955728 -0.0443267 -0.453051 0.100249 0.987794 0.119218 -1.52555 0.0323917 -0.122998 0.991878 -0.377934 0 0 0 1 
5494384560006;0.696898;0.119129;0.949625 0.256837 -0.179573 1.17718 -0.276609 0.956269 -0.0950603 2.01068 0.147305 0.139943 0.979141 -0.522946 0 0 0 1 
5494384560007;0.399045;0.0451354;0.928171 -0.369382 -0.0453305 0.831591 0.371316 0.927352 0.0462816 -3.12824 0.0249417 -0.0597892 0.997899 -0.172031 0 0 0 1 
5494384560008;0.231215;0.0393942;0.971785 -0.213629 -0.0999816 0.401743 0.200184 0.971179 -0.129377 -1.13744 0.124739 0.105712 0.986542 -0.783211 0 0 0 1 
5494384560009;0.454804;0.0425202;0.990046 -0.0270996 -0.138107 0.67366 0.0337115 0.998383 0.0457624 -0.593593 0.136644 -0.0499627 0.989359 -0.651612 0 0 0 1 
5494384560010;0.83506;0.0515021;0.999985 0.000807565 -0.00538881 -0.00223671 -0.000603218 0.999285 0.037815 0.0528931 0.00541549 -0.0378112 0.99927 0.845072 0 0 0 1 
5494384560011;0.300381;0.032162;0.99577 0.065153 0.0647876 -0.228132 -0.0421536 0.950471 -0.307941 1.02397 -0.081642 0.303908 0.949197 0.698794 0 0 0 1 
5494384560012;0.513405;0.0566277;0.943728 0.0612033 -0.325011 1.12525 -0.127431 0.974141 -0.186577 1.3869 0.305188 0.217494 0.927123 -1.63661 0 0 0 1 
5494384560013;0.592232;0.0288556;0.993919 0.0108366 -0.109582 0.446571 -0.0150157 0.999188 -0.0373838 0.83136 0.109088 0.0388019 0.993275 -0.764818 0 0 0 1 
5494384560014;0.784839;0.0581811;0.949353 0.193685 0.247418 0.47915 -0.239415 0.955851 0.170382 1.21943 -0.203494 -0.220988 0.95381 2.02797 0 0 0 1 
5494384560015;1.02961;0.0481369;0.939323 0.330263 -0.0927303 0.313261 -0.342768 0.893003 -0.291643 3.94553 -0.0135107 0.305732 0.952022 0.925026 0 0 0 1 
5494384560016;0.692498;0.046189;0.988877 0.138569 -0.0540463 0.184462 -0.148312 0.891251 -0.428572 2.70255 -0.0112181 0.431821 0.90189 -0.0619372 0 0 0 1 
5494384560017;0.125802;0.0389022;0.999986 0.00140514 -0.00513952 0.0456163 -0.00129602 0.999775 0.0211733 -0.100734 0.00516811 -0.0211663 0.999763 0.0695363 0 0 0 1 
5494384560018;0.697368;0.0403685;0.997523 0.0436008 -0.0551997 0.723217 -0.055804 0.968259 -0.243641 1.16136 0.0428246 0.246117 0.968293 0.271003 0 0 0 1 
5494384560019;0.372102;0.0400006;0.951402 0.291469 0.0993932 0.153875 -0.301006 0.948335 0.100278 2.04134 -0.06503 -0.125323 0.989982 0.235345 0 0 0 1 
5494384560020;0.725979;0.0558735;0.946706 0.312019 0.0799491 0.15712 -0.321577 0.901464 0.289742 2.10584 0.0183337 -0.30001 0.95376 0.498242 0 0 0 1 
5494384560021;0.810082;0.0492275;0.995968 0.0825363 -0.0351564 -0.176501 -0.0824506 0.996588 0.00388292 0.655322 0.0353569 -0.000968596 0.999374 0.548807 0 0 0 1 
5494384560022;1.01164;0.0324732;0.88312 -0.310498 -0.351695 1.58403 0.337368 0.941234 0.0161656 -3.53369 0.326008 -0.132927 0.935975 -2.00506 0 0 0 1 
5494384560023;0.527542;0.0641273;0.982086 0.0799123 -0.170648 0.823777 -0.0796126 0.996789 0.00860968 0.546258 0.170788 0.00513029 0.985294 -1.75847 0 0 0 1 
5494384560024;0.419936;0.0756496;0.941117 0.327354 -0.0844817 0.983456 -0.329796 0.94391 -0.016383 2.59286 0.0743801 0.04328 0.99629 -0.777353 0 0 0 1 
5494384560025;0.495752;0.0507824;0.941215 0.300622 -0.154077 0.927176 -0.300806 0.953416 0.0226803 2.31943 0.153718 0.0250004 0.987798 -0.711656 0 0 0 1 
5494384560026;0.350666;0.0433762;0.973024 0.0918869 0.211614 -0.255461 -0.0281221 0.95766 -0.286526 0.899759 -0.228982 0.272846 0.93441 2.17452 0 0 0 1 
5494384560027;0.90423;0.0398021;0.991879 0.0642465 -0.109769 1.31184 -0.0454086 0.985043 0.166219 0.106628 0.118806 -0.159884 0.97996 -0.693813 0 0 0 1 
5494384560028;0.914969;0.046899;0.995419 -0.0955904 -0.00200309 -0.904049 0.0956002 0.995404 0.00555823 -0.576991 0.00146257 -0.00572426 0.999983 -0.216076 0 0 0 1 
5494384560029;0.844853;0.0265642;0.999198 0.0327373 0.0230598 -0.0416509 -0.032896 0.999437 0.00653291 -0.427025 -0.0228329 -0.00728624 0.999713 -0.466222 0 0 0 1 
5494384560031;0.314572;0.00806612;0.911891 -0.353068 -0.209277 0.586052 0.360145 0.932885 -0.00458207 -1.38728 0.19685 -0.0711918 0.977846 -0.843119 0 0 0 1 
5494384560032;0.143255;0.0257471;0.997581 0.0502873 0.0479884 0.0612512 -0.0456991 0.994679 -0.0923361 0.253587 -0.0523763 0.0899198 0.994571 0.17824 0 0 0 1 
5494384560033;0.256973;0.0451088;0.999908 0.00616692 0.0121031 0.191972 -0.00475067 0.993499 -0.113739 0.234173 -0.0127259 0.113671 0.993437 0.102092 0 0 0 1 
5494384560034;0.872658;0.00925768;0.971766 -0.215247 0.0966376 0.100016 0.197834 0.966518 0.163414 -1.7072 -0.128577 -0.139682 0.981813 -0.146566 0 0 0 1 
5494384560035;0.383527;0.0222155;0.996821 -0.0736831 0.0303119 0.107803 0.0720212 0.996011 0.0526827 0.0451112 -0.0340728 -0.0503321 0.998151 0.16448 0 0 0 1 
5494384560036;0.699819;0.0315302;0.954763 0.255675 -0.151851 0.553848 -0.291119 0.907789 -0.301943 0.939983 0.0606494 0.332491 0.941154 0.440535 0 0 0 1 
5494384560037;0.785083;0.0139011;0.973634 -0.0909591 0.209196 -0.297015 0.152147 0.942226 -0.298433 -0.133745 -0.169965 0.322393 0.931222 0.00484148 0 0 0 1 
5494384560038;1.00964;0.0202252;0.902511 -0.430176 0.0205514 -0.791393 0.430391 0.902613 -0.00730836 -1.30229 -0.0154061 0.015441 0.999762 -0.319854 0 0 0 1 
5494384560039;0.16472;0.0413267;0.982959 -0.0823085 -0.164366 0.211631 0.0815841 0.996604 -0.0111647 -0.242632 0.164727 -0.00243522 0.986336 -0.674332 0 0 0 1 
5494384560040;0.656318;0.0110919;0.915239 0.336999 0.220836 0.606477 -0.32684 0.9415 -0.0821754 0.833087 -0.23561 0.00303201 0.971843 1.08486 0 0 0 1 
5494384560041;0.496934;0.0177989;0.88351 -0.306767 0.353984 -0.145547 0.314295 0.94858 0.0376014 -1.13316 -0.347317 0.0780344 0.934495 1.79852 0 0 0 1 
5494384560042;0.516103;0.311279;0.995272 -0.0615151 -0.0751652 -0.200133 0.070927 0.989006 0.129752 -0.604145 0.0663571 -0.13447 0.988693 -0.50931 0 0 0 1 
5494384560043;0.0787389;0.0252371;0.999963 -0.00184347 -0.00838711 0.0148484 0.00194142 0.99993 0.0116853 -0.0862568 0.00836498 -0.0117011 0.999897 -0.0254818 0 0 0 1 
5494384560044;0.670233;0.0356512;0.999294 0.0373673 0.00401971 0.240028 -0.0374264 0.999174 0.0158045 0.261927 -0.00342582 -0.0159438 0.999867 0.774526 0 0 0 1 
5494384560045;0.454928;0.0124134;0.915545 -0.265737 0.301927 -0.462193 0.178342 0.941044 0.287453 -1.12482 -0.360514 -0.20933 0.908961 1.39529 0 0 0 1 
5494384560046;0.663952;0.0304916;0.978156 0.138139 -0.155335 0.421381 -0.14003 0.990146 -0.00124268 1.25771 0.153633 0.0229672 0.987861 -0.659514 0 0 0 1 
5494384560047;0.60701;0.0834462;0.988541 0.0127031 -0.150419 -0.24975 -0.0414607 0.98098 -0.18963 0.761896 0.14515 0.193694 0.970265 -0.727254 0 0 0 1 
5494384560048;0.280379;0.0633075;0.999994 0.00119018 -0.00322749 0.00157295 -0.00114736 0.999912 0.0132357 -0.0953022 0.00324296 -0.0132319 0.999907 0.227992 0 0 0 1 
5494384560049;0.480826;0.0198467;0.930735 0.327275 0.163168 0.604502 -0.320811 0.944892 -0.0652659 1.39111 -0.175536 0.00839925 0.984437 0.658558 0 0 0 1 
5494384560050;0.519994;0.0196148;0.97881 0.196795 0.0566005 -0.151798 -0.191053 0.977123 -0.0934255 0.317471 -0.0736913 0.0806321 0.994016 0.34529 0 0 0 1 
5494384560051;0.245903;0.0695582;0.999999 0.000372062 -0.00099833 0.0315658 -0.000310831 0.998159 0.060648 -0.277282 0.00101906 -0.0606476 0.998159 -0.201029 0 0 0 1 
5494384560052;0.581213;0.0117803;0.953034 0.156929 0.259037 -0.353846 -0.182457 0.980155 0.0774934 0.0943718 -0.241736 -0.121117 0.962754 0.676463 0 0 0 1 
5494384560053;0.543864;0.0272009;0.963914 -0.214639 0.15748 -0.432979 0.200553 0.974499 0.100644 -1.21087 -0.175067 -0.065429 0.98238 0.308574 0 0 0 1 
5494384560054;0.812423;0.444089;0.999314 -0.035779 -0.00958707 -0.429817 0.035883 0.999296 0.0109081 -0.332154 0.00919004 -0.0112446 0.999895 -0.478569 0 0 0 1 
5494384560055;0.804846;0.0136388;0.930075 0.0155606 0.367041 0.515405 -0.0504552 0.995045 0.0856679 0.610085 -0.363889 -0.0981967 0.926252 1.47794 0 0 0 1 
5494384560056;0.404608;0.0252928;0.985264 0.141227 0.0964873 -0.176069 -0.137363 0.98947 -0.0456169 0.167205 -0.101914 0.0316909 0.994288 0.30304 0 0 0 1 
5494384560057;0.241612;0.0270749;0.968627 0.217803 -0.119679 0.41294 -0.205325 0.972677 0.108358 0.531178 0.140009 -0.0803852 0.986882 -0.481354 0 0 0 1 
5494384560058;0.361634;0.00768045;0.99058 -0.126003 0.053618 0.16858 0.13316 0.977674 -0.162546 -0.0340927 -0.0319396 0.168155 0.985243 0.225564 0 0 0 1 
5494384560059;0.672349;0.0364222;0.99994 -0.00296495 0.0105305 -0.00327589 0.0029947 0.999992 -0.00281134 0.00390216 -0.0105221 0.00284271 0.999941 -0.753235 0 0 0 1 
5494384560060;0.435775;0.00976556;0.956173 -0.264354 -0.125894 -0.00697681 0.290489 0.910386 0.294642 -1.5993 0.0367223 -0.3183 0.947279 -0.374456 0 0 0 1 
5494384560062;0.821662;0.0479581;0.96566 -0.186537 -0.180846 0.367724 0.185056 0.982405 -0.0251801 -1.59496 0.182361 -0.00915128 0.983189 -1.4079 0 0 0 1 
5494384560063;1.2461;0.019069;0.943659 0.0988744 -0.315803 1.74787 -0.103982 0.994579 0.000680167 0.729159 0.314158 0.0321959 0.948825 -2.48597 0 0 0 1 
5494384560064;0.351118;0.276774;0.982726 -0.184591 0.0132422 -0.0439786 0.184752 0.982709 -0.0122316 -1.30104 -0.0107554 0.0144668 0.999838 0.0764597 0 0 0 1 
5494384560065;1.02628;0.0456506;0.998088 0.0598185 0.0155629 -0.0651055 -0.0595269 0.998054 -0.01857 0.17703 -0.0166435 0.0176081 0.999706 0.865079 0 0 0 1 
5494384560066;0.385602;0.511087;0.941743 0.32739 -0.0770429 1.02763 -0.329212 0.944181 -0.0119088 2.31584 0.0688437 0.0365785 0.996957 -0.303216 0 0 0 1 
5494384560067;1.09812;0.0119199;0.979928 -0.136009 0.145746 -0.366 0.156488 0.977746 -0.139731 -0.979513 -0.123498 0.159734 0.979405 0.10551 0 0 0 1 
5494384560068;0.284277;0.0136109;0.987608 0.140962 -0.0689985 0.314256 -0.116712 0.953585 0.277586 0.00908809 0.104925 -0.266093 0.95822 -0.686385 0 0 0 1 
5494384560069;0.305684;0.0475581;0.992629 0.117736 -0.0287507 0.380404 -0.117419 0.993004 0.0124975 0.752541 0.030021 -0.00902947 0.999508 -0.140645 0 0 0 1 
5494384560070;1.06788;0.64593;0.998585 0.0518022 -0.0120271 0.307162 -0.0499172 0.99103 0.123969 0.0361219 0.0183411 -0.123193 0.992213 -0.488559 0 0 0 1 
5494384560071;0.199717;0.0499563;0.999978 -0.00544489 -0.00371038 0.00674191 0.0054352 0.999982 -0.002618 -0.0582856 0.00372457 0.00259778 0.99999 0.138117 0 0 0 1 
5494384560072;1.02349;0.0666682;0.965006 -0.0185247 -0.261574 1.06307 -0.0528234 0.963322 -0.263099 1.58047 0.256854 0.26771 0.928632 -1.35445 0 0 0 1 
5494384560073;0.123206;0.0638857;0.995125 -0.0986107 0.001502 -0.0756722 0.098597 0.9951 0.0073905 -0.673507 -0.00222342 -0.00720638 0.999972 0.0285625 0 0 0 1 
5494384560074;0.700296;0.814802;0.993673 0.111579 0.0127928 0.284828 -0.112153 0.991846 0.0605184 0.689372 -0.00593588 -0.0615702 0.998085 -0.146798 0 0 0 1 
5494384560075;0.186882;0.0272957;0.999895 0.00349324 -0.0140581 0.0948577 -0.00357846 0.999975 -0.00604177 0.0416255 0.0140366 0.00609144 0.999883 -0.218241 0 0 0 1 
5494384560076;1.00141;0.0541379;0.994736 -0.0686539 0.0760758 -0.318597 0.06561 0.996969 0.0418157 -0.38421 -0.078716 -0.0366043 0.996225 1.21771 0 0 0 1 
5494384560077;0.605922;0.224789;0.931043 -0.209939 -0.298469 1.12488 0.225978 0.97393 0.0198673 -1.6084 0.286517 -0.0859447 0.954213 -1.993 0 0 0 1 
5494384560078;0.686652;0.221596;0.983215 -0.18229 -0.00764606 -0.0648782 0.174338 0.951031 -0.255238 -0.529308 0.053799 0.249621 0.966848 0.267263 0 0 0 1 
5494384560079;0.330281;0.0833336;0.9519 0.304157 -0.0370796 0.520932 -0.296054 0.944166 0.144579 1.49674 0.0789839 -0.126647 0.988798 -0.511539 0 0 0 1 
5494384560080;0.779401;0.117113;0.947993 0.303555 -0.0957313 1.10527 -0.295079 0.950916 0.0932053 1.93958 0.119325 -0.0601097 0.991034 -0.597438 0 0 0 1 
5494384560081;0.603531;0.0351078;0.984054 0.171865 -0.0458303 0.470524 -0.176727 0.973886 -0.142522 1.6599 0.0201389 0.148349 0.98873 0.279886 0 0 0 1 
5494384560082;0.617118;0.259706;0.924804 -0.164389 -0.343095 1.33005 0.212668 0.971146 0.10793 -1.54373 0.315453 -0.172779 0.933079 -2.11386 0 0 0 1 
5494384560083;0.290683;0.211701;0.968684 0.216806 0.121022 0.0427721 -0.205155 0.973426 -0.101752 1.65477 -0.139867 0.0737376 0.987421 0.902363 0 0 0 1 
5494384560084;0.175327;0.0105497;0.985046 -0.1231 -0.120546 0.343866 0.10601 0.984577 -0.139174 -0.312508 0.135819 0.124314 0.982903 -0.787489 0 0 0 1 
5494384560085;0.943472;0.0508235;0.992616 -0.115584 -0.0367969 0.0509444 0.100314 0.952751 -0.286709 -0.295288 0.0681974 0.280901 0.957311 0.399848 0 0 0 1 
5494384560086;0.821732;0.0312479;0.993311 -0.0280673 0.112005 -0.465546 0.0188747 0.996428 0.0823056 -0.566685 -0.113915 -0.0796411 0.990293 1.21264 0 0 0 1 
5494384560087;0.12902;0.018618;0.998791 0.00468764 -0.0489329 0.0411928 -0.00492519 0.999977 -0.00473517 0.0518315 0.0489095 0.00497045 0.998791 -0.243535 0 0 0 1 
5494384560088;1.25698;0.347476;0.88752 0.053196 -0.457688 1.82086 -0.0457896 0.998579 0.0272701 -0.483283 0.458488 -0.00324544 0.888695 -2.43517 0 0 0 1 
5494384560089;1.3654;1.04819;0.973007 0.219049 0.07263 0.304637 -0.219431 0.975624 -0.00277522 1.71587 -0.0714675 -0.013237 0.997355 -0.2278 0 0 0 1 
5494384560090;0.736364;0.0924187;0.961414 -0.273766 -0.0271159 0.518367 0.244837 0.896416 -0.36945 -0.461239 0.12545 0.348555 0.928855 -0.377494 0 0 0 1 
5494384560091;0.484121;0.123528;0.944546 -0.118989 -0.306064 1.04989 0.179194 0.967805 0.176757 -1.60746 0.275178 -0.2218 0.935458 -1.36222 0 0 0 1 
5494384560093;0.0553842;0.206208;0.998004 0.0118115 -0.0620389 0.217633 -0.0123881 0.999884 -0.00891673 0.151776 0.0619264 0.00966747 0.998034 -0.243785 0 0 0 1 
5494384560094;0.672056;0.396735;0.911037 -0.00687007 -0.412267 1.62851 0.0747991 0.986025 0.148861 -0.935652 0.405483 -0.166455 0.898819 -2.19307 0 0 0 1 
5494384560095;0.854827;0.148486;0.915174 0.399231 -0.0554242 1.02641 -0.399547 0.916695 0.00572912 2.22048 0.0530943 0.0169015 0.998446 0.15998 0 0 0 1 
5494384560096;0.268636;0.144583;0.956497 -0.262724 -0.126847 0.507915 0.247421 0.96088 -0.124466 -1.44238 0.154585 0.0876671 0.984082 -0.947065 0 0 0 1 
5494384560097;0.745786;0.134672;0.999499 -0.00782553 -0.0306538 -0.173972 0.00928787 0.998811 0.0478569 -0.639174 0.0302428 -0.0481176 0.998384 0.152733 0 0 0 1 
5494384560098;0.365154;0.138333;0.909068 -0.373404 -0.184839 1.07426 0.384326 0.922834 0.0259057 -2.72177 0.160902 -0.0945883 0.982427 -0.988577 0 0 0 1 
5494384560099;0.345567;0.157777;0.998329 -0.023565 0.052757 -0.348717 0.0271022 0.99736 -0.0673682 0.130889 -0.0510302 0.0686855 0.996332 0.446805 0 0 0 1 
5494384560100;0.37298;0.141957;0.939557 -0.232764 -0.251105 0.729303 0.235817 0.971625 -0.0183019 -1.48761 0.24824 -0.0420194 0.967787 -1.3606 0 0 0 1 
5494384560101;0.595346;0.182404;0.928243 0.345099 0.138823 0.1028 -0.364004 0.919568 0.14797 2.22185 -0.0765933 -0.187885 0.9792 0.965771 0 0 0 1 
5494384560102;0.240088;0.15762;0.979741 -0.183756 0.0796286 -0.211792 0.194891 0.966343 -0.167925 -0.928204 -0.0460913 0.180042 0.982578 0.520672 0 0 0 1 
5494384560103;0.65911;0.190015;0.998599 0.0274302 -0.0452508 0.181511 -0.0268445 0.999548 0.0134993 -0.0095243 0.0456007 -0.0122657 0.998884 -0.681324 0 0 0 1 
5494384560104;0.317417;0.150657;0.989209 -0.117834 -0.0870684 0.242385 0.139929 0.935967 0.323087 -1.81153 0.0434225 -0.331784 0.942355 -0.106016 0 0 0 1 
5494384560105;0.561217;0.151576;0.960806 0.0348957 -0.275015 0.671488 -0.0666018 0.992047 -0.106806 0.731701 0.269101 0.120936 0.955489 -1.18977 0 0 0 1 
5494384560106;0.669368;0.381867;0.985306 0.00807205 0.17061 -0.346732 -0.00608409 0.999907 -0.0121717 -0.283927 -0.170692 0.0109549 0.985264 1.54545 0 0 0 1 
5494384560107;0.196586;0.180316;0.987019 0.131777 -0.0918076 0.368542 -0.128672 0.990921 0.03898 0.839712 0.0961108 -0.0266609 0.995014 -0.605989 0 0 0 1 
5494384560108;0.588165;0.170116;0.973871 0.195112 -0.116213 0.475634 -0.123987 0.885534 0.447724 -0.425802 0.190267 -0.421617 0.886588 -1.38427 0 0 0 1 
5494384560109;0.964218;0.19997;0.98856 0.130921 0.0748942 -0.0566362 -0.135256 0.989223 0.0560661 0.963044 -0.0667468 -0.0655547 0.995614 1.32595 0 0 0 1 
5494384560110;0.522946;0.452751;0.946953 -0.311846 -0.0776624 -0.187173 0.308785 0.949868 -0.0490271 -2.15341 0.0890579 0.0224454 0.995774 -0.588429 0 0 0 1 
5494384560111;0.382633;0.156596;0.998706 0.010792 0.0496978 -0.220958 -0.00669937 0.996627 -0.0817918 0.277895 -0.0504129 0.081353 0.99541 0.240591 0 0 0 1 
5494384560112;1.20633;0.168285;0.971482 -0.225762 -0.0724854 -0.231836 0.224622 0.97416 -0.0236289 -1.02207 0.0759469 0.00667326 0.99709 0.302426 0 0 0 1 
5494384560113;0.493118;0.18676;0.988642 0.136056 -0.0638384 0.269562 -0.139962 0.988257 -0.0613072 1.12162 0.0547475 0.0695459 0.996075 -0.58134 0 0 0 1 
5494384560114;0.011633;0.226098;0.998682 0.0034522 -0.0512038 0.160126 -0.00536375 0.999292 -0.0372419 0.182262 0.051039 0.0374675 0.997994 -0.150191 0 0 0 1 
5494384560115;0.837027;0.166717;0.950834 -0.0865444 -0.297364 0.601524 0.157311 0.962037 0.223019 -2.07492 0.266774 -0.258833 0.928352 -1.32249 0 0 0 1 
5494384560116;0.753813;0.241796;0.991832 -0.0705576 -0.106263 -0.213338 0.0705831 0.9975 -0.00352575 -0.382342 0.106246 -0.00400339 0.994332 -0.795037 0 0 0 1 
5494384560117;0.39392;0.198909;0.961611 0.274361 -0.00548354 0.32492 -0.274415 0.961452 -0.0175182 1.99065 0.000465834 0.0183505 0.999832 0.36379 0 0 0 1 
5494384560118;0.486867;0.166397;0.996808 0.0771383 -0.0205851 0.25867 -0.0792452 0.924605 -0.372595 1.39964 -0.00970827 0.373036 0.927766 0.236423 0 0 0 1 
5494384560119;0.307339;0.193433;0.954177 0.296341 -0.0415774 0.527743 -0.281488 0.936003 0.211334 1.38697 0.101544 -0.189947 0.976529 -0.540846 0 0 0 1 
5494384560120;1.07013;0.187831;0.962832 -0.230823 -0.140272 0.588179 0.205245 0.962834 -0.175573 -0.759259 0.175585 0.140257 0.974422 -1.76194 0 0 0 1 
5494384560121;0.937742;0.193516;0.883297 0.407509 -0.231781 1.19651 -0.416823 0.908937 0.00958472 2.11722 0.214581 0.0881456 0.972721 -1.35024 0 0 0 1 
5494384560122;0.448809;0.158038;0.921508 0.361906 0.140878 0.145785 -0.361121 0.931969 -0.0320102 2.7024 -0.142878 -0.0213762 0.989509 1.19065 0 0 0 1 
5494384560124;0.180601;0.105224;0.988931 -0.109447 0.100183 -0.336801 0.0962292 0.987042 0.128408 -0.533141 -0.112939 -0.117346 0.986648 0.424068 0 0 0 1 
5494384560125;0.336264;0.101041;0.945403 -0.164451 0.281369 -0.560268 0.183459 0.982112 -0.0424093 -0.742706 -0.269362 0.0917135 0.958662 1.07004 0 0 0 1 
5494384560126;0.158937;0.0801047;0.992584 0.108155 0.0554894 -0.227459 -0.106975 0.993976 -0.0238171 0.485872 -0.0577311 0.0177045 0.998175 0.204427 0 0 0 1 
5494384560127;0.459182;0.113275;0.987035 -0.14383 -0.071234 0.396007 0.141526 0.989264 -0.0364328 -0.119703 0.0757093 0.025879 0.996794 -0.296182 0 0 0 1 
5494384560128;0.768681;0.10733;0.961304 -0.142009 0.236066 -0.735324 0.211594 0.929336 -0.302594 -0.0566415 -0.176414 0.340835 0.923423 0.321822 0 0 0 1 
5494384560129;0.8631;0.10946;0.922042 -0.000982063 0.38709 -0.937625 -0.10266 0.963568 0.246979 -0.638923 -0.37323 -0.267463 0.888348 1.9063 0 0 0 1 
5494384560130;0.294138;0.103969;0.988316 -0.149804 -0.0281249 0.190717 0.152218 0.979581 0.131339 -0.817791 0.00787555 -0.134085 0.990939 -0.2173 0 0 0 1 
5494384560131;0.331415;0.0902415;0.99708 -0.0453541 -0.0614427 0.00616273 0.0448406 0.998947 -0.00971182 -0.0985294 0.0618184 0.00692834 0.998063 0.0860646 0 0 0 1 
5494384560132;0.299743;0.0910064;0.928941 0.00476647 -0.370196 0.933337 0.0940284 0.964093 0.24836 -0.799823 0.358088 -0.265521 0.895138 -1.46421 0 0 0 1 
5494384560133;0.275606;0.0759031;0.92146 0.115932 -0.370771 1.04259 -0.0718636 0.988829 0.130586 0.0977961 0.381768 -0.0936847 0.919498 -1.44027 0 0 0 1 
5494384560134;0.715759;0.0733616;0.978292 0.206198 0.0206467 0.0524514 -0.206458 0.978389 0.0113766 0.939809 -0.0178547 -0.0153923 0.999722 0.841281 0 0 0 1 
5494384560135;0.221863;0.0843278;0.95869 0.269991 0.089546 0.0478513 -0.275077 0.960113 0.0501618 1.20427 -0.072431 -0.0727216 0.994719 0.288283 0 0 0 1 
5494384560136;0.513605;0.0622406;0.972094 0.234487 0.00696296 -0.26307 -0.234531 0.972087 0.00643745 1.30525 -0.00525911 -0.00789084 0.999955 -0.202652 0 0 0 1 
5494384560137;0.0725673;0.0805288;0.999938 0.0024138 -0.010914 -0.0488557 -0.00226791 0.999908 0.0133596 0.030781 0.0109452 -0.013334 0.999851 -0.00385653 0 0 0 1 
5494384560138;0.458946;0.0801785;0.995099 -0.0544888 -0.0825166 0.0401387 0.0390584 0.983213 -0.178232 0.176605 0.090843 0.174136 0.980522 0.207571 0 0 0 1 
5494384560139;0.373858;0.0817526;0.985108 0.13788 0.10272 0.0651931 -0.134378 0.990111 -0.0402951 0.338031 -0.10726 0.0258917 0.993894 0.339023 0 0 0 1 
5494384560140;0.407687;0.0855939;0.931299 0.338059 -0.135644 0.397704 -0.301955 0.924763 0.231595 0.855983 0.203731 -0.174726 0.963309 -0.617103 0 0 0 1 
5494384560141;0.827786;0.0813288;0.998664 -0.00689113 0.0512031 -0.267167 0.00808925 0.999697 -0.0232291 0.195818 -0.0510275 0.0236123 0.998418 1.1367 0 0 0 1 
5494384560142;0.791925;0.0987394;0.997848 -0.0206123 0.0622385 -0.847286 0.0200828 0.999757 0.0091203 -0.280096 -0.0624114 -0.00785075 0.99802 -0.338604 0 0 0 1 
5494384560143;0.413054;0.0671259;0.890346 0.381715 0.248148 0.0785053 -0.40021 0.91603 0.0268494 1.45571 -0.217062 -0.123217 0.96835 0.826531 0 0 0 1 
5494384560144;0.460909;0.102129;0.994094 0.0612667 -0.0895689 0.113781 -0.0602534 0.998085 0.0139769 0.323798 0.0902537 -0.00849751 0.995883 0.0855005 0 0 0 1 
5494384560145;0.514439;0.114434;0.994504 -0.0700661 0.0777942 -0.365656 0.0486454 0.967214 0.249259 -0.0557227 -0.0927083 -0.244105 0.965307 0.393654 0 0 0 1 
5494384560146;0.876277;0.0807818;0.963895 0.266085 -0.0102948 1.0039 -0.265903 0.963864 0.0161955 0.854299 0.0142322 -0.0128733 0.999816 -0.639119 0 0 0 1 
5494384560147;0.0882485;0.0611381;0.989347 0.00228284 -0.145558 0.266081 -0.00240715 0.999997 -0.000677912 0.0492278 0.145556 0.00102107 0.989349 -0.616013 0 0 0 1 
5494384560148;0.565514;0.0912785;0.899773 0.292042 0.324222 0.148067 -0.244152 0.952765 -0.180635 1.80574 -0.36166 0.0833715 0.928575 1.57014 0 0 0 1 
5494384560149;0.651367;0.0982197;0.993643 -0.101847 0.0479573 -0.518816 0.0984727 0.992805 0.0681251 -0.401019 -0.0545506 -0.0629696 0.996523 0.838854 0 0 0 1 
5494384560150;0.389377;0.105925;0.933852 -0.304196 0.188108 -0.358908 0.328479 0.937533 -0.114604 -1.25308 -0.141496 0.168813 0.975439 0.829602 0 0 0 1 
5494384560151;0.428451;0.112176;0.939329 -0.339851 -0.0464994 0.00791509 0.341737 0.938886 0.0413394 -1.47478 0.0296083 -0.0547219 0.998063 -0.473227 0 0 0 1 
5494384560152;0.492131;0.105744;0.934294 -0.356309 -0.0117298 -0.000104473 0.352125 0.917181 0.186512 -2.10484 -0.0556976 -0.178388 0.982383 0.0976784 0 0 0 1 
5494384560153;0.585822;0.0643327;0.999744 -0.000387074 -0.0226149 0.00849258 -0.00401666 0.980923 -0.194355 0.539614 0.0222587 0.194396 0.980671 -0.636807 0 0 0 1 
5494384560155;0.510199;0.416904;0.99408 -0.108429 0.00691037 0.258237 0.10626 0.983516 0.146304 -0.40847 -0.0226601 -0.144704 0.989215 0.493594 0 0 0 1 
5494384560156;0.606536;0.287248;0.999911 0.00670328 -0.0115141 0.309673 -0.00571029 0.996432 0.0842077 -0.346719 0.0120375 -0.0841345 0.996382 -0.647379 0 0 0 1 
5494384560157;0.698949;0.478212;0.960392 -0.277594 -0.0242519 0.631682 0.276949 0.941298 0.193024 -0.981784 -0.0307539 -0.192095 0.980894 0.505163 0 0 0 1 
5494384560158;0.932434;0.628617;0.974552 -0.0113512 0.223875 0.135537 0.00245969 0.999198 0.0399555 -0.279092 -0.22415 -0.038388 0.973798 1.25115 0 0 0 1 
5494384560159;0.588127;0.427439;0.957343 0.17795 0.227656 0.550083 -0.193759 0.97983 0.0489022 -0.198818 -0.214362 -0.0909267 0.972513 0.696677 0 0 0 1 
5494384560160;0.813406;0.289924;0.960209 0.110578 -0.256461 1.15001 -0.0680311 0.983227 0.169225 -0.124421 0.270871 -0.145044 0.951625 -0.843185 0 0 0 1 
5494384560161;0.869163;0.35768;0.998529 0.0307165 -0.0446803 0.512142 -0.0244984 0.990732 0.133603 -1.21435 0.04837 -0.132311 0.990027 -0.0655649 0 0 0 1 
5494384560162;0.520155;0.323702;0.990617 -0.0592421 -0.123161 0.280249 0.091976 0.955536 0.280162 -0.326888 0.101087 -0.288861 0.952019 0.189567 0 0 0 1 
5494384560163;0.884248;0.42729;0.912946 0.408064 -0.00374378 1.30065 -0.406879 0.91092 0.0683707 0.448043 0.0313099 -0.0608955 0.997653 0.0173161 0 0 0 1 
5494384560164;0.069281;0.271378;0.998002 -0.0472936 -0.0419028 0.229492 0.0501539 0.996281 0.0700668 -0.369341 0.0384332 -0.0720284 0.996662 -0.0680896 0 0 0 1 
5494384560165;0.359877;0.443395;0.935313 0.318722 0.153642 0.261141 -0.327139 0.944423 0.0323419 0.0555301 -0.134795 -0.0805121 0.987597 0.230988 0 0 0 1 
5494384560166;0.617506;0.422791;0.95735 0.0255566 -0.287799 0.811051 0.0206838 0.987463 0.156491 -0.40926 0.28819 -0.155769 0.944819 -0.0525685 0 0 0 1 
5494384560167;0.359577;0.637667;0.953984 -0.185438 0.235642 0.152151 0.184883 0.982451 0.0246523 -0.865138 -0.236078 0.0200482 0.971527 0.213452 0 0 0 1 
5494384560168;0.367236;0.463096;0.956302 0.224744 0.187022 0.39509 -0.256864 0.951343 0.170199 -0.30047 -0.139671 -0.210801 0.967499 0.192335 0 0 0 1 
5494384560169;0.299703;0.423174;0.996787 0.0100398 -0.079472 0.344009 0.00666219 0.978287 0.20715 -0.738157 0.0798261 -0.207014 0.975076 -0.0240435 0 0 0 1 
5494384560170;0.388752;0.347421;0.999446 -0.0171535 -0.0285246 0.573694 0.0195092 0.996235 0.0844693 -0.109511 0.0269683 -0.084979 0.996018 -0.144429 0 0 0 1 
5494384560171;0.436725;0.199206;0.999712 -0.0187707 0.0149256 0.390228 0.0149802 0.974803 0.222562 -0.381379 -0.0187272 -0.222275 0.974804 -0.351251 0 0 0 1 
5494384560172;0.743415;0.486368;0.990358 0.138308 -0.00781366 0.980156 -0.135866 0.980784 0.140008 -0.150273 0.0270278 -0.137597 0.99012 0.0513338 0 0 0 1 
5494384560173;0.766137;0.22882;0.994567 0.103895 0.00646284 0.535641 -0.0996409 0.932204 0.347947 0.206132 0.0301251 -0.346701 0.937492 -0.602606 0 0 0 1 
5494384560174;0.152675;0.36041;0.989957 -0.121023 -0.0730702 0.099756 0.130077 0.982198 0.135525 -0.602956 0.0553678 -0.143669 0.988076 -0.102203 0 0 0 1 
5494384560175;0.731473;0.548299;0.995645 0.0436582 -0.0823653 0.559368 -0.0455169 0.998747 -0.0208239 -0.220001 0.0813529 0.0244823 0.996385 -0.821571 0 0 0 1 
5494384560176;0.458408;0.391051;0.925699 0.072327 0.371282 0.123437 -0.171352 0.955244 0.241139 0.0824745 -0.337223 -0.286842 0.896661 0.343607 0 0 0 1 
5494384560177;0.329052;0.537052;0.97522 -0.042438 -0.217128 0.415418 0.0619476 0.994551 0.0838481 -0.503807 0.212387 -0.095221 0.972535 -0.216543 0 0 0 1 
5494384560178;0.128329;0.327879;0.993619 0.0160009 -0.111652 0.299538 0.00261279 0.986356 0.164606 -0.414999 0.112763 -0.163847 0.98002 -0.207709 0 0 0 1 
5494384560179;0.884119;0.398534;0.942312 -0.240955 0.232357 -0.0209375 0.217038 0.968267 0.12391 -1.13385 -0.25484 -0.0663313 0.964706 -0.348906 0 0 0 1 
5494384560180;0.395688;0.340766;0.997213 -0.0628428 -0.0402107 0.0321576 0.0663729 0.993405 0.0934989 -0.199019 0.0340698 -0.0959072 0.994807 -0.350026 0 0 0 1 
5494384560181;0.929561;0.460855;0.958772 -0.281795 -0.0367178 -0.303251 0.283252 0.958057 0.0435364 -1.13899 0.0229094 -0.0521419 0.998377 -0.71022 0 0 0 1 
5494384560182;0.699324;0.52934;0.945114 -0.2714 0.18194 -0.0918533 0.279957 0.959746 -0.0226278 -1.19857 -0.168475 0.0723213 0.983049 -0.267308 0 0 0 1 
5494384560183;0.638253;0.458148;0.923073 -0.129664 0.362111 -0.220402 0.0635549 0.97994 0.188885 -0.663089 -0.379338 -0.151341 0.912797 1.03489 0 0 0 1 
5494384560184;0.208766;0.420706;0.973359 0.227861 -0.0255402 0.451194 -0.225042 0.970725 0.083962 -0.0539895 0.0439242 -0.0759775 0.996142 -0.123848 0 0 0 1 
5494384560186;0.36111;0.0482378;0.999776 -0.0205784 -0.004913 0.00901987 0.020543 0.999763 -0.00715105 0.161799 0.00505899 0.00704852 0.999962 0.369647 0 0 0 1 
5494384560187;0.496451;0.0218291;0.951319 0.273497 -0.142096 0.972725 -0.217447 0.922321 0.31944 0.317675 0.218424 -0.272991 0.936892 -0.895778 0 0 0 1 
5494384560188;0.447898;0.0245698;0.940321 -0.333958 0.0653313 -0.231716 0.309697 0.919423 0.242381 -1.72418 -0.141012 -0.207683 0.967979 0.367015 0 0 0 1 
5494384560189;0.616026;0.0386814;0.948753 -0.210899 -0.235349 0.655381 0.213659 0.976808 -0.0140127 -0.333233 0.232846 -0.0369899 0.97181 -0.569013 0 0 0 1 
5494384560190;0.219844;0.0589093;0.980759 -0.168809 -0.0980602 0.0230542 0.174303 0.983402 0.0503945 -0.73717 0.0879255 -0.0665171 0.993904 -0.339021 0 0 0 1 
5494384560191;0.269957;0.0265538;0.966875 0.25508 0.00926932 0.431885 -0.255096 0.966916 0.00050076 1.02516 -0.00883492 -0.00284874 0.999957 0.0466175 0 0 0 1 
5494384560192;0.563983;0.0252764;0.993325 0.109668 -0.0357687 -0.0785892 -0.0859361 0.910383 0.404744 -0.0172996 0.0769505 -0.398968 0.91373 0.0758933 0 0 0 1 
5494384560193;0.714742;0.0409875;0.976686 -0.201098 -0.0751307 0.52463 0.166199 0.92984 -0.328293 -0.537788 0.135879 0.308152 0.941583 -0.864976 0 0 0 1 
5494384560194;0.621903;0.046873;0.988079 -0.146873 -0.0461314 -0.0497552 0.146656 0.989155 -0.0080633 -0.669695 0.0468154 0.00120172 0.998903 0.526778 0 0 0 1 
5494384560195;0.355585;0.0147456;0.957784 -0.279828 0.0659282 -0.271896 0.277631 0.959829 0.0406024 -1.18867 -0.0746415 -0.0205845 0.996998 0.496184 0 0 0 1 
5494384560196;0.150749;0.0518066;0.998877 0.0472283 -0.00388532 0.0484064 -0.0471462 0.998707 0.0190362 0.0760058 0.00477934 -0.0188316 0.999811 0.151103 0 0 0 1 
5494384560197;0.514288;0.027644;0.891246 -0.424485 -0.159663 0.756337 0.44359 0.889189 0.112115 -1.90702 0.0943798 -0.170748 0.980784 -0.081512 0 0 0 1 
5494384560198;0.530599;0.0323572;0.996068 0.00667463 0.0883452 -0.396095 0.0315402 0.905117 -0.423991 0.347022 -0.0827927 0.42511 0.901347 0.389539 0 0 0 1 
5494384560199;0.148187;0.0560517;0.988264 0.152332 -0.0113825 0.193688 -0.152541 0.988084 -0.0205061 0.627375 0.00812316 0.0220017 0.999725 -0.00967559 0 0 0 1 
5494384560200;0.674054;0.0555071;0.99819 -0.0596455 0.00767975 -0.592928 0.0591521 0.996816 0.0534689 -0.688071 -0.0108445 -0.0529178 0.99854 -0.310759 0 0 0 1 
5494384560201;0.851959;0.0374003;0.959605 -0.189734 0.207748 -0.193974 0.126944 0.950942 0.282125 -1.00215 -0.251085 -0.244356 0.936614 0.168163 0 0 0 1 
5494384560202;0.0584502;0.0327943;0.999328 -0.00509088 -0.0363069 0.0950052 0.00537435 0.999956 0.00771406 -0.0279773 0.0362661 -0.007904 0.999311 -0.152606 0 0 0 1 
5494384560203;0.443983;0.0308397;0.995065 -0.0596613 0.0792829 -0.194657 0.0878523 0.901164 -0.424482 0.548887 -0.0461217 0.429353 0.901958 0.305197 0 0 0 1 
5494384560204;0.212563;0.0368842;0.999693 0.0210156 0.0131235 -0.0201631 -0.0210137 0.999779 -0.000283277 0.0650072 -0.0131266 7.41496e-06 0.999914 -0.14765 0 0 0 1 
5494384560205;0.664348;0.0347767;0.879446 -0.286972 0.379766 -0.201869 0.228442 0.954401 0.192181 -1.06705 -0.417599 -0.0822579 0.9049 2.48827 0 0 0 1 
5494384560206;0.578856;0.0292721;0.99663 -0.0755651 0.0318993 -0.0431209 0.0752519 0.997105 0.0109088 -0.208023 -0.0326313 -0.00847154 0.999432 0.814127 0 0 0 1 
5494384560207;0.371227;0.0302663;0.982478 -0.03233 0.183551 -0.481267 -0.0283162 0.947514 0.318457 -0.556479 -0.184213 -0.318075 0.929997 0.873008 0 0 0 1 
5494384560208;0.803964;0.0379549;0.996518 0.0411183 0.0725299 -0.0804243 -0.0437154 0.998445 0.0345907 0.251455 -0.0709948 -0.0376409 0.996766 1.24213 0 0 0 1 
5494384560209;0.402561;0.0303441;0.893744 -0.411142 -0.179401 0.483784 0.381215 0.90693 -0.17931 -1.2918 0.236426 0.0918673 0.967297 -0.799422 0 0 0 1 
5494384560210;0.831689;0.0158161;0.985883 0.149465 0.0754658 -0.172618 -0.126794 0.960811 -0.246507 1.63802 -0.109352 0.233458 0.966198 0.0383492 0 0 0 1 
5494384560211;0.793568;0.0516476;0.995455 -0.0248687 -0.0919312 0.948421 0.0233825 0.999578 -0.0172084 0.234217 0.0923204 0.0149806 0.995617 -0.636355 0 0 0 1 
5494384560212;0.459124;0.0189222;0.999958 0.00088803 -0.00912192 0.254149 -0.000722225 0.999835 0.0181638 0.132261 0.00913654 -0.0181564 0.999793 0.38153 0 0 0 1 
5494384560213;0.436091;0.356426;0.99981 -0.0194826 0.000877727 -0.0233978 0.0194998 0.997937 -0.0611744 0.0866651 0.000315922 0.0611799 0.998127 0.164802 0 0 0 1 
5494384560214;0.701608;0.0923839;0.999765 -0.020987 0.0053689 -0.0367179 0.0212302 0.998515 -0.0501759 0.770067 -0.00430788 0.0502781 0.998726 -0.165107 0 0 0 1 
5494384560215;0.568246;0.0361891;0.952771 0.0660302 -0.296424 1.27853 0.024875 0.955829 0.29287 -0.623595 0.302669 -0.286412 0.909043 -1.0711 0 0 0 1 
5494384560217;0.781012;0.11;0.989917 0.141088 0.0125712 0.757222 -0.14008 0.988267 -0.0608748 0.649328 -0.0210124 0.0585001 0.998066 0.475111 0 0 0 1 
5494384560218;0.673342;0.0708898;0.868058 -0.117214 -0.482428 1.92198 0.156321 0.986834 0.0415081 -1.10133 0.471211 -0.111445 0.874952 -1.91692 0 0 0 1 
5494384560219;0.333437;0.0859955;0.928614 -0.361568 -0.0833341 0.48594 0.362639 0.931927 -0.00244007 -2.11458 0.0785435 -0.0279543 0.996519 -0.422161 0 0 0 1 
5494384560220;0.675306;0.0791784;0.958452 -0.166909 -0.231325 0.688751 0.135739 0.98011 -0.144777 -0.423767 0.250888 0.107362 0.962044 -0.674207 0 0 0 1 
5494384560221;0.374554;0.120409;0.905755 0.422715 0.0303379 0.764592 -0.411566 0.894424 -0.174983 2.86155 -0.101103 0.146005 0.984104 0.802814 0 0 0 1 
5494384560222;1.07278;0.0784735;0.96541 0.115066 -0.233975 0.206202 -0.154567 0.975242 -0.158153 1.97175 0.209984 0.188847 0.959293 -0.708108 0 0 0 1 
5494384560223;0.406435;0.0886591;0.934404 0.356212 0.00157794 0.430915 -0.355543 0.932902 -0.0572995 2.1046 -0.0218828 0.0529798 0.998356 0.39342 0 0 0 1 
5494384560224;0.20751;0.0776299;0.985909 -0.098363 0.135309 -0.35797 0.0996804 0.995015 -0.00297893 -0.566226 -0.134342 0.0164246 0.990799 0.827728 0 0 0 1 
5494384560225;0.828158;0.0768337;0.993561 0.0117051 -0.112696 0.232335 -0.00448548 0.997933 0.0641039 0.0149129 0.113214 -0.0631856 0.991559 0.165003 0 0 0 1 
5494384560226;0.429538;0.0909059;0.874763 0.0851354 -0.477014 1.8574 -0.00511155 0.98601 0.166605 -0.0416112 0.484524 -0.143302 0.86296 -2.67414 0 0 0 1 
5494384560227;0.623994;0.100429;0.933631 -0.342811 0.103992 -0.214966 0.323867 0.931783 0.163984 -1.86135 -0.153114 -0.119421 0.980966 0.686586 0 0 0 1 
5494384560228;0.349478;0.0913883;0.971634 -0.16484 -0.16957 0.481105 0.204515 0.945733 0.252513 -1.52668 0.118744 -0.28003 0.952619 -0.690886 0 0 0 1 
5494384560229;0.390705;0.0894369;0.996697 0.0666324 -0.0464274 0.0926187 -0.0669631 0.99774 -0.00560306 0.667735 0.0459491 0.00869348 0.998906 0.0353745 0 0 0 1 
5494384560230;0.944473;0.0942365;0.987039 0.0716181 0.14361 -0.931749 -0.0696547 0.997397 -0.01866 0.587136 -0.144573 0.00841501 0.989458 0.417183 0 0 0 1 
5494384560231;0.749473;0.062202;0.92038 -0.272817 0.280127 -0.759624 0.25557 0.961902 0.0971054 -1.58874 -0.295946 -0.0177819 0.955039 1.35739 0 0 0 1 
5494384560232;0.1939;0.117258;0.996442 -0.0712504 0.0450219 -0.0901735 0.0614383 0.979722 0.190707 -0.783809 -0.0576969 -0.187262 0.980614 0.286783 0 0 0 1 
5494384560233;0.634182;0.130108;0.935421 0.231504 0.267197 -0.180027 -0.298736 0.921763 0.247204 1.21665 -0.189064 -0.311061 0.931395 0.727944 0 0 0 1 
5494384560234;0.39885;0.0733629;0.908728 -0.352257 -0.223895 0.978108 0.358615 0.933395 -0.013005 -2.06252 0.213563 -0.0684741 0.974527 -1.35422 0 0 0 1 
5494384560235;0.0516956;0.143825;0.997685 0.0667198 -0.0131929 0.173293 -0.0669017 0.997663 -0.0138645 0.520067 0.012237 0.014715 0.999817 -0.0503037 0 0 0 1 
5494384560236;0.391323;0.096963;0.99271 -0.11989 -0.0123629 0.0896374 0.120041 0.992693 0.0123053 -0.321356 0.0107973 -0.0136996 0.999848 -0.0882914 0 0 0 1 
5494384560237;1.02921;0.0827592;0.998402 -0.0143791 0.0546587 0.426705 0.0257383 0.976668 -0.213206 0.744411 -0.0503177 0.214272 0.975477 1.22252 0 0 0 1 
5494384560238;0.757061;0.103185;0.962016 0.257536 -0.090559 0.754819 -0.255735 0.966245 0.0311625 1.86152 0.0955276 -0.00681976 0.995403 -1.02454 0 0 0 1 
5494384560239;0.288361;0.0890963;0.917754 0.28379 0.277834 -0.0496745 -0.269721 0.958866 -0.0884654 1.80847 -0.291511 0.00625181 0.956547 1.89111 0 0 0 1 
5494384560240;0.0978136;0.074589;0.985869 0.0873292 -0.142954 0.518245 -0.0811211 0.995513 0.0487057 0.374711 0.146566 -0.0364209 0.98853 -0.81465 0 0 0 1 
5494384560241;0.673589;0.093857;0.937165 0.326623 -0.12263 0.699282 -0.344905 0.920299 -0.184634 2.99393 0.052551 0.215328 0.975127 -0.0412434 0 0 0 1 
5494384560242;1.04802;0.0947416;0.978578 0.110844 0.173488 -0.475877 -0.0864499 0.986032 -0.142362 1.44005 -0.186845 0.124314 0.974492 1.98988 0 0 0 1 
5494384560243;0.111566;0.0956235;0.998651 -0.0260293 -0.0449312 0.129347 0.025557 0.999612 -0.0110529 -0.00140928 0.0452015 0.00988965 0.998929 -0.296551 0 0 0 1 
5494384560244;1.00468;0.117616;0.970121 -0.2425 0.00769128 0.457435 0.242552 0.970115 -0.00667797 -1.08397 -0.00584202 0.00834397 0.999948 -0.763547 0 0 0 1 
5494384560245;0.648612;0.0458839;0.99169 -0.114171 0.0592896 -0.163623 0.117025 0.992011 -0.0471128 -0.250524 -0.053437 0.0536597 0.997128 0.840578 0 0 0 1 
5494384560246;0.310363;0.0850541;0.999147 0.020954 0.0355838 0.0815386 -0.0262555 0.987448 0.155748 -0.117153 -0.0318736 -0.156549 0.987156 0.433394 0 0 0 1 
5494384560248;0.548689;0.183903;0.966669 -0.254712 0.0259467 0.212003 0.25176 0.964084 0.0846166 -3.03611 -0.0465676 -0.0752639 0.996076 1.22473 0 0 0 1 
5494384560249;0.350307;0.0999515;0.966818 0.223936 0.122942 -0.238371 -0.205082 0.967311 -0.149166 2.64526 -0.152327 0.119003 0.98114 1.25143 0 0 0 1 
5494384560250;0.482059;0.0948895;0.991281 0.0328081 0.127613 0.353287 -0.0244602 0.99749 -0.0664415 -0.207741 -0.129472 0.0627408 0.989596 1.30102 0 0 0 1 
5494384560251;0.346948;0.109903;0.950359 0.226757 0.213071 -0.341503 -0.2472 0.966102 0.0744252 2.05697 -0.188972 -0.123402 0.974198 2.37318 0 0 0 1 
5494384560252;0.590914;0.115372;0.919368 -0.237273 -0.313789 1.99127 0.19007 0.966271 -0.173764 -2.24589 0.344435 0.100111 0.933457 -3.3942 0 0 0 1 
5494384560253;0.449485;0.136772;0.928986 -0.0023408 -0.370109 1.80598 -0.0371379 0.994344 -0.0995064 0.909866 0.368248 0.106185 0.923644 -3.63023 0 0 0 1 
5494384560254;0.682288;0.153936;0.948862 -0.312752 0.0429656 1.33343 0.302342 0.939444 0.161352 -3.85454 -0.090827 -0.14011 0.985961 1.8518 0 0 0 1 
5494384560255;0.468787;0.103063;0.998365 -0.0194604 0.0537551 -0.436674 0.0254092 0.993349 -0.1123 0.0292866 -0.0512122 0.113482 0.992219 -0.346337 0 0 0 1 
5494384560256;0.445109;0.0894166;0.919573 0.349707 0.179136 -0.405279 -0.371843 0.921852 0.109187 3.24508 -0.126954 -0.167016 0.977747 1.0263 0 0 0 1 
5494384560257;0.358958;0.171419;0.975643 -0.089704 0.200182 -0.451379 0.0578669 0.985488 0.159578 -1.24807 -0.211592 -0.144107 0.966676 2.64193 0 0 0 1 
5494384560258;0.299214;0.177397;0.947665 -0.2984 0.113524 0.552435 0.314355 0.934235 -0.168484 -2.71008 -0.0557826 0.195353 0.979145 0.19402 0 0 0 1 
5494384560259;0.232186;0.136742;0.989115 -0.147027 -0.00585775 0.369992 0.146874 0.984116 0.0997154 -2.00942 -0.00889612 -0.0994903 0.994999 -0.0480941 0 0 0 1 
5494384560260;0.561418;0.093513;0.960511 0.263092 0.0905669 -0.347075 -0.269854 0.960147 0.0727777 2.32386 -0.0678103 -0.0943436 0.993228 1.57521 0 0 0 1 
5494384560261;0.428236;0.124058;0.873817 0.251565 0.416123 -0.312623 -0.228823 0.967833 -0.104592 2.37834 -0.429049 -0.00382454 0.903273 4.48912 0 0 0 1 
