#;prob_registration_l1 -r /home/probabilistic_point_clouds_registration/build/tester /home/point_clouds_registration_benchmark//devel/registration_pairs/urban05_local.txt /home/point_clouds_registration_benchmark//kaist/urban05 -s 0.2 -t 0.2 -p 0.3 -r 1000 -m 1 -i 40 
id;initial_error;final_error;transformation
34562489690000;0.13992;0.903154;1 -1.59972e-07 6.89009e-07 -0.994434 1.59972e-07 1 2.96573e-08 6.83374 -6.89009e-07 -2.96572e-08 1 -0.112811 0 0 0 1 
34562489690001;0.182436;0.210743;1 -4.72284e-08 4.70626e-07 -0.389402 4.72284e-08 1 4.05697e-08 0.648345 -4.70626e-07 -4.05696e-08 1 -0.304869 0 0 0 1 
34562489690002;0.400034;0.737749;1 -4.53358e-08 -7.14295e-07 -0.639564 4.53358e-08 1 -9.16787e-09 -3.99148 7.14295e-07 9.16783e-09 1 0.0139977 0 0 0 1 
34562489690003;0.381518;1.146;0.999802 1.70781e-05 -0.0198784 2.51794 1.73755e-05 0.999998 0.00173304 -8.93359 0.0198784 -0.00173305 0.999801 -18.8396 0 0 0 1 
34562489690004;0.467995;0.793318;1 -1.33509e-07 5.34533e-07 -0.975061 1.33509e-07 1 5.1992e-08 2.80703 -5.34533e-07 -5.19919e-08 1 -0.362474 0 0 0 1 
34562489690005;0.423309;0.739624;1 -1.42835e-07 8.17807e-07 -1.03622 1.42835e-07 1 7.02042e-08 3.07049 -8.17807e-07 -7.02041e-08 1 -0.511206 0 0 0 1 
34562489690006;0.190415;1.13685;1 -3.01919e-08 1.56378e-06 -0.761058 3.0192e-08 1 -3.09188e-08 -9.44134 -1.56378e-06 3.09188e-08 1 0.0525511 0 0 0 1 
34562489690007;0.167146;1.0766;1 -6.08499e-08 9.37604e-07 0.121104 6.08499e-08 1 -1.11352e-11 8.66325 -9.37604e-07 1.11923e-11 1 0.24699 0 0 0 1 
34562489690008;0.102809;0.10054;1 -1.14306e-08 2.80194e-08 -0.0662472 1.14306e-08 1 2.3463e-09 -0.14251 -2.80194e-08 -2.3463e-09 1 -0.00927228 0 0 0 1 
34562489690009;0.0509686;0.781479;1 -1.98924e-09 -1.75092e-07 -0.246985 1.98924e-09 1 -6.42311e-10 -7.10866 1.75092e-07 6.42311e-10 1 -0.0794279 0 0 0 1 
34562489690010;0.0869115;0.702637;1 -1.15816e-07 4.21841e-08 -0.749691 1.15816e-07 1 1.67066e-08 5.87417 -4.21841e-08 -1.67066e-08 1 -0.0694728 0 0 0 1 
34562489690011;0.0782188;0.709733;1 -1.64745e-07 -6.80365e-07 -1.15395 1.64745e-07 1 4.48028e-08 5.61323 6.80365e-07 -4.4803e-08 1 -0.259661 0 0 0 1 
34562489690012;0.0495854;0.639431;1 4.89788e-08 3.62232e-07 -0.10443 -4.89788e-08 1 -4.11412e-09 -5.61632 -3.62232e-07 4.1141e-09 1 -0.14899 0 0 0 1 
34562489690013;0.0622498;0.404126;1 -1.74113e-08 -2.96079e-08 -0.0255842 1.74113e-08 1 -1.5307e-08 3.73385 2.96079e-08 1.5307e-08 1 0.150223 0 0 0 1 
34562489690014;0.30978;1.09402;1 -1.96051e-07 -1.12992e-07 -0.864378 1.96051e-07 1 2.67325e-08 7.67791 1.12992e-07 -2.67325e-08 1 -0.00927719 0 0 0 1 
34562489690015;0.264634;0.336963;1 -3.56917e-08 1.46116e-07 -0.330539 3.56917e-08 1 8.83656e-09 -1.02259 -1.46116e-07 -8.83656e-09 1 -0.0612051 0 0 0 1 
34562489690016;0.0384264;0.685959;1 -7.70027e-08 -5.89264e-08 -0.337861 7.70027e-08 1 1.49018e-08 6.0081 5.89264e-08 -1.49018e-08 1 0.021264 0 0 0 1 
34562489690017;0.317284;0.457818;1 -1.19235e-07 1.80133e-07 -1.1215 1.19235e-07 1 3.69315e-08 -2.46366 -1.80133e-07 -3.69315e-08 1 -0.278909 0 0 0 1 
34562489690018;0.287954;0.964171;1 -1.43938e-07 6.5228e-07 -0.75194 1.43938e-07 1 -1.66857e-10 7.64842 -6.5228e-07 1.66951e-10 1 0.11206 0 0 0 1 
34562489690019;0.362659;1.03916;0.991684 0.000713157 0.128697 83.146 0.000737995 0.999937 -0.0112277 -15.4739 -0.128697 0.0112293 0.99162 51.734 0 0 0 1 
34562489690020;0.112961;0.0512381;0.999994 -1.04724e-06 0.003591 11.9306 2.16496e-06 1 -0.000311252 -1.62991 -0.003591 0.000311257 0.999994 17.3087 0 0 0 1 
34562489690021;0.197833;0.323043;1 -7.48825e-09 -3.91144e-07 -0.134499 7.48824e-09 1 -2.09833e-08 -1.81685 3.91144e-07 2.09833e-08 1 0.150259 0 0 0 1 
34562489690022;0.278308;1.0352;1 -8.22858e-08 7.47213e-07 -1.18032 8.22858e-08 1 -3.8836e-08 -7.58631 -7.47213e-07 3.8836e-08 1 0.118203 0 0 0 1 
34562489690023;0.193536;0.240137;1 -3.41381e-08 -1.91029e-07 -0.276019 3.41381e-08 1 1.01818e-08 0.438111 1.91029e-07 -1.01818e-08 1 -0.0668194 0 0 0 1 
34562489690024;0.347959;0.888695;1 -5.21761e-08 2.23589e-06 -0.795204 5.2176e-08 1 3.90574e-08 -7.16047 -2.23589e-06 -3.90573e-08 1 -0.358524 0 0 0 1 
34562489690025;0.302077;1.05326;1 -3.03087e-07 -1.11377e-06 -2.26639 3.03088e-07 1 8.35966e-08 5.84327 1.11377e-06 -8.35969e-08 1 -0.489113 0 0 0 1 
34562489690026;0.218188;0.2076;1 -4.45288e-08 3.57489e-07 -0.381471 4.45288e-08 1 2.75742e-08 0.45469 -3.57489e-07 -2.75742e-08 1 -0.200251 0 0 0 1 
34562489690027;0.18191;1.03374;1 -1.57247e-07 -1.00207e-06 -0.458806 1.57247e-07 1 5.11113e-08 8.44977 1.00207e-06 -5.11114e-08 1 -0.269836 0 0 0 1 
34562489690028;0.340963;0.599502;1 -9.77285e-08 3.26373e-07 -0.991652 9.77285e-08 1 1.06114e-08 -3.17921 -3.26373e-07 -1.06114e-08 1 -0.0880822 0 0 0 1 
34562489690029;0.238574;0.758779;0.999942 6.40839e-06 0.0107318 -13.8367 3.63577e-06 1 -0.00093591 -5.51812 -0.0107318 0.000935895 0.999942 8.1172 0 0 0 1 
34562489690031;0.530935;0.59627;1 4.87982e-08 -3.34314e-07 0.384442 -4.87982e-08 1 -2.3093e-08 0.0295268 3.34314e-07 2.3093e-08 1 0.18349 0 0 0 1 
34562489690032;0.306555;0.577048;0.991452 0.000745107 0.130468 -8.78514 0.000746663 0.999935 -0.0113847 -0.125799 -0.130468 0.0113848 0.991387 40.0145 0 0 0 1 
34562489690033;0.46032;0.570656;0.99993 7.14059e-06 -0.0118394 -6.24066 5.09581e-06 0.999999 0.0010335 0.866377 0.0118394 -0.00103349 0.999929 -0.964547 0 0 0 1 
34562489690034;0.385219;0.902433;0.999928 8.15638e-06 -0.0119984 -11.4743 4.40502e-06 0.999999 0.00104689 2.73185 0.0119984 -0.00104687 0.999927 -5.21663 0 0 0 1 
34562489690035;0.341621;0.440092;0.986036 0.00122222 0.166527 -48.446 0.00121563 0.999894 -0.0145367 3.27417 -0.166527 0.0145361 0.98593 15.3669 0 0 0 1 
34562489690036;0.158469;0.0495359;0.995135 0.000426676 -0.0985207 -1.70503 0.000422143 0.999963 0.00859463 0.152261 0.0985208 -0.0085944 0.995098 -50.2091 0 0 0 1 
34562489690037;0.364175;0.306522;0.998437 0.000138539 -0.0558956 -8.23704 0.000134376 0.999988 0.0048788 0.343116 0.0558956 -0.00487868 0.998425 -8.4174 0 0 0 1 
34562489690038;0.437441;0.535651;0.998884 9.96042e-05 0.0472402 -22.853 9.52669e-05 0.999991 -0.00412284 2.4589 -0.0472402 0.00412274 0.998875 10.3458 0 0 0 1 
34562489690039;0.392147;0.372409;0.999465 4.79252e-05 0.0326937 -14.2692 4.54246e-05 0.999996 -0.00285453 0.863323 -0.0326937 0.00285449 0.999461 -2.63497 0 0 0 1 
34562489690040;0.283513;0.360032;0.999531 4.39144e-05 -0.0306377 -18.5636 3.80307e-05 0.999996 0.00267406 1.67056 0.0306377 -0.00267397 0.999527 -6.14242 0 0 0 1 
34562489690041;0.287266;0.760067;0.995753 0.000376109 -0.0920659 -28.7066 0.000365353 0.999968 0.00803662 4.27723 0.0920659 -0.00803613 0.99572 -9.044 0 0 0 1 
34562489690042;0.329992;0.859267;0.995828 0.000369084 0.0912441 -50.5176 0.00035911 0.999968 -0.00796417 5.53023 -0.0912442 0.00796371 0.995797 15.2817 0 0 0 1 
34562489690043;0.516204;0.690438;1 3.07808e-08 -2.21303e-07 0.278906 -3.07808e-08 1 -9.81176e-09 0.393705 2.21303e-07 9.81176e-09 1 0.0691367 0 0 0 1 
34562489690044;0.236329;0.192489;1 -2.94692e-09 6.94177e-08 -0.0164928 2.94692e-09 1 1.60593e-08 0.0150458 -6.94177e-08 -1.60593e-08 1 -0.1388 0 0 0 1 
34562489690045;0.316589;0.388451;1 -2.75041e-08 -4.07057e-06 0.290094 2.75055e-08 1 3.29471e-07 -0.253326 4.07057e-06 -3.29471e-07 1 -0.543135 0 0 0 1 
34562489690046;0.376135;0.359007;0.999619 3.41876e-05 -0.0275935 -3.47773 3.22874e-05 0.999997 0.00240863 0.151044 0.0275935 -0.0024086 0.999616 -2.87428 0 0 0 1 
34562489690047;0.485231;0.432377;0.998558 0.00012826 -0.053686 -10.8086 0.000123453 0.999989 0.00468529 1.46162 0.053686 -0.00468516 0.998547 -13.437 0 0 0 1 
34562489690048;0.199981;0.164458;0.999998 -9.25674e-08 -0.00216267 2.88654 4.98889e-07 1 0.000187879 -0.0705762 0.00216267 -0.00018788 0.999998 -7.19655 0 0 0 1 
34562489690049;0.208318;0.214401;1 5.20544e-08 -0.000301511 -0.268718 -4.41571e-08 1 2.61926e-05 0.105662 0.000301511 -2.61925e-05 1 -0.971449 0 0 0 1 
34562489690050;0.378047;0.42161;0.996935 0.000271392 -0.0782341 -19.3625 0.000263686 0.999977 0.00682904 1.61396 0.0782342 -0.00682874 0.996912 -8.21283 0 0 0 1 
34562489690051;0.381473;0.529446;0.999833 1.55997e-05 0.0182522 -10.3278 1.348e-05 0.999999 -0.00159309 1.67005 -0.0182522 0.00159307 0.999832 2.49472 0 0 0 1 
34562489690052;0.123011;0.244411;0.999795 2.01328e-05 -0.0202496 -14.6741 1.56536e-05 0.999998 0.0017671 1.74853 0.0202496 -0.00176706 0.999793 -5.76637 0 0 0 1 
34562489690053;0.447449;0.69342;0.999986 2.50608e-06 0.00535692 -9.78698 -2.45709e-09 1 -0.000467362 1.58823 -0.00535692 0.000467355 0.999986 2.29491 0 0 0 1 
34562489690054;0.341689;0.441518;0.985279 0.00129981 -0.170948 -93.2705 0.00127015 0.999888 0.0149233 8.40917 0.170949 -0.0149207 0.985167 -21.9658 0 0 0 1 
34562489690055;0.435439;0.519257;1 3.61317e-08 -2.51212e-07 0.290533 -3.61317e-08 1 -1.81214e-08 -0.00738644 2.51212e-07 1.81214e-08 1 0.133857 0 0 0 1 
34562489690056;0.453077;0.286724;0.954211 0.00400517 -0.299107 -20.6163 0.0039885 0.999651 0.0261099 2.30029 0.299107 -0.0261073 0.953862 -29.456 0 0 0 1 
34562489690057;0.243925;0.0717509;0.999779 1.86259e-05 0.0210204 2.6138 1.9945e-05 0.999998 -0.00183471 -0.729879 -0.0210204 0.00183473 0.999777 2.93916 0 0 0 1 
34562489690058;0.299623;0.35507;0.993325 0.000584149 0.115348 -26.9898 0.00058093 0.999949 -0.0100667 2.96201 -0.115348 0.0100665 0.993274 26.3273 0 0 0 1 
34562489690059;0.121954;0.0575291;0.999973 1.70044e-06 -0.00735 6.48964 3.01095e-06 1 0.000640995 -0.45283 0.00735 -0.000640999 0.999973 -5.70493 0 0 0 1 
34562489690060;0.336224;0.498895;0.999197 7.2825e-05 0.0400645 -26.4499 6.7349e-05 0.999994 -0.00349735 2.80393 -0.0400645 0.00349724 0.999191 3.20733 0 0 0 1 
34562489690062;0.450678;0.329679;0.994443 0.000487233 0.105279 -30.3871 0.000483016 0.999958 -0.00919029 2.17604 -0.105279 0.00919007 0.9944 22.974 0 0 0 1 
34562489690063;0.504888;0.55994;1 -3.8482e-09 3.58623e-08 -0.0607003 3.84821e-09 1 -1.04494e-08 -0.367543 -3.58623e-08 1.04494e-08 1 0.0909456 0 0 0 1 
34562489690064;0.452148;0.438196;1 -1.80211e-08 3.50927e-09 -0.165569 1.80211e-08 1 -1.37362e-09 -0.217234 -3.50927e-09 1.37362e-09 1 -0.00426653 0 0 0 1 
34562489690065;0.324911;0.395016;0.999906 7.79674e-06 -0.0136753 4.70272 8.52997e-06 0.999999 0.00119382 -0.830107 0.0136753 -0.00119383 0.999906 -2.05973 0 0 0 1 
34562489690066;0.34336;0.297507;0.997436 0.00022268 0.0715573 -0.440145 0.000224698 0.99998 -0.0062439 -0.0355035 -0.0715573 0.00624398 0.997417 34.8892 0 0 0 1 
34562489690067;0.18061;0.244693;0.999996 5.70147e-07 0.00282541 -2.07081 1.26752e-07 1 -0.000246654 -0.288992 -0.00282541 0.000246653 0.999996 0.700241 0 0 0 1 
34562489690068;0.143206;0.151285;1 8.56334e-09 6.83149e-09 0.0604236 -8.56334e-09 1 -4.45115e-09 -0.0965632 -6.83149e-09 4.45115e-09 1 0.0339858 0 0 0 1 
34562489690069;0.265071;0.178433;0.99997 3.3996e-06 0.0076906 -7.69903 1.75105e-06 1 -0.000669726 0.202601 -0.0076906 0.00066972 0.99997 13.846 0 0 0 1 
34562489690070;0.337998;0.342892;1 5.02588e-09 -2.18695e-07 0.0257933 -5.02588e-09 1 9.35346e-09 -0.213366 2.18695e-07 -9.35346e-09 1 -0.0798043 0 0 0 1 
34562489690071;0.291767;0.0215759;1 1.64768e-08 -6.44933e-07 0.167604 -1.64768e-08 1 -6.74877e-09 0.0545459 6.44933e-07 6.74878e-09 1 0.209169 0 0 0 1 
34562489690072;0.432542;0.328122;0.989411 0.000925058 0.145138 -23.4283 0.00092397 0.999919 -0.0126718 2.00024 -0.145138 0.0126718 0.98933 14.2154 0 0 0 1 
34562489690073;0.333627;0.292897;0.999181 7.20611e-05 -0.0404656 1.20718 7.09288e-05 0.999994 0.00353217 -0.566516 0.0404656 -0.00353215 0.999175 -10.6784 0 0 0 1 
34562489690074;0.333091;0.463005;0.995411 0.000407856 0.0956879 -70.2604 0.000393395 0.999965 -0.00835457 6.02649 -0.095688 0.00835388 0.995376 12.5551 0 0 0 1 
34562489690075;0.300984;0.306527;1 2.43343e-09 -1.12032e-07 -0.00312426 -2.43343e-09 1 2.15041e-08 -0.343683 1.12032e-07 -2.15041e-08 1 -0.174521 0 0 0 1 
34562489690076;0.255405;0.382579;0.99992 6.09454e-06 0.0126095 4.90996 7.78594e-06 0.999999 -0.00110074 -0.739248 -0.0126095 0.00110075 0.99992 2.92548 0 0 0 1 
34562489690077;0.37018;0.525105;0.878812 0.0105856 -0.477051 37.6747 0.0105752 0.999076 0.0416507 -4.71737 0.477051 -0.041648 0.877888 -44.2988 0 0 0 1 
34562489690078;0.123389;0.12074;1 1.29985e-09 -1.50513e-07 0.0019062 -1.29985e-09 1 7.40846e-09 -0.168814 1.50513e-07 -7.40846e-09 1 -0.0589854 0 0 0 1 
34562489690079;0.437756;0.550053;1 3.45641e-08 -1.25819e-08 0.253551 -3.45641e-08 1 5.89301e-09 -0.261145 1.25819e-08 -5.89301e-09 1 -0.0369481 0 0 0 1 
34562489690080;0.248888;0.234267;0.999049 8.45657e-05 -0.0436023 -6.0803 8.14791e-05 0.999993 0.00380638 0.380703 0.0436023 -0.00380631 0.999042 -7.5629 0 0 0 1 
34562489690081;0.238106;0.263378;0.999908 7.68245e-06 0.013568 0.898561 8.38861e-06 0.999999 -0.00118443 -0.526781 -0.013568 0.00118443 0.999907 2.18203 0 0 0 1 
34562489690082;0.176775;0.150361;1 2.60901e-07 0.00047413 -1.83962 -2.41344e-07 1 -4.12472e-05 -0.0190532 -0.00047413 4.12471e-05 1 1.1365 0 0 0 1 
34562489690083;0.334152;0.927673;0.999995 1.11801e-06 0.00312158 -6.91775 -2.67753e-07 1 -0.00027238 -2.44938 -0.00312158 0.000272378 0.999995 2.30899 0 0 0 1 
34562489690084;0.376441;0.369245;0.999239 6.8684e-05 -0.0390136 -12.053 6.42414e-05 0.999994 0.00340589 1.21642 0.0390136 -0.00340581 0.999233 -6.43569 0 0 0 1 
34562489690085;0.162081;0.154168;1 -3.65445e-08 -0.000246684 0.259584 4.18447e-08 1 2.14859e-05 -0.25577 0.000246684 -2.14859e-05 1 -0.662068 0 0 0 1 
34562489690086;0.435379;0.293108;0.999737 2.18074e-05 0.0229243 5.84765 2.40864e-05 0.999998 -0.00200169 -0.241223 -0.0229243 0.00200172 0.999735 0.883204 0 0 0 1 
34562489690087;0.326485;0.294567;1 2.19541e-09 -2.01069e-08 -0.0196337 -2.19541e-09 1 -7.621e-09 -0.353393 2.01069e-08 7.621e-09 1 0.048736 0 0 0 1 
34562489690088;0.343468;0.335867;1 3.27448e-09 -1.20169e-07 0.0220787 -3.27448e-09 1 -5.94807e-09 -0.0669869 1.20169e-07 5.94808e-09 1 0.0415574 0 0 0 1 
34562489690089;0.181879;0.157618;1 -1.32035e-09 -7.90823e-08 -0.0225114 1.32035e-09 1 -3.02944e-09 -0.120858 7.90823e-08 3.02944e-09 1 0.0393789 0 0 0 1 
34562489690090;0.274172;0.357951;0.979277 0.00181552 -0.202519 -19.7004 0.00180296 0.999842 0.0176814 1.15837 0.202519 -0.0176801 0.979119 -26.2779 0 0 0 1 
34562489690091;0.516972;0.675517;0.99998 3.58416e-06 0.00636557 -14.2656 -5.28445e-08 1 -0.000554753 0.419066 -0.00636557 0.000554741 0.99998 7.9915 0 0 0 1 
34562489690093;0.4248;0.461643;1 -8.8549e-09 3.3939e-07 -0.175342 8.8549e-09 1 2.13186e-08 0.794869 -3.3939e-07 -2.13186e-08 1 1.48351 0 0 0 1 
34562489690094;0.0934313;0.129749;0.999727 2.65398e-05 0.0233731 -24.667 2.11005e-05 0.999998 -0.00203801 3.37464 -0.0233731 0.00203794 0.999725 21.3033 0 0 0 1 
34562489690095;0.144672;0.173047;1 -4.36132e-09 -4.37661e-08 -0.0158088 4.36132e-09 1 -2.48346e-08 0.83483 4.37661e-08 2.48346e-08 1 0.212038 0 0 0 1 
34562489690096;0.228702;0.262141;0.999702 2.29414e-05 -0.0244193 27.7486 2.91344e-05 0.999998 0.00213222 -2.29498 0.0244193 -0.00213229 0.9997 1.18394 0 0 0 1 
34562489690097;0.121961;0.130771;0.999861 8.4625e-06 0.0166492 26.2104 1.57289e-05 0.999999 -0.00145288 -2.77013 -0.0166492 0.00145294 0.99986 5.39075 0 0 0 1 
34562489690098;0.286027;0.283102;0.999641 -0.000100624 0.0267823 1057.71 0.000165394 0.999997 -0.00241617 -91.7918 -0.026782 0.00241973 0.999638 -654.566 0 0 0 1 
34562489690099;0.0245713;0.0302644;0.999982 7.88274e-07 0.00595736 5.05966 2.3056e-06 1 -0.000519329 -0.569138 -0.00595736 0.000519334 0.999982 6.15732 0 0 0 1 
34562489690100;0.214406;0.213919;1 -2.00942e-08 2.10188e-08 -0.150476 2.00942e-08 1 3.07877e-08 0.595707 -2.10188e-08 -3.07877e-08 1 -0.266327 0 0 0 1 
34562489690101;0.290539;0.319767;1 -3.49432e-08 2.53627e-07 -0.234027 3.49432e-08 1 -1.02784e-08 0.153869 -2.53627e-07 1.02784e-08 1 0.0681563 0 0 0 1 
34562489690102;0.160438;0.229238;0.998683 0.000111916 -0.0513051 31.1813 0.000118013 0.99999 0.00447854 -3.80606 0.0513051 -0.0044787 0.998673 -6.5377 0 0 0 1 
34562489690103;0.385248;0.42386;1 -1.68538e-08 1.59555e-08 -0.192491 1.68538e-08 1 -2.66158e-08 -0.745818 -1.59555e-08 2.66158e-08 1 0.150482 0 0 0 1 
34562489690104;0.150227;0.686557;1 -6.5987e-08 1.08686e-06 -0.99284 6.5987e-08 1 -4.56693e-08 -6.286 -1.08686e-06 4.56693e-08 1 0.0142327 0 0 0 1 
34562489690105;0.212702;0.221926;0.999969 2.27788e-06 0.00789368 1.96356 3.15864e-06 1 -0.000688706 -1.35961 -0.00789368 0.000688709 0.999969 2.79076 0 0 0 1 
34562489690106;0.369761;0.3821;1 -1.52865e-08 5.32989e-07 -0.105385 1.52865e-08 1 -1.66117e-08 0.156393 -5.32989e-07 1.66117e-08 1 0.387599 0 0 0 1 
34562489690107;0.232667;0.21029;1 -3.3772e-08 2.68578e-07 -0.26631 3.3772e-08 1 2.12239e-08 0.151882 -2.68578e-07 -2.12239e-08 1 -0.169294 0 0 0 1 
34562489690108;0.240619;0.249891;1 -1.12197e-08 -1.03505e-07 -0.0527704 1.12197e-08 1 1.42511e-08 0.130463 1.03505e-07 -1.42511e-08 1 -0.0899971 0 0 0 1 
34562489690109;0.185949;0.186147;1 -6.7767e-09 -2.81326e-07 0.00609148 6.7767e-09 1 4.87151e-09 0.047303 2.81326e-07 -4.87151e-09 1 -0.0145754 0 0 0 1 
34562489690110;0.265953;0.289767;0.998883 9.30514e-05 -0.0472483 42.1759 0.000101941 0.999991 0.00412455 -3.51993 0.0472483 -0.00412476 0.998875 -3.91257 0 0 0 1 
34562489690111;0.165425;0.214109;1 1.17202e-08 5.10158e-07 0.136035 -1.17202e-08 1 2.38536e-09 1.11163 -5.10158e-07 -2.38536e-09 1 -0.00528967 0 0 0 1 
34562489690112;0.350609;0.345446;0.998317 0.000148617 0.0579845 -21.7417 0.000144916 0.999987 -0.00505804 3.02436 -0.0579845 0.00505793 0.998305 36.1942 0 0 0 1 
34562489690113;0.399049;0.410601;1 -1.20235e-08 8.18135e-08 -0.0784995 1.20235e-08 1 7.90516e-10 0.204077 -8.18135e-08 -7.90515e-10 1 0.00255291 0 0 0 1 
34562489690114;0.0997142;0.166497;1 1.17946e-08 2.12058e-07 0.125065 -1.17946e-08 1 1.28147e-08 0.919629 -2.12058e-07 -1.28147e-08 1 -0.0836921 0 0 0 1 
34562489690115;0.280795;0.305543;1 -1.03395e-07 -8.28657e-06 0.405203 1.03401e-07 1 6.93557e-07 -0.203496 8.28657e-06 -6.93558e-07 1 -0.591808 0 0 0 1 
34562489690116;0.37279;0.40003;1 -3.17244e-08 2.47388e-07 -0.232572 3.17244e-08 1 3.97376e-08 -0.0538149 -2.47388e-07 -3.97376e-08 1 -0.335602 0 0 0 1 
34562489690117;0.26675;1.04664;1 -8.93431e-08 -4.3366e-07 -0.043316 8.93432e-08 1 4.20991e-08 9.14357 4.3366e-07 -4.20991e-08 1 0.178579 0 0 0 1 
34562489690118;0.0989808;0.145052;0.999861 9.34469e-06 -0.0167008 24.6582 1.49997e-05 0.999999 0.00145755 -2.58028 0.0167008 -0.0014576 0.999859 -4.4441 0 0 0 1 
34562489690119;0.386067;0.467257;1 -7.18395e-08 -4.1184e-07 -0.593865 7.18395e-08 1 2.8845e-08 0.150539 4.1184e-07 -2.8845e-08 1 -0.25331 0 0 0 1 
34562489690120;0.309421;0.375648;1 1.53682e-08 6.97349e-08 0.181025 -1.53682e-08 1 -1.36435e-08 0.908246 -6.97349e-08 1.36435e-08 1 0.165324 0 0 0 1 
34562489690121;0.382301;0.409636;1 -2.78204e-08 -6.48439e-08 -0.169247 2.78204e-08 1 -9.17475e-09 0.310999 6.48439e-08 9.17474e-09 1 0.1299 0 0 0 1 
34562489690122;0.179762;0.217418;1 -3.52996e-09 7.18928e-08 -0.0681628 3.52997e-09 1 -2.54259e-08 -0.572359 -7.18928e-08 2.54259e-08 1 0.162879 0 0 0 1 
34562489690124;0.346704;0.406392;1 -4.74618e-08 -2.33256e-07 -0.385748 4.74618e-08 1 1.03358e-08 0.00582678 2.33256e-07 -1.03358e-08 1 -0.0674969 0 0 0 1 
34562489690125;0.12865;0.795873;1 -6.33144e-08 -1.73358e-06 -0.466775 6.33145e-08 1 5.26582e-08 5.53023 1.73358e-06 -5.26583e-08 1 -0.354268 0 0 0 1 
34562489690126;0.441684;0.695371;1 4.15774e-08 2.8124e-07 0.477313 -4.15773e-08 1 -2.85914e-08 2.31525 -2.8124e-07 2.85913e-08 1 0.284972 0 0 0 1 
34562489690127;0.210546;0.230158;1 -3.2909e-09 4.83336e-07 -0.0286333 3.29089e-09 1 2.54191e-08 0.60523 -4.83336e-07 -2.54191e-08 1 -0.219905 0 0 0 1 
34562489690128;0.0334274;0.161751;0.999897 2.79048e-06 -0.0143842 51.638 1.5235e-05 0.999999 0.00125303 -5.3349 0.0143842 -0.00125312 0.999896 -21.9948 0 0 0 1 
34562489690129;0.0803559;0.0691543;1 -9.27133e-07 -8.9952e-06 7.06498 9.2714e-07 1 8.33115e-07 -0.514026 8.9952e-06 -8.33123e-07 1 -0.15715 0 0 0 1 
34562489690130;0.355847;0.385756;1 -3.23342e-08 -2.55582e-08 -0.234758 3.23342e-08 1 2.01007e-08 0.118543 2.55582e-08 -2.01007e-08 1 -0.169877 0 0 0 1 
34562489690131;0.103607;0.505182;1 7.62631e-08 1.36269e-07 0.643855 -7.62631e-08 1 2.86933e-08 4.13566 -1.36269e-07 -2.86933e-08 1 -0.224215 0 0 0 1 
34562489690132;0.232394;0.252116;0.999926 3.95327e-06 -0.012172 21.27 8.98093e-06 0.999999 0.00106256 -0.76028 0.012172 -0.00106259 0.999925 -1.75968 0 0 0 1 
34562489690133;0.372111;0.386719;1 -3.52149e-08 -1.92489e-07 -0.249754 3.52149e-08 1 2.59028e-08 0.334568 1.92489e-07 -2.59028e-08 1 -0.209854 0 0 0 1 
34562489690134;0.23228;0.233177;1 -3.36752e-08 4.84907e-08 -0.225982 3.36752e-08 1 1.65804e-08 0.396351 -4.84907e-08 -1.65804e-08 1 -0.150183 0 0 0 1 
34562489690135;0.171644;1.00325;1 -4.34888e-08 -1.29317e-06 -0.0624322 4.34888e-08 1 1.20966e-08 6.92559 1.29317e-06 -1.20967e-08 1 0.120181 0 0 0 1 
34562489690136;0.200279;0.212728;1 -5.10356e-08 -5.96491e-08 -0.378269 5.10356e-08 1 1.41113e-08 0.0666406 5.96491e-08 -1.41113e-08 1 -0.119021 0 0 0 1 
34562489690137;0.062551;0.0828891;0.9994 4.86676e-05 -0.0346262 34.2203 5.5932e-05 0.999995 0.00301985 -3.60429 0.0346262 -0.00301997 0.999396 -25.3194 0 0 0 1 
34562489690138;0.126833;0.126592;1 1.74727e-08 -6.62661e-08 0.173967 -1.74727e-08 1 -7.9431e-09 0.748067 6.62661e-08 7.9431e-09 1 0.0736683 0 0 0 1 
34562489690139;0.334771;0.371964;1 -2.03761e-09 9.95184e-08 0.0164712 2.03761e-09 1 9.95091e-09 0.729326 -9.95184e-08 -9.95091e-09 1 -0.0444288 0 0 0 1 
34562489690140;0.169798;0.18983;1 -2.39934e-08 9.47664e-08 -0.124367 2.39934e-08 1 1.16318e-08 0.591962 -9.47664e-08 -1.16318e-08 1 -0.087201 0 0 0 1 
34562489690141;0.269667;0.357627;1 9.51476e-09 -2.81729e-07 0.127701 -9.51475e-09 1 7.25928e-09 0.922997 2.81729e-07 -7.25928e-09 1 -0.0282701 0 0 0 1 
34562489690142;0.0756236;0.305201;0.999895 3.23644e-06 -0.014472 48.0175 1.50212e-05 0.999999 0.00126148 -5.66786 0.014472 -0.00126156 0.999894 -16.0793 0 0 0 1 
34562489690143;0.273373;0.495196;1 8.69063e-08 1.24484e-06 0.820812 -8.69063e-08 1 -7.81555e-09 2.12806 -1.24484e-06 7.81544e-09 1 0.0604796 0 0 0 1 
34562489690144;0.115892;1.27088;1 7.948e-08 1.56743e-06 1.07596 -7.948e-08 1 -1.48195e-08 9.53566 -1.56743e-06 1.48194e-08 1 0.356654 0 0 0 1 
34562489690145;0.160443;0.813143;0.999971 3.69754e-06 0.00762082 -9.71502 1.36577e-06 1 -0.0006644 -5.15894 -0.00762082 0.000664391 0.999971 6.93584 0 0 0 1 
34562489690146;0.0878609;1.25338;1 3.37498e-08 1.27906e-07 0.869487 -3.37498e-08 1 3.48488e-09 9.77072 -1.27906e-07 -3.48489e-09 1 0.230198 0 0 0 1 
34562489690147;0.0902058;0.253596;0.999054 7.07515e-05 -0.0434939 100.826 9.43845e-05 0.999993 0.0037947 -7.58638 0.0434938 -0.00379521 0.999046 -17.8092 0 0 0 1 
34562489690148;0.253989;0.403995;1 2.07111e-08 -4.42154e-07 0.288377 -2.07111e-08 1 6.10573e-09 1.71661 4.42154e-07 -6.10572e-09 1 0.0248935 0 0 0 1 
34562489690149;0.415878;0.411484;1 -1.47221e-08 1.45131e-07 -0.113556 1.47221e-08 1 2.05009e-08 -0.0332076 -1.45131e-07 -2.05009e-08 1 -0.185114 0 0 0 1 
34562489690150;0.323952;0.350916;1 -3.07178e-08 -1.74111e-07 -0.243669 3.07178e-08 1 1.26246e-08 -0.0331444 1.74111e-07 -1.26246e-08 1 -0.0911195 0 0 0 1 
34562489690151;0.0908205;0.812055;1 8.39396e-08 4.81367e-08 0.789851 -8.39396e-08 1 5.97713e-09 5.83188 -4.81367e-08 -5.97713e-09 1 0.0103922 0 0 0 1 
34562489690152;0.416208;0.407606;0.997676 0.00020152 -0.0681322 20.463 0.000204022 0.999982 0.00594526 -1.17388 0.0681322 -0.00594535 0.997659 -24.7835 0 0 0 1 
34562489690153;0.0988573;0.12796;0.999963 4.72569e-06 -0.0086098 -10.3238 1.72876e-06 1 0.000749655 -0.333351 0.00860981 -0.000749642 0.999963 -16.2094 0 0 0 1 
34562489690155;0.259195;0.35982;0.999584 3.57955e-05 -0.0288543 8.52506 3.68817e-05 0.999997 0.00251823 0.468617 0.0288543 -0.00251825 0.99958 -8.42642 0 0 0 1 
34562489690156;0.172496;0.166178;0.999964 2.41086e-06 -0.0084452 6.74613 3.8155e-06 1 0.00073725 -0.0804342 0.0084452 -0.000737256 0.999964 -1.05921 0 0 0 1 
34562489690157;0.159263;0.306239;0.999996 1.30573e-06 0.00278339 -6.79589 -6.30497e-07 1 -0.000242596 0.680232 -0.00278339 0.000242593 0.999996 3.15078 0 0 0 1 
34562489690158;0.105511;0.22573;0.999881 1.54408e-05 0.0154455 -41.1818 5.36462e-06 0.999999 -0.00134698 2.98802 -0.0154455 0.0013469 0.99988 12.7961 0 0 0 1 
34562489690159;0.266866;0.300545;1 -6.30671e-09 3.03884e-07 -0.00227722 6.3067e-09 1 3.34137e-08 0.682878 -3.03884e-07 -3.34137e-08 1 -0.252558 0 0 0 1 
34562489690160;0.0473697;0.0810962;0.999961 4.98408e-06 0.00881683 -13.6575 1.78843e-06 1 -0.000768126 1.25099 -0.00881683 0.000768112 0.999961 12.9732 0 0 0 1 
34562489690161;0.216211;0.210732;1 -2.64726e-07 3.93476e-05 2.15125 2.64865e-07 1 -3.52673e-06 0.0101538 -3.93476e-05 3.52674e-06 1 -0.591709 0 0 0 1 
34562489690162;0.156911;0.318625;1 1.22519e-07 7.13079e-07 0.99382 -1.22519e-07 1 1.45063e-09 0.412709 -7.13079e-07 -1.45071e-09 1 -0.0405765 0 0 0 1 
34562489690163;0.149607;0.137217;1 2.07569e-08 4.88367e-07 0.227408 -2.07569e-08 1 9.77533e-09 0.0617535 -4.88367e-07 -9.77534e-09 1 -0.121323 0 0 0 1 
34562489690164;0.334807;0.408508;1 3.32215e-08 2.81651e-07 0.223207 -3.32215e-08 1 -1.95984e-08 -0.390429 -2.81651e-07 1.95984e-08 1 0.118391 0 0 0 1 
34562489690165;0.385816;0.436508;1 2.09922e-08 2.2014e-07 0.227754 -2.09922e-08 1 -2.28483e-08 0.651758 -2.2014e-07 2.28483e-08 1 0.151246 0 0 0 1 
34562489690166;0.333068;0.384017;1 6.8601e-08 7.17482e-07 0.567577 -6.8601e-08 1 -3.61091e-09 0.215822 -7.17482e-07 3.61087e-09 1 0.0190068 0 0 0 1 
34562489690167;0.363242;0.414037;1 9.02234e-09 2.73642e-07 0.131975 -9.02234e-09 1 2.11643e-08 0.334031 -2.73642e-07 -2.11643e-08 1 -0.16549 0 0 0 1 
34562489690168;0.405801;0.332792;0.999768 2.02038e-05 -0.0215487 3.69308 2.03241e-05 0.999998 0.00188054 0.0576744 0.0215487 -0.00188054 0.999766 -7.61952 0 0 0 1 
34562489690169;0.233383;0.402449;0.999971 2.28048e-06 -0.00761561 2.95029 2.78162e-06 1 0.00066469 1.29102 0.00761561 -0.000664692 0.999971 -2.61466 0 0 0 1 
34562489690170;0.111556;0.133171;1 1.63816e-08 3.15906e-07 0.189561 -1.63816e-08 1 1.20595e-08 0.288933 -3.15906e-07 -1.20595e-08 1 -0.127686 0 0 0 1 
34562489690171;0.0960451;0.969203;0.999857 1.22275e-05 -0.0169222 4.36674 1.27556e-05 0.999999 0.00147624 6.62609 0.0169222 -0.00147625 0.999856 -10.582 0 0 0 1 
34562489690172;0.321124;0.370381;1 9.43686e-08 1.02077e-06 0.785838 -9.43687e-08 1 2.21643e-08 0.354858 -1.02077e-06 -2.21644e-08 1 -0.224119 0 0 0 1 
34562489690173;0.268086;0.258333;0.999997 1.7426e-07 0.00235461 0.520059 3.0907e-07 1 -0.00020527 0.217946 -0.00235461 0.00020527 0.999997 3.1236 0 0 0 1 
34562489690174;0.189053;0.201476;1 8.07174e-09 3.16928e-07 0.113048 -8.07174e-09 1 -1.34947e-09 0.251617 -3.16928e-07 1.34947e-09 1 -0.0132765 0 0 0 1 
34562489690175;0.133957;0.203719;0.999949 6.59524e-06 0.0100957 -17.766 2.29672e-06 1 -0.000880758 1.51172 -0.0100957 0.000880736 0.999949 5.50699 0 0 0 1 
34562489690176;0.144022;0.469329;0.999944 6.6366e-06 0.0105873 -13.654 3.14432e-06 1 -0.000923821 -0.698292 -0.0105873 0.000923803 0.999944 4.24395 0 0 0 1 
34562489690177;0.320514;0.343424;1 1.14762e-08 1.03987e-07 0.140831 -1.14762e-08 1 1.63339e-09 0.2151 -1.03987e-07 -1.63339e-09 1 -0.0145381 0 0 0 1 
34562489690178;0.353901;0.498337;0.999124 7.18865e-05 -0.0418501 42.1172 8.10675e-05 0.999993 0.0036531 -2.22421 0.0418501 -0.00365329 0.999117 -5.50869 0 0 0 1 
34562489690179;0.0142393;0.0458768;1 1.12456e-08 1.31637e-07 0.135849 -1.12456e-08 1 6.22237e-10 0.0832277 -1.31637e-07 -6.22238e-10 1 -0.0163986 0 0 0 1 
34562489690180;0.106434;0.125544;1 -1.04677e-07 -0.000621735 0.87437 1.38344e-07 1 5.41496e-05 0.130127 0.000621735 -5.41497e-05 1 -1.25898 0 0 0 1 
34562489690181;0.139987;0.140197;1 4.40378e-09 -3.01127e-08 0.0608165 -4.40378e-09 1 -1.20052e-08 0.104756 3.01127e-08 1.20052e-08 1 0.0636157 0 0 0 1 
34562489690182;0.247912;0.41896;0.999515 4.04969e-05 -0.0311402 19.0158 4.4149e-05 0.999996 0.00271752 -0.421963 0.0311402 -0.00271758 0.999511 -10.6213 0 0 0 1 
34562489690183;0.115667;0.190083;1 1.56651e-08 6.05551e-07 0.178432 -1.56651e-08 1 3.48756e-08 0.747485 -6.05551e-07 -3.48757e-08 1 -0.243131 0 0 0 1 
34562489690184;0.228068;0.254409;1 2.28463e-08 2.68951e-07 0.217601 -2.28463e-08 1 -1.45332e-08 0.0916075 -2.68951e-07 1.45332e-08 1 0.0780736 0 0 0 1 
34562489690186;0.0711037;0.299013;1 9.42481e-08 7.67278e-08 0.280142 -9.42481e-08 1 9.45503e-09 -3.64098 -7.67278e-08 -9.45503e-09 1 -0.215491 0 0 0 1 
34562489690187;0.0441165;0.0606051;0.999618 3.29037e-05 0.0276502 -0.342371 3.38129e-05 0.999997 -0.00241241 -0.519078 -0.0276502 0.00241242 0.999615 11.3842 0 0 0 1 
34562489690188;0.231973;0.229808;0.999897 9.71113e-06 -0.0143245 -3.92783 8.1975e-06 0.999999 0.00125015 1.2956 0.0143245 -0.00125014 0.999897 -3.85069 0 0 0 1 
34562489690189;0.393005;0.487103;0.999645 2.86506e-05 -0.0266443 22.2044 3.33291e-05 0.999997 0.00232574 1.20949 0.0266443 -0.00232581 0.999642 -2.40992 0 0 0 1 
34562489690190;0.219538;0.795601;1 -9.97085e-08 3.5594e-07 0.117853 9.97084e-08 1 8.7128e-08 9.20002 -3.5594e-07 -8.7128e-08 1 -0.440804 0 0 0 1 
34562489690191;0.389147;0.950703;1 1.53088e-07 7.1312e-08 0.600372 -1.53088e-07 1 -8.47213e-08 -9.39797 -7.1312e-08 8.47213e-08 1 0.4115 0 0 0 1 
34562489690192;0.192134;0.567727;1 1.27658e-07 5.92297e-07 0.294673 -1.27658e-07 1 -3.05526e-08 -5.79068 -5.92297e-07 3.05525e-08 1 0.0232607 0 0 0 1 
34562489690193;0.281462;0.275972;1 -3.57645e-08 4.2439e-07 -0.18143 3.57645e-08 1 6.00645e-08 0.512871 -4.2439e-07 -6.00645e-08 1 -0.48242 0 0 0 1 
34562489690194;0.204314;0.216492;0.999956 1.87168e-06 0.00938619 14.4824 5.81465e-06 1 -0.00081887 -2.08155 -0.00938619 0.000818889 0.999956 4.69773 0 0 0 1 
34562489690195;0.157469;0.735834;1 -8.63623e-08 -1.14478e-07 0.00844048 8.63623e-08 1 7.90213e-08 8.89372 1.14478e-07 -7.90213e-08 1 -0.390844 0 0 0 1 
34562489690196;0.0529904;0.0455644;0.999977 1.25679e-06 -0.00682728 7.22273 2.81166e-06 1 0.000595901 -0.106347 0.00682728 -0.000595906 0.999977 -1.88582 0 0 0 1 
34562489690197;0.438295;1.11257;1 1.577e-07 -2.49632e-07 0.200519 -1.577e-07 1 -3.68027e-08 -11.1604 2.49632e-07 3.68027e-08 1 -0.0668494 0 0 0 1 
34562489690198;0.0525853;0.0128865;0.999998 7.87729e-07 -0.00217325 -3.98411 -3.75433e-07 1 0.000189715 1.08502 0.00217325 -0.000189713 0.999998 -0.334577 0 0 0 1 
34562489690199;0.186435;0.630348;1 -8.24104e-08 1.29615e-07 -0.202746 8.24104e-08 1 5.1679e-08 6.85928 -1.29615e-07 -5.1679e-08 1 -0.221238 0 0 0 1 
34562489690200;0.246291;0.237815;1 8.98278e-09 -1.99433e-07 0.0447869 -8.98279e-09 1 -9.19334e-09 0.0457745 1.99433e-07 9.19334e-09 1 0.0678663 0 0 0 1 
34562489690201;0.100046;0.403277;1 1.5589e-08 -3.11185e-09 -0.113104 -1.5589e-08 1 -2.5579e-08 -5.12674 3.11185e-09 2.5579e-08 1 0.124794 0 0 0 1 
34562489690202;0.155088;0.149699;1 8.89725e-09 7.91389e-08 0.042681 -8.89725e-09 1 9.80599e-09 0.10057 -7.91389e-08 -9.80599e-09 1 -0.0696584 0 0 0 1 
34562489690203;0.0877176;0.25462;0.999999 0.000201454 0.00124533 -1619.38 -0.000201372 1 -6.60367e-05 144.978 -0.00124535 6.57858e-05 0.999999 346.09 0 0 0 1 
34562489690204;0.244178;0.791433;1 1.03854e-07 -2.8031e-07 -0.0491283 -1.03854e-07 1 -1.42675e-07 -8.69082 2.8031e-07 1.42675e-07 1 0.820381 0 0 0 1 
34562489690205;0.481854;0.434189;0.999897 1.09792e-05 -0.0143236 -13.74 6.92764e-06 0.999999 0.00125012 1.22573 0.0143236 -0.00125009 0.999897 -4.38984 0 0 0 1 
34562489690206;0.097924;0.323759;0.999367 4.81426e-05 0.0355804 51.8123 6.23429e-05 0.999995 -0.00310412 -8.70916 -0.0355804 0.00310437 0.999362 14.4071 0 0 0 1 
34562489690207;0.417969;0.437338;0.999724 2.42319e-05 -0.0234849 1.78917 2.39141e-05 0.999998 0.0020498 2.05641 0.0234849 -0.00204979 0.999722 -5.09462 0 0 0 1 
34562489690208;0.41666;0.414814;1 1.61566e-08 -8.28455e-10 0.0406238 -1.61566e-08 1 8.30893e-09 -0.684809 8.28456e-10 -8.30893e-09 1 -0.0698185 0 0 0 1 
34562489690209;0.102897;0.0758308;0.999933 1.10586e-05 -0.0115891 -39.9507 6.47747e-07 0.999999 0.00101011 3.94878 0.0115891 -0.00101005 0.999932 -14.386 0 0 0 1 
34562489690210;0.0465566;0.298353;0.99997 4.79381e-06 0.00775205 -17.8433 4.51151e-07 1 -0.000676588 -1.78487 -0.00775206 0.000676572 0.99997 0.736674 0 0 0 1 
34562489690211;0.156365;0.512364;1 1.38645e-07 -1.86785e-07 0.311391 -1.38645e-07 1 -8.60935e-09 -6.58511 1.86785e-07 8.60938e-09 1 -0.0669991 0 0 0 1 
34562489690212;0.249667;0.258123;1 2.6467e-08 1.19947e-07 0.13228 -2.6467e-08 1 -4.97927e-09 -0.59302 -1.19947e-07 4.97926e-09 1 0.0187736 0 0 0 1 
34562489690213;0.302086;0.325083;0.999969 3.93057e-06 0.00790719 -10.672 1.52725e-06 1 -0.000690229 0.102005 -0.00790719 0.000690219 0.999968 0.999959 0 0 0 1 
34562489690214;0.0408606;0.060156;1 -3.24791e-10 1.1178e-07 0.0588062 3.24789e-10 1 1.48256e-08 0.345302 -1.1178e-07 -1.48256e-08 1 -0.107211 0 0 0 1 
34562489690215;0.322976;0.637827;1 -1.14274e-07 3.73009e-07 -0.286687 1.14274e-07 1 1.13735e-08 6.59324 -3.73009e-07 -1.13735e-08 1 0.00586169 0 0 0 1 
34562489690217;0.345856;0.196087;0.999979 1.32307e-06 0.0065556 3.21142 2.42854e-06 1 -0.000572267 -0.236946 -0.0065556 0.000572271 0.999978 1.55846 0 0 0 1 
34562489690218;0.369096;0.290419;1 -7.65178e-09 -5.55272e-08 -0.103866 7.65178e-09 1 -1.99276e-09 -0.454658 5.55272e-08 1.99276e-09 1 0.00667332 0 0 0 1 
34562489690219;0.344434;0.42582;0.99902 8.34219e-05 -0.0442674 23.2511 8.77057e-05 0.999993 0.00386381 -1.78409 0.0442674 -0.00386391 0.999012 -9.81977 0 0 0 1 
34562489690220;0.281678;0.330198;1 2.31014e-08 -2.96527e-07 0.183315 -2.31014e-08 1 -3.71011e-09 -0.0468371 2.96527e-07 3.71012e-09 1 0.0230801 0 0 0 1 
34562489690221;0.2479;0.440621;0.999467 4.54606e-05 -0.0326359 12.2151 4.75554e-05 0.999996 0.00284933 -1.02798 0.0326359 -0.00284936 0.999463 -2.27741 0 0 0 1 
34562489690222;0.309448;0.302234;0.999132 7.31459e-05 -0.0416585 26.393 7.84258e-05 0.999993 0.00363678 -2.20846 0.0416585 -0.00363689 0.999125 -4.80045 0 0 0 1 
34562489690223;0.503992;0.433297;1 -2.42041e-08 -2.7063e-07 -0.217148 2.42041e-08 1 -3.89494e-09 -0.21637 2.7063e-07 3.89494e-09 1 0.0196064 0 0 0 1 
34562489690224;0.505738;0.324269;0.998746 0.000106236 -0.0500645 32.4784 0.000112735 0.99999 0.00437094 -3.01577 0.0500645 -0.0043711 0.998736 -2.64339 0 0 0 1 
34562489690225;0.255572;0.278243;0.998334 0.000143186 0.057693 9.85089 0.000147675 0.999987 -0.00503723 -0.736586 -0.057693 0.00503736 0.998322 0.931948 0 0 0 1 
34562489690226;0.59187;0.63378;0.982207 0.00155276 -0.187797 32.6006 0.00155387 0.999864 0.0163941 -3.45426 0.187797 -0.0163942 0.982071 -23.1727 0 0 0 1 
34562489690227;0.535961;0.449832;0.993779 0.000541245 -0.111366 30.2657 0.000544977 0.999953 0.00972299 -2.70781 0.111366 -0.0097232 0.993732 -5.19387 0 0 0 1 
34562489690228;0.492348;0.667624;0.991051 0.000775234 -0.133485 67.5083 0.000787468 0.999932 0.0116538 -5.6813 0.133485 -0.0116546 0.990982 -3.96305 0 0 0 1 
34562489690229;0.377629;0.289919;0.999453 4.82805e-05 -0.0330857 0.722204 4.72156e-05 0.999996 0.00288553 -0.45226 0.0330857 -0.00288552 0.999448 -26.4772 0 0 0 1 
34562489690230;0.309344;0.336795;1 -1.97702e-08 -1.94895e-07 -0.139319 1.97702e-08 1 5.11811e-10 0.201924 1.94895e-07 -5.11814e-10 1 -0.00373938 0 0 0 1 
34562489690231;0.422227;0.459267;0.999769 1.76711e-05 0.0214919 16.5653 2.26078e-05 0.999998 -0.00187389 -1.28009 -0.0214919 0.00187395 0.999767 22.135 0 0 0 1 
34562489690232;0.215127;0.293211;1 -2.06585e-08 1.9676e-07 -0.161658 2.06585e-08 1 8.2595e-09 0.00717203 -1.9676e-07 -8.2595e-09 1 -0.0541637 0 0 0 1 
34562489690233;0.420689;0.483776;0.999983 7.70831e-07 -0.00589985 6.4317 2.26825e-06 1 0.000515105 -0.341949 0.00589985 -0.000515109 0.999982 -0.6132 0 0 0 1 
34562489690234;0.244511;0.30295;1 -1.91858e-08 -1.27378e-08 -0.139702 1.91858e-08 1 2.77308e-09 0.15993 1.27378e-08 -2.77308e-09 1 -0.0143802 0 0 0 1 
34562489690235;0.305129;0.0932988;0.999969 2.88088e-06 0.00791251 -2.60539 2.58379e-06 1 -0.000690625 0.749086 -0.00791251 0.000690624 0.999968 2.75603 0 0 0 1 
34562489690236;0.196522;0.497321;0.995089 0.000420092 0.0989845 55.5974 0.000437097 0.999963 -0.00863798 -4.14608 -0.0989844 0.00863883 0.995051 32.5483 0 0 0 1 
34562489690237;0.236663;0.394902;0.997117 0.00024831 -0.0758784 37.3741 0.000255074 0.999978 0.00662433 -3.3588 0.0758784 -0.00662459 0.997095 -5.49226 0 0 0 1 
34562489690238;0.36003;0.452516;1 -2.93964e-08 8.20362e-08 -0.215356 2.93964e-08 1 5.30117e-09 0.247059 -8.20362e-08 -5.30117e-09 1 -0.0641147 0 0 0 1 
34562489690239;0.243492;0.100508;1 -3.22295e-08 -3.03482e-07 -0.261998 3.22295e-08 1 -2.19696e-08 -0.153571 3.03482e-07 2.19696e-08 1 0.168062 0 0 0 1 
34562489690240;0.35283;0.254214;1 -2.34456e-08 1.42549e-07 -0.210571 2.34456e-08 1 1.62245e-08 -0.306271 -1.42549e-07 -1.62245e-08 1 -0.145674 0 0 0 1 
34562489690241;0.379757;0.926202;0.957372 0.00369908 0.288834 142.421 0.00374402 0.999675 -0.0252128 -13.0085 -0.288833 0.0252194 0.957047 6.10393 0 0 0 1 
34562489690242;0.378853;0.362987;0.975192 0.00216214 0.22135 0.542195 0.0021699 0.999811 -0.0193259 -0.171032 -0.22135 0.0193268 0.975003 6.95491 0 0 0 1 
34562489690243;0.301434;0.474111;1 -4.00949e-08 -4.04626e-08 -0.298215 4.00949e-08 1 -3.28967e-09 0.245911 4.04626e-08 3.28966e-09 1 0.00941525 0 0 0 1 
34562489690244;0.500189;0.51665;1 -1.18629e-08 -2.24507e-07 -0.0744514 1.18629e-08 1 -3.30079e-09 0.232682 2.24507e-07 3.30079e-09 1 0.0249685 0 0 0 1 
34562489690245;0.271456;0.195071;0.999947 4.00361e-06 0.0102811 3.24167 5.22052e-06 1 -0.000897165 -0.196653 -0.0102811 0.000897172 0.999947 4.63151 0 0 0 1 
34562489690246;0.262584;0.420663;1 -4.89188e-08 3.44968e-08 -0.358667 4.89188e-08 1 1.65055e-08 0.29293 -3.44968e-08 -1.65055e-08 1 -0.114553 0 0 0 1 
34562489690248;0.122472;0.122197;0.999748 2.29465e-05 0.0224406 -10.6173 2.10152e-05 0.999998 -0.00195879 0.945967 -0.0224406 0.00195877 0.999746 5.98733 0 0 0 1 
34562489690249;0.236877;1.3935;1 -1.08174e-07 -1.04394e-06 -0.197979 1.08174e-07 1 9.71902e-08 9.67942 1.04394e-06 -9.71903e-08 1 -0.452399 0 0 0 1 
34562489690250;0.361013;0.404951;1 3.06945e-08 6.48298e-07 0.193834 -3.06945e-08 1 -8.92352e-09 -0.825078 -6.48298e-07 8.9235e-09 1 0.0589652 0 0 0 1 
34562489690251;0.0844088;0.124211;0.999578 3.63281e-05 -0.0290446 8.63009 3.72927e-05 0.999997 0.00253421 -0.375419 0.0290446 -0.00253422 0.999575 -14.767 0 0 0 1 
34562489690252;0.195046;0.253488;1 1.99002e-08 4.39969e-09 0.234071 -1.99002e-08 1 5.82296e-09 0.551554 -4.39969e-09 -5.82296e-09 1 -0.0216265 0 0 0 1 
34562489690253;0.120903;0.207678;0.998505 3.10826e-05 0.0546518 792.858 0.000235683 0.999988 -0.00487474 -69.9754 -0.0546513 0.00488033 0.998494 -871.408 0 0 0 1 
34562489690254;0.246774;0.301383;1 6.28216e-08 -2.90815e-07 0.491376 -6.28217e-08 1 -1.93285e-08 -0.565246 2.90815e-07 1.93285e-08 1 0.127103 0 0 0 1 
34562489690255;0.134202;0.19694;0.9999 8.15726e-06 0.0141701 3.11617 9.35297e-06 0.999999 -0.00123565 -1.26056 -0.0141701 0.00123566 0.999899 12.5656 0 0 0 1 
34562489690256;0.130561;0.0887973;0.999967 3.53249e-06 0.00807362 -6.0117 2.15779e-06 1 -0.000704789 0.657138 -0.00807363 0.000704784 0.999967 1.88038 0 0 0 1 
34562489690257;0.163799;0.142452;0.999944 5.48661e-06 -0.0105589 -3.46922 4.25011e-06 1 0.000922115 0.521844 0.0105589 -0.000922109 0.999944 0.555596 0 0 0 1 
34562489690258;0.294851;0.456929;0.999973 2.65524e-06 -0.00739999 -0.884144 2.1197e-06 1 0.000645255 -2.28702 0.00739999 -0.000645253 0.999972 -6.07323 0 0 0 1 
34562489690259;0.334686;1.31459;1 1.96166e-07 -3.57288e-08 1.01122 -1.96166e-07 1 -3.43336e-08 -8.72548 3.57288e-08 3.43336e-08 1 0.0636664 0 0 0 1 
34562489690260;0.32082;1.38922;1 2.09712e-08 -6.90773e-07 1.07953 -2.09712e-08 1 3.60016e-08 9.59681 6.90773e-07 -3.60016e-08 1 0.0730163 0 0 0 1 
34562489690261;0.124973;0.203634;0.999056 8.59704e-05 0.043444 -34.2498 7.88425e-05 0.999993 -0.00379196 2.13274 -0.043444 0.0037918 0.999049 13.0691 0 0 0 1 
34562489690262;0.295299;0.348642;0.999546 3.8104e-05 0.0301277 8.36211 4.11146e-05 0.999997 -0.0026288 -0.272851 -0.0301277 0.00262885 0.999543 15.0516 0 0 0 1 
