#;prob_registration_l1 -r /home/probabilistic_point_clouds_registration/build/tester /home/point_clouds_registration_benchmark//devel/registration_pairs/wood_summer_local.txt /home/point_clouds_registration_benchmark//eth/wood_summer -s 0.2 -t 0.2 -p 0.3 -r 1000 -m 1 -i 40 
id;initial_error;final_error;transformation
2318808360000;0.0774618;0.00796705;0.998127 0.0423995 0.0441063 -0.45388 -0.0422784 0.999099 -0.00367451 0.461961 -0.0442224 0.00180289 0.99902 0.324537 0 0 0 1 
2318808360001;0.306883;0.0107014;0.997381 0.0699857 -0.0182448 -0.116046 -0.0702759 0.997403 -0.0157833 0.603929 0.0170928 0.0170241 0.999709 -0.438894 0 0 0 1 
2318808360002;0.495258;0.294412;0.977383 -0.197865 -0.0746506 2.20332 0.20024 0.979409 0.0257345 -1.38801 0.0680215 -0.0401005 0.996878 0.457268 0 0 0 1 
2318808360003;0.524546;0.445866;0.999381 -0.035025 0.00325672 0.256911 0.0348946 0.998815 0.0339137 -0.386402 -0.00444069 -0.0337791 0.999419 0.27162 0 0 0 1 
2318808360004;0.20511;0.0109357;0.997621 -0.0652469 0.022249 0.649925 0.0652138 0.997869 0.00221093 -0.53935 -0.0223458 -0.000754733 0.99975 -0.202663 0 0 0 1 
2318808360005;0.440296;0.316782;0.999062 -0.0304016 -0.0308286 0.285144 0.0332082 0.99492 0.0950383 -0.46685 0.0277827 -0.0959729 0.994996 0.382449 0 0 0 1 
2318808360006;0.169359;0.0114617;0.996112 -0.0854911 0.0212606 1.04986 0.0859419 0.996073 -0.0212776 -0.423976 -0.0193581 0.023022 0.999548 0.0546072 0 0 0 1 
2318808360007;0.299345;0.266596;0.999626 -0.026946 0.00471924 0.236087 0.0268611 0.999491 0.0172246 -0.256253 -0.00518097 -0.0170914 0.999841 0.165112 0 0 0 1 
2318808360008;0.34518;0.264725;0.995372 0.0496681 0.0822671 -0.681238 -0.0534117 0.997605 0.0439461 0.246641 -0.0798874 -0.0481367 0.995641 1.30612 0 0 0 1 
2318808360009;0.553788;0.478086;0.999577 0.027877 0.00834475 -0.195074 -0.0277963 0.999567 -0.00963721 0.179091 -0.0086098 0.00940117 0.999919 0.104103 0 0 0 1 
2318808360010;0.296129;0.00890471;0.992511 -0.122152 -0.00128404 1.19977 0.122117 0.991835 0.0367492 -1.22546 -0.00321544 -0.0366308 0.999324 -0.0280449 0 0 0 1 
2318808360011;0.267088;0.00562855;0.974083 -0.192764 0.118341 2.18715 0.18034 0.977649 0.10807 -1.28251 -0.136528 -0.083927 0.987075 2.30072 0 0 0 1 
2318808360012;0.117207;0.00725179;0.996224 -0.00367397 -0.0867462 0.107219 0.0079645 0.998759 0.0491666 -0.196969 0.0864579 -0.0496719 0.995016 -0.301283 0 0 0 1 
2318808360013;0.297157;0.00758248;0.996982 -0.0511147 0.0584347 -0.000347415 0.0532917 0.997918 -0.0363246 -0.632162 -0.0564563 0.0393291 0.99763 -0.0791096 0 0 0 1 
2318808360014;0.320442;0.00739489;0.999972 0.00683313 0.00297341 -0.0159942 -0.00682162 0.999969 -0.00386369 0.0880826 -0.00299972 0.0038433 0.999988 -0.64424 0 0 0 1 
2318808360015;0.329054;0.273839;0.999201 0.039857 0.00298664 -0.540275 -0.0396297 0.997667 -0.0555909 0.359309 -0.00519536 0.0554281 0.998449 -0.638132 0 0 0 1 
2318808360016;0.335073;0.0107818;0.999336 0.0364361 0.000120768 -0.272435 -0.0364363 0.999328 0.00391279 -0.0437445 2.18802e-05 -0.0039146 0.999992 -0.538075 0 0 0 1 
2318808360017;0.483715;0.0106403;0.972058 0.22871 -0.0528664 -2.50781 -0.229003 0.973426 0.000523558 1.79332 0.0515812 0.0115976 0.998601 0.181295 0 0 0 1 
2318808360018;0.313611;0.29268;0.999279 -0.0319953 -0.0204156 0.298723 0.0317788 0.999436 -0.0108445 -0.188759 0.0207511 0.0101879 0.999733 -0.237454 0 0 0 1 
2318808360019;0.502137;0.476223;0.999889 0.00436662 0.0142162 -0.0668497 -0.0041318 0.999855 -0.0165055 0.0158811 -0.0142862 0.016445 0.999763 -0.174044 0 0 0 1 
2318808360020;0.421809;0.0079867;0.966495 0.0248725 0.255479 -0.556647 -0.00223784 0.996073 -0.0885079 0.270641 -0.256678 0.0849707 0.962755 0.501745 0 0 0 1 
2318808360021;0.393879;0.274194;0.977211 -0.0949878 -0.189831 1.49433 0.0758693 0.991513 -0.105574 -0.359882 0.198248 0.0887661 0.976124 -2.21314 0 0 0 1 
2318808360022;0.404256;0.00944121;0.994865 0.0396414 -0.0931244 -0.306625 -0.0465604 0.996219 -0.0733409 1.18931 0.089865 0.0773002 0.99295 -1.81183 0 0 0 1 
2318808360023;0.175152;0.00909732;0.979181 -0.190911 0.0689765 1.99563 0.194318 0.979834 -0.0465458 -1.27241 -0.0586994 0.0589801 0.996532 -0.120172 0 0 0 1 
2318808360024;0.438639;0.00769643;0.993173 0.0146404 -0.115726 -0.820994 -0.0270854 0.993921 -0.10671 0.405796 0.11346 0.109116 0.987533 -2.0694 0 0 0 1 
2318808360025;0.493149;0.00934302;0.985005 -0.172038 -0.0129339 1.77048 0.171565 0.984669 -0.0315145 -0.659247 0.0181573 0.0288229 0.99942 0.301835 0 0 0 1 
2318808360026;0.26214;0.00952689;0.980402 0.0170762 -0.196268 -0.125947 -0.00463704 0.997961 0.0636639 -0.05074 0.196955 -0.0615061 0.978481 -0.568637 0 0 0 1 
2318808360027;0.301824;0.268378;0.999759 0.0218703 0.00168425 -0.239522 -0.0217692 0.998696 -0.0461717 0.241411 -0.00269184 0.0461239 0.998932 -0.410078 0 0 0 1 
2318808360028;0.111442;0.00677544;0.999104 -0.0255124 -0.0337567 0.322962 0.0296357 0.991344 0.127904 -0.348534 0.0302014 -0.12879 0.991212 1.09147 0 0 0 1 
2318808360029;0.556383;0.0444473;0.994721 -0.0657503 -0.0787896 0.212637 0.088525 0.938141 0.334747 -0.517071 0.051906 -0.339954 0.939008 3.84708 0 0 0 1 
2318808360031;0.47988;0.407573;0.999508 0.0247383 -0.0192665 -0.112578 -0.0246532 0.999685 0.00463854 0.270317 0.0193752 -0.00416128 0.999804 -0.204498 0 0 0 1 
2318808360032;0.536016;0.102135;0.944434 0.051427 -0.324653 0.414756 -0.138183 0.958287 -0.250183 2.48834 0.298244 0.281143 0.912145 -5.4259 0 0 0 1 
2318808360033;0.38485;0.0049477;0.988298 0.147388 0.0392826 -1.37592 -0.147154 0.989074 -0.00879702 1.20899 -0.04015 0.00291347 0.999189 -0.378105 0 0 0 1 
2318808360034;0.495664;0.439637;0.999875 0.0152802 0.00398099 -0.135595 -0.0152786 0.999883 -0.000448277 0.185059 -0.00398737 0.000387397 0.999992 -0.135316 0 0 0 1 
2318808360035;0.329409;0.00916843;0.993509 0.104719 -0.0444334 -0.815794 -0.105016 0.994461 -0.00441043 1.10606 0.0437254 0.00904804 0.999003 -1.00814 0 0 0 1 
2318808360036;0.430313;0.197417;0.970855 0.10485 -0.215518 -0.303999 -0.107495 0.994205 -0.000554081 0.865551 0.214211 0.0237051 0.9765 -1.92533 0 0 0 1 
2318808360037;0.120765;0.00278539;0.994087 0.0128634 -0.107823 0.0242076 -0.0256341 0.992694 -0.117907 0.494608 0.105519 0.119974 0.987154 -2.11972 0 0 0 1 
2318808360038;0.516165;0.00533345;0.97622 -0.18456 0.113722 1.80802 0.182398 0.98279 0.0292214 -1.98688 -0.117158 -0.00778372 0.993083 1.73088 0 0 0 1 
2318808360039;0.413132;0.00611049;0.972719 -0.125502 0.195109 1.06692 0.119059 0.991892 0.0444542 -0.534857 -0.199106 -0.020012 0.979774 2.32708 0 0 0 1 
2318808360040;0.306491;0.00441497;0.989897 0.116027 -0.0814974 -0.807442 -0.102322 0.982462 0.155877 0.853126 0.0981541 -0.145963 0.984409 0.376757 0 0 0 1 
2318808360041;0.475776;0.356465;0.998444 -0.0400134 -0.0388471 0.357849 0.0406292 0.999059 0.015194 -0.329106 0.0382026 -0.0167487 0.99913 0.308409 0 0 0 1 
2318808360042;0.392346;0.0113077;0.994308 0.0467355 0.0957466 -0.593296 -0.046525 0.998907 -0.00443029 0.41424 -0.095849 -4.95364e-05 0.995396 1.55375 0 0 0 1 
2318808360043;0.212163;0.0086896;0.991994 0.0632239 -0.109317 -0.4544 -0.0349339 0.969255 0.243566 0.278274 0.121355 -0.237797 0.963704 1.66169 0 0 0 1 
2318808360044;0.216595;0.00673433;0.989202 0.115967 -0.0896109 -1.34693 -0.109757 0.991392 0.0713875 0.673054 0.0971181 -0.0607813 0.993415 0.00372652 0 0 0 1 
2318808360045;0.469606;0.227322;0.980065 0.0636719 -0.188199 -0.289548 -0.110953 0.961187 -0.252605 1.93777 0.164811 0.26845 0.94909 -3.60879 0 0 0 1 
2318808360046;0.276896;0.00533867;0.999146 0.0207561 0.0357223 -0.0477556 -0.0205586 0.999771 -0.00588719 -0.309466 -0.0358363 0.00514777 0.999344 0.0784449 0 0 0 1 
2318808360047;0.219223;0.0072413;0.963875 -0.135173 -0.229508 2.01612 0.129993 0.990801 -0.0376123 -0.778263 0.232481 0.00641901 0.97258 -2.02432 0 0 0 1 
2318808360048;0.2746;0.034003;0.955971 -0.0231047 0.292551 0.172467 0.00414998 0.997861 0.0652466 -0.0119139 -0.293433 -0.0611598 0.954021 3.06688 0 0 0 1 
2318808360049;0.475244;0.412459;0.998949 -0.0354023 -0.0291265 0.447262 0.0355061 0.999365 0.00305519 -0.310006 0.0289998 -0.00408615 0.999571 -0.293175 0 0 0 1 
2318808360050;0.266943;0.00906536;0.954335 -0.298689 -0.00539241 3.66303 0.298718 0.954325 0.00555886 -2.05044 0.00348574 -0.00691582 0.99997 -0.147836 0 0 0 1 
2318808360051;0.316495;0.00973609;0.976208 -0.0563019 0.2094 0.586555 0.026346 0.989345 0.143184 -0.383982 -0.215231 -0.134261 0.96729 3.76964 0 0 0 1 
2318808360052;0.442125;0.374943;0.992948 0.0964503 0.0689247 -1.06785 -0.0938005 0.994758 -0.0407076 1.00492 -0.0724897 0.0339554 0.996791 0.457334 0 0 0 1 
2318808360053;0.502153;0.00664529;0.999368 -0.0331957 0.012722 1.07405 0.0312614 0.991005 0.130124 -0.436836 -0.0169272 -0.129644 0.991416 2.24401 0 0 0 1 
2318808360054;0.189299;0.00694456;0.967409 -0.252757 -0.0152952 3.06338 0.250678 0.964488 -0.0832041 -1.61103 0.0357824 0.0766582 0.996415 -1.15398 0 0 0 1 
2318808360055;0.56348;0.0166634;0.953359 0.138732 -0.268067 -0.177568 -0.170414 0.98042 -0.0986697 2.38211 0.24913 0.13975 0.958334 -3.53605 0 0 0 1 
2318808360056;0.0419399;0.00546691;0.998719 0.0488098 -0.0133095 -0.505266 -0.0487373 0.998795 0.00571748 0.388221 0.0135725 -0.00506149 0.999895 -0.0510191 0 0 0 1 
2318808360057;0.467263;0.00521072;0.997666 -0.0682722 -0.00112773 0.885071 0.0682095 0.997236 -0.0294485 -1.27718 0.00313513 0.0293028 0.999566 -0.84576 0 0 0 1 
2318808360058;0.291617;0.00940885;0.999948 0.00556079 0.00854233 -0.0298606 -0.00669354 0.990286 0.138887 0.51747 -0.00768703 -0.138937 0.990271 1.8164 0 0 0 1 
2318808360059;0.25976;0.00742473;0.976387 0.0233531 -0.214764 0.408845 -0.0394933 0.996682 -0.0711713 0.462747 0.21239 0.0779725 0.974069 -2.31599 0 0 0 1 
2318808360060;0.11731;0.00648383;0.991559 0.100406 0.0820366 -1.14807 -0.096334 0.99398 -0.0521832 0.958667 -0.0867823 0.0438398 0.995262 0.2534 0 0 0 1 
2318808360062;0.468711;0.266965;0.987445 0.126807 -0.0941915 -0.51373 -0.116438 0.987258 0.108457 0.652161 0.106745 -0.0961283 0.989629 0.133457 0 0 0 1 
2318808360063;0.468392;0.00849256;0.9924 -0.122029 0.0158557 -0.4206 0.119689 0.987139 0.105981 -1.14973 -0.0285846 -0.103278 0.994242 -0.0378078 0 0 0 1 
2318808360064;0.317402;0.0756222;0.96963 0.24444 0.00819488 -0.501274 -0.244387 0.969652 -0.00702363 1.43303 -0.00966305 0.0048076 0.999942 -0.358273 0 0 0 1 
2318808360065;0.263432;0.237866;0.999766 -0.0202137 0.00763932 0.111373 0.0201792 0.999786 0.00456616 -0.141802 -0.00772998 -0.00441094 0.99996 0.127861 0 0 0 1 
2318808360066;0.238324;0.0102041;0.999478 -0.0322976 0.000662562 -0.374576 0.0322867 0.9994 0.0125577 -0.399778 -0.00106775 -0.0125298 0.999921 0.158545 0 0 0 1 
2318808360067;0.429905;0.00598181;0.993231 0.0965778 -0.0645423 0.729243 -0.0927737 0.993905 0.0595489 0.595794 0.0699 -0.053158 0.996137 -0.524029 0 0 0 1 
2318808360068;0.55967;0.467915;0.997674 -0.0302004 -0.0611106 0.250975 0.0318017 0.999171 0.0254035 -0.319654 0.0602928 -0.0272878 0.997808 -0.392253 0 0 0 1 
2318808360069;0.324897;0.00564409;0.997389 0.0654242 0.0305729 0.177172 -0.0658414 0.997747 0.0128417 0.12607 -0.0296639 -0.0148211 0.99945 -0.371848 0 0 0 1 
2318808360070;0.327797;0.00708553;0.995728 0.0570226 0.0726185 0.493128 -0.0529205 0.996958 -0.0572139 0.328326 -0.0756601 0.0531265 0.995717 0.0838833 0 0 0 1 
2318808360071;0.127608;0.004805;0.989174 0.122869 0.0802395 -0.441971 -0.123178 0.992384 -0.00111088 0.773789 -0.0797649 -0.00878488 0.996775 0.445955 0 0 0 1 
2318808360072;0.27755;0.0256667;0.969332 -0.238411 -0.0596283 0.637901 0.238261 0.971152 -0.00973009 -1.05551 0.060228 -0.0047754 0.998173 -0.52716 0 0 0 1 
2318808360073;0.377754;0.0273792;0.993823 -0.0565781 0.095473 -0.00486284 0.0699375 0.987255 -0.142957 0.0376486 -0.0861679 0.148751 0.985113 -0.651667 0 0 0 1 
2318808360074;0.367604;0.344596;0.999251 -0.037672 -0.00886634 0.219513 0.0376341 0.999282 -0.00441151 -0.229507 0.00902617 0.00407453 0.999951 -0.0429316 0 0 0 1 
2318808360075;0.223733;0.0281669;0.969588 -0.0115702 0.244469 0.0681043 0.0104282 0.999928 0.00596522 -0.238022 -0.24452 -0.00323444 0.969639 1.48406 0 0 0 1 
2318808360076;0.344651;0.185385;0.998465 -0.0405267 -0.0377425 0.461068 0.0424976 0.997691 0.0529709 -0.332343 0.0355087 -0.0544936 0.997883 0.19238 0 0 0 1 
2318808360077;0.167206;0.00663059;0.995018 0.0286529 0.0954869 -0.0177273 -0.0311819 0.999199 0.0250989 0.463686 -0.0946912 -0.0279513 0.995114 0.527198 0 0 0 1 
2318808360078;0.455663;0.385423;0.999454 0.028672 0.0164369 -0.352554 -0.0286742 0.999589 -9.82228e-05 0.13993 -0.016433 -0.000373147 0.999865 -0.30665 0 0 0 1 
2318808360079;0.349782;0.0221191;0.991823 0.0789928 0.10024 -0.193829 -0.0914714 0.987714 0.126707 0.497354 -0.0889996 -0.13484 0.986862 1.61272 0 0 0 1 
2318808360080;0.31557;0.217178;0.996305 0.0370173 -0.0774958 -0.100652 -0.0259309 0.989888 0.139464 0.0210646 0.0818747 -0.13694 0.98719 -0.0916083 0 0 0 1 
2318808360081;0.265138;0.142048;0.997908 0.061251 -0.0206782 -0.164247 -0.0629368 0.993558 -0.0942399 0.632013 0.0147727 0.0953442 0.995335 -0.177142 0 0 0 1 
2318808360082;0.291619;0.17886;0.992302 0.105617 -0.0646681 -0.0997622 -0.112698 0.986601 -0.11797 0.815416 0.051342 0.12435 0.990909 -0.613524 0 0 0 1 
2318808360083;0.406111;0.00439552;0.989243 -0.145411 0.0159638 -0.0260298 0.143905 0.986942 0.0723606 -0.910306 -0.0262774 -0.069285 0.997251 -0.377914 0 0 0 1 
2318808360084;0.25521;0.239138;0.99976 0.0197169 -0.00958699 0.105626 -0.0199797 0.999404 -0.0281377 0.0862039 0.00902649 0.0283225 0.999558 -0.126744 0 0 0 1 
2318808360085;0.097134;0.0051811;0.999184 -0.0118236 0.0386201 -0.0412162 0.011003 0.999711 0.0213924 0.00392996 -0.0388618 -0.02095 0.999025 0.466097 0 0 0 1 
2318808360086;0.630308;0.58976;0.999603 0.00806381 -0.0269937 -0.00245131 -0.00726357 0.999535 0.0296133 -0.0374577 0.02722 -0.0294055 0.999197 -0.131313 0 0 0 1 
2318808360087;0.164964;0.00752205;0.988583 0.146086 0.0369148 -0.350173 -0.141396 0.984073 -0.10774 1.09868 -0.0520661 0.10129 0.993494 0.00787142 0 0 0 1 
2318808360088;0.426784;0.374322;0.999358 0.0202584 0.0295534 0.00191232 -0.0193806 0.999371 -0.0296902 0.0869692 -0.0301363 0.0290984 0.999122 0.269788 0 0 0 1 
2318808360089;0.0156956;0.00483109;0.999868 -0.0146067 -0.00715714 0.0520971 0.0147087 0.999788 0.0144075 -0.0958086 0.00694518 -0.0145108 0.999871 0.00247004 0 0 0 1 
2318808360090;0.105965;0.0064247;0.999872 0.00817152 -0.0137705 -0.172402 -0.00836175 0.99987 -0.0138142 0.214306 0.0136559 0.0139276 0.99981 -0.0321199 0 0 0 1 
2318808360091;0.471367;0.367302;0.997783 -0.00287991 -0.0664901 -0.0855466 -0.00154615 0.997791 -0.06642 0.421793 0.0665344 0.0663756 0.995574 -0.487976 0 0 0 1 
2318808360093;0.358587;0.00640359;0.99465 0.093955 0.0429346 -0.125901 -0.09473 0.995368 0.016384 0.946337 -0.0411964 -0.0203635 0.998944 -0.529764 0 0 0 1 
2318808360094;0.104341;0.00842497;0.997148 0.075449 0.00164993 0.113953 -0.0753561 0.99663 -0.032416 0.30389 -0.00409013 0.0321992 0.999473 0.116301 0 0 0 1 
2318808360095;0.369651;0.0718748;0.974177 -0.225784 4.32808e-06 0.276014 0.22572 0.9739 -0.0238819 -0.924356 0.00538793 0.0232662 0.999715 -0.660317 0 0 0 1 
2318808360096;0.316121;0.00750991;0.99956 0.0289286 -0.00660118 0.694582 -0.0288404 0.999498 0.013096 0.294053 0.00697671 -0.0128999 0.999892 0.347055 0 0 0 1 
2318808360097;0.369151;0.107279;0.961493 0.156799 0.225709 0.037957 -0.148546 0.987473 -0.0532045 0.481438 -0.231224 0.0176277 0.972741 0.736692 0 0 0 1 
2318808360098;0.287285;0.0806326;0.976674 -0.212773 0.0289081 -0.107714 0.211467 0.976459 0.0425332 -1.11447 -0.0372775 -0.0354279 0.998677 -0.0664816 0 0 0 1 
2318808360099;0.367143;0.339219;0.999739 -0.0182509 0.0137298 -0.00631278 0.018416 0.999758 -0.012 -0.113897 -0.0135074 0.0122498 0.999834 -0.015892 0 0 0 1 
2318808360100;0.403666;0.00880299;0.989063 -0.13939 -0.048207 0.997084 0.143228 0.985737 0.0883607 -0.682828 0.0352029 -0.0942989 0.994921 -0.569183 0 0 0 1 
2318808360101;0.302239;0.00885037;0.94616 -0.162527 0.279939 -0.204777 0.174095 0.984586 -0.0167914 -0.893863 -0.272895 0.0646233 0.959871 1.40045 0 0 0 1 
2318808360102;0.281834;0.195641;0.999583 0.0281447 -0.00644982 0.0174786 -0.0275633 0.996632 0.0772312 -0.0736959 0.00860175 -0.0770213 0.996992 -0.123738 0 0 0 1 
2318808360103;0.378578;0.282739;0.992103 0.0668403 -0.10613 0.244096 -0.0621123 0.99695 0.0472498 0.336511 0.108965 -0.0402847 0.993229 -0.463117 0 0 0 1 
2318808360104;0.557659;0.384232;0.997829 -0.0470786 0.0460516 -0.402968 0.0480984 0.998616 -0.0212923 -0.137486 -0.0449855 0.0234611 0.998712 -0.212878 0 0 0 1 
2318808360105;0.460355;0.4112;0.999811 -0.0160856 0.0109089 -0.0248942 0.0160851 0.999871 0.000134677 -0.0501651 -0.0109097 4.08205e-05 0.99994 -0.113099 0 0 0 1 
2318808360106;0.53681;0.0970431;0.953381 -0.0463731 -0.298185 1.15175 0.0381504 0.998716 -0.0333406 0.542844 0.299348 0.0204104 0.953926 -1.16769 0 0 0 1 
2318808360107;0.116161;0.00979749;0.99389 -0.017579 0.108964 -0.054989 0.0276702 0.995393 -0.0918023 -0.0495951 -0.106848 0.0942565 0.989798 0.650192 0 0 0 1 
2318808360108;0.426496;0.0859511;0.986711 0.162483 -0.000185523 0.677977 -0.162394 0.986133 -0.0342092 0.698117 -0.00537546 0.0337848 0.999415 -0.641155 0 0 0 1 
2318808360109;0.361092;0.00598311;0.990232 0.13862 0.0149825 -0.817853 -0.13789 0.989558 -0.0419737 1.06403 -0.0206444 0.0394978 0.999006 -0.0985582 0 0 0 1 
2318808360110;0.188673;0.00736509;0.989395 -0.0325472 -0.141555 0.460407 0.0209785 0.996373 -0.0824632 0.164492 0.143726 0.0786191 0.98649 -0.831904 0 0 0 1 
2318808360111;0.302097;0.0929759;0.991274 0.0767328 -0.107179 -0.351042 -0.0582872 0.98445 0.165714 0.118242 0.118228 -0.158021 0.980332 -0.490779 0 0 0 1 
2318808360112;0.226828;0.198537;0.999554 -0.0263147 -0.0141501 0.0709955 0.0263743 0.999644 0.00404021 -0.140833 0.0140387 -0.0044116 0.999892 -0.0525164 0 0 0 1 
2318808360113;0.311079;0.291935;0.999525 -0.0117846 -0.0284828 0.0121209 0.0117662 0.99993 -0.000813208 -0.0320514 0.0284904 0.000477689 0.999594 -0.0908207 0 0 0 1 
2318808360114;0.267587;0.00758003;0.990864 -0.0501139 0.125209 -0.0414918 0.0492535 0.998737 0.00996016 0.0761509 -0.12555 -0.00370217 0.99208 1.18803 0 0 0 1 
2318808360115;0.283003;0.255336;0.999739 -0.0176394 0.0144992 -0.116197 0.0173533 0.999657 0.0196268 -0.0826443 -0.0148404 -0.01937 0.999702 0.156969 0 0 0 1 
2318808360116;0.15967;0.00534128;1 0.000233975 0.00053932 0.226292 -0.000235004 0.999998 0.00190962 0.0109346 -0.000538872 -0.00190975 0.999998 -0.337917 0 0 0 1 
2318808360117;0.274094;0.0559481;0.979038 0.128276 -0.158212 0.477949 -0.150411 0.979094 -0.136933 1.03082 0.137339 0.157859 0.977864 -0.825617 0 0 0 1 
2318808360118;0.309171;0.00658374;0.995958 -0.0615288 0.0654332 0.205974 0.0682561 0.992009 -0.106109 -0.0460415 -0.0583816 0.110146 0.992199 0.94931 0 0 0 1 
2318808360119;0.136528;0.0105868;0.999489 0.00511332 -0.0315687 0.0315292 0.000674761 0.983543 0.180672 -0.202132 0.031973 -0.180601 0.983037 0.0948107 0 0 0 1 
2318808360120;0.394337;0.0462712;0.974371 -0.224778 0.00872999 0.262527 0.224867 0.974327 -0.0110604 -1.07786 -0.00601972 0.01274 0.999901 -0.754817 0 0 0 1 
2318808360121;0.407083;0.366523;0.999556 -0.0162691 0.0249715 -0.105369 0.016341 0.999863 -0.00267549 -0.107422 -0.0249245 0.00308236 0.999685 -0.0296964 0 0 0 1 
2318808360122;0.325576;0.0166823;0.962286 0.0171746 -0.271499 0.868433 -0.00262863 0.998546 0.0538495 -0.0753399 0.272029 -0.0511049 0.960931 -0.975337 0 0 0 1 
2318808360124;0.330187;0.0184472;0.955073 -0.158118 0.250666 1.59861 0.112034 0.975649 0.188565 -1.08336 -0.274378 -0.152011 0.949531 3.33815 0 0 0 1 
2318808360125;0.152771;0.00836838;0.989318 -0.145746 -0.00294662 1.51108 0.145773 0.98921 0.0146114 -1.18936 0.00078527 -0.0148849 0.999889 0.235333 0 0 0 1 
2318808360126;0.0910746;0.0102302;0.997956 0.00853544 -0.0633391 -0.127036 -0.0104774 0.999483 -0.0303915 0.202646 0.0630469 0.030993 0.997529 -0.817271 0 0 0 1 
2318808360127;0.146509;0.0115742;0.993386 -0.104704 0.0471244 1.01592 0.102729 0.993799 0.0425537 -0.783773 -0.0512877 -0.0374313 0.997982 0.952267 0 0 0 1 
2318808360128;0.288596;0.0264357;0.943763 0.12936 -0.304267 -0.458223 -0.155672 0.985749 -0.0637634 1.39573 0.291682 0.107543 0.95045 -3.24025 0 0 0 1 
2318808360129;0.489639;0.388072;0.995794 -0.0535901 -0.0743097 0.81949 0.0421629 0.988146 -0.147615 -0.0487699 0.0813395 0.143861 0.986249 -1.92126 0 0 0 1 
2318808360130;0.532869;0.340091;0.997677 -0.0230337 0.0641056 -0.193857 0.0200288 0.998688 0.0471286 -0.284947 -0.065107 -0.0457351 0.99683 1.15738 0 0 0 1 
2318808360131;0.255773;0.0108666;0.998338 -0.0114882 0.05648 -0.0670685 0.00622937 0.995701 0.0924189 -0.163406 -0.0572989 -0.0919134 0.994117 0.862995 0 0 0 1 
2318808360132;0.368015;0.338653;0.999287 0.0260022 0.0273854 -0.352423 -0.0252428 0.999297 -0.0277195 0.230246 -0.028087 0.0270084 0.999241 -0.053697 0 0 0 1 
2318808360133;0.203483;0.146883;0.999651 0.0148595 -0.0218342 -0.127833 -0.0140184 0.999172 0.0381831 -0.0260675 0.0223836 -0.0378637 0.999032 0.0999782 0 0 0 1 
2318808360134;0.215895;0.00875809;0.997146 -0.0193807 -0.0729738 0.603788 0.0166291 0.999135 -0.038127 -0.219294 0.0736496 0.0368047 0.996605 -0.733528 0 0 0 1 
2318808360135;0.357096;0.0204086;0.956618 0.0906936 -0.27687 -0.081789 -0.0967251 0.995278 -0.00817583 1.07974 0.274821 0.0346014 0.960872 -2.1267 0 0 0 1 
2318808360136;0.39267;0.00923008;0.990596 -0.089281 0.103677 0.884538 0.103322 0.984875 -0.139085 -0.0421939 -0.0896913 0.14849 0.984838 -0.252517 0 0 0 1 
2318808360137;0.205186;0.00818094;0.980859 -0.0170752 -0.193969 0.717229 0.0228242 0.999363 0.0274429 -0.21258 0.193376 -0.0313448 0.980624 -1.1905 0 0 0 1 
2318808360138;0.524941;0.0239074;0.985564 -0.161759 0.0499733 1.34679 0.161513 0.98683 0.00895527 -1.37267 -0.0507638 -0.000754649 0.99871 -0.560061 0 0 0 1 
2318808360139;0.224459;0.0114794;0.991552 0.121081 -0.0465225 -1.11608 -0.128603 0.964453 -0.230848 1.73738 0.0169174 0.234881 0.971877 -2.40601 0 0 0 1 
2318808360140;0.242736;0.0116278;0.992277 0.0662842 0.104842 -0.775882 -0.0564071 0.993923 -0.0945223 0.742134 -0.110471 0.0878784 0.989987 -0.408362 0 0 0 1 
2318808360141;0.27546;0.223492;0.999194 0.0303713 0.0262423 -0.302416 -0.0300562 0.999472 -0.0123224 0.25942 -0.0266027 0.0115237 0.99958 -0.0109265 0 0 0 1 
2318808360142;0.19755;0.0165532;0.99392 -0.0996046 0.0469252 0.88779 0.099392 0.995025 0.0068478 -0.567375 -0.0473738 -0.00214218 0.998875 0.0845444 0 0 0 1 
2318808360143;0.359468;0.0130763;0.970881 -0.074261 -0.227762 1.1075 0.0791278 0.996789 0.0122985 -0.668857 0.226117 -0.0299627 0.973639 -0.809243 0 0 0 1 
2318808360144;0.260225;0.0200904;0.983026 -0.177102 0.0479014 1.60189 0.181759 0.975636 -0.122876 -0.939654 -0.0249728 0.129496 0.991265 -1.36372 0 0 0 1 
2318808360145;0.465801;0.0767938;0.938139 -0.20725 0.277386 2.21972 0.213169 0.976974 0.0089962 -1.44164 -0.272864 0.0506905 0.960716 2.24056 0 0 0 1 
2318808360146;0.208847;0.136332;0.994763 -0.101957 -0.00712129 0.949149 0.100502 0.988475 -0.11321 -0.452895 0.0185818 0.111902 0.993546 -1.19701 0 0 0 1 
2318808360147;0.522631;0.0111109;0.948579 0.25861 0.182535 -2.72688 -0.228456 0.95847 -0.170715 2.51732 -0.219103 0.120235 0.968265 -0.243038 0 0 0 1 
2318808360148;0.348601;0.210145;0.996023 0.0650223 0.0609041 -0.722831 -0.0681094 0.996421 0.0500612 0.368609 -0.0574311 -0.0540103 0.996887 1.23117 0 0 0 1 
2318808360149;0.220362;0.0123587;0.985117 0.16881 -0.0323786 -1.5922 -0.169769 0.985039 -0.0295928 1.518 0.0268987 0.0346492 0.999037 -0.865713 0 0 0 1 
2318808360150;0.310305;0.0120276;0.997365 0.0647224 0.0327709 -0.95901 -0.0663881 0.996407 0.0525848 0.537559 -0.0292497 -0.0546218 0.998079 0.226166 0 0 0 1 
2318808360151;0.0639999;0.0191359;0.999086 0.0269282 -0.0332017 -0.217888 -0.0257355 0.999026 0.0358408 0.151931 0.0341345 -0.0349535 0.998806 0.136387 0 0 0 1 
2318808360152;0.508923;0.306957;0.998836 0.0470425 -0.0106714 -0.214883 -0.0472612 0.998656 -0.0212712 0.344028 0.00965637 0.0217507 0.999717 0.221654 0 0 0 1 
2318808360153;0.520442;0.285117;0.998869 0.0471264 -0.00635555 -0.527496 -0.0472308 0.998732 -0.0174295 0.267562 0.0055261 0.01771 0.999828 0.386677 0 0 0 1 
2318808360155;0.242296;0.216441;0.999584 0.00664092 0.0280677 0.193101 -0.00510008 0.998494 -0.0546169 -0.0315131 -0.0283881 0.054451 0.998113 -0.290329 0 0 0 1 
2318808360156;0.545461;0.0221051;0.961055 -0.237679 0.141001 2.43499 0.222769 0.968218 0.113699 -1.93292 -0.163544 -0.0778608 0.983459 1.10275 0 0 0 1 
2318808360157;0.417219;0.266921;0.980519 -0.162102 -0.110933 1.53594 0.14297 0.976238 -0.162843 -0.469281 0.134694 0.143811 0.980396 -2.03836 0 0 0 1 
2318808360158;0.428586;0.343152;0.988496 0.0330865 -0.147584 0.0250203 -0.041847 0.997516 -0.0566548 0.30558 0.145343 0.062179 0.987426 -1.25297 0 0 0 1 
2318808360159;0.360686;0.087168;0.969359 -0.130481 0.208128 1.34866 0.18408 0.946867 -0.263737 -0.440401 -0.162657 0.293968 0.941873 -1.48689 0 0 0 1 
2318808360160;0.334724;0.0115951;0.928537 0.0572878 0.366794 -0.546301 -0.0321689 0.996722 -0.0742378 0.362132 -0.369844 0.0571332 0.927336 2.30096 0 0 0 1 
2318808360161;0.319806;0.287838;0.99939 0.026753 0.0224444 -0.350628 -0.0272927 0.999337 0.0240947 -0.0222181 -0.0217849 -0.0246926 0.999458 0.293784 0 0 0 1 
2318808360162;0.00881013;0.0112183;0.999993 0.000711524 0.00361348 -0.0129069 -0.000711863 1 9.25491e-05 -0.0110124 -0.00361341 -9.51208e-05 0.999993 0.0319877 0 0 0 1 
2318808360163;0.15049;0.00683583;0.995662 0.0930302 -0.00126947 -0.914013 -0.0930373 0.995633 -0.00770543 0.53613 0.000547087 0.00779012 0.99997 0.0761978 0 0 0 1 
2318808360164;0.34564;0.332079;0.999707 0.0175799 0.0166607 -0.220941 -0.0173836 0.999779 -0.0118525 0.12797 -0.0168654 0.0115594 0.999791 0.0258335 0 0 0 1 
2318808360165;0.629483;0.0233477;0.934197 -0.153755 0.321925 0.8956 0.192771 0.976841 -0.0928528 -1.71868 -0.300193 0.148801 0.942201 0.470595 0 0 0 1 
2318808360166;0.356263;0.00798016;0.997234 0.0657394 -0.0346899 -0.135257 -0.0679165 0.995516 -0.0658385 0.313318 0.0302062 0.0680124 0.997227 -0.379216 0 0 0 1 
2318808360167;0.348773;0.0552013;0.984247 -0.0434557 0.171374 0.274743 0.100296 0.935494 -0.33881 0.326274 -0.145596 0.350661 0.925115 -2.034 0 0 0 1 
2318808360168;0.491205;0.0183415;0.968254 -0.112554 -0.223195 1.1071 0.141736 0.982687 0.119318 -0.694418 0.205902 -0.147165 0.967444 0.619893 0 0 0 1 
2318808360169;0.364685;0.0170824;0.99976 -0.0171644 -0.0136087 0.310127 0.0168851 0.99965 -0.020381 0.312059 0.0139538 0.0201463 0.9997 -0.868359 0 0 0 1 
2318808360170;0.293853;0.0158062;0.999255 0.0274942 0.0270779 -0.471897 -0.0274129 0.999619 -0.00336895 0.102448 -0.0271602 0.00262416 0.999628 -0.374272 0 0 0 1 
2318808360171;0.404455;0.0148658;0.994963 0.0564148 0.0828567 -0.985726 -0.0749029 0.967744 0.240542 0.0811466 -0.0666139 -0.245537 0.967096 2.55794 0 0 0 1 
2318808360172;0.214721;0.01564;0.989982 -0.0271946 0.138551 0.211419 0.0137692 0.995194 0.0969503 -0.148312 -0.140522 -0.0940713 0.985598 2.29448 0 0 0 1 
2318808360173;0.439959;0.322;0.999062 -0.0321252 -0.029053 0.491514 0.0283585 0.99214 -0.121873 0.123907 0.0327399 0.120935 0.99212 -1.36537 0 0 0 1 
2318808360174;0.284722;0.165026;0.996346 -0.0451345 0.0725086 0.419966 0.0522107 0.99373 -0.0988625 -0.390853 -0.0675919 0.102287 0.992456 -0.519553 0 0 0 1 
2318808360175;0.207536;0.0142535;0.997628 -0.0493454 -0.0479865 0.47366 0.0477326 0.998275 -0.0341949 -0.699914 0.049591 0.0318233 0.998262 -0.787351 0 0 0 1 
2318808360176;0.417626;0.341089;0.999826 -0.010987 0.0151016 -0.118404 0.0106345 0.999674 0.023232 -0.0756449 -0.0153519 -0.0230674 0.999616 0.18748 0 0 0 1 
2318808360177;0.414555;0.0117985;0.955065 -0.0589168 -0.290483 1.52158 0.024822 0.992501 -0.119691 0.190809 0.295356 0.107103 0.949365 -2.6748 0 0 0 1 
2318808360178;0.192544;0.0170088;0.994958 -0.0993585 0.0136551 0.887398 0.0992915 0.995043 0.00550338 -0.649519 -0.0141342 -0.0041198 0.999892 -0.196384 0 0 0 1 
2318808360179;0.369856;0.211909;0.997784 0.0638073 0.0188464 -0.591522 -0.0626954 0.996536 -0.0546408 0.527502 -0.0222676 0.0533381 0.998328 0.0623244 0 0 0 1 
2318808360180;0.269585;0.0230764;0.999868 0.00854829 0.0138512 -0.0890716 -0.00866707 0.999926 0.00853835 0.0859683 -0.0137772 -0.00865727 0.999868 0.713328 0 0 0 1 
2318808360181;0.159003;0.0156947;0.998985 -0.0443763 -0.00779055 0.274983 0.0444497 0.998966 0.00950411 -0.346168 0.00736074 -0.00984074 0.999924 0.296376 0 0 0 1 
2318808360182;0.250033;0.18917;0.999924 0.00383751 0.0116954 -0.17116 -0.00408161 0.999773 0.0209188 -0.0719095 -0.0116125 -0.020965 0.999713 0.24341 0 0 0 1 
2318808360183;0.583654;0.427655;0.996095 -0.08371 0.028052 0.555604 0.0814172 0.993871 0.0747769 -1.06436 -0.0341396 -0.072201 0.996806 0.251076 0 0 0 1 
2318808360184;0.254669;0.0146977;0.988309 0.150937 -0.0215389 -1.14467 -0.150443 0.988351 0.0229974 1.27299 0.0247592 -0.0194882 0.999503 0.384311 0 0 0 1 
2318808360186;0.32371;0.328342;0.999501 -0.0192151 -0.0250568 -0.288141 0.0189434 0.99976 -0.0110365 -0.032872 0.0252629 0.0105563 0.999625 0.0492541 0 0 0 1 
2318808360187;0.391738;0.341422;0.993003 -0.101391 -0.0605408 0.453439 0.105049 0.992615 0.0606565 -0.640177 0.0539438 -0.0665918 0.996321 -0.0459855 0 0 0 1 
2318808360188;0.250929;0.197561;0.997903 -0.0627832 0.0157682 0.284447 0.061863 0.996661 0.0532941 -0.456968 -0.0190615 -0.0522068 0.998454 0.254498 0 0 0 1 
2318808360189;0.35413;0.135078;0.968059 0.161538 -0.191747 -0.02141 -0.136354 0.980995 0.138043 1.00672 0.210402 -0.107488 0.971688 -0.537718 0 0 0 1 
2318808360190;0.38404;0.00724888;0.971378 0.0918109 0.219079 -0.594373 -0.0821228 0.995215 -0.0529457 0.599048 -0.222892 0.0334389 0.97427 0.474197 0 0 0 1 
2318808360191;0.142007;0.00994715;0.993594 -0.0629736 0.0938345 0.294811 0.0599025 0.997583 0.0351975 -0.367201 -0.0958243 -0.0293511 0.994965 0.428151 0 0 0 1 
2318808360192;0.308225;0.00637198;0.997718 -0.0464449 0.0490129 -0.5975 0.0480425 0.998335 -0.0319365 -0.180885 -0.047448 0.0342183 0.998287 0.187693 0 0 0 1 
2318808360193;0.19468;0.0107376;0.987509 0.0891191 -0.129938 -0.142289 -0.0791853 0.993667 0.0797192 0.680794 0.13622 -0.0684342 0.988312 -0.682282 0 0 0 1 
2318808360194;0.35362;0.00725863;0.99468 -0.0334402 0.0974313 -0.186401 0.0314509 0.999266 0.021882 -0.834328 -0.0980915 -0.0187013 0.995002 0.204294 0 0 0 1 
2318808360195;0.220312;0.008754;0.994491 -0.104128 0.0120044 0.326707 0.101719 0.986384 0.129224 -0.598563 -0.0252967 -0.127291 0.991543 0.107684 0 0 0 1 
2318808360196;0.321597;0.00805503;0.995058 0.0477315 0.087069 -0.477623 -0.0425664 0.997276 -0.0602446 0.654765 -0.0897073 0.0562406 0.994379 0.905316 0 0 0 1 
2318808360197;0.117422;0.00844612;0.999788 -0.00681726 0.0194435 0.168187 0.00623518 0.999535 0.029842 -0.0544675 -0.0196379 -0.0297144 0.999366 0.395344 0 0 0 1 
2318808360198;0.145591;0.0116156;0.9963 -0.0701075 -0.0497111 0.110983 0.0698673 0.997535 -0.00655567 -0.444358 0.0500481 0.00305824 0.998742 -0.550539 0 0 0 1 
2318808360199;0.334769;0.00786292;0.999999 -0.00091084 -0.000853751 -0.235562 0.00090777 0.999993 -0.00358927 -0.00383818 0.000857014 0.00358849 0.999993 0.709612 0 0 0 1 
2318808360200;0.307694;0.14616;0.993137 0.109436 -0.0412743 -0.211082 -0.108752 0.993897 0.0184824 0.91399 0.0430451 -0.0138669 0.998977 -0.0387653 0 0 0 1 
2318808360201;0.28708;0.0124786;0.994795 -0.101538 0.00852035 0.827132 0.101584 0.994814 -0.00514906 -0.485748 -0.00795334 0.00598779 0.99995 0.341436 0 0 0 1 
2318808360202;0.140274;0.0101725;0.990727 0.135793 -0.0044834 -0.279949 -0.135853 0.990562 -0.0182009 0.897986 0.00196954 0.0186412 0.999824 0.0834698 0 0 0 1 
2318808360203;0.354364;0.00893943;0.994072 0.0935779 -0.05536 -0.236029 -0.0827523 0.981434 0.173028 -0.200865 0.0705238 -0.167421 0.98336 0.57908 0 0 0 1 
2318808360204;0.41534;0.361698;0.997979 -0.0186414 0.0607435 -0.0217076 0.0186752 0.999826 9.84275e-06 -0.0914707 -0.0607331 0.00112458 0.998153 0.28471 0 0 0 1 
2318808360205;0.260883;0.00467454;0.989211 -0.131954 -0.0636377 0.311258 0.128889 0.990393 -0.0500913 -1.07441 0.0696361 0.0413486 0.996715 -0.218958 0 0 0 1 
2318808360206;0.381649;0.272303;0.989646 -0.0908389 0.111129 0.2086 0.0986059 0.992902 -0.0665066 -0.349749 -0.104299 0.0767759 0.991578 0.306109 0 0 0 1 
2318808360207;0.376035;0.0736839;0.941005 0.216972 0.259677 -0.757489 -0.202027 0.975834 -0.08326 1.43881 -0.271467 0.0258863 0.9621 1.63008 0 0 0 1 
2318808360208;0.370049;0.0104029;0.993926 0.0103337 0.109564 -0.387539 -0.0209274 0.995163 0.0959863 -0.0153425 -0.108042 -0.0976962 0.989334 1.66973 0 0 0 1 
2318808360209;0.193142;0.0103741;0.973771 0.200857 -0.106891 -0.216952 -0.199829 0.979619 0.0203574 1.17761 0.108802 0.00153652 0.994062 -0.58666 0 0 0 1 
2318808360210;0.416709;0.248147;0.972834 -0.227395 0.0434236 0.887372 0.21595 0.958959 0.183746 -1.34003 -0.0834242 -0.169377 0.982014 1.02918 0 0 0 1 
2318808360211;0.229662;0.0149099;0.981924 -0.180799 -0.056015 0.716169 0.188423 0.961794 0.198619 -1.30008 0.0179648 -0.205583 0.978475 0.468741 0 0 0 1 
2318808360212;0.235303;0.18813;0.997391 0.0705877 0.0151515 -0.293113 -0.070433 0.997461 -0.0105119 0.414625 -0.0158551 0.00941728 0.99983 0.0338082 0 0 0 1 
2318808360213;0.418371;0.0327412;0.974419 0.224171 0.0159507 -0.839689 -0.224352 0.97445 0.0106582 1.30533 -0.0131539 -0.0139641 0.999816 0.889656 0 0 0 1 
2318808360214;0.104638;0.0105251;0.993496 0.113868 -0.000582084 -0.257615 -0.11374 0.992595 0.0426396 0.56828 0.00543306 -0.0422961 0.99909 -0.00806749 0 0 0 1 
2318808360215;0.379457;0.344368;0.999175 -0.00108132 -0.0405918 0.0360212 -6.88601e-05 0.999599 -0.0283232 0.110353 0.0406061 0.0283027 0.998774 -0.209948 0 0 0 1 
2318808360217;0.475077;0.120848;0.935091 0.182193 -0.30399 -0.194598 -0.218613 0.971641 -0.0901244 1.59833 0.278949 0.150731 0.948403 -2.23436 0 0 0 1 
2318808360218;0.538469;0.0871819;0.959644 -0.273651 -0.0647977 2.23881 0.279829 0.952082 0.123433 -1.47014 0.0279153 -0.136584 0.990235 1.40743 0 0 0 1 
2318808360219;0.26223;0.00813959;0.979212 -0.0606779 -0.193552 0.464813 0.0698151 0.996728 0.0407356 -0.184545 0.190447 -0.0534017 0.980244 -1.12507 0 0 0 1 
2318808360220;0.178884;0.0161943;0.994048 0.0747331 0.0792704 -0.596683 -0.0651091 0.990909 -0.117726 0.69391 -0.0873478 0.111864 0.989877 0.0869982 0 0 0 1 
2318808360221;0.32248;0.325099;0.999727 -0.0157837 0.0172362 0.15177 0.0156414 0.999843 0.00835857 -0.123537 -0.0173654 -0.00808669 0.999817 0.173206 0 0 0 1 
2318808360222;0.547442;0.421361;0.999785 0.0108889 -0.0176315 -0.114486 -0.0118835 0.998285 -0.057328 0.0434154 0.016977 0.0575252 0.9982 -0.0699584 0 0 0 1 
2318808360223;0.279763;0.234875;0.999588 0.0244505 0.0150652 -0.182099 -0.024573 0.999666 0.00800082 0.107137 -0.0148645 -0.00836772 0.999855 0.0106147 0 0 0 1 
2318808360224;0.19078;0.0136136;0.987309 -0.154403 0.0371522 0.863102 0.156944 0.98439 -0.0796549 -0.61826 -0.0242733 0.0844749 0.99613 -0.472181 0 0 0 1 
2318808360225;0.382191;0.330463;0.998817 0.043423 0.0218889 -0.284146 -0.0431313 0.998976 -0.0136254 0.253146 -0.0224582 0.0126652 0.999668 -0.00344078 0 0 0 1 
2318808360226;0.232462;0.00997288;0.980124 -0.197958 -0.0129995 1.20821 0.197494 0.967423 0.158392 -1.03596 -0.018779 -0.157811 0.987291 1.27556 0 0 0 1 
2318808360227;0.121258;0.00672009;0.999985 0.00115683 0.00540431 -0.0155582 -0.00117607 0.999993 0.00355875 0.0216882 -0.00540016 -0.00356505 0.999979 -0.174667 0 0 0 1 
2318808360228;0.342472;0.331054;0.999886 0.01319 0.00734564 -0.137931 -0.0130685 0.999781 -0.0163526 0.104497 -0.00755972 0.0162547 0.999839 -0.0465887 0 0 0 1 
2318808360229;0.411101;0.012964;0.982612 0.000793079 0.185667 -0.492343 0.0216451 0.992683 -0.118793 -0.0145361 -0.184403 0.120746 0.975405 1.06941 0 0 0 1 
2318808360230;0.270984;0.021425;0.946848 -0.320643 -0.0258296 2.2456 0.318682 0.94593 -0.0604853 -1.59173 0.0438272 0.049039 0.997835 -0.662204 0 0 0 1 
2318808360231;0.448163;0.252241;0.999771 -0.00748525 0.0200515 -0.414187 0.00981752 0.992862 -0.118866 -0.017667 -0.0190186 0.119036 0.992708 -0.708408 0 0 0 1 
2318808360232;0.480703;0.0109747;0.993511 -0.106027 -0.0411628 0.892483 0.103757 0.993144 -0.053849 -0.371791 0.0465901 0.0492287 0.9977 -1.4323 0 0 0 1 
2318808360233;0.538633;0.26002;0.993438 0.103468 0.0487306 -0.794264 -0.0925739 0.977677 -0.188619 1.21578 -0.0671587 0.18287 0.980841 -0.790914 0 0 0 1 
2318808360234;0.46577;0.0102869;0.998077 -0.0570744 0.0241936 0.33757 0.0571829 0.998356 -0.00381598 0.54825 -0.0239361 0.0051921 0.9997 0.266628 0 0 0 1 
2318808360235;0.501727;0.0132744;0.998526 0.0356905 -0.0408954 -0.158839 -0.035032 0.999247 0.0167073 0.19975 0.0414609 -0.01525 0.999024 -1.13494 0 0 0 1 
2318808360236;0.219286;0.0110012;0.975138 0.188514 -0.116486 -0.795965 -0.189848 0.981813 -0.000357487 1.38172 0.1143 0.0224632 0.993192 -1.07281 0 0 0 1 
2318808360237;0.1427;0.0138996;0.99798 -0.0628782 -0.00912007 0.246655 0.0622782 0.996512 -0.0555453 -0.253538 0.0125808 0.0548651 0.998415 -0.589234 0 0 0 1 
2318808360238;0.478527;0.361011;0.994228 -0.0392594 -0.0998511 0.37502 0.0341414 0.998039 -0.05246 -0.0939874 0.101715 0.0487482 0.993618 -1.06543 0 0 0 1 
2318808360239;0.07712;0.0164007;0.998864 0.0227335 -0.0418866 -0.130332 -0.0241339 0.999156 -0.0332355 0.207515 0.0410957 0.0342086 0.998569 -0.584741 0 0 0 1 
2318808360240;0.277432;0.00889898;0.965925 0.0370093 0.256164 -0.384733 -0.0658901 0.992277 0.105094 0.231112 -0.250296 -0.118392 0.960903 2.48684 0 0 0 1 
2318808360241;0.414755;0.0373215;0.918014 0.183062 -0.351765 0.00204228 -0.148029 0.981143 0.124281 0.870033 0.367883 -0.0620197 0.927801 -1.82612 0 0 0 1 
2318808360242;0.207147;0.0151691;0.987484 -0.15652 -0.0194123 1.08773 0.156812 0.987522 0.0145223 -1.20996 0.0168971 -0.0173847 0.999706 0.0773362 0 0 0 1 
2318808360243;0.526989;0.500177;0.999929 -0.011751 0.00170815 0.0485964 0.0116788 0.999231 0.0374431 -0.174272 -0.00214683 -0.0374205 0.999297 0.152935 0 0 0 1 
2318808360244;0.293823;0.0116517;0.99645 0.0667045 0.0513621 -0.385865 -0.0714639 0.992695 0.097213 0.386614 -0.0445024 -0.100538 0.993937 1.40052 0 0 0 1 
2318808360245;0.161157;0.0119555;0.999103 -0.0415393 0.00819968 0.227224 0.0417891 0.998578 -0.0331019 -0.325016 -0.00681299 0.0334149 0.999418 -0.411201 0 0 0 1 
2318808360246;0.48133;0.0147706;0.948663 -0.00699073 0.316211 0.0469487 -0.0521341 0.982625 0.178131 -0.23458 -0.311962 -0.185472 0.931815 2.57551 0 0 0 1 
2318808360248;0.277285;0.00892522;0.999845 -0.0141702 -0.0104625 0.0475306 0.0145426 0.999231 0.0364184 0.2623 0.00993843 -0.0365649 0.999282 0.557123 0 0 0 1 
2318808360249;0.346523;0.118485;0.964731 0.234885 0.118842 -0.0660855 -0.246954 0.963893 0.0996236 1.03091 -0.0911506 -0.125458 0.987903 0.736999 0 0 0 1 
2318808360250;0.347649;0.0157662;0.963894 -0.187377 0.189202 0.0358168 0.195738 0.980302 -0.0263461 -1.59325 -0.180539 0.062429 0.981585 1.21345 0 0 0 1 
2318808360251;0.136295;0.0107824;0.996819 0.0329602 -0.0725604 0.0521643 -0.0220559 0.989002 0.14625 -0.0508615 0.0765828 -0.144184 0.986583 -0.527083 0 0 0 1 
2318808360252;0.263745;0.232946;0.999435 -0.0317641 -0.0110058 0.0372147 0.0317722 0.999495 0.000560123 -0.217055 0.0109825 -0.000909485 0.999939 -0.0276062 0 0 0 1 
2318808360253;0.38952;0.257202;0.997956 -0.0612397 0.0182399 -0.337447 0.0614254 0.998064 -0.00979832 -0.320073 -0.0176046 0.0108987 0.999786 0.0594868 0 0 0 1 
2318808360254;0.304973;0.0098759;0.994181 -0.107686 0.00271253 0.664959 0.107554 0.993734 0.0304222 -0.451724 -0.00597157 -0.0299535 0.999533 -0.41977 0 0 0 1 
2318808360255;0.467336;0.260506;0.995372 -0.0865678 -0.0417222 0.0250609 0.084772 0.99547 -0.0430458 -0.461766 0.0452596 0.0393097 0.998202 0.371177 0 0 0 1 
2318808360256;0.501332;0.437767;0.999521 0.0309358 -0.0011325 -0.116129 -0.0308109 0.997698 0.060406 -0.00310895 0.0029986 -0.0603422 0.998173 0.0251519 0 0 0 1 
2318808360257;0.448145;0.239929;0.970733 0.207167 0.121486 0.257478 -0.207564 0.978175 -0.00951913 0.757798 -0.120806 -0.0159756 0.992548 0.556523 0 0 0 1 
