#;prob_registration_l1 -r /home/probabilistic_point_clouds_registration/build/tester /home/point_clouds_registration_benchmark//devel/registration_pairs/wood_autumn_local.txt /home/point_clouds_registration_benchmark//eth/wood_autumn -s 0.2 -t 0.2 -p 0.3 -r 1000 -m 1 -i 40 
id;initial_error;final_error;transformation
26875431820000;0.498992;0.529162;0.994933 0.0787378 -0.0625252 0.336757 -0.078979 0.996875 -0.00139244 0.473816 0.0622202 0.00632357 0.998042 -0.523302 0 0 0 1 
26875431820001;0.336145;0.115386;0.949261 0.208056 -0.235831 0.477197 -0.177312 0.973406 0.145053 0.612306 0.259739 -0.0958769 0.960908 -0.650526 0 0 0 1 
26875431820002;0.60541;0.280597;0.974992 0.17207 -0.140653 0.267327 -0.16296 0.983854 0.0739932 0.490978 0.151114 -0.049222 0.98729 -1.02737 0 0 0 1 
26875431820003;0.366204;0.0215006;0.993432 0.101883 -0.0520933 -0.148366 -0.0996228 0.994039 0.0442822 -0.112602 0.0562943 -0.0388016 0.99766 -0.532587 0 0 0 1 
26875431820004;0.698046;0.104145;0.968587 -0.24843 0.0110158 0.767409 0.247999 0.96827 0.030809 -1.05267 -0.0183201 -0.0271093 0.999465 0.45404 0 0 0 1 
26875431820005;0.325213;0.130036;0.95485 -0.188806 0.229375 -0.321511 0.197459 0.980194 -0.0151593 -0.574584 -0.22197 0.0597671 0.97322 0.828971 0 0 0 1 
26875431820006;0.554876;0.0190225;0.999996 -0.000855258 0.00275108 -0.252854 0.000859195 0.999999 -0.00143019 0.698596 -0.00274985 0.00143254 0.999995 0.570518 0 0 0 1 
26875431820007;0.383756;0.369681;0.998847 0.0177256 -0.044616 0.0592213 -0.0125433 0.993417 0.113863 0.0968977 0.0463406 -0.113172 0.992494 -0.00961419 0 0 0 1 
26875431820008;0.203498;0.0252385;0.96654 0.0512333 -0.251347 0.118204 -0.0293021 0.995489 0.090236 0.106455 0.254837 -0.0798517 0.963681 -0.979635 0 0 0 1 
26875431820009;0.180609;0.0308455;0.979062 -0.15486 -0.132118 0.104754 0.15125 0.987803 -0.0369965 -0.34487 0.136236 0.016239 0.990543 -0.385075 0 0 0 1 
26875431820010;0.462102;0.0631983;0.963156 -0.13605 -0.231994 0.667501 0.141607 0.989895 0.00739138 -0.689819 0.228645 -0.0399711 0.972689 -0.877003 0 0 0 1 
26875431820011;0.575398;0.323548;0.98363 0.0454746 0.174365 0.211031 -0.0550324 0.997213 0.050375 0.188463 -0.171589 -0.0591461 0.983392 1.10144 0 0 0 1 
26875431820012;0.688058;0.531939;0.994057 0.0685374 -0.0845736 0.385374 -0.0600003 0.993211 0.0996577 -0.098658 0.0908298 -0.0939911 0.991421 -0.352324 0 0 0 1 
26875431820013;0.421251;0.368382;0.999584 -0.028076 0.00665742 -0.0412459 0.0280894 0.999604 -0.00192274 -0.092753 -0.00660079 0.00210894 0.999976 -0.0999624 0 0 0 1 
26875431820014;0.330264;0.0548855;0.966888 -0.245497 0.069699 -0.416284 0.245785 0.969314 0.00454681 -0.89626 -0.0686764 0.0127347 0.997558 0.171147 0 0 0 1 
26875431820015;0.226693;0.199113;0.999849 0.0141135 0.0100951 -0.0275435 -0.0138578 0.999592 -0.0249667 0.113533 -0.0104434 0.024823 0.999637 0.0969441 0 0 0 1 
26875431820016;0.538469;0.302769;0.982225 -0.0179159 0.186849 0.568575 0.0121055 0.999408 0.0321915 0.368572 -0.187315 -0.0293574 0.981861 0.532801 0 0 0 1 
26875431820017;0.524419;0.0287191;0.983729 -0.156396 -0.0884179 -0.0162702 0.139836 0.975519 -0.169731 -0.400676 0.112799 0.154605 0.981516 0.555264 0 0 0 1 
26875431820018;0.579586;0.026323;0.979576 0.0391084 -0.197236 0.401715 -0.0615966 0.992109 -0.109203 -0.0459655 0.191409 0.119121 0.974255 0.351071 0 0 0 1 
26875431820019;0.351798;0.0271909;0.978856 0.0941864 -0.181573 0.26089 -0.0972004 0.995235 -0.00775299 0.598516 0.179978 0.0252381 0.983347 -0.951492 0 0 0 1 
26875431820020;0.0809749;0.0296561;0.994684 -0.102515 0.00971826 -0.0961235 0.102721 0.994425 -0.0238046 -0.302282 -0.00722377 0.0246763 0.999669 0.00756248 0 0 0 1 
26875431820021;0.644904;0.031751;0.947392 0.0877153 -0.307822 1.17 -0.00802628 0.967925 0.251112 0.0966987 0.319975 -0.235431 0.917708 -0.647752 0 0 0 1 
26875431820022;0.0317767;0.025779;0.999531 0.0282568 0.0118007 -0.0218718 -0.0281758 0.999579 -0.00697665 0.103307 -0.0119929 0.00664089 0.999906 0.064716 0 0 0 1 
26875431820023;0.284901;0.0278326;0.997492 -0.0707777 -0.00079732 0.373583 0.0707791 0.997279 0.020615 -0.299491 -0.000663934 -0.0206197 0.999787 -0.0390155 0 0 0 1 
26875431820024;0.398113;0.0256861;0.997268 0.00533587 -0.073678 0.350957 -0.00668002 0.999816 -0.0180092 0.459847 0.0735683 0.0184522 0.997119 -0.56795 0 0 0 1 
26875431820025;0.5828;0.287696;0.974753 -0.222538 -0.0182644 0.135137 0.222317 0.974883 -0.0133512 -0.961686 0.0207768 0.00895365 0.999744 0.589807 0 0 0 1 
26875431820026;0.630426;0.0271337;0.98086 0.194103 0.0154051 -0.277504 -0.194123 0.980977 -0.000191569 0.512411 -0.0151492 -0.00280258 0.999881 0.949936 0 0 0 1 
26875431820027;0.464713;0.0235584;0.994178 0.107658 0.00454011 0.229049 -0.107754 0.993207 0.0439284 0.476098 0.000219984 -0.0441618 0.999024 0.673723 0 0 0 1 
26875431820028;0.337162;0.024884;0.999944 -0.0106228 0.000166432 -0.442776 0.0106066 0.999067 0.0418623 -0.328806 -0.000610973 -0.0418581 0.999123 0.232558 0 0 0 1 
26875431820029;0.206492;0.0265151;0.999513 0.0108933 0.0292512 -0.315625 -0.00899987 0.997903 -0.0641004 -0.0795089 -0.0298881 0.0638059 0.997515 0.248405 0 0 0 1 
26875431820031;0.22611;0.011415;0.972292 0.0993184 0.211623 -0.176133 -0.121023 0.988361 0.0921779 0.374667 -0.200005 -0.115235 0.972995 0.900565 0 0 0 1 
26875431820032;0.537519;0.355662;0.981778 -0.125864 -0.142377 0.522595 0.125049 0.992042 -0.0146911 -0.558707 0.143093 -0.00338075 0.989704 -0.59566 0 0 0 1 
26875431820033;0.515263;0.0085949;0.996689 0.0281432 -0.076278 -0.0917801 -0.00683128 0.96385 0.266357 -0.756809 0.0810167 -0.264955 0.960851 -1.03247 0 0 0 1 
26875431820034;0.18246;0.00954839;0.994055 0.0143744 -0.107924 -0.183952 -0.0126719 0.999784 0.016444 0.035316 0.108137 -0.0149787 0.994023 -0.318693 0 0 0 1 
26875431820035;0.31218;0.120663;0.967663 0.124385 0.219448 0.0241023 -0.149488 0.983519 0.101704 0.25856 -0.203181 -0.13122 0.970309 1.18188 0 0 0 1 
26875431820036;0.352511;0.0923701;0.975958 -0.204033 0.0766645 -0.140071 0.216794 0.945047 -0.244717 -0.586632 -0.0225212 0.255454 0.966559 -0.0198984 0 0 0 1 
26875431820037;0.447509;0.0103144;0.996708 -0.0808941 -0.00544019 0.330378 0.0809257 0.996703 0.00587052 -0.808279 0.00494736 -0.00629145 0.999968 -0.789933 0 0 0 1 
26875431820038;0.350569;0.336549;0.999666 -0.0246212 -0.00783534 0.0311714 0.02437 0.999232 -0.0306794 -0.0776563 0.00858468 0.0304782 0.999499 -0.0232946 0 0 0 1 
26875431820039;0.337073;0.0279978;0.974119 -0.19994 0.105432 0.0342722 0.166565 0.950272 0.263133 -1.14649 -0.1528 -0.238762 0.958981 1.20496 0 0 0 1 
26875431820040;0.229197;0.0173913;0.983332 -0.179941 -0.02608 0.224225 0.169931 0.960543 -0.220182 -0.443098 0.0646707 0.21208 0.97511 -0.343641 0 0 0 1 
26875431820041;0.10838;0.0119487;0.997869 0.0651217 0.00412674 -0.0482035 -0.0651354 0.997871 0.00326997 0.186868 -0.00390501 -0.00353179 0.999986 0.183402 0 0 0 1 
26875431820042;0.455772;0.363955;0.98957 -0.121327 0.0776567 0.0930264 0.127858 0.988097 -0.0855358 -0.483847 -0.0663546 0.0945728 0.993304 0.633274 0 0 0 1 
26875431820043;0.274946;0.014132;0.979233 0.108664 0.171157 -0.160577 -0.130441 0.983973 0.121581 0.282726 -0.155202 -0.141382 0.977713 1.09963 0 0 0 1 
26875431820044;0.287192;0.0133155;0.999365 0.00236759 0.0355643 0.0715036 -0.00215509 0.99998 -0.0060123 0.578712 -0.0355778 0.00593184 0.999349 0.273453 0 0 0 1 
26875431820045;0.572084;0.0486075;0.987067 0.0638039 -0.147066 0.667999 -0.0120663 0.944352 0.328717 -0.745636 0.159856 -0.322691 0.932908 -1.20632 0 0 0 1 
26875431820046;0.148614;0.012465;0.997767 -0.0612611 -0.0266076 0.0449589 0.0654286 0.976542 0.205147 -0.573824 0.0134159 -0.20643 0.978369 0.0454338 0 0 0 1 
26875431820047;0.191966;0.0153558;0.989082 0.1472 0.00693513 -0.0631111 -0.144095 0.97593 -0.163697 0.890441 -0.0308644 0.160911 0.986486 0.294718 0 0 0 1 
26875431820048;0.552949;0.221731;0.976231 0.214718 0.0294931 -0.130882 -0.211648 0.973761 -0.0836362 1.19915 -0.0466775 0.075406 0.99606 -0.400411 0 0 0 1 
26875431820049;0.452544;0.164307;0.956632 0.252353 0.145512 -0.0782298 -0.244002 0.967028 -0.0729312 0.983712 -0.159119 0.0342629 0.986665 1.06857 0 0 0 1 
26875431820050;0.381287;0.0663671;0.97123 0.190193 0.143317 -0.113738 -0.196569 0.979981 0.0315922 0.555969 -0.134439 -0.0588549 0.989173 1.13652 0 0 0 1 
26875431820051;0.357531;0.0128591;0.971904 -0.0748282 -0.223165 0.733872 0.0672402 0.996877 -0.0414199 -0.121488 0.225568 0.0252505 0.9739 -0.625258 0 0 0 1 
26875431820052;0.469273;0.062201;0.972297 0.137513 -0.189021 0.40927 -0.182869 0.951167 -0.248677 1.70149 0.145594 0.276354 0.949964 -0.899534 0 0 0 1 
26875431820053;0.393672;0.0100008;0.9936 0.0283402 0.109345 0.698463 -0.0464233 0.984937 0.166562 -0.0466722 -0.102978 -0.170573 0.979949 0.537066 0 0 0 1 
26875431820054;0.384531;0.0368775;0.942209 0.202839 -0.266644 0.635698 -0.132919 0.956894 0.258238 0.302267 0.30753 -0.207872 0.928555 -1.28736 0 0 0 1 
26875431820055;0.28566;0.0122859;0.979699 -0.191169 -0.0603624 0.473903 0.193925 0.980046 0.0436288 -1.14066 0.0508174 -0.0544489 0.997223 0.113466 0 0 0 1 
26875431820056;0.596591;0.0660784;0.936235 -0.247942 0.248975 -0.102322 0.283962 0.951232 -0.120512 -1.15338 -0.206953 0.183527 0.960983 0.117965 0 0 0 1 
26875431820057;0.446113;0.302672;0.987855 -0.138233 0.070954 0.289319 0.140769 0.989523 -0.0320583 -0.720556 -0.0657791 0.0416571 0.996964 0.432054 0 0 0 1 
26875431820058;0.224686;0.0136769;0.999445 -0.0107967 -0.0315221 -0.0974282 0.0136589 0.995661 0.0920452 -0.223899 0.0303916 -0.0924247 0.995256 0.330228 0 0 0 1 
26875431820059;0.444316;0.0120509;0.954618 -0.172627 0.242703 -0.493891 0.174616 0.984545 0.0134613 -0.644053 -0.241276 0.0295295 0.970007 0.768592 0 0 0 1 
26875431820060;0.410765;0.0929977;0.993996 0.0392017 0.102156 0.322055 -0.0698466 0.945982 0.316607 -0.0575194 -0.0842258 -0.321841 0.94304 1.00272 0 0 0 1 
26875431820062;0.368904;0.0408484;0.965408 0.146439 0.215738 0.39537 -0.189454 0.962431 0.19451 0.31397 -0.179149 -0.228654 0.956882 0.314585 0 0 0 1 
26875431820063;0.231158;0.00617363;0.957211 -0.0737339 -0.279839 0.40874 0.113115 0.985396 0.12728 -0.609073 0.266367 -0.153488 0.951572 -1.10936 0 0 0 1 
26875431820064;0.204838;0.00979748;0.99767 -0.00696005 0.0678647 0.0690221 -0.00227867 0.990827 0.135115 0.278072 -0.0681826 -0.134955 0.988503 0.10458 0 0 0 1 
26875431820065;0.171053;0.00811455;0.998285 0.0536137 0.0235134 -0.0937861 -0.0527264 0.997929 -0.0368559 -0.0425511 -0.0254407 0.0355529 0.999044 0.0150812 0 0 0 1 
26875431820066;0.341828;0.107506;0.927953 0.362361 -0.0871638 0.610148 -0.362147 0.931931 0.0188153 1.6188 0.0880486 0.0141064 0.996016 -0.286988 0 0 0 1 
26875431820067;0.359104;0.00844361;0.999754 0.0105635 -0.0194989 -0.216244 -0.0105197 0.999942 0.00234938 0.364215 0.0195226 -0.00214369 0.999807 0.59311 0 0 0 1 
26875431820068;0.231956;0.00578033;0.999772 -0.0211343 0.00308426 0.0377833 0.0211173 0.999762 0.00544309 -0.115873 -0.00319856 -0.00537672 0.99998 0.512077 0 0 0 1 
26875431820069;0.168442;0.00753936;0.984171 -0.15511 0.0857222 0.0635768 0.158056 0.987013 -0.0286871 -0.771817 -0.0801593 0.0417819 0.995906 0.490301 0 0 0 1 
26875431820070;0.120851;0.0102459;0.987581 0.133903 -0.0821854 0.24924 -0.128999 0.989683 0.0623521 0.501566 0.0896866 -0.0509759 0.994665 -0.423334 0 0 0 1 
26875431820071;0.559761;0.056429;0.955653 -0.293957 0.0177699 0.902546 0.29377 0.955796 0.0123812 -1.20123 -0.0206239 -0.00661188 0.999765 0.424646 0 0 0 1 
26875431820072;0.11141;0.0111389;0.998616 -0.0524002 0.00449421 -0.156902 0.0525674 0.997132 -0.0544458 -0.30824 -0.00162835 0.0546067 0.998507 -0.00140333 0 0 0 1 
26875431820073;0.298534;0.0151283;0.9556 -0.294666 0.000582399 0.229807 0.294654 0.955575 0.00746886 -1.47053 -0.00275735 -0.00696563 0.999972 0.175163 0 0 0 1 
26875431820074;0.511902;0.0769119;0.9574 -0.206051 -0.202307 0.7075 0.160542 0.962151 -0.220211 -0.477176 0.240024 0.178351 0.954243 -1.49676 0 0 0 1 
26875431820075;0.368729;0.0150159;0.938967 -0.233437 0.252682 -0.198293 0.15571 0.943377 0.292907 -1.11962 -0.30675 -0.235684 0.922148 1.48075 0 0 0 1 
26875431820076;0.104083;0.0067839;0.999354 -0.0294259 -0.0206531 -0.0178709 0.0276703 0.996356 -0.0806755 0.0755357 0.0229518 0.0800518 0.996526 0.016608 0 0 0 1 
26875431820077;0.334061;0.00747776;0.958669 0.279871 -0.0512419 0.462351 -0.275691 0.958246 0.0758946 1.29351 0.070343 -0.0586308 0.995798 -0.787971 0 0 0 1 
26875431820078;0.46154;0.0101299;0.965037 0.26089 0.0252774 -0.234305 -0.253633 0.953798 -0.161059 1.57403 -0.0661282 0.149016 0.986621 -0.0920101 0 0 0 1 
26875431820079;0.388175;0.032608;0.893614 -0.209218 0.397093 -0.224003 0.135569 0.969208 0.205567 -0.899403 -0.427874 -0.129864 0.89446 1.65702 0 0 0 1 
26875431820080;0.446652;0.0084677;0.968809 0.247072 0.0190815 0.214585 -0.246533 0.968764 -0.0267819 1.23944 -0.0251025 0.0212424 0.999459 -0.681094 0 0 0 1 
26875431820081;0.390076;0.0649457;0.947365 0.320145 -0.00248994 0.452541 -0.311944 0.921289 -0.232201 1.73646 -0.0720441 0.220756 0.972665 0.652832 0 0 0 1 
26875431820082;0.269988;0.00558674;0.991785 0.125986 -0.0221186 -0.12595 -0.121229 0.980965 0.151695 0.084255 0.0408092 -0.147768 0.98818 -0.346633 0 0 0 1 
26875431820083;0.397996;0.0553369;0.936204 -0.278065 0.214947 0.430191 0.278551 0.959994 0.0286555 -1.29913 -0.214316 0.0330465 0.976205 1.34589 0 0 0 1 
26875431820084;0.431462;0.00839752;0.98472 0.0915438 -0.148141 0.394297 -0.135715 0.936469 -0.323431 0.975042 0.109121 0.338594 0.934584 0.451512 0 0 0 1 
26875431820085;0.0561572;0.0109307;0.999255 -0.0383518 0.00430222 -0.0981507 0.0383649 0.999259 -0.00299796 -0.134414 -0.00418406 0.00316078 0.999986 0.0696508 0 0 0 1 
26875431820086;0.263745;0.00910912;0.973914 0.222255 0.0457645 0.333703 -0.22402 0.973848 0.0378846 0.609223 -0.0361476 -0.0471485 0.998234 -0.0628796 0 0 0 1 
26875431820087;0.254275;0.00616201;0.972715 -0.0877568 -0.214768 0.310876 0.126768 0.976336 0.175207 -0.791545 0.19431 -0.197652 0.960821 -1.16922 0 0 0 1 
26875431820088;0.2679;0.0138863;0.966867 0.254862 -0.0145886 0.469372 -0.255195 0.966438 -0.029559 1.30954 0.0065655 0.0323026 0.999457 -0.267026 0 0 0 1 
26875431820089;0.093436;0.0102642;0.999309 0.0329362 -0.0172448 0.0659484 -0.0336753 0.998442 -0.044488 0.337049 0.0157527 0.045038 0.998861 0.0242506 0 0 0 1 
26875431820090;0.279476;0.00608112;0.999269 0.0377565 0.00604974 0.185925 -0.037592 0.998972 -0.025325 -0.252098 -0.0069997 0.025079 0.999661 0.442325 0 0 0 1 
26875431820091;0.394578;0.00899151;0.992991 0.1175 0.012766 0.23271 -0.117553 0.99306 0.00353879 0.508546 -0.0122616 -0.00501468 0.999912 -0.767069 0 0 0 1 
26875431820093;0.345934;0.0732808;0.955239 -0.255544 -0.149049 2.19835 0.251404 0.966774 -0.0463051 -0.885179 0.15593 0.00676089 0.987745 -0.423121 0 0 0 1 
26875431820094;0.529735;0.0346423;0.949533 0.247357 0.192877 -2.3411 -0.235387 0.968346 -0.083056 1.68498 -0.207316 0.0334637 0.977702 0.608694 0 0 0 1 
26875431820095;0.39088;0.014428;0.960966 -0.0134285 -0.27634 0.344581 0.00784683 0.999742 -0.0212946 -0.150779 0.276555 0.018295 0.960824 -0.832552 0 0 0 1 
26875431820096;0.29099;0.278403;0.99966 0.0171505 -0.0196643 -0.0839021 -0.0176878 0.999466 -0.0274798 0.142263 0.0191825 0.0278182 0.999429 -0.198692 0 0 0 1 
26875431820097;0.411668;0.044585;0.96319 0.266769 0.03317 -1.76007 -0.266534 0.963758 -0.0114054 2.24999 -0.0350104 0.00214467 0.999385 0.123888 0 0 0 1 
26875431820098;0.305728;0.0186619;0.964147 -0.200843 0.173443 0.978406 0.209564 0.977227 -0.0333313 -0.905308 -0.162799 0.0684837 0.98428 0.187524 0 0 0 1 
26875431820099;0.324227;0.327164;0.99993 -0.0102755 -0.0058163 0.122811 0.0103106 0.999929 0.00603052 0.00908145 0.00575391 -0.00609006 0.999965 0.0267806 0 0 0 1 
26875431820100;0.476247;0.0238541;0.972667 -0.231237 -0.0211793 1.92736 0.231582 0.972691 0.0155775 -0.50286 0.0169988 -0.0200564 0.999654 -0.574001 0 0 0 1 
26875431820101;0.325622;0.080438;0.971025 0.176936 0.160637 -1.31122 -0.129225 0.954189 -0.269861 1.32548 -0.201026 0.241283 0.949406 -0.556229 0 0 0 1 
26875431820102;0.315339;0.0589551;0.985229 0.17074 0.0131308 -0.925573 -0.166424 0.972742 -0.161482 1.02901 -0.0403444 0.156912 0.986788 -1.22926 0 0 0 1 
26875431820103;0.395286;0.0169793;0.996873 -0.0787627 0.00631618 0.323598 0.0788162 0.996851 -0.00871144 -0.316155 -0.00561015 0.00918202 0.999942 -0.789667 0 0 0 1 
26875431820104;0.491587;0.0215389;0.999038 0.0397918 0.0184547 0.416358 -0.0386265 0.997469 -0.059702 0.605968 -0.0207837 0.0589317 0.998046 -0.861695 0 0 0 1 
26875431820105;0.296198;0.0510676;0.992724 -0.0372597 0.1145 0.185703 0.0667554 0.961708 -0.265824 0.145317 -0.100211 0.271533 0.957198 -0.856313 0 0 0 1 
26875431820106;0.351999;0.0738811;0.967403 -0.243787 -0.0685602 1.62864 0.248383 0.96619 0.0691651 -1.40885 0.0493806 -0.0839397 0.995247 0.460056 0 0 0 1 
26875431820107;0.398745;0.313439;0.991916 0.107913 0.066757 -1.04999 -0.101368 0.990332 -0.0946943 0.89462 -0.0763303 0.0871618 0.993266 -0.0842709 0 0 0 1 
26875431820108;0.476963;0.0374242;0.965463 0.249853 0.0738617 -1.72544 -0.254614 0.964917 0.064077 2.25104 -0.0552606 -0.0806702 0.995208 1.06088 0 0 0 1 
26875431820109;0.419848;0.4033;0.999779 -0.00975143 -0.0186258 0.125935 0.00993496 0.999903 0.00978644 -0.0212581 0.0185286 -0.00996933 0.999779 0.0869139 0 0 0 1 
26875431820110;0.205033;0.0190277;0.996801 0.0136067 0.078757 0.0215437 -0.00736832 0.99685 -0.0789658 0.397347 -0.0795834 0.0781329 0.993761 -0.214665 0 0 0 1 
26875431820111;0.333895;0.0193638;0.986292 -0.164936 0.00487011 1.31151 0.165008 0.985936 -0.0264988 -0.588422 -0.00043101 0.0269392 0.999637 0.370559 0 0 0 1 
26875431820112;0.392948;0.407169;0.997203 -0.044268 -0.060213 0.530051 0.0456246 0.998731 0.0213443 -0.180837 0.0591917 -0.0240319 0.997957 0.0921293 0 0 0 1 
26875431820113;0.35267;0.0569085;0.960045 -0.130646 0.247477 0.67875 0.187571 0.956696 -0.222599 -0.225542 -0.207679 0.260124 0.942977 -0.642759 0 0 0 1 
26875431820114;0.433722;0.388618;0.99938 -0.0200466 0.0289312 0.170855 0.0203979 0.999721 -0.0119006 0.0521269 -0.0286846 0.0124833 0.999511 0.0560458 0 0 0 1 
26875431820115;0.334392;0.0425441;0.978578 -0.202603 0.0365727 1.78977 0.184265 0.94115 0.283343 -0.809863 -0.0918267 -0.270534 0.958321 2.21865 0 0 0 1 
26875431820116;0.39563;0.324257;0.999248 -0.0278126 0.027012 0.348389 0.0282307 0.999486 -0.01522 -0.101246 -0.0265748 0.0159711 0.999519 0.0949198 0 0 0 1 
26875431820117;0.505945;0.182254;0.991472 0.130281 0.00330906 -1.34252 -0.130041 0.990677 -0.0406128 0.372816 -0.00856928 0.0398361 0.999169 -0.426345 0 0 0 1 
26875431820118;0.542637;0.51559;0.9988 0.00334329 0.0488594 -0.0751022 -0.0043794 0.999767 0.0211145 -0.0169419 -0.0487774 -0.0213031 0.998582 0.400691 0 0 0 1 
26875431820119;0.33961;0.275265;0.998042 -0.0107581 -0.0616188 0.113503 0.0093656 0.999695 -0.0228438 -0.0836697 0.0618458 0.022222 0.997838 -0.146441 0 0 0 1 
26875431820120;0.431883;0.133981;0.991761 0.097527 -0.0830603 -0.0201639 -0.0705084 0.956911 0.28169 0.15563 0.106954 -0.273512 0.955904 1.52208 0 0 0 1 
26875431820121;0.296141;0.0762239;0.957965 -0.284241 -0.0388675 2.22647 0.283045 0.95852 -0.0335439 -1.09044 0.0467898 0.0211326 0.998681 -0.538264 0 0 0 1 
26875431820122;0.699318;0.0261493;0.907702 0.0517558 0.416412 -1.16797 -0.0831651 0.994868 0.0576325 -0.12888 -0.411292 -0.0869441 0.907348 3.12411 0 0 0 1 
26875431820124;0.463953;0.0155133;0.980349 0.0781107 -0.181149 -0.150757 -0.109908 0.978816 -0.172742 1.22899 0.163819 0.189257 0.968166 -3.21403 0 0 0 1 
26875431820125;0.172503;0.0151352;0.972977 0.227242 -0.0409538 -1.83768 -0.226204 0.973664 0.0284704 1.40182 0.0463449 -0.0184372 0.998755 -0.0894997 0 0 0 1 
26875431820126;0.469661;0.0135373;0.999956 -0.00505716 -0.00786414 -0.421276 0.00464198 0.998639 -0.0519443 0.498652 0.00811613 0.0519055 0.998619 0.0983327 0 0 0 1 
26875431820127;0.198437;0.0157264;0.99674 -0.0803494 -0.00724397 0.666717 0.0803373 0.996766 -0.00194836 -0.0447259 0.00737709 0.00136005 0.999972 -0.0620014 0 0 0 1 
26875431820128;0.38452;0.32071;0.999604 -0.0280325 -0.00263695 0.289 0.0280031 0.999552 -0.0105757 -0.136087 0.00293223 0.0104977 0.999941 -0.241568 0 0 0 1 
26875431820129;0.474436;0.0414598;0.943143 -0.321588 0.0840405 3.22992 0.329712 0.937169 -0.114037 -1.15534 -0.0420873 0.135262 0.989916 -1.62073 0 0 0 1 
26875431820130;0.313572;0.021329;0.994886 -0.100671 -0.00818895 0.830683 0.10046 0.994673 -0.0230855 -0.532759 0.0104694 0.0221447 0.9997 -0.820159 0 0 0 1 
26875431820131;0.549583;0.0121461;0.991696 0.125462 -0.0282412 -1.64831 -0.121468 0.985946 0.114701 0.492556 0.042235 -0.110319 0.992998 1.55329 0 0 0 1 
26875431820132;0.557397;0.51846;0.999599 0.0270245 0.00840803 -0.313544 -0.0266276 0.998668 -0.0441957 0.214086 -0.0095912 0.0439541 0.998988 -0.140787 0 0 0 1 
26875431820133;0.523064;0.252988;0.997802 -0.0337899 0.0570057 0.353024 0.0278949 0.994474 0.10121 -0.33116 -0.0601106 -0.0993974 0.993231 1.82329 0 0 0 1 
26875431820134;0.28355;0.0167771;0.980563 0.19319 0.034268 -1.89147 -0.193184 0.981156 -0.00350309 1.44295 -0.034299 -0.00318503 0.999407 -0.042366 0 0 0 1 
26875431820135;0.398345;0.0134835;0.981007 -0.0382629 -0.190163 0.432456 0.0682958 0.98571 0.153986 -0.504239 0.181554 -0.164049 0.969601 1.13233 0 0 0 1 
26875431820136;0.188337;0.0149103;0.996392 0.0721417 0.044699 -0.819134 -0.0713805 0.997279 -0.0184004 0.70544 -0.0459048 0.0151434 0.998831 0.122483 0 0 0 1 
26875431820137;0.314888;0.00950335;0.937971 -0.0139627 0.346431 -0.0887946 0.0391499 0.997064 -0.0658133 -0.150846 -0.344495 0.0752938 0.935764 1.29042 0 0 0 1 
26875431820138;0.521003;0.0131103;0.999725 0.0227165 0.00574893 -0.508955 -0.0226964 0.999736 -0.00354516 -0.306496 -0.00582794 0.00341371 0.999977 0.812958 0 0 0 1 
26875431820139;0.534563;0.0162886;0.964168 -0.213555 -0.157398 2.92956 0.193331 0.97189 -0.134363 -1.18531 0.181668 0.099119 0.978352 -1.69864 0 0 0 1 
26875431820140;0.635129;0.0210724;0.931803 0.126018 -0.340386 0.340054 -0.119652 0.992021 0.0397205 1.28013 0.342675 0.0037162 0.939447 -1.60485 0 0 0 1 
26875431820141;0.451247;0.205546;0.993262 -0.115679 0.00698105 0.978807 0.114662 0.9897 0.0857131 -0.96767 -0.0168244 -0.0843351 0.996295 1.19337 0 0 0 1 
26875431820142;0.45211;0.014233;0.965805 0.058399 -0.252606 -0.681064 -0.0834192 0.992488 -0.0894929 0.840276 0.245482 0.107505 0.963422 -1.77589 0 0 0 1 
26875431820143;0.371493;0.35137;0.999469 0.00850683 0.0314491 -0.0649597 -0.00926207 0.99967 0.0239477 -0.0283764 -0.031235 -0.0242263 0.999218 0.424198 0 0 0 1 
26875431820144;0.382734;0.0124886;0.975621 0.0176559 0.218752 -0.247091 0.0587139 0.939427 -0.337683 0.944105 -0.211464 0.342295 0.915488 -1.93601 0 0 0 1 
26875431820145;0.502979;0.0255798;0.969142 0.241609 0.0488718 -2.27953 -0.240091 0.970122 -0.0349307 2.11197 -0.0558511 0.0221192 0.998194 -0.517631 0 0 0 1 
26875431820146;0.275674;0.0173768;0.955868 0.292746 0.0248083 -2.18017 -0.293793 0.952804 0.0764806 2.01323 -0.00124808 -0.0803939 0.996762 0.568711 0 0 0 1 
26875431820147;0.238197;0.0203936;0.990874 0.044966 -0.127074 -0.0193092 -0.0589649 0.992331 -0.108642 0.697741 0.121214 0.115144 0.985926 -1.4937 0 0 0 1 
26875431820148;0.24302;0.0163051;0.985879 -0.129797 0.10581 0.987025 0.147062 0.973288 -0.176305 -0.622504 -0.0800994 0.189376 0.978632 -1.40687 0 0 0 1 
26875431820149;0.23664;0.0110847;0.944378 -0.321182 0.0706573 3.02329 0.326175 0.942196 -0.0766538 -1.18837 -0.0419533 0.0954368 0.994551 -0.631034 0 0 0 1 
26875431820150;0.324251;0.0118515;0.985071 -0.167957 -0.0377668 1.61042 0.163529 0.981498 -0.0996037 -0.781779 0.0537972 0.0919407 0.99431 -0.587851 0 0 0 1 
26875431820151;0.348638;0.267107;0.998428 -0.0326713 -0.0455394 0.309577 0.0346195 0.998489 0.0426683 -0.354208 0.0440765 -0.0441778 0.998051 0.203099 0 0 0 1 
26875431820152;0.39459;0.0115224;0.994251 -0.0786769 0.0726327 0.410856 0.0830452 0.994785 -0.0592191 -0.169859 -0.0675948 0.0649104 0.995599 -0.879859 0 0 0 1 
26875431820153;0.461448;0.0100723;0.959742 0.277293 -0.0447529 -2.04334 -0.275338 0.960281 0.0452682 1.71538 0.0555279 -0.0311237 0.997972 -0.737137 0 0 0 1 
26875431820155;0.281618;0.0145291;0.997581 0.0464692 -0.0516921 0.451254 -0.0473367 0.998756 -0.0156855 0.0912641 0.0508989 0.0180945 0.99854 -0.0568272 0 0 0 1 
26875431820156;0.544215;0.0692369;0.984338 0.173417 -0.0316977 -0.0522128 -0.173028 0.984808 0.0146555 0.206041 0.0337577 -0.00894134 0.99939 0.695894 0 0 0 1 
26875431820157;0.2633;0.222941;0.999482 -0.0311717 -0.0080163 0.0798268 0.0306175 0.997616 -0.0618441 -0.023137 0.00992498 0.0615666 0.998054 0.0453053 0 0 0 1 
26875431820158;0.308459;0.258106;0.999374 0.0352668 -0.00297177 0.0383073 -0.0352128 0.999242 0.0166058 0.120081 0.00355515 -0.0164908 0.999858 0.084502 0 0 0 1 
26875431820159;0.600497;0.0120363;0.997817 0.0543952 0.0374444 0.754396 -0.0488659 0.989587 -0.135389 0.0413255 -0.044419 0.133263 0.990085 0.595522 0 0 0 1 
26875431820160;0.450407;0.411365;0.981846 -0.0923021 0.165707 -0.0838967 0.0966404 0.995151 -0.0182939 -0.25922 -0.163215 0.0339758 0.986005 0.565181 0 0 0 1 
26875431820161;0.500041;0.160504;0.996777 -0.0775199 -0.0206511 -0.20324 0.076766 0.996431 -0.0350915 -0.278851 0.0232977 0.0333931 0.999171 0.515442 0 0 0 1 
26875431820162;0.266888;0.227123;0.999731 0.0109628 0.0204144 -0.0410897 -0.0106001 0.999786 -0.0177903 0.0255791 -0.0206051 0.0175691 0.999633 0.129185 0 0 0 1 
26875431820163;0.112835;0.0854199;0.999551 0.00409146 0.0296992 0.0521286 -0.0041661 0.999988 0.00245181 0.0381945 -0.0296888 -0.00257444 0.999556 0.137284 0 0 0 1 
26875431820164;0.259006;0.118222;0.997435 -0.071321 -0.00607699 -0.0231685 0.0713724 0.997412 0.0086982 -0.283707 0.0054409 -0.00910961 0.999944 -0.185869 0 0 0 1 
26875431820165;0.440579;0.390664;0.994467 0.101682 -0.0263854 0.114075 -0.100005 0.993262 0.0585657 0.357891 0.0321627 -0.0556029 0.997935 -0.161532 0 0 0 1 
26875431820166;0.350624;0.324831;0.999567 -0.0179228 -0.023348 -0.0164231 0.0175598 0.999723 -0.0156622 -0.0125256 0.0236222 0.0152454 0.999605 -0.0405362 0 0 0 1 
26875431820167;0.350308;0.177246;0.997665 -0.0675282 0.0101845 0.355848 0.0681971 0.992994 -0.0965003 -0.0603452 -0.00359667 0.0969695 0.995281 0.0628873 0 0 0 1 
26875431820168;0.226339;0.0156765;0.98426 -0.0638566 -0.164787 0.325488 0.0554866 0.996948 -0.0549103 -0.270415 0.16779 0.0449025 0.9848 -0.42432 0 0 0 1 
26875431820169;0.436398;0.0166235;0.998851 -0.0479244 -0.000302568 0.236075 0.0479247 0.998851 0.000873966 0.23047 0.000260336 -0.000887462 1 0.582955 0 0 0 1 
26875431820170;0.561995;0.520498;0.999674 0.00402601 0.0252066 -0.0782427 -0.00421536 0.999963 0.0074632 -0.0685047 -0.0251756 -0.00756702 0.999654 0.0777912 0 0 0 1 
26875431820171;0.275385;0.0110714;0.997496 0.0664025 0.0243323 -0.0685082 -0.0666757 0.997718 0.0105921 0.151265 -0.0235734 -0.012188 0.999648 0.495123 0 0 0 1 
26875431820172;0.126727;0.0126143;0.999771 -0.00699128 0.0202302 -0.0225775 0.00886288 0.995537 -0.0939569 0.0205044 -0.0194831 0.0941147 0.995371 0.218292 0 0 0 1 
26875431820173;0.248339;0.192773;0.999663 -0.0116319 0.0232083 -0.0334481 0.0114048 0.999886 0.00989216 0.034854 -0.0233207 -0.00962414 0.999682 0.148782 0 0 0 1 
26875431820174;0.442063;0.313776;0.979708 -0.112032 0.166197 -0.13212 0.113331 0.993556 0.00167537 -0.42279 -0.165314 0.017194 0.986091 0.447734 0 0 0 1 
26875431820175;0.573407;0.344328;0.973647 0.0896924 -0.209681 0.513063 -0.132242 0.971105 -0.198664 0.754689 0.185803 0.221157 0.957375 -0.820136 0 0 0 1 
26875431820176;0.270556;0.0116553;0.991574 0.127352 -0.0237076 -0.33746 -0.129473 0.980194 -0.149852 0.309024 0.00415413 0.151659 0.988424 0.0045315 0 0 0 1 
26875431820177;0.516211;0.0609912;0.995849 0.0415029 -0.0810043 -0.407718 -0.0549251 0.983698 -0.171234 -0.265708 0.0725771 0.174973 0.981895 -0.0118224 0 0 0 1 
26875431820178;0.516876;0.253565;0.992435 -0.0723088 -0.099222 0.28026 0.0837312 0.989684 0.116253 -0.425015 0.0897923 -0.123681 0.988251 0.412411 0 0 0 1 
26875431820179;0.506678;0.487016;0.99958 0.0277925 0.00817909 -0.0615389 -0.0278029 0.999613 0.00116197 0.0822636 -0.00814363 -0.00138888 0.999966 0.00503069 0 0 0 1 
26875431820180;0.166082;0.0139431;0.99705 -0.0120203 0.0758049 -0.205444 0.00511161 0.995867 0.0906814 0.0661568 -0.0765816 -0.0900264 0.992991 0.163202 0 0 0 1 
26875431820181;0.220973;0.165762;0.998673 -0.0469682 0.0211308 0.0632622 0.0455967 0.997079 0.061279 -0.204425 -0.0239473 -0.0602341 0.997897 0.157109 0 0 0 1 
26875431820182;0.311591;0.0215048;0.99999 0.00378777 0.00248934 0.457179 -0.0037553 0.99991 -0.0129185 0.0740985 -0.00253805 0.0129091 0.999913 -0.0913519 0 0 0 1 
26875431820183;0.378261;0.264444;0.98585 0.150928 -0.0729435 0.0153864 -0.143716 0.984983 0.0956786 0.503122 0.0862887 -0.0838416 0.992736 -0.253502 0 0 0 1 
26875431820184;0.707951;0.415476;0.995961 -0.0819529 0.0366898 -0.0495025 0.080754 0.996186 0.0330467 -0.402503 -0.0392582 -0.0299504 0.99878 -0.468193 0 0 0 1 
26875431820186;0.0232744;0.0165848;0.999981 -0.00276335 0.0055356 -0.00575893 0.00272156 0.999968 0.00754152 -0.0419284 -0.00555626 -0.00752631 0.999956 0.0311036 0 0 0 1 
26875431820187;0.469951;0.0161107;0.997384 -0.0495964 0.0525954 0.134038 0.0489086 0.998701 0.0142855 0.0358127 -0.0532355 -0.0116757 0.998514 -0.719434 0 0 0 1 
26875431820188;0.333415;0.272444;0.999834 0.00452751 0.017625 0.033493 -0.00443148 0.999975 -0.00548372 0.0942742 -0.0176493 0.00540471 0.99983 -0.0592772 0 0 0 1 
26875431820189;0.215891;0.0208217;0.999517 -0.0197147 0.0240185 0.0131762 0.0232624 0.987206 -0.157742 0.309361 -0.0206014 0.158224 0.987188 0.0678089 0 0 0 1 
26875431820190;0.353199;0.0191239;0.999413 -0.00339228 -0.0340978 0.13251 0.003641 0.999967 0.00723495 -0.0485179 0.0340721 -0.00735485 0.999392 0.574858 0 0 0 1 
26875431820191;0.375035;0.177037;0.934504 0.0787816 -0.347124 0.466009 -0.0651957 0.996585 0.0506647 0.0656588 0.34993 -0.0247154 0.93645 -0.183347 0 0 0 1 
26875431820192;0.269163;0.022361;0.99866 -0.0320314 0.0406522 -0.136801 0.0323823 0.999444 -0.00800296 0.344107 -0.0403732 0.00930864 0.999141 0.261535 0 0 0 1 
26875431820193;0.42369;0.234382;0.972925 -0.0713385 0.219835 -0.0600105 0.120819 0.967844 -0.220636 0.101661 -0.197026 0.241223 0.950259 0.423852 0 0 0 1 
26875431820194;0.276623;0.255991;0.999575 0.023571 0.0171779 0.0108085 -0.0228191 0.998826 -0.0427231 0.170119 -0.0181647 0.0423129 0.998939 0.117566 0 0 0 1 
26875431820195;0.12753;0.0153733;0.996877 0.0783351 0.0099433 -0.170918 -0.0785349 0.996677 0.0216153 0.0672159 -0.00821703 -0.0223287 0.999717 -0.117121 0 0 0 1 
26875431820196;0.182656;0.0184898;0.998294 -0.0583726 0.00146985 -0.111108 0.0583902 0.997819 -0.0307827 -0.342886 0.000330222 0.030816 0.999525 -0.132629 0 0 0 1 
26875431820197;0.141522;0.0230061;0.999238 0.0350699 -0.0171127 -0.25004 -0.0343383 0.998556 0.0413179 0.0468573 0.018537 -0.0406988 0.998999 -0.0898071 0 0 0 1 
26875431820198;0.296595;0.183489;0.997763 -0.053467 -0.0401343 0.171306 0.0530924 0.998536 -0.0103429 0.0169412 0.0406286 0.0081889 0.999141 -0.234084 0 0 0 1 
26875431820199;0.374604;0.355899;0.999453 -0.0150007 -0.0294787 0.0644216 0.0156125 0.999665 0.0206336 -0.0460695 0.0291593 -0.0210825 0.999352 0.0607553 0 0 0 1 
26875431820200;0.14975;0.0219495;0.998979 0.0195543 -0.0407203 -0.212094 -0.0159905 0.99616 0.0860754 0.0637469 0.042247 -0.0853364 0.995456 0.000782625 0 0 0 1 
26875431820201;0.180431;0.0192198;0.995756 -0.0410859 -0.0823484 0.344526 0.0424786 0.998981 0.0152317 -0.161589 0.0816387 -0.0186651 0.996487 -0.14155 0 0 0 1 
26875431820202;0.0568232;0.0211102;0.999524 -0.0305701 -0.00406304 -0.0098094 0.0303414 0.998397 -0.0477871 -0.0023334 0.00551738 0.0476411 0.998849 -0.0345471 0 0 0 1 
26875431820203;0.370175;0.351345;0.999933 -0.0112113 -0.00282549 -0.00988678 0.0112616 0.999766 0.0184698 -0.00717274 0.00261776 -0.0185004 0.999825 -0.0119034 0 0 0 1 
26875431820204;0.336699;0.310709;0.999467 0.0325923 0.00160837 -0.0111689 -0.0325092 0.998769 -0.0374719 0.127096 -0.00282769 0.0373997 0.999296 -0.00683121 0 0 0 1 
26875431820205;0.579018;0.342219;0.994669 -0.00573928 0.102963 0.357143 0.00153046 0.999162 0.0409094 -0.295452 -0.103112 -0.0405337 0.993844 0.0136929 0 0 0 1 
26875431820206;0.454909;0.198609;0.985887 -0.000100095 0.167409 -0.108314 0.0190982 0.993539 -0.111877 -0.137622 -0.166316 0.113495 0.979519 0.746138 0 0 0 1 
26875431820207;0.201469;0.178995;0.999794 0.0202841 0.0002354 -0.0283335 -0.0202853 0.99967 0.0157872 0.00468492 8.49069e-05 -0.0157887 0.999875 0.0152476 0 0 0 1 
26875431820208;0.418791;0.388983;0.999991 -0.00268399 0.00339339 -0.0451676 0.00257205 0.999466 0.0325723 -0.0279123 -0.003479 -0.0325633 0.999464 -0.0173656 0 0 0 1 
26875431820209;0.261543;0.252244;0.999811 -0.018943 0.0042748 0.00467531 0.018979 0.999783 -0.00854321 0.00734476 -0.00411204 0.00862273 0.999954 0.0246224 0 0 0 1 
26875431820210;0.579052;0.508045;0.999862 -0.0165386 0.00155892 -0.0957793 0.0164807 0.999359 0.0317956 -0.107944 -0.00208378 -0.0317656 0.999493 -0.0207489 0 0 0 1 
26875431820211;0.254845;0.151309;0.998719 -0.0460678 -0.0209117 0.102003 0.045343 0.998396 -0.0339058 -0.0885596 0.0224401 0.0329142 0.999206 0.212646 0 0 0 1 
26875431820212;0.320883;0.0717039;0.975284 -0.110108 0.191568 0.0731243 0.130896 0.986396 -0.0994463 -0.228817 -0.178012 0.122064 0.976428 0.74858 0 0 0 1 
26875431820213;0.233658;0.0232626;0.998681 -0.0499323 0.0119191 -0.104273 0.0508976 0.993361 -0.103165 -0.0329723 -0.00668867 0.103636 0.994593 -0.400883 0 0 0 1 
26875431820214;0.442932;0.0185281;0.982449 0.0387343 -0.182463 0.350791 -0.0817727 0.96863 -0.234668 0.544386 0.16765 0.24547 0.954797 0.25457 0 0 0 1 
26875431820215;0.292551;0.172672;0.997339 0.0134644 0.0716501 0.183642 -0.00475523 0.992719 -0.12036 -0.128206 -0.072749 0.119699 0.990141 0.286811 0 0 0 1 
26875431820217;0.53888;0.118701;0.962762 -0.1942 0.188081 0.785437 0.245705 0.918742 -0.309098 -0.565222 -0.112771 0.3438 0.932247 -0.0994682 0 0 0 1 
26875431820218;0.132212;0.0109739;0.99991 -0.00988287 -0.00905154 0.0105619 0.00965005 0.99963 -0.0254135 0.177088 0.00929935 0.0253239 0.999636 0.120651 0 0 0 1 
26875431820219;0.276971;0.0163598;0.991699 -0.0563213 0.115588 0.43007 0.0594361 0.997951 -0.023678 -0.628093 -0.114017 0.0303515 0.993015 0.354269 0 0 0 1 
26875431820220;0.346183;0.327478;0.997555 0.0656902 0.0238621 -0.124551 -0.0659351 0.997778 0.00962313 0.176626 -0.0231769 -0.0111729 0.999669 0.252917 0 0 0 1 
26875431820221;0.22686;0.0142242;0.99999 -0.00353974 0.00260719 0.425805 0.00354217 0.999993 -0.000928408 -0.0164421 -0.00260389 0.000937635 0.999996 -0.239677 0 0 0 1 
26875431820222;0.271182;0.243091;0.998514 0.0385178 0.0385482 -0.131404 -0.038456 0.999258 -0.00234402 0.122919 -0.0386099 0.000858129 0.999254 0.198258 0 0 0 1 
26875431820223;0.173034;0.0119363;0.999983 -0.00577169 0.00096425 -0.162329 0.00576866 0.999978 0.00312491 -0.19044 -0.000982265 -0.00311929 0.999995 -0.263284 0 0 0 1 
26875431820224;0.421446;0.0155143;0.996185 0.0536591 0.0688239 -0.69037 -0.058408 0.995909 0.0689516 -0.353107 -0.0648425 -0.0727084 0.995243 0.61853 0 0 0 1 
26875431820225;0.149136;0.014963;0.98327 0.181765 -0.0119427 -0.126256 -0.180569 0.981241 0.067533 0.779027 0.0239938 -0.0642466 0.997646 -0.0638633 0 0 0 1 
26875431820226;0.0692592;0.0145712;0.99944 -0.0334181 0.0015892 0.179488 0.0334373 0.999341 -0.0141285 -0.112374 -0.001116 0.0141737 0.999899 -0.038888 0 0 0 1 
26875431820227;0.394953;0.238236;0.992914 0.0920218 0.0751852 -0.33055 -0.0947237 0.99495 0.0331915 0.262022 -0.0717512 -0.0400782 0.996617 -0.0641028 0 0 0 1 
26875431820228;0.385763;0.0158804;0.999621 -0.0274909 -0.00130813 -0.233533 0.0272106 0.994323 -0.102863 0.66579 0.00412851 0.102789 0.994695 0.124294 0 0 0 1 
26875431820229;0.236316;0.0113306;0.980141 -0.102473 0.169776 0.175331 0.100719 0.994735 0.0189345 -0.131173 -0.170822 -0.00145894 0.985301 0.790481 0 0 0 1 
26875431820230;0.353557;0.25284;0.99037 0.132563 0.0399383 -0.292555 -0.130051 0.989689 -0.0600135 0.787163 -0.047482 0.0542415 0.997398 0.174222 0 0 0 1 
26875431820231;0.448584;0.016226;0.999466 0.00582886 0.0321492 -0.22728 -0.00452871 0.999175 -0.0403667 0.294218 -0.032358 0.0401995 0.998668 -0.78416 0 0 0 1 
26875431820232;0.290281;0.0275422;0.966164 -0.18961 0.174859 0.555671 0.130376 0.94396 0.303219 -0.652816 -0.222553 -0.270161 0.93674 1.25648 0 0 0 1 
26875431820233;0.217224;0.00885238;0.995767 -0.0778091 -0.0489207 0.576287 0.0770218 0.996871 -0.01778 -0.310644 0.0501511 0.0139368 0.998644 -0.30275 0 0 0 1 
26875431820234;0.288361;0.0130656;0.98481 -0.162818 -0.0603311 0.358029 0.167603 0.982162 0.0852435 -1.3427 0.0453757 -0.0940603 0.994532 -0.31773 0 0 0 1 
26875431820235;0.189456;0.0153282;0.976356 -0.153003 -0.152707 0.546501 0.157494 0.987362 0.017684 -0.778628 0.148071 -0.0413162 0.988113 -0.676915 0 0 0 1 
26875431820236;0.315102;0.102536;0.952144 0.177206 0.249037 -0.177244 -0.153344 0.981769 -0.112314 0.825811 -0.2644 0.0687512 0.961959 1.35536 0 0 0 1 
26875431820237;0.012092;0.00709604;0.99999 -0.00439278 8.17864e-05 0.0171899 0.00439268 0.99999 0.00119712 -0.0402436 -8.70443e-05 -0.00119675 0.999999 0.018026 0 0 0 1 
26875431820238;0.26454;0.0136654;0.954612 -0.274933 0.114573 0.523681 0.26475 0.959476 0.0965083 -1.39752 -0.136464 -0.0617947 0.988716 0.941692 0 0 0 1 
26875431820239;0.246987;0.021677;0.999385 0.0318948 0.0145741 -0.274141 -0.0331945 0.994438 0.0999513 -0.328855 -0.0113051 -0.100374 0.994886 0.176422 0 0 0 1 
26875431820240;0.363487;0.186676;0.961361 0.245726 -0.124109 -0.314278 -0.234775 0.967249 0.0964854 0.956507 0.143753 -0.0636197 0.987566 -0.860123 0 0 0 1 
26875431820241;0.468508;0.163394;0.949621 -0.307878 0.0585811 0.0634371 0.308673 0.951156 -0.00481961 -1.63655 -0.0542359 0.0226592 0.998271 0.727163 0 0 0 1 
26875431820242;0.496458;0.424656;0.999703 -0.024378 0.000589244 0.047575 0.024326 0.99867 0.0454483 -0.247646 -0.0016964 -0.0454204 0.998967 -0.063642 0 0 0 1 
26875431820243;0.419239;0.0828932;0.929649 0.185545 0.318317 -0.425272 -0.14559 0.978626 -0.145238 0.860369 -0.338461 0.0886763 0.936793 1.29337 0 0 0 1 
26875431820244;0.327061;0.021204;0.999966 -0.00778874 0.00276541 -0.465676 0.00804741 0.993799 -0.110904 0.477374 -0.00188446 0.110922 0.993827 -0.0127632 0 0 0 1 
26875431820245;0.440644;0.0135789;0.914115 0.0511523 0.402215 -0.38409 -0.0967923 0.990859 0.0939662 0.234035 -0.393731 -0.124827 0.910711 1.90884 0 0 0 1 
26875431820246;0.33651;0.00920066;0.988774 -0.0579953 0.137708 -0.0724871 0.046034 0.995011 0.0885112 -0.639261 -0.142154 -0.0811782 0.98651 0.255817 0 0 0 1 
26875431820248;0.482971;0.0515095;0.948865 -0.079814 -0.305427 0.661484 0.109439 0.990679 0.0811074 -0.33345 0.296106 -0.110385 0.948755 -2.15698 0 0 0 1 
26875431820249;0.481186;0.0137586;0.970726 -0.192738 -0.143327 0.344502 0.181373 0.97941 -0.0886556 -0.712298 0.157463 0.0600647 0.985696 0.273735 0 0 0 1 
26875431820250;0.362957;0.0191233;0.965636 0.226953 0.126647 0.147172 -0.211276 0.969266 -0.126038 1.53481 -0.151359 0.0949494 0.983908 0.48086 0 0 0 1 
26875431820251;0.294996;0.0123527;0.995591 0.0930914 -0.0115415 0.62589 -0.0922214 0.993862 0.0611029 0.0908006 0.0171588 -0.0597692 0.998065 -0.320884 0 0 0 1 
26875431820252;0.28587;0.0165066;0.999638 -0.0268457 -0.00203502 0.316669 0.0268493 0.999638 0.00175994 -0.638689 0.00198704 -0.00181394 0.999996 0.223814 0 0 0 1 
26875431820253;0.612372;0.0174786;0.958288 0.0907157 -0.271026 1.16172 -0.0268536 0.972674 0.230618 -0.935923 0.28454 -0.21372 0.934538 -1.14409 0 0 0 1 
26875431820254;0.431445;0.393817;0.999536 0.0257771 0.0162396 0.00940271 -0.0252324 0.99914 -0.032901 0.185394 -0.0170738 0.032476 0.999327 0.0210353 0 0 0 1 
26875431820255;0.351175;0.0224212;0.999626 -0.0262557 0.00763008 -0.270206 0.0261882 0.999618 0.00881115 -0.0141038 -0.00785851 -0.00860803 0.999932 0.783819 0 0 0 1 
26875431820256;0.151421;0.0138826;0.982293 0.187307 -0.00418403 0.138962 -0.187343 0.982227 -0.011474 0.875105 0.00196052 0.0120546 0.999925 -0.00854424 0 0 0 1 
