#;prob_registration_l1 -r /home/probabilistic_point_clouds_registration/build/tester /home/point_clouds_registration_benchmark//devel/registration_pairs/apartment_local.txt /home/point_clouds_registration_benchmark//eth/apartment -s 0.2 -t 0.2 -p 0.3 -r 1000 -m 20 -i 40 
id;initial_error;final_error;transformation
13001298760000;0.820981;0.966112;0.894674 -0.42972 0.12206 -0.382893 0.422909 0.902772 0.0784277 -2.91043 -0.143894 -0.0185469 0.989419 0.229706 0 0 0 1 
13001298760001;0.68771;1.00874;0.944699 -0.297382 -0.138227 0.489585 0.327655 0.873447 0.360184 -2.35476 0.013622 -0.385556 0.922584 0.488936 0 0 0 1 
13001298760002;0.636186;0.332775;0.993115 0.0922332 -0.0722227 -0.0624992 -0.0696664 0.960657 0.268859 -0.370147 0.0941789 -0.261976 0.960468 -0.734856 0 0 0 1 
13001298760003;0.411513;0.990862;0.949916 -0.308042 0.0526255 0.10241 0.307555 0.951373 0.0173199 -1.94996 -0.0554017 -0.000267204 0.998464 -0.162732 0 0 0 1 
13001298760004;0.857932;0.971484;0.914694 -0.381442 -0.133557 0.139451 0.365987 0.921966 -0.126617 -1.8893 0.171432 0.0669362 0.982919 0.428872 0 0 0 1 
13001298760005;0.460674;0.943441;0.918199 -0.395989 0.0101441 0.412486 0.395633 0.918041 0.0259842 -2.14093 -0.0196021 -0.0198453 0.999611 0.351687 0 0 0 1 
13001298760006;0.655521;0.53835;0.954423 0.298351 -0.00799675 -0.157411 -0.297692 0.953549 0.0460781 0.679384 0.0213727 -0.0415974 0.998906 0.153416 0 0 0 1 
13001298760007;0.308888;0.296064;0.893087 0.268811 0.360745 0.0262706 -0.331012 0.935674 0.122255 0.562702 -0.304676 -0.228595 0.924617 1.02221 0 0 0 1 
13001298760008;0.466988;0.342955;0.953966 0.295079 0.0536304 -0.0517156 -0.295273 0.955403 -0.00445858 0.224352 -0.0525543 -0.0115823 0.998551 -0.156473 0 0 0 1 
13001298760009;0.423945;0.383077;0.957245 0.258046 0.130744 -0.281856 -0.238288 0.959637 -0.149384 0.561861 -0.164015 0.111842 0.980097 0.0190202 0 0 0 1 
13001298760010;0.258498;0.37039;0.976188 0.214463 -0.0326048 0.220137 -0.216206 0.974139 -0.0656396 0.580755 0.0176843 0.0711259 0.997311 0.0323435 0 0 0 1 
13001298760011;0.784351;1.11814;0.998895 0.0438243 0.0169858 -0.284322 -0.0469529 0.946754 0.318517 -1.23974 -0.00212255 -0.318963 0.947765 -0.654008 0 0 0 1 
13001298760012;0.622128;0.297387;0.979301 0.20182 -0.0154287 0.138327 -0.201975 0.979347 -0.00920546 -0.136786 0.0132522 0.0121311 0.999839 0.205767 0 0 0 1 
13001298760013;0.398004;0.405854;0.905423 0.397142 0.14996 0.361241 -0.370214 0.911566 -0.178853 0.815222 -0.207729 0.10642 0.97238 0.881815 0 0 0 1 
13001298760014;0.755219;1.04912;0.982546 0.0991235 -0.157408 0.545193 -0.0886828 0.993451 0.0720385 -0.599271 0.163518 -0.0568218 0.984903 -1.14798 0 0 0 1 
13001298760015;0.388158;1.02428;0.988353 0.105123 -0.110031 0.0295622 -0.106262 0.994328 -0.00452782 -0.458385 0.108931 0.0161672 0.993918 -0.0368391 0 0 0 1 
13001298760016;0.851768;0.907166;0.999445 0.0324957 -0.00734911 0.116738 -0.0324248 0.999428 0.00956154 -0.176659 0.00765562 -0.00931794 0.999927 0.497271 0 0 0 1 
13001298760017;0.399547;0.331453;0.934186 0.356434 0.0158569 0.45437 -0.355526 0.933697 -0.0425561 0.685998 -0.029974 0.0341177 0.998968 0.450914 0 0 0 1 
13001298760018;0.820633;0.329176;0.940961 0.311186 -0.133247 0.224469 -0.314603 0.949211 -0.00486146 0.613634 0.124967 0.0464944 0.991071 0.553488 0 0 0 1 
13001298760019;0.329854;0.263247;0.993586 0.0853128 -0.0742254 0.0987239 -0.0828891 0.995939 0.035149 -0.220947 0.0769226 -0.028771 0.996622 -0.221182 0 0 0 1 
13001298760020;0.847185;0.525178;0.95935 0.279575 0.0385333 0.0547051 -0.280643 0.959466 0.0257657 0.809855 -0.0297679 -0.0355324 0.998925 0.787398 0 0 0 1 
13001298760021;0.886722;0.989433;0.891186 -0.279956 -0.356947 1.07209 0.362226 0.912849 0.18841 -2.50541 0.273092 -0.297204 0.914926 -1.26532 0 0 0 1 
13001298760022;0.59893;0.322604;0.971001 0.222022 -0.0886739 0.212068 -0.19508 0.950214 0.242974 0.213817 0.138205 -0.21863 0.965971 -0.858799 0 0 0 1 
13001298760023;0.367247;0.346592;0.990343 0.138136 -0.0117817 0.212298 -0.137633 0.989822 0.0362026 -0.138446 0.0166626 -0.0342314 0.999275 -0.323546 0 0 0 1 
13001298760024;0.0968236;0.262313;0.983031 0.177179 0.0475096 -0.0548698 -0.178729 0.983422 0.0306234 0.311887 -0.0412961 -0.0385951 0.998401 0.157886 0 0 0 1 
13001298760025;0.689632;0.55586;0.981378 0.124562 0.146226 -0.11566 -0.0973228 0.978736 -0.180565 0.335538 -0.165608 0.162971 0.972633 0.699681 0 0 0 1 
13001298760026;0.452516;1.0023;0.98078 -0.18932 0.0471975 -0.0657307 0.186557 0.980767 0.0573762 -1.18394 -0.0571522 -0.0474684 0.997236 0.208947 0 0 0 1 
13001298760027;0.353163;1.1851;0.915516 -0.307337 0.259566 0.129146 0.233454 0.931371 0.279369 -2.05832 -0.327612 -0.19517 0.924434 0.733153 0 0 0 1 
13001298760028;0.770166;0.359686;0.995512 -0.0818949 0.0474187 -0.539626 0.08598 0.992066 -0.091715 -0.102412 -0.0395315 0.0953805 0.994656 -0.16318 0 0 0 1 
13001298760029;0.444231;0.286536;0.907043 0.374191 0.193014 0.490142 -0.391986 0.917832 0.0627057 0.618832 -0.153691 -0.132536 0.97919 0.664556 0 0 0 1 
13001298760031;1.0814;0.572953;0.982908 0.0775301 0.166978 -0.0481402 -0.064416 0.994501 -0.0825784 0.564698 -0.172462 0.0704109 0.982496 0.86966 0 0 0 1 
13001298760032;0.762366;0.127783;0.972944 -0.21226 -0.0912503 -0.642494 0.215069 0.976351 0.0220227 -0.691692 0.0844178 -0.041052 0.995584 -0.788652 0 0 0 1 
13001298760033;0.562268;0.160344;0.972827 -0.203401 -0.110616 -0.60751 0.193204 0.976422 -0.0962898 -0.555938 0.127594 0.0723017 0.989188 0.0584486 0 0 0 1 
13001298760034;0.913227;0.171334;0.985954 -0.149133 -0.075187 -0.516017 0.112782 0.926552 -0.358862 -0.126105 0.123183 0.345342 0.930357 0.908963 0 0 0 1 
13001298760035;0.190074;0.192403;0.986186 0.130159 -0.102454 0.302085 -0.121711 0.988936 0.0848102 0.417335 0.112359 -0.0711689 0.991116 -0.550255 0 0 0 1 
13001298760036;1.3176;0.184603;0.932301 -0.35841 -0.0485481 -1.38185 0.361155 0.915261 0.178507 -0.770748 -0.0195444 -0.183955 0.98274 -0.308338 0 0 0 1 
13001298760037;0.408209;0.174708;0.992154 0.112397 -0.0547567 0.0459832 -0.118499 0.985033 -0.125175 0.698937 0.0398678 0.130682 0.990622 0.0511814 0 0 0 1 
13001298760038;0.799177;0.229299;0.999853 0.0171365 -0.000124658 0.391938 -0.0168996 0.987185 0.15868 -0.256118 0.00284228 -0.158654 0.98733 -0.231374 0 0 0 1 
13001298760039;0.512139;0.176783;0.999784 0.0152861 -0.0140515 1.72094e-05 -0.0152921 0.999883 -0.00031518 0.123907 0.0140451 0.000529989 0.999901 0.327756 0 0 0 1 
13001298760040;0.790161;0.129901;0.999908 0.0135541 0.000927823 0.171057 -0.0135524 0.999906 -0.00182585 0.305463 -0.000952484 0.0018131 0.999998 -0.483884 0 0 0 1 
13001298760041;0.304867;0.123699;0.984449 -0.120595 0.12774 -0.309946 0.128157 0.990352 -0.0527091 -0.144221 -0.120151 0.0682602 0.990406 0.464773 0 0 0 1 
13001298760042;0.323258;0.194656;0.997913 0.0645554 -0.00125329 0.135903 -0.0644083 0.996627 0.0508563 0.0819197 0.00453211 -0.0506695 0.998705 -0.0344824 0 0 0 1 
13001298760043;1.1294;0.139967;0.950187 -0.305576 -0.0613853 -0.554238 0.309969 0.905842 0.288737 -1.92603 -0.0326256 -0.293381 0.955439 -0.805244 0 0 0 1 
13001298760044;0.672602;0.13177;0.989866 -0.0713857 0.122755 -0.570141 0.0752292 0.996802 -0.02696 -0.0251444 -0.120438 0.0359216 0.992071 0.130517 0 0 0 1 
13001298760045;0.603165;0.375481;0.98904 0.0864144 0.119719 0.203615 -0.0852625 0.99625 -0.0147206 0.263879 -0.120542 0.00435179 0.992699 0.184932 0 0 0 1 
13001298760046;0.435224;0.153485;0.902069 0.0947355 -0.421067 0.724901 -0.118515 0.992481 -0.0306015 0.541513 0.415002 0.0775073 0.906513 -1.07485 0 0 0 1 
13001298760047;1.03472;0.126807;0.999181 -0.0206898 0.0347728 -0.254224 0.0117558 0.970751 0.239799 -0.45843 -0.0387171 -0.239194 0.9702 -0.996463 0 0 0 1 
13001298760048;1.38851;0.24021;0.993259 0.0826359 0.0812828 0.199858 -0.110076 0.892169 0.438085 -0.65498 -0.0363165 -0.444079 0.895251 -1.37774 0 0 0 1 
13001298760049;0.308211;0.231528;0.990297 0.122826 -0.0650023 0.0794384 -0.114188 0.985802 0.123111 0.280615 0.0792006 -0.114494 0.990262 -0.451766 0 0 0 1 
13001298760050;0.383404;0.159735;0.998215 -0.0588573 0.0101332 -0.464449 0.0589311 0.998237 -0.00713936 -0.237578 -0.00969516 0.00772377 0.999923 0.13867 0 0 0 1 
13001298760051;1.39486;0.94172;0.995102 -0.0348533 0.0925019 -0.419827 0.0433521 0.994859 -0.0915193 0.012347 -0.0888366 0.0950812 0.991498 0.574343 0 0 0 1 
13001298760052;0.390791;0.130977;0.999892 -0.0131591 0.00647437 -0.329597 0.0130871 0.999853 0.0110445 -0.176727 -0.00661876 -0.0109585 0.999918 -0.0199787 0 0 0 1 
13001298760053;0.738841;0.688684;0.991512 0.12998 0.00313487 0.276958 -0.129242 0.982679 0.13281 0.345815 0.0141821 -0.132088 0.991137 -0.106847 0 0 0 1 
13001298760054;0.290741;0.163432;0.987402 -0.158137 -0.0055196 -0.463241 0.15809 0.987392 -0.00806373 -0.364156 0.00672517 0.00708955 0.999952 -0.124652 0 0 0 1 
13001298760055;0.983527;0.557487;0.985492 0.0580987 0.159466 -0.853606 -0.0379213 0.991206 -0.126777 0.466841 -0.16543 0.118891 0.979029 1.02815 0 0 0 1 
13001298760056;0.893456;0.374157;0.997581 -0.0686889 -0.0106476 0.179434 0.0685447 0.997559 -0.0133661 -0.390313 0.0115398 0.0126039 0.999854 -0.165987 0 0 0 1 
13001298760057;1.32906;0.143906;0.99645 0.0737786 0.0405531 0.561078 -0.0740884 0.997232 0.00618772 0.890555 -0.0399843 -0.00917026 0.999158 -0.468747 0 0 0 1 
13001298760058;1.04418;0.152452;0.939227 -0.311041 0.145282 -0.708983 0.305365 0.950315 0.0604389 -0.921011 -0.156863 -0.0124019 0.987543 -0.23543 0 0 0 1 
13001298760059;1.02726;0.163757;0.996787 0.0630817 -0.0493623 0.487336 -0.0499571 0.971317 0.23248 -0.101777 0.0626117 -0.229267 0.971348 -1.20385 0 0 0 1 
13001298760060;1.18019;0.801703;0.984971 -0.168265 -0.0389706 -0.228462 0.172648 0.965651 0.194193 -1.40332 0.00495604 -0.198003 0.980189 -0.199037 0 0 0 1 
13001298760062;0.42647;0.795345;0.993045 -0.116228 0.0187708 -0.325993 0.114086 0.98935 0.0903944 -0.0510094 -0.0290773 -0.0876242 0.995729 0.0722624 0 0 0 1 
13001298760063;0.820769;0.8023;0.983934 -0.176659 0.0258127 -0.0559395 0.175791 0.983883 0.0327237 -0.0431382 -0.0311776 -0.0276603 0.999131 0.572538 0 0 0 1 
13001298760064;0.637796;0.785573;0.99881 0.0483305 -0.00657066 0.232481 -0.048408 0.998753 -0.0121903 0.743463 0.0059733 0.0124939 0.999904 0.400347 0 0 0 1 
13001298760065;1.32441;0.881768;0.958515 -0.197201 -0.205818 0.121371 0.263316 0.88908 0.374435 -1.01994 0.10915 -0.413096 0.904123 -2.27341 0 0 0 1 
13001298760066;0.832986;0.739992;0.959311 -0.282011 0.0138432 -0.326305 0.28235 0.958036 -0.0494459 -0.127607 0.000681993 0.0513426 0.998681 0.382177 0 0 0 1 
13001298760067;0.500971;0.852725;0.929407 -0.367431 -0.0346077 -0.353899 0.363208 0.927276 -0.0907684 -0.843514 0.0654419 0.0717909 0.995271 -0.298236 0 0 0 1 
13001298760068;1.1413;0.783685;0.938822 -0.307618 0.154866 -0.827221 0.280813 0.94406 0.172898 -0.0928832 -0.19939 -0.118832 0.972688 0.689184 0 0 0 1 
13001298760069;0.277143;0.750536;0.990207 -0.0645021 -0.123812 0.177826 0.0883713 0.976168 0.198211 -0.0488569 0.108077 -0.207211 0.972308 -0.917713 0 0 0 1 
13001298760070;1.31041;0.793794;0.98391 -0.166336 0.0652247 -0.237972 0.170086 0.983786 -0.0568832 -0.143868 -0.0547054 0.0670617 0.996248 -0.491969 0 0 0 1 
13001298760071;0.311671;0.908992;0.856523 -0.476305 -0.198753 -0.38616 0.50447 0.853961 0.127517 -1.77004 0.108991 -0.209486 0.971718 -0.995163 0 0 0 1 
13001298760072;0.364438;0.895883;0.931517 -0.363651 0.00575124 -0.522944 0.363691 0.931475 -0.0091357 -0.683475 -0.00203492 0.0106017 0.999942 0.160111 0 0 0 1 
13001298760073;1.33186;0.910105;0.872499 -0.402985 0.276313 -0.792233 0.466541 0.855138 -0.226005 -0.657303 -0.145209 0.3261 0.934116 0.951971 0 0 0 1 
13001298760074;0.375476;0.813906;0.84796 -0.337839 -0.408447 0.161098 0.282735 0.940073 -0.190588 -0.573639 0.448358 0.0461289 0.892663 -1.43975 0 0 0 1 
13001298760075;0.892832;0.8584;0.972569 -0.159847 0.168992 -0.0521143 0.180664 0.976692 -0.115904 -0.214464 -0.146526 0.143256 0.978779 1.56565 0 0 0 1 
13001298760076;0.49285;0.867848;0.930055 -0.367274 0.010395 -0.813352 0.36721 0.92819 -0.0601602 -0.879244 0.0124468 0.0597694 0.998135 -0.0203846 0 0 0 1 
13001298760077;1.25077;0.797076;0.986149 -0.16514 0.0154717 -0.564149 0.165088 0.986268 0.00456998 0.216519 -0.016014 -0.00195248 0.99987 0.809974 0 0 0 1 
13001298760078;0.873453;0.852455;0.973522 -0.111895 -0.199337 0.102241 0.133435 0.986192 0.0980856 0.23506 0.185609 -0.122087 0.97501 -1.51127 0 0 0 1 
13001298760079;0.135451;0.749937;0.981101 -0.177803 -0.0763347 -0.180069 0.176776 0.984047 -0.02006 -0.196341 0.0786836 0.00618673 0.99688 -0.265778 0 0 0 1 
13001298760080;0.477523;0.801342;0.802968 -0.505192 0.316266 -0.578861 0.448752 0.861649 0.237029 -1.79484 -0.392256 -0.0484012 0.918582 1.29173 0 0 0 1 
13001298760081;0.486196;0.971439;0.950705 0.00830098 -0.309985 0.673741 0.00251646 0.999402 0.0344805 0.418147 0.310086 -0.0335608 0.950116 -1.10403 0 0 0 1 
13001298760082;0.60999;2.08287;0.926994 0.373093 -0.0385174 0.380679 -0.373762 0.910275 -0.178051 1.86081 -0.0313681 0.179449 0.983267 0.45305 0 0 0 1 
13001298760083;0.578912;0.827573;0.863825 -0.503516 -0.0166614 -0.424237 0.480228 0.812973 0.329326 -2.09306 -0.152276 -0.292482 0.944069 -0.22687 0 0 0 1 
13001298760084;0.295038;0.83769;0.998467 0.0491279 0.025486 0.350278 -0.0483831 0.998406 -0.0290614 0.67674 -0.0268732 0.0277838 0.999253 0.171166 0 0 0 1 
13001298760085;0.331689;0.825088;0.989356 -0.1455 -0.00203447 -0.211704 0.14381 0.975538 0.166268 -0.274747 -0.0222073 -0.164791 0.986078 -0.248198 0 0 0 1 
13001298760086;0.698459;0.837879;0.967687 -0.251841 0.0125828 -0.568785 0.251992 0.967651 -0.0123271 -0.685759 -0.00907127 0.0150995 0.999845 0.473359 0 0 0 1 
13001298760087;0.67213;0.84051;0.870904 -0.344552 -0.350442 0.101502 0.331453 0.938284 -0.0988013 -0.718066 0.362856 -0.0301085 0.931359 -1.6768 0 0 0 1 
13001298760088;0.268562;0.896453;0.890689 -0.339971 -0.301817 -0.0719871 0.34384 0.93809 -0.0419755 -0.844097 0.297402 -0.0663897 0.952441 -1.17247 0 0 0 1 
13001298760089;1.15866;0.994718;0.849407 -0.447622 0.279538 -0.884184 0.489112 0.866645 -0.0984688 -1.46839 -0.198183 0.220365 0.955072 1.8288 0 0 0 1 
13001298760090;0.714198;0.788046;0.971425 -0.227888 -0.0663378 -0.528122 0.233952 0.966475 0.105794 -0.557292 0.0400046 -0.118291 0.992173 -0.040174 0 0 0 1 
13001298760091;1.1529;0.799349;0.984 -0.16463 -0.0681196 -0.257798 0.162183 0.985947 -0.0400529 -0.407351 0.0737563 0.0283642 0.996873 -0.88623 0 0 0 1 
13001298760093;1.04775;0.256364;0.89961 -0.339106 0.275151 -0.81841 0.337565 0.939724 0.0544771 -1.10724 -0.27704 0.0438733 0.959856 0.237879 0 0 0 1 
13001298760094;1.11373;0.225563;0.994938 -0.0961592 -0.0291969 -0.0903157 0.0982713 0.991731 0.0825331 -0.818419 0.0210192 -0.0849845 0.996161 -1.20734 0 0 0 1 
13001298760095;0.293853;0.226676;0.99044 0.0770887 0.114394 0.301679 -0.0525818 0.977649 -0.203565 0.0538458 -0.12753 0.195603 0.972356 1.17376 0 0 0 1 
13001298760096;0.895384;0.224099;0.996327 -0.0816167 0.0259172 0.56599 0.0822025 0.996364 -0.0224035 -0.744304 -0.0239944 0.0244517 0.999413 0.228546 0 0 0 1 
13001298760097;0.339617;0.24846;0.986204 -0.144937 -0.0799687 -0.0472458 0.145941 0.98927 0.0068268 -0.590909 0.0781212 -0.0184034 0.996774 -0.516078 0 0 0 1 
13001298760098;0.188558;0.232951;0.990862 0.00128102 -0.134873 0.325769 0.000400092 0.999923 0.0124365 -0.126187 0.134879 -0.0123768 0.990785 -0.536256 0 0 0 1 
13001298760099;0.958706;0.304282;0.972536 0.151004 0.177122 0.420341 -0.138299 0.986983 -0.08208 -0.450812 -0.187211 0.05533 0.98076 0.448652 0 0 0 1 
13001298760100;0.754489;0.303551;0.973599 0.0759425 -0.21526 0.24651 -0.136716 0.949181 -0.283485 0.204578 0.182792 0.30543 0.934505 0.777239 0 0 0 1 
13001298760101;0.427244;0.259233;0.973719 0.222065 0.0505816 1.04254 -0.222571 0.974906 0.00453221 0.364497 -0.0483058 -0.0156711 0.99871 -0.0631271 0 0 0 1 
13001298760102;0.55757;0.404271;0.991361 0.116098 -0.061032 0.541535 -0.116265 0.993218 0.000813508 0.246936 0.0607125 0.00628943 0.998135 0.0110774 0 0 0 1 
13001298760103;0.502682;0.355135;0.99625 -0.0795262 -0.0340788 0.0824555 0.0770763 0.994703 -0.0680105 0.0729362 0.0393069 0.0651288 0.997102 0.152253 0 0 0 1 
13001298760104;0.301846;0.249109;0.908416 -0.41463 -0.0534977 -0.72955 0.416089 0.909118 0.0193256 -1.54707 0.0406228 -0.0398155 0.998381 -0.146049 0 0 0 1 
13001298760105;0.905526;0.200636;0.972961 0.189918 -0.131449 0.90251 -0.201624 0.976003 -0.0822546 0.471114 0.112673 0.106534 0.987905 -0.688785 0 0 0 1 
13001298760106;0.994487;0.193908;0.935831 -0.349757 -0.043493 -0.8552 0.346087 0.935254 -0.0743169 -1.95415 0.0666699 0.0544956 0.996286 0.522003 0 0 0 1 
13001298760107;0.0362635;0.201055;0.994139 -0.100429 -0.0400192 -0.153024 0.100836 0.994869 0.00825866 -0.404655 0.0389845 -0.0122456 0.999165 -0.14164 0 0 0 1 
13001298760108;1.01768;0.267737;0.955486 -0.247399 -0.160748 -0.183374 0.245071 0.968892 -0.0344652 -0.872573 0.164274 -0.00646363 0.986394 -1.35688 0 0 0 1 
13001298760109;0.830454;0.222236;0.968755 -0.213708 -0.125864 -0.0988206 0.205296 0.975702 -0.0765403 -0.646141 0.139163 0.0483095 0.98909 -0.838562 0 0 0 1 
13001298760110;0.923517;0.398734;0.988771 -0.147885 -0.0214784 -0.564094 0.14379 0.980667 -0.13273 -0.435956 0.0406919 0.128151 0.990919 0.772991 0 0 0 1 
13001298760111;0.26829;0.216059;0.927982 -0.372613 0.00296404 -0.755623 0.372019 0.925989 -0.0643965 -1.35259 0.0212503 0.0608615 0.99792 0.136803 0 0 0 1 
13001298760112;0.495558;0.525196;0.982752 0.0728504 -0.169974 0.598799 -0.0606938 0.995285 0.0756579 0.389828 0.174684 -0.0640366 0.98254 -0.866188 0 0 0 1 
13001298760113;0.269314;0.265161;0.998663 0.051546 0.00382731 0.285961 -0.0513173 0.997632 -0.0457903 0.0792687 -0.00617856 0.0455326 0.998944 -0.0312164 0 0 0 1 
13001298760114;0.734561;0.262696;0.909632 -0.415403 -0.00302377 -1.02564 0.415055 0.909124 -0.0349619 -1.06956 0.0172723 0.0305475 0.999384 0.0918746 0 0 0 1 
13001298760115;0.321726;0.249402;0.992042 -0.123779 -0.0230523 -0.222822 0.122651 0.99142 -0.045198 -0.543941 0.0284491 0.0420109 0.998712 -0.194613 0 0 0 1 
13001298760116;1.15818;0.315425;0.979014 0.155874 -0.131281 1.46317 -0.170446 0.979409 -0.108197 0.556529 0.111712 0.128303 0.985423 0.680797 0 0 0 1 
13001298760117;0.977589;0.34764;0.965264 -0.206933 -0.159515 -0.350705 0.181654 0.970334 -0.159545 -0.87038 0.187797 0.125026 0.974218 0.495374 0 0 0 1 
13001298760118;0.349631;0.219924;0.963579 0.253905 0.0839448 0.900802 -0.253113 0.967227 -0.0201298 0.557827 -0.0863047 -0.00185088 0.996267 0.223696 0 0 0 1 
13001298760119;0.966956;0.302498;0.885698 -0.346752 -0.308711 -0.00836605 0.347455 0.936106 -0.0546036 -1.04761 0.30792 -0.0589007 0.949587 -1.81106 0 0 0 1 
13001298760120;0.820899;0.261209;0.996801 0.079529 0.00786781 0.759721 -0.0796385 0.996715 0.0147463 -0.0447501 -0.0066692 -0.0153257 0.99986 0.501599 0 0 0 1 
13001298760121;0.247186;0.200287;0.994547 -0.104235 0.00329774 -0.159743 0.104037 0.993855 0.0378008 -0.307482 -0.00721764 -0.0372516 0.99928 0.0537744 0 0 0 1 
13001298760122;0.958553;0.183261;0.99682 0.0313621 -0.0732534 0.455967 -0.023211 0.993706 0.109586 -0.812859 0.0762293 -0.107537 0.991274 -0.17342 0 0 0 1 
13001298760124;1.10954;0.108144;0.881359 -0.47156 0.0289403 -0.644537 0.467323 0.87916 0.093202 -3.30119 -0.0693934 -0.06862 0.995227 -0.275219 0 0 0 1 
13001298760125;0.573277;0.0764543;0.940389 0.0258843 -0.339115 0.684638 0.0979917 0.934194 0.343044 -0.803788 0.325679 -0.355825 0.875969 -2.90282 0 0 0 1 
13001298760126;0.254431;0.0870638;0.958554 0.220415 -0.180534 1.02025 -0.212511 0.975173 0.0622573 0.942444 0.189774 -0.0213116 0.981596 -0.833209 0 0 0 1 
13001298760127;0.992788;0.113186;0.909556 -0.362885 -0.202543 -0.657094 0.366171 0.930279 -0.0223716 -2.69227 0.196539 -0.053817 0.979018 -1.16636 0 0 0 1 
13001298760128;0.0799235;0.101469;0.999379 0.0344744 -0.00731565 0.0969224 -0.0348678 0.9974 -0.0630601 0.194497 0.00512267 0.0632761 0.997983 0.259078 0 0 0 1 
13001298760129;0.127861;0.108363;0.998307 -0.0353172 -0.0462172 0.00301215 0.03403 0.999019 -0.0283467 -0.0142306 0.047173 0.0267259 0.998529 -0.0576213 0 0 0 1 
13001298760130;0.557579;0.114137;0.967625 -0.237245 -0.0861191 -0.684726 0.233951 0.971128 -0.0466585 -1.26967 0.0947022 0.0250003 0.995192 0.118459 0 0 0 1 
13001298760131;0.697726;0.130793;0.984991 -0.170916 -0.0240885 0.0379322 0.164671 0.972343 -0.165626 -1.10266 0.0517305 0.159174 0.985894 0.399425 0 0 0 1 
13001298760132;0.915785;0.136841;0.978812 0.0115925 0.204433 0.0795806 -0.00350428 0.999198 -0.0398819 0.218912 -0.204732 0.0383205 0.978068 0.333798 0 0 0 1 
13001298760133;0.526097;0.117016;0.992085 0.100181 0.0757088 0.280515 -0.100475 0.99494 7.68186e-05 0.553007 -0.075318 -0.00768304 0.99713 0.863341 0 0 0 1 
13001298760134;0.640051;0.111619;0.992815 -0.0410462 -0.112399 0.189133 0.0362063 0.998341 -0.0447685 0.064165 0.11405 0.0403773 0.992654 0.195846 0 0 0 1 
13001298760135;0.744448;0.130961;0.939442 0.315089 -0.134791 1.43961 -0.318566 0.94789 -0.0044897 1.49863 0.126352 0.0471576 0.990864 0.133491 0 0 0 1 
13001298760136;0.470128;0.0831315;0.992653 0.113216 -0.0426936 0.0768845 -0.11344 0.993541 -0.00284895 0.532909 0.0420953 0.00767119 0.999084 -0.405487 0 0 0 1 
13001298760137;0.306436;0.0855204;0.963825 0.0650644 0.258471 0.127682 -0.00383454 0.973032 -0.23064 0.0409193 -0.266507 0.221306 0.938082 2.11606 0 0 0 1 
13001298760138;0.926249;0.099288;0.999337 -0.00506716 -0.0360589 -0.379283 0.00234329 0.997167 -0.0751843 -0.35517 0.0363377 0.0750499 0.996517 -0.528297 0 0 0 1 
13001298760139;0.738974;0.101573;0.9742 0.225585 -0.00670799 0.769978 -0.225572 0.972337 -0.0606561 1.19457 -0.0071607 0.0606043 0.998136 0.910293 0 0 0 1 
13001298760140;1.02616;0.103188;0.986729 0.13682 -0.0874456 0.205483 -0.138285 0.990332 -0.010896 0.510082 0.0851094 0.0228439 0.99611 -1.12522 0 0 0 1 
13001298760141;0.897713;0.103285;0.950335 -0.237513 0.201124 -0.835499 0.270619 0.949786 -0.157075 -1.73418 -0.153717 0.203702 0.96689 2.03128 0 0 0 1 
13001298760142;0.158181;0.0721555;0.998798 0.00609072 0.0486425 0.0054596 0.000396681 0.991215 -0.132259 0.187034 -0.0490207 0.13212 0.990021 0.706942 0 0 0 1 
13001298760143;0.631582;0.085646;0.926376 0.365836 -0.0893912 1.50657 -0.376095 0.886412 -0.269865 1.69807 -0.0194892 0.283616 0.95874 1.43828 0 0 0 1 
13001298760144;0.855274;0.12613;0.982967 -0.121599 -0.137804 0.444117 0.126578 0.991563 0.0279312 -0.513222 0.133245 -0.0448983 0.990066 -0.330724 0 0 0 1 
13001298760145;0.0426315;0.0723548;0.99918 -0.0318601 -0.0249656 -0.0751816 0.0305653 0.99825 -0.0506325 -0.0877437 0.0265351 0.0498279 0.998405 0.116564 0 0 0 1 
13001298760146;0.950154;0.097614;0.994197 0.016562 -0.10629 0.137521 -0.0193881 0.999484 -0.0256105 0.0238164 0.105811 0.0275226 0.994005 0.520683 0 0 0 1 
13001298760147;0.397392;0.0798235;0.948671 0.0952801 -0.30157 0.73462 -0.178477 0.948482 -0.261779 0.927639 0.261091 0.302166 0.916803 -0.177209 0 0 0 1 
13001298760148;0.554781;0.0779842;0.996928 -0.0735137 0.0270346 -0.239325 0.0773099 0.978956 -0.18886 -0.452623 -0.0125819 0.19037 0.981632 0.212783 0 0 0 1 
13001298760149;0.73823;0.0890042;0.999196 -0.0307025 -0.0257934 -0.00833508 0.0293117 0.998182 -0.0526693 0.251935 0.0273636 0.0518709 0.998279 0.697292 0 0 0 1 
13001298760150;0.886242;0.115465;0.969351 -0.245318 0.0133219 -0.295562 0.245679 0.968033 -0.0505291 -1.54464 -0.000500352 0.0522533 0.998634 -0.373661 0 0 0 1 
13001298760151;1.10427;0.181689;0.960439 0.221533 0.168759 1.51966 -0.247491 0.956814 0.152494 1.41812 -0.127688 -0.188227 0.97379 0.139653 0 0 0 1 
13001298760152;0.722566;0.0993435;0.955555 0.212781 0.204057 0.280019 -0.14205 0.938815 -0.313764 0.480804 -0.258335 0.270832 0.927315 2.38817 0 0 0 1 
13001298760153;0.343462;0.173001;0.984845 0.156097 -0.0755899 0.578975 -0.166434 0.97319 -0.15875 0.867348 0.048783 0.168925 0.984421 0.298326 0 0 0 1 
13001298760155;0.0682714;0.289834;0.997722 0.0582178 -0.0340895 -0.245116 -0.0568669 0.997606 0.0393412 0.0744052 0.0362983 -0.037313 0.998644 -0.0242233 0 0 0 1 
13001298760156;0.228778;0.283502;0.998015 -0.0404705 -0.0482472 -0.195325 0.0350211 0.993438 -0.108882 -0.0197303 0.0523371 0.106976 0.992883 -0.143476 0 0 0 1 
13001298760157;0.606065;0.279318;0.990005 0.139289 -0.0220958 -0.680641 -0.140685 0.98634 -0.0856745 0.0414786 0.00986047 0.0879268 0.996078 0.290967 0 0 0 1 
13001298760158;0.344682;0.313743;0.960318 -0.0604029 -0.272287 0.0946705 0.0300393 0.992988 -0.114335 0.0908882 0.277284 0.101619 0.955399 -1.08597 0 0 0 1 
13001298760159;0.780294;0.587138;0.995074 0.0270463 -0.0953784 0.271692 -0.0194562 0.996635 0.0796291 -0.0966327 0.0972111 -0.0773811 0.992251 -0.767476 0 0 0 1 
13001298760160;0.374691;0.360099;0.980038 0.189468 -0.0602232 -0.230788 -0.163838 0.94129 0.295178 0.439227 0.112614 -0.279419 0.953542 -0.0338266 0 0 0 1 
13001298760161;0.829311;0.22956;0.907726 0.0611662 0.415081 -0.811883 -0.0772089 0.996773 0.0219612 0.188496 -0.412399 -0.0519827 0.909519 2.06913 0 0 0 1 
13001298760162;0.477774;0.230894;0.96061 0.185783 -0.206671 -0.182964 -0.238235 0.933434 -0.268226 0.969486 0.143082 0.306897 0.940926 -0.116858 0 0 0 1 
13001298760163;0.737936;0.371295;0.995645 0.0210049 0.0908268 0.0446082 -0.0164233 0.998569 -0.0508993 -0.587149 -0.0917659 0.0491859 0.994565 0.722318 0 0 0 1 
13001298760164;0.306679;0.309602;0.984833 -0.0467812 -0.167076 -0.163502 0.00395506 0.968767 -0.247941 0.0315788 0.173457 0.24352 0.954259 -0.545909 0 0 0 1 
13001298760165;0.655134;0.320957;0.988759 -0.149486 -0.00301712 -0.724362 0.14948 0.987878 0.0418558 -0.729459 -0.0032763 -0.0418364 0.999119 -0.372194 0 0 0 1 
13001298760166;0.142166;0.292115;0.999641 0.000240548 0.0267956 -0.337146 0.00172635 0.997304 -0.0733564 -0.0221136 -0.026741 0.0733763 0.996946 0.113326 0 0 0 1 
13001298760167;0.73402;0.967361;0.991353 -0.0417928 0.124386 -0.607443 0.045257 0.998659 -0.0251552 -0.466804 -0.123168 0.030567 0.991915 0.990412 0 0 0 1 
13001298760168;0.457979;0.984966;0.999091 -0.0252822 0.0343257 -0.988658 0.030753 0.985035 -0.169586 -0.150298 -0.0295245 0.170488 0.984917 -0.0144826 0 0 0 1 
13001298760169;0.0971797;0.287945;0.997878 0.0613658 0.0217438 -0.285521 -0.0637936 0.988321 0.13839 0.0207619 -0.0129975 -0.139483 0.990139 0.0366762 0 0 0 1 
13001298760170;0.865636;1.02801;0.988496 -0.0344077 -0.147283 -1.06216 0.0202041 0.995092 -0.096869 -0.453746 0.149894 0.0927789 0.984339 0.0231862 0 0 0 1 
13001298760171;0.53187;0.380916;0.988751 -0.14022 0.0520491 -0.431969 0.121879 0.957056 0.263037 -0.76303 -0.0866972 -0.253735 0.963381 0.773567 0 0 0 1 
13001298760172;0.399772;0.383982;0.963782 0.101623 0.246571 -0.158239 -0.130248 0.986151 0.102668 0.30646 -0.232723 -0.131065 0.963671 1.1714 0 0 0 1 
13001298760173;0.409814;0.897395;0.971079 0.109399 0.212219 -0.758757 -0.0908294 0.991288 -0.0953877 -0.0396791 -0.220805 0.0733533 0.972556 0.897367 0 0 0 1 
13001298760174;0.230776;0.285699;0.995238 0.0296807 -0.0928446 -0.226282 -0.0310074 0.999436 -0.0128796 -0.155477 0.09241 0.0156971 0.995597 -0.105013 0 0 0 1 
13001298760175;0.184973;0.274458;0.994071 0.0671321 -0.0855336 -0.269134 -0.0757204 0.991952 -0.101476 0.22925 0.078033 0.107351 0.991154 -0.353285 0 0 0 1 
13001298760176;0.684651;0.696985;0.975318 -0.00807113 0.220658 -0.962329 -0.0516886 0.963219 0.263698 -0.497885 -0.21467 -0.268595 0.939028 0.533938 0 0 0 1 
13001298760177;0.712892;0.795375;0.999787 0.0142488 0.0149342 -0.425089 -0.00909997 0.953675 -0.300701 0.148091 -0.018527 0.300501 0.953602 -0.160927 0 0 0 1 
13001298760178;0.372998;0.953967;0.988666 0.0504102 0.141414 -0.908318 -0.0296558 0.988957 -0.145204 -0.253728 -0.147172 0.139364 0.979244 0.497004 0 0 0 1 
13001298760179;0.364497;0.317169;0.971278 0.121314 0.2047 -0.302443 -0.186772 0.921703 0.33997 0.2955 -0.14743 -0.368437 0.917888 0.74073 0 0 0 1 
13001298760180;0.444705;0.291536;0.984315 0.087957 -0.152931 -0.148726 0.00228481 0.860425 0.509573 -0.235433 0.176406 -0.501929 0.846728 -0.866619 0 0 0 1 
13001298760181;0.327893;0.306386;0.992369 0.00988928 0.122902 -0.403552 -0.00895461 0.999927 -0.00815503 -0.0984504 -0.122974 0.00699226 0.992385 0.409176 0 0 0 1 
13001298760182;0.549357;0.360116;0.992795 0.0770789 -0.0917422 -0.205806 -0.0715019 0.995474 0.0626026 -0.345505 0.0961523 -0.0555919 0.993813 0.0107152 0 0 0 1 
13001298760183;0.363905;0.340002;0.982555 0.0514683 -0.178706 -0.156081 -0.00580316 0.968958 0.247158 -0.238489 0.185879 -0.24181 0.952353 -0.403593 0 0 0 1 
13001298760184;0.185151;0.242964;0.976591 0.214827 0.0109184 -0.116797 -0.214791 0.97665 -0.00436783 0.616786 -0.0116018 0.00192041 0.999931 0.154204 0 0 0 1 
13001298760186;0.752269;0.511503;0.98693 -0.152891 0.0509356 -0.356061 0.153301 0.98817 -0.00422889 -0.525975 -0.0496865 0.0119821 0.998693 0.621496 0 0 0 1 
13001298760187;1.11885;0.441007;0.866489 -0.49101 0.0900293 -0.365697 0.495635 0.867704 -0.0378902 -2.29776 -0.0595143 0.0774531 0.995218 0.57568 0 0 0 1 
13001298760188;1.47853;0.449845;0.989655 -0.141767 0.0220057 -0.413812 0.139003 0.909579 -0.391593 -0.239962 0.0354989 0.390601 0.919876 0.123768 0 0 0 1 
13001298760189;0.694353;0.626312;0.998282 0.0240725 0.0534271 0.360911 -0.0216452 0.998727 -0.0455546 -0.553446 -0.0544558 0.0443198 0.997532 -0.0522815 0 0 0 1 
13001298760190;1.04867;0.355135;0.940829 -0.334426 -0.0547633 -0.676339 0.334083 0.942415 -0.0155909 -1.83036 0.0568238 -0.00362713 0.998378 -0.321945 0 0 0 1 
13001298760191;0.608395;0.574521;0.998826 -0.0470037 0.0117028 -0.109355 0.0471955 0.998746 -0.0166914 -0.443403 -0.0109036 0.0172241 0.999792 -0.295907 0 0 0 1 
13001298760192;0.728377;0.562634;0.963899 -0.237943 0.119511 -0.535443 0.238637 0.97107 0.00868188 -0.740574 -0.11812 0.0201513 0.992795 0.763987 0 0 0 1 
13001298760193;0.223967;0.513008;0.971392 -0.235258 0.0324371 -0.488422 0.233969 0.971458 0.0390863 -0.893515 -0.0407066 -0.0303788 0.998709 -0.00927823 0 0 0 1 
13001298760194;0.894476;0.43026;0.99703 -0.0597453 0.0485936 -0.115357 0.060715 0.997979 -0.0187281 -0.454347 -0.0473765 0.0216229 0.998643 -0.360541 0 0 0 1 
13001298760195;0.58478;0.62237;0.992602 0.121318 0.00491766 0.396748 -0.12134 0.992601 0.00452802 0.0157896 -0.00433194 -0.00509123 0.999978 0.25898 0 0 0 1 
13001298760196;0.904607;0.52895;0.979171 -0.202471 0.0151438 -0.777948 0.202548 0.979265 -0.00372799 -0.544987 -0.014075 0.00671769 0.999878 -0.307226 0 0 0 1 
13001298760197;0.286883;0.389606;0.955529 -0.294366 0.017703 -0.612219 0.29376 0.955394 0.0304526 -1.26019 -0.0258776 -0.0238979 0.999379 0.0831113 0 0 0 1 
13001298760198;1.24998;1.24106;0.979814 0.188348 0.0670078 0.293998 -0.188269 0.982089 -0.00754799 0.174418 -0.0672293 -0.00521985 0.997724 -0.314911 0 0 0 1 
13001298760199;1.55468;0.505121;0.960904 -0.126354 -0.246368 0.197083 0.127576 0.991767 -0.0110602 -0.483855 0.245737 -0.020803 0.969113 -1.45922 0 0 0 1 
13001298760200;0.663257;0.386844;0.994726 -0.102117 0.00963008 -0.439485 0.101935 0.994632 0.0177779 -0.888428 -0.0113938 -0.0167024 0.999796 -0.0773858 0 0 0 1 
13001298760201;0.427557;0.701323;0.999608 -0.00479905 0.0275694 -0.038574 0.00143393 0.992675 0.120805 -0.534517 -0.0279472 -0.120719 0.992293 -0.386956 0 0 0 1 
13001298760202;1.14516;1.05035;0.949482 -0.312246 -0.0314017 -0.611883 0.313791 0.946026 0.0810526 -1.75883 0.00439848 -0.0868116 0.996215 -0.998271 0 0 0 1 
13001298760203;0.345194;0.651534;0.999376 0.0343573 -0.0081466 0.149142 -0.0337041 0.996977 0.0700086 -0.251486 0.0105273 -0.0696904 0.997513 -0.099681 0 0 0 1 
13001298760204;0.987501;0.631424;0.938775 -0.343087 0.0315021 -0.909464 0.342797 0.9393 0.0143542 -1.12845 -0.0345147 -0.00267652 0.999401 -0.476947 0 0 0 1 
13001298760205;1.27725;0.545127;0.960377 -0.278276 0.0154505 0.00185188 0.278198 0.960498 0.00704027 -1.19861 -0.0167993 -0.00246303 0.999856 0.605841 0 0 0 1 
13001298760206;0.732057;0.451555;0.994906 0.0913605 0.0426102 0.0952562 -0.0758095 0.956673 -0.281124 0.0500678 -0.0664476 0.276461 0.958725 1.25394 0 0 0 1 
13001298760207;0.280311;0.431678;0.938241 -0.303212 -0.166632 -0.405777 0.311571 0.94987 0.0259038 -1.14615 0.150424 -0.0762216 0.985679 -0.459394 0 0 0 1 
13001298760208;0.976835;0.432579;0.991738 -0.110077 0.0658702 -0.0398261 0.110368 0.99389 -0.000777803 -0.9937 -0.0653821 0.00804134 0.997828 0.638763 0 0 0 1 
13001298760209;0.510095;0.477915;0.991176 -0.130025 -0.0257615 0.0197336 0.129453 0.991324 -0.022762 -0.735786 0.0284976 0.0192263 0.999409 -0.170727 0 0 0 1 
13001298760210;0.786915;0.749943;0.948929 -0.272508 0.158977 -0.61236 0.272994 0.961824 0.0192064 -0.816396 -0.158141 0.0251741 0.987096 0.258769 0 0 0 1 
13001298760211;0.331308;0.542923;0.993045 -0.116032 0.0199344 -0.211542 0.109669 0.973262 0.201827 -0.727935 -0.0428198 -0.198237 0.979218 -0.206403 0 0 0 1 
13001298760212;0.525518;0.529204;0.992244 -0.0776875 0.0970365 -0.406024 0.0764187 0.996935 0.0167294 -0.544767 -0.0980388 -0.00918421 0.99514 0.0606363 0 0 0 1 
13001298760213;1.26584;0.447262;0.991547 -0.123195 0.0407055 0.163687 0.12718 0.984949 -0.117048 -0.483286 -0.0256731 0.121236 0.992292 1.1048 0 0 0 1 
13001298760214;1.19532;1.34908;0.930067 -0.177195 0.321835 0.0648295 0.145593 0.982047 0.119945 -0.773661 -0.337311 -0.0646997 0.939167 0.968595 0 0 0 1 
13001298760215;0.473246;0.601239;0.996603 0.0814668 -0.0120823 0.252797 -0.0800785 0.992812 0.0889536 -0.378978 0.0192423 -0.0876838 0.995962 -0.233581 0 0 0 1 
13001298760217;0.222897;0.0950425;0.995031 -0.0803643 -0.0587779 -0.133773 0.0835947 0.994995 0.0547353 -0.40192 0.054085 -0.0593768 0.996769 -0.256575 0 0 0 1 
13001298760218;0.56062;0.131258;0.973833 0.11988 0.193076 0.632584 -0.166465 0.95464 0.246885 0.243692 -0.154721 -0.272565 0.949616 -0.136767 0 0 0 1 
13001298760219;1.35156;0.0692537;0.995619 -0.0930437 0.00928745 -0.329956 0.0930155 0.995659 0.00342523 -0.0731874 -0.00956582 -0.00254635 0.999951 0.973182 0 0 0 1 
13001298760220;0.477483;0.11538;0.921796 -0.212783 0.324061 -0.24453 0.171552 0.973499 0.151229 -0.601308 -0.347652 -0.0838091 0.93387 1.297 0 0 0 1 
13001298760221;0.489369;0.174472;0.950005 -0.110497 0.292029 -0.164948 0.0669591 0.985625 0.155111 -0.438145 -0.30497 -0.127802 0.943748 1.04185 0 0 0 1 
13001298760222;1.04527;0.0803383;0.99726 0.0387486 0.0630129 -0.302093 -0.0542433 0.962235 0.26676 -0.480654 -0.0502966 -0.269447 0.961701 -0.848926 0 0 0 1 
13001298760223;0.25956;0.0766837;0.970781 0.104556 0.215991 0.20153 -0.123286 0.989525 0.0751095 0.431088 -0.205875 -0.0995436 0.973502 0.444052 0 0 0 1 
13001298760224;0.137794;0.0706901;0.999222 0.0062221 -0.0389466 0.0156928 -0.00594108 0.999956 0.00732693 0.0460334 0.0389904 -0.00708984 0.999214 -0.0578119 0 0 0 1 
13001298760225;1.05742;0.0633846;0.912672 -0.0125824 0.408499 -0.527298 0.0276417 0.999138 -0.0309822 -0.265024 -0.407757 0.0395682 0.912233 1.7718 0 0 0 1 
13001298760226;1.15936;0.0846826;0.984634 0.174597 -0.00336202 -0.0639929 -0.174627 0.984531 -0.0142991 0.581309 0.000813432 0.0146665 0.999892 0.629054 0 0 0 1 
13001298760227;0.324156;0.0767253;0.937085 0.334662 -0.0993674 1.30297 -0.344698 0.93206 -0.11157 1.20509 0.0552781 0.138802 0.988776 0.255539 0 0 0 1 
13001298760228;1.39459;0.0662987;0.930537 -0.113727 0.34809 -0.63927 0.220909 0.932448 -0.285902 -0.0316819 -0.292061 0.342939 0.892801 1.85139 0 0 0 1 
13001298760229;0.664996;0.104111;0.965431 -0.0233603 0.259611 -0.174893 -0.0466092 0.964453 0.260112 0.111993 -0.256459 -0.26322 0.930024 0.670908 0 0 0 1 
13001298760230;0.977712;0.10147;0.955385 -0.29505 0.0136071 -0.504445 0.291846 0.950092 0.110233 -1.56057 -0.0454522 -0.101344 0.993813 -0.637948 0 0 0 1 
13001298760231;0.367575;0.0721779;0.890931 0.368353 0.26563 1.272 -0.382107 0.924118 0.000109515 1.21918 -0.245433 -0.101596 0.964075 0.543482 0 0 0 1 
13001298760232;0.090517;0.0990145;0.995826 0.0500082 -0.076356 0.23276 -0.0523992 0.998186 -0.0296371 0.280628 0.0747354 0.0335144 0.99664 -0.163286 0 0 0 1 
13001298760233;0.668099;0.0992475;0.972265 -0.233684 -0.00965126 -0.154426 0.233881 0.971244 0.0445544 -0.593907 -0.00103795 -0.0455759 0.99896 -0.0551243 0 0 0 1 
13001298760234;0.755306;0.0567642;0.993251 0.111765 -0.0310081 0.194445 -0.104558 0.978512 0.177713 0.0152728 0.0502038 -0.173272 0.983594 -0.174074 0 0 0 1 
13001298760235;0.973297;0.086102;0.998621 0.0390818 -0.0350479 0.152673 -0.0383133 0.999016 0.0223374 -0.487161 0.0358864 -0.0209638 0.999136 -0.386752 0 0 0 1 
13001298760236;0.97211;0.173243;0.962221 -0.113769 -0.247362 0.239708 0.162494 0.968933 0.186451 -0.831468 0.218465 -0.219602 0.950814 -1.93544 0 0 0 1 
13001298760237;0.48343;0.109913;0.998042 0.0486738 0.0392922 0.118953 -0.0478921 0.99864 -0.0205968 -0.0629474 -0.0402413 0.0186747 0.999015 0.0728906 0 0 0 1 
13001298760238;0.245894;0.0989049;0.997228 0.0740367 -0.00738248 0.265577 -0.074368 0.99491 -0.0679951 0.228825 0.00231076 0.0683557 0.997658 0.318971 0 0 0 1 
13001298760239;0.597612;0.0839072;0.934652 0.353465 -0.0385733 1.34695 -0.349213 0.932953 0.0874592 1.03352 0.0669008 -0.0682736 0.995421 -0.773961 0 0 0 1 
13001298760240;0.379328;0.0509087;0.998423 -0.053354 0.0174403 -0.114522 0.0521214 0.996537 0.0647936 -0.121426 -0.0208369 -0.0637824 0.997746 0.181294 0 0 0 1 
13001298760241;0.905295;0.065354;0.998827 -0.0371112 -0.0310966 0.470524 0.0427498 0.977498 0.206567 0.0221254 0.0227309 -0.207654 0.977938 -0.793396 0 0 0 1 
13001298760242;0.886526;0.0897565;0.923039 -0.336303 0.186814 -1.02276 0.308893 0.93734 0.16118 -1.339 -0.229314 -0.0910695 0.969083 0.150765 0 0 0 1 
13001298760243;0.836676;0.0515563;0.950074 0.24611 0.191805 0.96205 -0.228867 0.967477 -0.107744 0.505157 -0.212084 0.0584666 0.975501 0.521601 0 0 0 1 
13001298760244;1.22657;0.0635179;0.993125 0.116754 -0.00840948 0.932999 -0.116718 0.993154 0.00467415 0.618056 0.00889764 -0.00366047 0.999954 0.599828 0 0 0 1 
13001298760245;1.14759;0.157666;0.999853 -0.017038 0.00196409 -0.750573 0.0171435 0.996199 -0.0854055 0.283878 -0.000501488 0.0854266 0.996344 0.0497815 0 0 0 1 
13001298760246;0.304771;0.110438;0.94207 0.276052 -0.190523 1.11071 -0.280096 0.959954 0.00591979 0.993433 0.184527 0.0477878 0.981665 -0.621993 0 0 0 1 
13001298760248;0.0489943;0.541523;0.991863 -0.127301 -0.00152627 -0.54815 0.127302 0.991582 0.0236457 -0.812327 -0.00149671 -0.0236476 0.999719 -0.169799 0 0 0 1 
13001298760249;0.420407;0.430896;0.997885 0.0595543 -0.0260397 0.121537 -0.059107 0.998096 0.0176237 -0.331723 0.0270397 -0.0160473 0.999506 -0.507892 0 0 0 1 
13001298760250;0.517589;0.584925;0.991714 -0.108843 0.0682435 -0.56012 0.105595 0.993175 0.0495364 -0.722658 -0.0731694 -0.0419197 0.996438 0.463944 0 0 0 1 
13001298760251;0.918817;0.720114;0.979344 -0.197416 0.0437285 -0.330868 0.193268 0.977496 0.0845516 -0.745981 -0.0594362 -0.0743538 0.995459 -0.414333 0 0 0 1 
13001298760252;0.624083;0.501446;0.997247 0.00716046 -0.0738101 -0.0818127 -0.00927918 0.999554 -0.0284022 0.144183 0.0735738 0.0290089 0.996868 -0.156959 0 0 0 1 
13001298760253;0.848575;1.08878;0.969176 -0.219324 0.11223 -0.643062 0.206549 0.971639 0.115131 -1.43036 -0.134298 -0.088401 0.98699 0.708742 0 0 0 1 
13001298760254;0.316984;0.55102;0.993859 -0.0723673 -0.0837045 -0.137672 0.0605427 0.988848 -0.136066 -0.50423 0.0926178 0.130163 0.987157 0.180282 0 0 0 1 
13001298760255;0.292142;0.937484;0.987378 -0.093722 -0.127678 -0.48295 0.091512 0.995536 -0.0230796 -0.984825 0.129271 0.0111043 0.991547 -0.494343 0 0 0 1 
13001298760256;0.288912;0.53;0.990472 -0.137101 0.0129919 -0.659798 0.1374 0.990177 -0.0259077 -0.930876 -0.00931226 0.0274459 0.99958 0.23956 0 0 0 1 
13001298760257;0.0896223;0.632799;0.996785 -0.0699709 0.0390228 -0.264317 0.0649383 0.99089 0.117983 -0.794607 -0.0469226 -0.115069 0.992249 -0.306294 0 0 0 1 
13001298760258;0.918056;0.755175;0.996707 0.0117454 0.0802298 0.0849673 -0.0169094 0.997807 0.0639912 0.155369 -0.0793023 -0.0651371 0.99472 0.0230416 0 0 0 1 
13001298760259;0.628443;0.532436;0.994961 -0.0997638 0.0100215 -0.622764 0.0991339 0.993778 0.0507687 -0.528603 -0.015024 -0.0495194 0.99866 -0.602616 0 0 0 1 
