#;prob_registration_l1 -r /home/probabilistic_point_clouds_registration/build/tester /home/point_clouds_registration_benchmark//devel/registration_pairs/box_met_local.txt /home/point_clouds_registration_benchmark//planetary/box_met -s 0.2 -t 0.2 -p 0.3 -r 1000 -m 20 -i 40 
id;initial_error;final_error;transformation
7680147070000;1.79635;2.69883;0.879452 0.188557 0.437048 -8.1842 -0.130718 0.978563 -0.159147 -4.69708 -0.457687 0.0828324 0.885247 -31.9654 0 0 0 1 
7680147070001;0.811107;2.62382;0.982703 0.165865 0.0823677 -4.6065 -0.143591 0.963319 -0.226712 -4.66642 -0.11695 0.210964 0.970473 -12.017 0 0 0 1 
7680147070002;1.49386;2.62376;0.960618 -0.00370525 -0.277846 -4.10403 -0.0708804 0.963566 -0.25791 -1.06268 0.268679 0.267447 0.925356 8.62849 0 0 0 1 
7680147070003;0.946768;2.57544;0.984767 0.172244 -0.0238035 -5.76041 -0.173593 0.966003 -0.19158 -7.68636 -0.0100042 0.192793 0.981188 -3.66224 0 0 0 1 
7680147070004;1.43077;3.52144;0.998509 -0.00524952 -0.0543316 -1.77516 -0.00188412 0.991457 -0.130421 1.94482 0.0545521 0.130329 0.989969 0.0351952 0 0 0 1 
7680147070005;0.312811;3.01454;0.991743 0.119165 0.0473952 -3.33607 -0.119991 0.992662 0.0149862 -2.57453 -0.0452616 -0.0205494 0.998764 -3.40326 0 0 0 1 
7680147070006;1.56238;3.0137;0.999879 -0.00577016 -0.0144137 -1.06432 0.00603931 0.999807 0.0186999 3.52193 0.014303 -0.0187847 0.999721 -1.64315 0 0 0 1 
7680147070007;1.77223;3.15899;0.967849 0.14191 0.207675 -4.19524 -0.187801 0.956948 0.221318 -4.86222 -0.167327 -0.253204 0.952832 -8.87433 0 0 0 1 
7680147070008;0.368314;3.1352;0.976799 0.198848 0.0795132 -6.03985 -0.199601 0.979876 0.00155532 -7.10015 -0.0776038 -0.0173901 0.996833 -5.22955 0 0 0 1 
7680147070009;2.02654;2.83565;0.999527 -0.0238075 0.0194867 -1.77061 0.0252493 0.996678 -0.0774355 4.38784 -0.0175784 0.0778909 0.996807 -6.19573 0 0 0 1 
7680147070010;1.67484;2.85719;0.990763 0.0175434 -0.134464 -2.90865 -0.0191653 0.999758 -0.010777 2.19532 0.134242 0.0132545 0.99086 8.93102 0 0 0 1 
7680147070011;1.58383;3.10718;0.976038 0.0671512 0.20698 -3.15878 0.00938621 0.937314 -0.348358 2.53606 -0.217398 0.341954 0.914224 -18.2881 0 0 0 1 
7680147070012;1.55669;2.67997;0.996058 0.0428673 0.0776595 -3.63663 -0.0259586 0.978015 -0.206911 1.34154 -0.0848219 0.204079 0.975273 -7.72703 0 0 0 1 
7680147070013;1.90796;2.8589;0.991664 0.128769 0.00456275 -4.23677 -0.127333 0.973955 0.187613 -2.80404 0.0197148 -0.18663 0.982232 0.821517 0 0 0 1 
7680147070014;1.7784;2.68522;0.991235 0.129374 -0.0267667 -4.28683 -0.131221 0.987628 -0.0858608 -3.65659 0.0153274 0.0886206 0.995948 -3.89903 0 0 0 1 
7680147070015;0.363704;3.10559;0.997342 -0.0151854 -0.0712596 -2.86457 0.0401948 0.930418 0.364291 9.64691 0.0607693 -0.366187 0.928555 8.76034 0 0 0 1 
7680147070016;0.265959;2.6153;0.997667 0.0658641 0.0179843 -2.75729 -0.0666531 0.996644 0.047512 0.0392332 -0.0147946 -0.0485999 0.998709 -1.17122 0 0 0 1 
7680147070017;0.994504;2.82109;0.99906 0.0333773 -0.0276662 -2.98521 -0.0329256 0.99932 0.0166226 1.62107 0.0282022 -0.015696 0.999479 -0.173904 0 0 0 1 
7680147070018;1.14391;2.96341;0.919815 0.0944039 -0.380826 -11.0978 -0.0969049 0.995213 0.0126501 -1.15302 0.380197 0.0252681 0.92456 20.833 0 0 0 1 
7680147070019;1.59901;2.48903;0.997168 0.0742593 0.011861 -2.05516 -0.0742751 0.997237 0.000897986 0.388639 -0.0117615 -0.00177642 0.999929 -1.1691 0 0 0 1 
7680147070020;1.99055;3.14914;0.975674 0.0272905 0.217522 -4.35972 -0.0513224 0.993083 0.105608 2.23275 -0.213135 -0.114203 0.970325 -10.242 0 0 0 1 
7680147070021;1.30849;2.74484;0.965172 -0.0391653 -0.258667 -4.95899 0.0905286 0.977647 0.189764 10.9181 0.245453 -0.206572 0.947143 15.6482 0 0 0 1 
7680147070022;0.490232;3.08393;0.998142 -0.0327122 0.0514018 -1.53923 0.0304849 0.998587 0.0435345 5.70069 -0.0527533 -0.0418866 0.997729 -2.79555 0 0 0 1 
7680147070023;1.93092;2.27369;0.986045 0.161801 0.0391967 -4.5893 -0.154437 0.976919 -0.147577 -3.9777 -0.0621701 0.139464 0.988274 -6.14483 0 0 0 1 
7680147070024;2.01577;3.45794;0.983492 0.115741 -0.139096 -4.44811 -0.0875159 0.977049 0.194208 -0.586176 0.158381 -0.178829 0.971049 10.0042 0 0 0 1 
7680147070025;1.53658;3.04036;0.957131 -0.0576025 -0.283869 -4.38015 0.0189173 0.990365 -0.13718 3.16997 0.289036 0.125929 0.948999 11.5855 0 0 0 1 
7680147070026;1.23157;2.90601;0.987946 0.145682 0.0523396 -4.2333 -0.149504 0.985634 0.0785742 -3.42282 -0.0401408 -0.0854521 0.995533 -0.34506 0 0 0 1 
7680147070027;1.05263;3.05388;0.941533 0.0332321 0.335278 -4.7234 -0.0884843 0.984582 0.150893 -0.0512622 -0.325094 -0.171738 0.929957 -17.4201 0 0 0 1 
7680147070028;0.137424;2.92042;0.998434 0.0545843 0.0122852 -2.69678 -0.0547189 0.998442 0.010899 0.569645 -0.0116711 -0.0115542 0.999865 -1.28152 0 0 0 1 
7680147070029;1.81513;2.14663;0.997479 0.0243393 -0.0666603 -3.34123 -0.0260871 0.999335 -0.0254745 3.46986 0.0659959 0.0271492 0.99745 3.1608 0 0 0 1 
7680147070031;0.429088;0.550504;0.972388 -0.0388618 -0.23011 -1.66424 0.041246 0.999134 0.00555814 0.647338 0.229694 -0.0148958 0.973149 1.84202 0 0 0 1 
7680147070032;0.91489;0.870622;0.996024 0.00260417 0.0890449 -0.113534 -0.0110805 0.995432 0.0948308 0.947061 -0.0883912 -0.0954404 0.991503 0.808214 0 0 0 1 
7680147070033;0.415478;0.374433;0.979891 0.0302927 0.197218 -0.52303 0.0301624 0.954561 -0.296484 -0.0921763 -0.197238 0.296471 0.934453 -9.25753 0 0 0 1 
7680147070034;0.600344;0.625941;0.983378 -0.0546952 -0.173137 -0.866146 0.0248663 0.985134 -0.169976 -0.168982 0.17986 0.162846 0.970119 -1.41575 0 0 0 1 
7680147070035;0.44843;0.538076;0.997081 0.0187367 0.0740202 -0.915998 -0.0337332 0.977782 0.206894 1.36142 -0.068499 -0.208787 0.975559 2.95738 0 0 0 1 
7680147070036;0.879785;0.371427;0.999812 -0.0148634 -0.0124198 -2.19224 0.0145193 0.99952 -0.0273576 1.02435 0.0128204 0.0271722 0.999549 -0.981023 0 0 0 1 
7680147070037;0.82527;0.381327;0.999759 0.0120734 0.0183182 -0.837771 -0.0126496 0.999418 0.03167 0.607285 -0.0179252 -0.0318941 0.999331 2.12058 0 0 0 1 
7680147070038;0.802274;0.410121;0.978092 0.00976846 0.207945 -0.559719 -0.0696895 0.956628 0.282853 2.80499 -0.196163 -0.291147 0.936351 4.5558 0 0 0 1 
7680147070039;1.33952;0.617866;0.998997 0.0445175 0.00481637 -4.05255 -0.0446357 0.998608 0.0280975 0.436823 -0.00355883 -0.0282843 0.999594 1.37188 0 0 0 1 
7680147070040;0.158831;0.417757;0.99962 -0.00569189 -0.0269601 -0.841563 0.00255912 0.993381 -0.114839 -0.288369 0.0274353 0.114726 0.993018 -2.30785 0 0 0 1 
7680147070041;1.36617;0.521645;0.999248 -0.0053952 0.0384085 -0.939033 0.00389364 0.999229 0.0390623 0.680868 -0.0385896 -0.0388834 0.998498 -2.60422 0 0 0 1 
7680147070042;0.46675;0.495964;0.996926 0.0114924 0.0774999 -0.551889 0.00438038 0.97946 -0.201591 -0.435614 -0.0782248 0.201311 0.976399 -5.95784 0 0 0 1 
7680147070043;1.14629;1.03931;0.964039 0.0585566 0.25923 -0.360669 0.00153747 0.974179 -0.225772 -0.614864 -0.265757 0.218051 0.939056 -7.46699 0 0 0 1 
7680147070044;0.702038;0.404191;0.999285 -0.00581012 -0.0373651 -0.956563 0.00873161 0.996875 0.0785064 1.13605 0.0367922 -0.0787765 0.996213 3.35371 0 0 0 1 
7680147070045;0.887978;0.658668;0.999421 -0.0157118 0.0301692 -0.623576 0.0157579 0.999875 -0.00129258 0.764142 -0.0301451 0.00176723 0.999544 -1.64866 0 0 0 1 
7680147070046;0.520495;0.418996;0.995162 -0.0012739 0.0982383 -0.175104 0.0182103 0.984981 -0.171699 -0.183057 -0.0965441 0.172657 0.980239 -5.87699 0 0 0 1 
7680147070047;1.3778;0.751724;0.995927 0.0436126 -0.0789175 -4.64759 -0.0193706 0.958293 0.285132 3.13197 0.0880614 -0.282442 0.955234 8.02116 0 0 0 1 
7680147070048;1.12108;1.12059;0.999986 0.00436918 0.00314055 -0.229126 -0.0042211 0.998946 -0.0457036 -0.305293 -0.00333693 0.0456897 0.99895 -0.819203 0 0 0 1 
7680147070049;0.932757;0.531315;0.996857 -0.0451761 -0.0650723 -0.842254 0.035628 0.989359 -0.141064 0.780154 0.0707526 0.138302 0.98786 -0.980979 0 0 0 1 
7680147070050;1.2993;0.467088;0.95508 -0.0376968 -0.29394 -4.21948 0.00291944 0.993025 -0.117866 0.182401 0.296333 0.111714 0.948529 -0.050039 0 0 0 1 
7680147070051;0.92457;0.597436;0.997697 0.0190438 0.0650971 -0.573722 -0.035239 0.965609 0.2576 1.35039 -0.0579527 -0.259301 0.964056 3.11106 0 0 0 1 
7680147070052;0.840224;0.764138;0.963913 -0.0320112 -0.264286 -1.6799 0.0748977 0.985254 0.153832 2.50014 0.255464 -0.168075 0.952097 6.99347 0 0 0 1 
7680147070053;0.82655;0.528582;0.999995 -0.00154831 0.00275999 -0.360045 0.00157419 0.999955 -0.00939798 0.349219 -0.00274531 0.00940228 0.999952 1.16592 0 0 0 1 
7680147070054;0.270576;0.489054;0.998542 0.0147573 0.0519291 -1.06169 -0.0174328 0.998523 0.0514526 0.402011 -0.0510932 -0.0522828 0.997324 0.458006 0 0 0 1 
7680147070055;0.73698;0.489388;0.983986 -0.111316 -0.139212 0.74962 0.0408265 0.901004 -0.431886 0.472132 0.173507 0.419286 0.89112 -6.85686 0 0 0 1 
7680147070056;0.896614;0.486819;0.999016 -0.0367261 -0.0248612 -0.330431 0.0361583 0.999083 -0.022915 0.543962 0.02568 0.0219935 0.999428 -2.37659 0 0 0 1 
7680147070057;0.403726;0.420803;0.998304 0.0132462 0.0566886 -1.47901 -0.0109926 0.999144 -0.0398829 0.285893 -0.0571684 0.0391921 0.997595 -1.51439 0 0 0 1 
7680147070058;0.771956;0.566353;0.993176 0.0221058 0.114508 -1.27104 -0.00269247 0.985956 -0.166986 -0.176512 -0.116591 0.165538 0.979287 -6.5205 0 0 0 1 
7680147070059;0.054331;0.366686;0.999818 -0.00142035 0.0190141 -0.52485 0.0015539 0.999974 -0.00701079 0.227345 -0.0190037 0.00703906 0.999795 -0.587875 0 0 0 1 
7680147070060;0.252286;0.387077;0.999657 0.022322 0.0137208 -1.20235 -0.0252428 0.960839 0.275957 2.2381 -0.00702355 -0.276208 0.961072 5.29221 0 0 0 1 
7680147070062;0.694613;2.14521;0.997265 0.0184569 0.0715628 1.89841 -0.0208966 0.99922 0.0334939 -1.21506 -0.0708888 -0.0348977 0.996874 -1.29597 0 0 0 1 
7680147070063;0.642429;2.01433;0.999488 -0.0214334 -0.0237545 2.75245 0.0213906 0.999769 -0.00205292 -0.253161 0.023793 0.00154375 0.999716 0.196886 0 0 0 1 
7680147070064;1.73702;2.18113;0.996672 -0.0687926 -0.043741 1.73097 0.0579539 0.975266 -0.213304 -0.0347547 0.0573328 0.210059 0.976006 -3.30503 0 0 0 1 
7680147070065;2.03958;2.53942;0.98223 -0.00777327 -0.187519 -0.625078 0.0353941 0.988886 0.144403 1.69745 0.184312 -0.148474 0.971589 6.29928 0 0 0 1 
7680147070066;1.4044;2.02914;0.996042 -0.0193214 0.0867567 1.47543 0.0308471 0.990563 -0.133545 -0.149939 -0.0833577 0.135692 0.987238 -4.17494 0 0 0 1 
7680147070067;2.44929;1.87925;0.994282 -0.0931769 -0.0521623 3.47316 0.0940774 0.995451 0.0150768 1.00095 0.0505202 -0.0198979 0.998525 -0.89817 0 0 0 1 
7680147070068;0.72785;2.04729;0.996973 -0.055234 -0.0547114 2.70669 0.0531197 0.997812 -0.0393737 0.124713 0.0567664 0.0363483 0.997726 1.82389 0 0 0 1 
7680147070069;0.403431;1.98411;0.996098 -0.0454853 0.0756355 3.30288 0.0729929 0.90631 -0.416263 0.36918 -0.0496153 0.420159 0.906093 -8.85497 0 0 0 1 
7680147070070;2.46104;2.6051;0.930305 -0.138145 -0.339776 1.36843 0.060278 0.971349 -0.229886 -0.919026 0.361799 0.193383 0.911978 3.5868 0 0 0 1 
7680147070071;1.40642;1.84521;0.946064 0.0368293 0.321881 2.01581 -0.0792281 0.989652 0.11963 -1.39628 -0.314144 -0.13868 0.939192 -6.78519 0 0 0 1 
7680147070072;0.468235;1.87798;0.997518 -0.0147098 -0.0688537 1.8039 0.0141832 0.999866 -0.00813117 -0.304307 0.0689641 0.00713443 0.997594 1.39285 0 0 0 1 
7680147070073;0.953779;2.10008;0.995557 0.0134724 0.0931881 2.34674 0.0055425 0.979609 -0.200836 -1.21777 -0.0939936 0.200461 0.975182 -4.8766 0 0 0 1 
7680147070074;0.189263;1.95436;0.998322 -0.0570832 -0.00971968 2.9325 0.0545436 0.983388 -0.17313 -0.42062 0.019441 0.172309 0.984851 -2.41085 0 0 0 1 
7680147070075;2.44638;2.28769;0.964437 -0.124293 -0.233263 4.30592 0.0483025 0.950551 -0.306788 -1.17165 0.25986 0.284611 0.922751 1.74952 0 0 0 1 
7680147070076;2.31741;2.31975;0.996537 -0.0150328 -0.0817778 2.31958 0.0124153 0.999397 -0.0324222 -0.715167 0.0822159 0.0312946 0.996123 3.68649 0 0 0 1 
7680147070077;2.21484;2.1584;0.999117 -0.0394344 -0.0144738 4.46955 0.0376221 0.993301 -0.109257 -0.611926 0.0186854 0.108616 0.993908 0.740209 0 0 0 1 
7680147070078;0.226189;2.22018;0.99194 0.0215826 -0.124853 1.1558 0.021 0.943753 0.329983 2.54672 0.124953 -0.329945 0.935694 8.49109 0 0 0 1 
7680147070079;1.94297;2.23641;0.994495 0.0362053 0.0983265 1.04102 -0.0110228 0.969349 -0.245441 -1.24461 -0.104199 0.243006 0.964412 -7.22761 0 0 0 1 
7680147070080;2.14298;2.14613;0.998788 -0.0489503 -0.00520341 2.4416 0.046972 0.979333 -0.196723 -0.170415 0.0147255 0.19624 0.980445 -0.460955 0 0 0 1 
7680147070081;1.69906;1.98141;0.997228 -0.0300272 0.0680719 3.69829 0.038077 0.992016 -0.120225 -0.643357 -0.0639184 0.122484 0.99041 -2.13387 0 0 0 1 
7680147070082;2.0972;2.11525;0.959133 -0.149163 -0.240446 2.10786 0.0785643 0.956741 -0.280132 0.252434 0.27183 0.249794 0.929361 3.87932 0 0 0 1 
7680147070083;0.59076;1.78447;0.999869 -0.0079325 0.0141045 2.13706 0.0120593 0.946464 -0.322585 -1.03115 -0.0107905 0.322713 0.946435 -6.27298 0 0 0 1 
7680147070084;0.946739;2.45149;0.999066 -0.0291016 -0.0319411 3.80487 0.0294851 0.999498 0.0115997 -0.186359 0.0315875 -0.0125307 0.999422 1.97118 0 0 0 1 
7680147070085;1.67199;2.27217;0.961023 0.00264495 -0.276455 0.315082 0.093033 0.938545 0.332384 4.51893 0.260345 -0.345148 0.901717 13.2826 0 0 0 1 
7680147070086;1.58068;2.13464;0.999608 0.0152448 -0.0234855 1.67053 -0.0148305 0.999733 0.0177115 -1.3187 0.0237493 -0.0173563 0.999567 -0.709831 0 0 0 1 
7680147070087;0.945675;2.04924;0.994048 -0.0303128 -0.104643 1.45357 0.00796459 0.978162 -0.207694 -1.81407 0.108653 0.205624 0.972581 -1.17083 0 0 0 1 
7680147070088;1.00125;2.96584;0.980384 -0.0194061 0.196138 4.01198 0.0221063 0.999688 -0.0115868 -1.2027 -0.195852 0.0156954 0.980508 -5.17003 0 0 0 1 
7680147070089;1.42162;2.44232;0.998332 -0.0200462 0.0541496 3.29901 0.0186556 0.999486 0.0260649 -0.555418 -0.0546443 -0.0250112 0.998193 0.744044 0 0 0 1 
7680147070090;0.678915;2.07662;0.995755 -0.0817483 -0.0422982 3.35487 0.0832818 0.995881 0.0358575 1.23421 0.0391927 -0.0392279 0.998461 1.59861 0 0 0 1 
7680147070091;1.30647;2.0899;0.987832 -0.0658913 -0.14088 0.967789 0.0505965 0.992696 -0.10952 0.498915 0.147067 0.10106 0.98395 1.84015 0 0 0 1 
7680147070093;0.528987;0.505261;0.995355 -0.0215039 -0.0938401 -0.614833 0.0270237 0.997954 0.0579528 2.19697 0.0924018 -0.0602195 0.993899 7.62301 0 0 0 1 
7680147070094;0.750267;0.703783;0.975437 -0.0262707 -0.218706 -2.6622 0.053983 0.991096 0.121717 4.76498 0.213561 -0.130534 0.96817 17.7971 0 0 0 1 
7680147070095;1.32662;1.13018;0.995605 0.0627595 0.0695117 -1.68685 -0.0413441 0.960536 -0.275067 -4.45985 -0.0840315 0.270984 0.958909 -12.9449 0 0 0 1 
7680147070096;1.72861;0.152408;0.999605 0.0191149 0.0206125 -0.355977 -0.018072 0.998603 -0.0496458 -1.48977 -0.0215327 0.0492536 0.998554 0.391945 0 0 0 1 
7680147070097;1.58172;1.62103;0.997115 -0.00878347 -0.0753965 -0.573502 0.0134235 0.998032 0.0612576 1.40785 0.0747101 -0.062093 0.99527 7.00675 0 0 0 1 
7680147070098;0.811119;0.540187;0.979099 -0.0350118 -0.200347 -2.26291 0.0131891 0.993928 -0.10924 0.136423 0.202955 0.104314 0.973616 12.7766 0 0 0 1 
7680147070099;0.734807;0.411026;0.999943 -0.00343255 0.0101403 -0.116873 0.00350905 0.999965 -0.00753627 -0.152295 -0.0101141 0.00757142 0.99992 -1.41646 0 0 0 1 
7680147070100;0.613699;0.136913;0.937321 0.0802752 0.339094 -4.12497 -0.0595391 0.995688 -0.0711361 -4.82897 -0.343342 0.046488 0.938059 -26.6352 0 0 0 1 
7680147070101;0.463274;0.396513;0.998859 -0.00901434 -0.0469027 -0.252263 0.00318969 0.992425 -0.122808 -0.725052 0.0476545 0.122518 0.991322 0.238049 0 0 0 1 
7680147070102;1.71997;1.1811;0.991244 0.0484785 0.122822 -1.3545 -0.0251422 0.982443 -0.184863 -3.16132 -0.129628 0.180156 0.975059 -15.8411 0 0 0 1 
7680147070103;0.768405;0.434581;0.984974 0.0297146 0.170124 -0.457271 -0.0368019 0.998575 0.0386585 -2.19321 -0.168733 -0.0443386 0.984664 -9.78095 0 0 0 1 
7680147070104;1.11988;0.854907;0.999923 0.00869658 0.00889365 -0.330771 -0.00816895 0.998299 -0.0577345 -1.39164 -0.00938061 0.0576574 0.998292 -2.39803 0 0 0 1 
7680147070105;0.792054;0.602871;0.970134 0.0525686 0.236803 -1.95865 -0.05264 0.998595 -0.00602536 -4.08881 -0.236787 -0.00661992 0.971539 -17.6578 0 0 0 1 
7680147070106;0.562855;0.269339;0.998331 0.0011571 -0.057743 -0.75213 -0.00472739 0.998082 -0.0617325 -0.652346 0.0575608 0.0619024 0.996421 3.51357 0 0 0 1 
7680147070107;0.610731;0.507198;0.999939 -0.00932931 0.00586998 0.0982878 0.00846085 0.990985 0.133708 1.60768 -0.00706446 -0.13365 0.991003 3.45904 0 0 0 1 
7680147070108;1.42716;1.1496;0.999139 0.00170724 -0.0414538 -0.566668 -0.00370763 0.99883 -0.0482272 -0.722632 0.041323 0.0483393 0.997976 0.611972 0 0 0 1 
7680147070109;0.474796;0.278584;0.901022 0.0332222 0.432499 -4.83859 -0.0953541 0.987844 0.12277 -5.77165 -0.423163 -0.151859 0.893237 -27.6894 0 0 0 1 
7680147070110;0.941477;0.743387;0.999963 0.0006375 0.00863431 -0.218036 -2.4347e-05 0.997489 -0.0708282 -0.753838 -0.00865778 0.0708253 0.997451 -2.52612 0 0 0 1 
7680147070111;1.47967;1.26923;0.999967 0.00203487 0.00781258 0.0668885 -0.00189881 0.999847 -0.0173832 -0.163081 -0.00784676 0.0173678 0.999818 0.429479 0 0 0 1 
7680147070112;1.75011;1.16326;0.994327 -0.0185694 -0.104732 -1.10286 0.0534098 0.938675 0.340641 6.88268 0.0919843 -0.344303 0.934342 12.5903 0 0 0 1 
7680147070113;1.0332;0.966593;0.997641 0.0132262 0.0673617 -0.112832 -0.00918282 0.998157 -0.0599842 -1.05521 -0.0680309 0.0592241 0.995924 -5.78074 0 0 0 1 
7680147070114;0.426388;0.217543;0.982864 -0.0345295 0.181068 0.746335 -0.0383888 0.922416 0.384285 1.87936 -0.180289 -0.384651 0.905284 -3.88945 0 0 0 1 
7680147070115;1.70185;1.61745;0.994186 -0.0106899 -0.107143 -1.10297 -0.0296548 0.929393 -0.367898 -3.39892 0.10351 0.368936 0.923673 -2.27805 0 0 0 1 
7680147070116;1.08478;0.230141;0.997748 0.0565562 0.0360522 -1.83182 -0.0403852 0.935766 -0.350301 -4.02395 -0.0535482 0.348056 0.935943 -13.7782 0 0 0 1 
7680147070117;0.562653;0.571838;0.997133 0.0180079 0.0734973 -0.135528 -0.025304 0.994708 0.0995797 -0.993331 -0.0713151 -0.101154 0.992311 -2.5835 0 0 0 1 
7680147070118;0.421204;0.477738;0.992154 -0.0262119 -0.122244 -0.955008 0.0140133 0.994929 -0.0996013 0.252966 0.124235 0.0971068 0.98749 6.70529 0 0 0 1 
7680147070119;1.56631;0.411157;0.998184 0.00833988 0.0596637 -0.214106 -0.00477294 0.998206 -0.0596786 -1.27937 -0.0600544 0.0592854 0.996433 -8.11165 0 0 0 1 
7680147070120;0.829004;0.485425;0.999488 0.0149452 -0.0282858 -0.893797 -0.019533 0.98532 -0.169597 -2.54758 0.0253359 0.170063 0.985107 -1.33671 0 0 0 1 
7680147070121;0.0967963;0.126788;0.997599 -0.00164876 0.069228 0.277873 -0.000965705 0.999288 0.0377155 0.0259313 -0.0692409 -0.0376918 0.996888 -3.85883 0 0 0 1 
7680147070122;0.194803;0.230623;0.999568 -0.0109651 -0.0272863 -0.124864 0.00991913 0.999222 -0.0381782 0.273733 0.0276837 0.037891 0.998898 1.3273 0 0 0 1 
7680147070124;1.64617;0.317142;0.99701 0.0207656 0.0744301 -0.194427 -0.0100981 0.989968 -0.140929 -0.976852 -0.0766099 0.139756 0.987218 -6.64697 0 0 0 1 
7680147070125;1.40625;0.414693;0.999914 0.000621099 0.013096 -0.28759 -0.000667352 0.999994 0.00352776 0.16911 -0.0130938 -0.0035362 0.999908 -2.70873 0 0 0 1 
7680147070126;1.2267;0.16257;0.998598 -0.0138442 -0.0510851 -1.16203 0.0147489 0.99974 0.0173752 2.24817 0.0508313 -0.0181043 0.998543 3.51484 0 0 0 1 
7680147070127;1.9725;1.19387;0.986348 -0.0498563 -0.156949 -1.41829 0.0302176 0.991682 -0.125115 2.02381 0.161881 0.118664 0.97965 9.03158 0 0 0 1 
7680147070128;1.62499;0.666841;0.964467 -0.0457625 -0.260209 -3.30244 0.0493504 0.998755 0.0072684 3.45687 0.259552 -0.0198515 0.965525 14.3504 0 0 0 1 
7680147070129;0.486275;0.469625;0.998576 -0.0135045 -0.0516092 -0.374366 0.0110923 0.998845 -0.0467423 1.07783 0.0521809 0.0461033 0.997573 3.81515 0 0 0 1 
7680147070130;1.63305;0.815726;0.997684 0.00704936 0.0676549 -0.215461 -0.0147272 0.99341 0.113668 0.370308 -0.0664077 -0.114401 0.991213 -2.95337 0 0 0 1 
7680147070131;2.14793;1.01436;0.937208 0.0882692 0.337416 -3.17612 -0.00293274 0.969404 -0.245453 -0.454695 -0.348759 0.229051 0.908792 -23.926 0 0 0 1 
7680147070132;1.4581;0.826559;0.994873 -0.0241348 -0.0982133 -0.85084 0.0242954 0.999705 0.00043952 1.72935 0.0981737 -0.0028234 0.995165 4.38116 0 0 0 1 
7680147070133;1.07349;1.21503;0.999046 -0.00615553 -0.0432293 -0.432604 0.00602122 0.999977 -0.00323652 0.61223 0.0432482 0.00297314 0.99906 2.93751 0 0 0 1 
7680147070134;1.69636;0.754943;0.992676 -0.0234311 -0.118514 -1.29046 0.00831684 0.991938 -0.126451 0.682204 0.120521 0.124539 0.984868 10.1929 0 0 0 1 
7680147070135;0.51747;0.333855;0.936114 -0.0544577 -0.347454 -5.31226 0.0568984 0.998375 -0.00318258 3.86533 0.347063 -0.0167903 0.937692 21.3076 0 0 0 1 
7680147070136;0.646267;0.613386;0.912112 -0.0998535 -0.397593 -7.64785 0.0505623 0.989878 -0.132609 3.34054 0.40681 0.100851 0.907929 26.8901 0 0 0 1 
7680147070137;2.04694;1.30485;0.991939 -0.0156445 -0.12575 -1.36752 0.0343506 0.988391 0.147998 3.39329 0.121975 -0.151124 0.980961 9.26857 0 0 0 1 
7680147070138;0.720049;0.499882;0.999193 -0.016532 -0.0366108 -0.329759 0.01273 0.994729 -0.10175 0.853245 0.0381 0.101202 0.994136 2.12467 0 0 0 1 
7680147070139;1.74647;0.222649;0.999728 -0.00144201 0.0232787 -0.244719 0.0020402 0.999668 -0.0256936 0.16694 -0.0232339 0.0257341 0.999399 -3.81907 0 0 0 1 
7680147070140;0.663015;0.796896;0.999945 -0.00755444 -0.00724115 -0.283831 0.00696989 0.99696 -0.0776061 0.519389 0.00780541 0.0775514 0.996958 0.299387 0 0 0 1 
7680147070141;0.53013;0.548824;0.999987 -0.0049759 -0.00148359 0.0533865 0.00496255 0.999948 -0.00886884 0.41796 0.00152764 0.00886136 0.99996 0.159457 0 0 0 1 
7680147070142;1.96977;0.374289;0.979652 -0.0721221 -0.187299 -4.05186 0.030826 0.976201 -0.214667 2.963 0.198323 0.204526 0.95856 14.6976 0 0 0 1 
7680147070143;0.856847;0.550812;0.985743 0.00145339 0.168252 -1.37552 -0.030147 0.985307 0.168112 -0.841654 -0.165535 -0.170787 0.971303 -11.5801 0 0 0 1 
7680147070144;1.63732;1.52911;0.997209 0.0173521 0.072613 0.0302171 -0.018263 0.999762 0.0118986 -1.16465 -0.0723893 -0.0131915 0.997289 -5.90503 0 0 0 1 
7680147070145;0.140484;0.22981;0.999889 -0.0117755 -0.00907825 -0.226163 0.0117219 0.999914 -0.00593569 0.966108 0.00914736 0.00582862 0.999941 0.672489 0 0 0 1 
7680147070146;1.19743;0.555462;0.995727 -0.0505658 -0.0772735 -1.35437 0.052292 0.998422 0.0204797 4.0004 0.076116 -0.024433 0.9968 3.56509 0 0 0 1 
7680147070147;0.293378;0.467174;0.99835 0.00913399 0.0566946 -0.10694 -0.00371456 0.995473 -0.0949687 -0.174271 -0.0573054 0.0946014 0.993865 -3.41404 0 0 0 1 
7680147070148;2.08491;1.10926;0.993579 -0.0242627 -0.110508 -0.859099 0.0429589 0.984491 0.170092 4.07951 0.104668 -0.173747 0.979212 8.2016 0 0 0 1 
7680147070149;2.16398;1.86049;0.985998 -0.0330537 -0.163446 -1.74538 0.00617593 0.986724 -0.162289 0.601945 0.16664 0.159007 0.973112 11.1398 0 0 0 1 
7680147070150;0.570326;0.779481;0.999756 -0.00236325 0.021985 -0.296927 0.0114449 0.906029 -0.42306 -0.369669 -0.0189192 0.423209 0.905835 0.329827 0 0 0 1 
7680147070151;0.700204;0.7671;0.993558 -0.035761 -0.107536 -1.75642 0.0381417 0.999069 0.020164 3.65627 0.106715 -0.0241357 0.993997 6.43773 0 0 0 1 
7680147070152;0.196422;0.282615;0.999267 -0.0142068 -0.0355578 -0.307245 0.0137582 0.999823 -0.0128316 1.09822 0.0357338 0.012333 0.999285 2.45111 0 0 0 1 
7680147070153;0.328459;0.53293;0.998958 -0.0269051 -0.0368564 -0.562968 0.0148308 0.955268 -0.295368 0.460632 0.0431547 0.294514 0.954672 3.91746 0 0 0 1 
7680147070155;0.140686;1.36087;0.999575 -0.0274769 -0.00974489 1.89534 0.0272836 0.999439 -0.0194448 3.48461 0.0102737 0.0191707 0.999763 0.948048 0 0 0 1 
7680147070156;0.73666;1.25255;0.999757 -0.0120085 -0.0185032 2.43875 0.0115472 0.999625 -0.0248357 1.5853 0.0187944 0.024616 0.99952 2.09208 0 0 0 1 
7680147070157;1.89722;1.94718;0.998587 -0.00465754 -0.0529282 0.916636 0.00741309 0.99862 0.0519856 1.91945 0.0526131 -0.0523045 0.997244 7.5469 0 0 0 1 
7680147070158;1.79956;2.10428;0.998059 -0.0452105 -0.0428395 2.10712 0.0367139 0.982667 -0.181707 4.59853 0.0503121 0.179782 0.982419 6.72149 0 0 0 1 
7680147070159;1.65931;1.59574;0.999537 -0.00428749 -0.0301126 0.273425 0.00367067 0.999783 -0.0205092 0.31842 0.030194 0.0203891 0.999336 1.77649 0 0 0 1 
7680147070160;0.0621527;1.28686;0.999652 -0.000545715 -0.026389 1.77253 -4.29119e-05 0.999751 -0.0223001 0.543793 0.0263946 0.0222934 0.999403 2.92843 0 0 0 1 
7680147070161;0.430207;1.67243;0.997947 -0.0479519 -0.0424616 2.23402 0.0452629 0.997039 -0.0621729 5.46758 0.0453172 0.0601233 0.997162 5.13745 0 0 0 1 
7680147070162;0.473536;1.3095;0.965468 0.0563401 0.254356 -0.954507 -0.0615408 0.998026 0.0125287 -6.10931 -0.253148 -0.0277493 0.96703 -28.3754 0 0 0 1 
7680147070163;0.736349;1.16667;0.989276 0.0188052 0.144841 0.237794 -0.0396005 0.989066 0.142061 -3.64466 -0.140586 -0.146273 0.979204 -15.5579 0 0 0 1 
7680147070164;0.540732;1.7413;0.997281 -0.0647021 -0.0352822 1.82311 0.0585345 0.986304 -0.154203 6.56775 0.0447763 0.151719 0.987409 5.92385 0 0 0 1 
7680147070165;1.76832;1.11414;0.999879 0.00989014 -0.0120108 1.34915 -0.0101934 0.999624 -0.0254562 -0.509167 0.0117545 0.0255755 0.999604 3.98969 0 0 0 1 
7680147070166;0.877488;1.19028;0.996648 0.00981175 -0.0812225 1.37017 0.00185316 0.98982 0.142311 0.957572 0.0817919 -0.141984 0.986484 6.84675 0 0 0 1 
7680147070167;0.355143;1.78949;0.997583 -0.0453428 -0.0526605 1.95205 0.043965 0.998667 -0.0270338 5.55879 0.0538161 0.0246532 0.998246 6.18294 0 0 0 1 
7680147070168;0.458362;1.43832;0.999132 -0.0119317 0.0399208 2.48084 0.00773054 0.99457 0.103782 1.9564 -0.0409423 -0.103383 0.993799 -5.35195 0 0 0 1 
7680147070169;1.52541;1.61716;0.964981 -0.0330214 -0.260232 -0.859564 0.0537023 0.995902 0.0727644 6.7864 0.256763 -0.0841913 0.9628 26.3776 0 0 0 1 
7680147070170;1.71122;1.86235;0.996225 0.0186529 0.0847814 0.685729 -0.0141188 0.998454 -0.053768 -1.35951 -0.0856533 0.052368 0.994948 -8.46059 0 0 0 1 
7680147070171;1.73488;1.07157;0.995308 -0.0347743 -0.0902893 3.05412 0.0100724 0.96535 -0.260764 1.3609 0.0962286 0.258632 0.961171 10.2827 0 0 0 1 
7680147070172;1.09968;1.38414;0.999987 -0.00324279 -0.00391839 2.49828 0.00316961 0.999823 -0.0185393 0.710875 0.00397782 0.0185266 0.99982 0.521367 0 0 0 1 
7680147070173;0.591876;1.1613;0.964143 -0.0154549 -0.264933 -3.43893 0.0324107 0.997687 0.0597482 4.28031 0.263397 -0.0661925 0.962414 28.7365 0 0 0 1 
7680147070174;1.36958;1.8327;0.997605 -0.0277406 0.0633628 1.4588 0.0370439 0.987881 -0.15073 3.57085 -0.0584136 0.152716 0.986542 -7.36565 0 0 0 1 
7680147070175;0.533565;1.30359;0.999643 -0.0073634 -0.0256656 1.91857 0.00680208 0.999737 -0.0218896 1.50178 0.02582 0.0217072 0.999431 3.34279 0 0 0 1 
7680147070176;0.79171;1.13685;0.990696 0.019845 0.134637 1.26676 -0.00671665 0.995235 -0.0972712 -0.775852 -0.135926 0.0954619 0.986109 -13.8109 0 0 0 1 
7680147070177;1.74498;1.98881;0.954776 0.0376797 0.29493 -2.28415 -0.0128447 0.996239 -0.0856955 -1.56157 -0.297049 0.0780317 0.951668 -32.4971 0 0 0 1 
7680147070178;1.38005;2.09771;0.993698 -0.0336879 0.106909 1.43739 0.0458496 0.992488 -0.113422 4.43148 -0.102285 0.117609 0.987778 -12.1677 0 0 0 1 
7680147070179;1.66284;1.72318;0.998681 0.0139782 0.0494059 3.04033 -0.0155782 0.999362 0.0321491 -1.2473 -0.048925 -0.0328763 0.998261 -4.4303 0 0 0 1 
7680147070180;1.25183;1.33192;0.974125 0.0140801 -0.225573 -2.28689 0.0194151 0.989155 0.145586 2.46091 0.225176 -0.146198 0.963287 22.1498 0 0 0 1 
7680147070181;1.00094;1.33785;0.99736 0.0244157 0.0683833 1.67176 -0.0375942 0.979352 0.198637 -3.24003 -0.0621214 -0.200684 0.977684 -8.89389 0 0 0 1 
7680147070182;1.8528;1.31158;0.977389 0.0267046 0.209758 0.0650764 -0.0539139 0.990679 0.125092 -5.26134 -0.204462 -0.133573 0.969718 -25.7785 0 0 0 1 
7680147070183;0.963883;1.19577;0.987743 0.0275619 0.153634 2.04977 -0.0552739 0.982268 0.179149 -5.25714 -0.145972 -0.185445 0.971752 -17.7451 0 0 0 1 
7680147070184;0.147928;1.10053;0.999369 -0.00361013 -0.0353324 1.52788 0.0038237 0.999975 0.00597883 0.908764 0.0353099 -0.00611016 0.999358 3.88282 0 0 0 1 
7680147070186;1.27351;2.8385;0.997334 0.0655799 0.031996 2.19277 -0.0628377 0.994791 -0.0802621 -3.8483 -0.0370929 0.0780376 0.99626 -3.30813 0 0 0 1 
7680147070187;0.700101;2.90897;0.949377 0.0767304 0.304624 -1.54008 -0.129767 0.978898 0.157856 -10.0363 -0.286084 -0.189395 0.939301 -30.8873 0 0 0 1 
7680147070188;1.39118;3.08266;0.998217 0.0323996 0.0501252 2.84859 -0.0336522 0.999137 0.024351 -0.549436 -0.049293 -0.0259944 0.998446 -7.4307 0 0 0 1 
7680147070189;1.30828;3.40515;0.961509 0.00329631 -0.274755 -1.01023 0.0945066 0.934956 0.341944 17.15 0.258011 -0.354748 0.898657 29.9104 0 0 0 1 
7680147070190;1.12112;3.13855;0.994665 0.00130716 0.103151 3.00205 -0.0360115 0.941414 0.335324 1.42625 -0.0966691 -0.337249 0.936439 -9.6347 0 0 0 1 
7680147070191;1.94775;3.052;0.995959 -0.0559507 -0.0702479 5.13161 0.0685628 0.978922 0.192381 12.8006 0.0580034 -0.19642 0.978803 7.08014 0 0 0 1 
7680147070192;1.68036;3.52963;0.985201 -0.0464118 0.165002 3.041 0.0507569 0.998464 -0.022213 9.76599 -0.163718 0.0302593 0.986043 -18.1106 0 0 0 1 
7680147070193;1.11849;3.11367;0.998245 -0.0178118 0.0564772 4.14992 0.0326148 0.961384 -0.27327 6.49406 -0.0494289 0.274633 0.960278 -6.92086 0 0 0 1 
7680147070194;0.766853;3.26673;0.999847 0.000736266 0.0174936 2.64762 -0.000947645 0.999927 0.012078 3.08536 -0.0174834 -0.0120927 0.999774 -2.53354 0 0 0 1 
7680147070195;0.416426;2.84949;0.997201 0.012699 0.0736861 3.08334 -0.00653037 0.996498 -0.0833597 2.30525 -0.0744866 0.0826452 0.993791 -9.42628 0 0 0 1 
7680147070196;0.748225;3.16626;0.999576 0.0142412 0.0253779 2.27608 -0.016052 0.997229 0.0726412 1.76441 -0.0242731 -0.0730178 0.997035 -2.13653 0 0 0 1 
7680147070197;0.500793;2.96997;0.998734 0.0417177 0.0280935 2.88634 -0.0343682 0.973893 -0.22439 -1.13955 -0.0367211 0.22314 0.974094 -6.05275 0 0 0 1 
7680147070198;0.104802;3.11759;0.999955 -0.0037499 0.00876007 3.39264 0.00294035 0.995877 0.0906641 4.25673 -0.00906394 -0.0906342 0.995843 -0.504628 0 0 0 1 
7680147070199;1.797;3.05382;0.980813 0.0892772 0.173306 0.483637 -0.0799828 0.994994 -0.0599066 -5.8124 -0.177786 0.0448957 0.983044 -22.773 0 0 0 1 
7680147070200;0.574851;3.14982;0.998808 0.0432081 -0.0226879 2.72176 -0.0417735 0.997306 0.0602921 -0.745413 0.0252319 -0.0592725 0.997923 2.43708 0 0 0 1 
7680147070201;1.66238;3.48573;0.969982 -0.0756301 -0.231116 -0.870041 0.0729705 0.997133 -0.020047 10.1523 0.23197 0.00258057 0.97272 24.6651 0 0 0 1 
7680147070202;0.856075;3.63103;0.999661 -0.00879975 0.0244994 3.48803 0.00449729 0.985361 0.170419 4.54092 -0.0256404 -0.170251 0.985067 -1.35231 0 0 0 1 
7680147070203;0.151635;3.32562;0.99979 -0.00274995 0.0203071 3.49504 0.00255021 0.999948 0.00985533 4.42665 -0.0203332 -0.00980147 0.999745 -2.38596 0 0 0 1 
7680147070204;1.87474;3.26796;0.999726 -0.0139849 0.0187913 1.89564 0.0142276 0.999816 -0.012846 4.02424 -0.0186082 0.0131098 0.999741 -0.710222 0 0 0 1 
7680147070205;1.34644;3.1629;0.999684 -0.0175933 0.0179387 4.74245 0.0157891 0.995238 0.0961871 7.4004 -0.0195455 -0.0958735 0.995202 -1.98548 0 0 0 1 
7680147070206;0.882492;3.1053;0.907112 -0.0907292 -0.410994 -8.27141 0.0423453 0.991208 -0.125354 8.81686 0.418753 0.0963062 0.902979 44.7568 0 0 0 1 
7680147070207;1.16879;2.93331;0.995079 0.0622523 0.0770851 1.30078 -0.0676066 0.995329 0.0689159 -4.42758 -0.0724349 -0.0737882 0.99464 -6.43425 0 0 0 1 
7680147070208;1.24601;3.29427;0.996297 0.0722603 0.0465916 2.11505 -0.0772509 0.990225 0.116136 -5.01046 -0.0377442 -0.119305 0.99214 -3.46105 0 0 0 1 
7680147070209;1.20929;3.32388;0.996681 -0.0213523 -0.0785545 3.67804 0.0505728 0.918587 0.391969 12.2961 0.0637897 -0.394641 0.916619 8.44518 0 0 0 1 
7680147070210;1.69015;3.12059;0.999738 0.00104718 0.0228779 4.20806 -0.00139272 0.999885 0.0150929 5.35544 -0.0228594 -0.0151208 0.999624 -1.13732 0 0 0 1 
7680147070211;0.940014;3.42708;0.987659 -0.0271485 -0.154249 1.33189 0.0559894 0.980983 0.185844 10.8021 0.14627 -0.192186 0.970397 18.4918 0 0 0 1 
7680147070212;1.74535;3.29004;0.999647 -0.0215101 0.015588 3.94245 0.0215647 0.999762 -0.00334187 7.11429 -0.0155124 0.00367685 0.999873 -3.03415 0 0 0 1 
7680147070213;0.400202;3.093;0.999199 -0.003284 0.0398712 3.40607 0.00193862 0.999429 0.0337349 4.1878 -0.0399592 -0.0336306 0.998635 -4.57673 0 0 0 1 
7680147070214;0.315659;3.58931;0.997689 -0.0270064 -0.0623534 3.37025 0.0319396 0.996321 0.0795257 7.84119 0.0599763 -0.0813334 0.994881 7.01137 0 0 0 1 
7680147070215;0.611277;3.20916;0.997675 0.0127007 0.0669541 3.15287 -0.0145619 0.999519 0.0273838 1.73815 -0.0665741 -0.0282951 0.99738 -8.11412 0 0 0 1 
7680147070217;0.89674;0.85362;0.998191 0.00801426 0.0595886 -0.844465 -0.00888791 0.999857 0.0144108 -0.45313 -0.0594646 -0.0149144 0.998119 -2.09768 0 0 0 1 
7680147070218;1.73564;0.870256;0.999953 0.000794926 0.00962447 -1.44226 -0.000779794 0.999998 -0.00157589 0.126365 -0.00962571 0.00156831 0.999952 1.67224 0 0 0 1 
7680147070219;1.39452;1.07426;0.96135 -0.0594365 -0.268838 -2.22425 0.032436 0.994071 -0.103786 0.232356 0.273413 0.091055 0.957577 6.15594 0 0 0 1 
7680147070220;0.267296;0.742851;0.999815 -0.00804925 -0.0174952 -1.00621 0.000203764 0.912832 -0.408335 -1.39863 0.0192569 0.408256 0.912664 4.07859 0 0 0 1 
7680147070221;1.27015;1.54842;0.999824 0.00158492 0.0186707 -0.361598 -0.00573232 0.974516 0.224244 -0.259329 -0.0178395 -0.224312 0.974354 -2.73008 0 0 0 1 
7680147070222;1.97297;1.15611;0.99607 0.00624234 0.0883521 -3.24901 -0.00894823 0.999502 0.0302633 -0.962298 -0.0881192 -0.030935 0.995629 -1.0598 0 0 0 1 
7680147070223;1.53331;1.21272;0.997689 0.00726516 -0.0675588 -1.7631 -0.00705037 0.999969 0.00341726 -0.979612 0.0675816 -0.00293305 0.997709 -0.0492364 0 0 0 1 
7680147070224;2.30376;0.908361;0.911733 -0.0844984 -0.401998 -3.05915 0.0400322 0.992234 -0.117771 -0.170768 0.408827 0.0912825 0.908035 4.10248 0 0 0 1 
7680147070225;1.4585;1.45339;0.998772 -0.0115807 -0.0481684 -1.05743 0.00892617 0.998448 -0.0549649 0.18186 0.0487302 0.0544675 0.997326 2.31748 0 0 0 1 
7680147070226;1.86707;0.985449;0.998333 -0.0219165 -0.0533868 -1.53098 0.0211242 0.999659 -0.0153605 0.595453 0.0537053 0.0142071 0.998456 2.92534 0 0 0 1 
7680147070227;0.781577;0.965182;0.999824 -0.00257768 -0.0185726 -0.841654 0.00257669 0.999997 -7.71161e-05 -0.380429 0.0185728 2.92466e-05 0.999828 -0.635928 0 0 0 1 
7680147070228;0.400914;0.78858;0.998367 0.0063347 0.0567719 -0.578356 -0.0078148 0.999634 0.0258871 -0.234609 -0.0565871 -0.0262885 0.998052 -1.12547 0 0 0 1 
7680147070229;0.955663;1.06615;0.999731 -0.00998063 -0.0209593 -1.73895 0.00907812 0.999046 -0.0427224 -0.0608341 0.0213657 0.0425206 0.998867 0.946823 0 0 0 1 
7680147070230;0.317185;0.824968;0.980819 -0.0437693 -0.189942 -1.90049 0.0350581 0.998184 -0.0489841 0.275694 0.191741 0.0413856 0.980573 3.37543 0 0 0 1 
7680147070231;1.12926;1.25382;0.99997 0.00580039 0.00522073 -0.533326 -0.0058353 0.999961 0.00669731 -0.35414 -0.00518167 -0.00672757 0.999964 -0.944777 0 0 0 1 
7680147070232;1.51388;1.04718;0.99995 0.00707347 0.00710189 -1.6587 -0.00720008 0.999813 0.0179632 -1.02958 -0.0069735 -0.0180134 0.999813 -1.41151 0 0 0 1 
7680147070233;1.97376;1.75487;0.990963 -0.0168763 -0.13307 -3.16718 0.0591161 0.94546 0.320328 0.352803 0.120406 -0.325299 0.937914 -2.44428 0 0 0 1 
7680147070234;1.9935;0.860999;0.999741 -0.012485 -0.0190024 -0.850157 0.0105796 0.995202 -0.0972635 -0.325673 0.0201256 0.0970373 0.995077 -1.28218 0 0 0 1 
7680147070235;1.53051;1.37533;0.987025 -0.0244472 -0.158696 -1.44117 0.0229624 0.999674 -0.0111836 -0.218314 0.158917 0.00739447 0.987264 1.02462 0 0 0 1 
7680147070236;0.104269;0.938888;0.999903 0.00858518 0.0109559 -1.04165 -0.00860263 0.999962 0.00154636 -0.453654 -0.0109422 -0.00164046 0.999939 -0.115721 0 0 0 1 
7680147070237;2.06657;0.907458;0.997545 -0.00972189 -0.0693565 -3.21735 -0.002467 0.984826 -0.173528 -0.697435 0.0699911 0.173273 0.982384 4.09523 0 0 0 1 
7680147070238;1.4657;1.62205;0.916268 0.0271483 0.399644 -1.04396 -0.128216 0.965087 0.228402 -2.19633 -0.379491 -0.260518 0.88776 -8.76537 0 0 0 1 
7680147070239;0.672786;0.955996;0.992416 0.0135562 0.122171 -0.888772 -0.0218274 0.99754 0.0666205 -0.342277 -0.120968 -0.0687819 0.990271 -1.90956 0 0 0 1 
7680147070240;1.69401;0.903307;0.998839 0.00368506 0.0480343 -0.831301 -0.00734666 0.99706 0.0762769 0.234535 -0.047612 -0.0765412 0.995929 0.476777 0 0 0 1 
7680147070241;1.89764;1.02637;0.996454 -0.00725585 -0.0838309 -0.778178 0.0249482 0.976954 0.211987 -0.359081 0.0803608 -0.213326 0.97367 -3.08434 0 0 0 1 
7680147070242;1.04234;0.911995;0.997928 -0.00593815 -0.0640689 -1.91225 0.00645009 0.999949 0.00778665 -0.127421 0.0640194 -0.00818376 0.997915 1.59618 0 0 0 1 
7680147070243;1.63774;1.36919;0.969698 0.0241654 0.243109 -2.48615 -0.0330456 0.998925 0.0325156 -1.19053 -0.242062 -0.039564 0.969454 -4.05799 0 0 0 1 
7680147070244;2.23994;1.76923;0.996444 -0.00442143 -0.0841423 -0.848272 0.0222237 0.977052 0.21184 0.676573 0.0812748 -0.212956 0.973675 1.17823 0 0 0 1 
7680147070245;0.410551;0.998029;0.999722 0.00526351 -0.0229656 -1.0913 -0.00518439 0.99998 0.00350343 -0.499166 0.0229836 -0.00338339 0.99973 -0.171358 0 0 0 1 
7680147070246;0.921508;0.727293;0.994561 -0.0197787 -0.102261 -0.993 0.0145736 0.998572 -0.0513998 -0.122742 0.103132 0.04963 0.993429 0.888071 0 0 0 1 
7680147070248;1.50847;1.28043;0.973983 0.0163737 -0.226028 -0.0372887 0.0524996 0.953951 0.295333 7.34292 0.220455 -0.299516 0.928272 23.0237 0 0 0 1 
7680147070249;1.33018;1.24854;0.996214 0.0647946 0.0579512 3.23437 -0.0651305 0.997869 0.00392464 -3.98 -0.0575734 -0.00768417 0.998312 -3.78701 0 0 0 1 
7680147070250;0.124558;0.830782;0.999553 0.0250329 0.0163291 1.34382 -0.0250237 0.999687 -0.000768229 -1.35285 -0.0163432 0.00035927 0.999866 -1.73893 0 0 0 1 
7680147070251;0.53556;1.47414;0.97972 0.12443 0.157054 -0.50937 -0.139598 0.986154 0.0895183 -10.5518 -0.143741 -0.109627 0.983524 -11.9477 0 0 0 1 
7680147070252;1.1295;1.19717;0.987164 0.108125 0.117545 0.296857 -0.0996178 0.992119 -0.0760005 -7.64632 -0.124836 0.0633154 0.990155 -9.78019 0 0 0 1 
7680147070253;0.578449;0.667192;0.998086 0.0201661 -0.0584654 0.69589 -0.0197847 0.999779 0.00709627 -0.670101 0.0585956 -0.00592597 0.998264 5.85012 0 0 0 1 
7680147070254;1.15198;0.894607;0.998573 0.0533869 0.0013179 2.06335 -0.0533877 0.998574 0.000568679 -2.79735 -0.00128566 -0.000638227 0.999999 -1.83738 0 0 0 1 
7680147070255;0.370863;0.908773;0.998379 0.0352614 0.0446671 1.255 -0.05245 0.87469 0.481836 -1.29639 -0.0220797 -0.483398 0.875122 1.89559 0 0 0 1 
7680147070256;1.32328;0.804644;0.967381 0.104814 0.230625 -2.39332 -0.0579624 0.97782 -0.201267 -4.74934 -0.246605 0.181335 0.952 -26.1096 0 0 0 1 
7680147070257;0.807316;0.646719;0.971906 -0.0789057 -0.22175 -0.401109 0.0306567 0.976545 -0.213121 2.72213 0.233365 0.200336 0.951529 19.8035 0 0 0 1 
7680147070258;0.260139;0.914297;0.956243 0.126965 0.263589 -2.57347 -0.0906572 0.985173 -0.145653 -7.51433 -0.278174 0.115383 0.953575 -26.4151 0 0 0 1 
7680147070259;0.965988;1.0027;0.988963 0.0378768 0.143237 0.446728 -0.0481939 0.996434 0.0692585 -3.25608 -0.140102 -0.0753973 0.987262 -11.9839 0 0 0 1 
7680147070260;0.831214;0.922233;0.997532 0.0666642 -0.0220571 1.33766 -0.0624115 0.985695 0.156555 -2.79338 0.0321782 -0.154792 0.987423 3.72471 0 0 0 1 
7680147070261;1.06706;0.814224;0.985689 0.0943453 0.1397 -0.265091 -0.0578655 0.967728 -0.245263 -4.39552 -0.158331 0.23367 0.959338 -18.1853 0 0 0 1 
7680147070262;1.52451;1.44795;0.98979 0.0340144 0.138419 2.15915 -0.0356014 0.999325 0.00900496 -2.98671 -0.138019 -0.0138409 0.990333 -14.2187 0 0 0 1 
7680147070263;1.15131;1.18972;0.99416 0.101092 0.0377768 -0.0972512 -0.0999599 0.994516 -0.0307502 -8.65557 -0.0406783 0.0267944 0.998813 -5.99656 0 0 0 1 
7680147070264;1.15529;0.992996;0.998651 0.0494787 0.0157334 0.753762 -0.0493922 0.998762 -0.00583882 -3.42967 -0.0160028 0.00505384 0.999859 0.555939 0 0 0 1 
