#;prob_registration_l1 -r /home/probabilistic_point_clouds_registration/build/tester /home/point_clouds_registration_benchmark//devel/registration_pairs/gazebo_summer_local.txt /home/point_clouds_registration_benchmark//eth/gazebo_summer -s 0.2 -t 0.2 -p 0.3 -r 1000 -m 20 -i 40 
id;initial_error;final_error;transformation
36535719080000;0.0805842;0.0726668;0.999426 -0.00754741 0.0330404 -0.134735 0.00430692 0.995268 0.0970703 -0.0974527 -0.0336167 -0.0968722 0.994729 0.0841714 0 0 0 1 
36535719080001;0.11249;0.0657009;0.988712 0.00749429 0.149639 -0.280603 0.00285385 0.997625 -0.0688196 0.0119124 -0.1498 0.0684698 0.986343 0.270304 0 0 0 1 
36535719080002;0.259114;0.0625282;0.991437 0.0384197 0.124807 0.112537 -0.0608526 0.981554 0.181244 -0.465618 -0.115542 -0.187287 0.975486 0.162052 0 0 0 1 
36535719080003;0.441289;0.592075;0.970833 -0.185362 0.152065 -0.864316 0.194656 0.979669 -0.0485652 -0.0756213 -0.139971 0.076749 0.987177 0.0243064 0 0 0 1 
36535719080004;0.424931;0.545942;0.955517 -0.0656552 0.287537 -0.968297 0.0878752 0.994005 -0.0650511 -0.0143709 -0.281542 0.0874248 0.955558 -0.0874725 0 0 0 1 
36535719080005;0.508351;0.083058;0.98655 -0.117609 0.113524 0.44355 0.152122 0.914736 -0.374322 0.777796 -0.0598207 0.386556 0.920324 -0.328539 0 0 0 1 
36535719080006;0.482532;0.449061;0.992566 -0.0348112 -0.116622 -0.963824 0.0158058 0.986977 -0.160086 0.226747 0.120676 0.157053 0.98019 -1.29342 0 0 0 1 
36535719080007;0.407429;0.0819711;0.947814 -0.31877 -0.00586493 0.118327 0.307646 0.919257 -0.245602 -0.740677 0.0836819 0.230981 0.969353 -1.10632 0 0 0 1 
36535719080008;0.494873;0.43523;0.977088 -0.0311665 0.210541 -1.07186 0.0929171 0.952437 -0.290224 0.293015 -0.191482 0.303137 0.933511 -0.565119 0 0 0 1 
36535719080009;0.260051;0.0690297;0.989353 -0.0823711 0.119978 -0.261322 0.0774337 0.99597 0.0452566 -0.784995 -0.123223 -0.0354844 0.991744 -0.245033 0 0 0 1 
36535719080010;0.367096;0.0966832;0.980284 -0.15911 0.11716 0.446668 0.16378 0.986 -0.0313105 -0.152048 -0.110538 0.0498817 0.992619 0.805723 0 0 0 1 
36535719080011;0.379627;0.077555;0.969518 -0.209488 0.127083 0.0485882 0.201461 0.976759 0.0731745 0.425741 -0.139459 -0.0453416 0.989189 -0.161767 0 0 0 1 
36535719080012;0.1676;0.064644;0.999155 0.0380499 0.0155619 -0.326098 -0.0381975 0.999227 0.00929909 0.214816 -0.015196 -0.00988566 0.999836 -0.479015 0 0 0 1 
36535719080013;0.445602;0.426733;0.959193 -0.133319 0.249347 -0.13892 0.133123 0.990941 0.01773 -0.455045 -0.249452 0.0161872 0.968252 0.421495 0 0 0 1 
36535719080014;0.45281;0.48443;0.998071 0.0425898 0.0451635 -1.24421 -0.0425244 0.999093 -0.00240824 0.125762 -0.0452251 0.000483038 0.998977 0.116586 0 0 0 1 
36535719080015;0.366192;0.463893;0.994928 -0.0367569 0.0936313 -1.20243 0.0321926 0.99824 0.049801 -0.0911357 -0.0952971 -0.0465342 0.994361 0.32235 0 0 0 1 
36535719080016;0.0775968;0.0712145;0.993138 0.00219833 0.11693 -0.296568 -0.00744822 0.998983 0.0444798 0.0110421 -0.116713 -0.0450455 0.992144 0.207699 0 0 0 1 
36535719080017;0.294515;0.0678071;0.959369 0.0725684 0.272664 -0.332755 0.00771742 0.95925 -0.282454 0.195335 -0.28205 0.273082 0.919714 0.25324 0 0 0 1 
36535719080018;0.425335;0.465634;0.997765 -0.0227984 0.0628083 -0.85405 0.0268745 0.997534 -0.0648359 -0.376216 -0.0611753 0.066379 0.995917 -0.428334 0 0 0 1 
36535719080019;0.389784;0.454235;0.99885 -0.00492862 -0.0476972 -0.743631 0.00178321 0.997834 -0.0657645 -0.0684773 0.047918 0.0656037 0.996695 -0.451272 0 0 0 1 
36535719080020;0.317608;0.0711108;0.979146 0.192336 -0.0654206 -0.315501 -0.188445 0.980172 0.0612495 0.973594 0.0759039 -0.047644 0.995976 0.0301496 0 0 0 1 
36535719080021;0.423824;0.0802069;0.914331 -0.303418 0.268208 0.45844 0.374226 0.886165 -0.273251 -0.43237 -0.154767 0.350212 0.923796 0.169766 0 0 0 1 
36535719080022;0.154215;0.0719827;0.999612 0.0193635 0.0200113 -0.522349 -0.0196723 0.999689 0.0153534 -0.0601535 -0.0197078 -0.0157411 0.999682 -0.311393 0 0 0 1 
36535719080023;0.35143;0.0682939;0.973505 0.0123452 -0.228334 -0.141895 0.0112027 0.994768 0.101546 0.257892 0.228393 -0.101414 0.968273 0.33784 0 0 0 1 
36535719080024;0.34005;0.0697855;0.960471 -0.237919 -0.144536 0.275499 0.173186 0.917171 -0.358892 -0.223734 0.217952 0.319674 0.92212 -1.03721 0 0 0 1 
36535719080025;0.273677;0.0855205;0.992849 0.0802855 -0.0883418 -0.302004 -0.062856 0.980748 0.184886 0.496969 0.101485 -0.178012 0.978781 0.0499352 0 0 0 1 
36535719080026;0.254446;0.0744713;0.999068 -0.019413 0.0385617 0.348043 0.0192422 0.999803 0.00479385 0.483021 -0.0386472 -0.00404737 0.999245 0.00704817 0 0 0 1 
36535719080027;0.274443;0.0705866;0.965159 0.237965 0.108818 -0.660702 -0.23851 0.971106 -0.00816573 0.461028 -0.107617 -0.018073 0.994028 0.102413 0 0 0 1 
36535719080028;0.110223;0.0643555;0.992924 -0.0180075 0.117381 -0.309125 0.0257175 0.997586 -0.0645027 -0.20567 -0.115936 0.067065 0.99099 0.078369 0 0 0 1 
36535719080029;0.464721;0.682801;0.968482 -0.127318 0.214084 -1.39516 0.12837 0.991685 0.00904043 0.22166 -0.213455 0.0187265 0.976773 -0.207578 0 0 0 1 
36535719080031;0.562593;0.537422;0.993763 -0.0846098 0.0726335 -0.805736 0.0857639 0.996232 -0.0129148 0.47848 -0.0712671 0.0190636 0.997275 -0.151834 0 0 0 1 
36535719080032;0.49885;0.634664;0.996664 0.0644571 0.0500644 -0.847164 -0.0694956 0.991886 0.106456 0.700149 -0.0427963 -0.10958 0.993056 -0.248624 0 0 0 1 
36535719080033;0.471869;0.86519;0.98718 0.159578 -0.0031625 -1.56631 -0.147622 0.920393 0.362056 0.474153 0.060687 -0.356948 0.932151 0.372942 0 0 0 1 
36535719080034;0.28376;0.529735;0.990462 0.0550534 -0.126313 -0.531787 -0.0432311 0.994586 0.0945003 0.728646 0.130831 -0.0881383 0.987479 -0.581294 0 0 0 1 
36535719080035;0.587922;1.05277;0.990837 -0.0996419 0.0911751 -1.68102 0.102989 0.994143 -0.0327661 0.0507851 -0.0873761 0.0418559 0.995296 -0.772478 0 0 0 1 
36535719080036;0.406933;0.239083;0.998901 -0.046529 -0.00562341 -0.632482 0.0465739 0.998882 0.00813006 0.2204 0.00523884 -0.00838303 0.999951 0.439187 0 0 0 1 
36535719080037;0.0919718;0.211649;0.997496 0.023448 0.0667266 -0.333995 -0.0241291 0.999664 0.00942052 0.0874563 -0.0664834 -0.011007 0.997727 0.0975679 0 0 0 1 
36535719080038;0.581548;0.792646;0.994065 -0.09449 0.0539082 -2.11316 0.0893557 0.991852 0.0907989 -0.256303 -0.0620485 -0.085443 0.994409 0.517137 0 0 0 1 
36535719080039;0.434512;0.225429;0.995004 0.0811266 0.0581876 -0.812905 -0.0789649 0.996132 -0.0385385 0.73135 -0.061089 0.0337512 0.997562 -0.566364 0 0 0 1 
36535719080040;0.566995;0.718627;0.963943 -0.0703045 0.256654 -0.680841 0.02754 0.985647 0.16656 0.245616 -0.26468 -0.153487 0.952043 0.47724 0 0 0 1 
36535719080041;0.142283;0.216225;0.993914 0.100228 0.0457074 -0.244896 -0.100935 0.994802 0.0134331 0.570192 -0.0441234 -0.0179648 0.998865 -0.106067 0 0 0 1 
36535719080042;0.307724;0.342498;0.995503 -0.0789925 -0.0522781 -0.544033 0.065192 0.971737 -0.226885 -0.231811 0.0687227 0.222456 0.972518 -0.190047 0 0 0 1 
36535719080043;0.210302;0.622202;0.993355 -0.0287112 0.11145 -1.12561 0.00469773 0.977691 0.209996 -0.277358 -0.114993 -0.208077 0.971329 0.299274 0 0 0 1 
36535719080044;0.594242;0.898316;0.99527 -0.0884738 0.0401366 -1.25518 0.0823197 0.987389 0.13523 -0.722729 -0.0515947 -0.131286 0.990001 0.390657 0 0 0 1 
36535719080045;0.55307;0.26383;0.979909 0.1932 0.0495244 -1.08505 -0.184783 0.972882 -0.139123 1.41301 -0.0750599 0.127177 0.989036 0.400458 0 0 0 1 
36535719080046;0.383937;0.416545;0.987837 0.124327 0.0933833 -0.611757 -0.121272 0.991902 -0.0377232 0.956771 -0.0973171 0.0259396 0.994915 -0.413376 0 0 0 1 
36535719080047;0.507113;0.30833;0.999622 -0.0127375 0.02436 -0.192914 0.0126342 0.999911 0.00438651 -0.193579 -0.0244137 -0.00407709 0.999694 0.715043 0 0 0 1 
36535719080048;0.299943;0.695374;0.973212 -0.0655836 0.220359 -1.18624 0.127607 0.951354 -0.280431 -0.132373 -0.191248 0.301038 0.934238 0.305774 0 0 0 1 
36535719080049;0.398366;1.11082;0.973893 -0.077997 0.213189 -1.83099 0.0260178 0.971284 0.236497 -0.226374 -0.225513 -0.224776 0.947955 0.670916 0 0 0 1 
36535719080050;0.499825;0.290125;0.913766 0.0558901 -0.402379 -0.248912 -0.0375954 0.997874 0.0532282 0.534293 0.404499 -0.0335105 0.913924 -2.08911 0 0 0 1 
36535719080051;0.440086;1.28053;0.982241 -0.154083 0.107054 -2.10128 0.162402 0.983956 -0.0738606 -0.145878 -0.0939554 0.0899346 0.991506 -0.193685 0 0 0 1 
36535719080052;0.307637;0.772068;0.979117 -0.0399926 0.199326 -1.38191 -0.00689784 0.97336 0.229177 0.0948271 -0.203182 -0.225766 0.952758 0.560316 0 0 0 1 
36535719080053;0.461332;1.38205;0.963065 -0.11557 0.243207 -2.1973 0.096656 0.991388 0.0883569 -0.440029 -0.251324 -0.061586 0.965942 1.10097 0 0 0 1 
36535719080054;0.521749;0.558345;0.935849 -0.0680774 0.345763 -0.508798 0.0134562 0.987351 0.157979 0.941703 -0.352144 -0.143192 0.924927 0.92631 0 0 0 1 
36535719080055;0.319357;1.18888;0.977167 -0.0495232 0.206623 -1.9585 0.0660165 0.995093 -0.0737038 0.232644 -0.201959 0.0856614 0.975641 0.29495 0 0 0 1 
36535719080056;0.611624;1.07524;0.982845 -0.0965623 0.157137 -1.82483 0.108567 0.991644 -0.0696794 0.250902 -0.149095 0.0855439 0.985116 -0.613876 0 0 0 1 
36535719080057;0.403587;0.265846;0.992745 0.0976341 -0.0701807 -0.32319 -0.104925 0.988481 -0.109068 0.0139083 0.0587236 0.11564 0.991554 -0.529114 0 0 0 1 
36535719080058;0.354702;0.694767;0.971793 -0.0894016 0.218235 -0.930482 0.112081 0.989259 -0.0938346 -0.249833 -0.207501 0.115648 0.971375 -0.0294238 0 0 0 1 
36535719080059;0.377989;0.31841;0.983811 0.148966 0.0996271 -0.46599 -0.129682 0.975459 -0.177941 1.12965 -0.123689 0.162141 0.978985 -0.315464 0 0 0 1 
36535719080060;0.383603;0.542243;0.99667 0.019652 0.0791321 -0.708733 -0.027703 0.994402 0.101967 0.480502 -0.0766853 -0.10382 0.991635 -0.174065 0 0 0 1 
36535719080062;0.362158;0.239531;0.985783 0.167832 -0.0080086 -0.221428 -0.167965 0.985575 -0.020721 -0.0940521 0.00441543 0.0217716 0.999753 -1.24234 0 0 0 1 
36535719080063;0.299523;0.311345;0.991604 -0.112376 0.0639731 0.069212 0.10491 0.988374 0.110049 -1.08847 -0.0755962 -0.102414 0.991865 -0.801392 0 0 0 1 
36535719080064;0.461382;0.237013;0.992747 -0.0698784 -0.0978303 0.562521 0.0321304 0.938348 -0.344197 0.125728 0.115851 0.338557 0.933787 -1.63911 0 0 0 1 
36535719080065;0.4807;0.786405;0.959393 0.15324 0.236819 -0.269934 -0.189603 0.971945 0.139191 -2.16411 -0.208846 -0.17844 0.961531 0.91631 0 0 0 1 
36535719080066;0.231893;0.269088;0.991821 -0.0722807 0.105197 0.420222 0.06024 0.991716 0.113449 -1.34995 -0.112526 -0.106184 0.987959 0.274558 0 0 0 1 
36535719080067;0.276753;0.231043;0.976373 0.195971 0.0910564 -0.0971952 -0.215434 0.849894 0.480903 -0.479725 0.0168546 -0.489157 0.872033 0.286801 0 0 0 1 
36535719080068;0.41506;0.434533;0.986715 -0.146746 0.0697117 0.408911 0.140471 0.986192 0.0877084 -1.54176 -0.08162 -0.0767507 0.993704 -0.884902 0 0 0 1 
36535719080069;0.168667;0.257744;0.996597 0.0188792 0.080234 -0.216395 -0.0372565 0.97148 0.234177 -0.924029 -0.0735246 -0.23637 0.968877 0.392225 0 0 0 1 
36535719080070;0.366766;0.271242;0.958525 0.269798 -0.0918615 -0.121758 -0.200338 0.867062 0.456145 -0.732206 0.202717 -0.418823 0.885151 -0.973005 0 0 0 1 
36535719080071;0.314881;0.290525;0.993683 -0.111944 -0.00790778 -0.340035 0.111742 0.993481 -0.0225453 -0.611926 0.01038 0.0215192 0.999715 -0.125434 0 0 0 1 
36535719080072;0.205179;0.300812;0.997434 -0.0509617 0.0502902 0.15792 0.0454844 0.993472 0.104619 -0.636564 -0.0552935 -0.102063 0.99324 0.251603 0 0 0 1 
36535719080073;0.364246;0.389939;0.939861 -0.177772 0.291648 -0.18263 0.0654383 0.931779 0.357078 -1.75447 -0.33523 -0.316519 0.887376 0.9235 0 0 0 1 
36535719080074;0.343501;0.986245;0.982755 0.148893 0.109654 0.00438673 -0.171114 0.957043 0.234071 -2.98836 -0.0700926 -0.248798 0.966016 0.212352 0 0 0 1 
36535719080075;0.45993;0.917176;0.975195 0.150221 -0.162569 0.382209 -0.172891 0.975554 -0.135658 -1.71136 0.138216 0.1604 0.977327 -1.05299 0 0 0 1 
36535719080076;0.347563;0.244992;0.959521 0.277792 0.0463822 0.209692 -0.279205 0.916646 0.286016 -0.730866 0.0369368 -0.287388 0.957102 0.0479187 0 0 0 1 
36535719080077;0.245685;0.259274;0.95463 0.268673 -0.128441 0.0285701 -0.227668 0.936475 0.266799 -0.258472 0.191963 -0.225452 0.955155 -0.443218 0 0 0 1 
36535719080078;0.322722;0.229811;0.994631 0.103049 0.00943729 -0.449605 -0.103165 0.980353 0.168123 -0.111763 0.00807306 -0.168194 0.985721 -0.84145 0 0 0 1 
36535719080079;0.340882;0.986156;0.991282 0.104951 0.0796592 -0.213734 -0.120148 0.968171 0.219567 -3.15347 -0.05408 -0.227224 0.97234 -0.320574 0 0 0 1 
36535719080080;0.326117;0.253085;0.968422 0.157155 0.193551 0.181147 -0.211411 0.929121 0.30338 0.300881 -0.132154 -0.334718 0.933005 0.920231 0 0 0 1 
36535719080081;0.410409;0.540355;0.987591 -0.152969 0.0355662 -0.232486 0.150725 0.986815 0.0589729 -1.78435 -0.0441183 -0.0528804 0.997626 -0.851557 0 0 0 1 
36535719080082;0.216435;0.24105;0.994692 0.10232 -0.0108967 0.399511 -0.100038 0.986399 0.130423 -0.0920031 0.0240933 -0.12864 0.991399 0.208714 0 0 0 1 
36535719080083;0.161862;0.231953;0.979119 0.200895 0.0310906 -0.012003 -0.203154 0.972493 0.113956 -0.142364 -0.00734216 -0.117893 0.992999 -0.387883 0 0 0 1 
36535719080084;0.439577;0.8975;0.98921 -0.146393 0.00575386 0.0689532 0.14562 0.986783 0.0710915 -3.26119 -0.0160851 -0.0694865 0.997453 -0.0598373 0 0 0 1 
36535719080085;0.124875;0.236707;0.981667 0.163524 0.0979284 0.00332786 -0.17936 0.966368 0.184293 -0.253328 -0.0644985 -0.198478 0.977981 0.0976949 0 0 0 1 
36535719080086;0.392366;0.250559;0.952283 0.200341 -0.230264 1.04504 -0.164264 0.97225 0.166573 -0.227254 0.257246 -0.1208 0.958766 -1.27569 0 0 0 1 
36535719080087;0.41425;0.552444;0.99604 -0.0808605 -0.0369507 0.129317 0.088899 0.909944 0.405092 -1.8868 0.000867148 -0.406773 0.913529 -0.58204 0 0 0 1 
36535719080088;0.317089;0.246804;0.970924 0.189263 0.146579 -0.224172 -0.209492 0.968069 0.13768 -0.385989 -0.11584 -0.164384 0.979571 -0.659049 0 0 0 1 
36535719080089;0.0976208;0.237652;0.99985 0.00866405 -0.0150082 0.132119 -0.00740207 0.996589 0.0821907 -0.524538 0.0156691 -0.0820672 0.996504 -0.108861 0 0 0 1 
36535719080090;0.312576;0.24193;0.995664 0.0640711 -0.067439 0.421456 -0.0599459 0.996304 0.061513 -1.19476 0.071131 -0.0572036 0.995825 -0.117254 0 0 0 1 
36535719080091;0.378116;0.26226;0.963067 -0.114806 0.243562 0.810559 0.148957 0.98069 -0.126727 -1.16907 -0.224309 0.158326 0.961571 0.161446 0 0 0 1 
36535719080093;0.290482;0.035624;0.989679 0.0306714 -0.139984 0.450198 -0.0470155 0.992254 -0.114988 0.466799 0.135373 0.120383 0.983454 -0.363256 0 0 0 1 
36535719080094;0.395592;0.470141;0.999476 0.0230595 -0.0226984 0.469899 -0.02345 0.999579 -0.0170897 -0.0536125 0.0222947 0.017613 0.999596 -0.174347 0 0 0 1 
36535719080095;0.347587;0.0265217;0.901683 0.256265 -0.348276 0.37251 -0.225338 0.965923 0.127339 0.647483 0.36904 -0.0363393 0.928703 -1.17013 0 0 0 1 
36535719080096;0.508705;0.0198603;0.951263 -0.218127 0.217988 0.291045 0.170137 0.960788 0.21895 -0.545555 -0.257199 -0.171191 0.951074 1.87086 0 0 0 1 
36535719080097;0.390373;0.0283083;0.897146 -0.338239 0.284118 0.290346 0.383559 0.915526 -0.121223 -1.36167 -0.219115 0.217731 0.951095 0.859731 0 0 0 1 
36535719080098;0.177167;0.0270249;0.960134 0.0137948 0.279198 0.0317986 -0.00942518 0.999811 -0.016987 0.0444208 -0.27938 0.0136784 0.960083 0.907809 0 0 0 1 
36535719080099;0.46993;0.260341;0.999724 -0.00911371 0.0216389 0.540569 0.00196463 0.950833 0.309699 -0.124341 -0.0233974 -0.309571 0.950588 -0.0866792 0 0 0 1 
36535719080100;0.314307;0.0351887;0.999985 -0.00515192 -0.00175118 -0.260304 0.00534374 0.990492 0.137468 -0.376046 0.00102631 -0.137475 0.990505 -0.40417 0 0 0 1 
36535719080101;0.365934;0.0288471;0.916504 0.39718 -0.0476327 0.130554 -0.395344 0.917497 0.0436092 1.59404 0.0610236 -0.0211366 0.997913 -0.0589851 0 0 0 1 
36535719080102;0.240105;0.0244806;0.989174 -0.130922 0.0662815 -0.104498 0.13367 0.990264 -0.0388606 -0.46709 -0.0605484 0.0472998 0.997044 -0.136284 0 0 0 1 
36535719080103;0.352767;0.0339892;0.993558 0.0751063 0.084864 0.0307214 -0.0776216 0.996624 0.0267342 -0.0939621 -0.0825696 -0.0331493 0.996034 0.812337 0 0 0 1 
36535719080104;0.495293;0.0268503;0.876939 0.211515 -0.431554 0.0412679 -0.183243 0.977268 0.106622 1.08616 0.444296 -0.0144215 0.895764 -1.41059 0 0 0 1 
36535719080105;0.433787;0.0323759;0.998493 0.0157578 0.0525649 0.0581827 -0.01511 0.999805 -0.0126972 0.0728601 -0.0527547 0.0118838 0.998537 1.03138 0 0 0 1 
36535719080106;0.129754;0.0361865;0.995834 -0.00300197 0.0911338 0.0795705 -0.00502865 0.996129 0.0877616 0.0443515 -0.0910445 -0.0878543 0.991964 0.243354 0 0 0 1 
36535719080107;0.262145;0.0273624;0.960161 0.273538 -0.0571583 0.0742156 -0.276654 0.959313 -0.0564068 1.26795 0.0394032 0.0699727 0.99677 -0.277193 0 0 0 1 
36535719080108;0.397924;0.321979;0.985477 0.169579 -0.00879383 -0.332772 -0.162898 0.958734 0.233008 0.217733 0.0479443 -0.228192 0.972435 -0.296183 0 0 0 1 
36535719080109;0.398301;0.233033;0.928827 0.265358 0.258582 0.171852 -0.273283 0.961918 -0.00549384 0.848228 -0.250192 -0.065563 0.965974 0.958092 0 0 0 1 
36535719080110;0.208018;0.0250715;0.988592 0.150446 0.00721814 0.0271551 -0.15058 0.988295 0.0244795 0.364606 -0.0034508 -0.0252871 0.999674 -0.187157 0 0 0 1 
36535719080111;0.465339;0.0186917;0.947046 -0.210282 0.242663 -0.0706999 0.23307 0.970007 -0.0690347 -0.252634 -0.220868 0.121936 0.967651 1.21628 0 0 0 1 
36535719080112;0.541337;0.0261223;0.899774 0.347905 -0.263379 1.25167 -0.332632 0.937521 0.102034 1.37628 0.282422 -0.00419929 0.959281 -1.1022 0 0 0 1 
36535719080113;0.28814;0.0296913;0.999748 0.021111 0.00765838 -0.000773139 -0.0211875 0.999725 0.0100413 0.636667 -0.0074443 -0.010201 0.99992 0.134411 0 0 0 1 
36535719080114;0.343577;0.0248979;0.961398 -0.275159 -0.00158681 0.351192 0.27516 0.96134 0.0106332 -1.12085 -0.00140036 -0.0106594 0.999942 0.402104 0 0 0 1 
36535719080115;0.500998;0.730167;0.996911 0.0698032 -0.03599 0.749358 -0.0681005 0.996592 0.0465456 -0.368005 0.0391164 -0.0439509 0.998268 -0.307505 0 0 0 1 
36535719080116;0.41433;0.0274668;0.955763 -0.220097 0.195125 0.492923 0.159707 0.945397 0.284111 -0.780452 -0.247003 -0.24038 0.938726 1.49669 0 0 0 1 
36535719080117;0.508343;0.0252139;0.996498 -0.0333836 0.0766639 0.0392582 0.0201515 0.985701 0.167292 0.0257292 -0.0811526 -0.165162 0.982922 1.31808 0 0 0 1 
36535719080118;0.0642213;0.0235702;0.997305 0.0728394 -0.00875566 -0.0474945 -0.072984 0.997179 -0.0175122 0.350872 0.00745539 0.018104 0.999808 -0.0604178 0 0 0 1 
36535719080119;0.384568;0.503473;0.988666 0.131206 0.0729715 0.50816 -0.142301 0.97389 0.176885 -0.113905 -0.0478578 -0.185264 0.981523 -0.0419631 0 0 0 1 
36535719080120;0.113108;0.030167;0.998941 -0.0368213 0.0275832 0.0402714 0.035755 0.99863 0.0382018 -0.24427 -0.0289521 -0.0371751 0.998889 0.261443 0 0 0 1 
36535719080121;0.423482;0.042814;0.972962 0.225249 -0.0510777 0.347772 -0.189258 0.904282 0.382694 0.300424 0.13239 -0.362679 0.922462 -0.308192 0 0 0 1 
36535719080122;0.427092;0.0253266;0.969311 -0.233736 0.0761841 0.147708 0.225821 0.969036 0.0998667 -1.54231 -0.0971676 -0.079598 0.99208 0.75426 0 0 0 1 
36535719080124;0.190705;0.0353841;0.984008 0.170877 0.0502919 0.00641839 -0.173393 0.983541 0.0508114 0.432264 -0.0407817 -0.0587191 0.997441 0.267343 0 0 0 1 
36535719080125;0.422416;0.0604482;0.884279 0.41517 -0.213738 0.308794 -0.384645 0.907143 0.170701 1.21862 0.264761 -0.0687338 0.961861 -0.942616 0 0 0 1 
36535719080126;0.446714;0.0446317;0.991758 0.122478 -0.0376121 0.291146 -0.125197 0.988788 -0.0813826 -0.221174 0.0272229 0.0854208 0.995973 -0.328722 0 0 0 1 
36535719080127;0.355012;0.552534;0.999683 -0.00599201 0.0244684 0.746847 0.00831434 0.995352 -0.0959419 0.265383 -0.0237798 0.0961148 0.995086 -0.0855676 0 0 0 1 
36535719080128;0.249905;0.0372568;0.999986 0.00345794 -0.00394249 0.0648075 -0.00345219 0.999993 0.00146464 0.440369 0.00394752 -0.00145101 0.999991 -0.0239756 0 0 0 1 
36535719080129;0.526113;0.58061;0.999409 0.00693815 -0.0336621 0.82895 -0.00817781 0.999288 -0.0368297 -0.119726 0.0333826 0.0370832 0.998754 0.108882 0 0 0 1 
36535719080130;0.433817;0.0416826;0.939089 0.0892149 0.331892 -0.137839 -0.0390031 0.987145 -0.154992 -0.296333 -0.341453 0.132607 0.930497 1.07851 0 0 0 1 
36535719080131;0.251532;0.395585;0.999512 -0.0284431 -0.0128972 0.642086 0.0282733 0.999514 -0.0131589 0.0663571 0.0132652 0.0127879 0.99983 0.0616734 0 0 0 1 
36535719080132;0.431426;0.0455597;0.982803 0.0472771 -0.178503 -0.0974921 -0.0375179 0.997631 0.0576597 -0.412971 0.180806 -0.0499711 0.982249 -0.950203 0 0 0 1 
36535719080133;0.541591;0.0293094;0.938958 0.226134 0.259271 0.09868 -0.271713 0.949701 0.155695 0.61462 -0.211021 -0.216638 0.953173 1.57358 0 0 0 1 
36535719080134;0.252306;0.036457;0.99655 -0.0799199 0.0223686 -0.135434 0.0809409 0.995502 -0.0492281 -0.458799 -0.0183336 0.0508688 0.998537 -0.216783 0 0 0 1 
36535719080135;0.472023;0.493251;0.973631 -0.0351003 0.22541 0.455934 0.0131116 0.995069 0.0983156 -0.213181 -0.227749 -0.0927677 0.969291 0.886361 0 0 0 1 
36535719080136;0.302061;0.0437382;0.973822 0.201437 -0.105326 0.0528464 -0.213333 0.969886 -0.117516 1.05673 0.0784818 0.136909 0.98747 -0.508586 0 0 0 1 
36535719080137;0.328535;0.0435985;0.966834 0.236398 0.096683 -0.311316 -0.220309 0.963427 -0.152555 0.789567 -0.129211 0.126195 0.983555 0.11271 0 0 0 1 
36535719080138;0.576365;0.0267782;0.996754 0.0624314 0.0508402 0.611166 -0.0380586 0.921798 -0.385799 0.361913 -0.0709504 0.382611 0.921181 -0.44434 0 0 0 1 
36535719080139;0.521512;0.0518679;0.965593 -0.259469 0.0174676 0.377031 0.255661 0.959425 0.118918 -1.61894 -0.0476144 -0.11036 0.99275 0.237557 0 0 0 1 
36535719080140;0.470285;0.0609152;0.893121 0.426254 0.143676 -0.119487 -0.421826 0.904586 -0.0615387 1.47042 -0.156198 -0.00564469 0.98771 0.1758 0 0 0 1 
36535719080141;0.30287;0.0424329;0.971331 0.134086 0.196307 -0.385894 -0.149748 0.986439 0.0671779 0.213347 -0.184637 -0.0946487 0.978239 0.652741 0 0 0 1 
36535719080142;0.480003;0.0431948;0.971696 0.203846 0.119391 -0.160141 -0.235346 0.879138 0.414402 0.41765 -0.0204867 -0.430771 0.902229 0.0931832 0 0 0 1 
36535719080143;0.628053;0.376441;0.916113 0.387386 -0.103293 -0.0449557 -0.397492 0.91124 -0.1079 1.40789 0.0523262 0.139907 0.988781 -0.259164 0 0 0 1 
36535719080144;0.602003;0.0452544;0.94214 0.241394 -0.232595 0.40373 -0.287824 0.938209 -0.192149 1.32207 0.171839 0.247978 0.953403 -1.50274 0 0 0 1 
36535719080145;0.170435;0.0375471;0.993872 0.110462 0.00405083 -0.0412534 -0.110487 0.993856 0.006602 0.403393 -0.00329668 -0.00700911 0.99997 0.212617 0 0 0 1 
36535719080146;0.207536;0.0381511;0.981304 0.188978 0.0364807 -0.0218826 -0.184536 0.977662 -0.10061 0.7037 -0.0546789 0.0919974 0.994257 0.0663346 0 0 0 1 
36535719080147;0.436345;0.0379307;0.984194 0.172795 -0.0387757 0.408104 -0.169758 0.982901 0.0713329 1.04918 0.0504386 -0.063623 0.996699 -0.406475 0 0 0 1 
36535719080148;0.640142;0.0311368;0.964222 -0.261997 -0.0404044 1.16658 0.249751 0.948902 -0.192899 -0.0320639 0.0888788 0.175906 0.980386 -0.643582 0 0 0 1 
36535719080149;0.408897;0.0406934;0.997229 -0.056537 -0.0483496 0.216328 0.0542687 0.997419 -0.0470062 -0.480374 0.0508824 0.0442521 0.997724 0.429434 0 0 0 1 
36535719080150;0.385378;0.0369657;0.995527 -0.00656743 0.0942445 -0.0180574 -0.0103362 0.98402 0.177755 0.43256 -0.0939059 -0.177934 0.979551 0.028158 0 0 0 1 
36535719080151;0.147734;0.0409013;0.991619 0.0195182 0.127717 -0.0861316 -0.00822627 0.996055 -0.0883508 0.0784775 -0.128937 0.0865596 0.987868 0.248725 0 0 0 1 
36535719080152;0.417728;0.066187;0.898706 0.403636 -0.171482 0.196963 -0.380818 0.912185 0.151312 1.08287 0.217498 -0.0706817 0.973498 -0.436906 0 0 0 1 
36535719080153;0.136308;0.0314777;0.989434 -0.125784 0.0721057 0.10013 0.123026 0.991535 0.0415077 -0.34476 -0.0767163 -0.0321982 0.996533 0.259525 0 0 0 1 
36535719080155;0.377066;0.300967;0.997246 -0.0193579 -0.0715901 0.450228 0.0368742 0.966976 0.252187 -0.0340194 0.0643441 -0.254132 0.965027 0.302011 0 0 0 1 
36535719080156;0.280014;0.233487;0.992634 -0.0421848 -0.113574 0.653686 0.0610763 0.983828 0.168382 0.049414 0.104634 -0.174078 0.979157 -0.335879 0 0 0 1 
36535719080157;0.357849;0.239237;0.99494 -0.0871002 0.0500868 0.863418 0.0645339 0.93606 0.345873 0.232003 -0.0770098 -0.34089 0.936944 0.848871 0 0 0 1 
36535719080158;0.214487;0.111125;0.998552 -0.0486935 -0.0228522 0.549928 0.0498587 0.99732 0.0535439 0.18017 0.0201837 -0.0546057 0.998304 0.242512 0 0 0 1 
36535719080159;0.313033;0.0966654;0.996195 -0.0431122 -0.075743 0.224329 0.0324504 0.990075 -0.136743 -0.693423 0.0808865 0.133765 0.987707 -0.746825 0 0 0 1 
36535719080160;0.477856;0.183297;0.938234 0.160576 -0.306484 -0.468165 -0.162058 0.986562 0.0207831 0.403675 0.305703 0.0301687 0.951649 -0.818113 0 0 0 1 
36535719080161;0.262671;0.111054;0.992964 0.11353 0.0336534 -0.0757926 -0.116603 0.986969 0.110883 -0.0824965 -0.0206263 -0.114027 0.993263 0.470057 0 0 0 1 
36535719080162;0.249715;0.100803;0.988322 0.152268 -0.00581133 -0.212639 -0.144426 0.948219 0.282881 -0.0160312 0.0485842 -0.278738 0.959137 0.013201 0 0 0 1 
36535719080163;0.453936;0.191412;0.931286 0.163669 -0.325453 0.8373 -0.187382 0.98136 -0.0426716 0.325663 0.312402 0.100723 0.944595 -1.16893 0 0 0 1 
36535719080164;0.466141;0.299626;0.985646 -0.111737 0.126556 0.785525 0.0865085 0.978015 0.189746 -0.0222664 -0.144975 -0.176074 0.973643 1.10961 0 0 0 1 
36535719080165;0.321246;0.119325;0.958014 -0.0696576 0.278131 0.101494 -0.0338433 0.935786 0.350939 -0.257422 -0.284716 -0.345618 0.894139 0.871979 0 0 0 1 
36535719080166;0.389384;0.172216;0.907563 -0.236786 0.346788 0.819558 0.267514 0.962601 -0.0428366 -0.457793 -0.323676 0.131648 0.936965 0.551018 0 0 0 1 
36535719080167;0.40197;0.324183;0.999934 -0.0108098 -0.00397739 0.468022 0.0115038 0.919968 0.391825 0.0256721 -0.000576463 -0.391845 0.920031 0.464717 0 0 0 1 
36535719080168;0.210711;0.178725;0.994738 0.00613756 0.102265 -0.151508 -0.00124122 0.998853 -0.047874 -0.0980844 -0.102441 0.0474952 0.993605 0.311279 0 0 0 1 
36535719080169;0.371812;0.0773349;0.962791 0.0627468 -0.262861 0.794164 0.00836004 0.965291 0.261043 -0.565588 0.270117 -0.253527 0.928849 -1.07217 0 0 0 1 
36535719080170;0.32738;0.08763;0.991812 0.107651 0.0686998 -0.137181 -0.102261 0.991721 -0.0776638 0.40748 -0.0764917 0.0700026 0.99461 -0.800277 0 0 0 1 
36535719080171;0.334438;0.310221;0.995508 -0.0830888 -0.0453777 0.500427 0.0812568 0.995857 -0.0408278 -0.399396 0.048582 0.0369572 0.998135 -0.0845266 0 0 0 1 
36535719080172;0.359248;0.183645;0.986641 0.151607 -0.0596202 0.123906 -0.137151 0.970515 0.198215 0.546354 0.0879131 -0.18739 0.978344 0.18324 0 0 0 1 
36535719080173;0.299017;0.0913176;0.994259 -0.0793755 -0.0717531 0.287609 0.0706563 0.990637 -0.116813 -0.569796 0.0803534 0.111072 0.990559 -1.16686 0 0 0 1 
36535719080174;0.332371;0.110193;0.992832 -0.102123 -0.0620846 1.11323 0.101001 0.994665 -0.0209607 0.266942 0.0638939 0.0145398 0.997851 -0.492183 0 0 0 1 
36535719080175;0.258801;0.109711;0.977199 -0.120176 -0.17504 0.408598 0.109866 0.991653 -0.0674849 -0.0719147 0.181689 0.0467153 0.982246 -1.19827 0 0 0 1 
36535719080176;0.244373;0.0937798;0.97376 0.0772142 0.214078 -0.176159 -0.0983655 0.991076 0.0899639 0.105022 -0.205221 -0.108661 0.972665 0.511234 0 0 0 1 
36535719080177;0.307368;0.28901;0.995323 -0.0392081 0.0882911 0.23088 0.014758 0.96492 0.262129 0.00684092 -0.0954714 -0.2596 0.960985 0.969538 0 0 0 1 
36535719080178;0.333626;0.0930158;0.922668 0.0503767 -0.382289 0.812079 -0.00822463 0.993775 0.111106 -0.0933912 0.385507 -0.0993694 0.917339 -0.637875 0 0 0 1 
36535719080179;0.112272;0.109279;0.995764 -0.0329632 -0.0858347 0.292418 0.0370393 0.998239 0.0463362 0.0313499 0.0841561 -0.0493192 0.995231 -0.422991 0 0 0 1 
36535719080180;0.447488;0.459619;0.997365 0.0685265 -0.0238341 1.05204 -0.0650614 0.990124 0.124184 -0.342567 0.0321086 -0.122307 0.991973 -0.204456 0 0 0 1 
36535719080181;0.181751;0.205907;0.987645 -0.0711874 0.139606 0.145599 0.0777056 0.9961 -0.0418025 -0.391629 -0.136085 0.0521341 0.989324 0.0151836 0 0 0 1 
36535719080182;0.227052;0.209905;0.974079 -0.111039 0.197081 0.282038 0.123564 0.990952 -0.0523986 -0.517362 -0.189479 0.0753924 0.978986 -0.048042 0 0 0 1 
36535719080183;0.271702;0.094704;0.982985 -0.0924086 -0.158751 1.04722 0.112274 0.986271 0.121095 -0.318672 0.145381 -0.136859 0.979864 -0.44302 0 0 0 1 
36535719080184;0.317465;0.101246;0.961631 0.170164 -0.215197 0.442053 -0.0638678 0.901704 0.42761 -0.330422 0.266807 -0.397459 0.877975 -0.484762 0 0 0 1 
36535719080186;0.390645;0.152237;0.91026 -0.0700231 0.408072 -0.0142708 0.186788 0.949049 -0.253805 -0.461307 -0.369508 0.307252 0.876961 1.56278 0 0 0 1 
36535719080187;0.111223;0.149442;0.999444 0.0157825 0.0293554 -0.0456876 -0.0157861 0.999875 -0.000109903 -0.0644586 -0.0293535 -0.000353565 0.999569 0.00689338 0 0 0 1 
36535719080188;0.65823;0.178136;0.87356 0.48079 0.0757272 0.0888188 -0.483498 0.875079 0.0215868 1.93189 -0.0558886 -0.0554713 0.996895 1.09773 0 0 0 1 
36535719080189;0.357007;0.157063;0.999808 0.0130894 0.0145568 -0.720189 -0.0132776 0.999829 0.0129069 0.314365 -0.0143853 -0.0130977 0.999811 -0.464733 0 0 0 1 
36535719080190;0.473164;1.01525;0.930297 -0.364005 0.0452587 -1.66598 0.36439 0.931247 -0.00027495 -2.20752 -0.0420469 0.0167476 0.998975 0.131064 0 0 0 1 
36535719080191;0.28216;0.144175;0.97946 0.200387 -0.0224226 -0.253896 -0.196298 0.973031 0.121151 0.726544 0.046095 -0.114261 0.992381 -0.713051 0 0 0 1 
36535719080192;0.431029;0.171435;0.98394 -0.166753 0.063677 -0.952457 0.171471 0.982123 -0.0776632 -0.469856 -0.0495881 0.0873348 0.994944 0.486019 0 0 0 1 
36535719080193;0.312078;0.143444;0.991088 -0.133202 0.00110075 -0.0721347 0.129863 0.96802 0.214646 -1.09367 -0.0296568 -0.21259 0.976691 -0.380778 0 0 0 1 
36535719080194;0.164987;0.137177;0.983917 0.178623 0.000744514 -0.126716 -0.178617 0.983833 0.0129566 0.664728 0.00158187 -0.0128812 0.999916 -0.0565279 0 0 0 1 
36535719080195;0.354366;0.159702;0.979663 -0.0365124 0.197299 0.00517575 0.0361124 0.999332 0.00562613 -0.567272 -0.197373 0.00161324 0.980327 0.204167 0 0 0 1 
36535719080196;0.523582;0.163273;0.985419 0.160622 0.0561222 -0.588274 -0.168864 0.882892 0.438162 0.775801 0.0208286 -0.441251 0.897142 -0.717388 0 0 0 1 
36535719080197;0.379637;0.141292;0.978572 -0.181062 -0.0980436 0.110653 0.187 0.980812 0.0551295 -1.05409 0.0861805 -0.0722824 0.993654 -1.18167 0 0 0 1 
36535719080198;0.253973;0.150588;0.983543 -0.144573 0.108364 -0.205335 0.154205 0.984246 -0.0864909 -0.837452 -0.0941524 0.101778 0.990342 0.762828 0 0 0 1 
36535719080199;0.451651;0.140127;0.9892 0.145153 0.0203335 -0.725568 -0.145196 0.989403 0.000661968 0.930036 -0.0200219 -0.00360716 0.999793 0.656299 0 0 0 1 
36535719080200;0.601292;0.979353;0.93688 -0.296381 0.185509 -1.21215 0.305462 0.951955 -0.0217753 -1.87953 -0.170143 0.0770667 0.982401 1.20136 0 0 0 1 
36535719080201;0.316883;0.167944;0.877468 0.0842092 0.472184 -0.0223968 0.00374945 0.983233 -0.182317 -0.0743523 -0.47962 0.161748 0.86244 2.32162 0 0 0 1 
36535719080202;0.389074;0.169432;0.971295 0.228359 0.0666271 -0.336062 -0.230047 0.972998 0.0187791 1.317 -0.0605397 -0.0335674 0.997601 -0.351529 0 0 0 1 
36535719080203;0.247825;0.161595;0.971681 -0.235665 0.0172506 -0.203217 0.234304 0.97038 0.0588517 -1.28486 -0.0306089 -0.0531432 0.998118 0.264251 0 0 0 1 
36535719080204;0.323434;0.143019;0.998011 -0.0499533 0.0384592 -0.30487 0.0492665 0.998612 0.0186044 -1.05244 -0.0393352 -0.0166727 0.999087 -0.123936 0 0 0 1 
36535719080205;0.326801;0.155671;0.9568 -0.0654791 0.283279 0.0693091 0.156434 0.937203 -0.311737 -0.607825 -0.245078 0.342584 0.906958 1.02875 0 0 0 1 
36535719080206;0.360649;0.168554;0.994465 0.100818 0.0295853 -0.359991 -0.100628 0.994893 -0.00786061 1.02434 -0.0302267 0.00484 0.999531 -0.0176099 0 0 0 1 
36535719080207;0.378318;0.167979;0.999235 -0.0314949 0.0231748 0.518239 0.0313969 0.999496 0.00458145 -0.351055 -0.0233074 -0.00385033 0.999721 0.121471 0 0 0 1 
36535719080208;0.281021;0.149719;0.979172 -0.0596391 0.194077 -0.432104 0.0524138 0.997735 0.0421579 -0.548646 -0.196152 -0.0311075 0.98008 1.31612 0 0 0 1 
36535719080209;0.41046;0.164358;0.953868 -0.288615 0.0826913 -0.413895 0.268567 0.943384 0.194676 -2.02249 -0.134196 -0.163487 0.977376 0.694009 0 0 0 1 
36535719080210;0.243944;0.149899;0.975202 0.148038 0.164515 0.128113 -0.155215 0.987376 0.0315896 0.410134 -0.157761 -0.0563413 0.985869 0.650043 0 0 0 1 
36535719080211;0.419439;0.153164;0.927591 0.373513 0.0078932 -0.261941 -0.37353 0.927618 0.000786907 1.24779 -0.00702795 -0.00367828 0.999969 -0.0319321 0 0 0 1 
36535719080212;0.411637;0.176307;0.952457 0.273002 0.135262 0.227475 -0.270471 0.962013 -0.0371097 0.594437 -0.140255 -0.00123907 0.990115 0.806369 0 0 0 1 
36535719080213;0.271077;0.157634;0.971962 -0.183877 -0.146559 -0.258832 0.155831 0.970471 -0.184126 -0.940829 0.176088 0.156125 0.971915 -1.05954 0 0 0 1 
36535719080214;0.356981;0.138626;0.951067 0.151314 -0.2694 -0.183153 -0.160198 0.987022 -0.0111656 0.412642 0.264214 0.0537765 0.962964 -0.960259 0 0 0 1 
36535719080215;0.558879;0.180302;0.9609 0.218532 0.170045 -0.292176 -0.163869 0.943826 -0.286947 0.796809 -0.2232 0.247862 0.942733 1.97471 0 0 0 1 
36535719080217;0.267916;0.0186784;0.967242 -0.178071 -0.180926 0.544533 0.155011 0.978706 -0.134562 -0.240185 0.201035 0.102109 0.974248 -0.933162 0 0 0 1 
36535719080218;0.403611;0.0268909;0.997131 0.0756897 7.45552e-05 -0.326652 -0.0756656 0.996788 0.0262524 0.700496 0.00191272 -0.0261828 0.999655 0.458615 0 0 0 1 
36535719080219;0.612805;0.520503;0.998762 -0.0102404 0.0486879 -0.152043 0.0105656 0.999924 -0.00642683 0.141861 -0.0486184 0.00693328 0.998793 0.682825 0 0 0 1 
36535719080220;0.465305;0.0244618;0.970854 -0.117986 -0.208619 0.415707 0.0974492 0.989563 -0.106152 0.162938 0.218966 0.0827287 0.972219 -1.43862 0 0 0 1 
36535719080221;0.397154;0.0214119;0.978316 -0.201615 0.0474168 -0.195914 0.191446 0.967636 0.164405 -0.819342 -0.0790288 -0.151762 0.985253 -0.0983064 0 0 0 1 
36535719080222;0.388852;0.0302098;0.983959 -0.107203 0.142591 -0.423654 0.14157 0.955585 -0.258485 -0.23903 -0.108547 0.274525 0.955434 0.196835 0 0 0 1 
36535719080223;0.332061;0.0243374;0.928865 -0.190355 -0.317767 0.862196 0.166943 0.980921 -0.0996189 -0.637511 0.330667 0.0394836 0.942921 -0.880307 0 0 0 1 
36535719080224;0.591626;0.026574;0.994468 0.0951858 0.0444107 -0.375179 -0.0772 0.949073 -0.305452 1.22652 -0.0712236 0.300334 0.951171 0.427812 0 0 0 1 
36535719080225;0.418431;0.321044;0.990083 -0.0605432 0.126766 -0.0626937 0.0583421 0.998076 0.0210089 0.00962878 -0.127794 -0.0134048 0.99171 0.729086 0 0 0 1 
36535719080226;0.434396;0.423437;0.987194 0.0725865 -0.142053 0.190607 -0.073372 0.997305 -0.000291944 0.0531361 0.141649 0.0107109 0.989859 -0.204903 0 0 0 1 
36535719080227;0.258425;0.0218211;0.980951 0.171802 0.090658 -0.0684102 -0.17593 0.983604 0.0396478 0.426109 -0.08236 -0.0548421 0.995093 0.567468 0 0 0 1 
36535719080228;0.348273;0.0273199;0.957639 -0.201717 0.205519 0.135879 0.210563 0.977335 -0.0218905 -0.308949 -0.196445 0.0642379 0.978408 0.860326 0 0 0 1 
36535719080229;0.349476;0.0226328;0.994946 0.054864 0.0841009 -0.199272 -0.0407021 0.986 -0.161704 0.133592 -0.0917952 0.157464 0.983249 -0.430695 0 0 0 1 
36535719080230;0.507963;0.631723;0.937761 -0.092445 0.33475 0.271361 0.0909368 0.995652 0.0202122 0.0458348 -0.335163 0.0114869 0.94209 0.73415 0 0 0 1 
36535719080231;0.499847;0.02243;0.999935 0.00236317 -0.011145 -0.302492 -0.00205017 0.999605 0.0280133 -0.432674 0.0112068 -0.0279887 0.999545 -0.844089 0 0 0 1 
36535719080232;0.400636;0.0284737;0.974595 -0.205197 0.0897677 0.19914 0.173487 0.945114 0.276878 -0.470579 -0.141655 -0.254271 0.956703 1.0379 0 0 0 1 
36535719080233;0.232565;0.0209583;0.985103 0.0567556 -0.162328 0.0624861 -0.0385341 0.992816 0.113275 0.0622612 0.167591 -0.105333 0.980213 -0.100174 0 0 0 1 
36535719080234;0.243089;0.0277568;0.999968 0.00657564 0.00450603 0.17471 -0.00651767 0.999897 -0.01276 0.115884 -0.00458948 0.0127302 0.999908 -0.441463 0 0 0 1 
36535719080235;0.336455;0.269092;0.998562 -0.0175778 -0.0506379 -0.0147371 0.0212153 0.997163 0.072217 0.0460613 0.0492249 -0.0731874 0.996103 0.0674411 0 0 0 1 
36535719080236;0.526732;0.0257053;0.959008 -0.132867 0.2503 0.591665 0.0760978 0.971573 0.224176 -0.539968 -0.27297 -0.19594 0.941857 1.66799 0 0 0 1 
36535719080237;0.707625;0.469161;0.999717 -0.0183957 -0.0151039 0.20092 0.0180929 0.999637 -0.0199455 0.232572 0.0154654 0.0196666 0.999687 0.693725 0 0 0 1 
36535719080238;0.378354;0.0225422;0.98033 0.183802 -0.0718983 0.350248 -0.165939 0.964823 0.203912 0.736405 0.106849 -0.18797 0.976346 -0.178438 0 0 0 1 
36535719080239;0.260619;0.0213964;0.999353 -0.0299332 0.0199523 0.395703 0.0296923 0.999484 0.0122611 -0.168575 -0.020309 -0.0116608 0.999726 0.384364 0 0 0 1 
36535719080240;0.347346;0.0181117;0.997428 0.00631156 0.0713987 -0.0553862 0.0206002 0.928847 -0.36989 0.339705 -0.0686531 0.37041 0.926328 -0.304716 0 0 0 1 
36535719080241;0.461675;0.0337435;0.945041 0.143051 0.293996 -0.180518 -0.0670527 0.96489 -0.253953 -0.228634 -0.320002 0.220283 0.921452 0.686699 0 0 0 1 
36535719080242;0.184835;0.0234375;0.992267 0.103334 0.0687689 -0.147561 -0.10469 0.99437 0.0164096 0.0291829 -0.066686 -0.0234821 0.997498 0.141796 0 0 0 1 
36535719080243;0.50255;0.537241;0.999526 -0.0236503 0.019717 0.131246 0.0239836 0.999571 -0.0168396 0.0161467 -0.0193102 0.0173044 0.999664 -0.126458 0 0 0 1 
36535719080244;0.3548;0.0332368;0.921616 0.252973 0.294328 -0.222196 -0.271439 0.962182 0.0229554 0.625014 -0.27739 -0.101048 0.955429 1.12982 0 0 0 1 
36535719080245;0.421326;0.0256886;0.969863 0.12191 -0.210959 0.471149 -0.142236 0.986265 -0.0839666 0.568507 0.197825 0.111442 0.973882 -1.27285 0 0 0 1 
36535719080246;0.428678;0.0236315;0.967822 0.251608 -0.00374453 0.127457 -0.250904 0.963767 -0.0905594 1.11237 -0.0191766 0.0885849 0.995884 -0.498039 0 0 0 1 
36535719080248;0.279109;0.0137054;0.99991 -0.00931142 -0.00962005 0.764918 0.00930252 0.999956 -0.000969094 0.230399 0.00962866 0.000879517 0.999953 -0.360229 0 0 0 1 
36535719080249;0.148582;0.0396714;0.997822 -0.0648645 -0.0120242 -0.202063 0.0648783 0.997893 0.000762851 -0.159324 0.0119494 -0.0015413 0.999927 -0.180577 0 0 0 1 
36535719080250;0.310686;0.0317094;0.996956 -0.00946189 0.0773933 -0.236424 0.00932619 0.999954 0.00211466 0.236061 -0.0774098 -0.00138644 0.996998 -0.67893 0 0 0 1 
36535719080251;0.298484;0.0454953;0.999194 0.0310115 -0.0254963 -0.450121 -0.0296312 0.998163 0.0528371 0.64421 0.027088 -0.052039 0.998278 0.168556 0 0 0 1 
36535719080252;0.364884;0.254945;0.976054 -0.151674 -0.155926 1.20859 0.151121 0.988394 -0.0154691 -0.485418 0.156463 -0.00846495 0.987648 -0.332691 0 0 0 1 
36535719080253;0.298099;0.253239;0.996996 -0.0723304 -0.0277032 0.714748 0.0706851 0.995905 -0.0563622 -0.175582 0.0316665 0.0542347 0.998026 -0.572894 0 0 0 1 
36535719080254;0.413793;0.354283;0.997159 -0.0714266 -0.0239171 0.290663 0.0648952 0.975838 -0.208635 0.250888 0.0382413 0.20649 0.977701 -0.407547 0 0 0 1 
36535719080255;0.265645;0.0337554;0.995243 -0.0718002 0.0658498 -0.0709802 0.0870796 0.958694 -0.270781 -0.215146 -0.0436877 0.275227 0.960386 0.248069 0 0 0 1 
36535719080256;0.228269;0.0436862;0.969957 0.243136 -0.00830242 -0.124119 -0.243125 0.969992 0.00221824 0.493949 0.00859262 -0.000133071 0.999963 -0.068416 0 0 0 1 
36535719080257;0.266234;0.028952;0.999148 -0.040872 -0.00570999 -0.635813 0.0410315 0.998665 0.031376 -0.29556 0.00441997 -0.0315835 0.999491 -0.0783736 0 0 0 1 
36535719080258;0.327944;0.00962431;0.99899 -0.0391845 -0.0219786 0.589829 0.0395204 0.999105 0.0150659 -0.677458 0.0213686 -0.0159193 0.999645 0.537384 0 0 0 1 
36535719080259;0.241821;0.0468605;0.984014 0.155427 -0.0869466 0.289507 -0.154675 0.987846 0.0153595 0.150549 0.0882771 -0.00166551 0.996095 -0.628804 0 0 0 1 
