#;prob_registration_l1 -r /home/probabilistic_point_clouds_registration/build/tester /home/point_clouds_registration_benchmark//devel/registration_pairs/gazebo_winter_local.txt /home/point_clouds_registration_benchmark//eth/gazebo_winter -s 0.2 -t 0.2 -p 0.3 -r 1000 -m 20 -i 40 
id;initial_error;final_error;transformation
38591597440000;0.538033;0.0268805;0.993489 -0.0994832 -0.0555279 -0.38436 0.101232 0.994422 0.0296146 -0.436318 0.052272 -0.0350429 0.998018 0.545837 0 0 0 1 
38591597440001;0.518725;0.150594;0.972051 0.155344 0.176024 -0.0882857 -0.170629 0.98246 0.0752222 0.426702 -0.161251 -0.103155 0.981508 0.0100027 0 0 0 1 
38591597440002;0.466312;0.0188875;0.984308 -0.131293 0.117902 0.0662056 0.135867 0.990223 -0.0315996 -0.311898 -0.1126 0.0471227 0.992522 -0.208103 0 0 0 1 
38591597440003;0.369171;0.154583;0.997796 0.0663217 -0.0022785 -0.123643 -0.0663017 0.997768 0.0079548 0.151776 0.00280099 -0.0077862 0.999966 0.372067 0 0 0 1 
38591597440004;0.566929;0.210053;0.938016 0.233675 -0.255973 0.877376 -0.224513 0.972309 0.0648791 0.76502 0.264045 -0.00338846 0.964504 -1.62571 0 0 0 1 
38591597440005;0.214626;0.0199037;0.994911 -0.0823212 -0.0580967 0.0056271 0.0818992 0.996594 -0.00961086 -0.30215 0.0586901 0.00480387 0.998265 -0.591365 0 0 0 1 
38591597440006;0.296525;0.0280733;0.95979 -0.220266 -0.174031 0.165806 0.241884 0.963526 0.114496 -1.0103 0.142464 -0.151988 0.978061 -0.354517 0 0 0 1 
38591597440007;0.55939;0.034876;0.989927 0.141562 -0.00233769 0.0649522 -0.141067 0.987607 0.0687965 0.188826 0.0120477 -0.0677737 0.997628 -0.868287 0 0 0 1 
38591597440008;0.573696;0.0269373;0.909861 0.00393503 0.414894 0.323988 -0.109324 0.966893 0.230576 0.465099 -0.40025 -0.25515 0.880169 2.44706 0 0 0 1 
38591597440009;0.226381;0.0155941;0.999513 -0.0263436 0.0167028 0.0557017 0.0257275 0.999017 0.036087 0.0880363 -0.0176371 -0.0356398 0.999209 -0.239821 0 0 0 1 
38591597440010;0.405479;0.0345711;0.934648 -0.111954 0.337488 0.0841727 0.225937 0.919887 -0.320563 -0.765894 -0.274563 0.375865 0.885065 1.66917 0 0 0 1 
38591597440011;0.432428;0.195701;0.987371 -0.144632 -0.0646535 0.169514 0.156215 0.956768 0.245339 -0.99532 0.0263744 -0.252341 0.967279 -0.28937 0 0 0 1 
38591597440012;0.493861;0.0437217;0.996266 -0.00395206 -0.0862409 0.33472 -0.00068952 0.998556 -0.0537251 -0.235822 0.0863287 0.053584 0.994825 0.327719 0 0 0 1 
38591597440013;0.489902;0.246129;0.971052 0.143464 0.190987 -0.028517 -0.152882 0.987608 0.0354482 0.173346 -0.183535 -0.0636205 0.980952 0.41768 0 0 0 1 
38591597440014;0.265078;0.0329289;0.95018 -0.0588957 0.306087 -0.0718906 0.0919042 0.991268 -0.0945619 -0.274415 -0.297845 0.117981 0.947296 1.44768 0 0 0 1 
38591597440015;0.50504;0.193793;0.986583 -0.135081 0.0916942 0.130721 0.118488 0.978801 0.167062 -0.915865 -0.112317 -0.153956 0.981673 0.149949 0 0 0 1 
38591597440016;0.306367;0.0263587;0.961588 0.116716 -0.248448 0.255704 -0.0699938 0.979437 0.189218 0.00557393 0.265424 -0.16456 0.949984 -1.34288 0 0 0 1 
38591597440017;0.306001;0.0352132;0.991945 -0.126223 0.0106644 -0.204256 0.126663 0.98937 -0.0714413 -0.878532 -0.00153349 0.0722166 0.997388 0.106504 0 0 0 1 
38591597440018;0.310987;0.17059;0.997375 0.0711186 -0.0136377 0.24256 -0.0713925 0.997232 -0.0207709 0.258281 0.0121228 0.02169 0.999691 -0.269329 0 0 0 1 
38591597440019;0.565481;0.0124021;0.986175 -0.159102 0.0463285 -0.558253 0.143727 0.960391 0.23873 -0.241314 -0.0824758 -0.22877 0.96998 -0.151178 0 0 0 1 
38591597440020;0.471158;0.0370408;0.947627 -0.319037 -0.0147511 -0.0199101 0.310239 0.930499 -0.19474 -1.29382 0.0758553 0.179965 0.980744 0.278994 0 0 0 1 
38591597440021;0.264772;0.211103;0.983267 0.0668733 0.169452 -0.0773126 -0.0771141 0.995527 0.0545852 0.0920731 -0.165044 -0.066739 0.984026 0.575929 0 0 0 1 
38591597440022;0.382739;0.0376842;0.994553 -0.0288958 -0.100145 -0.299931 0.0350741 0.997552 0.0604913 -0.455533 0.0981523 -0.0636743 0.993132 -0.0691685 0 0 0 1 
38591597440023;0.504596;0.289389;0.993093 0.113605 -0.0293247 0.0122828 -0.114996 0.992048 -0.0511557 0.535365 0.02328 0.0541746 0.99826 -0.615605 0 0 0 1 
38591597440024;0.223621;0.0309528;0.997152 -0.054293 0.0523552 -0.0311659 0.0658769 0.964954 -0.254015 0.0632781 -0.0367291 0.25674 0.965782 0.319828 0 0 0 1 
38591597440025;0.497841;0.0194186;0.937136 -0.231184 0.261399 -0.352475 0.266457 0.957752 -0.108223 -1.35869 -0.225336 0.171071 0.959145 0.63295 0 0 0 1 
38591597440026;0.507307;0.28424;0.970567 -0.10423 -0.217107 0.384073 0.116133 0.992312 0.0427736 -0.353793 0.21098 -0.0667281 0.97521 -0.577197 0 0 0 1 
38591597440027;0.37107;0.0239957;0.995787 0.002737 0.0916514 -0.231803 -0.0450991 0.88491 0.463573 0.114324 -0.0798345 -0.465753 0.881306 0.370787 0 0 0 1 
38591597440028;0.144155;0.0227808;0.98577 -0.159125 -0.0541875 0.0300463 0.157682 0.987035 -0.0299768 -0.594542 0.058255 0.0210059 0.998081 -0.149236 0 0 0 1 
38591597440029;0.386592;0.0124301;0.934939 -0.319162 0.155001 0.0392938 0.270585 0.923948 0.270377 -1.43665 -0.229507 -0.210845 0.950195 0.854616 0 0 0 1 
38591597440031;0.613756;0.304492;0.960106 -0.0621758 -0.272635 0.35726 0.0404905 0.995604 -0.084462 -0.635148 0.276688 0.0700534 0.958403 -1.27299 0 0 0 1 
38591597440032;0.317715;0.110561;0.964919 0.187697 -0.18358 0.569694 -0.206468 0.9744 -0.0889681 1.06883 0.162181 0.12375 0.97897 -0.481531 0 0 0 1 
38591597440033;0.586776;0.0571196;0.92574 -0.0994035 0.364861 0.460257 0.0813486 0.994592 0.0645676 0.109211 -0.369307 -0.0300918 0.92882 1.46968 0 0 0 1 
38591597440034;0.22655;0.0356537;0.985956 -0.145888 0.0812916 -0.338851 0.159373 0.967385 -0.19689 -0.973631 -0.0499165 0.207081 0.97705 0.616828 0 0 0 1 
38591597440035;0.489052;0.0369631;0.986444 -0.0902726 0.137033 -0.00792339 0.103377 0.990404 -0.0917226 -1.25971 -0.127438 0.104645 0.986311 0.745198 0 0 0 1 
38591597440036;0.235684;0.157241;0.997287 -0.0735993 -0.00118414 -0.150434 0.0735741 0.997182 -0.0146805 -0.109605 0.00226128 0.0145535 0.999892 -0.0571349 0 0 0 1 
38591597440037;0.200232;0.0376286;0.995055 0.0960567 0.0252878 0.152856 -0.0961834 0.995356 0.00384231 0.369564 -0.0248013 -0.00625558 0.999673 -0.229446 0 0 0 1 
38591597440038;0.419626;0.241435;0.989461 0.137661 -0.044901 0.158077 -0.143794 0.970627 -0.192888 0.703767 0.017029 0.197312 0.980193 0.724495 0 0 0 1 
38591597440039;0.360484;0.0260615;0.998762 -0.0178733 0.046416 -0.0635128 0.0247054 0.988214 -0.151074 -0.237377 -0.0431687 0.152034 0.987432 -0.0795842 0 0 0 1 
38591597440040;0.46013;0.044653;0.879941 0.237654 -0.411369 1.39288 -0.246091 0.968677 0.0332166 0.914685 0.406378 0.0720055 0.910863 -1.94334 0 0 0 1 
38591597440041;0.266595;0.0341938;0.998527 0.053298 0.0101933 -0.330375 -0.0534138 0.998507 0.0114476 0.150289 -0.00956794 -0.0119752 0.999883 0.05976 0 0 0 1 
38591597440042;0.263344;0.0378957;0.965394 0.216265 -0.145754 0.598141 -0.200492 0.972857 0.115548 0.476749 0.166787 -0.0823269 0.98255 -0.740203 0 0 0 1 
38591597440043;0.518284;0.0389649;0.96215 0.267297 -0.0530993 1.00301 -0.2601 0.958853 0.113796 1.10298 0.0813318 -0.095678 0.992084 -1.28908 0 0 0 1 
38591597440044;0.328581;0.0371664;0.963242 0.252167 0.0926107 0.5481 -0.244171 0.965588 -0.0895505 1.24555 -0.112005 0.0636459 0.991667 0.92078 0 0 0 1 
38591597440045;0.358212;0.0408433;0.978042 0.163788 0.128869 0.106439 -0.167873 0.985576 0.0214277 0.924628 -0.123501 -0.0425908 0.99143 0.870797 0 0 0 1 
38591597440046;0.061941;0.047322;0.999427 -0.00754785 0.0329984 -0.00957338 0.00668708 0.999636 0.0261184 -0.0442286 -0.0331835 -0.0258828 0.999114 0.0717607 0 0 0 1 
38591597440047;0.281023;0.0359357;0.982803 0.16989 -0.0723606 0.544365 -0.161258 0.980544 0.111932 0.421812 0.089969 -0.0983388 0.991078 -0.948242 0 0 0 1 
38591597440048;0.595102;0.0407148;0.986705 0.0501487 -0.15459 0.00624438 -0.000399028 0.951947 0.306262 -0.874967 0.16252 -0.302129 0.939311 -2.04004 0 0 0 1 
38591597440049;0.461067;0.0310006;0.897573 0.124135 -0.423028 0.96851 -0.206967 0.965878 -0.155708 0.82836 0.389264 0.227312 0.892638 -1.62068 0 0 0 1 
38591597440050;0.266343;0.0367878;0.998724 0.0136955 -0.0486002 0.072552 -0.0279855 0.95129 -0.307023 0.165861 0.042028 0.307992 0.95046 0.140466 0 0 0 1 
38591597440051;0.432966;0.0385319;0.926361 0.18941 -0.325545 1.11399 -0.188142 0.981493 0.0356867 1.0783 0.32628 0.0281898 0.944853 -1.20441 0 0 0 1 
38591597440052;0.0767887;0.0319933;0.994922 -0.0186269 0.0989079 -0.0657997 0.0212352 0.999452 -0.0253842 -0.112051 -0.0983809 0.0273556 0.994773 0.435465 0 0 0 1 
38591597440053;0.465189;0.0395088;0.972847 0.221994 -0.0654792 0.971139 -0.215151 0.97168 0.0977143 1.39821 0.0853169 -0.0809731 0.993058 -0.425157 0 0 0 1 
38591597440054;0.503874;0.0393407;0.997044 0.0493128 0.0589169 -0.741077 -0.0540466 0.995194 0.081658 0.162009 -0.0546069 -0.0846009 0.994917 0.221892 0 0 0 1 
38591597440055;0.362809;0.0425175;0.993355 -0.114722 0.00922041 -0.204755 0.114729 0.993397 -0.000197278 -0.659543 -0.00913689 0.00125381 0.999957 -0.547698 0 0 0 1 
38591597440056;0.349297;0.0413111;0.954579 0.274433 0.11604 0.580647 -0.297449 0.900459 0.31733 0.838739 -0.0174039 -0.337433 0.941189 -0.360457 0 0 0 1 
38591597440057;0.335627;0.0431619;0.926586 -0.015969 -0.375745 0.557592 0.0328716 0.998713 0.0386163 -0.129029 0.374645 -0.0481326 0.925918 -1.68527 0 0 0 1 
38591597440058;0.689618;0.580945;0.996845 0.0600819 -0.0518626 0.0621937 -0.059659 0.998172 0.00966549 0.271477 0.0523485 -0.00654093 0.998607 -0.58967 0 0 0 1 
38591597440059;0.45308;0.0161168;0.99999 0.00432161 0.00149999 -0.364108 -0.00430757 0.999948 -0.00924161 -0.359458 -0.00153985 0.00923505 0.999956 -0.551122 0 0 0 1 
38591597440060;0.265486;0.0456729;0.995555 -0.0920263 0.0200592 -0.0127926 0.0905593 0.993787 0.0647036 -0.693032 -0.025889 -0.0625994 0.997703 0.295092 0 0 0 1 
38591597440062;0.128316;0.0331745;0.997212 -0.0745246 0.00373036 -0.220747 0.0732048 0.986787 0.144545 -0.490622 -0.0144532 -0.143869 0.989491 -0.411751 0 0 0 1 
38591597440063;0.451456;0.0363827;0.996395 -0.0326873 0.0782887 -0.239728 0.00632647 0.948855 0.31565 -0.533982 -0.0846023 -0.314017 0.945641 0.197018 0 0 0 1 
38591597440064;0.130373;0.0357963;0.997935 0.0642273 -0.000721954 0.0179499 -0.0640647 0.994474 -0.0831658 0.188883 -0.00462355 0.0830403 0.996535 0.168101 0 0 0 1 
38591597440065;0.480669;0.0497804;0.951109 0.0795599 0.298432 -0.0814844 -0.0579078 0.995053 -0.0807209 0.359312 -0.303377 0.0594929 0.951011 0.846432 0 0 0 1 
38591597440066;0.373674;0.0569017;0.918489 0.0333377 0.394038 0.0842486 -0.0732071 0.993551 0.0865837 0.365471 -0.38861 -0.108373 0.915007 1.66586 0 0 0 1 
38591597440067;0.212733;0.0497246;0.984721 0.140187 0.103309 0.26721 -0.162937 0.951077 0.262495 0.422692 -0.0614563 -0.275317 0.959387 -0.382977 0 0 0 1 
38591597440068;0.0642751;0.0315713;0.99826 -0.0386138 -0.0445685 -0.115411 0.0359779 0.997639 -0.0585008 -0.1222 0.0467222 0.0567955 0.997292 -0.048621 0 0 0 1 
38591597440069;0.225205;0.0370783;0.994003 -0.0487897 -0.0978636 -0.105242 0.0409263 0.995889 -0.0808085 -0.163694 0.101404 0.0763187 0.991914 -0.63996 0 0 0 1 
38591597440070;0.596655;0.0330326;0.98359 -0.131861 0.12314 -1.03509 0.144342 0.984602 -0.0986101 0.000735801 -0.108241 0.114766 0.987478 0.490024 0 0 0 1 
38591597440071;0.538974;0.0482161;0.968218 0.203919 0.144815 0.239498 -0.231243 0.950473 0.207671 1.23103 -0.0952943 -0.234558 0.96742 0.432976 0 0 0 1 
38591597440072;0.398938;0.0390549;0.986309 0.0855706 -0.140969 0.376255 -0.131589 0.923613 -0.360033 0.904622 0.0993924 0.373654 0.922228 0.204191 0 0 0 1 
38591597440073;0.454646;0.0440566;0.971269 0.237559 0.0142047 0.157655 -0.237526 0.971373 -0.00395364 0.754996 -0.0147373 0.000466059 0.999891 -0.321066 0 0 0 1 
38591597440074;0.403252;0.0496422;0.995391 -0.095899 0.000953249 0.331423 0.0958493 0.994442 -0.0435759 -0.368708 0.00323093 0.0434664 0.99905 0.271271 0 0 0 1 
38591597440075;0.606683;0.0825195;0.998718 -0.0427349 -0.0271368 0.301994 0.0289737 0.922117 -0.385824 0.00188153 0.0415115 0.384543 0.922173 1.50062 0 0 0 1 
38591597440076;0.528752;0.0290308;0.99924 0.0233694 -0.0312117 -0.587747 -0.0226037 0.99944 0.0246644 0.234292 0.0317706 -0.0239401 0.999208 0.319622 0 0 0 1 
38591597440077;0.46683;0.384622;0.96888 0.0704264 0.237302 -0.470027 -0.108616 0.982408 0.151911 0.385856 -0.222429 -0.172958 0.959485 0.499125 0 0 0 1 
38591597440078;0.164495;0.0263544;0.999957 -0.00792419 0.00475768 -0.29638 0.00797351 0.999914 -0.0104403 -0.0864052 -0.00467454 0.0104778 0.999934 0.0944501 0 0 0 1 
38591597440079;0.383028;0.04545;0.935186 0.0694583 0.347278 0.482866 -0.123596 0.982936 0.136236 0.376009 -0.331889 -0.170328 0.927814 0.618033 0 0 0 1 
38591597440080;0.593423;0.31085;0.996868 -0.0582737 -0.0534564 -0.0369383 0.0602666 0.997516 0.0364577 -0.272855 0.0511991 -0.0395651 0.997904 0.334628 0 0 0 1 
38591597440081;0.611108;0.0417039;0.9387 -0.00757131 -0.344651 0.953867 -0.108798 0.942157 -0.317023 0.474215 0.327116 0.335087 0.883579 -1.16555 0 0 0 1 
38591597440082;0.502695;0.387611;0.99471 0.100815 0.0197079 -0.38572 -0.102224 0.990384 0.0932235 0.320777 -0.01012 -0.094745 0.99545 -0.732957 0 0 0 1 
38591597440083;0.715049;0.0732115;0.928448 -0.327205 0.175844 -0.514354 0.354318 0.922237 -0.154719 -1.86158 -0.111545 0.205953 0.972184 1.96954 0 0 0 1 
38591597440084;0.378082;0.0469394;0.988777 -0.00679535 0.149245 -0.219379 -0.0218222 0.981682 0.189274 -0.0640208 -0.147797 -0.190407 0.970516 -0.434678 0 0 0 1 
38591597440085;0.428084;0.43126;0.998652 0.0376807 0.0356884 -0.0749946 -0.0379071 0.999265 0.00568894 0.0262992 -0.0354478 -0.00703412 0.999347 0.201551 0 0 0 1 
38591597440086;0.348552;0.0947642;0.955506 0.198854 -0.217866 0.634945 -0.261041 0.91398 -0.310642 1.07339 0.137353 0.353693 0.925222 0.488722 0 0 0 1 
38591597440087;0.456571;0.0383841;0.971227 -0.236462 -0.0283629 -0.989591 0.237223 0.97107 0.0273688 -1.28842 0.0210707 -0.0333096 0.999223 -0.671766 0 0 0 1 
38591597440088;0.581918;0.0390631;0.991768 0.0418512 0.121017 -0.444117 -0.0442129 0.998879 0.0168954 0.537175 -0.120174 -0.0221068 0.992507 -0.30144 0 0 0 1 
38591597440089;0.343578;0.0412316;0.975652 -0.180993 -0.123876 -0.272559 0.13724 0.944367 -0.298891 -0.477735 0.171082 0.274612 0.946213 -0.40833 0 0 0 1 
38591597440090;0.290589;0.0382143;0.994486 -0.102083 0.0239942 -0.249306 0.101829 0.994734 0.011584 -0.119863 -0.0250504 -0.00907682 0.999645 0.354956 0 0 0 1 
38591597440091;0.344699;0.350808;0.999654 0.000112218 0.0263095 -0.171893 0.000520879 0.99971 -0.0240553 -0.0400155 -0.0263046 0.0240607 0.999364 0.170679 0 0 0 1 
38591597440093;0.395285;0.0240756;0.920642 -0.326525 0.214009 -0.0341582 0.338398 0.940783 -0.0203457 -0.0699451 -0.194693 0.0911514 0.97662 -0.22304 0 0 0 1 
38591597440094;0.48271;0.0177374;0.900532 0.0991049 0.423344 0.0603107 -0.132638 0.989882 0.0504142 0.466269 -0.414064 -0.101551 0.904565 -0.115729 0 0 0 1 
38591597440095;0.208258;0.0207851;0.966596 0.256244 -0.00558442 -0.107702 -0.255955 0.966186 0.0311863 0.26531 0.0133869 -0.0287152 0.999498 0.00833364 0 0 0 1 
38591597440096;0.348707;0.0200914;0.906443 0.362823 -0.21615 0.0185111 -0.322127 0.924953 0.201734 0.331841 0.273122 -0.113232 0.955292 -0.0603598 0 0 0 1 
38591597440097;0.0996698;0.0236577;0.995939 -0.0839731 -0.0324683 0.0524098 0.0837773 0.996457 -0.00734988 -0.146068 0.0329704 0.00459993 0.999446 0.0844563 0 0 0 1 
38591597440098;0.341585;0.0226779;0.918929 -0.296837 0.259725 0.169204 0.266359 0.952688 0.146417 -0.434113 -0.290899 -0.065367 0.954518 0.425044 0 0 0 1 
38591597440099;0.517514;0.0230768;0.868081 0.25369 0.426705 -0.637496 -0.281105 0.959676 0.00131771 0.576669 -0.409164 -0.121093 0.90439 0.51618 0 0 0 1 
38591597440100;0.554576;0.0117157;0.899867 0.240028 0.364178 -0.823496 -0.225019 0.970744 -0.0838008 -0.295369 -0.373638 -0.00653735 0.927551 0.378769 0 0 0 1 
38591597440101;0.308911;0.00871621;0.99743 0.0106337 -0.0708573 0.401419 -0.0119123 0.999773 -0.0176468 -0.17562 0.0706536 0.0184455 0.99733 -0.672155 0 0 0 1 
38591597440102;0.281264;0.0192234;0.965655 0.226959 0.12649 -0.126267 -0.249293 0.946515 0.204845 0.496809 -0.0732334 -0.229343 0.970587 0.0621242 0 0 0 1 
38591597440103;0.458862;0.0274311;0.941507 -0.322669 0.0972058 0.702258 0.303617 0.937364 0.170778 -0.788006 -0.146222 -0.131276 0.980503 -0.0555189 0 0 0 1 
38591597440104;0.179607;0.0271016;0.980214 0.0484675 -0.191913 0.115134 -0.0385277 0.997732 0.0551925 -0.154395 0.194153 -0.0467065 0.979859 -0.247821 0 0 0 1 
38591597440105;0.407802;0.274272;0.987819 -0.141745 -0.0642024 0.162133 0.142237 0.989828 0.00314217 -0.324738 0.0631039 -0.0122359 0.997932 -0.102597 0 0 0 1 
38591597440106;0.119513;0.0203723;0.99805 -0.00711948 0.0620192 -0.134709 0.0108606 0.998128 -0.0601953 0.0812637 -0.0614746 0.0607514 0.996258 -0.121696 0 0 0 1 
38591597440107;0.268114;0.025372;0.957626 -0.287607 -0.0153063 0.00499462 0.285632 0.955184 -0.0777053 -0.11845 0.036969 0.0700407 0.996859 0.0692807 0 0 0 1 
38591597440108;0.407271;0.0327743;0.928651 0.347842 -0.12889 -0.340445 -0.327512 0.931973 0.155441 0.334727 0.174191 -0.102138 0.9794 0.3286 0 0 0 1 
38591597440109;0.443389;0.0160654;0.975771 0.159599 0.149666 -0.702798 -0.182982 0.97029 0.158291 -0.515404 -0.119956 -0.181842 0.975984 0.0962335 0 0 0 1 
38591597440110;0.432632;0.0223874;0.973121 -0.0718924 0.218784 -0.609148 0.128444 0.957968 -0.256515 0.439035 -0.191146 0.277722 0.941453 0.0467594 0 0 0 1 
38591597440111;0.338245;0.0240511;0.911532 0.346374 -0.221662 0.0811406 -0.340565 0.937959 0.0651818 0.153494 0.230487 0.016075 0.972943 -0.0173664 0 0 0 1 
38591597440112;0.277197;0.0184134;0.970504 0.137695 0.197896 -0.340367 -0.100999 0.97756 -0.184867 -0.0594585 -0.218911 0.159427 0.962632 0.241516 0 0 0 1 
38591597440113;0.357829;0.200706;0.995145 0.0984032 -0.00153877 -0.249688 -0.0981619 0.993583 0.0561866 -0.171446 0.00705784 -0.0557628 0.998419 -0.52681 0 0 0 1 
38591597440114;0.246214;0.0143989;0.973684 0.223472 0.0447192 -0.176702 -0.215821 0.967182 -0.134088 0.482516 -0.0732165 0.120908 0.98996 -0.0422241 0 0 0 1 
38591597440115;0.388473;0.0294588;0.883054 -0.352997 0.309207 0.140369 0.376549 0.926222 -0.0179804 -0.402692 -0.280047 0.132309 0.950825 0.345376 0 0 0 1 
38591597440116;0.336493;0.0344008;0.94332 -0.296582 0.148948 0.264081 0.33018 0.884071 -0.330757 -0.0131801 -0.0335836 0.36119 0.931887 -0.200345 0 0 0 1 
38591597440117;0.374866;0.0194035;0.999716 0.0213157 -0.0106484 0.84817 -0.021016 0.999401 0.0275059 -0.203159 0.0112283 -0.0272743 0.999565 0.240606 0 0 0 1 
38591597440118;0.178075;0.0182219;0.985574 -0.13675 0.0997208 0.0621285 0.156674 0.960029 -0.231945 0.019353 -0.0640164 0.244222 0.967604 -0.0259253 0 0 0 1 
38591597440119;0.473817;0.02976;0.984281 -0.174063 0.0298712 1.04543 0.174406 0.98463 -0.0092612 -0.395335 -0.0278 0.0143253 0.999511 0.380646 0 0 0 1 
38591597440120;0.215098;0.0190539;0.968777 -0.247597 0.0128937 0.240456 0.247458 0.968831 0.0114594 -0.318027 -0.0153291 -0.00791093 0.999851 0.0180786 0 0 0 1 
38591597440121;0.418127;0.0184502;0.991867 0.0934284 0.086434 0.0335191 -0.0990546 0.993069 0.0632647 -0.00332237 -0.0799242 -0.0713119 0.994247 1.06582 0 0 0 1 
38591597440122;0.192825;0.0242473;0.972126 0.232528 0.0300411 -0.151582 -0.234452 0.965161 0.116173 0.153798 -0.00198117 -0.119978 0.992775 0.114245 0 0 0 1 
38591597440124;0.0779043;0.0368775;0.999387 0.0152033 -0.031542 0.0299237 -0.0156424 0.999784 -0.0137207 0.085548 0.0313266 0.0142057 0.999408 0.137386 0 0 0 1 
38591597440125;0.14453;0.0339122;0.998888 0.012706 -0.0454031 0.103604 -0.0016817 0.971991 0.235012 -0.174072 0.0471174 -0.234674 0.970932 -0.565446 0 0 0 1 
38591597440126;0.34028;0.184779;0.962806 -0.0837107 0.256898 -0.47644 0.116396 0.986551 -0.11476 0.180222 -0.243836 0.140394 0.959601 0.283724 0 0 0 1 
38591597440127;0.280733;0.0251357;0.975254 -0.112375 0.190397 -0.519369 0.107863 0.993586 0.0339343 0.228811 -0.192989 -0.0125578 0.981121 0.260192 0 0 0 1 
38591597440128;0.300881;0.0657543;0.935863 0.35003 -0.040494 0.963687 -0.334877 0.919278 0.206847 0.0911101 0.109628 -0.18002 0.977535 -0.551183 0 0 0 1 
38591597440129;0.231531;0.0396743;0.958687 0.0903711 -0.269728 0.514403 -0.0302042 0.975173 0.219374 0.012956 0.282856 -0.202164 0.937615 -0.714747 0 0 0 1 
38591597440130;0.346361;0.199868;0.998045 -0.0593376 0.0196054 -0.183996 0.0592756 0.998235 0.00373185 -0.312945 -0.0197923 -0.00256244 0.999801 -0.199889 0 0 0 1 
38591597440131;0.336968;0.402345;0.990701 -0.118684 0.0665238 0.00307744 0.118466 0.992932 0.00722194 0.432937 -0.0669108 0.000726052 0.997759 0.155444 0 0 0 1 
38591597440132;0.344656;0.0436306;0.903202 0.353182 -0.243904 1.11275 -0.369146 0.92912 -0.0215873 0.175463 0.218992 0.109534 0.969559 0.226672 0 0 0 1 
38591597440133;0.350181;0.044162;0.989162 0.146014 0.0154394 0.236986 -0.143572 0.983883 -0.106587 -0.412011 -0.0307538 0.103215 0.994184 0.494339 0 0 0 1 
38591597440134;0.561974;0.319493;0.95112 -0.202017 0.233581 0.0227051 0.211288 0.977307 -0.0151006 0.420863 -0.225229 0.0637152 0.97222 0.996347 0 0 0 1 
38591597440135;0.216019;0.0465106;0.97927 -0.0303596 -0.20027 0.197103 0.0562981 0.990543 0.125124 -0.210687 0.194578 -0.133805 0.971718 -0.55936 0 0 0 1 
38591597440136;0.499684;0.322323;0.995808 -0.0914645 0.000185727 0.199195 0.0914451 0.995635 0.0186699 0.0413166 -0.00189255 -0.0185747 0.999826 -0.71506 0 0 0 1 
38591597440137;0.297035;0.0312213;0.994591 0.103056 0.012991 0.110267 -0.102117 0.993004 -0.0592902 0.698841 -0.0190103 0.0576429 0.998156 0.130272 0 0 0 1 
38591597440138;0.314957;0.0431995;0.938165 0.271737 0.21449 0.717981 -0.279799 0.960029 0.00756144 0.3584 -0.203861 -0.0671078 0.976697 -0.107596 0 0 0 1 
38591597440139;0.155913;0.0328698;0.994636 -0.00775763 0.103143 0.150457 0.0243504 0.986719 -0.160604 0.137687 -0.100527 0.162254 0.981615 0.616881 0 0 0 1 
38591597440140;0.442404;0.030804;0.984111 -0.0690003 0.1636 -0.178441 0.0175811 0.954742 0.296917 -0.241798 -0.176683 -0.289323 0.940784 0.170062 0 0 0 1 
38591597440141;0.257242;0.0368599;0.976668 0.171839 -0.128803 0.759186 -0.111401 0.91816 0.380227 -0.358791 0.1836 -0.357007 0.915881 -1.0843 0 0 0 1 
38591597440142;0.222719;0.040199;0.977932 0.11932 0.171499 0.245735 -0.122616 0.992416 0.00871336 0.181664 -0.169158 -0.0295495 0.985146 0.290405 0 0 0 1 
38591597440143;0.482302;0.036011;0.942275 0.177745 -0.283768 0.811771 -0.0937536 0.953629 0.286012 -0.793795 0.321446 -0.242897 0.915245 -0.768409 0 0 0 1 
38591597440144;0.255934;0.0193909;0.997042 0.075378 -0.0150021 0.300178 -0.075099 0.997007 0.018364 0.29145 0.0163414 -0.0171831 0.999719 -0.531519 0 0 0 1 
38591597440145;0.370694;0.381709;0.967108 -0.1117 -0.228527 0.300686 0.0961605 0.992299 -0.0780735 0.499248 0.235488 0.0535303 0.970402 -0.0979979 0 0 0 1 
38591597440146;0.299941;0.0347751;0.996399 0.0613706 -0.0585019 0.217475 -0.0665005 0.993701 -0.0902035 -0.129219 0.0525976 0.0937691 0.994204 0.769103 0 0 0 1 
38591597440147;0.410512;0.0341596;0.984062 -0.174951 0.0318368 -0.773327 0.175 0.984568 0.00123971 0.157714 -0.0315624 0.00435151 0.999492 -0.608716 0 0 0 1 
38591597440148;0.471802;0.433632;0.972834 -0.169338 -0.157858 0.216645 0.173914 0.984638 0.015535 0.356559 0.152802 -0.0425666 0.98734 -0.0585735 0 0 0 1 
38591597440149;0.337741;0.0288347;0.999969 0.00350026 -0.00704937 0.121811 -0.0035303 0.999985 -0.00425378 0.263392 0.00703438 0.00427854 0.999966 -0.684893 0 0 0 1 
38591597440150;0.131256;0.0413933;0.998705 -0.0505876 -0.0054561 -0.182152 0.0505473 0.998695 -0.0072839 0.0877301 0.00581746 0.00699868 0.999959 -0.20458 0 0 0 1 
38591597440151;0.387023;0.407502;0.994512 -0.0361009 -0.0981987 0.203972 0.0375082 0.999218 0.0125225 0.233633 0.0976698 -0.0161371 0.995088 0.275354 0 0 0 1 
38591597440152;0.263342;0.318911;0.997182 -0.0744401 -0.00934624 0.104637 0.0745873 0.997077 0.0165383 0.370935 0.00808781 -0.0171888 0.99982 0.0112959 0 0 0 1 
38591597440153;0.441403;0.0447618;0.989703 0.132509 -0.0541307 0.431825 -0.12297 0.980659 0.152269 0.578328 0.0732607 -0.144044 0.986856 0.244911 0 0 0 1 
38591597440155;0.258376;0.00896732;0.998686 0.0436807 0.0268045 -0.611006 -0.0448085 0.998069 0.0430242 0.234769 -0.0248734 -0.0441687 0.998714 0.523151 0 0 0 1 
38591597440156;0.221561;0.00482805;0.999725 0.0126759 -0.0197124 0.0283992 -0.014158 0.996934 -0.0769606 0.00691319 0.0186764 0.0772186 0.996839 -0.711849 0 0 0 1 
38591597440157;0.430412;0.266282;0.988999 -0.125114 -0.0789142 0.419994 0.110887 0.980159 -0.164293 0.177642 0.0979038 0.153735 0.98325 -0.416238 0 0 0 1 
38591597440158;0.209175;0.00802297;0.987302 0.0363 0.154652 -0.117518 -0.0426978 0.998356 0.0382491 0.185595 -0.153009 -0.0443667 0.987228 0.630397 0 0 0 1 
38591597440159;0.222826;0.0071711;0.963532 -0.222759 -0.14827 -0.00569515 0.212735 0.973785 -0.080545 -0.239239 0.162325 0.0460655 0.985661 -0.236539 0 0 0 1 
38591597440160;0.348174;0.00890553;0.998057 0.0463112 -0.0416827 -0.269091 -0.0492315 0.996189 -0.0720006 0.906245 0.0381894 0.0739129 0.996533 -0.546516 0 0 0 1 
38591597440161;0.528254;0.417598;0.99663 -0.0706358 -0.0417016 0.247938 0.0690282 0.996859 -0.0388109 -0.208966 0.0443121 0.0358015 0.998376 0.102225 0 0 0 1 
38591597440162;0.274646;0.00828246;0.997622 -0.068126 -0.0104451 -0.730519 0.0681939 0.997652 0.00629635 -0.0292638 0.00999162 -0.00699367 0.999926 -0.129837 0 0 0 1 
38591597440163;0.298037;0.00705508;0.962454 -0.269208 -0.0347803 0.577028 0.2707 0.96139 0.0495064 -0.145976 0.0201099 -0.0570627 0.998168 -0.271427 0 0 0 1 
38591597440164;0.263298;0.00862086;0.976562 0.182271 -0.114471 -0.251822 -0.177725 0.982868 0.0488227 0.0864439 0.121408 -0.0273342 0.992226 0.539237 0 0 0 1 
38591597440165;0.352749;0.00576656;0.977536 0.208573 -0.0303338 -0.599152 -0.210293 0.955535 -0.206713 0.600075 -0.0141297 0.208448 0.977931 -0.421418 0 0 0 1 
38591597440166;0.206209;0.00767242;0.982856 -0.182066 0.029091 0.333433 0.183388 0.981654 -0.0521861 0.202808 -0.019056 0.0566263 0.998214 -0.200829 0 0 0 1 
38591597440167;0.319448;0.00607925;0.999955 -0.0043948 0.00846381 0.351755 0.00441119 0.999988 -0.00191884 -0.457531 -0.00845528 0.00195609 0.999962 -0.754051 0 0 0 1 
38591597440168;0.116047;0.00647319;0.999776 0.0170277 -0.0125675 -0.0264049 -0.0185455 0.99099 -0.132648 0.139013 0.0101956 0.132852 0.991084 -0.214464 0 0 0 1 
38591597440169;0.218803;0.00899054;0.997659 -0.0261343 0.0631942 0.00681785 0.0100386 0.970052 0.24269 -0.214798 -0.0676442 -0.241487 0.968044 0.476767 0 0 0 1 
38591597440170;0.167043;0.00642212;0.999673 0.00906812 -0.0239001 0.0495435 -0.00896891 0.999951 0.00425507 -0.0843343 0.0239375 -0.00403932 0.999705 -0.488331 0 0 0 1 
38591597440171;0.339075;0.00656869;0.962082 -0.254118 0.0991077 0.473894 0.255852 0.966703 -0.00497869 0.0881092 -0.0945425 0.0301468 0.995064 0.669293 0 0 0 1 
38591597440172;0.374586;0.0110688;0.976469 -0.0870543 -0.197307 1.05532 0.0506212 0.981867 -0.182689 0.0825157 0.209633 0.168402 0.963169 -0.0274697 0 0 0 1 
38591597440173;0.118391;0.00745686;0.997632 0.0267959 0.0633386 -0.30878 -0.0244528 0.998998 -0.0374835 0.0247654 -0.0642795 0.0358459 0.997288 0.17546 0 0 0 1 
38591597440174;0.158802;0.00821509;0.993145 -0.0362242 0.111136 -0.135386 0.0134088 0.979799 0.199536 -0.0881511 -0.116119 -0.196678 0.973568 0.202304 0 0 0 1 
38591597440175;0.263758;0.00892354;0.963103 0.183134 0.197218 -0.559435 -0.198258 0.978329 0.0597181 0.104908 -0.182007 -0.0966146 0.978539 0.356474 0 0 0 1 
38591597440176;0.174741;0.00849765;0.998577 -0.052159 0.011103 0.0521866 0.0494174 0.983334 0.174966 -0.358282 -0.020044 -0.174168 0.984512 0.152154 0 0 0 1 
38591597440177;0.253101;0.00949223;0.992551 0.119449 0.0239559 -0.602085 -0.118761 0.992518 -0.0283593 -0.312506 -0.0271642 0.025303 0.999311 -0.19818 0 0 0 1 
38591597440178;0.247175;0.00716932;0.996524 0.0782789 0.028495 -0.357208 -0.0767895 0.995789 -0.0500688 -0.553552 -0.0322943 0.0477067 0.998339 -0.161824 0 0 0 1 
38591597440179;0.388374;0.360572;0.99828 -0.0535478 0.0238595 -0.0990093 0.0545287 0.997605 -0.0425546 0.0637532 -0.0215237 0.0437824 0.998809 0.0556633 0 0 0 1 
38591597440180;0.287474;0.00961577;0.90613 0.289153 -0.308737 -0.0336192 -0.274203 0.957282 0.0917862 0.246002 0.322088 0.00148619 0.946708 -0.338885 0 0 0 1 
38591597440181;0.269146;0.00780187;0.998832 -0.0334236 0.0348969 0.21365 0.0299318 0.994913 0.0961912 -0.736916 -0.0379344 -0.0950343 0.994751 -0.129914 0 0 0 1 
38591597440182;0.36237;0.00695907;0.949978 0.287049 0.123065 -0.746986 -0.302794 0.943058 0.137687 0.0879459 -0.0765345 -0.168063 0.982801 -0.151192 0 0 0 1 
38591597440183;0.418551;0.0104412;0.937123 -0.348203 0.0235423 0.857814 0.347069 0.922736 -0.167633 -0.451087 0.0366468 0.165263 0.985568 -0.132171 0 0 0 1 
38591597440184;0.369769;0.00682565;0.999578 -0.0223521 0.018528 -0.81029 0.0248613 0.988579 -0.14864 -0.0611952 -0.0149939 0.149038 0.988718 -0.695559 0 0 0 1 
38591597440186;0.226268;0.0429048;0.999961 -0.00691673 0.00545527 -0.116651 0.00684973 0.999902 0.0122063 -0.296873 -0.00553916 -0.0121684 0.999911 0.0666534 0 0 0 1 
38591597440187;0.539163;0.260842;0.996237 -0.0683889 0.0532409 0.197162 0.0675841 0.997573 0.0167762 -0.451606 -0.0542589 -0.0131148 0.998441 0.608819 0 0 0 1 
38591597440188;0.243538;0.16743;0.986574 0.0915962 0.135213 -0.360548 -0.113536 0.979791 0.16468 0.165185 -0.117396 -0.177821 0.977035 0.430542 0 0 0 1 
38591597440189;0.327282;0.0594693;0.998597 -0.0139182 -0.0510936 0.140908 0.0167334 0.998341 0.055091 -0.177521 0.050242 -0.0558687 0.997173 -0.578651 0 0 0 1 
38591597440190;0.477387;0.0388736;0.94456 0.108656 0.30984 -0.114289 -0.18594 0.954774 0.232019 0.413551 -0.270617 -0.276768 0.922044 1.39508 0 0 0 1 
38591597440191;0.452785;0.0529292;0.992632 0.000474496 0.121166 -0.0369198 -0.0547063 0.894021 0.444672 -0.101376 -0.108114 -0.448025 0.88746 0.936326 0 0 0 1 
38591597440192;0.627235;0.350371;0.998651 -0.0479825 0.0198257 0.279141 0.0461933 0.995517 0.0825359 -0.375092 -0.0236971 -0.0815088 0.996391 0.726497 0 0 0 1 
38591597440193;0.3706;0.0448683;0.999883 0.00189352 0.0151548 -0.11399 0.000297473 0.989682 -0.143282 0.209639 -0.0152698 0.14327 0.989566 -0.47835 0 0 0 1 
38591597440194;0.358294;0.0380986;0.98283 0.151805 0.104879 0.251385 -0.153148 0.988191 0.00482828 0.124898 -0.102908 -0.0208074 0.994473 0.169486 0 0 0 1 
38591597440195;0.380792;0.0454929;0.932533 0.297178 -0.205104 0.0636709 -0.298704 0.954038 0.0242201 0.805086 0.202875 0.0386794 0.97844 -0.288874 0 0 0 1 
38591597440196;0.614704;0.621571;0.995209 -0.0645791 -0.0734076 0.0125581 0.0766847 0.981341 0.176319 -0.344462 0.0606513 -0.181104 0.981592 0.318205 0 0 0 1 
38591597440197;0.540834;0.171576;0.976119 0.196662 -0.0922837 0.404864 -0.199873 0.979454 -0.0268466 0.593239 0.0851079 0.0446505 0.995371 -0.00123188 0 0 0 1 
38591597440198;0.653732;0.0327973;0.973638 0.226622 -0.0259244 0.0380552 -0.225207 0.937018 -0.266979 0.292011 -0.0362118 0.26578 0.963353 0.531276 0 0 0 1 
38591597440199;0.0659977;0.0438509;0.999696 -0.0194081 0.0152286 -0.0448053 0.0195146 0.999786 -0.00687653 -0.0800542 -0.0150919 0.00717162 0.99986 0.0151273 0 0 0 1 
38591597440200;0.599375;0.0423787;0.998081 0.0600402 -0.0151198 0.519566 -0.0600283 0.998196 0.00123591 0.736344 0.0151667 -0.000325924 0.999885 0.107992 0 0 0 1 
38591597440201;0.617035;0.0347991;0.995205 0.0577504 0.0789439 0.405486 -0.0374616 0.970599 -0.23777 0.207839 -0.0903541 0.233673 0.968108 -0.521157 0 0 0 1 
38591597440202;0.728849;0.280513;0.928401 0.0434942 -0.369025 0.737902 0.0447432 0.972814 0.227224 -0.543246 0.368876 -0.227467 0.901216 0.115563 0 0 0 1 
38591597440203;0.628996;0.0386538;0.95945 0.280237 -0.0303929 0.729999 -0.279132 0.959576 0.0360382 0.894778 0.0392636 -0.0260932 0.998888 0.104697 0 0 0 1 
38591597440204;0.361491;0.294599;0.99813 -0.0609097 -0.00506779 0.093926 0.0610611 0.997376 0.0389048 -0.32246 0.00268481 -0.0391415 0.99923 0.311808 0 0 0 1 
38591597440205;0.426394;0.0546485;0.980428 0.143989 0.134265 -0.432013 -0.170115 0.962874 0.209605 0.23161 -0.0990998 -0.228343 0.968524 0.717317 0 0 0 1 
38591597440206;0.39785;0.0388238;0.981722 0.0927961 0.166163 -0.0160943 -0.147788 0.921811 0.358363 0.251373 -0.119917 -0.37637 0.918676 0.859389 0 0 0 1 
38591597440207;0.654746;0.0443516;0.987739 0.149948 0.043432 -0.56378 -0.15229 0.986699 0.0568536 -0.203382 -0.0343292 -0.0627708 0.997437 0.46907 0 0 0 1 
38591597440208;0.405729;0.0452171;0.96325 -0.0311655 0.266794 -0.151712 -0.0245427 0.97888 0.202958 -0.445148 -0.267484 -0.202047 0.942141 0.618698 0 0 0 1 
38591597440209;0.302589;0.0393174;0.943552 0.331223 -0.000849837 -0.161005 -0.331086 0.94323 0.026445 0.920832 0.00956079 -0.0246709 0.99965 0.0491533 0 0 0 1 
38591597440210;0.290612;0.0328577;0.995871 0.0886566 -0.0195421 -0.118417 -0.0907848 0.972789 -0.213165 0.407043 0.000111884 0.214059 0.976821 0.0724997 0 0 0 1 
38591597440211;0.669792;0.0323372;0.982351 0.149182 0.112831 -0.29845 -0.16342 0.97799 0.129727 -0.446922 -0.0909943 -0.145876 0.985109 0.571035 0 0 0 1 
38591597440212;0.674895;0.0447784;0.92338 0.104038 0.369521 0.699393 -0.223899 0.927854 0.298256 0.607782 -0.311831 -0.358139 0.880055 1.16054 0 0 0 1 
38591597440213;0.74739;0.0421257;0.990196 0.063529 -0.124403 0.0917081 -0.0332316 0.972161 0.231945 -0.984432 0.135675 -0.225537 0.964741 0.00011448 0 0 0 1 
38591597440214;0.177349;0.0361993;0.999845 -0.00109035 -0.0175826 0.0675815 -0.00208237 0.98377 -0.179422 0.00802864 0.0174929 0.17943 0.983615 -0.243761 0 0 0 1 
38591597440215;0.720627;0.0579636;0.992799 0.0586395 -0.104455 -0.0357737 -0.0656779 0.995704 -0.0652659 0.489579 0.10018 0.0716563 0.992386 -1.28048 0 0 0 1 
38591597440217;0.284412;0.0255169;0.999904 -0.0134562 -0.00331787 0.247316 0.0134946 0.999839 0.0118498 0.0464879 0.00315788 -0.0118934 0.999924 0.608626 0 0 0 1 
38591597440218;0.175507;0.0239838;0.980657 0.192606 -0.0348552 -0.172115 -0.193856 0.980334 -0.03695 0.236078 0.0270529 0.0429922 0.998709 -0.0322755 0 0 0 1 
38591597440219;0.263573;0.0199907;0.983522 0.180741 0.00405942 -0.176472 -0.180732 0.983529 -0.00251441 0.362687 -0.00444702 0.00173931 0.999989 0.399723 0 0 0 1 
38591597440220;0.260161;0.0296726;0.998738 0.0346302 -0.0363837 0.023408 -0.0335025 0.998953 0.0311608 0.507815 0.0374247 -0.0299025 0.998852 0.21912 0 0 0 1 
38591597440221;0.443483;0.0364201;0.994271 -0.0881372 -0.0604736 0.928199 0.0983206 0.976071 0.193955 0.068455 0.0419319 -0.19879 0.979145 0.374348 0 0 0 1 
38591597440222;0.400675;0.0243534;0.995396 0.0916258 0.0281327 -0.251205 -0.0923237 0.995425 0.0245981 0.324702 -0.0257502 -0.0270822 0.999301 -0.826629 0 0 0 1 
38591597440223;0.500048;0.102202;0.915548 0.39425 0.0796113 -0.567819 -0.399033 0.915171 0.0568751 0.741179 -0.0504349 -0.0838395 0.995202 0.436607 0 0 0 1 
38591597440224;0.319063;0.0267267;0.999633 0.0244141 -0.0117352 0.150601 -0.0244068 0.999702 0.000772995 0.147522 0.0117506 -0.000486293 0.999931 -0.745255 0 0 0 1 
38591597440225;0.246702;0.0309942;0.98655 -0.0998447 0.129421 0.112795 0.076884 0.982156 0.171635 0.13456 -0.144249 -0.159376 0.976623 -0.0621303 0 0 0 1 
38591597440226;0.422905;0.0336661;0.890701 0.38475 0.242115 -0.339255 -0.335801 0.915865 -0.220067 0.520856 -0.306416 0.114711 0.944961 0.301486 0 0 0 1 
38591597440227;0.114525;0.0302569;0.998731 0.00502658 0.0501185 -0.0847082 -0.00965177 0.995668 0.0924752 -0.287031 -0.0494366 -0.0928416 0.994453 0.0345767 0 0 0 1 
38591597440228;0.227089;0.0238356;0.963357 -0.265164 0.040393 0.128629 0.266771 0.962861 -0.0416032 -0.139196 -0.0278612 0.0508545 0.998317 0.0735407 0 0 0 1 
38591597440229;0.366377;0.0193891;0.962522 0.269191 0.0329886 -0.535622 -0.267195 0.962088 -0.0547185 0.629112 -0.0464677 0.0438534 0.997957 -0.223336 0 0 0 1 
38591597440230;0.40791;0.0234325;0.999875 0.00906252 0.0129205 -0.0626624 -0.00998168 0.997286 0.0729467 -0.0592052 -0.0122243 -0.0730666 0.997252 0.998948 0 0 0 1 
38591597440231;0.122929;0.0213424;0.99749 0.061555 -0.0349883 0.0795083 -0.0582128 0.994273 0.0896233 -0.213508 0.0403047 -0.0873616 0.995361 0.0443018 0 0 0 1 
38591597440232;0.235296;0.0303702;0.965299 -0.259094 0.0326768 0.271632 0.258689 0.965826 0.0161249 -0.30482 -0.0357379 -0.0071122 0.999336 -0.0274712 0 0 0 1 
38591597440233;0.450082;0.033746;0.909837 -0.00174071 -0.414963 0.628644 0.116121 0.961108 0.250572 -0.443285 0.398388 -0.276166 0.874654 -0.40063 0 0 0 1 
38591597440234;0.442338;0.0745939;0.904232 -0.422798 -0.0600521 0.424034 0.412984 0.901561 -0.128965 -0.0314266 0.108667 0.0918138 0.989829 -0.227266 0 0 0 1 
38591597440235;0.600621;0.0556539;0.915355 0.402182 -0.0193517 -0.575506 -0.400816 0.914717 0.0513808 1.03194 0.0383658 -0.0392752 0.998492 0.559547 0 0 0 1 
38591597440236;0.098733;0.0203438;0.996103 0.0588946 -0.065651 0.148846 -0.0585051 0.998256 0.00784147 0.0193765 0.0659984 -0.00396999 0.997812 -0.154684 0 0 0 1 
38591597440237;0.391996;0.0328033;0.993098 -0.114894 -0.0235951 0.489691 0.116446 0.989892 0.0809555 0.279191 0.0140553 -0.0831443 0.996438 0.607867 0 0 0 1 
38591597440238;0.352561;0.0263978;0.918327 0.219061 0.329679 -0.31435 -0.262701 0.960321 0.0936553 0.117652 -0.296082 -0.172613 0.939436 0.555981 0 0 0 1 
38591597440239;0.273596;0.0314949;0.949821 -0.298004 0.0950404 0.237427 0.300724 0.953587 -0.0153759 -0.331055 -0.0860472 0.0431853 0.995355 -0.0796847 0 0 0 1 
38591597440240;0.59112;0.0349219;0.911774 -0.392292 -0.121551 0.98533 0.403797 0.910308 0.0910366 -0.874878 0.0749359 -0.132087 0.988402 0.58251 0 0 0 1 
38591597440241;0.457943;0.267967;0.993389 0.112228 0.0241686 -0.389774 -0.110414 0.991657 -0.0665268 0.174513 -0.0314331 0.0634185 0.997492 -0.65813 0 0 0 1 
38591597440242;0.307705;0.0187966;0.982049 0.186632 0.0273538 0.218041 -0.186955 0.98232 0.00974262 -0.367921 -0.0250519 -0.0146816 0.999578 -0.0232937 0 0 0 1 
38591597440243;0.105317;0.0276014;0.998182 -0.0600801 0.00470793 0.0863139 0.060053 0.998179 0.00570578 -0.109128 -0.00504216 -0.00541268 0.999973 -0.180055 0 0 0 1 
38591597440244;0.562292;0.0350445;0.916642 -0.380083 -0.123713 0.883203 0.349037 0.911959 -0.215647 -0.0614966 0.194785 0.154491 0.968603 -0.964182 0 0 0 1 
38591597440245;0.374359;0.0312981;0.992819 -0.1102 -0.0465488 -0.499688 0.112653 0.992175 0.0538406 0.261083 0.0402513 -0.0586978 0.997464 0.316997 0 0 0 1 
38591597440246;0.451519;0.367047;0.995637 0.0929789 0.007862 -0.355445 -0.0926743 0.995154 -0.032859 0.139393 -0.0108791 0.031987 0.999429 -0.280874 0 0 0 1 
38591597440248;0.275634;0.00783031;0.951271 0.3082 0.00977213 -0.420722 -0.307936 0.951153 -0.0220025 0.413919 -0.016076 0.0179212 0.99971 0.0384341 0 0 0 1 
38591597440249;0.256114;0.00600922;0.958043 -0.182647 -0.220894 0.588323 0.169442 0.982489 -0.0774842 -0.0380152 0.231178 0.0368044 0.972215 -0.377928 0 0 0 1 
38591597440250;0.238063;0.00654257;0.922094 -0.0166706 -0.386606 0.240717 -0.039425 0.989826 -0.136714 0.311995 0.384952 0.141305 0.912055 -0.50345 0 0 0 1 
38591597440251;0.292932;0.00653927;0.999983 -0.000227229 0.00580291 -0.0303394 0.000202577 0.999991 0.00424844 -0.0175441 -0.00580382 -0.00424719 0.999974 0.860172 0 0 0 1 
38591597440252;0.40515;0.00952289;0.995107 0.00287101 0.0987579 -0.218838 0.0455201 0.873842 -0.484074 0.475646 -0.0876886 0.486201 0.869436 -0.305544 0 0 0 1 
38591597440253;0.264249;0.00840008;0.99967 -0.0177197 0.0185914 -0.665197 0.0174799 0.999763 0.0129835 0.0146458 -0.018817 -0.0126543 0.999743 -0.309693 0 0 0 1 
38591597440254;0.377732;0.0111544;0.90836 -0.389908 0.151174 0.581305 0.349327 0.9062 0.23827 -0.517243 -0.229898 -0.163626 0.959361 0.254598 0 0 0 1 
38591597440255;0.159826;0.00712231;0.976533 0.0824491 0.198963 0.106649 -0.0700125 0.995173 -0.0687646 0.115509 -0.203672 0.053221 0.977592 0.379705 0 0 0 1 
38591597440256;0.0516293;0.00851443;0.999105 0.0278546 0.0318219 -0.0597935 -0.0270334 0.999298 -0.0259518 0.140518 -0.0325224 0.0250683 0.999157 0.0463801 0 0 0 1 
38591597440257;0.294004;0.00939457;0.986579 -0.12546 -0.104503 0.141631 0.117252 0.989768 -0.0813139 0.499491 0.113635 0.0679695 0.991195 0.281382 0 0 0 1 
