#;prob_registration_l1 -r /home/probabilistic_point_clouds_registration/build/tester /home/point_clouds_registration_benchmark//devel/registration_pairs/long_office_household_local.txt /home/point_clouds_registration_benchmark//tum/long_office_household -s 0.1 -t 0.1 -p 0.3 -r 1000 -m 20 -i 40 
id;initial_error;final_error;transformation
26456013410000;0.652746;0.129054;0.908785 0.39209 -0.14274 0.0854308 -0.413494 0.892123 -0.182042 0.0597685 0.055965 0.22446 0.972875 -0.568325 0 0 0 1 
26456013410001;1.0574;0.150635;0.9934 0.109252 0.0349229 0.0125896 -0.107138 0.992576 -0.0575757 0.0444841 -0.0409539 0.0534542 0.99773 0.898598 0 0 0 1 
26456013410002;0.577722;0.135637;0.991833 0.127483 0.00389372 0.0817767 -0.127493 0.991836 0.00260918 0.169281 -0.0035293 -0.00308429 0.999989 0.46261 0 0 0 1 
26456013410003;1.10585;0.417154;0.946003 -0.324145 0.00287049 0.214846 0.324111 0.945681 -0.0252845 0.4836 0.00548128 0.0248496 0.999676 -0.948361 0 0 0 1 
26456013410004;0.510854;0.153652;0.96285 0.0870916 0.255606 -0.156881 -0.134761 0.97524 0.175346 -0.076241 -0.234006 -0.203278 0.950747 -0.478919 0 0 0 1 
26456013410005;0.315858;0.135276;0.999063 -0.0430697 0.00427632 -0.00844662 0.0432791 0.995149 -0.0883453 0.395115 -0.000450575 0.0884475 0.996081 -0.233256 0 0 0 1 
26456013410006;0.127418;0.127456;0.993339 0.114185 0.0154938 0.0959128 -0.113222 0.992155 -0.0530068 0.0456793 -0.0214248 0.0508995 0.998474 -0.0590332 0 0 0 1 
26456013410007;0.936325;0.369455;0.965535 -0.257068 -0.040717 -0.0360887 0.244268 0.949018 -0.199244 0.390673 0.0898604 0.182431 0.979104 0.606007 0 0 0 1 
26456013410008;0.859142;0.119775;0.999491 -0.0227394 0.0223849 0.152071 0.0258556 0.988265 -0.150544 0.0775128 -0.0186989 0.151046 0.98835 0.668901 0 0 0 1 
26456013410009;0.404949;0.133238;0.987526 0.102546 -0.119486 -0.118902 -0.11309 0.989936 -0.0850767 -0.0495288 0.109559 0.0975282 0.989184 0.258975 0 0 0 1 
26456013410010;0.333714;0.140197;0.995675 0.0475988 -0.0797832 -0.0733339 -0.0643449 0.972772 -0.222651 0.196359 0.067013 0.226822 0.971628 -0.297795 0 0 0 1 
26456013410011;0.463956;0.136756;0.997854 -0.0591924 0.0280056 0.016863 0.0605567 0.996878 -0.0506725 0.299463 -0.0249187 0.0522596 0.998323 -0.45169 0 0 0 1 
26456013410012;1.06761;0.119342;0.97273 0.0103399 -0.231711 0.622831 -0.100943 0.918307 -0.382782 0.705574 0.208824 0.395733 0.894308 0.818185 0 0 0 1 
26456013410013;0.408963;0.119959;0.916911 0.39906 0.00500161 0.134551 -0.39836 0.915917 -0.0490487 -0.072485 -0.0241544 0.0429808 0.998784 -0.0440128 0 0 0 1 
26456013410014;0.281798;0.152906;0.994769 0.0963659 0.033874 -0.0623235 -0.0937006 0.99292 -0.0730105 0.00603598 -0.0406698 0.0694546 0.996756 -0.332628 0 0 0 1 
26456013410015;0.444148;0.175395;0.994961 -0.039921 -0.0919693 -0.0316348 0.0252753 0.987555 -0.155228 0.140817 0.0970216 0.152121 0.983588 0.272947 0 0 0 1 
26456013410016;0.631913;0.133391;0.898791 0.335641 0.281994 -0.188597 -0.334237 0.940906 -0.0546022 -0.075396 -0.283656 -0.0451768 0.957861 0.361305 0 0 0 1 
26456013410017;0.712942;0.141312;0.994373 0.0969136 0.0427766 0.129595 -0.0920584 0.990337 -0.103718 0.654388 -0.0524149 0.0991963 0.993686 0.271143 0 0 0 1 
26456013410018;0.599666;0.131166;0.912565 0.301378 0.276398 -0.0685467 -0.321592 0.946408 0.0298408 -0.298995 -0.252592 -0.116119 0.96058 -0.461719 0 0 0 1 
26456013410019;0.16999;0.117802;0.998752 0.0382187 0.0321625 -0.0266171 -0.0374467 0.999004 -0.0242735 0.192583 -0.0330582 0.0230388 0.999188 -0.14812 0 0 0 1 
26456013410020;0.966938;0.130716;0.994021 0.0954115 0.0530982 -0.382869 -0.0934577 0.994892 -0.0381436 -0.0619982 -0.0564663 0.0329531 0.997861 -0.923128 0 0 0 1 
26456013410021;1.2145;0.378384;0.947033 -0.318225 -0.0431359 -0.584451 0.313528 0.945283 -0.0902195 0.477288 0.0694857 0.0719166 0.994987 -0.308416 0 0 0 1 
26456013410022;0.808376;0.293005;0.975303 -0.207083 -0.0768124 -0.283463 0.161564 0.906021 -0.391182 0.646556 0.150601 0.369111 0.917102 -0.14724 0 0 0 1 
26456013410023;0.310262;0.134027;0.951789 0.306068 -0.0204727 -0.249252 -0.306687 0.948087 -0.0841028 0.0168343 -0.00633133 0.0863268 0.996247 0.11431 0 0 0 1 
26456013410024;0.290654;0.140771;0.982457 0.186452 -0.00361948 0.127719 -0.185015 0.976956 0.106429 -0.207721 0.0233799 -0.103892 0.994314 -0.0759027 0 0 0 1 
26456013410025;0.115869;0.131093;0.991452 0.130107 -0.00976964 -0.00880687 -0.130473 0.988671 -0.0742055 0.0662026 4.29734e-06 0.0748459 0.997195 0.030725 0 0 0 1 
26456013410026;0.438952;0.165836;0.990842 -0.0967706 0.094166 -0.104245 0.0928865 0.994668 0.0448013 -0.132208 -0.0979994 -0.0356443 0.994548 -0.319635 0 0 0 1 
26456013410027;1.02893;0.125145;0.912447 0.408627 0.0215634 0.0973474 -0.407134 0.911871 -0.0522738 0.795486 -0.0410236 0.0389179 0.9984 0.143044 0 0 0 1 
26456013410028;0.910665;0.156128;0.996151 0.0865634 0.0137496 0.121741 -0.0854036 0.993896 -0.0698319 0.127364 -0.0197106 0.0683888 0.997464 0.754367 0 0 0 1 
26456013410029;0.807992;0.153401;0.980697 0.119327 -0.154901 0.182925 -0.159897 0.945378 -0.284066 0.970642 0.112544 0.303351 0.946209 -0.0566392 0 0 0 1 
26456013410031;0.378079;1.53634;-0.179914 0.331288 -0.926218 1.04576 -0.839846 0.438491 0.319975 1.59158 0.512142 0.835448 0.199341 -0.0597528 0 0 0 1 
26456013410032;0.347742;1.20398;0.429875 0.730974 -0.529985 -0.0702316 -0.740616 0.621216 0.256084 1.41988 0.516426 0.282432 0.808416 -0.338756 0 0 0 1 
26456013410033;0.319289;1.58345;-0.237593 0.225817 -0.944752 0.792306 -0.516493 0.794348 0.319758 1.18328 0.822669 0.56393 -0.0720992 -0.768898 0 0 0 1 
26456013410034;0.665788;0.997115;0.331326 0.705903 -0.626038 0.939399 -0.635407 0.657433 0.405019 0.70537 0.697482 0.263596 0.66636 -0.857762 0 0 0 1 
26456013410035;0.543286;1.47209;0.0538755 0.283757 -0.957382 0.870889 -0.477845 0.849193 0.224801 0.916216 0.87679 0.445369 0.181342 -0.0392936 0 0 0 1 
26456013410036;0.569296;0.842758;0.820921 0.498169 -0.279135 0.103424 -0.535516 0.841328 -0.0734156 1.01393 0.198271 0.20975 0.957441 0.269979 0 0 0 1 
26456013410037;0.587068;1.55398;-0.208308 0.203243 -0.956713 0.880163 -0.7899 0.541876 0.287103 1.97323 0.576772 0.815514 0.0476645 0.0799345 0 0 0 1 
26456013410038;0.163491;1.12925;0.587689 0.640181 -0.494763 0.0990935 -0.747905 0.663111 -0.0303663 1.37746 0.308643 0.387882 0.868497 -0.225775 0 0 0 1 
26456013410039;0.298903;1.1829;0.211283 0.51527 -0.830576 0.427361 -0.63796 0.716494 0.282211 1.40458 0.740518 0.470248 0.480105 -0.392574 0 0 0 1 
26456013410040;0.421915;1.58592;-0.113427 0.0984919 -0.988652 0.881162 -0.861289 0.486307 0.147262 1.73573 0.495293 0.868219 0.0296695 -0.00323109 0 0 0 1 
26456013410041;0.740902;1.14854;0.5625 0.501074 -0.657661 0.905197 -0.498409 0.840158 0.213828 0.676185 0.659683 0.207506 0.722329 -0.914433 0 0 0 1 
26456013410042;0.386627;1.07378;0.570699 0.746921 -0.341191 0.426366 -0.766774 0.63342 0.104099 1.09519 0.293871 0.202207 0.934212 -0.118396 0 0 0 1 
26456013410043;0.418115;0.8846;0.666248 0.400049 -0.629344 0.122264 -0.569991 0.817361 -0.0838508 1.08103 0.480857 0.414586 0.77259 -0.127752 0 0 0 1 
26456013410044;0.401489;0.844564;0.73844 0.45147 -0.500881 0.0980898 -0.334827 0.890245 0.308794 0.592156 0.585318 -0.0603176 0.808557 -0.27259 0 0 0 1 
26456013410045;0.640918;1.50194;-0.0862635 0.354343 -0.931128 0.497821 -0.529011 0.775678 0.344196 0.680072 0.844219 0.522269 0.120539 -0.83699 0 0 0 1 
26456013410046;0.387348;1.39291;-0.052244 0.392765 -0.918154 0.531968 -0.507219 0.781551 0.363191 1.46938 0.860232 0.48468 0.158386 -0.577283 0 0 0 1 
26456013410047;0.681694;1.08935;0.688596 0.702386 -0.180248 -0.00951937 -0.561673 0.673841 0.480064 0.633032 0.458649 -0.22933 0.858516 -0.659951 0 0 0 1 
26456013410048;0.200666;1.20371;0.246785 0.611031 -0.752156 0.507015 -0.689964 0.655806 0.30638 0.962398 0.680476 0.44335 0.583432 -0.490148 0 0 0 1 
26456013410049;0.634474;1.34469;0.222332 0.382734 -0.896707 0.859135 -0.656241 0.738942 0.152686 1.30832 0.721052 0.554509 0.415456 0.235523 0 0 0 1 
26456013410050;0.211001;1.12159;0.634818 0.736174 -0.234635 -0.214951 -0.768093 0.634239 -0.0881752 1.47378 0.0839025 0.236197 0.968076 0.193112 0 0 0 1 
26456013410051;0.550163;0.959758;0.736782 0.555832 -0.384972 0.510621 -0.424918 0.823537 0.375809 0.571447 0.525925 -0.113307 0.84295 -0.656897 0 0 0 1 
26456013410052;0.551544;1.15097;0.597737 0.671621 -0.437762 0.434315 -0.703671 0.70117 0.114924 1.21075 0.384131 0.239346 0.891716 -0.728001 0 0 0 1 
26456013410053;0.345543;1.37282;-0.0997794 0.365088 -0.925611 1.03272 -0.664062 0.668331 0.335194 1.51473 0.740989 0.648109 0.175755 -0.329201 0 0 0 1 
26456013410054;0.546651;1.56031;-0.0611373 0.134157 -0.989072 0.893189 -0.803605 0.581127 0.128496 2.06738 0.592015 0.802679 0.0722805 -0.957146 0 0 0 1 
26456013410055;0.267657;1.37386;0.0408494 0.48608 -0.872959 1.0676 -0.702603 0.635169 0.320796 1.4585 0.710409 0.600239 0.367467 -0.35336 0 0 0 1 
26456013410056;0.595541;1.06658;0.665777 0.719363 -0.198135 0.409581 -0.745699 0.63225 -0.210222 1.27144 -0.025955 0.287709 0.957366 -0.169085 0 0 0 1 
26456013410057;0.461018;1.59127;-0.207768 0.25581 -0.944137 1.15942 -0.724764 0.607949 0.324214 1.13096 0.656924 0.751637 0.0590895 -0.267535 0 0 0 1 
26456013410058;0.576941;1.54836;-0.191837 0.442889 -0.875813 1.10033 -0.529018 0.704982 0.472377 0.530153 0.826643 0.55394 0.0990547 -0.786764 0 0 0 1 
26456013410059;0.729412;1.60802;-0.296413 0.458187 -0.837976 1.15141 -0.751577 0.429478 0.50068 1.33038 0.589298 0.778212 0.21706 0.134387 0 0 0 1 
26456013410060;0.670241;0.954729;0.634816 0.582062 -0.508145 0.0785641 -0.375846 0.807226 0.455111 1.00393 0.675091 -0.0979277 0.731206 -0.819148 0 0 0 1 
26456013410062;0.727774;0.111567;0.971419 -0.233135 -0.0446406 -0.0607749 0.236866 0.964315 0.118286 -0.253719 0.0154711 -0.125479 0.991976 0.285728 0 0 0 1 
26456013410063;1.34575;0.0949558;0.955063 0.222707 0.195592 -0.393045 -0.142674 0.923828 -0.355228 -0.438923 -0.259805 0.311359 0.914088 -0.199704 0 0 0 1 
26456013410064;0.325852;0.145102;0.987728 0.145054 0.0579024 -0.094791 -0.15115 0.981142 0.120475 -0.200076 -0.0393351 -0.127748 0.991026 0.150788 0 0 0 1 
26456013410065;0.371368;0.166145;0.970578 -0.121315 -0.207993 0.280329 0.128444 0.991493 0.0210707 0.0282474 0.203667 -0.0471663 0.977903 0.0201331 0 0 0 1 
26456013410066;1.03207;0.0939893;0.957782 0.155391 -0.241884 -0.14397 -0.215131 0.945498 -0.244442 0.381585 0.190717 0.286159 0.93901 0.402366 0 0 0 1 
26456013410067;0.857765;0.825474;0.892986 -0.16894 -0.417176 0.198014 0.0872379 0.974272 -0.207804 0.147534 0.441549 0.149173 0.88475 0.382234 0 0 0 1 
26456013410068;1.01715;0.144713;0.997198 0.0737382 -0.012597 -0.180107 -0.0712724 0.987667 0.139404 -0.0911632 0.0227211 -0.138116 0.990155 0.60235 0 0 0 1 
26456013410069;0.211374;0.108616;0.983308 -0.0965555 -0.154215 0.12222 0.0968831 0.995281 -0.00540716 -0.0102917 0.154009 -0.00962388 0.988023 0.124838 0 0 0 1 
26456013410070;0.584191;0.168866;0.937113 -0.157101 -0.31167 0.437048 0.150649 0.98757 -0.0448344 -0.0107122 0.314839 -0.00493781 0.949132 -0.0013203 0 0 0 1 
26456013410071;0.0848378;0.143207;0.999946 -0.00480027 -0.00924038 -0.0189363 0.00437409 0.99895 -0.0456015 0.00661724 0.00944958 0.0455586 0.998917 -0.00251069 0 0 0 1 
26456013410072;0.345771;0.13192;0.983823 0.038299 -0.174999 -0.0133208 -0.00299617 0.98026 0.197688 -0.297801 0.179116 -0.193966 0.964518 0.209176 0 0 0 1 
26456013410073;0.619828;0.219202;0.9684 0.0605632 0.241938 -0.198484 -0.0311764 0.991855 -0.123497 -0.05685 -0.247447 0.112052 0.9624 0.154989 0 0 0 1 
26456013410074;0.46439;0.063694;0.991245 -0.0279751 -0.129038 -0.081355 0.0122116 0.992532 -0.121371 0.154377 0.13147 0.118733 0.984184 0.0947183 0 0 0 1 
26456013410075;1.52576;0.114526;0.96623 -0.253995 -0.0434251 0.0485487 0.257224 0.96075 0.103904 -0.0401362 0.0153296 -0.111565 0.993639 -0.749918 0 0 0 1 
26456013410076;0.479244;0.141107;0.985127 0.132754 -0.109091 -0.0260366 -0.142621 0.985836 -0.0882399 0.0185167 0.0958314 0.102486 0.990108 -0.184208 0 0 0 1 
26456013410077;0.704929;0.112997;0.996229 -0.0417396 0.0760569 -0.361804 0.0330755 0.993179 0.111812 -0.23025 -0.0802051 -0.108875 0.990814 0.124183 0 0 0 1 
26456013410078;0.365691;0.185577;0.9982 -0.0366779 -0.0474564 0.159658 0.0332491 0.996913 -0.0711265 0.0992896 0.0499186 0.0694206 0.996338 0.00418224 0 0 0 1 
26456013410079;1.72117;0.991023;0.997164 -0.061734 -0.0430546 0.278903 0.0474125 0.9595 -0.277689 0.343456 0.0584538 0.27486 0.959706 0.485287 0 0 0 1 
26456013410080;1.76411;0.234588;0.989695 -0.137496 -0.0399901 -0.526466 0.137872 0.990427 0.00679748 0.727299 0.0386726 -0.012241 0.999177 -0.0244765 0 0 0 1 
26456013410081;1.63412;0.18969;0.978542 0.0787163 0.190417 -0.134696 -0.0459196 0.98422 -0.170888 0.898109 -0.200864 0.158477 0.966716 -0.470347 0 0 0 1 
26456013410082;0.404515;0.132283;0.924595 -0.357738 -0.130953 0.15881 0.341571 0.930705 -0.130835 0.250123 0.168683 0.0762393 0.982718 0.0398063 0 0 0 1 
26456013410083;1.34753;0.220478;0.997741 -0.0671753 0.000239857 -0.278838 0.0671351 0.997256 0.0311951 -0.559322 -0.00233474 -0.0311085 0.999513 0.501429 0 0 0 1 
26456013410084;1.15281;0.347404;0.998261 -0.00541154 0.0587074 -0.00246773 -0.000534552 0.994907 0.100798 -0.601056 -0.0589539 -0.100654 0.993173 0.333805 0 0 0 1 
26456013410085;0.50976;0.140514;0.98556 0.167787 0.0227702 -0.0845647 -0.16149 0.971853 -0.171529 0.111963 -0.0509096 0.165375 0.984916 -0.301145 0 0 0 1 
26456013410086;0.789041;0.174612;0.985085 -0.110739 -0.131697 0.1635 0.0957241 0.988702 -0.115351 0.139237 0.142983 0.101024 0.984556 -0.369796 0 0 0 1 
26456013410087;0.962758;0.313059;0.99633 0.0855903 0.000964425 -0.0324554 -0.0842983 0.98312 -0.162385 0.641896 -0.0148468 0.161708 0.986727 -0.0580214 0 0 0 1 
26456013410088;1.51292;0.136959;0.940902 -0.308422 -0.139925 -0.470327 0.305801 0.951238 -0.0404036 -0.240167 0.145564 -0.00477352 0.989337 0.100739 0 0 0 1 
26456013410089;0.558558;0.143084;0.99801 -0.0148961 -0.0612753 -0.0138177 0.0117341 0.998597 -0.0516428 -0.0208392 0.0619586 0.050821 0.996784 0.31111 0 0 0 1 
26456013410090;1.4132;0.230077;0.992869 -0.0232059 -0.116933 0.189529 0.0277272 0.998924 0.0371876 -0.057006 0.115944 -0.0401646 0.992443 -0.66252 0 0 0 1 
26456013410091;1.21795;0.723591;0.892732 -0.107217 -0.437645 0.041089 0.0225727 0.9807 -0.194213 -0.0312968 0.450021 0.163501 0.877923 0.498067 0 0 0 1 
26456013410093;0.469907;0.358828;0.969996 -0.237486 0.052047 -0.0163534 0.241165 0.96699 -0.0822749 0.473997 -0.0307898 0.0923582 0.99525 -0.384269 0 0 0 1 
26456013410094;0.663694;0.184456;0.884992 0.158231 -0.437895 0.323432 -0.06417 0.972959 0.221884 0.276921 0.461163 -0.168266 0.871215 0.101395 0 0 0 1 
26456013410095;0.871627;0.152659;0.983458 0.160205 0.0845283 0.436584 -0.159475 0.987082 -0.0153656 0.290361 -0.0858981 0.00163122 0.996303 -0.0264266 0 0 0 1 
26456013410096;0.802998;0.0877828;0.999468 0.0135302 0.0296889 -0.42512 -0.0139034 0.999826 0.012399 0.188259 -0.029516 -0.0128052 0.999482 -0.468516 0 0 0 1 
26456013410097;0.47238;0.118274;0.924894 0.380105 0.00955326 -0.037233 -0.380154 0.923943 0.0425671 0.0869129 0.0073533 -0.0430018 0.999048 0.225565 0 0 0 1 
26456013410098;0.153152;0.147315;0.985509 0.0844225 -0.147124 0.0434806 -0.0797688 0.996117 0.03726 0.110867 0.149699 -0.0249841 0.988416 0.0455452 0 0 0 1 
26456013410099;1.16156;0.0747535;0.987118 -0.0997652 -0.125077 -0.332958 0.0709924 0.973722 -0.216392 0.720838 0.143379 0.204725 0.968261 0.541976 0 0 0 1 
26456013410100;0.366643;0.0746567;0.969936 0.21091 0.12141 -0.105663 -0.206715 0.977305 -0.0463115 0.0335931 -0.128422 0.019822 0.991521 0.22764 0 0 0 1 
26456013410101;1.16745;0.0687445;0.993441 0.10243 0.0508167 0.000691769 -0.11091 0.971303 0.210405 0.404876 -0.0278066 -0.214661 0.976293 0.795632 0 0 0 1 
26456013410102;1.13408;0.466622;0.986908 -0.0945544 -0.130658 0.194431 0.101071 0.993899 0.0441618 0.128185 0.125685 -0.0567894 0.990443 -0.951002 0 0 0 1 
26456013410103;0.393965;0.193865;0.995634 0.0426209 -0.0830388 -0.0699576 -0.0276535 0.984411 0.173698 -0.257399 0.0891475 -0.170643 0.981292 -0.0713186 0 0 0 1 
26456013410104;1.01585;0.0859892;0.966035 0.253712 0.0490624 -0.551219 -0.257155 0.925136 0.279275 0.100132 0.025466 -0.282406 0.958957 -0.359195 0 0 0 1 
26456013410105;1.13047;0.635098;0.998196 -0.0590785 -0.0106569 -0.0922169 0.056977 0.988261 -0.141755 -0.0429395 0.0189065 0.140893 0.989844 0.312306 0 0 0 1 
26456013410106;0.197882;0.088752;0.964921 0.260334 0.0339522 -0.14268 -0.261569 0.964389 0.0391797 0.0586469 -0.0225433 -0.0466862 0.998655 0.0288855 0 0 0 1 
26456013410107;0.85745;0.3508;0.955672 -0.287888 0.061737 -0.234905 0.288876 0.957337 -0.00753205 -0.104067 -0.0569347 0.0250325 0.998064 -0.430308 0 0 0 1 
26456013410108;1.09003;0.162351;0.972672 0.0701642 0.22133 -0.364508 -0.0792736 0.996322 0.0325352 -0.637662 -0.218233 -0.0491916 0.974656 0.406654 0 0 0 1 
26456013410109;0.997601;0.205153;0.988534 0.144 -0.0454437 0.0424995 -0.148266 0.982646 -0.111465 -0.459905 0.028604 0.116925 0.992729 0.287995 0 0 0 1 
26456013410110;1.0844;0.185224;0.919262 -0.0931792 0.38246 -0.93404 0.103221 0.994642 -0.00577209 0.107441 -0.379873 0.0447841 0.923954 -0.515103 0 0 0 1 
26456013410111;0.414986;0.170942;0.985904 -0.165573 0.0240434 0.0185093 0.16269 0.915193 -0.368719 0.388716 0.0390455 0.367433 0.92923 0.0285449 0 0 0 1 
26456013410112;0.40276;0.170539;0.99556 -0.00467069 0.0940083 -0.173461 -0.0111807 0.985828 0.167385 -0.0535544 -0.0934579 -0.167692 0.981399 -0.24799 0 0 0 1 
26456013410113;0.220143;0.110492;0.983657 0.172225 -0.0525064 0.0324367 -0.173457 0.984641 -0.0198601 0.106292 0.0482796 0.0286431 0.998423 0.0880271 0 0 0 1 
26456013410114;0.883586;0.122086;0.967802 -0.161199 0.193325 -0.523643 0.151133 0.986319 0.0658311 -0.226574 -0.201292 -0.0344937 0.978924 0.376802 0 0 0 1 
26456013410115;0.901703;0.190764;0.998048 -0.015039 -0.0606091 -0.0639983 0.0251926 0.985049 0.170424 0.11892 0.0571399 -0.171619 0.983505 0.736442 0 0 0 1 
26456013410116;0.0971774;0.167872;0.999609 0.0105381 -0.025917 -0.0592111 -0.0101592 0.99984 0.0147114 0.16931 0.0260679 -0.0144423 0.999556 0.00105912 0 0 0 1 
26456013410117;0.308242;0.135191;0.999675 0.0214619 0.0137566 -0.0424483 -0.0226237 0.995616 0.0907548 0.13496 -0.0117486 -0.0910365 0.995778 -0.170963 0 0 0 1 
26456013410118;0.617996;0.238773;0.943038 -0.270714 0.193371 -0.421695 0.269238 0.96246 0.0343862 0.276385 -0.195421 0.0196354 0.980523 -0.324136 0 0 0 1 
26456013410119;0.836682;0.395469;0.988259 -0.150089 -0.0285772 -0.0129244 0.151665 0.986312 0.0647033 0.19413 0.0184747 -0.0682778 0.997495 -0.748381 0 0 0 1 
26456013410120;1.27194;0.315565;0.996841 0.0418761 -0.0674901 0.468814 -0.0351799 0.994612 0.0975199 0.330591 0.0712102 -0.0948375 0.992943 -0.776528 0 0 0 1 
26456013410121;0.539915;0.264145;0.951446 -0.305337 -0.0389972 0.165616 0.305658 0.952138 0.00239895 0.205674 0.0363983 -0.0142023 0.999236 -0.396689 0 0 0 1 
26456013410122;0.715537;0.155307;0.998776 0.00590384 -0.0491004 0.103529 -0.00572949 0.999977 0.0036907 0.248701 0.0491211 -0.00340486 0.998787 -0.52698 0 0 0 1 
26456013410124;1.54152;0.335693;0.853786 0.507309 -0.116993 -0.348299 -0.517334 0.851916 -0.0812685 -0.482395 0.05844 0.12991 0.989802 0.191476 0 0 0 1 
26456013410125;0.0901978;0.0866454;0.996465 0.0836868 -0.00735629 0.0830613 -0.0838663 0.996056 -0.0289627 -0.0881585 0.00490348 0.0294773 0.999553 0.0127446 0 0 0 1 
26456013410126;2.04591;0.327286;0.937048 0.317566 -0.145234 0.137341 -0.301638 0.945641 0.121559 -0.214751 0.175943 -0.0700987 0.981901 -0.711654 0 0 0 1 
26456013410127;0.892171;0.225813;0.997005 0.0467176 0.061627 0.0287413 -0.048871 0.998229 0.0339093 0.366864 -0.0599337 -0.0368196 0.997523 -0.19318 0 0 0 1 
26456013410128;1.22747;0.203661;0.998013 0.0627084 -0.00617945 -0.147387 -0.0629774 0.995912 -0.0647593 0.0741359 0.00209323 0.0650198 0.997882 -0.549416 0 0 0 1 
26456013410129;0.476134;0.137423;0.970075 0.138966 0.199103 -0.123588 -0.12023 0.987352 -0.103345 -0.204436 -0.210947 0.0763143 0.974514 -0.105119 0 0 0 1 
26456013410130;2.09219;0.167298;0.973125 0.207877 0.0990709 0.25093 -0.207856 0.978102 -0.010646 0.130341 -0.0991144 -0.0102326 0.995023 0.728891 0 0 0 1 
26456013410131;1.46172;0.155967;0.997816 0.0646209 0.0136723 -0.23741 -0.0649742 0.997516 0.0272083 -0.259428 -0.0118801 -0.0280373 0.999536 0.575348 0 0 0 1 
26456013410132;0.769284;0.253805;0.991507 -0.0761923 0.105397 -0.225735 0.058936 0.985661 0.158111 0.190295 -0.115932 -0.150556 0.98178 0.0594677 0 0 0 1 
26456013410133;1.34603;0.125789;0.999848 -0.00447175 0.0168313 -0.047393 0.00394818 0.999511 0.0310126 0.33605 -0.0169618 -0.0309414 0.999377 0.496278 0 0 0 1 
26456013410134;1.62064;0.226837;0.987105 -0.111711 0.114651 0.17172 0.112278 0.993676 0.00152447 0.399363 -0.114096 0.0113679 0.993405 -0.818323 0 0 0 1 
26456013410135;0.477389;0.116894;0.995241 0.0872696 0.0433609 0.0173172 -0.0864036 0.996029 -0.0214639 0.00937722 -0.0450618 0.0176152 0.998829 -0.265939 0 0 0 1 
26456013410136;1.0412;0.210749;0.978169 -0.184342 -0.0959375 -0.521704 0.187595 0.981902 0.0260003 0.482493 0.0894083 -0.0434301 0.995048 0.308096 0 0 0 1 
26456013410137;1.90811;0.159173;0.994664 -0.101349 0.0192751 0.00495879 0.10246 0.992278 -0.0699045 0.068656 -0.0120416 0.0715065 0.997367 0.902839 0 0 0 1 
26456013410138;0.964836;0.124486;0.974836 0.212084 -0.0686719 0.0787636 -0.220417 0.963074 -0.154613 -0.272881 0.0333451 0.165859 0.985586 0.593929 0 0 0 1 
26456013410139;1.47225;0.845169;0.955751 0.25465 -0.147283 0.439552 -0.279207 0.942911 -0.181554 -0.358944 0.0926424 0.214643 0.972289 -0.00381098 0 0 0 1 
26456013410140;1.16137;0.314113;0.991919 0.126802 -0.00432659 0.260264 -0.126871 0.991041 -0.0417284 -0.508431 -0.0010034 0.0419401 0.99912 0.197785 0 0 0 1 
26456013410141;0.944233;0.159933;0.990392 0.138283 -0.00131471 -0.0962861 -0.138285 0.990391 -0.00153251 -0.535313 0.00109016 0.00169959 0.999998 -0.22078 0 0 0 1 
26456013410142;1.84842;0.0930165;0.949053 0.159313 -0.271877 -0.688688 -0.213399 0.959763 -0.182525 -0.326136 0.231859 0.231244 0.944864 0.544691 0 0 0 1 
26456013410143;0.46443;0.0640468;0.961233 0.273355 0.0361739 0.0274565 -0.275675 0.955518 0.104823 -0.479095 -0.00591078 -0.110732 0.993833 0.111325 0 0 0 1 
26456013410144;0.759937;0.129574;0.972529 -0.0229695 -0.231644 -0.0582123 -0.0434018 0.959777 -0.277388 0.378827 0.228698 0.279822 0.932415 0.362523 0 0 0 1 
26456013410145;0.437138;0.227162;0.988348 -0.0305815 0.14911 -0.13649 -0.00115716 0.978072 0.208266 0.0274376 -0.15221 -0.206012 0.966639 -0.283408 0 0 0 1 
26456013410146;1.81332;0.145875;0.997899 0.0643389 -0.00762709 -0.443714 -0.0639421 0.996977 0.044139 0.0838504 0.0104439 -0.0435585 0.998996 0.69027 0 0 0 1 
26456013410147;0.897776;0.214465;0.998065 0.0438339 0.0441066 0.288384 -0.0333181 0.975852 -0.215879 -0.0549988 -0.0525043 0.213992 0.975423 0.155538 0 0 0 1 
26456013410148;0.647101;0.242447;0.993306 -0.112047 -0.0280771 -0.164629 0.113946 0.990341 0.0790015 0.0522795 0.018954 -0.081672 0.996479 0.201425 0 0 0 1 
26456013410149;0.510162;0.0551165;0.897306 0.436398 -0.0663166 -0.0345452 -0.439716 0.896864 -0.0478026 -0.579629 0.038616 0.072054 0.996653 0.130322 0 0 0 1 
26456013410150;1.62937;0.144566;0.942637 -0.0226752 0.33305 -0.0356107 0.142074 0.930072 -0.338793 0.970861 -0.302078 0.366676 0.879942 -0.678771 0 0 0 1 
26456013410151;0.991097;0.140567;0.974481 -0.144753 0.17156 -0.367484 0.175041 0.968504 -0.177086 0.393562 -0.140523 0.202598 0.969127 -0.527829 0 0 0 1 
26456013410152;0.386143;0.0774125;0.996528 0.0792908 -0.0254068 0.0276198 -0.0799028 0.996512 -0.0240511 0.0182213 0.0234111 0.0259977 0.999388 -0.108638 0 0 0 1 
26456013410153;1.24713;0.051013;0.932827 0.357984 0.0410124 -0.260883 -0.358787 0.933315 0.013999 -0.312385 -0.0332661 -0.0277733 0.999061 0.324648 0 0 0 1 
26456013410155;0.44177;0.254045;0.992786 0.0948413 0.073357 -0.0819878 -0.078011 0.975546 -0.205485 -0.0904665 -0.0910516 0.19828 0.975907 -0.0685001 0 0 0 1 
26456013410156;0.559197;0.962866;0.992482 -0.117301 -0.0349186 -0.55882 0.117977 0.992854 0.0179634 -0.0130563 0.0325619 -0.021948 0.999229 -0.0931091 0 0 0 1 
26456013410157;0.798739;0.480733;0.997066 0.0116145 -0.0756539 0.313039 -0.0099657 0.999705 0.0221349 -0.190581 0.0758887 -0.021316 0.996888 -0.174387 0 0 0 1 
26456013410158;0.506235;0.19251;0.985841 0.099041 0.135309 0.0855913 -0.0784742 0.985615 -0.149681 0.320934 -0.148188 0.136944 0.979432 -0.280137 0 0 0 1 
26456013410159;0.771683;0.300127;0.999401 0.0336843 0.0078886 0.16094 -0.0311917 0.975963 -0.215692 0.668497 -0.0149644 0.215317 0.976429 0.0725351 0 0 0 1 
26456013410160;0.731372;0.47447;0.99585 -0.0680227 -0.0604582 -0.0460236 0.0657992 0.997108 -0.0380389 0.235976 0.0628708 0.0339029 0.997446 -0.52389 0 0 0 1 
26456013410161;0.152345;0.0830988;0.998157 0.00858702 0.0600753 -0.0721483 -0.00591075 0.998988 -0.0445853 0.022766 -0.0603974 0.044148 0.997198 -0.173879 0 0 0 1 
26456013410162;0.843744;0.473728;0.920079 -0.0587543 -0.387301 0.219145 0.052557 0.998264 -0.0265832 0.492271 0.38819 0.00410332 0.92157 0.811197 0 0 0 1 
26456013410163;0.17304;0.0739601;0.99281 -0.0330775 -0.115043 0.0632687 0.0148376 0.987657 -0.155927 0.140266 0.118781 0.153098 0.981046 0.17146 0 0 0 1 
26456013410164;1.05704;0.119384;0.99568 -0.0346961 -0.0861218 0.0331492 0.0366285 0.999109 0.0209603 -0.0365101 0.0853179 -0.0240242 0.996064 -0.896277 0 0 0 1 
26456013410165;1.01882;1.00842;0.990485 -0.111075 -0.0812559 -0.597333 0.118759 0.988194 0.0967971 0.513475 0.0695448 -0.105526 0.991982 0.102561 0 0 0 1 
26456013410166;0.386158;0.0577546;0.968015 -0.014515 -0.250473 0.386393 -0.0676577 0.946239 -0.316315 0.421118 0.241598 0.323144 0.914991 0.123085 0 0 0 1 
26456013410167;0.362618;0.239954;0.994197 0.0377833 -0.100724 -0.144049 0.00813617 0.907202 0.420617 -0.521009 0.107269 -0.418996 0.90163 0.0958636 0 0 0 1 
26456013410168;0.272737;0.12536;0.958094 -0.0477144 -0.282453 0.145239 0.0532296 0.998512 0.0118801 -0.137215 0.281466 -0.0264171 0.959208 0.115116 0 0 0 1 
26456013410169;0.677811;0.202782;0.998816 -0.0294789 -0.0387049 -0.130794 0.0290546 0.999512 -0.0114815 -0.257415 0.0390245 0.0103433 0.999185 0.485196 0 0 0 1 
26456013410170;0.704368;0.256564;0.997359 0.0725726 -0.00271518 0.0599686 -0.0724952 0.997123 0.022123 -0.68253 0.0043129 -0.0218677 0.999752 0.104115 0 0 0 1 
26456013410171;1.02478;0.625442;0.968163 -0.0985593 -0.2301 -0.121843 0.112379 0.992519 0.0477164 0.0400379 0.223675 -0.0720557 0.971997 0.00752222 0 0 0 1 
26456013410172;0.366617;0.115883;0.970051 -0.0228105 -0.241827 0.14659 0.0395077 0.99714 0.0644231 -0.063448 0.239666 -0.0720477 0.968178 -0.0895906 0 0 0 1 
26456013410173;0.895873;0.335312;0.999298 0.0372426 -0.00408563 -0.1086 -0.0371083 0.998887 0.0291 -0.458252 0.00516485 -0.028928 0.999568 0.486428 0 0 0 1 
26456013410174;0.457447;0.291412;0.99928 -0.0330846 -0.0185688 -0.121519 0.0328046 0.999346 -0.0151831 0.194451 0.019059 0.0145631 0.999712 0.01383 0 0 0 1 
26456013410175;0.623034;0.0942896;0.998395 -0.0190215 -0.0533454 -0.00707704 0.0208841 0.999184 0.0345772 -0.006306 0.0526442 -0.0356357 0.997977 -0.523997 0 0 0 1 
26456013410176;0.235307;0.193184;0.990566 -0.0520931 -0.126753 -0.0974034 0.0506456 0.99861 -0.0146184 0.0999665 0.127338 0.00806096 0.991827 0.0822359 0 0 0 1 
26456013410177;0.877512;0.450373;0.999825 -0.011979 -0.0143468 0.000815988 0.0120463 0.999917 0.00461218 0.658269 0.0142903 -0.0047842 0.999886 0.0458993 0 0 0 1 
26456013410178;0.197683;0.0786123;0.997958 -0.0352472 -0.053262 -0.100887 0.0357277 0.999329 0.00809581 0.131613 0.0529409 -0.00998221 0.998548 -0.0426636 0 0 0 1 
26456013410179;0.15124;0.143725;0.997041 -0.0160786 0.0751689 -0.13899 0.00596395 0.991112 0.132893 -0.0779443 -0.0766376 -0.132051 0.988276 0.00535054 0 0 0 1 
26456013410180;0.554153;0.449713;0.998569 -0.0529268 -0.00772338 0.0239434 0.0506102 0.981672 -0.183736 0.41506 0.0173064 0.183082 0.982945 -0.0035376 0 0 0 1 
26456013410181;0.475904;0.0993472;0.999967 0.00433851 0.00693449 -0.0671602 -0.00639569 0.9432 0.332165 -0.662909 -0.00509951 -0.332198 0.943196 -0.0515515 0 0 0 1 
26456013410182;0.72307;0.418501;0.999403 -0.0142068 0.0315076 -0.240097 0.0173651 0.994598 -0.102344 0.108811 -0.0298834 0.10283 0.99425 0.252552 0 0 0 1 
26456013410183;0.714484;0.150057;0.999611 0.0252402 0.0118799 -0.234122 -0.0192756 0.932788 -0.359909 0.133177 -0.0201657 0.35954 0.932912 0.446383 0 0 0 1 
26456013410184;0.435457;0.195923;0.998714 0.0353145 0.036377 0.0873597 -0.0331211 0.997695 -0.0592299 0.220554 -0.0383848 0.0579489 0.997581 -0.215279 0 0 0 1 
26456013410186;2.57906;1.62411;0.960795 0.218998 -0.17004 0.0653699 -0.21284 0.975601 0.0538635 -0.881491 0.177687 -0.0155603 0.983964 -0.169341 0 0 0 1 
26456013410187;0.634766;0.231303;0.99154 -0.10956 -0.0696031 0.215078 0.0999138 0.986528 -0.129534 0.267793 0.0828572 0.121484 0.989129 -0.0372495 0 0 0 1 
26456013410188;1.09866;0.37494;0.978845 -0.0220143 -0.203414 0.29092 0.100061 0.918697 0.382078 -0.331951 0.178465 -0.394349 0.901465 0.177941 0 0 0 1 
26456013410189;0.60767;0.223514;0.974196 0.176878 -0.140203 0.0125896 -0.179527 0.983732 -0.00637842 -0.0247181 0.136794 0.031384 0.990102 0.134646 0 0 0 1 
26456013410190;1.29465;1.46326;0.905536 -0.358193 -0.227382 -0.0827083 0.334955 0.274626 0.901324 0.562033 -0.260403 -0.892344 0.368663 0.0662801 0 0 0 1 
26456013410191;1.28532;1.1407;0.995532 -0.0630095 -0.07032 0.20189 0.0578685 0.995659 -0.0728962 -0.0554128 0.0746079 0.0685013 0.994857 -0.182109 0 0 0 1 
26456013410192;1.88351;2.56817;0.268214 -0.224096 -0.936932 -1.12691 -0.317352 0.897729 -0.305567 -0.501609 0.909587 0.379294 0.169666 2.00487 0 0 0 1 
26456013410193;1.11745;0.761607;0.989064 -0.112335 0.0955682 -0.130306 0.0528421 0.874866 0.481474 -0.302626 -0.137696 -0.471159 0.871234 -0.0650866 0 0 0 1 
26456013410194;2.37375;0.100588;0.98743 -0.153871 -0.0361362 0.417437 0.153105 0.98794 -0.0231104 -0.499387 0.0392565 0.0172873 0.99908 -0.199179 0 0 0 1 
26456013410195;1.70586;0.595392;0.992895 -0.112893 0.0376225 0.0945352 0.100281 0.96402 0.246189 -0.384608 -0.0640617 -0.240666 0.968491 -0.399621 0 0 0 1 
26456013410196;0.514644;0.172035;0.998637 -0.0514967 -0.00845001 0.0294169 0.051914 0.996826 0.0603512 0.0566667 0.00531531 -0.0607076 0.998141 0.204402 0 0 0 1 
26456013410197;2.7645;2.37769;0.732703 -0.622137 0.275847 -0.427488 0.629485 0.773602 0.0727248 1.01534 -0.258641 0.120356 0.958446 -0.127671 0 0 0 1 
26456013410198;2.3433;0.427056;0.983744 -0.149308 -0.0997739 0.407835 0.149024 0.98878 -0.010341 -0.470687 0.100198 -0.00469574 0.994956 0.296865 0 0 0 1 
26456013410199;2.04036;0.656228;0.9894 -0.0973592 -0.10774 0.361653 0.125442 0.946793 0.296391 -0.526407 0.0731508 -0.306765 0.94897 -0.191259 0 0 0 1 
26456013410200;2.25828;2.23894;0.955079 -0.259418 0.143272 0.0105996 0.290745 0.913828 -0.283524 0.715047 -0.057375 0.312443 0.948202 -0.167116 0 0 0 1 
26456013410201;2.32984;0.657834;0.928782 -0.248222 0.275227 -0.611318 0.161336 0.939326 0.302716 0.365528 -0.333669 -0.236753 0.912476 -0.718284 0 0 0 1 
26456013410202;0.574695;0.113476;0.99965 -0.0209067 -0.0161818 -0.0345672 0.0216133 0.998762 0.0448029 0.13898 0.0152251 -0.045137 0.998865 0.178289 0 0 0 1 
26456013410203;2.04835;0.204604;0.938375 -0.301084 0.169706 0.326081 0.240736 0.921712 0.304125 -0.38301 -0.247987 -0.244529 0.937394 -0.00785514 0 0 0 1 
26456013410204;0.669991;0.301814;0.989471 -0.144273 0.0115028 0.165733 0.13467 0.946888 0.292006 -0.0226517 -0.0530206 -0.287383 0.956347 -0.134309 0 0 0 1 
26456013410205;0.908947;0.108305;0.998451 -0.050516 -0.0232974 -0.0551604 0.0517917 0.99698 0.0578636 0.316109 0.020304 -0.0589806 0.998053 -0.0147612 0 0 0 1 
26456013410206;1.79634;1.65398;0.978408 -0.138806 -0.153134 0.226923 0.122382 0.986148 -0.111957 0.0696082 0.166553 0.0907989 0.981843 -0.0967562 0 0 0 1 
26456013410207;0.232642;0.162577;0.994518 -0.0831216 -0.0634434 0.0899937 0.0895532 0.990286 0.106364 0.138095 0.0539861 -0.111462 0.992301 0.0900317 0 0 0 1 
26456013410208;2.37807;0.808639;0.985836 0.0580498 0.157344 -0.259827 -0.0775607 0.989637 0.120843 -0.484854 -0.148699 -0.131335 0.980122 -0.782221 0 0 0 1 
26456013410209;2.64335;0.166025;0.983353 -0.175275 0.0479204 0.489286 0.16786 0.977232 0.129769 -0.633839 -0.0695747 -0.119565 0.990386 -0.187598 0 0 0 1 
26456013410210;2.26073;0.775492;0.983166 -0.154641 0.0973153 -0.209329 0.103623 0.910594 0.400102 -0.134492 -0.150487 -0.383282 0.911289 -0.563938 0 0 0 1 
26456013410211;1.42407;0.965853;0.999599 0.0272829 -0.00762748 0.0879102 -0.0227304 0.933123 0.358838 -0.178147 0.0169075 -0.358521 0.933369 0.0525508 0 0 0 1 
26456013410212;1.48789;1.38481;0.93861 -0.148424 -0.311419 0.247779 0.162314 0.986556 0.019012 0.137605 0.304411 -0.0683926 0.950082 0.28269 0 0 0 1 
26456013410213;1.60061;0.735243;0.974286 -0.104191 -0.199779 0.358063 0.137362 0.977498 0.160093 0.349987 0.178603 -0.183418 0.966674 0.335929 0 0 0 1 
26456013410214;1.7042;1.46464;0.876051 -0.188151 -0.443998 0.206252 0.466138 0.566208 0.679797 0.83397 0.123491 -0.802501 0.583731 0.60281 0 0 0 1 
26456013410215;0.754244;0.345339;0.989551 -0.138561 0.0398738 0.141444 0.136992 0.989776 0.0397145 0.122344 -0.044969 -0.0338371 0.998415 -0.1501 0 0 0 1 
26456013410217;1.32332;1.42505;0.904559 0.0167604 -0.426018 -0.0737235 0.0666888 0.981365 0.180208 0.00880724 0.4211 -0.19142 0.886585 0.482985 0 0 0 1 
26456013410218;1.34012;1.66721;0.98307 0.0730305 -0.16805 0.00369794 -0.0163103 0.948376 0.316729 -0.271682 0.182505 -0.308626 0.933511 0.226149 0 0 0 1 
26456013410219;0.65608;0.682408;0.961164 0.265448 0.0755089 -0.143486 -0.259866 0.962632 -0.0762148 -0.0298013 -0.0929184 0.0536327 0.994228 -0.116556 0 0 0 1 
26456013410220;1.46371;0.811465;0.924757 -0.332558 0.185011 -0.118517 0.334625 0.94212 0.0208817 0.729331 -0.181247 0.0425987 0.982515 -0.159687 0 0 0 1 
26456013410221;1.60635;2.02533;0.942797 -0.0660014 -0.326768 0.0271739 0.0491773 0.997017 -0.0594925 0.180764 0.329719 0.0400198 0.94323 0.258623 0 0 0 1 
26456013410222;2.32392;0.0903856;0.991827 0.103185 -0.0750471 0.00774473 -0.118044 0.96533 -0.232816 -0.540086 0.0484222 0.239772 0.969621 -0.73169 0 0 0 1 
26456013410223;1.20647;0.939837;0.989879 0.138597 -0.0304983 -0.0261864 -0.134209 0.984114 0.116218 0.106961 0.0461213 -0.110948 0.992755 0.112977 0 0 0 1 
26456013410224;0.781646;0.104493;0.951206 0.127123 0.281151 -0.37927 -0.191475 0.95771 0.214778 -0.256946 -0.241958 -0.258132 0.93532 -0.322328 0 0 0 1 
26456013410225;1.91639;0.658156;0.975886 -0.189172 0.108908 -0.143901 0.144888 0.934548 0.325003 -0.329393 -0.163261 -0.301386 0.939421 -0.68534 0 0 0 1 
26456013410226;0.740714;0.579866;0.957167 0.288486 0.0246219 -0.133531 -0.28848 0.957478 -0.00386851 -0.0445906 -0.0246909 -0.00340011 0.999689 -0.0183388 0 0 0 1 
26456013410227;0.854149;0.790398;0.999766 0.0212132 -0.0041262 -0.0146028 -0.0213634 0.998947 -0.0406082 -0.0505924 0.00326042 0.0406868 0.999167 -0.00676452 0 0 0 1 
26456013410228;0.477964;0.253012;0.991437 -0.109092 -0.071778 0.043104 0.0977404 0.984425 -0.146132 0.234998 0.0866018 0.137865 0.986658 -0.0591381 0 0 0 1 
26456013410229;0.488387;0.109843;0.894058 -0.208178 -0.396638 0.365065 0.285272 0.947286 0.14584 -0.0176264 0.345369 -0.243539 0.906316 0.385595 0 0 0 1 
26456013410230;0.907029;0.122933;0.993676 0.109117 0.0265025 -0.06352 -0.111203 0.989007 0.0974599 0.0239528 -0.0155766 -0.0997907 0.994887 -0.251605 0 0 0 1 
26456013410231;2.37848;0.123649;0.975227 -0.142569 -0.169136 0.28548 0.195029 0.914964 0.353277 -0.470289 0.104387 -0.377512 0.920102 -0.620638 0 0 0 1 
26456013410232;0.758672;0.164065;0.997535 0.0688021 -0.0138012 0.170614 -0.0680874 0.996577 0.0468855 -0.117011 0.0169798 -0.0458303 0.998805 -0.164767 0 0 0 1 
26456013410233;0.876115;0.107835;0.999174 -0.0391895 0.0107795 0.0104127 0.0385409 0.997746 0.0549295 0.32668 -0.0129078 -0.0544687 0.998432 0.0722945 0 0 0 1 
26456013410234;0.436918;0.0671001;0.985658 0.164061 0.0395206 -0.135995 -0.168427 0.941816 0.290887 -0.426862 0.0105022 -0.293372 0.955941 0.308747 0 0 0 1 
26456013410235;0.42537;0.108832;0.931369 -0.00764152 0.363995 -0.40307 0.0513939 0.992528 -0.110667 0.0610962 -0.36043 0.121779 0.924803 -0.352252 0 0 0 1 
26456013410236;1.61117;1.09819;0.87792 0.417206 0.234939 -0.599335 -0.463503 0.617447 0.63555 -1.36669 0.120093 -0.666857 0.735445 0.236053 0 0 0 1 
26456013410237;1.76467;1.24691;0.971016 0.128139 0.201763 -0.057697 -0.199529 0.899324 0.389108 -0.388634 -0.13159 -0.418088 0.898825 0.014644 0 0 0 1 
26456013410238;1.19544;0.219459;0.945172 0.326558 -0.00320122 0.0560781 -0.290575 0.845418 0.448146 -0.525681 0.149052 -0.422645 0.893954 0.00561304 0 0 0 1 
26456013410239;0.73293;0.115;0.89069 -0.379048 -0.250988 0.292377 0.397237 0.917397 0.024213 0.309453 0.221077 -0.121268 0.967687 0.0179056 0 0 0 1 
26456013410240;1.79116;1.95956;0.9977 -0.0183653 -0.0652505 0.0267499 0.0180538 0.999823 -0.00536033 0.0172152 0.0653373 0.00416998 0.997855 -0.00769287 0 0 0 1 
26456013410241;1.92987;1.1969;0.978643 -0.00184442 0.20556 0.107396 0.014177 0.998184 -0.0585382 0.0220797 -0.205079 0.0602022 0.976892 -0.131216 0 0 0 1 
26456013410242;1.40722;0.0947321;0.940624 0.260695 0.217402 -0.293182 -0.329138 0.857105 0.396281 -0.448575 -0.0830279 -0.444306 0.892019 -0.346729 0 0 0 1 
26456013410243;0.583238;0.104785;0.924103 -0.345856 0.162537 -0.132955 0.367314 0.921231 -0.128113 0.351763 -0.105426 0.178091 0.97835 -0.234423 0 0 0 1 
26456013410244;0.533279;0.0621587;0.995318 0.0422446 0.0869319 -0.0756267 -0.0424849 0.999097 0.000914607 0.0210275 -0.0868148 -0.00460362 0.996214 0.151004 0 0 0 1 
26456013410245;0.736282;0.0740863;0.965008 -0.188829 0.181943 -0.262768 0.225293 0.952087 -0.206815 0.29461 -0.134173 0.240569 0.961314 0.0792971 0 0 0 1 
26456013410246;1.05866;0.718523;0.997625 -0.0495407 0.0478509 0.0791162 0.0605975 0.961547 -0.26787 0.137584 -0.0327404 0.270134 0.962266 -0.262229 0 0 0 1 
26456013410248;1.23759;0.89013;0.988353 0.0314413 -0.148894 -0.18817 0.094081 0.642794 0.76024 0.149502 0.119611 -0.765394 0.632349 1.07062 0 0 0 1 
26456013410249;1.46586;0.634801;0.825431 0.446855 0.344941 -0.447113 -0.425727 0.894043 -0.139442 -0.899116 -0.370702 -0.0317508 0.928209 0.130356 0 0 0 1 
26456013410250;0.412958;0.287808;0.986501 -0.143919 -0.0781221 -0.191022 0.133233 0.982774 -0.128077 0.26819 0.0952091 0.11594 0.988683 0.254199 0 0 0 1 
26456013410251;1.34871;0.802355;0.952128 0.142632 -0.270386 -0.435393 -0.216565 0.938965 -0.267291 -0.521968 0.215759 0.313051 0.924904 0.910547 0 0 0 1 
26456013410252;1.49487;0.673348;0.97833 0.162609 -0.128172 0.159758 -0.092181 0.896379 0.433599 -0.661216 0.185398 -0.412388 0.891944 -0.252372 0 0 0 1 
26456013410253;0.288077;0.14547;0.991443 0.114793 -0.0621513 -0.0348073 -0.115659 0.993233 -0.0105033 -0.200598 0.060525 0.0176018 0.998011 -0.0854116 0 0 0 1 
26456013410254;0.399182;0.294356;0.932465 0.338931 0.125039 -0.37078 -0.332843 0.940572 -0.0673758 -0.47015 -0.140444 0.0212072 0.989861 -0.371378 0 0 0 1 
26456013410255;1.26559;0.489799;0.98928 0.145289 0.0146907 -0.357382 -0.1424 0.982089 -0.123382 -0.32263 -0.0323536 0.119967 0.992251 0.677289 0 0 0 1 
26456013410256;0.836061;0.665495;0.973053 0.171805 -0.153787 0.0735208 -0.172096 0.985013 0.0115218 -0.243164 0.153462 0.0152548 0.988037 0.0801206 0 0 0 1 
26456013410257;1.31918;0.597395;0.951263 0.291231 -0.101405 -0.506423 -0.277917 0.952124 0.12737 -1.06569 0.133644 -0.0929801 0.986658 -0.0768978 0 0 0 1 
26456013410258;1.48742;0.984778;0.959568 -0.240037 -0.147012 0.130536 0.270869 0.92949 0.250356 0.45427 0.0765513 -0.280055 0.956927 0.538976 0 0 0 1 
26456013410259;1.01942;0.256786;0.87816 0.473191 -0.0701841 -0.696791 -0.464122 0.878327 0.114601 -0.488618 0.115873 -0.0680644 0.990929 0.260129 0 0 0 1 
26456013410260;0.460663;0.223731;0.886078 0.399769 -0.234627 -0.133902 -0.313544 0.889711 0.33182 -0.70572 0.341402 -0.220452 0.913699 0.757816 0 0 0 1 
