#;prob_registration_l1 -r /home/probabilistic_point_clouds_registration/build/tester /home/point_clouds_registration_benchmark//devel/registration_pairs/p2at_met_local.txt /home/point_clouds_registration_benchmark//planetary/p2at_met -s 0.2 -t 0.2 -p 0.3 -r 1000 -m 20 -i 40 
id;initial_error;final_error;transformation
27844314100000;0.368279;0.326137;0.999508 -0.000694853 0.0313615 -0.0194834 -0.00367542 0.990275 0.139079 -0.0894647 -0.0311531 -0.139125 0.989785 -8.30796 0 0 0 1 
27844314100001;0.325629;0.133548;0.987501 0.0279277 -0.155119 0.83293 0.00123919 0.98277 0.184827 -0.304897 0.157609 -0.182709 0.970452 -7.75326 0 0 0 1 
27844314100002;0.342132;0.125134;0.931269 -0.0376829 0.362378 -2.53829 -0.0676483 0.959456 0.27362 -2.95701 -0.357997 -0.279328 0.890963 -24.7049 0 0 0 1 
27844314100003;0.135271;0.10763;0.995111 -0.0118376 0.0980484 -0.4974 -0.00539727 0.984789 0.173673 -0.318445 -0.0986128 -0.173353 0.97991 -12.5628 0 0 0 1 
27844314100004;0.89077;0.699965;0.985596 0.0401245 -0.164287 1.50714 0.00328417 0.966722 0.25581 -0.967647 0.169084 -0.252665 0.952665 -12.2258 0 0 0 1 
27844314100005;0.300669;0.25133;0.935221 0.0495944 -0.350575 0.161241 -0.0046371 0.991772 0.127932 -0.0741053 0.354035 -0.118019 0.927756 1.09666 0 0 0 1 
27844314100006;0.461976;0.414771;0.999905 0.0129997 0.00453667 0.845646 -0.0131458 0.999342 0.0338127 -0.16347 -0.00409413 -0.0338691 0.999418 -1.91026 0 0 0 1 
27844314100007;1.17629;1.00498;0.999374 0.0141722 0.0324025 0.917032 -0.0170275 0.995831 0.0896118 -0.217906 -0.0309974 -0.0901075 0.99545 -4.67405 0 0 0 1 
27844314100008;0.519074;0.423715;0.999883 0.0141289 0.00581856 0.852332 -0.0143259 0.999272 0.035348 -0.237293 -0.0053149 -0.0354272 0.999358 -1.582 0 0 0 1 
27844314100009;0.482706;0.462597;0.993158 -0.0166376 0.115584 -0.831787 0.0221603 0.998665 -0.0466611 0.262279 -0.114654 0.0489033 0.992201 0.117332 0 0 0 1 
27844314100010;0.848926;0.0688163;0.999001 0.0281276 -0.0347173 1.7149 -0.021716 0.984698 0.172909 -0.8544 0.0390496 -0.171983 0.984326 -11.3061 0 0 0 1 
27844314100011;0.370547;0.303263;0.981304 -0.000454845 -0.192462 -1.24499 -0.0109543 0.998244 -0.0582115 -0.60401 0.192151 0.0592315 0.979576 8.39968 0 0 0 1 
27844314100012;1.02719;0.410207;0.991758 0.00549187 -0.128004 -0.553943 -0.0107733 0.999117 -0.0406037 -0.410689 0.127668 0.041648 0.990942 7.66657 0 0 0 1 
27844314100013;0.818365;0.730233;0.998736 0.0222686 -0.0450561 1.22977 -0.0177281 0.994952 0.0987756 -0.431654 0.0470283 -0.097852 0.994089 -5.48417 0 0 0 1 
27844314100014;0.722224;0.270408;0.998383 0.000734712 -0.0568421 -0.0548262 -0.000347533 0.999977 0.00682107 -0.0244027 0.0568458 -0.00679029 0.99836 -0.890205 0 0 0 1 
27844314100015;1.11358;0.62062;0.999533 -0.00187469 -0.0304992 0.0903664 0.00109409 0.999672 -0.0255907 -0.148023 0.0305372 0.0255454 0.999207 -0.269404 0 0 0 1 
27844314100016;0.370882;0.0752388;0.992682 -0.0165229 0.119619 -0.740436 0.0646737 0.909289 -0.411109 -5.19592 -0.101975 0.415837 0.903704 21.7273 0 0 0 1 
27844314100017;0.341055;0.241915;0.995467 -0.00251104 -0.0950747 -0.681733 0.00619349 0.999241 0.038457 0.392056 0.094906 -0.0388715 0.994727 0.0436107 0 0 0 1 
27844314100018;0.853373;0.263139;0.999549 0.00685061 0.029248 0.578795 -0.00691613 0.999974 0.00213974 -0.0672982 -0.0292326 -0.00234106 0.99957 -2.96483 0 0 0 1 
27844314100019;0.871961;0.0867086;0.999975 0.00475534 0.00522151 0.480768 -0.00462049 0.999663 -0.0255405 -0.184439 -0.00534121 0.0255157 0.99966 -0.982523 0 0 0 1 
27844314100020;0.613803;0.613889;0.996412 0.0253778 -0.0807451 1.1191 -0.00593692 0.972597 0.23242 -0.807518 0.0844307 -0.231106 0.969258 -11.9988 0 0 0 1 
27844314100021;0.300355;0.0901582;0.948184 -0.0160259 -0.317318 -3.36626 -0.00336806 0.998164 -0.0604755 -0.439493 0.317705 0.0584106 0.946389 10.8949 0 0 0 1 
27844314100022;0.628187;0.0704371;0.999955 0.00652574 0.00689657 0.534474 -0.00637503 0.999745 -0.0216535 -0.218663 -0.00703611 0.0216086 0.999742 -0.613502 0 0 0 1 
27844314100023;0.278091;0.083231;0.996382 0.00693958 0.0846992 0.62949 -0.00331384 0.999075 -0.0428729 -0.301539 -0.0849184 0.0424372 0.995484 -0.252237 0 0 0 1 
27844314100024;0.416131;0.291039;0.969125 0.00214019 -0.246561 -1.38157 -0.0115524 0.999258 -0.0367338 -0.340523 0.2463 0.038448 0.968431 7.22015 0 0 0 1 
27844314100025;0.365706;0.317881;0.991888 -0.00655746 -0.126947 -1.00142 0.00640911 0.999978 -0.00157697 0.165452 0.126955 0.000750555 0.991908 2.60243 0 0 0 1 
27844314100026;0.38807;0.170558;0.983271 -0.0104036 0.181853 -0.505288 0.00147887 0.998791 0.0491436 0.0302243 -0.182144 -0.0480525 0.982097 -7.93569 0 0 0 1 
27844314100027;0.827287;0.732782;0.980711 -0.0240466 -0.193978 -2.49858 -0.00141449 0.991505 -0.130064 -1.06466 0.195457 0.12783 0.972346 11.6643 0 0 0 1 
27844314100028;0.216847;0.168235;0.99357 -0.0195387 0.111519 -0.991593 0.033515 0.991608 -0.124864 -0.0463349 -0.108144 0.127799 0.985887 4.92546 0 0 0 1 
27844314100029;0.528223;0.396835;0.996982 0.00988081 0.0770016 0.859001 -0.00823715 0.999732 -0.0216342 -0.261376 -0.0771947 0.0209347 0.996796 -1.29628 0 0 0 1 
27844314100031;1.32944;0.660445;0.999796 -0.0141032 -0.0144603 -0.128015 0.0140283 0.999888 -0.00526485 -0.00436878 0.0145329 0.00506092 0.999882 2.60302 0 0 0 1 
27844314100032;1.35252;1.01319;0.94998 0.0527335 -0.307827 -1.56184 0.0422196 0.95491 0.293878 1.77832 0.309445 -0.292174 0.904919 6.17655 0 0 0 1 
27844314100033;0.908498;0.533781;0.974876 0.0236779 -0.221484 -1.01017 0.0288264 0.972561 0.230853 1.03483 0.220873 -0.231438 0.947445 4.96098 0 0 0 1 
27844314100034;0.315932;0.278989;0.999906 0.0127411 0.00497603 -0.0877402 -0.0128222 0.999779 0.01664 -0.164268 -0.00476292 -0.0167022 0.999849 -0.160133 0 0 0 1 
27844314100035;0.38412;0.173344;0.999549 -0.00513762 -0.0295763 0.0328397 0.00376282 0.998918 -0.0463527 -0.109209 0.0297825 0.0462205 0.998487 -0.476136 0 0 0 1 
27844314100036;0.255516;0.150859;0.997039 0.0207725 0.0740422 -0.0379113 -0.0330075 0.985223 0.168069 -0.0580799 -0.0694568 -0.170015 0.982991 -0.125604 0 0 0 1 
27844314100037;0.704806;0.451215;0.999654 -0.0190768 0.0180989 0.208334 0.0215193 0.989036 -0.146097 -0.0600383 -0.0151134 0.146436 0.989105 0.169308 0 0 0 1 
27844314100038;1.02577;0.635172;0.996357 0.0159558 0.0837697 0.0193812 -0.0132681 0.999382 -0.0325428 0.0638185 -0.0842372 0.0313128 0.995954 0.659798 0 0 0 1 
27844314100039;0.646323;0.217872;0.998368 -0.00877321 0.056423 0.0230414 0.0204505 0.977517 -0.209864 -0.141542 -0.0533133 0.210676 0.976101 0.121643 0 0 0 1 
27844314100040;0.526776;0.403912;0.957511 0.00408685 0.288369 -0.213058 0.00558312 0.99945 -0.0327029 -0.268737 -0.288344 0.0329234 0.956961 -4.02349 0 0 0 1 
27844314100041;0.240913;0.178202;0.986901 -0.0288149 -0.158736 -0.277502 0.0192741 0.997932 -0.0613202 -0.0101651 0.160174 0.0574574 0.985415 1.86731 0 0 0 1 
27844314100042;1.10623;0.775312;0.999679 -0.00898012 -0.0236908 0.135312 0.01012 0.998775 0.048444 -0.218541 0.0232267 -0.0486682 0.998545 -0.897274 0 0 0 1 
27844314100043;0.537176;0.415875;0.951178 0.0288314 0.307293 -0.388568 -0.11441 0.957633 0.26429 -1.1005 -0.286654 -0.286544 0.914178 -3.39741 0 0 0 1 
27844314100044;0.682374;0.383325;0.990908 -0.0108998 0.134099 0.228544 0.0296167 0.989936 -0.138385 0.0280361 -0.131241 0.141098 0.981258 -1.10728 0 0 0 1 
27844314100045;0.577329;0.348602;0.996641 -0.0152776 -0.0804607 -0.0568214 0.0114156 0.99877 -0.0482414 0.19854 0.0810988 0.0471608 0.99559 -0.0446592 0 0 0 1 
27844314100046;0.842689;0.548362;0.978349 0.0290534 -0.204912 -0.820944 -0.000104305 0.990167 0.139892 -0.217022 0.206962 -0.136842 0.968732 3.47451 0 0 0 1 
27844314100047;0.331521;0.32188;0.999739 0.0044253 0.0224038 -0.0111095 -0.00378909 0.999591 -0.0283608 -0.038861 -0.0225201 0.0282685 0.999347 -0.257439 0 0 0 1 
27844314100048;0.326512;0.248318;0.999716 -0.00462763 0.023383 0.0789904 0.00602912 0.998167 -0.0602259 -0.0101983 -0.0230614 0.0603497 0.997911 -0.0664551 0 0 0 1 
27844314100049;0.286094;0.158079;0.986961 0.00471864 -0.160888 -0.352009 0.000869107 0.999399 0.0346426 -0.00639683 0.160955 -0.0343307 0.986364 1.63169 0 0 0 1 
27844314100050;1.23172;0.864229;0.999755 0.0087353 -0.0203294 -0.241092 -0.0083401 0.999776 0.019444 0.254618 0.0204947 -0.0192697 0.999604 1.84516 0 0 0 1 
27844314100051;0.428034;0.173373;0.999732 -0.00272557 -0.0229984 -0.0515399 0.0023343 0.999852 -0.0170226 -0.0271547 0.0230414 0.0169643 0.999591 1.1099 0 0 0 1 
27844314100052;1.33827;0.86907;0.99952 -0.011138 -0.0289057 0.271512 0.0143782 0.993328 0.114427 -0.246136 0.0274384 -0.114788 0.993011 -1.05096 0 0 0 1 
27844314100053;1.32669;0.76137;0.970595 -0.00376471 0.240687 0.269506 -0.0327234 0.988532 0.147422 -0.386328 -0.238482 -0.150964 0.959342 -0.335759 0 0 0 1 
27844314100054;0.560805;0.213314;0.990613 -0.00237421 0.136677 0.0475933 -0.00462974 0.998693 0.050904 -0.222217 -0.136619 -0.051059 0.989307 -0.431691 0 0 0 1 
27844314100055;0.956315;0.839142;0.999146 -0.00298876 0.041222 0.0649319 0.00550376 0.998121 -0.0610331 0.193447 -0.0409622 0.0612078 0.997284 0.286493 0 0 0 1 
27844314100056;1.36899;1.03725;0.99816 -0.0143247 0.0589255 0.160719 0.0218823 0.991314 -0.129685 -0.243313 -0.056556 0.130736 0.989803 0.000279274 0 0 0 1 
27844314100057;0.0905846;0.0439165;0.990786 -0.002863 0.135407 -0.00486359 0.00384616 0.999968 -0.00699975 -0.0336759 -0.135383 0.00745605 0.990765 -1.65203 0 0 0 1 
27844314100058;0.707405;0.196254;0.999731 0.0196954 0.0122887 0.0564428 -0.0196804 0.999805 -0.00133832 -0.0174497 -0.0123126 0.00109611 0.999924 -1.48842 0 0 0 1 
27844314100059;0.65531;0.220819;0.892709 -0.0040066 0.450615 -1.08781 -0.05253 0.992218 0.112889 -0.744483 -0.447561 -0.124448 0.885552 -6.21314 0 0 0 1 
27844314100060;1.27536;0.40044;0.981495 0.0177711 0.19066 -0.146176 -0.00641561 0.998177 -0.0600117 -0.643108 -0.191378 0.0576781 0.97982 -4.87998 0 0 0 1 
27844314100062;0.6633;0.485737;0.999968 -0.0080334 0.000114957 -0.22584 0.00803245 0.999345 -0.035289 0.0121977 0.000168609 0.0352888 0.999377 0.507336 0 0 0 1 
27844314100063;1.6099;0.101522;0.994442 0.00822451 -0.104963 0.267947 -0.00945261 0.999893 -0.0112082 -0.0855436 0.104859 0.0121381 0.994413 -0.412936 0 0 0 1 
27844314100064;1.94982;1.77583;0.998624 0.00395742 0.052292 0.217456 -0.00153698 0.998929 -0.0462465 -0.000379132 -0.052419 0.0461025 0.99756 1.35246 0 0 0 1 
27844314100065;1.77485;0.754984;0.988609 0.0311642 0.147244 1.21386 -0.0867453 0.91747 0.388233 -3.19282 -0.122993 -0.396583 0.909722 -15.9349 0 0 0 1 
27844314100066;1.08018;0.522495;0.997343 0.0173612 0.0707558 0.875744 -0.0213125 0.998232 0.0554774 -0.263161 -0.0696676 -0.056838 0.99595 -3.92514 0 0 0 1 
27844314100067;1.0783;0.501854;0.999491 -0.00608574 0.0313285 -0.229268 0.00565877 0.99989 0.0136995 0.201585 -0.0314084 -0.0135153 0.999415 0.381052 0 0 0 1 
27844314100068;0.329721;0.28808;0.999872 0.0137472 0.0082191 0.464524 -0.0139553 0.999569 0.0258277 -0.0845708 -0.0078605 -0.0259391 0.999633 -1.05018 0 0 0 1 
27844314100069;0.992581;0.755677;0.917674 -0.0152791 0.39704 -0.605451 0.0443146 0.996962 -0.0640581 0.397521 -0.394855 0.0763791 0.915563 -4.01032 0 0 0 1 
27844314100070;1.68809;1.14278;0.99975 0.00560515 -0.0216578 -0.0682755 -0.00507395 0.999687 0.0245046 -0.0146314 0.0217884 -0.0243885 0.999465 1.26846 0 0 0 1 
27844314100071;2.20263;0.997316;0.986809 0.032543 -0.158582 0.766354 0.008637 0.967608 0.252311 -0.434579 0.161656 -0.250352 0.954563 -8.0926 0 0 0 1 
27844314100072;0.844195;0.206995;0.919109 -0.0254429 -0.393181 -3.3071 -0.0263662 0.991704 -0.125808 -1.1001 0.39312 0.125998 0.910814 9.95418 0 0 0 1 
27844314100073;1.02691;0.53359;0.999372 0.00968031 0.0340824 0.20292 -0.015158 0.986288 0.164334 0.12818 -0.0320242 -0.164747 0.985816 -4.3495 0 0 0 1 
27844314100074;0.384882;0.338325;0.998271 0.00481676 0.0585803 0.269985 -0.014532 0.985922 0.166574 -0.0873428 -0.0569533 -0.167137 0.984287 -6.10075 0 0 0 1 
27844314100075;1.31596;0.609054;0.997852 0.00364177 -0.0654095 0.17065 -0.00560203 0.99954 -0.0298108 -0.154583 0.0652708 0.0301132 0.997413 0.220165 0 0 0 1 
27844314100076;1.20785;1.17198;0.99991 -0.00349786 0.0129328 -0.0789936 0.00325732 0.999822 0.0185739 0.143925 -0.0129955 -0.0185301 0.999744 -0.741517 0 0 0 1 
27844314100077;1.66098;0.448829;0.998024 0.0224686 -0.0586777 0.839414 -0.0175591 0.996405 0.0828826 -0.310371 0.060329 -0.0816885 0.99483 -3.82753 0 0 0 1 
27844314100078;1.89852;1.63775;0.999993 -0.00106178 -0.00347112 0.0339644 0.00104566 0.999989 -0.00464269 0.158755 0.00347601 0.00463903 0.999983 -0.836686 0 0 0 1 
27844314100079;1.7021;1.52363;0.996525 0.00486626 0.0831538 0.375648 -0.0142304 0.993562 0.112394 -0.121511 -0.0820715 -0.113187 0.990178 -3.85048 0 0 0 1 
27844314100080;1.10438;0.475893;0.972158 -0.0110515 0.234065 -0.186027 -0.00727612 0.996982 0.0772933 -0.0081272 -0.234213 -0.0768444 0.969144 -6.90509 0 0 0 1 
27844314100081;0.430079;0.403573;0.999952 -0.00982994 0.000500061 -0.330655 0.00983472 0.999895 -0.0106666 0.144835 -0.000395156 0.010671 0.999943 0.333339 0 0 0 1 
27844314100082;1.95213;1.46302;0.999198 0.0211949 0.0339864 0.56364 -0.0317027 0.937082 0.347666 -0.962018 -0.0244793 -0.348464 0.937002 -9.66858 0 0 0 1 
27844314100083;0.583263;0.256672;0.965909 0.00222001 0.258873 0.252098 -0.0233019 0.99665 0.0783972 -0.111341 -0.257832 -0.0817568 0.962725 -6.70896 0 0 0 1 
27844314100084;0.503644;0.430263;0.990953 0.000202836 0.134211 0.221428 -0.0344646 0.96685 0.25301 -0.747381 -0.129711 -0.255346 0.958109 -9.98274 0 0 0 1 
27844314100085;0.720603;0.435738;0.997601 0.0288333 0.0629368 1.12327 -0.0431759 0.969792 0.240083 -0.961312 -0.0541132 -0.242225 0.96871 -8.86432 0 0 0 1 
27844314100086;1.70425;1.40907;0.995931 0.0466606 -0.0770979 1.16847 -0.0195484 0.947006 0.320619 -0.967786 0.0879725 -0.317808 0.944065 -9.56751 0 0 0 1 
27844314100087;1.08193;0.8544;0.978039 -0.0349645 -0.205469 -1.83295 0.00765906 0.991192 -0.132213 -0.479779 0.208282 0.127736 0.969692 5.88971 0 0 0 1 
27844314100088;1.41218;0.824342;0.998078 -0.0144764 0.0602617 -0.467106 0.0198257 0.995822 -0.0891382 -0.0510532 -0.0587195 0.0901616 0.994195 3.46305 0 0 0 1 
27844314100089;0.394008;0.329744;0.998564 0.00649066 -0.0531795 -0.043093 -0.00716625 0.999896 -0.0125231 -0.0756692 0.0530926 0.0128862 0.998506 1.07398 0 0 0 1 
27844314100090;1.35838;0.787725;0.990579 -0.0412384 -0.130585 -1.43657 0.00569853 0.965168 -0.261569 -1.50395 0.136824 0.258361 0.95631 8.31497 0 0 0 1 
27844314100091;1.04859;1.03663;0.999414 -0.000514988 -0.0342392 -0.184962 0.00301542 0.997326 0.0730168 0.225458 0.0341101 -0.0730773 0.996743 -1.87346 0 0 0 1 
27844314100093;0.967031;0.501214;0.994879 -0.0436152 -0.0911796 -4.46016 0.0309784 0.990269 -0.135677 -0.263605 0.0962099 0.132158 0.986548 17.0593 0 0 0 1 
27844314100094;1.92323;0.228918;0.972195 0.0565455 -0.227242 3.36407 -0.0101738 0.979691 0.200254 -0.84568 0.23395 -0.192374 0.953026 -8.39231 0 0 0 1 
27844314100095;0.873202;0.461268;0.992344 -0.00994212 0.1231 -0.3729 -0.0317651 0.942673 0.332202 -5.25521 -0.119346 -0.333569 0.935141 -36.036 0 0 0 1 
27844314100096;0.430323;0.418119;0.990192 0.0177396 -0.13858 0.915886 -0.016681 0.999822 0.0087963 -0.588766 0.138712 -0.00639837 0.990312 4.14599 0 0 0 1 
27844314100097;1.73872;1.04699;0.999853 -0.0169302 0.00270089 -1.29746 0.0168949 0.999778 0.0125912 0.810768 -0.00291346 -0.0125437 0.999917 0.0606988 0 0 0 1 
27844314100098;0.721991;0.417581;0.999922 0.00991285 0.00762955 1.11813 -0.0109317 0.988962 0.147762 -1.0113 -0.00608059 -0.147834 0.988993 -13.7873 0 0 0 1 
27844314100099;0.836004;0.743682;0.999324 -0.0128123 -0.0344571 -1.46401 0.0148151 0.998177 0.0585112 0.582374 0.0336446 -0.0589821 0.997692 -4.73867 0 0 0 1 
27844314100100;2.4061;0.286041;0.999686 -0.0227112 -0.0105485 -1.95858 0.0247325 0.961441 0.273896 -0.736506 0.00392121 -0.274071 0.961702 -23.77 0 0 0 1 
27844314100101;0.366989;0.322008;0.999833 0.00809186 -0.0164082 0.910393 -0.000841596 0.916262 0.40058 -6.74695 0.0182757 -0.400499 0.916115 -38.4911 0 0 0 1 
27844314100102;1.52564;1.27991;0.975478 -0.0281732 0.218286 -2.67723 0.0801516 0.969144 -0.233099 -1.52211 -0.204984 0.244879 0.947637 16.6109 0 0 0 1 
27844314100103;2.09748;0.313272;0.999936 -0.00291452 -0.0109424 0.272544 0.00298661 0.999974 0.00657801 -0.0443866 0.0109229 -0.00661026 0.999918 -2.63404 0 0 0 1 
27844314100104;0.507469;0.325882;0.998535 0.0536513 -0.00701892 5.35088 -0.0535562 0.998479 0.0131118 -1.93864 0.00771171 -0.0127167 0.999889 -1.51717 0 0 0 1 
27844314100105;1.7041;1.9692;0.999351 -0.0208267 0.0293932 -1.55349 0.0253347 0.986391 -0.16245 -1.06237 -0.0256099 0.163089 0.986279 14.7014 0 0 0 1 
27844314100106;0.621555;0.291005;0.975462 0.0303888 -0.218059 1.8084 -0.00935518 0.995255 0.09685 -0.579635 0.219967 -0.0924336 0.971118 -1.67673 0 0 0 1 
27844314100107;0.153647;0.275014;0.99697 -0.0772126 -0.00941728 -7.53966 0.0772239 0.997013 0.00084933 2.6798 0.00932357 -0.001574 0.999955 0.160937 0 0 0 1 
27844314100108;1.53872;0.868655;0.9995 -0.0168247 -0.0267754 -1.33668 0.0131529 0.991184 -0.131839 -0.806571 0.0287575 0.131421 0.990909 15.0087 0 0 0 1 
27844314100109;1.60611;0.829663;0.999475 3.97459e-05 -0.0324049 -0.263147 0.00217779 0.997656 0.0683938 -0.118161 0.0323317 -0.0684285 0.997132 -6.98382 0 0 0 1 
27844314100110;2.36031;0.822662;0.999538 0.0302118 -0.00345097 3.96532 -0.0304013 0.995279 -0.0921671 -2.63891 0.000650146 0.0922294 0.995738 10.9974 0 0 0 1 
27844314100111;0.227132;0.208962;0.968341 0.0540879 -0.243702 3.41547 -0.00628183 0.981215 0.192813 -1.20421 0.249553 -0.185178 0.950491 -9.33789 0 0 0 1 
27844314100112;2.20462;2.0037;0.998869 -0.0454501 -0.0139399 -4.37232 0.039327 0.954734 -0.294851 -3.9814 0.0267099 0.29397 0.955442 28.2255 0 0 0 1 
27844314100113;2.4063;0.278509;0.993852 -0.0733802 0.0829049 -6.69651 0.0856329 0.984117 -0.155501 0.593234 -0.0701774 0.161644 0.984351 16.102 0 0 0 1 
27844314100114;0.335195;0.30128;0.981216 -0.0260827 0.191142 -2.29755 0.0433232 0.995302 -0.0865811 0.875007 -0.187986 0.0932356 0.977736 2.17911 0 0 0 1 
27844314100115;1.83608;1.49101;0.999856 -0.01693 0.00140094 -1.29639 0.0169003 0.999676 0.0190561 0.804652 -0.00172311 -0.0190296 0.999817 -1.57085 0 0 0 1 
27844314100116;1.89876;1.52821;0.977527 -0.013646 0.210369 -1.00807 -0.00475873 0.99622 0.0867344 0.0353082 -0.210757 -0.0857863 0.973767 -14.4083 0 0 0 1 
27844314100117;2.29451;0.684948;0.991779 0.036363 -0.122689 2.87855 -0.00357517 0.966275 0.257488 -2.04705 0.127914 -0.254932 0.958461 -17.8082 0 0 0 1 
27844314100118;2.1601;2.29629;0.999829 -0.00944565 0.0159017 -0.634571 0.0097656 0.999749 -0.0201648 0.212921 -0.0157072 0.0203166 0.99967 1.77443 0 0 0 1 
27844314100119;1.47956;0.558376;0.999405 0.0344917 0.000893923 4.31563 -0.0344953 0.998281 0.0473911 -1.54982 0.000742217 -0.0473938 0.998876 -5.76582 0 0 0 1 
27844314100120;0.852594;0.404441;0.97842 -0.0586574 -0.198123 -7.27592 0.0161535 0.977638 -0.209672 -2.50509 0.205992 0.201947 0.957489 27.531 0 0 0 1 
27844314100121;1.87824;0.634837;0.998085 -0.000985179 0.0618527 0.492367 -0.000439315 0.999735 0.0230126 -0.134364 -0.061859 -0.0229957 0.99782 -6.49082 0 0 0 1 
27844314100122;1.73464;0.230704;0.969123 -0.0213992 -0.245647 -2.2625 0.0191207 0.999749 -0.0116572 1.75329 0.245835 0.00660031 0.969289 8.35889 0 0 0 1 
27844314100124;0.405551;0.175758;0.997547 -0.0524766 -0.0463364 -4.56225 0.0571729 0.992652 0.106649 1.82708 0.0403993 -0.109036 0.993216 -7.87772 0 0 0 1 
27844314100125;0.438401;0.165813;0.907177 -0.0952073 0.409837 -10.7231 0.142644 0.98597 -0.0866974 3.28657 -0.395832 0.137111 0.908029 -1.99982 0 0 0 1 
27844314100126;1.24567;0.498229;0.997753 -0.0274809 -0.0611046 -3.81223 0.0223305 0.996264 -0.0834278 -0.630824 0.063169 0.0818759 0.994639 8.72422 0 0 0 1 
27844314100127;1.48846;1.13729;0.998609 0.0483093 -0.0211341 2.34293 -0.0467779 0.996603 0.0677742 -2.75153 0.0243364 -0.0666913 0.997477 -2.73686 0 0 0 1 
27844314100128;1.19785;0.159546;0.996745 -0.0164706 -0.0789188 -2.04396 0.0120167 0.998326 -0.0565818 0.32383 0.0797186 0.0554493 0.995274 5.77788 0 0 0 1 
27844314100129;1.23822;0.173714;0.989146 0.146522 0.011064 10.7023 -0.145422 0.986946 -0.0692145 -7.15186 -0.021061 0.0668542 0.99754 6.39438 0 0 0 1 
27844314100130;0.532996;0.188154;0.982111 0.0105395 -0.188008 -0.273442 -0.0501559 0.977005 -0.207234 -4.04753 0.181501 0.212956 0.960056 24.6098 0 0 0 1 
27844314100131;0.768744;0.412772;0.994996 0.0904379 -0.0424702 7.25135 -0.079588 0.974389 0.210312 -4.5751 0.0604027 -0.205879 0.976711 -15.0382 0 0 0 1 
27844314100132;0.304449;0.169409;0.990124 0.0522627 -0.130091 3.47464 -0.0272508 0.981965 0.187088 -2.07789 0.137522 -0.181695 0.973691 -11.5837 0 0 0 1 
27844314100133;0.242712;0.164922;0.971562 -0.100314 -0.214488 -10.8892 0.024893 0.944079 -0.328779 -5.42097 0.235475 0.31409 0.919728 35.914 0 0 0 1 
27844314100134;1.30166;0.174486;0.971163 0.040411 0.234967 3.05599 -0.0371788 0.999143 -0.0181715 -1.19888 -0.2355 0.00891167 0.971833 -9.44946 0 0 0 1 
27844314100135;0.261851;0.169184;0.99324 -0.101075 0.0570891 -8.92394 0.0989263 0.994319 0.0392919 3.27041 -0.0607362 -0.0333786 0.997596 -4.84777 0 0 0 1 
27844314100136;1.42144;0.177544;0.990516 0.137167 0.00802317 11.5794 -0.135733 0.985891 -0.0979576 -8.03844 -0.0213465 0.0959395 0.995158 9.54155 0 0 0 1 
27844314100137;1.20547;0.486645;0.997652 -0.0459906 0.0507422 -4.59025 0.060753 0.93633 -0.345826 -5.51772 -0.0316066 0.348097 0.936926 31.0882 0 0 0 1 
27844314100138;0.244336;0.155797;0.993864 0.0285575 -0.106856 1.80516 -0.0478774 0.98197 -0.182872 -3.96144 0.0997075 0.186866 0.977312 19.7267 0 0 0 1 
27844314100139;1.59431;0.162484;0.998996 -0.0447965 -0.000415771 -3.10137 0.0447984 0.998954 0.00915048 -0.719734 5.42647e-06 -0.00915992 0.999958 -1.8221 0 0 0 1 
27844314100140;0.22734;0.184107;0.995703 -0.0914377 0.0146803 -8.3278 0.0916886 0.995635 -0.0174427 2.92679 -0.0130213 0.0187138 0.99974 1.34319 0 0 0 1 
27844314100141;0.358346;0.18366;0.953823 -0.211203 -0.213575 -21.2168 0.16817 0.964652 -0.202892 2.13693 0.248877 0.157606 0.955626 22.3067 0 0 0 1 
27844314100142;0.117962;0.178734;0.994263 0.105305 0.0187371 9.02765 -0.104179 0.993126 -0.0533602 -4.53683 -0.0242274 0.0511021 0.9984 3.82745 0 0 0 1 
27844314100143;1.8568;1.74785;0.999825 0.014383 0.0119756 1.28901 -0.0129428 0.993545 -0.112699 -2.17051 -0.0135193 0.112525 0.993557 9.60039 0 0 0 1 
27844314100144;0.573265;0.189574;0.987483 0.000871597 -0.15772 -1.62871 0.00237553 0.999789 0.0203982 0.670535 0.157705 -0.0205176 0.987273 3.65982 0 0 0 1 
27844314100145;0.564902;0.578542;0.993346 -0.0557027 -0.100804 -5.79961 0.0419717 0.990154 -0.133545 -0.0329358 0.10725 0.128425 0.985903 15.2837 0 0 0 1 
27844314100146;0.457208;0.151342;0.999648 0.0177184 0.0197546 1.36021 -0.0183553 0.999302 0.0325397 -0.646453 -0.0191642 -0.0328909 0.999275 -2.61918 0 0 0 1 
27844314100147;0.839697;0.174884;0.994662 -0.0408522 -0.0947521 -5.20828 0.0512131 0.992652 0.109631 1.61701 0.0895773 -0.113898 0.989446 -7.99634 0 0 0 1 
27844314100148;1.27087;0.177314;0.999333 0.0025799 0.036425 -1.34877 0.00349081 0.986183 -0.165621 -3.24558 -0.036349 0.165637 0.985517 13.4945 0 0 0 1 
27844314100149;0.814525;0.218002;0.993479 0.00513035 0.113896 -0.226395 0.0527969 0.864714 -0.499482 -11.3093 -0.10105 0.502239 0.858805 41.1549 0 0 0 1 
27844314100150;1.30625;0.966616;0.997072 -0.00918016 0.0759126 -1.23004 0.0318225 0.952529 -0.302782 -4.39558 -0.0695293 0.304311 0.950032 23.5827 0 0 0 1 
27844314100151;1.21483;0.919869;0.987655 -0.0619783 0.143864 -5.56081 0.0643667 0.997854 -0.0120031 2.1286 -0.142812 0.021115 0.989525 -1.76542 0 0 0 1 
27844314100152;0.850848;1.08512;0.979713 -0.0103018 0.20014 -1.82947 0.0624372 0.964662 -0.255985 -2.20509 -0.19043 0.263288 0.945735 16.2924 0 0 0 1 
27844314100153;1.33869;0.169989;0.985126 0.148777 0.0859758 10.8712 -0.1506 0.98848 0.0150846 -7.31326 -0.0827411 -0.0278082 0.996183 -5.81375 0 0 0 1 
27844314100155;1.31103;1.2203;0.997565 -0.0483129 -0.0502924 -2.43508 0.0376026 0.979974 -0.195543 -0.873455 0.0587325 0.193176 0.979405 10.3267 0 0 0 1 
27844314100156;0.173499;0.197521;0.999641 -0.0130578 -0.0233865 -0.929417 0.0135024 0.999729 0.0189528 0.549757 0.0231327 -0.0192618 0.999547 -0.485672 0 0 0 1 
27844314100157;1.77732;1.01738;0.99453 0.0273106 -0.100814 0.563121 -0.0170427 0.994706 0.10134 -0.00331034 0.103048 -0.0990676 0.989731 -3.66967 0 0 0 1 
27844314100158;2.31932;0.231672;0.975384 0.0837336 -0.203997 1.46921 0.0187637 0.89023 0.455124 -0.892371 0.219713 -0.447749 0.866745 -14.8349 0 0 0 1 
27844314100159;1.17995;0.215196;0.995168 0.0762891 -0.0618165 3.09618 -0.0715346 0.994555 0.0757842 -1.53143 0.0672614 -0.070996 0.995206 -3.0898 0 0 0 1 
27844314100160;1.94121;0.709846;0.981726 -0.0300437 -0.187915 -2.78935 0.0351216 0.999101 0.0237503 1.33838 0.187033 -0.0299161 0.981898 4.68143 0 0 0 1 
27844314100161;0.541664;0.514133;0.992068 0.0162645 -0.124646 -0.203679 -0.0304715 0.993135 -0.112936 -1.30753 0.121953 0.115838 0.985753 8.52607 0 0 0 1 
27844314100162;1.51732;1.29284;0.999098 -0.022566 -0.0359581 -1.46524 0.0226059 0.999744 0.00070451 0.71671 0.035933 -0.00151674 0.999353 1.39073 0 0 0 1 
27844314100163;1.36524;1.12008;0.998182 -0.0465106 -0.0383444 -2.50524 0.0444548 0.997614 -0.0528279 0.654925 0.04071 0.0510273 0.997867 2.727 0 0 0 1 
27844314100164;0.587208;0.296985;0.999655 -0.0245703 -0.00929219 -1.3503 0.025042 0.998193 0.0546182 0.945708 0.00793342 -0.054832 0.998464 -1.83334 0 0 0 1 
27844314100165;1.53313;0.306703;0.999477 0.0321252 -0.00379177 1.89383 -0.0320295 0.999221 0.0230432 -1.5504 0.00452909 -0.0229097 0.999727 0.11351 0 0 0 1 
27844314100166;0.330265;0.34739;0.997361 -0.0439813 -0.0577559 -2.46461 0.0379042 0.994021 -0.102398 0.216731 0.0619142 0.0999387 0.993065 6.19387 0 0 0 1 
27844314100167;0.903395;0.468864;0.997669 -0.0398056 0.0554237 -1.68144 0.0494861 0.9813 -0.186013 -0.703624 -0.046983 0.188322 0.980983 6.85654 0 0 0 1 
27844314100168;2.432;0.298746;0.995126 -0.0387535 0.0906727 -1.61029 0.0366837 0.999029 0.0243834 0.325663 -0.0915297 -0.0209383 0.995582 -0.469447 0 0 0 1 
27844314100169;1.16953;0.98818;0.938255 0.0278376 0.344822 1.37829 0.0820148 0.950442 -0.29989 -1.88905 -0.336082 0.309654 0.889474 6.58321 0 0 0 1 
27844314100170;0.524881;0.265644;0.981526 -0.0499091 -0.184705 -3.38978 0.0717583 0.990936 0.113564 1.42027 0.177363 -0.12472 0.976211 -1.8547 0 0 0 1 
27844314100171;2.35705;0.387191;0.964495 0.0300465 0.262385 1.4305 0.00460438 0.991443 -0.130459 -0.351164 -0.264059 0.127035 0.956104 -2.54443 0 0 0 1 
27844314100172;0.422262;0.207111;0.997239 0.0192116 -0.0717249 0.190048 -0.0147032 0.997914 0.0628644 0.414867 0.072783 -0.0616363 0.995441 -1.27957 0 0 0 1 
27844314100173;0.404553;0.252468;0.997465 -0.02278 -0.067418 -1.38967 0.0303214 0.993127 0.113043 0.701251 0.0643795 -0.1148 0.9913 -3.77333 0 0 0 1 
27844314100174;0.99992;0.762486;0.999447 0.0277958 -0.0182369 1.03069 -0.0268712 0.998431 0.0491223 -0.484175 0.0195737 -0.0486051 0.998626 -2.28765 0 0 0 1 
27844314100175;0.837078;0.299774;0.999266 0.0363036 -0.0122464 1.27435 -0.035982 0.999026 0.025531 0.274406 0.0131613 -0.0250716 0.999599 -1.15249 0 0 0 1 
27844314100176;0.793248;0.49458;0.997874 -0.00521851 -0.0649602 -0.718653 -0.0160336 0.946491 -0.322332 -4.10497 0.0631663 0.322689 0.944395 16.9133 0 0 0 1 
27844314100177;2.13358;0.230969;0.999937 -0.00522266 -0.00997352 -0.282927 0.00537269 0.999872 0.0150754 0.492015 0.00989351 -0.0151281 0.999837 -2.83622 0 0 0 1 
27844314100178;1.06641;1.10562;0.9982 -0.0154895 -0.0579307 -1.06768 0.0149936 0.999847 -0.00898535 0.171216 0.058061 0.00810059 0.99828 1.55711 0 0 0 1 
27844314100179;2.46162;0.740997;0.965182 -0.0279093 -0.260087 -2.89515 -0.0112875 0.988922 -0.148007 -0.721892 0.261336 0.145789 0.954174 10.1667 0 0 0 1 
27844314100180;2.13141;1.59717;0.965463 0.0424152 0.257065 1.86977 -0.0986325 0.972727 0.209938 -2.8837 -0.241149 -0.228042 0.943315 -16.8137 0 0 0 1 
27844314100181;0.683715;0.421436;0.999569 0.0252635 0.0149529 1.10915 -0.0259721 0.998448 0.0492619 -0.197306 -0.0136852 -0.0496291 0.998674 -1.97367 0 0 0 1 
27844314100182;1.078;0.314195;0.984346 -0.0338261 0.172972 -1.21984 0.0240246 0.998001 0.0584487 0.575194 -0.174603 -0.0533781 0.983191 -5.35612 0 0 0 1 
27844314100183;1.04239;0.512131;0.909223 -0.0543429 0.412747 -2.91084 -0.0408118 0.975033 0.218277 -0.85632 -0.414304 -0.215307 0.884305 -18.8538 0 0 0 1 
27844314100184;1.3844;0.24733;0.983881 -0.033162 0.175724 -1.02373 0.0161642 0.995125 0.0972929 -0.717192 -0.178094 -0.0928842 0.97962 -8.63278 0 0 0 1 
27844314100186;0.793481;0.139827;0.972548 0.10654 -0.206881 5.42116 -0.0543787 0.968473 0.243112 -2.52654 0.226259 -0.225188 0.94768 -7.44146 0 0 0 1 
27844314100187;1.90684;0.9652;0.999919 0.0108105 0.00674395 0.867488 -0.0107717 0.999925 -0.00576022 -0.311381 -0.00680572 0.00568711 0.999961 1.51657 0 0 0 1 
27844314100188;0.899725;0.447493;0.912076 0.00647143 0.40997 -0.417088 -0.027823 0.998548 0.0461367 -0.913214 -0.409076 -0.0534868 0.910932 -18.5904 0 0 0 1 
27844314100189;2.92803;2.80449;0.996436 -0.0217478 -0.0815021 -1.99105 0.012926 0.994149 -0.107245 -0.705685 0.0833576 0.105809 0.990886 10.196 0 0 0 1 
27844314100190;2.25734;1.70754;0.998781 0.0332266 -0.0365114 2.2706 -0.0384486 0.987453 -0.15316 -3.10965 0.0309643 0.154377 0.987527 12.3295 0 0 0 1 
27844314100191;2.96618;1.26432;0.989286 -0.00961526 0.145673 -0.100758 0.0644236 0.92417 -0.376508 -5.56606 -0.131007 0.381859 0.914888 23.4184 0 0 0 1 
27844314100192;2.51273;1.86952;0.930911 -0.0101707 -0.365104 -4.30215 -0.0234528 0.995885 -0.0875404 -1.91335 0.364492 0.090055 0.926842 18.0051 0 0 0 1 
27844314100193;1.47826;0.987257;0.995017 0.0240872 -0.0967475 1.06164 -0.0180656 0.997873 0.0626417 -0.450587 0.0980505 -0.0605818 0.993336 -0.072006 0 0 0 1 
27844314100194;2.31253;1.47258;0.969096 0.0363426 -0.243993 -0.102557 -0.0281999 0.998925 0.0367844 -0.704606 0.245068 -0.028767 0.969079 7.45605 0 0 0 1 
27844314100195;2.39108;0.484545;0.991244 -0.069189 -0.112461 -4.84117 0.0334783 0.955582 -0.292818 -3.22525 0.127725 0.286489 0.949532 21.5022 0 0 0 1 
27844314100196;0.463067;0.458081;0.995989 0.0166781 0.0879078 1.68956 -0.0229694 0.997208 0.0710484 -0.83549 -0.0864775 -0.0727826 0.993592 -8.10959 0 0 0 1 
27844314100197;2.03095;1.94261;0.995561 -0.0213856 -0.0916585 -1.88418 0.0104823 0.992979 -0.117825 -0.739421 0.0935347 0.116341 0.988795 10.0563 0 0 0 1 
27844314100198;1.85236;1.074;0.986854 -0.0148475 -0.160928 -1.74287 0.0232256 0.998464 0.0503057 0.421188 0.159934 -0.053382 0.985683 2.65941 0 0 0 1 
27844314100199;0.504668;0.311803;0.99894 -0.0116501 -0.044538 -0.850878 0.0172436 0.991708 0.127348 0.519446 0.0426851 -0.127981 0.990858 -7.8835 0 0 0 1 
27844314100200;2.93423;1.14181;0.999599 -0.026644 0.00961021 -1.46036 0.0274037 0.99554 -0.0902776 0.267297 -0.00716199 0.0905047 0.99587 3.19865 0 0 0 1 
27844314100201;1.21539;0.46911;0.988677 0.0176968 0.14901 1.63162 -0.0456417 0.981437 0.186273 -2.30323 -0.142948 -0.190965 0.971132 -18.8826 0 0 0 1 
27844314100202;1.66781;0.445237;0.947671 0.0810163 -0.308799 1.96242 -0.0426812 0.990733 0.128944 -1.20817 0.316384 -0.109016 0.942346 4.18732 0 0 0 1 
27844314100203;0.429271;0.554757;0.930168 -0.0265278 0.366175 -2.01743 -0.0607389 0.972523 0.224745 -2.89463 -0.362076 -0.231292 0.902998 -28.5833 0 0 0 1 
27844314100204;0.64969;0.770276;0.922451 0.0419331 -0.383829 -1.32388 0.0363564 0.980236 0.194465 0.66637 0.384398 -0.193339 0.902695 -1.16209 0 0 0 1 
27844314100205;2.89316;2.4015;0.996024 -0.00863818 -0.0886707 -0.761656 0.00608341 0.99956 -0.0290418 -0.225911 0.0888825 0.0283869 0.995638 3.56678 0 0 0 1 
27844314100206;1.28236;0.786251;0.997967 -0.0153668 0.0618456 -0.372898 0.0264492 0.982833 -0.182591 -1.61949 -0.0579781 0.183855 0.981242 10.2963 0 0 0 1 
27844314100207;1.92404;0.786726;0.977287 0.0754494 -0.198035 3.34792 -0.0543878 0.992473 0.109723 -1.7102 0.204823 -0.0964602 0.974034 1.72168 0 0 0 1 
27844314100208;1.88311;0.339709;0.918261 0.00940339 0.395864 -0.25272 0.0519037 0.988234 -0.143872 0.376544 -0.392559 0.152659 0.906969 -5.10367 0 0 0 1 
27844314100209;2.33052;0.302477;0.999431 0.0285807 0.0179184 2.50705 -0.0291479 0.999055 0.0322357 -0.942659 -0.0169802 -0.0327396 0.99932 -5.06233 0 0 0 1 
27844314100210;0.530209;0.526836;0.995558 -0.00781598 0.0938267 0.0769383 0.0165763 0.995532 -0.0929546 -0.28946 -0.092681 0.094097 0.99124 2.88327 0 0 0 1 
27844314100211;2.44996;1.0882;0.998077 0.00747994 -0.0615379 0.171246 -0.0079128 0.999946 -0.0067934 -0.217521 0.0614837 0.00726727 0.998082 4.52315 0 0 0 1 
27844314100212;2.84301;0.706346;0.997528 0.0356489 -0.0605535 2.75668 -0.0389482 0.99777 -0.0542081 -1.03805 0.058486 0.0564326 0.996692 3.13602 0 0 0 1 
27844314100213;1.50297;0.919894;0.998873 -0.014998 0.0450246 -0.391994 0.0221528 0.986396 -0.162886 -1.31833 -0.0419691 0.1637 0.985617 9.86604 0 0 0 1 
27844314100214;0.564234;0.324281;0.987626 -0.0934588 0.125936 -6.00716 0.0936868 0.995593 0.00412452 2.71234 -0.125767 0.00772509 0.99203 -3.3541 0 0 0 1 
27844314100215;0.386204;0.432093;0.994397 0.00332763 -0.105655 -0.312183 -0.00892224 0.99858 -0.0525233 -0.720696 0.10533 0.0531717 0.993015 6.89689 0 0 0 1 
27844314100217;0.459527;0.805224;0.995779 0.0211175 -0.0893172 0.332485 -0.0227173 0.999599 -0.0169328 -1.03239 0.0889238 0.0188904 0.995859 2.8844 0 0 0 1 
27844314100218;2.20727;0.194573;0.998912 0.0414484 -0.0213699 0.672484 -0.0415671 0.999123 -0.00513695 -1.60518 0.0211382 0.00601964 0.999758 3.42801 0 0 0 1 
27844314100219;2.19715;0.4178;0.999004 -0.0397706 -0.0202468 -0.903561 0.0390152 0.998574 -0.0364293 1.0509 0.0216667 0.035603 0.999131 3.98904 0 0 0 1 
27844314100220;1.31114;0.110129;0.997692 -0.0179806 -0.0654763 0.572864 0.0163485 0.999544 -0.0253771 -0.552762 0.0659028 0.0242481 0.997531 2.31217 0 0 0 1 
27844314100221;1.65894;1.73872;0.999724 0.0126578 0.0198038 0.477396 -0.0132083 0.999523 0.0279176 -0.242675 -0.0194409 -0.0281714 0.999414 -0.60084 0 0 0 1 
27844314100222;1.73745;0.0510173;0.949726 0.265129 -0.166517 3.92984 -0.24425 0.960169 0.135708 -9.18811 0.195865 -0.0882139 0.976655 5.04533 0 0 0 1 
27844314100223;2.40198;1.55171;0.998719 -0.0109447 -0.049401 0.0543948 0.0107797 0.999935 -0.0036054 0.632189 0.0494372 0.00306826 0.998773 3.08856 0 0 0 1 
27844314100224;0.843273;0.927063;0.998442 0.0483933 -0.0277817 0.976586 -0.0460831 0.995848 0.0785069 -1.21284 0.0314656 -0.0771044 0.996526 -0.192927 0 0 0 1 
27844314100225;1.09219;1.36263;0.999908 0.00153461 0.0134426 0.518141 -0.000662103 0.997906 -0.0646715 0.0348523 -0.0135137 0.0646567 0.997816 0.849566 0 0 0 1 
27844314100226;2.28577;0.0973698;0.928794 0.256447 -0.267539 1.76103 -0.18511 0.946435 0.264567 -6.66078 0.321056 -0.196204 0.926513 8.39813 0 0 0 1 
27844314100227;0.739768;0.955426;0.990547 0.0325009 -0.133271 0.405518 -0.0285973 0.999107 0.0311016 -0.764238 0.134163 -0.0269964 0.990592 3.80654 0 0 0 1 
27844314100228;0.965544;0.064315;0.990015 0.0867802 -0.111081 1.32018 -0.0827584 0.995753 0.0403278 -2.98555 0.114109 -0.0307323 0.992993 3.84271 0 0 0 1 
27844314100229;0.882458;0.730035;0.964023 0.0177099 0.265227 0.703795 0.0279949 0.985465 -0.167555 -0.15988 -0.26434 0.168952 0.949515 -5.96174 0 0 0 1 
27844314100230;0.333053;0.0969733;0.952152 0.154369 -0.263775 0.207326 -0.0630401 0.943704 0.324728 -1.59977 0.299054 -0.292562 0.908281 3.08596 0 0 0 1 
27844314100231;2.08116;0.0956037;0.995166 -0.0445698 0.0875054 -0.347102 0.0464228 0.998736 -0.0192553 1.00759 -0.0865366 0.0232245 0.995978 0.276199 0 0 0 1 
27844314100232;2.3687;2.04028;0.999657 0.00529549 -0.0256512 0.0383715 -0.00608248 0.99951 -0.0307003 0.161957 0.025476 0.0308458 0.999199 0.196776 0 0 0 1 
27844314100233;0.91161;0.64893;0.999469 0.0245637 -0.0214147 0.934156 -0.0241613 0.99953 0.0188478 -0.876342 0.0218676 -0.0183203 0.999593 -0.636949 0 0 0 1 
27844314100234;2.15311;0.928245;0.997538 -0.00123828 0.0701107 1.24168 0.000768741 0.999977 0.00672366 0.393988 -0.0701174 -0.00665322 0.997517 -4.88814 0 0 0 1 
27844314100235;1.5865;1.35215;0.940658 -0.00789508 -0.339265 -3.69103 -0.00851158 0.998866 -0.0468443 -0.52799 0.33925 0.0469521 0.939524 10.7338 0 0 0 1 
27844314100236;0.801975;0.775118;0.999942 -0.000665457 -0.0107665 0.634965 -0.000123092 0.997326 -0.0730748 -0.197354 0.0107864 0.0730719 0.997268 1.62215 0 0 0 1 
27844314100237;0.36254;0.0993197;0.988807 0.13442 -0.0647437 1.64005 -0.131273 0.990052 0.0506393 -3.93272 0.0709065 -0.0415734 0.996616 1.55239 0 0 0 1 
27844314100238;0.509991;0.444317;0.995779 -0.0169243 -0.0902136 -0.187262 -0.0172432 0.930862 -0.364963 -3.50839 0.0901532 0.364978 0.926641 8.88205 0 0 0 1 
27844314100239;2.45541;1.49398;0.999429 0.0143257 -0.0305873 0.0208011 -0.0135478 0.999583 0.0254883 -0.337575 0.0309397 -0.0250594 0.999207 2.92095 0 0 0 1 
27844314100240;0.531694;0.179377;0.996287 -0.0819482 0.0263782 -1.64082 0.0813686 0.996434 0.022345 2.32294 -0.0281152 -0.0201157 0.999402 -0.721942 0 0 0 1 
27844314100241;1.90316;0.334821;0.996058 -0.0806471 0.0369408 0.248684 0.0777967 0.994293 0.0730031 3.11227 -0.0426174 -0.0698414 0.996647 -3.82846 0 0 0 1 
27844314100242;0.857743;0.198375;0.987489 0.0330984 0.154175 1.25813 -0.037297 0.999006 0.0244196 -0.741414 -0.153214 -0.0298644 0.987742 -4.50767 0 0 0 1 
27844314100243;1.52979;1.75118;0.989925 -0.00634474 -0.14145 -0.678337 -0.000256388 0.998914 -0.0466005 -0.061753 0.141592 0.0461673 0.988848 4.75417 0 0 0 1 
27844314100244;1.45043;0.894792;0.987256 0.0820345 -0.13637 0.494234 -0.0355904 0.949011 0.313227 -0.550477 0.155113 -0.304381 0.939836 0.132368 0 0 0 1 
27844314100245;0.353496;0.539137;0.997628 0.048955 0.0483908 1.47674 -0.057926 0.976841 0.205974 -1.20578 -0.0371866 -0.208289 0.97736 -4.96082 0 0 0 1 
27844314100246;0.304746;0.156675;0.994521 0.0995848 0.0318095 1.8143 -0.091601 0.976732 -0.19392 -4.43231 -0.0503808 0.189943 0.980502 1.8757 0 0 0 1 
27844314100248;1.91005;1.69276;0.999941 -0.0076114 0.00772704 -0.483413 0.00733574 0.999357 0.0350976 0.424764 -0.00798921 -0.0350388 0.999354 -2.41669 0 0 0 1 
27844314100249;1.74539;0.92066;0.920112 0.0157714 0.391338 1.36066 0.0158461 0.996872 -0.0774325 0.154159 -0.391335 0.0774478 0.916984 4.28942 0 0 0 1 
27844314100250;2.4193;1.9705;0.888757 0.0314686 -0.457298 0.944224 -0.0277819 0.999505 0.014786 -0.390177 0.457536 -0.000436501 0.889191 0.501866 0 0 0 1 
27844314100251;0.382775;0.22079;0.99807 0.0268371 0.0560069 1.64554 -0.0350192 0.987967 0.150651 -0.448889 -0.0512899 -0.152321 0.986999 -8.42591 0 0 0 1 
27844314100252;0.517763;0.611919;0.995353 -0.0125085 -0.095481 -0.644502 -0.0118706 0.968028 -0.250563 -2.33507 0.0955624 0.250532 0.96338 13.0339 0 0 0 1 
27844314100253;0.421961;0.338208;0.995575 0.0099227 0.0934402 0.82096 -0.00334354 0.99752 -0.0703053 -0.509511 -0.0939061 0.0696819 0.99314 3.39693 0 0 0 1 
27844314100254;1.06506;0.255358;0.998478 0.0475828 -0.0278965 2.61986 -0.0398972 0.972278 0.230397 -1.23034 0.0380861 -0.228933 0.972697 -13.0335 0 0 0 1 
27844314100255;0.41574;0.316528;0.94486 0.00309207 -0.32746 -0.580804 -0.0162328 0.999168 -0.0374036 -0.376079 0.327072 0.0406568 0.944124 2.91482 0 0 0 1 
27844314100256;0.221269;0.105784;0.999738 0.00399773 -0.0225273 0.141124 -0.00278538 0.998559 0.0535933 0.121276 0.0227091 -0.0535165 0.998309 -3.06371 0 0 0 1 
27844314100257;0.472366;0.24397;0.996197 0.0516081 0.0702017 3.02506 -0.0755573 0.912928 0.401065 -3.91985 -0.0433909 -0.404844 0.913356 -21.5446 0 0 0 1 
27844314100258;0.965959;0.635107;0.961433 0.011535 -0.274796 -0.35425 5.86821e-06 0.999119 0.0419603 0.115064 0.275038 -0.0403437 0.960587 -1.17623 0 0 0 1 
27844314100259;0.701583;0.656654;0.999662 0.0214651 -0.0146372 1.35983 -0.0216374 0.999697 -0.0117197 -0.188156 0.0143812 0.0120325 0.999824 0.173443 0 0 0 1 
27844314100260;1.49458;1.05909;0.991351 0.0233817 -0.12914 0.697253 0.0146572 0.95812 0.285991 -0.845247 0.130419 -0.28541 0.94949 -14.2124 0 0 0 1 
