#;prob_registration_l1 -r /home/probabilistic_point_clouds_registration/build/tester /home/point_clouds_registration_benchmark//devel/registration_pairs/pioneer_slam_local.txt /home/point_clouds_registration_benchmark//tum/pioneer_slam -s 0.1 -t 0.1 -p 0.3 -r 1000 -m 20 -i 40 
id;initial_error;final_error;transformation
1807261650000;0.252801;0.148565;0.996256 0.0215209 0.0837352 -0.125144 -0.0182674 0.999055 -0.039429 0.132988 -0.0845046 0.0377517 0.995708 0.182172 0 0 0 1 
1807261650001;0.370505;0.0961657;0.971448 0.125347 0.201437 -0.0660903 -0.163832 0.968521 0.18742 0.53823 -0.171603 -0.215071 0.961404 0.857196 0 0 0 1 
1807261650002;0.611698;0.186034;0.99991 0.0132612 -0.00187577 0.140914 -0.0133077 0.999534 -0.0274896 -0.611576 0.00151035 0.0275121 0.99962 0.567733 0 0 0 1 
1807261650003;0.65444;0.274435;0.964049 0.259865 -0.0554937 0.282486 -0.255128 0.963583 0.0801112 0.850732 0.0742909 -0.0630731 0.99524 -0.994298 0 0 0 1 
1807261650004;0.70178;0.266818;0.920905 0.341642 0.187655 0.0133604 -0.314636 0.935716 -0.159497 1.20511 -0.230083 0.0878384 0.969199 1.40366 0 0 0 1 
1807261650005;0.564667;0.103026;0.993092 -0.116917 0.00995604 0.119721 0.116981 0.993115 -0.00612139 -0.0401426 -0.0091718 0.00724377 0.999932 0.76805 0 0 0 1 
1807261650006;0.456118;0.124882;0.997174 -0.030063 -0.0688508 -0.215859 0.0195287 0.988666 -0.148854 0.30937 0.0725455 0.147089 0.986459 -0.687452 0 0 0 1 
1807261650007;0.0911852;0.0383928;0.997375 0.0151769 0.0707962 -0.117667 -0.01624 0.999764 0.0144636 0.04615 -0.0705599 -0.0155754 0.997386 0.288244 0 0 0 1 
1807261650008;0.628711;0.20795;0.957222 -0.0400072 0.286576 0.660148 0.00350316 0.991925 0.126776 -0.239072 -0.289334 -0.120349 0.949633 0.749169 0 0 0 1 
1807261650009;0.268333;0.267182;0.986231 -0.165259 -0.00622884 0.0432246 0.165234 0.986245 -0.00430634 -0.334013 0.00685482 0.00321783 0.999971 -0.106108 0 0 0 1 
1807261650010;0.71038;0.237295;0.950902 0.309253 0.012122 0.0908718 -0.309285 0.950969 0.000805673 0.928531 -0.0112785 -0.00451527 0.999926 -0.85208 0 0 0 1 
1807261650011;0.818748;0.228681;0.917043 0.398746 -0.00585419 0.0244928 -0.398769 0.917045 -0.00339062 1.4666 0.00401656 0.00544381 0.999977 -0.883284 0 0 0 1 
1807261650012;0.646177;0.0414938;0.999989 -0.000955523 0.00458093 0.174294 0.00118959 0.998679 -0.0513678 -0.602354 -0.0045258 0.0513727 0.998669 -0.707656 0 0 0 1 
1807261650013;0.5425;0.0939527;0.988953 0.0333645 -0.144426 0.059516 -0.0406226 0.99804 -0.0476007 -0.0264427 0.142555 0.0529418 0.98837 -1.20049 0 0 0 1 
1807261650014;0.402811;0.15645;0.94923 0.179547 -0.258312 0.30388 -0.149373 0.979903 0.132202 0.383023 0.276858 -0.0869051 0.956973 -1.37458 0 0 0 1 
1807261650015;0.62098;0.304903;0.936914 -0.289615 0.195744 0.367103 0.288702 0.956821 0.0338249 -0.408607 -0.197088 0.0248206 0.980072 1.2812 0 0 0 1 
1807261650016;0.314215;0.187326;0.993909 0.0961579 -0.0538322 -0.0353203 -0.0938844 0.994642 0.0432828 0.396036 0.0577057 -0.0379652 0.997611 -0.0141605 0 0 0 1 
1807261650017;0.544853;0.186089;0.952894 0.0958851 -0.287748 0.198381 -0.19206 0.925028 -0.327774 0.743248 0.234746 0.367599 0.89987 -1.083 0 0 0 1 
1807261650018;0.870541;0.277766;0.902267 0.412518 0.12547 0.0697682 -0.40515 0.910685 -0.0806588 1.67726 -0.147537 0.0219415 0.988813 1.21978 0 0 0 1 
1807261650019;0.408282;0.166883;0.973768 0.227532 -0.00221428 -0.260097 -0.22754 0.973759 -0.00442675 0.561493 0.00114895 0.00481447 0.999988 0.32725 0 0 0 1 
1807261650020;0.378251;0.132756;0.965347 0.00789805 -0.260849 0.08486 -0.100131 0.934248 -0.342278 0.324445 0.240994 0.356537 0.902665 -0.909188 0 0 0 1 
1807261650021;0.0584465;0.0919011;0.999488 0.021615 -0.0235746 0.00228215 -0.0215491 0.999763 0.00304368 -0.0775672 0.0236348 -0.00253411 0.999717 -0.0490872 0 0 0 1 
1807261650022;0.492617;0.182045;0.980764 -0.10091 -0.167089 0.219802 0.087232 0.992357 -0.0872858 -0.0831875 0.17462 0.0710313 0.98207 -1.15991 0 0 0 1 
1807261650023;0.436303;0.236504;0.949141 0.313559 0.0284853 -0.0102328 -0.314274 0.94899 0.0254923 1.0819 -0.0190389 -0.0331479 0.999269 0.157967 0 0 0 1 
1807261650024;0.611538;0.18111;0.996258 -0.00953442 0.0859004 0.0935941 0.0158774 0.997171 -0.0734637 0.367005 -0.084957 0.0745527 0.993592 -0.398277 0 0 0 1 
1807261650025;0.222007;0.152421;0.99264 -0.0904449 -0.0805331 -0.0838199 0.079215 0.987928 -0.133127 -0.207541 0.0916016 0.125768 0.987822 -0.119868 0 0 0 1 
1807261650026;0.125003;0.0232852;0.998054 -0.00913057 -0.0616857 -0.148365 0.00247517 0.994243 -0.107118 0.0413126 0.0623087 0.106757 0.992331 -0.0873173 0 0 0 1 
1807261650027;0.446617;0.281589;0.940281 -0.333805 0.0666802 0.221878 0.326968 0.940164 0.0958315 -0.9469 -0.0946793 -0.0683062 0.993162 0.406234 0 0 0 1 
1807261650028;0.18577;0.162377;0.981304 0.181614 -0.0637163 0.101476 -0.183656 0.982599 -0.0277563 0.303449 0.0575667 0.0389392 0.997582 -0.190566 0 0 0 1 
1807261650029;0.503137;0.189317;0.988436 0.0745419 -0.132053 0.160922 -0.103591 0.967891 -0.229031 0.735766 0.110741 0.240062 0.96442 -0.259407 0 0 0 1 
1807261650031;0.869936;0.814981;0.999876 0.0138825 -0.00746059 0.0877711 -0.0116977 0.970952 0.238989 -0.0646685 0.0105616 -0.238872 0.970994 -0.948078 0 0 0 1 
1807261650032;0.361529;0.252017;0.975224 -0.00335274 -0.221196 0.0292504 -0.0368635 0.983442 -0.177432 0.153208 0.218129 0.18119 0.958952 0.291927 0 0 0 1 
1807261650033;0.495733;0.466518;0.998757 0.0162085 0.0471347 0.0261625 -0.0160139 0.999862 -0.00450377 0.0841726 -0.0472012 0.00374337 0.998878 0.0429267 0 0 0 1 
1807261650034;1.09057;0.840296;0.998812 0.0373763 -0.0312538 0.166452 -0.0390714 0.997693 -0.0555092 0.189777 0.029107 0.0566644 0.997969 0.70269 0 0 0 1 
1807261650035;0.885672;0.844998;0.99075 0.0552297 -0.123953 0.195977 -0.0368341 0.988588 0.146071 0.185275 0.130606 -0.140154 0.981478 -0.086143 0 0 0 1 
1807261650036;0.893017;0.233094;0.988015 0.0295069 0.151512 0.121984 -0.0418275 0.996014 0.0787854 0.186517 -0.148584 -0.0841785 0.985311 0.725828 0 0 0 1 
1807261650037;0.513994;0.394272;0.999946 0.00393082 0.00959055 0.110689 -0.0046768 0.99686 0.0790435 0.17527 -0.00924974 -0.0790841 0.996825 -0.503487 0 0 0 1 
1807261650038;0.984234;0.50619;0.920584 0.04291 0.388181 -0.0478542 -0.0222291 0.998091 -0.0576131 0.457088 -0.389912 0.0444087 0.919781 -0.231387 0 0 0 1 
1807261650039;0.787771;0.266922;0.98716 0.0538161 0.150398 0.113699 -0.032405 0.989429 -0.141348 0.289275 -0.156415 0.134659 0.978469 -0.136114 0 0 0 1 
1807261650040;0.449489;0.130671;0.972355 0.000743554 0.233506 0.00307856 -0.00892559 0.999382 0.0339852 0.0963038 -0.233336 -0.0351299 0.971761 0.540531 0 0 0 1 
1807261650041;0.636202;0.277766;0.999874 0.0148945 -0.00544024 0.15356 -0.014874 0.999882 0.00380032 0.338407 0.0054962 -0.00371892 0.999978 -0.330654 0 0 0 1 
1807261650042;0.394001;0.305263;0.999912 0.00783729 -0.0107351 -0.0535497 -0.00796395 0.999899 -0.0118072 0.0983746 0.0106415 0.0118917 0.999873 0.0699165 0 0 0 1 
1807261650043;0.493104;0.267212;0.968867 0.038859 0.244512 0.143902 -0.0417707 0.999105 0.00673218 0.233468 -0.244031 -0.016736 0.969623 0.261446 0 0 0 1 
1807261650044;0.603128;0.451344;0.999492 0.0245608 -0.0203291 0.00669236 -0.0243726 0.999658 0.00945355 0.154929 0.0205544 -0.00895327 0.999749 -0.435032 0 0 0 1 
1807261650045;0.822026;0.351644;0.993406 -0.0340625 -0.109472 -0.0404614 0.0737519 0.920916 0.382719 -0.361436 0.0877779 -0.388269 0.917356 -1.85393 0 0 0 1 
1807261650046;0.726796;0.544485;0.999447 -0.0171157 -0.0285076 -0.0600206 0.013676 0.993066 -0.116761 0.0933323 0.0303084 0.116307 0.992751 0.777878 0 0 0 1 
1807261650047;0.841796;0.484273;0.998158 -0.0120555 -0.0594556 -0.0318153 0.0110915 0.999802 -0.0165161 0.13079 0.059643 0.0158262 0.998094 0.640817 0 0 0 1 
1807261650048;0.923373;0.0689496;0.984317 0.0132294 0.175913 0.0769215 -0.0482255 0.979379 0.196191 0.180858 -0.16969 -0.201598 0.964657 0.419764 0 0 0 1 
1807261650049;0.894299;0.773629;0.967367 0.00736858 0.253272 0.0573084 -0.0323531 0.994987 0.0946246 0.125711 -0.251305 -0.0997309 0.962756 0.511963 0 0 0 1 
1807261650050;0.776112;0.723154;0.988205 0.015989 0.152299 0.0876877 0.0232099 0.967407 -0.252162 0.477295 -0.151367 0.252722 0.955625 1.24361 0 0 0 1 
1807261650051;0.472646;0.416307;0.985651 0.0429246 0.163245 0.195795 -0.0439693 0.999029 0.00278978 0.321584 -0.162967 -0.00992754 0.986582 0.498523 0 0 0 1 
1807261650052;0.367213;0.305323;0.99906 0.0123011 0.0415663 0.0411273 -0.0203464 0.979773 0.199077 0.032793 -0.0382767 -0.199736 0.979102 -0.416899 0 0 0 1 
1807261650053;0.543637;0.205732;0.911279 -0.0391693 -0.409923 0.065171 -0.0594279 0.972536 -0.225039 0.250711 0.40748 0.229434 0.883923 0.296353 0 0 0 1 
1807261650054;0.296591;0.278553;0.992017 0.0270274 -0.123171 0.113563 -0.0473712 0.985093 -0.165369 0.238848 0.116865 0.169883 0.97851 0.201957 0 0 0 1 
1807261650055;0.546573;0.484117;0.968262 0.0433808 -0.246145 0.119125 0.041623 0.943083 0.329943 0.19089 0.246448 -0.329716 0.911345 -0.883535 0 0 0 1 
1807261650056;0.638977;0.304758;0.999293 -0.00627276 -0.0370695 -0.153106 0.00491016 0.999313 -0.0367354 0.178045 0.0372744 0.0365274 0.998637 0.359167 0 0 0 1 
1807261650057;0.733154;0.68827;0.997363 0.0641893 -0.0338613 0.147159 -0.0693845 0.98017 -0.185614 0.57633 0.0212754 0.187474 0.982039 0.464076 0 0 0 1 
1807261650058;1.00454;0.893957;0.974698 0.0451806 -0.218911 0.197106 -0.03423 0.997978 0.053562 0.307446 0.220888 -0.0447135 0.974274 -0.0549087 0 0 0 1 
1807261650059;0.328863;0.223232;0.96036 -0.0861091 0.265132 -0.224872 -0.0282208 0.916178 0.399777 -0.113696 -0.277332 -0.391412 0.87743 -0.708525 0 0 0 1 
1807261650060;0.479524;0.398212;0.999852 0.0171258 -0.0013812 0.00168632 -0.017164 0.999225 -0.0354274 0.0728906 0.000773407 0.0354459 0.999371 -0.0854702 0 0 0 1 
1807261650062;0.610394;0.125161;0.99588 0.0848743 -0.0319278 0.3166 -0.0860042 0.995649 -0.0358552 0.245262 0.0287457 0.0384534 0.998847 -0.634922 0 0 0 1 
1807261650063;0.0702684;0.139504;0.999432 0.00854032 0.0326108 -0.05178 -0.00751068 0.999473 -0.0315664 0.165574 -0.0328632 0.0313035 0.99897 0.0772673 0 0 0 1 
1807261650064;0.431381;0.172759;0.973952 -0.120295 -0.192213 -0.403058 0.105595 0.990769 -0.0850079 -0.0789934 0.200665 0.0624969 0.977664 -0.305906 0 0 0 1 
1807261650065;0.67345;0.191258;0.983438 0.0280736 -0.179058 0.0628552 0.0540021 0.897675 0.437337 0.262335 0.173013 -0.439763 0.881291 -1.88756 0 0 0 1 
1807261650066;0.179936;0.217946;0.994011 -0.108106 -0.0159908 -0.483223 0.107486 0.99357 -0.0355602 0.208573 0.0197323 0.0336284 0.99924 0.137032 0 0 0 1 
1807261650067;0.697139;0.529808;0.993904 -0.104467 -0.0352463 -0.125493 0.107099 0.990724 0.0836347 0.229355 0.0261823 -0.0868997 0.995873 -1.02236 0 0 0 1 
1807261650068;0.609754;0.623394;0.996556 -0.080358 -0.0204636 -0.222517 0.0810347 0.996106 0.0347209 0.549876 0.0175938 -0.0362596 0.999188 -0.0180389 0 0 0 1 
1807261650069;0.14606;0.179705;0.997221 -0.0639235 -0.0382611 -0.328576 0.0638249 0.997954 -0.00379407 0.182779 0.0384254 0.00134152 0.999261 -0.0351569 0 0 0 1 
1807261650070;0.531087;0.147427;0.982484 0.0744741 -0.17082 0.384028 -0.00984446 0.936131 0.351513 0.0700963 0.186089 -0.343674 0.920467 -1.88412 0 0 0 1 
1807261650071;0.140553;0.139186;0.992563 -0.0110948 -0.121224 -0.108246 0.00221529 0.997319 -0.0731398 0.274288 0.12171 0.0723273 0.989927 0.143101 0 0 0 1 
1807261650072;0.380476;0.345549;0.996248 -0.00700838 -0.0862592 0.0542568 0.00315327 0.998993 -0.0447475 0.00516966 0.086486 0.0443077 0.995267 -0.062198 0 0 0 1 
1807261650073;0.531138;0.279263;0.984027 -0.120755 0.130802 -0.342193 0.0732654 0.944362 0.320645 -0.155554 -0.162243 -0.305941 0.938124 -0.714932 0 0 0 1 
1807261650074;0.56209;0.158073;0.947388 0.197785 0.251669 0.771762 -0.184468 0.979919 -0.0757 0.785702 -0.261588 0.0252924 0.964848 0.435651 0 0 0 1 
1807261650075;0.57785;0.149421;0.999198 -0.0398717 -0.00361127 -0.204219 0.0398468 0.999183 -0.00673109 0.70813 0.0038767 0.00658179 0.999971 -0.443308 0 0 0 1 
1807261650076;0.523862;0.318657;0.989058 -0.110144 -0.0981417 -0.420158 0.0933057 0.982344 -0.162155 0.56801 0.114269 0.151224 0.981873 0.985339 0 0 0 1 
1807261650077;0.611234;0.51198;0.999678 -0.0168979 0.0189104 -0.0187977 0.0201785 0.98167 -0.189518 -0.148175 -0.0153613 0.189839 0.981695 0.383899 0 0 0 1 
1807261650078;0.330727;0.158539;0.948593 0.0593448 -0.310885 0.353312 -0.0479046 0.997868 0.0443133 0.230865 0.312852 -0.0271425 0.949414 0.0836748 0 0 0 1 
1807261650079;0.421945;0.319035;0.915027 -0.124405 -0.383731 -0.384913 0.0821461 0.98879 -0.124684 -0.013153 0.39494 0.082567 0.914989 0.515817 0 0 0 1 
1807261650080;0.560936;0.219519;0.983392 0.0994015 -0.151855 0.527678 -0.148225 0.922691 -0.355907 0.22142 0.104738 0.372505 0.922101 1.23617 0 0 0 1 
1807261650081;0.503671;0.143063;0.982412 0.106558 0.153339 0.398965 -0.129487 0.980432 0.148278 0.116015 -0.134539 -0.165526 0.976985 -1.24918 0 0 0 1 
1807261650082;0.722741;0.352213;0.999374 0.0353702 -0.000290021 0.283514 -0.0353125 0.997204 -0.065865 -0.0348975 -0.00204045 0.065834 0.997829 -0.555692 0 0 0 1 
1807261650083;0.552134;0.28437;0.998388 -0.0460809 -0.0331397 -0.0649032 0.0430875 0.995365 -0.0859772 -0.282288 0.036948 0.0844107 0.995746 0.0308605 0 0 0 1 
1807261650084;0.867721;0.18249;0.935145 0.340006 -0.0994921 2.09859 -0.31735 0.928812 0.191303 0.391687 0.157454 -0.147323 0.976475 -0.944208 0 0 0 1 
1807261650085;0.404997;0.145579;0.977186 -0.159064 -0.140733 -0.643805 0.0916744 0.913627 -0.396082 -0.0776072 0.19158 0.374145 0.907366 1.03751 0 0 0 1 
1807261650086;0.258185;0.175279;0.997957 -0.0621767 0.0146638 -0.215472 0.0632956 0.99343 -0.0953461 0.19127 -0.0086391 0.0960795 0.995336 0.597206 0 0 0 1 
1807261650087;0.211815;0.148375;0.995268 0.0905794 0.0351622 0.395535 -0.0879234 0.993602 -0.0708844 0.135169 -0.0413579 0.0674575 0.996865 0.289127 0 0 0 1 
1807261650088;0.669831;0.478996;0.994008 -0.061666 -0.0902503 -0.0291677 0.0340344 0.95923 -0.280569 0.533679 0.103872 0.275816 0.955582 0.476758 0 0 0 1 
1807261650089;0.143654;0.161072;0.992844 0.0541934 0.106417 0.150883 -0.0584098 0.99761 0.0369106 0.0728707 -0.104163 -0.0428622 0.993636 -0.0551773 0 0 0 1 
1807261650090;0.732491;0.439496;0.99681 0.0452505 -0.0657478 0.13035 -0.0521825 0.992796 -0.107859 0.790325 0.0603935 0.110946 0.99199 0.494365 0 0 0 1 
1807261650091;0.403612;0.165672;0.985883 0.152709 -0.0686693 0.756667 -0.127544 0.950631 0.282902 0.0481078 0.108481 -0.27015 0.956687 -0.768317 0 0 0 1 
1807261650093;1.16071;0.339212;0.884034 0.310567 0.349331 -0.369379 -0.301933 0.94993 -0.0804343 0.191852 -0.35682 -0.0343676 0.933541 -0.25529 0 0 0 1 
1807261650094;0.696816;0.48791;0.983373 0.17701 0.04055 -0.100501 -0.175411 0.983678 -0.0401071 -0.0932834 -0.0469875 0.0323274 0.998372 -0.0845763 0 0 0 1 
1807261650095;0.832378;0.285351;0.939718 0.119325 0.320457 0.39799 -0.126757 0.991931 0.00235133 0.251135 -0.31759 -0.0428296 0.94726 -0.0492098 0 0 0 1 
1807261650096;1.24922;0.416251;0.968709 0.221897 0.111194 0.106062 -0.161141 0.903024 -0.398222 -0.47406 -0.188775 0.367843 0.910525 0.728552 0 0 0 1 
1807261650097;1.57732;0.286511;0.962641 0.154603 0.222306 0.328955 -0.196361 0.963874 0.179968 0.122157 -0.186451 -0.216897 0.958223 0.930858 0 0 0 1 
1807261650098;0.431654;0.254784;0.950854 -0.278924 0.134456 -0.0450108 0.28892 0.95539 -0.0612797 -0.205935 -0.111365 0.097115 0.989023 0.295772 0 0 0 1 
1807261650099;1.43162;0.405875;0.976011 -0.203535 0.0772994 0.661958 0.216914 0.939555 -0.264925 0.346513 -0.0187056 0.275337 0.961166 0.576146 0 0 0 1 
1807261650100;0.198846;0.1107;0.984371 -0.0148042 -0.175482 0.15039 0.0261006 0.99772 0.062242 -0.069646 0.17416 -0.0658494 0.982513 -0.0871702 0 0 0 1 
1807261650101;0.403364;0.18599;0.994831 -0.0826388 0.0590106 0.104647 0.0853181 0.995363 -0.0444246 -0.134667 -0.0550657 0.0492297 0.997268 -0.182069 0 0 0 1 
1807261650102;0.400187;0.219209;0.995625 -0.0499886 0.0789449 -0.172206 0.0522259 0.998283 -0.0265326 -0.146313 -0.077483 0.0305395 0.996526 0.0025513 0 0 0 1 
1807261650103;1.02195;0.301784;0.951739 0.263276 0.157728 0.0150434 -0.28052 0.954721 0.0990756 -0.215276 -0.124502 -0.13854 0.9825 0.553798 0 0 0 1 
1807261650104;1.18672;0.139941;0.988607 0.0162636 -0.149638 0.0299133 -0.0114499 0.999391 0.0329745 -0.372392 0.150083 -0.0308855 0.988191 -0.70006 0 0 0 1 
1807261650105;1.18857;0.37174;0.995695 0.0451378 0.08096 -0.409722 -0.0468268 0.998721 0.0190849 -0.498746 -0.0799949 -0.0227938 0.996535 0.11689 0 0 0 1 
1807261650106;0.708535;0.288109;0.99777 -0.037776 0.055029 -0.213514 0.0383189 0.999226 -0.0088436 -0.306985 -0.0546524 0.0109325 0.998446 0.217809 0 0 0 1 
1807261650107;0.503291;0.274475;0.999582 -0.000903646 -0.0289023 0.1262 0.00256245 0.998348 0.0574081 -0.117737 0.0288027 -0.0574581 0.997932 0.247548 0 0 0 1 
1807261650108;1.52224;0.283567;0.953737 -0.210412 0.21474 0.0996013 0.235211 0.967086 -0.0970575 0.630876 -0.18725 0.143076 0.971837 -0.327482 0 0 0 1 
1807261650109;0.339127;0.157929;0.946966 -0.111349 0.301424 -0.060119 0.0945615 0.993071 0.0697705 -0.0493925 -0.307105 -0.0375671 0.950934 0.194475 0 0 0 1 
1807261650110;0.998065;0.123006;0.971158 -0.224884 0.079237 0.127035 0.218197 0.972203 0.0849219 -0.0972664 -0.096132 -0.0651834 0.993232 -0.533473 0 0 0 1 
1807261650111;0.873902;0.247178;0.968871 0.147675 0.1987 0.173016 -0.155586 0.987513 0.0247181 -0.418912 -0.192569 -0.0548635 0.979749 0.410109 0 0 0 1 
1807261650112;0.213542;0.119393;0.991665 -0.0148225 -0.127986 0.116443 0.0209823 0.998678 0.046916 -0.0504464 0.127121 -0.0492104 0.990666 -0.15838 0 0 0 1 
1807261650113;1.08553;0.360963;0.968858 -0.206859 0.136098 -0.226232 0.228231 0.959212 -0.1668 -0.703036 -0.0960431 0.192667 0.976553 -0.0922922 0 0 0 1 
1807261650114;0.757919;0.394961;0.944135 0.323701 0.0618652 0.28384 -0.301942 0.924861 -0.23122 -0.0287299 -0.132063 0.199623 0.970933 0.546383 0 0 0 1 
1807261650115;1.40826;0.317706;0.968279 0.249827 -0.00480674 -0.441845 -0.249375 0.967382 0.0445455 0.393521 0.0157786 -0.0419337 0.998996 0.26197 0 0 0 1 
1807261650116;0.547781;0.16181;0.986391 0.164367 -0.00401802 0.0857514 -0.163468 0.98303 0.0832504 -0.0943243 0.0176335 -0.0814607 0.996521 0.270843 0 0 0 1 
1807261650117;1.14474;0.137372;0.940095 0.311823 -0.1378 -0.165351 -0.284722 0.940452 0.185696 0.463311 0.187498 -0.135337 0.972897 -0.411459 0 0 0 1 
1807261650118;1.22447;0.397416;0.950677 0.24573 -0.189286 -0.0671844 -0.282624 0.937686 -0.202161 0.0673822 0.127814 0.245686 0.960886 -0.53096 0 0 0 1 
1807261650119;1.49971;0.243246;0.992916 0.11415 -0.0329788 0.0748591 -0.116551 0.989664 -0.0835537 0.589715 0.0231003 0.0868056 0.995957 -0.722681 0 0 0 1 
1807261650120;0.30517;0.27376;0.944886 0.234475 0.2285 0.171504 -0.245881 0.969041 0.0223819 0.0952283 -0.216178 -0.0773323 0.973287 0.171667 0 0 0 1 
1807261650121;1.42718;0.13746;0.939421 0.340993 0.0348143 0.385905 -0.342672 0.931927 0.11869 -0.710712 0.00802815 -0.12343 0.992321 0.239348 0 0 0 1 
1807261650122;1.45607;0.320348;0.951935 -0.201502 0.230688 -0.140161 0.241645 0.956856 -0.161352 -0.391685 -0.188223 0.209341 0.959556 -0.667674 0 0 0 1 
1807261650124;1.36594;4.15338;0.0530502 -0.966704 0.250338 2.1231 0.968403 -0.0113721 -0.249133 -0.505069 0.243684 0.255645 0.935555 0.267453 0 0 0 1 
1807261650125;0.804333;4.39428;0.130312 -0.706599 0.695512 1.96506 0.953742 0.281017 0.106802 -0.596112 -0.270916 0.649421 0.710533 0.335292 0 0 0 1 
1807261650126;0.880272;4.83238;0.197799 -0.869726 0.452164 2.28957 0.930759 0.311346 0.191706 -0.241814 -0.307511 0.382936 0.87109 0.372652 0 0 0 1 
1807261650127;1.55898;5.01654;0.0884933 -0.938208 0.334565 2.05241 0.969808 0.00452463 -0.243828 -0.079373 0.227248 0.346041 0.910282 -1.13184 0 0 0 1 
1807261650128;0.837192;4.29005;0.287714 -0.877861 0.382859 1.52916 0.956319 0.284927 -0.0653509 -0.390802 -0.0517177 0.384937 0.921493 -0.161541 0 0 0 1 
1807261650129;0.284015;4.2708;0.192779 -0.944391 0.266386 2.05221 0.977715 0.161875 -0.133677 -0.17661 0.0831223 0.28622 0.954552 -0.257205 0 0 0 1 
1807261650130;0.193395;4.70898;-0.0208392 -0.965331 0.260197 2.29429 0.987081 -0.0612186 -0.148066 -0.276483 0.158861 0.25375 0.954135 -0.38127 0 0 0 1 
1807261650131;0.6404;4.02562;0.294507 -0.900718 0.319331 1.96372 0.953861 0.256629 -0.155851 -0.122423 0.0584287 0.350496 0.93474 -0.08748 0 0 0 1 
1807261650132;1.48669;5.00708;0.145618 -0.936304 0.319578 2.89574 0.989283 0.134312 -0.0572662 0.141541 0.0106954 0.324493 0.945828 -0.77481 0 0 0 1 
1807261650133;0.878362;4.40989;0.436384 -0.828029 0.352047 1.91405 0.898969 0.417652 -0.131994 -0.558191 -0.037738 0.374079 0.926629 -0.00260649 0 0 0 1 
1807261650134;0.764145;2.94254;0.427204 0.890222 -0.158118 -0.899892 -0.381817 0.336146 0.860943 -0.803836 0.819581 -0.307426 0.483504 0.533549 0 0 0 1 
1807261650135;0.938287;4.25492;0.117595 -0.950188 0.288642 2.07888 0.988551 0.0843335 -0.125123 -0.354489 0.0945477 0.300051 0.949226 0.171368 0 0 0 1 
1807261650136;0.165136;4.21195;0.409233 -0.849676 0.332535 1.86503 0.910234 0.3549 -0.213354 -0.21413 0.0632647 0.389996 0.918641 -0.296641 0 0 0 1 
1807261650137;0.685906;4.15072;0.466334 -0.826335 0.315758 1.84356 0.884452 0.428823 -0.183999 -0.229952 0.0166403 0.365077 0.930828 0.0476189 0 0 0 1 
1807261650138;1.14592;4.10792;0.48962 -0.728912 0.478497 1.63183 0.806705 0.586951 0.0686668 -0.754209 -0.330907 0.352386 0.8754 -0.258272 0 0 0 1 
1807261650139;0.608764;4.40413;0.163584 -0.938609 0.303733 2.12531 0.986427 0.160065 -0.0366286 -0.398867 -0.0142369 0.305602 0.952053 -0.601652 0 0 0 1 
1807261650140;1.51409;4.14348;0.383053 -0.862772 0.329993 1.56373 0.919906 0.388752 -0.0514228 0.201762 -0.0839192 0.32326 0.942582 0.238187 0 0 0 1 
1807261650141;0.713806;4.07739;0.162509 -0.986569 0.0165202 1.8224 0.806266 0.12312 -0.578599 -0.370918 0.568794 0.107347 0.815445 -0.378801 0 0 0 1 
1807261650142;1.81337;4.23118;0.248627 -0.936522 0.247205 1.70642 0.961064 0.206749 -0.183333 -0.172264 0.120586 0.283162 0.951461 0.585336 0 0 0 1 
1807261650143;1.33398;3.82843;0.339929 -0.811767 0.47485 1.8794 0.899308 0.132867 -0.416643 0.0718516 0.275125 0.568666 0.775194 0.303572 0 0 0 1 
1807261650144;0.523192;4.4244;0.336422 -0.886429 0.317907 1.88111 0.870294 0.421614 0.254619 -0.203947 -0.359735 0.191013 0.913293 -0.341129 0 0 0 1 
1807261650145;1.32014;4.69202;0.080226 -0.963044 0.257117 2.89966 0.994391 0.0951632 0.0461672 -0.426461 -0.0689292 0.251971 0.965277 -0.343335 0 0 0 1 
1807261650146;0.396214;4.29939;0.535645 -0.669485 0.514659 1.8013 0.835492 0.508668 -0.207869 -0.206744 -0.122625 0.541337 0.831815 -0.148553 0 0 0 1 
1807261650147;1.75836;4.46845;0.0479324 -0.942939 0.329498 1.59239 0.998613 0.0380477 -0.0363867 -0.34657 0.0217738 0.330785 0.943455 -1.03375 0 0 0 1 
1807261650148;1.81564;3.92913;0.451262 -0.826948 0.335441 1.86065 0.892222 0.425411 -0.151541 -1.0669 -0.0173838 0.367673 0.929793 0.230594 0 0 0 1 
1807261650149;1.27562;4.28626;0.132564 -0.955985 0.261761 2.02219 0.991088 0.124365 -0.0477186 -0.474079 0.0130643 0.265754 0.963952 -0.955138 0 0 0 1 
1807261650150;1.69552;4.12187;0.297564 -0.861733 0.410941 2.30356 0.953364 0.245432 -0.175671 -0.529624 0.0505231 0.44405 0.894576 0.475202 0 0 0 1 
1807261650151;1.06641;4.1261;0.24119 -0.90028 0.362385 1.75198 0.970383 0.228957 -0.0770476 -0.408943 -0.0136062 0.370235 0.928838 -0.818343 0 0 0 1 
1807261650152;1.1455;4.38226;0.282124 -0.925013 0.254473 2.34775 0.954853 0.245003 -0.168019 -0.654453 0.0930732 0.290387 0.952372 -0.02546 0 0 0 1 
1807261650153;0.956413;3.89605;0.423836 -0.841057 0.336134 2.0619 0.905624 0.387595 -0.172093 -0.670143 0.014456 0.377351 0.925958 -0.271297 0 0 0 1 
1807261650155;0.606131;0.407494;0.997636 -0.0262137 -0.0635295 0.0566096 0.029117 0.998553 0.0452131 0.0562876 0.0622524 -0.046956 0.996955 -0.5778 0 0 0 1 
1807261650156;0.187806;0.067256;0.99735 -0.0727507 0.000309968 -0.256947 0.0727452 0.997312 0.00873297 -0.149368 -0.000944464 -0.00868728 0.999962 0.180499 0 0 0 1 
1807261650157;0.551788;0.332772;0.994478 -0.100254 0.0310184 -0.424817 0.103959 0.981518 -0.160672 -0.177515 -0.014337 0.163009 0.98652 0.933606 0 0 0 1 
1807261650158;0.699792;0.549111;0.997559 -0.0341891 -0.0608893 -0.214128 0.0382364 0.997047 0.0665938 -0.0382841 0.0584328 -0.0687595 0.995921 -0.639509 0 0 0 1 
1807261650159;0.309546;0.10805;0.990814 0.101101 -0.0898166 0.404395 -0.11819 0.970145 -0.211779 -0.0752174 0.065724 0.220449 0.973182 1.04503 0 0 0 1 
1807261650160;0.485518;0.381629;0.99836 -0.0467245 -0.033087 -0.239647 0.0525641 0.977088 0.206243 -0.122224 0.0226923 -0.207644 0.977941 -0.810022 0 0 0 1 
1807261650161;0.330335;0.0956499;0.99854 -0.0533168 0.00865113 -0.294666 0.0522691 0.913427 -0.403633 -0.341958 0.0136183 0.403496 0.91488 1.34421 0 0 0 1 
1807261650162;0.550603;0.487424;0.994778 0.101862 0.00633931 0.264772 -0.101923 0.994741 0.0100945 -0.0935523 -0.00527772 -0.0106879 0.999929 -0.0487605 0 0 0 1 
1807261650163;0.739956;0.275425;0.981481 0.162072 0.102112 0.682695 -0.154955 0.985131 -0.0741979 -0.838119 -0.112619 0.0570011 0.992002 0.632695 0 0 0 1 
1807261650164;0.228506;0.0972722;0.95848 0.105764 0.264821 0.394701 -0.113065 0.99351 0.0124375 -0.120478 -0.261787 -0.0418632 0.964217 -0.210875 0 0 0 1 
1807261650165;0.0638727;0.0589157;0.999898 0.00471848 0.013463 0.021502 -0.00444872 0.99979 -0.019997 -0.05977 -0.0135545 0.0199351 0.999709 0.15559 0 0 0 1 
1807261650166;0.691573;0.339329;0.994371 -0.101877 -0.0291176 -0.504085 0.103825 0.991696 0.0758946 -0.430562 0.0211439 -0.0784905 0.996691 0.0148265 0 0 0 1 
1807261650167;0.645574;0.307787;0.952469 0.0072576 0.304548 0.143785 -0.0686572 0.97911 0.191391 0.281183 -0.296797 -0.203204 0.93307 -0.962619 0 0 0 1 
1807261650168;0.448255;0.139729;0.959278 0.280374 -0.0342918 1.08547 -0.273951 0.893908 -0.354795 -0.303406 -0.0688215 0.349741 0.934315 1.38491 0 0 0 1 
1807261650169;0.539907;0.398008;0.997428 0.0218619 -0.06826 0.078368 -0.0142321 0.993794 0.110324 -0.539631 0.0702482 -0.109069 0.991549 -0.815641 0 0 0 1 
1807261650170;0.652735;0.316748;0.953634 0.112311 0.279227 0.555526 -0.116797 0.993156 -0.000575073 0.133163 -0.277381 -0.0320644 0.960225 0.493725 0 0 0 1 
1807261650171;0.437786;0.266273;0.953175 0.174413 0.247059 0.627148 -0.225224 0.954585 0.19504 0.0087727 -0.201821 -0.241551 0.949169 -0.552344 0 0 0 1 
1807261650172;0.513271;0.413015;0.989454 0.0115019 -0.144393 -0.137248 -0.00976414 0.999871 0.0127381 -0.669402 0.144521 -0.0111939 0.989438 0.0330067 0 0 0 1 
1807261650173;0.421662;0.0928375;0.925 -0.130991 -0.356674 -0.460377 0.126612 0.991309 -0.0357096 0.146267 0.358252 -0.0121277 0.933546 -0.377848 0 0 0 1 
1807261650174;0.342158;0.107484;0.994645 0.0885053 -0.0533597 0.385936 -0.102248 0.917819 -0.383605 -0.153696 0.0150234 0.387007 0.921954 1.29712 0 0 0 1 
1807261650175;0.695425;0.298412;0.998459 -0.0548445 0.00848582 0.0479776 0.0545052 0.997862 0.0360623 0.570584 -0.0104455 -0.0355442 0.999314 -0.322091 0 0 0 1 
1807261650176;0.628882;0.412664;0.994481 0.0965921 0.0409506 0.416262 -0.0924049 0.991265 -0.0941001 -0.205934 -0.0496822 0.0897968 0.99472 -0.185621 0 0 0 1 
1807261650177;0.385778;0.0639478;0.999675 -0.0221465 -0.0126561 -0.0989606 0.0221884 0.999749 0.00317833 0.0444823 0.0125826 -0.00345812 0.999915 0.439483 0 0 0 1 
1807261650178;0.865032;0.384991;0.989995 -0.0729807 0.120763 -0.330635 0.0813168 0.994527 -0.0655991 -0.102854 -0.115314 0.0747629 0.990512 1.17273 0 0 0 1 
1807261650179;0.799283;0.0803956;0.900652 -0.249359 -0.355874 -1.36064 0.241248 0.968093 -0.067784 -0.307185 0.361421 -0.0248039 0.932073 0.546422 0 0 0 1 
1807261650180;0.951142;0.113438;0.916765 0.373196 0.142359 1.61879 -0.324472 0.903673 -0.27945 0.114291 -0.232936 0.209998 0.949548 1.8021 0 0 0 1 
1807261650181;0.58947;0.0899506;0.985963 -0.165258 0.0238243 -0.878713 0.164285 0.985671 0.0382624 -0.752616 -0.0298061 -0.0338114 0.998984 0.0581475 0 0 0 1 
1807261650182;0.51362;0.227412;0.991994 0.0251318 -0.123759 -0.0341558 -0.0314753 0.998274 -0.0495717 0.265484 0.122299 0.0530701 0.991073 -0.174367 0 0 0 1 
1807261650183;0.518467;0.124115;0.960748 0.153709 -0.230946 0.873702 -0.174759 0.981863 -0.0735177 0.319352 0.215457 0.110992 0.970185 0.418382 0 0 0 1 
1807261650184;0.540083;0.0511853;0.968387 -0.248903 0.016527 -0.999481 0.248196 0.968036 0.0361136 -0.757176 -0.0249875 -0.03087 0.999211 -0.41231 0 0 0 1 
1807261650186;0.453969;0.327251;0.997956 -0.0518673 -0.0373314 0.0478004 0.0554356 0.993246 0.101931 -0.0324541 0.0317924 -0.103792 0.994091 0.00118402 0 0 0 1 
1807261650187;0.217396;0.0693433;0.997331 0.028236 -0.0673272 -0.0736943 -0.0266141 0.999336 0.0248666 0.0815671 0.0679846 -0.0230084 0.997421 -0.471332 0 0 0 1 
1807261650188;0.833964;0.123311;0.984955 -0.0117266 0.172412 -0.0464315 -0.0280027 0.973679 0.226198 0.216942 -0.170527 -0.227623 0.958701 1.29454 0 0 0 1 
1807261650189;0.543168;0.104937;0.862846 0.374168 -0.339846 0.214699 -0.367424 0.926007 0.0866629 0.52637 0.347126 0.0500908 0.93648 -1.13759 0 0 0 1 
1807261650190;0.468639;0.115774;0.925694 -0.23784 0.294149 0.0157736 0.260184 0.964783 -0.0387107 -0.83671 -0.274583 0.112367 0.954975 1.08899 0 0 0 1 
1807261650191;0.203867;0.0875074;0.992591 0.0398607 0.114783 -0.175225 -0.0317012 0.996897 -0.0720551 -0.103858 -0.117299 0.0678824 0.990774 0.477651 0 0 0 1 
1807261650192;0.50492;0.280982;0.987704 0.152398 0.0348769 0.370413 -0.145689 0.978158 -0.148264 0.139832 -0.0567101 0.141359 0.988333 0.0361072 0 0 0 1 
1807261650193;0.791638;0.165594;0.983526 -0.179195 -0.023799 -0.00573201 0.179616 0.983591 0.0169125 -0.552415 0.0203779 -0.0209086 0.999574 -1.00425 0 0 0 1 
1807261650194;0.736741;0.180688;0.976559 0.210197 -0.0463624 0.381352 -0.21505 0.96202 -0.168139 0.110668 0.0092594 0.174168 0.984672 -0.685509 0 0 0 1 
1807261650195;0.187863;0.162149;0.975653 0.0312829 -0.217078 0.0246345 -0.0125955 0.996134 0.0869414 -0.00443 0.218959 -0.0820904 0.972275 -0.625458 0 0 0 1 
1807261650196;0.587609;0.144707;0.994152 0.10196 -0.0355775 -0.164695 -0.106219 0.982666 -0.151938 -0.213928 0.0194692 0.154829 0.987749 0.684263 0 0 0 1 
1807261650197;0.541762;0.0834384;0.951011 0.309139 -0.00344078 -0.283466 -0.308808 0.950403 0.0370272 1.0465 0.0147167 -0.0341507 0.999308 -0.220628 0 0 0 1 
1807261650198;0.789459;0.270575;0.994317 0.045286 -0.0963473 0.388469 -0.0553738 0.992956 -0.104747 0.0686586 0.0909251 0.109487 0.989821 -0.928064 0 0 0 1 
1807261650199;0.344499;0.129655;0.991244 -0.067559 -0.113451 0.0960498 0.0583153 0.994849 -0.0829105 -0.0531078 0.118468 0.0755686 0.990078 -0.527816 0 0 0 1 
1807261650200;0.665434;0.28717;0.995135 0.0982581 -0.00713962 0.107027 -0.0981357 0.995047 0.0158466 -0.373573 0.00866131 -0.0150689 0.999849 -0.0531386 0 0 0 1 
1807261650201;0.637949;0.163391;0.99763 0.0661012 -0.0190888 -0.458697 -0.0663148 0.997741 -0.0107781 -0.14611 0.0183332 0.0120184 0.99976 -0.314872 0 0 0 1 
1807261650202;0.360138;0.0543647;0.996403 0.08394 -0.0116133 -0.257373 -0.0843032 0.995809 -0.0354523 0.128741 0.00858874 0.0363039 0.999304 -0.386943 0 0 0 1 
1807261650203;0.394841;0.142111;0.900653 -0.132662 -0.413792 0.22398 0.180515 0.980428 0.0785783 -0.568597 0.395269 -0.145467 0.906974 -1.14525 0 0 0 1 
1807261650204;0.612524;0.149153;0.999008 -0.0443711 -0.00374137 -0.113841 0.0444794 0.998323 0.0370403 -0.233287 0.00209158 -0.0371699 0.999307 0.752691 0 0 0 1 
1807261650205;0.404722;0.185919;0.876161 0.233633 -0.421614 0.274081 -0.290057 0.954141 -0.0740437 0.747733 0.38498 0.187166 0.903747 -0.941682 0 0 0 1 
1807261650206;0.626556;0.130693;0.962079 -0.270505 -0.0350799 -0.530411 0.265031 0.957439 -0.114322 -0.97477 0.0645115 0.10069 0.992824 0.46163 0 0 0 1 
1807261650207;0.542445;0.101955;0.999715 -0.00541687 0.0232684 -0.131179 0.00571774 0.999901 -0.0128831 -0.258364 -0.0231963 0.0130125 0.999646 0.74212 0 0 0 1 
1807261650208;0.417306;0.12914;0.948431 -0.0181673 -0.316464 -0.0473334 -0.019885 0.99298 -0.116599 0.108616 0.31636 0.116879 0.941411 -1.10041 0 0 0 1 
1807261650209;0.115948;0.0735678;0.997515 -0.0331831 -0.0621537 -0.0928691 0.0284433 0.996729 -0.0756501 -0.0361744 0.0644607 0.0736943 0.995195 -0.1396 0 0 0 1 
1807261650210;0.290494;0.129364;0.976736 0.211295 0.0366153 0.0651709 -0.19792 0.953963 -0.225349 0.599701 -0.0825446 0.212859 0.97359 0.345977 0 0 0 1 
1807261650211;0.634223;0.431749;0.980755 0.13877 -0.137339 0.454491 -0.159234 0.975566 -0.151381 0.25496 0.112976 0.170336 0.978888 -0.313914 0 0 0 1 
1807261650212;0.518398;0.136678;0.929267 0.23994 -0.280878 0.0671554 -0.211556 0.968971 0.127825 0.587728 0.302833 -0.0593624 0.951193 -1.26269 0 0 0 1 
1807261650213;0.562773;0.419717;0.994286 -0.106326 0.00944599 0.0874481 0.0996799 0.956496 0.274189 -0.286056 -0.0381885 -0.271681 0.961629 -0.162944 0 0 0 1 
1807261650214;0.522212;0.542786;0.990663 0.104113 0.0880215 -0.0604403 -0.11914 0.974977 0.187685 0.123032 -0.0662785 -0.19642 0.978277 0.142394 0 0 0 1 
1807261650215;0.876402;0.24476;0.926333 -0.305695 -0.220133 0.509242 0.305347 0.951542 -0.0364729 -1.26582 0.220616 -0.0334309 0.974788 -0.809063 0 0 0 1 
1807261650217;0.532131;0.427594;0.981725 0.0130603 0.189855 -0.0722724 -0.0545543 0.975085 0.215019 -0.122276 -0.182317 -0.221447 0.957978 -0.759289 0 0 0 1 
1807261650218;0.499155;0.375018;0.995187 -0.0492919 -0.0846961 -0.298847 0.0581263 0.992748 0.105224 -0.124148 0.0788952 -0.109641 0.990835 -0.172807 0 0 0 1 
1807261650219;0.721512;0.529725;0.996647 0.0714202 -0.0399313 -0.18793 -0.0693454 0.996281 0.0511336 -0.701027 0.0434348 -0.048193 0.997893 -0.586712 0 0 0 1 
1807261650220;0.121853;0.205933;0.990361 -0.102683 0.092961 -0.388554 0.0995437 0.994314 0.0378118 -0.303926 -0.0963151 -0.0281937 0.994952 -0.052404 0 0 0 1 
1807261650221;0.995809;0.270434;0.997263 -0.0739147 0.00174377 -0.438578 0.0738992 0.997236 0.00772194 -0.267043 -0.00230971 -0.00757195 0.999969 -0.867667 0 0 0 1 
1807261650222;1.09618;0.508509;0.999944 -0.00928751 0.00500192 -0.0891637 0.00916042 0.999649 0.0248583 -0.423217 -0.00523104 -0.0248111 0.999678 -0.943825 0 0 0 1 
1807261650223;0.826304;0.584769;0.998292 -0.0574149 0.0107551 -0.281543 0.0571112 0.998011 0.0266887 -0.326668 -0.012266 -0.0260289 0.999586 -0.351276 0 0 0 1 
1807261650224;0.375842;0.0558729;0.993207 -0.0726644 -0.0908824 -0.287856 0.0948036 0.958199 0.269938 -0.457586 0.0674686 -0.27672 0.958579 -1.07843 0 0 0 1 
1807261650225;0.55112;0.976337;0.998381 0.0410139 -0.0394004 -0.590526 -0.045427 0.991907 -0.118565 -0.777356 0.0342187 0.120163 0.992164 0.531882 0 0 0 1 
1807261650226;0.761509;0.880185;0.98668 -0.161508 -0.0194246 -0.727112 0.161225 0.986798 -0.0153565 -0.473091 0.0216483 0.0120202 0.999693 0.4359 0 0 0 1 
1807261650227;0.75985;0.647188;0.999567 0.0181026 -0.0231951 0.00147193 -0.0168304 0.998404 0.053916 0.0899752 0.0241341 -0.0535022 0.998276 -0.342318 0 0 0 1 
1807261650228;0.464961;0.442471;0.998902 -0.0164192 -0.0438873 -0.0911413 0.0191229 0.997898 0.0619146 -0.123516 0.0427784 -0.0626858 0.997116 -0.419355 0 0 0 1 
1807261650229;0.961907;0.406077;0.975901 0.0272783 0.216504 0.0230499 -0.0767883 0.971627 0.223707 0.109359 -0.204259 -0.234941 0.950306 0.241702 0 0 0 1 
1807261650230;1.24871;0.463576;0.958597 -0.0962997 -0.267988 -0.233655 0.118957 0.990457 0.0695974 -0.594379 0.258729 -0.098595 0.960905 -1.6188 0 0 0 1 
1807261650231;0.35278;0.300265;0.979363 -0.0635887 -0.191847 -0.229321 0.0294244 0.983963 -0.17593 -0.284967 0.199958 0.166655 0.965527 0.159015 0 0 0 1 
1807261650232;0.725754;0.653312;0.971676 -0.047468 -0.231502 -0.160743 0.081998 0.98648 0.141896 -0.329375 0.221637 -0.156859 0.96243 -0.734927 0 0 0 1 
1807261650233;0.807473;0.724837;0.995807 0.0114568 0.0907575 -0.022391 -0.0199537 0.99544 0.0932755 0.0834703 -0.0892751 -0.0946954 0.991495 -0.257331 0 0 0 1 
1807261650234;0.330571;0.0818755;0.997437 -0.0614488 -0.0366446 -0.2499 0.0607278 0.997944 -0.0204751 -0.174098 0.0378275 0.0181973 0.999119 0.271072 0 0 0 1 
1807261650235;0.476097;0.315766;0.996759 0.0373564 -0.0712492 -0.0353092 -0.0226452 0.980125 0.197084 -0.395046 0.0771955 -0.194832 0.977794 -0.250165 0 0 0 1 
1807261650236;0.451212;0.473577;0.915468 -0.0478191 -0.399539 -0.13699 0.0111923 0.995556 -0.0935088 -0.1884 0.402235 0.0811326 0.911934 -0.0453524 0 0 0 1 
1807261650237;0.797582;0.354917;0.948233 -0.00891436 0.317452 -0.378138 -0.045888 0.98527 0.164735 -0.398868 -0.314244 -0.170775 0.933856 -0.669751 0 0 0 1 
1807261650238;1.08583;0.990997;0.989404 -0.13011 -0.0644314 -0.615024 0.129212 0.991455 -0.0179244 -0.792586 0.066213 0.00940917 0.997761 0.827419 0 0 0 1 
1807261650239;1.02135;0.762442;0.954165 0.228157 0.193686 0.255657 -0.190708 0.962277 -0.194045 -0.126379 -0.230652 0.148213 0.961682 0.0660767 0 0 0 1 
1807261650240;0.859825;0.301829;0.998412 -0.055696 0.00844023 -0.360667 0.0556536 0.998437 0.00518316 -0.108386 -0.00871571 -0.0047052 0.999951 0.700713 0 0 0 1 
1807261650241;0.991567;0.98072;0.996329 -0.031058 0.0797767 -0.168874 0.0055496 0.953343 0.301839 -0.24912 -0.0854291 -0.300288 0.950015 -0.619141 0 0 0 1 
1807261650242;0.558163;0.495277;0.98186 0.0173201 -0.188814 0.0849095 0.00205431 0.994789 0.101936 -0.124806 0.189595 -0.100475 0.976708 -0.800022 0 0 0 1 
1807261650243;0.371812;0.404471;0.989226 0.103158 0.103879 0.116768 -0.138125 0.892809 0.428735 -0.393803 -0.0485163 -0.438464 0.897438 -1.13026 0 0 0 1 
1807261650244;0.711238;0.160029;0.989293 -0.144187 -0.0225602 -0.600944 0.13895 0.977851 -0.156528 -0.547242 0.0446298 0.151717 0.987416 -0.182293 0 0 0 1 
1807261650245;0.732714;0.49221;0.990547 -0.0605394 -0.123094 -0.271357 0.0326212 0.975562 -0.21729 -0.0652299 0.13324 0.21122 0.968314 0.11854 0 0 0 1 
1807261650246;1.2033;1.13292;0.989679 -0.0407132 0.137394 -0.634477 0.0286317 0.995639 0.0887915 -0.634979 -0.14041 -0.0839413 0.986529 0.909523 0 0 0 1 
1807261650248;0.419559;0.525959;0.999185 -0.0396833 -0.00740635 -0.593493 0.0395495 0.999066 -0.0174134 -0.547957 0.00809046 0.0171062 0.999821 0.0705992 0 0 0 1 
1807261650249;0.496114;0.528864;0.995179 0.084125 -0.0504162 -0.426122 -0.089272 0.989862 -0.110472 -0.597928 0.0406116 0.11444 0.9926 0.678138 0 0 0 1 
1807261650250;0.34812;0.553387;0.996157 0.0260083 -0.0836362 -0.292653 -0.0373578 0.989847 -0.137142 -0.24571 0.0792202 0.139739 0.987014 0.771784 0 0 0 1 
1807261650251;0.451728;0.546471;0.972143 0.219281 -0.0827908 0.165974 -0.226984 0.968832 -0.0992134 -0.238339 0.0584547 0.115242 0.991616 0.666429 0 0 0 1 
1807261650252;0.33029;0.49164;0.897079 -0.249598 -0.364623 -1.50362 0.16761 0.955725 -0.241859 -0.266776 0.408847 0.155852 0.899197 0.813412 0 0 0 1 
1807261650253;0.249687;0.523086;0.995149 -0.096884 0.0170679 -1.05541 0.097079 0.995216 -0.0109897 -0.144311 -0.0159215 0.0125933 0.999794 -0.269467 0 0 0 1 
1807261650254;0.24129;0.452238;0.996355 0.0755901 0.0395368 -0.369376 -0.0675371 0.98212 -0.175725 -0.109203 -0.052113 0.172415 0.983645 0.764404 0 0 0 1 
1807261650255;0.565737;0.547317;0.962505 0.0937087 0.254565 -0.397572 0.0108653 0.924366 -0.381352 -0.610537 -0.271047 0.369819 0.888688 2.05089 0 0 0 1 
1807261650256;0.73595;0.478473;0.906781 0.16231 0.389107 -0.102256 -0.218406 0.970275 0.104241 0.0317757 -0.360621 -0.179507 0.915276 -1.39997 0 0 0 1 
1807261650257;0.0754684;0.537015;0.999856 -0.0025806 -0.0167879 -0.661303 0.00274158 0.99995 0.00957257 -0.0907907 0.0167624 -0.00961721 0.999813 -0.0835148 0 0 0 1 
1807261650258;0.796962;1.00767;0.974654 -0.221167 -0.0336865 -1.82986 0.222735 0.973407 0.0535574 0.158972 0.0209455 -0.0597031 0.997996 -0.0476548 0 0 0 1 
1807261650259;0.200045;0.55782;0.997537 -0.0696617 -0.00816171 -0.900754 0.069817 0.997347 0.0206083 0.0650024 0.00670445 -0.0211274 0.999754 -0.0301885 0 0 0 1 
1807261650260;0.602384;0.536641;0.967958 -0.151642 -0.200153 -1.34304 0.202012 0.943694 0.261978 -0.253645 0.149157 -0.294017 0.94409 -0.553334 0 0 0 1 
1807261650261;0.61809;0.551127;0.927387 -0.135863 -0.34856 -1.09567 0.142562 0.989765 -0.0064898 -0.153273 0.345874 -0.0436728 0.937264 0.45075 0 0 0 1 
