#;prob_registration_l1 -r /home/probabilistic_point_clouds_registration/build/tester /home/point_clouds_registration_benchmark//devel/registration_pairs/pioneer_slam3_local.txt /home/point_clouds_registration_benchmark//tum/pioneer_slam3 -s 0.1 -t 0.1 -p 0.3 -r 1000 -m 20 -i 40 
id;initial_error;final_error;transformation
39885980090000;0.518509;0.143706;0.994268 0.0317927 -0.102084 0.0504889 -0.0185387 0.991569 0.128249 0.000838541 0.105301 -0.125622 0.986474 -0.432653 0 0 0 1 
39885980090001;1.1366;0.581369;0.998422 0.0124295 -0.0547614 0.235424 -0.0102637 0.999161 0.0396561 -0.380583 0.0552084 -0.0390314 0.997712 0.278909 0 0 0 1 
39885980090002;0.639436;0.523653;0.999623 0.0228026 0.015261 0.0636827 -0.0192229 0.978887 -0.203496 0.0537227 -0.0195791 0.203126 0.978957 -0.113464 0 0 0 1 
39885980090003;0.346141;0.0614207;0.955877 -0.0739741 -0.2843 0.210731 -0.0151701 0.954055 -0.299247 0.0929904 0.293375 0.290356 0.910837 -0.83492 0 0 0 1 
39885980090004;1.0895;0.770509;0.969174 -0.0414049 -0.242871 0.175531 -0.0127741 0.976007 -0.217365 0.301243 0.246044 0.213767 0.945392 -1.11775 0 0 0 1 
39885980090005;0.90722;0.612137;0.998945 0.0414539 -0.0197599 0.0337042 -0.0427676 0.996524 -0.0714935 0.25786 0.0167275 0.0722632 0.997245 -0.445829 0 0 0 1 
39885980090006;0.367469;0.0722053;0.978727 -0.0218381 -0.204002 0.0423308 -0.0245145 0.974748 -0.221957 0.075101 0.203697 0.222237 0.953477 -0.981576 0 0 0 1 
39885980090007;0.500039;0.275726;0.998025 -0.0605486 0.0167194 0.00457291 0.0626722 0.941937 -0.32989 -0.184825 0.00422577 0.330287 0.943871 -0.339307 0 0 0 1 
39885980090008;1.30544;0.7877;0.984813 0.0192123 -0.172549 0.105135 -0.0307281 0.997456 -0.0643179 0.274674 0.170875 0.0686432 0.982899 -1.07627 0 0 0 1 
39885980090009;1.07285;0.946764;0.999416 -0.00128028 -0.0341445 -0.0776971 0.00104314 0.999975 -0.00696212 -0.0493684 0.0341526 0.00692244 0.999393 -0.0561021 0 0 0 1 
39885980090010;0.993349;0.79302;0.999747 0.0212749 -0.00731937 0.0243569 -0.0216886 0.997837 -0.0620534 0.0724942 0.00598335 0.0621965 0.998046 0.304364 0 0 0 1 
39885980090011;1.19076;0.776897;0.997766 -0.0129964 0.0655227 -0.187619 0.0294565 0.965974 -0.256957 0.109784 -0.0599537 0.258313 0.964199 -0.615739 0 0 0 1 
39885980090012;1.08018;0.66995;0.995701 -0.0578557 -0.0723395 0.225464 0.0484983 0.990969 -0.125013 -0.378453 0.0789189 0.120967 0.989514 -0.965438 0 0 0 1 
39885980090013;0.734434;0.181399;0.998449 0.0359213 -0.0425355 -0.143062 -0.0448741 0.971453 -0.232948 0.123846 0.0329534 0.234495 0.971559 0.114707 0 0 0 1 
39885980090014;1.32795;0.865945;0.928205 0.0463715 -0.369169 0.301464 0.0289 0.98022 0.19579 -0.0344222 0.370945 -0.192402 0.908505 -1.12868 0 0 0 1 
39885980090015;0.724355;0.0418872;0.999764 0.0118265 0.0182039 0.0176073 -0.0117737 0.999926 -0.00300714 0.0889353 -0.0182382 0.00279211 0.99983 -0.515544 0 0 0 1 
39885980090016;0.348273;0.009584;0.980614 0.0151417 -0.195363 0.0644189 0.0270273 0.977029 0.211387 -0.0307014 0.194076 -0.212569 0.957679 -0.384724 0 0 0 1 
39885980090017;0.847163;0.383389;0.996547 -0.0628164 -0.0543056 0.278921 0.0502177 0.976771 -0.20832 0.112594 0.0661301 0.204874 0.976552 -0.836164 0 0 0 1 
39885980090018;0.98085;0.549089;0.98762 0.00547353 -0.156767 -0.0960054 -0.0321046 0.985289 -0.167855 0.147475 0.153542 0.17081 0.973267 -0.0266626 0 0 0 1 
39885980090019;1.01873;0.33862;0.996866 0.066499 0.0428528 -0.233286 -0.0686819 0.9963 0.0516571 -0.0863046 -0.0392592 -0.0544384 0.997745 0.784262 0 0 0 1 
39885980090020;0.349842;0.190084;0.975575 0.125948 0.179974 -0.182654 -0.0958336 0.981252 -0.167211 0.286277 -0.19766 0.145879 0.969355 0.357703 0 0 0 1 
39885980090021;0.142777;0.0390658;0.977575 -0.0305587 -0.20836 0.0918945 0.010655 0.995326 -0.0959865 -0.0276085 0.210319 0.0916139 0.973331 -0.547855 0 0 0 1 
39885980090022;0.343863;0.171989;0.991117 0.0354993 0.128165 -0.00529761 -0.0301474 0.9986 -0.04346 0.0561336 -0.129528 0.0392101 0.9908 0.440748 0 0 0 1 
39885980090023;0.973502;0.831822;0.949939 0.0144005 -0.312103 0.18035 0.0473833 0.980742 0.189471 -0.127668 0.308821 -0.194774 0.930963 -0.55071 0 0 0 1 
39885980090024;1.13358;0.102683;0.998625 0.0447183 0.0273483 -0.108458 -0.0432809 0.997757 -0.0510682 -0.0205344 -0.0295706 0.0498143 0.998321 -0.85391 0 0 0 1 
39885980090025;0.64818;0.346545;0.99814 -0.0581221 -0.0183752 -0.00590008 0.0567751 0.996146 -0.0668595 -0.284338 0.0221904 0.0656919 0.997593 0.115783 0 0 0 1 
39885980090026;1.25567;0.247046;0.990623 -0.0769387 0.112904 0.13274 0.0595635 0.986903 0.149916 -0.177915 -0.12296 -0.141785 0.982231 1.41137 0 0 0 1 
39885980090027;0.709211;0.219817;0.998568 0.0411027 0.0342351 -0.0815747 -0.0408709 0.999137 -0.00744298 0.276563 -0.0345115 0.0060331 0.999386 0.491641 0 0 0 1 
39885980090028;1.02062;0.577759;0.998992 0.0440357 0.00868288 -0.00773727 -0.044044 0.999029 0.000768533 0.231065 -0.00864061 -0.00115019 0.999962 0.570493 0 0 0 1 
39885980090029;0.737875;0.469654;0.992964 0.0225713 -0.116241 -0.0485004 -0.00173905 0.984339 0.17628 -0.156601 0.1184 -0.174837 0.977453 0.413437 0 0 0 1 
39885980090031;0.500388;0.264015;0.965592 0.0658118 -0.251595 0.488466 -0.0317548 0.990048 0.137103 0.319604 0.258115 -0.124397 0.958072 -1.52281 0 0 0 1 
39885980090032;0.490152;0.64854;0.949786 -0.291164 -0.114587 0.176454 0.296309 0.954609 0.0303922 -0.351857 0.100536 -0.0628191 0.992948 -0.420344 0 0 0 1 
39885980090033;0.259006;0.351863;0.951458 -0.207941 -0.22691 0.187294 0.219303 0.975316 0.025779 -0.213618 0.215949 -0.0742896 0.973574 -0.795772 0 0 0 1 
39885980090034;0.13399;0.275519;0.996364 -0.0471376 -0.070967 0.122681 0.0434397 0.997661 -0.0527795 0.118373 0.0732889 0.0495048 0.996081 -0.254436 0 0 0 1 
39885980090035;0.310003;0.234903;0.992844 0.0675932 -0.0984487 0.481754 -0.0911781 0.961456 -0.259401 0.445692 0.0771204 0.266521 0.960739 0.26036 0 0 0 1 
39885980090036;0.791909;0.24636;0.900732 0.0585858 -0.430406 1.56073 0.0373156 0.976763 0.211047 -0.217612 0.432769 -0.206158 0.877616 -1.98383 0 0 0 1 
39885980090037;0.326129;0.366298;0.999702 0.0174355 0.0170621 0.0813034 -0.0167751 0.999133 -0.0381124 0.222265 -0.0177119 0.0378148 0.999128 0.328945 0 0 0 1 
39885980090038;0.582863;0.579223;0.999981 0.00614499 0.000122054 0.0402609 -0.00613431 0.999084 -0.0423442 -0.0251045 -0.000382147 0.0423426 0.999103 -0.0627053 0 0 0 1 
39885980090039;0.172583;0.299925;0.999539 0.00854619 -0.0291224 0.12386 -0.00958457 0.999316 -0.0357047 0.368449 0.0287974 0.0359674 0.998938 0.0935332 0 0 0 1 
39885980090040;0.259945;0.261092;0.996299 -0.00587748 0.0857515 0.297208 -0.0104859 0.981896 0.18913 0.452421 -0.0853106 -0.189329 0.978201 -0.121994 0 0 0 1 
39885980090041;0.477445;0.489939;0.990195 -0.125629 0.0610874 0.0545607 0.124156 0.991886 0.0273531 -0.309852 -0.0640281 -0.0195005 0.997758 -0.141424 0 0 0 1 
39885980090042;0.418217;0.262391;0.993719 0.111868 -0.00273157 0.46964 -0.111894 0.993098 -0.0351651 0.729545 -0.00122112 0.0352499 0.999378 0.3205 0 0 0 1 
39885980090043;0.341309;0.375728;0.988135 -0.102699 -0.114202 0.169155 0.129152 0.958017 0.255974 -0.250681 0.0831192 -0.267686 0.959914 -0.751098 0 0 0 1 
39885980090044;0.352045;0.287201;0.931535 -0.152863 0.329962 -0.0108212 0.0858947 0.974175 0.208818 -0.0854262 -0.353361 -0.166179 0.920609 0.48213 0 0 0 1 
39885980090045;0.207777;0.362893;0.982079 -0.0824225 0.169493 0.11097 0.0838935 0.996474 -0.0015234 0.123271 -0.168769 0.0157154 0.98553 0.499137 0 0 0 1 
39885980090046;0.379302;0.368127;0.953351 0.030112 0.300358 0.422369 0.0431555 0.971195 -0.234344 0.163466 -0.298763 0.236374 0.924591 1.00447 0 0 0 1 
39885980090047;0.227046;0.214983;0.971288 0.0683759 0.227871 0.356303 -0.0827886 0.995087 0.0542919 0.358991 -0.223039 -0.0715981 0.972177 0.218344 0 0 0 1 
39885980090048;0.266999;0.19441;0.990189 0.0362858 0.134941 0.388599 -0.0097815 0.981326 -0.192104 0.231264 -0.139392 0.188899 0.972053 0.969903 0 0 0 1 
39885980090049;0.523967;0.286046;0.944416 0.0273091 0.327618 0.749882 -0.105585 0.968946 0.223599 0.431264 -0.311337 -0.245762 0.917971 1.03122 0 0 0 1 
39885980090050;0.207409;0.374418;0.99972 -0.000102151 -0.0236635 0.269127 0.00041647 0.999912 0.0132783 0.132638 0.0236601 -0.0132844 0.999632 -0.068223 0 0 0 1 
39885980090051;0.499446;0.201877;0.990058 0.107627 0.0905624 0.709411 -0.0929199 0.983796 -0.153335 0.659916 -0.105598 0.143396 0.984016 -0.0445087 0 0 0 1 
39885980090052;0.316512;0.248838;0.991063 0.065665 0.11611 0.185075 -0.0459025 0.985166 -0.165349 0.501209 -0.125245 0.158541 0.979376 0.325715 0 0 0 1 
39885980090053;0.450592;0.299618;0.995214 -0.0883844 0.0416887 0.085348 0.0905348 0.994489 -0.0528721 0.180422 -0.0367859 0.0563933 0.997731 -0.422073 0 0 0 1 
39885980090054;0.48513;0.494899;0.98339 -0.179314 -0.0281274 0.10016 0.176718 0.910522 0.373793 -0.254649 -0.0414156 -0.372555 0.927086 -0.662843 0 0 0 1 
39885980090055;0.127893;0.32422;0.993538 -0.0951457 -0.0618771 0.24835 0.0899656 0.992587 -0.0817131 0.0787441 0.069193 0.0756183 0.994733 0.0146235 0 0 0 1 
39885980090056;0.526201;0.500768;0.964884 -0.262666 0.00222934 0.287315 0.259777 0.95546 0.140044 -0.158428 -0.038915 -0.134548 0.990143 0.431381 0 0 0 1 
39885980090057;0.593626;0.334651;0.975812 0.0622326 -0.209567 1.08762 0.0146807 0.937807 0.346847 0.0962544 0.218119 -0.341534 0.914209 -0.767115 0 0 0 1 
39885980090058;0.12749;0.240472;0.986576 0.0114372 -0.162901 0.319337 -0.0180374 0.999073 -0.0390956 0.252216 0.162303 0.0415091 0.985868 -0.336855 0 0 0 1 
39885980090059;0.597495;0.426915;0.937217 -0.064715 -0.342691 0.327509 -0.013793 0.974985 -0.221842 0.266571 0.348475 0.21264 0.91288 0.255001 0 0 0 1 
39885980090060;0.466612;0.365745;0.979757 -0.19985 -0.0116537 0.0858444 0.19235 0.955928 -0.221817 -0.0297637 0.0554703 0.215086 0.975019 0.709591 0 0 0 1 
39885980090062;0.722072;0.595663;0.987809 0.024515 -0.153731 -0.0727196 -0.0190876 0.999145 0.0366821 0.125388 0.154499 -0.0333005 0.987432 -0.302337 0 0 0 1 
39885980090063;0.21414;0.0694225;0.998375 0.0270805 0.0501437 -0.00282413 -0.00496901 0.917899 -0.396784 0.134127 -0.0567719 0.39589 0.916541 -0.346344 0 0 0 1 
39885980090064;0.937509;0.60887;0.999633 0.00351414 0.0268459 -0.08213 0.00155956 0.982421 -0.186671 -0.0233785 -0.0270299 0.186645 0.982056 -0.690888 0 0 0 1 
39885980090065;0.614008;0.34191;0.942361 0.119643 0.312475 -0.123956 -0.025823 0.957105 -0.288587 0.239877 -0.333599 0.263884 0.905029 0.463772 0 0 0 1 
39885980090066;0.857809;0.108482;0.998985 -0.00927953 0.0440785 0.0985774 0.0134261 0.995412 -0.0947299 -0.402385 -0.0429973 0.0952255 0.994527 0.597403 0 0 0 1 
39885980090067;0.711929;0.618583;0.993626 -0.00961522 -0.112313 0.102594 -0.00561141 0.990901 -0.134475 0.0241322 0.112584 0.134249 0.984531 -0.583965 0 0 0 1 
39885980090068;0.589386;0.114393;0.999989 -0.00426762 0.00186821 0.0403474 0.0042613 0.999985 0.00337486 0.0359332 -0.00188258 -0.00336686 0.999993 0.490031 0 0 0 1 
39885980090069;0.410197;0.145002;0.999045 -0.00510313 -0.0434015 0.106687 0.00590377 0.999814 0.0183392 -0.0348427 0.0432999 -0.0185779 0.998889 -0.345042 0 0 0 1 
39885980090070;0.483885;0.132061;0.932887 0.111512 0.342472 -0.133196 -0.120786 0.992662 0.00579866 0.253102 -0.339313 -0.0467754 0.93951 1.10836 0 0 0 1 
39885980090071;0.64931;0.553159;0.975529 -0.0493112 -0.21427 0.094028 -0.0261788 0.941544 -0.33587 0.184594 0.218307 0.33326 0.917213 -0.847277 0 0 0 1 
39885980090072;0.398606;0.323219;0.99901 -0.0291386 0.0336204 -0.0146621 0.0211542 0.975894 0.217218 -0.10514 -0.0391394 -0.216291 0.975544 0.37953 0 0 0 1 
39885980090073;0.928997;0.665886;0.952972 0.105466 -0.284115 0.0518683 -0.0985832 0.994385 0.0384601 0.413557 0.286576 -0.00864247 0.958019 -0.442525 0 0 0 1 
39885980090074;0.42064;0.26448;0.912826 0.00131456 0.408346 0.138661 0.0321927 0.996651 -0.0751727 -0.129567 -0.407078 0.0817654 0.909726 1.04757 0 0 0 1 
39885980090075;0.428471;0.214043;0.945876 0.0603223 0.318874 -0.00303987 -0.116499 0.980194 0.160146 0.352213 -0.302898 -0.188627 0.93417 1.1802 0 0 0 1 
39885980090076;0.878954;0.732044;0.993317 -0.0108146 0.114913 0.0220192 0.0112922 0.99993 -0.00350639 -0.0409233 -0.114867 0.00478059 0.993369 0.708315 0 0 0 1 
39885980090077;0.395145;0.439348;0.999137 0.0415267 0.000310798 -0.0922891 -0.0406072 0.978526 -0.202085 -0.0408796 -0.00869603 0.201898 0.979368 -0.210052 0 0 0 1 
39885980090078;1.1758;0.155991;0.999459 -0.0234675 0.023038 -0.0470844 0.0246316 0.998363 -0.0516189 -0.0843112 -0.0217889 0.0521585 0.998401 -0.977824 0 0 0 1 
39885980090079;1.02505;0.738445;0.962653 -0.0127525 -0.270436 -0.0383136 -0.0579762 0.966008 -0.251927 0.175669 0.264456 0.258197 0.929192 -0.518798 0 0 0 1 
39885980090080;0.475546;0.0666042;0.999787 -0.0199606 -0.00516539 0.0807138 0.0198662 0.999646 -0.0177259 -0.0955291 0.00551738 0.0176195 0.99983 -0.41624 0 0 0 1 
39885980090081;0.321616;0.0722433;0.944787 -0.0133685 0.327411 0.178199 0.019868 0.999666 -0.0165145 -0.0853323 -0.327081 0.0221077 0.944738 0.959521 0 0 0 1 
39885980090082;1.0641;0.304076;0.969589 0.080442 0.231143 -0.414179 -0.0879595 0.995872 0.0223871 0.24812 -0.228388 -0.0420375 0.972662 -0.0207087 0 0 0 1 
39885980090083;0.893927;0.233719;0.946184 0.022391 0.322853 -0.155761 -0.129499 0.94045 0.3143 0.0810604 -0.29659 -0.339195 0.892738 0.77146 0 0 0 1 
39885980090084;0.543877;0.493816;0.996196 -0.0214789 -0.084452 0.0837004 0.00803272 0.987655 -0.156439 -0.421905 0.0867696 0.155165 0.984071 -0.326471 0 0 0 1 
39885980090085;0.738131;0.594884;0.878299 0.0825646 0.470929 0.103494 -0.102496 0.994592 0.0167847 0.136021 -0.466997 -0.0630105 0.882011 0.991174 0 0 0 1 
39885980090086;0.60161;0.062913;0.999431 0.0332615 0.00568428 -0.0179191 -0.0334759 0.99851 0.0430876 0.0796606 -0.00424265 -0.0432533 0.999055 0.576568 0 0 0 1 
39885980090087;0.217577;0.0952672;0.999193 0.0282372 -0.0285665 -0.10614 -0.0275974 0.999365 0.0225463 -0.0565698 0.029185 -0.0217397 0.999338 -0.11904 0 0 0 1 
39885980090088;0.201974;0.131661;0.999146 -0.0159651 0.0381105 0.0360116 0.0242079 0.973644 -0.226785 -0.00818289 -0.0334855 0.227514 0.973199 -0.259325 0 0 0 1 
39885980090089;0.645809;0.253314;0.914456 0.0274997 -0.40375 0.274617 0.00800048 0.996265 0.0859768 -0.111291 0.404606 -0.0818522 0.91082 -1.32476 0 0 0 1 
39885980090090;0.450371;0.295976;0.962093 0.0638594 0.265139 -0.0461099 -0.0782355 0.995963 0.0440081 0.165206 -0.261258 -0.0630831 0.963205 0.931545 0 0 0 1 
39885980090091;0.498519;0.255537;0.9968 0.000422356 -0.0799311 0.0328281 0.00771491 0.994809 0.101467 -0.204663 0.0795591 -0.101759 0.991623 0.307233 0 0 0 1 
39885980090093;0.227552;0.162769;0.981163 -0.00453042 0.193129 -0.095878 -0.00471631 0.998865 0.0473919 0.150163 -0.193125 -0.04741 0.980028 0.447956 0 0 0 1 
39885980090094;0.336698;0.347952;0.98252 -0.13029 0.132964 0.495395 0.134993 0.99048 -0.0269519 0.11169 -0.128187 0.04443 0.990754 -0.131606 0 0 0 1 
39885980090095;0.148785;0.183769;0.987298 0.00736806 -0.15871 -0.0752527 -0.0166799 0.998211 -0.0574199 0.203515 0.158003 0.0593378 0.985654 -0.179283 0 0 0 1 
39885980090096;0.662123;0.423106;0.973542 0.113005 -0.198612 -0.207036 -0.0547763 0.959228 0.277275 0.144473 0.221848 -0.259059 0.940038 0.156615 0 0 0 1 
39885980090097;0.657715;0.40658;0.96726 0.0543172 0.247908 -0.280893 -0.0710711 0.995717 0.0591336 -0.350182 -0.243634 -0.0748166 0.966977 0.287449 0 0 0 1 
39885980090098;0.630821;0.270983;0.999604 0.0277446 -0.00468031 -0.316349 -0.0277911 0.947583 -0.3183 0.00845513 -0.00439612 0.318304 0.947979 -0.305701 0 0 0 1 
39885980090099;0.628543;0.557325;0.95447 -0.0890445 0.284707 0.304815 0.0973792 0.995131 -0.0152247 0.985802 -0.281965 0.0422561 0.958494 0.552254 0 0 0 1 
39885980090100;0.425699;0.318746;0.953904 0.255167 0.157977 -1.24683 -0.227673 0.958242 -0.173022 0.722333 -0.19553 0.12908 0.972166 -0.549491 0 0 0 1 
39885980090101;0.696606;0.476387;0.999578 -0.00976549 -0.0273629 -0.0390921 0.0148933 0.980891 0.193989 -0.109088 0.0249456 -0.194314 0.980622 1.08809 0 0 0 1 
39885980090102;0.122477;0.0721271;0.999676 0.0243433 0.0074231 -0.186644 -0.0243848 0.999687 0.00554943 0.120007 -0.00728568 -0.00572865 0.999957 0.0908718 0 0 0 1 
39885980090103;0.717527;0.491891;0.96745 0.156672 0.198731 -0.860827 -0.14081 0.985783 -0.0916724 0.316689 -0.210268 0.0607052 0.975757 0.0773214 0 0 0 1 
39885980090104;0.685443;0.528167;0.999154 -0.0393918 -0.0118074 0.278041 0.0395073 0.999172 0.00971005 -0.163334 0.0114152 -0.0101683 0.999883 -0.229161 0 0 0 1 
39885980090105;0.47354;0.452088;0.999902 -0.00308115 0.013649 0.00501128 0.00282341 0.999818 0.0188629 -0.0306086 -0.0137047 -0.0188226 0.999729 0.100372 0 0 0 1 
39885980090106;0.459683;0.221402;0.951947 0.174985 -0.251352 -0.638729 -0.14655 0.980906 0.127852 0.352974 0.268924 -0.0848726 0.959415 -0.432106 0 0 0 1 
39885980090107;0.891834;0.853369;0.978865 -0.186762 0.083331 0.623933 0.186332 0.982401 0.0129789 0.000215545 -0.0842884 0.0028226 0.996437 0.120372 0 0 0 1 
39885980090108;0.424446;0.259337;0.895944 -0.171876 0.409564 0.388591 0.134353 0.98377 0.118938 0.220718 -0.423359 -0.0515358 0.904495 0.450666 0 0 0 1 
39885980090109;0.495711;0.266834;0.952549 0.304384 -0.00100314 -1.45151 -0.304043 0.95163 0.0442546 0.889442 0.014425 -0.0418496 0.99902 0.361586 0 0 0 1 
39885980090110;0.968235;0.686671;0.990042 -0.061254 0.126751 0.284027 0.0300808 0.971628 0.234594 -0.254175 -0.137524 -0.228445 0.963795 1.86076 0 0 0 1 
39885980090111;0.425117;0.148195;0.998178 0.0540923 0.0267156 -0.369774 -0.0548313 0.99811 0.0277513 0.268356 -0.0251639 -0.0291656 0.999258 0.667102 0 0 0 1 
39885980090112;0.465914;0.250512;0.992702 0.118668 0.0214656 -0.513839 -0.107434 0.951106 -0.28958 0.511239 -0.0547798 0.28516 0.956913 -1.0219 0 0 0 1 
39885980090113;0.34947;0.118275;0.994357 0.101592 0.0305449 -0.576074 -0.105802 0.928733 0.355331 0.505621 0.00773064 -0.356557 0.934241 1.5074 0 0 0 1 
39885980090114;0.0961654;0.100787;0.996969 0.0621817 -0.0467561 -0.349254 -0.0619503 0.998059 0.00638333 0.143521 0.0470622 -0.00346743 0.998886 -0.123957 0 0 0 1 
39885980090115;0.726185;0.368319;0.983887 -0.0962373 -0.150682 0.119627 0.0904527 0.994893 -0.0448002 0.338165 0.154224 0.0304487 0.987567 0.713063 0 0 0 1 
39885980090116;0.788969;0.884929;0.996029 -0.0822722 -0.0340303 0.215052 0.0813705 0.996316 -0.0270855 0.907812 0.0361333 0.0242089 0.999054 0.673405 0 0 0 1 
39885980090117;0.478045;0.220481;0.995201 0.0522842 0.0827128 -0.335694 -0.05363 0.998461 0.0141325 0.243138 -0.0818466 -0.0185006 0.996473 0.724947 0 0 0 1 
39885980090118;0.326438;0.353276;0.994819 -0.0990274 0.0229856 0.318849 0.0985052 0.994874 0.022839 0.255718 -0.0251295 -0.0204564 0.999475 0.295503 0 0 0 1 
39885980090119;0.735474;0.373754;0.982054 -0.101103 0.159212 0.377795 0.10664 0.993942 -0.02661 0.0725535 -0.155557 0.0431108 0.986886 0.803606 0 0 0 1 
39885980090120;0.723848;0.125775;0.992895 -0.00580851 0.118854 -0.154886 0.0163594 0.995987 -0.0879898 0.634362 -0.117866 0.0893089 0.989005 0.530148 0 0 0 1 
39885980090121;0.394688;0.291117;0.998673 0.0494033 -0.0145528 -0.26665 -0.050933 0.989279 -0.136868 -0.113046 0.00763503 0.137427 0.990482 -0.197553 0 0 0 1 
39885980090122;0.722168;0.302568;0.983137 0.176738 0.0469656 -0.887764 -0.175685 0.984111 -0.0257072 0.323477 -0.0507628 0.0170226 0.998566 0.90651 0 0 0 1 
39885980090124;0.340489;0.0180913;0.995864 0.0905046 0.00802695 0.225548 -0.0904835 0.995894 -0.00295073 -0.643809 -0.00826105 0.00221221 0.999963 -0.369391 0 0 0 1 
39885980090125;0.370091;0.0361658;0.930177 0.0096267 0.366986 -0.358978 -0.0451751 0.99506 0.0884003 -0.261514 -0.364322 -0.0988065 0.926017 -1.0007 0 0 0 1 
39885980090126;0.34208;0.0311903;0.900133 0.253933 0.353946 0.666337 -0.26662 0.963709 -0.0133473 -0.547599 -0.344491 -0.0823549 0.93517 -0.584147 0 0 0 1 
39885980090127;0.0863411;0.0321109;0.995947 -0.0141256 -0.0888249 -0.032122 0.0192905 0.998156 0.0575594 -0.000293836 0.087848 -0.0590396 0.994383 -0.0204606 0 0 0 1 
39885980090128;0.358883;0.0172365;0.974299 0.161683 0.156842 0.662059 -0.169069 0.984987 0.0348647 -0.000863344 -0.14885 -0.0604857 0.987008 0.194052 0 0 0 1 
39885980090129;0.382249;0.0665467;0.944236 0.329253 0.00345987 1.26531 -0.329266 0.944227 0.00433499 -0.73795 -0.00183959 -0.00523247 0.999985 -0.0404187 0 0 0 1 
39885980090130;0.323168;0.0337962;0.974952 0.175677 -0.136406 0.870173 -0.19158 0.974858 -0.11379 -0.0882796 0.112986 0.137073 0.984096 0.332047 0 0 0 1 
39885980090131;0.505537;0.0542645;0.996795 -0.0791811 -0.011429 -0.704415 0.0784248 0.995349 -0.0559512 -0.639442 0.0158061 0.0548755 0.998368 -0.217766 0 0 0 1 
39885980090132;0.44134;0.34629;0.99921 -0.0218252 -0.0331984 -0.151226 0.0181913 0.994192 -0.106074 0.117662 0.0353206 0.105386 0.993804 0.803062 0 0 0 1 
39885980090133;0.275576;0.0459333;0.999392 -0.0331332 -0.0108302 -0.539589 0.033235 0.999404 0.00935898 -0.108954 0.0105137 -0.00971324 0.999898 -0.169349 0 0 0 1 
39885980090134;0.264805;0.0350857;0.984783 -0.121457 0.124302 -0.434864 0.148762 0.958901 -0.241618 0.0731207 -0.0898472 0.256433 0.962377 0.967015 0 0 0 1 
39885980090135;0.321182;0.0639254;0.98081 0.193567 0.0233228 0.393175 -0.189182 0.973799 -0.126193 -0.217806 -0.0471386 0.119359 0.991731 0.684284 0 0 0 1 
39885980090136;0.536598;0.015381;0.991298 0.0629327 -0.115617 -0.187383 -0.0774312 0.989064 -0.125526 0.0989981 0.106453 0.133386 0.98533 1.49317 0 0 0 1 
39885980090137;0.239766;0.0254801;0.998927 0.0313813 0.0340676 -0.0762892 -0.0331528 0.998058 0.0527428 0.0500748 -0.0323463 -0.0538156 0.998027 -0.641619 0 0 0 1 
39885980090138;0.366462;0.0329566;0.938291 -0.329958 -0.103617 -1.25556 0.32164 0.942651 -0.0892051 0.245166 0.127109 0.0503728 0.990609 0.11544 0 0 0 1 
39885980090139;0.522118;0.348181;0.993017 0.110986 0.0399921 0.364626 -0.113318 0.991639 0.0617414 -0.627369 -0.0328053 -0.0658421 0.997291 0.179832 0 0 0 1 
39885980090140;0.328612;0.0208564;0.978219 -0.0334828 -0.204856 -0.153292 0.0170442 0.996528 -0.0814894 0.0289399 0.206873 0.0762229 0.975394 1.08221 0 0 0 1 
39885980090141;0.0802768;0.00470646;0.998959 -0.0188641 0.0415446 -0.177528 0.0169599 0.99881 0.0457197 -0.0367976 -0.0423577 -0.0449675 0.99809 -0.13995 0 0 0 1 
39885980090142;0.374391;0.0442568;0.940547 0.241069 -0.239286 1.06487 -0.167058 0.941695 0.292065 -0.618257 0.295742 -0.234726 0.925981 -0.63124 0 0 0 1 
39885980090143;0.228673;0.0480776;0.986809 0.154007 -0.0499028 0.60991 -0.154151 0.988047 0.000965795 -0.134269 0.049455 0.00673951 0.998754 -0.153512 0 0 0 1 
39885980090144;0.446317;0.0484342;0.931509 0.363582 0.00998425 1.33843 -0.363717 0.931238 0.0224898 -0.823615 -0.00112083 -0.0245809 0.999697 0.249129 0 0 0 1 
39885980090145;0.0431272;0.0122999;0.999726 0.00995223 0.0211863 -0.00970929 -0.0107248 0.99927 0.0366708 -0.0199926 -0.0208059 -0.036888 0.999103 -0.165857 0 0 0 1 
39885980090146;0.329175;0.0252561;0.99429 -0.098031 -0.0421662 -0.205254 0.0967706 0.994825 -0.0309636 0.408772 0.0449834 0.0267063 0.998631 0.632005 0 0 0 1 
39885980090147;0.155218;0.0130605;0.99868 0.0469401 0.0208311 0.0238715 -0.0481312 0.996981 0.060934 -0.112805 -0.0179079 -0.0618562 0.997924 -9.76529e-05 0 0 0 1 
39885980090148;0.427209;0.0148089;0.987323 0.141409 0.0720874 0.307154 -0.120486 0.963373 -0.239573 -0.451354 -0.103325 0.22785 0.968198 1.47063 0 0 0 1 
39885980090149;0.211483;0.0150026;0.985271 -0.115802 0.125822 -0.637323 0.115057 0.993271 0.0131913 0.165914 -0.126503 0.00147977 0.991965 0.0859481 0 0 0 1 
39885980090150;0.560906;0.0906891;0.946023 0.186819 -0.264837 0.991673 -0.21258 0.974492 -0.0719394 0.390305 0.244642 0.124355 0.961606 0.259084 0 0 0 1 
39885980090151;0.283425;0.0306494;0.952409 0.27299 0.135626 0.878794 -0.227192 0.932356 -0.281241 -0.432603 -0.203228 0.237043 0.950005 0.635219 0 0 0 1 
39885980090152;0.461176;0.054314;0.916507 -0.37809 0.130627 -1.65192 0.371814 0.925631 0.0704419 0.211768 -0.147545 -0.0159915 0.988926 -0.396562 0 0 0 1 
39885980090153;0.364593;0.0115573;0.993408 0.10324 0.0498222 -0.000726005 -0.106496 0.991995 0.0678525 -0.582374 -0.0424182 -0.0727111 0.996451 -0.711998 0 0 0 1 
39885980090155;0.220386;0.504771;0.999236 -0.0375306 -0.0108605 0.0583756 0.0374017 0.99923 -0.0118365 0.283537 0.0112964 0.0114212 0.999871 -0.029407 0 0 0 1 
39885980090156;0.547565;0.651712;0.96219 -0.0609144 0.265481 0.310553 0.0263753 0.990929 0.131775 0.285689 -0.2711 -0.11979 0.955068 1.30742 0 0 0 1 
39885980090157;0.178395;0.132027;0.999883 0.0027501 0.0150488 -0.000350471 -0.00273893 0.999996 -0.000762996 -0.00698521 -0.0150509 0.000721689 0.999886 -0.0464396 0 0 0 1 
39885980090158;0.913519;0.644382;0.909371 0.0124922 0.415798 0.609385 -0.0747632 0.988181 0.133822 0.758146 -0.409212 -0.152781 0.899558 2.07406 0 0 0 1 
39885980090159;0.31181;0.253023;0.995683 0.0664674 -0.0647817 -0.154773 -0.0880864 0.896648 -0.433893 0.626258 0.0292466 0.437727 0.898632 -0.235185 0 0 0 1 
39885980090160;0.529179;0.187868;0.99978 -0.00710638 -0.0197329 -0.194412 0.00765384 0.999584 0.0278081 0.111548 0.019527 -0.027953 0.999418 0.481254 0 0 0 1 
39885980090161;0.588623;0.631691;0.982177 -0.104889 0.15597 0.0831702 0.0842551 0.987462 0.13349 0.295396 -0.168016 -0.117969 0.9787 1.10515 0 0 0 1 
39885980090162;0.825722;0.746582;0.982529 -0.175796 -0.0610902 0.349983 0.1753 0.984423 -0.0134226 0.176872 0.0624983 0.00247892 0.998042 -0.936249 0 0 0 1 
39885980090163;0.504725;0.238809;0.999634 0.0269488 -0.00232834 0.0542389 -0.0268092 0.998528 0.0471597 0.62338 0.00359581 -0.04708 0.998885 0.04264 0 0 0 1 
39885980090164;0.244441;0.151121;0.996594 0.0228065 -0.079242 -0.0393172 -0.0124289 0.991558 0.129065 0.109179 0.0815165 -0.12764 0.988465 -0.41378 0 0 0 1 
39885980090165;0.707584;0.182521;0.999195 0.0378846 0.0132123 -0.270936 -0.0380064 0.999236 0.00909669 0.48587 -0.0128575 -0.00959151 0.999871 -0.624981 0 0 0 1 
39885980090166;0.507941;0.733462;0.981115 0.118009 0.153255 -0.133769 -0.102616 0.989189 -0.104762 1.30114 -0.163961 0.0870569 0.982618 0.807151 0 0 0 1 
39885980090167;0.79424;0.621845;0.985398 -0.149818 -0.0808987 0.157968 0.141121 0.984489 -0.104243 0.308713 0.0952613 0.0913041 0.991256 0.378611 0 0 0 1 
39885980090168;0.994365;0.585089;0.994526 0.103347 -0.0154045 0.28097 -0.103848 0.993928 -0.0363813 1.27565 0.0115511 0.0377819 0.999219 0.721151 0 0 0 1 
39885980090169;0.602224;0.694583;0.965159 0.200004 -0.168718 -0.0756956 -0.216007 0.972913 -0.0823504 1.91146 0.147677 0.115925 0.982218 -0.716914 0 0 0 1 
39885980090170;0.878287;0.74934;0.977323 -0.0797138 -0.196177 0.00695684 0.118194 0.974048 0.193031 0.165836 0.175699 -0.21184 0.961381 0.329713 0 0 0 1 
39885980090171;0.174618;0.229815;0.992579 0.0555479 -0.108172 -0.189053 -0.0514392 0.997858 0.0404122 0.208572 0.110185 -0.034548 0.993311 -0.393916 0 0 0 1 
39885980090172;0.809772;0.160348;0.999377 0.0343729 -0.00800281 -0.368524 -0.0342262 0.999256 0.017791 0.439412 0.00860838 -0.017506 0.99981 0.724687 0 0 0 1 
39885980090173;0.12527;0.543945;0.997766 0.0345338 -0.057187 -0.0172384 -0.0414631 0.991316 -0.124794 0.737396 0.0523808 0.126886 0.990533 -0.234779 0 0 0 1 
39885980090174;1.08358;0.691258;0.956387 0.0513667 0.287552 -0.0716991 -0.0681942 0.996478 0.0488061 0.942919 -0.284032 -0.0662869 0.956521 1.89153 0 0 0 1 
39885980090175;0.382051;0.231887;0.999735 0.022552 0.0046695 -0.219723 -0.02252 0.999723 -0.0068008 0.207258 -0.00482158 0.00669384 0.999966 0.418359 0 0 0 1 
39885980090176;1.01834;1.12749;0.956311 -0.0404387 0.28954 -0.0705905 0.051645 0.998179 -0.0311655 0.342411 -0.287752 0.0447572 0.956659 1.40377 0 0 0 1 
39885980090177;0.304463;0.233947;0.999049 -0.00289181 0.0435141 0.0619328 0.00193897 0.999758 0.0219236 0.211683 -0.0435669 -0.0218184 0.998812 -0.0695199 0 0 0 1 
39885980090178;0.543046;0.457416;0.995727 0.00267518 0.0923049 -0.299026 0.00149638 0.998982 -0.0450944 0.302165 -0.0923316 0.0450399 0.994709 0.681538 0 0 0 1 
39885980090179;0.361753;0.268396;0.989785 0.0154233 -0.141733 -0.183703 -0.0191363 0.999507 -0.0248715 0.275869 0.14128 0.0273297 0.989592 -0.101565 0 0 0 1 
39885980090180;0.25283;0.9725;0.998798 -0.00413384 -0.0488379 -0.111367 0.00535499 0.999676 0.0248997 0.986486 0.0487191 -0.0251313 0.998496 0.0358372 0 0 0 1 
39885980090181;0.881259;1.05263;0.981 -0.00380254 -0.19397 0.012304 0.0267455 0.992912 0.1158 0.31267 0.192155 -0.118787 0.974149 -0.0395721 0 0 0 1 
39885980090182;0.669254;0.502768;0.99888 0.0468963 0.00631179 -0.0637657 -0.0471069 0.998133 0.0388693 0.296254 -0.00447718 -0.039123 0.999224 -0.532 0 0 0 1 
39885980090183;0.198594;0.219949;0.969169 0.00318048 0.246375 0.0794678 -0.0151736 0.998789 0.0467954 0.266303 -0.245927 -0.049091 0.968044 0.922017 0 0 0 1 
39885980090184;0.838159;0.340685;0.99473 0.0983463 -0.0289696 -0.149823 -0.102233 0.930198 -0.352534 0.907802 -0.00772287 0.353638 0.935351 -0.754538 0 0 0 1 
39885980090186;1.03403;0.803686;0.999181 0.0187655 0.035861 -0.0278841 -0.0175766 0.999295 -0.0331855 -0.810191 -0.0364584 0.032528 0.998806 -0.614968 0 0 0 1 
39885980090187;0.391456;0.275964;0.998679 -0.0226296 0.0461327 -0.124497 0.0186141 0.996148 0.0856862 -0.367874 -0.047894 -0.0847143 0.995254 -0.122268 0 0 0 1 
39885980090188;0.19321;0.220365;0.995046 -0.0310201 -0.0944498 -0.0538782 0.0215502 0.994786 -0.0996814 -0.207192 0.0970494 0.0971522 0.990527 -0.547681 0 0 0 1 
39885980090189;0.694654;0.377112;0.974431 -0.0321301 0.222378 0.115234 0.0174744 0.997562 0.0675615 -0.070151 -0.224007 -0.0619481 0.972617 1.24447 0 0 0 1 
39885980090190;0.710931;0.190059;0.999136 -0.00624523 -0.0410891 -0.114195 0.0158687 0.971069 0.238273 -0.0522185 0.0384122 -0.238719 0.970329 0.72202 0 0 0 1 
39885980090191;0.303973;0.295906;0.99737 0.0668353 0.0280498 -0.318082 -0.0669945 0.997742 0.00477274 0.0790628 -0.0276675 -0.00663937 0.999595 -0.087514 0 0 0 1 
39885980090192;0.937341;0.272538;0.999772 -0.00459029 0.0208443 -0.00465423 0.00446156 0.999971 0.00621774 -0.644479 -0.0208722 -0.00612332 0.999763 0.800514 0 0 0 1 
39885980090193;0.0973903;0.206048;0.999896 -0.00702877 0.0126287 -0.0867154 0.00693297 0.999947 0.00761384 -0.119984 -0.0126815 -0.00752549 0.999891 0.0665381 0 0 0 1 
39885980090194;0.330993;0.132679;0.99941 -0.0280823 0.0197994 -0.0117164 0.0289572 0.99855 -0.045382 -0.342053 -0.0184963 0.0459286 0.998773 0.110578 0 0 0 1 
39885980090195;0.913121;0.246469;0.999212 0.0389942 -0.00740916 -0.160496 -0.0393905 0.997155 -0.0642729 0.170288 0.00488181 0.0645141 0.997905 -0.888065 0 0 0 1 
39885980090196;0.843835;0.272818;0.99343 0.0865989 0.0748186 -0.149361 -0.0890703 0.995563 0.0303467 0.133274 -0.0718586 -0.0368114 0.996735 -0.501601 0 0 0 1 
39885980090197;0.709255;0.221256;0.999589 -0.00542185 0.0281361 -0.113545 0.00126316 0.989318 0.145767 -0.330395 -0.0286258 -0.145671 0.988919 -0.423289 0 0 0 1 
39885980090198;1.04503;0.574414;0.998785 -0.0213634 -0.0444092 -0.0486595 0.0164268 0.993939 -0.108695 -0.137598 0.0464621 0.107834 0.993083 0.64361 0 0 0 1 
39885980090199;0.0833687;0.162869;0.998968 -0.0093352 0.0444541 -0.0815612 0.00885226 0.9999 0.0110483 -0.182429 -0.0445528 -0.0106434 0.99895 0.124823 0 0 0 1 
39885980090200;1.06244;0.608542;0.999687 -0.0213244 -0.0130485 -0.0513569 0.0211368 0.999674 -0.0143504 -0.0517088 0.0133502 0.0140701 0.999812 0.771901 0 0 0 1 
39885980090201;0.454509;0.337687;0.974654 -0.0786472 -0.209436 -0.028075 0.0718387 0.996617 -0.0399318 -0.267713 0.211868 0.0238741 0.977007 -0.423048 0 0 0 1 
39885980090202;0.602175;0.401078;0.922445 0.0642315 -0.38075 -0.158706 -0.0355633 0.996009 0.0818648 -0.0171645 0.384488 -0.061975 0.921047 -0.922345 0 0 0 1 
39885980090203;0.367742;0.238576;0.913203 -0.00853955 0.407415 0.184234 -0.06001 0.986062 0.155178 0.139871 -0.403062 -0.166158 0.899963 1.54916 0 0 0 1 
39885980090204;1.06319;0.341119;0.972948 0.0764086 0.218025 -0.0138102 -0.0556561 0.99345 -0.0997945 -0.10247 -0.224222 0.0849605 0.970828 1.62766 0 0 0 1 
39885980090205;0.675409;0.201868;0.998138 0.0608805 0.00370432 -0.600113 -0.0604564 0.995568 -0.0720374 -0.262719 -0.00807358 0.0716793 0.997395 -0.277347 0 0 0 1 
39885980090206;0.947378;0.22102;0.995251 0.0493341 0.0839114 -0.271254 -0.0563628 0.994907 0.0835685 -0.239297 -0.0793612 -0.0879011 0.992963 1.16599 0 0 0 1 
39885980090207;0.975527;0.329217;0.998155 -0.0453151 -0.0404216 -0.112965 0.0461607 0.998729 0.020237 -0.130004 0.0394531 -0.0220655 0.998978 -0.94695 0 0 0 1 
39885980090208;0.357335;0.273782;0.96568 0.116782 0.232002 -0.188433 -0.098759 0.991224 -0.0878751 0.230199 -0.240228 0.061947 0.968738 0.494296 0 0 0 1 
39885980090209;0.567849;0.219903;0.988677 0.149441 0.0135768 -0.629303 -0.14958 0.9887 0.0099089 0.15896 -0.0119426 -0.0118275 0.999859 0.17194 0 0 0 1 
39885980090210;0.29383;0.220234;0.976009 0.0101295 0.217496 0.000627839 -0.0286413 0.99621 0.0821303 -0.0546105 -0.215839 -0.0863893 0.9726 1.00044 0 0 0 1 
39885980090211;0.573799;0.468929;0.99728 0.047472 0.0563845 -0.387553 -0.0207054 0.914605 -0.403818 -0.190759 -0.0707396 0.401552 0.9131 0.026062 0 0 0 1 
39885980090212;0.324919;0.312129;0.995635 0.0829275 -0.0428357 -0.174783 -0.0790698 0.993237 0.0850241 0.0182327 0.0495968 -0.0812659 0.995458 0.169421 0 0 0 1 
39885980090213;0.920265;0.292892;0.990613 -0.069987 -0.117421 0.0284846 0.0784486 0.994524 0.069054 -0.712961 0.111946 -0.0776173 0.990678 0.478473 0 0 0 1 
39885980090214;0.527822;0.813032;0.997215 0.0566095 0.0485548 -0.455735 -0.0574552 0.998217 0.0162017 -0.201483 -0.047551 -0.0189463 0.998689 0.479174 0 0 0 1 
39885980090215;0.58213;0.535491;0.996313 -0.0172754 0.0840349 -0.00136474 0.02044 0.999108 -0.0369442 -0.115842 -0.0833217 0.0385257 0.995778 0.266932 0 0 0 1 
39885980090217;1.03417;0.954224;0.998636 0.0492782 -0.01728 0.0263464 -0.0501682 0.997195 -0.0555417 0.270009 0.0144946 0.0563329 0.998307 -0.564363 0 0 0 1 
39885980090218;0.202378;0.2537;0.99873 0.041573 -0.0284527 -0.0245172 -0.04134 0.999107 0.00873034 0.206168 0.0287902 -0.00754302 0.999557 -0.163785 0 0 0 1 
39885980090219;0.470141;0.848048;0.993295 -0.0458484 0.106128 0.0656499 0.0386204 0.996856 0.0691884 0.331086 -0.108966 -0.0646258 0.991942 0.417752 0 0 0 1 
39885980090220;1.3181;0.556175;0.975395 0.0793233 -0.205699 0.0257242 -0.0940132 0.993599 -0.0626374 0.92777 0.199414 0.0804347 0.976609 -0.434451 0 0 0 1 
39885980090221;1.15923;1.017;0.935307 -0.0367838 0.35192 -0.0397184 0.0940837 0.984632 -0.147132 -0.166986 -0.3411 0.170723 0.924394 0.739349 0 0 0 1 
39885980090222;0.407338;0.565699;0.974451 0.0572081 0.217191 0.0899012 -0.0800014 0.992001 0.0976421 0.549287 -0.209868 -0.112523 0.971233 0.880209 0 0 0 1 
39885980090223;0.517255;0.46402;0.980699 0.00650402 0.195416 0.0257252 -0.0248467 0.995489 0.091561 0.210675 -0.193939 -0.0946492 0.976437 0.814651 0 0 0 1 
39885980090224;1.08029;0.947994;0.986753 -0.112517 0.11687 -0.0632172 0.100378 0.98939 0.105031 -0.318947 -0.127448 -0.0919083 0.987578 0.539325 0 0 0 1 
39885980090225;0.715361;0.490041;0.995318 -0.0604793 -0.0754 0.0977915 0.0388467 0.964582 -0.260907 0.188533 0.0885089 0.256757 0.962415 0.139992 0 0 0 1 
39885980090226;0.549209;0.504271;0.955693 -0.0181168 0.293806 0.0496602 -0.0123859 0.994745 0.101627 0.0914721 -0.294104 -0.100763 0.950447 1.00003 0 0 0 1 
39885980090227;1.15995;0.719988;0.982462 0.18644 -0.00298468 0.376441 -0.186024 0.981121 0.0528809 1.01271 0.0127874 -0.0513983 0.998596 -0.478863 0 0 0 1 
39885980090228;0.215505;0.310405;0.991779 0.115966 0.0540877 0.0286187 -0.114744 0.993076 -0.025183 0.544393 -0.0566336 0.0187698 0.998219 0.00502164 0 0 0 1 
39885980090229;0.121617;0.267677;0.999635 0.0270301 0.000242224 0.00261119 -0.0270019 0.998096 0.0554591 0.198883 0.0012573 -0.0554454 0.998461 -0.0181549 0 0 0 1 
39885980090230;1.03093;0.889073;0.999252 0.0386601 0.000472053 0.158681 -0.0386607 0.999251 0.00139223 0.257316 -0.000417875 -0.00140944 0.999999 0.512266 0 0 0 1 
39885980090231;0.888653;0.790631;0.993508 -0.013125 0.113005 -0.0178471 -0.00118636 0.992073 0.125655 0.0829375 -0.113758 -0.124973 0.985617 0.523305 0 0 0 1 
39885980090232;0.59802;0.74985;0.980288 0.014239 -0.19706 0.234394 -0.0763539 0.947212 -0.311385 0.563439 0.182224 0.320293 0.929627 -0.417055 0 0 0 1 
39885980090233;0.0427632;0.302927;0.994706 0.102734 0.00257704 -0.00470755 -0.10273 0.994708 -0.00155799 0.536008 -0.00272346 0.001285 0.999995 0.000343985 0 0 0 1 
39885980090234;0.404716;0.281102;0.987949 0.0772329 -0.134131 0.045131 -0.0180579 0.918204 0.395697 0.196006 0.153721 -0.388506 0.908533 -0.440325 0 0 0 1 
39885980090235;0.881271;0.826351;0.988406 0.0886788 -0.123246 0.589629 -0.109234 0.979102 -0.171545 1.03228 0.105458 0.183019 0.977437 -0.62756 0 0 0 1 
39885980090236;1.0378;0.297393;0.998314 0.0579742 -0.00302049 -0.015557 -0.0579786 0.998317 -0.00141355 0.375204 0.00293346 0.00158629 0.999994 -0.828082 0 0 0 1 
39885980090237;0.452033;0.263351;0.977229 0.058824 -0.20387 0.151766 0.00376877 0.955841 0.293861 0.114133 0.212153 -0.287938 0.933854 -0.774258 0 0 0 1 
39885980090238;0.922552;0.291395;0.947729 0.0574427 -0.313864 0.233443 -0.123806 0.972797 -0.195799 1.03068 0.294079 0.224423 0.92906 -0.366621 0 0 0 1 
39885980090239;0.393854;0.379673;0.995547 -0.022397 -0.0915666 0.06598 -0.00323422 0.962677 -0.270633 0.187793 0.0942105 0.269724 0.958318 -0.275305 0 0 0 1 
39885980090240;0.68439;0.214448;0.996897 0.0775397 0.0135525 -0.0449761 -0.0761874 0.993757 -0.0815025 0.754058 -0.0197876 0.0802171 0.996581 -0.245266 0 0 0 1 
39885980090241;0.655728;0.209252;0.96052 0.140022 0.240406 0.0079547 -0.0659641 0.954095 -0.292151 0.629517 -0.270277 0.264759 0.925664 0.319008 0 0 0 1 
39885980090242;0.353633;0.271121;0.908944 0.129231 0.396384 0.258062 -0.019337 0.962792 -0.269552 0.340436 -0.41647 0.237343 0.877622 1.19175 0 0 0 1 
39885980090243;1.27115;0.876441;0.997378 -0.0629579 0.0356858 0.19151 0.0622582 0.997852 0.0203904 0.475775 -0.0368929 -0.0181152 0.999155 0.854206 0 0 0 1 
39885980090244;0.554019;0.925797;0.987393 -0.101063 0.121822 0.197707 0.0731793 0.973908 0.214819 0.217653 -0.140354 -0.203196 0.969026 0.318789 0 0 0 1 
39885980090245;0.651828;0.266151;0.99691 0.0535996 -0.0574262 0.0491449 -0.0557655 0.997765 -0.0368011 0.491771 0.0553254 0.0398898 0.997671 0.279101 0 0 0 1 
39885980090246;0.546588;0.835215;0.995367 0.0154526 -0.0949022 0.172306 -0.00500419 0.993989 0.109362 0.463373 0.0960217 -0.10838 0.989461 -0.537039 0 0 0 1 
39885980090248;0.37448;0.279608;0.952687 -0.210102 0.219644 -0.0394922 0.19922 0.977391 0.0708335 0.269974 -0.229561 -0.0237248 0.973005 0.0193218 0 0 0 1 
39885980090249;0.482365;0.421248;0.99497 -0.0848226 -0.0532825 0.152405 0.0863862 0.995875 0.0277575 0.137255 0.0507082 -0.0322208 0.998194 -0.335228 0 0 0 1 
39885980090250;0.869457;0.0903857;0.941293 0.0271383 0.336497 -0.0510109 -0.0918479 0.979751 0.177913 -0.681392 -0.324855 -0.198374 0.924725 0.329349 0 0 0 1 
39885980090251;0.521745;0.113441;0.994559 -0.100508 -0.0273892 0.0283745 0.100345 0.994926 -0.00724519 -0.254266 0.0279784 0.00445739 0.999599 0.309542 0 0 0 1 
39885980090252;1.01023;0.105481;0.995077 0.093711 0.0322531 0.296167 -0.0988044 0.963416 0.249134 -0.126623 -0.00772651 -0.251094 0.967932 -0.951436 0 0 0 1 
39885980090253;0.430197;0.090979;0.976005 0.151276 -0.156621 0.0704978 -0.113157 0.966888 0.228742 0.287109 0.186038 -0.205531 0.960805 -0.0807367 0 0 0 1 
39885980090254;0.437029;0.154387;0.996912 -0.0744696 0.0249209 -0.0202725 0.0754171 0.996368 -0.0395296 0.181093 -0.0218867 0.041287 0.998908 0.397452 0 0 0 1 
39885980090255;0.581357;0.116089;0.996329 0.0424615 0.0743369 0.109256 -0.0461461 0.997753 0.0485706 -0.252953 -0.0721075 -0.0518227 0.99605 0.398102 0 0 0 1 
39885980090256;0.383432;0.385835;0.980784 -0.190325 0.0428978 0.0430752 0.191733 0.980941 -0.031501 0.349818 -0.0360849 0.0391206 0.998583 -0.00372223 0 0 0 1 
39885980090257;0.931685;0.131366;0.980687 0.174213 -0.0888927 -0.0570942 -0.180487 0.981211 -0.0681892 0.124658 0.075343 0.0829163 0.993704 -0.837222 0 0 0 1 
