#;prob_registration_l1 -r /home/probabilistic_point_clouds_registration/build/tester /home/point_clouds_registration_benchmark//devel/registration_pairs/plain_local.txt /home/point_clouds_registration_benchmark//eth/plain -s 0.2 -t 0.2 -p 0.3 -r 1000 -m 20 -i 40 
id;initial_error;final_error;transformation
4215528470000;0.567788;0.508832;0.961698 -0.015592 0.273668 0.207491 0.000102073 0.998401 0.0565245 -0.0350779 -0.274112 -0.0543315 0.960162 1.95446 0 0 0 1 
4215528470001;0.547226;0.168989;0.992087 0.0978155 -0.0787061 -0.593982 -0.0577358 0.912125 0.405826 0.702421 0.111486 -0.398071 0.910555 1.06723 0 0 0 1 
4215528470002;0.032832;0.0309292;0.99998 0.00474172 0.00413593 -0.0314299 -0.00474682 0.999988 0.00122419 0.0248686 -0.00413007 -0.0012438 0.999991 0.0226553 0 0 0 1 
4215528470003;0.731607;0.100666;0.99556 -0.0415242 0.0844792 -0.0566782 0.0398922 0.998985 0.0209163 -0.806945 -0.085262 -0.0174533 0.996206 0.403465 0 0 0 1 
4215528470004;0.518474;0.230869;0.965755 0.0607129 -0.252251 -0.16041 -0.00274695 0.974574 0.224048 0.0324445 0.25944 -0.215682 0.941367 -0.236462 0 0 0 1 
4215528470005;0.0948906;0.0524789;0.999569 0.0193492 0.0220672 -0.0999347 -0.0172872 0.995785 -0.0900796 0.168593 -0.0237172 0.0896593 0.99569 -0.302951 0 0 0 1 
4215528470006;0.93827;0.0248323;0.998036 0.0541494 -0.0314964 -1.00173 -0.0616138 0.939311 -0.33749 0.545582 0.0113101 0.338768 0.940802 -1.30881 0 0 0 1 
4215528470007;0.649378;0.512366;0.994637 -0.00889431 -0.103046 -0.0674039 -0.0280348 0.935815 -0.351375 0.565734 0.0995575 0.352379 0.930547 -1.99579 0 0 0 1 
4215528470008;0.524363;0.404492;0.963295 0.0263337 -0.267151 0.139712 -0.0629698 0.989576 -0.129512 0.4633 0.260955 0.141581 0.954912 -2.32234 0 0 0 1 
4215528470009;0.400063;0.355357;0.968363 -0.0452512 0.245409 0.209558 0.0582141 0.997252 -0.0458237 -0.39309 -0.242661 0.0586602 0.968336 1.32456 0 0 0 1 
4215528470010;0.581956;0.374826;0.992239 -0.0848485 -0.0909011 0.551397 0.0571377 0.960387 -0.272749 -0.193582 0.110443 0.265439 0.957781 -2.08641 0 0 0 1 
4215528470011;0.358216;0.206554;0.985012 -0.100314 0.140315 0.438396 0.129073 0.968306 -0.213833 -0.772828 -0.114417 0.228739 0.966741 -0.154204 0 0 0 1 
4215528470012;0.581653;0.365526;0.985202 0.109661 -0.131726 -0.380165 -0.0675142 0.954696 0.289824 0.479052 0.157541 -0.276641 0.947972 -0.0908081 0 0 0 1 
4215528470013;0.612837;0.0353772;0.982403 -0.0578014 0.177602 0.153257 0.0561252 0.998319 0.014452 -0.315149 -0.178139 -0.00422978 0.983996 0.541251 0 0 0 1 
4215528470014;0.871128;0.648617;0.998623 -0.0264278 0.0453176 -0.00293737 0.0273007 0.999451 -0.0187518 -0.25915 -0.0447972 0.0199631 0.998797 0.742787 0 0 0 1 
4215528470015;0.0605696;0.0620584;0.999904 0.00229323 0.0136737 -0.00857452 -0.00211271 0.999911 -0.013202 -0.062303 -0.0137027 0.0131719 0.999819 4.07965e-05 0 0 0 1 
4215528470016;0.462589;0.160408;0.973039 -0.0047401 0.230592 -0.0269067 0.0522522 0.978324 -0.20038 -0.308833 -0.224644 0.207026 0.952195 0.782131 0 0 0 1 
4215528470017;0.763704;0.368216;0.994984 0.0406306 0.0914107 -0.333842 -0.0760037 0.901184 0.42672 0.668157 -0.06504 -0.431527 0.899752 3.01638 0 0 0 1 
4215528470018;0.320962;0.390497;0.998135 -0.00466217 0.0608674 -0.193265 -0.00155971 0.994806 0.101775 -0.106631 -0.0610258 -0.10168 0.992944 0.723409 0 0 0 1 
4215528470019;0.470754;0.190505;0.9059 0.14112 -0.399286 -0.0846337 -0.082527 0.983597 0.160396 0.470032 0.415372 -0.112351 0.902687 -2.01997 0 0 0 1 
4215528470020;0.901423;0.600902;0.988673 -0.0406821 0.144468 0.0280921 0.0556247 0.993335 -0.100948 -0.298223 -0.139398 0.107841 0.984347 -0.0546152 0 0 0 1 
4215528470021;0.310289;0.065718;0.99938 -0.0213826 -0.0279813 -0.0121879 0.0240642 0.994767 0.0992986 -0.230027 0.0257116 -0.0999103 0.994664 0.502948 0 0 0 1 
4215528470022;0.501427;0.150833;0.981068 0.0469317 -0.187893 0.0358219 -0.0624774 0.995018 -0.0776859 0.38455 0.183311 0.0879542 0.979112 -1.96249 0 0 0 1 
4215528470023;0.509895;0.378966;0.994685 -0.0152099 0.101831 0.0708951 0.0306245 0.987972 -0.151572 -0.0566931 -0.0983012 0.153885 0.983187 -0.421981 0 0 0 1 
4215528470024;0.756959;0.441856;0.997712 -0.0284665 0.0613158 0.0611908 0.0271776 0.999394 0.0217536 -0.345467 -0.0618978 -0.0200374 0.997881 1.01104 0 0 0 1 
4215528470025;0.187466;0.104421;0.991411 0.121808 -0.0476215 -0.586709 -0.116996 0.988738 0.0933267 0.754054 0.058453 -0.0869535 0.994496 -0.00969011 0 0 0 1 
4215528470026;0.0729172;0.0414099;0.999471 -0.0323541 -0.00343262 0.160814 0.0323334 0.999459 -0.00593971 -0.215966 0.00362294 0.00582558 0.999976 -0.110541 0 0 0 1 
4215528470027;0.80863;0.214176;0.997461 0.00478261 -0.0710494 -0.215307 -0.0139193 0.99159 -0.128665 -0.0305406 0.0698366 0.129328 0.98914 -0.392572 0 0 0 1 
4215528470028;0.511375;0.469433;0.996351 0.0306465 -0.079655 -0.215043 -0.0152352 0.982181 0.187318 0.068373 0.0839763 -0.185421 0.979064 0.4784 0 0 0 1 
4215528470029;0.874225;0.437038;0.883157 0.052824 -0.466094 0.799248 -0.0290937 0.997894 0.057968 0.396438 0.468174 -0.0376344 0.882834 -3.14208 0 0 0 1 
4215528470031;0.986719;0.142375;0.999739 -0.0145548 0.0176282 0.0506384 0.0144937 0.999889 0.00359032 -0.463256 -0.0176785 -0.00333388 0.999838 0.900133 0 0 0 1 
4215528470032;1.06872;0.475724;0.99467 -0.0953619 0.0392009 0.481625 0.102324 0.866286 -0.488957 -0.0217123 0.0126687 0.490362 0.871427 -2.65849 0 0 0 1 
4215528470033;0.525088;0.112809;0.997778 -0.0661035 0.00828182 0.275488 0.0662835 0.997518 -0.023772 -0.633614 -0.00668985 0.0242681 0.999683 -0.452103 0 0 0 1 
4215528470034;0.461314;0.0990529;0.999108 0.0411834 0.00936875 -0.270486 -0.041353 0.99897 0.0187021 0.28919 -0.00858888 -0.0190729 0.999781 -0.173476 0 0 0 1 
4215528470035;0.980295;0.156592;0.999755 -0.0219587 0.00286091 -0.572574 0.021951 0.999755 0.00267831 -0.281144 -0.00291902 -0.00261485 0.999992 0.148259 0 0 0 1 
4215528470036;1.14169;0.561756;0.997337 0.0689665 0.0237354 -0.614198 -0.0727978 0.961322 0.265633 0.470638 -0.00449757 -0.266654 0.963782 2.28543 0 0 0 1 
4215528470037;0.241412;0.112182;0.999897 0.00712005 0.0124736 0.0257319 -0.00673787 0.999515 -0.0304181 0.135507 -0.0126841 0.0303309 0.999459 0.0156925 0 0 0 1 
4215528470038;0.130156;0.0729955;0.997344 0.062549 0.0373282 -0.388916 -0.0627129 0.998026 0.00323665 0.578696 -0.037052 -0.00556901 0.999298 0.361041 0 0 0 1 
4215528470039;0.797747;0.324518;0.995098 -0.0583078 -0.0798778 0.253336 0.0349561 0.962941 -0.267436 -0.0869484 0.0925112 0.263333 0.960259 -1.76467 0 0 0 1 
4215528470040;0.689028;0.658229;0.99738 -0.00513637 -0.0721537 0.100767 0.0120291 0.995364 0.0954223 -0.180695 0.0713291 -0.0960402 0.992818 -0.470355 0 0 0 1 
4215528470041;0.231676;0.148926;0.953394 -0.0668074 -0.294238 1.06958 0.0271331 0.990211 -0.136913 -0.0246834 0.300504 0.122549 0.945875 -3.36025 0 0 0 1 
4215528470042;0.841266;0.805864;0.98955 -0.0313105 0.140749 0.0319512 0.0164645 0.99429 0.105431 -0.156628 -0.143246 -0.102012 0.984416 1.47526 0 0 0 1 
4215528470043;0.639843;0.612081;0.996182 0.02705 -0.083007 -0.0502333 -0.0245963 0.999234 0.0304413 0.208125 0.0837668 -0.0282834 0.996084 -0.684004 0 0 0 1 
4215528470044;0.994474;0.0879631;0.999923 0.00165428 0.012323 0.0754686 -0.00152857 0.999947 -0.0102033 0.0031754 -0.0123393 0.0101837 0.999872 -0.789834 0 0 0 1 
4215528470045;0.386524;0.0872966;0.994759 0.0126961 0.101459 -0.199519 -0.0590276 0.881528 0.468428 0.62444 -0.0834918 -0.471961 0.877657 3.42378 0 0 0 1 
4215528470046;1.07289;0.597044;0.977062 0.0570314 -0.205175 -0.139618 -0.0446948 0.996931 0.064271 0.209318 0.208211 -0.0536265 0.976613 -0.837833 0 0 0 1 
4215528470047;0.459821;0.481952;0.993952 -0.00040003 0.109816 -0.0919377 0.00170308 0.999929 -0.0117722 -0.103299 -0.109804 0.011888 0.993882 0.826498 0 0 0 1 
4215528470048;0.649857;0.45451;0.998962 0.041 -0.0198533 -0.359847 -0.0407774 0.999102 0.0114895 0.31284 0.0203066 -0.010668 0.999737 -0.0193735 0 0 0 1 
4215528470049;0.633618;0.271328;0.997484 -0.0623832 -0.0336772 0.329102 0.066951 0.985141 0.158159 -0.692658 0.0233103 -0.160016 0.986839 1.10319 0 0 0 1 
4215528470050;0.671958;0.336654;0.997769 0.0427414 -0.0512839 -0.211188 -0.0414549 0.998805 0.0258926 0.342944 0.0523293 -0.0237089 0.998348 -0.755728 0 0 0 1 
4215528470051;0.865997;0.609965;0.997677 -0.032529 -0.0598551 0.352995 0.0209911 0.982672 -0.184162 0.156322 0.0648085 0.182478 0.981072 -2.06187 0 0 0 1 
4215528470052;0.470145;0.300861;0.99804 0.0434745 -0.045016 -0.299845 -0.0447447 0.998617 -0.0276033 0.365883 0.0437537 0.0295634 0.998605 -0.618546 0 0 0 1 
4215528470053;1.01323;0.0535296;0.992704 0.024216 0.118116 -0.127853 -0.0121143 0.994699 -0.102117 0.0834418 -0.119963 0.0999414 0.987735 -0.270037 0 0 0 1 
4215528470054;0.877545;0.590781;0.999416 0.0118305 -0.0320732 0.0590064 -0.0108375 0.999462 0.0309588 0.0984116 0.0324222 -0.0305931 0.999006 -0.641186 0 0 0 1 
4215528470055;0.503431;0.167408;0.996945 -0.0283282 0.0727932 0.0438164 0.0367844 0.992381 -0.117589 0.0577753 -0.0689075 0.119907 0.990391 0.14036 0 0 0 1 
4215528470056;0.338949;0.353054;0.979815 -0.179427 0.0881349 0.839004 0.193144 0.963393 -0.185926 -1.38754 -0.0515484 0.199196 0.978603 -0.75164 0 0 0 1 
4215528470057;0.60477;0.0401042;0.999689 -0.0158447 0.0192536 0.0663104 0.0153254 0.999523 0.0268239 -0.102471 -0.0196694 -0.0265205 0.999455 -0.193736 0 0 0 1 
4215528470058;0.117082;0.0413768;0.994251 -0.106095 0.0144273 0.6181 0.106345 0.994169 -0.0178261 -0.912749 -0.0124519 0.0192578 0.999737 -0.0242939 0 0 0 1 
4215528470059;0.289428;0.320382;0.998404 -0.0179564 -0.0535437 0.108845 0.01203 0.993967 -0.109019 -0.0210267 0.0551783 0.108201 0.992597 -1.1608 0 0 0 1 
4215528470060;0.876862;0.565834;0.961662 0.0753206 -0.263691 0.376759 -0.0523218 0.994273 0.0931897 0.356324 0.2692 -0.0758202 0.960095 -2.45989 0 0 0 1 
4215528470062;1.03489;0.840396;0.959792 -0.109183 0.258608 0.191187 0.173844 0.954524 -0.242204 -1.77414 -0.220403 0.277423 0.935125 2.6793 0 0 0 1 
4215528470063;0.150783;0.266448;0.996635 0.0392592 0.0719544 -0.362759 -0.0459412 0.994541 0.0936935 0.560847 -0.0678832 -0.0966839 0.992998 1.2665 0 0 0 1 
4215528470064;1.26892;0.17589;0.978226 0.100216 -0.181744 0.56493 -0.0780216 0.989031 0.125421 0.914181 0.19232 -0.10851 0.975315 -3.02776 0 0 0 1 
4215528470065;0.672821;0.131238;0.998556 -0.052402 0.0117978 0.0203128 0.0528172 0.997874 -0.0381767 -0.74897 -0.00977214 0.0387447 0.999201 -0.287584 0 0 0 1 
4215528470066;0.971407;0.248183;0.97479 -0.0565893 0.215831 0.0626936 0.137867 0.913317 -0.383204 -1.0003 -0.175437 0.403299 0.898093 1.76789 0 0 0 1 
4215528470067;0.479383;0.675769;0.998814 -0.0297016 0.0385883 -0.152247 0.0351323 0.988259 -0.148693 -0.145447 -0.0337188 0.149872 0.98813 -0.00977651 0 0 0 1 
4215528470068;1.75898;1.50384;0.995458 0.0893884 -0.0327594 -0.136397 -0.0826282 0.982135 0.169067 1.10548 0.0472868 -0.165592 0.98506 -0.366963 0 0 0 1 
4215528470069;1.1695;0.494278;0.996254 -0.0462922 0.0730406 -0.231353 0.042492 0.997703 0.0527524 -0.604368 -0.0753149 -0.0494512 0.995933 1.84548 0 0 0 1 
4215528470070;0.627154;0.165227;0.999785 -0.0177296 0.0107317 0.0125103 0.0173648 0.999299 0.0331803 -0.162446 -0.0113124 -0.0329868 0.999392 -0.0106354 0 0 0 1 
4215528470071;1.13782;0.213301;0.987585 0.0116668 -0.156652 0.708795 0.000827179 0.996838 0.0794551 0.0273309 0.157084 -0.0785982 0.984453 -2.48608 0 0 0 1 
4215528470072;1.12233;0.563634;0.998882 0.0210363 -0.0423248 -0.302815 -0.0203277 0.999647 0.0171025 0.105487 0.0426696 -0.016223 0.998958 -0.172641 0 0 0 1 
4215528470073;0.253366;0.048527;0.957156 -0.097726 0.272584 0.317254 0.172905 0.947981 -0.267275 -1.68174 -0.232284 0.302955 0.924263 2.42164 0 0 0 1 
4215528470074;0.891847;0.197733;0.92585 0.181143 -0.331645 1.21791 -0.103204 0.965466 0.239217 1.01515 0.363525 -0.187252 0.912571 -4.7757 0 0 0 1 
4215528470075;0.661748;0.45272;0.997901 0.0278396 0.0584629 -0.367102 -0.0278664 0.999612 -0.000356386 0.473089 -0.0584501 -0.00127351 0.99829 1.13561 0 0 0 1 
4215528470076;1.55682;0.160712;0.999914 0.00535463 -0.0119782 -0.0795763 -0.00542597 0.999968 -0.00593105 0.306306 0.011946 0.00599554 0.999911 -1.06593 0 0 0 1 
4215528470077;0.434483;0.349252;0.998977 -0.0450484 -0.00384277 0.0596884 0.0447588 0.997389 -0.0566694 -0.487746 0.00638561 0.0564395 0.998386 -0.407022 0 0 0 1 
4215528470078;1.12372;1.18898;0.960434 -0.0576955 0.272467 0.0545523 0.0591277 0.998246 0.00295839 -0.829223 -0.272159 0.013269 0.962161 3.93949 0 0 0 1 
4215528470079;1.36039;1.22294;0.994062 -0.0121796 0.108134 -0.376463 0.0273845 0.989735 -0.140265 -0.162658 -0.105315 0.142394 0.984191 1.31577 0 0 0 1 
4215528470080;1.57691;1.03164;0.982372 0.11584 -0.14672 0.106658 -0.0851948 0.976045 0.200194 1.18357 0.166396 -0.184165 0.968708 -1.59779 0 0 0 1 
4215528470081;1.29705;1.21445;0.996031 0.073879 -0.0496388 -0.225467 -0.0672658 0.990029 0.123764 0.85189 0.0582874 -0.119934 0.991069 -0.400982 0 0 0 1 
4215528470082;0.754436;0.206637;0.99531 -0.0653826 -0.0712967 0.478375 0.0548527 0.988521 -0.140773 -0.685084 0.0796825 0.136202 0.987471 -1.32079 0 0 0 1 
4215528470083;1.36137;0.573179;0.995166 0.000280158 0.0982096 -0.472271 0.00641079 0.997678 -0.0678071 0.130675 -0.0980005 0.0681089 0.992853 1.8615 0 0 0 1 
4215528470084;1.66015;0.679848;0.985009 -0.0590155 -0.162096 0.266719 0.0487259 0.99658 -0.0667392 -0.4757 0.16548 0.0578405 0.984516 -2.90038 0 0 0 1 
4215528470085;1.13067;0.137353;0.999729 0.000507336 -0.0232606 -0.21135 0.00145204 0.996453 0.0841418 -0.399998 0.0232208 -0.0841528 0.996182 0.545573 0 0 0 1 
4215528470086;1.1632;1.19443;0.929421 -0.0259351 0.368109 0.23069 0.015177 0.99937 0.0320909 -0.291379 -0.368709 -0.0242392 0.929229 5.5194 0 0 0 1 
4215528470087;0.757202;0.776879;0.997407 -0.0131072 0.0707696 -0.275754 0.0202174 0.994711 -0.100709 -0.0864294 -0.0690753 0.101878 0.992396 0.854863 0 0 0 1 
4215528470088;1.28516;0.76979;0.999726 -0.0234009 0.000939207 -0.143685 0.0234188 0.999239 -0.0311868 -0.328984 -0.000208693 0.0312002 0.999513 0.506229 0 0 0 1 
4215528470089;0.703952;0.500094;0.997664 0.0462947 -0.0502269 -0.284512 -0.0445529 0.998384 0.0352628 0.610871 0.0517783 -0.0329427 0.998115 -0.313066 0 0 0 1 
4215528470090;1.03548;0.371726;0.958623 -0.111742 0.261831 0.176355 0.204686 0.909771 -0.361137 -1.76522 -0.197852 0.399788 0.895 1.2233 0 0 0 1 
4215528470091;1.49069;1.52779;0.998302 0.0488757 0.0316795 -0.26576 -0.0518006 0.993713 0.0992532 0.615298 -0.0266293 -0.100726 0.994558 0.748813 0 0 0 1 
4215528470093;0.435815;0.382418;0.999435 -0.0222285 0.0252216 0.127302 0.0156321 0.97145 0.236727 -0.0393973 -0.0297636 -0.236199 0.971249 0.247228 0 0 0 1 
4215528470094;0.626818;0.0650526;0.999512 0.0293495 0.0106669 -0.00326185 -0.0289153 0.998829 -0.0387997 0.194437 -0.0117932 0.0384724 0.99919 -0.641237 0 0 0 1 
4215528470095;0.64508;0.461123;0.998938 -0.0445234 -0.0118375 0.145341 0.043756 0.997318 -0.0586634 -0.206751 0.0144177 0.0580832 0.998208 -0.392593 0 0 0 1 
4215528470096;0.715932;0.516306;0.999116 -0.0420178 0.0014045 0.146903 0.0420385 0.998114 -0.0447308 -0.286353 0.000477633 0.0447503 0.998998 -0.348065 0 0 0 1 
4215528470097;0.899584;0.87484;0.998195 -0.0577887 0.0163175 0.0966618 0.0598924 0.977708 -0.201245 -0.340769 -0.00432412 0.201859 0.979405 0.310742 0 0 0 1 
4215528470098;0.598276;0.32477;0.989753 -0.0435489 0.135986 0.168156 0.0196784 0.98487 0.172174 -0.170748 -0.141427 -0.167734 0.975635 0.110946 0 0 0 1 
4215528470099;0.333474;0.0302614;0.971313 0.046052 -0.233304 0.0741957 0.0534182 0.913745 0.402761 -0.140122 0.231728 -0.403669 0.885072 -0.44183 0 0 0 1 
4215528470100;0.645112;0.0358216;0.999826 -0.0185511 -0.00202148 0.0320376 0.0185396 0.999813 -0.0055708 -0.0118902 0.00212444 0.00553235 0.999982 -0.703825 0 0 0 1 
4215528470101;0.802084;0.0578592;0.999387 -0.0099032 0.0335931 0.720779 0.0118999 0.998141 -0.0597692 0.141441 -0.0329387 0.0601323 0.997647 0.369182 0 0 0 1 
4215528470102;0.571321;0.0558246;0.999835 -0.0177384 0.00400767 -0.14802 0.0179019 0.998812 -0.0453186 0.176964 -0.00319903 0.0453828 0.998965 -0.536791 0 0 0 1 
4215528470103;0.118159;0.123362;0.999897 -0.0131928 -0.00562641 -0.0010997 0.0131869 0.999912 -0.00108249 -0.0665991 0.0056402 0.00100818 0.999984 -0.0531659 0 0 0 1 
4215528470104;0.483078;0.071348;0.959477 -0.0153988 0.281366 0.197177 -0.00994691 0.996033 0.0884313 -0.227977 -0.281612 -0.0876465 0.955517 1.15842 0 0 0 1 
4215528470105;0.856272;0.74333;0.963911 0.00204763 0.266216 0.0321303 0.0490055 0.981518 -0.184988 -0.122651 -0.261674 0.191358 0.945996 0.614828 0 0 0 1 
4215528470106;0.960069;0.0536957;0.993246 -0.0860831 0.0777984 0.678818 0.082674 0.995513 0.0460322 -0.718874 -0.0814119 -0.0392893 0.995906 0.821228 0 0 0 1 
4215528470107;0.403602;0.21614;0.950985 0.0532509 -0.304619 0.167368 -0.0552783 0.998469 0.00197153 0.282933 0.304257 0.0149639 0.952472 -1.02629 0 0 0 1 
4215528470108;0.717513;0.521591;0.999972 -0.00429857 0.00615924 0.174015 0.00463176 0.998468 -0.0551429 -0.12446 -0.00591277 0.0551699 0.998459 0.0840791 0 0 0 1 
4215528470109;0.671253;0.176403;0.999688 -0.0246332 0.00417551 0.0171242 0.0246842 0.999615 -0.0126596 -0.120191 -0.00386206 0.0127587 0.999911 0.600129 0 0 0 1 
4215528470110;0.085073;0.0155806;0.999796 0.0200119 0.0027914 0.000150275 -0.0199908 0.999773 -0.0073913 0.0568584 -0.00293868 0.00733399 0.999969 -0.0801397 0 0 0 1 
4215528470111;0.687198;0.0353001;0.998558 0.000852125 0.0536685 -0.109789 -0.00414954 0.998107 0.061359 -0.0388957 -0.0535146 -0.0614933 0.996672 0.892144 0 0 0 1 
4215528470112;0.990082;0.18826;0.998485 0.0497576 -0.0234863 -0.0342553 -0.0453438 0.985911 0.161007 0.246193 0.0311667 -0.159698 0.986674 0.951369 0 0 0 1 
4215528470113;0.115928;0.0142036;0.998643 0.0520566 -0.00148678 -0.0966772 -0.0520611 0.998639 -0.00317357 0.218442 0.00131955 0.00324667 0.999994 -0.0237388 0 0 0 1 
4215528470114;0.310906;0.0382591;0.999989 -0.00417158 0.00191346 -0.143042 0.00417796 0.999986 -0.00334663 -0.0504598 -0.00189947 0.00335459 0.999993 -0.279225 0 0 0 1 
4215528470115;0.363564;0.250835;0.999891 0.00687624 0.0130672 0.125523 -0.00581745 0.996826 -0.0794043 0.0178703 -0.0135718 0.0793196 0.996757 -0.0467506 0 0 0 1 
4215528470116;0.348278;0.294406;0.922587 -0.0724211 0.37893 0.348368 0.024422 0.991216 0.129981 -0.018598 -0.385014 -0.110664 0.916252 0.978665 0 0 0 1 
4215528470117;0.290367;0.302172;0.997564 0.000867072 -0.0697579 0.0508447 -0.0068967 0.99625 -0.0862422 0.0398635 0.0694215 0.0865132 0.993829 -0.167912 0 0 0 1 
4215528470118;0.65787;0.306237;0.998935 -0.00458936 0.0459136 0.189898 0.00817936 0.996895 -0.0783109 -0.1678 -0.0454117 0.0786031 0.995871 -0.359892 0 0 0 1 
4215528470119;0.205525;0.034196;0.992273 -0.0827127 0.0924836 0.0786341 0.0923314 0.990168 -0.105084 -0.130515 -0.0828825 0.112811 0.990154 0.214909 0 0 0 1 
4215528470120;0.310799;0.188892;0.993302 -0.022423 -0.113354 0.132296 0.0588685 0.942337 0.329447 -0.121895 0.0994306 -0.333913 0.937345 -0.0409537 0 0 0 1 
4215528470121;0.660347;0.0739429;0.939141 -0.036969 0.341538 0.289534 0.153687 0.934368 -0.32146 -0.548642 -0.307238 0.354386 0.883185 1.18436 0 0 0 1 
4215528470122;0.789381;0.488435;0.984101 0.00455868 0.17755 -0.0683714 -0.0269852 0.991902 0.124103 0.0875483 -0.175547 -0.126921 0.976255 -0.00603201 0 0 0 1 
4215528470124;0.80876;0.50393;0.946874 0.0110052 0.321416 0.145829 0.0447302 0.985194 -0.165506 0.0438413 -0.318479 0.17109 0.932362 0.730111 0 0 0 1 
4215528470125;0.139303;0.0722222;0.99115 -0.0401871 -0.126519 0.175294 0.0229928 0.990642 -0.134539 -0.0763879 0.130742 0.130439 0.982798 -0.879318 0 0 0 1 
4215528470126;0.0966618;0.162075;0.998222 -0.0107184 -0.0586385 -0.0759779 0.011499 0.999849 0.0129907 -0.0344812 0.0584904 -0.0136419 0.998195 -0.273653 0 0 0 1 
4215528470127;0.789796;0.120219;0.999848 -0.0170795 0.0035507 -0.245758 0.0170744 0.999853 0.00147249 -0.0181877 -0.00357533 -0.00141164 0.999993 0.661956 0 0 0 1 
4215528470128;0.207096;0.0343856;0.999076 0.0325185 0.0280941 -0.124223 -0.0324343 0.999468 -0.00344588 0.150484 -0.0281912 0.00253148 0.999599 -0.0823557 0 0 0 1 
4215528470129;0.938911;0.15371;0.999897 0.0109681 0.00930888 -0.166429 -0.0109489 0.999938 -0.00210278 0.207468 -0.00933136 0.00200064 0.999954 0.874789 0 0 0 1 
4215528470130;0.991785;0.720719;0.985869 0.0396338 -0.162763 -0.27111 -0.0184335 0.991375 0.129752 0.043654 0.166502 -0.124918 0.978096 -0.14196 0 0 0 1 
4215528470131;0.387282;0.26472;0.99992 -0.0119891 0.00404242 -0.103071 0.0120142 0.999908 -0.00625888 0.000239588 -0.00396701 0.00630695 0.999972 -0.109631 0 0 0 1 
4215528470132;0.92999;0.436982;0.999396 -0.0255746 0.0235432 0.0563074 0.0265179 0.998821 -0.0406683 -0.0546056 -0.0224753 0.041268 0.998895 -0.780923 0 0 0 1 
4215528470133;0.555582;0.441086;0.999785 0.00176347 0.0206468 0.0518256 0.00277545 0.975999 -0.217758 0.0857915 -0.0205353 0.217769 0.975784 -0.587406 0 0 0 1 
4215528470134;0.99593;0.663495;0.965975 0.0160099 0.258141 -0.016464 -0.0370749 0.996346 0.0769424 0.156806 -0.255966 -0.083895 0.963038 0.488725 0 0 0 1 
4215528470135;1.17319;0.943872;0.988712 -0.0390327 0.144658 0.0497574 0.0926787 0.917933 -0.385758 -0.400001 -0.117729 0.394811 0.911188 0.266968 0 0 0 1 
4215528470136;0.830588;0.781904;0.998684 -0.00497941 0.0510418 0.0009612 -0.0102872 0.955595 0.294504 0.108376 -0.0502417 -0.294641 0.954286 0.928558 0 0 0 1 
4215528470137;0.395265;0.254902;0.988432 -0.0371891 0.147034 -0.0363517 -0.0288294 0.905724 0.422887 0.287304 -0.148899 -0.422234 0.894174 1.75029 0 0 0 1 
4215528470138;1.02893;0.861104;0.994614 0.0645301 -0.081111 0.0510761 -0.0536974 0.990152 0.129285 0.212696 0.0886551 -0.124233 0.988285 -0.412026 0 0 0 1 
4215528470139;0.649753;0.282365;0.988891 -0.0620545 -0.135073 -0.0942206 0.0314974 0.975535 -0.217577 -0.178112 0.14527 0.210905 0.966652 -0.684358 0 0 0 1 
4215528470140;0.360307;0.118068;0.901742 -0.0396645 0.430451 0.390794 0.0772316 0.994542 -0.0701473 -0.329996 -0.42532 0.0964992 0.899884 1.75443 0 0 0 1 
4215528470141;0.657293;0.124167;0.998068 0.0164096 -0.0599237 -0.530883 -0.0176422 0.999642 -0.0200982 0.039703 0.0595725 0.0211166 0.998001 -0.416471 0 0 0 1 
4215528470142;0.724166;0.54822;0.999916 0.0118431 0.0052513 -0.10826 -0.0116258 0.999147 -0.0396319 -0.0617372 -0.00571618 0.0395676 0.999201 0.23737 0 0 0 1 
4215528470143;0.681426;0.107825;0.943854 0.11048 -0.311341 -0.320726 -0.0325377 0.96893 0.245186 0.293632 0.328756 -0.22129 0.918123 -1.22735 0 0 0 1 
4215528470144;0.404104;0.229496;0.999971 0.00649356 -0.00394948 -0.242652 -0.00630622 0.998934 0.0457288 0.133158 0.00424221 -0.0457026 0.998946 -0.0162304 0 0 0 1 
4215528470145;0.189223;0.0224614;0.9978 -0.0532506 -0.0394954 0.149428 0.039873 0.957932 -0.284213 -0.0526424 0.0529685 0.282013 0.957947 -0.885189 0 0 0 1 
4215528470146;0.235131;0.0444826;0.991735 0.0404776 0.121751 -0.172428 -0.0391806 0.999147 -0.0130289 0.126948 -0.122174 0.00815094 0.992475 0.616057 0 0 0 1 
4215528470147;0.605051;0.159959;0.999383 -0.00620205 -0.0345789 -0.333134 0.00616643 0.99998 -0.00113654 -0.13567 0.0345853 0.000922607 0.999401 -0.442275 0 0 0 1 
4215528470148;0.594371;0.271411;0.909266 -0.054262 0.412663 0.433596 0.00425351 0.992625 0.12115 -0.0979406 -0.416193 -0.108403 0.902791 2.46848 0 0 0 1 
4215528470149;0.787506;0.542968;0.999823 0.00160235 0.0187693 0.101534 -0.00163441 0.999997 0.0016926 -0.203225 -0.0187666 -0.00172298 0.999822 0.0442924 0 0 0 1 
4215528470150;0.616542;0.26154;0.984569 0.0248273 0.173229 -0.0759463 -0.0277386 0.999511 0.014405 0.06022 -0.172787 -0.0189878 0.984776 1.29015 0 0 0 1 
4215528470151;0.660847;0.612414;0.99952 -0.0230671 0.0206858 -0.0371122 0.0247218 0.996186 -0.0836745 -0.0234296 -0.0186768 0.0841457 0.996278 -0.422849 0 0 0 1 
4215528470152;0.936036;0.20237;0.994155 0.0242367 0.105202 -0.0990361 -0.0290704 0.998579 0.0446591 0.148899 -0.10397 -0.0474564 0.993448 -0.318613 0 0 0 1 
4215528470153;0.43556;0.458472;0.994004 -0.0217152 -0.107166 -0.0270989 0.00508035 0.988195 -0.153117 0.0398046 0.109226 0.151655 0.98238 -0.88387 0 0 0 1 
4215528470155;0.767559;0.562746;0.998867 0.0446514 -0.0164642 -0.155655 -0.042829 0.994258 0.0980628 0.314467 0.0207483 -0.0972465 0.995044 -0.251224 0 0 0 1 
4215528470156;0.534127;0.0599328;0.955401 0.0968644 -0.278972 0.15044 -0.0686687 0.991651 0.109149 0.22325 0.287216 -0.0851242 0.954076 -1.4011 0 0 0 1 
4215528470157;0.770434;0.388826;0.991497 0.0239713 0.127904 -0.0853629 -0.0180727 0.998728 -0.0470811 0.000476775 -0.12887 0.0443692 0.990668 1.12657 0 0 0 1 
4215528470158;0.945303;0.586926;0.984454 0.0726117 -0.159933 0.0157011 -0.0455603 0.984948 0.166737 0.324689 0.169633 -0.156858 0.972944 -1.10599 0 0 0 1 
4215528470159;0.28795;0.147243;0.999376 -0.0109493 -0.0335955 -0.0871341 0.0101716 0.999678 -0.0232314 -0.0518928 0.0338391 0.0228752 0.999165 0.0977623 0 0 0 1 
4215528470160;0.771203;0.444179;0.998463 -0.0189764 -0.0520724 -0.127581 0.0174182 0.999392 -0.0302171 -0.0445798 0.0526141 0.0292636 0.998186 -0.854196 0 0 0 1 
4215528470161;0.233784;0.170141;0.992065 0.0256878 0.123072 -0.0549896 -0.0261121 0.999657 0.00183583 0.0975032 -0.122983 -0.00503494 0.992396 0.343168 0 0 0 1 
4215528470162;0.571431;0.0748283;0.996671 0.0235504 0.0780501 -0.613197 -0.0363377 0.985336 0.166709 0.09142 -0.0729796 -0.16899 0.982912 0.663429 0 0 0 1 
4215528470163;0.611739;0.138329;0.998926 -0.0159693 0.0434975 -0.148056 0.0171421 0.999496 -0.0267245 0.0696161 -0.0430488 0.0274414 0.998696 0.77902 0 0 0 1 
4215528470164;0.552648;0.463898;0.999137 -0.0143154 0.0389818 0.0639323 0.0157398 0.99921 -0.0364824 -0.147785 -0.0384288 0.0370645 0.998574 0.157269 0 0 0 1 
4215528470165;0.294545;0.0549207;0.998778 0.0297342 -0.0394835 -0.0852026 -0.0288939 0.999347 0.0216861 0.367242 0.0401025 -0.0205187 0.998985 -0.23067 0 0 0 1 
4215528470166;0.624564;0.555742;0.999228 0.00855274 0.0383535 0.0761641 -0.0070205 0.999179 -0.0399087 -0.0467321 -0.0386634 0.0396086 0.998467 -0.216086 0 0 0 1 
4215528470167;0.723593;0.0182465;0.996439 0.0843099 -0.000619125 -0.289661 -0.0841504 0.994046 -0.0692186 0.472093 -0.00522038 0.0690242 0.997601 0.788961 0 0 0 1 
4215528470168;0.682452;0.392982;0.924495 0.116874 -0.362835 -0.214385 -0.0885568 0.991646 0.0937818 0.359522 0.370764 -0.0545693 0.927122 -0.496256 0 0 0 1 
4215528470169;0.452691;0.149252;0.995726 0.0588907 -0.0711386 0.00202537 -0.0504908 0.992128 0.114594 0.219871 0.0773271 -0.110513 0.990862 -0.604906 0 0 0 1 
4215528470170;0.927037;0.12022;0.97397 0.184575 -0.131584 -0.543325 -0.113891 0.900369 0.419958 0.941372 0.195988 -0.39404 0.897954 -0.809733 0 0 0 1 
4215528470171;0.544194;0.394699;0.911058 0.00147754 -0.412275 0.343573 -0.0954725 0.973567 -0.207489 0.398757 0.401071 0.228396 0.887118 -1.75715 0 0 0 1 
4215528470172;0.700934;0.446443;0.904392 0.0205328 0.426208 0.209249 -0.00344653 0.999161 -0.0408217 -0.103365 -0.426688 0.0354499 0.903704 1.72603 0 0 0 1 
4215528470173;0.534414;0.215725;0.982363 0.0516584 -0.179704 0.0701818 -0.0563037 0.998196 -0.0208427 0.292361 0.178303 0.0305931 0.9835 -1.14148 0 0 0 1 
4215528470174;0.297039;0.0474763;0.997069 0.0725462 0.0243109 -0.10691 -0.0756486 0.982317 0.171261 0.278153 -0.0114567 -0.172598 0.984926 -0.0934517 0 0 0 1 
4215528470175;0.347703;0.181855;0.992404 0.0349915 0.117937 -0.111758 -0.0792343 0.915169 0.395206 0.256886 -0.0941032 -0.401549 0.91099 0.558777 0 0 0 1 
4215528470176;0.75672;0.545617;0.950908 -0.00732325 0.309388 -0.000723054 0.0719201 0.977579 -0.197908 -0.00781298 -0.301002 0.210443 0.930114 0.434519 0 0 0 1 
4215528470177;0.756848;0.195538;0.992236 0.124045 -0.00893784 -0.0920677 -0.115758 0.947437 0.298268 0.394456 0.0454668 -0.294918 0.95444 -0.678091 0 0 0 1 
4215528470178;0.523311;0.508516;0.983035 -0.0298999 -0.180963 0.137845 0.0141896 0.996064 -0.0874948 0.0318065 0.182867 0.0834426 0.97959 -0.881733 0 0 0 1 
4215528470179;0.41696;0.255205;0.95802 0.116376 -0.262021 -0.0594732 -0.0485576 0.96657 0.251762 0.333414 0.28256 -0.22847 0.931644 -0.736953 0 0 0 1 
4215528470180;0.591922;0.286413;0.992913 0.0397264 -0.112006 -0.0675333 -0.0353816 0.998552 0.0405155 0.178925 0.113454 -0.0362654 0.992881 -0.865914 0 0 0 1 
4215528470181;0.100371;0.00765637;0.997111 0.0719806 -0.024243 -0.0672458 -0.0684369 0.989883 0.124288 0.240178 0.0329441 -0.12227 0.99195 0.00734801 0 0 0 1 
4215528470182;0.852078;0.381033;0.992264 0.00542384 -0.124026 0.0465264 -0.000556537 0.999229 0.0392451 0.0924252 0.124144 -0.0388725 0.991503 -1.30111 0 0 0 1 
4215528470183;0.165427;0.046802;0.999008 -0.00618282 0.0440952 0.0742158 0.0109801 0.993938 -0.109396 -0.0558183 -0.0431515 0.109772 0.99302 0.136115 0 0 0 1 
4215528470184;0.841318;0.284508;0.879825 -0.0138518 -0.475096 0.49158 -0.0331999 0.995343 -0.0905026 0.425068 0.474136 0.0953996 0.875268 -2.41835 0 0 0 1 
4215528470186;0.933251;0.527478;0.999854 0.00674455 0.015696 -0.00164227 -0.00818654 0.995567 0.0936988 0.0618643 -0.0149945 -0.0938137 0.995477 -0.566142 0 0 0 1 
4215528470187;0.872934;0.466472;0.961061 -0.0648593 -0.268618 0.246954 -0.00348218 0.969146 -0.246464 0.316505 0.276315 0.237802 0.931182 -2.31941 0 0 0 1 
4215528470188;0.636802;0.201024;0.999798 0.0165349 -0.0114084 -0.258813 -0.018273 0.984484 -0.174518 -0.0513482 0.00834577 0.174691 0.984588 0.0121524 0 0 0 1 
4215528470189;0.616608;0.410895;0.919753 0.0153596 0.392197 0.297043 0.0297892 0.99362 -0.108773 -0.159313 -0.391365 0.111727 0.913428 1.72741 0 0 0 1 
4215528470190;0.721491;0.0255012;0.997774 0.0637909 0.0194376 -0.477721 -0.063486 0.997856 -0.01592 0.0596218 -0.0204115 0.0146505 0.999684 -0.527607 0 0 0 1 
4215528470191;0.988569;0.352679;0.998881 0.0471352 0.00386638 -0.287947 -0.0472893 0.994361 0.0949243 0.207487 0.000629699 -0.0950009 0.995477 1.00876 0 0 0 1 
4215528470192;0.483071;0.439444;0.996067 0.00545665 0.0884385 -0.0453305 0.00226664 0.996206 -0.0869947 -0.0403572 -0.0885777 0.0868529 0.992275 0.262228 0 0 0 1 
4215528470193;1.00219;0.821488;0.993236 -0.0041285 0.116043 0.00359992 -0.00448483 0.997258 0.0738663 -0.0604618 -0.11603 -0.0738871 0.990494 1.16754 0 0 0 1 
4215528470194;0.574823;0.46722;0.971273 -0.0333099 -0.235626 0.300046 -0.0372789 0.956632 -0.288903 0.396354 0.235031 0.289388 0.927909 -1.81888 0 0 0 1 
4215528470195;0.262201;0.208593;0.99939 0.0311557 -0.0157734 -0.147498 -0.0304136 0.998511 0.0452832 0.125354 0.0171607 -0.0447758 0.99885 0.0894528 0 0 0 1 
4215528470196;0.705585;0.0648021;0.997329 0.0640908 0.0350281 -0.159314 -0.0671346 0.993303 0.0940312 0.510261 -0.0287669 -0.0961317 0.994953 0.941651 0 0 0 1 
4215528470197;0.958351;0.600018;0.973214 -0.00212996 -0.22989 -0.187139 -0.0129352 0.997866 -0.0640053 0.0601924 0.229535 0.0652646 0.97111 -0.490825 0 0 0 1 
4215528470198;0.657229;0.432603;0.991788 0.0309894 -0.124079 0.136558 -0.024333 0.9982 0.0548073 0.2082 0.125554 -0.051338 0.990758 -0.631378 0 0 0 1 
4215528470199;0.280312;0.0833761;0.955944 0.00513302 0.293506 0.159397 -0.0756895 0.97035 0.229549 0.494384 -0.283625 -0.241652 0.927988 1.58754 0 0 0 1 
4215528470200;0.717676;0.544522;0.977339 0.0791526 -0.196327 -0.295187 -0.0597209 0.992887 0.103002 0.261758 0.203083 -0.0889429 0.975114 -0.481829 0 0 0 1 
4215528470201;0.269494;0.0434246;0.998591 -0.0224849 0.0480762 -0.0181201 0.0234629 0.999527 -0.0198768 0.0723167 -0.0476065 0.0209768 0.998646 0.292938 0 0 0 1 
4215528470202;0.839096;0.541865;0.955695 -0.0318529 0.292631 -0.0211834 0.0134453 0.997814 0.0647017 -0.0468966 -0.294052 -0.0579005 0.954034 0.682729 0 0 0 1 
4215528470203;0.446878;0.415453;0.998714 0.0500118 -0.00830883 -0.144506 -0.0499317 0.998707 0.00957858 0.172177 0.00877713 -0.00915139 0.99992 0.00702383 0 0 0 1 
4215528470204;0.245546;0.24645;0.999849 -0.0120388 -0.0125433 -0.0168023 0.011744 0.999659 -0.0233161 -0.0158512 0.0128197 0.0231653 0.999649 -0.0998644 0 0 0 1 
4215528470205;0.862633;0.0310347;0.999611 0.0276213 -0.00377082 -0.130428 -0.027612 0.999616 0.00249162 -0.0365449 0.00383819 -0.00238653 0.99999 0.830295 0 0 0 1 
4215528470206;0.412937;0.230975;0.99823 0.0553216 -0.0218423 -0.16024 -0.0464707 0.954642 0.294106 0.148191 0.0371221 -0.292571 0.955523 0.279492 0 0 0 1 
4215528470207;0.79837;0.0974752;0.998073 0.0581553 -0.0216348 0.285296 -0.0422941 0.892741 0.448581 0.0573487 0.0454016 -0.446802 0.89348 0.290355 0 0 0 1 
4215528470208;0.797346;0.359236;0.998362 0.000492159 0.0572031 -0.179714 -0.0135898 0.973377 0.228808 0.226193 -0.0555676 -0.22921 0.97179 1.40237 0 0 0 1 
4215528470209;0.744174;0.100167;0.999746 0.0153133 -0.0165497 -0.12959 -0.0156602 0.999656 -0.0210427 0.236788 0.0162218 0.0212965 0.999642 0.576155 0 0 0 1 
4215528470210;0.00963021;0.00960922;0.999961 -0.00618076 0.00628594 0.00972602 0.00618631 0.99998 -0.000863088 -0.0319601 -0.00628048 0.000901941 0.99998 0.00993818 0 0 0 1 
4215528470211;0.575999;0.293724;0.994254 0.0422308 -0.0983618 -0.0320056 -0.0390245 0.99865 0.0342965 0.281235 0.0996774 -0.0302609 0.99456 -0.850467 0 0 0 1 
4215528470212;0.0961837;0.0308527;0.999266 -0.0371855 -0.00917983 0.0624096 0.0356459 0.990563 -0.132342 -0.111228 0.0140144 0.131918 0.991162 -0.287808 0 0 0 1 
4215528470213;0.289621;0.189156;0.96832 -0.0320869 -0.247644 0.0920722 -0.0480715 0.949209 -0.310953 0.272637 0.245043 0.313007 0.917595 -1.65858 0 0 0 1 
4215528470214;0.573067;0.185766;0.999274 -0.00832442 -0.037175 0.11131 0.0101792 0.998698 0.0499854 0.00529909 0.0367105 -0.0503275 0.998058 -0.5769 0 0 0 1 
4215528470215;0.890995;0.365995;0.999912 -0.0129566 0.00281071 0.0498578 0.0129914 0.999834 -0.0127419 0.0272677 -0.00264515 0.0127773 0.999915 -0.829725 0 0 0 1 
4215528470217;1.22438;0.16197;0.999676 0.0211306 -0.0142226 0.227099 -0.0214444 0.999522 -0.0222814 0.318272 0.013745 0.0225791 0.999651 -0.960151 0 0 0 1 
4215528470218;0.463441;0.744227;0.99939 -0.0267853 -0.0224111 0.0117659 0.0221078 0.981966 -0.187761 -0.0317804 0.0270361 0.187151 0.981959 -1.32508 0 0 0 1 
4215528470219;1.25639;0.437295;0.998297 0.015787 -0.056166 -0.139847 0.00148317 0.955516 0.294936 -0.440249 0.0583236 -0.294517 0.953865 0.449952 0 0 0 1 
4215528470220;0.864498;0.0821129;0.987859 0.045974 0.148394 -0.359624 -0.103789 0.906064 0.410214 0.719227 -0.115596 -0.420636 0.899835 3.22085 0 0 0 1 
4215528470221;0.77456;0.789343;0.976565 -0.00810942 0.215069 -0.0612293 0.00469368 0.999855 0.016388 -0.140427 -0.215171 -0.0149945 0.976461 2.25103 0 0 0 1 
4215528470222;0.34545;0.2793;0.996823 -0.0652501 0.0456839 0.259117 0.0653897 0.997859 -0.00156494 -0.686125 -0.0454839 0.00454722 0.998955 0.33309 0 0 0 1 
4215528470223;0.822643;0.520276;0.992116 -0.0987046 -0.0772225 0.778949 0.0899131 0.98985 -0.110053 -0.647476 0.0873015 0.102242 0.990921 -1.86198 0 0 0 1 
4215528470224;0.61224;0.386806;0.998225 -0.0215114 0.0555377 0.0956659 0.0298342 0.98767 -0.15368 -0.0898001 -0.051547 0.155064 0.986559 -0.0647069 0 0 0 1 
4215528470225;0.96443;0.112248;0.998964 0.0338502 0.0304076 -0.387249 -0.0333555 0.999305 -0.0166328 0.840346 -0.0309495 0.0156013 0.999399 -0.0184036 0 0 0 1 
4215528470226;1.60186;0.581831;0.999579 -0.0112368 -0.0267571 -0.384729 0.0210583 0.915257 0.40232 -0.274647 0.0199688 -0.402714 0.915108 2.78208 0 0 0 1 
4215528470227;0.62327;0.0714918;0.990316 0.0704748 0.119612 -0.533175 -0.0607261 0.994674 -0.083281 0.833998 -0.124844 0.075211 0.989322 0.562194 0 0 0 1 
4215528470228;0.76285;0.726117;0.971572 0.0106998 -0.236504 0.491163 0.0121414 0.995412 0.0949115 -0.151079 0.236434 -0.0950848 0.966984 -1.96263 0 0 0 1 
4215528470229;0.828483;0.108794;0.93457 0.0091704 -0.355662 0.771073 -0.0324804 0.997692 -0.0596239 0.60587 0.354294 0.0672747 0.932711 -4.10853 0 0 0 1 
4215528470230;1.52282;1.14709;0.999958 -0.00360768 -0.00846808 -0.144251 0.00376313 0.999823 0.0184135 0.0870988 0.00840015 -0.0184446 0.999795 -0.0967647 0 0 0 1 
4215528470231;1.36079;1.17396;0.953463 0.0533422 -0.296755 0.752132 -0.0474009 0.998506 0.0271858 0.552523 0.297761 -0.0118542 0.954567 -3.18655 0 0 0 1 
4215528470232;1.01124;0.115387;0.991307 0.0771461 0.106576 -0.603203 -0.0816387 0.99592 0.0384478 0.593367 -0.103175 -0.0468144 0.993561 0.825704 0 0 0 1 
4215528470233;0.360528;0.103442;0.999832 -0.0170162 -0.00681896 0.0841757 0.0170958 0.999784 0.0117897 -0.353314 0.00661687 -0.0119043 0.999907 0.119917 0 0 0 1 
4215528470234;0.247697;0.0981076;0.999998 -0.000363178 0.0018773 -0.0859936 0.000361214 0.999999 0.00104613 -0.0330007 -0.00187768 -0.00104545 0.999998 -0.0427108 0 0 0 1 
4215528470235;1.12906;1.24519;0.978676 -0.106173 -0.175841 0.935227 0.0671019 0.974342 -0.214839 -0.318421 0.19414 0.198459 0.960689 -3.21204 0 0 0 1 
4215528470236;0.421865;0.373251;0.985224 0.163501 -0.0510037 -0.727553 -0.141326 0.944308 0.29717 1.43388 0.0967507 -0.285571 0.953461 0.435288 0 0 0 1 
4215528470237;1.6174;1.17664;0.999672 0.0208399 -0.014862 -0.338484 -0.0206401 0.999696 0.0134722 0.0615248 0.0151382 -0.013161 0.999799 0.595967 0 0 0 1 
4215528470238;1.42655;0.119077;0.972491 -0.102246 0.2093 0.25655 0.130079 0.983741 -0.123826 -1.54788 -0.193236 0.147645 0.96998 2.01408 0 0 0 1 
4215528470239;1.23487;0.563654;0.993624 0.0397132 -0.105519 -0.341103 -0.0353875 0.998467 0.0425555 0.313211 0.107047 -0.0385501 0.993506 -0.327614 0 0 0 1 
4215528470240;1.31981;0.361403;0.995369 -0.0639386 0.0717816 0.0572703 0.0666587 0.99712 -0.0361574 -0.74971 -0.069263 0.0407748 0.996765 1.20024 0 0 0 1 
4215528470241;0.144224;0.0778623;0.994352 -0.0551444 0.0906858 0.161887 0.0612913 0.995905 -0.0664542 -0.528996 -0.0866499 0.0716371 0.99366 0.463217 0 0 0 1 
4215528470242;0.341886;0.128472;0.994122 -0.0916413 0.0576543 0.439587 0.0978261 0.988462 -0.115638 -0.879975 -0.0463919 0.120599 0.991617 -0.274072 0 0 0 1 
4215528470243;0.806737;0.430966;0.998015 -0.0481076 0.0406487 0.108323 0.0504945 0.996927 -0.0598891 -0.226245 -0.0376427 0.0618228 0.997377 -0.069637 0 0 0 1 
4215528470244;0.044198;0.0689281;0.999361 0.0354929 0.00416473 -0.207328 -0.0354979 0.999369 0.00113065 0.361444 -0.00412198 -0.00127777 0.999991 0.00880863 0 0 0 1 
4215528470245;1.65415;0.605425;0.999582 0.0283942 -0.00543871 -0.0502909 -0.0287334 0.996511 -0.07836 0.690126 0.00319476 0.0784835 0.99691 -1.32906 0 0 0 1 
4215528470246;0.359411;0.328795;0.986796 -0.120303 0.108445 0.535591 0.127232 0.990093 -0.0593904 -1.19812 -0.100226 0.0724038 0.992327 0.626127 0 0 0 1 
4215528470248;1.05013;0.874801;0.99208 0.0200808 -0.123994 -0.164278 -0.0243876 0.999147 -0.0333138 0.273267 0.12322 0.0360738 0.991724 -0.634731 0 0 0 1 
4215528470249;0.429566;0.0269181;0.975998 -0.0491341 0.212165 0.234817 -0.0130074 0.959326 0.282001 0.0542302 -0.217392 -0.277992 0.935661 2.72335 0 0 0 1 
4215528470250;0.0803374;0.0570082;0.998654 0.0496843 -0.0148922 -0.240334 -0.0484171 0.995938 0.0759155 0.252582 0.0186035 -0.0750923 0.997003 0.167891 0 0 0 1 
4215528470251;0.907231;0.707754;0.994712 -0.00539383 0.102561 -0.172115 -0.00323051 0.996483 0.0837382 0.0439653 -0.102652 -0.0836268 0.991196 0.71615 0 0 0 1 
4215528470252;0.54782;0.0417591;0.999695 0.0220191 -0.0112185 -0.0062781 -0.0217697 0.999524 0.0218822 0.0748057 0.011695 -0.0216313 0.999698 -0.517643 0 0 0 1 
4215528470253;0.780027;0.642723;0.972065 0.0377379 -0.231657 0.167927 -0.0338907 0.999214 0.0205663 0.284393 0.232251 -0.0121408 0.97258 -1.41406 0 0 0 1 
4215528470254;0.503441;0.103478;0.975254 0.020749 0.220113 -0.0961749 -0.0591459 0.983785 0.16932 0.184673 -0.213031 -0.178149 0.960667 1.52005 0 0 0 1 
4215528470255;0.683372;0.356954;0.997067 -0.00601604 0.0763014 -0.0745967 0.0127813 0.995995 -0.0884899 -0.233484 -0.0754635 0.0892056 0.99315 0.408716 0 0 0 1 
4215528470256;0.928983;0.335422;0.9964 0.0611875 -0.0586724 -0.429842 -0.0593119 0.997687 0.0331951 0.453268 0.0605678 -0.0295956 0.997725 0.422868 0 0 0 1 
4215528470257;0.749547;0.255713;0.994975 -0.042682 -0.0905671 0.299648 0.0253331 0.982468 -0.184702 0.0933126 0.0968628 0.181479 0.978613 -1.90872 0 0 0 1 
4215528470258;0.0650151;0.0587709;0.999673 -0.0254494 0.00253678 0.11183 0.0254544 0.999674 -0.00196411 -0.157081 -0.00248597 0.00202804 0.999995 -0.0419448 0 0 0 1 
