#;prob_registration_l1 -r /home/probabilistic_point_clouds_registration/build/tester /home/point_clouds_registration_benchmark//devel/registration_pairs/planetary_map_local.txt /home/point_clouds_registration_benchmark//planetary/p2at_met -s 0.2 -t 0.2 -p 0.3 -r 1000 -m 20 -i 40 
id;initial_error;final_error;transformation
25528382210000;2.8561;1.44199;0.999472 -0.031873 0.00625324 -1.7028 0.0317773 0.999384 0.0148627 -0.648621 -0.00672311 -0.0146562 0.99987 1.53165 0 0 0 1 
25528382210001;2.11331;1.54149;0.99992 -0.0108223 -0.00647817 -0.617904 0.0117594 0.985627 0.168526 -1.07408 0.00456123 -0.168589 0.985676 -9.16327 0 0 0 1 
25528382210002;1.70145;1.45931;0.975085 0.0129351 0.221455 1.2894 0.0438753 0.967332 -0.249688 -2.38377 -0.217451 0.253183 0.942663 14.0893 0 0 0 1 
25528382210003;1.37022;0.400391;0.999999 -0.000972536 -0.000397985 -0.407451 0.000975725 0.999967 0.00809188 0.0573072 0.000390103 -0.00809227 0.999967 0.68138 0 0 0 1 
25528382210004;1.75339;1.30906;0.966896 -0.0452916 0.251119 -1.93043 0.012992 0.991583 0.128817 -0.263517 -0.25484 -0.12129 0.959346 -5.62344 0 0 0 1 
25528382210005;0.735848;0.444591;0.994978 0.00877728 0.0997089 0.707867 0.0224924 0.951065 -0.30817 -3.0442 -0.0975346 0.308865 0.946092 16.4437 0 0 0 1 
25528382210006;1.57164;0.526685;0.997295 -0.0201514 -0.0706929 -1.13555 0.0191255 0.999702 -0.0151598 -0.144725 0.0709773 0.0137667 0.997383 -1.32392 0 0 0 1 
25528382210007;1.73822;1.39646;0.999987 -0.00469374 -0.00195413 0.0619454 0.00457462 0.998361 -0.0570503 -0.449359 0.00221871 0.0570406 0.998369 2.38882 0 0 0 1 
25528382210008;0.906109;0.880512;0.995005 0.0214716 0.0974933 1.35637 -0.0219077 0.999754 0.00340507 0.170145 -0.0973963 -0.00552392 0.99523 0.270402 0 0 0 1 
25528382210009;0.490985;0.223542;0.970725 0.0474246 -0.235465 2.2465 -0.0228272 0.994092 0.106111 0.216749 0.239106 -0.09763 0.966073 -6.4892 0 0 0 1 
25528382210010;2.17163;1.32416;0.990528 -0.0372665 -0.132155 -1.80226 -0.0239761 0.900736 -0.433704 -4.60184 0.1352 0.432764 0.891311 18.5157 0 0 0 1 
25528382210011;2.42393;1.62947;0.999647 0.0222978 -0.0144517 1.03806 -0.0199068 0.988709 0.14852 0.00737785 0.0176002 -0.148179 0.988804 -9.1229 0 0 0 1 
25528382210012;1.04957;0.440161;0.997813 -0.0173013 -0.0637915 -0.885996 0.0133244 0.997972 -0.0622486 -0.719564 0.0647391 0.0612624 0.99602 3.26667 0 0 0 1 
25528382210013;1.47687;1.19061;0.999979 -0.00577609 0.00307136 -0.20862 0.00575632 0.999963 0.00640826 -0.0190324 -0.00310826 -0.00639044 0.999975 0.336818 0 0 0 1 
25528382210014;2.77484;2.18711;0.983359 -0.0122733 0.181258 0.0386232 -0.0531739 0.934579 0.35176 -2.72669 -0.173717 -0.355545 0.918374 -15.7521 0 0 0 1 
25528382210015;1.8346;1.7561;0.996994 0.00836545 0.0770254 0.566998 -0.00293581 0.997519 -0.0703368 -0.149513 -0.0774227 0.0698992 0.994545 4.67815 0 0 0 1 
25528382210016;0.567147;0.425798;0.994116 -0.00189835 -0.108304 -0.194602 0.0197955 0.986193 0.164415 -0.98795 0.106497 -0.165591 0.980427 -9.46222 0 0 0 1 
25528382210017;2.04883;1.40799;0.952715 0.0348667 -0.301858 1.26909 0.0322222 0.976202 0.214457 -1.29824 0.302151 -0.214043 0.928919 -11.5042 0 0 0 1 
25528382210018;2.95759;1.65335;0.999199 0.0336589 -0.0216212 1.16304 -0.0224698 0.919354 0.392789 -2.85319 0.0330984 -0.391989 0.919374 -17.9725 0 0 0 1 
25528382210019;2.21355;1.88822;0.995819 0.0165464 0.0898421 1.12853 -0.0161128 0.999855 -0.00554998 0.285909 -0.0899209 0.00407917 0.995941 -0.0736034 0 0 0 1 
25528382210020;0.308749;0.375272;0.982104 -0.0404236 0.183948 -1.81068 0.0841394 0.967981 -0.236504 -2.77921 -0.168498 0.247749 0.954059 13.3576 0 0 0 1 
25528382210021;1.80312;1.36138;0.999789 0.0198181 -0.00540733 1.10074 -0.0195098 0.998451 0.0520993 0.0356638 0.00643146 -0.0519828 0.998627 -1.79657 0 0 0 1 
25528382210022;2.94324;2.50033;0.872062 -0.036166 -0.488057 -1.85697 0.00310822 0.997655 -0.0683744 -0.00519923 0.489386 0.0581097 0.870129 0.00501488 0 0 0 1 
25528382210023;1.21687;0.939961;0.887957 -0.0120501 -0.459769 -0.53029 -0.0255796 0.996816 -0.0755277 0.149384 0.459215 0.078826 0.884821 0.113342 0 0 0 1 
25528382210024;1.44022;1.39054;0.998741 -0.0217137 0.0452146 -1.0472 0.0235866 0.998868 -0.0413099 -0.471977 -0.0442664 0.0423243 0.998123 1.97394 0 0 0 1 
25528382210025;2.35204;2.15715;0.999992 -0.00237765 -0.00320377 0.13466 0.00239811 0.999977 0.00639975 -0.163865 0.00318848 -0.00640738 0.999974 -0.487967 0 0 0 1 
25528382210026;1.69358;0.46049;0.997901 0.00386223 0.0646424 0.107416 -0.00498327 0.99984 0.0171899 0.372008 -0.0645657 -0.017476 0.99776 -1.98007 0 0 0 1 
25528382210027;2.42888;1.55726;0.997535 -0.0196738 0.0673585 -1.18169 0.0209708 0.999607 -0.0186033 -0.376732 -0.066966 0.01997 0.997555 3.10151 0 0 0 1 
25528382210028;0.814222;0.292734;0.969182 0.0135597 -0.245972 0.885294 -0.0338684 0.996337 -0.0785236 0.212046 0.244006 0.0844343 0.966091 1.77398 0 0 0 1 
25528382210029;0.390701;0.38189;0.972568 -0.0758589 -0.219904 -4.00958 0.0102867 0.958434 -0.28513 -2.67564 0.232393 0.275046 0.932922 11.8458 0 0 0 1 
25528382210031;1.54457;0.753902;0.999465 0.0277874 -0.0172655 0.743366 -0.0269038 0.998414 0.0494623 -0.0299681 0.0186125 -0.0489713 0.998627 -3.14428 0 0 0 1 
25528382210032;0.49374;0.35199;0.999683 0.0251049 -0.00166924 0.628883 -0.024729 0.992611 0.118792 0.0169417 0.00463917 -0.118713 0.992918 -3.6408 0 0 0 1 
25528382210033;0.496545;0.410263;0.998286 0.013221 0.0570056 0.361438 -0.0139181 0.999833 0.0118489 0.0115504 -0.0568394 -0.012622 0.998304 -0.391346 0 0 0 1 
25528382210034;1.67751;1.39354;0.9996 -0.00489644 -0.0278389 -0.130873 0.00200297 0.994676 -0.103028 -0.235194 0.0281952 0.102931 0.994289 1.84507 0 0 0 1 
25528382210035;1.14274;0.515954;0.996917 0.0164099 -0.0767344 0.487442 -0.0127399 0.998762 0.0480747 -0.0531207 0.0774283 -0.0469489 0.995892 -3.31349 0 0 0 1 
25528382210036;0.657758;0.270572;0.998643 0.0136684 0.050252 0.333295 -0.0195694 0.992716 0.118881 0.131838 -0.048261 -0.119703 0.991636 -2.71193 0 0 0 1 
25528382210037;0.42747;0.344506;0.943056 0.0278618 -0.331465 0.95392 -0.00798632 0.998095 0.0611745 -0.11128 0.332538 -0.0550438 0.941482 -5.00001 0 0 0 1 
25528382210038;2.16463;1.49478;0.994802 -0.0219648 -0.0994316 -0.803182 0.0184866 0.999189 -0.0357677 -0.345342 0.100137 0.0337436 0.994401 1.74487 0 0 0 1 
25528382210039;1.45509;1.22511;0.999804 0.0046469 0.019224 0.105191 -0.00587069 0.997926 0.0641009 0.0565779 -0.0188863 -0.0642012 0.997758 -1.04226 0 0 0 1 
25528382210040;1.05221;1.05433;0.995636 -0.0157985 -0.0919714 -0.44106 0.0113786 0.998764 -0.0483841 -0.183838 0.0926221 0.0471265 0.994585 0.373203 0 0 0 1 
25528382210041;1.71424;1.00478;0.909809 -0.0199318 0.414549 0.925772 -0.00764739 0.997871 0.064762 0.113844 -0.414958 -0.0620912 0.90772 3.27832 0 0 0 1 
25528382210042;0.574012;0.347431;0.988881 0.00272415 0.148685 0.226265 0.0464121 0.944237 -0.325979 -2.50845 -0.141282 0.329255 0.933611 11.6083 0 0 0 1 
25528382210043;0.513876;0.205757;0.99996 0.00599582 0.0066204 0.365925 -0.00723131 0.978519 0.206029 -0.394746 -0.00524287 -0.206069 0.978523 -6.74619 0 0 0 1 
25528382210044;0.355334;0.26968;0.914768 -0.0115922 0.403812 0.651445 -0.0431758 0.991057 0.126258 0.136973 -0.401665 -0.132932 0.906088 -0.788422 0 0 0 1 
25528382210045;1.15928;1.0586;0.999264 0.00638628 -0.0378192 0.0759804 -0.00817899 0.998841 -0.0474387 -0.00690207 0.0374724 0.0477131 0.998158 0.838404 0 0 0 1 
25528382210046;2.5411;1.05774;0.995446 0.0181846 0.0935742 0.643117 -0.0537882 0.917585 0.393883 -2.43471 -0.0786997 -0.397122 0.914385 -13.7724 0 0 0 1 
25528382210047;2.63214;2.34589;0.962565 -0.0744192 -0.260635 -2.415 -0.0207873 0.938471 -0.344732 -2.16009 0.270253 0.337245 0.901792 8.81539 0 0 0 1 
25528382210048;0.0550198;0.133735;0.999677 0.0136712 -0.021406 0.269482 -0.0139969 0.999787 -0.0151389 0.0875739 0.0211945 0.0154336 0.999656 0.213626 0 0 0 1 
25528382210049;0.624254;0.283842;0.998866 0.0239931 0.041134 0.603279 -0.0321934 0.97673 0.212041 -0.24087 -0.0350893 -0.213124 0.976395 -5.83649 0 0 0 1 
25528382210050;1.7141;0.263427;0.999633 0.0149688 0.0225933 0.261664 -0.0138277 0.998661 -0.0498438 0.166962 -0.0233092 0.0495131 0.998501 3.55117 0 0 0 1 
25528382210051;0.731618;0.732949;0.998759 0.0132873 -0.0480024 0.34877 -0.00894533 0.995941 0.0895616 0.00278181 0.0489976 -0.089021 0.994824 -3.15251 0 0 0 1 
25528382210052;0.501673;0.434046;0.944938 0.00508258 -0.327211 0.495132 0.0338615 0.992994 0.113211 -0.390556 0.325494 -0.118057 0.938145 -6.41729 0 0 0 1 
25528382210053;0.245766;0.304619;0.996429 0.00342332 0.0843598 0.0785816 0.00887802 0.98939 -0.145014 -0.565623 -0.0839612 0.145245 0.985827 5.04448 0 0 0 1 
25528382210054;2.27774;1.7661;0.998394 -0.0133159 0.0550649 -0.371843 0.0160627 0.998633 -0.0497448 -0.160558 -0.0543272 0.0505494 0.997243 3.42707 0 0 0 1 
25528382210055;0.613367;0.685537;0.996756 0.0150779 -0.0790577 0.285323 -0.0129572 0.999544 0.0272698 0.0421814 0.0794329 -0.026157 0.996497 -1.38309 0 0 0 1 
25528382210056;2.21606;2.05129;0.992802 0.0391789 -0.113181 1.27675 -0.0136786 0.975891 0.217831 -0.527523 0.118986 -0.214714 0.969402 -8.42761 0 0 0 1 
25528382210057;2.17431;1.89606;0.999877 -0.00233914 -0.0155384 -0.301353 0.00175745 0.999301 -0.0373441 -0.263669 0.0156149 0.0373122 0.999182 1.70309 0 0 0 1 
25528382210058;0.777574;0.442332;0.94377 0.0888642 -0.318435 2.75493 0.0362896 0.929531 0.366954 -2.26282 0.328604 -0.357876 0.874039 -13.7576 0 0 0 1 
25528382210059;0.655634;0.337722;0.998385 0.0259805 -0.0505139 0.693238 -0.0211836 0.995414 0.0932811 -0.0289482 0.0527058 -0.0920604 0.994358 -4.01817 0 0 0 1 
25528382210060;1.3379;0.422833;0.944848 -0.0597935 -0.322004 -1.91116 -0.00608329 0.979819 -0.199794 -0.900507 0.327452 0.190734 0.925416 4.28103 0 0 0 1 
25528382210062;1.314;0.932814;0.996209 0.0117469 -0.0861976 0.587792 -0.00745759 0.998726 0.0499163 0.00130132 0.0866741 -0.0490842 0.995027 -2.10944 0 0 0 1 
25528382210063;2.15505;1.45904;0.999977 -0.00659267 -0.00176482 -0.385993 0.00648972 0.99857 -0.0530736 0.0349921 0.0021122 0.0530609 0.998589 3.24503 0 0 0 1 
25528382210064;0.553066;0.492439;0.984781 0.00084204 0.173796 0.245744 0.0252654 0.988672 -0.147952 -0.790093 -0.171952 0.150091 0.973604 9.97917 0 0 0 1 
25528382210065;1.61508;0.644442;0.99457 0.0262775 -0.100698 1.92932 -0.00878441 0.985341 0.170368 -0.918341 0.103698 -0.168558 0.980222 -12.4259 0 0 0 1 
25528382210066;1.78743;0.993079;0.999969 0.00225659 0.00757047 0.126378 -0.00242726 0.999741 0.0226117 -0.013155 -0.00751749 -0.0226294 0.999716 -0.701644 0 0 0 1 
25528382210067;0.672032;0.523158;0.993641 -0.0198201 -0.11084 -2.54834 0.00947621 0.995613 -0.0930819 -0.529804 0.112199 0.0914396 0.98947 11.9334 0 0 0 1 
25528382210068;1.84994;0.797481;0.997883 0.00776205 -0.0645626 0.123329 -0.00450044 0.998713 0.0505113 0.0960667 0.0648716 -0.0501138 0.996634 -1.6049 0 0 0 1 
25528382210069;2.23987;0.365727;0.981072 -0.0289388 -0.191471 -3.25657 -0.016495 0.972688 -0.23153 -3.10916 0.192941 0.230305 0.953799 24.9607 0 0 0 1 
25528382210070;2.2156;0.88503;0.999931 -0.0025228 -0.0115088 -0.545871 0.00256764 0.999989 0.00388335 0.0208178 0.0114988 -0.00391263 0.999926 2.25766 0 0 0 1 
25528382210071;1.44584;1.2724;0.998978 -0.0449311 0.00482095 -4.42083 0.0421968 0.889332 -0.455311 -11.038 0.0161702 0.45505 0.890319 44.6216 0 0 0 1 
25528382210072;1.6175;1.59117;0.998229 -0.0396179 -0.0443684 -4.16833 0.0211459 0.933544 -0.357838 -7.08352 0.0555966 0.356266 0.932729 36.9294 0 0 0 1 
25528382210073;2.148;0.37724;0.999102 0.00822792 -0.0415615 0.324479 -0.00624334 0.998844 0.0476566 0.0845768 0.0419056 -0.0473543 0.997999 -1.25654 0 0 0 1 
25528382210074;1.21241;0.369582;0.991404 -0.00870597 0.130543 -0.726865 0.0066091 0.999842 0.0164873 0.245075 -0.130666 -0.0154828 0.991305 -6.41639 0 0 0 1 
25528382210075;0.469924;0.150416;0.967405 -0.0256122 -0.251937 -3.9811 -0.0158519 0.986796 -0.161188 -2.0579 0.252739 0.159927 0.954225 21.5229 0 0 0 1 
25528382210076;1.94829;1.23079;0.999886 0.00452296 -0.0144089 0.1306 -0.00336633 0.996844 0.079308 0.144075 0.0147221 -0.0792505 0.996746 -5.57745 0 0 0 1 
25528382210077;1.55351;0.732007;0.999838 0.0109696 -0.0142749 1.24732 -0.0100099 0.997793 0.0656478 -0.228344 0.0149636 -0.0654942 0.997741 -8.01494 0 0 0 1 
25528382210078;1.78754;1.46592;0.999859 -0.000475244 0.0168007 -0.10972 -6.73579e-05 0.999479 0.0322811 0.116446 -0.0168073 -0.0322776 0.999338 -2.70123 0 0 0 1 
25528382210079;0.52952;0.345622;0.966078 -0.0177671 -0.257639 -3.34835 -0.0098697 0.994362 -0.105581 -1.08216 0.258062 0.104543 0.960456 16.348 0 0 0 1 
25528382210080;0.579865;0.172582;0.99994 0.000734845 -0.0109052 -0.0280052 -0.000731662 1 0.000295873 -0.0114955 0.0109054 -0.000287877 0.99994 0.81782 0 0 0 1 
25528382210081;1.6725;1.67676;0.999627 -0.00927473 0.0257009 -0.845328 0.0110301 0.997554 -0.0690215 -0.154145 -0.0249979 0.0692792 0.997284 6.02093 0 0 0 1 
25528382210082;1.80785;0.24919;0.95996 -0.00973071 0.279968 -0.88735 -0.030539 0.989805 0.139115 -1.18829 -0.278468 -0.142095 0.949876 -19.3092 0 0 0 1 
25528382210083;0.928935;0.238917;0.981491 -0.0380765 -0.187686 -5.05555 -0.00172237 0.978241 -0.207466 -3.00878 0.191502 0.203949 0.960069 25.8488 0 0 0 1 
25528382210084;1.83208;1.42757;0.998706 -0.0171709 -0.0478767 -1.7776 0.0108879 0.991646 -0.128531 -0.791567 0.0496838 0.127843 0.990549 12.3483 0 0 0 1 
25528382210085;0.401662;0.267796;0.993888 0.0500804 -0.0983843 4.65156 -0.018033 0.952864 0.302863 -4.26759 0.108914 -0.299237 0.947942 -27.6197 0 0 0 1 
25528382210086;1.45129;1.20331;0.996667 0.00256404 -0.0815413 -0.158984 -0.00470177 0.99965 -0.0260353 -0.132532 0.081446 0.0263319 0.99633 5.39578 0 0 0 1 
25528382210087;0.345605;0.150137;0.939433 -0.00691697 0.342663 -1.15151 0.0364451 0.996144 -0.0798084 0.262199 -0.34079 0.087463 0.936062 0.0779994 0 0 0 1 
25528382210088;0.167837;0.141369;0.999914 -0.00656771 -0.0113679 -0.740767 0.00658036 0.999978 0.00107606 0.154992 0.0113606 -0.00115077 0.999935 -0.137371 0 0 0 1 
25528382210089;1.83562;1.80714;0.999888 -0.0044728 0.0142662 -0.401258 0.00494994 0.999424 -0.0335876 0.0351108 -0.0141078 0.0336545 0.999334 2.61427 0 0 0 1 
25528382210090;2.15758;0.166672;0.999987 3.63958e-05 -0.0051087 -0.230348 -0.00017897 0.99961 -0.0279104 -0.206987 0.00510569 0.0279109 0.999597 5.45585 0 0 0 1 
25528382210091;0.893388;0.498384;0.999853 -0.0137636 0.0102265 -1.39576 0.0149222 0.992226 -0.123551 -0.817155 -0.00844652 0.123685 0.992286 12.7272 0 0 0 1 
25528382210093;1.89713;0.216851;0.978247 0.045017 -0.202501 -1.08557 -0.0249079 0.994597 0.100779 -0.447578 0.205943 -0.0935426 0.974083 4.38214 0 0 0 1 
25528382210094;0.825331;0.254339;0.99815 0.0188092 -0.0578206 -0.0440794 0.00133142 0.94396 0.330057 0.383495 0.0607884 -0.329524 0.942188 -2.02065 0 0 0 1 
25528382210095;0.858473;0.745117;0.958868 0.0902587 0.269122 0.549483 -0.126233 0.984779 0.119484 -1.92607 -0.254241 -0.148541 0.955666 -4.3647 0 0 0 1 
25528382210096;0.8797;0.343078;0.953787 0.0669681 0.292925 0.638311 -0.175113 0.916076 0.36075 -2.88541 -0.244183 -0.395374 0.885468 -7.1411 0 0 0 1 
25528382210097;2.1961;0.454343;0.993866 0.0666207 0.0882732 0.442665 -0.0726146 0.995139 0.0665243 -2.31939 -0.0834122 -0.0725261 0.993872 -3.06028 0 0 0 1 
25528382210098;1.08082;0.288055;0.99971 0.0240884 -0.000527079 0.321972 -0.0240649 0.99718 -0.0710845 -1.07602 -0.00118672 0.0710765 0.99747 -0.212726 0 0 0 1 
25528382210099;0.565162;0.334447;0.94846 -0.0483221 -0.313191 -1.843 0.0103818 0.992513 -0.121694 -0.0344145 0.316727 0.112171 0.941861 5.79182 0 0 0 1 
25528382210100;1.81678;1.7648;0.998389 0.0486658 0.0291739 0.542368 -0.0545659 0.964471 0.258493 -0.538522 -0.0155576 -0.259669 0.965572 -1.76243 0 0 0 1 
25528382210101;0.708323;0.433657;0.998096 -0.0495934 -0.0366653 -0.624249 0.0479358 0.997846 -0.0447842 0.844992 0.0388074 0.0429414 0.998324 1.38781 0 0 0 1 
25528382210102;2.25601;1.58926;0.997391 0.00879155 -0.0716504 0.0276363 -0.0153503 0.995686 -0.0915086 -0.789042 0.0705368 0.0923697 0.993223 0.500345 0 0 0 1 
25528382210103;0.72475;0.480402;0.998935 0.0455846 -0.00713311 0.36455 -0.0449221 0.996165 0.0750776 -0.724978 0.0105281 -0.0746772 0.997152 0.356284 0 0 0 1 
25528382210104;2.73972;1.60502;0.990321 0.0579653 -0.126116 -0.167704 -0.0222338 0.963138 0.268087 0.330192 0.137007 -0.262688 0.955104 2.51587 0 0 0 1 
25528382210105;1.37462;0.264089;0.98552 0.0483775 0.162509 0.429081 0.0360757 0.876663 -0.479751 -1.94542 -0.165675 0.478667 0.862224 -0.697699 0 0 0 1 
25528382210106;1.98093;0.153959;0.994465 -0.0594093 -0.0866574 -0.190363 0.0233695 0.929198 -0.368842 -0.210858 0.102435 0.364775 0.925444 2.01245 0 0 0 1 
25528382210107;2.7132;2.03158;0.999595 0.00674219 0.0276614 0.210925 -0.00821792 0.998529 0.0535881 -0.164609 -0.0272594 -0.0537937 0.99818 -2.42062 0 0 0 1 
25528382210108;2.24596;0.996891;0.981241 0.0680836 -0.180364 0.131757 -0.0629285 0.997433 0.0341579 -1.89016 0.182227 -0.0221671 0.983007 1.56078 0 0 0 1 
25528382210109;1.35089;0.306325;0.996834 0.0149767 0.0780816 0.480066 -0.00746567 0.995391 -0.0956126 -0.289437 -0.0791536 0.094727 0.992352 -1.80942 0 0 0 1 
25528382210110;1.54595;0.93076;0.997459 0.0640127 -0.0312656 0.141113 -0.0402078 0.868143 0.494682 0.229959 0.0588089 -0.492168 0.868511 -2.23952 0 0 0 1 
25528382210111;0.364366;0.222056;0.985345 -0.0125001 -0.170113 -0.8054 0.00488686 0.998971 -0.0450994 -0.111534 0.170502 0.0436072 0.984392 3.24133 0 0 0 1 
25528382210112;2.44837;2.11284;0.99458 -0.0149632 0.10289 -0.158631 -0.00727369 0.977152 0.212418 0.54049 -0.103717 -0.212015 0.971747 -1.27459 0 0 0 1 
25528382210113;0.357128;0.346063;0.997462 0.0676228 0.0222979 0.571789 -0.0691754 0.994522 0.0783656 -1.18744 -0.0168765 -0.0797092 0.996675 -0.376029 0 0 0 1 
25528382210114;2.52967;0.844936;0.948164 -0.0430631 0.314851 -0.82388 0.14434 0.941037 -0.305966 1.6578 -0.28311 0.335551 0.898473 -4.55108 0 0 0 1 
25528382210115;1.99023;0.269385;0.997963 -0.00478318 -0.0636095 -0.532295 0.00558769 0.999907 0.0124758 0.246149 0.0635439 -0.0128058 0.997897 2.97292 0 0 0 1 
25528382210116;0.274109;0.253022;0.998678 0.0214874 -0.0466882 -0.174545 -0.0091849 0.968403 0.249221 0.272065 0.0505681 -0.248463 0.967321 -0.712686 0 0 0 1 
25528382210117;0.456139;0.27813;0.970928 0.0626178 0.231036 0.513626 -0.108571 0.975388 0.191911 -1.64564 -0.213333 -0.211416 0.95383 -4.80504 0 0 0 1 
25528382210118;1.00279;0.182436;0.998608 -0.00505813 0.0525091 -0.030849 0.00444212 0.99992 0.0118415 0.0755491 -0.0525648 -0.0115918 0.99855 -1.80099 0 0 0 1 
25528382210119;1.53716;0.934205;0.994326 0.0502761 0.0937454 0.177379 -0.0283915 0.974722 -0.221608 -1.65229 -0.102517 0.217689 0.970619 0.412816 0 0 0 1 
25528382210120;1.16367;0.589339;0.999619 -0.00178528 0.027533 0.0250232 0.000928652 0.999516 0.0310944 0.416886 -0.0275752 -0.031057 0.999137 0.253626 0 0 0 1 
25528382210121;1.92017;1.66363;0.998451 0.0218158 0.0511922 0.402866 -0.0320429 0.977521 0.208388 -0.264041 -0.0454953 -0.209705 0.976706 -3.04793 0 0 0 1 
25528382210122;1.42171;0.455247;0.995372 0.0273866 -0.0921076 0.133063 -0.0299086 0.999211 -0.0261132 -0.45837 0.0913198 0.0287471 0.995407 0.315131 0 0 0 1 
25528382210124;1.41534;0.523692;0.999789 0.0144944 -0.0145873 1.25934 -0.013697 0.998482 0.0533581 -0.36624 0.0153386 -0.053147 0.998469 -5.70888 0 0 0 1 
25528382210125;0.633729;0.322827;0.991696 -0.0427523 -0.121286 -3.67537 0.0256696 0.989951 -0.139061 -0.914017 0.126013 0.134793 0.982828 11.8611 0 0 0 1 
25528382210126;0.445145;0.265892;0.952056 -0.00257361 -0.305913 -1.08251 0.00923137 0.999751 0.0203189 0.0554431 0.305784 -0.0221687 0.951843 -0.0911819 0 0 0 1 
25528382210127;0.670288;0.628349;0.998212 -0.0137488 -0.0581727 -1.19127 0.0101357 0.998027 -0.0619566 -0.222451 0.0589098 0.0612562 0.996382 5.31682 0 0 0 1 
25528382210128;2.24311;1.73833;0.999932 -0.0114456 0.00206809 -0.61463 0.0114814 0.999768 -0.0182162 -0.0185123 -0.00185912 0.0182387 0.999832 -0.520957 0 0 0 1 
25528382210129;1.80511;1.47428;0.98533 0.0123156 0.170213 1.23168 -0.013841 0.999874 0.00777842 0.16443 -0.170096 -0.0100202 0.985377 -0.420174 0 0 0 1 
25528382210130;0.986557;0.181128;0.998992 0.0120542 0.0432339 0.914627 -0.0154408 0.996765 0.0788737 -0.0122607 -0.0421433 -0.0794617 0.995947 -5.39337 0 0 0 1 
25528382210131;2.11864;1.7903;0.983401 -0.119346 -0.136671 -9.46674 0.0475583 0.89644 -0.440606 -8.22204 0.175102 0.426792 0.887236 34.0568 0 0 0 1 
25528382210132;0.163045;0.151652;0.999924 0.00401715 -0.0116818 0.2478 -0.00438225 0.999497 -0.0313983 -0.124967 0.0115498 0.0314471 0.999439 2.35656 0 0 0 1 
25528382210133;1.8377;0.900002;0.999873 -0.00215637 -0.0158215 -0.443527 0.00202057 0.999961 -0.00859393 0.0921534 0.0158394 0.00856086 0.999838 2.68243 0 0 0 1 
25528382210134;1.18998;0.860337;0.99999 -0.00446295 0.000840096 -0.449983 0.00448631 0.999533 -0.03024 -0.0597165 -0.000704744 0.0302435 0.999542 3.27975 0 0 0 1 
25528382210135;0.879278;0.664825;0.999165 0.0162172 0.0374937 1.17408 -0.0177131 0.999046 0.0399163 -0.077562 -0.0368106 -0.0405471 0.998499 -2.80965 0 0 0 1 
25528382210136;1.20454;1.03703;0.938756 0.0335724 0.342943 2.84474 0.0225085 0.987143 -0.15825 -1.03472 -0.343847 0.156277 0.92593 11.1345 0 0 0 1 
25528382210137;0.490225;0.522932;0.9999 -0.010525 0.00941282 -0.755702 0.0111023 0.997918 -0.0635382 -0.241152 -0.00872448 0.0636364 0.997935 4.67027 0 0 0 1 
25528382210138;0.898047;0.906411;0.999913 -0.00872465 0.00989752 -0.595851 0.00950908 0.996571 -0.0821943 -0.330983 -0.00914647 0.0822813 0.996567 6.08326 0 0 0 1 
25528382210139;0.258844;0.192558;0.998332 -0.00900809 0.0570298 -0.591157 0.0117838 0.998753 -0.0485233 -0.168924 -0.0565216 0.0491144 0.997193 3.59623 0 0 0 1 
25528382210140;1.51354;1.33389;0.999598 -0.00742616 0.0273623 -0.512235 0.01043 0.993729 -0.11133 -0.595299 -0.026364 0.111571 0.993407 7.78512 0 0 0 1 
25528382210141;0.177514;0.161635;0.968418 0.0195492 0.248566 1.73785 -0.0350585 0.997694 0.0581221 -0.299589 -0.246856 -0.0650008 0.96687 -6.6611 0 0 0 1 
25528382210142;1.7221;1.44216;0.990919 0.01007 -0.13408 0.382327 0.00890835 0.990084 0.140197 -0.322781 0.134162 -0.140118 0.981003 -9.79704 0 0 0 1 
25528382210143;1.74732;1.62008;0.993616 -0.0124191 -0.112129 -1.25146 0.0079733 0.999167 -0.0400104 0.0730907 0.112532 0.038861 0.992888 3.76437 0 0 0 1 
25528382210144;0.62636;0.612324;0.985156 -0.0146049 -0.171037 -1.40839 0.014974 0.999888 0.000867766 0.0822963 0.171005 -0.00341599 0.985264 0.598019 0 0 0 1 
25528382210145;2.23099;1.72862;0.981804 0.0209715 0.188738 1.79809 -0.0302076 0.998476 0.0461931 -0.174779 -0.187482 -0.0510539 0.98094 -3.53036 0 0 0 1 
25528382210146;0.123351;0.123059;0.9877 -0.00445221 0.156297 -0.102629 0.00370609 0.99998 0.00506484 0.0195775 -0.156316 -0.0044233 0.987697 -1.30837 0 0 0 1 
25528382210147;2.1323;0.331416;0.999949 -0.000944003 0.0100188 -0.320192 0.0010729 0.999917 -0.012868 0.0667339 -0.0100058 0.0128781 0.999867 3.56335 0 0 0 1 
25528382210148;1.17842;0.506625;0.999936 -0.0059188 -0.00966469 -0.543666 0.00552753 0.999184 -0.0400214 -0.0698399 0.00989368 0.0399655 0.999152 4.34759 0 0 0 1 
25528382210149;1.8032;1.65843;0.974194 0.0347578 -0.223021 2.24103 0.0215449 0.969241 0.245168 -2.0049 0.224682 -0.243646 0.94348 -18.5344 0 0 0 1 
25528382210150;1.89528;1.82484;0.991955 0.00558918 0.126465 0.597412 0.00713871 0.994965 -0.0999667 -0.385128 -0.126387 0.100065 0.986921 7.08465 0 0 0 1 
25528382210151;1.38396;0.462844;0.999978 0.00630608 0.00226916 0.663886 -0.0063012 0.999978 -0.00215096 -0.243913 -0.00228267 0.00213661 0.999995 -1.64206 0 0 0 1 
25528382210152;1.90731;1.80555;0.999411 0.00379286 -0.0340948 0.358649 -0.000883567 0.996385 0.0849426 -0.331472 0.0342938 -0.0848625 0.995802 -7.52536 0 0 0 1 
25528382210153;0.627318;0.181463;0.968685 -0.0630156 -0.240162 -5.62383 0.0227244 0.985699 -0.166978 -1.27616 0.247249 0.156291 0.956264 14.3268 0 0 0 1 
25528382210155;0.972428;0.588029;0.996572 -0.0467303 -0.068265 -3.07108 0.0124969 0.900748 -0.434163 -7.26369 0.0817781 0.431822 0.898244 27.1194 0 0 0 1 
25528382210156;1.01473;0.741914;0.991921 0.0143403 -0.126044 0.463588 -0.00824762 0.998778 0.0487275 -0.177423 0.126588 -0.0472943 0.990827 -1.54669 0 0 0 1 
25528382210157;0.233342;0.248225;0.99847 0.00180986 -0.055268 -0.105216 -0.00510561 0.998212 -0.0595493 -0.432978 0.0550614 0.0597404 0.996694 4.68577 0 0 0 1 
25528382210158;0.218897;0.183189;0.999919 -0.00771673 -0.0100902 -0.498849 0.00777475 0.999953 0.00572342 0.219953 0.0100455 -0.0058014 0.999933 -0.439312 0 0 0 1 
25528382210159;0.424214;0.210086;0.968644 -0.0141904 0.248046 -0.757562 0.0974702 0.940036 -0.326853 -2.30159 -0.228534 0.340781 0.911943 14.5397 0 0 0 1 
25528382210160;0.944861;0.75022;0.999113 -0.0125101 -0.0402088 -0.765 0.00460418 0.981581 -0.190992 -1.91761 0.0418575 0.190638 0.980768 11.8481 0 0 0 1 
25528382210161;0.607772;0.405769;0.984171 -0.017041 0.176402 -0.828325 0.0377456 0.992684 -0.114691 0.073621 -0.173157 0.119534 0.977614 1.68775 0 0 0 1 
25528382210162;0.465464;0.25701;0.99139 0.00996131 0.130562 0.824329 -0.0281224 0.990032 0.138006 -0.739851 -0.127885 -0.140489 0.981788 -12.0607 0 0 0 1 
25528382210163;0.301031;0.1806;0.999877 0.0103652 -0.0117595 0.533283 -0.00998554 0.999441 0.0318953 0.0443511 0.0120835 -0.031774 0.999422 -1.1868 0 0 0 1 
25528382210164;0.262538;0.250011;0.999968 -0.00799515 -6.84002e-06 -0.492266 0.00799503 0.999948 0.00634875 0.223685 -4.39195e-05 -0.0063486 0.99998 -0.58715 0 0 0 1 
25528382210165;0.165591;0.158618;0.999915 -6.56203e-05 -0.0130021 -0.118137 0.0013386 0.995193 0.0979213 0.0920574 0.0129332 -0.0979304 0.995109 -5.40181 0 0 0 1 
25528382210166;1.12952;0.743309;0.972594 0.0019887 -0.232502 -0.843215 0.00745941 0.999182 0.0397504 0.179972 0.232391 -0.0403953 0.971783 0.806881 0 0 0 1 
25528382210167;0.708722;0.193544;0.994795 -0.0158728 -0.100653 -1.67007 0.0097132 0.998066 -0.0613933 -0.22169 0.101433 0.0600961 0.993026 7.30781 0 0 0 1 
25528382210168;1.1418;0.263996;0.999787 0.00929943 0.0184424 0.425365 -0.00874292 0.999511 -0.0300297 -0.249486 -0.0187127 0.029862 0.999379 4.11281 0 0 0 1 
25528382210169;0.757933;0.717293;0.994902 0.00522541 0.100709 0.580098 -0.00242264 0.999607 -0.0279325 -0.262473 -0.100816 0.0275461 0.994524 -1.01241 0 0 0 1 
25528382210170;0.338329;0.0940931;0.988486 0.00896733 0.15105 0.800432 0.0520051 0.917301 -0.394784 -4.9244 -0.142098 0.398094 0.906272 19.7199 0 0 0 1 
25528382210171;0.814741;0.68845;0.994919 0.0198413 -0.0987 0.513842 -0.0157467 0.99899 0.0420923 -0.186061 0.0994355 -0.0403243 0.994227 1.13628 0 0 0 1 
25528382210172;0.85032;0.251864;0.991137 0.0613749 -0.117812 2.47175 -0.0166859 0.937365 0.347949 -2.07826 0.131788 -0.342899 0.930082 -15.0945 0 0 0 1 
25528382210173;0.630488;0.542559;0.99968 -0.000811887 -0.0252855 -0.0794252 0.00266026 0.997317 0.0731525 0.187155 0.0251583 -0.0731964 0.997 -4.64696 0 0 0 1 
25528382210174;0.36066;0.105826;0.961317 0.108775 -0.253058 4.54033 -0.00994628 0.931831 0.362755 -2.85073 0.275266 -0.346206 0.896867 -14.4468 0 0 0 1 
25528382210175;0.400793;0.370883;0.99972 0.00480705 0.0231597 0.386846 -0.00231078 0.994296 -0.106629 -0.687641 -0.0235402 0.106545 0.994029 5.86108 0 0 0 1 
25528382210176;0.342834;0.158987;0.984206 0.0020943 0.177013 0.350445 -0.0329611 0.984612 0.171617 -1.01935 -0.17393 -0.174741 0.969131 -14.8514 0 0 0 1 
25528382210177;0.260067;0.113246;0.997334 -0.0303518 -0.0663601 -2.05318 0.0113719 0.962929 -0.269514 -2.76716 0.0720803 0.268041 0.960707 17.0508 0 0 0 1 
25528382210178;0.926206;0.240586;0.999812 -0.00814425 0.0176213 -0.634288 0.00796534 0.999916 0.0101996 0.298808 -0.0177029 -0.0100573 0.999793 1.2141 0 0 0 1 
25528382210179;0.695785;0.259632;0.999984 -0.000501832 -0.00568112 0.137511 -0.000444153 0.986244 -0.165297 -1.1071 0.00568592 0.165297 0.986227 8.03714 0 0 0 1 
25528382210180;0.109455;0.0901675;0.999608 0.0157366 0.0231564 0.985127 -0.0172686 0.997568 0.0675221 -0.223815 -0.0220376 -0.0678955 0.997449 -4.5876 0 0 0 1 
25528382210181;0.971587;0.609276;0.944032 0.00396799 0.329829 -0.238125 0.0146618 0.998435 -0.0539764 0.293801 -0.329527 0.0557914 0.942496 -6.47184 0 0 0 1 
25528382210182;0.540657;0.308924;0.998426 0.00629232 0.0557233 0.594849 -0.00566425 0.999919 -0.0114219 -0.302019 -0.0557906 0.0110883 0.998381 -1.73755 0 0 0 1 
25528382210183;0.488607;0.353096;0.969985 0.0116149 0.242888 0.905546 -0.00975207 0.999913 -0.00887054 -0.103586 -0.24297 0.00623562 0.970014 -4.74662 0 0 0 1 
25528382210184;0.107925;0.0652942;0.999912 0.00772088 -0.0107992 0.366308 -0.00756821 0.999872 0.014107 -0.113043 0.0109067 -0.014024 0.999842 -0.378423 0 0 0 1 
25528382210186;2.61464;0.461288;0.906743 0.0406973 -0.419715 0.100596 0.0474927 0.979143 0.197544 -0.0785684 0.419001 -0.199055 0.885898 -5.45441 0 0 0 1 
25528382210187;2.55948;0.261513;0.99996 0.00836654 0.00311217 0.616631 -0.00833358 0.999911 -0.0104559 -0.293959 -0.00319937 0.0104296 0.99994 -2.00147 0 0 0 1 
25528382210188;2.1137;0.504543;0.993418 -0.00864259 -0.114215 -0.382968 -0.00526464 0.99265 -0.120904 -0.535256 0.114421 0.120709 0.986072 4.24195 0 0 0 1 
25528382210189;3.03095;1.62432;0.933012 -0.0132025 0.359603 0.0672034 0.0305899 0.998619 -0.0427039 0.366851 -0.358542 0.0508435 0.932128 -0.618811 0 0 0 1 
25528382210190;2.58604;2.47416;0.942962 0.0425231 0.330173 2.03737 0.0233492 0.980917 -0.193017 -1.13869 -0.33208 0.189717 0.923975 4.32014 0 0 0 1 
25528382210191;2.29839;1.13699;0.994448 -0.0164572 0.103937 -0.627057 -0.0223602 0.932094 0.361525 -1.21142 -0.102828 -0.361842 0.926551 -13.9971 0 0 0 1 
25528382210192;1.26077;1.03997;0.997576 0.0265171 -0.0643291 1.05581 -0.0242699 0.999076 0.0354661 -0.380767 0.0652101 -0.0338189 0.997298 -1.43582 0 0 0 1 
25528382210193;1.94741;1.28551;0.975828 -0.0283466 0.216693 -0.952907 0.0567723 0.990391 -0.126104 0.292364 -0.211036 0.135358 0.968061 0.946328 0 0 0 1 
25528382210194;0.500481;0.328021;0.991301 0.0642137 -0.114886 2.08647 -0.0136771 0.918436 0.395332 -2.19187 0.130901 -0.390322 0.911325 -14.2454 0 0 0 1 
25528382210195;0.447325;0.211624;0.993748 0.00667996 0.111448 0.468132 0.0224438 0.96588 -0.258017 -1.7417 -0.109369 0.258905 0.959691 8.82159 0 0 0 1 
25528382210196;0.672791;0.480663;0.999686 -0.02467 -0.00442817 -1.12002 0.0248383 0.998759 0.0431614 0.562543 0.00335788 -0.0432578 0.999058 -1.4906 0 0 0 1 
25528382210197;1.68816;1.60052;0.999755 0.0179189 0.0129731 0.681361 -0.0183912 0.999137 0.0372444 -0.0843428 -0.0122945 -0.0374738 0.999222 -1.60944 0 0 0 1 
25528382210198;0.0806703;0.0955632;0.999543 -0.0301008 -0.00273129 -1.21574 0.0300576 0.99944 -0.0146868 0.353284 0.00317185 0.014598 0.999888 0.551047 0 0 0 1 
25528382210199;2.04506;0.642559;0.985698 -0.0319137 0.165469 -0.978807 0.0335994 0.999408 -0.00739753 0.513057 -0.165135 0.0128514 0.986187 -3.38107 0 0 0 1 
25528382210200;1.86353;1.41082;0.985748 -0.0768939 -0.149625 -3.91279 0.0266374 0.949547 -0.312492 -2.4506 0.166104 0.304053 0.938062 14.5226 0 0 0 1 
25528382210201;1.69978;1.56314;0.978042 -0.0206063 0.207385 -0.469346 -0.00273275 0.993746 0.111629 0.220414 -0.208388 -0.109745 0.97187 -7.85278 0 0 0 1 
25528382210202;3.09717;0.466609;0.999538 -0.0185724 0.0240433 -1.01133 0.0197378 0.998595 -0.0491801 0.0331489 -0.0230961 0.0496319 0.9985 4.41364 0 0 0 1 
25528382210203;2.66545;0.404249;0.99993 0.0113062 -0.00355787 0.193301 -0.0110116 0.997191 0.0740887 0.153606 0.00438554 -0.0740443 0.997245 -0.534697 0 0 0 1 
25528382210204;2.12678;1.90937;0.999959 -0.00875823 0.00228629 -0.424483 0.00873955 0.999929 0.00805892 0.4202 -0.00235671 -0.00803861 0.999965 -0.277757 0 0 0 1 
25528382210205;2.17534;0.450832;0.971655 0.010092 -0.236186 0.121971 -0.00161526 0.999348 0.036056 -0.189698 0.236396 -0.0346525 0.971039 -0.549576 0 0 0 1 
25528382210206;0.615844;0.302962;0.99961 -0.00198194 0.0278448 -0.0604341 0.00419781 0.996806 -0.0797483 -0.310583 -0.0275978 0.0798341 0.996426 3.22877 0 0 0 1 
25528382210207;2.70191;2.41968;0.998388 -0.0224591 0.0521205 -0.616089 0.0271011 0.99556 -0.0901382 -0.0299947 -0.0498647 0.0914054 0.994565 1.63429 0 0 0 1 
25528382210208;0.254784;0.275876;0.998397 0.0322893 -0.0464921 1.16536 -0.0308837 0.999053 0.0306417 -0.493488 0.0474374 -0.0291567 0.998449 -0.615276 0 0 0 1 
25528382210209;0.401221;0.401105;0.999887 0.0135834 -0.00650428 0.474705 -0.0133246 0.999177 0.0383146 -0.0404563 0.00701937 -0.0382236 0.999245 -1.40203 0 0 0 1 
25528382210210;3.26762;2.72958;0.997969 0.0595126 0.0227282 2.52766 -0.0637022 0.928932 0.364728 -2.88567 0.000592989 -0.365435 0.930837 -15.886 0 0 0 1 
25528382210211;2.11433;0.892998;0.99861 0.0353457 0.0391099 1.42566 -0.0417102 0.983473 0.176187 -0.435411 -0.032236 -0.177574 0.983579 -5.83028 0 0 0 1 
25528382210212;0.939666;0.353635;0.981283 0.0154411 0.191951 0.888892 0.0199291 0.983285 -0.180979 -0.843662 -0.191537 0.181417 0.964573 4.04963 0 0 0 1 
25528382210213;1.20317;1.08721;0.996657 0.00338199 0.0816278 0.270003 -0.0111986 0.995367 0.095492 0.033568 -0.0809267 -0.0960869 0.992078 -4.63614 0 0 0 1 
25528382210214;2.77469;0.92377;0.985034 0.0479519 0.165555 2.29047 -0.0114304 0.97658 -0.21485 -1.97191 -0.171981 0.209742 0.962513 8.2853 0 0 0 1 
25528382210215;2.52413;2.38514;0.999617 0.0109795 -0.0253998 0.374233 -0.0044355 0.96962 0.244576 -0.576607 0.0273135 -0.24437 0.969297 -9.95751 0 0 0 1 
25528382210217;1.06109;1.03581;0.971506 -0.0153338 -0.236517 -1.614 0.00681531 0.9993 -0.036792 -0.0729041 0.236916 0.0341317 0.97093 3.87636 0 0 0 1 
25528382210218;0.551084;0.50639;0.999834 0.0157255 0.0092415 1.45249 -0.0162768 0.997883 0.0629638 -0.285898 -0.0082318 -0.0631038 0.997973 -5.51272 0 0 0 1 
25528382210219;0.422673;0.394644;0.975029 -0.0085658 0.221911 -0.737775 -0.000696525 0.999133 0.0416271 0.0381643 -0.222075 -0.0407422 0.974178 -4.5067 0 0 0 1 
25528382210220;1.03905;1.00044;0.961549 0.060704 -0.267842 5.19181 -0.0226461 0.98947 0.142955 -1.0063 0.2737 -0.131393 0.952798 -11.0958 0 0 0 1 
25528382210221;1.31298;0.631268;0.997798 -0.0111014 -0.0653908 -1.26082 0.00195525 0.990388 -0.138303 -1.19179 0.0662976 0.137871 0.988229 14.108 0 0 0 1 
25528382210222;1.56771;1.20754;0.986829 0.0406621 -0.156571 4.07112 -0.022836 0.993217 0.114012 -0.80088 0.160145 -0.108935 0.981064 -10.938 0 0 0 1 
25528382210223;0.395381;0.303426;0.998231 0.00372528 -0.0593309 0.219127 -0.000570781 0.998589 0.0530963 -0.0785505 0.059445 -0.0529685 0.996825 -4.25555 0 0 0 1 
25528382210224;1.45898;1.13189;0.994744 -0.000636377 -0.102392 -0.487382 0.00233346 0.999862 0.0164555 0.0233568 0.102367 -0.0166079 0.994608 0.0162041 0 0 0 1 
25528382210225;0.647882;0.318383;0.955369 0.0430431 -0.292263 3.18839 0.00263853 0.988046 0.15414 -0.908553 0.295404 -0.148031 0.943834 -11.517 0 0 0 1 
25528382210226;0.247807;0.247508;0.994266 0.0125154 -0.106197 1.09099 -0.0104563 0.999747 0.0199245 -0.0917644 0.106419 -0.0186998 0.994145 -1.31553 0 0 0 1 
25528382210227;1.67052;0.420695;0.999863 -0.00244461 0.0163686 -0.479075 0.00242947 0.999997 0.000944752 -0.0206818 -0.0163708 -0.000904856 0.999866 2.1195 0 0 0 1 
25528382210228;0.941077;0.329737;0.999838 -0.0043982 -0.0174617 -0.0920313 0.00329028 0.998009 -0.0629781 -0.122837 0.0177039 0.0629104 0.997862 4.22661 0 0 0 1 
25528382210229;1.84373;1.77849;0.999479 -0.0154138 -0.0283407 -1.52607 0.0133995 0.997461 -0.0699417 -0.159818 0.0293469 0.0695255 0.997148 6.48604 0 0 0 1 
25528382210230;0.815476;0.713467;0.999917 -0.00731365 -0.0105962 -0.77746 0.00725703 0.999959 -0.0053721 0.0301188 0.0106351 0.00529476 0.999929 0.874718 0 0 0 1 
25528382210231;0.945073;0.480889;0.999928 0.00313537 -0.0116113 0.131815 -0.00325898 0.999938 -0.0106419 -0.0572175 0.0115772 0.0106789 0.999876 2.06211 0 0 0 1 
25528382210232;0.385786;0.318858;0.994921 0.00572679 0.100492 0.552681 -0.0147782 0.995872 0.0895596 -0.402848 -0.0995641 -0.0905898 0.990899 -8.95161 0 0 0 1 
25528382210233;0.215723;0.13194;0.999229 0.036021 0.015623 3.18609 -0.0391637 0.942698 0.33134 -5.10998 -0.00279258 -0.331697 0.943382 -29.8383 0 0 0 1 
25528382210234;1.80049;1.31178;0.999894 -0.013666 0.00505215 -0.918292 0.0139837 0.997493 -0.0693721 -0.0243667 -0.00409145 0.0694354 0.997578 4.16643 0 0 0 1 
25528382210235;1.841;1.93443;0.981381 0.00510916 0.192002 0.586599 -0.043552 0.979527 0.196543 -1.73176 -0.187067 -0.201246 0.961512 -18.284 0 0 0 1 
25528382210236;0.783834;0.540971;0.992594 0.00513274 0.121372 0.543141 -0.0109173 0.998833 0.0470427 -0.144454 -0.120989 -0.0480193 0.991492 -4.11 0 0 0 1 
25528382210237;0.646121;0.46833;0.995513 -0.00623042 -0.0944235 -0.500656 0.00595603 0.999977 -0.0031875 0.0666632 0.0944412 0.00261081 0.995527 -0.0932206 0 0 0 1 
25528382210238;0.978297;0.75291;0.994451 -0.0150545 0.104116 -1.36572 0.0272967 0.992736 -0.117178 -0.673815 -0.101595 0.11937 0.987638 10.8726 0 0 0 1 
25528382210239;1.51578;0.11348;0.995546 -0.00925381 0.0938194 -1.24789 0.014894 0.998111 -0.0595967 -0.177403 -0.0930907 0.0607287 0.993804 7.13709 0 0 0 1 
25528382210240;0.466545;0.403645;0.999827 0.0178132 -0.00538993 1.49798 -0.0164265 0.980798 0.194334 -1.62084 0.00874814 -0.194212 0.980921 -17.3082 0 0 0 1 
25528382210241;1.93577;1.78128;0.989077 0.0118922 0.146921 1.26974 -0.0327181 0.989588 0.14016 -0.886648 -0.143724 -0.143436 0.979168 -13.4249 0 0 0 1 
25528382210242;0.86252;0.477867;0.996539 -0.0294111 0.0777515 -2.73608 0.04438 0.979105 -0.198451 -1.87202 -0.0702902 0.201215 0.977022 18.5507 0 0 0 1 
25528382210243;0.905546;0.257427;0.97039 -0.00416576 0.241508 -0.253083 -0.00833475 0.998678 0.0507156 -0.063076 -0.2414 -0.0512268 0.969073 -4.53574 0 0 0 1 
25528382210244;0.219604;0.205225;0.999823 8.35971e-06 -0.018827 -0.0432832 -0.000375672 0.99981 -0.0195064 -0.0321561 0.0188232 0.0195101 0.999632 1.67419 0 0 0 1 
25528382210245;0.165948;0.0999872;0.980798 -0.0104024 0.194751 -0.927788 0.00684321 0.999797 0.0189395 0.0545879 -0.194908 -0.0172431 0.98067 -2.71962 0 0 0 1 
25528382210246;1.5805;1.39851;0.998658 -0.000156371 0.051785 -0.136878 -0.000795563 0.999831 0.0183613 -0.0101546 -0.0517791 -0.0183779 0.998489 -0.864438 0 0 0 1 
25528382210248;1.80404;1.50666;0.997543 0.00265606 0.0700054 0.225598 0.00816144 0.988071 -0.153785 -0.665335 -0.0695787 0.153978 0.985621 7.98667 0 0 0 1 
25528382210249;2.65063;0.683963;0.999274 -0.0166466 0.0342746 -0.767415 0.0163616 0.999829 0.00857933 0.152793 -0.0344116 -0.00801231 0.999376 -3.38153 0 0 0 1 
25528382210250;0.988386;0.236788;0.98853 -0.0337517 -0.147207 -2.37719 0.0248612 0.997777 -0.0618224 -0.244564 0.148966 0.0574536 0.987172 3.70304 0 0 0 1 
25528382210251;1.96971;0.540024;0.999297 0.00479609 -0.0371806 0.355379 -0.00343686 0.999326 0.0365355 0.598701 0.0373308 -0.0363821 0.99864 -4.21337 0 0 0 1 
25528382210252;1.48555;1.17255;0.999693 0.0247842 0.000618019 1.53813 -0.0247823 0.999689 -0.00286026 -0.281908 -0.000688716 0.00284407 0.999996 0.524638 0 0 0 1 
25528382210253;1.51489;0.408931;0.999202 0.0106801 0.0384834 0.743817 -0.00919778 0.999217 -0.0384905 0.0730717 -0.0388643 0.0381058 0.998518 0.452262 0 0 0 1 
25528382210254;2.5409;1.96463;0.999312 0.0129165 0.0347646 0.78533 -0.0179869 0.988561 0.149742 -0.0618887 -0.0324328 -0.150264 0.988114 -10.2686 0 0 0 1 
25528382210255;0.438009;0.182169;0.995413 0.00113407 -0.0956659 -0.136364 -0.00960266 0.996065 -0.0881088 -0.449931 0.0951895 0.0886233 0.991506 5.00012 0 0 0 1 
25528382210256;0.895108;0.434157;0.9614 0.0111402 0.274929 1.32895 0.0670503 0.959575 -0.273351 -3.21714 -0.26686 0.281234 0.921788 16.7093 0 0 0 1 
25528382210257;0.887196;0.777853;0.999346 -0.00400718 0.0359377 -0.0392304 0.00364656 0.999942 0.0100947 -0.0582938 -0.0359761 -0.00995702 0.999303 -0.767779 0 0 0 1 
25528382210258;2.46932;0.582841;0.998933 0.0372467 -0.0272872 2.45668 -0.038674 0.997803 -0.053794 0.00524816 0.0252236 0.0547919 0.998179 0.224748 0 0 0 1 
25528382210259;0.355498;0.223569;0.99463 -0.0107148 0.102943 -0.37872 0.0565397 0.889351 -0.453716 -7.18964 -0.0866909 0.457099 0.885181 25.3779 0 0 0 1 
