#;prob_registration_l1 -r /home/probabilistic_point_clouds_registration/build/tester /home/point_clouds_registration_benchmark//devel/registration_pairs/stairs_local.txt /home/point_clouds_registration_benchmark//eth/stairs -s 0.2 -t 0.2 -p 0.3 -r 1000 -m 20 -i 40 
id;initial_error;final_error;transformation
5494384560000;0.832403;0.0483074;0.994834 0.100727 -0.0125937 0.811938 -0.100152 0.994165 0.0400747 0.379624 0.0165568 -0.0386064 0.999117 0.368123 0 0 0 1 
5494384560001;0.315086;0.0700127;0.913935 0.238036 -0.328728 1.55153 -0.207747 0.970172 0.124932 1.33207 0.34866 -0.0458875 0.936125 -2.34864 0 0 0 1 
5494384560002;0.630491;0.0352394;0.999503 -0.0137404 -0.0283635 0.684366 0.0139832 0.999867 0.00837816 -0.226819 0.0282446 -0.00877061 0.999563 0.0655982 0 0 0 1 
5494384560003;0.317466;0.0240252;0.970667 -0.0578479 -0.233365 0.877711 0.127363 0.946966 0.295017 -1.79096 0.203923 -0.316085 0.926556 -1.39476 0 0 0 1 
5494384560004;0.657978;0.0386206;0.998807 0.0441281 0.020909 -0.201314 -0.0459184 0.994444 0.0947291 0.611367 -0.0166126 -0.0955762 0.995283 0.614147 0 0 0 1 
5494384560005;0.751618;0.0574921;0.993918 -0.095664 -0.054555 -0.399333 0.102275 0.985532 0.135151 -1.61743 0.0408366 -0.139909 0.989322 -0.436442 0 0 0 1 
5494384560006;0.696898;0.050567;0.929278 0.313993 -0.194555 1.31679 -0.334364 0.938888 -0.0817939 2.31244 0.156982 0.141061 0.977475 -0.589161 0 0 0 1 
5494384560007;0.399045;0.0391408;0.928088 -0.368773 -0.0515616 0.831136 0.371405 0.926701 0.0572957 -3.14965 0.026653 -0.0723257 0.997025 -0.183495 0 0 0 1 
5494384560008;0.231215;0.0499251;0.973064 -0.200665 -0.113491 0.422196 0.188891 0.976206 -0.106503 -1.14978 0.132162 0.0821965 0.987814 -0.849845 0 0 0 1 
5494384560009;0.454804;0.027256;0.989672 -0.0243345 -0.141271 0.666593 0.032327 0.997987 0.0545591 -0.632451 0.139659 -0.0585625 0.988466 -0.682319 0 0 0 1 
5494384560010;0.83506;0.0265398;0.999969 0.00518319 -0.00597948 -0.0315155 -0.0049998 0.999529 0.0302878 0.0960522 0.00613365 -0.030257 0.999523 0.841283 0 0 0 1 
5494384560011;0.300381;0.0571875;0.996258 0.0578908 0.0641768 -0.209785 -0.0357282 0.951971 -0.304096 0.993757 -0.0786988 0.300665 0.950477 0.66708 0 0 0 1 
5494384560012;0.513405;0.0433;0.943185 0.0603545 -0.326741 1.12231 -0.123442 0.976632 -0.175934 1.31171 0.308487 0.206272 0.928594 -1.66938 0 0 0 1 
5494384560013;0.592232;0.034262;0.993048 0.0110483 -0.11719 0.474034 -0.0142708 0.999542 -0.026695 0.798999 0.116842 0.0281819 0.992751 -0.825162 0 0 0 1 
5494384560014;0.784839;0.0530315;0.94803 0.204376 0.243862 0.493029 -0.248225 0.954545 0.165007 1.28486 -0.199054 -0.216965 0.955669 1.98541 0 0 0 1 
5494384560015;1.02961;0.0744139;0.943121 0.318661 -0.0947541 0.308052 -0.33242 0.900107 -0.281611 3.84023 -0.00444978 0.297092 0.954839 0.831148 0 0 0 1 
5494384560016;0.692498;0.0529623;0.990444 0.12734 -0.052955 0.175273 -0.137775 0.896505 -0.421066 2.58495 -0.00614408 0.424339 0.905483 -0.10634 0 0 0 1 
5494384560017;0.125802;0.0437585;0.999942 0.000833039 -0.0107626 0.0666624 -0.000634547 0.99983 0.0184331 -0.117397 0.0107761 -0.0184252 0.999772 0.0308852 0 0 0 1 
5494384560018;0.697368;0.0344229;0.997194 0.0441179 -0.0604843 0.738386 -0.0566992 0.972628 -0.225344 1.10877 0.048887 0.228141 0.9724 0.216506 0 0 0 1 
5494384560019;0.372102;0.054933;0.955402 0.280741 0.0916065 0.159846 -0.289584 0.951449 0.104336 1.94717 -0.0578675 -0.126211 0.990314 0.165832 0 0 0 1 
5494384560020;0.725979;0.0461891;0.947808 0.30879 0.079422 0.135698 -0.318474 0.904934 0.282258 2.11061 0.0152869 -0.29282 0.956045 0.520123 0 0 0 1 
5494384560021;0.810082;0.0515038;0.995825 0.0830912 -0.0377976 -0.189982 -0.0834434 0.996482 -0.00783572 0.714194 0.0370136 0.010957 0.999255 0.514691 0 0 0 1 
5494384560022;1.01164;0.0430561;0.88308 -0.306433 -0.355344 1.59077 0.338944 0.94028 0.0314693 -3.56562 0.32448 -0.148232 0.934206 -1.99182 0 0 0 1 
5494384560023;0.527542;0.0557484;0.979179 0.0949734 -0.179411 0.867189 -0.0920537 0.995451 0.024549 0.576362 0.180926 -0.00752241 0.983468 -1.831 0 0 0 1 
5494384560024;0.419936;0.058694;0.938271 0.334515 -0.0880242 0.9969 -0.336364 0.941708 -0.00665094 2.60481 0.0806683 0.0358486 0.996096 -0.826587 0 0 0 1 
5494384560025;0.495752;0.0920726;0.943802 0.286632 -0.164563 0.95469 -0.285095 0.957917 0.0333991 2.2171 0.167211 0.0153939 0.985801 -0.807378 0 0 0 1 
5494384560026;0.350666;0.0509277;0.974206 0.0860811 0.208595 -0.253452 -0.0235997 0.958179 -0.285194 0.879792 -0.224421 0.272915 0.935496 2.12185 0 0 0 1 
5494384560027;0.90423;0.0683005;0.990394 0.0736 -0.117061 1.36318 -0.0509424 0.98124 0.185939 0.0818629 0.12855 -0.17819 0.975563 -0.743292 0 0 0 1 
5494384560028;0.914969;0.0565093;0.996124 -0.0872547 -0.0110791 -0.865982 0.0875899 0.995554 0.034631 -0.654702 0.00800813 -0.0354672 0.999339 -0.287229 0 0 0 1 
5494384560029;0.844853;0.059358;0.999675 0.0195468 0.0163422 0.0166199 -0.0198384 0.999643 0.0178776 -0.555285 -0.0159869 -0.018196 0.999707 -0.514997 0 0 0 1 
5494384560031;0.314572;0.0724644;0.921349 -0.338812 -0.190582 0.52548 0.352747 0.934701 0.0436285 -1.4898 0.163355 -0.107424 0.980701 -0.692926 0 0 0 1 
5494384560032;0.143255;0.0648913;0.996552 0.0548409 0.0622579 0.0549759 -0.0503574 0.996173 -0.0714323 0.216577 -0.0659371 0.0680509 0.995501 0.267353 0 0 0 1 
5494384560033;0.256973;0.0706152;0.99945 0.00863838 0.0320186 0.185494 -0.00519043 0.994327 -0.106244 0.205665 -0.0327547 0.10602 0.993824 0.235971 0 0 0 1 
5494384560034;0.872658;0.0534533;0.970338 -0.218704 0.10302 0.0734883 0.197675 0.963093 0.182695 -1.78328 -0.139174 -0.156911 0.977757 -0.0649533 0 0 0 1 
5494384560035;0.383527;0.0512264;0.996525 -0.0709409 0.0436415 0.0597973 0.0683166 0.995921 0.0589431 0.0472983 -0.0476449 -0.0557569 0.997307 0.254591 0 0 0 1 
5494384560036;0.699819;0.064002;0.954953 0.257727 -0.147113 0.550698 -0.291271 0.908906 -0.298414 0.921057 0.0568029 0.327821 0.943031 0.500383 0 0 0 1 
5494384560037;0.785083;0.0725746;0.970528 -0.0907492 0.223251 -0.330984 0.150193 0.952242 -0.265852 -0.237591 -0.188463 0.291547 0.937807 0.107164 0 0 0 1 
5494384560038;1.00964;0.0561666;0.902659 -0.428726 0.0374337 -0.8404 0.428745 0.903391 0.00793727 -1.34172 -0.0372201 0.00888484 0.999268 -0.199946 0 0 0 1 
5494384560039;0.16472;0.144132;0.991987 -0.0849007 -0.0935634 -0.00292648 0.0880668 0.995656 0.0302382 -0.362542 0.0905897 -0.0382357 0.995154 -0.368938 0 0 0 1 
5494384560040;0.656318;0.0534935;0.913548 0.333461 0.232881 0.575043 -0.324761 0.942743 -0.0759314 0.802468 -0.244867 -0.00626368 0.969536 1.1588 0 0 0 1 
5494384560041;0.496934;0.0556046;0.877876 -0.305741 0.368587 -0.154115 0.309941 0.949472 0.0493848 -1.13815 -0.365063 0.0708868 0.92828 1.92078 0 0 0 1 
5494384560042;0.516103;0.441213;0.994307 -0.071631 -0.0788816 -0.253806 0.0802702 0.990412 0.112435 -0.603547 0.0700714 -0.118127 0.990523 -0.369667 0 0 0 1 
5494384560043;0.0787389;0.0656084;0.999929 -0.00996564 0.00652673 -0.0451797 0.00979406 0.999619 0.0258129 -0.185879 -0.00678149 -0.0257472 0.999645 0.102231 0 0 0 1 
5494384560044;0.670233;0.0546422;0.998834 0.0464764 0.0130466 0.238129 -0.0470999 0.997513 0.0524439 0.231185 -0.0105768 -0.0529972 0.998539 0.781152 0 0 0 1 
5494384560045;0.454928;0.0512925;0.91005 -0.271243 0.313428 -0.447908 0.174869 0.936814 0.302985 -1.15814 -0.375806 -0.220922 0.899979 1.52012 0 0 0 1 
5494384560046;0.663952;0.0870725;0.980171 0.136875 -0.14328 0.377558 -0.136415 0.990565 0.0130794 1.19022 0.143718 0.00672537 0.989596 -0.582353 0 0 0 1 
5494384560047;0.60701;0.264663;0.998974 0.0185206 -0.0413179 -0.544136 -0.0264712 0.979216 -0.201084 0.717803 0.036735 0.201972 0.978702 -0.0774661 0 0 0 1 
5494384560048;0.280379;0.0449423;0.999843 -0.00277296 0.0174938 -0.0661903 0.00242968 0.999805 0.0196138 -0.167136 -0.0175448 -0.0195682 0.999655 0.406458 0 0 0 1 
5494384560049;0.480826;0.0690523;0.92726 0.329376 0.178047 0.585108 -0.325779 0.944126 -0.0499332 1.37026 -0.184545 -0.0117029 0.982754 0.743219 0 0 0 1 
5494384560050;0.519994;0.0657108;0.974183 0.215811 0.0662777 -0.167323 -0.212384 0.975632 -0.0550898 0.320042 -0.0765516 0.0395912 0.996279 0.382989 0 0 0 1 
5494384560051;0.245903;0.0798573;0.999704 -0.0202982 0.0134419 0.0327563 0.0197988 0.999145 0.0363013 -0.311078 -0.0141673 -0.0360244 0.99925 -0.0893526 0 0 0 1 
5494384560052;0.581213;0.0342862;0.952317 0.157544 0.261288 -0.352615 -0.189183 0.976778 0.100566 0.0583952 -0.239377 -0.145202 0.960008 0.693656 0 0 0 1 
5494384560053;0.543864;0.0537042;0.962141 -0.216501 0.165568 -0.443671 0.1955 0.971473 0.134241 -1.30598 -0.189908 -0.0967903 0.977019 0.371821 0 0 0 1 
5494384560054;0.812423;0.478482;0.999207 -0.0310093 -0.024956 -0.39632 0.0319528 0.998754 0.0383426 -0.415764 0.0237359 -0.0391096 0.998953 -0.493452 0 0 0 1 
5494384560055;0.804846;0.0581921;0.926795 0.00478992 0.375537 0.497118 -0.0419154 0.994991 0.0907528 0.537376 -0.373221 -0.09985 0.922354 1.56786 0 0 0 1 
5494384560056;0.404608;0.0837272;0.982177 0.148428 0.115312 -0.183456 -0.146645 0.988902 -0.0238462 0.152295 -0.117571 0.00651132 0.993043 0.442282 0 0 0 1 
5494384560057;0.241612;0.091762;0.973978 0.203532 -0.0997062 0.342396 -0.191484 0.974328 0.118403 0.442929 0.121245 -0.09623 0.987947 -0.350287 0 0 0 1 
5494384560058;0.361634;0.0611582;0.991414 -0.113112 0.0656029 0.134007 0.121211 0.983186 -0.136578 -0.054595 -0.0490512 0.143357 0.988455 0.315192 0 0 0 1 
5494384560059;0.672349;0.10787;0.99864 -0.0139267 0.0502415 -0.098352 0.0132082 0.999806 0.0146058 -0.110686 -0.0504352 -0.0139223 0.99863 -0.48995 0 0 0 1 
5494384560060;0.435775;0.0542425;0.954484 -0.274829 -0.115888 -0.0354624 0.297396 0.906538 0.299573 -1.65732 0.0227257 -0.320402 0.947009 -0.270693 0 0 0 1 
5494384560062;0.821662;0.0782231;0.965303 -0.194726 -0.173989 0.354593 0.191883 0.980857 -0.0331795 -1.61158 0.177119 -0.00135725 0.984189 -1.32847 0 0 0 1 
5494384560063;1.2461;0.0521922;0.942408 0.103953 -0.317901 1.76126 -0.113072 0.993533 -0.0103124 0.840604 0.314774 0.0456641 0.948068 -2.43976 0 0 0 1 
5494384560064;0.351118;0.240655;0.987094 -0.15896 0.0194083 -0.079059 0.158911 0.987285 0.00402202 -1.10215 -0.0198009 -0.000885919 0.999804 0.139916 0 0 0 1 
5494384560065;1.02628;0.0595752;0.997234 0.0733719 0.0118993 -0.0542446 -0.0725187 0.995508 -0.0608622 0.346614 -0.0163114 0.0598309 0.998075 0.909302 0 0 0 1 
5494384560066;0.385602;0.687332;0.98346 0.136246 -0.119343 0.999978 -0.122759 0.985879 0.113901 0.494907 0.133176 -0.0973664 0.986298 -0.672975 0 0 0 1 
5494384560067;1.09812;0.0528659;0.979306 -0.134371 0.151342 -0.375465 0.155537 0.978145 -0.137991 -0.979443 -0.129492 0.158674 0.978802 0.189656 0 0 0 1 
5494384560068;0.284277;0.061075;0.987831 0.143128 -0.0608681 0.285333 -0.120688 0.95224 0.280487 0.0336119 0.0981065 -0.269728 0.957926 -0.60368 0 0 0 1 
5494384560069;0.305684;0.0545943;0.988657 0.146928 -0.0311348 0.408151 -0.146914 0.989145 0.00273928 0.920464 0.0311993 0.00186593 0.999511 -0.0969528 0 0 0 1 
5494384560070;1.06788;0.0439248;0.99853 0.0536934 -0.00736866 0.774932 -0.0520887 0.988331 0.143136 -0.0161656 0.0149681 -0.142541 0.989676 -0.417756 0 0 0 1 
5494384560071;0.199717;0.0565361;0.999947 -0.00993297 0.00275021 -0.0108539 0.00994908 0.999933 -0.00590672 -0.0963646 -0.00269135 0.00593377 0.999979 0.198901 0 0 0 1 
5494384560072;1.02349;0.0561714;0.963296 -0.0223021 -0.267514 1.09229 -0.0556774 0.958273 -0.280378 1.65146 0.262605 0.284982 0.921859 -1.33896 0 0 0 1 
5494384560073;0.123206;0.0680461;0.99274 -0.119824 0.0104288 -0.0569545 0.119527 0.992503 0.0255284 -0.842135 -0.0134095 -0.0240965 0.99962 0.151892 0 0 0 1 
5494384560074;0.700296;0.0588398;0.938532 0.343513 0.0340005 0.112446 -0.3427 0.93904 -0.0275658 2.40776 -0.041397 0.0142194 0.999042 0.025183 0 0 0 1 
5494384560075;0.186882;0.0748627;0.999949 0.00830656 0.00574962 0.0365877 -0.00815086 0.999613 -0.0265943 0.130989 -0.0059683 0.0265461 0.99963 -0.024302 0 0 0 1 
5494384560076;1.00141;0.0634325;0.99163 -0.102109 0.0790215 -0.304922 0.0968383 0.992982 0.0678927 -0.617837 -0.0853994 -0.0596721 0.994558 1.3018 0 0 0 1 
5494384560077;0.605922;0.0815074;0.892865 -0.330801 -0.305554 1.37526 0.354984 0.934523 0.0255631 -2.29038 0.27709 -0.131291 0.951832 -1.90845 0 0 0 1 
5494384560078;0.686652;0.0918035;0.926781 -0.373919 0.0355129 0.020816 0.368691 0.8876 -0.276104 -1.69037 0.0717194 0.268982 0.960471 0.171478 0 0 0 1 
5494384560079;0.330281;0.0668771;0.929921 0.366972 -0.024042 0.644819 -0.361125 0.923555 0.128979 1.89338 0.0695356 -0.111258 0.991356 -0.406564 0 0 0 1 
5494384560080;0.779401;0.0690281;0.919201 0.385387 -0.0809069 1.26403 -0.37639 0.920242 0.107169 2.34449 0.115755 -0.0680575 0.990943 -0.566037 0 0 0 1 
5494384560081;0.603531;0.0752149;0.981255 0.188623 -0.0394915 0.480496 -0.192514 0.96875 -0.156405 1.77945 0.0087557 0.161076 0.986903 0.402537 0 0 0 1 
5494384560082;0.617118;0.0999432;0.8959 -0.263697 -0.35753 1.36867 0.313034 0.945762 0.0868524 -1.97625 0.315236 -0.18973 0.929854 -2.11134 0 0 0 1 
5494384560083;0.290683;0.0557168;0.944688 0.308318 0.111822 0.16397 -0.294867 0.947719 -0.121996 2.1255 -0.143589 0.0822757 0.986211 0.942676 0 0 0 1 
5494384560084;0.175327;0.0627848;0.986437 -0.118168 -0.113919 0.30042 0.1015 0.984589 -0.142413 -0.268359 0.128993 0.128919 0.98323 -0.699424 0 0 0 1 
5494384560085;0.943472;0.054954;0.992278 -0.119437 -0.0334479 0.0757234 0.10385 0.947488 -0.302459 -0.282342 0.0678161 0.29665 0.952575 0.462386 0 0 0 1 
5494384560086;0.821732;0.0553435;0.991943 -0.0346078 0.121863 -0.475015 0.0233428 0.995422 0.0926825 -0.646062 -0.124513 -0.0890912 0.98821 1.32009 0 0 0 1 
5494384560087;0.12902;0.0451307;0.999086 0.0147438 -0.0401132 0.021625 -0.0149888 0.999871 -0.00581529 0.113283 0.0400223 0.00641122 0.999178 -0.147562 0 0 0 1 
5494384560088;1.25698;0.425109;0.887685 0.0564163 -0.456982 1.85274 -0.0468944 0.998382 0.0321623 -0.440482 0.458057 -0.00712016 0.888894 -2.41439 0 0 0 1 
5494384560089;1.3654;0.962881;0.977363 0.199609 0.0701267 0.204049 -0.202232 0.9788 0.0324579 1.37059 -0.062161 -0.045905 0.99701 -0.27084 0 0 0 1 
5494384560090;0.736364;0.0724562;0.95609 -0.292982 -0.00729787 0.532402 0.269552 0.888858 -0.370504 -0.598221 0.115038 0.352268 0.928802 -0.254885 0 0 0 1 
5494384560091;0.484121;0.0775148;0.940817 -0.151842 -0.302996 1.12424 0.212951 0.960348 0.179957 -1.79668 0.263656 -0.23383 0.935847 -1.23663 0 0 0 1 
5494384560093;0.0553842;0.166189;0.999052 -0.00786389 -0.0428231 0.0623395 0.00551608 0.998489 -0.0546704 0.198815 0.0431883 0.0543824 0.997586 -0.156525 0 0 0 1 
5494384560094;0.672056;0.225469;0.909104 -0.0272403 -0.415678 1.8056 0.102525 0.981797 0.159886 -1.05236 0.403756 -0.18797 0.895348 -2.11174 0 0 0 1 
5494384560095;0.854827;0.288702;0.93491 0.353384 -0.0326085 0.696349 -0.354119 0.93498 -0.0203088 2.0537 0.0233115 0.0305342 0.999262 0.278759 0 0 0 1 
5494384560096;0.268636;0.228334;0.957311 -0.270498 -0.101913 0.293655 0.256009 0.957118 -0.135592 -1.4556 0.13422 0.103714 0.985509 -0.816733 0 0 0 1 
5494384560097;0.745786;0.145987;0.999497 -0.000647488 -0.0316937 -0.249652 0.00077911 0.999991 0.00414078 -0.456736 0.0316908 -0.00416339 0.999489 0.130234 0 0 0 1 
5494384560098;0.365154;0.649525;0.963823 -0.204131 -0.171397 0.171551 0.200461 0.978939 -0.0386378 -1.45898 0.175674 0.00288158 0.984444 -1.17062 0 0 0 1 
5494384560099;0.345567;0.160451;0.997024 -0.0504378 0.0583105 -0.410367 0.0530409 0.997623 -0.0439911 -0.0206292 -0.0559531 0.046953 0.997329 0.429866 0 0 0 1 
5494384560100;0.37298;0.285817;0.938892 -0.25049 -0.236086 0.520478 0.240818 0.968083 -0.0694408 -1.38298 0.245945 0.00834385 0.969248 -1.30506 0 0 0 1 
5494384560101;0.595346;0.162296;0.922416 0.350646 0.161852 0.082257 -0.37324 0.917051 0.140387 2.32329 -0.0992004 -0.189905 0.976778 1.10643 0 0 0 1 
5494384560102;0.240088;0.176057;0.969294 -0.224715 0.0998595 -0.219344 0.239962 0.953101 -0.184436 -1.15771 -0.0537306 0.202735 0.977758 0.585392 0 0 0 1 
5494384560103;0.65911;0.144282;0.999523 -0.00657003 -0.0301921 0.0673455 0.00571607 0.999584 -0.028284 -0.0582978 0.0303653 0.028098 0.999144 -0.608186 0 0 0 1 
5494384560104;0.317417;0.258665;0.990049 -0.121156 -0.0715774 0.0189664 0.138804 0.924444 0.355157 -1.87294 0.0231399 -0.361558 0.932062 0.00179834 0 0 0 1 
5494384560105;0.561217;0.193631;0.961959 0.0489855 -0.268766 0.583876 -0.0829958 0.989696 -0.116673 0.895123 0.260282 0.134541 0.956113 -1.13645 0 0 0 1 
5494384560106;0.669368;1.62855;0.979179 -0.0425311 0.198493 -1.34051 0.0436309 0.999047 -0.00116795 -0.734612 -0.198254 0.00980406 0.980102 1.43347 0 0 0 1 
5494384560107;0.196586;0.234946;0.987377 0.133891 -0.0846124 0.214285 -0.131148 0.990664 0.037212 0.828439 0.0888048 -0.0256456 0.995719 -0.58851 0 0 0 1 
5494384560108;0.588165;0.245109;0.972449 0.192077 -0.132094 0.533485 -0.128566 0.914585 0.383412 -0.109777 0.194456 -0.355866 0.914082 -1.41008 0 0 0 1 
5494384560109;0.964218;0.160649;0.987945 0.113919 0.104818 -0.108582 -0.122268 0.989507 0.0769879 0.898595 -0.0949478 -0.0888757 0.991507 1.45983 0 0 0 1 
5494384560110;0.522946;0.770376;0.963362 -0.262998 -0.05259 -0.602369 0.260673 0.964275 -0.0471436 -1.92229 0.0631099 0.0317075 0.997503 -0.446958 0 0 0 1 
5494384560111;0.382633;0.124168;0.996326 -0.0229078 0.0825228 -0.42845 0.0311274 0.994527 -0.0997375 0.104833 -0.0797864 0.10194 0.991586 0.434369 0 0 0 1 
5494384560112;1.20633;0.283556;0.968393 -0.240061 -0.0677201 -0.428828 0.241196 0.970435 0.00899403 -1.26088 0.0635589 -0.0250436 0.997664 0.27637 0 0 0 1 
5494384560113;0.493118;0.178702;0.991073 0.123583 -0.0500093 0.153754 -0.125886 0.990984 -0.0458722 1.02429 0.0438894 0.0517582 0.997695 -0.570021 0 0 0 1 
5494384560114;0.011633;0.172014;0.998893 0.000560407 -0.0470374 0.0710173 -0.000816227 0.999985 -0.00541962 0.0506214 0.0470337 0.00545201 0.998878 -0.180195 0 0 0 1 
5494384560115;0.837027;0.184207;0.943592 -0.114432 -0.310707 0.69258 0.166948 0.974795 0.147996 -1.90968 0.28594 -0.19152 0.938913 -1.47822 0 0 0 1 
5494384560116;0.753813;0.164661;0.993563 -0.0721462 -0.0873332 -0.368719 0.0741656 0.997043 0.0200992 -0.51351 0.0856249 -0.026447 0.995976 -0.710632 0 0 0 1 
5494384560117;0.39392;0.175918;0.958074 0.286485 -0.00463621 0.375381 -0.286518 0.957845 -0.0209788 2.11864 -0.00156932 0.0214276 0.999769 0.349726 0 0 0 1 
5494384560118;0.486867;0.273267;0.993003 0.114354 -0.0294711 0.18077 -0.117863 0.944227 -0.307481 1.42945 -0.00733435 0.308803 0.951098 0.0883049 0 0 0 1 
5494384560119;0.307339;0.195713;0.957235 0.287409 -0.0331078 0.378508 -0.274307 0.938005 0.211901 1.36004 0.0919576 -0.193757 0.97673 -0.517224 0 0 0 1 
5494384560120;1.07013;0.231446;0.962629 -0.250338 -0.103323 0.283907 0.233087 0.960092 -0.154577 -1.05167 0.137896 0.124718 0.982563 -1.60234 0 0 0 1 
5494384560121;0.937742;0.12779;0.889978 0.406355 -0.206917 1.00361 -0.404477 0.912995 0.053281 1.95643 0.210565 0.0362744 0.976907 -1.36441 0 0 0 1 
5494384560122;0.448809;0.240557;0.91162 0.382608 0.150197 0.0888396 -0.384271 0.923026 -0.0189617 2.83848 -0.14589 -0.0404304 0.988474 1.19458 0 0 0 1 
5494384560124;0.180601;0.112696;0.991105 -0.102732 0.0845961 -0.283701 0.0903153 0.986109 0.1394 -0.502499 -0.0977418 -0.13052 0.986616 0.325357 0 0 0 1 
5494384560125;0.336264;0.165368;0.952118 -0.132897 0.275336 -0.586007 0.152993 0.986819 -0.0527455 -0.515705 -0.264697 0.0923446 0.9599 1.01484 0 0 0 1 
5494384560126;0.158937;0.0966797;0.991887 0.116433 0.0510159 -0.215407 -0.117749 0.992763 0.0235871 0.441562 -0.0479004 -0.0294028 0.998419 0.128798 0 0 0 1 
5494384560127;0.459182;0.10842;0.989285 -0.124115 -0.0768819 0.458439 0.122149 0.992065 -0.0297842 -0.0338724 0.0799685 0.0200739 0.996595 -0.328054 0 0 0 1 
5494384560128;0.768681;0.109619;0.962626 -0.141179 0.231127 -0.702941 0.204622 0.938189 -0.279161 -0.0799209 -0.177429 0.316021 0.932014 0.287568 0 0 0 1 
5494384560129;0.8631;0.356965;0.922147 -0.0206673 0.386288 -0.93886 -0.00323282 0.998125 0.0611195 -0.522819 -0.386827 -0.0576099 0.920351 1.94479 0 0 0 1 
5494384560130;0.294138;0.162443;0.992398 -0.12043 -0.0253389 0.178939 0.122559 0.985813 0.114686 -0.60313 0.0111679 -0.116919 0.993079 -0.27429 0 0 0 1 
5494384560131;0.331415;0.115688;0.996675 -0.0464524 -0.0669346 0.0212191 0.048062 0.998588 0.0226406 -0.1369 0.0657883 -0.0257823 0.9975 0.0316831 0 0 0 1 
5494384560132;0.299743;0.091902;0.933395 0.0129216 -0.358618 0.899648 0.09134 0.957882 0.27225 -0.838402 0.347031 -0.286873 0.892902 -1.41688 0 0 0 1 
5494384560133;0.275606;0.103685;0.914142 0.140143 -0.380399 1.12489 -0.0753288 0.980725 0.180286 0.0431567 0.398333 -0.136152 0.90708 -1.55028 0 0 0 1 
5494384560134;0.715759;0.0862303;0.978508 0.205714 0.0142997 0.0517704 -0.206 0.978287 0.0227678 0.91253 -0.00930559 -0.0252242 0.999639 0.769825 0 0 0 1 
5494384560135;0.221863;0.0896456;0.958718 0.268154 0.0946187 0.0441935 -0.274956 0.959051 0.0679743 1.17393 -0.0725166 -0.0911841 0.99319 0.244094 0 0 0 1 
5494384560136;0.513605;0.0843372;0.972766 0.231764 0.00352059 -0.27526 -0.231789 0.972593 0.0183463 1.26457 0.000827921 -0.0186627 0.999825 -0.278037 0 0 0 1 
5494384560137;0.0725673;0.121038;0.999632 -0.0199815 -0.0183484 -0.0234221 0.0193714 0.999273 -0.0328458 0.0912614 0.0189914 0.0324783 0.999292 0.00358613 0 0 0 1 
5494384560138;0.458946;0.156451;0.995214 -0.0196594 -0.0957192 0.0791731 0.011979 0.99671 -0.0801614 0.166397 0.0969802 0.0786311 0.992175 0.0445171 0 0 0 1 
5494384560139;0.373858;0.100108;0.982965 0.150973 0.104823 0.0991063 -0.147008 0.988128 -0.0446175 0.444748 -0.110315 0.0284476 0.99349 0.342665 0 0 0 1 
5494384560140;0.407687;0.0479266;0.932354 0.33035 -0.146917 0.439974 -0.297838 0.932153 0.205875 0.869149 0.20496 -0.148191 0.967487 -0.6043 0 0 0 1 
5494384560141;0.827786;0.113147;0.998693 0.012253 0.0496217 -0.249565 -0.0103099 0.999177 -0.0392274 0.335052 -0.0500615 0.0386645 0.997997 1.10591 0 0 0 1 
5494384560142;0.791925;0.102451;0.998039 -0.0255928 0.0571158 -0.816286 0.0242112 0.9994 0.0247521 -0.330919 -0.057715 -0.0233207 0.998061 -0.389344 0 0 0 1 
5494384560143;0.413054;0.107467;0.891497 0.373738 0.256033 0.0276857 -0.384918 0.922924 -0.00694504 1.49161 -0.238895 -0.0923603 0.966643 0.930794 0 0 0 1 
5494384560144;0.460909;0.0898455;0.990719 0.0921945 -0.0998754 0.186422 -0.0876786 0.994957 0.048708 0.422621 0.103862 -0.039499 0.993807 0.0427956 0 0 0 1 
5494384560145;0.514439;0.121073;0.994357 -0.0704163 0.0793426 -0.392528 0.048415 0.966723 0.251204 -0.0646534 -0.0943911 -0.245945 0.964677 0.372544 0 0 0 1 
5494384560146;0.876277;0.105829;0.956252 0.292467 -0.00677073 1.05116 -0.291109 0.95359 0.0769514 0.824172 0.0289623 -0.0716139 0.997012 -0.719997 0 0 0 1 
5494384560147;0.0882485;0.0898299;0.987693 0.0102576 -0.156068 0.284975 -0.00818745 0.99987 0.0139015 0.0786591 0.15619 -0.0124526 0.987648 -0.679584 0 0 0 1 
5494384560148;0.565514;0.0986398;0.90331 0.288593 0.317403 0.134679 -0.242294 0.953796 -0.177669 1.78109 -0.354012 0.0835849 0.931498 1.51406 0 0 0 1 
5494384560149;0.651367;0.112313;0.993497 -0.105244 0.0434491 -0.500431 0.100754 0.99036 0.0950591 -0.444354 -0.0530346 -0.0900632 0.994523 0.771443 0 0 0 1 
5494384560150;0.389377;0.143484;0.940427 -0.281815 0.190206 -0.384286 0.302268 0.949131 -0.0882309 -1.18669 -0.155666 0.140468 0.977771 0.805285 0 0 0 1 
5494384560151;0.428451;0.129323;0.945766 -0.320499 -0.0529873 0.00406538 0.323312 0.944534 0.0576649 -1.40889 0.0315667 -0.0716689 0.996929 -0.489801 0 0 0 1 
5494384560152;0.492131;0.539076;0.935279 -0.35294 -0.026215 -0.0036943 0.348689 0.931623 -0.102439 -1.07944 0.0605775 0.0866685 0.994394 -0.31136 0 0 0 1 
5494384560153;0.585822;0.0819557;0.999633 0.00820573 -0.025827 0.0230393 -0.0126218 0.984349 -0.175778 0.543477 0.0239804 0.17604 0.984091 -0.675177 0 0 0 1 
5494384560155;0.510199;0.376003;0.994169 -0.107175 -0.0119314 0.175531 0.107835 0.987363 0.116126 -0.416055 -0.000665149 -0.116736 0.993163 0.420486 0 0 0 1 
5494384560156;0.606536;0.291158;0.999783 0.0184678 -0.00960367 0.252467 -0.0176127 0.996429 0.0825722 -0.379733 0.0110943 -0.0823852 0.996539 -0.680607 0 0 0 1 
5494384560157;0.698949;0.353611;0.960609 -0.275615 -0.0355944 0.553921 0.277901 0.953344 0.117927 -0.876776 0.00143135 -0.123173 0.992384 0.447295 0 0 0 1 
5494384560158;0.932434;0.460028;0.975023 -0.00385882 0.222072 0.0910486 0.0264118 0.994769 -0.0986774 -0.220821 -0.220529 0.102078 0.970024 1.32331 0 0 0 1 
5494384560159;0.588127;0.388538;0.950214 0.2034 0.236055 0.497357 -0.215061 0.976294 0.0244663 -0.148196 -0.225483 -0.0740143 0.971432 0.679077 0 0 0 1 
5494384560160;0.813406;0.29242;0.954777 0.127057 -0.268807 1.09161 -0.0779515 0.979438 0.186076 -0.175275 0.286922 -0.156707 0.94505 -0.902088 0 0 0 1 
5494384560161;0.869163;0.27397;0.997352 0.0619422 -0.0380976 0.358164 -0.0565375 0.989969 0.129482 -1.12835 0.0457358 -0.126985 0.99085 -0.119921 0 0 0 1 
5494384560162;0.520155;0.236808;0.991975 -0.0615138 -0.110465 0.104428 0.0872086 0.965465 0.245502 -0.309466 0.0915481 -0.253165 0.963082 0.185674 0 0 0 1 
5494384560163;0.884248;0.577682;0.93524 0.353262 -0.0230538 1.17645 -0.351492 0.934366 0.0584314 0.212366 0.0421823 -0.0465442 0.998025 0.00806345 0 0 0 1 
5494384560164;0.069281;0.23604;0.998554 -0.0282469 -0.0457391 0.152421 0.0315736 0.996779 0.0737225 -0.350402 0.0435094 -0.07506 0.996229 -0.0754201 0 0 0 1 
5494384560165;0.359877;0.385803;0.924139 0.348649 0.156238 0.140282 -0.35715 0.93359 0.0291955 0.102457 -0.135683 -0.0827812 0.987288 0.206758 0 0 0 1 
5494384560166;0.617506;0.350491;0.952217 0.0151483 -0.305047 0.720672 0.00642623 0.997554 0.069597 -0.344258 0.305355 -0.0682317 0.949791 -0.054495 0 0 0 1 
5494384560167;0.359577;0.406485;0.950431 -0.198485 0.239344 0.0250984 0.233866 0.963595 -0.129578 -0.650287 -0.204911 0.179129 0.96225 0.202698 0 0 0 1 
5494384560168;0.367236;0.398502;0.950181 0.23561 0.20407 0.222691 -0.270129 0.949102 0.161972 -0.28239 -0.155521 -0.209028 0.965464 0.170052 0 0 0 1 
5494384560169;0.299703;0.227443;0.994454 0.0781293 -0.070413 0.242755 -0.0635358 0.979764 0.189807 -0.439004 0.0838176 -0.18428 0.979293 -0.0714314 0 0 0 1 
5494384560170;0.388752;0.319336;0.99991 0.00131009 -0.0133738 0.434247 8.33347e-05 0.994613 0.103662 -0.141218 0.0134376 -0.103654 0.994523 -0.146018 0 0 0 1 
5494384560171;0.436725;0.236736;0.999862 -0.0105209 0.0128186 0.372832 0.00713495 0.970703 0.240175 -0.441462 -0.0149699 -0.24005 0.970645 -0.392738 0 0 0 1 
5494384560172;0.743415;0.33854;0.98465 0.174308 -0.00897257 0.941945 -0.172635 0.980195 0.097035 0.0409735 0.0257089 -0.0939966 0.995241 0.0916586 0 0 0 1 
5494384560173;0.766137;0.292433;0.994524 0.104469 0.0027889 0.452304 -0.0955354 0.898013 0.42947 -0.109987 0.0423618 -0.427385 0.903077 -0.765783 0 0 0 1 
5494384560174;0.152675;0.321005;0.989832 -0.110208 -0.0899269 0.0668265 0.119043 0.987876 0.0996471 -0.544871 0.0778547 -0.109339 0.990951 -0.160183 0 0 0 1 
5494384560175;0.731473;0.219532;0.995668 0.0403182 -0.0837868 0.415709 -0.0586442 0.971571 -0.229369 0.347791 0.0721571 0.233289 0.969726 -0.722202 0 0 0 1 
5494384560176;0.458408;0.332056;0.915464 0.0774306 0.394879 -0.01292 -0.176066 0.95947 0.220042 0.0868546 -0.361836 -0.270966 0.891993 0.361435 0 0 0 1 
5494384560177;0.329052;0.347696;0.970415 -0.0365652 -0.238657 0.320158 0.0261269 0.998565 -0.0467567 -0.257566 0.240024 0.039138 0.969978 -0.177985 0 0 0 1 
5494384560178;0.128329;0.288427;0.992867 0.0374076 -0.11321 0.212576 -0.0176229 0.985121 0.170955 -0.39118 0.117921 -0.167741 0.978753 -0.257395 0 0 0 1 
5494384560179;0.884119;0.311414;0.945592 -0.23275 0.227341 -0.153837 0.220448 0.972239 0.0784517 -1.04651 -0.239289 -0.0240665 0.97065 -0.428596 0 0 0 1 
5494384560180;0.395688;0.323778;0.998302 -0.043803 -0.0384026 -0.0541689 0.0473955 0.994032 0.0982597 -0.203384 0.0338693 -0.099913 0.99442 -0.370301 0 0 0 1 
5494384560181;0.929561;0.311673;0.963496 -0.26429 -0.0427354 -0.482671 0.264373 0.964413 -0.003809 -0.961379 0.0422212 -0.00762813 0.999079 -0.810061 0 0 0 1 
5494384560182;0.699324;0.436823;0.940834 -0.280893 0.189555 -0.162971 0.305664 0.94494 -0.116865 -1.09914 -0.146291 0.16789 0.974891 -0.24467 0 0 0 1 
5494384560183;0.638253;0.475375;0.916972 -0.16168 0.364721 -0.347544 0.105613 0.979961 0.168885 -0.857659 -0.384718 -0.116344 0.915673 1.05362 0 0 0 1 
5494384560184;0.208766;0.529506;0.979652 0.200329 -0.0122636 0.294188 -0.198314 0.975579 0.0944305 -0.287643 0.0308812 -0.090077 0.995456 -0.150556 0 0 0 1 
5494384560186;0.36111;0.0262567;0.999439 -0.0334076 -0.00243309 0.047866 0.033383 0.999397 -0.00956494 0.0989351 0.00275116 0.00947835 0.999951 0.349017 0 0 0 1 
5494384560187;0.496451;0.0649126;0.953429 0.273266 -0.127667 0.962826 -0.221052 0.921049 0.320633 0.320231 0.205205 -0.27748 0.93856 -0.80601 0 0 0 1 
5494384560188;0.447898;0.0486323;0.937859 -0.339083 0.0737795 -0.26169 0.314299 0.920136 0.233594 -1.72165 -0.147095 -0.195889 0.969531 0.426992 0 0 0 1 
5494384560189;0.616026;0.0757627;0.950706 -0.216634 -0.221872 0.618623 0.22035 0.975387 -0.00817498 -0.381571 0.218182 -0.0411175 0.975041 -0.480191 0 0 0 1 
5494384560190;0.219844;0.0647186;0.981726 -0.165704 -0.0935728 0.0181405 0.170956 0.983949 0.0511624 -0.718876 0.0835931 -0.0662243 0.994297 -0.312423 0 0 0 1 
5494384560191;0.269957;0.0846332;0.979845 0.195137 0.0427282 0.24052 -0.196192 0.980318 0.0220365 0.739699 -0.0375871 -0.0299752 0.998844 0.18138 0 0 0 1 
5494384560192;0.563983;0.0774574;0.993751 0.107334 -0.0306221 -0.0716502 -0.086919 0.916283 0.390987 0.0174228 0.0700249 -0.385882 0.919887 0.164813 0 0 0 1 
5494384560193;0.714742;0.0411668;0.978426 -0.194702 -0.0690909 0.515961 0.162297 0.931298 -0.326103 -0.519475 0.127837 0.307854 0.942806 -0.829197 0 0 0 1 
5494384560194;0.621903;0.0639149;0.988465 -0.150468 -0.0172144 -0.151911 0.150652 0.988537 0.00993423 -0.730335 0.0155223 -0.012413 0.999802 0.671772 0 0 0 1 
5494384560195;0.355585;0.0516707;0.95449 -0.286925 0.0813777 -0.270204 0.284003 0.957734 0.0457022 -1.22849 -0.0910513 -0.0205108 0.995635 0.611049 0 0 0 1 
5494384560196;0.150749;0.0641821;0.997591 0.0655892 0.0225768 -0.01712 -0.0663161 0.997249 0.0331119 0.129086 -0.0203429 -0.0345294 0.999197 0.278024 0 0 0 1 
5494384560197;0.514288;0.0698134;0.890798 -0.430221 -0.146247 0.735606 0.44609 0.889245 0.101232 -1.89848 0.0864972 -0.155416 0.984055 0.00288983 0 0 0 1 
5494384560198;0.530599;0.0484344;0.995291 0.0113397 0.0962619 -0.429776 0.0291009 0.912356 -0.408362 0.321392 -0.0924559 0.409241 0.90773 0.440912 0 0 0 1 
5494384560199;0.148187;0.0343101;0.988845 0.14879 -0.00690277 0.173414 -0.148941 0.987241 -0.0563245 0.699827 -0.0015658 0.0567243 0.998389 0.0889434 0 0 0 1 
5494384560200;0.674054;0.0682156;0.997779 -0.0609196 0.0269336 -0.668393 0.0594348 0.996831 0.0528638 -0.681571 -0.0300687 -0.0511456 0.998238 -0.195831 0 0 0 1 
5494384560201;0.851959;0.0416443;0.960186 -0.186811 0.207714 -0.164293 0.121493 0.94877 0.291675 -1.007 -0.251561 -0.254826 0.933692 0.164673 0 0 0 1 
5494384560202;0.0584502;0.0461868;0.999089 -0.0200592 -0.0376716 0.0618624 0.0207137 0.99964 0.017064 -0.117505 0.0373157 -0.0178288 0.999144 -0.153923 0 0 0 1 
5494384560203;0.443983;0.0475254;0.995141 -0.0491009 0.0853425 -0.229778 0.0804197 0.90543 -0.416809 0.568831 -0.0568058 0.421647 0.904979 0.357819 0 0 0 1 
5494384560204;0.212563;0.0658566;0.999231 0.0309852 0.0240313 -0.00254741 -0.0311554 0.999492 0.00674364 0.0896204 -0.0238101 -0.00748716 0.999688 -0.0825474 0 0 0 1 
5494384560205;0.664348;0.0709412;0.874751 -0.292475 0.386354 -0.197754 0.232694 0.9529 0.194511 -1.09431 -0.425047 -0.0802465 0.901607 2.56892 0 0 0 1 
5494384560206;0.578856;0.0380675;0.996138 -0.0851373 0.0214762 -0.0339413 0.0850286 0.996361 0.00592342 -0.252932 -0.0219024 -0.00407444 0.999752 0.786637 0 0 0 1 
5494384560207;0.371227;0.0563591;0.981464 -0.0326916 0.188839 -0.495113 -0.0287229 0.949123 0.313594 -0.550378 -0.189483 -0.313205 0.93059 0.930553 0 0 0 1 
5494384560208;0.803964;0.0509423;0.996593 0.0367242 0.073845 -0.0516453 -0.0386138 0.998958 0.0243251 0.245358 -0.0728748 -0.0270936 0.996973 1.27335 0 0 0 1 
5494384560209;0.402561;0.0714682;0.894473 -0.414771 -0.166985 0.476063 0.384131 0.903986 -0.187757 -1.29597 0.228829 0.1038 0.967917 -0.700369 0 0 0 1 
5494384560210;0.831689;0.063408;0.985508 0.140064 0.0956825 -0.228913 -0.114648 0.965735 -0.232834 1.53766 -0.125016 0.21849 0.967798 0.144275 0 0 0 1 
5494384560211;0.793568;0.0748468;0.995008 -0.0348728 -0.0934992 0.968455 0.0344605 0.999388 -0.00602078 0.166254 0.093652 0.0027687 0.995601 -0.612409 0 0 0 1 
5494384560212;0.459124;0.0491879;0.999935 -0.0113527 -0.0010471 0.278146 0.0113717 0.999727 0.020398 0.0520809 0.000815238 -0.0204086 0.999791 0.468043 0 0 0 1 
5494384560213;0.436091;0.370993;0.999483 -0.0226682 0.0228151 -0.0869253 0.0244561 0.996381 -0.0814081 0.0743253 -0.0208872 0.0819239 0.99642 0.519441 0 0 0 1 
5494384560214;0.701608;0.0484392;0.999893 -0.0140777 0.0039831 0.0255895 0.0140017 0.999731 0.0185067 0.621204 -0.00424256 -0.018449 0.999821 -0.285372 0 0 0 1 
5494384560215;0.568246;0.0643756;0.956608 0.0670065 -0.283569 1.21658 0.0207247 0.955088 0.295598 -0.61683 0.29064 -0.288648 0.912256 -1.00404 0 0 0 1 
5494384560217;0.781012;0.141347;0.991161 0.132624 -0.00315836 0.808128 -0.132635 0.991158 -0.0036533 0.507635 0.00264591 0.00403992 0.999988 0.344911 0 0 0 1 
5494384560218;0.673342;0.105369;0.859124 -0.13587 -0.493402 2.00883 0.169063 0.985336 0.0230405 -1.09994 0.483036 -0.10321 0.869496 -1.96206 0 0 0 1 
5494384560219;0.333437;0.230061;0.952235 -0.28475 -0.110299 0.574216 0.287708 0.957648 0.0115584 -1.67402 0.102336 -0.0427401 0.993831 -0.533712 0 0 0 1 
5494384560220;0.675306;0.10628;0.955078 -0.156053 -0.25194 0.761664 0.137312 0.98639 -0.0904401 -0.538855 0.262625 0.051783 0.963508 -0.77426 0 0 0 1 
5494384560221;0.374554;0.123131;0.913795 0.404429 0.0376316 0.714606 -0.39082 0.9007 -0.189735 2.76498 -0.110629 0.158672 0.981114 0.884333 0 0 0 1 
5494384560222;1.07278;0.113175;0.964762 0.100956 -0.242986 0.228894 -0.149066 0.970682 -0.188561 2.04522 0.216825 0.218138 0.951526 -0.697312 0 0 0 1 
5494384560223;0.406435;0.10054;0.928573 0.371098 0.0062647 0.429679 -0.369477 0.925855 -0.0792477 2.24757 -0.0352088 0.0712726 0.996835 0.489403 0 0 0 1 
5494384560224;0.20751;0.125374;0.983751 -0.0899754 0.155363 -0.361229 0.0915235 0.995799 -0.00282525 -0.477616 -0.154456 0.0169987 0.987853 0.976243 0 0 0 1 
5494384560225;0.828158;0.0908113;0.992213 -0.00201919 -0.124533 0.253856 0.00728568 0.999097 0.041849 -0.000285188 0.124336 -0.0424305 0.991333 0.116032 0 0 0 1 
5494384560226;0.429538;0.131265;0.880001 0.0655411 -0.470427 1.83251 0.0110556 0.987339 0.15824 -0.0963431 0.474842 -0.144452 0.868135 -2.59256 0 0 0 1 
5494384560227;0.623994;0.166535;0.951129 -0.291309 0.102431 -0.200655 0.270004 0.945524 0.181888 -1.56592 -0.149837 -0.145342 0.97797 0.642893 0 0 0 1 
5494384560228;0.349478;0.115583;0.970568 -0.157955 -0.181788 0.511903 0.199615 0.949941 0.240346 -1.43659 0.134724 -0.26956 0.953513 -0.767926 0 0 0 1 
5494384560229;0.390705;0.118319;0.995013 0.0805241 -0.058866 0.131985 -0.0808112 0.996726 -0.00251009 0.779697 0.0584711 0.00725461 0.998263 -0.0233113 0 0 0 1 
5494384560230;0.944473;0.115843;0.990434 0.073661 0.116679 -0.878683 -0.0741417 0.997248 -0.000221255 0.583695 -0.116374 -0.00843164 0.99317 0.222349 0 0 0 1 
5494384560231;0.749473;0.162316;0.946597 -0.177001 0.269491 -0.735676 0.172837 0.984166 0.0393024 -0.908775 -0.27218 0.00937433 0.962201 1.25087 0 0 0 1 
5494384560232;0.1939;0.0997935;0.996473 -0.0724855 0.0422741 -0.154058 0.0635904 0.981021 0.183179 -0.749363 -0.0547496 -0.179844 0.98217 0.241326 0 0 0 1 
5494384560233;0.634182;0.0838852;0.933049 0.2352 0.272213 -0.172388 -0.310166 0.909283 0.277492 1.1642 -0.182252 -0.343345 0.921357 0.63113 0 0 0 1 
5494384560234;0.39885;0.0819998;0.897721 -0.381411 -0.220508 0.97126 0.384359 0.922659 -0.031132 -2.15282 0.215327 -0.0568063 0.974888 -1.34103 0 0 0 1 
5494384560235;0.0516956;0.140412;0.995232 0.0938734 -0.0264744 0.173593 -0.0943596 0.99538 -0.0177508 0.704145 0.0246858 0.0201643 0.999492 -0.119902 0 0 0 1 
5494384560236;0.391323;0.191581;0.99434 -0.0986756 -0.0393742 0.247457 0.0995828 0.994791 0.0217811 -0.213097 0.0370198 -0.0255788 0.998987 -0.200104 0 0 0 1 
5494384560237;1.02921;0.0951075;0.998255 0.00117747 0.0590428 0.428705 0.0104008 0.980667 -0.195407 0.814454 -0.0581315 0.19568 0.978943 1.24137 0 0 0 1 
5494384560238;0.757061;0.110042;0.958452 0.267928 -0.097903 0.775679 -0.266384 0.963438 0.0287586 1.96109 0.102029 -0.00148393 0.99478 -1.06047 0 0 0 1 
5494384560239;0.288361;0.160738;0.920976 0.287473 0.262988 0.0394351 -0.269782 0.957515 -0.101896 1.87407 -0.281107 0.0228943 0.959403 1.85483 0 0 0 1 
5494384560240;0.0978136;0.130128;0.987591 0.0714773 -0.139837 0.528318 -0.0698627 0.997421 0.016428 0.445001 0.140651 -0.00645477 0.990038 -0.780575 0 0 0 1 
5494384560241;0.673589;0.130399;0.933288 0.329691 -0.142395 0.809075 -0.351482 0.91993 -0.173752 3.0191 0.0737092 0.21221 0.97444 -0.159204 0 0 0 1 
5494384560242;1.04802;0.125236;0.980702 0.111159 0.16083 -0.457478 -0.0833502 0.981849 -0.170367 1.4995 -0.176848 0.153674 0.972167 1.9509 0 0 0 1 
5494384560243;0.111566;0.117699;0.999121 -0.0221051 -0.0356313 0.126051 0.0213318 0.999532 -0.0219372 0.0566622 0.0360995 0.0211579 0.999124 -0.222562 0 0 0 1 
5494384560244;1.00468;0.184602;0.995453 -0.0926773 -0.0220019 0.425006 0.0922504 0.995541 -0.0196864 -0.239091 0.0237283 0.0175673 0.999564 -0.879886 0 0 0 1 
5494384560245;0.648612;0.116315;0.997473 -0.0685175 0.0187934 -0.0554221 0.0687076 0.99759 -0.00966555 -0.0159721 -0.0180858 0.0109324 0.999777 0.641036 0 0 0 1 
5494384560246;0.310363;0.142133;0.999293 0.00625247 0.0370761 0.128363 -0.0114598 0.989808 0.14195 -0.128135 -0.0358106 -0.142274 0.989179 0.466299 0 0 0 1 
5494384560248;0.548689;0.0762512;0.963811 -0.266218 0.0140023 0.249842 0.264128 0.960722 0.08514 -2.96967 -0.0361181 -0.0783605 0.996271 1.11173 0 0 0 1 
5494384560249;0.350307;0.03432;0.968358 0.220828 0.116271 -0.276317 -0.201888 0.967031 -0.155217 2.74148 -0.146714 0.126832 0.981014 1.19322 0 0 0 1 
5494384560250;0.482059;0.0391564;0.993229 0.0289848 0.112497 0.350326 -0.0216046 0.997567 -0.0662766 -0.138418 -0.114144 0.0633974 0.991439 1.16539 0 0 0 1 
5494384560251;0.346948;0.039199;0.95194 0.222795 0.210172 -0.38118 -0.241722 0.967903 0.0688022 2.13373 -0.188097 -0.116299 0.97524 2.37924 0 0 0 1 
5494384560252;0.590914;0.0334191;0.914472 -0.24479 -0.32221 2.01109 0.189849 0.962738 -0.192598 -2.05446 0.35735 0.114954 0.926869 -3.53329 0 0 0 1 
5494384560253;0.449485;0.0591998;0.926434 -0.0092012 -0.376344 1.7922 -0.0334688 0.993729 -0.106685 1.01761 0.374966 0.111432 0.920317 -3.66241 0 0 0 1 
5494384560254;0.682288;0.0591608;0.946312 -0.32122 0.0362067 1.33898 0.312354 0.937489 0.153456 -3.76933 -0.0832368 -0.133908 0.987492 1.77893 0 0 0 1 
5494384560255;0.468787;0.0602474;0.998476 -0.0217911 0.0507076 -0.483451 0.0278361 0.992172 -0.121741 0.0942182 -0.0476578 0.122967 0.991266 -0.353817 0 0 0 1 
5494384560256;0.445109;0.0415063;0.922807 0.34769 0.165948 -0.423408 -0.366854 0.924574 0.102864 3.29125 -0.117667 -0.155802 0.980755 0.916662 0 0 0 1 
5494384560257;0.358958;0.0473603;0.975889 -0.101923 0.19301 -0.464878 0.0734649 0.986065 0.149263 -1.16539 -0.205533 -0.131485 0.969777 2.5646 0 0 0 1 
5494384560258;0.299214;0.0454784;0.942905 -0.313499 0.112467 0.583053 0.32974 0.92624 -0.182621 -2.58047 -0.0469197 0.209279 0.97673 0.121648 0 0 0 1 
5494384560259;0.232186;0.060292;0.988264 -0.151704 -0.017916 0.378278 0.152736 0.983305 0.0989042 -1.9324 0.00261266 -0.10048 0.994936 -0.152496 0 0 0 1 
5494384560260;0.561418;0.0412983;0.961957 0.258097 0.0895845 -0.391473 -0.26447 0.961965 0.0684063 2.35701 -0.0685216 -0.0894963 0.993627 1.59739 0 0 0 1 
5494384560261;0.428236;0.0376255;0.877132 0.242235 0.414682 -0.393032 -0.212945 0.970121 -0.116273 2.38893 -0.430457 0.013682 0.902507 4.50047 0 0 0 1 
