#;prob_registration_l1 -r /home/probabilistic_point_clouds_registration/build/tester /home/point_clouds_registration_benchmark//devel/registration_pairs/urban05_local.txt /home/point_clouds_registration_benchmark//kaist/urban05 -s 0.2 -t 0.2 -p 0.3 -r 1000 -m 20 -i 40 
id;initial_error;final_error;transformation
34562489690000;0.13992;0.474505;0.999948 6.6801e-05 0.0102228 -504.199 -5.80535e-05 1 -0.000855977 46.7298 -0.0102229 0.000855338 0.999947 298.185 0 0 0 1 
34562489690001;0.182436;0.48138;1 2.73006e-06 -0.000212105 -25.0478 -2.72593e-06 1 1.94673e-05 3.82929 0.000212105 -1.94667e-05 1 6.71838 0 0 0 1 
34562489690002;0.400034;0.820415;0.998115 9.43266e-05 -0.0613664 571.294 0.000230087 0.999986 0.00527942 -53.9247 0.061366 -0.00528359 0.998101 -594.535 0 0 0 1 
34562489690003;0.381518;0.85806;0.984936 0.00207174 -0.172909 -6064.53 0.000508059 0.999889 0.0148744 526.522 0.17292 -0.0147382 0.984826 -2881.07 0 0 0 1 
34562489690004;0.467995;0.908703;1 -1.75952e-07 4.54851e-07 -1.28257 1.75952e-07 1 4.83834e-08 3.80904 -4.54851e-07 -4.83833e-08 1 -0.289491 0 0 0 1 
34562489690005;0.423309;0.853049;1 -2.16848e-07 9.55785e-07 -1.72355 2.16848e-07 1 7.49093e-08 3.4925 -9.55785e-07 -7.4909e-08 1 -0.517106 0 0 0 1 
34562489690006;0.190415;0.475537;0.997372 -0.000277237 0.0724484 4064.18 0.000768202 0.999977 -0.00674897 -356.529 -0.0724449 0.00678689 0.997349 -3718.95 0 0 0 1 
34562489690007;0.167146;0.259497;0.999845 1.51323e-05 0.0175965 -15.6083 1.17608e-05 0.999999 -0.00152821 2.31434 -0.0175965 0.00152818 0.999844 64.315 0 0 0 1 
34562489690008;0.102809;0.105787;1 -5.26481e-07 5.6731e-06 3.87396 5.26482e-07 1 -1.74605e-07 -0.633344 -5.6731e-06 1.74608e-07 1 2.37843 0 0 0 1 
34562489690009;0.0509686;0.160939;1 -1.55246e-06 -8.95235e-09 12.1127 1.55246e-06 1 -3.78253e-07 -2.53889 8.95294e-09 3.78253e-07 1 -3.01008 0 0 0 1 
34562489690010;0.0869115;0.27887;1 7.72785e-07 -1.54898e-05 -7.28102 -7.72767e-07 1 1.21138e-06 2.58698 1.54898e-05 -1.21136e-06 1 -1.41731 0 0 0 1 
34562489690011;0.0782188;0.429404;0.999098 0.000193172 -0.0424742 -916.019 -3.45425e-05 0.999993 0.00373543 82.8979 0.0424746 -0.00373059 0.999091 180.226 0 0 0 1 
34562489690012;0.0495854;0.0915307;0.999999 1.06866e-07 0.001601 -0.409678 1.16836e-07 1 -0.000139726 -0.30063 -0.001601 0.000139726 0.999999 0.121824 0 0 0 1 
34562489690013;0.0622498;0.745051;1 1.30796e-05 0.0001285 -104.689 -1.30788e-05 1 -6.9134e-06 15.5924 -0.0001285 6.91172e-06 1 34.8574 0 0 0 1 
34562489690014;0.30978;0.612746;1 -1.76625e-07 3.53872e-07 -1.115 1.76625e-07 1 4.66426e-08 3.0835 -3.53872e-07 -4.66425e-08 1 -0.254193 0 0 0 1 
34562489690015;0.264634;1.12732;1 -1.82186e-07 4.09366e-07 -1.81475 1.82186e-07 1 -4.1237e-09 -8.44622 -4.09366e-07 4.12377e-09 1 0.0419344 0 0 0 1 
34562489690016;0.0384264;0.124132;1 3.09717e-06 9.73759e-05 -25.1831 -3.09664e-06 1 -5.45604e-06 3.17592 -9.7376e-05 5.45573e-06 1 24.3936 0 0 0 1 
34562489690017;0.317284;0.422095;1 -1.30949e-07 2.58859e-07 -1.14661 1.30949e-07 1 3.78385e-08 -1.84864 -2.58859e-07 -3.78384e-08 1 -0.270198 0 0 0 1 
34562489690018;0.287954;1.14371;1 2.4577e-06 0.000121752 -20.4952 -2.45678e-06 1 -7.59169e-06 11.0219 -0.000121752 7.59139e-06 1 24.1093 0 0 0 1 
34562489690019;0.362659;0.555675;0.991305 9.98891e-05 0.131587 5283.23 0.00148167 0.999928 -0.0119211 -462.032 -0.131579 0.0120125 0.991233 -4225.03 0 0 0 1 
34562489690020;0.112961;0.0899461;0.999967 -1.99175e-05 -0.00812852 183.979 2.60937e-05 1 0.000759711 -16.937 0.0081285 -0.000759898 0.999967 403.288 0 0 0 1 
34562489690021;0.197833;0.324186;1 -1.77566e-08 -4.8043e-07 -0.210602 1.77566e-08 1 -2.54483e-08 -1.82807 4.8043e-07 2.54483e-08 1 0.153831 0 0 0 1 
34562489690022;0.278308;0.666986;0.998895 6.27156e-05 0.0469987 262.374 0.000131657 0.999991 -0.00413259 -26.7944 -0.0469986 0.00413421 0.998886 -249.419 0 0 0 1 
34562489690023;0.193536;0.35633;0.997497 0.000792764 -0.0706977 -4612.56 -0.000342789 0.99998 0.00637669 404.161 0.0707013 -0.0063365 0.997477 1320.24 0 0 0 1 
34562489690024;0.347959;0.262004;0.998787 -1.57744e-05 0.0492296 970.304 0.000227054 0.999991 -0.00428613 -85.9682 -0.0492291 0.00429211 0.998778 44.5914 0 0 0 1 
34562489690025;0.302077;0.723708;0.997891 0.00018044 -0.0649177 35.9356 0.000188026 0.999984 0.00566973 -0.535848 0.0649177 -0.00566998 0.997875 19.1066 0 0 0 1 
34562489690026;0.218188;0.450498;0.999484 4.53637e-05 0.0321245 -10.6786 4.46e-05 0.999996 -0.00279975 2.8155 -0.0321245 0.00279973 0.99948 38.5166 0 0 0 1 
34562489690027;0.18191;0.567187;0.993674 0.000263658 -0.112303 2337.59 0.000868633 0.999949 0.0100335 -198.869 0.1123 -0.0100675 0.993623 2119.78 0 0 0 1 
34562489690028;0.340963;1.3227;0.999962 -1.08472e-06 0.00872107 28.4141 7.71545e-06 1 -0.000760277 -12.1047 -0.00872107 0.000760315 0.999962 8.21835 0 0 0 1 
34562489690029;0.238574;0.278008;0.999998 1.11632e-06 0.00223367 -7.78264 -6.82587e-07 1 -0.000194181 -0.743476 -0.00223367 0.000194179 0.999997 6.81253 0 0 0 1 
34562489690031;0.530935;0.645723;0.999845 2.0477e-05 -0.0176071 -52.4249 6.5049e-06 0.999999 0.00153239 4.85718 0.0176071 -0.00153226 0.999844 -38.171 0 0 0 1 
34562489690032;0.306555;0.562721;0.990114 0.000862206 0.140261 -12.5865 0.000862741 0.999925 -0.0122369 0.178803 -0.140261 0.0122369 0.990039 62.7663 0 0 0 1 
34562489690033;0.46032;0.696982;0.999635 3.1466e-05 -0.0270158 7.55766 3.22125e-05 0.999997 0.00235665 0.393557 0.0270158 -0.00235666 0.999632 -14.6829 0 0 0 1 
34562489690034;0.385219;1.62963;0.998617 0.00013469 -0.052565 -101.669 0.000106141 0.99999 0.00457876 12.2353 0.0525651 -0.00457801 0.998607 -87.8447 0 0 0 1 
34562489690035;0.341621;0.647195;0.98404 0.0013989 0.177942 -69.0424 0.00138708 0.999878 -0.0155313 4.83036 -0.177942 0.0155303 0.983918 34.2497 0 0 0 1 
34562489690036;0.158469;0.115194;0.997044 0.000260689 -0.0768264 -10.2684 0.000254971 0.999978 0.00670212 0.714122 0.0768265 -0.0067019 0.997022 -39.2254 0 0 0 1 
34562489690037;0.364175;0.413652;0.994887 0.000433853 -0.100989 115.84 0.000460299 0.999961 0.00883046 -10.5818 0.100989 -0.0088318 0.994848 124.828 0 0 0 1 
34562489690038;0.437441;1.08826;0.993605 0.000572215 0.112909 -125.297 0.000543981 0.999951 -0.00985471 12.8777 -0.11291 0.00985311 0.993556 31.6275 0 0 0 1 
34562489690039;0.392147;0.49226;0.998548 0.000125303 0.0538761 4.87801 0.000128253 0.999989 -0.00470279 -1.37826 -0.0538761 0.00470287 0.998537 4.05239 0 0 0 1 
34562489690040;0.283513;0.477257;0.998845 0.000107534 -0.0480478 -46.0632 9.40478e-05 0.999991 0.00419317 3.67961 0.0480478 -0.00419285 0.998836 -14.2571 0 0 0 1 
34562489690041;0.287266;0.62574;0.995058 0.000442934 -0.0992987 -77.1736 0.000419896 0.999962 0.00866818 7.59363 0.0992988 -0.00866703 0.99502 -13.1114 0 0 0 1 
34562489690042;0.329992;1.22023;0.995238 0.000428082 0.0974708 -110.738 0.000403058 0.999964 -0.00850722 11.9781 -0.097471 0.008506 0.995202 25.8836 0 0 0 1 
34562489690043;0.516204;0.810276;0.999307 6.59383e-05 -0.03722 -37.6134 5.49093e-05 0.999995 0.00324582 3.65206 0.03722 -0.00324561 0.999302 -29.0871 0 0 0 1 
34562489690044;0.236329;0.182632;1 7.12293e-08 -8.16734e-05 -0.413603 -7.06527e-08 1 7.06013e-06 -0.0136206 8.16734e-05 -7.06012e-06 1 -0.844817 0 0 0 1 
34562489690045;0.316589;0.367212;1 4.15185e-08 -5.57118e-05 -0.148048 -4.1247e-08 1 4.87168e-06 -0.265492 5.57118e-05 -4.87168e-06 1 -0.0593738 0 0 0 1 
34562489690046;0.376135;0.350629;1 4.73945e-08 -1.36637e-05 -0.0818087 -4.73785e-08 1 1.17266e-06 -0.0743429 1.36637e-05 -1.17266e-06 1 -0.585051 0 0 0 1 
34562489690047;0.485231;0.420481;0.99968 2.77919e-05 -0.0253125 5.38763 2.81288e-05 0.999998 0.00220886 -0.375332 0.0253125 -0.00220886 0.999677 -7.83108 0 0 0 1 
34562489690048;0.199981;0.213467;0.999975 2.53582e-06 -0.00713762 -0.955081 1.89967e-06 1 0.000621418 0.351548 0.00713762 -0.000621415 0.999974 -13.4636 0 0 0 1 
34562489690049;0.208318;0.212729;0.994618 0.000471054 -0.103611 5.0597 0.00046837 0.999959 0.00904228 -0.392465 0.103612 -0.00904214 0.994577 -23.9299 0 0 0 1 
34562489690050;0.378047;0.562828;0.990176 0.000866522 -0.139823 -51.1017 0.000848484 0.999925 0.0122055 4.52084 0.139823 -0.0122042 0.990101 -16.9111 0 0 0 1 
34562489690051;0.381473;0.696112;0.999738 2.55122e-05 0.0229103 -22.7519 2.02695e-05 0.999998 -0.00199807 2.58611 -0.0229103 0.00199801 0.999736 16.2916 0 0 0 1 
34562489690052;0.123011;0.589662;0.999192 7.97294e-05 -0.0402013 -66.2051 6.1243e-05 0.999994 0.00350542 5.82053 0.0402013 -0.00350505 0.999185 -36.0919 0 0 0 1 
34562489690053;0.447449;0.802844;0.999943 8.25364e-06 0.0107169 -26.1609 1.75914e-06 1 -0.00093429 3.15757 -0.0107169 0.000934255 0.999942 10.5232 0 0 0 1 
34562489690054;0.341689;0.69535;0.998988 9.65896e-05 -0.0449812 -58.2186 8.00903e-05 0.999992 0.00392604 5.14974 0.0449812 -0.00392567 0.99898 -9.49706 0 0 0 1 
34562489690055;0.435439;0.832146;0.999648 3.73874e-05 -0.0265478 -47.8272 2.39935e-05 0.999997 0.00231177 4.17396 0.0265478 -0.00231159 0.999645 -47.8003 0 0 0 1 
34562489690056;0.453077;0.508849;0.939866 0.00526212 -0.341502 -51.3053 0.00523521 0.999542 0.0298098 5.96046 0.341503 -0.029805 0.939408 -54.7554 0 0 0 1 
34562489690057;0.243925;1.39928;0.99959 2.58577e-05 0.0286234 77.1066 4.60245e-05 0.999997 -0.00251065 -10.9065 -0.0286233 0.00251094 0.999587 -97.4421 0 0 0 1 
34562489690058;0.299623;0.663833;0.988426 0.00102007 0.151699 -97.6792 0.000999618 0.999912 -0.013237 9.33174 -0.151699 0.0132354 0.988338 63.6672 0 0 0 1 
34562489690059;0.121954;0.116024;0.999952 3.76952e-06 -0.00978249 5.00807 4.57758e-06 1 0.000853247 -0.603879 0.00978249 -0.000853251 0.999952 -6.57095 0 0 0 1 
34562489690060;0.336224;0.838358;0.999115 8.40008e-05 0.0420684 -57.3546 7.05065e-05 0.999993 -0.00367127 5.21581 -0.0420684 0.00367098 0.999108 12.8706 0 0 0 1 
34562489690062;0.450678;0.388851;0.991828 0.000713204 0.127584 -14.5193 0.000713545 0.999938 -0.0111368 -0.362749 -0.127584 0.0111368 0.991765 30.5468 0 0 0 1 
34562489690063;0.504888;1.43974;0.980681 0.00164158 0.195609 338.354 0.00170435 0.999855 -0.0169356 -33.032 -0.195609 0.0169418 0.980536 1117.69 0 0 0 1 
34562489690064;0.452148;0.441594;1 -7.74732e-08 2.92123e-05 0.215609 7.75868e-08 1 -3.88855e-06 -0.82784 -2.92123e-05 3.88855e-06 1 -10.8114 0 0 0 1 
34562489690065;0.324911;0.381455;1 3.07525e-09 -2.99996e-07 -0.0336845 -3.07524e-09 1 5.10438e-08 -0.618094 2.99996e-07 -5.10438e-08 1 0.570427 0 0 0 1 
34562489690066;0.34336;0.5253;0.996958 0.000266297 0.0779377 -15.9632 0.000264506 0.999977 -0.00680021 0.336617 -0.0779377 0.00680014 0.996935 42.8044 0 0 0 1 
34562489690067;0.18061;0.392103;0.999954 2.86083e-06 0.00963644 8.09973 5.23571e-06 1 -0.000840174 -1.70063 -0.00963644 0.000840185 0.999953 10.3606 0 0 0 1 
34562489690068;0.143206;2.65335;0.999759 3.13166e-05 0.0219345 -85.2582 1.06073e-05 0.999998 -0.0019112 0.198458 -0.0219345 0.00191097 0.999758 34.8657 0 0 0 1 
34562489690069;0.265071;0.350438;0.999943 7.2829e-06 0.010665 -20.0892 2.60611e-06 1 -0.000927227 0.882642 -0.010665 0.000927202 0.999943 31.8767 0 0 0 1 
34562489690070;0.337998;0.600086;0.90991 0.00787242 -0.41473 10.6934 0.0078587 0.999313 0.0362108 -2.44455 0.414731 -0.0362079 0.909224 -35.8619 0 0 0 1 
34562489690071;0.291767;0.179645;1 1.28166e-08 -6.72503e-06 0.225536 -1.28125e-08 1 6.23483e-07 -0.335494 6.72503e-06 -6.23483e-07 1 1.01961 0 0 0 1 
34562489690072;0.432542;0.964641;0.949079 0.00444235 0.315007 -11.6958 0.00444884 0.999612 -0.0275007 -1.4417 -0.315007 0.0275018 0.948691 42.0219 0 0 0 1 
34562489690073;0.333627;0.304089;0.999158 7.47205e-05 -0.0410394 -3.5346 7.23797e-05 0.999994 0.00358287 -0.0722505 0.0410394 -0.00358282 0.999151 -6.00437 0 0 0 1 
34562489690074;0.333091;2.32574;0.995869 0.000368177 0.0908011 -69.93 0.000359483 0.999968 -0.00799729 0.218104 -0.0908012 0.0079969 0.995837 -548.38 0 0 0 1 
34562489690075;0.300984;0.602481;0.967468 0.00284874 -0.252976 -29.8735 0.00283074 0.999752 0.0220838 0.862125 0.252976 -0.0220815 0.96722 -61.1981 0 0 0 1 
34562489690076;0.255405;0.555871;0.999571 3.59772e-05 0.0292981 7.80025 3.89768e-05 0.999997 -0.00255775 -1.53959 -0.0292981 0.00255779 0.999567 4.57787 0 0 0 1 
34562489690077;0.37018;0.517589;0.891072 0.00945421 -0.453764 524.554 0.00954746 0.999171 0.0395665 -47.3045 0.453762 -0.0395889 0.890243 -251.427 0 0 0 1 
34562489690078;0.123389;0.245317;1 1.57108e-08 -0.000327542 0.142265 -6.41539e-09 1 2.83792e-05 -0.5523 0.000327542 -2.83792e-05 1 -1.79551 0 0 0 1 
34562489690079;0.437756;1.78323;0.998097 0.000182226 -0.0616693 -117.746 0.000150324 0.999985 0.00538779 6.6036 0.0616694 -0.0053868 0.998082 15.2874 0 0 0 1 
34562489690080;0.248888;0.694239;0.998814 0.000105732 -0.0486972 -9.90519 0.000101422 0.999991 0.00425143 -0.692844 0.0486972 -0.00425132 0.998805 -6.76294 0 0 0 1 
34562489690081;0.238106;0.539786;0.999811 1.35037e-05 0.0194327 21.0935 1.93959e-05 0.999999 -0.00169281 -3.2256 -0.0194327 0.00169287 0.99981 31.7777 0 0 0 1 
34562489690082;0.176775;0.764024;0.978818 0.00185311 0.204722 -57.0868 0.0018457 0.999839 -0.0178751 3.00773 -0.204722 0.0178743 0.978657 17.0788 0 0 0 1 
34562489690083;0.334152;2.32104;0.999991 1.44474e-05 0.0042304 -110.959 -1.29141e-05 1 -0.000362466 2.73165 -0.0042304 0.000362408 0.999991 56.9585 0 0 0 1 
34562489690084;0.376441;0.371709;0.999058 8.49356e-05 -0.0433908 -15.3382 7.94833e-05 0.999993 0.00378752 1.30184 0.0433908 -0.0037874 0.999051 -11.4107 0 0 0 1 
34562489690085;0.162081;0.145668;1 -1.33992e-09 -3.62487e-05 0.100245 1.45214e-09 1 3.09571e-06 -0.22668 3.62487e-05 -3.09571e-06 1 -0.721287 0 0 0 1 
34562489690086;0.435379;0.579419;0.999508 4.21464e-05 0.0313725 2.25499 4.37992e-05 0.999996 -0.00273883 -1.10402 -0.0313725 0.00273886 0.999504 5.3663 0 0 0 1 
34562489690087;0.326485;0.301373;1 4.91571e-07 0.000279638 -3.97903 -4.84801e-07 1 -2.42115e-05 -0.401823 -0.000279638 2.42114e-05 1 1.648 0 0 0 1 
34562489690088;0.343468;0.380205;0.999815 1.72773e-05 -0.0192404 -6.03211 1.50197e-05 0.999999 0.00167846 0.0922214 0.0192404 -0.00167844 0.999813 -12.6908 0 0 0 1 
34562489690089;0.181879;0.24751;0.99467 0.00046649 -0.103108 5.36006 0.000464157 0.999959 0.00900178 -1.13599 0.103108 -0.00900166 0.994629 -11.995 0 0 0 1 
34562489690090;0.274172;0.75316;0.977939 0.00192817 -0.20888 13.7781 0.00192364 0.999832 0.0182356 -3.00049 0.20888 -0.0182351 0.977771 -29.5673 0 0 0 1 
34562489690091;0.516972;0.825571;0.999982 6.98637e-06 0.00604443 -42.4456 -3.80456e-06 1 -0.000526414 2.77303 -0.00604443 0.000526382 0.999982 10.5594 0 0 0 1 
34562489690093;0.4248;0.607423;0.999985 1.42017e-06 0.00547266 -2.38988 1.16161e-06 1 -0.000471756 2.93219 -0.00547266 0.000471755 0.999985 50.1142 0 0 0 1 
34562489690094;0.0934313;0.124225;0.999195 7.99575e-05 0.0401259 -83.2741 6.04794e-05 0.999994 -0.00349868 8.45199 -0.0401259 0.00349829 0.999189 40.0648 0 0 0 1 
34562489690095;0.144672;0.289639;0.999964 0.000120897 0.00851891 -948.921 -0.000114922 1 -0.000701836 85.4484 -0.008519 0.000700831 0.999963 346.057 0 0 0 1 
34562489690096;0.228702;0.566088;0.997752 0.000173697 -0.0670118 188.312 0.000218775 0.999983 0.00584937 -13.8261 0.0670117 -0.00585089 0.997735 0.377118 0 0 0 1 
34562489690097;0.121961;0.313558;0.997774 -0.000151213 0.0666911 2768.39 0.000554119 0.999982 -0.00602292 -243.188 -0.0666889 0.00604646 0.997755 -1801.15 0 0 0 1 
34562489690098;0.286027;0.654246;0.999348 -0.000469383 0.036102 4226.04 0.00059098 0.999994 -0.00335756 -363.68 -0.0361002 0.00337671 0.999342 -1808.37 0 0 0 1 
34562489690099;0.0245713;0.0616212;0.999937 4.37078e-06 0.0112316 7.23564 6.63569e-06 1 -0.000979915 -1.21444 -0.0112316 0.000979928 0.999936 5.39787 0 0 0 1 
34562489690100;0.214406;0.418924;0.988167 0.00320939 -0.153346 -17488.4 -0.00139041 0.999927 0.0119677 1562.67 0.153373 -0.0116129 0.9881 -14304.9 0 0 0 1 
34562489690101;0.290539;1.06632;0.992372 -0.000498246 0.123281 9344.84 0.00178349 0.999945 -0.0103152 -802.531 -0.123269 0.0104564 0.992318 2463.84 0 0 0 1 
34562489690102;0.160438;0.246262;0.991411 0.00101488 -0.130782 -2112.98 0.000406832 0.999941 0.0108437 184.414 0.130785 -0.0108037 0.991352 -4947.99 0 0 0 1 
34562489690103;0.385248;0.715695;0.994938 0.00042787 0.100495 97.2388 0.000505985 0.999957 -0.00926692 -11.8546 -0.100494 0.00927085 0.994894 -3995.79 0 0 0 1 
34562489690104;0.150227;0.280158;0.999555 3.32045e-05 0.0298328 39.934 4.46417e-05 0.999997 -0.00260874 -5.05769 -0.0298328 0.00260891 0.999551 -34.2475 0 0 0 1 
34562489690105;0.212702;0.252205;0.999462 4.41297e-05 0.0327847 16.8298 4.97004e-05 0.999996 -0.00286119 -2.77085 -0.0327847 0.00286128 0.999458 8.25523 0 0 0 1 
34562489690106;0.369761;1.07224;0.992491 0.000159454 0.122314 3967.1 0.0011664 0.999941 -0.0107681 -339.921 -0.122308 0.0108299 0.992433 -1216.31 0 0 0 1 
34562489690107;0.232667;0.212065;0.999995 -4.53084e-07 0.00311542 5.3365 1.29772e-06 1 -0.000271114 0.599428 -0.00311542 0.000271117 0.999995 6.60037 0 0 0 1 
34562489690108;0.240619;0.484279;0.998507 0.000102951 -0.054616 225.202 0.000158579 0.999989 0.00478418 -18.5662 0.0546158 -0.0047857 0.998496 138.763 0 0 0 1 
34562489690109;0.185949;0.267766;0.999041 -0.000290145 -0.0437944 3013.73 0.00046799 0.999992 0.0040507 -261.819 0.0437928 -0.00406731 0.999032 1961.62 0 0 0 1 
34562489690110;0.265953;0.334169;0.99204 -0.00123187 -0.125921 15520.1 0.00264468 0.999935 0.0110533 -1339.78 0.125899 -0.0112983 0.991979 2464.58 0 0 0 1 
34562489690111;0.165425;0.345839;0.99938 0.000168955 0.0351989 -930.156 -6.19612e-05 0.999995 -0.00304077 84.1956 -0.0351992 0.0030367 0.999376 293.478 0 0 0 1 
34562489690112;0.350609;0.493828;0.962355 0.00476357 0.271755 -11923.2 0.00184366 0.999709 -0.0240527 1054.65 -0.271791 0.0236482 0.962066 661.224 0 0 0 1 
34562489690113;0.399049;0.483262;0.999996 -1.51938e-06 0.00271519 13.4941 2.1612e-06 1 -0.000236377 -0.168685 -0.00271519 0.000236382 0.999996 5.23291 0 0 0 1 
34562489690114;0.0997142;0.293429;1 9.83574e-06 0.000252035 -79.4605 -9.8313e-06 1 -1.76281e-05 9.21331 -0.000252035 1.76256e-05 1 34.9262 0 0 0 1 
34562489690115;0.280795;0.340282;1 -3.25532e-07 -1.31966e-05 1.75494 3.25543e-07 1 8.91691e-07 -0.431868 1.31966e-05 -8.91695e-07 1 -2.02584 0 0 0 1 
34562489690116;0.37279;0.50595;0.999979 -2.28296e-06 -0.00649067 32.3326 5.95833e-06 1 0.000566235 -2.10722 0.00649067 -0.000566261 0.999979 -4.38926 0 0 0 1 
34562489690117;0.26675;0.795388;0.999985 3.81394e-06 -0.00538742 -21.4165 -1.22435e-06 1 0.000480676 7.50178 0.00538742 -0.000480662 0.999985 82.9575 0 0 0 1 
34562489690118;0.0989808;0.264144;0.99552 -0.00261502 -0.0945124 24199.7 0.00329615 0.99997 0.00705134 -2075.36 0.0944911 -0.00733128 0.995499 -7390.67 0 0 0 1 
34562489690119;0.386067;0.479897;0.922307 0.00706135 -0.386393 -2180 0.00615032 0.999438 0.0329454 190.436 0.386409 -0.0327622 0.921746 -7832.65 0 0 0 1 
34562489690120;0.309421;0.728651;0.999696 3.13769e-05 0.0246723 -40.3408 2.16255e-05 0.999998 -0.00214799 8.67282 -0.0246723 0.00214787 0.999693 50.4662 0 0 0 1 
34562489690121;0.382301;0.443055;1 -1.45618e-07 1.73366e-06 0.237235 1.45618e-07 1 2.90835e-08 0.483676 -1.73366e-06 -2.90833e-08 1 1.43406 0 0 0 1 
34562489690122;0.179762;0.291787;0.998962 7.9877e-05 0.0455562 79.3716 0.000110475 0.999991 -0.00417586 -8.1459 -0.0455562 0.00417656 0.998953 -1601.03 0 0 0 1 
34562489690124;0.346704;0.643632;0.99354 0.000547386 -0.113485 147.644 0.000580431 0.999951 0.00990477 -11.9891 0.113484 -0.00990665 0.99349 -12.9481 0 0 0 1 
34562489690125;0.12865;0.356658;0.999834 2.05559e-05 -0.0182115 -46.2574 8.40757e-06 0.999999 0.00159032 5.79716 0.0182115 -0.00159021 0.999833 1.67401 0 0 0 1 
34562489690126;0.441684;1.09345;0.999991 1.91008e-06 0.00420223 -8.12875 -3.69706e-07 1 -0.000366562 6.65956 -0.00420223 0.000366558 0.999991 3.28211 0 0 0 1 
34562489690127;0.210546;0.286445;0.999955 6.35608e-06 0.00953397 -20.4361 1.55952e-06 1 -0.000830244 2.5524 -0.00953397 0.000830222 0.999954 16.7613 0 0 0 1 
34562489690128;0.0334274;0.113088;0.999925 -2.03257e-06 -0.0122207 70.0043 1.50341e-05 0.999999 0.0010638 -6.90204 0.0122207 -0.0010639 0.999925 -24.6733 0 0 0 1 
34562489690129;0.0803559;0.10322;1 -3.77906e-07 1.00916e-05 2.69735 3.77912e-07 1 -5.68941e-07 0.0272859 -1.00916e-05 5.68945e-07 1 1.95124 0 0 0 1 
34562489690130;0.355847;0.440538;0.999883 7.64585e-06 -0.0152828 21.3505 1.27386e-05 0.999999 0.00133371 -1.34458 0.0152828 -0.00133375 0.999882 -5.17955 0 0 0 1 
34562489690131;0.103607;0.0840837;1 1.37169e-06 -2.76299e-05 -10.2962 -1.37163e-06 1 2.12858e-06 1.68664 2.763e-05 -2.12855e-06 1 -2.84008 0 0 0 1 
34562489690132;0.232394;0.40524;0.997371 8.4119e-05 -0.0724656 1179.5 0.000383067 0.999979 0.00643308 -99.8291 0.0724646 -0.00644392 0.99735 941.225 0 0 0 1 
34562489690133;0.372111;0.402733;0.997313 0.000228277 -0.0732606 60.6725 0.000240829 0.99998 0.00639436 -4.55918 0.0732606 -0.00639482 0.997292 -12.5261 0 0 0 1 
34562489690134;0.23228;0.357532;0.999624 2.24698e-05 -0.0274282 85.8445 4.31072e-05 0.999997 0.00239027 -5.72184 0.0274282 -0.00239055 0.999621 -34.078 0 0 0 1 
34562489690135;0.171644;0.442411;0.999596 0.000170241 -0.0284188 -1081.53 -9.5795e-05 0.999997 0.00262095 96.9288 0.0284192 -0.00261717 0.999593 1094.21 0 0 0 1 
34562489690136;0.200279;0.280132;0.999984 -1.86684e-06 -0.00559286 25.1631 4.59366e-06 1 0.000487541 -1.68013 0.00559286 -0.00048756 0.999984 -6.51823 0 0 0 1 
34562489690137;0.062551;0.12187;0.998767 0.000487355 -0.0496431 -3047.94 -0.00028459 0.999992 0.00409144 265.801 0.0496447 -0.00407227 0.998759 -2108.9 0 0 0 1 
34562489690138;0.126833;0.767385;1 8.87979e-08 3.32509e-07 0.937308 -8.87979e-08 1 -2.68604e-08 6.30977 -3.32509e-07 2.68603e-08 1 0.255615 0 0 0 1 
34562489690139;0.334771;0.578659;0.999993 2.75834e-06 -0.00371187 -16.5732 -1.55449e-06 1 0.000324328 3.74163 0.00371187 -0.00032432 0.999993 1.70231 0 0 0 1 
34562489690140;0.169798;0.350893;1 -2.36418e-06 4.31039e-06 18.0455 2.36418e-06 1 7.14714e-07 0.407253 -4.31039e-06 -7.14704e-07 1 8.33971 0 0 0 1 
34562489690141;0.269667;0.415585;0.998193 0.000277399 -0.0600813 -953.166 4.44986e-05 0.999986 0.0053563 84.955 0.0600819 -0.0053493 0.998179 833.357 0 0 0 1 
34562489690142;0.0756236;0.243382;0.999498 3.1865e-05 -0.031697 99.8733 5.57521e-05 0.999996 0.00276332 -9.62109 0.031697 -0.0027637 0.999494 -30.2689 0 0 0 1 
34562489690143;0.273373;0.445933;0.994301 0.00216805 0.10659 -13454.1 -0.00124664 0.999961 -0.00871033 1190.23 -0.106604 0.00852781 0.994265 6274.34 0 0 0 1 
34562489690144;0.115892;0.470025;0.999596 8.06837e-05 0.0284061 -368.667 -1.1977e-05 0.999997 -0.00241889 35.1789 -0.0284062 0.00241758 0.999594 502.837 0 0 0 1 
34562489690145;0.160443;0.255644;0.999802 2.11657e-05 0.0199155 -33.4788 1.34165e-05 0.999998 -0.00173631 1.37839 -0.0199156 0.00173623 0.9998 19.8407 0 0 0 1 
34562489690146;0.0878609;0.375142;1 2.11419e-06 0.000529128 -16.6602 -2.09115e-06 1 -4.35341e-05 3.94093 -0.000529128 4.3533e-05 1 21.6394 0 0 0 1 
34562489690147;0.0902058;0.236773;0.997433 -0.000295486 -0.0716017 4190.04 0.000757522 0.999979 0.00642579 -363.176 0.0715983 -0.00646354 0.997413 1708.29 0 0 0 1 
34562489690148;0.253989;1.42212;1 4.98926e-08 -7.23424e-07 1.0976 -4.98926e-08 1 3.55622e-08 9.80147 7.23424e-07 -3.55622e-08 1 0.140903 0 0 0 1 
34562489690149;0.415878;0.430458;0.999997 -1.1794e-06 -0.00264304 11.7079 1.78895e-06 1 0.000230623 -0.8337 0.00264304 -0.000230627 0.999996 -1.84559 0 0 0 1 
34562489690150;0.323952;0.427985;0.999607 3.00704e-05 -0.0280292 36.3784 3.85132e-05 0.999997 0.00244632 -2.50012 0.0280292 -0.00244644 0.999604 -6.56512 0 0 0 1 
34562489690151;0.0908205;1.18898;0.999982 2.75172e-05 -0.00606812 -205.798 -2.43241e-05 1 0.000526269 27.3514 0.00606813 -0.000526112 0.999981 -29.913 0 0 0 1 
34562489690152;0.416208;0.470475;0.995319 0.000390954 -0.09664 155.375 0.000398379 0.999967 0.00814835 -12.1084 0.09664 -0.00814871 0.995286 -2322.82 0 0 0 1 
34562489690153;0.0988573;1.07066;0.999946 1.46672e-05 -0.0104267 -78.2904 -5.37656e-06 1 0.000891069 -2.0132 0.0104268 -0.000890965 0.999945 -155.473 0 0 0 1 
34562489690155;0.259195;0.484653;0.999527 4.00629e-05 -0.0307447 14.1579 4.24545e-05 0.999996 0.0026833 0.896361 0.0307447 -0.00268334 0.999524 -8.21306 0 0 0 1 
34562489690156;0.172496;0.162691;0.99958 3.37009e-05 -0.028966 28.1015 3.95169e-05 0.999997 0.00252714 -1.34614 0.028966 -0.00252723 0.999577 -14.6687 0 0 0 1 
34562489690157;0.159263;0.455981;0.989082 -0.000367622 0.147364 10606.2 0.0023902 0.999905 -0.0135482 -912.397 -0.147345 0.0137525 0.98899 -7144.78 0 0 0 1 
34562489690158;0.105511;0.142281;0.998748 0.000145916 0.0500338 -300.45 7.56244e-05 0.99999 -0.00442589 26.1593 -0.050034 0.00442413 0.998738 -448.869 0 0 0 1 
34562489690159;0.266866;0.388922;0.999898 9.56195e-06 0.0142498 -7.34992 8.12039e-06 0.999999 -0.00124082 2.86851 -0.0142498 0.00124081 0.999898 26.1199 0 0 0 1 
34562489690160;0.0473697;0.109232;0.999927 0.000100495 0.0120643 -758.731 -8.6916e-05 0.999999 -0.00112608 66.7776 -0.0120644 0.00112495 0.999927 -576.824 0 0 0 1 
34562489690161;0.216211;0.225356;1 -1.1822e-06 -1.24063e-05 9.40223 1.18219e-06 1 -1.42341e-07 -0.339205 1.24063e-05 1.42326e-07 1 -9.72243 0 0 0 1 
34562489690162;0.156911;0.359424;0.999664 4.07516e-05 0.0259017 -93.909 1.77308e-05 0.999997 -0.00225762 9.63563 -0.0259017 0.00225732 0.999662 32.4241 0 0 0 1 
34562489690163;0.149607;0.186413;0.999436 4.64637e-05 0.0335775 17.9191 5.19431e-05 0.999996 -0.00292985 0.35137 -0.0335775 0.00292995 0.999432 12.5739 0 0 0 1 
34562489690164;0.334807;0.803395;0.976434 0.0021711 0.215805 -940.977 0.00199466 0.999816 -0.0190837 83.0203 -0.215807 0.0190644 0.97625 -1789.96 0 0 0 1 
34562489690165;0.385816;0.594024;0.950354 0.00438443 0.311139 -444.818 0.00468389 0.999586 -0.0283923 47.3273 -0.311135 0.0284401 0.94994 -10256.1 0 0 0 1 
34562489690166;0.333068;0.400677;0.99803 0.000178928 0.0627404 -63.2731 0.000164795 0.999985 -0.00547329 6.43407 -0.0627405 0.00547284 0.998015 39.2978 0 0 0 1 
34562489690167;0.363242;0.468782;1 -8.30028e-09 3.82861e-07 0.0576882 8.30027e-09 1 2.36979e-08 1.02686 -3.82861e-07 -2.36979e-08 1 -0.184798 0 0 0 1 
34562489690168;0.405801;0.331808;0.998211 0.000223773 -0.0597865 -533.11 8.50753e-05 0.999987 0.00516325 49.128 0.0597868 -0.0051591 0.998198 -490.456 0 0 0 1 
34562489690169;0.233383;0.456891;0.99923 -0.000399433 -0.039227 3759.78 0.000537997 0.999994 0.00352187 -325.264 0.0392253 -0.00354027 0.999224 929.206 0 0 0 1 
34562489690170;0.111556;0.188867;1 1.8101e-08 3.80928e-07 0.289633 -1.8101e-08 1 1.04863e-08 1.02174 -3.80928e-07 -1.04863e-08 1 -0.133324 0 0 0 1 
34562489690171;0.0960451;0.496272;0.999051 8.45731e-05 -0.0435475 -7.10737 8.10166e-05 0.999993 0.00380072 4.00868 0.0435475 -0.00380065 0.999044 -12.1188 0 0 0 1 
34562489690172;0.321124;0.578458;0.998252 0.000162391 0.059099 -84.239 0.000142652 0.999987 -0.0051573 9.91661 -0.0590991 0.00515671 0.998239 24.0734 0 0 0 1 
34562489690173;0.268086;0.394776;0.999229 6.55774e-05 0.0392601 9.1656 6.9061e-05 0.999994 -0.00342803 0.632257 -0.0392601 0.0034281 0.999223 -2.43122 0 0 0 1 
34562489690174;0.189053;0.492362;0.998952 -1.66151e-05 0.0457727 864.448 0.000204144 0.999992 -0.00409228 -72.6602 -0.0457722 0.00409734 0.998944 -813.451 0 0 0 1 
34562489690175;0.133957;0.338816;0.999842 2.03029e-05 0.0177861 -52.8422 7.29432e-06 0.999999 -0.00155155 5.25394 -0.0177861 0.00155143 0.999841 11.3078 0 0 0 1 
34562489690176;0.144022;0.255492;0.998341 0.000116557 0.0575695 220.095 0.000195779 0.999985 -0.0054197 -18.5713 -0.0575693 0.00542198 0.998327 -3184.01 0 0 0 1 
34562489690177;0.320514;0.563933;0.999875 1.00094e-05 0.0157839 5.92901 1.17325e-05 0.999999 -0.00137737 1.64791 -0.0157839 0.00137739 0.999874 5.07791 0 0 0 1 
34562489690178;0.353901;0.596061;0.993618 0.000555651 -0.112792 28.2792 0.000558157 0.999951 0.00984308 0.513327 0.112792 -0.00984322 0.99357 -35.4759 0 0 0 1 
34562489690179;0.0142393;0.0609299;1 1.29225e-07 0.000151021 -0.682077 -1.27251e-07 1 -1.30704e-05 0.18218 -0.000151021 1.30703e-05 1 0.801796 0 0 0 1 
34562489690180;0.106434;0.0775581;0.999779 4.11401e-05 -0.0210337 -172.737 -3.98627e-06 0.999998 0.00176644 14.8358 0.0210337 -0.00176596 0.999777 -566.795 0 0 0 1 
34562489690181;0.139987;0.133339;1 -6.62991e-10 1.04108e-05 0.169341 6.72668e-10 1 -9.29468e-07 0.365949 -1.04108e-05 9.29468e-07 1 0.11841 0 0 0 1 
34562489690182;0.247912;1.1261;0.992306 0.00057824 -0.123811 772.884 0.00076249 0.999942 0.0107812 -60.1739 0.12381 -0.0107927 0.992247 -135.817 0 0 0 1 
34562489690183;0.115667;0.382704;0.999935 7.18225e-06 0.011367 -13.3412 4.01709e-06 1 -0.000985226 3.40421 -0.011367 0.000985208 0.999935 57.0064 0 0 0 1 
34562489690184;0.228068;0.355638;0.996742 -1.85041e-05 0.08065 2426.42 0.000625683 0.999972 -0.00750331 -209.303 -0.0806475 0.00752933 0.996714 -3927.46 0 0 0 1 
34562489690186;0.0711037;0.187748;1 4.99868e-06 0.000233512 -39.5933 -4.99331e-06 1 -2.29922e-05 1.72886 -0.000233512 2.2991e-05 1 -21.2372 0 0 0 1 
34562489690187;0.0441165;0.0459148;0.999543 4.0026e-05 0.0302443 -5.17118 3.98124e-05 0.999997 -0.00263917 0.214232 -0.0302443 0.00263917 0.999539 9.12001 0 0 0 1 
34562489690188;0.231973;0.272118;0.996453 0.000461671 -0.0841497 -1210.54 0.000167296 0.999972 0.00746717 108.45 0.0841508 -0.00745477 0.996425 871.707 0 0 0 1 
34562489690189;0.393005;0.605643;0.9764 0.00200594 -0.215959 466.853 0.00219316 0.999813 0.0192026 -34.8876 0.215957 -0.019223 0.976214 2977.87 0 0 0 1 
34562489690190;0.219538;0.258259;0.999835 1.05042e-05 -0.0181919 34.1682 1.84053e-05 0.999999 0.00158897 -1.37819 0.0181919 -0.00158904 0.999833 6.47315 0 0 0 1 
34562489690191;0.389147;0.604591;0.99968 -1.17308e-05 0.0252773 316.582 7.50828e-05 0.999997 -0.00250534 -30.9467 -0.0252772 0.00250644 0.999677 -2410.6 0 0 0 1 
34562489690192;0.192134;0.295455;0.999993 4.25919e-06 0.00367373 -29.2192 -3.0818e-06 1 -0.000320496 0.802559 -0.00367373 0.000320482 0.999993 1.66259 0 0 0 1 
34562489690193;0.281462;0.300444;1 -6.65683e-08 6.40472e-07 -0.352957 6.65682e-08 1 9.18671e-08 0.760704 -6.40472e-07 -9.1867e-08 1 -0.726093 0 0 0 1 
34562489690194;0.204314;0.248234;0.999257 -0.000144665 0.0385322 1679.72 0.000279689 0.999994 -0.00349883 -148.284 -0.0385315 0.00350701 0.999251 -1151.38 0 0 0 1 
34562489690195;0.157469;0.241342;1 2.50359e-07 -0.000244785 -2.1976 -2.45116e-07 1 2.14191e-05 2.30732 0.000244785 -2.1419e-05 1 -0.247428 0 0 0 1 
34562489690196;0.0529904;0.0801215;0.999982 -6.47601e-08 -0.00605455 14.2199 3.26163e-06 1 0.000528001 -0.468151 0.00605455 -0.000528011 0.999982 -5.40195 0 0 0 1 
34562489690197;0.438295;0.823034;1 7.08942e-07 -4.75361e-05 -4.67457 -7.08856e-07 1 1.80478e-06 -6.43326 4.75361e-05 -1.80474e-06 1 -18.8494 0 0 0 1 
34562489690198;0.0525853;0.347806;0.999977 2.26402e-06 -0.00676608 0.136534 1.73733e-06 1 0.000591379 4.94338 0.00676608 -0.000591377 0.999977 5.33048 0 0 0 1 
34562489690199;0.186435;0.284721;0.999999 1.26351e-06 -0.00142487 -9.48463 -1.08597e-06 1 0.000124599 2.62475 0.00142487 -0.000124597 0.999999 0.968542 0 0 0 1 
34562489690200;0.246291;0.217945;0.999989 2.77444e-06 -0.00471299 -13.2982 -8.38752e-07 1 0.000410716 1.37568 0.00471299 -0.000410708 0.999989 -5.63058 0 0 0 1 
34562489690201;0.100046;0.739052;0.999979 -1.52335e-05 0.006529 136.025 1.89257e-05 1 -0.000565453 -21.1771 -0.00652899 0.000565564 0.999979 35.7363 0 0 0 1 
34562489690202;0.155088;0.154472;1 9.93875e-07 -3.07823e-06 -7.67811 -9.93873e-07 1 5.55406e-07 1.21555 3.07823e-06 -5.55403e-07 1 2.04083 0 0 0 1 
34562489690203;0.0877176;0.478184;1 7.68753e-06 8.7427e-05 -61.0722 -7.6872e-06 1 -3.85023e-06 11.6573 -8.74271e-05 3.84956e-06 1 31.0708 0 0 0 1 
34562489690204;0.244178;0.301361;0.998664 0.000160122 0.0516752 -357.233 7.80662e-05 0.999989 -0.00460728 29.2092 -0.0516753 0.00460515 0.998653 -753.841 0 0 0 1 
34562489690205;0.481854;0.400275;0.997653 0.000537255 -0.068476 -2662.12 -0.000127705 0.999982 0.00598516 231.913 0.068478 -0.00596237 0.997635 -128.622 0 0 0 1 
34562489690206;0.097924;0.436752;0.999012 6.52623e-05 0.0444446 162.43 0.000108378 0.999992 -0.00390449 -19.7594 -0.0444445 0.00390544 0.999004 -204.664 0 0 0 1 
34562489690207;0.417969;0.408693;0.99717 0.000253797 -0.0751833 -42.6388 0.000240334 0.999978 0.00656323 6.07405 0.0751833 -0.00656272 0.997148 -7.79898 0 0 0 1 
34562489690208;0.41666;0.382113;0.999994 5.4161e-06 -0.00348533 -37.1486 -4.3613e-06 1 0.000302645 1.89135 0.00348533 -0.000302628 0.999994 -13.7225 0 0 0 1 
34562489690209;0.102897;0.0676429;0.999936 9.83341e-06 -0.0113065 -32.1092 1.32585e-06 1 0.000986972 3.56193 0.0113065 -0.000986923 0.999936 -1.97841 0 0 0 1 
34562489690210;0.0465566;0.405759;0.999919 9.9461e-06 0.0127555 -24.2967 4.25195e-06 0.999999 -0.00111306 -2.96328 -0.0127556 0.00111302 0.999918 3.67129 0 0 0 1 
34562489690211;0.156365;0.302399;1 4.40212e-06 -0.000237294 -34.2272 -4.39795e-06 1 1.75766e-05 -0.394894 0.000237294 -1.75755e-05 1 -25.0659 0 0 0 1 
34562489690212;0.249667;0.333723;0.998973 0.000100371 0.04532 -91.7214 7.89408e-05 0.999992 -0.00395476 5.94679 -0.0453201 0.00395428 0.998965 17.4807 0 0 0 1 
34562489690213;0.302086;0.36367;0.999894 1.39018e-05 0.0145504 -38.9386 4.57212e-06 0.999999 -0.00126962 1.51492 -0.0145504 0.00126955 0.999893 5.95067 0 0 0 1 
34562489690214;0.0408606;0.0917746;1 -1.7754e-06 -0.000128277 14.1573 1.77683e-06 1 1.11485e-05 -0.150503 0.000128277 -1.11487e-05 1 -0.753639 0 0 0 1 
34562489690215;0.322976;0.327384;1 -1.79856e-06 0.000109022 14.0183 1.79904e-06 1 -4.36699e-06 -0.189399 -0.000109022 4.36719e-06 1 41.0153 0 0 0 1 
34562489690217;0.345856;0.157852;0.999891 9.29127e-06 0.0147761 -0.914703 9.7559e-06 0.999999 -0.00128898 0.310945 -0.0147761 0.00128899 0.99989 10.0551 0 0 0 1 
34562489690218;0.369096;0.380768;0.999916 4.13087e-06 -0.0129466 26.2302 1.04742e-05 0.999999 0.00112803 -3.62075 0.0129466 -0.00112807 0.999916 -18.8982 0 0 0 1 
34562489690219;0.344434;0.538733;0.999724 1.8483e-05 -0.0234862 47.4985 2.96575e-05 0.999998 0.00204939 -3.70572 0.0234862 -0.00204952 0.999722 -8.73012 0 0 0 1 
34562489690220;0.281678;0.672498;0.953836 0.00403832 -0.3003 -18.7338 0.00402101 0.999648 0.0262147 -0.156291 0.300301 -0.0262121 0.953484 -62.9508 0 0 0 1 
34562489690221;0.2479;1.60182;0.994945 0.000429415 -0.100425 106.842 0.000453402 0.999961 0.00876782 -11.712 0.100425 -0.00876903 0.994906 4.20669 0 0 0 1 
34562489690222;0.309448;0.707172;0.999181 6.43301e-05 -0.0404756 61.9033 7.87315e-05 0.999994 0.00353291 -4.97012 0.0404755 -0.00353321 0.999174 -7.9031 0 0 0 1 
34562489690223;0.503992;0.563134;0.971718 0.00245727 -0.236133 129.641 0.00247982 0.999785 0.0206089 -11.9186 0.236133 -0.0206116 0.971502 -46.3834 0 0 0 1 
34562489690224;0.505738;2.27957;0.991243 0.00074973 -0.13205 134.206 0.000777968 0.999933 0.0115171 -16.9007 0.13205 -0.011519 0.991176 -87.2645 0 0 0 1 
34562489690225;0.255572;0.632207;0.994291 0.000489584 0.106706 55.6291 0.000507324 0.999956 -0.00931525 -5.48598 -0.106706 0.0093162 0.994247 7.02252 0 0 0 1 
34562489690226;0.59187;0.787637;0.980398 0.00170289 -0.197021 96.2282 0.00171927 0.999851 0.0171972 -9.35813 0.19702 -0.0171989 0.980249 -28.3847 0 0 0 1 
34562489690227;0.535961;0.556944;0.99534 0.000398047 -0.096427 83.1462 0.000415664 0.999964 0.00841839 -7.40717 0.0964269 -0.00841924 0.995304 -1.96196 0 0 0 1 
34562489690228;0.492348;1.33246;0.987981 0.00103457 -0.154572 138.309 0.00106385 0.999908 0.0134924 -11.7794 0.154571 -0.0134947 0.987889 -12.257 0 0 0 1 
34562489690229;0.377629;0.399171;0.998353 0.000143043 -0.0573718 13.7684 0.000144381 0.999987 0.00500567 -1.89304 0.0573718 -0.00500571 0.99834 -28.9801 0 0 0 1 
34562489690230;0.309344;0.821236;0.987198 0.00110699 -0.159498 108.309 0.00112816 0.999902 0.0139224 -7.8637 0.159498 -0.0139241 0.9871 -17.278 0 0 0 1 
34562489690231;0.422227;0.792298;0.998962 8.21592e-05 0.0455539 60.5402 9.90697e-05 0.999992 -0.00397607 -4.97396 -0.0455539 0.00397645 0.998954 10.1752 0 0 0 1 
34562489690232;0.215127;0.39406;1 -3.06533e-07 0.000125621 1.77055 3.07879e-07 1 -1.07161e-05 -0.406476 -0.000125621 1.07162e-05 1 2.00929 0 0 0 1 
34562489690233;0.420689;0.460321;0.999902 7.26674e-06 -0.0139789 11.5312 9.79406e-06 0.999999 0.0012204 -1.1613 0.0139789 -0.00122042 0.999902 -1.42113 0 0 0 1 
34562489690234;0.244511;0.618396;0.999699 2.09482e-05 -0.0245302 44.9016 3.15812e-05 0.999998 0.00214103 -3.40335 0.0245302 -0.00214116 0.999697 -5.69793 0 0 0 1 
34562489690235;0.305129;0.315742;0.999852 1.01618e-05 0.0172127 18.9849 1.57119e-05 0.999999 -0.00150303 -1.21268 -0.0172127 0.00150308 0.999851 -0.523952 0 0 0 1 
34562489690236;0.196522;0.662077;0.995304 0.000398469 0.0967995 77.9636 0.000421309 0.999964 -0.00844822 -6.48455 -0.0967995 0.00844933 0.995268 22.2043 0 0 0 1 
34562489690237;0.236663;1.18565;0.993933 0.000516431 -0.109987 119.514 0.000542771 0.999954 0.00960007 -10.8515 0.109987 -0.00960152 0.993887 -15.0884 0 0 0 1 
34562489690238;0.36003;1.43707;0.999997 2.423e-07 0.00245734 -3.89995 3.37935e-07 1 -0.000236123 -0.489936 -0.00245734 0.000236123 0.999997 -174.114 0 0 0 1 
34562489690239;0.243492;0.358284;0.999984 -2.54299e-06 -0.00558556 31.0796 5.24738e-06 1 0.000484159 -3.35674 0.00558556 -0.000484181 0.999984 -27.7593 0 0 0 1 
34562489690240;0.35283;2.19941;0.999952 1.92354e-06 -0.00982895 18.4237 6.3635e-06 1 0.000843094 -8.15585 0.00982895 -0.000843116 0.999951 -122.005 0 0 0 1 
34562489690241;0.379757;2.15153;0.949109 0.0044241 0.314918 109.127 0.00446224 0.999612 -0.0274914 -13.6075 -0.314917 0.0274976 0.948721 1.83611 0 0 0 1 
34562489690242;0.378853;0.417412;1 -8.76e-09 1.75473e-06 -0.452427 8.7602e-09 1 -1.14407e-07 0.241273 -1.75473e-06 1.14407e-07 1 0.740788 0 0 0 1 
34562489690243;0.301434;0.930087;1 -1.89121e-07 -1.50114e-07 -0.42232 1.89121e-07 1 -7.77798e-08 0.978739 1.50114e-07 7.77798e-08 1 -0.737773 0 0 0 1 
34562489690244;0.500189;0.528135;1 -1.46957e-08 -4.35806e-07 -0.0438243 1.46957e-08 1 3.38811e-08 0.031616 4.35806e-07 -3.38811e-08 1 -0.0910862 0 0 0 1 
34562489690245;0.271456;0.31227;0.999904 8.55246e-06 0.013841 -4.14447 8.15173e-06 0.999999 -0.00120681 0.333853 -0.013841 0.0012068 0.999903 14.2966 0 0 0 1 
34562489690246;0.262584;0.560586;0.999262 5.83599e-05 -0.0384213 53.2835 7.05702e-05 0.999994 0.00335432 -4.33326 0.0384213 -0.00335456 0.999256 -1.70282 0 0 0 1 
34562489690248;0.122472;0.15681;0.998259 0.000136378 0.0589775 117.814 0.000167385 0.999987 -0.00514553 -10.0994 -0.0589774 0.00514644 0.998246 27.3526 0 0 0 1 
34562489690249;0.236877;0.518284;0.987981 0.00124296 -0.154568 -1533.54 0.000905216 0.999904 0.0138267 137.454 0.154571 -0.0138005 0.987885 2445.86 0 0 0 1 
34562489690250;0.361013;0.840798;0.99145 0.000756469 0.130488 -94.9871 0.000736277 0.999935 -0.0113911 4.26389 -0.130488 0.0113898 0.991384 34.2642 0 0 0 1 
34562489690251;0.0844088;0.0672063;0.999738 2.36603e-05 -0.022878 -2.82526 2.20211e-05 0.999998 0.00199648 0.380616 0.022878 -0.00199646 0.999736 -9.28153 0 0 0 1 
34562489690252;0.195046;0.415604;0.99998 -1.1599e-06 -0.00624499 25.4177 4.59474e-06 1 0.000550001 -0.388112 0.00624499 -0.000550019 0.99998 38.1065 0 0 0 1 
34562489690253;0.120903;0.330441;0.995139 0.000431213 0.0984783 -66.6849 0.000417456 0.999963 -0.00859706 4.60055 -0.0984784 0.00859638 0.995102 20.6271 0 0 0 1 
34562489690254;0.246774;0.541336;0.999945 -1.43455e-06 -0.010475 54.6962 1.09041e-05 1 0.000903957 -6.21229 0.010475 -0.000904021 0.999945 -84.7214 0 0 0 1 
34562489690255;0.134202;0.161063;0.999932 4.68382e-06 0.0116302 8.72073 7.10701e-06 0.999999 -0.00101377 -1.27171 -0.0116302 0.00101379 0.999932 13.3533 0 0 0 1 
34562489690256;0.130561;0.231113;0.999301 6.03134e-05 0.0373764 2.35846 6.15916e-05 0.999995 -0.00326039 0.711769 -0.0373764 0.00326041 0.999296 26.2302 0 0 0 1 
34562489690257;0.163799;0.185255;0.999803 2.01976e-05 -0.0198688 -20.5006 1.4283e-05 0.999998 0.00173527 2.3 0.0198688 -0.00173521 0.999801 1.95007 0 0 0 1 
34562489690258;0.294851;0.58118;0.954218 -0.000330233 -0.29911 34865.1 0.00789324 0.999679 0.0240772 -2970.18 0.299006 -0.0253359 0.953915 -6207.88 0 0 0 1 
