#;prob_registration_l1 -r /home/probabilistic_point_clouds_registration/build/tester /home/point_clouds_registration_benchmark//devel/registration_pairs/wood_summer_local.txt /home/point_clouds_registration_benchmark//eth/wood_summer -s 0.2 -t 0.2 -p 0.3 -r 1000 -m 20 -i 40 
id;initial_error;final_error;transformation
2318808360000;0.0774618;0.019224;0.997904 0.0438873 0.0475463 -0.490777 -0.0437416 0.999034 -0.00410069 0.473189 -0.0476803 0.00201234 0.998861 0.337118 0 0 0 1 
2318808360001;0.306883;0.0185467;0.997552 0.0680187 -0.0162021 -0.111425 -0.0682895 0.997524 -0.016788 0.582489 0.0150201 0.0178533 0.999728 -0.443145 0 0 0 1 
2318808360002;0.495258;0.343079;0.985747 -0.15453 -0.0665074 1.6685 0.156621 0.987278 0.0274371 -1.20345 0.0614214 -0.0374625 0.997409 0.435232 0 0 0 1 
2318808360003;0.524546;0.362776;0.997459 -0.070674 0.00901304 0.49821 0.069771 0.994567 0.0772573 -0.785916 -0.0144242 -0.0764321 0.99697 0.670448 0 0 0 1 
2318808360004;0.20511;0.0150213;0.99777 -0.0628264 0.0225448 0.623278 0.0627571 0.998022 0.00376809 -0.526527 -0.0227369 -0.00234484 0.999739 -0.193103 0 0 0 1 
2318808360005;0.440296;0.292366;0.998087 -0.0261953 -0.0560034 0.346455 0.0345098 0.987611 0.15308 -0.647958 0.0512996 -0.15472 0.986626 0.716529 0 0 0 1 
2318808360006;0.169359;0.027075;0.9962 -0.0829728 0.0264903 0.996398 0.0834982 0.996319 -0.0193803 -0.420856 -0.0247847 0.0215186 0.999461 0.0938355 0 0 0 1 
2318808360007;0.299345;0.264053;0.999511 -0.0287749 0.0122309 0.19493 0.0286652 0.999548 0.00905518 -0.29131 -0.012486 -0.00870016 0.999884 0.122116 0 0 0 1 
2318808360008;0.34518;0.261234;0.994252 0.0579534 0.0900286 -0.805423 -0.0630528 0.996501 0.0548684 0.330672 -0.0865338 -0.0602295 0.994427 1.50318 0 0 0 1 
2318808360009;0.553788;0.435056;0.997023 0.0637458 0.0433691 -0.623399 -0.0637988 0.997963 -0.000164046 0.344308 -0.0432912 -0.00260334 0.999059 0.506588 0 0 0 1 
2318808360010;0.296129;0.0229737;0.992411 -0.122961 0.00124494 1.18569 0.12282 0.991663 0.0389801 -1.22018 -0.00602761 -0.0385314 0.999239 -0.00601391 0 0 0 1 
2318808360011;0.267088;0.023213;0.97431 -0.191022 0.11929 2.14054 0.178187 0.977784 0.110398 -1.28182 -0.137729 -0.0863055 0.986703 2.31475 0 0 0 1 
2318808360012;0.117207;0.0274955;0.996857 -0.00274068 -0.0791729 0.0473674 0.0064983 0.998862 0.0472424 -0.197568 0.0789534 -0.0476084 0.995741 -0.280704 0 0 0 1 
2318808360013;0.297157;0.0132781;0.997077 -0.0483083 0.0591905 -0.0343741 0.0503449 0.998173 -0.0334119 -0.61671 -0.0574683 0.0362942 0.997687 -0.0497268 0 0 0 1 
2318808360014;0.320442;0.014469;0.999962 0.00871152 0.000806819 -0.0361363 -0.00871204 0.999962 0.000645767 0.0797956 -0.000801162 -0.000652772 0.999999 -0.63001 0 0 0 1 
2318808360015;0.329054;0.0267167;0.96253 0.241317 -0.123698 -2.11773 -0.253919 0.962169 -0.0987697 2.46681 0.0951841 0.126478 0.987392 -2.50833 0 0 0 1 
2318808360016;0.335073;0.0165303;0.999345 0.0361584 0.00170201 -0.284756 -0.0361685 0.999326 0.00635477 -0.0381459 -0.00147109 -0.00641217 0.999978 -0.502662 0 0 0 1 
2318808360017;0.483715;0.0162294;0.972093 0.229763 -0.0473745 -2.55179 -0.230147 0.973152 -0.00275935 1.80511 0.0454686 0.0135855 0.998873 0.206975 0 0 0 1 
2318808360018;0.313611;0.297586;0.999188 -0.0358065 -0.0184908 0.283116 0.0356813 0.999338 -0.00705748 -0.244036 0.0187313 0.00639197 0.999804 -0.177609 0 0 0 1 
2318808360019;0.502137;0.440295;0.999627 0.0126011 0.0242329 -0.152202 -0.0121613 0.99976 -0.0182093 -0.0799939 -0.0244565 0.0179078 0.99954 -0.136286 0 0 0 1 
2318808360020;0.421809;0.0193157;0.966022 0.0256475 0.257186 -0.580286 -0.00315922 0.996162 -0.0874746 0.250306 -0.258442 0.0836898 0.962395 0.529734 0 0 0 1 
2318808360021;0.393879;0.0262966;0.912258 -0.284379 -0.294812 4.15127 0.195826 0.934934 -0.295891 -0.88914 0.359775 0.212197 0.908589 -4.87239 0 0 0 1 
2318808360022;0.404256;0.025119;0.994975 0.0398443 -0.0918584 -0.333981 -0.0463373 0.996493 -0.0696709 1.16766 0.0887603 0.0735772 0.993332 -1.78945 0 0 0 1 
2318808360023;0.175152;0.0194559;0.979905 -0.187349 0.0684553 1.94123 0.190677 0.980585 -0.0457789 -1.25343 -0.0585496 0.0579118 0.996603 -0.126684 0 0 0 1 
2318808360024;0.438639;0.0121529;0.993073 0.0119078 -0.116898 -0.798719 -0.0246934 0.993785 -0.108543 0.390081 0.114879 0.110678 0.987195 -2.11534 0 0 0 1 
2318808360025;0.493149;0.0291079;0.985718 -0.168209 -0.0081093 1.69162 0.167901 0.985351 -0.0298704 -0.669214 0.013015 0.0280822 0.999521 0.340222 0 0 0 1 
2318808360026;0.26214;0.0226887;0.98091 0.0189316 -0.193538 -0.183619 -0.00626694 0.99781 0.0658413 -0.0381835 0.194361 -0.0633715 0.978881 -0.539535 0 0 0 1 
2318808360027;0.301824;0.275449;0.999218 0.0374624 0.0126186 -0.446196 -0.0366793 0.997676 -0.0574291 0.310008 -0.0147407 0.0569214 0.99827 -0.402143 0 0 0 1 
2318808360028;0.111442;0.022307;0.999153 -0.0278183 -0.0303341 0.312624 0.0314526 0.991431 0.12679 -0.37256 0.026547 -0.127637 0.991466 1.09026 0 0 0 1 
2318808360029;0.556383;0.022967;0.995048 -0.0564438 -0.0818166 0.0937505 0.0824606 0.928359 0.362422 -0.420084 0.0554987 -0.367374 0.928416 4.15236 0 0 0 1 
2318808360031;0.47988;0.368065;0.999059 0.0349441 -0.0257091 -0.0465026 -0.0347194 0.999355 0.00913637 0.349618 0.0260118 -0.00823517 0.999628 -0.270945 0 0 0 1 
2318808360032;0.536016;0.0171574;0.931812 0.0513908 -0.359285 0.610172 -0.153558 0.95278 -0.261973 2.76863 0.328857 0.299281 0.895703 -5.98342 0 0 0 1 
2318808360033;0.38485;0.00858913;0.988677 0.145279 0.0375765 -1.33671 -0.145039 0.989384 -0.00905914 1.20358 -0.0384937 0.00350652 0.999253 -0.400796 0 0 0 1 
2318808360034;0.495664;0.397718;0.99929 0.0210897 0.031226 -0.228912 -0.0209632 0.999771 -0.00437368 0.272844 -0.0313111 0.00371598 0.999503 -0.131094 0 0 0 1 
2318808360035;0.329409;0.00865375;0.993498 0.104796 -0.0445004 -0.808519 -0.105119 0.994447 -0.0049894 1.1115 0.0437304 0.00963481 0.998997 -1.00953 0 0 0 1 
2318808360036;0.430313;0.210157;0.975927 0.0887016 -0.199244 -0.168708 -0.092214 0.995704 -0.00839965 0.723249 0.197643 0.0265705 0.979914 -1.83828 0 0 0 1 
2318808360037;0.120765;0.0102614;0.994194 0.0130562 -0.106807 0.00920777 -0.0258409 0.992533 -0.119207 0.485156 0.104453 0.121275 0.987108 -2.1241 0 0 0 1 
2318808360038;0.516165;0.00822376;0.976667 -0.18236 0.113428 1.77394 0.180411 0.983212 0.0272984 -1.97946 -0.116502 -0.00619767 0.993171 1.70651 0 0 0 1 
2318808360039;0.413132;0.0154062;0.972628 -0.127428 0.194314 1.08501 0.120891 0.991637 0.0451828 -0.568142 -0.198446 -0.0204552 0.979898 2.31261 0 0 0 1 
2318808360040;0.306491;0.00896568;0.990196 0.11503 -0.0792467 -0.807634 -0.102007 0.983049 0.152347 0.842026 0.0954279 -0.14277 0.985145 0.362117 0 0 0 1 
2318808360041;0.475776;0.365854;0.998025 -0.0526442 -0.0342617 0.547297 0.052667 0.998612 -0.000236599 -0.303798 0.0342266 -0.00156833 0.999413 0.112075 0 0 0 1 
2318808360042;0.392346;0.00616065;0.994197 0.045442 0.0975098 -0.586588 -0.0450873 0.998966 -0.0058396 0.413877 -0.0976744 0.00140926 0.995217 1.55293 0 0 0 1 
2318808360043;0.212163;0.00714584;0.991809 0.0622161 -0.111552 -0.439462 -0.0335313 0.969542 0.242617 0.272596 0.12325 -0.23689 0.963687 1.62956 0 0 0 1 
2318808360044;0.216595;0.00623052;0.988926 0.116707 -0.0916729 -1.34877 -0.110369 0.991321 0.0714177 0.685868 0.0992122 -0.060509 0.993225 -0.0252473 0 0 0 1 
2318808360045;0.469606;0.316016;0.979988 0.0808833 -0.181881 -0.336449 -0.13247 0.94701 -0.292617 2.52541 0.148575 0.310855 0.938773 -4.0218 0 0 0 1 
2318808360046;0.276896;0.00664521;0.999106 0.0203618 0.0370426 -0.0442974 -0.0200828 0.999767 -0.00788797 -0.29311 -0.0371946 0.007137 0.999283 0.0636722 0 0 0 1 
2318808360047;0.219223;0.0110536;0.964662 -0.135662 -0.225881 2.00089 0.130322 0.990725 -0.0384618 -0.78553 0.229004 0.00766543 0.973395 -2.00331 0 0 0 1 
2318808360048;0.2746;0.01051;0.948194 -0.0247888 0.316723 0.191387 0.00362565 0.997731 0.0672344 -0.0135362 -0.317671 -0.062603 0.946132 3.3269 0 0 0 1 
2318808360049;0.475244;0.386012;0.998517 -0.0400145 -0.0369071 0.555527 0.0403061 0.999162 0.00719136 -0.316902 0.0365884 -0.00866828 0.999293 -0.35935 0 0 0 1 
2318808360050;0.266943;0.0119327;0.953689 -0.300762 -0.00452936 3.69108 0.300783 0.953678 0.00525087 -2.06847 0.00274029 -0.00637005 0.999976 -0.137371 0 0 0 1 
2318808360051;0.316495;0.00857027;0.975481 -0.0581062 0.212274 0.609274 0.0281507 0.989537 0.141504 -0.402438 -0.218275 -0.132059 0.966911 3.77518 0 0 0 1 
2318808360052;0.442125;0.387796;0.992422 0.0876549 0.0861157 -0.824278 -0.0831347 0.995033 -0.0547508 0.94809 -0.0904872 0.0471766 0.99478 0.4012 0 0 0 1 
2318808360053;0.502153;0.0123883;0.999268 -0.0350366 0.0153313 1.09129 0.0328098 0.991354 0.127049 -0.4642 -0.0196501 -0.126453 0.991778 2.22308 0 0 0 1 
2318808360054;0.189299;0.0139212;0.967737 -0.251596 -0.0135597 3.03017 0.249561 0.964542 -0.0858978 -1.61167 0.0346904 0.0797426 0.996212 -1.1898 0 0 0 1 
2318808360055;0.56348;0.0132954;0.952232 0.13841 -0.272206 -0.142085 -0.170507 0.980479 -0.0979188 2.37593 0.25334 0.139655 0.957244 -3.57067 0 0 0 1 
2318808360056;0.0419399;0.00722333;0.998707 0.0490382 -0.0134342 -0.497935 -0.0489839 0.99879 0.00434114 0.388551 0.0136308 -0.00367747 0.9999 -0.0580275 0 0 0 1 
2318808360057;0.467263;0.00733868;0.99765 -0.0684778 -0.00237025 0.899963 0.0683793 0.997229 -0.0293039 -1.27109 0.00437035 0.0290729 0.999568 -0.851855 0 0 0 1 
2318808360058;0.291617;0.0173614;0.999928 0.00591178 0.0104271 -0.0335897 -0.00728489 0.990545 0.136997 0.504194 -0.00951862 -0.137063 0.990517 1.80611 0 0 0 1 
2318808360059;0.25976;0.00834367;0.976191 0.0240249 -0.21558 0.38934 -0.0402722 0.996642 -0.0712921 0.469562 0.213143 0.0782766 0.97388 -2.32365 0 0 0 1 
2318808360060;0.11731;0.00756942;0.991555 0.0998828 0.0827139 -1.15496 -0.0955635 0.993923 -0.0546386 0.952124 -0.0876687 0.0462728 0.995074 0.226308 0 0 0 1 
2318808360062;0.468711;0.257453;0.986553 0.116511 -0.114626 -0.477837 -0.1046 0.98896 0.104965 0.47049 0.12559 -0.0915638 0.987848 0.00726806 0 0 0 1 
2318808360063;0.468392;0.0128741;0.992704 -0.119519 0.0159141 -0.423992 0.1171 0.98712 0.109 -1.1449 -0.0287367 -0.106341 0.993914 -0.0466496 0 0 0 1 
2318808360064;0.317402;0.0109791;0.946026 0.323987 0.00815189 -0.544887 -0.32393 0.946051 -0.00758339 1.99234 -0.010169 0.00453344 0.999938 -0.336979 0 0 0 1 
2318808360065;0.263432;0.0105343;0.973263 -0.217017 0.0752535 0.735727 0.208462 0.972121 0.107351 -1.52583 -0.0964526 -0.0887932 0.991369 1.06114 0 0 0 1 
2318808360066;0.238324;0.019154;0.999403 -0.0345612 -0.000167062 -0.34549 0.0345596 0.999281 0.0155631 -0.428155 -0.000370937 -0.0155596 0.999879 0.14496 0 0 0 1 
2318808360067;0.429905;0.00926722;0.993091 0.0974351 -0.0653941 0.743995 -0.0934639 0.993736 0.0612687 0.594689 0.0709542 -0.0547335 0.995977 -0.532371 0 0 0 1 
2318808360068;0.55967;0.429273;0.993832 -0.0443583 -0.101638 0.407158 0.0486643 0.998002 0.0402844 -0.525838 0.0996482 -0.0449821 0.994005 -0.582584 0 0 0 1 
2318808360069;0.324897;0.00745944;0.997512 0.0634763 0.0306726 0.18768 -0.0639207 0.99786 0.0137327 0.105496 -0.0297352 -0.0156591 0.999435 -0.36502 0 0 0 1 
2318808360070;0.327797;0.00959257;0.995864 0.0568971 0.0708378 0.49626 -0.0529411 0.996997 -0.0565237 0.311663 -0.0738411 0.0525396 0.995885 0.0743261 0 0 0 1 
2318808360071;0.127608;0.0105834;0.989256 0.121801 0.0808524 -0.427569 -0.122302 0.992492 0.00125113 0.75697 -0.080093 -0.0111261 0.996725 0.449159 0 0 0 1 
2318808360072;0.27755;0.00725734;0.963229 -0.261799 -0.0604272 0.712094 0.261568 0.965112 -0.0118533 -1.14568 0.0614222 -0.00438836 0.998102 -0.534464 0 0 0 1 
2318808360073;0.377754;0.00844958;0.992256 -0.0639147 0.1065 -0.0062024 0.0810349 0.982942 -0.165099 0.0535392 -0.0941307 0.172451 0.98051 -0.663814 0 0 0 1 
2318808360074;0.367604;0.356258;0.996519 -0.0822045 -0.0138377 0.42821 0.0824704 0.996395 0.0198908 -0.798166 0.0121527 -0.0209627 0.999706 0.0591831 0 0 0 1 
2318808360075;0.223733;0.0133631;0.964287 -0.0153247 0.264416 0.0688247 0.0132239 0.999865 0.00972352 -0.267323 -0.264529 -0.00587966 0.96436 1.61925 0 0 0 1 
2318808360076;0.344651;0.0144539;0.993354 -0.11447 -0.0119822 0.848874 0.114025 0.964603 0.237779 -0.822822 -0.0156605 -0.237566 0.971245 1.24133 0 0 0 1 
2318808360077;0.167206;0.0101049;0.994875 0.0281476 0.0971124 -0.0305392 -0.0306382 0.999236 0.0242507 0.438105 -0.0963557 -0.0271018 0.994978 0.53545 0 0 0 1 
2318808360078;0.455663;0.345971;0.996838 0.0711558 0.0353585 -0.511555 -0.072212 0.996951 0.0295511 0.251491 -0.033148 -0.032011 0.998938 -0.281965 0 0 0 1 
2318808360079;0.349782;0.00976158;0.990553 0.0799426 0.11142 -0.208789 -0.0955338 0.985178 0.142467 0.508359 -0.098379 -0.151765 0.983508 1.73111 0 0 0 1 
2318808360080;0.31557;0.201367;0.996473 0.0297494 -0.0784649 -0.0663917 -0.0188458 0.990501 0.136207 -0.0797225 0.0817716 -0.134248 0.987568 -0.09143 0 0 0 1 
2318808360081;0.265138;0.189987;0.997577 0.0643941 -0.0263444 -0.104329 -0.0662259 0.994916 -0.0758689 0.501043 0.021325 0.0774298 0.99677 -0.228643 0 0 0 1 
2318808360082;0.291619;0.204712;0.990454 0.120178 -0.067511 -0.130539 -0.127521 0.984818 -0.117775 0.811757 0.0523322 0.12526 0.990743 -0.58301 0 0 0 1 
2318808360083;0.406111;0.00942426;0.98931 -0.145057 0.0149484 -0.0136193 0.143557 0.986801 0.0749334 -0.929812 -0.0256207 -0.0719864 0.997076 -0.377106 0 0 0 1 
2318808360084;0.25521;0.173347;0.997923 0.0595156 0.0246501 -0.0154454 -0.0551701 0.987157 -0.149928 0.413936 -0.0332565 0.148256 0.98839 -0.261752 0 0 0 1 
2318808360085;0.097134;0.0147312;0.999269 -0.0145157 0.0353576 -0.0271065 0.0136522 0.999606 0.0245433 -0.0433709 -0.0356999 -0.0240426 0.999073 0.448429 0 0 0 1 
2318808360086;0.630308;0.576895;0.998244 0.0206283 -0.0555322 0.0366579 -0.0183098 0.998952 0.0419387 0.0122941 0.0563392 -0.0408482 0.997576 -0.240554 0 0 0 1 
2318808360087;0.164964;0.0112042;0.988604 0.146225 0.0357864 -0.343823 -0.141811 0.984354 -0.104577 1.09397 -0.0505182 0.0983099 0.993873 0.00215739 0 0 0 1 
2318808360088;0.426784;0.0133032;0.921624 0.208575 0.327269 -0.288575 -0.139154 0.964828 -0.223031 1.09192 -0.362277 0.16001 0.918233 2.22138 0 0 0 1 
2318808360089;0.0156956;0.013435;0.999819 -0.016402 -0.00962434 0.0754827 0.016578 0.999691 0.0185004 -0.130995 0.00931792 -0.0186566 0.999783 -0.0111317 0 0 0 1 
2318808360090;0.105965;0.0107644;0.999863 0.00769399 -0.0146839 -0.158482 -0.00786576 0.999901 -0.0116765 0.192655 0.0145926 0.0117904 0.999824 -0.0367563 0 0 0 1 
2318808360091;0.471367;0.353029;0.996841 -0.0304938 -0.0733295 -0.0683475 0.0247661 0.996662 -0.0777882 0.288458 0.0754568 0.0757264 0.994269 -0.603952 0 0 0 1 
2318808360093;0.358587;0.00833216;0.994867 0.0893086 0.0475736 -0.132422 -0.0901142 0.995818 0.0150619 0.921847 -0.0460294 -0.0192716 0.998754 -0.499767 0 0 0 1 
2318808360094;0.104341;0.012058;0.997018 0.0770368 0.00457973 0.118494 -0.0768698 0.996606 -0.0294384 0.315524 -0.00683203 0.0289985 0.999556 0.132477 0 0 0 1 
2318808360095;0.369651;0.0128872;0.954559 -0.297864 -0.00969996 0.492941 0.297499 0.954306 -0.0281671 -1.27117 0.0176467 0.0240015 0.999556 -0.746694 0 0 0 1 
2318808360096;0.316121;0.00604888;0.999563 0.0292948 -0.00386124 0.698847 -0.0292419 0.999486 0.0131097 0.291943 0.00424331 -0.012991 0.999907 0.358815 0 0 0 1 
2318808360097;0.369151;0.0339841;0.925257 0.254749 0.281074 0.119217 -0.245759 0.966984 -0.067413 0.916193 -0.288967 -0.00670202 0.957316 1.00804 0 0 0 1 
2318808360098;0.287285;0.00892813;0.953114 -0.302341 0.012795 0.139628 0.301441 0.952295 0.0476233 -1.5758 -0.026583 -0.0415335 0.998783 -0.141073 0 0 0 1 
2318808360099;0.367143;0.0220198;0.934912 -0.354448 0.0175074 0.509253 0.354599 0.934997 -0.006338 -2.24735 -0.0141229 0.0121336 0.999827 -0.187873 0 0 0 1 
2318808360100;0.403666;0.00911541;0.989307 -0.138465 -0.0458084 0.995773 0.142109 0.985821 0.0892332 -0.678492 0.0328032 -0.0947888 0.994957 -0.559627 0 0 0 1 
2318808360101;0.302239;0.0069358;0.944529 -0.163564 0.284801 -0.196601 0.175171 0.984415 -0.0155868 -0.907832 -0.277813 0.064611 0.95846 1.43327 0 0 0 1 
2318808360102;0.281834;0.00773901;0.988022 0.152936 -0.0205673 0.173136 -0.141846 0.95258 0.269206 0.135664 0.0607633 -0.263064 0.962863 -0.356727 0 0 0 1 
2318808360103;0.378578;0.0134989;0.935472 0.186396 -0.300248 0.760345 -0.105116 0.957901 0.267164 0.11267 0.337406 -0.218363 0.915683 -1.48689 0 0 0 1 
2318808360104;0.557659;0.358682;0.997189 -0.0573181 0.0482568 -0.446093 0.0590929 0.997596 -0.0361912 -0.104069 -0.0460664 0.0389411 0.998179 -0.277396 0 0 0 1 
2318808360105;0.460355;0.31169;0.995083 -0.0908929 0.0393463 -0.105478 0.0907685 0.99586 0.00493899 -0.440278 -0.0396323 -0.0013433 0.999213 -0.282584 0 0 0 1 
2318808360106;0.53681;0.00815832;0.92072 -0.0790247 -0.382139 1.47023 0.0731818 0.996873 -0.029826 0.400853 0.383301 -0.000504228 0.923623 -1.56458 0 0 0 1 
2318808360107;0.116161;0.00960475;0.993713 -0.0157746 0.110844 -0.0484399 0.0261074 0.99538 -0.0923952 -0.0422239 -0.108875 0.0947082 0.989534 0.660369 0 0 0 1 
2318808360108;0.426496;0.00885783;0.972591 0.232518 0.00150453 0.765231 -0.232351 0.972102 -0.0320928 1.1846 -0.00892468 0.0308636 0.999484 -0.613791 0 0 0 1 
2318808360109;0.361092;0.0104635;0.990412 0.136894 0.0185245 -0.816311 -0.136038 0.989833 -0.0415203 1.06091 -0.0240201 0.0386022 0.998966 -0.0767516 0 0 0 1 
2318808360110;0.188673;0.00738406;0.989809 -0.0339968 -0.138282 0.462134 0.022736 0.996355 -0.0822134 0.153222 0.140573 0.0782316 0.986975 -0.81544 0 0 0 1 
2318808360111;0.302097;0.0116366;0.977758 0.176697 -0.112993 -0.360997 -0.143928 0.957142 0.251325 0.592447 0.152559 -0.229473 0.961285 -0.58554 0 0 0 1 
2318808360112;0.226828;0.0110834;0.95999 -0.260857 -0.101844 0.551368 0.264477 0.964103 0.023591 -1.30051 0.0920347 -0.0495827 0.994521 -0.397131 0 0 0 1 
2318808360113;0.311079;0.28566;0.998884 -0.019578 -0.0429884 0.0234755 0.0193353 0.999795 -0.00605369 -0.09335 0.0430981 0.00521574 0.999057 -0.139953 0 0 0 1 
2318808360114;0.267587;0.00732275;0.990754 -0.0491017 0.126477 -0.0285206 0.0482607 0.998788 0.00970671 0.0763615 -0.126801 -0.00351307 0.991922 1.19165 0 0 0 1 
2318808360115;0.283003;0.0056386;0.994927 -0.100579 -0.00226926 -0.0481317 0.0969336 0.952345 0.28921 -0.902538 -0.0269272 -0.287963 0.957263 0.708327 0 0 0 1 
2318808360116;0.15967;0.00939659;0.999983 0.00373708 0.00441662 0.221 -0.00373771 0.999993 0.000136077 0.0356633 -0.00441608 -0.000152583 0.99999 -0.305793 0 0 0 1 
2318808360117;0.274094;0.0117978;0.966112 0.166152 -0.197538 0.57702 -0.199623 0.966101 -0.163708 1.25653 0.163641 0.197593 0.966529 -0.971071 0 0 0 1 
2318808360118;0.309171;0.0102168;0.995969 -0.0589187 0.0676273 0.211686 0.065964 0.99205 -0.107173 -0.0284284 -0.0607752 0.111202 0.991938 0.965778 0 0 0 1 
2318808360119;0.136528;0.0059507;0.999571 0.00685123 -0.0284932 0.0199002 -0.0015813 0.983481 0.181006 -0.203254 0.0292626 -0.180883 0.983069 0.107885 0 0 0 1 
2318808360120;0.394337;0.0132303;0.964639 -0.263571 0.00133181 0.401107 0.263564 0.964541 -0.0139345 -1.26065 0.00238815 0.0137928 0.999902 -0.814486 0 0 0 1 
2318808360121;0.407083;0.323113;0.995701 -0.0708836 0.0596272 -0.221803 0.0703874 0.997466 0.0103849 -0.40206 -0.0602122 -0.00614322 0.998167 0.01859 0 0 0 1 
2318808360122;0.325576;0.0128733;0.961856 0.0216896 -0.272696 0.874337 -0.00699444 0.998476 0.0547455 -0.059353 0.273467 -0.0507499 0.960542 -0.995285 0 0 0 1 
2318808360124;0.330187;0.0242372;0.952661 -0.161002 0.257905 1.6124 0.113318 0.975184 0.190199 -1.09249 -0.282127 -0.15197 0.947264 3.40347 0 0 0 1 
2318808360125;0.152771;0.0231565;0.988867 -0.14879 0.00158787 1.50946 0.14875 0.988759 0.0151625 -1.217 -0.00382605 -0.0147575 0.999884 0.262866 0 0 0 1 
2318808360126;0.0910746;0.0281177;0.998378 0.00902964 -0.0562111 -0.168332 -0.0106918 0.999512 -0.0293405 0.187191 0.0559187 0.0298939 0.997988 -0.76763 0 0 0 1 
2318808360127;0.146509;0.0283765;0.992926 -0.107153 0.0511539 1.00584 0.105032 0.993561 0.0424917 -0.824955 -0.0553776 -0.0368182 0.997786 0.972561 0 0 0 1 
2318808360128;0.288596;0.0309515;0.940818 0.132422 -0.311972 -0.474839 -0.15874 0.98547 -0.0604128 1.4191 0.299439 0.10636 0.948169 -3.29914 0 0 0 1 
2318808360129;0.489639;0.0333489;0.980515 -0.129446 -0.147766 2.0384 0.0611521 0.915948 -0.39661 1.19999 0.186686 0.379846 0.906016 -5.25156 0 0 0 1 
2318808360130;0.532869;0.341203;0.998355 -0.0288137 0.0495618 -0.141153 0.0251384 0.996997 0.0732439 -0.272343 -0.0515234 -0.0718776 0.996082 1.24626 0 0 0 1 
2318808360131;0.255773;0.0144562;0.998375 -0.0100579 0.056092 -0.0870586 0.00483473 0.995702 0.0924865 -0.160713 -0.0567811 -0.092065 0.994133 0.85816 0 0 0 1 
2318808360132;0.368015;0.338459;0.994913 0.0739981 0.0683539 -1.09209 -0.0671342 0.992942 -0.097773 0.602153 -0.0751065 0.0926867 0.992859 -0.407352 0 0 0 1 
2318808360133;0.203483;0.0221573;0.987215 0.132848 -0.0880834 -1.09813 -0.117366 0.979744 0.162257 0.820012 0.107855 -0.149844 0.982809 0.521798 0 0 0 1 
2318808360134;0.215895;0.0254336;0.99783 -0.0161877 -0.0638255 0.532725 0.0137264 0.999152 -0.0388155 -0.199618 0.0643997 0.0378552 0.997206 -0.69561 0 0 0 1 
2318808360135;0.357096;0.0232724;0.955782 0.0949326 -0.278331 -0.113471 -0.100917 0.994869 -0.00722011 1.10833 0.276217 0.0349893 0.960458 -2.15699 0 0 0 1 
2318808360136;0.39267;0.0236442;0.990181 -0.0872861 0.10919 0.851767 0.102105 0.985091 -0.138457 -0.0546517 -0.0954763 0.148247 0.984331 -0.220085 0 0 0 1 
2318808360137;0.205186;0.0153539;0.981653 -0.0124429 -0.190272 0.647695 0.0180743 0.999448 0.0278897 -0.200796 0.18982 -0.030817 0.981335 -1.16235 0 0 0 1 
2318808360138;0.524941;0.0265365;0.985096 -0.164065 0.0516568 1.35265 0.163769 0.986449 0.00992868 -1.37757 -0.0525858 -0.00132089 0.998616 -0.531774 0 0 0 1 
2318808360139;0.224459;0.0219705;0.991638 0.123016 -0.0390073 -1.17134 -0.128722 0.96444 -0.230839 1.74622 0.00922339 0.23393 0.97221 -2.34327 0 0 0 1 
2318808360140;0.242736;0.0149895;0.992048 0.0655782 0.107425 -0.783018 -0.0557276 0.994174 -0.0922651 0.724077 -0.11285 0.0855449 0.989923 -0.353876 0 0 0 1 
2318808360141;0.27546;0.0191951;0.967323 0.241883 0.076016 -2.0354 -0.237942 0.969585 -0.0573384 2.25794 -0.0875732 0.0373773 0.995457 0.0423148 0 0 0 1 
2318808360142;0.19755;0.0260273;0.993656 -0.10109 0.0492824 0.896615 0.100692 0.994862 0.0105006 -0.592744 -0.0500907 -0.00547162 0.99873 0.120624 0 0 0 1 
2318808360143;0.359468;0.0246992;0.971788 -0.0738358 -0.224002 1.07427 0.0789472 0.996781 0.0139367 -0.691958 0.222252 -0.0312278 0.974489 -0.769928 0 0 0 1 
2318808360144;0.260225;0.0182189;0.982917 -0.17765 0.0481156 1.60949 0.18224 0.975978 -0.119397 -0.941325 -0.025749 0.126126 0.99168 -1.33241 0 0 0 1 
2318808360145;0.465801;0.0221112;0.908428 -0.229863 0.349172 2.60879 0.247862 0.968769 -0.00710254 -1.57624 -0.336635 0.0929985 0.937032 2.34914 0 0 0 1 
2318808360146;0.208847;0.0151197;0.984168 -0.177214 -0.00282254 1.85066 0.171459 0.955999 -0.23805 -0.546015 0.0448843 0.233798 0.971249 -2.74221 0 0 0 1 
2318808360147;0.522631;0.0184154;0.949059 0.255592 0.184281 -2.72664 -0.225729 0.959537 -0.168328 2.4608 -0.219848 0.118156 0.968352 -0.19956 0 0 0 1 
2318808360148;0.348601;0.214888;0.995873 0.0639571 0.0643952 -0.754153 -0.0673245 0.996398 0.0515543 0.246005 -0.060866 -0.0556769 0.996592 1.31616 0 0 0 1 
2318808360149;0.220362;0.0251041;0.984858 0.1715 -0.0253319 -1.64702 -0.172267 0.984527 -0.0320993 1.55482 0.0194349 0.0359771 0.999164 -0.843723 0 0 0 1 
2318808360150;0.310305;0.0241041;0.997204 0.0661723 0.0347263 -0.996513 -0.0679685 0.996258 0.0533819 0.515259 -0.0310639 -0.055593 0.99797 0.255273 0 0 0 1 
2318808360151;0.0639999;0.012776;0.998974 0.0271818 -0.036234 -0.200877 -0.0258899 0.999029 0.0356575 0.156902 0.0371681 -0.0346828 0.998707 0.112596 0 0 0 1 
2318808360152;0.508923;0.300918;0.999532 0.0304658 -0.00258168 0.0120658 -0.03051 0.999349 -0.0192671 0.12373 0.00199301 0.0193369 0.999811 0.349123 0 0 0 1 
2318808360153;0.520442;0.273228;0.998326 0.0578083 -0.00186951 -0.765127 -0.0578374 0.997991 -0.0258606 0.28665 0.000370802 0.0259254 0.999664 0.366879 0 0 0 1 
2318808360155;0.242296;0.0260505;0.969099 0.00122495 0.246669 0.183075 0.0447668 0.982509 -0.180756 -0.0388061 -0.242576 0.186213 0.952093 -0.00506365 0 0 0 1 
2318808360156;0.545461;0.0344524;0.961205 -0.237576 0.140154 2.43175 0.222403 0.968066 0.115691 -1.95801 -0.163164 -0.0800323 0.983347 1.10522 0 0 0 1 
2318808360157;0.417219;0.324768;0.988839 -0.123049 -0.0840012 1.09391 0.111373 0.984997 -0.131822 -0.406254 0.0989615 0.120995 0.987708 -1.49209 0 0 0 1 
2318808360158;0.428586;0.276639;0.967317 0.126626 -0.219689 -0.585729 -0.149742 0.984444 -0.0919094 1.16106 0.204633 0.121802 0.971231 -2.31344 0 0 0 1 
2318808360159;0.360686;0.0315795;0.950258 -0.166585 0.263171 1.79655 0.252102 0.907567 -0.335809 -0.573606 -0.182905 0.385451 0.904419 -2.23002 0 0 0 1 
2318808360160;0.334724;0.0410497;0.927081 0.0549642 0.370809 -0.543243 -0.031759 0.997152 -0.068403 0.290334 -0.373513 0.0516385 0.926187 2.3823 0 0 0 1 
2318808360161;0.319806;0.282262;0.998169 0.0488403 0.0356791 -0.571658 -0.0494083 0.998663 0.0152136 0.0824674 -0.0348883 -0.0169485 0.999247 0.297873 0 0 0 1 
2318808360162;0.00881013;0.0207753;0.999997 0.000131952 0.00224123 0.00415873 -0.000132269 1 0.000141178 -0.0414136 -0.00224121 -0.000141474 0.999997 0.0307556 0 0 0 1 
2318808360163;0.15049;0.0182007;0.995835 0.0911709 -0.00108011 -0.918165 -0.0911765 0.995806 -0.00757638 0.504366 0.000384834 0.00764331 0.999971 0.0697595 0 0 0 1 
2318808360164;0.34564;0.331535;0.999025 0.0279762 0.0341392 -0.368416 -0.0271143 0.999308 -0.0254531 0.173203 -0.0348277 0.0245026 0.999093 0.0418397 0 0 0 1 
2318808360165;0.629483;0.0274253;0.932964 -0.153153 0.325763 0.861124 0.192861 0.976798 -0.0931116 -1.80109 -0.303944 0.149697 0.940855 0.502428 0 0 0 1 
2318808360166;0.356263;0.0139476;0.997319 0.0620042 -0.0388715 -0.110499 -0.0644178 0.995851 -0.0642672 0.271388 0.0347254 0.0665989 0.997175 -0.39698 0 0 0 1 
2318808360167;0.348773;0.0301425;0.97811 -0.0410039 0.204008 0.217498 0.116319 0.920655 -0.372645 0.380924 -0.172541 0.388218 0.905271 -2.19708 0 0 0 1 
2318808360168;0.491205;0.0420101;0.967912 -0.114718 -0.223575 1.1022 0.144009 0.982346 0.119403 -0.74867 0.205931 -0.147769 0.967345 0.61564 0 0 0 1 
2318808360169;0.364685;0.0496483;0.999807 -0.0131932 -0.014545 0.266719 0.0129701 0.999798 -0.0153293 0.262731 0.0147443 0.0151377 0.999777 -0.834118 0 0 0 1 
2318808360170;0.293853;0.0251041;0.999107 0.0241729 0.0346457 -0.472341 -0.0240255 0.9997 -0.00466533 0.0648639 -0.0347481 0.00382879 0.999389 -0.340375 0 0 0 1 
2318808360171;0.404455;0.0358531;0.994964 0.05637 0.0828821 -1.00649 -0.0750764 0.966964 0.243606 0.0418486 -0.0664119 -0.248602 0.966326 2.59392 0 0 0 1 
2318808360172;0.214721;0.0363636;0.98986 -0.0299751 0.138849 0.240294 0.0161295 0.994878 0.0997884 -0.203902 -0.141129 -0.0965369 0.985273 2.30102 0 0 0 1 
2318808360173;0.439959;0.305737;0.999765 -0.0190977 -0.0102914 0.304335 0.0175389 0.990735 -0.134672 0.271058 0.012768 0.13446 0.990837 -1.38389 0 0 0 1 
2318808360174;0.284722;0.0237891;0.98309 -0.126612 0.132299 1.29721 0.154487 0.961339 -0.227951 -0.931252 -0.0983232 0.244535 0.964643 -1.78774 0 0 0 1 
2318808360175;0.207536;0.0202501;0.997554 -0.0476678 -0.0511278 0.474896 0.0461732 0.998482 -0.0300266 -0.719392 0.0524815 0.0275924 0.998241 -0.780973 0 0 0 1 
2318808360176;0.417626;0.0380213;0.969633 -0.167716 -0.178 1.65126 0.210843 0.942056 0.260914 -1.30778 0.123926 -0.290521 0.94881 1.20614 0 0 0 1 
2318808360177;0.414555;0.0238142;0.955926 -0.0585528 -0.287711 1.49169 0.0249373 0.992564 -0.119144 0.174742 0.292548 0.106718 0.950277 -2.65851 0 0 0 1 
2318808360178;0.192544;0.0316016;0.995004 -0.0986105 0.0155815 0.851181 0.0985684 0.995124 0.00344856 -0.669419 -0.0158456 -0.00189549 0.999873 -0.19366 0 0 0 1 
2318808360179;0.369856;0.215139;0.995405 0.0855899 0.0429425 -0.877481 -0.0824986 0.994184 -0.0692229 0.599077 -0.0486175 0.0653621 0.996677 0.16349 0 0 0 1 
2318808360180;0.269585;0.0322841;0.999881 0.00420503 0.014851 -0.0667721 -0.00436405 0.999933 0.0106921 0.0377085 -0.0148051 -0.0107556 0.999833 0.73027 0 0 0 1 
2318808360181;0.159003;0.0247477;0.999109 -0.0420679 -0.00330704 0.251414 0.0420969 0.999071 0.00922685 -0.349399 0.00291581 -0.00935785 0.999952 0.324417 0 0 0 1 
2318808360182;0.250033;0.0204441;0.98898 0.145229 -0.0287744 -1.61424 -0.138724 0.976896 0.162571 0.942902 0.0517196 -0.156788 0.986277 1.13487 0 0 0 1 
2318808360183;0.583654;0.0482159;0.943316 -0.318052 -0.0948558 3.70039 0.322136 0.946186 0.0309901 -1.85836 0.0798948 -0.05979 0.995009 -0.975812 0 0 0 1 
2318808360184;0.254669;0.0309021;0.988795 0.14772 -0.0215231 -1.12933 -0.147209 0.988823 0.0236528 1.2138 0.0247765 -0.0202193 0.999489 0.380565 0 0 0 1 
2318808360186;0.32371;0.033436;0.934748 -0.00667554 -0.355248 0.322677 -0.0213485 0.996962 -0.0749075 0.123901 0.354669 0.0776037 0.931766 -2.42315 0 0 0 1 
2318808360187;0.391738;0.256857;0.986557 -0.134694 -0.0925406 0.590582 0.14349 0.984977 0.0960801 -0.717498 0.078209 -0.108067 0.991062 -0.19423 0 0 0 1 
2318808360188;0.250929;0.0128157;0.964749 -0.262988 0.00979979 0.959949 0.254913 0.943087 0.213556 -1.50782 -0.0654045 -0.203529 0.976882 0.859528 0 0 0 1 
2318808360189;0.35413;0.0144785;0.945831 0.243889 -0.214295 0.0355386 -0.194315 0.954039 0.228146 1.18269 0.260088 -0.174147 0.949751 -0.665867 0 0 0 1 
2318808360190;0.38404;0.0130029;0.971184 0.0918832 0.219908 -0.600842 -0.0820063 0.995187 -0.0536485 0.594063 -0.223779 0.0340687 0.974044 0.496464 0 0 0 1 
2318808360191;0.142007;0.013721;0.993729 -0.062819 0.0924981 0.301715 0.0599888 0.997651 0.033069 -0.375901 -0.0943582 -0.0273128 0.995164 0.423319 0 0 0 1 
2318808360192;0.308225;0.0130131;0.997813 -0.0463854 0.047086 -0.585333 0.0479364 0.998326 -0.0323629 -0.199644 -0.045506 0.0345493 0.998366 0.172696 0 0 0 1 
2318808360193;0.19468;0.0199306;0.987566 0.0860936 -0.131532 -0.130141 -0.0763813 0.994086 0.0771894 0.64419 0.137399 -0.0661831 0.988302 -0.680487 0 0 0 1 
2318808360194;0.35362;0.0061688;0.994709 -0.0334064 0.0971498 -0.184243 0.0315151 0.999284 0.0209376 -0.828013 -0.0977797 -0.0177652 0.99505 0.205526 0 0 0 1 
2318808360195;0.220312;0.0200879;0.994445 -0.104521 0.012414 0.321213 0.102097 0.98655 0.127649 -0.623743 -0.025589 -0.125672 0.991742 0.115764 0 0 0 1 
2318808360196;0.321597;0.0153823;0.99518 0.0484391 0.0852674 -0.475663 -0.0434524 0.997288 -0.059398 0.642385 -0.0879134 0.0554067 0.994586 0.912349 0 0 0 1 
2318808360197;0.117422;0.0164343;0.999756 -0.0074693 0.0207915 0.155193 0.00690285 0.999607 0.027184 -0.0716851 -0.0209864 -0.0270338 0.999414 0.411 0 0 0 1 
2318808360198;0.145591;0.010562;0.996161 -0.0710866 -0.0510946 0.123878 0.0706603 0.997449 -0.010104 -0.442227 0.0516825 0.00645487 0.998643 -0.558467 0 0 0 1 
2318808360199;0.334769;0.00768415;0.999998 -2.51815e-06 -0.00173416 -0.236681 -3.57626e-06 0.999994 -0.00351432 0.00309472 0.00173416 0.00351432 0.999992 0.706207 0 0 0 1 
2318808360200;0.307694;0.0160336;0.968395 0.247974 -0.0268439 -0.321567 -0.245919 0.967222 0.0632937 1.89736 0.0416592 -0.0546918 0.997634 0.0664188 0 0 0 1 
2318808360201;0.28708;0.0186825;0.994656 -0.103099 0.00555693 0.85492 0.103135 0.994645 -0.006608 -0.514027 -0.0048459 0.0071458 0.999963 0.33215 0 0 0 1 
2318808360202;0.140274;0.0121524;0.990565 0.137015 -0.00287864 -0.289105 -0.137046 0.990369 -0.0196816 0.909465 0.000154231 0.0198904 0.999802 0.101381 0 0 0 1 
2318808360203;0.354364;0.0113631;0.994147 0.0927781 -0.0553617 -0.231822 -0.0820711 0.981758 0.171507 -0.20913 0.0702639 -0.16596 0.983626 0.587992 0 0 0 1 
2318808360204;0.41534;0.0203417;0.905515 -0.0701031 0.418484 -0.0398198 0.0140814 0.990679 0.135486 -0.363707 -0.424081 -0.116792 0.898062 2.6587 0 0 0 1 
2318808360205;0.260883;0.00881683;0.989473 -0.129723 -0.0641446 0.300182 0.126483 0.990593 -0.0522344 -1.06912 0.0703171 0.0435714 0.996573 -0.217583 0 0 0 1 
2318808360206;0.381649;0.251437;0.984811 -0.118835 0.126591 0.295351 0.127153 0.990081 -0.0597661 -0.545448 -0.118234 0.0749548 0.990153 0.377193 0 0 0 1 
2318808360207;0.376035;0.0148315;0.90506 0.300136 0.301307 -0.792606 -0.282995 0.953882 -0.100119 1.95734 -0.31746 0.00534515 0.948257 1.9408 0 0 0 1 
2318808360208;0.370049;0.0110222;0.993885 0.0122677 0.109738 -0.388753 -0.0226483 0.995328 0.0938552 -0.0072185 -0.108074 -0.0957666 0.98952 1.67392 0 0 0 1 
2318808360209;0.193142;0.0103066;0.973383 0.200695 -0.110669 -0.204882 -0.200051 0.979638 0.0170076 1.17848 0.111829 0.0055845 0.993712 -0.61116 0 0 0 1 
2318808360210;0.416709;0.265785;0.970917 -0.234446 0.0485235 0.945696 0.21989 0.953395 0.206606 -1.27683 -0.0947002 -0.189928 0.97722 1.08863 0 0 0 1 
2318808360211;0.229662;0.0150733;0.980424 -0.189563 -0.0532415 0.73829 0.196521 0.958811 0.205086 -1.35965 0.012172 -0.211534 0.977295 0.506943 0 0 0 1 
2318808360212;0.235303;0.00825908;0.95856 0.284467 0.0155184 -0.704459 -0.283828 0.958269 -0.0340946 1.50867 -0.0245695 0.0282772 0.999298 0.0431428 0 0 0 1 
2318808360213;0.418371;0.00796651;0.970552 0.240636 0.0110774 -0.833337 -0.240811 0.970387 0.0189588 1.34642 -0.00618714 -0.0210681 0.999759 0.862363 0 0 0 1 
2318808360214;0.104638;0.0156942;0.993432 0.114424 -0.000288427 -0.262799 -0.114323 0.992659 0.0394736 0.563633 0.00480303 -0.0391814 0.999221 0.000413663 0 0 0 1 
2318808360215;0.379457;0.343643;0.999364 0.000327354 -0.0356608 0.0451854 -0.00125566 0.999661 -0.0260124 0.131046 0.0356401 0.0260407 0.999025 -0.15881 0 0 0 1 
2318808360217;0.475077;0.264399;0.974291 0.128715 -0.184906 -0.333845 -0.144375 0.986765 -0.0738309 0.935591 0.172956 0.0986286 0.979979 -1.15239 0 0 0 1 
2318808360218;0.538469;0.0053949;0.944659 -0.326649 -0.0303386 2.55391 0.327381 0.93275 0.150998 -1.73061 -0.021025 -0.152574 0.988068 1.83068 0 0 0 1 
2318808360219;0.26223;0.00777567;0.979626 -0.0589939 -0.191971 0.442447 0.0687469 0.996639 0.0445412 -0.200334 0.188698 -0.0568311 0.980389 -1.10138 0 0 0 1 
2318808360220;0.178884;0.0116994;0.993698 0.076518 0.0819153 -0.591981 -0.0670484 0.991365 -0.112695 0.683157 -0.0898312 0.106492 0.990247 0.122295 0 0 0 1 
2318808360221;0.32248;0.00863249;0.924617 -0.301656 0.232565 1.87964 0.295152 0.953362 0.0631436 -1.66642 -0.240766 0.0102582 0.970529 1.41517 0 0 0 1 
2318808360222;0.547442;0.354289;0.998517 0.0544227 -0.0013713 -0.485568 -0.0543477 0.995043 -0.0832822 0.190068 -0.00316794 0.0832332 0.996525 -0.0419557 0 0 0 1 
2318808360223;0.279763;0.218499;0.997968 0.0588393 0.024456 -0.411633 -0.0591353 0.998183 0.0115616 0.233614 -0.0237313 -0.0129844 0.999634 0.0172502 0 0 0 1 
2318808360224;0.19078;0.00863569;0.987403 -0.154657 0.0334087 0.885399 0.15684 0.984567 -0.0776409 -0.638164 -0.0208854 0.0819027 0.996421 -0.479535 0 0 0 1 
2318808360225;0.382191;0.00678994;0.940727 0.339058 0.00852403 -1.6655 -0.330742 0.922641 -0.198351 2.76294 -0.0751171 0.183775 0.980094 -0.980025 0 0 0 1 
2318808360226;0.232462;0.0126437;0.980506 -0.19593 -0.01479 1.18779 0.19576 0.967639 0.159223 -1.0494 -0.0168852 -0.159015 0.987132 1.27916 0 0 0 1 
2318808360227;0.121258;0.0129812;0.999985 0.00162851 0.00521805 -0.0235754 -0.00166883 0.999969 0.00773124 -0.0054365 -0.0052053 -0.00773983 0.999956 -0.150499 0 0 0 1 
2318808360228;0.342472;0.328235;0.999541 0.0259971 0.0155787 -0.235712 -0.0254716 0.99913 -0.0330302 0.177788 -0.0164238 0.0326182 0.999333 -0.0586514 0 0 0 1 
2318808360229;0.411101;0.00881192;0.983663 7.76431e-05 0.180021 -0.471265 0.0210793 0.993071 -0.115609 -0.0271344 -0.178783 0.117515 0.976845 1.04561 0 0 0 1 
2318808360230;0.270984;0.269005;0.987788 -0.149187 -0.0449334 1.2725 0.150103 0.988511 0.0177377 -1.14321 0.0417709 -0.0242658 0.998833 -0.285753 0 0 0 1 
2318808360231;0.448163;0.276635;0.999187 0.0238461 0.0325057 -0.791459 -0.0194638 0.99145 -0.129031 0.0222532 -0.0353046 0.128294 0.991108 -0.64623 0 0 0 1 
2318808360232;0.480703;0.00618909;0.993535 -0.104581 -0.0441777 0.902769 0.102256 0.9934 -0.0519711 -0.389222 0.0493213 0.0471177 0.997671 -1.43869 0 0 0 1 
2318808360233;0.538633;0.0142986;0.978693 0.177626 0.102997 -1.29106 -0.125143 0.913705 -0.38663 2.31302 -0.162784 0.365503 0.916465 -1.12068 0 0 0 1 
2318808360234;0.46577;0.0182622;0.998306 -0.0549846 0.0190053 0.330645 0.055041 0.998481 -0.00245378 0.520198 -0.0188415 0.0034957 0.999816 0.230191 0 0 0 1 
2318808360235;0.501727;0.00999289;0.998647 0.0365516 -0.037 -0.177518 -0.0358995 0.999191 0.018138 0.17734 0.0376331 -0.0167852 0.999151 -1.10015 0 0 0 1 
2318808360236;0.219286;0.00890289;0.975186 0.189745 -0.114061 -0.80503 -0.19074 0.981638 0.00222278 1.38035 0.112389 0.0195885 0.993471 -1.04694 0 0 0 1 
2318808360237;0.1427;0.00496074;0.998015 -0.0624481 -0.00813767 0.243681 0.0619175 0.996605 -0.0542574 -0.277735 0.0114983 0.0536459 0.998494 -0.577857 0 0 0 1 
2318808360238;0.478527;0.273189;0.972371 -0.0760674 -0.220702 0.869814 0.0526906 0.99254 -0.109945 -0.1425 0.227418 0.0952787 0.969125 -2.13379 0 0 0 1 
2318808360239;0.07712;0.00517731;0.998935 0.0217478 -0.0406882 -0.126868 -0.0230415 0.999235 -0.0316018 0.168721 0.0399698 0.0325057 0.998672 -0.554968 0 0 0 1 
2318808360240;0.277432;0.0133092;0.965045 0.0370796 0.259447 -0.401984 -0.0671539 0.991877 0.108031 0.212197 -0.253334 -0.121677 0.959696 2.53101 0 0 0 1 
2318808360241;0.414755;0.00504327;0.90483 0.19719 -0.377358 0.0400932 -0.156387 0.978259 0.136207 0.90148 0.396012 -0.0642304 0.915996 -1.9363 0 0 0 1 
2318808360242;0.207147;0.00851539;0.987775 -0.154511 -0.0206759 1.08621 0.154918 0.987729 0.0197994 -1.21503 0.017363 -0.0227604 0.99959 0.0920684 0 0 0 1 
2318808360243;0.526989;0.539565;0.999541 -0.00482652 -0.0299095 0.126971 0.00630635 0.99875 0.0495817 -0.202721 0.0296328 -0.0497476 0.998322 0.054939 0 0 0 1 
2318808360244;0.293823;0.00812878;0.99643 0.0697736 0.0475214 -0.397968 -0.0741759 0.992395 0.0982325 0.388726 -0.040306 -0.101407 0.994028 1.37733 0 0 0 1 
2318808360245;0.161157;0.00540945;0.999086 -0.0416483 0.00957226 0.233316 0.0419011 0.998731 -0.0279291 -0.345938 -0.00839692 0.0283046 0.999564 -0.383537 0 0 0 1 
2318808360246;0.48133;0.00839088;0.945708 -0.00889593 0.324896 0.0549238 -0.05312 0.981954 0.181509 -0.26279 -0.320647 -0.188913 0.928169 2.66634 0 0 0 1 
2318808360248;0.277285;0.0121389;0.999891 -0.0137482 -0.0053724 0.0434397 0.013922 0.999332 0.0337755 0.259987 0.00490446 -0.0338466 0.999415 0.575638 0 0 0 1 
2318808360249;0.346523;0.105589;0.960752 0.250436 0.119318 -0.0483021 -0.263456 0.958407 0.10976 1.08655 -0.0868671 -0.136887 0.986771 0.736001 0 0 0 1 
2318808360250;0.347649;0.0119671;0.962821 -0.191365 0.19067 0.0617628 0.199286 0.979669 -0.0230873 -1.63796 -0.182376 0.0602268 0.981383 1.22655 0 0 0 1 
2318808360251;0.136295;0.0117332;0.997073 0.0333004 -0.0688287 0.0350774 -0.0232979 0.989689 0.141326 -0.0397275 0.0728253 -0.139309 0.987567 -0.518514 0 0 0 1 
2318808360252;0.263745;0.223726;0.998736 -0.0446083 -0.0231729 0.0250459 0.0447241 0.998989 0.00450227 -0.318239 0.0229486 -0.00553296 0.999721 -0.110187 0 0 0 1 
2318808360253;0.38952;0.0116135;0.943385 -0.326322 0.0594923 -0.306309 0.326073 0.945239 0.0141232 -1.83691 -0.0608432 0.00607519 0.998129 0.344856 0 0 0 1 
2318808360254;0.304973;0.011653;0.994242 -0.106934 0.00694121 0.654912 0.106724 0.993958 0.0256322 -0.442364 -0.00964022 -0.0247438 0.999647 -0.40834 0 0 0 1 
2318808360255;0.467336;0.212939;0.986895 -0.155805 -0.04199 0.00450773 0.152878 0.986059 -0.0656894 -0.709043 0.0516394 0.0584092 0.996956 0.373845 0 0 0 1 
2318808360256;0.501332;0.347709;0.998771 0.0495484 -0.00103717 -0.215436 -0.048877 0.988267 0.144708 -0.168075 0.00819503 -0.144479 0.989474 0.0279698 0 0 0 1 
2318808360257;0.448145;0.0928526;0.92492 0.344061 0.161696 0.672088 -0.352453 0.935481 0.0255246 1.44006 -0.142482 -0.0805984 0.98651 0.613585 0 0 0 1 
2318808360258;0.160463;0.0180082;0.987022 -0.1204 -0.106263 0.356291 0.12369 0.992008 0.0249094 -0.630179 0.102414 -0.0377297 0.994026 -0.687763 0 0 0 1 
2318808360259;0.461634;0.105634;0.926372 0.3207 -0.197448 0.0765298 -0.295946 0.944136 0.144991 2.00714 0.232917 -0.0758819 0.969532 -1.12014 0 0 0 1 
