#;prob_registration_l1 -r /home/probabilistic_point_clouds_registration/build/tester /home/point_clouds_registration_benchmark//devel/registration_pairs/apartment_local.txt /home/point_clouds_registration_benchmark//eth/apartment -s 0.2 -t 0.2 -p 0.3 -r 1000 -m 10 -n 10 -i 100 
id;initial_error;final_error;transformation
13001298760000;0.820981;1.41114;24;0.912631 -0.38756 0.13001 -0.262305 0.372767 0.919542 0.124448 -3.36513 -0.167781 -0.0651116 0.983672 0.323444 0 0 0 1 
13001298760001;0.68771;1.46847;29;0.957445 -0.249911 -0.144374 0.488312 0.287644 0.867278 0.406312 -2.83694 0.0236712 -0.430549 0.902257 0.502804 0 0 0 1 
13001298760002;0.636186;0.467622;18;0.990036 0.104224 -0.0946918 -0.132942 -0.0801745 0.970022 0.229412 -0.406595 0.115763 -0.219535 0.968712 -0.722551 0 0 0 1 
13001298760003;0.411513;1.29864;25;0.956172 -0.28793 0.053212 0.233037 0.285592 0.957176 0.0474487 -2.31657 -0.0645952 -0.0301722 0.997455 -0.173603 0 0 0 1 
13001298760004;0.857932;1.43819;24;0.906879 -0.382366 -0.177108 0.280754 0.361591 0.921935 -0.138883 -2.47782 0.216386 0.0619095 0.974343 0.312285 0 0 0 1 
13001298760005;0.460674;1.44827;27;0.932628 -0.360366 0.018471 0.357996 0.3568 0.928617 0.101808 -2.7135 -0.0538405 -0.0883583 0.994633 0.438568 0 0 0 1 
13001298760006;0.655521;0.593882;24;0.949923 0.312262 -0.0117427 -0.420626 -0.310866 0.948158 0.0660168 0.508623 0.0317485 -0.0590605 0.997749 0.0702532 0 0 0 1 
13001298760007;0.308888;0.477231;21;0.854759 0.369792 0.3642 0.25059 -0.426837 0.900046 0.0879006 0.696424 -0.295292 -0.230588 0.927163 0.991439 0 0 0 1 
13001298760008;0.466988;0.483733;20;0.928163 0.366605 0.0641481 0.0700483 -0.368199 0.929631 0.0146721 0.319643 -0.0542552 -0.0372374 0.997833 -0.140794 0 0 0 1 
13001298760009;0.423945;0.512639;21;0.944917 0.319227 0.0722991 -0.121558 -0.297883 0.930256 -0.214219 0.609251 -0.135641 0.180882 0.974106 -0.0203436 0 0 0 1 
13001298760010;0.258498;1.0613;40;0.849624 0.526831 -0.024243 0.899243 -0.526923 0.846043 -0.0810172 0.790185 -0.0221718 0.0816083 0.996418 0.270935 0 0 0 1 
13001298760011;0.784351;1.87207;43;0.95726 0.281359 0.0670132 -0.147942 -0.286058 0.886786 0.363017 -1.44995 0.0427115 -0.366671 0.92937 -0.885438 0 0 0 1 
13001298760012;0.622128;0.475162;20;0.962601 0.268174 -0.03849 0.328142 -0.266981 0.963121 0.0334553 -0.256558 0.0460424 -0.021928 0.998699 0.122649 0 0 0 1 
13001298760013;0.398004;0.459998;22;0.89496 0.41326 0.168117 0.180436 -0.384902 0.905737 -0.177456 0.75416 -0.225606 0.0941075 0.969663 0.979177 0 0 0 1 
13001298760014;0.755219;1.08159;20;0.988226 0.0972373 -0.118126 0.434445 -0.0897365 0.993693 0.0672499 -0.647319 0.12392 -0.0558579 0.990719 -0.968032 0 0 0 1 
13001298760015;0.388158;0.561488;20;0.921541 0.369927 -0.117971 0.558623 -0.357412 0.926895 0.114553 0.715958 0.151724 -0.0634013 0.986387 -0.319196 0 0 0 1 
13001298760016;0.851768;0.66398;23;0.910343 0.413221 -0.0228797 1.16823 -0.411615 0.909776 0.0536829 1.14176 0.0429983 -0.0394522 0.998296 0.260042 0 0 0 1 
13001298760017;0.399547;0.487869;19;0.909254 0.414155 -0.0416316 0.601807 -0.415394 0.909233 -0.0272668 0.684035 0.0265602 0.0420859 0.998761 0.29527 0 0 0 1 
13001298760018;0.820633;0.4337;20;0.933461 0.331917 -0.135945 0.117379 -0.333553 0.942664 0.0112397 0.570958 0.131881 0.0348529 0.990653 0.608344 0 0 0 1 
13001298760019;0.329854;0.42165;18;0.984899 0.153894 -0.0793102 0.140661 -0.148023 0.986116 0.075263 -0.267447 0.0897916 -0.0623867 0.994005 -0.274838 0 0 0 1 
13001298760020;0.847185;0.382226;20;0.960969 0.273509 0.0416209 -0.248145 -0.273638 0.961829 -0.00265871 0.798844 -0.0407593 -0.00883413 0.99913 0.912283 0 0 0 1 
13001298760021;0.886722;1.47579;27;0.909167 -0.264239 -0.321859 0.915865 0.353244 0.898664 0.260041 -3.16988 0.22053 -0.350115 0.910377 -1.10861 0 0 0 1 
13001298760022;0.59893;0.537687;22;0.91365 0.326539 -0.242108 0.457202 -0.239963 0.913989 0.327173 -0.0375765 0.328119 -0.240825 0.913423 -1.38885 0 0 0 1 
13001298760023;0.367247;0.423903;18;0.992595 0.102105 0.0657967 -0.161051 -0.106016 0.992614 0.0589671 -0.362383 -0.0592899 -0.0655059 0.996089 -0.0441642 0 0 0 1 
13001298760024;0.0968236;0.399378;18;0.978297 0.205004 0.0301254 -0.116068 -0.206195 0.977524 0.0439399 0.227924 -0.0204404 -0.049198 0.99858 0.142031 0 0 0 1 
13001298760025;0.689632;0.560683;24;0.969171 0.243996 0.0342636 0.0198501 -0.218287 0.91478 -0.339895 0.703433 -0.114277 0.321937 0.939839 0.806401 0 0 0 1 
13001298760026;0.452516;1.4272;21;0.98558 -0.161451 0.0506442 0.0661688 0.155025 0.981526 0.112133 -1.64563 -0.0678126 -0.102665 0.992402 0.179134 0 0 0 1 
13001298760027;0.353163;1.48372;23;0.900087 -0.314642 0.301402 -0.0239626 0.212182 0.920714 0.327513 -2.38966 -0.380554 -0.230838 0.895485 0.920576 0 0 0 1 
13001298760028;0.770166;1.16447;35;0.95903 0.280061 0.042741 0.211928 -0.272945 0.953811 -0.12548 0.431327 -0.075909 0.108673 0.991175 0.0234141 0 0 0 1 
13001298760029;0.444231;0.508173;20;0.89285 0.39823 0.210313 0.371698 -0.41968 0.905137 0.0677943 0.418015 -0.163364 -0.148794 0.975281 0.741898 0 0 0 1 
13001298760031;1.0814;0.158336;50;0.919336 0.391911 0.0350244 0.738109 -0.357757 0.869624 -0.340241 1.4895 -0.163803 0.300266 0.939686 1.72003 0 0 0 1 
13001298760032;0.762366;0.200426;21;0.975366 -0.198437 -0.0963508 -0.668612 0.201256 0.979327 0.020381 -0.614815 0.0903145 -0.0392701 0.995139 -0.80673 0 0 0 1 
13001298760033;0.562268;0.137142;19;0.972346 -0.208078 -0.106049 -0.621304 0.198268 0.975435 -0.0960056 -0.612685 0.123421 0.0723245 0.989715 0.0928477 0 0 0 1 
13001298760034;0.913227;0.143925;27;0.984716 -0.165891 -0.0530478 -0.575368 0.135373 0.920654 -0.366156 -0.274532 0.10958 0.353378 0.92904 1.0241 0 0 0 1 
13001298760035;0.190074;0.174587;19;0.986073 0.126102 -0.108432 0.287859 -0.117911 0.989883 0.0789203 0.378971 0.117287 -0.0650359 0.990966 -0.536319 0 0 0 1 
13001298760036;1.3176;0.142537;41;0.929191 -0.365341 -0.0559426 -1.38172 0.369293 0.911563 0.180761 -0.841598 -0.0150444 -0.188621 0.981935 -0.360302 0 0 0 1 
13001298760037;0.408209;0.186021;19;0.990461 0.126199 -0.0553203 0.0691926 -0.132237 0.983404 -0.124215 0.738851 0.0387265 0.130345 0.990712 0.0563729 0 0 0 1 
13001298760038;0.799177;0.190193;19;0.99995 0.00983055 0.00199913 0.391012 -0.0100243 0.986836 0.161412 -0.308237 -0.000386046 -0.161424 0.986885 -0.228351 0 0 0 1 
13001298760039;0.512139;0.199561;16;0.99985 0.0159719 -0.00674971 -0.0634652 -0.0160475 0.999807 -0.0112917 0.0926391 0.00656806 0.0113983 0.999913 0.412509 0 0 0 1 
13001298760040;0.790161;0.210178;17;0.999851 0.0161881 0.00592576 0.123973 -0.0161306 0.999824 -0.00962045 0.325068 -0.00608045 0.00952344 0.999936 -0.395379 0 0 0 1 
13001298760041;0.304867;0.178506;21;0.985479 -0.119349 0.12078 -0.333932 0.127568 0.989843 -0.0627532 -0.109761 -0.112064 0.0772497 0.990694 0.468921 0 0 0 1 
13001298760042;0.323258;0.16781;17;0.997925 0.064166 -0.00530295 0.105093 -0.0638671 0.996962 0.0445878 0.0230504 0.00814786 -0.0441566 0.998991 -0.0115728 0 0 0 1 
13001298760043;1.1294;0.14225;27;0.943361 -0.324507 -0.0690253 -0.553199 0.330394 0.899992 0.284349 -1.98189 -0.0301511 -0.29105 0.956233 -0.831995 0 0 0 1 
13001298760044;0.672602;0.176974;19;0.987418 -0.0797476 0.136548 -0.625001 0.0847042 0.995928 -0.0308728 -0.0557224 -0.13353 0.0420506 0.990152 0.239689 0 0 0 1 
13001298760045;0.603165;0.140047;52;0.867796 0.496762 0.0125708 1.41232 -0.494007 0.865166 -0.0862847 1.42564 -0.0537388 0.0686674 0.996191 0.0442637 0 0 0 1 
13001298760046;0.435224;0.19707;23;0.903012 0.110961 -0.415039 0.720473 -0.129905 0.99137 -0.0175925 0.571649 0.409505 0.0698017 0.909634 -1.05368 0 0 0 1 
13001298760047;1.03472;0.203535;21;0.998752 -0.0336243 0.0369229 -0.348866 0.0235435 0.969072 0.245653 -0.508531 -0.0440409 -0.244478 0.968654 -0.979906 0 0 0 1 
13001298760048;1.38851;0.158496;26;0.992991 0.0820547 0.0850679 0.170313 -0.111284 0.891551 0.439037 -0.7582 -0.0398174 -0.445426 0.894433 -1.34157 0 0 0 1 
13001298760049;0.308211;0.186829;20;0.989061 0.128467 -0.072493 0.056493 -0.118623 0.984813 0.126779 0.203079 0.0876789 -0.116793 0.989278 -0.496774 0 0 0 1 
13001298760050;0.383404;0.222215;15;0.999945 -0.00832173 0.00632617 -0.378336 0.00846991 0.999682 -0.0237683 -0.00999575 -0.00612637 0.0238206 0.999697 0.185366 0 0 0 1 
13001298760051;1.39486;0.171718;36;0.915253 -0.380712 0.131797 -1.64599 0.389177 0.92007 -0.0448676 -1.42942 -0.104181 0.0923577 0.990261 0.582601 0 0 0 1 
13001298760052;0.390791;0.197768;15;0.999988 -0.00468844 0.00117895 -0.323252 0.00468247 0.999976 0.00501697 -0.0822934 -0.00120244 -0.00501139 0.999987 -0.0269332 0 0 0 1 
13001298760053;0.738841;0.5804;20;0.964358 0.263921 0.0189777 0.813769 -0.263981 0.954706 0.137296 0.744702 0.0181173 -0.137413 0.990348 -0.115893 0 0 0 1 
13001298760054;0.290741;0.164124;22;0.98514 -0.171745 -0.0014205 -0.493526 0.171732 0.985122 -0.00650892 -0.417499 0.00251724 0.00616825 0.999978 -0.124573 0 0 0 1 
13001298760055;0.983527;0.167568;29;0.975524 0.18994 0.110792 -0.329965 -0.170501 0.971554 -0.164356 0.741281 -0.138858 0.141443 0.980159 0.972384 0 0 0 1 
13001298760056;0.893456;0.192124;29;0.986283 -0.165017 -0.00394628 0.172521 0.164957 0.986223 -0.0124215 -0.680461 0.00594167 0.0116002 0.999915 -0.177768 0 0 0 1 
13001298760057;1.32906;0.169311;20;0.996234 0.0690373 0.0524523 0.504826 -0.0700864 0.997371 0.0184299 0.869645 -0.051042 -0.0220367 0.998453 -0.484886 0 0 0 1 
13001298760058;1.04418;0.222488;37;0.933989 -0.320145 0.158657 -0.71696 0.315425 0.947368 0.0547817 -0.88276 -0.167845 -0.00112106 0.985813 -0.139731 0 0 0 1 
13001298760059;1.02726;0.144689;21;0.996638 0.0664501 -0.0479228 0.503722 -0.0533996 0.97049 0.235153 -0.106328 0.0621346 -0.231803 0.970776 -1.20981 0 0 0 1 
13001298760060;1.18019;1.12535;20;0.96598 -0.246437 -0.0784246 -0.126888 0.256305 0.952715 0.163221 -2.10549 0.0344924 -0.177769 0.983468 -0.284781 0 0 0 1 
13001298760062;0.42647;1.1865;19;0.975989 -0.217754 0.00529757 -0.588409 0.216528 0.972562 0.0850788 -0.19407 -0.0236785 -0.0818889 0.99636 0.104468 0 0 0 1 
13001298760063;0.820769;1.11435;19;0.965416 -0.25875 0.0319444 -0.158462 0.2583 0.965905 0.0175611 -0.172157 -0.0353992 -0.00870252 0.999335 0.711733 0 0 0 1 
13001298760064;0.637796;0.885922;17;0.999917 0.00998774 0.008109 0.0134866 -0.00966335 0.999188 -0.039102 0.700945 -0.00849296 0.0390204 0.999202 0.578495 0 0 0 1 
13001298760065;1.32441;1.26716;23;0.926581 -0.273084 -0.258597 -0.0223824 0.356282 0.857579 0.370974 -1.12855 0.120461 -0.435871 0.891911 -2.38402 0 0 0 1 
13001298760066;0.832986;1.25661;19;0.918406 -0.393979 0.0362003 -0.656727 0.395605 0.915677 -0.0709416 -0.233375 -0.00519824 0.0794742 0.996823 0.539617 0 0 0 1 
13001298760067;0.500971;1.31368;22;0.870363 -0.492257 0.0122972 -0.643858 0.490254 0.863945 -0.115108 -1.07828 0.0460384 0.106214 0.993277 -0.104831 0 0 0 1 
13001298760068;1.1413;1.09963;21;0.905551 -0.382874 0.182716 -1.0029 0.358818 0.921011 0.151617 -0.227366 -0.226334 -0.0717356 0.971405 1.0203 0 0 0 1 
13001298760069;0.277143;1.10458;18;0.976483 -0.161825 -0.142456 -0.0747121 0.186335 0.965838 0.1801 -0.141097 0.108445 -0.202409 0.973278 -0.879126 0 0 0 1 
13001298760070;1.31041;1.17517;20;0.96499 -0.245306 0.0928438 -0.468959 0.251473 0.965895 -0.0617106 -0.164997 -0.0745394 0.0828978 0.993766 -0.373697 0 0 0 1 
13001298760071;0.311671;1.28512;20;0.803712 -0.542804 -0.243744 -0.407571 0.579105 0.80768 0.110863 -1.85721 0.13669 -0.230255 0.963482 -1.15077 0 0 0 1 
13001298760072;0.364438;1.06083;19;0.912973 -0.40609 0.0396323 -0.624039 0.407738 0.911637 -0.0516513 -0.76686 -0.0151552 0.0633159 0.997878 0.427602 0 0 0 1 
13001298760073;1.33186;1.26039;22;0.825771 -0.467633 0.315311 -0.961735 0.545029 0.805434 -0.232852 -0.818565 -0.145073 0.364136 0.919978 1.18363 0 0 0 1 
13001298760074;0.375476;1.15353;22;0.82769 -0.411653 -0.381405 0.0258227 0.340921 0.908696 -0.240925 -0.585616 0.445759 0.0693825 0.89246 -1.34729 0 0 0 1 
13001298760075;0.892832;1.53991;23;0.927949 -0.302075 0.218313 -0.331835 0.331378 0.936789 -0.112321 -0.350774 -0.170584 0.176572 0.969393 1.7796 0 0 0 1 
13001298760076;0.49285;1.13791;19;0.90614 -0.422708 0.0151278 -0.910272 0.422639 0.903398 -0.0724409 -0.950321 0.0169549 0.0720352 0.997258 0.0193634 0 0 0 1 
13001298760077;1.25077;1.16919;20;0.972061 -0.234728 0.000486585 -0.737912 0.23469 0.971861 -0.0201929 0.167942 0.00426694 0.0197429 0.999796 0.870553 0 0 0 1 
13001298760078;0.873453;0.9949;18;0.972263 -0.157457 -0.172949 -0.0716835 0.170873 0.98311 0.0655484 0.219277 0.159707 -0.0932826 0.982747 -1.27054 0 0 0 1 
13001298760079;0.135451;0.945095;17;0.976021 -0.213132 -0.0442482 -0.206374 0.211129 0.976379 -0.0459134 -0.2073 0.0529886 0.0354703 0.997965 -0.0389455 0 0 0 1 
13001298760080;0.477523;1.36052;24;0.708539 -0.630522 0.316882 -0.69562 0.562256 0.775776 0.286427 -2.00643 -0.426428 -0.0247759 0.904182 1.48237 0 0 0 1 
13001298760081;0.486196;1.30078;20;0.934434 -0.0659417 -0.349979 0.535173 0.0758549 0.997011 0.0146776 0.417479 0.347965 -0.0402629 0.936642 -1.2482 0 0 0 1 
13001298760082;0.60999;2.78021;54;0.595553 0.79599 -0.108245 3.45103 -0.802866 0.585279 -0.113379 3.40259 -0.0268948 0.154429 0.987638 0.361977 0 0 0 1 
13001298760083;0.578912;1.45402;21;0.811145 -0.584318 -0.0248337 -0.492879 0.563777 0.769924 0.298953 -2.00165 -0.155564 -0.256495 0.953944 -0.0633343 0 0 0 1 
13001298760084;0.295038;0.988872;17;0.999284 0.00607606 0.0373309 0.213774 -0.00411519 0.998619 -0.0523808 0.639104 -0.0375976 0.0521897 0.997929 0.324574 0 0 0 1 
13001298760085;0.331689;1.05228;18;0.980259 -0.196077 -0.0254171 -0.286884 0.197582 0.966693 0.162681 -0.32876 -0.00732761 -0.164492 0.986351 -0.287079 0 0 0 1 
13001298760086;0.698459;1.12925;19;0.942609 -0.331988 0.0356741 -0.790029 0.333194 0.942173 -0.0359359 -0.831448 -0.0216809 0.0457599 0.998717 0.654103 0 0 0 1 
13001298760087;0.67213;1.30071;22;0.824613 -0.446831 -0.346923 -0.112347 0.427845 0.893823 -0.13427 -0.799328 0.370084 -0.0377084 0.928233 -1.70381 0 0 0 1 
13001298760088;0.268562;1.11627;21;0.868034 -0.397009 -0.298163 -0.228287 0.386532 0.917261 -0.0960465 -0.852178 0.311624 -0.0318779 0.94967 -1.0691 0 0 0 1 
13001298760089;1.15866;1.41091;25;0.735566 -0.58575 0.340351 -1.24252 0.641549 0.763675 -0.0722183 -1.96151 -0.217616 0.271473 0.937521 2.1452 0 0 0 1 
13001298760090;0.714198;1.23759;18;0.950191 -0.303625 -0.0703427 -0.647793 0.308504 0.948352 0.073852 -0.552883 0.0442863 -0.0918745 0.994785 0.0604792 0 0 0 1 
13001298760091;1.1529;1.07668;19;0.954994 -0.292554 -0.0489877 -0.583981 0.290708 0.955913 -0.0414724 -0.752826 0.0589608 0.0253647 0.997938 -0.842824 0 0 0 1 
13001298760093;1.04775;0.346737;20;0.859656 -0.399498 0.318422 -0.877478 0.393414 0.915307 0.0862478 -1.4366 -0.32591 0.051128 0.944017 0.315194 0 0 0 1 
13001298760094;1.11373;0.695655;19;0.960193 -0.279308 -0.00405386 -0.16766 0.279288 0.959651 0.0326763 -1.56343 -0.00523643 -0.0325077 0.999458 -1.06394 0 0 0 1 
13001298760095;0.293853;0.44154;17;0.985225 0.024014 0.169573 0.172285 -0.0258863 0.999626 0.00883858 -0.130536 -0.169297 -0.0130976 0.985478 0.809961 0 0 0 1 
13001298760096;0.895384;0.420468;19;0.977385 -0.202551 0.0607594 0.456052 0.205084 0.977976 -0.0387799 -1.08611 -0.0515663 0.0503637 0.997399 0.254009 0 0 0 1 
13001298760097;0.339617;0.416957;16;0.975534 -0.2143 -0.0490884 -0.159816 0.217234 0.973933 0.0653031 -1.00359 0.0338144 -0.0743691 0.996657 -0.53229 0 0 0 1 
13001298760098;0.188558;0.393536;15;0.984674 -0.102205 -0.141321 0.146759 0.0987594 0.994622 -0.0311993 -0.45022 0.14375 0.0167644 0.989472 -0.519907 0 0 0 1 
13001298760099;0.958706;0.381982;18;0.972341 0.128548 0.195007 0.439531 -0.108105 0.987797 -0.11212 -0.544448 -0.20704 0.0879381 0.974372 0.533149 0 0 0 1 
13001298760100;0.754489;0.623499;20;0.987282 -0.0290426 -0.156303 0.117674 -0.0189371 0.954688 -0.297006 -0.341103 0.157847 0.296188 0.941996 0.858809 0 0 0 1 
13001298760101;0.427244;0.600363;19;0.991961 0.0949144 0.0836982 0.86319 -0.089353 0.993685 -0.067867 -0.0125235 -0.0896112 0.0598427 0.994177 0.198256 0 0 0 1 
13001298760102;0.55757;0.61237;14;0.997645 0.039531 -0.0560547 0.463059 -0.0399365 0.999183 -0.00613226 -0.125631 0.0557665 0.00835645 0.998409 -0.0261863 0 0 0 1 
13001298760103;0.502682;0.575487;16;0.983247 -0.182217 -0.00474899 -0.0615612 0.18101 0.97914 -0.0923043 -0.306665 0.0214693 0.0898983 0.99572 0.243833 0 0 0 1 
13001298760104;0.301846;0.355192;18;0.872928 -0.487831 0.00419067 -0.75618 0.485891 0.868624 -0.0969654 -1.82526 0.0436626 0.08668 0.995279 0.0837886 0 0 0 1 
13001298760105;0.905526;0.60532;20;0.996188 -0.00390373 -0.0871395 0.52016 -0.014331 0.978098 -0.207651 -0.0609351 0.0860416 0.208109 0.974314 -0.461532 0 0 0 1 
13001298760106;0.994487;0.333099;18;0.909207 -0.416338 0.0021266 -0.813284 0.416239 0.908854 -0.0270056 -2.29445 0.0093107 0.0254389 0.999633 0.616571 0 0 0 1 
13001298760107;0.0362635;0.338806;15;0.987063 -0.157616 -0.0293741 -0.200528 0.155012 0.984965 -0.0762584 -0.584248 0.040952 0.0707186 0.996655 -0.00504061 0 0 0 1 
13001298760108;1.01768;0.603817;20;0.912447 -0.391856 -0.117852 -0.299737 0.382554 0.919118 -0.0942009 -1.45543 0.145233 0.0408686 0.988553 -1.25691 0 0 0 1 
13001298760109;0.830454;0.458115;18;0.936228 -0.343811 -0.0725993 -0.261041 0.326467 0.927476 -0.182229 -1.07332 0.129986 0.146906 0.980572 -0.658084 0 0 0 1 
13001298760110;0.923517;0.618719;19;0.971759 -0.23498 -0.0216532 -0.563002 0.233242 0.970377 -0.062979 -0.940675 0.0358105 0.05615 0.99778 0.590897 0 0 0 1 
13001298760111;0.26829;0.382007;16;0.895407 -0.444349 0.0282712 -0.76525 0.444992 0.89524 -0.0229738 -1.75257 -0.0151012 0.0331514 0.999336 0.137182 0 0 0 1 
13001298760112;0.495558;0.632902;16;0.977476 0.0127123 -0.210663 0.553908 0.0178254 0.989644 0.14243 -0.0176371 0.210292 -0.142977 0.967127 -1.1768 0 0 0 1 
13001298760113;0.269314;0.526539;16;0.997128 -0.0521385 0.054926 0.15556 0.0576655 0.992864 -0.104384 -0.281617 -0.0490917 0.107251 0.993019 0.218706 0 0 0 1 
13001298760114;0.734561;0.528032;18;0.850851 -0.524215 0.0353747 -1.05954 0.524357 0.84297 -0.120212 -1.64829 0.0331972 0.120832 0.992118 0.250902 0 0 0 1 
13001298760115;0.321726;0.397139;16;0.982612 -0.185469 -0.00864161 -0.274609 0.184543 0.980707 -0.0644811 -0.807374 0.0204342 0.0617651 0.997882 -0.194807 0 0 0 1 
13001298760116;1.15818;0.452529;20;0.999354 0.00572696 -0.0354673 1.09704 -0.0114241 0.986629 -0.162583 0.229766 0.034062 0.162883 0.986057 0.809005 0 0 0 1 
13001298760117;0.977589;0.572649;21;0.942699 -0.313624 -0.113839 -0.448204 0.277588 0.926542 -0.253897 -1.40333 0.185105 0.207749 0.960509 0.629056 0 0 0 1 
13001298760118;0.349631;0.584743;17;0.982043 0.127529 0.139021 0.70068 -0.110986 0.986441 -0.120894 0.0697762 -0.152554 0.103294 0.982882 0.620389 0 0 0 1 
13001298760119;0.966956;0.75738;22;0.820533 -0.475813 -0.316745 0.0953577 0.480668 0.874253 -0.0681225 -1.8589 0.309329 -0.0963522 0.946061 -1.89216 0 0 0 1 
13001298760120;0.820899;0.539175;19;0.997942 -0.00509785 0.0639124 0.697446 0.0132332 0.991748 -0.127521 -0.377487 -0.0627349 0.128104 0.989775 0.882436 0 0 0 1 
13001298760121;0.247186;0.358792;15;0.98759 -0.156755 -0.00973017 -0.197069 0.156901 0.987474 0.0166307 -0.571351 0.00700134 -0.017951 0.999814 0.0723031 0 0 0 1 
13001298760122;0.958553;0.480597;20;0.992832 -0.0991492 -0.0667383 0.408155 0.0957998 0.99406 -0.0516506 -1.21036 0.0714629 0.0448868 0.996433 0.00918737 0 0 0 1 
13001298760124;1.10954;0.0964268;27;0.881319 -0.471416 0.0323164 -0.620437 0.466722 0.879145 0.0963001 -3.32793 -0.0738083 -0.0697883 0.994828 -0.24663 0 0 0 1 
13001298760125;0.573277;0.110973;28;0.936791 0.0337783 -0.348256 0.723428 0.0890273 0.939559 0.330609 -0.714508 0.338375 -0.340716 0.877163 -2.88351 0 0 0 1 
13001298760126;0.254431;0.135647;25;0.953644 0.224605 -0.20029 1.05538 -0.223362 0.974301 0.0290851 1.03237 0.201676 0.0170005 0.979305 -0.732635 0 0 0 1 
13001298760127;0.992788;0.119763;23;0.914481 -0.350425 -0.202302 -0.650888 0.351835 0.935576 -0.0301652 -2.6128 0.19984 -0.0435915 0.978858 -1.14314 0 0 0 1 
13001298760128;0.0799235;0.12565;13;0.999522 0.0305349 -0.00488758 0.100751 -0.0307354 0.998363 -0.0482425 0.191471 0.0034065 0.0483697 0.998824 0.236581 0 0 0 1 
13001298760129;0.127861;0.090837;14;0.998215 -0.0307188 -0.0512226 0.0109079 0.0300145 0.999445 -0.0144622 -0.0145725 0.0516384 0.0128989 0.998583 -0.130218 0 0 0 1 
13001298760130;0.557579;0.125478;18;0.965721 -0.240706 -0.0971762 -0.650548 0.237031 0.97032 -0.0479111 -1.29609 0.105824 0.023235 0.994113 0.0821145 0 0 0 1 
13001298760131;0.697726;0.103129;20;0.985924 -0.162145 -0.0407862 0.0606977 0.153429 0.974345 -0.164655 -1.10162 0.0664378 0.156079 0.985508 0.342675 0 0 0 1 
13001298760132;0.915785;0.117821;22;0.975936 0.0129635 0.21767 0.0857175 -0.00930754 0.999798 -0.017813 0.228466 -0.217857 0.0153584 0.97586 0.297414 0 0 0 1 
13001298760133;0.526097;0.139919;20;0.988205 0.137464 0.0674886 0.396521 -0.136901 0.9905 -0.0129236 0.754604 -0.068624 0.00353194 0.997636 0.866713 0 0 0 1 
13001298760134;0.640051;0.108513;17;0.992996 -0.026171 -0.11521 0.24096 0.0217806 0.998994 -0.0392031 0.132596 0.11612 0.0364192 0.992567 0.167052 0 0 0 1 
13001298760135;0.744448;0.120019;30;0.887934 0.43272 -0.155968 2.07824 -0.442013 0.896538 -0.0290344 1.92294 0.127268 0.0947207 0.987335 0.325285 0 0 0 1 
13001298760136;0.470128;0.116172;18;0.990597 0.125704 -0.0540083 0.15629 -0.126801 0.991776 -0.0173668 0.60281 0.051381 0.0240517 0.998389 -0.363644 0 0 0 1 
13001298760137;0.306436;0.102905;22;0.964543 0.0626298 0.256389 0.119291 -0.00585162 0.976272 -0.216467 0.0885691 -0.263862 0.207291 0.942023 2.05074 0 0 0 1 
13001298760138;0.926249;0.119053;18;0.999202 -0.0214224 -0.0337028 -0.394178 0.0189681 0.997258 -0.0715292 -0.403035 0.0351427 0.0708328 0.996869 -0.538203 0 0 0 1 
13001298760139;0.738974;0.165416;25;0.965527 0.259036 -0.0256417 0.933959 -0.260256 0.958809 -0.113809 1.3399 -0.00489498 0.116559 0.993172 1.12897 0 0 0 1 
13001298760140;1.02616;0.104795;23;0.987731 0.131603 -0.0840709 0.182603 -0.131682 0.991281 0.00462804 0.480074 0.083947 0.00649939 0.996449 -1.17682 0 0 0 1 
13001298760141;0.897713;0.0841976;21;0.952674 -0.227836 0.201256 -0.833559 0.258601 0.955411 -0.142532 -1.67706 -0.159808 0.187831 0.969113 2.0179 0 0 0 1 
13001298760142;0.158181;0.110377;16;0.998871 0.00463675 0.0472731 0.0243461 0.00173044 0.991011 -0.133767 0.213448 -0.0474684 0.133698 0.989885 0.723928 0 0 0 1 
13001298760143;0.631582;0.117398;30;0.927924 0.359879 -0.097183 1.50167 -0.371995 0.877164 -0.30365 1.65696 -0.024032 0.317916 0.947814 1.59348 0 0 0 1 
13001298760144;0.855274;0.104653;20;0.985019 -0.120966 -0.122903 0.467184 0.127267 0.990858 0.0447551 -0.528643 0.116366 -0.0597261 0.991409 -0.322661 0 0 0 1 
13001298760145;0.0426315;0.145936;14;0.998454 -0.040132 -0.0384649 -0.078226 0.0375058 0.997066 -0.0667222 -0.0685017 0.0410297 0.0651764 0.99703 0.146214 0 0 0 1 
13001298760146;0.950154;0.0904008;19;0.993518 0.023153 -0.111289 0.173231 -0.0249824 0.999574 -0.015072 0.0273551 0.110893 0.0177546 0.993674 0.484607 0 0 0 1 
13001298760147;0.397392;0.0987265;21;0.953023 0.0482225 -0.299034 0.572765 -0.134667 0.951763 -0.275702 0.718731 0.271314 0.303021 0.913546 -0.215439 0 0 0 1 
13001298760148;0.554781;0.0938503;18;0.99745 -0.0683492 0.0205407 -0.211845 0.0710956 0.976755 -0.202223 -0.417497 -0.00624149 0.203168 0.979124 0.240581 0 0 0 1 
13001298760149;0.73823;0.139832;17;0.998411 -0.046799 -0.0313783 -0.0549166 0.0443494 0.996221 -0.074676 0.225372 0.0347544 0.0731657 0.996714 0.751528 0 0 0 1 
13001298760150;0.886242;0.148181;21;0.969036 -0.246365 0.016508 -0.277757 0.246804 0.968453 -0.0344542 -1.54012 -0.00749889 0.0374616 0.99927 -0.354526 0 0 0 1 
13001298760151;1.10427;0.110246;35;0.926355 0.330917 0.179891 2.15964 -0.357579 0.922716 0.143989 1.84223 -0.11834 -0.19771 0.973091 0.0604037 0 0 0 1 
13001298760152;0.722566;0.101111;26;0.955491 0.215582 0.201397 0.283059 -0.146807 0.939579 -0.309257 0.516206 -0.255899 0.265926 0.929408 2.35425 0 0 0 1 
13001298760153;0.343462;0.119847;30;0.943123 0.305509 -0.131081 1.32591 -0.32588 0.927565 -0.182825 1.50423 0.0657315 0.215144 0.974368 0.398516 0 0 0 1 
13001298760155;0.0682714;0.479566;15;0.99199 0.109824 -0.0624008 -0.399482 -0.108166 0.993699 0.0293638 0.177868 0.0652325 -0.022379 0.997619 -0.148442 0 0 0 1 
13001298760156;0.228778;0.496794;15;0.998636 0.0515993 -0.00795328 -0.399395 -0.0521582 0.99272 -0.108568 0.184911 0.00229332 0.108835 0.994057 0.111401 0 0 0 1 
13001298760157;0.606065;0.516294;19;0.989013 0.0977029 -0.110936 -0.932825 -0.100908 0.994615 -0.0236442 -0.185012 0.108029 0.0345789 0.993546 -0.167265 0 0 0 1 
13001298760158;0.344682;0.616984;18;0.925095 -0.0227177 -0.379055 -0.00544464 0.0188422 0.999725 -0.0139311 -0.173943 0.379267 0.00574535 0.925269 -1.52217 0 0 0 1 
13001298760159;0.780294;0.576003;15;0.992546 0.111486 -0.0492276 0.269144 -0.109929 0.993382 0.0332828 0.274878 0.0526124 -0.0276231 0.998233 -0.595289 0 0 0 1 
13001298760160;0.374691;1.08904;20;0.985983 -0.0722276 -0.150405 -1.13447 0.107075 0.965246 0.238402 -0.849496 0.127958 -0.251165 0.959449 -0.159076 0 0 0 1 
13001298760161;0.829311;0.591507;19;0.976088 0.0749586 0.204042 -1.33654 -0.106755 0.98297 0.14958 0.0747473 -0.189354 -0.167786 0.967467 0.797168 0 0 0 1 
13001298760162;0.477774;0.776166;20;0.990655 0.0202033 -0.13489 -0.911147 -0.0574999 0.958654 -0.278706 -0.115138 0.123682 0.283858 0.950856 -0.0281312 0 0 0 1 
13001298760163;0.737936;0.56731;16;0.989977 -0.0936777 0.105684 -0.141568 0.0981584 0.994445 -0.0380121 -1.12501 -0.101536 0.0480049 0.993673 0.763965 0 0 0 1 
13001298760164;0.306679;0.532869;17;0.99115 0.0730014 -0.110872 -0.461544 -0.0988707 0.963287 -0.249606 0.46049 0.0885804 0.258358 0.961979 -0.145357 0 0 0 1 
13001298760165;0.655134;0.516889;18;0.997512 0.00415204 -0.0703775 -0.736422 0.000866103 0.997467 0.0711231 -0.303811 0.0704946 -0.0710071 0.994982 -0.671286 0 0 0 1 
13001298760166;0.142166;0.449702;15;0.998066 -0.0153699 -0.0602294 -0.444686 0.0157513 0.999859 0.00586225 -0.218621 0.0601308 -0.00679961 0.998167 -0.258973 0 0 0 1 
13001298760167;0.73402;1.11514;21;0.991693 0.0384184 0.122757 -0.617531 -0.0316203 0.997882 -0.0568553 -0.72831 -0.124681 0.0525014 0.990807 0.984202 0 0 0 1 
13001298760168;0.457979;1.23035;22;0.984424 0.14523 -0.0990851 -0.727491 -0.149846 0.987867 -0.0408113 -0.339078 0.0919558 0.0550232 0.994242 -0.448655 0 0 0 1 
13001298760169;0.0971797;0.55839;17;0.988414 0.146418 0.0400016 -0.577069 -0.150785 0.97738 0.148296 0.356182 -0.0173836 -0.15261 0.988134 0.0276305 0 0 0 1 
13001298760170;0.865636;1.15617;26;0.991952 -0.0935033 -0.0853749 -1.44518 0.0775947 0.981744 -0.173659 -0.629778 0.100054 0.165637 0.981098 0.267745 0 0 0 1 
13001298760171;0.53187;0.689806;19;0.992256 -0.111866 -0.0539755 -0.823824 0.123705 0.929081 0.348577 -0.896089 0.0111536 -0.352555 0.935725 0.354309 0 0 0 1 
13001298760172;0.399772;1.03653;22;0.963744 -0.122826 0.236878 -0.718617 0.085804 0.98326 0.160743 -1.09567 -0.252656 -0.13459 0.958149 1.27547 0 0 0 1 
13001298760173;0.409814;1.02839;22;0.97832 0.125256 0.164928 -0.912861 -0.113815 0.990504 -0.0771181 -0.0616242 -0.173021 0.0566749 0.983286 0.684759 0 0 0 1 
13001298760174;0.230776;0.494354;17;0.988404 0.0509644 -0.143038 -0.445273 -0.0487643 0.998632 0.0188471 -0.110359 0.143803 -0.0116534 0.989538 -0.318808 0 0 0 1 
13001298760175;0.184973;0.598344;19;0.97804 0.0966253 -0.184666 -0.492356 -0.0997543 0.994982 -0.00770718 0.0875448 0.182994 0.0259591 0.982771 -0.800225 0 0 0 1 
13001298760176;0.684651;1.2092;24;0.988644 -0.146509 -0.0334506 -1.10219 0.150012 0.948858 0.277787 -1.99265 -0.00895834 -0.27965 0.96006 -0.500477 0 0 0 1 
13001298760177;0.712892;0.962435;19;0.990228 0.137848 0.0211179 -0.654331 -0.124995 0.944459 -0.30393 0.344366 -0.0618413 0.298321 0.95246 0.0851028 0 0 0 1 
13001298760178;0.372998;1.07018;20;0.995473 0.0793817 0.05226 -0.910389 -0.0763843 0.995445 -0.0570522 -0.381989 -0.0565508 0.0528021 0.997002 0.171939 0 0 0 1 
13001298760179;0.364497;0.644416;20;0.972646 0.137557 0.187183 -0.714573 -0.198058 0.912144 0.358839 0.358857 -0.121377 -0.386097 0.914438 0.583645 0 0 0 1 
13001298760180;0.444705;1.0938;23;0.924403 -0.267967 -0.271429 -0.620471 0.357857 0.855564 0.374098 -2.27221 0.131979 -0.44295 0.886779 -0.70082 0 0 0 1 
13001298760181;0.327893;0.626246;16;0.987067 -0.0396873 0.155321 -0.896446 0.0491055 0.99715 -0.0572768 -0.281587 -0.152605 0.0641631 0.986202 0.434799 0 0 0 1 
13001298760182;0.549357;0.593667;17;0.999195 0.00730983 -0.0394392 -0.50172 -0.00472309 0.997855 0.0652869 -0.69267 0.0398319 -0.0650481 0.997087 0.293608 0 0 0 1 
13001298760183;0.363905;0.683837;19;0.946556 0.0564091 -0.317568 -0.419968 0.0477949 0.949187 0.311062 -0.506379 0.318979 -0.309615 0.895763 -0.972782 0 0 0 1 
13001298760184;0.185151;0.56707;15;0.999679 0.0253315 0.000109411 -0.588844 -0.0253181 0.999275 -0.0284195 -0.198385 -0.000829239 0.0284076 0.999596 0.114447 0 0 0 1 
13001298760186;0.752269;1.42242;28;0.964942 -0.251719 0.0743276 -0.636917 0.25484 0.966318 -0.0358536 -1.46799 -0.0627991 0.0535383 0.996589 0.728144 0 0 0 1 
13001298760187;1.11885;0.662227;19;0.816755 -0.569719 0.091277 -0.426497 0.573619 0.818828 -0.0219656 -2.71516 -0.0622259 0.0702987 0.995583 0.566338 0 0 0 1 
13001298760188;1.47853;0.795945;22;0.973616 -0.224223 0.0423828 -0.560452 0.221178 0.881563 -0.417046 -0.720411 0.0561482 0.415417 0.907897 0.0854649 0 0 0 1 
13001298760189;0.694353;0.534298;18;0.997141 0.0649658 0.0385822 0.416191 -0.0631246 0.996891 -0.0471625 -0.415962 -0.0415262 0.0445922 0.998142 -0.0528412 0 0 0 1 
13001298760190;1.04867;1.24229;29;0.888047 -0.439264 -0.13572 -0.637618 0.434895 0.898349 -0.061929 -2.77734 0.149127 -0.00402805 0.98881 -0.638903 0 0 0 1 
13001298760191;0.608395;0.529273;16;0.999256 -0.0125144 0.0364922 -0.0890139 0.0136735 0.999404 -0.0316899 -0.324659 -0.0360739 0.0321653 0.998831 -0.168986 0 0 0 1 
13001298760192;0.728377;1.36394;28;0.933836 -0.329439 0.139355 -0.682319 0.333157 0.942865 -0.00357567 -1.59336 -0.130215 0.0497661 0.990236 0.825748 0 0 0 1 
13001298760193;0.223967;0.911081;17;0.944274 -0.32849 0.021013 -0.553583 0.327654 0.944134 0.0354051 -1.44769 -0.0314693 -0.0265471 0.999152 -0.0045249 0 0 0 1 
13001298760194;0.894476;1.35212;30;0.979646 -0.155126 0.127395 -0.495403 0.136628 0.98025 0.14298 -1.58958 -0.147059 -0.122664 0.981492 -0.423168 0 0 0 1 
13001298760195;0.58478;1.14689;21;0.984894 0.161504 0.0624608 0.363129 -0.16046 0.98681 -0.0214069 -0.314312 -0.0650942 0.0110611 0.997818 0.459347 0 0 0 1 
13001298760196;0.904607;0.973849;17;0.962662 -0.265534 0.0526687 -0.89669 0.26756 0.96287 -0.0359713 -1.04687 -0.0411615 0.0487202 0.997964 -0.140471 0 0 0 1 
13001298760197;0.286883;0.679902;17;0.936836 -0.349768 0.00118504 -0.625404 0.349756 0.936823 0.00578864 -1.63156 -0.00313486 -0.00500853 0.999983 0.0308479 0 0 0 1 
13001298760198;1.24998;1.30808;20;0.977734 0.200005 0.0635224 0.223692 -0.200026 0.979772 -0.00609271 0.150021 -0.063456 -0.00674907 0.997962 -0.318822 0 0 0 1 
13001298760199;1.55468;1.22144;25;0.914075 -0.221926 -0.339433 0.336189 0.20925 0.975058 -0.0740079 -1.16321 0.347391 -0.00337763 0.937714 -1.74776 0 0 0 1 
13001298760200;0.663257;0.576372;18;0.979135 -0.196356 0.0523422 -0.648801 0.197888 0.979884 -0.0258534 -1.28331 -0.0462127 0.0356719 0.998294 0.0563834 0 0 0 1 
13001298760201;0.427557;1.3301;27;0.997561 -0.0567962 0.0405704 -0.132608 0.0442456 0.964114 0.261775 -1.22916 -0.0539823 -0.259341 0.964276 -0.726731 0 0 0 1 
13001298760202;1.14516;1.38322;32;0.944978 -0.297824 -0.135343 -0.311952 0.325094 0.901084 0.286988 -2.3754 0.0364834 -0.315197 0.948325 -1.51568 0 0 0 1 
13001298760203;0.345194;1.02887;15;0.999337 0.00794759 -0.0355343 0.071569 -0.00575784 0.998102 0.0613068 -0.580872 0.0359541 -0.0610615 0.997486 -0.172165 0 0 0 1 
13001298760204;0.987501;1.28111;21;0.913648 -0.406293 0.0131777 -0.939705 0.405718 0.913414 0.0326771 -1.81995 -0.0253131 -0.0245089 0.999379 -0.495764 0 0 0 1 
13001298760205;1.27725;1.35;32;0.905912 -0.408941 0.109953 -0.129687 0.413933 0.90993 -0.0261887 -2.11805 -0.0893402 0.0692381 0.993592 0.857998 0 0 0 1 
13001298760206;0.732057;1.24063;26;0.988123 -0.0111935 0.153256 -0.123969 0.0583846 0.949898 -0.307058 -0.864289 -0.142141 0.312359 0.93927 1.50345 0 0 0 1 
13001298760207;0.280311;1.3475;30;0.892798 -0.422466 -0.156315 -0.53392 0.420836 0.906018 -0.0450375 -2.10842 0.160651 -0.0255738 0.98668 -0.448367 0 0 0 1 
13001298760208;0.976835;0.721944;19;0.979479 -0.198655 0.0340089 -0.191916 0.199465 0.979651 -0.0223168 -1.42404 -0.0288835 0.0286424 0.999172 0.546498 0 0 0 1 
13001298760209;0.510095;1.33848;31;0.963714 -0.264213 -0.0380456 -0.209614 0.262573 0.963946 -0.0431713 -1.66682 0.0480804 0.031615 0.998343 -0.189599 0 0 0 1 
13001298760210;0.786915;1.26767;20;0.906097 -0.372519 0.200546 -0.797149 0.376544 0.926201 0.019157 -1.52023 -0.192882 0.0581562 0.979497 0.443978 0 0 0 1 
13001298760211;0.331308;1.17152;21;0.966514 -0.238567 0.0945371 -0.42569 0.219638 0.959573 0.176005 -1.46605 -0.132704 -0.149348 0.979839 0.181494 0 0 0 1 
13001298760212;0.525518;1.15899;26;0.976591 -0.140979 0.162463 -0.574938 0.139912 0.989999 0.0180486 -1.17914 -0.163383 0.00510441 0.98655 0.310617 0 0 0 1 
13001298760213;1.26584;1.2587;29;0.953607 -0.274226 0.124232 -0.0706171 0.291711 0.943677 -0.156133 -1.47957 -0.0744188 0.18513 0.979892 1.32747 0 0 0 1 
13001298760214;1.19532;1.32569;29;0.941174 -0.162266 0.296415 0.101114 0.130933 0.983757 0.122798 -0.723468 -0.311526 -0.0767635 0.947132 0.896327 0 0 0 1 
13001298760215;0.473246;1.14311;20;0.99804 0.0624668 0.00381147 0.160286 -0.0625795 0.995482 0.0714088 -0.821999 0.000666426 -0.0715073 0.99744 -0.151638 0 0 0 1 
13001298760217;0.222897;0.174493;15;0.994686 -0.0947251 -0.0403421 -0.124566 0.0967415 0.993983 0.0513665 -0.465581 0.0352336 -0.0549963 0.997865 -0.118245 0 0 0 1 
13001298760218;0.56062;0.173775;18;0.973887 0.130264 0.185943 0.694961 -0.172593 0.956892 0.233603 0.282157 -0.147497 -0.259595 0.954387 -0.100142 0 0 0 1 
13001298760219;1.35156;0.203176;19;0.995031 -0.099104 0.00957271 -0.264896 0.0993047 0.994781 -0.0234503 -0.0639941 -0.00719874 0.0242843 0.999679 1.08265 0 0 0 1 
13001298760220;0.477483;0.133967;22;0.913826 -0.224183 0.338621 -0.222254 0.181636 0.9714 0.152936 -0.689083 -0.363222 -0.0782506 0.928411 1.42373 0 0 0 1 
13001298760221;0.489369;0.213952;19;0.953367 -0.130313 0.272231 -0.149777 0.0980255 0.986779 0.129065 -0.589787 -0.285451 -0.0963605 0.953537 1.09069 0 0 0 1 
13001298760222;1.04527;0.174525;18;0.996856 0.0569068 0.0551417 -0.170977 -0.0689398 0.965931 0.249449 -0.367163 -0.0390677 -0.252466 0.966817 -0.835385 0 0 0 1 
13001298760223;0.25956;0.159187;17;0.967642 0.114408 0.2249 0.295021 -0.13272 0.988817 0.0680159 0.488059 -0.214604 -0.0956637 0.972005 0.535846 0 0 0 1 
13001298760224;0.137794;0.122731;14;0.999412 0.00305331 -0.0341662 0.0544741 -0.00351089 0.999905 -0.0133408 0.0333608 0.0341222 0.0134529 0.999327 0.066509 0 0 0 1 
13001298760225;1.05742;0.15024;20;0.90956 -0.0111624 0.415423 -0.477388 0.0348545 0.998166 -0.0494925 -0.260937 -0.414109 0.0594958 0.908281 1.91868 0 0 0 1 
13001298760226;1.15936;0.152754;21;0.986287 0.165033 -0.00152871 -0.0481206 -0.164913 0.985117 -0.0484571 0.519613 -0.00649107 0.0480447 0.998824 0.815129 0 0 0 1 
13001298760227;0.324156;0.16833;26;0.934372 0.339069 -0.109457 1.39799 -0.351628 0.927112 -0.129698 1.23818 0.0575022 0.159674 0.985494 0.333454 0 0 0 1 
13001298760228;1.39459;0.189429;22;0.930531 -0.133297 0.341091 -0.590236 0.24342 0.920998 -0.304154 -0.147093 -0.273602 0.366053 0.889465 1.88938 0 0 0 1 
13001298760229;0.664996;0.158133;18;0.963648 -0.0262822 0.26588 -0.140751 -0.0440788 0.965874 0.255235 0.11162 -0.263514 -0.257676 0.929604 0.74529 0 0 0 1 
13001298760230;0.977712;0.131538;21;0.954357 -0.295417 0.0439393 -0.510701 0.28865 0.950096 0.118316 -1.56645 -0.0766992 -0.100233 0.992003 -0.465381 0 0 0 1 
13001298760231;0.367575;0.163516;29;0.894584 0.371237 0.248801 1.35137 -0.372736 0.926946 -0.0428974 1.22905 -0.24655 -0.0543617 0.967604 0.705061 0 0 0 1 
13001298760232;0.090517;0.15897;14;0.995912 0.0474677 -0.0768517 0.284843 -0.0514456 0.997391 -0.0506353 0.26367 0.0742477 0.054382 0.995756 -0.0614437 0 0 0 1 
13001298760233;0.668099;0.150569;23;0.969178 -0.246246 0.00758603 -0.173816 0.245813 0.968612 0.0369806 -0.651871 -0.0164543 -0.0339761 0.999287 0.0980988 0 0 0 1 
13001298760234;0.755306;0.152128;18;0.993335 0.106126 -0.0449853 0.289614 -0.0982158 0.983551 0.151595 0.00245623 0.0603336 -0.146166 0.987419 -0.112702 0 0 0 1 
13001298760235;0.973297;0.3068;17;0.999284 -0.0350711 -0.0141704 0.183116 0.0355459 0.998763 0.0347746 -0.78727 0.0129333 -0.0352534 0.999295 -0.283417 0 0 0 1 
13001298760236;0.97211;0.192938;19;0.958978 -0.134894 -0.24933 0.236789 0.180403 0.968843 0.169699 -0.911725 0.21867 -0.207717 0.953434 -1.86967 0 0 0 1 
13001298760237;0.48343;0.156011;16;0.997988 0.0438921 0.045761 0.17022 -0.0420936 0.99833 -0.039552 -0.114693 -0.0474207 0.0375462 0.998169 0.195471 0 0 0 1 
13001298760238;0.245894;0.176859;15;0.996651 0.0760038 -0.0301756 0.330921 -0.0786932 0.991753 -0.101162 0.277232 0.022238 0.103198 0.994412 0.353174 0 0 0 1 
13001298760239;0.597612;0.151149;27;0.933056 0.358601 -0.0284848 1.39876 -0.355941 0.931792 0.0712051 1.083 0.0520761 -0.0562995 0.997055 -0.629482 0 0 0 1 
13001298760240;0.379328;0.201917;16;0.998743 -0.0464855 0.0187499 0.00345822 0.0453792 0.997419 0.0556446 -0.0316687 -0.0212882 -0.0547238 0.998275 0.238481 0 0 0 1 
13001298760241;0.905295;0.203235;20;0.998684 -0.0409147 -0.0309312 0.559334 0.0459609 0.981552 0.185591 0.0723186 0.0227671 -0.186768 0.98214 -0.679385 0 0 0 1 
13001298760242;0.886526;0.171391;23;0.918162 -0.348672 0.188167 -0.966098 0.326293 0.934831 0.140087 -1.44676 -0.224749 -0.0672246 0.972095 0.272222 0 0 0 1 
13001298760243;0.836676;0.132888;21;0.949903 0.242871 0.196717 1.02129 -0.222467 0.967496 -0.120248 0.490733 -0.219528 0.0704612 0.973058 0.603573 0 0 0 1 
13001298760244;1.22657;0.124787;17;0.993615 0.11273 -0.00462119 0.989756 -0.112804 0.993383 -0.0215982 0.580111 0.00215585 0.0219816 0.999756 0.739298 0 0 0 1 
13001298760245;1.14759;0.179152;22;0.998955 -0.0401917 -0.0217643 -0.7826 0.0378694 0.994441 -0.0982528 0.213699 0.0255923 0.0973259 0.994923 -0.0416627 0 0 0 1 
13001298760246;0.304771;0.13593;23;0.94575 0.265228 -0.187645 1.10067 -0.273955 0.961497 -0.0217303 0.912407 0.174656 0.0719576 0.981997 -0.459395 0 0 0 1 
13001298760248;0.0489943;1.11627;21;0.927085 -0.366124 0.0804166 -1.38232 0.368535 0.929459 -0.0169795 -2.08008 -0.0685273 0.0453777 0.996617 0.329577 0 0 0 1 
13001298760249;0.420407;0.7863;18;0.948686 -0.308089 0.0712421 -1.19694 0.309218 0.950977 -0.00513072 -1.81529 -0.0661689 0.0268968 0.997446 -0.044565 0 0 0 1 
13001298760250;0.517589;0.931396;21;0.930813 -0.345959 0.117894 -1.2328 0.345143 0.938135 0.0279265 -1.85375 -0.120262 0.0146958 0.992633 0.858657 0 0 0 1 
13001298760251;0.918817;0.843521;29;0.907175 -0.370817 0.198817 -0.602539 0.379888 0.924997 -0.00815221 -1.56867 -0.180882 0.0829236 0.980003 0.469228 0 0 0 1 
13001298760252;0.624083;0.962311;19;0.945301 -0.323586 0.0412001 -1.51732 0.326165 0.939438 -0.105223 -1.30205 -0.0046563 0.112906 0.993595 0.459052 0 0 0 1 
13001298760253;0.848575;0.864664;19;0.976787 -0.185525 0.107084 -0.504844 0.172998 0.978019 0.116406 -1.12628 -0.126327 -0.0951786 0.987412 0.629494 0 0 0 1 
13001298760254;0.316984;1.01366;25;0.888306 -0.441855 0.125206 -1.53436 0.459126 0.860791 -0.21964 -2.28578 -0.010727 0.252593 0.967513 0.993154 0 0 0 1 
13001298760255;0.292142;0.951363;17;0.98714 -0.0929247 -0.130074 -0.621196 0.0932279 0.995638 -0.00376908 -0.929431 0.129857 -0.00840591 0.991497 -0.519498 0 0 0 1 
13001298760256;0.288912;0.937547;23;0.929025 -0.359646 0.0869841 -1.18331 0.364509 0.929957 -0.0480836 -2.12444 -0.0635984 0.0763774 0.995049 0.582138 0 0 0 1 
