#;prob_registration_l1 -r /home/probabilistic_point_clouds_registration/build/tester /home/point_clouds_registration_benchmark//devel/registration_pairs/box_met_local.txt /home/point_clouds_registration_benchmark//planetary/box_met -s 0.2 -t 0.2 -p 0.3 -r 1000 -m 10 -n 10 -i 100 
id;initial_error;final_error;transformation
7680147070000;1.79635;4.69102;72;0.870374 0.222579 0.439213 -10.8498 -0.160944 0.971604 -0.173442 -4.00538 -0.465346 0.0802705 0.881482 -32.8893 0 0 0 1 
7680147070001;0.811107;4.56939;77;0.968279 0.239951 0.0697101 -8.63603 -0.218228 0.947965 -0.231818 -6.51935 -0.121708 0.209252 0.970258 -12.7501 0 0 0 1 
7680147070002;1.49386;4.15501;63;0.95486 0.0470358 -0.293309 -6.49726 -0.122154 0.962212 -0.243366 -2.08578 0.270779 0.268209 0.924523 8.36536 0 0 0 1 
7680147070003;0.946768;4.28711;65;0.981805 0.18881 -0.0202625 -7.32524 -0.189173 0.963197 -0.190959 -6.33107 -0.0165382 0.191317 0.981389 -4.43917 0 0 0 1 
7680147070004;1.43077;4.91552;61;0.998525 -0.0506594 -0.0195189 -2.24522 0.0475749 0.989713 -0.134922 6.3292 0.0261531 0.133794 0.990664 -2.03335 0 0 0 1 
7680147070005;0.312811;4.55713;70;0.975077 0.216071 0.0503782 -7.84466 -0.216943 0.976105 0.01246 -6.23234 -0.0464821 -0.0230787 0.998652 -3.83213 0 0 0 1 
7680147070006;1.56238;5.0095;75;0.998417 0.0558046 -0.00701848 -3.52897 -0.0556551 0.998251 0.0199354 2.50656 0.00811869 -0.0195132 0.999777 -2.50689 0 0 0 1 
7680147070007;1.77223;5.26186;81;0.936391 0.257444 0.238527 -10.2773 -0.306344 0.93119 0.197583 -9.08491 -0.171247 -0.258086 0.950824 -9.5703 0 0 0 1 
7680147070008;0.368314;4.82725;73;0.959241 0.273735 0.0701806 -9.51107 -0.274003 0.96171 -0.00596587 -8.91718 -0.0691264 -0.013507 0.997516 -5.20401 0 0 0 1 
7680147070009;2.02654;4.91813;76;0.999216 0.0325604 0.0225141 -4.14636 -0.0307156 0.996486 -0.077927 3.85435 -0.0249723 0.0771744 0.996705 -7.14698 0 0 0 1 
7680147070010;1.67484;4.54669;69;0.987451 0.07848 -0.137044 -5.2633 -0.079784 0.996804 -0.00404014 0.939225 0.136289 0.0149233 0.990557 8.59926 0 0 0 1 
7680147070011;1.58383;4.77596;71;0.965408 0.0146294 0.260332 -4.07389 0.0757043 0.939689 -0.333546 8.30108 -0.24951 0.341717 0.906076 -20.6094 0 0 0 1 
7680147070012;1.55669;5.03039;89;0.994067 0.0821024 0.0713483 -5.50188 -0.0655867 0.975716 -0.20899 2.39897 -0.0867742 0.203071 0.975312 -8.41635 0 0 0 1 
7680147070013;1.90796;3.85468;54;0.993342 0.115036 0.00616345 -4.38974 -0.114125 0.975356 0.18883 -0.690767 0.0157108 -0.188276 0.98199 0.378382 0 0 0 1 
7680147070014;1.7784;4.73688;78;0.978084 0.204822 -0.0374249 -7.73311 -0.207291 0.97479 -0.0825539 -5.21684 0.0195725 0.0885024 0.995884 -4.15358 0 0 0 1 
7680147070015;0.363704;4.69535;69;0.998587 0.0208948 -0.0488571 -4.33225 -0.0014207 0.929614 0.368531 9.33509 0.0531187 -0.367941 0.928331 7.93249 0 0 0 1 
7680147070016;0.265959;4.59813;75;0.989627 0.141892 0.0224605 -6.02478 -0.14281 0.988653 0.0465984 -1.76378 -0.0155937 -0.0493226 0.998661 -1.70688 0 0 0 1 
7680147070017;0.994504;4.74036;70;0.998757 -0.0498364 0.00063611 -2.81147 0.049825 0.998683 0.0122005 8.81208 -0.0012433 -0.0121536 0.999925 -2.41495 0 0 0 1 
7680147070018;1.14391;4.82632;81;0.903499 0.209129 -0.374106 -16.1363 -0.201554 0.977653 0.0597478 -4.33896 0.378241 0.0214204 0.925459 20.3069 0 0 0 1 
7680147070019;1.59901;4.33152;75;0.994118 0.107777 0.0106644 -3.63244 -0.107788 0.994174 0.000439451 1.05431 -0.0105549 -0.00158635 0.999943 -1.56622 0 0 0 1 
7680147070020;1.99055;5.02212;81;0.964828 0.12936 0.228853 -8.42065 -0.151719 0.984942 0.0828918 -1.07732 -0.214684 -0.114698 0.969925 -10.8205 0 0 0 1 
7680147070021;1.30849;4.70863;74;0.969563 -0.0261597 -0.243441 -5.89593 0.0750682 0.978152 0.193867 12.7838 0.233051 -0.206241 0.950343 14.4134 0 0 0 1 
7680147070022;0.490232;4.95885;76;0.997856 -0.0249283 0.060513 -2.38342 0.0221488 0.998688 0.0461763 7.95954 -0.0615847 -0.0447371 0.997099 -3.75853 0 0 0 1 
7680147070023;1.93092;4.86146;90;0.978112 0.205815 0.0306263 -7.14909 -0.199104 0.968485 -0.149645 -2.95944 -0.0604604 0.140272 0.988265 -6.69652 0 0 0 1 
7680147070024;2.01577;5.10659;67;0.973139 0.182817 -0.139922 -7.16145 -0.152747 0.967461 0.201714 -1.9923 0.172245 -0.174923 0.969398 10.3801 0 0 0 1 
7680147070025;1.53658;5.11287;80;0.957286 0.0101989 -0.288962 -6.91592 -0.0455022 0.992239 -0.115721 2.20367 0.285539 0.123926 0.950321 10.8897 0 0 0 1 
7680147070026;1.23157;4.615;68;0.973887 0.222416 0.0455494 -7.45206 -0.225278 0.971603 0.0723631 -5.39145 -0.0281613 -0.0807348 0.996338 -0.115645 0 0 0 1 
7680147070027;1.05263;4.5911;70;0.933075 0.0833243 0.349897 -7.36374 -0.137565 0.981508 0.133111 -1.05007 -0.332335 -0.172336 0.927283 -18.2399 0 0 0 1 
7680147070028;0.137424;4.30519;65;0.996544 0.0813425 0.0168364 -4.04809 -0.0815392 0.996606 0.011344 0.884443 -0.0158565 -0.0126777 0.999794 -1.85943 0 0 0 1 
7680147070029;1.81513;4.986;96;0.993046 0.0985934 -0.0643389 -6.4754 -0.0999755 0.994816 -0.0186208 3.07592 0.0621695 0.0249236 0.997754 2.25769 0 0 0 1 
7680147070031;0.429088;1.94164;51;0.974332 -0.0374062 -0.221986 -4.44613 0.0379166 0.999279 -0.0019638 1.96706 0.2219 -0.00650358 0.975048 1.14124 0 0 0 1 
7680147070032;0.91489;1.86322;44;0.995096 -0.0146046 0.0978263 -2.12036 0.00569694 0.99586 0.0907231 2.75979 -0.0987463 -0.0897209 0.99106 0.10013 0 0 0 1 
7680147070033;0.415478;1.80307;51;0.975698 -0.00888513 0.21894 -2.64515 0.0745257 0.953067 -0.293443 1.65038 -0.206058 0.302628 0.930568 -9.89813 0 0 0 1 
7680147070034;0.600344;1.90104;46;0.984987 -0.0588271 -0.162297 -3.47616 0.0295789 0.983755 -0.177062 1.07847 0.170077 0.169603 0.970726 -2.07196 0 0 0 1 
7680147070035;0.44843;1.78889;46;0.997132 -0.0244681 0.0716108 -2.73409 0.00937542 0.978939 0.203939 2.64245 -0.0750925 -0.202682 0.976361 2.46653 0 0 0 1 
7680147070036;0.879785;1.74139;57;0.999733 -0.0224995 -0.00535301 -4.65102 0.0222875 0.999073 -0.0368204 2.3186 0.00617649 0.0366912 0.999308 -1.65884 0 0 0 1 
7680147070037;0.82527;1.75794;43;0.999655 0.00171063 0.0262048 -3.24951 -0.00229702 0.999747 0.0223636 1.90101 -0.0261599 -0.0224161 0.999406 1.40889 0 0 0 1 
7680147070038;0.802274;1.65841;48;0.977949 -0.0459051 0.203738 -2.14197 -0.015078 0.957479 0.288109 4.35149 -0.2083 -0.284828 0.935673 3.95281 0 0 0 1 
7680147070039;1.33952;1.96589;61;0.998859 0.04604 0.0126703 -6.99458 -0.0462676 0.998761 0.0182976 1.60886 -0.0118122 -0.0188629 0.999752 0.662116 0 0 0 1 
7680147070040;0.158831;1.80667;47;0.999708 -0.0187172 -0.0153149 -3.17753 0.016667 0.992079 -0.124506 1.19033 0.017524 0.124215 0.992101 -3.06444 0 0 0 1 
7680147070041;1.36617;1.76837;49;0.998457 -0.0301362 0.0466449 -2.8495 0.0286798 0.99909 0.0315839 2.11644 -0.0475542 -0.0301974 0.998412 -3.2693 0 0 0 1 
7680147070042;0.46675;1.87827;47;0.996058 0.00541955 0.0885368 -3.2658 0.013274 0.977785 -0.209188 0.982563 -0.0877037 0.209539 0.973859 -6.69501 0 0 0 1 
7680147070043;1.14629;1.69518;29;0.964793 0.0494414 0.25832 -1.52523 0.0104943 0.974153 -0.225644 -0.0537841 -0.2628 0.220411 0.939338 -7.58691 0 0 0 1 
7680147070044;0.702038;1.70989;44;0.999444 -0.00921048 -0.0320306 -3.40469 0.0113914 0.99758 0.0685859 2.23768 0.0313214 -0.0689127 0.997131 2.69231 0 0 0 1 
7680147070045;0.887978;1.84122;50;0.998969 -0.0197968 0.0408656 -3.12325 0.0202186 0.999746 -0.00993353 2.38633 -0.0406586 0.0107495 0.999115 -2.45116 0 0 0 1 
7680147070046;0.520495;1.72302;47;0.991936 -0.0490221 0.116876 -1.8073 0.0688356 0.982682 -0.172041 1.69349 -0.106418 0.178699 0.978132 -6.51613 0 0 0 1 
7680147070047;1.3778;2.00478;58;0.99658 0.0430525 -0.0705255 -7.27635 -0.0217788 0.960214 0.278415 4.21387 0.079706 -0.275927 0.957868 7.4267 0 0 0 1 
7680147070048;1.12108;1.86476;29;0.999992 -0.00339427 0.0021284 -1.66058 0.00349438 0.998796 -0.0489407 0.288531 -0.00195972 0.0489477 0.998799 -1.01604 0 0 0 1 
7680147070049;0.932757;1.7739;49;0.99716 -0.0526875 -0.0538055 -3.20479 0.0440955 0.987706 -0.149975 2.32137 0.0610458 0.147177 0.987225 -1.7294 0 0 0 1 
7680147070050;1.2993;1.7012;59;0.956914 -0.0436028 -0.287078 -6.66882 0.00667414 0.991703 -0.128378 1.16032 0.290294 0.12093 0.949266 -0.646856 0 0 0 1 
7680147070051;0.92457;1.74722;43;0.997313 -0.0437981 0.0587265 -1.72045 0.0271558 0.965519 0.258912 3.33557 -0.0680414 -0.256622 0.964114 2.58699 0 0 0 1 
7680147070052;0.840224;1.7896;37;0.962975 -0.0491323 -0.265077 -3.38621 0.0899799 0.985445 0.144226 3.62705 0.254133 -0.162738 0.95338 6.58419 0 0 0 1 
7680147070053;0.82655;1.72336;40;0.999954 -0.00526508 0.00798175 -2.69941 0.00541276 0.999812 -0.0185956 1.30774 -0.00788234 0.018638 0.999795 0.562063 0 0 0 1 
7680147070054;0.270576;2.00372;51;0.99822 0.00507873 0.0594214 -3.90568 -0.00763137 0.999054 0.0428105 1.76564 -0.0591478 -0.0431878 0.997315 -0.2596 0 0 0 1 
7680147070055;0.73698;1.77908;43;0.984353 -0.122551 -0.126613 -1.49141 0.0546089 0.895329 -0.442046 1.7544 0.167533 0.428215 0.888012 -7.49719 0 0 0 1 
7680147070056;0.896614;1.6813;44;0.998909 -0.0410352 -0.022303 -2.62225 0.040353 0.998728 -0.0302214 1.60328 0.0235148 0.0292884 0.999294 -2.88931 0 0 0 1 
7680147070057;0.403726;1.80715;53;0.997714 0.00788904 0.067122 -4.09437 -0.00459247 0.998782 -0.0491264 1.57731 -0.0674278 0.0487058 0.996535 -2.26233 0 0 0 1 
7680147070058;0.771956;1.73824;49;0.992323 0.0232064 0.121478 -3.64595 -0.00161071 0.984579 -0.17493 0.908095 -0.123665 0.173392 0.977058 -7.14425 0 0 0 1 
7680147070059;0.054331;1.74135;45;0.999193 -0.0273401 0.0294122 -2.54649 0.0278015 0.999495 -0.015394 1.77026 -0.0289765 0.0161993 0.999449 -1.31557 0 0 0 1 
7680147070060;0.252286;1.74813;45;0.999878 -0.000268071 0.0156211 -3.35257 -0.00392873 0.96341 0.268003 3.57417 -0.0151214 -0.268032 0.963291 4.64965 0 0 0 1 
7680147070062;0.694613;3.18498;31;0.996037 0.0709645 0.0536062 2.09108 -0.072464 0.997017 0.0265645 -2.59767 -0.0515612 -0.0303438 0.998209 -0.804461 0 0 0 1 
7680147070063;0.642429;2.68292;32;0.999074 -0.0268392 -0.0336181 3.52945 0.0267999 0.99964 -0.00161675 -0.346263 0.0336494 0.000714292 0.999433 0.536361 0 0 0 1 
7680147070064;1.73702;2.39067;14;0.996813 -0.0585478 -0.0541917 1.89205 0.0456859 0.975792 -0.213875 -0.29573 0.0654018 0.210717 0.975357 -3.12416 0 0 0 1 
7680147070065;2.03958;2.70445;13;0.982006 -0.0166674 -0.188113 -0.295232 0.0444709 0.988495 0.144568 1.87186 0.183539 -0.150332 0.971449 6.33157 0 0 0 1 
7680147070066;1.4044;2.50105;14;0.996931 -0.013472 0.0771122 1.87169 0.0237777 0.990651 -0.134332 -0.546427 -0.0745815 0.135754 0.987931 -3.90047 0 0 0 1 
7680147070067;2.44929;1.86411;21;0.996945 -0.0393173 -0.0674902 2.831 0.0402001 0.999122 0.0117723 -0.0923958 0.0669681 -0.0144494 0.99765 -0.645806 0 0 0 1 
7680147070068;0.72785;2.66578;31;0.997059 -0.00441351 -0.0765128 2.51174 0.0012265 0.999131 -0.0416504 -1.04329 0.0766302 0.041434 0.996198 2.22468 0 0 0 1 
7680147070069;0.403431;2.6031;28;0.996655 -0.0466572 0.0670948 3.87391 0.0705057 0.906046 -0.417264 -0.162046 -0.0413225 0.420599 0.906305 -8.53551 0 0 0 1 
7680147070070;2.46104;2.96708;30;0.928391 -0.137396 -0.345271 1.77219 0.0589954 0.971848 -0.228104 -1.12951 0.366892 0.1914 0.910361 3.80757 0 0 0 1 
7680147070071;1.40642;2.26411;20;0.948776 0.0536069 0.311368 2.24236 -0.0932591 0.989108 0.113882 -1.91851 -0.301871 -0.137086 0.943441 -6.43774 0 0 0 1 
7680147070072;0.468235;2.50816;28;0.996297 0.0231715 -0.0827964 1.8167 -0.0236055 0.999712 -0.00426651 -1.24198 0.0826737 0.00620516 0.996557 1.78364 0 0 0 1 
7680147070073;0.953779;1.69125;15;0.994692 0.015663 0.101699 1.79816 0.00513462 0.97956 -0.201085 -1.52783 -0.10277 0.20054 0.97428 -5.06748 0 0 0 1 
7680147070074;0.189263;2.44143;28;0.998895 -0.0399943 -0.0247005 3.22398 0.0350973 0.984104 -0.17409 -0.826896 0.0312705 0.17303 0.98442 -2.11733 0 0 0 1 
7680147070075;2.44638;2.48949;43;0.961344 -0.0966464 -0.257833 4.33828 0.0146444 0.952999 -0.302621 -1.68542 0.274962 0.287147 0.917574 2.04365 0 0 0 1 
7680147070076;2.31741;2.63823;32;0.996085 -0.0187615 -0.0863827 2.7513 0.0160276 0.999352 -0.0322344 -0.81524 0.0869315 0.0307237 0.99574 3.87523 0 0 0 1 
7680147070077;2.21484;2.36868;37;0.998976 0.0222386 -0.0394055 3.53481 -0.0266568 0.992961 -0.115403 -2.21105 0.0365617 0.116335 0.992537 1.0555 0 0 0 1 
7680147070078;0.226189;2.78938;32;0.991517 0.0282858 -0.126859 1.76912 0.0155922 0.943098 0.33215 2.66999 0.129036 -0.33131 0.934657 8.62148 0 0 0 1 
7680147070079;1.94297;2.89818;23;0.994814 0.000854201 0.101712 2.64653 0.0237032 0.970487 -0.239984 -0.505487 -0.0989151 0.241151 0.965434 -6.99452 0 0 0 1 
7680147070080;2.14298;2.50828;25;0.997695 -0.0678191 -0.00235668 3.12173 0.0660718 0.978738 -0.194183 0.144275 0.0154759 0.193579 0.980963 -0.346375 0 0 0 1 
7680147070081;1.69906;2.76993;38;0.999228 0.0156535 0.0360304 4.20401 -0.0109141 0.991693 -0.128163 -1.62561 -0.0377373 0.127671 0.991098 -1.52552 0 0 0 1 
7680147070082;2.0972;1.90496;21;0.958608 -0.103565 -0.265225 0.840412 0.0278645 0.961155 -0.2746 -1.06242 0.283361 0.255844 0.924257 3.99777 0 0 0 1 
7680147070083;0.59076;2.12703;23;0.999976 -0.00294295 0.00631538 2.33643 0.00482369 0.946481 -0.322724 -1.53251 -0.00502763 0.322747 0.946472 -6.05181 0 0 0 1 
7680147070084;0.946739;2.75341;39;0.999041 0.000608576 -0.0437837 3.59069 -0.000202533 0.999957 0.00927767 -0.963375 0.0437875 -0.0092599 0.998998 2.24316 0 0 0 1 
7680147070085;1.67199;2.73029;37;0.959816 0.0827244 -0.268159 -0.610827 0.0160837 0.937778 0.346864 3.05821 0.280167 -0.337238 0.898764 13.5862 0 0 0 1 
7680147070086;1.58068;2.40118;23;0.999703 0.00406202 -0.0240303 2.137 -0.00359508 0.999805 0.019443 -1.17815 0.0241046 -0.0193508 0.999522 -0.623209 0 0 0 1 
7680147070087;0.945675;3.1269;33;0.991258 0.00863724 -0.131653 1.80593 -0.0358773 0.977899 -0.205976 -3.05613 0.126964 0.208898 0.969661 -0.68917 0 0 0 1 
7680147070088;1.00125;2.78299;27;0.981581 0.0265191 0.189197 3.0081 -0.0224164 0.999466 -0.0237926 -2.21189 -0.189726 0.0191132 0.981651 -5.11081 0 0 0 1 
7680147070089;1.42162;3.27191;38;0.99893 0.0255539 0.0385453 3.35174 -0.0263696 0.999436 0.0208055 -1.98593 -0.0379919 -0.0217997 0.99904 1.21125 0 0 0 1 
7680147070090;0.678915;2.2236;28;0.998109 -0.0246134 -0.0563274 2.86536 0.0266072 0.999036 0.0349244 0.150934 0.0554135 -0.0363571 0.997801 1.89294 0 0 0 1 
7680147070091;1.30647;2.31733;15;0.987421 -0.0613143 -0.14574 1.13651 0.0456605 0.993055 -0.108428 0.347839 0.151376 0.10041 0.983363 1.96657 0 0 0 1 
7680147070093;0.528987;0.642652;14;0.995785 -0.0156415 -0.0903794 -0.974262 0.0213311 0.997827 0.062334 1.6639 0.089208 -0.0639991 0.993955 7.52277 0 0 0 1 
7680147070094;0.750267;0.848198;14;0.975931 -0.0275257 -0.216336 -2.78512 0.0547366 0.991165 0.120815 4.66349 0.211099 -0.129749 0.968815 17.6642 0 0 0 1 
7680147070095;1.32662;0.980437;35;0.994032 0.0897752 0.0619687 -3.6396 -0.069248 0.958247 -0.277431 -7.80345 -0.0842877 0.271484 0.958745 -12.6787 0 0 0 1 
7680147070096;1.72861;0.323055;20;0.998882 0.0427331 0.0202348 -1.48699 -0.0416841 0.997894 -0.0496962 -3.59084 -0.0223159 0.0487971 0.998559 0.462015 0 0 0 1 
7680147070097;1.58172;1.70565;13;0.997209 -0.00481845 -0.0745108 -0.776675 0.00907313 0.99834 0.0568689 0.990764 0.0741131 -0.0573862 0.995597 6.93825 0 0 0 1 
7680147070098;0.811119;0.415318;27;0.980507 -0.0480773 -0.190509 -2.77774 0.0277772 0.993781 -0.10783 0.489728 0.194509 0.100436 0.975745 12.4228 0 0 0 1 
7680147070099;0.734807;0.461722;27;0.99988 0.00508675 0.0146255 -1.31652 -0.00503139 0.99998 -0.00381969 -1.60527 -0.0146446 0.00374565 0.999886 -1.46501 0 0 0 1 
7680147070100;0.613699;0.295885;14;0.936205 0.0924412 0.339081 -4.79721 -0.0702019 0.994533 -0.0773044 -5.79623 -0.344373 0.0485687 0.937576 -26.6787 0 0 0 1 
7680147070101;0.463274;0.529623;14;0.998916 -0.00451426 -0.0463369 -0.547678 -0.00121508 0.992421 -0.122879 -1.28595 0.0465404 0.122802 0.991339 0.225845 0 0 0 1 
7680147070102;1.71997;1.303;18;0.990946 0.0622246 0.118972 -2.14344 -0.0388279 0.981072 -0.189711 -4.48176 -0.128525 0.183374 0.974605 -15.7101 0 0 0 1 
7680147070103;0.768405;0.622244;17;0.984722 0.0346186 0.170656 -1.10278 -0.0409448 0.998593 0.0336898 -2.77573 -0.16925 -0.0401626 0.984755 -9.81795 0 0 0 1 
7680147070104;1.11988;0.662901;33;0.999617 0.0250188 0.0118335 -1.99066 -0.0243651 0.998324 -0.0524904 -3.75869 -0.0131269 0.052182 0.998551 -2.28139 0 0 0 1 
7680147070105;0.792054;0.911979;17;0.970693 0.0509318 0.234863 -2.39421 -0.0474483 0.998664 -0.020463 -4.21691 -0.235591 0.00871949 0.971813 -17.766 0 0 0 1 
7680147070106;0.562855;0.52759;21;0.99815 0.0205172 -0.0572297 -1.90593 -0.0240293 0.997826 -0.061372 -2.43009 0.0558461 0.0626337 0.996473 3.49883 0 0 0 1 
7680147070107;0.610731;0.568402;14;0.999853 -0.0092071 0.0144772 -0.0367678 0.00708001 0.990033 0.140659 1.50011 -0.015628 -0.140536 0.989952 3.01947 0 0 0 1 
7680147070108;1.42716;1.15314;14;0.99912 0.0111536 -0.0404294 -0.950163 -0.0130455 0.998817 -0.0468386 -1.39834 0.0398591 0.0473249 0.998084 0.538095 0 0 0 1 
7680147070109;0.474796;0.478458;14;0.899021 0.0475559 0.435316 -5.57225 -0.10714 0.987761 0.113359 -6.92667 -0.424597 -0.148552 0.893112 -27.7642 0 0 0 1 
7680147070110;0.941477;0.618307;37;0.999884 -0.0030349 0.0148991 -1.3048 0.00403245 0.997719 -0.067387 -1.93232 -0.0146606 0.0674393 0.997616 -2.58481 0 0 0 1 
7680147070111;1.47967;1.33765;14;0.999928 0.00927682 0.00757814 -0.205935 -0.00910999 0.999722 -0.0217594 -0.864206 -0.00777789 0.0216888 0.999735 0.432349 0 0 0 1 
7680147070112;1.75011;0.576097;38;0.996034 0.000514715 -0.0889762 -3.21317 0.0307288 0.936467 0.349408 4.36794 0.0835031 -0.350756 0.932737 12.3533 0 0 0 1 
7680147070113;1.0332;0.874651;21;0.997158 0.0243458 0.0713034 -1.1849 -0.0201409 0.998048 -0.0591086 -2.12564 -0.0726032 0.0575044 0.995702 -5.98746 0 0 0 1 
7680147070114;0.426388;0.447015;21;0.982219 -0.0437501 0.182569 0.508571 -0.0306686 0.922012 0.385945 2.36556 -0.185216 -0.384681 0.904276 -4.19481 0 0 0 1 
7680147070115;1.70185;1.3138;16;0.994949 -0.0130818 -0.0995256 -1.37706 -0.0241774 0.931054 -0.364079 -3.91198 0.0974266 0.364647 0.926035 -2.43212 0 0 0 1 
7680147070116;1.08478;0.311486;25;0.997479 0.0568533 0.0424616 -2.50528 -0.0384638 0.936054 -0.349748 -4.24965 -0.0596307 0.347233 0.935881 -14.0863 0 0 0 1 
7680147070117;0.562653;0.732457;14;0.996835 0.023434 0.0759629 -0.557977 -0.0306261 0.995012 0.0949426 -1.58489 -0.073359 -0.0969686 0.99258 -2.71975 0 0 0 1 
7680147070118;0.421204;0.62496;14;0.992619 -0.0239599 -0.118881 -1.22105 0.0124003 0.995203 -0.0970399 -0.0464663 0.120636 0.0948496 0.988155 6.55788 0 0 0 1 
7680147070119;1.56631;0.542759;14;0.998026 0.0107074 0.0618889 -0.52692 -0.00699616 0.998181 -0.0598745 -1.58807 -0.0624175 0.0593233 0.996286 -8.22467 0 0 0 1 
7680147070120;0.829004;0.906544;30;0.9992 0.0282816 -0.0282905 -2.66926 -0.0327992 0.98408 -0.174674 -4.42038 0.0229001 0.175463 0.98422 -1.39748 0 0 0 1 
7680147070121;0.0967963;0.425363;17;0.997455 0.0102212 0.0705616 -0.430629 -0.0128405 0.999241 0.0367678 -1.14374 -0.0701323 -0.0375802 0.99683 -3.83438 0 0 0 1 
7680147070122;0.194803;0.398891;14;0.999684 -0.00828397 -0.0237229 -0.486152 0.0074416 0.999346 -0.0353791 -0.113011 0.0240005 0.0351914 0.999092 1.18503 0 0 0 1 
7680147070124;1.64617;1.49031;34;0.995369 -0.0105294 0.0955466 -1.24814 0.0241022 0.989568 -0.142036 2.6419 -0.0930543 0.143681 0.985239 -7.96536 0 0 0 1 
7680147070125;1.40625;1.19689;29;0.998681 -0.0413373 0.0304582 -1.29936 0.0413564 0.999144 3.09228e-06 4.40647 -0.0304323 0.00125655 0.999536 -4.0985 0 0 0 1 
7680147070126;1.2267;1.40812;41;0.998394 -0.0462504 -0.0327167 -2.2357 0.0466239 0.998855 0.0107464 5.94223 0.0321822 -0.0122545 0.999407 2.03427 0 0 0 1 
7680147070127;1.9725;1.10568;19;0.9868 -0.0598748 -0.150471 -1.38704 0.0404922 0.990853 -0.128726 3.76327 0.156802 0.120934 0.980198 8.51987 0 0 0 1 
7680147070128;1.62499;2.20877;42;0.96538 -0.0787271 -0.248683 -4.60379 0.0798231 0.996793 -0.00568984 7.3696 0.248334 -0.0143578 0.968568 13.2697 0 0 0 1 
7680147070129;0.486275;1.46974;28;0.998731 -0.0244362 -0.044033 -0.969272 0.0222667 0.998545 -0.049105 3.13887 0.0451689 0.0480623 0.997823 3.1101 0 0 0 1 
7680147070130;1.63305;2.19114;36;0.996707 -0.021023 0.0783114 -1.3821 0.0124676 0.994054 0.108177 3.77375 -0.0801199 -0.106844 0.991042 -4.13661 0 0 0 1 
7680147070131;2.14793;1.17066;30;0.933239 0.0644575 0.353425 -3.99595 0.0236493 0.970616 -0.239468 2.77548 -0.358476 0.231839 0.904293 -24.8258 0 0 0 1 
7680147070132;1.4581;2.268;39;0.995051 -0.0525163 -0.0843523 -2.39155 0.0518928 0.998607 -0.00956819 5.25083 0.0847373 0.00514356 0.99639 3.19525 0 0 0 1 
7680147070133;1.07349;2.21541;30;0.999387 -0.00554441 -0.034564 -1.3823 0.00523998 0.999947 -0.00889215 1.66091 0.0346115 0.00870558 0.999363 2.18077 0 0 0 1 
7680147070134;1.69636;1.59471;25;0.993018 -0.0297331 -0.114151 -1.8462 0.015085 0.991775 -0.127103 2.24056 0.116991 0.124493 0.985299 9.74887 0 0 0 1 
7680147070135;0.51747;1.47588;29;0.938573 -0.093791 -0.332091 -5.94897 0.0928128 0.995505 -0.0188439 7.53508 0.332366 -0.0131359 0.943059 20.1232 0 0 0 1 
7680147070136;0.646267;1.79001;30;0.915986 -0.115953 -0.38409 -8.24425 0.0647807 0.987509 -0.143629 5.61842 0.395946 0.106681 0.912056 25.966 0 0 0 1 
7680147070137;2.04694;2.42694;33;0.993034 -0.00447576 -0.117742 -2.38366 0.0216508 0.989195 0.145 3.8887 0.115821 -0.146539 0.982401 8.6421 0 0 0 1 
7680147070138;0.720049;1.26017;24;0.998991 -0.0350927 -0.0280337 -0.860061 0.0320743 0.994299 -0.101687 3.29163 0.0314423 0.100685 0.994421 1.45423 0 0 0 1 
7680147070139;1.74647;1.41327;32;0.998948 -0.0255897 0.0380474 -1.28955 0.0266815 0.999238 -0.0284726 3.3208 -0.0372898 0.0294578 0.99887 -5.01304 0 0 0 1 
7680147070140;0.663015;2.16243;35;0.999496 -0.031226 0.0057619 -1.54281 0.0315954 0.996083 -0.0825831 3.71123 -0.0031606 0.0827235 0.996568 -0.707302 0 0 0 1 
7680147070141;0.53013;1.63956;26;0.998967 -0.0437995 0.012102 -0.604039 0.0439339 0.998973 -0.0110664 4.36098 -0.0116049 0.0115867 0.999866 -0.94334 0 0 0 1 
7680147070142;1.96977;1.91033;50;0.981675 -0.0735554 -0.175797 -5.10197 0.0334479 0.97469 -0.221043 4.99415 0.187606 0.211113 0.959289 13.7014 0 0 0 1 
7680147070143;0.856847;1.65577;36;0.98293 -0.0376674 0.180084 -2.58001 0.00682037 0.985605 0.168928 2.91703 -0.183855 -0.164816 0.969037 -13.0024 0 0 0 1 
7680147070144;1.63732;1.95721;20;0.997092 0.00974912 0.075581 -0.578314 -0.0107383 0.999862 0.0126922 0.029018 -0.0754469 -0.0134669 0.997059 -6.24498 0 0 0 1 
7680147070145;0.140484;1.56645;31;0.998475 -0.054258 0.0102132 -1.26029 0.0543627 0.998468 -0.0102716 5.31722 -0.00964026 0.0108111 0.999895 -0.823431 0 0 0 1 
7680147070146;1.19743;1.298;35;0.994727 -0.0804146 -0.063657 -2.28765 0.0814388 0.996585 0.0136579 7.54415 0.0623413 -0.01877 0.997878 2.39338 0 0 0 1 
7680147070147;0.293378;1.37812;26;0.997741 -0.0076657 0.0667357 -0.816263 0.0140041 0.995375 -0.0950356 2.15197 -0.0656986 0.0957555 0.993234 -4.18088 0 0 0 1 
7680147070148;2.08491;1.4205;14;0.993499 -0.0373843 -0.10753 -1.08616 0.0552501 0.984185 0.168305 5.27273 0.0995377 -0.173151 0.979852 7.78861 0 0 0 1 
7680147070149;2.16398;1.818;39;0.986979 -0.0599739 -0.149248 -2.45658 0.0346136 0.985341 -0.16705 4.83747 0.157079 0.159709 0.974587 10.0825 0 0 0 1 
7680147070150;0.570326;1.98211;34;0.999276 -0.00859696 0.0370633 -1.1941 0.023625 0.90379 -0.427324 1.82913 -0.0298237 0.427891 0.903338 -0.634559 0 0 0 1 
7680147070151;0.700204;2.1352;43;0.993971 -0.0540981 -0.095369 -2.78506 0.0553971 0.998404 0.0110244 6.53966 0.0946204 -0.0162411 0.995381 5.35115 0 0 0 1 
7680147070152;0.196422;1.42368;28;0.998322 -0.0548026 -0.0186983 -1.07218 0.054481 0.998365 -0.0172987 5.14761 0.0196157 0.016251 0.999676 1.15836 0 0 0 1 
7680147070153;0.328459;1.94027;33;0.999299 -0.0240393 -0.0286816 -1.54883 0.0142516 0.953107 -0.302298 2.08383 0.0346037 0.301677 0.952782 3.06 0 0 0 1 
7680147070155;0.140686;3.734;65;0.999454 -0.00894562 -0.0317986 5.47436 0.00761805 0.999104 -0.0416279 2.26402 0.0321425 0.0413629 0.998627 3.48161 0 0 0 1 
7680147070156;0.73666;3.58199;68;0.99929 -0.00532927 -0.037286 6.00103 0.00362036 0.998946 -0.0457508 1.43916 0.0374906 0.0455833 0.998257 4.29943 0 0 0 1 
7680147070157;1.89722;4.02993;64;0.996266 -0.0446597 -0.0738839 3.57424 0.0471669 0.998357 0.0325439 7.49618 0.0723091 -0.0359073 0.996736 9.70924 0 0 0 1 
7680147070158;1.79956;3.794;68;0.99739 -0.024782 -0.0678155 5.11598 0.0103579 0.978646 -0.205291 3.1883 0.0714549 0.204053 0.976349 9.11469 0 0 0 1 
7680147070159;1.65931;3.77766;49;0.998813 0.00211898 -0.0486667 3.51497 -0.00408343 0.999179 -0.0403015 0.412829 0.0485414 0.0404524 0.998002 3.86597 0 0 0 1 
7680147070160;0.0621527;3.74393;67;0.998348 0.0310454 -0.0483547 5.43432 -0.0332538 0.998408 -0.0455567 -2.26007 0.0468634 0.0470894 0.997791 5.34177 0 0 0 1 
7680147070161;0.430207;3.9241;69;0.996307 -0.0461082 -0.0724381 5.30288 0.0404161 0.99612 -0.0781708 6.10099 0.0757614 0.0749544 0.994305 8.51119 0 0 0 1 
7680147070162;0.473536;3.50455;58;0.968762 0.0731027 0.236973 2.72284 -0.0723293 0.997309 -0.0119681 -6.32473 -0.237211 -0.00554594 0.971442 -26.4967 0 0 0 1 
7680147070163;0.736349;3.54602;55;0.991596 0.0286662 0.126155 4.16008 -0.0438976 0.991843 0.119665 -3.35238 -0.121695 -0.124198 0.984767 -13.3452 0 0 0 1 
7680147070164;0.540732;3.96698;69;0.995232 -0.0761358 -0.0609605 4.83924 0.0648432 0.983384 -0.169562 8.1453 0.0728574 0.164801 0.983632 9.05659 0 0 0 1 
7680147070165;1.76832;3.45572;59;0.999728 -0.00134663 -0.0232622 4.845 0.000278039 0.998947 -0.0458791 1.17072 0.0232995 0.0458602 0.998676 5.43093 0 0 0 1 
7680147070166;0.877488;3.48332;59;0.994959 0.0155336 -0.099075 4.70234 -0.00341877 0.992611 0.121295 1.04631 0.100227 -0.120345 0.98766 9.03513 0 0 0 1 
7680147070167;0.355143;3.88053;66;0.995132 -0.0680867 -0.0712434 4.70119 0.0651626 0.996965 -0.0425955 8.70484 0.0739274 0.0377457 0.996549 8.46288 0 0 0 1 
7680147070168;0.458362;3.69337;64;0.999791 -0.00468222 0.0198866 5.89225 0.0030134 0.996534 0.0831324 2.5227 -0.0202069 -0.0830551 0.99634 -2.96137 0 0 0 1 
7680147070169;1.52541;3.75096;72;0.958071 -0.058899 -0.280413 1.71199 0.07586 0.995864 0.0500114 9.94578 0.276308 -0.0691866 0.958576 28.652 0 0 0 1 
7680147070170;1.71122;3.67881;51;0.996941 0.0404917 0.0668449 4.2694 -0.0351642 0.996251 -0.0790381 -2.49613 -0.0697947 0.0764458 0.994628 -6.61646 0 0 0 1 
7680147070171;1.73488;3.52559;72;0.993206 -0.0402683 -0.109176 6.4304 0.00791273 0.959416 -0.281885 2.21485 0.116096 0.279106 0.953216 12.6008 0 0 0 1 
7680147070172;1.09968;3.5366;65;0.999813 -0.0139538 -0.0134056 6.15588 0.0134482 0.999221 -0.0370957 2.25672 0.0139128 0.0369084 0.999222 1.81798 0 0 0 1 
7680147070173;0.591876;3.32432;57;0.960618 0.0197547 -0.277168 -0.453141 -0.00631324 0.998764 0.0493044 1.07511 0.2778 -0.0456129 0.959556 30.4279 0 0 0 1 
7680147070174;1.36958;3.97657;59;0.997618 -0.0546342 0.0421027 4.55016 0.060755 0.985021 -0.161378 7.25815 -0.0326553 0.163552 0.985994 -4.55005 0 0 0 1 
7680147070175;0.533565;3.73285;65;0.998963 0.00451689 -0.0453049 5.50227 -0.00650679 0.999016 -0.0438715 1.06393 0.0450622 0.0441208 0.998009 5.58845 0 0 0 1 
7680147070176;0.79171;3.32662;54;0.992018 0.0595484 0.111148 4.94026 -0.0457243 0.99135 -0.123024 -4.38727 -0.117512 0.11696 0.98616 -11.6423 0 0 0 1 
7680147070177;1.74498;3.60597;55;0.960079 0.0534926 0.274567 1.62348 -0.0250084 0.994029 -0.106215 -2.61616 -0.278609 0.0951087 0.955684 -30.3187 0 0 0 1 
7680147070178;1.38005;3.96515;59;0.995593 -0.0408677 0.0844006 4.43258 0.0515331 0.990392 -0.128328 6.41783 -0.0783452 0.132112 0.988134 -9.57401 0 0 0 1 
7680147070179;1.66284;3.41078;59;0.998587 0.0318519 0.0425306 6.15501 -0.0327562 0.999248 0.0207369 -2.9052 -0.0418382 -0.0221007 0.99888 -3.47245 0 0 0 1 
7680147070180;1.25183;3.28035;50;0.969456 0.0533921 -0.239384 0.376752 -0.0209474 0.990476 0.136083 -0.735583 0.24437 -0.126912 0.961341 24.2944 0 0 0 1 
7680147070181;1.00094;3.32983;51;0.997108 0.0532099 0.0542541 4.95059 -0.0622121 0.981571 0.180686 -5.26172 -0.04364 -0.183539 0.982043 -6.74998 0 0 0 1 
7680147070182;1.8528;3.46268;47;0.979898 0.0450773 0.19434 3.72663 -0.065945 0.992567 0.10228 -5.84119 -0.188285 -0.11304 0.975587 -23.8551 0 0 0 1 
7680147070183;0.963883;3.34303;61;0.988011 0.0644172 0.140304 5.47218 -0.0858213 0.984603 0.15229 -7.78847 -0.128333 -0.162506 0.978326 -15.6445 0 0 0 1 
7680147070184;0.147928;3.46491;60;0.998677 -0.0039275 -0.051265 4.98368 0.00314574 0.999878 -0.0153212 1.70147 0.0513189 0.0151397 0.998568 5.77377 0 0 0 1 
7680147070186;1.27351;5.17445;68;0.992552 0.119493 0.0237218 3.56688 -0.117444 0.990293 -0.074342 -7.0227 -0.0323748 0.0710023 0.996951 -3.01342 0 0 0 1 
7680147070187;0.700101;5.34675;77;0.942528 0.122407 0.310897 -0.187935 -0.176877 0.972197 0.153453 -12.314 -0.283469 -0.199624 0.937974 -30.7801 0 0 0 1 
7680147070188;1.39118;5.40957;72;0.996883 0.056128 0.0554497 5.15476 -0.0579753 0.997796 0.0322873 -0.701544 -0.0535153 -0.0354013 0.997939 -8.01133 0 0 0 1 
7680147070189;1.30828;5.59482;82;0.963451 -0.00869579 -0.267744 1.59559 0.10414 0.933016 0.344437 20.8008 0.246814 -0.359731 0.89982 28.4421 0 0 0 1 
7680147070190;1.12112;5.32782;67;0.990984 0.055164 0.122101 4.39119 -0.0934506 0.937628 0.334844 -2.22155 -0.0960139 -0.343235 0.934329 -9.76204 0 0 0 1 
7680147070191;1.94775;5.62937;87;0.99761 0.0399938 -0.0563471 7.0246 -0.0277149 0.978599 0.203902 5.16034 0.063296 -0.201853 0.977368 7.40829 0 0 0 1 
7680147070192;1.68036;5.61953;77;0.98642 0.00851346 0.164021 4.86273 -0.00454099 0.999688 -0.0245791 6.6298 -0.164179 0.0235005 0.986151 -18.4191 0 0 0 1 
7680147070193;1.11849;4.99251;69;0.997622 -0.0153805 0.0671904 6.16873 0.0326609 0.963888 -0.264297 8.59806 -0.060699 0.265863 0.962098 -8.23325 0 0 0 1 
7680147070194;0.766853;5.34467;65;0.999659 0.00568688 0.025493 4.903 -0.00624867 0.999738 0.0220119 4.80468 -0.0253611 -0.0221637 0.999433 -3.47766 0 0 0 1 
7680147070195;0.416426;5.01806;68;0.995979 0.0558343 0.0700596 4.9573 -0.0503444 0.995696 -0.0778196 -0.118639 -0.074103 0.0739795 0.994503 -9.48825 0 0 0 1 
7680147070196;0.748225;5.22652;63;0.999198 0.0217637 0.0336197 4.56959 -0.0244409 0.996383 0.08139 3.04129 -0.0317268 -0.0821464 0.996115 -3.02522 0 0 0 1 
7680147070197;0.500793;5.16438;71;0.996942 0.0751727 0.0213457 4.67173 -0.0688569 0.974205 -0.214903 -2.38804 -0.03695 0.212776 0.976402 -6.1839 0 0 0 1 
7680147070198;0.104802;5.41376;74;0.99974 0.0117824 0.0195338 5.85526 -0.0136836 0.99487 0.100237 4.93685 -0.0182525 -0.100478 0.994772 -1.61081 0 0 0 1 
7680147070199;1.797;5.07313;61;0.979838 0.0831549 0.181669 3.27322 -0.075622 0.99598 -0.0480178 -3.77812 -0.184931 0.0333115 0.982187 -23.4898 0 0 0 1 
7680147070200;0.574851;4.95981;69;0.997024 0.0748823 -0.018302 4.00399 -0.0734617 0.994923 0.0687869 -1.91224 0.02336 -0.0672377 0.997463 2.08383 0 0 0 1 
7680147070201;1.66238;5.73161;73;0.97293 -0.00977257 -0.230895 1.23321 0.0100877 0.999949 0.000184366 5.84794 0.230882 -0.00250858 0.972979 24.3949 0 0 0 1 
7680147070202;0.856075;5.85317;74;0.999036 0.0248553 0.036173 5.56469 -0.0307984 0.984206 0.174329 3.16439 -0.0312687 -0.175275 0.984023 -2.1443 0 0 0 1 
7680147070203;0.151635;5.24536;70;0.999537 0.0166598 0.0254776 5.5838 -0.0170828 0.999718 0.0164761 4.26437 -0.0251959 -0.0169037 0.99954 -3.00542 0 0 0 1 
7680147070204;1.87474;5.51169;63;0.999622 -0.00197748 0.0274251 4.24036 0.00208777 0.99999 -0.00399363 5.30997 -0.0274169 0.00404938 0.999616 -1.79191 0 0 0 1 
7680147070205;1.34644;5.45449;82;0.999337 0.0255284 0.0259762 7.0063 -0.0280404 0.994446 0.101446 5.01252 -0.0232421 -0.102107 0.994502 -2.54866 0 0 0 1 
7680147070206;0.882492;5.0252;69;0.910394 -0.115787 -0.39721 -5.14996 0.0707136 0.989461 -0.126355 13.6687 0.407654 0.0869452 0.908988 43.5571 0 0 0 1 
7680147070207;1.16879;5.20976;61;0.991579 0.105024 0.0757762 3.08308 -0.110347 0.991435 0.0698619 -6.57084 -0.0677899 -0.0776352 0.994674 -6.13242 0 0 0 1 
7680147070208;1.24601;5.1996;62;0.992411 0.112234 0.0502475 3.4724 -0.117599 0.985655 0.121053 -7.25122 -0.0359404 -0.126044 0.991373 -3.39323 0 0 0 1 
7680147070209;1.20929;5.32838;74;0.99796 -0.00643175 -0.0635199 6.01392 0.0314006 0.915709 0.400613 12.3686 0.0555891 -0.40179 0.914043 7.43277 0 0 0 1 
7680147070210;1.69015;5.32926;79;0.999195 0.0280286 0.0286929 6.36793 -0.0286828 0.999332 0.0226472 4.85369 -0.028039 -0.0234519 0.999332 -1.86603 0 0 0 1 
7680147070211;0.940014;5.7173;75;0.989783 0.0143499 -0.14186 3.63161 0.0140416 0.980277 0.19713 8.93204 0.141891 -0.197108 0.970059 17.808 0 0 0 1 
7680147070212;1.74535;5.55905;80;0.999747 -0.00115845 0.0224456 6.13097 0.00103067 0.999983 0.00570361 7.76895 -0.0224518 -0.00567903 0.999732 -4.00593 0 0 0 1 
7680147070213;0.400202;5.01701;68;0.99853 0.0339461 0.0422444 5.06016 -0.0356435 0.99856 0.0400973 2.29531 -0.0408224 -0.0415441 0.998302 -4.79011 0 0 0 1 
7680147070214;0.315659;5.65744;74;0.998391 0.0127518 -0.0552485 5.40663 -0.00795957 0.996254 0.0861074 5.75419 0.0561396 -0.0855291 0.994753 6.42026 0 0 0 1 
7680147070215;0.611277;5.48156;75;0.996381 0.0453559 0.0718802 5.01617 -0.0477134 0.998367 0.031426 0.824384 -0.0703374 -0.034742 0.996918 -8.73062 0 0 0 1 
7680147070217;0.89674;3.67117;61;0.998286 -0.00133347 0.0585075 -4.45273 8.64338e-05 0.999773 0.0213115 -1.18285 -0.0585226 -0.0212699 0.998059 -2.03547 0 0 0 1 
7680147070218;1.73564;3.90478;69;0.99988 -0.0106045 0.0113047 -5.46045 0.01054 0.999928 0.00575442 -0.47024 -0.0113649 -0.00563458 0.99992 1.64472 0 0 0 1 
7680147070219;1.39452;3.63664;58;0.960906 -0.0411381 -0.2738 -5.49864 0.0161417 0.995542 -0.0929294 -1.15041 0.276403 0.0848769 0.957287 6.29255 0 0 0 1 
7680147070220;0.267296;3.57697;60;0.999471 0.0108072 -0.0306677 -4.35587 -0.0222498 0.915079 -0.402661 -2.15967 0.0237117 0.403131 0.914835 4.12245 0 0 0 1 
7680147070221;1.27015;4.06753;56;0.999741 -0.013686 0.0181882 -3.64785 0.00913878 0.973161 0.229942 -0.434281 -0.020847 -0.229717 0.973034 -2.81743 0 0 0 1 
7680147070222;1.97297;3.69043;75;0.996075 0.0175705 0.086752 -6.34067 -0.0206926 0.999165 0.0352213 -2.22303 -0.0860608 -0.0368782 0.995607 -0.940678 0 0 0 1 
7680147070223;1.53331;3.99596;71;0.997913 -0.00173615 -0.0645533 -5.55535 0.00223272 0.999968 0.00762106 -1.79022 0.0645381 -0.00774929 0.997885 -0.0338643 0 0 0 1 
7680147070224;2.30376;3.697;63;0.912393 -0.0925179 -0.398722 -6.60856 0.0496985 0.991953 -0.116444 -0.748571 0.406286 0.086427 0.909649 4.08452 0 0 0 1 
7680147070225;1.4585;3.74724;58;0.998761 -0.0126298 -0.0481253 -4.22217 0.0102533 0.998731 -0.0493135 -0.259982 0.0486871 0.048759 0.997623 2.2901 0 0 0 1 
7680147070226;1.86707;4.02595;67;0.998459 -0.00226981 -0.0554472 -5.22339 0.00175262 0.999955 -0.00937453 -0.439672 0.055466 0.0092629 0.998418 2.96599 0 0 0 1 
7680147070227;0.781577;3.58841;57;0.999783 0.00361861 -0.0205339 -3.98419 -0.00350533 0.999978 0.00555024 -1.29234 0.0205536 -0.00547705 0.999774 -0.561992 0 0 0 1 
7680147070228;0.400914;3.79841;62;0.998443 0.00192159 0.0557489 -4.37082 -0.00378768 0.999435 0.0333867 -1.16349 -0.0556533 -0.0335459 0.997886 -1.06049 0 0 0 1 
7680147070229;0.955663;3.70144;66;0.999722 -0.00793697 -0.0222041 -5.17999 0.00712269 0.999308 -0.0365144 -0.72164 0.0224785 0.0363461 0.999086 0.960412 0 0 0 1 
7680147070230;0.317185;3.53889;59;0.980636 -0.0377853 -0.192159 -5.16711 0.0303503 0.998678 -0.04149 -0.616649 0.193473 0.0348545 0.980486 3.43394 0 0 0 1 
7680147070231;1.12926;3.90155;59;0.999983 0.00198687 0.0053911 -4.24809 -0.00205957 0.999907 0.0135129 -0.80861 -0.00536375 -0.0135238 0.999894 -0.984375 0 0 0 1 
7680147070232;1.51388;4.07635;71;0.999965 0.00125691 0.00830723 -5.61653 -0.00146769 0.999676 0.025416 -2.15623 -0.0082726 -0.0254273 0.999642 -1.34613 0 0 0 1 
7680147070233;1.97376;3.97097;71;0.991645 0.00536279 -0.128883 -6.07881 0.0374334 0.944177 0.327306 -0.298005 0.123443 -0.329396 0.936088 -2.43983 0 0 0 1 
7680147070234;1.9935;3.52204;55;0.999695 0.00265522 -0.0245616 -3.96305 -0.00486342 0.995904 -0.090287 -1.46164 0.0242212 0.0903789 0.995613 -1.17185 0 0 0 1 
7680147070235;1.53051;3.93327;62;0.987185 -0.0229598 -0.157918 -4.84026 0.0221415 0.999731 -0.00693976 -1.12097 0.158035 0.00335429 0.987428 1.07214 0 0 0 1 
7680147070236;0.104269;3.83561;63;0.999923 0.000254559 0.0123775 -4.65228 -0.000354836 0.999967 0.00810002 -1.1093 -0.0123751 -0.00810379 0.999891 -0.120591 0 0 0 1 
7680147070237;2.06657;3.64938;74;0.997648 -0.0126425 -0.0673646 -6.72866 0.00109742 0.985662 -0.16873 -1.17005 0.0685319 0.168259 0.983358 4.06346 0 0 0 1 
7680147070238;1.4657;3.68058;53;0.915844 0.0280915 0.400551 -3.69586 -0.131042 0.963842 0.232026 -3.01703 -0.37955 -0.264988 0.88641 -8.72147 0 0 0 1 
7680147070239;0.672786;3.46281;58;0.992529 0.0102571 0.12158 -4.00863 -0.019245 0.997147 0.0729838 -1.10886 -0.120484 -0.0747783 0.989895 -1.86062 0 0 0 1 
7680147070240;1.69401;3.91089;62;0.99883 0.00637492 0.0479398 -4.43218 -0.0103358 0.99651 0.0828341 -0.777643 -0.0472444 -0.0832327 0.99541 0.523383 0 0 0 1 
7680147070241;1.89764;3.77087;57;0.995809 -0.0265121 -0.0875349 -4.45295 0.0449772 0.975296 0.216274 -0.919288 0.0796386 -0.219304 0.972401 -3.04307 0 0 0 1 
7680147070242;1.04234;3.83991;70;0.998032 -0.00950408 -0.0619829 -5.64148 0.0102827 0.999872 0.0122551 -0.802236 0.0618585 -0.0128683 0.998002 1.58469 0 0 0 1 
7680147070243;1.63774;3.39755;65;0.97002 0.033212 0.240745 -5.26573 -0.0429773 0.998448 0.0354253 -2.37257 -0.239195 -0.0447099 0.969942 -3.91896 0 0 0 1 
7680147070244;2.23994;4.04762;59;0.996485 0.0150895 -0.0824034 -4.06957 0.00330434 0.975799 0.218644 -1.08792 0.0837084 -0.218148 0.972319 1.36697 0 0 0 1 
7680147070245;0.410551;3.94938;64;0.999756 -0.00944644 -0.0199433 -4.89776 0.00963908 0.999908 0.0095856 -0.852438 0.0198509 -0.0097755 0.999755 -0.241066 0 0 0 1 
7680147070246;0.921508;3.69547;60;0.994632 -0.0295343 -0.0991683 -4.78511 0.0250615 0.998625 -0.0460495 -0.593539 0.100392 0.0433171 0.994005 0.833716 0 0 0 1 
7680147070248;1.50847;2.30352;57;0.975717 0.0785369 -0.204471 1.33274 -0.0126785 0.952193 0.305234 2.68764 0.218668 -0.29523 0.930066 22.5169 0 0 0 1 
7680147070249;1.33018;2.2204;57;0.990337 0.12642 0.0570141 3.60985 -0.126668 0.991945 0.000745893 -8.26902 -0.0564606 -0.00796053 0.998373 -3.96183 0 0 0 1 
7680147070250;0.124558;2.09639;54;0.994076 0.107391 0.0167588 2.11373 -0.107281 0.994202 -0.00733758 -7.229 -0.0174496 0.00549621 0.999833 -2.25146 0 0 0 1 
7680147070251;0.53556;2.3347;48;0.973782 0.155633 0.165912 0.439006 -0.171183 0.981662 0.0838761 -12.7224 -0.149816 -0.110079 0.982567 -12.6333 0 0 0 1 
7680147070252;1.1295;2.19039;47;0.976179 0.183333 0.116036 0.357684 -0.174274 0.981108 -0.0839992 -13.1324 -0.129244 0.0617762 0.989687 -10.4302 0 0 0 1 
7680147070253;0.578449;1.74587;46;0.998775 0.0114047 -0.0481592 2.98169 -0.0115863 0.999927 -0.00349274 1.07488 0.0481159 0.00404645 0.998834 4.49655 0 0 0 1 
7680147070254;1.15198;2.04306;60;0.996569 0.0821965 0.00971166 3.57728 -0.0821537 0.996608 -0.00472663 -4.21592 -0.0100672 0.00391257 0.999942 -2.97113 0 0 0 1 
7680147070255;0.370863;2.30675;58;0.980437 0.164079 0.108727 0.735519 -0.196105 0.861757 0.467887 -12.0648 -0.0169259 -0.480055 0.877075 1.8384 0 0 0 1 
7680147070256;1.32328;1.85383;39;0.963248 0.117581 0.241514 -1.00037 -0.0663053 0.975364 -0.210403 -4.56623 -0.260303 0.186657 0.947313 -27.6482 0 0 0 1 
7680147070257;0.807316;2.21628;62;0.970656 0.0219717 -0.239467 0.943891 -0.0698922 0.978605 -0.193512 -4.50598 0.230092 0.20457 0.951425 19.0112 0 0 0 1 
7680147070258;0.260139;2.0307;51;0.947818 0.189507 0.256374 -2.16709 -0.149948 0.974645 -0.166079 -11.4462 -0.281347 0.11897 0.952203 -27.074 0 0 0 1 
7680147070259;0.965988;1.88474;48;0.986638 0.0740142 0.145144 1.8555 -0.0825291 0.995149 0.0535413 -5.19727 -0.140477 -0.0648046 0.987961 -12.4886 0 0 0 1 
7680147070260;0.831214;2.2775;68;0.985317 0.170659 -0.00502114 1.61794 -0.167899 0.973881 0.152862 -10.5148 0.0309772 -0.149774 0.988235 3.14992 0 0 0 1 
7680147070261;1.06706;1.72567;46;0.983326 0.103281 0.149678 1.09727 -0.0629499 0.965504 -0.252664 -4.07272 -0.17061 0.239028 0.955907 -19.5782 0 0 0 1 
