#;prob_registration_l1 -r /home/probabilistic_point_clouds_registration/build/tester /home/point_clouds_registration_benchmark//devel/registration_pairs/gazebo_winter_local.txt /home/point_clouds_registration_benchmark//eth/gazebo_winter -s 0.2 -t 0.2 -p 0.3 -r 1000 -m 10 -n 10 -i 100 
id;initial_error;final_error;transformation
38591597440000;0.538033;0.0351116;23;0.993294 -0.10213 -0.0541968 -0.406627 0.10392 0.994093 0.0312986 -0.437816 0.0506802 -0.0367209 0.99804 0.538086 0 0 0 1 
38591597440001;0.518725;0.0291822;41;0.950834 0.250361 0.182301 0.0385701 -0.266699 0.961158 0.071037 1.08561 -0.157436 -0.116164 0.980673 -0.0549775 0 0 0 1 
38591597440002;0.466312;0.0229153;27;0.984039 -0.132214 0.119109 0.0756977 0.136873 0.990079 -0.0317834 -0.310021 -0.113725 0.0475788 0.992372 -0.209266 0 0 0 1 
38591597440003;0.369171;0.0353986;34;0.979756 0.200196 0.0001691 -0.198801 -0.200196 0.979756 0.000631971 0.776386 -3.91587e-05 -0.000653031 1 0.388045 0 0 0 1 
38591597440004;0.566929;0.0302697;55;0.877083 0.414321 -0.24303 1.06128 -0.397522 0.910111 0.116935 1.64309 0.269633 -0.00595175 0.962945 -1.6711 0 0 0 1 
38591597440005;0.214626;0.0266103;21;0.994802 -0.0823841 -0.0598553 0.000967581 0.0819703 0.996591 -0.00934087 -0.290592 0.0604208 0.00438596 0.998163 -0.59748 0 0 0 1 
38591597440006;0.296525;0.0327778;34;0.96058 -0.217862 -0.17269 0.168533 0.239272 0.96417 0.114566 -0.991512 0.141543 -0.15137 0.978291 -0.363144 0 0 0 1 
38591597440007;0.55939;0.0318034;26;0.989786 0.142553 -0.00165306 0.0654756 -0.142112 0.987511 0.0680139 0.188863 0.011328 -0.0670843 0.997683 -0.869254 0 0 0 1 
38591597440008;0.573696;0.0260675;32;0.90923 0.00859562 0.416205 0.32425 -0.111979 0.967987 0.224636 0.477691 -0.40095 -0.250852 0.881086 2.45356 0 0 0 1 
38591597440009;0.226381;0.029056;19;0.999376 -0.0295818 0.0193139 0.053561 0.0288503 0.998894 0.0371142 0.0969528 -0.0203905 -0.0365338 0.999124 -0.247423 0 0 0 1 
38591597440010;0.405479;0.0294324;31;0.934806 -0.110152 0.337645 0.0940638 0.223755 0.920948 -0.319044 -0.764969 -0.27581 0.373794 0.885555 1.66271 0 0 0 1 
38591597440011;0.432428;0.0162918;45;0.932545 -0.345029 -0.106375 0.411289 0.360989 0.885367 0.292937 -1.77609 -0.00689087 -0.311577 0.950196 -0.271463 0 0 0 1 
38591597440012;0.493861;0.0316899;20;0.996292 -0.00247608 -0.0860004 0.346182 -0.00217615 0.998541 -0.0539596 -0.250528 0.0860085 0.0539467 0.994833 0.330916 0 0 0 1 
38591597440013;0.489902;0.0244712;52;0.894798 0.406571 0.184489 0.260723 -0.411506 0.911322 -0.0124754 1.47123 -0.173201 -0.0647554 0.982755 0.359433 0 0 0 1 
38591597440014;0.265078;0.0281822;24;0.950709 -0.0586715 0.304483 -0.0508713 0.0910926 0.991455 -0.0933794 -0.276476 -0.296402 0.116513 0.947929 1.43838 0 0 0 1 
38591597440015;0.50504;0.0300672;46;0.941639 -0.328895 0.0717206 0.401622 0.302639 0.920426 0.247439 -1.68508 -0.147395 -0.211293 0.966245 0.161996 0 0 0 1 
38591597440016;0.306367;0.0307162;28;0.960686 0.118558 -0.251051 0.290375 -0.0708207 0.978971 0.19131 0.0138335 0.268453 -0.166009 0.94888 -1.35708 0 0 0 1 
38591597440017;0.306001;0.0319594;27;0.991885 -0.126653 0.0111302 -0.211973 0.127124 0.989398 -0.0702201 -0.887917 -0.00211856 0.0710652 0.997469 0.101384 0 0 0 1 
38591597440018;0.310987;0.0315032;35;0.97544 0.219769 -0.0147617 0.447244 -0.219985 0.975387 -0.0150546 1.03982 0.0110899 0.0179322 0.999778 -0.303656 0 0 0 1 
38591597440019;0.565481;0.023671;38;0.985693 -0.16218 0.0458985 -0.568156 0.146754 0.959729 0.239549 -0.236118 -0.0829003 -0.229386 0.969799 -0.152073 0 0 0 1 
38591597440020;0.471158;0.0330595;38;0.947984 -0.317951 -0.0152628 -0.0170766 0.309008 0.930713 -0.195672 -1.29499 0.0764194 0.180777 0.980551 0.277717 0 0 0 1 
38591597440021;0.264772;0.0248855;37;0.95963 0.216282 0.17981 0.0757706 -0.226048 0.97347 0.035473 1.03769 -0.167367 -0.0746867 0.983062 0.55107 0 0 0 1 
38591597440022;0.382739;0.0280058;21;0.994496 -0.0270486 -0.101226 -0.304102 0.033366 0.997565 0.0612456 -0.466006 0.0993234 -0.0642861 0.992976 -0.0835741 0 0 0 1 
38591597440023;0.504596;0.241473;17;0.987927 0.152108 -0.0293914 0.0729765 -0.153597 0.986445 -0.0577411 0.785195 0.0202102 0.0615585 0.997899 -0.572962 0 0 0 1 
38591597440024;0.223621;0.0330202;27;0.997131 -0.0543241 0.0527147 -0.0283332 0.0660405 0.964661 -0.255084 0.0673209 -0.0369946 0.257834 0.965481 0.321142 0 0 0 1 
38591597440025;0.497841;0.0279144;34;0.937648 -0.23143 0.25934 -0.34389 0.266292 0.957817 -0.108046 -1.34734 -0.223395 0.17037 0.959723 0.611994 0 0 0 1 
38591597440026;0.507307;0.0220034;48;0.915615 -0.335491 -0.221575 0.459929 0.345248 0.938494 0.00567608 -0.892683 0.206042 -0.0816952 0.975127 -0.603464 0 0 0 1 
38591597440027;0.37107;0.0224539;34;0.995884 0.0038853 0.0905547 -0.232252 -0.0457404 0.884074 0.465103 0.112762 -0.0782501 -0.46733 0.880613 0.355983 0 0 0 1 
38591597440028;0.144155;0.0203001;27;0.985693 -0.159729 -0.0538203 0.04088 0.158258 0.986924 -0.0305799 -0.601921 0.058001 0.0216249 0.998082 -0.15331 0 0 0 1 
38591597440029;0.386592;0.0277887;44;0.932412 -0.327152 0.153555 0.0522528 0.278342 0.921087 0.272258 -1.44613 -0.230507 -0.211115 0.949893 0.857194 0 0 0 1 
38591597440031;0.613756;0.0345479;45;0.940884 -0.210306 -0.265533 -0.0100881 0.185107 0.975741 -0.116899 -1.74827 0.283676 0.0608367 0.956989 -1.32999 0 0 0 1 
38591597440032;0.317715;0.0465481;37;0.935265 0.297897 -0.191147 1.02477 -0.317627 0.944674 -0.0818776 1.43976 0.15618 0.137291 0.978141 -0.414245 0 0 0 1 
38591597440033;0.586776;0.0432957;38;0.925721 -0.102476 0.364059 0.481123 0.0846318 0.994311 0.0646801 0.107432 -0.368616 -0.0290648 0.929127 1.46233 0 0 0 1 
38591597440034;0.22655;0.0396892;37;0.985583 -0.1475 0.0828821 -0.326647 0.161346 0.966827 -0.198024 -0.997738 -0.050924 0.208542 0.976687 0.616182 0 0 0 1 
38591597440035;0.489052;0.0474908;39;0.985985 -0.0916404 0.139409 -0.0369785 0.104959 0.990269 -0.0913805 -1.27513 -0.129678 0.104732 0.98601 0.755894 0 0 0 1 
38591597440036;0.235684;0.0392794;30;0.985614 -0.168992 0.00249481 -0.140851 0.169008 0.985401 -0.0205376 -0.567832 0.00101231 0.0206638 0.999786 -0.024292 0 0 0 1 
38591597440037;0.200232;0.0449634;21;0.994325 0.103899 0.0228438 0.163413 -0.103953 0.994581 0.00117596 0.396456 -0.0225978 -0.00354397 0.999738 -0.231556 0 0 0 1 
38591597440038;0.419626;0.0353435;45;0.947618 0.31131 -0.0714545 0.840584 -0.319374 0.926644 -0.198323 1.06232 0.00447296 0.210755 0.977529 0.815024 0 0 0 1 
38591597440039;0.360484;0.0397726;23;0.998741 -0.0172361 0.0471046 -0.0547392 0.0241347 0.988382 -0.15006 -0.279411 -0.0439709 0.151008 0.987554 -0.0735287 0 0 0 1 
38591597440040;0.46013;0.0407228;29;0.880337 0.236107 -0.411412 1.39582 -0.244733 0.969047 0.0324529 0.914598 0.40634 0.0721164 0.910871 -1.94247 0 0 0 1 
38591597440041;0.266595;0.0372462;19;0.998411 0.0553517 0.0105729 -0.359132 -0.0554792 0.998386 0.0121754 0.165282 -0.00988188 -0.0127426 0.99987 0.0598452 0 0 0 1 
38591597440042;0.263344;0.0398214;29;0.965722 0.2166 -0.14306 0.599262 -0.201419 0.972921 0.113377 0.479708 0.163743 -0.0806754 0.983199 -0.730544 0 0 0 1 
38591597440043;0.518284;0.045075;41;0.961454 0.269821 -0.0529458 1.0338 -0.262817 0.95838 0.111515 1.08551 0.0808312 -0.0933013 0.992351 -1.28585 0 0 0 1 
38591597440044;0.328581;0.0474081;39;0.963044 0.252318 0.0942461 0.53408 -0.244199 0.965566 -0.0897132 1.23397 -0.113637 0.0633829 0.991498 0.925982 0 0 0 1 
38591597440045;0.358212;0.0404333;28;0.97795 0.165553 0.127303 0.120025 -0.169388 0.98535 0.0198381 0.927412 -0.122154 -0.0409642 0.991665 0.866046 0 0 0 1 
38591597440046;0.061941;0.0470684;14;0.999475 -0.00741631 0.031528 0.00582309 0.00664119 0.999675 0.0246193 -0.0492639 -0.0317003 -0.024397 0.9992 0.0623901 0 0 0 1 
38591597440047;0.281023;0.0385634;28;0.982739 0.171069 -0.0704209 0.555592 -0.162754 0.98046 0.110499 0.42129 0.0879478 -0.0971305 0.991378 -0.941369 0 0 0 1 
38591597440048;0.595102;0.0490974;36;0.986508 0.0499578 -0.155902 0.0126209 8.32946e-05 0.952148 0.305638 -0.892639 0.16371 -0.301527 0.939298 -2.04742 0 0 0 1 
38591597440049;0.461067;0.0411494;30;0.897197 0.124746 -0.423645 0.991111 -0.207658 0.96578 -0.155395 0.807826 0.389763 0.227393 0.8924 -1.6286 0 0 0 1 
38591597440050;0.266343;0.0414398;30;0.998778 0.0132721 -0.0475989 0.0812913 -0.0272292 0.95164 -0.306007 0.151416 0.0412357 0.306929 0.950839 0.135559 0 0 0 1 
38591597440051;0.432966;0.0338967;28;0.92585 0.190179 -0.326549 1.13718 -0.189487 0.981286 0.0342457 1.09047 0.326951 0.0301706 0.94456 -1.20609 0 0 0 1 
38591597440052;0.0767887;0.0455365;17;0.994694 -0.0173434 0.101404 -0.0580507 0.0200435 0.99947 -0.0256696 -0.140093 -0.100905 0.0275659 0.994514 0.445854 0 0 0 1 
38591597440053;0.465189;0.0396181;38;0.971952 0.225516 -0.0667205 0.971323 -0.218783 0.971114 0.0952394 1.42014 0.0862713 -0.0779708 0.993216 -0.429317 0 0 0 1 
38591597440054;0.503874;0.045504;22;0.997143 0.0482359 0.0581292 -0.769464 -0.0527967 0.995423 0.079663 0.151099 -0.0540205 -0.0825044 0.995126 0.217994 0 0 0 1 
38591597440055;0.362809;0.0473441;25;0.993264 -0.115606 0.00788456 -0.204785 0.115611 0.993295 -8.87597e-05 -0.673753 -0.00782142 0.000999701 0.999969 -0.55435 0 0 0 1 
38591597440056;0.349297;0.0420925;43;0.950868 0.287131 0.11578 0.641665 -0.309272 0.898056 0.312804 0.883909 -0.0141607 -0.333243 0.942735 -0.375987 0 0 0 1 
38591597440057;0.335627;0.0537957;36;0.9273 -0.0192618 -0.373824 0.530351 0.0371957 0.998474 0.040819 -0.165795 0.372467 -0.051756 0.926601 -1.68532 0 0 0 1 
38591597440058;0.689618;0.220338;25;0.98383 0.166228 -0.0666904 -0.445296 -0.166938 0.985954 -0.00518363 1.0619 0.064892 0.016233 0.99776 -0.597837 0 0 0 1 
38591597440059;0.45308;0.029071;19;0.999972 0.00620965 0.00405774 -0.377983 -0.00617901 0.999953 -0.0075215 -0.371448 -0.00410426 0.00749622 0.999963 -0.553529 0 0 0 1 
38591597440060;0.265486;0.0477634;21;0.995784 -0.0895439 0.0198901 -0.00160071 0.08811 0.994053 0.0639967 -0.68526 -0.0255023 -0.0619744 0.997752 0.287185 0 0 0 1 
38591597440062;0.128316;0.0468723;21;0.997203 -0.0745528 0.00531714 -0.242486 0.0729865 0.98664 0.145651 -0.490429 -0.0161048 -0.144856 0.989322 -0.419186 0 0 0 1 
38591597440063;0.451456;0.0433843;23;0.996152 -0.0365865 0.0796467 -0.267048 0.00915288 0.947166 0.320614 -0.523375 -0.0871687 -0.318651 0.943855 0.19748 0 0 0 1 
38591597440064;0.130373;0.0499014;22;0.997575 0.0695947 -7.80628e-05 0.00975152 -0.0693522 0.994004 -0.084534 0.18138 -0.00580552 0.0843344 0.996421 0.166025 0 0 0 1 
38591597440065;0.480669;0.0527246;31;0.950761 0.0815088 0.299016 -0.0782685 -0.0604394 0.995036 -0.079062 0.350197 -0.303976 0.0570968 0.950967 0.841509 0 0 0 1 
38591597440066;0.373674;0.0582944;27;0.918214 0.0317443 0.39481 0.0784627 -0.0721621 0.993508 0.0879463 0.372534 -0.389455 -0.109244 0.914544 1.66807 0 0 0 1 
38591597440067;0.212733;0.0547782;28;0.984196 0.14142 0.106578 0.269454 -0.16536 0.949296 0.267381 0.409572 -0.0633611 -0.280779 0.957679 -0.402822 0 0 0 1 
38591597440068;0.0642751;0.0524166;17;0.998351 -0.0384586 -0.0426097 -0.151286 0.0359831 0.997702 -0.0574158 -0.123818 0.0447199 0.0557879 0.997441 -0.0594375 0 0 0 1 
38591597440069;0.225205;0.0450307;19;0.993883 -0.0512825 -0.0978093 -0.124994 0.0436896 0.995976 -0.0782518 -0.137202 0.101429 0.0734999 0.992124 -0.653171 0 0 0 1 
38591597440070;0.596655;0.039346;27;0.983551 -0.13293 0.122301 -1.04251 0.145203 0.984577 -0.0975906 -0.00698879 -0.107442 0.113744 0.987683 0.471782 0 0 0 1 
38591597440071;0.538974;0.0478206;31;0.96786 0.205312 0.145238 0.244865 -0.232964 0.949485 0.210251 1.22657 -0.0947345 -0.237329 0.966799 0.421263 0 0 0 1 
38591597440072;0.398938;0.0410411;35;0.986608 0.0845342 -0.139493 0.372666 -0.129921 0.924351 -0.358743 0.925709 0.0986147 0.372062 0.922955 0.19436 0 0 0 1 
38591597440073;0.454646;0.0484169;35;0.971248 0.237665 0.0138789 0.160665 -0.237648 0.971347 -0.00292164 0.757985 -0.0141756 -0.000460648 0.999899 -0.340973 0 0 0 1 
38591597440074;0.403252;0.0481415;24;0.995245 -0.09737 0.00262072 0.331881 0.0973996 0.994537 -0.037544 -0.357757 0.00104926 0.0376208 0.999292 0.261677 0 0 0 1 
38591597440075;0.606683;0.0549906;41;0.998773 -0.0436214 -0.0234343 0.294469 0.029102 0.899988 -0.434941 0.00571942 0.0400634 0.433726 0.900154 1.67964 0 0 0 1 
38591597440076;0.528752;0.0464074;20;0.999248 0.0219519 -0.0319587 -0.630043 -0.021163 0.999468 0.0248186 0.215418 0.0324865 -0.0241236 0.999181 0.299906 0 0 0 1 
38591597440077;0.46683;0.34338;18;0.965106 0.0833111 0.248254 -0.455683 -0.125819 0.978967 0.1606 0.644734 -0.229652 -0.186231 0.955289 0.502325 0 0 0 1 
38591597440078;0.164495;0.0490508;16;0.999922 -0.0105971 0.00658343 -0.345741 0.0106447 0.999917 -0.00724579 -0.110993 -0.00650611 0.00731531 0.999952 0.0795871 0 0 0 1 
38591597440079;0.383028;0.051408;34;0.935179 0.0703828 0.347111 0.474598 -0.126221 0.981936 0.140958 0.366293 -0.33092 -0.175634 0.92717 0.600509 0 0 0 1 
38591597440080;0.593423;0.0521828;39;0.943537 -0.327969 -0.0466346 -0.307737 0.328454 0.944516 0.00291445 -1.32438 0.0430912 -0.0180672 0.998908 0.447304 0 0 0 1 
38591597440081;0.611108;0.0545612;36;0.939582 -0.0077182 -0.342236 0.921658 -0.106823 0.943213 -0.314545 0.442358 0.325229 0.332099 0.885402 -1.16749 0 0 0 1 
38591597440082;0.502695;0.374323;18;0.99432 0.105002 0.0173828 -0.340373 -0.106111 0.990683 0.0853647 0.545351 -0.00825733 -0.0867244 0.996198 -0.70851 0 0 0 1 
38591597440083;0.715049;0.0622762;44;0.909248 -0.371053 0.188647 -0.564746 0.401639 0.90109 -0.16347 -2.18731 -0.109332 0.224403 0.968344 2.00784 0 0 0 1 
38591597440084;0.378082;0.0535952;22;0.988665 -0.00487664 0.150058 -0.229101 -0.0245225 0.980805 0.193443 -0.0643117 -0.148121 -0.19493 0.969568 -0.445188 0 0 0 1 
38591597440085;0.428084;0.504817;13;0.99833 0.0319386 0.0481273 -0.228678 -0.0321878 0.999472 0.00441135 0.0337671 -0.047961 -0.0059531 0.998831 0.276093 0 0 0 1 
38591597440086;0.348552;0.0574269;43;0.952139 0.213569 -0.218678 0.763042 -0.277265 0.904598 -0.323768 1.10248 0.128669 0.368904 0.920518 0.553171 0 0 0 1 
38591597440087;0.456571;0.0459975;31;0.970882 -0.237728 -0.0295685 -1.0072 0.238506 0.970783 0.0263537 -1.28572 0.0224396 -0.0326386 0.999215 -0.681983 0 0 0 1 
38591597440088;0.581918;0.0464864;19;0.991563 0.0393845 0.123498 -0.461908 -0.0423036 0.998882 0.0211029 0.538598 -0.122529 -0.0261493 0.99212 -0.312966 0 0 0 1 
38591597440089;0.343578;0.0462224;32;0.975172 -0.182672 -0.125185 -0.276932 0.138567 0.944292 -0.298517 -0.44809 0.172742 0.273759 0.946159 -0.425945 0 0 0 1 
38591597440090;0.290589;0.0481773;20;0.994231 -0.10436 0.0247616 -0.258059 0.10399 0.994453 0.0158194 -0.142372 -0.0262751 -0.0131532 0.999568 0.324478 0 0 0 1 
38591597440091;0.344699;0.341902;13;0.998642 -0.0448517 0.0264974 -0.336253 0.0458917 0.998144 -0.0400433 -0.213985 -0.0246522 0.0412049 0.998847 0.167238 0 0 0 1 
38591597440093;0.395285;0.0209294;38;0.92039 -0.32845 0.212137 -0.0311302 0.340282 0.940093 -0.02083 -0.0654549 -0.192587 0.091358 0.977018 -0.223155 0 0 0 1 
38591597440094;0.48271;0.0264725;32;0.900916 0.0976811 0.422858 0.0878764 -0.131557 0.989965 0.0516032 0.45468 -0.413574 -0.10212 0.904725 -0.118618 0 0 0 1 
38591597440095;0.208258;0.0229313;31;0.966682 0.255894 -0.00661802 -0.115085 -0.255587 0.96631 0.0303408 0.253017 0.0141591 -0.0276385 0.999518 0.00477591 0 0 0 1 
38591597440096;0.348707;0.0236045;40;0.905587 0.36576 -0.214781 0.0237102 -0.325323 0.92386 0.201612 0.329916 0.272169 -0.112704 0.955626 -0.0599472 0 0 0 1 
38591597440097;0.0996698;0.0200142;19;0.995921 -0.08446 -0.0317403 0.0492516 0.0842301 0.99641 -0.00851312 -0.137944 0.0323454 0.00580491 0.99946 0.0825963 0 0 0 1 
38591597440098;0.341585;0.0235107;37;0.917718 -0.299756 0.260655 0.206427 0.269345 0.951861 0.146337 -0.429473 -0.291972 -0.0640896 0.954277 0.409937 0 0 0 1 
38591597440099;0.517514;0.025453;40;0.868082 0.254955 0.425949 -0.640106 -0.283005 0.959115 0.00267725 0.572191 -0.407851 -0.12287 0.904743 0.514644 0 0 0 1 
38591597440100;0.554576;0.0178093;33;0.899939 0.239806 0.364146 -0.818319 -0.224765 0.9708 -0.0838381 -0.312599 -0.373618 -0.00639811 0.927561 0.372341 0 0 0 1 
38591597440101;0.308911;0.0172581;18;0.997489 0.0102619 -0.0700765 0.42216 -0.011563 0.999768 -0.0181866 -0.190586 0.0698736 0.0189512 0.997376 -0.683249 0 0 0 1 
38591597440102;0.281264;0.0263754;36;0.965282 0.227691 0.128016 -0.0997637 -0.25031 0.946401 0.20413 0.494287 -0.074676 -0.229087 0.970537 0.0593572 0 0 0 1 
38591597440103;0.458862;0.0282932;39;0.940686 -0.324779 0.0981224 0.71558 0.30532 0.936475 0.172612 -0.790733 -0.14795 -0.132415 0.98009 -0.0592777 0 0 0 1 
38591597440104;0.179607;0.0227106;19;0.980597 0.0440681 -0.191018 0.137402 -0.0339742 0.997864 0.0558011 -0.139226 0.193069 -0.0482287 0.979999 -0.253386 0 0 0 1 
38591597440105;0.407802;0.0221302;46;0.891733 -0.450863 -0.0391866 0.598829 0.449468 0.892417 -0.039621 -0.470912 0.0528344 0.0177182 0.998446 -0.135342 0 0 0 1 
38591597440106;0.119513;0.0213311;16;0.998079 -0.00797062 0.0614454 -0.109278 0.0116186 0.998176 -0.0592422 0.0848323 -0.0608611 0.0598423 0.996351 -0.128794 0 0 0 1 
38591597440107;0.268114;0.0207497;36;0.956393 -0.291739 -0.0141832 0.0283104 0.289864 0.953981 -0.0768116 -0.106376 0.0359394 0.0693509 0.996945 0.0640568 0 0 0 1 
38591597440108;0.407271;0.0193815;37;0.925809 0.356256 -0.126331 -0.335765 -0.336417 0.928981 0.154331 0.385399 0.172341 -0.100381 0.979909 0.323557 0 0 0 1 
38591597440109;0.443389;0.0214136;26;0.975165 0.161007 0.152085 -0.707648 -0.18487 0.96988 0.158606 -0.529683 -0.121967 -0.182783 0.975558 0.0970888 0 0 0 1 
38591597440110;0.432632;0.0221562;25;0.97296 -0.0736538 0.218915 -0.608033 0.130028 0.958003 -0.255584 0.435661 -0.190896 0.277138 0.941676 0.0435294 0 0 0 1 
38591597440111;0.338245;0.0238444;34;0.911437 0.348043 -0.219426 0.0830546 -0.34235 0.93734 0.0647353 0.160879 0.228207 0.0161182 0.973479 -0.014166 0 0 0 1 
38591597440112;0.277197;0.0206006;27;0.970448 0.136407 0.199055 -0.335247 -0.0995805 0.977764 -0.184555 -0.0654952 -0.219804 0.159279 0.962453 0.241464 0 0 0 1 
38591597440113;0.357829;0.0176794;36;0.95939 0.281903 0.0101077 -0.109114 -0.281841 0.95646 0.0758232 0.198067 0.0117072 -0.0755928 0.99707 -0.528243 0 0 0 1 
38591597440114;0.246214;0.015739;30;0.97397 0.222458 0.0435265 -0.174364 -0.215081 0.967578 -0.132414 0.476349 -0.0715718 0.119605 0.990238 -0.0494813 0 0 0 1 
38591597440115;0.388473;0.0255309;43;0.881266 -0.35751 0.309121 0.180229 0.38129 0.924279 -0.018046 -0.392808 -0.279263 0.133768 0.950851 0.330986 0 0 0 1 
38591597440116;0.336493;0.0193221;40;0.94151 -0.300698 0.152118 0.283252 0.335184 0.882241 -0.33061 0.0187445 -0.0347914 0.36226 0.931427 -0.210417 0 0 0 1 
38591597440117;0.374866;0.0165073;20;0.999725 0.0212529 -0.00988948 0.850831 -0.020976 0.999407 0.0273013 -0.192814 0.0104638 -0.0270864 0.999578 0.240791 0 0 0 1 
38591597440118;0.178075;0.018803;27;0.985737 -0.136072 0.0990315 0.0633415 0.155843 0.960166 -0.231935 0.0200154 -0.0635269 0.24406 0.967677 -0.0191475 0 0 0 1 
38591597440119;0.473817;0.0276409;32;0.984172 -0.175037 0.0277137 1.06936 0.17536 0.984457 -0.00968135 -0.38739 -0.0255883 0.014388 0.999569 0.382161 0 0 0 1 
38591597440120;0.215098;0.0276823;30;0.969057 -0.246564 0.0116119 0.247335 0.246453 0.969101 0.0101601 -0.337909 -0.0137583 -0.0069839 0.999881 0.015872 0 0 0 1 
38591597440121;0.418127;0.0236389;21;0.992052 0.0921962 0.0856289 0.0532372 -0.0978085 0.993156 0.0638326 -0.0119712 -0.0791577 -0.0717005 0.99428 1.06063 0 0 0 1 
38591597440122;0.192825;0.0193814;32;0.972195 0.232395 0.0287845 -0.14495 -0.23417 0.965253 0.115984 0.171606 -0.000830244 -0.119499 0.992834 0.102238 0 0 0 1 
38591597440124;0.0779043;0.0510919;15;0.99922 0.0198962 -0.0341104 0.0724872 -0.0204351 0.999671 -0.0155229 0.10294 0.0337904 0.0162079 0.999298 0.139139 0 0 0 1 
38591597440125;0.14453;0.0494443;27;0.998791 0.0151588 -0.0467684 0.150855 -0.00385166 0.972481 0.232949 -0.165007 0.0490126 -0.232487 0.971364 -0.577943 0 0 0 1 
38591597440126;0.34028;0.0504868;30;0.95302 -0.155444 0.259981 -0.674742 0.189863 0.975304 -0.112846 -0.20819 -0.236019 0.156905 0.958997 0.295207 0 0 0 1 
38591597440127;0.280733;0.0508268;22;0.976079 -0.10727 0.189111 -0.453747 0.102619 0.994131 0.0342443 0.263565 -0.191675 -0.0140187 0.981358 0.25455 0 0 0 1 
38591597440128;0.300881;0.0659054;36;0.931219 0.362256 -0.0400282 1.0123 -0.346783 0.914482 0.208482 0.0810827 0.112129 -0.180261 0.977207 -0.54131 0 0 0 1 
38591597440129;0.231531;0.058547;28;0.957496 0.0977047 -0.271396 0.575792 -0.0368109 0.974582 0.220987 0.032058 0.286089 -0.201603 0.936754 -0.716796 0 0 0 1 
38591597440130;0.346361;0.0492145;26;0.99224 -0.122798 0.0194913 -0.350764 0.122595 0.992393 0.0112857 -0.71338 -0.0207289 -0.0088086 0.999746 -0.210535 0 0 0 1 
38591597440131;0.336968;0.278676;23;0.974246 -0.21658 0.0627524 -0.293639 0.215742 0.976247 0.0199252 0.121872 -0.0655773 -0.00587378 0.99783 0.132811 0 0 0 1 
38591597440132;0.344656;0.061555;33;0.901166 0.356166 -0.247074 1.18497 -0.372418 0.927831 -0.020837 0.175486 0.221822 0.110793 0.968772 0.225147 0 0 0 1 
38591597440133;0.350181;0.0557493;26;0.987787 0.15528 0.0128669 0.266173 -0.153004 0.982278 -0.10826 -0.380535 -0.0294495 0.104969 0.994039 0.495922 0 0 0 1 
38591597440134;0.561974;0.0409217;45;0.903357 -0.358067 0.236079 -0.408381 0.356257 0.932951 0.0518115 -0.276588 -0.238802 0.0373004 0.970352 0.902546 0 0 0 1 
38591597440135;0.216019;0.0528759;26;0.978883 -0.0269028 -0.202645 0.227203 0.0534136 0.990526 0.126516 -0.212301 0.197321 -0.134668 0.971045 -0.573256 0 0 0 1 
38591597440136;0.499684;0.0504278;41;0.969774 -0.244004 -0.000155447 -0.171391 0.243186 0.966469 0.0824484 -0.694381 -0.0199675 -0.0799941 0.996595 -0.864673 0 0 0 1 
38591597440137;0.297035;0.0387614;19;0.994455 0.104296 0.0134642 0.130358 -0.103389 0.993056 -0.0561249 0.70801 -0.0192243 0.0544217 0.998333 0.119617 0 0 0 1 
38591597440138;0.314957;0.0602891;29;0.937647 0.275711 0.211666 0.765286 -0.283095 0.95908 0.00479337 0.381507 -0.201683 -0.0644161 0.97733 -0.100499 0 0 0 1 
38591597440139;0.155913;0.0513261;20;0.994736 -0.00778436 0.102174 0.172927 0.0239618 0.987136 -0.158078 0.172594 -0.0996291 0.159694 0.982126 0.61358 0 0 0 1 
38591597440140;0.442404;0.0542672;27;0.984326 -0.0656004 0.163702 -0.119573 0.0151304 0.956233 0.292214 -0.209208 -0.175707 -0.285157 0.942238 0.163483 0 0 0 1 
38591597440141;0.257242;0.0482438;33;0.976239 0.1733 -0.130093 0.772471 -0.112669 0.918755 0.378412 -0.332504 0.185103 -0.354763 0.91645 -1.0863 0 0 0 1 
38591597440142;0.222719;0.0628818;21;0.977291 0.124496 0.171475 0.279531 -0.126879 0.991914 0.00296465 0.231561 -0.16972 -0.0246539 0.985184 0.290871 0 0 0 1 
38591597440143;0.482302;0.0538838;31;0.940763 0.181923 -0.286128 0.868652 -0.0962451 0.952441 0.289125 -0.785437 0.325118 -0.24446 0.91353 -0.770428 0 0 0 1 
38591597440144;0.255934;0.0498734;17;0.9965 0.0816027 -0.0181047 0.361035 -0.0813794 0.996602 0.0127493 0.35492 0.0190836 -0.0112313 0.999755 -0.531791 0 0 0 1 
38591597440145;0.370694;0.0642399;47;0.921364 -0.327833 -0.208838 -0.430577 0.308742 0.943646 -0.119206 -0.294624 0.236149 0.0453554 0.970658 -0.147707 0 0 0 1 
38591597440146;0.299941;0.0494166;20;0.996077 0.0661299 -0.0587951 0.255548 -0.0715937 0.992776 -0.0962768 -0.10726 0.0520036 0.100108 0.993617 0.767172 0 0 0 1 
38591597440147;0.410512;0.0475018;32;0.983808 -0.176749 0.0296935 -0.747734 0.176813 0.984244 0.000476915 0.170742 -0.0293099 0.00478099 0.999559 -0.603848 0 0 0 1 
38591597440148;0.471802;0.404655;23;0.965294 -0.204754 -0.162123 0.176147 0.209199 0.977815 0.0106535 0.268539 0.156345 -0.0441998 0.986713 -0.0721021 0 0 0 1 
38591597440149;0.337741;0.0562501;17;0.999941 0.00438041 -0.00996428 0.187719 -0.00444276 0.999971 -0.00624434 0.288043 0.00993664 0.00628824 0.999931 -0.698776 0 0 0 1 
38591597440150;0.131256;0.0497888;16;0.998731 -0.0499816 -0.00623323 -0.160245 0.0499652 0.998747 -0.0027747 0.0908024 0.0063641 0.00245974 0.999977 -0.210652 0 0 0 1 
38591597440151;0.387023;0.298288;18;0.988178 -0.115167 -0.101196 0.0634836 0.115906 0.993259 0.00143442 -0.0755018 0.100349 -0.0131468 0.994865 0.272263 0 0 0 1 
38591597440152;0.263342;0.0532639;44;0.959891 -0.280065 -0.0131509 -0.522112 0.280355 0.959315 0.0333903 -0.323012 0.0032644 -0.0357379 0.999356 -0.0552839 0 0 0 1 
38591597440153;0.441403;0.0457232;21;0.988888 0.138608 -0.0537506 0.435796 -0.129046 0.979831 0.152569 0.597757 0.0738139 -0.143938 0.98683 0.242403 0 0 0 1 
38591597440155;0.258376;0.00507923;19;0.998757 0.0427278 0.0256549 -0.603651 -0.0438188 0.998088 0.0435912 0.243737 -0.0237433 -0.0446612 0.99872 0.51224 0 0 0 1 
38591597440156;0.221561;0.00525624;17;0.999778 0.0122829 -0.017143 0.0276067 -0.0135791 0.996887 -0.0776647 0.00804922 0.0161357 0.0778802 0.996832 -0.715519 0 0 0 1 
38591597440157;0.430412;0.00783904;49;0.909056 -0.416085 -0.0221659 0.816435 0.405425 0.895538 -0.183417 0.153005 0.0961673 0.157749 0.982785 -0.390523 0 0 0 1 
38591597440158;0.209175;0.011728;19;0.9875 0.0357975 0.153502 -0.0992951 -0.042341 0.998319 0.0395723 0.164528 -0.151827 -0.0455771 0.987356 0.643124 0 0 0 1 
38591597440159;0.222826;0.00580534;33;0.963596 -0.22272 -0.147913 -0.0151522 0.212739 0.973797 -0.0803815 -0.227518 0.16194 0.0459886 0.985728 -0.236553 0 0 0 1 
38591597440160;0.348174;0.00666667;20;0.998053 0.0450295 -0.0431534 -0.26905 -0.0480514 0.996264 -0.0717584 0.922769 0.0397609 0.0736923 0.996488 -0.548552 0 0 0 1 
38591597440161;0.528254;0.3292;15;0.987881 -0.15032 -0.0386588 0.393753 0.148983 0.988205 -0.0354298 -0.385289 0.0435286 0.0292409 0.998624 0.111931 0 0 0 1 
38591597440162;0.274646;0.00633909;22;0.997578 -0.0689345 -0.00933105 -0.737941 0.0690031 0.99759 0.007245 -0.0242276 0.00880913 -0.00787133 0.99993 -0.131695 0 0 0 1 
38591597440163;0.298037;0.00676275;34;0.962068 -0.270378 -0.0363428 0.590748 0.27194 0.96108 0.0487179 -0.137243 0.0217561 -0.0567531 0.998151 -0.269095 0 0 0 1 
38591597440164;0.263298;0.00584388;24;0.976087 0.185097 -0.113984 -0.26633 -0.180498 0.982328 0.0495202 0.0905943 0.121136 -0.0277622 0.992248 0.540585 0 0 0 1 
38591597440165;0.352749;0.00836754;28;0.977714 0.20798 -0.0286358 -0.596414 -0.209347 0.955564 -0.207537 0.613796 -0.0158003 0.208906 0.977808 -0.42161 0 0 0 1 
38591597440166;0.206209;0.00941963;25;0.982518 -0.183525 0.031267 0.337482 0.184932 0.981457 -0.0504235 0.198928 -0.0214332 0.0553242 0.998238 -0.196211 0 0 0 1 
38591597440167;0.319448;0.00713503;18;0.999948 -0.00291835 0.00981956 0.342409 0.00293165 0.999995 -0.00134082 -0.468453 -0.0098156 0.00136954 0.999951 -0.748092 0 0 0 1 
38591597440168;0.116047;0.00663992;19;0.999773 0.0168122 -0.0131081 -0.0156943 -0.0184117 0.990893 -0.133383 0.128252 0.0107463 0.133594 0.990978 -0.215296 0 0 0 1 
38591597440169;0.218803;0.00879044;23;0.997546 -0.0260905 0.0649649 0.00315126 0.00954476 0.969981 0.242992 -0.211622 -0.0693545 -0.241776 0.96785 0.481096 0 0 0 1 
38591597440170;0.167043;0.00649792;16;0.999657 0.00850682 -0.0247855 0.0549895 -0.00839515 0.999954 0.00460602 -0.0856139 0.0248235 -0.00439636 0.999682 -0.489433 0 0 0 1 
38591597440171;0.339075;0.0060372;31;0.961753 -0.25512 0.0997266 0.472324 0.256993 0.966393 -0.00619539 0.0764073 -0.0947945 0.0315875 0.994996 0.664573 0 0 0 1 
38591597440172;0.374586;0.00601701;23;0.976268 -0.0883034 -0.197744 1.05418 0.0516475 0.981683 -0.183389 0.107858 0.210315 0.168824 0.962946 -0.0367215 0 0 0 1 
38591597440173;0.118391;0.00649851;16;0.997654 0.0275119 0.0626904 -0.304904 -0.0251488 0.998954 -0.0381775 0.0322417 -0.0636752 0.0365113 0.997303 0.170608 0 0 0 1 
38591597440174;0.158802;0.0116698;23;0.993133 -0.0361219 0.111271 -0.132238 0.0133521 0.979921 0.198939 -0.101896 -0.116223 -0.196087 0.973675 0.202013 0 0 0 1 
38591597440175;0.263758;0.00671593;29;0.963205 0.185301 0.194678 -0.56482 -0.200189 0.977941 0.0596345 0.0872744 -0.179333 -0.0964125 0.979053 0.362541 0 0 0 1 
38591597440176;0.174741;0.00734039;22;0.998562 -0.0525277 0.0107053 0.0623435 0.0498237 0.983082 0.176261 -0.361093 -0.0197827 -0.175474 0.984285 0.153271 0 0 0 1 
38591597440177;0.253101;0.00722439;22;0.992342 0.121345 0.0230934 -0.608392 -0.120716 0.992323 -0.0268898 -0.324108 -0.026179 0.0238961 0.999372 -0.195703 0 0 0 1 
38591597440178;0.247175;0.00532606;21;0.996486 0.0790263 0.0277573 -0.362637 -0.0775952 0.995764 -0.0493226 -0.56265 -0.0315375 0.0469954 0.998397 -0.164565 0 0 0 1 
38591597440179;0.388374;0.3253;15;0.990887 -0.133394 0.018676 -0.126604 0.133936 0.990485 -0.0316271 -0.0148238 -0.0142794 0.0338403 0.999325 0.060682 0 0 0 1 
38591597440180;0.287474;0.00653189;28;0.906216 0.2901 -0.307594 -0.0396028 -0.274941 0.956996 0.0925494 0.227347 0.321215 0.000700527 0.947006 -0.34096 0 0 0 1 
38591597440181;0.269146;0.00926097;19;0.998833 -0.0336776 0.0346139 0.216228 0.0301448 0.994734 0.0979547 -0.753495 -0.0377305 -0.0967969 0.994589 -0.128128 0 0 0 1 
38591597440182;0.36237;0.00679093;35;0.95049 0.285697 0.122256 -0.734863 -0.301184 0.943818 0.135999 0.100127 -0.0765334 -0.166087 0.983137 -0.15559 0 0 0 1 
38591597440183;0.418551;0.0109096;41;0.935476 -0.352451 0.0257376 0.884436 0.351687 0.921358 -0.165574 -0.4777 0.0346432 0.163942 0.985861 -0.123056 0 0 0 1 
38591597440184;0.369769;0.00818692;21;0.999587 -0.0220812 0.0184137 -0.806071 0.0245646 0.988703 -0.147861 -0.0652151 -0.0149408 0.148252 0.988837 -0.692374 0 0 0 1 
38591597440186;0.226268;0.0537113;15;0.999933 -0.0110482 0.00348055 -0.142245 0.0110025 0.999856 0.0128893 -0.350035 -0.00362245 -0.0128502 0.999911 0.0488748 0 0 0 1 
38591597440187;0.539163;0.0686022;38;0.958057 -0.273633 0.0851625 0.329537 0.272225 0.961828 0.0279535 -1.12078 -0.0895606 -0.00359771 0.995975 0.741053 0 0 0 1 
38591597440188;0.243538;0.0459398;26;0.972017 0.179757 0.151226 -0.218657 -0.201464 0.968982 0.143131 0.531513 -0.120807 -0.169592 0.978082 0.442523 0 0 0 1 
38591597440189;0.327282;0.0623463;18;0.998455 -0.0129374 -0.0540464 0.164749 0.0158739 0.998401 0.0542622 -0.168544 0.0532579 -0.0550362 0.997063 -0.593728 0 0 0 1 
38591597440190;0.477387;0.0476806;25;0.944637 0.114687 0.307421 -0.0891591 -0.190833 0.954197 0.230413 0.437494 -0.266915 -0.276323 0.923256 1.37018 0 0 0 1 
38591597440191;0.452785;0.058024;35;0.992867 0.00502525 0.119124 -0.0331532 -0.0579373 0.893555 0.445199 -0.0901542 -0.104206 -0.448925 0.887473 0.915707 0 0 0 1 
38591597440192;0.627235;0.367147;16;0.990758 -0.135506 0.00603365 0.364272 0.134652 0.987925 0.07663 -0.740152 -0.0163446 -0.0751094 0.997041 0.764316 0 0 0 1 
38591597440193;0.3706;0.0516117;18;0.999917 0.00893674 0.00927983 -0.106139 -0.00750657 0.989534 -0.144104 0.233958 -0.0104705 0.144022 0.989519 -0.505784 0 0 0 1 
38591597440194;0.358294;0.0488131;26;0.982142 0.15947 0.0998355 0.260071 -0.160512 0.987031 0.00244017 0.116926 -0.0981516 -0.0184214 0.995001 0.152536 0 0 0 1 
38591597440195;0.380792;0.050975;27;0.9311 0.298777 -0.209251 0.0761045 -0.300746 0.953424 0.0231138 0.816595 0.206411 0.0414101 0.977589 -0.308705 0 0 0 1 
38591597440196;0.614704;0.536431;22;0.98914 -0.116212 -0.0899832 0.0470575 0.133665 0.96586 0.221919 -0.523718 0.0611215 -0.231537 0.970904 0.132747 0 0 0 1 
38591597440197;0.540834;0.0540698;31;0.947162 0.307102 -0.0925843 0.617787 -0.310651 0.950158 -0.0263641 0.926582 0.0798732 0.0537325 0.995356 0.0176843 0 0 0 1 
38591597440198;0.653732;0.044934;31;0.973077 0.22874 -0.0282499 0.0530542 -0.227851 0.936281 -0.267324 0.28447 -0.0346979 0.266564 0.963193 0.516636 0 0 0 1 
38591597440199;0.0659977;0.0575466;11;0.999866 -0.0144474 0.00775675 -0.0220779 0.0145163 0.999855 -0.00889787 -0.0617072 -0.00762707 0.00900928 0.99993 -0.0188917 0 0 0 1 
38591597440200;0.599375;0.0507359;19;0.997779 0.0636671 -0.0196005 0.56792 -0.0636666 0.997971 0.000650066 0.770815 0.0196021 0.000599276 0.999808 0.0859726 0 0 0 1 
38591597440201;0.617035;0.0405138;23;0.995587 0.0562105 0.0751469 0.419722 -0.0368994 0.970745 -0.237262 0.202888 -0.0862851 0.233442 0.968535 -0.534619 0 0 0 1 
38591597440202;0.728849;0.0811063;39;0.908269 -0.0383482 -0.416625 0.607962 0.149496 0.959799 0.237565 -0.764378 0.390766 -0.278057 0.877489 -0.0890459 0 0 0 1 
38591597440203;0.628996;0.0466094;29;0.957557 0.286526 -0.031414 0.753168 -0.285377 0.95772 0.0364871 0.931232 0.0405403 -0.0259737 0.99884 0.0906922 0 0 0 1 
38591597440204;0.361491;0.0537681;37;0.972076 -0.233293 -0.025332 0.0364581 0.234153 0.971411 0.0391522 -0.644527 0.0154739 -0.0439905 0.998912 0.243726 0 0 0 1 
38591597440205;0.426394;0.0417776;25;0.980304 0.148782 0.129879 -0.404986 -0.173631 0.962641 0.207786 0.294042 -0.094112 -0.226245 0.969513 0.694439 0 0 0 1 
38591597440206;0.39785;0.0483218;27;0.98276 0.101098 0.154797 -7.73429e-05 -0.150911 0.922332 0.355711 0.247647 -0.106812 -0.372939 0.921688 0.816741 0 0 0 1 
38591597440207;0.654746;0.0538779;24;0.986877 0.156132 0.0411859 -0.564159 -0.15826 0.985877 0.0547846 -0.211115 -0.0320506 -0.0605837 0.997648 0.452496 0 0 0 1 
38591597440208;0.405729;0.0491085;21;0.964388 -0.0292978 0.262862 -0.133421 -0.0251863 0.979157 0.201537 -0.425637 -0.263288 -0.200981 0.94355 0.592387 0 0 0 1 
38591597440209;0.302589;0.0497185;32;0.941298 0.337572 -0.00179073 -0.148554 -0.337424 0.94102 0.0250272 0.92979 0.0101336 -0.0229538 0.999685 0.0366382 0 0 0 1 
38591597440210;0.290612;0.0469406;23;0.995514 0.0914481 -0.024271 -0.0956269 -0.0945242 0.97247 -0.212994 0.412218 0.00412494 0.214333 0.976752 0.0489226 0 0 0 1 
38591597440211;0.669792;0.0453989;25;0.982067 0.155021 0.107298 -0.271814 -0.168217 0.977483 0.127395 -0.429306 -0.0851329 -0.143159 0.986031 0.539738 0 0 0 1 
38591597440212;0.674895;0.0447097;25;0.924298 0.112755 0.364637 0.707115 -0.229226 0.92787 0.294132 0.623948 -0.305171 -0.35545 0.883474 1.14008 0 0 0 1 
38591597440213;0.74739;0.0481755;25;0.989223 0.0647453 -0.131326 0.0992848 -0.0328737 0.972232 0.231699 -0.989052 0.14268 -0.224885 0.963882 -0.0288657 0 0 0 1 
38591597440214;0.177349;0.0485539;20;0.999737 0.00445196 -0.0224781 0.0945366 -0.00848374 0.98315 -0.182603 0.015853 0.0212864 0.182746 0.98293 -0.256014 0 0 0 1 
38591597440215;0.720627;0.0508697;18;0.99141 0.0637506 -0.114199 -0.0153162 -0.0717445 0.995149 -0.0673113 0.52929 0.109354 0.0749262 0.991175 -1.31364 0 0 0 1 
38591597440217;0.284412;0.0313452;16;0.999891 -0.0139864 -0.0047987 0.252852 0.0140332 0.999853 0.00985589 0.0281923 0.00466014 -0.00992215 0.99994 0.610855 0 0 0 1 
38591597440218;0.175507;0.0321237;24;0.980581 0.193013 -0.0347447 -0.147919 -0.1943 0.980186 -0.0385048 0.221967 0.0266243 0.044508 0.998654 -0.0401492 0 0 0 1 
38591597440219;0.263573;0.0285571;25;0.983493 0.180897 0.0042489 -0.166294 -0.180889 0.983501 -0.00218411 0.342707 -0.0045739 0.00137948 0.999989 0.39715 0 0 0 1 
38591597440220;0.260161;0.0295267;18;0.998739 0.0342674 -0.0367012 0.0434709 -0.0330728 0.998919 0.0326758 0.510773 0.0377813 -0.0314208 0.998792 0.215677 0 0 0 1 
38591597440221;0.443483;0.0296763;26;0.994024 -0.0916944 -0.0592293 0.922667 0.10161 0.975513 0.195063 0.084477 0.0398929 -0.199915 0.979001 0.372823 0 0 0 1 
38591597440222;0.400675;0.0309203;20;0.995431 0.0917274 0.0265208 -0.240435 -0.0923897 0.995411 0.0249271 0.306892 -0.0241125 -0.0272635 0.999337 -0.821731 0 0 0 1 
38591597440223;0.500048;0.029588;42;0.899475 0.430538 0.074716 -0.456237 -0.434781 0.898888 0.05446 0.973439 -0.0437142 -0.0814704 0.995717 0.416135 0 0 0 1 
38591597440224;0.319063;0.0366555;17;0.999572 0.0264671 -0.0124472 0.165406 -0.0264518 0.999649 0.00139261 0.125839 0.0124797 -0.00106277 0.999922 -0.738313 0 0 0 1 
38591597440225;0.246702;0.0263722;25;0.98646 -0.101024 0.129196 0.122299 0.0780325 0.981992 0.172054 0.14527 -0.144251 -0.159643 0.976579 -0.0655016 0 0 0 1 
38591597440226;0.422905;0.025444;44;0.884279 0.405135 0.232199 -0.280832 -0.355669 0.906561 -0.227258 0.543155 -0.302573 0.118373 0.945747 0.300687 0 0 0 1 
38591597440227;0.114525;0.0339891;16;0.998788 0.0032811 0.0491111 -0.083443 -0.00783184 0.995658 0.0927591 -0.300854 -0.0485935 -0.0930313 0.994477 0.0325033 0 0 0 1 
38591597440228;0.227089;0.0271478;31;0.963265 -0.265333 0.0414695 0.127917 0.26698 0.962826 -0.041079 -0.145579 -0.0290283 0.0506415 0.998295 0.0610603 0 0 0 1 
38591597440229;0.366377;0.0357665;30;0.96215 0.270573 0.0325134 -0.526466 -0.268609 0.961708 -0.054466 0.582452 -0.0460055 0.0436711 0.997986 -0.223282 0 0 0 1 
38591597440230;0.40791;0.0296999;16;0.999876 0.00984254 0.0122852 -0.0681171 -0.0107206 0.997231 0.0735861 -0.0751031 -0.0115269 -0.0737087 0.997213 0.997754 0 0 0 1 
38591597440231;0.122929;0.0322178;17;0.997283 0.0644348 -0.0356995 0.079368 -0.060971 0.993998 0.0908322 -0.23928 0.041338 -0.0884088 0.995226 0.0458449 0 0 0 1 
38591597440232;0.235296;0.0309359;30;0.964928 -0.260352 0.0336259 0.281644 0.25995 0.965491 0.0158871 -0.30628 -0.0366017 -0.00658884 0.999308 -0.0352638 0 0 0 1 
38591597440233;0.450082;0.0265884;30;0.909826 -0.00629734 -0.414942 0.651968 0.120805 0.960601 0.250305 -0.424934 0.397017 -0.277861 0.87474 -0.40881 0 0 0 1 
38591597440234;0.442338;0.0320469;43;0.890389 -0.452512 -0.0493976 0.521086 0.443314 0.886656 -0.131584 0.0144612 0.103342 0.0952628 0.990073 -0.254309 0 0 0 1 
38591597440235;0.600621;0.0309696;41;0.907089 0.420298 -0.0231987 -0.553222 -0.418734 0.906601 0.0523148 1.13337 0.0430198 -0.0377401 0.998361 0.553302 0 0 0 1 
38591597440236;0.098733;0.0265634;17;0.99588 0.0618847 -0.0662832 0.131806 -0.0615473 0.998079 0.00712299 -0.00119112 0.0665967 -0.0030141 0.997775 -0.159341 0 0 0 1 
38591597440237;0.391996;0.0355872;22;0.992882 -0.11679 -0.02336 0.506686 0.118297 0.989792 0.0794814 0.272614 0.013839 -0.0816791 0.996563 0.598652 0 0 0 1 
38591597440238;0.352561;0.0284026;32;0.918424 0.217419 0.330495 -0.316234 -0.261034 0.960808 0.0933218 0.107931 -0.297253 -0.17198 0.939183 0.551658 0 0 0 1 
38591597440239;0.273596;0.0280212;34;0.949295 -0.299937 0.0942129 0.278622 0.302629 0.952984 -0.0153841 -0.32038 -0.0851691 0.0431156 0.995433 -0.0830542 0 0 0 1 
38591597440240;0.59112;0.0320146;41;0.909964 -0.396517 -0.121406 1.01974 0.408002 0.908423 0.0911176 -0.864436 0.0741581 -0.132448 0.988412 0.581657 0 0 0 1 
38591597440241;0.457943;0.0277103;39;0.924287 0.381666 0.00498308 -0.0905822 -0.380891 0.923102 -0.0529648 0.492594 -0.0248147 0.0470566 0.998584 -0.660884 0 0 0 1 
38591597440242;0.307705;0.0246512;26;0.981702 0.188554 0.0266167 0.226193 -0.188888 0.981941 0.0106307 -0.38076 -0.0241316 -0.0154638 0.999589 -0.0195622 0 0 0 1 
38591597440243;0.105317;0.030813;17;0.998154 -0.0606442 0.00320607 0.103759 0.0606212 0.998137 0.00684478 -0.115454 -0.0036152 -0.00663779 0.999971 -0.179866 0 0 0 1 
38591597440244;0.562292;0.025434;39;0.914944 -0.384518 -0.122571 0.930803 0.353403 0.910008 -0.216776 -0.0313524 0.194895 0.155021 0.968496 -0.968093 0 0 0 1 
38591597440245;0.374359;0.0241546;24;0.992732 -0.111162 -0.0461078 -0.511426 0.113561 0.992108 0.0531598 0.275281 0.0398346 -0.0580095 0.997521 0.313952 0 0 0 1 
38591597440246;0.451519;0.0316627;51;0.880892 0.473276 -0.0062423 -0.0349845 -0.473297 0.880655 -0.0209045 0.757246 -0.00439626 0.021369 0.999762 -0.293744 0 0 0 1 
38591597440248;0.275634;0.00897921;36;0.951335 0.308005 0.00971395 -0.406269 -0.307754 0.951229 -0.021255 0.39804 -0.0157868 0.0172311 0.999727 0.0347966 0 0 0 1 
38591597440249;0.256114;0.0107076;27;0.958376 -0.182818 -0.219303 0.582605 0.17001 0.982501 -0.0760823 -0.0613085 0.229375 0.0356317 0.972686 -0.372449 0 0 0 1 
38591597440250;0.238063;0.00770652;24;0.921852 -0.0169912 -0.38717 0.24607 -0.0393716 0.989763 -0.13718 0.306965 0.385538 0.141703 0.911746 -0.501724 0 0 0 1 
38591597440251;0.292932;0.0108646;16;0.99998 0.00273943 0.0056941 -0.0487496 -0.00277568 0.999976 0.00636693 -0.0320461 -0.00567652 -0.00638261 0.999964 0.864285 0 0 0 1 
38591597440252;0.40515;0.00889451;33;0.995064 0.000441973 0.099235 -0.208868 0.0479193 0.873537 -0.484394 0.502753 -0.0868995 0.486758 0.869204 -0.312534 0 0 0 1 
38591597440253;0.264249;0.00589467;19;0.999689 -0.0176592 0.0176263 -0.66477 0.0174485 0.999775 0.0120361 0.0323401 -0.0178348 -0.0117248 0.999772 -0.316393 0 0 0 1 
