#;prob_registration_l1 -r /home/probabilistic_point_clouds_registration/build/tester /home/point_clouds_registration_benchmark//devel/registration_pairs/hauptgebaude_local.txt /home/point_clouds_registration_benchmark//eth/hauptgebaude -s 0.2 -t 0.2 -p 0.3 -r 1000 -m 10 -n 10 -i 100 
id;initial_error;final_error;transformation
3394309160000;0.248226;0.00861654;27;0.999292 -0.00244366 0.0375509 0.55195 0.000927495 0.999186 0.0403406 -0.0432775 -0.0376189 -0.0402772 0.99848 -0.0229252 0 0 0 1 
3394309160001;0.28369;0.00698218;22;0.992875 0.116057 -0.0270136 -0.40242 -0.114306 0.99168 0.0592086 0.855941 0.0336604 -0.0556989 0.99788 -0.649762 0 0 0 1 
3394309160002;0.278932;0.00662475;41;0.977014 -0.00655397 0.213073 -0.0996457 0.00463291 0.999944 0.00951407 -0.082595 -0.213123 -0.00830824 0.97699 0.733411 0 0 0 1 
3394309160003;0.0682056;0.012822;21;0.995477 -0.0910885 0.0269738 0.0367507 0.0915041 0.995698 -0.014592 -0.592369 -0.0255286 0.0169942 0.99953 0.187249 0 0 0 1 
3394309160004;0.286924;0.00934653;24;0.999006 0.0404345 -0.0187894 0.574237 -0.0402507 0.999139 0.01006 0.735752 0.01918 -0.00929369 0.999773 -0.287295 0 0 0 1 
3394309160005;0.492031;0.00937474;58;0.906049 0.384656 0.176392 -0.228283 -0.409869 0.901387 0.139672 2.58477 -0.105272 -0.198847 0.97436 0.326756 0 0 0 1 
3394309160006;0.393899;0.0109139;32;0.988022 0.0239863 0.152439 -0.241172 -0.0250847 0.999671 0.00528603 0.540104 -0.152262 -0.0090466 0.988299 1.90418 0 0 0 1 
3394309160007;0.411602;0.00894893;31;0.88508 -0.337492 0.32052 0.375234 0.344034 0.938193 0.0378589 -2.08727 -0.313487 0.0767617 0.946485 1.40772 0 0 0 1 
3394309160008;0.42721;0.412653;36;0.955452 -0.292949 -0.0359516 1.55016 0.293587 0.955831 0.0138807 -1.93241 0.0302974 -0.0238173 0.999257 0.759596 0 0 0 1 
3394309160009;0.395375;0.0094011;36;0.978044 -0.200698 -0.0561299 0.424069 0.19527 0.976649 -0.0895959 -1.46863 0.0728009 0.0766683 0.994395 0.404214 0 0 0 1 
3394309160010;0.216746;0.0110655;31;0.991656 -0.00605275 -0.128767 -0.0946823 -0.0164231 0.984825 -0.172769 0.489053 0.127859 0.173442 0.976509 -0.582517 0 0 0 1 
3394309160011;0.228138;0.784939;36;0.949012 -0.2204 -0.225391 2.51971 0.243452 0.966621 0.0798421 -1.73587 0.20027 -0.130643 0.970991 -1.11271 0 0 0 1 
3394309160012;0.324315;0.815487;41;0.943936 -0.327965 -0.0377337 1.87509 0.329744 0.931148 0.155667 -2.34134 -0.0159177 -0.159382 0.987089 -0.169438 0 0 0 1 
3394309160013;0.268523;0.00817293;31;0.997666 0.0610009 -0.0306978 0.635808 -0.0611467 0.998121 -0.00383175 0.0990084 0.0304064 0.00569988 0.999521 -0.435674 0 0 0 1 
3394309160014;0.217364;0.00715402;26;0.999774 0.0184448 0.0105935 -0.00538917 -0.0202328 0.978321 0.206104 -0.318478 -0.00656229 -0.206271 0.978473 0.285728 0 0 0 1 
3394309160015;0.198549;0.00642703;41;0.97204 0.108868 0.208055 -0.237905 -0.103711 0.993971 -0.0355706 0.726564 -0.210673 0.0129984 0.97747 1.46227 0 0 0 1 
3394309160016;0.362241;0.00878576;43;0.888336 -0.220975 0.402528 0.537587 0.218324 0.97443 0.0531132 -1.67744 -0.403972 0.0406991 0.913865 3.18451 0 0 0 1 
3394309160017;0.403444;0.00904602;31;0.925151 -0.272275 0.264503 -0.503971 0.265207 0.962144 0.0628009 -1.25795 -0.271589 0.0120477 0.962338 1.79683 0 0 0 1 
3394309160018;0.415951;0.00971799;39;0.958837 0.268064 0.0936635 -0.627938 -0.272475 0.961422 0.0377613 1.95062 -0.0799276 -0.0617279 0.994888 0.399477 0 0 0 1 
3394309160019;0.389264;0.00715097;39;0.967101 0.254172 -0.0105886 0.0816005 -0.254153 0.967159 0.00309594 1.31383 0.0110277 -0.00030297 0.999939 -0.834639 0 0 0 1 
3394309160020;0.355901;0.00753847;45;0.943638 -0.158947 -0.290317 0.838625 0.0637845 0.948031 -0.31172 0.0188896 0.324776 0.275633 0.904736 -1.68056 0 0 0 1 
3394309160021;0.307009;0.0115095;30;0.991408 -0.119023 -0.0542553 0.643442 0.128318 0.965463 0.226752 -1.13125 0.0253926 -0.231766 0.97244 -0.298352 0 0 0 1 
3394309160022;0.159878;0.00733857;33;0.97929 -0.034779 0.199454 -0.248231 0.0505769 0.995925 -0.0746647 -0.250903 -0.196044 0.0832061 0.977059 1.27802 0 0 0 1 
3394309160023;0.179015;0.00712588;23;0.995416 -0.0425406 0.0856531 -0.144592 0.0445005 0.998786 -0.0211026 -0.324617 -0.0846514 0.0248175 0.996102 0.13713 0 0 0 1 
3394309160024;0.448507;0.808993;46;0.90114 -0.431561 0.0412568 2.51652 0.429987 0.901861 0.0419198 -2.7404 -0.0552989 -0.0200357 0.998269 1.13557 0 0 0 1 
3394309160025;0.259237;0.00948451;29;0.986799 0.161878 -0.00476917 -0.0882044 -0.16152 0.985904 0.0436487 1.04886 0.0117677 -0.0423022 0.999036 -0.603101 0 0 0 1 
3394309160026;0.300277;0.0092087;36;0.994541 0.0817983 0.0647924 0.351336 -0.0779982 0.995197 -0.0591581 -0.0693407 -0.0693203 0.0537815 0.996144 0.765895 0 0 0 1 
3394309160027;0.421694;0.730043;40;0.956273 -0.224293 -0.18771 2.32668 0.262012 0.942156 0.209024 -2.61063 0.12997 -0.249067 0.959726 -0.31469 0 0 0 1 
3394309160028;0.443835;0.00810675;49;0.924738 0.1086 0.364782 -0.0700151 0.00467633 0.955113 -0.296204 0.801548 -0.380576 0.275617 0.882722 2.33135 0 0 0 1 
3394309160029;0.512116;0.00743726;36;0.998962 -0.0226355 0.039528 0.280097 0.035125 0.935307 -0.352091 0.489801 -0.029001 0.353114 0.935131 -0.652209 0 0 0 1 
3394309160031;0.426851;0.0105623;52;0.962052 -0.206222 -0.178685 0.208711 0.227967 0.967321 0.110996 -0.707418 0.149956 -0.147519 0.977625 -0.946623 0 0 0 1 
3394309160032;0.353703;0.00759294;62;0.914863 -0.383327 -0.126834 -0.0399494 0.386677 0.922213 0.00195038 -0.0609064 0.11622 -0.0508282 0.991922 -0.205859 0 0 0 1 
3394309160033;0.139215;0.0101686;30;0.993799 -0.0275614 -0.107726 0.041261 0.0224737 0.998587 -0.0481602 -0.188883 0.108901 0.0454405 0.993013 0.110388 0 0 0 1 
3394309160034;0.389775;0.00861651;53;0.927251 0.373178 -0.0307216 -0.25799 -0.370976 0.92671 0.0598819 0.377955 0.0508167 -0.0441286 0.997733 -0.546118 0 0 0 1 
3394309160035;0.19696;0.00863804;31;0.976787 0.17392 -0.125057 0.0816826 -0.18811 0.975701 -0.112344 0.453581 0.10248 0.133261 0.985768 -0.07642 0 0 0 1 
3394309160036;0.370886;0.012189;50;0.937357 -0.345931 -0.0411609 -0.280868 0.346358 0.912728 0.216709 -0.456117 -0.0373978 -0.21739 0.975368 0.351019 0 0 0 1 
3394309160037;0.384635;0.00484085;36;0.912594 -0.248839 0.324424 -0.233826 0.185467 0.959083 0.213921 -0.775179 -0.364382 -0.135053 0.921405 0.0711504 0 0 0 1 
3394309160038;0.368064;0.0116499;47;0.948583 0.316239 -0.0135537 -0.614098 -0.316091 0.944143 -0.0931712 0.650085 -0.0166678 0.0926648 0.995558 -0.01638 0 0 0 1 
3394309160039;0.0746977;0.0106629;18;0.999505 0.00667866 0.030729 -0.126668 -0.00688178 0.999955 0.00650922 -0.0209474 -0.0306842 -0.00671747 0.999507 -0.107091 0 0 0 1 
3394309160040;0.279481;0.0114188;39;0.928367 -0.330537 0.169943 0.089771 0.312303 0.941661 0.125469 -0.562564 -0.2015 -0.0634074 0.977434 0.382236 0 0 0 1 
3394309160041;0.389623;0.00743609;59;0.894032 -0.447463 -0.0219681 0.585921 0.447762 0.890873 0.0765181 -0.651388 -0.0146683 -0.0782461 0.996826 -0.0682049 0 0 0 1 
3394309160042;0.283783;0.00671548;41;0.986126 -0.165981 0.00226716 -0.463703 0.165982 0.986129 -0.0003463 -0.0901905 -0.00217823 0.000717804 0.999997 -0.37779 0 0 0 1 
3394309160043;0.314339;0.00928614;25;0.998221 0.0595076 0.00380471 0.200302 -0.0591524 0.98017 0.189122 -0.0598438 0.00752493 -0.189011 0.981946 0.655178 0 0 0 1 
3394309160044;0.531805;0.00854156;51;0.890649 0.433122 -0.138382 -0.489886 -0.417721 0.899625 0.127221 0.715679 0.179594 -0.0555041 0.982174 0.476582 0 0 0 1 
3394309160045;0.395186;0.404387;20;0.988273 0.0870291 0.125466 -0.258558 -0.0775868 0.993907 -0.0782836 -0.148126 -0.131514 0.0676311 0.989005 0.19662 0 0 0 1 
3394309160046;0.217132;0.0102052;31;0.990328 -0.138726 -0.00235654 0.173137 0.138743 0.990269 0.0108388 -0.595433 0.000829985 -0.011061 0.999938 0.133643 0 0 0 1 
3394309160047;0.371665;0.00663606;24;0.975883 -0.152903 0.155796 -0.0727328 0.168426 0.981431 -0.0917927 0.0982007 -0.138868 0.115819 0.983515 -0.604426 0 0 0 1 
3394309160048;0.441321;0.00667464;63;0.893109 0.356038 0.274941 -0.360157 -0.295997 0.925369 -0.236809 0.764288 -0.338735 0.130115 0.931841 0.853104 0 0 0 1 
3394309160049;0.529697;0.00630267;52;0.966916 -0.251776 -0.0410082 -0.00896782 0.247142 0.884768 0.395102 -1.46017 -0.0631944 -0.392165 0.917721 0.213725 0 0 0 1 
3394309160050;0.242722;0.00671698;22;0.984411 -0.122267 0.126433 -0.00700534 0.123069 0.992397 0.0014809 -0.197172 -0.125653 0.0141021 0.991974 0.664038 0 0 0 1 
3394309160051;0.288745;0.0104133;42;0.976691 -0.0160916 0.214045 -0.207572 -0.00626734 0.994623 0.103373 -0.0734497 -0.214557 -0.102305 0.971339 0.874031 0 0 0 1 
3394309160052;0.346607;0.00682562;32;0.995587 0.0922502 0.0172381 0.0871897 -0.0924207 0.995676 0.00936763 0.0188069 -0.0162994 -0.0109194 0.999808 -0.795077 0 0 0 1 
3394309160053;0.177457;0.00693387;30;0.992764 -0.00452455 0.119999 -0.304239 0.00463277 0.999989 -0.000622849 -0.2037 -0.119995 0.00117427 0.992774 0.402947 0 0 0 1 
3394309160054;0.393365;0.00589226;24;0.997587 -0.0351769 -0.0598634 0.656841 0.0452562 0.983283 0.176371 -0.688078 0.0526585 -0.178654 0.982502 0.409663 0 0 0 1 
3394309160055;0.395101;0.0102867;22;0.998487 -0.0532721 0.0136222 0.728992 0.0541861 0.995393 -0.0790948 0.192473 -0.00934586 0.0797133 0.996774 -0.550707 0 0 0 1 
3394309160056;0.394726;0.00556491;28;0.984641 0.173839 0.016165 -0.591993 -0.174271 0.973032 0.151125 0.448023 0.0105424 -0.151621 0.988382 -0.487766 0 0 0 1 
3394309160057;0.649395;0.0105776;47;0.928471 0.365101 0.0681389 -0.963632 -0.330553 0.895969 -0.296604 1.37109 -0.169341 0.252865 0.952567 0.522794 0 0 0 1 
3394309160058;0.444142;0.00718484;43;0.973383 0.228923 0.0109076 -0.331156 -0.228061 0.972225 -0.0526064 0.66564 -0.0226475 0.0487186 0.998556 0.862404 0 0 0 1 
3394309160059;0.406193;0.406173;22;0.983285 -6.95543e-06 0.182071 0.456471 0.0045463 0.999689 -0.0245144 -0.628235 -0.182014 0.0249324 0.98298 0.696773 0 0 0 1 
3394309160060;0.43448;0.0110197;66;0.904734 0.425446 -0.0212449 0.0867945 -0.422976 0.891335 -0.163138 0.827548 -0.0504701 0.156583 0.986375 -0.44522 0 0 0 1 
3394309160062;0.235158;0.00810646;31;0.951511 -0.263572 0.158609 0.463256 0.278447 0.957121 -0.0799115 -6.10985 -0.130746 0.120201 0.984102 2.91706 0 0 0 1 
3394309160063;0.42419;0.0165503;31;0.976071 0.217279 -0.00864595 0.798893 -0.217054 0.97592 0.0216448 4.46373 0.0131407 -0.0192502 0.999728 0.682032 0 0 0 1 
3394309160064;0.439802;0.938934;43;0.894091 0.404673 0.191939 -0.440544 -0.409408 0.912209 -0.0161383 9.0342 -0.181619 -0.0641522 0.981274 3.70568 0 0 0 1 
3394309160065;0.350677;0.018388;29;0.9872 0.0843519 0.135356 0.286128 -0.0869748 0.996118 0.0135722 1.32471 -0.133686 -0.0251711 0.990704 2.23768 0 0 0 1 
3394309160066;0.242534;0.0147778;26;0.999308 0.0142674 -0.0343457 -0.170065 -0.0212687 0.976809 -0.213055 0.257249 0.0305094 0.213638 0.976436 -0.141921 0 0 0 1 
3394309160067;0.392633;0.263643;20;0.987753 0.112582 0.108021 -0.328882 -0.104636 0.991554 -0.0766229 2.46493 -0.115735 0.0643816 0.991191 2.00532 0 0 0 1 
3394309160068;0.328762;0.0211225;22;0.989024 0.146552 0.0188378 0.224617 -0.147749 0.982306 0.115087 3.70291 -0.00163817 -0.116607 0.993177 -0.438058 0 0 0 1 
3394309160069;0.0998438;0.014323;15;0.999815 0.0182507 -0.00613948 0.247133 -0.0182538 0.999833 -0.000446222 0.433296 0.00613031 0.000558208 0.999981 -0.219853 0 0 0 1 
3394309160070;0.429464;0.0188391;52;0.915846 0.290281 0.277422 1.46597 -0.350972 0.914356 0.201918 7.54693 -0.19505 -0.282293 0.93929 4.31174 0 0 0 1 
3394309160071;0.0989399;0.0260713;17;0.998372 0.056064 -0.0105027 0.0409869 -0.0560029 0.998412 0.00602646 1.20259 0.0108239 -0.00542847 0.999927 -0.433179 0 0 0 1 
3394309160072;0.334886;0.0130549;43;0.936776 -0.349166 -0.0231179 1.08844 0.346145 0.914925 0.207595 -7.98055 -0.0513339 -0.202472 0.977942 0.705946 0 0 0 1 
3394309160073;0.372916;0.0129111;20;0.989368 -0.145431 0.00122936 0.851654 0.145424 0.989359 0.00451371 -3.26718 -0.00187271 -0.00428694 0.999989 0.413836 0 0 0 1 
3394309160074;0.236373;0.0114023;27;0.982931 -0.179135 -0.0419159 0.324813 0.181763 0.980792 0.0707761 -4.09989 0.0284323 -0.0771868 0.996611 -1.10461 0 0 0 1 
3394309160075;0.259352;0.0178297;25;0.979765 0.0746189 -0.18572 0.72032 -0.1213 0.959455 -0.254427 2.92736 0.159205 0.271807 0.949092 -3.20693 0 0 0 1 
3394309160076;0.21267;0.0191904;31;0.973841 0.174224 0.145873 0.460464 -0.160696 0.981928 -0.0999708 3.78657 -0.160655 0.0739144 0.984239 3.71304 0 0 0 1 
3394309160077;0.259302;0.0266897;24;0.989477 0.138092 -0.043204 0.219339 -0.143186 0.977482 -0.155005 3.22747 0.0208262 0.15956 0.986969 0.299553 0 0 0 1 
3394309160078;0.466153;0.0150963;50;0.882984 -0.42383 0.201763 1.6916 0.444366 0.893235 -0.0683382 -9.39101 -0.151258 0.149998 0.977047 4.19899 0 0 0 1 
3394309160079;0.423773;0.0145988;22;0.966489 -0.162981 0.198332 -0.32204 0.18663 0.976593 -0.106938 -3.90111 -0.176261 0.140369 0.974284 3.33331 0 0 0 1 
3394309160080;0.255153;0.0168523;24;0.992325 0.00989445 0.123257 0.103165 0.00848459 0.988996 -0.147699 0.0144492 -0.123363 0.147612 0.981322 2.38174 0 0 0 1 
3394309160081;0.296072;0.012845;17;0.997335 -0.0652014 0.0327243 0.337284 0.0652775 0.997866 -0.00126102 -0.803496 -0.0325723 0.00339382 0.999464 0.62516 0 0 0 1 
3394309160082;0.355531;0.0145336;52;0.905797 -0.415849 -0.0812467 1.84149 0.41094 0.908917 -0.0707016 -8.9093 0.103248 0.0306538 0.994183 -2.22963 0 0 0 1 
3394309160083;0.180325;0.0144371;22;0.997259 -0.0730006 -0.012043 -0.0537355 0.0739499 0.97829 0.193597 -1.98347 -0.00235119 -0.193957 0.981007 -0.0276002 0 0 0 1 
3394309160084;0.188147;0.00940986;20;0.99773 -0.0261958 -0.0620364 -0.0976773 0.0251921 0.99954 -0.0169066 -0.346427 0.0624507 0.0153054 0.997931 -1.69258 0 0 0 1 
3394309160085;0.149775;0.0189499;21;0.99719 0.0113401 0.0740448 -0.122696 -0.0234984 0.985936 0.165465 0.204548 -0.071127 -0.16674 0.983432 1.37425 0 0 0 1 
3394309160086;0.360181;0.011697;21;0.976026 0.0332982 -0.215092 1.31589 -0.0503823 0.995952 -0.0744376 1.25288 0.211743 0.0834899 0.973753 -3.72345 0 0 0 1 
3394309160087;0.069233;0.012083;20;0.996278 -0.0839351 -0.0196183 0.0360139 0.0842602 0.996309 0.0163779 -1.85745 0.0181712 -0.01797 0.999673 -0.388522 0 0 0 1 
3394309160088;0.334175;0.0142013;29;0.95709 -0.247492 0.150755 -0.248636 0.224213 0.961998 0.155845 -5.07348 -0.183596 -0.115357 0.97621 3.61099 0 0 0 1 
3394309160089;0.384231;0.0109461;24;0.967764 -0.217335 0.127271 0.0848849 0.205262 0.973432 0.101479 -4.92533 -0.145945 -0.0720841 0.986663 2.32936 0 0 0 1 
3394309160090;0.357505;0.011706;41;0.947722 -0.297467 0.115482 0.72922 0.31334 0.935975 -0.160526 -6.27348 -0.0603376 0.188319 0.980253 1.89374 0 0 0 1 
3394309160091;0.460987;0.013453;36;0.971076 0.231578 0.0581574 0.404656 -0.234003 0.971454 0.0389907 4.11838 -0.0474678 -0.051472 0.997546 0.56016 0 0 0 1 
3394309160093;0.186714;0.0350394;26;0.981142 -0.0770785 -0.177253 0.494415 0.0823163 0.996355 0.0223771 -1.43769 0.174882 -0.0365459 0.983911 -3.44401 0 0 0 1 
3394309160094;0.310812;0.0449163;20;0.985555 -0.130911 0.107442 0.348163 0.131311 0.991335 0.00336843 -1.73644 -0.106952 0.0107886 0.994206 2.00756 0 0 0 1 
3394309160095;0.222858;0.040925;18;0.998601 -0.0352081 -0.0394566 0.216802 0.0345256 0.999244 -0.0178496 -0.70719 0.0400552 0.0164623 0.999062 -0.188676 0 0 0 1 
3394309160096;0.38163;0.0420281;21;0.995687 -0.0774446 -0.0510884 0.242875 0.0826266 0.990641 0.108645 -1.77297 0.0421962 -0.112398 0.992767 0.0157708 0 0 0 1 
3394309160097;0.257713;0.0407222;17;0.999812 0.00729788 -0.0179818 -0.110337 -0.00711216 0.999921 0.0103705 0.147476 0.018056 -0.0102406 0.999785 0.364814 0 0 0 1 
3394309160098;0.436886;0.825853;47;0.889531 0.443382 0.110216 -0.125618 -0.409982 0.881113 -0.235699 7.93862 -0.201618 0.164475 0.965556 3.7872 0 0 0 1 
3394309160099;0.352112;0.0423372;30;0.990865 0.0983707 0.0922496 0.609449 -0.0802352 0.979828 -0.183026 1.99481 -0.108393 0.173953 0.97877 1.76942 0 0 0 1 
3394309160100;0.383134;0.0384435;20;0.996402 -0.0188135 -0.0826385 0.303548 0.0243396 0.997497 0.0663805 -0.381792 0.0811829 -0.068153 0.994366 -0.549477 0 0 0 1 
3394309160101;0.349174;0.053392;28;0.999803 0.00504694 0.0191816 -0.028456 -0.000745176 0.97596 -0.217947 0.726223 -0.0198205 0.21789 0.975772 1.372 0 0 0 1 
3394309160102;0.328612;0.0474693;20;0.989525 0.0976093 -0.106358 0.264349 -0.0844197 0.988915 0.122153 1.4742 0.117102 -0.111894 0.986796 -1.424 0 0 0 1 
3394309160103;0.353684;0.0375518;18;0.997621 -0.00735573 0.0685498 -0.866461 0.00363649 0.998522 0.0542237 -0.222437 -0.0688473 -0.0538454 0.996173 1.72825 0 0 0 1 
3394309160104;0.220681;0.0468061;21;0.979574 -0.143298 0.141066 -0.374121 0.137781 0.98929 0.048181 -2.14352 -0.146459 -0.0277607 0.988827 2.57733 0 0 0 1 
3394309160105;0.408456;0.0531225;51;0.930242 0.356227 0.088044 1.31139 -0.363006 0.928439 0.0789134 6.66799 -0.0536324 -0.105369 0.992986 1.47056 0 0 0 1 
3394309160106;0.441483;0.0426826;33;0.895414 -0.42103 0.144799 1.44596 0.372776 0.886772 0.273265 -7.24331 -0.243456 -0.190708 0.950978 4.65081 0 0 0 1 
3394309160107;0.532391;0.0383305;40;0.915694 -0.371986 -0.152091 2.05329 0.356785 0.92666 -0.118341 -6.3151 0.184958 0.0540999 0.981256 -3.78036 0 0 0 1 
3394309160108;0.223867;0.0454274;16;0.99996 0.00890017 -0.00072303 -0.186447 -0.00889285 0.999915 0.00956465 0.104549 0.000808095 -0.00955784 0.999954 0.578692 0 0 0 1 
3394309160109;0.0784344;0.042032;21;0.994617 -0.103525 -0.00439859 -0.10545 0.103595 0.994392 0.0212794 -1.88842 0.00217098 -0.0216206 0.999764 -0.0550254 0 0 0 1 
3394309160110;0.305364;0.0400966;25;0.985295 -0.161597 0.0554974 -0.336184 0.16916 0.968313 -0.183727 -2.89832 -0.0240491 0.190414 0.981409 1.36399 0 0 0 1 
3394309160111;0.289575;0.849254;34;0.947335 0.248164 0.202411 -0.77422 -0.231654 0.967444 -0.101922 4.3507 -0.221115 0.0496645 0.973982 4.34925 0 0 0 1 
3394309160112;0.386373;0.0418314;29;0.96755 -0.248454 0.0460148 0.12123 0.248039 0.96864 0.0146184 -4.60011 -0.0482038 -0.0027306 0.998834 1.73165 0 0 0 1 
3394309160113;0.347639;0.0457006;18;0.999257 0.0385398 0.000316069 -0.195222 -0.0385398 0.999257 -4.82081e-05 0.997534 -0.000317692 3.59911e-05 1 0.891841 0 0 0 1 
3394309160114;0.578959;0.778094;44;0.888273 0.377556 0.261575 -0.977043 -0.373882 0.925146 -0.0656991 6.50106 -0.2668 -0.0394395 0.962945 4.72133 0 0 0 1 
3394309160115;0.373208;0.0482721;20;0.996113 -0.0087847 0.0876404 -0.395716 0.0166303 0.995875 -0.0891958 -0.143408 -0.0864953 0.0903066 0.992151 0.786719 0 0 0 1 
3394309160116;0.177223;0.0441745;15;0.999691 -0.0245811 -0.00378666 0.21185 0.0245523 0.999671 -0.00745896 -0.0971674 0.00396877 0.00736368 0.999965 -0.131304 0 0 0 1 
3394309160117;0.448363;0.0464651;25;0.978668 -0.200259 -0.0458783 0.219218 0.179806 0.942927 -0.280284 -2.54121 0.0993892 0.266055 0.95882 -2.18755 0 0 0 1 
3394309160118;0.307421;0.0497096;45;0.953709 0.192936 0.230682 0.536774 -0.137757 0.96214 -0.235179 2.9723 -0.267323 0.192514 0.94418 4.97572 0 0 0 1 
3394309160119;0.336676;0.0426672;41;0.932392 -0.355133 -0.0672733 0.942679 0.356127 0.934433 0.00299451 -6.33524 0.0617989 -0.0267499 0.99773 -0.707381 0 0 0 1 
3394309160120;0.390228;0.0381662;40;0.881049 -0.441907 0.168734 1.37117 0.45662 0.887672 -0.0594756 -8.06637 -0.123497 0.129448 0.983866 2.78076 0 0 0 1 
3394309160121;0.364275;0.0499881;35;0.933446 -0.104724 0.34309 0.257428 0.176667 0.966611 -0.185611 -2.49828 -0.312197 0.23387 0.920781 6.0338 0 0 0 1 
3394309160122;0.150012;0.0505363;29;0.982262 0.183872 -0.0367663 0.639766 -0.184755 0.982533 -0.0222244 3.29101 0.0320376 0.0286229 0.999077 -0.505146 0 0 0 1 
3394309160124;0.265891;0.0282856;27;0.970936 -0.227987 0.0728398 -0.102249 0.229909 0.973025 -0.0190692 -5.71907 -0.0665275 0.0352615 0.997161 1.43734 0 0 0 1 
3394309160125;0.0924407;0.0332467;25;0.990955 0.0253514 0.131779 0.0384409 -0.0338381 0.997467 0.0625663 0.73035 -0.129859 -0.0664595 0.989303 2.90218 0 0 0 1 
3394309160126;0.454214;0.0340451;32;0.918214 0.300272 -0.258303 3.18648 -0.302296 0.952649 0.0328359 7.56434 0.255932 0.0479336 0.965506 -5.76454 0 0 0 1 
3394309160127;0.391085;0.0369613;39;0.915654 0.398432 -0.0531907 2.20654 -0.384815 0.907117 0.17046 8.97419 0.116167 -0.135614 0.983928 -3.07283 0 0 0 1 
3394309160128;0.398984;0.0384679;48;0.939078 0.341972 0.0344589 1.30445 -0.332801 0.92976 -0.157449 8.23919 -0.0858816 0.136389 0.986926 2.08973 0 0 0 1 
3394309160129;0.0588853;0.0244425;14;0.99999 -0.00365978 0.00243906 -0.116186 0.00364633 0.999978 0.00549647 -0.171205 -0.00245913 -0.00548752 0.999982 0.194956 0 0 0 1 
3394309160130;0.354684;0.432946;19;0.984648 -0.124535 0.122307 0.252049 0.123455 0.992215 0.0163983 -3.76454 -0.123397 -0.00104725 0.992357 2.97399 0 0 0 1 
3394309160131;0.385569;0.0315532;57;0.88333 0.464186 0.065271 3.08629 -0.464179 0.885594 -0.0161945 10.8375 -0.0653208 -0.0159923 0.997736 1.54282 0 0 0 1 
3394309160132;0.356548;0.0262195;37;0.90665 -0.418292 0.0549261 1.71164 0.421865 0.897697 -0.127158 -9.86992 0.00388239 0.13846 0.99036 0.0906235 0 0 0 1 
3394309160133;0.361702;0.0280398;34;0.949291 -0.183348 -0.255403 1.51771 0.251667 0.930039 0.267751 -6.14983 0.188443 -0.31845 0.92902 -4.7219 0 0 0 1 
3394309160134;0.414145;0.0257541;23;0.977124 -0.210939 0.027068 1.01702 0.212345 0.974722 -0.0694694 -4.64384 -0.0117299 0.073628 0.997217 0.373236 0 0 0 1 
3394309160135;0.292331;0.0256971;22;0.999262 0.00834197 -0.0374825 0.0669172 -0.00477412 0.995534 0.0942869 -0.34467 0.0381016 -0.0940385 0.994839 -1.59804 0 0 0 1 
3394309160136;0.443471;0.0407153;33;0.969903 0.243262 -0.0105613 0.909373 -0.243093 0.969885 0.015122 5.94158 0.0139218 -0.0120995 0.99983 -1.18249 0 0 0 1 
3394309160137;0.250953;0.0248698;26;0.981869 -0.180723 -0.0572085 0.337266 0.185914 0.976993 0.104507 -4.4974 0.0370056 -0.113248 0.992877 -1.39565 0 0 0 1 
3394309160138;0.370395;0.0271363;36;0.926463 -0.269417 -0.262834 1.81577 0.247934 0.962235 -0.112391 -5.36202 0.283188 0.0389606 0.958273 -6.0656 0 0 0 1 
3394309160139;0.0858104;0.0343755;20;0.997461 0.0709 -0.00671318 0.0903784 -0.0701693 0.99452 0.0775039 1.47151 0.0121714 -0.076836 0.996969 -0.430161 0 0 0 1 
3394309160140;0.322515;0.0250098;34;0.903813 -0.0507682 -0.424906 2.93952 0.0544709 0.998509 -0.00343828 -1.32085 0.424447 -0.0200375 0.905231 -9.99916 0 0 0 1 
3394309160141;0.361297;0.0315504;42;0.939762 0.341672 0.010426 1.29871 -0.34181 0.939601 0.0177559 8.13184 -0.00372956 -0.02025 0.999788 -0.0324621 0 0 0 1 
3394309160142;0.193657;0.038287;34;0.966028 0.0198028 0.257679 0.242355 -0.0305371 0.998822 0.0377224 0.662218 -0.256629 -0.0443097 0.965494 6.09227 0 0 0 1 
3394309160143;0.448915;0.0410768;29;0.97216 0.234074 -0.0106735 0.0452705 -0.233652 0.971823 0.0311013 5.10075 0.0176528 -0.0277416 0.999459 -0.778276 0 0 0 1 
3394309160144;0.382267;0.0272689;38;0.927475 -0.337535 -0.160813 0.973002 0.323762 0.940173 -0.106082 -8.01996 0.186999 0.0463233 0.981267 -4.51288 0 0 0 1 
3394309160145;0.390824;0.0295452;28;0.909411 0.125469 -0.396521 2.84717 -0.214171 0.958556 -0.187885 5.29104 0.356514 0.255788 0.898594 -8.25453 0 0 0 1 
3394309160146;0.519843;0.0345577;28;0.98708 0.0511892 0.151834 0.142816 -0.0860253 0.968748 0.23265 1.76078 -0.13518 -0.242706 0.960635 4.04302 0 0 0 1 
3394309160147;0.314525;0.0240646;35;0.953997 -0.190913 -0.231175 0.686343 0.232266 0.958173 0.167205 -5.49081 0.189584 -0.213207 0.958437 -4.32202 0 0 0 1 
3394309160148;0.159477;0.0344439;23;0.996066 0.00652376 0.0883725 0.154123 -0.0156354 0.994578 0.102809 0.0310318 -0.0872227 -0.103787 0.990768 1.88367 0 0 0 1 
3394309160149;0.32406;0.398514;17;0.99741 -0.0702496 0.0154186 0.307037 0.0703943 0.997478 -0.00904966 -0.838314 -0.014744 0.0101116 0.99984 0.435861 0 0 0 1 
3394309160150;0.0510986;0.0425491;18;0.99839 0.053896 0.017689 -0.0476193 -0.053996 0.998527 0.00522591 1.24969 -0.0173813 -0.00617262 0.99983 0.442282 0 0 0 1 
3394309160151;0.610087;0.0315951;34;0.926942 -0.342889 -0.152332 2.54969 0.329761 0.938185 -0.105195 -7.35625 0.178986 0.0472766 0.982715 -3.86681 0 0 0 1 
3394309160152;0.362678;0.0271788;33;0.923615 0.287888 -0.25309 2.655 -0.313749 0.947091 -0.0676731 7.50102 0.220217 0.141911 0.965073 -5.27623 0 0 0 1 
3394309160153;0.287468;0.0356528;27;0.956228 0.285542 -0.0639775 1.2723 -0.264906 0.937594 0.22526 5.78754 0.124306 -0.198452 0.972196 -2.92829 0 0 0 1 
3394309160155;0.447786;0.0535843;44;0.967452 -0.241937 -0.0741809 0.455876 0.25042 0.873144 0.418223 -3.15739 -0.0364128 -0.423187 0.90531 0.200268 0 0 0 1 
3394309160156;0.233355;0.040974;29;0.927918 0.0670896 -0.366699 1.15169 -0.0570001 0.99764 0.0382873 0.500811 0.368402 -0.0146256 0.929552 -3.19653 0 0 0 1 
3394309160157;0.264959;0.0500798;37;0.974812 0.0351753 0.220239 -0.104227 -0.0847326 0.971853 0.219821 0.331217 -0.206308 -0.232946 0.950354 1.52564 0 0 0 1 
3394309160158;0.276214;0.0410233;22;0.98619 -0.162657 0.0311623 0.0547609 0.162856 0.986642 -0.003929 -1.66461 -0.030107 0.00894971 0.999507 -0.229265 0 0 0 1 
3394309160159;0.327677;0.0522416;17;0.999456 0.0266549 0.0194335 -0.286637 -0.0279121 0.997323 0.067584 0.174881 -0.0175801 -0.0680896 0.997524 1.02498 0 0 0 1 
3394309160160;0.133668;0.0584271;28;0.985055 0.000290055 0.172242 -0.297208 0.0107609 0.997941 -0.0632224 0.014124 -0.171906 0.064131 0.983024 1.64253 0 0 0 1 
3394309160161;0.30505;0.843565;41;0.947552 0.319296 -0.01395 -1.8656 -0.31888 0.947445 0.0257616 3.08012 0.0214424 -0.0199621 0.999571 0.151269 0 0 0 1 
3394309160162;0.0502853;0.0422287;14;0.999929 -0.0100487 -0.00632695 0.0212137 0.0100271 0.999944 -0.00345013 -0.152501 0.00636126 0.00338645 0.999974 0.0615986 0 0 0 1 
3394309160163;0.250016;0.0491909;23;0.994213 -0.0763976 -0.0755278 0.0286557 0.0932574 0.962765 0.253745 -1.30476 0.05333 -0.25932 0.964318 -0.273703 0 0 0 1 
3394309160164;0.523579;0.916023;47;0.902481 0.42945 -0.0331734 -2.18104 -0.429605 0.903013 0.00267107 3.74975 0.0311031 0.0118409 0.999446 0.147787 0 0 0 1 
3394309160165;0.368871;0.0554759;51;0.962612 0.268971 0.0321354 0.208986 -0.251673 0.931907 -0.26117 2.45243 -0.100194 0.243318 0.964758 1.76719 0 0 0 1 
3394309160166;0.306131;0.0437745;17;0.99942 -0.0131984 -0.0313918 0.0629308 0.0131856 0.999913 -0.000614144 -0.125704 0.0313972 0.000199867 0.999507 -0.998994 0 0 0 1 
3394309160167;0.598213;0.0388878;41;0.894259 -0.143187 -0.424026 2.00982 0.21917 0.966167 0.135964 -2.84068 0.390211 -0.214521 0.895386 -2.90127 0 0 0 1 
3394309160168;0.1742;0.0368805;16;0.999442 0.0326137 -0.00720865 -0.0623074 -0.032604 0.999467 0.00145612 0.279497 0.0072523 -0.00122027 0.999973 0.456116 0 0 0 1 
3394309160169;0.457369;0.0403254;37;0.942173 -0.332155 0.0445223 0.154082 0.330763 0.943032 0.0358602 -3.93211 -0.0538971 -0.0190602 0.998365 1.05958 0 0 0 1 
3394309160170;0.210774;0.0600978;22;0.985373 -0.103637 0.135273 -0.329375 0.125151 0.978872 -0.1617 -0.957822 -0.115657 0.176265 0.977525 0.987566 0 0 0 1 
3394309160171;0.312176;0.0404841;26;0.979293 -0.199301 0.0355656 0.397276 0.181562 0.942313 0.281214 -2.01119 -0.0895603 -0.268934 0.958986 0.738542 0 0 0 1 
3394309160172;0.347442;0.043021;22;0.991179 -0.0574014 -0.119458 0.0905685 0.0413706 0.990307 -0.132594 -0.36362 0.125911 0.126482 0.983945 -0.14181 0 0 0 1 
3394309160173;0.513361;0.336106;22;0.967801 -0.231868 0.097973 0.526521 0.241315 0.96538 -0.0990414 -2.17992 -0.0716166 0.119495 0.990248 0.606235 0 0 0 1 
3394309160174;0.158617;0.047312;20;0.997529 0.0475477 -0.0517199 -0.270098 -0.0535203 0.991208 -0.121005 0.625856 0.0455117 0.123474 0.991304 -0.10902 0 0 0 1 
3394309160175;0.423765;0.0482664;21;0.984674 -0.0387162 -0.170056 1.04848 0.00174852 0.977192 -0.212351 0.486536 0.174398 0.208799 0.962283 -1.58335 0 0 0 1 
3394309160176;0.19621;0.0463089;18;0.995793 -0.0393592 0.0827477 0.0108714 0.0359623 0.998464 0.0421487 -0.090145 -0.0842795 -0.0389955 0.995679 0.457002 0 0 0 1 
3394309160177;0.557777;0.0472459;28;0.956627 0.175668 -0.23239 0.506977 -0.0747062 0.918984 0.387153 0.265045 0.281574 -0.353 0.892249 -1.44707 0 0 0 1 
3394309160178;0.217629;0.0518802;16;0.999974 -0.0071608 -0.00033472 0.288152 0.00716016 0.999973 -0.00188139 -0.339522 0.000348183 0.00187894 0.999998 0.381 0 0 0 1 
3394309160179;0.268847;0.6003;30;0.959014 -0.283302 -0.00572136 1.35983 0.283355 0.958682 0.0252608 -3.00888 -0.00167147 -0.0258466 0.999665 0.0113388 0 0 0 1 
3394309160180;0.363436;0.0581172;23;0.997344 -0.0072466 0.072474 -0.162157 0.0116407 0.998107 -0.0603934 0.322688 -0.0718991 0.0610766 0.99554 1.62685 0 0 0 1 
3394309160181;0.481709;0.0525487;48;0.902049 -0.431328 -0.016274 1.01556 0.431311 0.902191 -0.00472159 -4.01328 0.0167189 -0.00276006 0.999856 0.66306 0 0 0 1 
3394309160182;0.293983;0.0432381;18;0.998083 -0.0479553 -0.0391328 -0.0370213 0.0476626 0.998828 -0.00838038 -0.951144 0.0394888 0.00649914 0.999199 0.268658 0 0 0 1 
3394309160183;0.436918;0.0490304;29;0.972137 -0.234218 0.00954504 0.402287 0.222642 0.935299 0.275039 -2.99758 -0.0733464 -0.26525 0.961386 0.301365 0 0 0 1 
3394309160184;0.141133;0.0424247;17;0.99976 -0.0119617 -0.0183801 -0.378604 0.0115273 0.999656 -0.0235612 -0.182736 0.0186557 0.0233436 0.999553 0.0793723 0 0 0 1 
3394309160186;0.458534;0.00611572;49;0.91451 0.403399 -0.0306791 2.11328 -0.404388 0.913716 -0.0399134 8.00869 0.011931 0.0489074 0.998732 -0.897411 0 0 0 1 
3394309160187;0.388653;0.005564;62;0.88471 -0.466132 0.00291544 1.79267 0.465012 0.882115 -0.0750813 -9.08324 0.032426 0.0677809 0.997173 -0.33136 0 0 0 1 
3394309160188;0.269366;0.0100571;32;0.986172 -0.165722 -0.00111882 0.185636 0.163723 0.973185 0.161576 -3.44243 -0.0256878 -0.159525 0.98686 0.805029 0 0 0 1 
3394309160189;0.483079;0.0082187;34;0.968102 -0.201482 -0.148941 0.998771 0.149006 0.940868 -0.304245 -2.02202 0.201434 0.272347 0.940878 -4.0409 0 0 0 1 
3394309160190;0.0786131;0.00512162;19;0.997956 0.0618513 -0.0160487 0.13061 -0.0619356 0.998069 -0.00480927 1.17148 0.0157202 0.00579342 0.99986 -0.432995 0 0 0 1 
3394309160191;0.461554;0.0111009;43;0.949763 -0.312395 -0.0189726 0.816022 0.312756 0.949611 0.0205429 -6.88122 0.0115991 -0.0254447 0.999609 0.402331 0 0 0 1 
3394309160192;0.432023;0.00848019;31;0.987638 -0.0272592 -0.154362 1.12084 -0.0140599 0.965388 -0.260439 1.08627 0.156118 0.25939 0.953071 -2.43271 0 0 0 1 
3394309160193;0.353577;0.00772543;42;0.952122 0.305709 0.00243033 1.48913 -0.305549 0.951828 -0.0257538 5.99049 -0.0101864 0.0237782 0.999665 -0.37284 0 0 0 1 
3394309160194;0.352735;0.00713806;40;0.951632 -0.224679 0.20956 0.365506 0.145966 0.930802 0.335114 -3.5703 -0.270352 -0.288317 0.918577 5.05396 0 0 0 1 
3394309160195;0.362433;0.00677589;56;0.900508 0.434252 0.022573 2.33913 -0.433529 0.900612 -0.0308494 8.38575 -0.033726 0.0179941 0.999269 0.474638 0 0 0 1 
3394309160196;0.182053;0.0090761;24;0.992808 -0.108853 0.0498259 -0.0302833 0.100029 0.982952 0.154274 -2.34228 -0.0657696 -0.14818 0.986771 0.903428 0 0 0 1 
3394309160197;0.398636;0.00747997;51;0.920264 0.37985 -0.0939558 2.41919 -0.391078 0.900868 -0.188401 7.8402 0.0130777 0.210123 0.977588 0.554917 0 0 0 1 
3394309160198;0.114611;0.0106664;29;0.991264 -0.131746 -0.00618327 0.0551853 0.131738 0.991283 -0.00168101 -2.68574 0.00635084 0.000851752 0.999979 -0.0552161 0 0 0 1 
3394309160199;0.260161;0.00513587;40;0.949205 0.314314 0.01472 1.28683 -0.313532 0.948726 -0.0402018 6.22762 -0.0266013 0.0335445 0.999083 0.583971 0 0 0 1 
3394309160200;0.239388;0.00855027;20;0.999012 -0.0333395 -0.0293945 0.000935205 0.0337321 0.999347 0.0129649 -0.744237 0.028943 -0.0139436 0.999484 0.0580522 0 0 0 1 
3394309160201;0.340496;0.00675769;28;0.968436 -0.0748707 0.237751 0.620983 0.120277 0.975796 -0.182636 -1.71111 -0.218323 0.205468 0.954001 4.25587 0 0 0 1 
3394309160202;0.373558;0.00473643;24;0.985965 -0.0832895 0.144689 -0.679293 0.0838183 0.996478 0.00244782 -1.41852 -0.144384 0.00971414 0.989474 2.18554 0 0 0 1 
3394309160203;0.451354;0.00844745;58;0.919796 0.3896 0.0467693 1.86632 -0.353554 0.874542 -0.331927 7.46915 -0.170221 0.28877 0.942145 3.53112 0 0 0 1 
3394309160204;0.469117;0.00767846;59;0.873383 0.487027 -0.00266501 2.92349 -0.487022 0.873387 0.00225338 9.45401 0.00342504 -0.000670145 0.999994 -0.617185 0 0 0 1 
3394309160205;0.327235;0.00894637;36;0.978208 -0.199695 -0.0568445 0.722244 0.202361 0.978242 0.0457555 -4.42656 0.0464706 -0.0562615 0.997334 -1.29922 0 0 0 1 
3394309160206;0.165571;0.00706965;23;0.99828 -0.0113388 -0.0575212 -0.110189 0.0043634 0.992768 -0.119972 0.175677 0.0584656 0.119514 0.99111 -0.681785 0 0 0 1 
3394309160207;0.420271;0.00587726;33;0.970884 0.107316 0.214166 0.490873 -0.117646 0.992401 0.0360491 2.16008 -0.20867 -0.0601953 0.976132 5.01662 0 0 0 1 
3394309160208;0.487381;0.00811187;30;0.924469 0.308751 -0.223673 1.34304 -0.251546 0.93481 0.250708 4.18461 0.286498 -0.175508 0.941868 -5.30765 0 0 0 1 
3394309160209;0.287731;0.00703399;23;0.995868 0.0700373 0.0578034 -0.121928 -0.0774838 0.987303 0.13867 1.48333 -0.0473574 -0.142576 0.98865 0.123274 0 0 0 1 
3394309160210;0.372686;0.0104913;42;0.950079 -0.309716 0.0377739 0.670993 0.312002 0.943957 -0.1077 -5.78829 -0.00230052 0.114109 0.993466 0.810868 0 0 0 1 
3394309160211;0.423056;0.0106611;58;0.911461 -0.335656 -0.237855 1.87738 0.365391 0.926179 0.0931749 -7.25422 0.189021 -0.171835 0.966821 -3.28583 0 0 0 1 
3394309160212;0.468609;0.0100092;37;0.960264 -0.278381 0.0199407 1.14067 0.278709 0.960239 -0.0161653 -5.92542 -0.0146478 0.0210806 0.99967 0.917342 0 0 0 1 
3394309160213;0.266849;0.00885601;25;0.978391 -0.148922 0.143434 -0.300293 0.174568 0.966714 -0.187058 -3.05043 -0.110803 0.208055 0.971821 2.50969 0 0 0 1 
3394309160214;0.475344;0.38156;19;0.992748 -0.106036 0.0566361 0.324369 0.110819 0.989819 -0.0893124 -2.18289 -0.0465892 0.094941 0.994392 1.67819 0 0 0 1 
3394309160215;0.281079;0.00827261;46;0.87307 0.0795125 -0.481067 3.02075 -0.0526782 0.996221 0.0690553 1.08797 0.48474 -0.0349484 0.87396 -9.45068 0 0 0 1 
3394309160217;0.276984;0.024394;18;1 0.00065367 -0.000499263 -0.606728 -0.000652707 0.999998 0.00192581 0.367905 0.000500521 -0.00192548 0.999998 0.364869 0 0 0 1 
3394309160218;0.423487;0.894272;50;0.929462 0.197263 0.311749 -2.25566 -0.24639 0.960867 0.126596 2.71327 -0.274577 -0.194478 0.941693 3.27752 0 0 0 1 
3394309160219;0.217232;0.0437456;25;0.98562 0.161982 -0.0481108 0.405298 -0.16822 0.967505 -0.188778 2.52071 0.0159687 0.194157 0.980841 0.095322 0 0 0 1 
3394309160220;0.375115;0.0289598;29;0.920848 0.183119 -0.344249 1.56045 -0.103783 0.966121 0.236301 0.565897 0.375857 -0.18187 0.908655 -5.23802 0 0 0 1 
3394309160221;0.326953;0.0375897;21;0.980832 0.183992 -0.0641469 -0.116156 -0.18071 0.982068 0.0537274 1.97134 0.072882 -0.0411056 0.996493 -0.386318 0 0 0 1 
3394309160222;0.142051;0.0235876;17;0.999215 -0.0362371 0.016 -0.296009 0.0366739 0.998938 -0.0279085 -0.743853 -0.0149717 0.0284734 0.999482 0.337153 0 0 0 1 
3394309160223;0.261461;0.041201;30;0.958922 0.27397 -0.073546 0.298001 -0.27016 0.961083 0.0577348 3.41765 0.0865015 -0.035494 0.995619 -1.18152 0 0 0 1 
3394309160224;0.0854273;0.0301757;21;0.993674 0.111765 -0.0110221 0.103629 -0.111659 0.993698 0.00980907 1.35454 0.0120489 -0.0085163 0.999891 -0.136126 0 0 0 1 
3394309160225;0.231107;0.0220801;16;0.999913 0.00377707 -0.0126114 -0.247246 -0.00353623 0.999812 0.0190648 0.557988 0.012681 -0.0190186 0.999739 0.058843 0 0 0 1 
3394309160226;0.061528;0.0292768;13;0.999986 0.00362102 -0.00377243 -0.0622817 -0.00362556 0.999993 -0.00119796 0.084763 0.00376806 0.00121162 0.999992 -0.166228 0 0 0 1 
3394309160227;0.376137;1.58956;64;0.884127 0.465749 -0.0373734 -2.39152 -0.466098 0.884733 -0.000687673 5.86125 0.0327452 0.0180277 0.999301 -0.23773 0 0 0 1 
3394309160228;0.303595;0.0274384;27;0.965569 -0.248813 0.0759577 0.257784 0.260003 0.932755 -0.249735 -2.95951 -0.00871278 0.260885 0.965331 0.177251 0 0 0 1 
3394309160229;0.401686;0.0263707;29;0.931048 -0.315649 0.183072 1.03631 0.31977 0.947467 0.00734921 -3.65671 -0.175774 0.0516985 0.983072 2.45866 0 0 0 1 
3394309160230;0.10387;0.0424345;20;0.991277 0.127885 -0.0318751 0.0519744 -0.12891 0.991123 -0.0325176 1.67951 0.0274337 0.036343 0.998963 -0.298181 0 0 0 1 
3394309160231;0.26477;0.0411509;29;0.925121 -0.227857 0.303699 0.269931 0.191221 0.970663 0.145769 -2.78848 -0.328004 -0.0767805 0.941551 4.30541 0 0 0 1 
3394309160232;0.456423;0.0321508;27;0.870288 0.285242 -0.401541 2.8063 -0.283236 0.956791 0.0657972 3.88676 0.402958 0.0564681 0.913475 -5.52444 0 0 0 1 
3394309160233;0.155497;0.0358248;16;0.999116 0.0333881 0.0255401 -0.218998 -0.0341164 0.999008 0.0286331 0.376615 -0.0245587 -0.0294791 0.999264 0.704128 0 0 0 1 
3394309160234;0.449685;0.187114;16;0.997295 -0.0684608 0.0267376 0.26287 0.0696674 0.996455 -0.0471585 -0.838086 -0.0234143 0.0488937 0.99853 -0.582453 0 0 0 1 
3394309160235;0.164832;0.0265811;22;0.9716 0.126358 -0.200067 0.327478 -0.116164 0.991296 0.0619444 1.50551 0.206153 -0.0369446 0.977822 -2.61879 0 0 0 1 
3394309160236;0.330502;0.0404757;39;0.972239 0.225077 0.0639676 0.123644 -0.209646 0.959322 -0.189077 3.26467 -0.103922 0.170418 0.979877 1.8893 0 0 0 1 
3394309160237;0.197559;0.0473455;15;0.999947 -0.0102855 0.000986861 0.204508 0.0102771 0.999913 0.00823088 0.117114 -0.00107143 -0.0082203 0.999966 -0.271322 0 0 0 1 
3394309160238;0.37956;0.0360531;22;0.982022 -0.139341 0.127342 0.808281 0.124347 0.98508 0.118972 -1.49891 -0.14202 -0.100999 0.984698 1.92327 0 0 0 1 
3394309160239;0.353533;0.0370358;19;0.995684 -0.0427407 0.0823786 -0.844376 0.0417971 0.99904 0.013146 -0.380765 -0.0828613 -0.00964612 0.996514 0.485302 0 0 0 1 
3394309160240;0.540644;0.885138;50;0.936112 0.30193 0.180369 -2.01187 -0.220286 0.903138 -0.368532 4.09432 -0.274169 0.305254 0.911949 3.70794 0 0 0 1 
3394309160241;0.23847;0.811593;32;0.978821 0.0807173 0.188131 -1.71799 -0.0917013 0.994509 0.0504171 1.05002 -0.183029 -0.0666012 0.980849 1.898 0 0 0 1 
3394309160242;0.249114;0.025041;17;0.99934 -0.0234148 0.0277749 -0.33423 0.0228201 0.999508 0.0215354 -0.296127 -0.0282655 -0.0208874 0.999382 -0.233215 0 0 0 1 
3394309160243;0.309141;0.0395035;44;0.957751 0.162951 0.236982 -0.0335064 -0.116936 0.973453 -0.196761 1.89828 -0.262753 0.160737 0.95138 3.35233 0 0 0 1 
3394309160244;0.346424;0.0364439;18;0.999996 -0.00214438 -0.00157517 0.497602 0.00215018 0.999991 0.00369331 -0.421963 0.00156723 -0.00369668 0.999992 0.626223 0 0 0 1 
3394309160245;0.222213;0.0353361;38;0.981449 0.142741 0.127995 0.115909 -0.148772 0.98811 0.0388114 2.00234 -0.120933 -0.0571335 0.991015 1.13489 0 0 0 1 
3394309160246;0.394505;0.981746;46;0.901265 0.428579 0.0635692 -1.59821 -0.432735 0.897688 0.0830441 5.55487 -0.0214744 -0.102353 0.994516 0.170619 0 0 0 1 
3394309160248;0.387346;0.0338862;44;0.99459 0.0894043 -0.0528911 0.152763 -0.0598488 0.909353 0.411697 0.395905 0.0849042 -0.406304 0.909785 -1.26081 0 0 0 1 
3394309160249;0.0790091;0.0316241;19;0.996137 -0.087626 0.00568014 0.0019956 0.0876186 0.996153 0.00154014 -1.48536 -0.00579324 -0.00103651 0.999983 0.103395 0 0 0 1 
3394309160250;0.489213;0.0332173;25;0.931582 0.266467 -0.247287 1.71896 -0.224387 0.95667 0.185559 3.26015 0.286018 -0.117376 0.951008 -3.95594 0 0 0 1 
3394309160251;0.37181;0.0371287;43;0.884 0.441506 -0.153675 2.33509 -0.401908 0.885659 0.232548 6.5164 0.238775 -0.143809 0.960367 -4.06732 0 0 0 1 
3394309160252;0.374908;0.0278204;45;0.932143 -0.361931 -0.0107535 1.27113 0.361996 0.932167 0.00485283 -6.42304 0.00826762 -0.00841624 0.99993 -0.397754 0 0 0 1 
3394309160253;0.217625;0.0338257;24;0.97069 -0.152775 0.185529 0.21904 0.161586 0.986299 -0.0332424 -2.61695 -0.177908 0.0622468 0.982076 3.50006 0 0 0 1 
3394309160254;0.306431;0.0301023;21;0.99973 -0.0232467 0.000422229 -0.764512 0.023246 0.999729 0.00151036 -0.0710893 -0.000457226 -0.00150013 0.999999 0.367033 0 0 0 1 
3394309160255;0.470321;0.0315212;32;0.972749 -0.227488 -0.0448106 -0.355777 0.200553 0.922526 -0.329734 -2.49115 0.116349 0.311761 0.94301 -1.76103 0 0 0 1 
3394309160256;0.293686;0.0220445;17;0.999374 0.0302502 -0.018325 -0.509406 -0.0299386 0.999406 0.0170476 0.0120152 0.0188298 -0.0164883 0.999687 -0.0591647 0 0 0 1 
