#;prob_registration_l1 -r /home/probabilistic_point_clouds_registration/build/tester /home/point_clouds_registration_benchmark//devel/registration_pairs/long_office_household_local.txt /home/point_clouds_registration_benchmark//tum/long_office_household -s 0.1 -t 0.1 -p 0.3 -r 1000 -m 10 -n 10 -i 100 
id;initial_error;final_error;transformation
26456013410000;0.652746;0.499142;23;0.805912 0.516962 -0.288542 0.538677 -0.531216 0.846591 0.0330673 -0.173721 0.261372 0.126629 0.956896 -0.330954 0 0 0 1 
26456013410001;1.0574;0.505877;22;0.967582 0.242931 -0.0690644 0.246103 -0.235351 0.966502 0.102385 0.151033 0.0916234 -0.0828117 0.992344 1.05943 0 0 0 1 
26456013410002;0.577722;0.505714;22;0.953127 0.286075 -0.0985446 0.417189 -0.263114 0.944456 0.19691 0.12559 0.149402 -0.161752 0.975456 0.647686 0 0 0 1 
26456013410003;1.10585;0.572123;19;0.965162 -0.221714 -0.138946 0.535997 0.246913 0.947483 0.203248 0.175852 0.0865859 -0.230475 0.969218 -0.729996 0 0 0 1 
26456013410004;0.510854;0.603886;21;0.934843 0.325152 0.142637 0.319125 -0.355058 0.854079 0.38011 -0.366523 0.00177072 -0.405987 0.913877 -0.149592 0 0 0 1 
26456013410005;0.315858;0.438036;19;0.994306 0.0832886 -0.066467 0.337644 -0.0830926 0.996525 0.00571298 0.309543 0.0667119 -0.000157537 0.997772 -0.158024 0 0 0 1 
26456013410006;0.127418;0.533959;21;0.949803 0.289715 -0.118064 0.473619 -0.268573 0.948634 0.167219 -0.144812 0.160445 -0.127116 0.978825 0.231574 0 0 0 1 
26456013410007;0.936325;0.545649;16;0.971501 -0.191142 -0.140179 0.110949 0.184436 0.981043 -0.0594846 0.416753 0.148892 0.0319353 0.988338 0.703022 0 0 0 1 
26456013410008;0.859142;0.470619;21;0.989 0.105652 -0.10352 0.414441 -0.0992425 0.992922 0.065237 0.132196 0.10968 -0.0542458 0.992486 0.877944 0 0 0 1 
26456013410009;0.404949;0.52521;20;0.929023 0.272071 -0.250786 0.199295 -0.248982 0.961015 0.120238 -0.0991352 0.273723 -0.0492631 0.960546 0.45123 0 0 0 1 
26456013410010;0.333714;0.516776;20;0.954819 0.199611 -0.220174 0.353327 -0.204191 0.978929 0.00199814 -0.0663609 0.215934 0.0430496 0.975459 -0.0955691 0 0 0 1 
26456013410011;0.463956;0.506603;18;0.990108 0.100771 -0.0976273 0.469349 -0.0889587 0.988949 0.1186 0.095162 0.1085 -0.108742 0.988131 -0.264978 0 0 0 1 
26456013410012;1.06761;0.35697;20;0.942364 0.0778603 -0.325405 0.858893 -0.162766 0.956393 -0.242526 0.687865 0.292332 0.281513 0.913943 0.899027 0 0 0 1 
26456013410013;0.408963;0.324545;19;0.863954 0.49984 -0.0611929 0.294986 -0.4962 0.865714 0.0657643 -0.162595 0.0858472 -0.0264534 0.995957 0.109111 0 0 0 1 
26456013410014;0.281798;0.593883;22;0.937422 0.305587 -0.166906 0.403208 -0.250718 0.925016 0.285458 -0.288098 0.241623 -0.225748 0.943746 0.125017 0 0 0 1 
26456013410015;0.444148;0.54295;19;0.964032 0.109322 -0.242261 0.296626 -0.0902939 0.99199 0.0883349 0.0444026 0.249977 -0.063283 0.966181 0.49577 0 0 0 1 
26456013410016;0.631913;0.56199;21;0.852291 0.510247 0.115102 0.114995 -0.523064 0.832289 0.183573 -0.0726795 -0.00212999 -0.216663 0.976244 0.641375 0 0 0 1 
26456013410017;0.712942;0.493435;22;0.969676 0.235425 -0.0656029 0.581555 -0.230997 0.970537 0.0685436 0.54986 0.0798069 -0.051311 0.995489 0.360783 0 0 0 1 
26456013410018;0.599666;0.520017;23;0.86158 0.4811 0.161936 0.311681 -0.505722 0.841085 0.191888 -0.54713 -0.0438851 -0.247221 0.967965 -0.138871 0 0 0 1 
26456013410019;0.16999;0.532161;21;0.969439 0.227161 -0.0926571 0.408397 -0.205993 0.958833 0.195465 0.00144183 0.133245 -0.170404 0.976324 0.0686625 0 0 0 1 
26456013410020;0.966938;0.613158;21;0.9433 0.310346 -0.117771 0.211139 -0.275553 0.929941 0.243476 -0.437675 0.185082 -0.197219 0.96273 -0.606679 0 0 0 1 
26456013410021;1.2145;0.557061;18;0.959681 -0.214967 -0.181112 -0.298737 0.245101 0.955394 0.164765 0.315031 0.137614 -0.202513 0.969562 -0.251744 0 0 0 1 
26456013410022;0.808376;0.48501;18;0.970794 -0.160205 -0.178588 -0.0751346 0.110331 0.959113 -0.260634 0.651942 0.21304 0.233318 0.948776 -0.139257 0 0 0 1 
26456013410023;0.310262;0.561724;22;0.865251 0.47309 -0.16591 0.157971 -0.444281 0.876901 0.183464 -0.0708205 0.232282 -0.0850315 0.968925 0.330762 0 0 0 1 
26456013410024;0.290654;0.558461;23;0.910275 0.400144 -0.106228 0.480954 -0.342212 0.871642 0.3509 -0.431069 0.233004 -0.283063 0.930368 0.282975 0 0 0 1 
26456013410025;0.115869;0.461557;21;0.961341 0.258278 -0.0954767 0.307621 -0.253501 0.965511 0.0593846 0.0207171 0.107522 -0.0328854 0.993659 0.173799 0 0 0 1 
26456013410026;0.438952;0.594243;16;0.988212 0.143288 -0.0538954 0.292144 -0.120103 0.943953 0.307453 -0.438173 0.094929 -0.297356 0.950036 0.0716251 0 0 0 1 
26456013410027;1.02893;0.561134;24;0.814912 0.566625 -0.121883 0.649583 -0.538219 0.817849 0.203578 0.599132 0.215034 -0.100298 0.971443 0.255889 0 0 0 1 
26456013410028;0.910665;0.606481;23;0.952576 0.275775 -0.128635 0.473163 -0.248291 0.948776 0.195384 0.0868347 0.175928 -0.154179 0.972254 1.00891 0 0 0 1 
26456013410029;0.807992;0.400472;19;0.941597 0.21577 -0.25853 0.544018 -0.257101 0.956463 -0.138125 0.837668 0.217471 0.196527 0.956077 -0.0136399 0 0 0 1 
26456013410031;0.378079;1.5258;26;-0.186868 0.331427 -0.92479 1.02369 -0.818331 0.468315 0.333192 1.47218 0.543521 0.819047 0.183704 -0.227745 0 0 0 1 
26456013410032;0.347742;1.57372;27;-0.296992 0.248822 -0.921891 0.742323 -0.428894 0.827825 0.361603 1.05026 0.853139 0.502786 -0.139139 -0.950839 0 0 0 1 
26456013410033;0.319289;1.56223;25;-0.272896 0.221229 -0.936262 0.818493 -0.472643 0.816823 0.33077 0.975962 0.837936 0.532783 -0.118345 -0.875241 0 0 0 1 
26456013410034;0.665788;0.943799;21;0.308996 0.716924 -0.624933 1.01599 -0.63403 0.645053 0.426512 0.554793 0.708891 0.264436 0.65387 -0.908913 0 0 0 1 
26456013410035;0.543286;1.19311;19;0.416253 0.560785 -0.715719 0.809616 -0.666502 0.723611 0.17934 0.801062 0.618473 0.402377 0.674969 -0.0268568 0 0 0 1 
26456013410036;0.569296;0.911248;18;0.808561 0.545335 -0.220993 0.176669 -0.573668 0.814139 -0.0898992 1.14331 0.130894 0.199466 0.971123 0.302036 0 0 0 1 
26456013410037;0.587068;1.54804;26;-0.277658 0.156615 -0.947828 0.936767 -0.753908 0.57598 0.316023 1.80448 0.595424 0.802321 -0.0418523 -0.0408769 0 0 0 1 
26456013410038;0.163491;1.22698;21;0.278218 0.442633 -0.85245 0.689605 -0.68508 0.713504 0.146893 1.18347 0.673246 0.543128 0.501749 -0.403399 0 0 0 1 
26456013410039;0.298903;1.45924;24;-0.0923661 0.306002 -0.947539 0.628574 -0.533293 0.788413 0.306599 1.54868 0.840873 0.533636 0.0903663 -0.553225 0 0 0 1 
26456013410040;0.421915;1.46177;27;-0.10262 0.207336 -0.972873 0.954183 -0.858537 0.475491 0.191895 1.48259 0.502378 0.854939 0.129211 -0.115301 0 0 0 1 
26456013410041;0.740902;1.2558;20;0.267233 0.451041 -0.851556 1.35689 -0.423718 0.848681 0.316549 0.457983 0.865477 0.276227 0.41791 -0.736136 0 0 0 1 
26456013410042;0.386627;1.20581;21;0.417391 0.730764 -0.540156 0.742332 -0.781926 0.591674 0.19625 1.16757 0.463008 0.340449 0.818363 -0.139969 0 0 0 1 
26456013410043;0.418115;0.988955;19;0.498859 0.373427 -0.782107 0.410931 -0.58139 0.813436 0.0175516 1.11249 0.642748 0.445954 0.622897 -0.215245 0 0 0 1 
26456013410044;0.401489;1.00079;19;0.611398 0.504474 -0.60967 0.277142 -0.349397 0.863374 0.364015 0.778164 0.71001 -0.00954115 0.704127 -0.337436 0 0 0 1 
26456013410045;0.640918;1.55645;26;-0.156737 0.303269 -0.939926 0.568938 -0.467379 0.815605 0.341094 0.512397 0.870052 0.492764 0.0139056 -1.01951 0 0 0 1 
26456013410046;0.387348;1.57969;30;-0.211672 0.275845 -0.937606 0.621617 -0.448063 0.825199 0.343929 1.54407 0.868582 0.492906 -0.0510758 -0.783993 0 0 0 1 
26456013410047;0.681694;1.17934;22;0.506548 0.799753 -0.322186 0.415449 -0.576256 0.591982 0.563459 0.613719 0.641357 -0.0997571 0.76073 -0.791496 0 0 0 1 
26456013410048;0.200666;1.44208;25;-0.201396 0.320778 -0.925495 0.941169 -0.564517 0.734143 0.377299 0.959072 0.800475 0.598444 0.0332309 -0.352033 0 0 0 1 
26456013410049;0.634474;1.24877;22;0.354094 0.558016 -0.75049 0.972845 -0.745458 0.652986 0.133798 1.25621 0.564721 0.512082 0.647196 0.203511 0 0 0 1 
26456013410050;0.211001;1.55839;26;-0.105869 0.192499 -0.97557 0.785243 -0.49881 0.838437 0.219571 1.19945 0.860221 0.509869 0.00725627 -0.716449 0 0 0 1 
26456013410051;0.550163;0.954367;20;0.621788 0.576324 -0.530312 0.689439 -0.381213 0.814208 0.437884 0.406451 0.684147 -0.070109 0.725967 -0.646805 0 0 0 1 
26456013410052;0.551544;0.960752;21;0.470183 0.66241 -0.583216 0.916643 -0.677341 0.694478 0.242714 0.645487 0.565807 0.280916 0.775209 -0.855831 0 0 0 1 
26456013410053;0.345543;1.42006;23;-0.0361231 0.449435 -0.892582 1.03845 -0.704786 0.621763 0.341595 1.63143 0.7085 0.641419 0.294296 -0.454206 0 0 0 1 
26456013410054;0.546651;1.54006;26;-0.115179 0.128797 -0.984959 1.03104 -0.773126 0.610962 0.170299 1.81891 0.623707 0.781112 0.0292057 -1.1197 0 0 0 1 
26456013410055;0.267657;1.58813;29;-0.227153 0.234126 -0.945297 1.14475 -0.586171 0.742277 0.324699 1.45627 0.777692 0.627862 -0.0313724 -0.409785 0 0 0 1 
26456013410056;0.595541;1.2531;21;0.524672 0.585217 -0.618256 0.883693 -0.754443 0.656084 -0.0192215 1.19017 0.394379 0.476524 0.785742 -0.349199 0 0 0 1 
26456013410057;0.461018;1.51256;27;-0.160093 0.369186 -0.915463 1.17673 -0.743576 0.56485 0.357826 1.00784 0.649203 0.738001 0.18409 -0.36696 0 0 0 1 
26456013410058;0.576941;1.53347;25;-0.197138 0.441594 -0.875289 1.09239 -0.536563 0.698624 0.473312 0.51328 0.82051 0.562956 0.0992182 -0.780538 0 0 0 1 
26456013410059;0.729412;1.60815;26;-0.375607 0.387086 -0.842071 1.1555 -0.690007 0.489781 0.532922 1.09997 0.618717 0.781204 0.0831266 0.00415703 0 0 0 1 
26456013410060;0.670241;0.947049;20;0.564092 0.623018 -0.541894 0.292129 -0.384058 0.77893 0.495749 0.920403 0.730958 -0.0715295 0.678663 -0.86452 0 0 0 1 
26456013410062;0.727774;0.500736;22;0.960142 0.259564 -0.1037 -0.36899 -0.233093 0.948292 0.21543 -0.354618 0.154255 -0.182672 0.970998 0.345312 0 0 0 1 
26456013410063;1.34575;0.242186;20;0.963883 0.0553907 0.260502 -0.299449 0.0281119 0.951508 -0.306337 -0.514788 -0.264838 0.302596 0.915585 -0.17107 0 0 0 1 
26456013410064;0.325852;0.210528;15;0.994784 0.0184577 0.100322 -0.0580717 -0.0313535 0.99121 0.128531 -0.156959 -0.0970675 -0.131006 0.986618 0.127577 0 0 0 1 
26456013410065;0.371368;0.935637;28;0.944581 -0.263377 -0.195956 -0.116123 0.266986 0.963665 -0.00825335 0.0557512 0.19101 -0.0445216 0.980578 0.0157437 0 0 0 1 
26456013410066;1.03207;0.201865;19;0.986415 -0.0867706 -0.139488 -0.185086 0.0445198 0.958543 -0.281447 0.410662 0.158126 0.271414 0.949384 0.417093 0 0 0 1 
26456013410067;0.857765;1.57712;22;0.976338 -0.122707 0.178065 -0.689993 0.172234 0.93916 -0.297178 -0.0151034 -0.130766 0.320815 0.938071 0.230485 0 0 0 1 
26456013410068;1.01715;0.181509;18;0.997234 -0.074302 -0.00175787 -0.131929 0.0737427 0.986225 0.148059 -0.0735866 -0.00926744 -0.147779 0.988977 0.606918 0 0 0 1 
26456013410069;0.211374;0.633489;25;0.958272 -0.233182 -0.165349 -0.119124 0.231982 0.972351 -0.0268075 -0.0369592 0.167028 -0.0126691 0.985871 0.152705 0 0 0 1 
26456013410070;0.584191;0.574834;22;0.903526 -0.284431 -0.320532 0.2891 0.259093 0.958359 -0.12008 0.0522973 0.341339 0.0254477 0.939596 0.0324322 0 0 0 1 
26456013410071;0.0848378;0.221665;15;0.999415 -0.0183695 0.0288577 -0.0574661 0.0202024 0.997709 -0.0645643 -0.0236097 -0.0276056 0.0651095 0.997496 -0.0146291 0 0 0 1 
26456013410072;0.345771;0.167513;20;0.982199 -0.035187 -0.184519 0.0578631 0.0726119 0.977062 0.200194 -0.289082 0.173242 -0.210028 0.962224 0.223952 0 0 0 1 
26456013410073;0.619828;0.252923;18;0.970333 0.0566956 0.235032 -0.196057 -0.0282559 0.992047 -0.122652 -0.0900693 -0.240116 0.112372 0.964218 0.160817 0 0 0 1 
26456013410074;0.46439;0.186099;18;0.980109 -0.156996 -0.121403 -0.105557 0.135601 0.976422 -0.167966 0.158458 0.14491 0.148163 0.978289 0.107229 0 0 0 1 
26456013410075;1.52576;1.03013;30;0.942063 -0.334842 -0.0199381 -0.5005 0.335161 0.937229 0.0962718 -0.0713159 -0.0135493 -0.0973766 0.995155 -0.761998 0 0 0 1 
26456013410076;0.479244;0.225658;17;0.997703 0.0285525 -0.0614333 -0.0352165 -0.0352313 0.993247 -0.110538 0.0683731 0.0578624 0.112449 0.991971 -0.195176 0 0 0 1 
26456013410077;0.704929;0.505602;20;0.980467 -0.195493 0.0216135 -0.486286 0.19378 0.978953 0.0640386 -0.299982 -0.0336777 -0.0585994 0.997713 0.138603 0 0 0 1 
26456013410078;0.365691;0.460901;16;0.995873 -0.063705 -0.0646454 0.0466918 0.0598015 0.996368 -0.0606205 0.0364911 0.0682725 0.0565044 0.996065 0.0276027 0 0 0 1 
26456013410079;1.72117;1.4427;22;0.994341 -0.0959565 -0.0455823 0.0542132 0.0799486 0.958483 -0.273714 0.251913 0.0699545 0.268521 0.96073 0.519476 0 0 0 1 
26456013410080;1.76411;0.176442;27;0.992365 -0.117998 -0.0358862 -0.499769 0.118431 0.99291 0.0101803 0.751867 0.0344306 -0.0143527 0.999304 -0.0509093 0 0 0 1 
26456013410081;1.63412;0.283436;23;0.982671 0.0649112 0.173623 -0.116456 -0.0365038 0.986105 -0.162064 0.809616 -0.18173 0.152917 0.971386 -0.453756 0 0 0 1 
26456013410082;0.404515;0.655744;17;0.942733 0.0366556 -0.331527 0.129975 0.010072 0.990361 0.138141 0.110717 0.333395 -0.133569 0.933278 0.0880082 0 0 0 1 
26456013410083;1.34753;0.196318;21;0.998046 -0.0617652 -0.00947623 -0.234229 0.0620709 0.99741 0.0363353 -0.579349 0.00720744 -0.0368524 0.999295 0.504657 0 0 0 1 
26456013410084;1.15281;0.251721;21;0.999937 0.00865928 0.00715345 0.0781195 -0.00936756 0.994346 0.105774 -0.615396 -0.00619707 -0.105835 0.994364 0.369552 0 0 0 1 
26456013410085;0.50976;0.289689;16;0.996417 0.023503 0.0812505 -0.0907358 -0.0104905 0.987541 -0.157011 0.100414 -0.0839284 0.155596 0.984249 -0.276737 0 0 0 1 
26456013410086;0.789041;0.399418;19;0.981597 -0.146289 -0.122751 0.0705358 0.132008 0.984273 -0.117391 0.0754555 0.137993 0.0990261 0.98547 -0.356472 0 0 0 1 
26456013410087;0.962758;0.287319;29;0.991108 0.129639 -0.0299615 -0.0658081 -0.132834 0.977067 -0.166421 0.560326 0.00769971 0.168921 0.985599 -0.0222555 0 0 0 1 
26456013410088;1.51292;1.03184;30;0.911175 -0.397985 -0.106625 -0.999822 0.394768 0.917383 -0.0506605 -0.351989 0.117978 0.00406858 0.993008 0.108326 0 0 0 1 
26456013410089;0.558558;0.319083;16;0.994584 -0.0867159 -0.0572932 -0.060251 0.0837666 0.995127 -0.0520195 -0.0538445 0.0615249 0.0469386 0.997001 0.328835 0 0 0 1 
26456013410090;1.4132;0.245328;27;0.992967 -0.0243561 -0.115863 0.165026 0.0285475 0.998992 0.0346547 -0.0615996 0.114902 -0.0377186 0.99266 -0.678805 0 0 0 1 
26456013410091;1.21795;0.496767;32;0.962276 -0.210085 0.172883 -0.196779 0.2561 0.91393 -0.314872 -0.0447316 -0.0918533 0.347269 0.933256 0.391229 0 0 0 1 
26456013410093;0.469907;0.541831;23;0.969617 -0.219401 0.108198 -0.0617685 0.223889 0.974119 -0.0310902 0.531207 -0.0985766 0.0543699 0.993643 -0.453389 0 0 0 1 
26456013410094;0.663694;0.184503;19;0.896996 0.168336 -0.408732 0.379665 -0.0700795 0.967111 0.244509 0.291028 0.436449 -0.19068 0.879292 0.105385 0 0 0 1 
26456013410095;0.871627;0.21742;18;0.976275 0.186082 0.110731 0.474542 -0.18692 0.982371 -0.00285464 0.330053 -0.10931 -0.017911 0.993846 -0.0186003 0 0 0 1 
26456013410096;0.802998;0.248871;27;0.99833 0.0494296 0.029899 -0.392551 -0.0499175 0.998628 0.0157972 0.310744 -0.0290771 -0.0172633 0.999428 -0.483237 0 0 0 1 
26456013410097;0.47238;0.266735;24;0.903533 0.428086 -0.0192575 0.0331354 -0.427165 0.903337 0.0388826 0.208778 0.0340411 -0.0269056 0.999058 0.174105 0 0 0 1 
26456013410098;0.153152;0.203937;20;0.982295 0.114569 -0.148227 0.0810513 -0.110234 0.993211 0.0371639 0.168276 0.151479 -0.0201662 0.988255 0.0492224 0 0 0 1 
26456013410099;1.16156;0.312735;25;0.992707 -0.052435 -0.108547 -0.236559 0.0359045 0.988186 -0.148995 0.849074 0.115077 0.144011 0.982862 0.453733 0 0 0 1 
26456013410100;0.366643;0.200333;20;0.963858 0.258259 0.0654188 -0.123646 -0.25251 0.963874 -0.0847708 0.165948 -0.0849483 0.0651881 0.994251 0.181279 0 0 0 1 
26456013410101;1.16745;0.209707;20;0.987521 0.156746 0.0152648 -0.00396224 -0.156942 0.971412 0.178125 0.523923 0.0130919 -0.178297 0.98389 0.779406 0 0 0 1 
26456013410102;1.13408;0.219152;21;0.988129 -0.131321 -0.0797226 0.138793 0.13412 0.990486 0.0308028 -0.000400854 0.0749191 -0.0411295 0.996341 -0.849513 0 0 0 1 
26456013410103;0.393965;0.216295;20;0.994845 0.070953 -0.0724547 0.016853 -0.0566829 0.981502 0.182871 -0.234898 0.0840897 -0.177821 0.980463 -0.0615081 0 0 0 1 
26456013410104;1.01585;0.241877;23;0.954815 0.296233 0.0239482 -0.562017 -0.292051 0.920292 0.260324 0.267758 0.0550771 -0.255555 0.965224 -0.414467 0 0 0 1 
26456013410105;1.13047;0.502341;23;0.997292 -0.0732926 0.0060001 -0.0824001 0.0732999 0.984195 -0.161205 -0.102819 0.00590986 0.161208 0.986903 0.377054 0 0 0 1 
26456013410106;0.197882;0.167095;20;0.954571 0.296063 0.0337774 -0.101985 -0.297021 0.954459 0.0280399 0.132451 -0.0239376 -0.0367987 0.999036 0.049198 0 0 0 1 
26456013410107;0.85745;0.359731;28;0.953543 -0.300079 0.0266113 -0.281643 0.300941 0.952863 -0.038562 -0.0447369 -0.0137852 0.0447789 0.998902 -0.45018 0 0 0 1 
26456013410108;1.09003;0.236917;19;0.973133 0.0861964 0.213499 -0.34087 -0.0936035 0.9953 0.0248122 -0.565305 -0.210357 -0.0441298 0.976628 0.394509 0 0 0 1 
26456013410109;0.997601;0.240325;19;0.984386 0.175649 -0.0114426 0.152663 -0.175971 0.980467 -0.0878566 -0.419066 -0.00421285 0.0884984 0.996067 0.324444 0 0 0 1 
26456013410110;1.0844;0.276656;23;0.899261 -0.0863252 0.42881 -0.977725 0.0816501 0.99623 0.0293253 0.126873 -0.429725 0.00864128 0.902919 -0.458526 0 0 0 1 
26456013410111;0.414986;0.480019;23;0.991991 -0.126199 0.00531938 0.0768795 0.120548 0.933317 -0.338211 0.561927 0.0377171 0.336143 0.941055 -0.0734992 0 0 0 1 
26456013410112;0.40276;0.232594;17;0.994563 0.0299665 0.0997296 -0.0929909 -0.0457177 0.98612 0.159617 0.0220195 -0.0935621 -0.163309 0.982128 -0.241906 0 0 0 1 
26456013410113;0.220143;0.174987;22;0.980111 0.192734 -0.0472888 0.00895626 -0.193586 0.980982 -0.0141266 0.148293 0.0436668 0.0230001 0.998781 0.0998989 0 0 0 1 
26456013410114;0.883586;0.208482;19;0.965061 -0.152762 0.212889 -0.536855 0.139228 0.987241 0.0772648 -0.154977 -0.221976 -0.0449252 0.974017 0.401647 0 0 0 1 
26456013410115;0.901703;0.252239;18;0.998562 0.00363781 -0.0534886 -0.0617046 0.0055719 0.98525 0.171028 0.171331 0.0533218 -0.17108 0.983813 0.742783 0 0 0 1 
26456013410116;0.0971774;0.280734;17;0.999041 0.0403712 -0.0169392 0.00174754 -0.0400214 0.998988 0.0205029 0.260921 0.0177498 -0.0198053 0.999646 0.00394538 0 0 0 1 
26456013410117;0.308242;0.206908;18;0.998962 0.0428324 0.0155234 -0.0231448 -0.0440213 0.995259 0.0867239 0.19398 -0.0117352 -0.0873172 0.996111 -0.16692 0 0 0 1 
26456013410118;0.617996;0.246113;29;0.941935 -0.269491 0.200332 -0.40661 0.268247 0.962755 0.0338583 0.281405 -0.201996 0.0218463 0.979143 -0.318903 0 0 0 1 
26456013410119;0.836682;0.485631;19;0.98947 -0.143877 0.0157661 -0.0237449 0.141955 0.985928 0.0882934 0.235793 -0.0282476 -0.0851256 0.99597 -0.737053 0 0 0 1 
26456013410120;1.27194;0.197141;19;0.998876 0.0469994 -0.00620506 0.4738 -0.0456857 0.989274 0.138741 0.209414 0.0126593 -0.138302 0.990309 -0.767041 0 0 0 1 
26456013410121;0.539915;0.363815;22;0.960798 -0.273138 -0.0475747 0.240588 0.273511 0.961868 0.00139149 0.302118 0.0453805 -0.0143491 0.998867 -0.412692 0 0 0 1 
26456013410122;0.715537;0.278004;17;0.997224 0.0498793 -0.0552867 0.172971 -0.0489592 0.998641 0.0178729 0.319756 0.056103 -0.0151165 0.998311 -0.558624 0 0 0 1 
26456013410124;1.54152;0.0595824;36;0.853892 0.506365 -0.120261 -0.510514 -0.517395 0.850907 -0.0908875 -0.451234 0.0563084 0.13983 0.988573 0.191255 0 0 0 1 
26456013410125;0.0901978;0.0920371;15;0.995374 0.0960721 -0.000120971 0.0757892 -0.0960475 0.995089 -0.0239365 -0.11302 -0.00217925 0.0238374 0.999713 0.00298193 0 0 0 1 
26456013410126;2.04591;0.185425;22;0.945907 0.287818 -0.149733 0.13236 -0.278914 0.957154 0.0778662 -0.179845 0.165729 -0.0318916 0.985656 -0.695911 0 0 0 1 
26456013410127;0.892171;0.217678;20;0.996747 0.0466981 0.0656869 0.0459015 -0.0520353 0.99527 0.0820368 0.323248 -0.0615452 -0.085188 0.994462 -0.234843 0 0 0 1 
26456013410128;1.22747;0.0655106;19;0.999797 -0.0196446 0.00449808 -0.187585 0.0199622 0.99599 -0.0872133 0.154137 -0.00276677 0.0872854 0.99618 -0.536734 0 0 0 1 
26456013410129;0.476134;0.109046;20;0.972182 0.129851 0.194937 -0.109581 -0.11139 0.988436 -0.102893 -0.201765 -0.206043 0.0783163 0.975404 -0.112728 0 0 0 1 
26456013410130;2.09219;0.127732;20;0.973399 0.206381 0.0995088 0.231877 -0.210522 0.977033 0.0329743 0.0936436 -0.0904181 -0.053046 0.99449 0.703024 0 0 0 1 
26456013410131;1.46172;0.165416;18;0.998268 0.056719 0.0155905 -0.242506 -0.0576398 0.996096 0.0668629 -0.232515 -0.0117372 -0.0676458 0.99764 0.571018 0 0 0 1 
26456013410132;0.769284;0.23496;18;0.991739 -0.0553428 0.115716 -0.233919 0.0319178 0.980232 0.19526 0.0823846 -0.124235 -0.189954 0.973901 0.0221457 0 0 0 1 
26456013410133;1.34603;0.199855;20;0.998574 0.0530545 0.00600225 -0.0318423 -0.053112 0.99854 0.00986383 0.255189 -0.00547017 -0.0101685 0.999933 0.520774 0 0 0 1 
26456013410134;1.62064;0.142458;26;0.985679 -0.123203 0.115147 0.182658 0.123727 0.992313 0.00261032 0.374355 -0.114583 0.0116739 0.993345 -0.828325 0 0 0 1 
26456013410135;0.477389;0.0578771;17;0.994955 0.0911445 0.0419177 0.0551869 -0.0902982 0.995679 -0.0216613 -0.0200044 -0.0437109 0.0177669 0.998886 -0.261267 0 0 0 1 
26456013410136;1.0412;0.17071;29;0.964624 -0.248585 -0.0877831 -0.584715 0.24732 0.968607 -0.0251818 0.573842 0.0912871 0.00258045 0.995821 0.351681 0 0 0 1 
26456013410137;1.90811;0.314875;21;0.999493 -0.0302777 0.0098712 -0.0435777 0.0305821 0.99901 -0.0322996 -0.0101705 -0.00888347 0.0325851 0.999429 0.889073 0 0 0 1 
26456013410138;0.964836;0.0655082;21;0.979244 0.192199 -0.0643416 0.0578957 -0.19605 0.978751 -0.0600833 -0.279245 0.0514265 0.0714504 0.996118 0.573147 0 0 0 1 
26456013410139;1.47225;0.203372;34;0.925333 0.37705 -0.0398947 0.586428 -0.378389 0.925022 -0.0340018 -0.890509 0.0240831 0.0465587 0.998625 -0.221523 0 0 0 1 
26456013410140;1.16137;0.188322;27;0.998413 0.0563195 -0.000311825 0.271237 -0.0562839 0.99755 -0.0415357 -0.434699 -0.00202821 0.0414874 0.999137 0.196285 0 0 0 1 
26456013410141;0.944233;0.117622;23;0.99029 0.139011 0.001621 -0.0874746 -0.13902 0.990237 0.0102352 -0.565908 -0.000182367 -0.0103612 0.999946 -0.234303 0 0 0 1 
26456013410142;1.84842;0.348545;26;0.948277 0.166205 -0.270458 -0.525843 -0.216437 0.961763 -0.167833 -0.326752 0.232221 0.217689 0.94799 0.532769 0 0 0 1 
26456013410143;0.46443;0.0508322;20;0.957217 0.287465 0.0331618 0.0453998 -0.289371 0.950803 0.11063 -0.495856 0.000271821 -0.115493 0.993308 0.122231 0 0 0 1 
26456013410144;0.759937;0.111505;22;0.972605 -0.0411121 -0.228802 -0.0879091 -0.0294339 0.954537 -0.296635 0.384152 0.230595 0.295243 0.927177 0.375914 0 0 0 1 
26456013410145;0.437138;0.245386;17;0.986826 -0.0462966 0.155019 -0.15305 0.00132194 0.960457 0.278426 -0.00355388 -0.16178 -0.274553 0.947865 -0.335088 0 0 0 1 
26456013410146;1.81332;0.294883;19;0.998224 0.0595501 -0.00144717 -0.341614 -0.0592591 0.995229 0.0775057 0.0729159 0.00605574 -0.0772823 0.996991 0.670609 0 0 0 1 
26456013410147;0.897776;0.193296;22;0.998114 0.0327801 0.0518979 0.278254 -0.0241469 0.986982 -0.159006 -0.0740797 -0.0564346 0.157453 0.985913 0.124815 0 0 0 1 
26456013410148;0.647101;0.337939;23;0.993985 -0.106436 -0.0258088 -0.220945 0.107952 0.991896 0.0670027 0.07136 0.0184681 -0.0693857 0.997419 0.213735 0 0 0 1 
26456013410149;0.510162;0.090368;20;0.898739 0.433942 -0.0629506 -0.0617138 -0.437034 0.898155 -0.0481662 -0.559334 0.035638 0.0708004 0.996854 0.126537 0 0 0 1 
26456013410150;1.62937;0.078811;25;0.943648 -0.0248597 0.330015 0.00403097 0.141176 0.932133 -0.333463 0.946092 -0.299328 0.361262 0.883115 -0.688303 0 0 0 1 
26456013410151;0.991097;0.156202;18;0.973396 -0.150879 0.17244 -0.383299 0.175979 0.974253 -0.140931 0.369418 -0.146736 0.167528 0.974886 -0.565403 0 0 0 1 
26456013410152;0.386143;0.147611;17;0.99593 0.0869602 -0.0237075 0.0189776 -0.0880894 0.994771 -0.0516898 0.0635783 0.0190885 0.0535677 0.998382 -0.0986928 0 0 0 1 
26456013410153;1.24713;0.0555634;28;0.931364 0.361362 0.0444751 -0.268807 -0.36314 0.930793 0.041869 -0.306163 -0.0262672 -0.055146 0.998133 0.318437 0 0 0 1 
26456013410155;0.44177;0.138357;30;0.974175 0.206925 -0.090357 -0.108046 -0.222008 0.950767 -0.216227 -0.302153 0.0411656 0.230703 0.972153 0.0645461 0 0 0 1 
26456013410156;0.559197;0.407605;19;0.997337 -0.072808 -0.00416774 -0.339424 0.0720135 0.99225 -0.101259 0.0579458 0.0115079 0.100689 0.994851 0.470653 0 0 0 1 
26456013410157;0.798739;0.569739;18;0.99825 0.0329521 -0.0491101 0.203519 -0.0327428 0.999451 0.00505932 -0.284912 0.0492498 -0.00344246 0.998781 -0.204901 0 0 0 1 
26456013410158;0.506235;0.136701;25;0.986563 0.153079 0.057093 0.192076 -0.141007 0.974293 -0.175701 0.249785 -0.0825214 0.16529 0.982787 -0.197386 0 0 0 1 
26456013410159;0.771683;0.228405;21;0.997812 0.0636384 -0.0179193 0.25681 -0.0660706 0.969567 -0.235743 0.618024 0.0023717 0.236411 0.97165 0.113447 0 0 0 1 
26456013410160;0.731372;0.504064;21;0.999513 -0.0287313 -0.0121594 -0.140117 0.0278896 0.997528 -0.064494 0.190438 0.0139823 0.0641235 0.997844 -0.564236 0 0 0 1 
26456013410161;0.152345;0.259714;18;0.998487 -0.0182037 0.0518788 -0.226246 0.0215711 0.997645 -0.0651074 0.0144632 -0.0505714 0.066128 0.996529 -0.156216 0 0 0 1 
26456013410162;0.843744;0.487258;21;0.906214 -0.0684937 -0.417235 0.210433 0.0592116 0.997626 -0.0351664 0.480553 0.418653 0.00716316 0.908118 0.880645 0 0 0 1 
26456013410163;0.17304;0.3757;19;0.990958 -0.0646766 -0.117559 -0.207667 0.044041 0.984401 -0.17034 0.104308 0.126742 0.163622 0.978348 0.188377 0 0 0 1 
26456013410164;1.05704;0.279424;21;0.9944 -0.0617801 -0.0857394 -0.102968 0.062459 0.998034 0.00525604 -0.0418549 0.0852461 -0.0105818 0.996304 -0.891501 0 0 0 1 
26456013410165;1.01882;1.03224;21;0.994846 -0.083119 -0.0580729 -0.676673 0.0873432 0.993393 0.0744452 0.435331 0.0515014 -0.0791338 0.995533 0.179106 0 0 0 1 
26456013410166;0.386158;0.345261;21;0.967553 -0.0570667 -0.24614 0.123077 -0.0297247 0.941688 -0.335172 0.423806 0.250914 0.331613 0.909437 0.121273 0 0 0 1 
26456013410167;0.362618;0.252138;20;0.994524 0.0250216 -0.101469 -0.155763 0.0198828 0.907881 0.418755 -0.565441 0.102599 -0.41848 0.902412 0.108782 0 0 0 1 
26456013410168;0.272737;0.295366;21;0.962274 -0.0302426 -0.270395 -0.0256528 0.0315497 0.999502 0.000487822 -0.211481 0.270246 -0.00900031 0.962749 0.102728 0 0 0 1 
26456013410169;0.677811;0.261774;24;0.997713 -0.0604325 -0.0302609 -0.213972 0.0600101 0.99809 -0.0146778 -0.252135 0.0310901 0.0128283 0.999434 0.485986 0 0 0 1 
26456013410170;0.704368;0.527134;20;0.999637 0.0269547 -0.000294746 -0.142011 -0.0269432 0.999433 0.020179 -0.713769 0.000838499 -0.0201638 0.999796 0.116644 0 0 0 1 
26456013410171;1.02478;0.316148;18;0.962307 -0.146889 -0.228887 -0.43093 0.160041 0.986304 0.0398908 -0.0253713 0.219893 -0.0750185 0.972635 -0.00985964 0 0 0 1 
26456013410172;0.366617;0.253227;20;0.967069 -0.0394842 -0.251434 0.0236629 0.0549827 0.996976 0.0549137 -0.0969465 0.248505 -0.0669299 0.966315 -0.0795649 0 0 0 1 
26456013410173;0.895873;0.13149;29;0.985464 0.159334 -0.0589313 -0.420089 -0.157271 0.986818 0.0381567 -0.619677 0.0642341 -0.0283339 0.997533 0.536072 0 0 0 1 
26456013410174;0.457447;0.289864;17;0.998857 -0.0455531 0.0145087 -0.362323 0.0460304 0.998345 -0.0344649 0.219985 -0.0129147 0.0350934 0.999301 0.0104147 0 0 0 1 
26456013410175;0.623034;0.302631;20;0.996852 -0.0576196 -0.0544598 -0.187341 0.058773 0.998075 0.0198186 -0.0154728 0.053213 -0.022957 0.998319 -0.519224 0 0 0 1 
26456013410176;0.235307;0.243168;19;0.989117 -0.0435264 -0.140548 -0.137573 0.0425824 0.999046 -0.00971855 0.0536558 0.140837 0.0036279 0.990026 0.099018 0 0 0 1 
26456013410177;0.877512;0.384313;18;0.999557 0.0294677 0.00429397 0.0599854 -0.0294493 0.999557 -0.00428814 0.589804 -0.00441843 0.00415978 0.999982 0.0338517 0 0 0 1 
26456013410178;0.197683;0.246073;17;0.997205 -0.0449138 -0.0597051 -0.241806 0.045188 0.998973 0.00324925 0.0798525 0.0594979 -0.00593812 0.998211 -0.03661 0 0 0 1 
26456013410179;0.15124;0.250296;18;0.997565 -0.0199456 0.0668247 -0.225132 0.0111356 0.991491 0.129702 -0.104014 -0.0688431 -0.128642 0.989299 0.0130781 0 0 0 1 
26456013410180;0.554153;0.627275;20;0.998305 -0.057696 -0.00764193 -0.129649 0.0551254 0.979494 -0.193788 0.362913 0.018666 0.193038 0.981014 0.0253876 0 0 0 1 
26456013410181;0.475904;0.344036;20;0.999666 -0.0135502 0.0220214 -0.304887 0.00569329 0.946134 0.323726 -0.746176 -0.0252218 -0.323492 0.945895 -0.0561912 0 0 0 1 
26456013410182;0.72307;0.321292;29;0.993379 -0.110592 0.0310973 -0.752322 0.113461 0.9869 -0.114696 0.112094 -0.0180055 0.117465 0.992914 0.275673 0 0 0 1 
26456013410183;0.714484;0.226257;22;0.999138 0.0363481 0.0200416 -0.349034 -0.0256386 0.920169 -0.39068 0.0815989 -0.0326421 0.38983 0.920308 0.44168 0 0 0 1 
26456013410184;0.435457;0.338731;20;0.999358 0.0229803 0.027481 -0.0537364 -0.0212694 0.997911 -0.0610047 0.204705 -0.0288255 0.0603811 0.997759 -0.207332 0 0 0 1 
26456013410186;2.57906;2.01637;17;0.929416 0.283066 -0.236769 0.180628 -0.247598 0.954064 0.168691 -1.04239 0.273644 -0.0981603 0.956809 0.0538698 0 0 0 1 
26456013410187;0.634766;1.20515;55;0.754144 -0.644852 0.124228 0.369269 0.655718 0.729024 -0.196364 1.31023 0.0360609 0.229546 0.97263 -0.167186 0 0 0 1 
26456013410188;1.09866;0.826753;21;0.98052 0.0617179 -0.186473 0.377161 -0.00795001 0.961045 0.276279 -0.307927 0.19626 -0.269414 0.942814 0.0626544 0 0 0 1 
26456013410189;0.60767;0.9649;29;0.952045 -0.302115 -0.0483312 0.263656 0.297514 0.951004 -0.0841255 0.672379 0.0713788 0.0657121 0.995282 0.00927744 0 0 0 1 
26456013410190;1.29465;2.6838;34;0.543211 -0.839192 -0.0260626 -0.434424 0.826888 0.529351 0.189852 1.8943 -0.145526 -0.124681 0.981467 -0.573562 0 0 0 1 
26456013410191;1.28532;1.21248;34;0.873044 -0.471346 0.125006 0.133503 0.484255 0.868166 -0.108555 0.575447 -0.0573594 0.155309 0.986199 -0.430559 0 0 0 1 
26456013410192;1.88351;1.688;19;0.988777 0.138036 -0.0571554 0.284671 -0.148274 0.953568 -0.262151 -0.364631 0.0183152 0.267684 0.963333 0.362123 0 0 0 1 
26456013410193;1.11745;0.986606;35;0.876425 -0.456902 -0.152053 0.250143 0.462579 0.886575 0.00222256 0.931715 0.133791 -0.0722846 0.98837 -0.121088 0 0 0 1 
26456013410194;2.37375;1.23403;53;0.640363 -0.7614 0.101021 0.853744 0.767698 0.638596 -0.0532484 0.934059 -0.023968 0.111652 0.993458 -0.422946 0 0 0 1 
26456013410195;1.70586;1.1493;42;0.758618 -0.648439 0.0634482 0.378587 0.649874 0.746136 -0.144722 1.25823 0.0465026 0.151022 0.987436 -0.609094 0 0 0 1 
26456013410196;0.514644;1.29744;47;0.791195 -0.608402 0.0621028 0.381013 0.604649 0.793433 0.069739 1.01076 -0.0917038 -0.0176268 0.99563 0.0199048 0 0 0 1 
26456013410197;2.7645;2.10816;29;0.72769 -0.540821 -0.421877 -0.443461 0.617668 0.784131 0.0601984 0.92659 0.29825 -0.304386 0.904653 0.515585 0 0 0 1 
26456013410198;2.3433;0.89772;26;0.989406 -0.0972588 -0.107777 0.549753 0.0997482 0.994851 0.0179404 -0.539137 0.105477 -0.0285009 0.994013 0.329217 0 0 0 1 
26456013410199;2.04036;0.511505;18;0.974067 -0.162996 -0.156924 0.501308 0.19378 0.95902 0.206712 -0.23253 0.1168 -0.23176 0.965735 -0.267012 0 0 0 1 
26456013410200;2.25828;2.22652;22;0.656093 -0.491711 0.572506 -0.447679 0.676991 0.718711 -0.158549 1.36625 -0.333506 0.491604 0.804425 -0.576628 0 0 0 1 
26456013410201;2.32984;1.3041;49;0.665505 -0.709228 0.232592 -0.537973 0.726771 0.686727 0.0145166 1.55984 -0.170023 0.159381 0.972466 -0.607248 0 0 0 1 
26456013410202;0.574695;1.22367;37;0.779576 -0.625617 0.0294006 0.181862 0.625672 0.780041 0.0084337 1.0817 -0.02821 0.0118204 0.999532 0.0637737 0 0 0 1 
26456013410203;2.04835;0.855868;24;0.962508 -0.178434 0.204304 0.484311 0.11265 0.948103 0.297339 -0.569543 -0.246757 -0.263177 0.932657 0.0144908 0 0 0 1 
26456013410204;0.669991;0.602267;22;0.996879 -0.0789343 -0.000888483 0.268637 0.0764269 0.962274 0.261126 -0.0575662 -0.0197568 -0.260379 0.965304 -0.103101 0 0 0 1 
26456013410205;0.908947;1.2473;37;0.805766 -0.592233 0.000988781 0.124407 0.592165 0.805696 0.0139238 1.13589 -0.0090428 -0.0106338 0.999903 -0.108291 0 0 0 1 
26456013410206;1.79634;3.11495;28;0.929165 0.2594 -0.263372 0.565882 -0.104097 0.867231 0.486902 -0.581011 0.354707 -0.424996 0.832803 0.587152 0 0 0 1 
26456013410207;0.232642;0.491247;19;0.999451 -0.0200843 -0.0263658 0.173429 0.0193447 0.99942 -0.0280136 0.195499 0.0269132 0.0274882 0.99926 -0.0260158 0 0 0 1 
26456013410208;2.37807;1.2834;29;0.859777 -0.465873 0.209158 0.0826935 0.509325 0.811995 -0.285046 1.30474 -0.0370398 0.351605 0.935415 -0.961574 0 0 0 1 
26456013410209;2.64335;1.19174;58;0.721556 -0.692072 0.0198151 1.09442 0.682425 0.715746 0.148336 0.567176 -0.116842 -0.0935108 0.988738 -0.322549 0 0 0 1 
26456013410210;2.26073;1.239;23;0.930412 -0.245306 -0.272322 0.584434 0.272931 0.959622 0.0680703 0.657218 0.244628 -0.137659 0.959795 -0.201093 0 0 0 1 
26456013410211;1.42407;1.54577;29;0.679634 -0.726057 0.104585 -0.671657 0.727116 0.685634 0.0347705 1.56388 -0.0969524 0.0524143 0.993908 -0.350463 0 0 0 1 
26456013410212;1.48789;1.39578;16;0.923045 -0.0137619 -0.384446 0.239091 0.0870167 0.980927 0.173811 -0.0014561 0.374721 -0.193889 0.906637 0.375519 0 0 0 1 
26456013410213;1.60061;0.884241;32;0.64445 -0.715367 0.270065 -0.443569 0.764359 0.593005 -0.25318 1.96955 0.0209665 0.369588 0.928959 0.000852475 0 0 0 1 
26456013410214;1.7042;1.51002;25;0.727846 -0.679593 -0.0916108 -0.241479 0.666242 0.732443 -0.140175 1.58368 0.162362 0.040991 0.98588 0.562219 0 0 0 1 
26456013410215;0.754244;0.664743;31;0.97831 -0.1581 0.133844 0.324258 0.183686 0.960788 -0.207716 0.595642 -0.0957557 0.227796 0.968989 -0.396604 0 0 0 1 
26456013410217;1.32332;1.54217;19;0.891908 -0.0699034 -0.446781 0.0454049 0.0955971 0.994798 0.0351942 0.11785 0.441996 -0.0741009 0.893951 0.370394 0 0 0 1 
26456013410218;1.34012;1.68732;21;0.988871 0.034934 -0.144619 -0.0343113 0.00988506 0.954467 0.298152 -0.269858 0.148449 -0.296264 0.943499 0.192945 0 0 0 1 
26456013410219;0.65608;0.569461;17;0.959617 0.268219 0.0848214 -0.202286 -0.262002 0.961937 -0.0776735 -0.0440504 -0.102426 0.0523134 0.993364 -0.136004 0 0 0 1 
26456013410220;1.46371;1.18107;21;0.995879 -0.0878136 0.0226731 -0.00463676 0.0842197 0.988185 0.128055 0.230316 -0.0336502 -0.125618 0.991508 0.0374073 0 0 0 1 
26456013410221;1.60635;2.29853;34;0.96488 -0.196569 -0.174263 -0.0785965 0.229499 0.953552 0.19511 0.390441 0.127816 -0.228251 0.965176 0.181326 0 0 0 1 
26456013410222;2.32392;0.113801;52;0.983744 0.118866 -0.134609 0.0611398 -0.14596 0.965923 -0.213747 -0.596527 0.104615 0.229919 0.967571 -0.665063 0 0 0 1 
26456013410223;1.20647;0.92196;16;0.992588 0.118896 -0.0251562 -0.0365608 -0.115492 0.987282 0.109247 0.0838559 0.0378253 -0.105532 0.993696 0.094154 0 0 0 1 
26456013410224;0.781646;0.0831179;26;0.947895 0.149926 0.281099 -0.398001 -0.199138 0.967562 0.15546 -0.182742 -0.248673 -0.203338 0.947003 -0.371807 0 0 0 1 
26456013410225;1.91639;0.75919;25;0.963713 -0.231452 0.13299 -0.224006 0.168157 0.913305 0.37094 -0.394063 -0.207316 -0.335117 0.919085 -0.697401 0 0 0 1 
26456013410226;0.740714;0.647946;17;0.968144 0.242966 0.0605332 -0.128078 -0.244169 0.969643 0.01322 -0.0695767 -0.0554835 -0.0275792 0.998079 -0.0312862 0 0 0 1 
26456013410227;0.854149;0.834017;14;0.999564 -0.0291981 -0.00445666 0.0281351 0.0291488 0.999517 -0.0107496 -0.0521148 0.00476838 0.010615 0.999932 0.0196668 0 0 0 1 
26456013410228;0.477964;0.0925902;32;0.965199 -0.0976043 -0.242619 0.201596 0.0357512 0.968278 -0.247306 0.33022 0.259061 0.230025 0.93807 0.0541313 0 0 0 1 
26456013410229;0.488387;0.103782;24;0.896742 -0.207922 -0.390668 0.354096 0.269544 0.95674 0.109517 0.0107238 0.350997 -0.203511 0.913994 0.350897 0 0 0 1 
26456013410230;0.907029;0.0774129;39;0.997181 0.0715705 0.0225538 -0.0659422 -0.0723745 0.996687 0.0371179 0.134676 -0.0198225 -0.0386455 0.999056 -0.285578 0 0 0 1 
26456013410231;2.37848;0.0702916;42;0.970417 -0.132253 -0.20199 0.372832 0.19382 0.925594 0.325131 -0.418605 0.143961 -0.354663 0.923845 -0.612877 0 0 0 1 
26456013410232;0.758672;0.164876;25;0.997671 0.057973 0.0359402 0.114007 -0.0584239 0.998224 0.0116226 -0.0589026 -0.0352026 -0.0136953 0.999286 -0.250333 0 0 0 1 
26456013410233;0.876115;0.0755069;18;0.998499 -0.0531696 0.013175 0.00894901 0.0529689 0.998481 0.0151436 0.377345 -0.0139602 -0.014423 0.999799 0.0545786 0 0 0 1 
26456013410234;0.436918;0.0509103;20;0.990826 0.127788 0.0439825 -0.121366 -0.13506 0.947875 0.288604 -0.403413 -0.00480955 -0.291897 0.956438 0.283422 0 0 0 1 
26456013410235;0.42537;0.0753787;20;0.920233 -0.0322514 0.39004 -0.417879 0.0676172 0.994714 -0.0772811 0.0510428 -0.385485 0.09749 0.917549 -0.357204 0 0 0 1 
26456013410236;1.61117;0.557805;35;0.919049 0.36335 -0.152726 0.221557 -0.311785 0.907261 0.282255 -0.625093 0.24112 -0.211788 0.947105 -0.10442 0 0 0 1 
26456013410237;1.76467;1.03811;19;0.986312 0.028459 0.162413 0.0313139 -0.0834675 0.935643 0.342937 -0.106186 -0.142201 -0.351799 0.925211 -0.0687587 0 0 0 1 
26456013410238;1.19544;0.0701455;40;0.917408 0.388882 -0.0844596 0.124587 -0.339117 0.875031 0.345428 -0.416882 0.208235 -0.288257 0.934637 -0.0432279 0 0 0 1 
26456013410239;0.73293;0.0985683;26;0.895473 -0.351071 -0.273638 0.322075 0.369154 0.929233 0.0158625 0.292835 0.248704 -0.115219 0.961702 0.0371801 0 0 0 1 
26456013410240;1.79116;1.88926;17;0.964068 0.265508 0.00882151 -0.18701 -0.260875 0.939933 0.220161 -0.351833 0.0501628 -0.214551 0.975424 0.122373 0 0 0 1 
26456013410241;1.92987;1.13354;29;0.986114 -0.0207848 0.164765 0.179656 0.0111964 0.9982 0.0589109 -0.092554 -0.165693 -0.0562481 0.984572 -0.0170196 0 0 0 1 
26456013410242;1.40722;0.573798;31;0.803743 0.594729 0.0171711 -0.123375 -0.512183 0.676924 0.528623 -0.885126 0.302764 -0.433672 0.848683 0.15664 0 0 0 1 
26456013410243;0.583238;0.0886616;24;0.923767 -0.329814 0.194622 -0.215608 0.35645 0.926297 -0.122136 0.334862 -0.139995 0.182198 0.973245 -0.270817 0 0 0 1 
26456013410244;0.533279;0.110424;18;0.995817 0.0663454 0.0628307 -0.086833 -0.0676745 0.997521 0.0192654 -0.0190766 -0.0613968 -0.0234368 0.997838 0.174613 0 0 0 1 
26456013410245;0.736282;0.367654;16;0.963531 -0.25987 -0.0638387 0.0237696 0.228749 0.923665 -0.307436 0.39759 0.138859 0.281621 0.949425 0.195784 0 0 0 1 
26456013410246;1.05866;0.0551074;41;0.993068 0.0839441 -0.0822785 0.00054513 -0.0866646 0.995784 -0.0300644 -0.491466 0.0794078 0.0369867 0.996156 0.0586343 0 0 0 1 
26456013410248;1.23759;0.352459;23;0.953566 -0.114533 -0.278556 -0.16176 0.132163 0.990193 0.0452951 -0.251194 0.270636 -0.0800068 0.959351 1.09135 0 0 0 1 
26456013410249;1.46586;0.412062;27;0.811832 0.530263 0.244439 -0.524043 -0.570938 0.808603 0.142095 -0.895391 -0.122307 -0.254917 0.959197 0.629445 0 0 0 1 
26456013410250;0.412958;0.536404;26;0.989587 0.00701091 -0.143762 -0.311517 -0.0239775 0.992886 -0.116629 0.0401457 0.141922 0.118862 0.982716 0.297403 0 0 0 1 
26456013410251;1.34871;0.391577;19;0.987455 0.15027 0.0484949 -0.207008 -0.147487 0.987442 -0.0566289 -0.290848 -0.0563955 0.0487661 0.997217 0.765118 0 0 0 1 
26456013410252;1.49487;0.922047;23;0.970148 -0.172754 -0.170203 0.0643912 0.2421 0.730896 0.638106 -0.472987 0.0141649 -0.660263 0.750901 -0.39455 0 0 0 1 
26456013410253;0.288077;0.429845;20;0.962092 0.266622 -0.0573778 -0.201196 -0.270418 0.959912 -0.0737716 -0.563403 0.0354086 0.086491 0.995623 -0.16639 0 0 0 1 
26456013410254;0.399182;0.373732;20;0.930751 0.358622 0.0713611 -0.390452 -0.351243 0.931127 -0.098138 -0.492406 -0.101641 0.066277 0.992611 -0.33921 0 0 0 1 
26456013410255;1.26559;0.608589;29;0.991486 0.129976 0.00781511 -0.53807 -0.127773 0.98273 -0.133852 -0.3288 -0.0250776 0.131714 0.990971 0.657246 0 0 0 1 
26456013410256;0.836061;0.649187;17;0.96565 0.255413 -0.0477957 -0.00369196 -0.254738 0.966807 0.0198179 -0.266761 0.0512709 -0.00696175 0.998661 -0.146481 0 0 0 1 
