#;prob_registration_l1 -r /home/probabilistic_point_clouds_registration/build/tester /home/point_clouds_registration_benchmark//devel/registration_pairs/p2at_met_local.txt /home/point_clouds_registration_benchmark//planetary/p2at_met -s 0.2 -t 0.2 -p 0.3 -r 1000 -m 10 -n 10 -i 100 
id;initial_error;final_error;transformation
27844314100000;0.368279;0.343595;14;0.999467 -0.00348548 0.0324704 -0.154476 -0.00103449 0.99041 0.138156 0.0374997 -0.0326405 -0.138116 0.989878 -8.26765 0 0 0 1 
27844314100001;0.325629;0.150291;14;0.987597 0.0236821 -0.155214 0.535983 0.00534892 0.982911 0.184004 -0.159124 0.156919 -0.182552 0.970593 -7.75566 0 0 0 1 
27844314100002;0.342132;0.121158;15;0.931176 -0.0300212 0.363332 -2.05939 -0.0743421 0.960027 0.269855 -3.06574 -0.35691 -0.278293 0.891722 -24.6119 0 0 0 1 
27844314100003;0.135271;0.116721;14;0.995087 -0.0135223 0.0980802 -0.551171 -0.00379752 0.984687 0.174287 -0.265085 -0.0989351 -0.173804 0.979798 -12.5893 0 0 0 1 
27844314100004;0.89077;0.697861;15;0.985648 0.039052 -0.164236 1.4004 0.00416372 0.966955 0.254911 -0.896282 0.168763 -0.251937 0.952915 -12.184 0 0 0 1 
27844314100005;0.300669;0.248144;15;0.934362 0.0526321 -0.352415 0.317982 -0.00708408 0.991579 0.129307 -0.132109 0.356254 -0.118323 0.926867 1.12379 0 0 0 1 
27844314100006;0.461976;0.404062;14;0.999829 0.0180228 0.00418989 1.15953 -0.0181547 0.999259 0.0339434 -0.265185 -0.00357503 -0.0340137 0.999415 -1.92771 0 0 0 1 
27844314100007;1.17629;0.99149;15;0.999205 0.0242903 0.0316263 1.522 -0.0269907 0.995758 0.0879608 -0.45816 -0.0293555 -0.0887444 0.995622 -4.56903 0 0 0 1 
27844314100008;0.519074;0.413108;14;0.999856 0.0163235 0.0045752 0.994299 -0.016476 0.999232 0.0355518 -0.341246 -0.00399136 -0.0356221 0.999357 -1.5615 0 0 0 1 
27844314100009;0.482706;0.457114;15;0.992958 -0.0213377 0.116528 -1.12623 0.0268726 0.998574 -0.0461358 0.398865 -0.115377 0.0489423 0.992115 0.101055 0 0 0 1 
27844314100010;0.848926;0.0691652;14;0.998904 0.0313315 -0.0347673 1.89895 -0.0248816 0.984694 0.172507 -0.86307 0.0396401 -0.171453 0.984395 -11.265 0 0 0 1 
27844314100011;0.370547;0.273274;15;0.981037 0.00617424 -0.193721 -0.792243 -0.0177542 0.998153 -0.0580975 -0.799622 0.193005 0.0604352 0.979335 8.49697 0 0 0 1 
27844314100012;1.02719;0.395196;16;0.991423 0.0112931 -0.130206 -0.162359 -0.0169763 0.998947 -0.0426211 -0.586279 0.129588 0.0444659 0.99057 7.87856 0 0 0 1 
27844314100013;0.818365;0.719391;15;0.998714 0.0249637 -0.0441272 1.40629 -0.0204914 0.994872 0.0990458 -0.518422 0.0463734 -0.0980142 0.994104 -5.50285 0 0 0 1 
27844314100014;0.722224;0.259309;14;0.998376 0.00144597 -0.056948 -0.0436033 -0.00109639 0.99998 0.00616924 -0.0012342 0.0569558 -0.00609678 0.998358 -0.847557 0 0 0 1 
27844314100015;1.11358;0.606932;14;0.999542 -0.00155257 -0.0302274 0.0902141 0.000817156 0.999704 -0.0243267 -0.1832 0.0302562 0.0242909 0.999247 -0.350868 0 0 0 1 
27844314100016;0.370882;0.0736928;15;0.991895 -0.0261391 0.124343 -1.42984 0.0754597 0.908524 -0.410962 -4.73688 -0.102226 0.417014 0.903133 21.7872 0 0 0 1 
27844314100017;0.341055;0.219217;14;0.995504 -0.00369867 -0.0946429 -0.772416 0.00722609 0.999291 0.0369553 0.478213 0.0944391 -0.0374731 0.994825 0.117981 0 0 0 1 
27844314100018;0.853373;0.269085;15;0.999543 0.00876198 0.0289317 0.722905 -0.00881972 0.999959 0.00186869 -0.081346 -0.0289141 -0.00212301 0.99958 -2.94143 0 0 0 1 
27844314100019;0.871961;0.0899784;15;0.999942 0.00938991 0.00519027 0.75486 -0.00925145 0.999617 -0.0260864 -0.268412 -0.00543323 0.0260369 0.999646 -0.95422 0 0 0 1 
27844314100020;0.613803;0.63062;15;0.996542 0.025593 -0.0790477 1.11754 -0.0066119 0.972788 0.231601 -0.719722 0.0828241 -0.230277 0.969594 -11.9729 0 0 0 1 
27844314100021;0.300355;0.0794397;14;0.948328 -0.0242809 -0.31636 -3.77541 0.00473808 0.99804 -0.0623975 -0.243932 0.317255 0.0576744 0.946585 10.8512 0 0 0 1 
27844314100022;0.628187;0.0742962;14;0.999892 0.0131624 0.00650589 0.915436 -0.0130094 0.999651 -0.0230105 -0.325026 -0.00680649 0.0229233 0.999714 -0.535209 0 0 0 1 
27844314100023;0.278091;0.077993;15;0.996358 0.0120675 0.0844049 0.939058 -0.00837289 0.998997 -0.0439905 -0.436811 -0.0848511 0.0431236 0.99546 -0.210027 0 0 0 1 
27844314100024;0.416131;0.264849;14;0.96893 0.0042733 -0.247297 -1.17427 -0.0138404 0.999221 -0.0369612 -0.316886 0.246946 0.0392356 0.968234 7.28748 0 0 0 1 
27844314100025;0.365706;0.316989;15;0.991895 -0.0126663 -0.126431 -1.3556 0.0123676 0.999919 -0.00314756 0.320823 0.126461 0.0015584 0.99197 2.64998 0 0 0 1 
27844314100026;0.38807;0.149649;14;0.983161 -0.0119716 0.182351 -0.643241 0.00297946 0.998769 0.0495067 0.0290264 -0.182719 -0.0481297 0.981986 -7.95392 0 0 0 1 
27844314100027;0.827287;0.734236;15;0.980784 -0.0234123 -0.193685 -2.47188 -0.00196271 0.991539 -0.129794 -1.07307 0.195085 0.12768 0.97244 11.6484 0 0 0 1 
27844314100028;0.216847;0.153802;14;0.993457 -0.0221685 0.112033 -1.19171 0.036208 0.991511 -0.124881 0.0280107 -0.108314 0.128121 0.985826 4.94138 0 0 0 1 
27844314100029;0.528223;0.383773;15;0.996925 0.0135188 0.0771867 1.10498 -0.0118996 0.9997 -0.0213993 -0.341432 -0.0774528 0.020415 0.996787 -1.3323 0 0 0 1 
27844314100031;1.32944;0.617277;15;0.999641 -0.0229716 -0.0138111 -0.0147124 0.0229257 0.999731 -0.00347484 0.0803935 0.0138872 0.00315697 0.999899 2.63276 0 0 0 1 
27844314100032;1.35252;0.897034;16;0.94997 0.0491554 -0.30845 -1.15434 0.0455314 0.955196 0.292451 1.59548 0.309005 -0.291864 0.905169 6.21883 0 0 0 1 
27844314100033;0.908498;0.498652;16;0.974334 0.0150831 -0.224603 -0.911296 0.0381493 0.972257 0.230784 1.195 0.221852 -0.233429 0.946727 4.97522 0 0 0 1 
27844314100034;0.315932;0.262249;13;0.999905 0.0127183 0.00526346 -0.113618 -0.0128043 0.999779 0.0166466 -0.196716 -0.00505059 -0.0167124 0.999848 -0.162246 0 0 0 1 
27844314100035;0.38412;0.163534;14;0.999554 -0.0053833 -0.0293569 0.055626 0.00401977 0.998919 -0.0463093 -0.107396 0.0295745 0.0461706 0.998496 -0.474601 0 0 0 1 
27844314100036;0.255516;0.144488;15;0.996748 0.0251837 0.0765465 -0.064813 -0.0377256 0.985217 0.167108 -0.119747 -0.0712065 -0.169452 0.982963 -0.14074 0 0 0 1 
27844314100037;0.704806;0.420166;15;0.999542 -0.0243383 0.0179809 0.244261 0.0266871 0.989119 -0.144678 -0.0969699 -0.014264 0.145091 0.989315 0.200152 0 0 0 1 
27844314100038;1.02577;0.616665;15;0.996307 0.0189245 0.0837455 0.0137916 -0.0161464 0.999301 -0.033726 0.102549 -0.0843252 0.0322493 0.995916 0.655938 0 0 0 1 
27844314100039;0.646323;0.212602;15;0.998186 -0.0164355 0.0579113 0.00791395 0.0281962 0.977604 -0.208553 -0.090825 -0.0531867 0.209808 0.976295 0.125465 0 0 0 1 
27844314100040;0.526776;0.375983;14;0.957413 0.00928917 0.288571 -0.276618 0.000743604 0.9994 -0.034638 -0.394732 -0.28872 0.0333775 0.956832 -4.02508 0 0 0 1 
27844314100041;0.240913;0.183742;14;0.986653 -0.0290694 -0.160219 -0.221325 0.0196773 0.99801 -0.0598987 0.0273209 0.161641 0.0559466 0.985262 1.88829 0 0 0 1 
27844314100042;1.10623;0.690615;15;0.99954 -0.0173938 -0.0248451 0.155228 0.0186689 0.99847 0.0520469 -0.313939 0.0239018 -0.0524867 0.998336 -0.870263 0 0 0 1 
27844314100043;0.537176;0.406884;16;0.950943 0.0310405 0.307805 -0.376324 -0.116512 0.957629 0.263385 -1.19708 -0.286587 -0.286327 0.914267 -3.39 0 0 0 1 
27844314100044;0.682374;0.3657;15;0.990742 -0.0168966 0.134704 0.321581 0.0352484 0.990213 -0.135043 0.094413 -0.131104 0.138541 0.981641 -1.07971 0 0 0 1 
27844314100045;0.577329;0.319243;14;0.99659 -0.0191401 -0.0802606 -0.0258465 0.015309 0.998726 -0.0480808 0.307382 0.0810786 0.0466881 0.995614 -0.0384882 0 0 0 1 
27844314100046;0.842689;0.527127;16;0.978307 0.0276457 -0.205307 -0.837833 0.00146543 0.990107 0.140306 -0.239907 0.207155 -0.137563 0.968588 3.48072 0 0 0 1 
27844314100047;0.331521;0.31077;13;0.999705 0.00642149 0.0234167 -0.0309 -0.00577274 0.999601 -0.0276679 -0.0211425 -0.023585 0.0275246 0.999343 -0.263443 0 0 0 1 
27844314100048;0.326512;0.21596;14;0.999701 -0.00579847 0.0237527 0.160873 0.00720746 0.998192 -0.0596697 -0.00480494 -0.0233638 0.0598231 0.997936 -0.0583162 0 0 0 1 
27844314100049;0.286094;0.165419;15;0.987112 0.00692716 -0.159882 -0.397021 -0.00129533 0.999376 0.0353024 -0.0188012 0.160026 -0.0346403 0.986505 1.62436 0 0 0 1 
27844314100050;1.23172;0.804841;15;0.99979 0.00811475 -0.0188253 -0.252963 -0.0077893 0.99982 0.0172973 0.393413 0.0189623 -0.017147 0.999673 1.83001 0 0 0 1 
27844314100051;0.428034;0.16261;14;0.99973 -0.00227229 -0.0231436 -0.0308705 0.00187592 0.999851 -0.0171338 -0.0213337 0.0231791 0.0170858 0.999585 1.11257 0 0 0 1 
27844314100052;1.33827;0.845139;15;0.999448 -0.0150023 -0.0296566 0.337693 0.0184202 0.992776 0.118561 -0.214704 0.0276637 -0.119041 0.992504 -1.02038 0 0 0 1 
27844314100053;1.32669;0.658222;17;0.970459 -0.00438913 0.241227 0.203897 -0.0329027 0.988086 0.150347 -0.59808 -0.239012 -0.153842 0.958752 -0.30633 0 0 0 1 
27844314100054;0.560805;0.168824;15;0.990635 -0.00353321 0.136491 0.025651 -0.00360282 0.998641 0.0519995 -0.322254 -0.13649 -0.0520043 0.989276 -0.419359 0 0 0 1 
27844314100055;0.956315;0.794501;14;0.999163 -0.00335733 0.0407743 0.0474056 0.00587603 0.998071 -0.0618101 0.304204 -0.0404881 0.0619979 0.997255 0.291313 0 0 0 1 
27844314100056;1.36899;0.977063;15;0.99795 -0.0222479 0.0600146 0.221282 0.0296908 0.991569 -0.126129 -0.273203 -0.0567025 0.127652 0.990197 0.0308605 0 0 0 1 
27844314100057;0.0905846;0.0647608;14;0.990783 -0.00613968 0.135317 -0.0307489 0.00692388 0.999962 -0.00532546 -0.0462196 -0.135279 0.0062133 0.990788 -1.64492 0 0 0 1 
27844314100058;0.707405;0.164203;14;0.999657 0.0233371 0.0119158 0.0789482 -0.0233106 0.999726 -0.00235356 0.00204561 -0.0119674 0.00207499 0.999926 -1.48793 0 0 0 1 
27844314100059;0.65531;0.2899;15;0.892541 0.0009559 0.450965 -0.92723 -0.0568253 0.992265 0.110364 -0.789942 -0.447372 -0.124131 0.885692 -6.19294 0 0 0 1 
27844314100060;1.27536;0.404559;15;0.981533 0.0201848 0.190226 0.00920012 -0.00887158 0.998151 -0.0601376 -0.817717 -0.191088 0.0573395 0.979897 -4.85222 0 0 0 1 
27844314100062;0.6633;0.479743;14;0.999952 -0.00979341 -0.000724362 -0.288908 0.00976181 0.999331 -0.035237 0.0399704 0.00106897 0.0352282 0.999379 0.526323 0 0 0 1 
27844314100063;1.6099;0.093184;15;0.994354 0.0117167 -0.105461 0.364712 -0.0129676 0.999853 -0.0111826 -0.142335 0.105315 0.012487 0.994361 -0.402198 0 0 0 1 
27844314100064;1.94982;1.73453;14;0.99858 0.00527116 0.0530086 0.282952 -0.00279095 0.998903 -0.0467545 0.0432127 -0.0531969 0.0465402 0.997499 1.35225 0 0 0 1 
27844314100065;1.77485;0.745517;15;0.989281 0.0258431 0.143717 1.01153 -0.0806246 0.917261 0.390041 -3.05707 -0.121746 -0.397447 0.909513 -15.9532 0 0 0 1 
27844314100066;1.08018;0.543999;15;0.997308 0.0198117 0.0705935 0.922883 -0.0237178 0.998208 0.0549311 -0.283095 -0.0693787 -0.0564576 0.995992 -3.91386 0 0 0 1 
27844314100067;1.0783;0.493005;14;0.999446 -0.0074099 0.0324349 -0.24052 0.00696788 0.999882 0.0137198 0.22665 -0.0325327 -0.0134862 0.99938 0.36068 0 0 0 1 
27844314100068;0.329721;0.287058;14;0.99978 0.0191996 0.00845029 0.627697 -0.0194057 0.999498 0.0250256 -0.142435 -0.00796557 -0.0251841 0.999651 -1.03314 0 0 0 1 
27844314100069;0.992581;0.791679;16;0.917698 -0.0150847 0.396992 -0.242026 0.043115 0.997158 -0.0617763 0.280508 -0.394932 0.0738083 0.915741 -4.05353 0 0 0 1 
27844314100070;1.68809;1.12045;15;0.99974 0.00741629 -0.0215658 0.0224994 -0.0069095 0.9997 0.0234803 -0.0487762 0.0217335 -0.0233252 0.999492 1.29759 0 0 0 1 
27844314100071;2.20263;0.945188;15;0.986925 0.0369194 -0.156893 0.928987 0.00429688 0.96704 0.254588 -0.585709 0.161121 -0.251934 0.954238 -8.14274 0 0 0 1 
27844314100072;0.844195;0.208511;15;0.918785 -0.0245488 -0.393994 -3.15088 -0.0275598 0.99164 -0.126056 -1.08322 0.393795 0.126676 0.910428 9.99429 0 0 0 1 
27844314100073;1.02691;0.499624;15;0.999394 0.00853698 0.0337344 0.115506 -0.0139666 0.986335 0.164159 0.16939 -0.031872 -0.16453 0.985857 -4.34819 0 0 0 1 
27844314100074;0.384882;0.333692;15;0.998287 0.00471127 0.0583096 0.258983 -0.0144369 0.985763 0.16752 -0.116968 -0.0566903 -0.168075 0.984143 -6.12347 0 0 0 1 
27844314100075;1.31596;0.594729;16;0.997815 0.00534694 -0.0658562 0.20128 -0.00738459 0.9995 -0.0307364 -0.14179 0.065659 0.0311556 0.997356 0.251085 0 0 0 1 
27844314100076;1.20785;1.17359;14;0.999909 -0.00263549 0.0132669 -0.0586824 0.00238504 0.999819 0.0188584 0.135268 -0.0133142 -0.018825 0.999734 -0.759896 0 0 0 1 
27844314100077;1.66098;0.435063;15;0.997955 0.0245869 -0.0589972 0.862149 -0.019643 0.996359 0.0829623 -0.337071 0.0608222 -0.0816338 0.994805 -3.82337 0 0 0 1 
27844314100078;1.89852;1.61255;14;0.999995 -0.000981306 -0.00294983 0.0370646 0.000963357 0.999981 -0.00607991 0.191185 0.00295574 0.00607704 0.999977 -0.81265 0 0 0 1 
27844314100079;1.7021;1.50365;14;0.996532 0.00487242 0.0830698 0.416298 -0.0143529 0.993387 0.113916 -0.115325 -0.0819654 -0.114713 0.990011 -3.88738 0 0 0 1 
27844314100080;1.10438;0.477102;15;0.972182 -0.013114 0.233861 -0.227011 -0.00549121 0.996881 0.0787283 -0.0138329 -0.234164 -0.0778224 0.969077 -6.93593 0 0 0 1 
27844314100081;0.430079;0.369058;13;0.999951 -0.00992255 0.00065452 -0.386821 0.0099287 0.999899 -0.0101676 0.151145 -0.000553565 0.0101736 0.999948 0.309283 0 0 0 1 
27844314100082;1.95213;1.44576;15;0.999239 0.0203671 0.0332715 0.529009 -0.0306364 0.937702 0.346086 -0.807434 -0.02415 -0.346842 0.937613 -9.61202 0 0 0 1 
27844314100083;0.583263;0.216823;15;0.965805 0.00648176 0.259188 0.392302 -0.0271844 0.996709 0.0763708 -0.0969154 -0.25784 -0.0808051 0.962803 -6.68699 0 0 0 1 
27844314100084;0.503644;0.46859;16;0.990928 -0.00394433 0.134335 0.136094 -0.0306051 0.966682 0.254142 -0.61401 -0.130862 -0.255948 0.957792 -10.0157 0 0 0 1 
27844314100085;0.720603;0.449966;15;0.997593 0.0292105 0.0628841 1.12842 -0.0434715 0.970037 0.239037 -0.868355 -0.0540175 -0.241195 0.968972 -8.82843 0 0 0 1 
27844314100086;1.70425;1.35366;16;0.995897 0.0494338 -0.0758007 1.20174 -0.0227878 0.947616 0.318598 -0.881056 0.0875794 -0.315563 0.944854 -9.51176 0 0 0 1 
27844314100087;1.08193;0.870093;14;0.978049 -0.0336411 -0.205644 -1.76762 0.0062555 0.991177 -0.132395 -0.524833 0.208283 0.128202 0.96963 5.89723 0 0 0 1 
27844314100088;1.41218;0.800821;14;0.998049 -0.0165226 0.0602013 -0.508372 0.0218439 0.995807 -0.0888352 0.0142783 -0.0584811 0.0899769 0.994225 3.45859 0 0 0 1 
27844314100089;0.394008;0.308117;14;0.998513 0.011449 -0.0532942 0.0708385 -0.0121595 0.999841 -0.013027 -0.133142 0.0531365 0.0136557 0.998494 1.08799 0 0 0 1 
27844314100090;1.35838;0.708515;15;0.990603 -0.0390626 -0.131069 -1.29381 0.00348925 0.965251 -0.261302 -1.45272 0.136722 0.258389 0.956317 8.32196 0 0 0 1 
27844314100091;1.04859;1.01096;15;0.999402 -0.00292691 -0.0344621 -0.271664 0.00545205 0.997287 0.0734087 0.221087 0.0341538 -0.0735526 0.996706 -1.89174 0 0 0 1 
27844314100093;0.967031;0.455978;14;0.993998 -0.0629418 -0.0894801 -6.2827 0.0502628 0.989227 -0.13749 0.270556 0.09717 0.132167 0.986453 17.107 0 0 0 1 
27844314100094;1.92323;0.264114;16;0.97209 0.057555 -0.227439 3.48508 -0.0113969 0.979882 0.199254 -0.843392 0.234332 -0.191101 0.953189 -8.23759 0 0 0 1 
27844314100095;0.873202;0.778555;14;0.992252 -0.00224699 0.124224 0.847349 -0.0390682 0.943477 0.329127 -5.33064 -0.117942 -0.33143 0.936079 -35.7047 0 0 0 1 
27844314100096;0.430323;0.603159;14;0.989164 0.0350874 -0.142562 2.78051 -0.0340433 0.999373 0.00975672 -1.13726 0.142815 -0.00479769 0.989738 4.45276 0 0 0 1 
27844314100097;1.73872;0.244409;28;0.999387 0.0349789 -0.0013657 4.4838 -0.0349677 0.99936 0.00752718 0.263861 0.00162812 -0.00747481 0.999971 0.786214 0 0 0 1 
27844314100098;0.721991;0.543077;14;0.999931 0.00903106 0.00750901 1.28958 -0.01004 0.989012 0.147493 -0.808812 -0.00609448 -0.147558 0.989035 -13.7228 0 0 0 1 
27844314100099;0.836004;0.254876;29;0.992422 -0.11496 -0.0433942 -12.2601 0.1175 0.991174 0.0613805 3.82915 0.0359549 -0.0660141 0.997171 -5.37303 0 0 0 1 
27844314100100;2.4061;0.307239;18;0.999549 -0.0274883 -0.012103 -2.43425 0.02975 0.961489 0.273227 -0.530921 0.00412634 -0.273464 0.961873 -23.6884 0 0 0 1 
27844314100101;0.366989;0.489941;14;0.999777 0.0133509 -0.0163442 1.47028 -0.00571988 0.916895 0.399088 -6.60252 0.0203141 -0.398905 0.916767 -38.2476 0 0 0 1 
27844314100102;1.52564;1.32593;14;0.974867 -0.040639 0.219051 -3.8263 0.0923513 0.968483 -0.231325 -1.15172 -0.202747 0.245741 0.947895 16.7896 0 0 0 1 
27844314100103;2.09748;0.312353;14;0.999918 0.00564449 -0.0114906 1.25717 -0.00557753 0.999967 0.0058509 -0.503473 0.0115233 -0.00578634 0.999917 -2.52862 0 0 0 1 
27844314100104;0.507469;0.362964;14;0.998991 0.0443513 -0.00713309 4.51935 -0.0442557 0.998935 0.0130517 -1.56815 0.00770435 -0.0127228 0.999889 -1.49816 0 0 0 1 
27844314100105;1.7041;1.88984;13;0.998635 -0.0431182 0.0294721 -3.82957 0.0472781 0.986098 -0.159297 -0.273024 -0.0221938 0.160473 0.986791 14.5507 0 0 0 1 
27844314100106;0.621555;0.305253;16;0.975213 0.0277347 -0.219523 1.60708 -0.00679335 0.995399 0.0955805 -0.481378 0.221164 -0.0917201 0.970914 -1.54994 0 0 0 1 
27844314100107;0.153647;0.233705;16;0.997128 -0.0752783 -0.00828004 -7.35839 0.0752709 0.997162 -0.00119273 2.56003 0.00834633 0.000566056 0.999965 0.353071 0 0 0 1 
27844314100108;1.53872;0.213841;25;0.998775 0.0311904 -0.0384223 3.99937 -0.0361479 0.990057 -0.135946 -1.59928 0.0338 0.137169 0.989971 15.8195 0 0 0 1 
27844314100109;1.60611;0.645577;14;0.999209 -0.0215964 -0.0333806 -2.56887 0.0238262 0.997407 0.0679102 0.496724 0.0318274 -0.0686518 0.997133 -7.0238 0 0 0 1 
27844314100110;2.36031;0.89545;20;0.999655 0.0259149 -0.00419991 3.53765 -0.0261936 0.995305 -0.0931763 -2.40113 0.00176553 0.0932542 0.995641 11.1372 0 0 0 1 
27844314100111;0.227132;0.273221;14;0.96785 0.0577261 -0.244814 3.80444 -0.00970119 0.981151 0.192998 -1.25143 0.25134 -0.184419 0.950167 -9.19672 0 0 0 1 
27844314100112;2.20462;2.01041;14;0.998923 -0.0439183 -0.0149665 -4.1995 0.0374537 0.953642 -0.298604 -4.05046 0.0273868 0.297722 0.95426 28.6319 0 0 0 1 
27844314100113;2.4063;0.219214;18;0.993618 -0.0756729 0.0836507 -6.98491 0.0880657 0.983811 -0.156076 0.599073 -0.0704858 0.162446 0.984197 16.1784 0 0 0 1 
27844314100114;0.335195;0.178557;14;0.979162 -0.0639304 0.192755 -6.28062 0.0801943 0.99374 -0.0777827 1.86423 -0.186576 0.0916197 0.978159 2.06476 0 0 0 1 
27844314100115;1.83608;0.308884;30;0.99846 0.0553842 -0.00313706 7.64599 -0.0553323 0.998359 0.0147365 -1.16435 0.00394808 -0.0145402 0.999886 -0.779707 0 0 0 1 
27844314100116;1.89876;1.44254;14;0.977843 -0.0254261 0.207791 -2.02065 0.00739733 0.996173 0.0870844 0.773927 -0.20921 -0.0836178 0.974289 -14.0947 0 0 0 1 
27844314100117;2.29451;0.671463;14;0.991768 0.0469877 -0.119112 4.03916 -0.0148636 0.966194 0.257387 -2.353 0.12718 -0.253497 0.958939 -17.6773 0 0 0 1 
27844314100118;2.1601;2.1571;13;0.999739 -0.0169794 0.0153007 -1.29617 0.0172771 0.99966 -0.019538 0.780895 -0.0149638 0.0197972 0.999692 1.7733 0 0 0 1 
27844314100119;1.47956;0.587064;14;0.999766 0.0216364 -0.000721879 2.85596 -0.0215782 0.998652 0.0472135 -0.962945 0.00174243 -0.0471869 0.998885 -5.72825 0 0 0 1 
27844314100120;0.852594;0.476521;14;0.978124 -0.0345009 -0.20514 -4.55745 -0.00942059 0.977792 -0.209365 -3.17375 0.207807 0.206718 0.956077 28.1162 0 0 0 1 
27844314100121;1.87824;0.686358;14;0.998081 -0.0145663 0.0601909 -0.679127 0.0130934 0.999607 0.0247933 0.168604 -0.0605284 -0.0239576 0.997879 -6.52417 0 0 0 1 
27844314100122;1.73464;0.227379;29;0.968859 -0.0247268 -0.246374 -2.53319 0.0222533 0.99967 -0.0128195 1.83455 0.24661 0.00693766 0.96909 8.43245 0 0 0 1 
27844314100124;0.405551;0.179772;19;0.997216 -0.057485 -0.0475008 -5.02988 0.0622956 0.992314 0.106925 1.98017 0.0409891 -0.109586 0.993132 -7.9015 0 0 0 1 
27844314100125;0.438401;0.171746;21;0.906834 -0.0982464 0.409878 -11.0238 0.145467 0.985655 -0.0855798 3.38019 -0.395591 0.13723 0.908117 -1.97956 0 0 0 1 
27844314100126;1.24567;0.171093;44;0.978227 -0.202199 -0.0467747 -19.9337 0.198503 0.977343 -0.0734588 2.83073 0.0605682 0.0625744 0.996201 6.93087 0 0 0 1 
27844314100127;1.48846;1.35667;29;0.999546 -0.00780528 -0.029111 -2.77834 0.00979775 0.997573 0.0689417 -1.12105 0.0285022 -0.0691956 0.997196 -2.82388 0 0 0 1 
27844314100128;1.19785;0.162429;16;0.996704 -0.0184923 -0.0789946 -2.24972 0.0140187 0.998286 -0.0568155 0.426806 0.0799099 0.0555208 0.995255 5.78927 0 0 0 1 
27844314100129;1.23822;0.172459;36;0.989149 0.146511 0.0109225 10.6983 -0.145419 0.986942 -0.0692779 -7.1218 -0.0209298 0.0669378 0.997538 6.40796 0 0 0 1 
27844314100130;0.532996;0.175885;17;0.98213 0.0094803 -0.187966 -0.33845 -0.0490769 0.977078 -0.207149 -3.99221 0.181693 0.212672 0.960082 24.5983 0 0 0 1 
27844314100131;0.768744;0.17789;30;0.98346 0.180003 -0.0201321 15.1638 -0.171904 0.962623 0.209299 -9.19491 0.0570539 -0.202376 0.977645 -14.8191 0 0 0 1 
27844314100132;0.304449;0.162509;16;0.989983 0.0523014 -0.131142 3.48608 -0.0270482 0.981908 0.187415 -2.12173 0.138571 -0.181991 0.973487 -11.5729 0 0 0 1 
27844314100133;0.242712;0.170871;16;0.971295 -0.103075 -0.214386 -11.1389 0.0277171 0.944144 -0.328364 -5.3517 0.236257 0.312997 0.9199 35.8438 0 0 0 1 
27844314100134;1.30166;0.192023;19;0.971238 0.0420229 0.234374 3.20328 -0.0388136 0.999079 -0.0182915 -1.34792 -0.234926 0.0086685 0.971975 -9.44701 0 0 0 1 
27844314100135;0.261851;0.170668;21;0.993109 -0.103005 0.0558892 -9.10371 0.100876 0.994108 0.039675 3.30728 -0.0596466 -0.0337638 0.997648 -4.84308 0 0 0 1 
27844314100136;1.42144;0.169071;31;0.990501 0.13731 0.00728097 11.6041 -0.135962 0.985935 -0.0971953 -8.07855 -0.0205244 0.0952821 0.995239 9.51625 0 0 0 1 
27844314100137;1.20547;0.417083;13;0.996177 -0.0660526 0.0571703 -6.50571 0.0817304 0.935792 -0.342948 -4.88836 -0.0308469 0.346309 0.937613 30.9531 0 0 0 1 
27844314100138;0.244336;0.157933;17;0.993782 0.0292159 -0.107439 1.84994 -0.0486949 0.981827 -0.183426 -3.97928 0.100128 0.187517 0.977145 19.7987 0 0 0 1 
27844314100139;1.59431;0.169271;29;0.998886 -0.0471855 -0.00113192 -3.32944 0.0471944 0.998837 0.00989064 -0.656415 0.000663905 -0.00993304 0.99995 -1.86613 0 0 0 1 
27844314100140;0.22734;0.181372;20;0.995339 -0.095298 0.0147857 -8.68448 0.0955489 0.995274 -0.0173082 3.05154 -0.0130664 0.0186403 0.999741 1.33865 0 0 0 1 
27844314100141;0.358346;0.172963;30;0.952837 -0.216188 -0.212987 -21.6952 0.173058 0.963583 -0.203858 2.27937 0.249303 0.157385 0.955551 22.3058 0 0 0 1 
27844314100142;0.117962;0.179132;24;0.994626 0.101882 0.0184228 8.71018 -0.100781 0.993489 -0.053137 -4.31435 -0.0237166 0.0509948 0.998417 3.83602 0 0 0 1 
27844314100143;1.8568;1.58931;13;0.99942 0.0326585 0.0096776 3.11241 -0.0313357 0.992913 -0.114641 -3.33313 -0.013353 0.114271 0.99336 9.77222 0 0 0 1 
27844314100144;0.573265;0.171668;20;0.987503 -0.00387571 -0.157554 -2.12714 0.00704237 0.999784 0.0195456 0.970878 0.157444 -0.0204109 0.987317 3.65349 0 0 0 1 
27844314100145;0.564902;0.633938;14;0.992663 -0.0664084 -0.101049 -6.94997 0.0523529 0.989339 -0.135892 0.133201 0.108996 0.129605 0.985557 15.4354 0 0 0 1 
27844314100146;0.457208;0.165239;15;0.999632 0.0187066 0.0196403 1.41687 -0.0193459 0.999272 0.0328808 -0.727739 -0.0190109 -0.0332487 0.999266 -2.649 0 0 0 1 
27844314100147;0.839697;0.162502;20;0.994214 -0.0487159 -0.0957376 -5.93094 0.0591422 0.992251 0.109274 1.95008 0.0896724 -0.114304 0.98939 -8.02591 0 0 0 1 
27844314100148;1.27087;0.163766;26;0.999357 0.00224141 0.0357976 -1.36023 0.00368435 0.986351 -0.164614 -3.27177 -0.035678 0.16464 0.985708 13.4329 0 0 0 1 
27844314100149;0.814525;0.214186;23;0.993534 0.00429723 0.11345 -0.298106 0.0533526 0.864395 -0.499974 -11.3075 -0.100214 0.502795 0.858577 41.2395 0 0 0 1 
27844314100150;1.30625;0.980959;38;0.997263 0.00383318 0.0738336 -1.76066 0.0189111 0.952208 -0.304866 -6.54987 -0.0714735 0.305428 0.949529 23.3824 0 0 0 1 
27844314100151;1.21483;0.789144;16;0.986449 -0.0786411 0.143992 -7.07602 0.0805874 0.996718 -0.00772578 2.82864 -0.142912 0.019225 0.989549 -1.93105 0 0 0 1 
27844314100152;0.850848;1.08119;15;0.979549 -0.0146368 0.200674 -2.14559 0.0667635 0.964489 -0.255544 -2.10441 -0.189808 0.263715 0.945742 16.3645 0 0 0 1 
27844314100153;1.33869;0.161461;33;0.985602 0.145814 0.0856028 10.6475 -0.147646 0.98892 0.0154478 -7.142 -0.0824018 -0.0278643 0.99621 -5.80285 0 0 0 1 
27844314100155;1.31103;1.20673;13;0.996077 -0.0770119 -0.0435938 -3.77334 0.0672153 0.978823 -0.193361 -0.276334 0.0575617 0.189672 0.980159 10.1258 0 0 0 1 
27844314100156;0.173499;0.213555;15;0.999649 -0.0136509 -0.0227073 -0.956539 0.0140524 0.999746 0.0176162 0.57718 0.0224611 -0.0179291 0.999587 -0.44752 0 0 0 1 
27844314100157;1.77732;0.53219;39;0.991506 0.0957818 -0.0879896 3.08536 -0.087166 0.991457 0.0970339 -0.50991 0.096532 -0.08854 0.991384 -3.42524 0 0 0 1 
27844314100158;2.31932;0.221523;22;0.975216 0.0804955 -0.206091 1.38409 0.0222845 0.890999 0.453458 -0.688417 0.220128 -0.446813 0.867123 -14.7813 0 0 0 1 
27844314100159;1.17995;0.23669;18;0.995665 0.068182 -0.0632714 2.7548 -0.0633211 0.995104 0.075889 -1.2668 0.0681359 -0.0715536 0.995107 -3.09566 0 0 0 1 
27844314100160;1.94121;0.254704;24;0.979641 -0.0620425 -0.19093 -3.77419 0.0666219 0.997622 0.0176533 2.24704 0.189381 -0.0300141 0.981445 4.77802 0 0 0 1 
27844314100161;0.541664;0.509508;16;0.991469 0.0342489 -0.125764 0.621508 -0.048832 0.992191 -0.114771 -1.74988 0.120851 0.119933 0.985399 8.6838 0 0 0 1 
27844314100162;1.51732;0.928133;22;0.99197 -0.121656 -0.0345879 -6.78243 0.12178 0.992556 0.00150831 3.72315 0.034147 -0.00570833 0.999401 1.03986 0 0 0 1 
27844314100163;1.36524;1.05376;14;0.996177 -0.0787615 -0.0377994 -4.14702 0.0764586 0.99533 -0.0589281 1.24106 0.0422641 0.0558127 0.997546 2.92319 0 0 0 1 
27844314100164;0.587208;0.237888;32;0.988867 -0.148394 -0.0109988 -7.32604 0.148791 0.986982 0.061049 3.47391 0.00179633 -0.0620059 0.998074 -2.3601 0 0 0 1 
27844314100165;1.53313;0.240993;29;0.999348 0.0358408 -0.00436495 2.10579 -0.0357264 0.999074 0.023963 -1.69231 0.00521976 -0.0237914 0.999703 0.104613 0 0 0 1 
27844314100166;0.330265;0.482222;18;0.994977 -0.0865363 -0.0503301 -4.58123 0.0809832 0.991327 -0.103503 1.27059 0.0588504 0.0989075 0.993355 6.01774 0 0 0 1 
27844314100167;0.903395;0.41108;15;0.996752 -0.0549835 0.058842 -2.3665 0.0649068 0.981003 -0.182811 -0.424181 -0.0476726 0.186036 0.981386 6.74063 0 0 0 1 
27844314100168;2.432;0.272451;24;0.994935 -0.0436431 0.0905568 -1.8162 0.0413233 0.998772 0.0273364 0.412942 -0.0916386 -0.0234558 0.995516 -0.571676 0 0 0 1 
27844314100169;1.16953;0.958333;15;0.939111 0.0366974 0.341648 1.82806 0.0731532 0.950135 -0.303137 -2.20395 -0.335736 0.309672 0.889598 6.6006 0 0 0 1 
27844314100170;0.524881;0.24032;23;0.981202 -0.0520852 -0.185822 -3.40404 0.0741121 0.990755 0.113631 1.49049 0.178185 -0.125267 0.975991 -1.84693 0 0 0 1 
27844314100171;2.35705;0.269382;31;0.961259 0.0978524 0.257693 3.95451 -0.0578947 0.985688 -0.158328 -1.71825 -0.269498 0.137275 0.953167 -2.28888 0 0 0 1 
27844314100172;0.422262;0.236982;19;0.997226 0.0208374 -0.0714506 0.234878 -0.0163548 0.997895 0.0627582 0.400609 0.0726079 -0.0614156 0.995468 -1.27992 0 0 0 1 
27844314100173;0.404553;0.264757;14;0.997201 -0.0323704 -0.0673898 -1.87275 0.0399561 0.992626 0.114447 0.913876 0.0631881 -0.116819 0.991141 -3.89437 0 0 0 1 
27844314100174;0.99992;0.439441;14;0.998717 0.0468639 -0.0191657 1.46801 -0.0458982 0.99779 0.0480523 -0.631741 0.0213752 -0.047111 0.998661 -2.21831 0 0 0 1 
27844314100175;0.837078;0.255947;23;0.999021 0.0424892 -0.0122783 1.63795 -0.0421927 0.998834 0.0234739 0.153095 0.0132614 -0.0229328 0.999649 -1.04537 0 0 0 1 
27844314100176;0.793248;0.51957;18;0.996463 0.0319926 -0.0777004 0.891449 -0.0555321 0.944702 -0.323193 -5.05695 0.0630639 0.326365 0.943138 17.0725 0 0 0 1 
27844314100177;2.13358;0.230553;18;0.999926 -0.00672483 -0.0101443 -0.334596 0.00687341 0.999869 0.0146838 0.543744 0.0100442 -0.0147524 0.999841 -2.81723 0 0 0 1 
27844314100178;1.06641;1.12023;14;0.997091 -0.0553156 -0.0524471 -2.92298 0.0551564 0.998468 -0.00447953 1.21638 0.0526145 0.0015737 0.998614 1.11983 0 0 0 1 
27844314100179;2.46162;0.37023;16;0.964924 -0.0215913 -0.261639 -2.5375 -0.0175187 0.989095 -0.146232 -0.408136 0.261943 0.145686 0.954024 10.1823 0 0 0 1 
27844314100180;2.13141;1.40612;14;0.963686 0.0626255 0.259591 2.49224 -0.117512 0.972381 0.201658 -3.30706 -0.239792 -0.22484 0.944429 -16.668 0 0 0 1 
27844314100181;0.683715;0.395224;15;0.999607 0.0236885 0.0149871 1.08526 -0.0243726 0.998586 0.0472389 -0.0929885 -0.0138469 -0.0475856 0.998771 -1.88859 0 0 0 1 
27844314100182;1.078;0.230943;30;0.981851 -0.0793568 0.172251 -3.35835 0.0671219 0.994866 0.0757363 1.3898 -0.177377 -0.0628 0.982137 -5.83629 0 0 0 1 
27844314100183;1.04239;0.462181;15;0.910571 -0.0766086 0.406191 -3.81674 -0.0188427 0.973961 0.225932 -0.181664 -0.412922 -0.213381 0.885417 -18.7365 0 0 0 1 
27844314100184;1.3844;0.254315;33;0.983847 -0.0360121 0.175353 -1.11096 0.019078 0.995071 0.097317 -0.617134 -0.177993 -0.0923996 0.979684 -8.60782 0 0 0 1 
27844314100186;0.793481;0.298011;19;0.971504 0.11669 -0.20631 6.29349 -0.0649995 0.968211 0.241544 -3.0052 0.227937 -0.221251 0.948205 -7.07033 0 0 0 1 
27844314100187;1.90684;0.250547;25;0.996106 0.0876898 0.00917406 6.63539 -0.0873954 0.995761 -0.0286703 -2.58348 -0.0116493 0.0277569 0.999547 2.9532 0 0 0 1 
27844314100188;0.899725;0.530584;14;0.911057 0.0190769 0.411839 0.530976 -0.0352775 0.998872 0.0317707 -1.24085 -0.410769 -0.0434736 0.910702 -17.911 0 0 0 1 
27844314100189;2.92803;2.55509;14;0.996237 -0.0321217 -0.0805012 -2.73742 0.0227026 0.993071 -0.115302 -0.806033 0.0836471 0.113041 0.990063 10.7033 0 0 0 1 
27844314100190;2.25734;1.37954;15;0.998186 0.0487144 -0.0353777 3.62529 -0.0540556 0.983895 -0.17038 -4.14298 0.0265079 0.171984 0.984743 13.4148 0 0 0 1 
27844314100191;2.96618;1.05982;14;0.987331 -0.0358064 0.154579 -1.81367 0.0916693 0.923895 -0.371503 -4.97723 -0.129513 0.380966 0.915473 23.4246 0 0 0 1 
27844314100192;2.51273;1.5616;14;0.931616 -0.0644812 -0.357678 -7.61601 0.0285348 0.994075 -0.104887 -0.417304 0.362322 0.0875078 0.927936 17.8129 0 0 0 1 
27844314100193;1.47826;0.767116;14;0.994581 0.0406396 -0.0956883 2.46357 -0.0360758 0.998149 0.0489514 -1.11101 0.0975006 -0.0452342 0.994207 1.0624 0 0 0 1 
27844314100194;2.31253;1.34316;14;0.969875 0.0253133 -0.242286 -0.907351 -0.0173785 0.999242 0.0348313 -0.246875 0.242984 -0.0295714 0.969579 7.32869 0 0 0 1 
27844314100195;2.39108;0.266516;32;0.979927 -0.182729 -0.0797082 -12.296 0.150196 0.939608 -0.307534 -0.141607 0.13109 0.289389 0.948193 21.9173 0 0 0 1 
27844314100196;0.463067;0.564904;14;0.994887 0.0426058 0.0915625 3.68292 -0.047794 0.997329 0.0552373 -1.68171 -0.0889645 -0.0593311 0.994266 -7.19689 0 0 0 1 
27844314100197;2.03095;1.89581;14;0.994035 -0.0649817 -0.0875905 -4.94804 0.0544562 0.991565 -0.117617 0.35731 0.0944946 0.112146 0.989189 9.79827 0 0 0 1 
27844314100198;1.85236;0.228363;33;0.978429 -0.120958 -0.167471 -8.42691 0.125887 0.991861 0.019099 3.98839 0.163798 -0.0397695 0.985692 3.86262 0 0 0 1 
27844314100199;0.504668;0.597864;14;0.997399 -0.0523324 -0.049559 -3.4241 0.058438 0.989651 0.131061 1.61075 0.0421874 -0.133616 0.990135 -8.24912 0 0 0 1 
27844314100200;2.93423;0.865002;15;0.997557 -0.06896 0.0111379 -4.43103 0.06971 0.992991 -0.0954481 1.20253 -0.00447773 0.0959913 0.995372 3.68874 0 0 0 1 
27844314100201;1.21539;0.447026;15;0.988982 0.0192958 0.146775 1.76339 -0.0462526 0.98211 0.182541 -2.40337 -0.140627 -0.187318 0.972181 -18.5318 0 0 0 1 
27844314100202;1.66781;0.269585;14;0.948423 0.102424 -0.300006 3.52588 -0.0691358 0.990415 0.119573 -1.84542 0.309378 -0.0926644 0.946414 5.13909 0 0 0 1 
27844314100203;0.429271;0.902697;18;0.932939 -0.096593 0.346834 -6.74519 0.00206062 0.964755 0.263141 -1.62156 -0.360028 -0.24478 0.900257 -29.4328 0 0 0 1 
27844314100204;0.64969;0.999744;15;0.921817 0.0323159 -0.386277 -1.92121 0.048591 0.979024 0.197863 0.801567 0.384569 -0.201163 0.900911 -1.69082 0 0 0 1 
27844314100205;2.89316;2.39015;14;0.995935 0.00516846 -0.0899215 0.224633 -0.00874741 0.999183 -0.0394524 -0.830784 0.0896441 0.0400786 0.995167 4.40389 0 0 0 1 
27844314100206;1.28236;0.333741;28;0.996601 -0.0516727 0.0641582 -2.5614 0.0617617 0.98405 -0.166827 -0.954366 -0.0545145 0.170222 0.983897 9.55848 0 0 0 1 
27844314100207;1.92404;0.804347;15;0.976622 0.099878 -0.190353 5.30336 -0.0827923 0.99196 0.0957078 -2.74654 0.198381 -0.0777106 0.977039 2.86286 0 0 0 1 
27844314100208;1.88311;0.492157;15;0.918395 0.0220971 0.395048 1.08369 0.0437526 0.986644 -0.156903 -0.132483 -0.393239 0.161383 0.905162 -4.46089 0 0 0 1 
27844314100209;2.33052;0.479181;15;0.995428 0.0921211 0.0252162 6.81843 -0.0924813 0.995623 0.0135101 -3.03603 -0.0238613 -0.0157804 0.999591 -4.07892 0 0 0 1 
27844314100210;0.530209;0.6827;14;0.995329 -0.0214655 0.0941237 -0.778296 0.0290699 0.996356 -0.0801804 0.0157725 -0.0920597 0.082542 0.992326 2.09943 0 0 0 1 
27844314100211;2.44996;1.14396;14;0.998011 0.0251602 -0.0578027 1.50973 -0.0262179 0.999501 -0.017613 -0.971507 0.0573307 0.0190935 0.998173 5.25591 0 0 0 1 
27844314100212;2.84301;0.682743;28;0.991067 0.117406 -0.0632684 8.12142 -0.121457 0.990498 -0.0645088 -4.23644 0.0550935 0.0716169 0.995909 4.08731 0 0 0 1 
27844314100213;1.50297;0.309404;33;0.997538 0.0639225 0.0288574 5.72156 -0.0582678 0.984356 -0.166275 -4.65374 -0.0390347 0.164184 0.985657 10.0953 0 0 0 1 
27844314100214;0.564234;0.345774;22;0.986726 -0.10254 0.125928 -6.62978 0.10365 0.994611 -0.00227649 2.93782 -0.125016 0.0152987 0.992037 -2.77981 0 0 0 1 
27844314100215;0.386204;0.557715;14;0.994286 0.0216599 -0.104528 1.1895 -0.0282376 0.997685 -0.0618637 -1.39715 0.102946 0.0644619 0.992596 7.65729 0 0 0 1 
27844314100217;0.459527;0.815157;14;0.995928 0.0105387 -0.0895319 0.206066 -0.011881 0.999825 -0.0144729 -0.574745 0.0893637 0.0154777 0.995879 2.83716 0 0 0 1 
27844314100218;2.20727;0.208272;14;0.995886 0.0879838 -0.0216754 1.51856 -0.0881549 0.996082 -0.00706862 -3.1646 0.0209686 0.00895033 0.99974 3.4857 0 0 0 1 
27844314100219;2.19715;0.306562;15;0.994125 -0.106356 -0.0200885 -2.37661 0.105658 0.993851 -0.0331277 2.75475 0.0234883 0.0308106 0.999249 3.94699 0 0 0 1 
27844314100220;1.31114;0.067508;21;0.997693 -0.0150869 -0.0661957 0.658453 0.013523 0.99962 -0.0240109 -0.76625 0.0665328 0.0230603 0.997518 2.31145 0 0 0 1 
27844314100221;1.65894;1.75088;13;0.999846 0.00706579 0.0160684 0.474748 -0.00756291 0.999488 0.0310902 -0.194219 -0.0158405 -0.0312069 0.999387 -0.530349 0 0 0 1 
27844314100222;1.73745;0.734697;15;0.977743 0.0811546 -0.193476 0.938996 -0.0601622 0.991883 0.112018 -2.0758 0.200996 -0.0978847 0.974689 4.98724 0 0 0 1 
27844314100223;2.40198;1.62441;14;0.998657 0.0028936 -0.0517377 0.469671 -0.00334567 0.999957 -0.00865327 -0.00636589 0.0517104 0.00881474 0.998623 3.27671 0 0 0 1 
27844314100224;0.843273;0.916239;14;0.999109 0.0314217 -0.02817 0.782857 -0.0290384 0.996262 0.0813532 -0.92754 0.030621 -0.0804627 0.996287 -0.276366 0 0 0 1 
27844314100225;1.09219;1.40822;13;0.999665 0.0247358 0.00766812 0.976583 -0.0241761 0.997523 -0.0660549 -0.446013 -0.00928304 0.0658473 0.997787 0.993722 0 0 0 1 
27844314100226;2.28577;0.342752;28;0.932414 0.236535 -0.273232 1.41389 -0.166082 0.951944 0.25733 -5.64582 0.320969 -0.194559 0.92689 8.42681 0 0 0 1 
27844314100227;0.739768;1.02537;15;0.989077 0.0601983 -0.134547 1.0032 -0.0563518 0.997891 0.03222 -1.66398 0.136203 -0.0242861 0.990383 3.91795 0 0 0 1 
27844314100228;0.965544;0.141325;20;0.989355 0.0915234 -0.113135 1.48602 -0.0874578 0.995349 0.0404023 -3.01881 0.116306 -0.0300777 0.992758 3.93553 0 0 0 1 
27844314100229;0.882458;0.937041;15;0.965097 0.036571 0.259328 1.36194 0.0106517 0.983902 -0.178392 -0.723647 -0.261678 0.174928 0.949171 -5.73285 0 0 0 1 
27844314100230;0.333053;0.0923531;19;0.952111 0.154284 -0.263971 0.196162 -0.0626895 0.943514 0.325347 -1.66693 0.299256 -0.293219 0.908002 3.07437 0 0 0 1 
27844314100231;2.08116;0.124384;16;0.995047 -0.0464315 0.0878985 -0.411869 0.0482531 0.99866 -0.018712 1.01683 -0.0869119 0.0228607 0.995954 0.253304 0 0 0 1 
27844314100232;2.3687;1.59649;14;0.999478 0.0187477 -0.0262975 -0.207414 -0.0195398 0.999353 -0.0301944 0.0632188 0.0257144 0.0306925 0.999198 0.146852 0 0 0 1 
27844314100233;0.91161;0.661614;14;0.998608 0.0482467 -0.0213361 1.26717 -0.0479641 0.998757 0.0135655 -1.25156 0.0219641 -0.0125233 0.99968 -0.51464 0 0 0 1 
27844314100234;2.15311;0.831525;14;0.997489 0.0206396 0.0677529 1.4985 -0.021031 0.999766 0.00506945 -0.272613 -0.0676324 -0.00648163 0.997689 -4.81706 0 0 0 1 
27844314100235;1.5865;1.08245;14;0.940349 0.014838 -0.339888 -3.63855 -0.0296638 0.99882 -0.038465 -0.987941 0.338916 0.0462528 0.939679 10.6789 0 0 0 1 
27844314100236;0.801975;0.823293;14;0.999648 0.0226359 -0.0138562 1.02707 -0.023579 0.997113 -0.0721809 -0.877718 0.0121823 0.0724822 0.997295 1.64331 0 0 0 1 
27844314100237;0.36254;0.108769;25;0.988543 0.136418 -0.064593 1.68169 -0.133285 0.989787 0.0505744 -4.00749 0.0708325 -0.0413857 0.996629 1.55556 0 0 0 1 
27844314100238;0.509991;0.305172;14;0.995028 0.00794658 -0.0992776 -0.00495147 -0.0438308 0.930031 -0.364858 -4.1199 0.0894318 0.367396 0.925755 8.87786 0 0 0 1 
27844314100239;2.45541;1.58745;14;0.99951 0.0110532 -0.0293011 0.0913991 -0.0103809 0.999682 0.0229984 -0.250391 0.0295459 -0.0226829 0.999306 2.94838 0 0 0 1 
27844314100240;0.531694;0.131014;20;0.995978 -0.0851527 0.0278605 -1.84961 0.0844933 0.996134 0.0240482 2.39562 -0.0298006 -0.0215974 0.999323 -0.813835 0 0 0 1 
27844314100241;1.90316;0.812057;14;0.998462 -0.0290857 0.0472026 0.691639 0.0258921 0.997423 0.0669125 1.38649 -0.0490271 -0.0655874 0.996642 -4.03476 0 0 0 1 
27844314100242;0.857743;0.16143;16;0.98731 0.0351677 0.154859 1.24929 -0.0393648 0.998934 0.0241187 -0.774271 -0.153846 -0.0299087 0.987642 -4.52988 0 0 0 1 
27844314100243;1.52979;1.80354;15;0.989252 -0.000206496 -0.146218 -0.535935 -0.00633321 0.999 -0.0442589 -0.234423 0.146081 0.0447092 0.988262 4.8379 0 0 0 1 
27844314100244;1.45043;0.898977;15;0.986696 0.0886273 -0.136298 0.585799 -0.0419555 0.948759 0.313202 -0.777433 0.157072 -0.303316 0.939855 0.199159 0 0 0 1 
27844314100245;0.353496;0.64019;14;0.997193 0.0556162 0.0501349 1.71637 -0.0648381 0.976266 0.206639 -1.66198 -0.0374526 -0.20931 0.977132 -4.99509 0 0 0 1 
27844314100246;0.304746;0.124667;22;0.994349 0.10134 0.0316202 1.81392 -0.0933059 0.976357 -0.194989 -4.38363 -0.0506328 0.190937 0.980296 1.88672 0 0 0 1 
27844314100248;1.91005;1.62524;14;0.999888 -0.0130563 0.007293 -0.829985 0.0128102 0.999379 0.0328273 0.556374 -0.00771707 -0.0327302 0.999434 -2.26777 0 0 0 1 
27844314100249;1.74539;0.895179;15;0.919384 0.0138368 0.393118 1.25593 0.0185414 0.996746 -0.0784457 0.200062 -0.392924 0.0794107 0.916136 4.40178 0 0 0 1 
27844314100250;2.4193;1.87057;16;0.888552 0.0316315 -0.457685 1.14297 -0.0252076 0.999479 0.0201379 -0.470346 0.458084 -0.00635641 0.888886 0.147658 0 0 0 1 
27844314100251;0.382775;0.256658;17;0.998013 0.0308749 0.0549344 1.90587 -0.0389862 0.987407 0.15332 -0.557779 -0.0495089 -0.155157 0.986649 -8.57495 0 0 0 1 
27844314100252;0.517763;0.705339;15;0.994939 0.00602032 -0.100305 0.41704 -0.0314849 0.966616 -0.254287 -2.4071 0.0954255 0.256158 0.961913 13.3516 0 0 0 1 
27844314100253;0.421961;0.349521;15;0.995624 0.0127485 0.0925745 0.946206 -0.00647531 0.997681 -0.0677508 -0.559201 -0.0932235 0.0668549 0.993398 3.22418 0 0 0 1 
27844314100254;1.06506;0.358011;18;0.997919 0.0588573 -0.0263213 3.35174 -0.0512307 0.971712 0.230546 -1.34051 0.0391461 -0.228718 0.972705 -13.0265 0 0 0 1 
27844314100255;0.41574;0.32649;15;0.944824 0.00827018 -0.327474 -0.282763 -0.0189805 0.999384 -0.0295233 -0.362567 0.327028 0.03411 0.944399 2.54471 0 0 0 1 
27844314100256;0.221269;0.119676;15;0.999763 0.00118453 -0.021757 -0.0555749 -2.43702e-05 0.998581 0.0532464 0.110745 0.0217892 -0.0532333 0.998344 -3.0514 0 0 0 1 
