#;prob_registration_l1 -r /home/probabilistic_point_clouds_registration/build/tester /home/point_clouds_registration_benchmark//devel/registration_pairs/pioneer_slam_local.txt /home/point_clouds_registration_benchmark//tum/pioneer_slam -s 0.1 -t 0.1 -p 0.3 -r 1000 -m 10 -n 10 -i 100 
id;initial_error;final_error;transformation
1807261650000;0.252801;0.141637;24;0.995925 0.0233106 0.0871233 -0.199818 -0.0198014 0.998966 -0.0409274 0.139704 -0.0879872 0.0390354 0.995356 0.196207 0 0 0 1 
1807261650001;0.370505;0.144804;38;0.97262 0.115644 0.201584 -0.0943602 -0.154523 0.969692 0.189263 0.427789 -0.173587 -0.215231 0.961012 0.864649 0 0 0 1 
1807261650002;0.611698;0.202228;28;0.999971 0.00691968 -0.00302427 0.128246 -0.00698703 0.999714 -0.0228589 -0.678105 0.00286522 0.0228794 0.999734 0.565805 0 0 0 1 
1807261650003;0.65444;0.25823;43;0.961416 0.269388 -0.0557664 0.311437 -0.264883 0.961222 0.0767444 0.900345 0.074278 -0.0590117 0.99549 -0.995183 0 0 0 1 
1807261650004;0.70178;0.396121;25;0.934487 0.298051 0.194678 -0.0448257 -0.273374 0.951088 -0.14387 0.867173 -0.228036 0.0812249 0.970259 1.39497 0 0 0 1 
1807261650005;0.564667;0.121575;34;0.993345 -0.114608 0.0114399 0.105086 0.114752 0.993312 -0.0128018 -0.00162414 -0.00989615 0.0140293 0.999853 0.774834 0 0 0 1 
1807261650006;0.456118;0.125754;31;0.997471 -0.0297932 -0.0645299 -0.251614 0.0197383 0.988307 -0.151192 0.333381 0.0682799 0.149536 0.986396 -0.665942 0 0 0 1 
1807261650007;0.0911852;0.0415559;25;0.99738 0.0138487 0.070998 -0.123752 -0.0151181 0.999735 0.017374 0.042816 -0.0707386 -0.0184019 0.997325 0.286602 0 0 0 1 
1807261650008;0.628711;0.279187;32;0.957027 -0.0606137 0.283594 0.591977 0.024194 0.991192 0.130206 -0.390072 -0.288988 -0.117749 0.950064 0.741686 0 0 0 1 
1807261650009;0.268333;0.235214;31;0.984931 -0.172899 -0.00412571 -0.000389035 0.172886 0.984936 -0.00327718 -0.404942 0.00463019 0.00251452 0.999986 -0.0983573 0 0 0 1 
1807261650010;0.71038;0.241029;34;0.949386 0.313935 0.0105147 0.0647371 -0.313953 0.949439 1.71726e-05 0.955513 -0.00997769 -0.00331743 0.999945 -0.85909 0 0 0 1 
1807261650011;0.818748;0.245945;32;0.917727 0.397119 -0.00853697 0.0251047 -0.397153 0.917749 -0.00262379 1.42974 0.00679284 0.00579841 0.99996 -0.896506 0 0 0 1 
1807261650012;0.646177;0.0395647;35;0.999968 -0.00429391 0.00671581 0.174872 0.0045755 0.999086 -0.042493 -0.651595 -0.00652721 0.0425224 0.999074 -0.693414 0 0 0 1 
1807261650013;0.5425;0.0988816;20;0.989755 0.0256642 -0.140448 0.0946229 -0.0322665 0.998469 -0.0449352 -0.0955864 0.13908 0.0490067 0.989068 -1.18234 0 0 0 1 
1807261650014;0.402811;0.143487;34;0.947526 0.183962 -0.261442 0.314157 -0.153504 0.979201 0.132673 0.419191 0.280411 -0.0855788 0.956057 -1.39078 0 0 0 1 
1807261650015;0.62098;0.145358;35;0.914756 -0.353207 0.196126 0.326098 0.351015 0.935189 0.0470224 -0.829598 -0.200024 0.0258291 0.979451 1.2928 0 0 0 1 
1807261650016;0.314215;0.182426;26;0.993728 0.0996439 -0.0507456 -0.0360034 -0.0975106 0.994309 0.0429163 0.414398 0.0547331 -0.0376989 0.997789 -6.05212e-05 0 0 0 1 
1807261650017;0.544853;0.167425;37;0.952326 0.099548 -0.288383 0.194905 -0.196966 0.922484 -0.332006 0.797492 0.232978 0.37298 0.898113 -1.07494 0 0 0 1 
1807261650018;0.870541;0.272678;36;0.901348 0.414779 0.124622 0.0386191 -0.408023 0.909737 -0.0767808 1.71057 -0.145221 0.0183574 0.989229 1.20809 0 0 0 1 
1807261650019;0.408282;0.163066;48;0.968867 0.247368 -0.0102556 -0.273538 -0.247361 0.968921 0.00191147 0.647777 0.0104097 0.000684872 0.999946 0.285127 0 0 0 1 
1807261650020;0.378251;0.176452;35;0.966669 -0.00159217 -0.256024 0.0557083 -0.0908126 0.932831 -0.348682 0.231534 0.239382 0.36031 0.901594 -0.902626 0 0 0 1 
1807261650021;0.0584465;0.119599;26;0.99901 0.0341041 -0.028567 -0.0379513 -0.0338889 0.999394 0.00798359 -0.0652633 0.0288219 -0.00700758 0.99956 -0.0733183 0 0 0 1 
1807261650022;0.492617;0.169953;34;0.980109 -0.107858 -0.166593 0.171135 0.0946792 0.99186 -0.0851398 -0.134659 0.17442 0.0676734 0.982343 -1.16004 0 0 0 1 
1807261650023;0.436303;0.300525;29;0.95571 0.292668 0.0310584 -0.044963 -0.293512 0.955563 0.0273745 0.908813 -0.0216666 -0.0352781 0.999143 0.168615 0 0 0 1 
1807261650024;0.611538;0.20001;26;0.995855 -0.0148532 0.0897394 0.0701544 0.0216325 0.996945 -0.0750507 0.317105 -0.0883505 0.0766809 0.993134 -0.384789 0 0 0 1 
1807261650025;0.222007;0.151703;33;0.991264 -0.103737 -0.0814449 -0.170875 0.0918021 0.986076 -0.138656 -0.260462 0.0946948 0.129968 0.986986 -0.135764 0 0 0 1 
1807261650026;0.125003;0.0148237;26;0.99787 -0.0104907 -0.0643801 -0.135156 0.00373929 0.994559 -0.104105 0.0273005 0.065122 0.103643 0.99248 -0.10067 0 0 0 1 
1807261650027;0.446617;0.225314;33;0.928046 -0.367352 0.0615058 0.185809 0.361385 0.928054 0.0900895 -1.12174 -0.0901753 -0.0613799 0.994033 0.38591 0 0 0 1 
1807261650028;0.18577;0.243642;26;0.98611 0.152284 -0.0663101 0.0316779 -0.154469 0.987568 -0.029146 0.104809 0.0610472 0.0389841 0.997373 -0.207607 0 0 0 1 
1807261650029;0.503137;0.283234;37;0.990821 0.0513476 -0.125049 0.0858758 -0.0789739 0.970645 -0.227182 0.527874 0.109713 0.234972 0.965791 -0.259596 0 0 0 1 
1807261650031;0.869936;0.86578;16;0.999751 0.021884 -0.00442846 0.0644652 -0.0202086 0.97123 0.237284 -0.0243767 0.00949375 -0.237135 0.97143 -0.943449 0 0 0 1 
1807261650032;0.361529;0.249293;15;0.974916 0.000968347 -0.22257 0.0367546 -0.040731 0.98388 -0.174132 0.131225 0.218813 0.17883 0.95924 0.285381 0 0 0 1 
1807261650033;0.495733;0.487312;13;0.998941 0.00185654 0.0459678 -0.00150527 -0.00180284 0.999998 -0.00120982 0.0220544 -0.04597 0.00112567 0.998942 0.0346554 0 0 0 1 
1807261650034;1.09057;0.886044;28;0.992102 0.120399 -0.0351701 0.660141 -0.122323 0.990738 -0.0589465 0.673239 0.0277473 0.0627831 0.997641 0.723072 0 0 0 1 
1807261650035;0.885672;0.873808;16;0.990345 0.0643036 -0.122808 0.24346 -0.0458451 0.987982 0.147616 0.237536 0.130824 -0.14056 0.981391 -0.0879271 0 0 0 1 
1807261650036;0.893017;0.263914;15;0.985966 0.0645247 0.153973 0.206571 -0.0771941 0.993978 0.0777717 0.261989 -0.148027 -0.088566 0.98501 0.713429 0 0 0 1 
1807261650037;0.513994;0.384674;19;0.999908 0.0082655 0.0107735 0.146574 -0.00908906 0.99685 0.0787815 0.189954 -0.0100884 -0.0788722 0.996834 -0.50112 0 0 0 1 
1807261650038;0.984234;0.441265;18;0.920931 0.0304906 0.388531 -0.155931 -0.0110712 0.998579 -0.052123 0.393861 -0.389568 0.0437002 0.91996 -0.235418 0 0 0 1 
1807261650039;0.787771;0.296883;17;0.986745 0.0585298 0.151355 0.0887973 -0.0370247 0.989291 -0.141185 0.315587 -0.157998 0.13371 0.978345 -0.136421 0 0 0 1 
1807261650040;0.449489;0.132159;15;0.97229 0.000198685 0.233779 -0.0110547 -0.00761609 0.999496 0.030826 0.100712 -0.233655 -0.0317523 0.971801 0.549836 0 0 0 1 
1807261650041;0.636202;0.252512;37;0.99941 0.0335756 -0.00730141 0.334079 -0.033571 0.999436 0.000746061 0.533785 0.00732234 -0.000500505 0.999973 -0.324106 0 0 0 1 
1807261650042;0.394001;0.305237;14;0.999821 -0.0164694 -0.00933518 -0.132132 0.0163183 0.999738 -0.0160467 0.0806168 0.00959702 0.0158915 0.999828 0.0822049 0 0 0 1 
1807261650043;0.493104;0.218654;15;0.967164 0.063711 0.246037 0.185229 -0.0641258 0.997922 -0.00633404 0.330196 -0.245929 -0.00965127 0.96924 0.283447 0 0 0 1 
1807261650044;0.603128;0.368742;18;0.999649 0.0146176 -0.022075 -0.139468 -0.0145049 0.999881 0.00525746 0.134731 0.0221492 -0.00493542 0.999742 -0.430437 0 0 0 1 
1807261650045;0.822026;0.370542;16;0.994552 -0.0185536 -0.102576 0.031483 0.056969 0.920821 0.385803 -0.327088 0.0872959 -0.389545 0.916861 -1.85449 0 0 0 1 
1807261650046;0.726796;0.997904;32;0.998692 -0.0448844 -0.0244796 -0.234329 0.0414497 0.991131 -0.12626 0.595237 0.0299296 0.12508 0.991695 0.797804 0 0 0 1 
1807261650047;0.841796;0.496236;15;0.998213 0.00354192 -0.0596538 -0.0179257 -0.00444893 0.999876 -0.0150786 0.126137 0.059593 0.015317 0.998105 0.640087 0 0 0 1 
1807261650048;0.923373;0.117558;15;0.983152 0.0323234 0.179907 0.137491 -0.0676962 0.97864 0.194116 0.261689 -0.169789 -0.203024 0.964341 0.416466 0 0 0 1 
1807261650049;0.894299;0.707355;15;0.96781 -0.00437474 0.251643 -0.0151585 -0.0211059 0.994916 0.098469 0.0660109 -0.250794 -0.10061 0.962798 0.508085 0 0 0 1 
1807261650050;0.776112;1.11753;39;0.986467 0.103347 0.127289 0.181645 -0.0652486 0.959659 -0.273492 1.16756 -0.150419 0.261485 0.953415 1.26329 0 0 0 1 
1807261650051;0.472646;1.01515;29;0.975935 0.146257 0.161742 0.460764 -0.145383 0.989224 -0.0172926 0.966787 -0.162528 -0.00663814 0.986682 0.504231 0 0 0 1 
1807261650052;0.367213;0.305589;15;0.999182 0.00503202 0.0401303 0.00838304 -0.0130079 0.979493 0.201056 -0.0220325 -0.0382956 -0.201413 0.978757 -0.419651 0 0 0 1 
1807261650053;0.543637;0.19313;15;0.910093 -0.0270404 -0.413521 0.113638 -0.0719573 0.972399 -0.221952 0.315579 0.408109 0.231753 0.883027 0.301702 0 0 0 1 
1807261650054;0.296591;0.779198;42;0.993333 -0.0342943 -0.110062 -0.0671326 0.0141021 0.983704 -0.179239 0.70765 0.114415 0.176492 0.97763 0.224651 0 0 0 1 
1807261650055;0.546573;0.90895;26;0.969154 0.0996429 -0.225415 0.223046 -0.017248 0.939805 0.341277 0.67261 0.245852 -0.326862 0.912534 -0.875631 0 0 0 1 
1807261650056;0.638977;0.0903528;24;0.99811 0.047023 -0.0395672 -0.0446885 -0.0487335 0.997867 -0.043438 0.497708 0.0374402 0.0452842 0.998272 0.381327 0 0 0 1 
1807261650057;0.733154;1.14683;39;0.997111 0.0677517 -0.0343384 -0.0613354 -0.0731982 0.977828 -0.196202 1.2919 0.020284 0.198149 0.979962 0.490722 0 0 0 1 
1807261650058;1.00454;0.860952;26;0.972973 0.0806357 -0.216382 0.477863 -0.0693121 0.995823 0.0594324 0.620151 0.220271 -0.0428283 0.974498 -0.0461028 0 0 0 1 
1807261650059;0.328863;0.252612;18;0.960241 -0.0881338 0.264896 -0.277361 -0.02611 0.916349 0.399527 -0.0938231 -0.277949 -0.390559 0.877615 -0.705237 0 0 0 1 
1807261650060;0.479524;0.400985;14;0.999877 0.0156557 0.000276807 0.014478 -0.0156355 0.999224 -0.0361504 0.0632241 -0.000842553 0.0361417 0.999346 -0.0816004 0 0 0 1 
1807261650062;0.610394;0.159244;23;0.994354 0.0996337 -0.036507 0.388827 -0.101242 0.993833 -0.0452422 0.297477 0.0317742 0.0486828 0.998309 -0.601178 0 0 0 1 
1807261650063;0.0702684;0.133621;17;0.999485 0.00708763 0.0312883 -0.0617356 -0.00603678 0.999419 -0.0335538 0.156566 -0.0315079 0.0333477 0.998947 0.0824502 0 0 0 1 
1807261650064;0.431381;0.172006;19;0.973146 -0.126693 -0.192185 -0.439085 0.111572 0.989887 -0.087606 -0.0869405 0.201341 0.0638111 0.977441 -0.301624 0 0 0 1 
1807261650065;0.67345;0.217333;20;0.984458 0.0369846 -0.171681 0.112964 0.0406308 0.903086 0.427534 0.328355 0.170855 -0.427865 0.887547 -1.8354 0 0 0 1 
1807261650066;0.179936;0.18533;23;0.990589 -0.136448 -0.0107696 -0.678396 0.136133 0.990351 -0.0259173 0.135316 0.014202 0.0242073 0.999606 0.106119 0 0 0 1 
1807261650067;0.697139;0.331295;33;0.942706 -0.329232 -0.0539514 -1.19647 0.331953 0.941804 0.0530362 -0.103866 0.0333505 -0.0679068 0.997134 -0.964697 0 0 0 1 
1807261650068;0.609754;0.495654;35;0.953155 -0.301226 -0.0275229 -1.20339 0.301087 0.953553 -0.00916651 0.165345 0.0290058 0.000450302 0.999579 0.114256 0 0 0 1 
1807261650069;0.14606;0.173513;19;0.996654 -0.0712534 -0.0400581 -0.3707 0.0707292 0.997392 -0.0143572 0.174415 0.0409766 0.0114759 0.999094 -0.000981541 0 0 0 1 
1807261650070;0.531087;0.156489;20;0.981601 0.0818171 -0.172527 0.426067 -0.0168859 0.937203 0.348375 0.0983225 0.190196 -0.339052 0.921341 -1.86963 0 0 0 1 
1807261650071;0.140553;0.141327;18;0.992873 -0.00275484 -0.119149 -0.0229221 -0.00638995 0.997064 -0.0763008 0.302521 0.119009 0.0765183 0.98994 0.164561 0 0 0 1 
1807261650072;0.380476;0.341633;15;0.997004 0.022174 -0.0741033 0.212587 -0.027687 0.996858 -0.0742168 0.0938417 0.0722248 0.0760461 0.994485 0.0596611 0 0 0 1 
1807261650073;0.531138;0.231489;24;0.980917 -0.148471 0.125532 -0.45016 0.0986963 0.936521 0.336432 -0.247808 -0.167514 -0.317623 0.933303 -0.752687 0 0 0 1 
1807261650074;0.56209;0.137834;23;0.946734 0.200709 0.251813 0.695668 -0.18756 0.979352 -0.0754353 0.795813 -0.261754 0.0241872 0.964832 0.429761 0 0 0 1 
1807261650075;0.57785;0.153116;24;0.999231 -0.0390987 -0.00293141 -0.19694 0.0390754 0.999207 -0.00762269 0.717642 0.00322712 0.00750228 0.999967 -0.437372 0 0 0 1 
1807261650076;0.523862;0.186046;23;0.97907 -0.186749 -0.0809093 -0.91585 0.169811 0.968704 -0.181047 0.379637 0.112187 0.163518 0.980141 1.03876 0 0 0 1 
1807261650077;0.611234;0.480497;17;0.999164 -0.00225267 0.0408201 -0.00789904 0.0109414 0.976792 -0.213911 -0.29581 -0.0393908 0.214179 0.976 0.494135 0 0 0 1 
1807261650078;0.330727;0.128006;23;0.950162 0.043777 -0.308668 0.328148 -0.0307893 0.998428 0.0468251 0.202861 0.310232 -0.0349877 0.950017 0.0606692 0 0 0 1 
1807261650079;0.421945;0.306606;22;0.914786 -0.145395 -0.376864 -0.45679 0.0975414 0.984875 -0.1432 -0.198293 0.391984 0.0942376 0.915132 0.56101 0 0 0 1 
1807261650080;0.560936;0.237845;28;0.962851 0.195605 -0.186162 1.05364 -0.251097 0.902167 -0.350776 0.344971 0.0993354 0.38449 0.917769 1.2895 0 0 0 1 
1807261650081;0.503671;0.133184;21;0.982861 0.105237 0.15136 0.335087 -0.127652 0.980875 0.146935 0.106574 -0.133002 -0.163738 0.977497 -1.24692 0 0 0 1 
1807261650082;0.722741;0.348384;22;0.992615 0.121282 0.00248031 0.665156 -0.120583 0.988711 -0.0889411 0.106728 -0.0132392 0.0879852 0.996034 -0.460167 0 0 0 1 
1807261650083;0.552134;0.249778;20;0.998542 -0.0413662 -0.0346746 -0.00133628 0.0384525 0.995984 -0.0808541 -0.31018 0.0378799 0.0794029 0.996123 0.020512 0 0 0 1 
1807261650084;0.867721;0.182469;36;0.924514 0.368805 -0.0962111 2.28242 -0.347321 0.919145 0.185852 0.40119 0.156975 -0.138407 0.977856 -0.90931 0 0 0 1 
1807261650085;0.404997;0.15365;23;0.978503 -0.150717 -0.14077 -0.618919 0.0842658 0.915188 -0.39412 -0.0572895 0.188231 0.373785 0.908215 1.04123 0 0 0 1 
1807261650086;0.258185;0.172619;18;0.99788 -0.0637004 0.0133128 -0.209309 0.0646773 0.993411 -0.094607 0.19835 -0.00719858 0.0952675 0.995426 0.593243 0 0 0 1 
1807261650087;0.211815;0.174618;20;0.991359 0.126645 0.0341789 0.568627 -0.123178 0.988348 -0.089416 0.203221 -0.0451048 0.0844333 0.995408 0.35661 0 0 0 1 
1807261650088;0.669831;0.253992;32;0.953647 -0.300784 -0.00924505 -1.27895 0.281745 0.903232 -0.323714 0.120455 0.105719 0.306104 0.94611 0.600995 0 0 0 1 
1807261650089;0.143654;0.16018;16;0.992476 0.0518434 0.110921 0.11361 -0.056776 0.997512 0.0417806 0.0649368 -0.108479 -0.0477639 0.992951 -0.0692004 0 0 0 1 
1807261650090;0.732491;0.40623;23;0.994689 0.0746451 -0.07087 0.220545 -0.0829095 0.989072 -0.121909 0.847181 0.0609956 0.127138 0.990008 0.558935 0 0 0 1 
1807261650091;0.403612;0.11584;27;0.986001 0.151177 -0.070345 0.690243 -0.124204 0.947372 0.29506 -0.00249825 0.111249 -0.282192 0.952886 -0.813287 0 0 0 1 
1807261650093;1.16071;0.315406;20;0.878314 0.303983 0.368996 -0.402826 -0.298082 0.951633 -0.0744469 0.189223 -0.37378 -0.0446033 0.926444 -0.228965 0 0 0 1 
1807261650094;0.696816;0.372617;17;0.979184 0.202174 0.0179883 -0.139626 -0.200814 0.977849 -0.0590277 -0.0268061 -0.0295237 0.0541867 0.998094 -0.0932036 0 0 0 1 
1807261650095;0.832378;0.279504;22;0.912857 0.117077 0.391134 0.367029 -0.131014 0.991339 0.00903566 0.269223 -0.386688 -0.0594921 0.92029 -0.0387038 0 0 0 1 
1807261650096;1.24922;0.363712;28;0.966365 0.230983 0.113074 0.084803 -0.167244 0.898445 -0.405988 -0.444227 -0.195367 0.373422 0.906856 0.713278 0 0 0 1 
1807261650097;1.57732;0.352673;19;0.953673 0.146563 0.262729 0.38029 -0.195647 0.965555 0.17154 0.0927216 -0.228538 -0.214995 0.949498 0.929394 0 0 0 1 
1807261650098;0.431654;0.320589;20;0.952035 -0.287329 0.105224 -0.00789195 0.294796 0.953432 -0.0637425 -0.24008 -0.0820088 0.0917047 0.992404 0.266766 0 0 0 1 
1807261650099;1.43162;0.434383;30;0.978327 -0.190654 0.0807928 0.691803 0.205923 0.936763 -0.282968 0.338909 -0.0217346 0.293473 0.95572 0.583365 0 0 0 1 
1807261650100;0.198846;0.192534;22;0.996415 -0.0431682 -0.0727602 0.141897 0.0507867 0.993032 0.106339 -0.163782 0.0676628 -0.109653 0.991664 -0.106143 0 0 0 1 
1807261650101;0.403364;0.2432;17;0.99008 -0.10145 0.0972133 0.138409 0.105159 0.993881 -0.0338056 -0.133438 -0.0931889 0.0436931 0.994689 -0.173365 0 0 0 1 
1807261650102;0.400187;0.276953;17;0.994144 -0.0595462 0.0901724 -0.140203 0.0621442 0.997721 -0.0262816 -0.159684 -0.0884019 0.0317314 0.995579 0.00243154 0 0 0 1 
1807261650103;1.02195;0.250584;18;0.952777 0.263046 0.151735 -0.022921 -0.279819 0.954602 0.102158 -0.208711 -0.117974 -0.139792 0.983128 0.537528 0 0 0 1 
1807261650104;1.18672;0.191876;26;0.999648 -0.0253592 -0.00778283 -0.0907795 0.0261447 0.991502 0.127437 -0.559254 0.00448501 -0.127595 0.991816 -0.643583 0 0 0 1 
1807261650105;1.18857;0.252881;19;0.995537 0.0756469 0.0564219 -0.493796 -0.0761608 0.997071 0.00701176 -0.464297 -0.0557262 -0.0112776 0.998382 0.068378 0 0 0 1 
1807261650106;0.708535;0.33458;17;0.997876 -0.0430729 0.0488745 -0.180733 0.0436327 0.998993 -0.0104434 -0.316514 -0.0483755 0.0125537 0.99875 0.211836 0 0 0 1 
1807261650107;0.503291;0.330851;17;0.998245 -0.00806169 -0.0586758 0.168365 0.0112037 0.998509 0.0534188 -0.132931 0.0581577 -0.0539824 0.996847 0.234372 0 0 0 1 
1807261650108;1.52224;0.270934;23;0.948435 -0.214844 0.233051 0.074403 0.244128 0.964067 -0.104768 0.645265 -0.202168 0.15626 0.966804 -0.31654 0 0 0 1 
1807261650109;0.339127;0.187933;16;0.908368 -0.125196 0.398991 -0.0653648 0.0907941 0.990417 0.104067 -0.0651081 -0.408196 -0.0583053 0.91103 0.238762 0 0 0 1 
1807261650110;0.998065;0.152227;25;0.950101 -0.246513 0.191153 0.0527237 0.220762 0.964293 0.146297 -0.202551 -0.220392 -0.0967973 0.970597 -0.516027 0 0 0 1 
1807261650111;0.873902;0.279234;17;0.968134 0.13229 0.212642 0.189882 -0.143039 0.989065 0.0359198 -0.436135 -0.205565 -0.0651914 0.97647 0.42725 0 0 0 1 
1807261650112;0.213542;0.188818;21;0.997809 -0.0419804 -0.0511388 0.119874 0.0466406 0.994514 0.093632 -0.140853 0.0469275 -0.095812 0.994293 -0.166293 0 0 0 1 
1807261650113;1.08553;0.367309;21;0.971161 -0.221816 0.0874314 -0.171591 0.235263 0.95105 -0.200389 -0.67322 -0.0387022 0.215179 0.975807 -0.149362 0 0 0 1 
1807261650114;0.757919;0.444552;29;0.949739 0.305284 0.0692639 0.329701 -0.281259 0.929302 -0.239356 -0.0112741 -0.137439 0.207845 0.968458 0.540453 0 0 0 1 
1807261650115;1.40826;0.313006;24;0.968623 0.248378 0.00881219 -0.451715 -0.24853 0.967778 0.0404906 0.39425 0.00152874 -0.0414102 0.999141 0.250471 0 0 0 1 
1807261650116;0.547781;0.25153;18;0.985609 0.132926 0.104432 0.0966977 -0.146543 0.979829 0.135868 -0.172711 -0.0842647 -0.149216 0.985208 0.276494 0 0 0 1 
1807261650117;1.14474;0.221446;27;0.957498 0.278167 -0.0762978 -0.180453 -0.256166 0.941653 0.21833 0.383128 0.132578 -0.189506 0.972888 -0.409266 0 0 0 1 
1807261650118;1.22447;0.412554;26;0.950962 0.240314 -0.194733 -0.0578165 -0.278386 0.939365 -0.200236 0.0505617 0.134806 0.244628 0.9602 -0.526316 0 0 0 1 
1807261650119;1.49971;0.152517;22;0.983827 0.119874 -0.133096 0.140439 -0.133803 0.985832 -0.101158 0.621402 0.119084 0.11733 0.985927 -0.7389 0 0 0 1 
1807261650120;0.30517;0.306354;17;0.93101 0.218082 0.292678 0.170235 -0.236299 0.971279 0.0279405 0.0921233 -0.278179 -0.0951723 0.955803 0.19341 0 0 0 1 
1807261650121;1.42718;0.238933;25;0.947332 0.27634 0.161859 0.512269 -0.305628 0.931092 0.199145 -0.788158 -0.0956737 -0.238125 0.966511 0.270592 0 0 0 1 
1807261650122;1.45607;0.388067;22;0.941434 -0.211525 0.2626 -0.135487 0.257189 0.95409 -0.153513 -0.42346 -0.218072 0.21206 0.952615 -0.661551 0 0 0 1 
1807261650124;1.36594;8.22109;28;0.502844 0.633235 0.588355 -2.02093 -0.580617 -0.256799 0.772618 0.810043 0.640338 -0.730115 0.238537 3.22182 0 0 0 1 
1807261650125;0.804333;5.15732;28;0.026888 -0.877039 0.479666 2.37563 0.71105 0.35405 0.6075 -0.282009 -0.702627 0.324732 0.633139 0.494645 0 0 0 1 
1807261650126;0.880272;5.91701;26;0.160418 -0.913858 0.373002 2.82528 0.927222 0.269084 0.260486 -0.0594544 -0.338416 0.304069 0.890515 0.25058 0 0 0 1 
1807261650127;1.55898;5.78413;25;0.0101553 -0.968373 0.249299 2.56403 0.986824 -0.0305553 -0.158887 -0.0181869 0.161479 0.247628 0.955304 -1.19786 0 0 0 1 
1807261650128;0.837192;5.56044;24;0.18018 -0.948913 0.259037 2.23247 0.98105 0.192439 0.0225551 -0.206019 -0.0712517 0.250064 0.965604 -0.309498 0 0 0 1 
1807261650129;0.284015;5.6435;24;0.0469177 -0.983319 0.175732 2.79213 0.99851 0.0412592 -0.0357178 0.0398636 0.0278714 0.177146 0.98379 -0.346628 0 0 0 1 
1807261650130;0.193395;8.16388;25;0.503107 0.681264 0.531754 -2.45889 -0.543561 -0.228913 0.807552 0.270916 0.671882 -0.695326 0.255141 3.00661 0 0 0 1 
1807261650131;0.6404;10.9184;39;-0.163756 -0.942297 -0.291993 5.24505 0.918827 -0.253427 0.302543 1.86488 -0.359084 -0.218748 0.907308 0.218836 0 0 0 1 
1807261650132;1.48669;6.27562;25;0.00762055 -0.981531 0.19115 3.58437 0.999027 0.0157752 0.0411755 0.529897 -0.0434304 0.190651 0.980697 -0.732344 0 0 0 1 
1807261650133;0.878362;5.74201;23;0.299412 -0.918396 0.258651 2.6505 0.952819 0.301979 -0.0307326 -0.304077 -0.0498826 0.255649 0.965482 -0.077138 0 0 0 1 
1807261650134;0.764145;2.6308;20;0.413348 0.906489 -0.0861458 -0.752736 -0.326927 0.236039 0.915098 -0.700068 0.84986 -0.350091 0.393922 0.544691 0 0 0 1 
1807261650135;0.938287;5.91532;25;-0.0393224 -0.977299 0.208184 2.92816 0.995709 -0.055791 -0.0738331 -0.00824544 0.0837718 0.204387 0.975299 0.0454136 0 0 0 1 
1807261650136;0.165136;6.63169;23;0.252108 -0.948316 0.192713 3.18617 0.967679 0.24576 -0.0565684 0.043089 0.00628351 0.200746 0.979623 -0.48637 0 0 0 1 
1807261650137;0.685906;5.54987;23;0.401867 -0.876323 0.265633 2.58042 0.89809 0.320577 -0.301105 -0.0932593 0.178709 0.359567 0.915847 -0.0996697 0 0 0 1 
1807261650138;1.14592;5.2278;24;0.424882 -0.813993 0.396094 2.29445 0.854237 0.505329 0.122155 -0.599636 -0.299591 0.286457 0.910048 -0.366881 0 0 0 1 
1807261650139;0.608764;6.43617;26;0.0159863 -0.984005 0.177421 3.27677 0.997446 0.0280479 0.0656846 -0.0939048 -0.0696103 0.175918 0.981941 -0.753371 0 0 0 1 
1807261650140;1.51409;10.9959;36;-0.0432392 -0.935619 -0.350353 4.57274 0.934627 -0.161785 0.316699 2.05176 -0.352992 -0.313755 0.88145 0.301967 0 0 0 1 
1807261650141;0.713806;5.51832;25;-0.0787452 -0.996823 -0.0119952 2.65334 0.893889 -0.0652768 -0.443511 -0.159182 0.441318 -0.0456467 0.896189 -0.482522 0 0 0 1 
1807261650142;1.81337;6.6651;23;0.0714399 -0.982979 0.16926 2.89678 0.991265 0.051107 -0.121581 0.152919 0.110861 0.176467 0.978044 0.345635 0 0 0 1 
1807261650143;1.33398;5.02446;27;0.0843033 -0.947647 0.307991 2.37766 0.996316 0.0850476 -0.0110315 0.332818 -0.0157399 0.307787 0.951325 0.0971814 0 0 0 1 
1807261650144;0.523192;5.16646;26;0.270747 -0.932058 0.240756 2.29636 0.921826 0.323086 0.214133 -0.0690789 -0.277369 0.163959 0.94667 -0.38991 0 0 0 1 
1807261650145;1.32014;5.59378;23;0.0702137 -0.97561 0.20798 3.39126 0.996679 0.0599931 -0.0550568 -0.321632 0.0412366 0.211155 0.976582 -0.46518 0 0 0 1 
1807261650146;0.396214;5.5992;24;0.453369 -0.801423 0.3901 2.51275 0.880192 0.471502 -0.0542931 -0.0323662 -0.140421 0.367978 0.91917 -0.269679 0 0 0 1 
1807261650147;1.75836;5.43865;27;-0.07734 -0.970799 0.227087 2.24729 0.995108 -0.0611209 0.0776162 -0.359708 -0.06147 0.231979 0.970777 -1.12652 0 0 0 1 
1807261650148;1.81564;5.5823;21;0.277399 -0.922626 0.267976 2.84685 0.959967 0.277463 -0.0384323 -0.795915 -0.0388947 0.267909 0.962659 0.127799 0 0 0 1 
1807261650149;1.27562;5.66731;24;0.0201584 -0.988679 0.148688 2.8877 0.998629 0.0270981 0.0447954 -0.354974 -0.0483174 0.147581 0.987869 -1.05759 0 0 0 1 
1807261650150;1.69552;5.29489;23;0.183649 -0.916443 0.355536 2.90047 0.970464 0.111473 -0.213946 -0.313258 0.156437 0.384326 0.909847 0.392273 0 0 0 1 
1807261650151;1.06641;5.60459;25;0.0664967 -0.98279 0.172341 2.72242 0.988357 0.0885686 0.123719 -0.289096 -0.136854 0.162107 0.977237 -0.926152 0 0 0 1 
1807261650152;1.1455;6.60115;22;0.101746 -0.980119 0.170339 3.54934 0.994706 0.0977533 -0.0316884 -0.22955 0.0144072 0.172661 0.984876 -0.161859 0 0 0 1 
1807261650153;0.956413;7.10392;24;0.191137 -0.955948 0.222779 3.84038 0.981029 0.193533 -0.0112372 -0.120653 -0.0323729 0.220701 0.974804 -0.403191 0 0 0 1 
1807261650155;0.606131;0.389515;21;0.996515 -0.0520238 -0.0652008 -0.0130753 0.0550113 0.997476 0.0448937 0.0808332 0.0627007 -0.048324 0.996862 -0.587755 0 0 0 1 
1807261650156;0.187806;0.0811861;21;0.996145 -0.0877017 0.00180337 -0.303682 0.0876868 0.996122 0.00716904 -0.176568 -0.00242511 -0.00698327 0.999973 0.18998 0 0 0 1 
1807261650157;0.551788;0.303254;18;0.990706 -0.129899 0.0403577 -0.556776 0.134838 0.976933 -0.165592 -0.214856 -0.0179165 0.169495 0.985368 0.960209 0 0 0 1 
1807261650158;0.699792;0.0736038;67;0.889554 -0.452067 -0.06579 -2.1168 0.454372 0.890464 0.0249146 -0.871576 0.0473205 -0.052056 0.997522 -0.572386 0 0 0 1 
1807261650159;0.309546;0.0833907;24;0.989739 0.10863 -0.0928249 0.449892 -0.126623 0.967811 -0.217506 -0.0547391 0.0662092 0.227028 0.971635 1.06643 0 0 0 1 
1807261650160;0.485518;0.295733;19;0.993295 -0.10763 -0.0421988 -0.569644 0.113904 0.973556 0.198029 -0.163821 0.019769 -0.201508 0.979287 -0.789062 0 0 0 1 
1807261650161;0.330335;0.0807378;27;0.998566 -0.0530573 0.00707918 -0.305642 0.05133 0.911656 -0.407735 -0.333449 0.0151795 0.407514 0.913073 1.35688 0 0 0 1 
1807261650162;0.550603;0.159474;49;0.935944 0.352147 0.00122066 1.05683 -0.352145 0.93591 0.00812415 0.162995 0.00171847 -0.00803359 0.999966 -0.0570424 0 0 0 1 
1807261650163;0.739956;0.154057;56;0.967093 0.236801 0.0930374 1.0231 -0.230557 0.97031 -0.0730882 -0.805023 -0.107582 0.0492327 0.992976 0.607199 0 0 0 1 
1807261650164;0.228506;0.0927264;22;0.958239 0.108458 0.264604 0.384857 -0.115409 0.993259 0.010817 -0.109625 -0.261647 -0.040903 0.964297 -0.208008 0 0 0 1 
1807261650165;0.0638727;0.0748781;15;0.999869 -0.00112897 0.0161278 -0.000759613 0.00142764 0.999827 -0.0185197 -0.0804894 -0.0161041 0.0185403 0.999698 0.155177 0 0 0 1 
1807261650166;0.691573;0.0802907;44;0.945309 -0.323745 -0.0397521 -1.33848 0.325866 0.942686 0.0718015 -1.03072 0.0142284 -0.0808285 0.996626 0.0219474 0 0 0 1 
1807261650167;0.645574;0.3595;26;0.952746 0.00300743 0.303752 0.0627776 -0.0631007 0.980098 0.188217 0.282846 -0.297141 -0.19849 0.933975 -0.948051 0 0 0 1 
1807261650168;0.448255;0.0931675;46;0.951583 0.303527 -0.0486001 1.192 -0.30009 0.883031 -0.360836 -0.283314 -0.066608 0.35795 0.931362 1.41101 0 0 0 1 
1807261650169;0.539907;0.0852874;52;0.941132 0.335956 -0.0374695 1.12186 -0.327674 0.933891 0.143097 -0.462352 0.0830667 -0.122395 0.988999 -0.864359 0 0 0 1 
1807261650170;0.652735;0.298915;18;0.953493 0.112947 0.279454 0.581677 -0.118108 0.992999 0.00164219 0.127681 -0.277312 -0.0345715 0.960158 0.484875 0 0 0 1 
1807261650171;0.437786;0.126825;36;0.944122 0.210296 0.253791 0.605201 -0.260978 0.947269 0.185934 0.0567209 -0.201307 -0.241778 0.94922 -0.556998 0 0 0 1 
1807261650172;0.513271;0.0823862;60;0.938993 0.312651 -0.143321 0.71767 -0.306714 0.949756 0.0623767 -0.428621 0.155622 -0.0146127 0.987709 0.00966701 0 0 0 1 
1807261650173;0.421662;0.0839432;20;0.924917 -0.130097 -0.357217 -0.457818 0.125678 0.99143 -0.0356671 0.158041 0.358795 -0.0119051 0.93334 -0.378681 0 0 0 1 
1807261650174;0.342158;0.0860761;25;0.99403 0.0933759 -0.0564442 0.38409 -0.108005 0.915509 -0.387527 -0.14031 0.0154894 0.39131 0.920129 1.31124 0 0 0 1 
1807261650175;0.695425;0.310684;25;0.998505 -0.0538159 0.00955106 0.0627749 0.0534949 0.998081 0.0311743 0.659982 -0.0112104 -0.0306168 0.999468 -0.304396 0 0 0 1 
1807261650176;0.628882;0.085798;39;0.929141 0.369713 0.00304107 1.53481 -0.367582 0.924607 -0.0999249 -0.138926 -0.0397553 0.0917265 0.99499 -0.185389 0 0 0 1 
1807261650177;0.385778;0.0836135;19;0.999273 -0.0364672 -0.0111346 -0.145401 0.036495 0.999331 0.00230981 0.0145941 0.0110429 -0.00271449 0.999935 0.443997 0 0 0 1 
1807261650178;0.865032;0.269785;43;0.947227 -0.291987 0.132303 -1.19245 0.297097 0.954633 -0.0202454 -0.619941 -0.12039 0.0584839 0.991003 1.12988 0 0 0 1 
1807261650179;0.799283;0.0632877;22;0.90308 -0.237616 -0.357751 -1.29224 0.229613 0.971084 -0.065372 -0.265388 0.36294 -0.0231081 0.931526 0.551207 0 0 0 1 
1807261650180;0.951142;0.0874396;40;0.913337 0.383697 0.136352 1.66004 -0.334682 0.898078 -0.285383 0.121486 -0.231955 0.215016 0.948665 1.82049 0 0 0 1 
1807261650181;0.58947;0.0939229;30;0.983147 -0.180817 0.02697 -0.933057 0.179774 0.983009 0.0370679 -0.794357 -0.0332143 -0.0315947 0.998949 0.0691592 0 0 0 1 
1807261650182;0.51362;0.141072;34;0.993113 0.0104261 -0.116694 -0.215825 -0.0169779 0.998326 -0.0552931 0.238866 0.115922 0.0568935 0.991628 -0.151657 0 0 0 1 
1807261650183;0.518467;0.0994594;31;0.958972 0.163001 -0.231954 0.946482 -0.184455 0.98006 -0.07388 0.333572 0.215286 0.113634 0.969917 0.428402 0 0 0 1 
1807261650184;0.540083;0.0651462;33;0.966014 -0.257943 0.0168261 -1.02839 0.257089 0.965507 0.0412576 -0.79254 -0.0268878 -0.0355296 0.999007 -0.424136 0 0 0 1 
1807261650186;0.453969;0.230755;22;0.996153 -0.0799787 -0.0358206 0.0873989 0.0827797 0.992928 0.0850924 0.0483796 0.0287617 -0.0877302 0.995729 0.0240138 0 0 0 1 
1807261650187;0.217396;0.177414;21;0.996893 0.0419971 -0.0666435 -0.212751 -0.0398354 0.998646 0.0334416 0.110939 0.0679577 -0.0306829 0.997216 -0.476727 0 0 0 1 
1807261650188;0.833964;0.184059;21;0.983358 0.00490434 0.181611 -0.109178 -0.0487081 0.970156 0.237539 0.334327 -0.175026 -0.242431 0.95425 1.29847 0 0 0 1 
1807261650189;0.543168;0.12743;22;0.85992 0.385368 -0.334707 0.192762 -0.371644 0.922193 0.106959 0.528112 0.349884 0.0324158 0.936232 -1.143 0 0 0 1 
1807261650190;0.468639;0.141941;21;0.918676 -0.263586 0.294204 -0.0315451 0.289291 0.9561 -0.0467373 -0.873201 -0.268969 0.128047 0.954599 1.08158 0 0 0 1 
1807261650191;0.203867;0.101282;19;0.991349 0.0616273 0.115882 -0.206304 -0.0543371 0.996401 -0.0650533 -0.0104601 -0.119474 0.0581939 0.99113 0.482431 0 0 0 1 
1807261650192;0.50492;0.217117;20;0.985966 0.163423 0.0341105 0.456859 -0.15689 0.976874 -0.145266 0.205866 -0.0570614 0.137876 0.988804 0.0364676 0 0 0 1 
1807261650193;0.791638;0.144289;21;0.974446 -0.22305 -0.0265217 -0.0150457 0.223045 0.974803 -0.00319485 -0.549779 0.0265661 -0.00280231 0.999643 -1.00748 0 0 0 1 
1807261650194;0.736741;0.188804;21;0.968602 0.243627 -0.0495529 0.377687 -0.248506 0.954665 -0.16389 0.281699 0.00737834 0.171059 0.985233 -0.682906 0 0 0 1 
1807261650195;0.187863;0.170537;21;0.97148 -0.00510579 -0.237069 -0.0178552 0.0213987 0.997577 0.0662046 -0.148195 0.236156 -0.0693893 0.969234 -0.681041 0 0 0 1 
1807261650196;0.587609;0.201248;21;0.991659 0.123834 -0.0357521 -0.23685 -0.127773 0.980937 -0.146411 -0.125398 0.0169399 0.149758 0.988578 0.692352 0 0 0 1 
1807261650197;0.541762;0.121767;23;0.951676 0.307061 -0.00511985 -0.342729 -0.30673 0.951208 0.0334584 1.06843 0.0151438 -0.0302711 0.999427 -0.218789 0 0 0 1 
1807261650198;0.789459;0.227359;19;0.994094 0.0457972 -0.0983826 0.448683 -0.0572775 0.991451 -0.117232 0.0895053 0.0921727 0.122174 0.988219 -0.922664 0 0 0 1 
1807261650199;0.344499;0.135527;24;0.990024 -0.0858485 -0.111727 0.0618494 0.0751108 0.992445 -0.0970086 -0.0841735 0.119211 0.0876489 0.988993 -0.521733 0 0 0 1 
1807261650200;0.665434;0.185177;24;0.996573 0.0826625 -0.00298776 0.183322 -0.0824893 0.995863 0.0381094 -0.598885 0.00612561 -0.0377323 0.999269 -0.0367401 0 0 0 1 
1807261650201;0.637949;0.0678829;30;0.998491 0.0530857 -0.0140676 -0.669005 -0.0529661 0.998558 0.0087408 -0.290596 0.0145113 -0.00798251 0.999863 -0.298927 0 0 0 1 
1807261650202;0.360138;0.121063;20;0.993884 0.109968 -0.0101234 -0.336364 -0.110169 0.993669 -0.022018 0.218468 0.00763805 0.0229986 0.999706 -0.385399 0 0 0 1 
1807261650203;0.394841;0.14731;24;0.892902 -0.164153 -0.41926 0.19123 0.201244 0.978484 0.0454862 -0.667211 0.402773 -0.124988 0.906726 -1.15723 0 0 0 1 
1807261650204;0.612524;0.128972;22;0.997214 -0.0720739 -0.0192346 -0.13278 0.0724642 0.997162 0.0204288 -0.371568 0.0177076 -0.0217657 0.999606 0.700118 0 0 0 1 
1807261650205;0.404722;0.228456;20;0.868096 0.256153 -0.425199 0.225579 -0.311844 0.947863 -0.0656458 0.866891 0.386215 0.189583 0.902716 -0.945409 0 0 0 1 
1807261650206;0.626556;0.137485;28;0.958778 -0.281266 -0.04043 -0.542968 0.274395 0.953394 -0.125489 -0.989234 0.0738416 0.109223 0.991271 0.427678 0 0 0 1 
1807261650207;0.542445;0.170091;18;0.999756 0.0121366 0.0184678 -0.210749 -0.0119594 0.999882 -0.00967396 -0.166298 -0.018583 0.00945074 0.999783 0.72263 0 0 0 1 
1807261650208;0.417306;0.190372;28;0.947263 -0.0513445 -0.316317 -0.170513 0.00757232 0.990392 -0.138084 -0.00746543 0.320367 0.128407 0.93855 -1.11091 0 0 0 1 
1807261650209;0.115948;0.166044;24;0.996429 -0.0398306 -0.0744502 -0.232033 0.0340456 0.996417 -0.0774187 -0.0533369 0.0772671 0.0746075 0.994215 -0.184456 0 0 0 1 
1807261650210;0.290494;0.213791;19;0.967715 0.250424 0.0285473 -0.0324435 -0.237936 0.945026 -0.224305 0.765954 -0.0831492 0.210271 0.974101 0.345943 0 0 0 1 
1807261650211;0.634223;0.22273;29;0.974495 0.174264 -0.141394 0.674418 -0.195267 0.968969 -0.15156 0.579472 0.110595 0.175304 0.978283 -0.301829 0 0 0 1 
1807261650212;0.518398;0.0984704;22;0.924412 0.265852 -0.273471 0.0735107 -0.237005 0.96219 0.134235 0.76062 0.298817 -0.0592742 0.952468 -1.24685 0 0 0 1 
1807261650213;0.562773;0.233858;25;0.991392 -0.130906 0.00250463 0.172261 0.125603 0.956281 0.264105 -0.0689746 -0.0369681 -0.261517 0.964491 -0.155682 0 0 0 1 
1807261650214;0.522212;0.154723;29;0.909668 -0.412195 -0.0509896 -0.0904568 0.415002 0.897126 0.151455 -1.47492 -0.0166849 -0.158934 0.987148 0.0396842 0 0 0 1 
1807261650215;0.876402;0.1704;26;0.899415 -0.383049 -0.210537 0.561082 0.373687 0.923723 -0.0842191 -1.58878 0.226738 -0.0029272 0.973951 -0.823685 0 0 0 1 
1807261650217;0.532131;0.502992;23;0.98115 0.0221827 0.191969 -0.266132 -0.0650969 0.97327 0.220244 -0.156546 -0.181952 -0.228589 0.956368 -0.783111 0 0 0 1 
1807261650218;0.499155;0.420425;17;0.995309 -0.0460085 -0.085105 -0.416904 0.0545497 0.993398 0.100923 -0.127816 0.0798997 -0.105092 0.991247 -0.16191 0 0 0 1 
1807261650219;0.721512;0.538938;25;0.995047 0.0919456 -0.0377703 -0.0438037 -0.0895185 0.994079 0.0615835 -0.78957 0.043209 -0.0578974 0.997387 -0.607176 0 0 0 1 
1807261650220;0.121853;0.485988;20;0.983805 -0.153345 0.0928061 -0.60477 0.149734 0.987714 0.0447403 -0.623173 -0.0985265 -0.0301195 0.994679 -0.0507062 0 0 0 1 
1807261650221;0.995809;0.518904;23;0.991059 -0.133205 0.00770344 -0.749444 0.133087 0.991003 0.0141999 -0.597702 -0.00952564 -0.0130477 0.99987 -0.864676 0 0 0 1 
1807261650222;1.09618;1.07843;40;0.996104 -0.0880312 0.00527194 -0.678983 0.0877483 0.995323 0.0404084 -0.907409 -0.00880447 -0.0397883 0.999169 -0.975566 0 0 0 1 
1807261650223;0.826304;0.991821;41;0.962824 -0.269986 0.00880031 -1.10196 0.269537 0.962358 0.0348979 -1.49185 -0.017891 -0.0312286 0.999352 -0.345506 0 0 0 1 
1807261650224;0.375842;0.377917;20;0.973629 -0.195555 -0.117495 -0.719672 0.219314 0.944143 0.245957 -0.921036 0.0628341 -0.26524 0.962133 -1.03195 0 0 0 1 
1807261650225;0.55112;0.937758;31;0.990571 0.126212 -0.0532815 -0.327808 -0.131653 0.984555 -0.115411 -0.661718 0.0378923 0.121338 0.991888 0.530019 0 0 0 1 
1807261650226;0.761509;1.02685;24;0.979631 -0.200557 -0.0100125 -1.00661 0.200385 0.979587 -0.0159715 -0.644251 0.0130113 0.0136398 0.999822 0.462224 0 0 0 1 
1807261650227;0.75985;0.603771;32;0.999673 -0.0112149 -0.0229972 -0.409347 0.0121317 0.999121 0.0401223 0.190431 0.0225271 -0.0403882 0.99893 -0.299663 0 0 0 1 
1807261650228;0.464961;0.824318;24;0.989487 -0.135713 -0.0499775 -0.639224 0.139104 0.987647 0.0721379 -0.651911 0.0395701 -0.0783316 0.996142 -0.457087 0 0 0 1 
1807261650229;0.961907;0.550347;33;0.976613 0.02395 0.213666 -0.31708 -0.0762933 0.967709 0.240246 0.0511326 -0.201013 -0.250928 0.946905 0.181989 0 0 0 1 
1807261650230;1.24871;0.465761;18;0.962187 -0.0408434 -0.269311 -0.096312 0.0708058 0.99221 0.102496 -0.540384 0.263027 -0.117689 0.957583 -1.68153 0 0 0 1 
1807261650231;0.35278;0.452142;23;0.979294 -0.0575068 -0.194105 -0.381572 0.0244982 0.985423 -0.16835 -0.358624 0.200956 0.160109 0.966427 0.13569 0 0 0 1 
1807261650232;0.725754;0.815226;24;0.969045 -0.0832716 -0.232419 -0.415456 0.119057 0.982324 0.144447 -0.604319 0.216282 -0.167647 0.96183 -0.753965 0 0 0 1 
1807261650233;0.807473;0.730764;19;0.994169 0.0496781 0.0957074 -0.0713128 -0.0581183 0.994466 0.0875194 0.204447 -0.0908299 -0.0925714 0.991555 -0.248319 0 0 0 1 
1807261650234;0.330571;0.414434;21;0.976184 -0.215337 -0.0263733 -0.821448 0.21391 0.975651 -0.0484594 -0.697653 0.0361662 0.0416638 0.998477 0.346214 0 0 0 1 
1807261650235;0.476097;0.621111;23;0.996832 -0.0141317 -0.0782714 -0.366174 0.0291378 0.980559 0.194049 -0.653486 0.0740075 -0.195715 0.977864 -0.242653 0 0 0 1 
1807261650236;0.451212;0.759639;19;0.913711 -0.110123 -0.391159 -0.415308 0.06562 0.989932 -0.125413 -0.522524 0.401031 0.0889234 0.911738 -0.0199727 0 0 0 1 
1807261650237;0.797582;0.378634;20;0.948188 -0.0095659 0.317565 -0.429424 -0.0473428 0.984133 0.171001 -0.42465 -0.314162 -0.177176 0.93269 -0.687792 0 0 0 1 
1807261650238;1.08583;1.50353;40;0.995787 0.0558903 -0.0726956 -0.595912 -0.055427 0.998428 0.00837589 -0.954806 0.0730494 -0.0043113 0.997319 0.789709 0 0 0 1 
1807261650239;1.02135;0.926124;25;0.957467 0.211463 0.196317 0.132332 -0.176199 0.967279 -0.182554 -0.278088 -0.228497 0.140199 0.963397 0.0413712 0 0 0 1 
1807261650240;0.859825;0.370906;21;0.996187 -0.0860881 0.0141587 -0.619052 0.0861251 0.996282 -0.00202085 -0.208206 -0.0139321 0.00323256 0.999898 0.738688 0 0 0 1 
1807261650241;0.991567;1.22266;46;0.996242 -0.0353055 0.0790945 -0.422711 0.00938439 0.951778 0.306645 -0.886432 -0.0861066 -0.30475 0.948532 -0.617261 0 0 0 1 
1807261650242;0.558163;0.574446;15;0.982124 0.00932922 -0.188001 -0.0125461 0.00866474 0.995472 0.0946633 -0.165369 0.188033 -0.0946001 0.977596 -0.77955 0 0 0 1 
1807261650243;0.371812;0.558671;23;0.98919 0.10288 0.104496 0.0354072 -0.1381 0.893211 0.427905 -0.5143 -0.0493141 -0.43771 0.897763 -1.12761 0 0 0 1 
1807261650244;0.711238;0.415146;22;0.980427 -0.196527 -0.0118376 -0.834864 0.192478 0.969403 -0.152346 -0.847802 0.0414156 0.147086 0.988256 -0.189134 0 0 0 1 
1807261650245;0.732714;0.444345;20;0.990349 -0.0530426 -0.128046 -0.361768 0.0252164 0.977407 -0.209856 0.0363158 0.136284 0.204602 0.969311 0.0841487 0 0 0 1 
1807261650246;1.2033;1.2448;30;0.986975 0.0601554 0.149202 -0.316019 -0.0703285 0.995477 0.0638677 -0.669033 -0.144685 -0.073529 0.986742 0.9513 0 0 0 1 
1807261650248;0.419559;0.908904;26;0.998292 -0.0563122 0.015585 -1.14233 0.0565549 0.998278 -0.0155954 -0.599443 -0.0146799 0.0164502 0.999757 0.0745748 0 0 0 1 
1807261650249;0.496114;0.94884;32;0.992913 0.112087 -0.0395092 -0.863679 -0.11593 0.986654 -0.114346 -0.587807 0.0261653 0.118116 0.992655 0.692295 0 0 0 1 
1807261650250;0.34812;0.949126;30;0.996782 0.0368946 -0.0711619 -0.755989 -0.0469484 0.988283 -0.145232 -0.254736 0.0649698 0.148106 0.986835 0.809682 0 0 0 1 
1807261650251;0.451728;0.978694;33;0.940691 0.328393 -0.0851983 0.0356973 -0.335842 0.93694 -0.0967126 -0.250099 0.048066 0.11959 0.991659 0.685067 0 0 0 1 
1807261650252;0.33029;0.892024;27;0.903221 -0.244052 -0.353031 -1.9912 0.163673 0.956288 -0.242331 -0.283626 0.396741 0.161097 0.903684 0.827226 0 0 0 1 
1807261650253;0.249687;1.07374;33;0.995594 -0.0733594 0.0584 -1.68753 0.0746385 0.99701 -0.0200278 -0.122518 -0.0567561 0.0242984 0.998092 -0.193867 0 0 0 1 
1807261650254;0.24129;0.978986;32;0.988181 0.146296 0.0457864 -0.762697 -0.135456 0.973171 -0.185986 -0.0760331 -0.0717669 0.177586 0.981485 0.790137 0 0 0 1 
1807261650255;0.565737;0.955054;30;0.959033 0.11034 0.260922 -0.852415 0.00151656 0.919019 -0.394211 -0.609481 -0.28329 0.378458 0.881202 2.08869 0 0 0 1 
1807261650256;0.73595;0.944668;28;0.895735 0.179498 0.406743 -0.640933 -0.236063 0.967278 0.0929961 0.0102222 -0.376741 -0.179317 0.908797 -1.39367 0 0 0 1 
