#;prob_registration_l1 -r /home/probabilistic_point_clouds_registration/build/tester /home/point_clouds_registration_benchmark//devel/registration_pairs/pioneer_slam3_local.txt /home/point_clouds_registration_benchmark//tum/pioneer_slam3 -s 0.1 -t 0.1 -p 0.3 -r 1000 -m 10 -n 10 -i 100 
id;initial_error;final_error;transformation
39885980090000;0.518509;0.135414;16;0.994127 0.0443256 -0.0987293 0.0159883 -0.0310833 0.990784 0.131839 0.0426376 0.103663 -0.127996 0.986342 -0.423175 0 0 0 1 
39885980090001;1.1366;0.627385;26;0.997768 0.043739 -0.0504527 0.152783 -0.0415891 0.998213 0.0429029 -0.249091 0.0522391 -0.0407089 0.997805 0.291578 0 0 0 1 
39885980090002;0.639436;0.528157;14;0.999557 0.0264454 0.0136341 0.0444749 -0.0231215 0.978812 -0.20345 0.0815363 -0.0187255 0.203045 0.97899 -0.119575 0 0 0 1 
39885980090003;0.346141;0.167221;14;0.954997 -0.0375551 -0.29423 0.0802443 -0.0513079 0.956084 -0.288566 0.148079 0.292146 0.290676 0.91113 -0.831649 0 0 0 1 
39885980090004;1.0895;0.666839;25;0.968716 -0.0821428 -0.234185 0.103482 0.0286695 0.974357 -0.223173 0.222495 0.246512 0.209477 0.94623 -1.12577 0 0 0 1 
39885980090005;0.90722;0.631567;14;0.998112 0.0575085 -0.021585 -0.010817 -0.0589593 0.995513 -0.0740118 0.317816 0.0172319 0.0751447 0.997024 -0.449793 0 0 0 1 
39885980090006;0.367469;0.11472;15;0.978259 -0.00376482 -0.207353 0.0278354 -0.0431241 0.974288 -0.221142 0.170741 0.202854 0.225276 0.952943 -0.979838 0 0 0 1 
39885980090007;0.500039;0.291786;14;0.997921 -0.0624634 0.0158974 0.0176168 0.0642184 0.942449 -0.328124 -0.163098 0.00551323 0.328463 0.944501 -0.346006 0 0 0 1 
39885980090008;1.30544;0.789392;15;0.985449 0.00271646 -0.169947 0.109942 -0.0144837 0.997578 -0.0680391 0.238693 0.16935 0.0695105 0.983102 -1.07194 0 0 0 1 
39885980090009;1.07285;0.969917;14;0.999236 0.0238407 -0.0309807 -0.149904 -0.0239213 0.999711 -0.00223258 0.109833 0.0309186 0.00297197 0.999517 -0.0323726 0 0 0 1 
39885980090010;0.993349;0.807203;14;0.999399 0.0335634 -0.00871255 0.00529467 -0.034033 0.997561 -0.0609385 0.0862796 0.006646 0.0611984 0.998103 0.303412 0 0 0 1 
39885980090011;1.19076;0.799963;17;0.996362 -0.0417284 0.074304 -0.152386 0.059014 0.966871 -0.248349 0.00713152 -0.0614792 0.251831 0.965817 -0.609408 0 0 0 1 
39885980090012;1.08018;0.474866;29;0.986968 0.12936 -0.0957042 0.118904 -0.1403 0.983035 -0.118141 0.00825329 0.0787978 0.130029 0.988374 -0.971174 0 0 0 1 
39885980090013;0.734434;0.277164;15;0.999256 0.0125572 -0.0364532 -0.0488483 -0.0207324 0.972151 -0.233436 0.0225223 0.0325067 0.234018 0.971689 0.115333 0 0 0 1 
39885980090014;1.32795;0.875703;16;0.927993 0.0744885 -0.365076 0.246243 0.00155549 0.97903 0.203711 0.0866442 0.372594 -0.18961 0.908417 -1.13726 0 0 0 1 
39885980090015;0.724355;0.0508816;16;0.999809 0.00394153 0.0191443 -0.00695083 -0.00389838 0.99999 -0.00229057 0.037586 -0.0191531 0.0022155 0.999814 -0.512952 0 0 0 1 
39885980090016;0.348273;0.0120661;16;0.980668 0.0164303 -0.194988 0.0689055 0.0259153 0.976786 0.212645 -0.0300559 0.193955 -0.213587 0.957477 -0.383143 0 0 0 1 
39885980090017;0.847163;0.393855;28;0.995744 -0.0733885 -0.055756 0.279776 0.0601685 0.975864 -0.209928 0.0910481 0.0698165 0.20568 0.976126 -0.850863 0 0 0 1 
39885980090018;0.98085;0.505998;15;0.987669 0.0110159 -0.156166 -0.10473 -0.0369519 0.98574 -0.164168 0.19654 0.152131 0.167914 0.973992 -0.0191222 0 0 0 1 
39885980090019;1.01873;0.122135;34;0.9864 0.157649 0.0464915 -0.52598 -0.159713 0.986154 0.0446272 0.178786 -0.0388123 -0.0514456 0.997921 0.774928 0 0 0 1 
39885980090020;0.349842;0.151843;24;0.973274 0.145444 0.177716 -0.176183 -0.114359 0.978056 -0.174151 0.365226 -0.199145 0.149174 0.96855 0.359903 0 0 0 1 
39885980090021;0.142777;0.0113645;15;0.977409 -0.00651181 -0.211258 0.074418 -0.0131601 0.995711 -0.0915787 0.0383381 0.210948 0.09229 0.973131 -0.552316 0 0 0 1 
39885980090022;0.343863;0.132236;15;0.990046 0.056306 0.12899 -0.020604 -0.0506076 0.99761 -0.0470393 0.142952 -0.13133 0.0400432 0.99053 0.448325 0 0 0 1 
39885980090023;0.973502;0.81481;16;0.950768 0.0239183 -0.30898 0.183585 0.0363907 0.981503 0.187957 -0.0934494 0.307761 -0.189947 0.932311 -0.546849 0 0 0 1 
39885980090024;1.13358;0.088039;20;0.997916 0.0585332 0.0271631 -0.125307 -0.0570638 0.997013 -0.0520396 0.0220909 -0.030128 0.0503811 0.998276 -0.851129 0 0 0 1 
39885980090025;0.64818;0.386381;16;0.998479 -0.0515043 -0.0196646 -0.00944039 0.0501137 0.996584 -0.065645 -0.232292 0.0229785 0.0645597 0.997649 0.112845 0 0 0 1 
39885980090026;1.25567;0.224455;14;0.990075 -0.0841498 0.112565 0.180296 0.0665226 0.986126 0.152089 -0.186675 -0.123802 -0.143092 0.981936 1.41801 0 0 0 1 
39885980090027;0.709211;0.19649;14;0.99798 0.0521566 0.0362696 -0.0939815 -0.0519701 0.99863 -0.00606616 0.322216 -0.0365363 0.00416897 0.999324 0.502784 0 0 0 1 
39885980090028;1.02062;0.543692;15;0.99905 0.0428906 0.00766276 0.0188955 -0.0428834 0.999079 -0.00109462 0.237542 -0.00770265 0.000764974 0.99997 0.565803 0 0 0 1 
39885980090029;0.737875;0.23825;27;0.976588 0.197632 -0.0849507 -0.139558 -0.178908 0.965468 0.189378 0.33616 0.119444 -0.169746 0.978223 0.405903 0 0 0 1 
39885980090031;0.500388;0.409926;18;0.958512 0.0569569 -0.279304 0.644046 -0.0396859 0.996956 0.0671102 0.576727 0.282276 -0.0532415 0.957855 -1.45968 0 0 0 1 
39885980090032;0.490152;0.713391;22;0.90904 -0.404051 -0.101921 0.296979 0.402618 0.914692 -0.0351902 -0.809664 0.107445 -0.00904598 0.99417 -0.330291 0 0 0 1 
39885980090033;0.259006;0.529208;21;0.937254 -0.269104 -0.221671 0.40372 0.267778 0.962785 -0.0366004 -0.295974 0.223271 -0.0250548 0.974434 -0.712454 0 0 0 1 
39885980090034;0.13399;0.518822;19;0.994431 -0.0771526 -0.0717988 0.408847 0.0681739 0.990424 -0.120052 0.209751 0.0803736 0.114489 0.990168 -0.145223 0 0 0 1 
39885980090035;0.310003;0.44052;34;0.985959 -0.165868 -0.0193066 0.205644 0.154336 0.949292 -0.273906 -0.0295115 0.0637597 0.26708 0.961563 0.302676 0 0 0 1 
39885980090036;0.791909;0.425401;23;0.887606 -0.0414884 -0.458731 1.6857 0.0974762 0.990297 0.0990441 -0.0766581 0.450171 -0.132628 0.883038 -1.89819 0 0 0 1 
39885980090037;0.326129;0.534964;16;0.999633 0.0224184 -0.0152068 0.24662 -0.0236909 0.995711 -0.0894337 0.440379 0.0131366 0.0897612 0.995877 0.311326 0 0 0 1 
39885980090038;0.582863;0.629641;15;0.999565 0.0270837 -0.0116432 0.107846 -0.0280364 0.995416 -0.0914425 0.138264 0.00911327 0.0917292 0.995742 -0.0205666 0 0 0 1 
39885980090039;0.172583;0.394446;18;0.996858 -0.0713514 -0.0343886 0.106413 0.067968 0.993515 -0.0911444 0.199656 0.0406689 0.0885208 0.995244 0.153567 0 0 0 1 
39885980090040;0.259945;0.368396;18;0.998742 -0.00847386 0.0494235 0.406535 0.00132728 0.98974 0.142874 0.537106 -0.0501271 -0.142628 0.988506 -0.128502 0 0 0 1 
39885980090041;0.477445;0.676669;21;0.981992 -0.173533 0.0746834 0.337774 0.176371 0.983764 -0.0331949 -0.427635 -0.0677104 0.045769 0.996655 -0.0143882 0 0 0 1 
39885980090042;0.418217;0.532263;46;0.987264 -0.157807 0.0201828 -0.0167356 0.157974 0.987419 -0.00697735 0.335962 -0.0188278 0.0100768 0.999772 0.321067 0 0 0 1 
39885980090043;0.341309;0.488551;21;0.969786 -0.200162 -0.139464 0.288598 0.224739 0.955407 0.191543 -0.498757 0.094905 -0.217099 0.971525 -0.697792 0 0 0 1 
39885980090044;0.352045;0.474781;20;0.928223 -0.193158 0.31795 0.202617 0.144973 0.974891 0.169025 -0.127657 -0.342615 -0.110799 0.932919 0.546463 0 0 0 1 
39885980090045;0.207777;0.467557;21;0.962894 -0.214972 0.163163 0.121367 0.222575 0.974465 -0.0296252 -0.280328 -0.152628 0.0648419 0.986154 0.540494 0 0 0 1 
39885980090046;0.379302;0.430147;20;0.94404 -0.0329413 0.328182 0.321277 0.111243 0.968499 -0.222787 0.0481826 -0.310505 0.246828 0.917967 1.0532 0 0 0 1 
39885980090047;0.227046;0.403978;19;0.979425 -0.00334029 0.201779 0.4566 -0.000203335 0.999846 0.0175386 0.312556 -0.201807 -0.0172188 0.979274 0.239918 0 0 0 1 
39885980090048;0.266999;0.396032;19;0.992835 0.0173045 0.118233 0.572469 0.0147003 0.964254 -0.264571 0.30328 -0.118585 0.264413 0.957091 1.05158 0 0 0 1 
39885980090049;0.523967;0.383502;19;0.958752 -0.0407122 0.281313 0.704104 -0.0155485 0.980696 0.19492 0.272979 -0.283818 -0.191254 0.939611 1.04036 0 0 0 1 
39885980090050;0.207409;0.496513;18;0.994715 -0.0948031 -0.0394355 0.348944 0.0921543 0.993667 -0.0642937 -0.08068 0.045281 0.0603197 0.997152 0.00687949 0 0 0 1 
39885980090051;0.499446;0.383195;20;0.996016 0.033044 0.0828298 0.772971 -0.0141362 0.975575 -0.21921 0.653095 -0.0880503 0.217165 0.972156 0.0691004 0 0 0 1 
39885980090052;0.316512;0.389803;19;0.994844 0.0313184 0.0964622 0.231306 -0.00944649 0.975606 -0.219326 0.590978 -0.100978 0.217284 0.970871 0.367333 0 0 0 1 
39885980090053;0.450592;0.42492;20;0.990507 -0.135332 0.0240958 0.170732 0.137181 0.984367 -0.110464 0.175289 -0.00876974 0.112721 0.993588 -0.391277 0 0 0 1 
39885980090054;0.48513;0.581799;20;0.961787 -0.264794 -0.0696451 0.212708 0.273129 0.910081 0.311694 -0.520145 -0.019152 -0.318805 0.947627 -0.626886 0 0 0 1 
39885980090055;0.127893;0.470402;20;0.978776 -0.200037 -0.0445332 0.324973 0.193126 0.973037 -0.126103 -0.151057 0.0685576 0.114826 0.991017 0.100717 0 0 0 1 
39885980090056;0.526201;0.693439;21;0.963245 -0.268586 -0.00446168 0.591444 0.267862 0.959132 0.0911899 -0.156255 -0.020213 -0.0890333 0.995824 0.493114 0 0 0 1 
39885980090057;0.593626;0.404871;23;0.964238 -0.0346308 -0.262766 1.06532 0.109955 0.954351 0.277711 -0.044075 0.241154 -0.296672 0.92403 -0.74738 0 0 0 1 
39885980090058;0.12749;0.431671;20;0.984434 -0.0176638 -0.174864 0.47869 0.0011935 0.995586 -0.0938495 0.389768 0.17575 0.09218 0.98011 -0.283743 0 0 0 1 
39885980090059;0.597495;0.437139;17;0.930398 -0.109588 -0.349787 0.271767 0.0124605 0.963167 -0.268616 0.147361 0.36634 0.245561 0.897493 0.251531 0 0 0 1 
39885980090060;0.466612;0.438125;21;0.941924 -0.335136 0.0215017 0.0461226 0.328388 0.905774 -0.267835 -0.485072 0.0702856 0.259341 0.963225 0.765094 0 0 0 1 
39885980090062;0.722072;0.614791;14;0.987932 -0.0156791 -0.15409 -0.0337305 0.021136 0.999204 0.0338397 -0.0550083 0.153436 -0.0366882 0.987477 -0.298712 0 0 0 1 
39885980090063;0.21414;0.0671814;16;0.998077 0.0362751 0.0502704 -0.0422391 -0.0136366 0.919528 -0.392788 0.148626 -0.0604734 0.391347 0.918254 -0.324602 0 0 0 1 
39885980090064;0.937509;0.471281;17;0.999406 -0.0098137 0.0330389 -0.18517 0.0157828 0.982502 -0.185584 -0.122491 -0.0306395 0.185995 0.982073 -0.673089 0 0 0 1 
39885980090065;0.614008;0.3358;17;0.942568 0.11111 0.314993 -0.197692 -0.0171624 0.957915 -0.286537 0.229275 -0.333574 0.264675 0.904807 0.461778 0 0 0 1 
39885980090066;0.857809;0.156527;22;0.998696 -0.0200834 0.0469374 0.0920112 0.0244098 0.99532 -0.0934982 -0.472818 -0.04484 0.094522 0.994512 0.604866 0 0 0 1 
39885980090067;0.711929;0.669766;14;0.993411 -0.00299671 -0.114571 0.0474033 -0.012479 0.990887 -0.134119 0.0470635 0.113929 0.134665 0.98432 -0.590447 0 0 0 1 
39885980090068;0.589386;0.162678;14;0.999774 -0.0211717 -0.00215867 0.0384111 0.0211829 0.999762 0.00527404 -0.063633 0.0020465 -0.00531858 0.999984 0.473166 0 0 0 1 
39885980090069;0.410197;0.196084;14;0.998925 -0.00695087 -0.0458266 0.0647359 0.00772468 0.99983 0.0167301 -0.034777 0.0457025 -0.0170661 0.998809 -0.359624 0 0 0 1 
39885980090070;0.483885;0.133744;16;0.938308 0.0493475 0.342261 -0.0759313 -0.0627395 0.997633 0.0281608 0.0850862 -0.340061 -0.0478968 0.939183 1.11386 0 0 0 1 
39885980090071;0.64931;0.610286;14;0.975858 -0.0506133 -0.21246 0.0765648 -0.023913 0.942169 -0.334284 0.121787 0.217093 0.331294 0.918213 -0.842631 0 0 0 1 
39885980090072;0.398606;0.36085;14;0.999202 -0.0144214 0.0372487 0.000814925 0.00598874 0.976095 0.217262 -0.0194783 -0.0394915 -0.216865 0.975402 0.380664 0 0 0 1 
39885980090073;0.928997;0.581487;24;0.953388 0.105949 -0.282535 0.0808566 -0.0986311 0.994318 0.0400429 0.488816 0.285172 -0.0103097 0.958421 -0.438151 0 0 0 1 
39885980090074;0.42064;0.256285;16;0.914051 0.00854046 0.40551 0.136261 0.0255617 0.996578 -0.078607 -0.0708274 -0.404794 0.0822163 0.910704 1.03574 0 0 0 1 
39885980090075;0.428471;0.203067;15;0.944818 0.0693928 0.320161 -0.0473239 -0.126152 0.979008 0.16009 0.390494 -0.302331 -0.191644 0.933739 1.18094 0 0 0 1 
39885980090076;0.878954;0.656048;14;0.992697 -0.0333191 0.115939 0.119589 0.0333311 0.999443 0.00183543 -0.133466 -0.115935 0.00204234 0.993255 0.714123 0 0 0 1 
39885980090077;0.395145;0.207716;39;0.962322 0.268144 -0.045118 -0.358253 -0.271713 0.941912 -0.197419 0.715208 -0.0104397 0.20224 0.97928 -0.197067 0 0 0 1 
39885980090078;1.1758;0.0836151;18;0.999293 -0.0279213 0.0251776 -0.0967555 0.0291512 0.99833 -0.0498835 -0.0604088 -0.0237428 0.0505822 0.998438 -0.968498 0 0 0 1 
39885980090079;1.02505;0.761479;14;0.963087 -0.0111688 -0.268959 -0.0806809 -0.0596778 0.965418 -0.253784 0.146176 0.262493 0.260467 0.929115 -0.51072 0 0 0 1 
39885980090080;0.475546;0.0551524;15;0.998948 -0.0457989 -0.00246669 0.086585 0.0457512 0.998812 -0.016796 -0.157376 0.003233 0.0166655 0.999856 -0.406057 0 0 0 1 
39885980090081;0.321616;0.0974649;16;0.945715 0.00974899 0.324851 0.127301 -0.000600268 0.999601 -0.0282511 0.0181887 -0.324997 0.0265225 0.945343 0.946327 0 0 0 1 
39885980090082;1.0641;0.407088;18;0.973185 0.0348739 0.227365 -0.318654 -0.0431263 0.998575 0.0314282 0.0347412 -0.225945 -0.0403909 0.973302 -0.0360668 0 0 0 1 
39885980090083;0.893927;0.173068;16;0.950222 -0.0128508 0.31131 -0.14837 -0.0944339 0.940274 0.327059 -0.0404399 -0.296919 -0.340176 0.892255 0.773435 0 0 0 1 
39885980090084;0.543877;0.483662;27;0.99511 0.0316544 -0.0935619 0.0550085 -0.045891 0.986978 -0.15417 -0.381996 0.0874634 0.15771 0.983605 -0.329479 0 0 0 1 
39885980090085;0.738131;0.739457;16;0.885373 -0.00284333 0.464873 0.119162 -0.026824 0.998003 0.0571917 -0.153458 -0.464107 -0.0631057 0.883528 0.975276 0 0 0 1 
39885980090086;0.60161;0.0555169;15;0.999177 0.0397499 0.00808566 -0.048009 -0.0400567 0.998307 0.0421815 0.0952771 -0.00639525 -0.0424707 0.999077 0.584483 0 0 0 1 
39885980090087;0.217577;0.142459;14;0.999579 0.0102396 -0.0271504 -0.0308578 -0.00954897 0.999631 0.0254471 -0.0760402 0.027401 -0.0251772 0.999307 -0.107762 0 0 0 1 
39885980090088;0.201974;0.126303;15;0.999182 -0.00400275 0.0402373 0.00170879 0.0129178 0.974542 -0.223833 0.0397245 -0.038317 0.224169 0.973797 -0.235701 0 0 0 1 
39885980090089;0.645809;0.278424;17;0.913424 0.0527159 -0.403581 0.231568 -0.0133895 0.994932 0.099654 -0.106834 0.406789 -0.0856226 0.909501 -1.32943 0 0 0 1 
39885980090090;0.450371;0.419809;18;0.963468 0.0411645 0.26464 -0.107655 -0.0562382 0.997183 0.049634 -0.0353645 -0.261852 -0.0627037 0.963069 0.933401 0 0 0 1 
39885980090091;0.498519;0.156699;23;0.995943 0.0504855 -0.0744913 0.0125184 -0.0425837 0.993655 0.104096 -0.0212225 0.0792741 -0.100502 0.991774 0.308639 0 0 0 1 
39885980090093;0.227552;0.214886;26;0.980075 0.0135925 0.198161 -0.19046 -0.0235553 0.998569 0.0480058 0.22944 -0.197225 -0.051717 0.978993 0.471592 0 0 0 1 
39885980090094;0.336698;0.266048;21;0.977238 -0.162435 0.136459 0.56756 0.168148 0.985263 -0.0313579 0.0120504 -0.129354 0.0535895 0.990149 -0.163119 0 0 0 1 
39885980090095;0.148785;0.170092;28;0.986871 -0.00337161 -0.161476 -0.0479588 -0.00716786 0.997883 -0.0646425 0.178896 0.161352 0.0649513 0.984757 -0.206111 0 0 0 1 
39885980090096;0.662123;0.408129;23;0.974074 0.10953 -0.197947 -0.192036 -0.0495442 0.957023 0.285749 0.111377 0.220738 -0.268534 0.937638 0.19506 0 0 0 1 
39885980090097;0.657715;0.437468;35;0.966843 0.0499107 0.250446 -0.337256 -0.0691129 0.995257 0.0684671 -0.376245 -0.245841 -0.083506 0.965706 0.327311 0 0 0 1 
39885980090098;0.630821;0.254335;27;0.999857 0.0165911 -0.00337669 -0.277667 -0.016809 0.948768 -0.315526 -0.0427616 -0.00203124 0.315537 0.948911 -0.299974 0 0 0 1 
39885980090099;0.628543;0.329974;32;0.941713 -0.177752 0.285625 0.604439 0.18604 0.98254 -0.00191879 0.68299 -0.280297 0.0549446 0.95834 0.514995 0 0 0 1 
39885980090100;0.425699;0.332541;29;0.950617 0.267619 0.157183 -1.28932 -0.239671 0.954755 -0.176068 0.792915 -0.197191 0.129701 0.971748 -0.548358 0 0 0 1 
39885980090101;0.696606;0.468418;17;0.999685 -0.00388054 -0.0247995 -0.037604 0.00879047 0.979536 0.201076 -0.111656 0.0235117 -0.20123 0.979262 1.11975 0 0 0 1 
39885980090102;0.122477;0.0910307;13;0.999428 0.0332043 0.0064426 -0.237525 -0.0332671 0.999397 0.00990296 0.157747 -0.0061099 -0.0101116 0.99993 0.103333 0 0 0 1 
39885980090103;0.717527;0.134966;36;0.901679 0.38428 0.198251 -2.13247 -0.368088 0.922722 -0.114435 0.464106 -0.226906 0.0302102 0.973448 0.253045 0 0 0 1 
39885980090104;0.685443;0.503456;31;0.978444 0.205945 0.0153 -1.00255 -0.206427 0.977484 0.0437288 -0.418309 -0.00594982 -0.0459445 0.998926 -0.0372141 0 0 0 1 
39885980090105;0.47354;0.385783;26;0.980946 0.192408 0.026896 -0.973508 -0.19301 0.980952 0.0219123 -0.122477 -0.0221676 -0.026686 0.999398 0.150199 0 0 0 1 
39885980090106;0.459683;0.209993;20;0.953648 0.167121 -0.250251 -0.608049 -0.140487 0.982676 0.12088 0.329949 0.266118 -0.0801201 0.960605 -0.442766 0 0 0 1 
39885980090107;0.891834;0.734897;23;0.968099 -0.238516 0.0767754 0.715327 0.238926 0.97103 0.00392703 -0.121451 -0.0754878 0.0145419 0.997041 0.043424 0 0 0 1 
39885980090108;0.424446;0.196829;32;0.89272 -0.185909 0.410475 0.430401 0.143337 0.980769 0.132467 0.135326 -0.427208 -0.0594201 0.902199 0.479338 0 0 0 1 
39885980090109;0.495711;0.240926;26;0.955715 0.294295 -1.70127e-05 -1.39456 -0.293989 0.954721 0.0455988 0.829013 0.0134358 -0.0435744 0.99896 0.371713 0 0 0 1 
39885980090110;0.968235;0.560535;39;0.879205 0.409405 0.243693 -1.79888 -0.453613 0.875727 0.165338 1.18728 -0.145718 -0.255908 0.955655 1.9786 0 0 0 1 
39885980090111;0.425117;0.149854;20;0.998541 0.0499833 0.0204446 -0.368257 -0.0505426 0.998334 0.0278211 0.256551 -0.0190199 -0.0288139 0.999404 0.654822 0 0 0 1 
39885980090112;0.465914;0.436059;36;0.898497 0.435224 -0.0572971 -1.96037 -0.434596 0.863514 -0.255872 1.10993 -0.0618848 0.254801 0.965011 -0.894916 0 0 0 1 
39885980090113;0.34947;0.141803;24;0.993206 0.111237 0.0341919 -0.618178 -0.11607 0.925709 0.359986 0.55719 0.00839189 -0.361509 0.932331 1.5253 0 0 0 1 
39885980090114;0.0961654;0.103987;17;0.996445 0.0653561 -0.0531524 -0.35564 -0.0649827 0.997848 0.00872542 0.157091 0.0536083 -0.00524042 0.998548 -0.130035 0 0 0 1 
39885980090115;0.726185;0.337651;31;0.981906 -0.112734 -0.152156 0.138141 0.105931 0.993006 -0.0521273 0.278406 0.156968 0.0350661 0.986981 0.691506 0 0 0 1 
39885980090116;0.788969;0.515096;42;0.957605 -0.286749 -0.0277186 0.979801 0.283571 0.955192 -0.0848293 0.500121 0.0508013 0.0733728 0.99601 0.505518 0 0 0 1 
39885980090117;0.478045;0.208184;17;0.995401 0.0516126 0.0807002 -0.319897 -0.0529203 0.998499 0.0141485 0.232045 -0.0798488 -0.0183541 0.996638 0.71998 0 0 0 1 
39885980090118;0.326438;0.316997;22;0.99293 -0.117274 0.0183676 0.365116 0.116942 0.992972 0.0182145 0.204087 -0.0203746 -0.0159378 0.999665 0.267196 0 0 0 1 
39885980090119;0.735474;0.325059;21;0.978951 -0.124118 0.162019 0.419625 0.131164 0.990794 -0.0335025 0.0110702 -0.156369 0.0540483 0.986219 0.763212 0 0 0 1 
39885980090120;0.723848;0.120174;28;0.992884 0.00201644 0.119071 -0.247643 0.00881102 0.995872 -0.0903366 0.677379 -0.118761 0.0907429 0.988768 0.526344 0 0 0 1 
39885980090121;0.394688;0.314127;22;0.998241 0.0561156 -0.0191532 -0.312429 -0.0582513 0.988428 -0.140061 -0.084539 0.0110719 0.14093 0.989958 -0.216941 0 0 0 1 
39885980090122;0.722168;0.332211;24;0.980434 0.19254 0.0409506 -0.971376 -0.191429 0.981062 -0.0295431 0.416601 -0.0458633 0.0211259 0.998724 0.878586 0 0 0 1 
39885980090124;0.340489;0.0125437;24;0.995012 0.0996286 0.00492973 0.281727 -0.0996204 0.995024 -0.00187701 -0.665289 -0.0050922 0.00137654 0.999986 -0.366893 0 0 0 1 
39885980090125;0.370091;0.0144292;39;0.910927 0.0199092 0.412088 -0.402485 -0.0548947 0.995803 0.0732354 -0.253454 -0.4089 -0.0893335 0.908196 -0.988009 0 0 0 1 
39885980090126;0.34208;0.0185718;36;0.888237 0.238528 0.392607 0.536077 -0.25389 0.967143 -0.0131864 -0.524512 -0.382852 -0.0879662 0.919612 -0.633875 0 0 0 1 
39885980090127;0.0863411;0.0296368;19;0.995657 -0.0146529 -0.0919331 -0.0284659 0.020081 0.998091 0.0583999 4.72196e-05 0.0909019 -0.0599924 0.994051 -0.0183592 0 0 0 1 
39885980090128;0.358883;0.0214175;36;0.972884 0.163034 0.164061 0.648662 -0.170367 0.984875 0.0315651 0.000228391 -0.156434 -0.0586598 0.985945 0.191471 0 0 0 1 
39885980090129;0.382249;0.0418542;48;0.936526 0.350563 0.00505671 1.36716 -0.35057 0.936537 0.00052969 -0.805919 -0.00455011 -0.0022688 0.999987 -0.0323844 0 0 0 1 
39885980090130;0.323168;0.0341541;35;0.975368 0.172237 -0.137811 0.859512 -0.188602 0.97517 -0.116069 -0.0791603 0.114398 0.139202 0.983634 0.341851 0 0 0 1 
39885980090131;0.505537;0.0292184;43;0.994994 -0.0996278 -0.00776334 -0.805865 0.098998 0.993322 -0.0592509 -0.624715 0.0136145 0.0581858 0.998213 -0.208091 0 0 0 1 
39885980090132;0.44134;0.0243864;49;0.999112 0.0237249 -0.0348251 -0.601745 -0.0272 0.994313 -0.102969 0.0961622 0.0321841 0.103825 0.994075 0.802179 0 0 0 1 
39885980090133;0.275576;0.0293408;30;0.999156 -0.0407168 -0.00536693 -0.597843 0.0407247 0.999169 0.00137283 -0.0981947 0.00530658 -0.00159024 0.999985 -0.146491 0 0 0 1 
39885980090134;0.264805;0.0301022;34;0.984164 -0.126042 0.124641 -0.442615 0.153426 0.957861 -0.242823 0.0732006 -0.0887828 0.258101 0.96203 0.975424 0 0 0 1 
39885980090135;0.321182;0.0183928;44;0.982621 0.183139 0.0302681 0.221492 -0.177751 0.97534 -0.130829 -0.20934 -0.0534815 0.123175 0.990943 0.692544 0 0 0 1 
39885980090136;0.536598;0.0160046;33;0.991613 0.0635625 -0.11253 -0.192582 -0.077909 0.988701 -0.128066 0.0961601 0.103118 0.135759 0.985361 1.49887 0 0 0 1 
39885980090137;0.239766;0.0209655;20;0.999118 0.0288712 0.0304764 -0.0664566 -0.0304815 0.998088 0.0537656 0.051662 -0.0288658 -0.0546471 0.998088 -0.642573 0 0 0 1 
39885980090138;0.366462;0.0423964;34;0.942575 -0.317494 -0.103678 -1.18342 0.30948 0.946978 -0.0863367 0.250024 0.125592 0.0492925 0.990857 0.108213 0 0 0 1 
39885980090139;0.522118;0.0202132;49;0.989777 0.13626 0.042118 -0.249972 -0.138881 0.988021 0.0672732 -0.679965 -0.0324468 -0.0724348 0.996845 0.170133 0 0 0 1 
39885980090140;0.328612;0.0182738;22;0.976917 -0.0265472 -0.211965 -0.116732 0.0100898 0.996875 -0.0783492 0.0170286 0.213383 0.074402 0.974131 1.08329 0 0 0 1 
39885980090141;0.0802768;0.0107209;22;0.998927 -0.0116694 0.0448184 -0.150863 0.00959841 0.998888 0.046148 -0.0526297 -0.0453071 -0.0456683 0.997929 -0.144516 0 0 0 1 
39885980090142;0.374391;0.0358051;40;0.939037 0.247838 -0.238299 1.09989 -0.174424 0.940686 0.291009 -0.620897 0.296288 -0.231703 0.926567 -0.619919 0 0 0 1 
39885980090143;0.228673;0.0437804;38;0.986434 0.155748 -0.0518727 0.625596 -0.155968 0.987762 -0.00019219 -0.136408 0.051208 0.00828005 0.998654 -0.146338 0 0 0 1 
39885980090144;0.446317;0.0267874;46;0.923054 0.384487 0.0118938 1.42118 -0.384664 0.922777 0.0227275 -0.887097 -0.00223686 -0.0255538 0.999671 0.239033 0 0 0 1 
39885980090145;0.0431272;0.0178904;16;0.999712 0.00619373 0.0231639 -0.0392284 -0.00697804 0.9994 0.0339332 -0.0144398 -0.0229399 -0.0340851 0.999156 -0.160355 0 0 0 1 
39885980090146;0.329175;0.0372555;21;0.994036 -0.101279 -0.0404285 -0.243536 0.0999943 0.994453 -0.032621 0.415483 0.043508 0.0283838 0.99865 0.636584 0 0 0 1 
39885980090147;0.155218;0.0159449;24;0.998709 0.046011 0.0215333 0.0104653 -0.047217 0.997121 0.0593262 -0.112023 -0.0187417 -0.0602663 0.998006 0.0051756 0 0 0 1 
39885980090148;0.427209;0.020517;33;0.988473 0.129785 0.0779598 0.256073 -0.107797 0.964888 -0.23952 -0.431956 -0.106309 0.228356 0.967756 1.47036 0 0 0 1 
39885980090149;0.211483;0.0190632;32;0.985532 -0.109722 0.129183 -0.602403 0.109274 0.993955 0.0105732 0.160852 -0.129562 0.00369602 0.991564 0.0894552 0 0 0 1 
39885980090150;0.560906;0.0339885;46;0.923983 0.20203 -0.324715 1.17007 -0.232122 0.971054 -0.0563392 0.315394 0.303934 0.12743 0.944132 0.343177 0 0 0 1 
39885980090151;0.283425;0.02533;31;0.950534 0.279695 0.135114 0.90509 -0.233331 0.930064 -0.283793 -0.453615 -0.205039 0.238228 0.949319 0.637942 0 0 0 1 
39885980090152;0.461176;0.0419549;42;0.911225 -0.392015 0.12646 -1.68279 0.385417 0.919768 0.0740254 0.19597 -0.145333 -0.018714 0.989206 -0.40313 0 0 0 1 
39885980090153;0.364593;0.0260563;25;0.991294 0.119995 0.0541998 0.101813 -0.123499 0.990098 0.0667401 -0.60068 -0.0456546 -0.0728527 0.996297 -0.716078 0 0 0 1 
39885980090155;0.220386;0.876623;25;0.997339 -0.0718794 0.0121405 -0.34121 0.0719658 0.997384 -0.00684166 0.495298 -0.011617 0.00769716 0.999903 0.0591225 0 0 0 1 
39885980090156;0.547565;1.03312;30;0.954245 -0.125722 0.271312 -0.080196 0.0825579 0.982822 0.165059 0.438868 -0.287403 -0.135107 0.948233 1.36936 0 0 0 1 
39885980090157;0.178395;1.04549;28;0.994959 0.0998564 0.00925102 -0.248764 -0.0997729 0.994969 -0.0090856 1.2332 -0.0101117 0.0081168 0.999916 -0.103681 0 0 0 1 
39885980090158;0.913519;1.1268;24;0.908837 0.0370575 0.415503 0.468331 -0.0876192 0.990785 0.103286 1.25914 -0.407847 -0.130276 0.903709 2.0383 0 0 0 1 
39885980090159;0.31181;0.935095;32;0.984983 0.142364 -0.0976769 -0.398828 -0.171023 0.882042 -0.439036 1.61171 0.0236523 0.449148 0.893144 -0.24405 0 0 0 1 
39885980090160;0.529179;1.13831;32;0.99581 0.0894687 -0.0189186 -0.376255 -0.089128 0.995855 0.0181441 1.40953 0.0204635 -0.0163819 0.999656 0.449204 0 0 0 1 
39885980090161;0.588623;1.14117;31;0.976483 -0.127254 0.174034 -0.3705 0.100659 0.98294 0.15394 0.704866 -0.190654 -0.132801 0.972633 1.20082 0 0 0 1 
39885980090162;0.825722;1.23611;29;0.977931 -0.206333 -0.0328134 -0.176128 0.206083 0.978474 -0.0108707 0.516951 0.03435 0.00386851 0.999402 -0.826461 0 0 0 1 
39885980090163;0.504725;0.393843;21;0.999909 0.0134857 8.10783e-05 -0.0958547 -0.0134826 0.999512 0.0281824 0.649659 0.000299019 -0.0281809 0.999603 0.0540061 0 0 0 1 
39885980090164;0.244441;1.06006;30;0.990617 0.114428 -0.0747311 -0.286326 -0.104218 0.986207 0.128586 1.33198 0.0884142 -0.119591 0.988879 -0.479798 0 0 0 1 
39885980090165;0.707584;0.522651;22;0.998124 0.0585501 0.0179265 -0.538435 -0.0584273 0.998265 -0.00729977 0.810455 -0.0183228 0.00623867 0.999813 -0.612122 0 0 0 1 
39885980090166;0.507941;1.11366;32;0.974959 0.17433 0.138075 -0.294464 -0.158526 0.980246 -0.118267 1.9083 -0.155965 0.0934173 0.983335 0.751083 0 0 0 1 
39885980090167;0.79424;0.997845;30;0.979721 -0.19211 -0.0569301 -0.257206 0.187365 0.97907 -0.0794715 0.472491 0.0710059 0.0671931 0.99521 0.466308 0 0 0 1 
39885980090168;0.994365;0.841436;27;0.995872 0.085557 -0.0303114 0.324442 -0.0877569 0.992862 -0.0807708 1.45968 0.0231845 0.0830974 0.996272 0.636853 0 0 0 1 
39885980090169;0.602224;1.04724;34;0.948566 0.262147 -0.177489 -0.25301 -0.277547 0.958308 -0.067915 2.48412 0.152286 0.113683 0.981777 -0.755369 0 0 0 1 
39885980090170;0.878287;1.15087;27;0.974261 -0.129685 -0.184381 -0.361191 0.167189 0.964346 0.205144 0.386601 0.151203 -0.23069 0.961207 0.429919 0 0 0 1 
39885980090171;0.174618;1.21819;37;0.974102 0.195489 -0.113616 -0.212546 -0.193281 0.980677 0.0302508 1.91446 0.117334 -0.00750772 0.993064 -0.47467 0 0 0 1 
39885980090172;0.809772;1.26754;33;0.986464 0.163943 -0.00349783 -0.620589 -0.163907 0.986436 0.00890375 2.01904 0.00491009 -0.00820991 0.999954 0.715671 0 0 0 1 
39885980090173;0.12527;1.23921;41;0.99861 0.0300986 -0.0432678 -0.451714 -0.0347875 0.993093 -0.112057 1.36502 0.0395962 0.113406 0.992759 -0.191067 0 0 0 1 
39885980090174;1.08358;1.11929;30;0.952487 0.108964 0.28442 -0.299224 -0.122792 0.991942 0.0311924 1.68259 -0.278729 -0.0646348 0.958192 1.84237 0 0 0 1 
39885980090175;0.382051;0.531041;18;0.999012 0.0433902 0.0096167 -0.474929 -0.043378 0.999058 -0.00147861 0.460409 -0.0096718 0.00105999 0.999953 0.435469 0 0 0 1 
39885980090176;1.01834;1.45812;35;0.945661 -0.121481 0.301609 -0.535548 0.13138 0.991251 -0.0126737 0.463642 -0.297431 0.0516104 0.953347 1.43314 0 0 0 1 
39885980090177;0.304463;0.63988;20;0.998753 -0.00206902 0.0498852 -0.291711 0.00149121 0.999931 0.0116172 0.468952 -0.0499058 -0.0115283 0.998687 -0.0600505 0 0 0 1 
39885980090178;0.543046;1.14166;30;0.992835 0.0644011 0.100658 -0.722052 -0.0588106 0.996609 -0.0575562 1.16007 -0.104023 0.051224 0.993255 0.719404 0 0 0 1 
39885980090179;0.361753;0.702951;19;0.987868 0.0609696 -0.142826 -0.403971 -0.0675611 0.996841 -0.0417605 0.831118 0.139829 0.0509033 0.988866 -0.127011 0 0 0 1 
39885980090180;0.25283;1.07983;39;0.996172 -0.0777082 -0.0400259 -0.515191 0.0789843 0.996383 0.0313529 0.718059 0.0374447 -0.0343943 0.998707 0.0836719 0 0 0 1 
39885980090181;0.881259;1.10555;20;0.981086 -0.0136726 -0.193089 0.0578751 0.0347171 0.993757 0.106029 0.374614 0.190434 -0.110727 0.975435 -0.0459159 0 0 0 1 
39885980090182;0.669254;0.890663;30;0.99658 0.0819008 0.0109614 -0.257306 -0.0821536 0.996305 0.0250485 0.782356 -0.00886943 -0.0258633 0.999626 -0.535987 0 0 0 1 
39885980090183;0.198594;0.679164;23;0.968222 0.0442779 0.246142 -0.273043 -0.0509145 0.998489 0.0206609 0.759145 -0.244856 -0.0325365 0.969013 0.884585 0 0 0 1 
39885980090184;0.838159;0.397849;27;0.991676 0.121749 -0.0419009 -0.09319 -0.128602 0.920556 -0.368833 1.27343 -0.00633286 0.371151 0.928551 -0.778496 0 0 0 1 
39885980090186;1.03403;0.525203;26;0.989793 0.138317 0.0343268 0.0865969 -0.137363 0.990103 -0.028771 -0.352019 -0.0379666 0.0237622 0.998996 -0.597612 0 0 0 1 
39885980090187;0.391456;0.464684;20;0.998173 -0.0381664 0.0468321 -0.128086 0.0338944 0.995468 0.0888486 -0.597572 -0.0500109 -0.087099 0.994944 -0.109494 0 0 0 1 
39885980090188;0.19321;0.391151;16;0.995028 -0.0391323 -0.0915868 -0.0677437 0.0303727 0.994999 -0.095155 -0.406538 0.0948524 0.0919001 0.99124 -0.532941 0 0 0 1 
39885980090189;0.694654;0.305857;22;0.965107 -0.162408 0.205405 0.0942647 0.147544 0.985325 0.0858223 -0.674687 -0.216329 -0.0525214 0.974907 1.20743 0 0 0 1 
39885980090190;0.710931;0.296608;16;0.997765 -0.045165 -0.0492514 -0.106657 0.0557537 0.968935 0.24095 -0.281603 0.0368389 -0.243158 0.969287 0.731593 0 0 0 1 
39885980090191;0.303973;0.471894;22;0.998559 0.0467278 0.0263963 -0.317113 -0.0469264 0.998874 0.00695467 -0.16085 -0.0260416 -0.00818333 0.999627 -0.0968154 0 0 0 1 
39885980090192;0.937341;0.434606;24;0.999771 -0.00449666 0.0209232 -0.0736007 0.00437833 0.999974 0.00569747 -0.784657 -0.0209483 -0.00560455 0.999765 0.801191 0 0 0 1 
39885980090193;0.0973903;0.37621;17;0.999869 -0.00425737 0.0156011 -0.164305 0.00409792 0.999939 0.0102383 -0.250778 -0.0156438 -0.010173 0.999826 0.0842104 0 0 0 1 
39885980090194;0.330993;0.296863;20;0.998888 -0.0405809 0.0239926 -0.127436 0.0415372 0.998303 -0.0408018 -0.553126 -0.0222962 0.041753 0.998879 0.133113 0 0 0 1 
39885980090195;0.913121;0.233554;17;0.999098 0.0413012 -0.00990033 -0.149314 -0.0418541 0.99705 -0.0643425 0.250622 0.0072137 0.0646988 0.997879 -0.900942 0 0 0 1 
39885980090196;0.843835;0.441789;21;0.994412 0.0748584 0.0744389 -0.190611 -0.0775489 0.996411 0.0339323 -0.0573677 -0.0716317 -0.0395153 0.996648 -0.503636 0 0 0 1 
39885980090197;0.709255;0.357503;20;0.999607 0.00110387 0.0280274 -0.230354 -0.00528019 0.988766 0.149377 -0.400137 -0.0275477 -0.149466 0.988383 -0.424746 0 0 0 1 
39885980090198;1.04503;0.624779;15;0.998876 -0.00490858 -0.0471354 -0.129495 -0.000219929 0.99413 -0.108187 -0.0865951 0.0473898 0.108076 0.993012 0.638396 0 0 0 1 
39885980090199;0.0833687;0.290643;18;0.998975 -0.00777564 0.0445959 -0.120846 0.00735752 0.999927 0.00953221 -0.296754 -0.0446668 -0.00919433 0.99896 0.125253 0 0 0 1 
39885980090200;1.06244;0.638252;15;0.999317 0.0336804 -0.0152141 -0.130924 -0.0339358 0.999282 -0.0168538 0.123942 0.0146356 0.0173585 0.999742 0.768275 0 0 0 1 
39885980090201;0.454509;0.345849;24;0.970596 -0.113337 -0.212363 -0.0424624 0.103732 0.993035 -0.0558704 -0.328273 0.217216 0.0321987 0.975592 -0.449697 0 0 0 1 
39885980090202;0.602175;0.529672;20;0.923566 0.0705353 -0.376897 -0.313974 -0.0408136 0.995434 0.0862815 -0.0743016 0.381262 -0.0643042 0.922228 -0.90488 0 0 0 1 
39885980090203;0.367742;0.386576;15;0.911031 0.00334294 0.412324 0.0486088 -0.0728664 0.985535 0.153008 0.12678 -0.405848 -0.16944 0.898097 1.5629 0 0 0 1 
39885980090204;1.06319;0.366324;22;0.972818 0.0884937 0.213994 -0.0287334 -0.0678494 0.99247 -0.101976 -0.0910647 -0.221407 0.0846849 0.971498 1.61261 0 0 0 1 
39885980090205;0.675409;0.405695;28;0.99827 0.0586604 0.00402169 -0.593325 -0.058253 0.995991 -0.0678795 -0.470042 -0.00798741 0.0675278 0.997685 -0.271991 0 0 0 1 
39885980090206;0.947378;0.455366;26;0.99622 0.0318384 0.0808219 -0.301794 -0.0388245 0.995504 0.0863927 -0.52076 -0.077708 -0.089204 0.992977 1.16101 0 0 0 1 
39885980090207;0.975527;0.347959;15;0.998116 -0.0435938 -0.0431669 -0.140896 0.0444544 0.998827 0.0191815 -0.123306 0.0422801 -0.0210644 0.998884 -0.963466 0 0 0 1 
39885980090208;0.357335;0.475886;23;0.963583 0.136654 0.229854 -0.268924 -0.117133 0.988408 -0.0965913 0.120534 -0.240389 0.0661503 0.96842 0.496765 0 0 0 1 
39885980090209;0.567849;0.42388;28;0.990849 0.1344 0.0124084 -0.646033 -0.134563 0.990815 0.0133594 -0.0886215 -0.010499 -0.0149069 0.999834 0.172441 0 0 0 1 
39885980090210;0.29383;0.473725;18;0.976432 -0.00479807 0.215774 -0.0128747 -0.0138193 0.996311 0.0846904 -0.351632 -0.215384 -0.0856762 0.972764 1.00134 0 0 0 1 
39885980090211;0.573799;0.326364;28;0.994287 0.101414 0.0333048 -0.657739 -0.0795846 0.912237 -0.401859 0.17787 -0.0711361 0.396913 0.915096 0.0285886 0 0 0 1 
39885980090212;0.324919;0.442029;22;0.992355 0.117432 -0.0379752 -0.250927 -0.113469 0.989127 0.0935585 0.0214795 0.048549 -0.0885342 0.994889 0.183225 0 0 0 1 
39885980090213;0.920265;0.33986;20;0.991692 -0.0654264 -0.110751 0.0349283 0.0735708 0.994751 0.0711199 -0.773668 0.105517 -0.0786771 0.9913 0.511345 0 0 0 1 
39885980090214;0.527822;0.650585;26;0.982307 0.178838 0.055584 -0.316329 -0.179871 0.983589 0.014116 0.305177 -0.0521473 -0.0238642 0.998354 0.506244 0 0 0 1 
39885980090215;0.58213;0.531234;24;0.97143 -0.221827 0.0843595 0.0257697 0.224461 0.974211 -0.0230249 -1.03609 -0.0770764 0.0413025 0.996169 0.235776 0 0 0 1 
39885980090217;1.03417;1.71333;35;0.937391 0.346026 -0.0395451 0.398978 -0.347769 0.936105 -0.0525716 1.66438 0.0188273 0.0630327 0.997834 -0.583525 0 0 0 1 
39885980090218;0.202378;1.12481;27;0.967112 0.251899 -0.0352256 0.205343 -0.251641 0.96775 0.0116549 1.48025 0.0370254 -0.00240742 0.999311 -0.207155 0 0 0 1 
39885980090219;0.470141;1.56491;35;0.989401 0.096846 0.108201 0.169006 -0.102731 0.993442 0.0501952 1.30859 -0.10263 -0.0607787 0.992861 0.38308 0 0 0 1 
39885980090220;1.3181;0.460261;40;0.979531 -0.0700586 -0.188709 -0.130789 0.0537045 0.994454 -0.0904289 0.844162 0.193998 0.0784434 0.977861 -0.420764 0 0 0 1 
39885980090221;1.15923;1.07391;16;0.940452 0.030846 0.338524 -0.240771 0.0295575 0.984682 -0.171837 0.19174 -0.338639 0.17161 0.925134 0.723842 0 0 0 1 
39885980090222;0.407338;1.1427;28;0.9562 0.188522 0.223924 0.154245 -0.207068 0.976345 0.0622358 1.37842 -0.206894 -0.105877 0.972618 0.862162 0 0 0 1 
39885980090223;0.517255;1.37609;47;0.918575 0.336235 0.207766 0.0892961 -0.347017 0.93771 0.0167027 2.0547 -0.189209 -0.0874411 0.978036 0.787296 0 0 0 1 
39885980090224;1.08029;0.917746;21;0.985795 -0.121592 0.115858 -0.104917 0.109266 0.988194 0.107396 -0.335263 -0.127548 -0.0932112 0.987443 0.538737 0 0 0 1 
39885980090225;0.715361;0.61476;32;0.996122 -0.019924 -0.0856957 0.0775252 -0.00293415 0.965956 -0.258688 0.45286 0.0879324 0.257936 0.962152 0.141577 0 0 0 1 
39885980090226;0.549209;0.460685;14;0.955654 -0.0271738 0.293237 0.0429152 -0.0039401 0.994465 0.104996 0.0259425 -0.294467 -0.101495 0.950257 1.00243 0 0 0 1 
39885980090227;1.15995;1.62542;40;0.844215 0.535975 0.00571297 1.26481 -0.535616 0.843147 0.0471148 2.61027 0.0204355 -0.0428349 0.998873 -0.509906 0 0 0 1 
39885980090228;0.215505;0.47185;22;0.994421 -0.0879807 0.0581893 0.0700781 0.0885326 0.996049 -0.00697182 0.0737252 -0.057346 0.0120846 0.998281 0.000415557 0 0 0 1 
39885980090229;0.121617;1.01951;26;0.982145 0.188122 0.00114262 0.18416 -0.187944 0.980913 0.0498652 1.22814 0.00825991 -0.0491896 0.998755 -0.0554571 0 0 0 1 
39885980090230;1.03093;1.63755;29;0.965476 0.260482 -0.00228428 0.404762 -0.260479 0.965478 0.00159365 1.41753 0.00262054 -0.000943624 0.999996 0.496242 0 0 0 1 
39885980090231;0.888653;0.720889;14;0.993526 0.00428225 0.113525 -0.0514347 -0.0183227 0.992247 0.122925 0.208431 -0.112118 -0.124209 0.985901 0.513408 0 0 0 1 
39885980090232;0.59802;1.62976;36;0.933427 0.23457 -0.271462 0.642687 -0.305852 0.915793 -0.26034 1.81949 0.187535 0.326035 0.92657 -0.439437 0 0 0 1 
39885980090233;0.0427632;0.919124;39;0.998822 -0.0483618 0.0039789 0.00899291 0.0483488 0.998825 0.00329608 0.592755 -0.00413363 -0.00309982 0.999987 -0.00800319 0 0 0 1 
39885980090234;0.404716;0.543875;18;0.984238 0.1377 -0.110969 0.0940554 -0.0822182 0.911833 0.402244 0.620232 0.156574 -0.38678 0.908782 -0.457012 0 0 0 1 
39885980090235;0.881271;1.57772;35;0.957335 0.244708 -0.153711 0.963576 -0.268156 0.950513 -0.1569 1.95919 0.107709 0.191425 0.975579 -0.634362 0 0 0 1 
39885980090236;1.0378;1.46677;36;0.950344 0.311051 -0.00970145 0.299518 -0.311104 0.950365 -0.00457181 1.99916 0.00779786 0.00736295 0.999942 -0.856896 0 0 0 1 
39885980090237;0.452033;0.459192;17;0.976622 0.0850565 -0.197421 0.133737 -0.0226707 0.954022 0.298879 0.356513 0.213765 -0.287416 0.933647 -0.784197 0 0 0 1 
39885980090238;0.922552;0.851522;41;0.942542 0.0904139 -0.32162 0.108622 -0.157115 0.969544 -0.187883 1.58953 0.294838 0.227619 0.928041 -0.379089 0 0 0 1 
39885980090239;0.393854;0.405713;17;0.995578 -0.0249453 -0.0905652 0.054641 -0.000527837 0.962596 -0.27094 0.24155 0.0939364 0.26979 0.958326 -0.273743 0 0 0 1 
39885980090240;0.68439;1.15611;35;0.967471 0.252912 -0.00588576 0.241419 -0.252369 0.963252 -0.0919584 2.04138 -0.017588 0.0904525 0.995745 -0.256303 0 0 0 1 
39885980090241;0.655728;0.677193;38;0.950681 -0.0712697 0.301872 -0.0316215 0.144246 0.963184 -0.226871 0.355593 -0.274589 0.259226 0.925961 0.325235 0 0 0 1 
39885980090242;0.353633;1.04836;44;0.906262 0.0335126 0.421385 0.338267 0.0689397 0.971789 -0.225553 0.697374 -0.417056 0.23346 0.878385 1.17995 0 0 0 1 
39885980090243;1.27115;0.973003;30;0.997297 -0.0649929 0.034259 0.176083 0.0642444 0.99768 0.0225147 0.561642 -0.0356429 -0.0202529 0.999159 0.846783 0 0 0 1 
39885980090244;0.554019;1.40557;32;0.990331 -0.00264584 0.138701 0.221117 -0.0254426 0.979395 0.200345 0.872465 -0.136373 -0.201937 0.969858 0.297472 0 0 0 1 
39885980090245;0.651828;0.50992;25;0.996941 0.0525404 -0.0578593 0.111138 -0.0548272 0.997747 -0.0386694 0.704255 0.0556972 0.0417234 0.997576 0.273685 0 0 0 1 
39885980090246;0.546588;1.7506;46;0.975022 0.208009 -0.0778767 0.554171 -0.198038 0.972917 0.119222 1.65447 0.100567 -0.100821 0.989809 -0.556852 0 0 0 1 
39885980090248;0.37448;0.125762;30;0.937944 -0.291115 0.18845 -0.188207 0.280668 0.95642 0.0805384 0.163413 -0.203683 -0.0226487 0.978775 0.036273 0 0 0 1 
39885980090249;0.482365;0.104684;31;0.960136 -0.275364 -0.0480911 -0.0387687 0.275583 0.961275 -0.00214232 -0.0291162 0.0468187 -0.0111962 0.998841 -0.314851 0 0 0 1 
39885980090250;0.869457;0.0995548;34;0.940779 0.0355753 0.337149 -0.0714678 -0.101398 0.978483 0.179692 -0.674251 -0.323502 -0.203237 0.924144 0.330985 0 0 0 1 
39885980090251;0.521745;0.0950266;33;0.994349 -0.0992759 -0.0376148 0.0426638 0.0989718 0.995041 -0.0098649 -0.26892 0.0384076 0.00608635 0.999244 0.315166 0 0 0 1 
39885980090252;1.01023;0.0944102;22;0.99565 0.090448 0.022366 0.30314 -0.0931636 0.96317 0.252236 -0.14046 0.00127197 -0.253223 0.967407 -0.945555 0 0 0 1 
39885980090253;0.430197;0.0777762;31;0.975273 0.156904 -0.155639 0.079911 -0.1156 0.962394 0.245833 0.262617 0.188358 -0.221762 0.956735 -0.0889739 0 0 0 1 
39885980090254;0.437029;0.117141;30;0.991557 -0.116655 0.056626 -0.0261479 0.118838 0.99223 -0.0368434 0.157496 -0.0518881 0.0432617 0.997715 0.383725 0 0 0 1 
