#;prob_registration_l1 -r /home/probabilistic_point_clouds_registration/build/tester /home/point_clouds_registration_benchmark//devel/registration_pairs/planetary_map_local.txt /home/point_clouds_registration_benchmark//planetary/p2at_met -s 0.2 -t 0.2 -p 0.3 -r 1000 -m 10 -n 10 -i 100 
id;initial_error;final_error;transformation
25528382210000;2.8561;1.37314;15;0.999532 -0.0300941 0.00546366 -1.674 0.0300121 0.999444 0.0145247 -0.677285 -0.00589773 -0.0143539 0.99988 1.53358 0 0 0 1 
25528382210001;2.11331;1.38944;16;0.99979 -0.0181999 -0.0093903 -1.07643 0.0195315 0.985262 0.169931 -1.26733 0.00615919 -0.170078 0.985411 -9.26468 0 0 0 1 
25528382210002;1.70145;1.4119;15;0.976279 0.0193919 0.215645 1.6391 0.0359379 0.967652 -0.249716 -2.34129 -0.213511 0.251543 0.944002 13.961 0 0 0 1 
25528382210003;1.37022;0.354903;14;1 -0.000303228 0.000300785 -0.453592 0.000301033 0.999974 0.00727078 0.0532376 -0.000302981 -0.00727069 0.999974 0.721966 0 0 0 1 
25528382210004;1.75339;1.21083;15;0.967015 -0.0506594 0.249632 -2.14908 0.0185656 0.991434 0.12928 -0.226435 -0.254043 -0.120381 0.959672 -5.57765 0 0 0 1 
25528382210005;0.735848;0.454324;15;0.994827 0.0167381 0.10019 1.0989 0.0152777 0.950456 -0.310483 -2.97447 -0.100423 0.310408 0.945284 16.5487 0 0 0 1 
25528382210006;1.57164;0.549033;15;0.997193 -0.0228877 -0.071291 -1.31121 0.0219258 0.999658 -0.0142464 -0.214705 0.0715927 0.0126433 0.997354 -1.38235 0 0 0 1 
25528382210007;1.73822;1.28138;14;0.999978 -0.00375285 -0.00541796 0.224853 0.00346518 0.998633 -0.0521617 -0.499923 0.00560631 0.0521418 0.998624 2.11378 0 0 0 1 
25528382210008;0.906109;0.859319;14;0.99481 0.0268554 0.0981392 1.74221 -0.0273163 0.999621 0.00335549 0.191254 -0.0980119 -0.00601888 0.995167 0.252104 0 0 0 1 
25528382210009;0.490985;0.221574;15;0.970975 0.0530918 -0.233216 2.48354 -0.0288062 0.993913 0.106333 0.248904 0.237441 -0.0965288 0.966594 -6.42038 0 0 0 1 
25528382210010;2.17163;1.23573;16;0.990562 -0.0411478 -0.130744 -1.96465 -0.0197826 0.900969 -0.433432 -4.71 0.135632 0.431927 0.891652 18.4623 0 0 0 1 
25528382210011;2.42393;1.45595;15;0.99963 0.0248763 -0.0110197 1.12145 -0.0230517 0.989504 0.142654 0.256387 0.0144527 -0.142347 0.989711 -8.76478 0 0 0 1 
25528382210012;1.04957;0.3876;15;0.997334 -0.0294035 -0.066782 -1.43637 0.0255366 0.997988 -0.0580375 -0.983837 0.0683541 0.0561774 0.996078 2.97762 0 0 0 1 
25528382210013;1.47687;1.14397;14;0.999909 -0.0133401 0.00221783 -0.552094 0.0133217 0.999878 0.00812403 -0.0421575 -0.00232593 -0.00809374 0.999965 0.245889 0 0 0 1 
25528382210014;2.77484;2.21244;16;0.983066 -0.00974652 0.182995 0.14628 -0.0563041 0.934219 0.352228 -2.6742 -0.17439 -0.356567 0.91785 -15.8176 0 0 0 1 
25528382210015;1.8346;1.7389;15;0.996654 0.0132501 0.0806578 0.814856 -0.00751562 0.997449 -0.0709895 -0.141719 -0.0813927 0.0701458 0.994211 4.72903 0 0 0 1 
25528382210016;0.567147;0.513525;16;0.993762 -0.0100215 -0.111068 -0.66004 0.028311 0.985997 0.164343 -1.12833 0.107865 -0.166463 0.98013 -9.53118 0 0 0 1 
25528382210017;2.04883;1.38608;17;0.951274 0.0326152 -0.306617 1.16255 0.0362556 0.975661 0.216265 -1.37239 0.306208 -0.216844 0.926939 -11.6971 0 0 0 1 
25528382210018;2.95759;1.45031;14;0.999254 0.0366527 -0.0121415 1.14858 -0.0291343 0.9221 0.385854 -2.45648 0.0253383 -0.385212 0.92248 -17.5509 0 0 0 1 
25528382210019;2.21355;1.83409;14;0.995587 0.0219803 0.0912289 1.4409 -0.0212834 0.999736 -0.00860553 0.355371 -0.091394 0.00662589 0.995793 0.072245 0 0 0 1 
25528382210020;0.308749;0.399936;16;0.981345 -0.0502464 0.185572 -2.44609 0.0937914 0.96771 -0.233967 -2.81757 -0.167824 0.247007 0.95437 13.301 0 0 0 1 
25528382210021;1.80312;1.31553;14;0.999571 0.0288722 -0.00488962 1.59697 -0.0285798 0.998242 0.0519298 0.0563759 0.00638035 -0.0517678 0.998639 -1.79023 0 0 0 1 
25528382210022;2.94324;2.39062;15;0.872782 -0.0385133 -0.486588 -2.06055 0.00523416 0.997563 -0.0695686 0.0812856 0.488081 0.0581714 0.870857 0.0233043 0 0 0 1 
25528382210023;1.21687;0.881646;15;0.888833 -0.0174852 -0.457897 -0.868962 -0.0213838 0.9966 -0.0795645 0.116412 0.457732 0.0805112 0.885437 0.22336 0 0 0 1 
25528382210024;1.44022;1.39737;14;0.998522 -0.0315904 0.0442328 -1.61403 0.033228 0.99877 -0.0367899 -0.661698 -0.0430162 0.0382053 0.998344 1.73899 0 0 0 1 
25528382210025;2.35204;2.0701;13;0.999971 0.0050059 -0.00579873 0.635792 -0.00494912 0.99994 0.00976573 -0.225716 0.00584727 -0.00973674 0.999936 -0.676293 0 0 0 1 
25528382210026;1.69358;0.407904;15;0.997672 0.0105415 0.0673709 0.427062 -0.0115917 0.999817 0.0152154 0.477237 -0.0671982 -0.015961 0.997612 -1.87774 0 0 0 1 
25528382210027;2.42888;1.4842;16;0.997509 -0.0233623 0.066561 -1.45058 0.0245534 0.999552 -0.0171343 -0.446619 -0.0661309 0.0187259 0.997635 3.02868 0 0 0 1 
25528382210028;0.814222;0.251184;15;0.969519 0.0215928 -0.244064 1.32866 -0.0417771 0.996091 -0.0778289 0.226389 0.24143 0.0856529 0.966631 1.85766 0 0 0 1 
25528382210029;0.390701;0.39876;16;0.97289 -0.0637057 -0.222323 -3.41725 -0.00245015 0.958419 -0.285353 -2.60211 0.231257 0.278162 0.93228 12.0243 0 0 0 1 
25528382210031;1.54457;0.798744;15;0.99929 0.0335399 -0.0171615 0.858092 -0.0326542 0.998239 0.0495212 0.0270596 0.0187922 -0.0489257 0.998626 -3.144 0 0 0 1 
25528382210032;0.49374;0.328122;15;0.999659 0.0259732 -0.00272461 0.606384 -0.0254595 0.992463 0.119868 -0.0338701 0.00581744 -0.119758 0.992786 -3.68696 0 0 0 1 
25528382210033;0.496545;0.492163;14;0.998237 0.0140969 0.0576636 0.28733 -0.014852 0.999809 0.0126875 -0.0213787 -0.0574738 -0.0135215 0.998255 -0.419231 0 0 0 1 
25528382210034;1.67751;1.39301;16;0.999565 -0.00219427 -0.0294192 -0.0645083 -0.000932716 0.994381 -0.105858 -0.199262 0.0294862 0.105839 0.993946 1.91819 0 0 0 1 
25528382210035;1.14274;0.491797;14;0.996686 0.0243316 -0.07762 0.759072 -0.0207039 0.998671 0.0472039 0.0105405 0.0786654 -0.0454404 0.995865 -3.27448 0 0 0 1 
25528382210036;0.657758;0.293101;15;0.998529 0.0189037 0.0508111 0.454498 -0.0248473 0.992581 0.119016 0.162607 -0.0481843 -0.120104 0.991591 -2.72718 0 0 0 1 
25528382210037;0.42747;0.349022;15;0.942775 0.030312 -0.332049 1.04455 -0.0102587 0.998025 0.0619803 -0.127405 0.333271 -0.0550271 0.941224 -5.00352 0 0 0 1 
25528382210038;2.16463;1.4893;14;0.994866 -0.0222256 -0.0987327 -0.814978 0.0188626 0.999214 -0.0348654 -0.360769 0.09943 0.0328241 0.994503 1.72618 0 0 0 1 
25528382210039;1.45509;1.23679;15;0.999834 0.00316449 0.0179492 0.0589999 -0.0042887 0.998008 0.0629444 0.0602473 -0.0177143 -0.0630109 0.997856 -1.02302 0 0 0 1 
25528382210040;1.05221;1.06267;15;0.995488 -0.0225789 -0.0921576 -0.619883 0.0180521 0.998603 -0.0496608 -0.234251 0.0931502 0.0477731 0.994505 0.394842 0 0 0 1 
25528382210041;1.71424;0.754388;15;0.909072 -0.0287134 0.415648 0.342072 -0.000551661 0.997539 0.0701176 0.0733494 -0.416638 -0.0639712 0.906819 3.20949 0 0 0 1 
25528382210042;0.574012;0.366198;15;0.988882 0.00118696 0.148696 0.0668139 0.0480421 0.943791 -0.327032 -2.32413 -0.140726 0.33054 0.933241 11.6359 0 0 0 1 
25528382210043;0.513876;0.181351;15;0.999973 -0.00428759 0.00601251 0.096557 0.00294329 0.978125 0.207997 -0.49979 -0.00677279 -0.207973 0.978111 -6.78622 0 0 0 1 
25528382210044;0.355334;0.302437;16;0.914833 -0.00746104 0.403764 0.727021 -0.046664 0.991179 0.124045 0.157949 -0.401128 -0.132322 0.906414 -0.778788 0 0 0 1 
25528382210045;1.15928;1.02729;14;0.999219 0.00896749 -0.0384916 0.0926614 -0.0108101 0.998792 -0.0479319 0.00758502 0.0380153 0.0483105 0.998109 0.846732 0 0 0 1 
25528382210046;2.5411;1.16528;15;0.995357 0.0173476 0.0946771 0.664808 -0.053632 0.916739 0.395869 -2.34932 -0.0799269 -0.399109 0.913413 -13.8082 0 0 0 1 
25528382210047;2.63214;2.35804;14;0.962731 -0.0761608 -0.259514 -2.48999 -0.0183106 0.938977 -0.343493 -2.14438 0.269839 0.335444 0.902588 8.77539 0 0 0 1 
25528382210048;0.0550198;0.171687;13;0.99959 0.0190935 -0.0213451 0.393489 -0.0194303 0.999688 -0.0156836 0.13564 0.021039 0.0160919 0.999649 0.232624 0 0 0 1 
25528382210049;0.624254;0.31957;15;0.99883 0.0254632 0.0411144 0.690268 -0.03363 0.976662 0.212132 -0.177797 -0.0347533 -0.213267 0.976376 -5.83635 0 0 0 1 
25528382210050;1.7141;0.255738;14;0.999559 0.0192937 0.0225559 0.355498 -0.0181278 0.998544 -0.0507988 0.190815 -0.0235031 0.0503676 0.998454 3.57774 0 0 0 1 
25528382210051;0.731618;0.743348;15;0.998784 0.0127865 -0.0476073 0.312534 -0.0084496 0.995887 0.0902083 -0.0280669 0.0485649 -0.0896963 0.994784 -3.1706 0 0 0 1 
25528382210052;0.501673;0.450103;14;0.945844 0.0046529 -0.324588 0.563531 0.0346231 0.992748 0.115122 -0.361506 0.32277 -0.120126 0.938823 -6.43416 0 0 0 1 
25528382210053;0.245766;0.31866;14;0.996477 0.00578289 0.0836691 0.137235 0.00651129 0.989275 -0.145923 -0.527691 -0.0836156 0.145953 0.985752 5.06185 0 0 0 1 
25528382210054;2.27774;1.74792;15;0.998351 -0.0136118 0.0557643 -0.353508 0.0164573 0.998569 -0.0508895 -0.17636 -0.0549918 0.0517233 0.997146 3.46391 0 0 0 1 
25528382210055;0.613367;0.707532;14;0.99671 0.0178938 -0.0790519 0.339139 -0.0157626 0.999497 0.0275021 0.0583741 0.0795043 -0.0261655 0.996491 -1.38398 0 0 0 1 
25528382210056;2.21606;2.06252;15;0.992817 0.0369978 -0.113776 1.24725 -0.0113561 0.975832 0.218227 -0.576223 0.119101 -0.215368 0.969243 -8.43853 0 0 0 1 
25528382210057;2.17431;1.79999;14;0.999907 0.00185787 -0.0135124 -0.278658 -0.00234673 0.99934 -0.0362531 -0.236544 0.0134362 0.0362815 0.999251 1.69759 0 0 0 1 
25528382210058;0.777574;0.358558;15;0.944091 0.0932376 -0.316225 2.82383 0.0317686 0.928985 0.368752 -2.30685 0.32815 -0.358182 0.874084 -13.7651 0 0 0 1 
25528382210059;0.655634;0.361545;14;0.998239 0.0308203 -0.0506927 0.835277 -0.0260183 0.995345 0.0928018 -0.043231 0.0533169 -0.0913194 0.994393 -4.00668 0 0 0 1 
25528382210060;1.3379;0.455285;15;0.945062 -0.0637884 -0.320606 -1.97879 -0.00212969 0.979554 -0.201172 -0.927328 0.326883 0.190803 0.925603 4.29542 0 0 0 1 
25528382210062;1.314;0.900825;14;0.996192 0.0115052 -0.086429 0.531335 -0.00723917 0.998747 0.0495115 0.0352284 0.0868904 -0.0486972 0.995027 -2.07351 0 0 0 1 
25528382210063;2.15505;1.45333;14;0.999974 -0.0070342 -0.00124363 -0.415793 0.00695826 0.998566 -0.0530891 0.0564345 0.00161529 0.053079 0.998589 3.22972 0 0 0 1 
25528382210064;0.553066;0.474619;15;0.984875 0.00109512 0.173265 0.196675 0.0251247 0.988509 -0.149062 -0.731247 -0.171438 0.15116 0.97353 10.0919 0 0 0 1 
25528382210065;1.61508;0.694748;14;0.994512 0.0279888 -0.100809 2.04741 -0.0103875 0.985206 0.171059 -0.922428 0.104106 -0.169073 0.98009 -12.4727 0 0 0 1 
25528382210066;1.78743;0.960905;14;0.999964 0.000919542 0.00844084 0.00898606 -0.0011075 0.999751 0.0222906 -0.0220105 -0.00841824 -0.0222991 0.999716 -0.691459 0 0 0 1 
25528382210067;0.672032;0.568591;14;0.993632 -0.0180301 -0.111225 -2.33391 0.00772514 0.995693 -0.0923939 -0.520847 0.112412 0.0909462 0.989491 11.8886 0 0 0 1 
25528382210068;1.84994;0.75494;14;0.997865 0.00972867 -0.0645889 0.316665 -0.00647547 0.998709 0.0503874 0.100392 0.0649957 -0.0498615 0.996639 -1.57713 0 0 0 1 
25528382210069;2.23987;0.385255;14;0.981089 -0.0278997 -0.191537 -3.16606 -0.0174017 0.972836 -0.23084 -3.17532 0.192775 0.229808 0.953953 24.9072 0 0 0 1 
25528382210070;2.2156;0.81043;14;0.99992 -0.00563974 -0.0113586 -0.948937 0.00568153 0.999977 0.00364965 0.0872771 0.0113378 -0.00371389 0.999929 2.26773 0 0 0 1 
25528382210071;1.44584;1.23331;15;0.999017 -0.0441088 0.00440272 -4.38833 0.0412746 0.889378 -0.455305 -11.0841 0.0161673 0.455039 0.890325 44.6184 0 0 0 1 
25528382210072;1.6175;1.58596;14;0.998166 -0.0427641 -0.0428486 -4.52542 0.0246597 0.933645 -0.35735 -6.99455 0.0552871 0.355638 0.932987 36.8535 0 0 0 1 
25528382210073;2.148;0.366213;14;0.999056 0.0129303 -0.0414735 0.781343 -0.01101 0.998871 0.0462013 -0.014166 0.0420241 -0.0457011 0.998071 -1.07955 0 0 0 1 
25528382210074;1.21241;0.391569;14;0.991411 -0.0070044 0.130592 -0.520157 0.00503958 0.999869 0.01537 0.216577 -0.130682 -0.0145798 0.991317 -6.31348 0 0 0 1 
25528382210075;0.469924;0.155869;14;0.967555 -0.0221203 -0.251688 -3.65618 -0.0190782 0.98692 -0.16008 -2.10385 0.251937 0.159688 0.954478 21.4779 0 0 0 1 
25528382210076;1.94829;1.19379;14;0.999906 0.00448201 -0.0129421 0.105746 -0.00344147 0.996842 0.0793306 0.103474 0.0132568 -0.0792786 0.996764 -5.60712 0 0 0 1 
25528382210077;1.55351;0.723117;15;0.999854 0.0107294 -0.0133074 1.18233 -0.00982571 0.997758 0.0662054 -0.120888 0.0139879 -0.066065 0.997717 -8.097 0 0 0 1 
25528382210078;1.78754;1.44656;14;0.999837 -0.00392895 0.0175976 -0.513976 0.00335811 0.999471 0.0323511 0.224198 -0.0177154 -0.0322867 0.999322 -2.7298 0 0 0 1 
25528382210079;0.52952;0.370326;14;0.966324 -0.0179335 -0.256703 -3.34359 -0.00953734 0.994387 -0.105371 -1.03779 0.257151 0.104271 0.960729 16.3005 0 0 0 1 
25528382210080;0.579865;0.167528;14;0.999943 7.37246e-05 -0.0106795 -0.0835031 -6.95593e-05 1 0.000390406 -0.0147069 0.0106795 -0.000389641 0.999943 0.802781 0 0 0 1 
25528382210081;1.6725;1.67517;14;0.999592 -0.0111866 0.0262988 -1.03499 0.0129783 0.997534 -0.0689792 -0.102522 -0.0254623 0.0692923 0.997271 6.01519 0 0 0 1 
25528382210082;1.80785;0.176354;15;0.960043 -0.0140231 0.279502 -1.20414 -0.0264719 0.989715 0.140582 -1.06307 -0.278598 -0.142364 0.949798 -19.3319 0 0 0 1 
25528382210083;0.928935;0.321884;15;0.981731 -0.0367031 -0.186702 -4.76513 -0.00292091 0.978197 -0.207659 -2.89682 0.190253 0.204411 0.960219 25.8831 0 0 0 1 
25528382210084;1.83208;1.43006;14;0.998768 -0.0169404 -0.0466351 -1.77721 0.0107949 0.991585 -0.129008 -0.771002 0.0484281 0.128346 0.990546 12.3644 0 0 0 1 
25528382210085;0.401662;0.286864;15;0.993961 0.0517609 -0.096759 4.8436 -0.0200971 0.952714 0.303203 -4.2853 0.107878 -0.299427 0.948001 -27.6601 0 0 0 1 
25528382210086;1.45129;1.17309;14;0.996684 0.0030348 -0.08131 -0.134356 -0.00512114 0.999663 -0.0254628 -0.088999 0.0812053 0.0257948 0.996364 5.33646 0 0 0 1 
25528382210087;0.345605;0.140646;15;0.939103 -0.0108921 0.343462 -1.57052 0.0401738 0.996124 -0.0782543 0.362124 -0.341279 0.087287 0.935901 0.0470837 0 0 0 1 
25528382210088;0.167837;0.141965;13;0.999909 -0.00805954 -0.010861 -0.913758 0.00807901 0.999966 0.00175067 0.188869 0.0108465 -0.00183825 0.999939 -0.219874 0 0 0 1 
25528382210089;1.83562;1.79002;14;0.999884 -0.00243952 0.0150561 -0.218737 0.00293481 0.999452 -0.0329625 -0.00477571 -0.0149675 0.0330029 0.999343 2.52968 0 0 0 1 
25528382210090;2.15758;0.158772;14;0.999987 0.0010687 -0.00490174 -0.109673 -0.00120404 0.999616 -0.0276912 -0.227812 0.00487026 0.0276968 0.999605 5.42814 0 0 0 1 
25528382210091;0.893388;0.498704;14;0.999847 -0.0144227 0.00994318 -1.46914 0.0155462 0.992142 -0.124151 -0.808822 -0.00807444 0.124287 0.992213 12.7967 0 0 0 1 
25528382210093;1.89713;0.213728;16;0.978375 0.0441383 -0.202074 -1.1038 -0.0234177 0.994322 0.103806 -0.428654 0.205508 -0.0968287 0.973853 4.36095 0 0 0 1 
25528382210094;0.825331;0.133706;15;0.998162 0.0166356 -0.0582825 -0.190211 0.00346231 0.944376 0.32885 0.473221 0.0605112 -0.328447 0.942582 -2.03428 0 0 0 1 
25528382210095;0.858473;0.741476;21;0.954257 0.108693 0.278532 0.615485 -0.148832 0.980645 0.127219 -2.44057 -0.259313 -0.162854 0.951964 -4.57267 0 0 0 1 
25528382210096;0.8797;0.318183;15;0.954661 0.0651626 0.290475 0.666566 -0.171124 0.918549 0.356349 -2.79266 -0.243595 -0.3899 0.888054 -7.08936 0 0 0 1 
25528382210097;2.1961;1.15701;15;0.998407 0.0115273 0.0552321 0.343099 -0.0129974 0.999569 0.0263305 -0.698707 -0.0549048 -0.0270064 0.998126 -2.32806 0 0 0 1 
25528382210098;1.08082;0.212608;17;0.999579 0.0289617 0.00197835 0.346635 -0.0287665 0.997378 -0.0664023 -1.23737 -0.00389628 0.0663174 0.997791 -0.290076 0 0 0 1 
25528382210099;0.565162;0.303309;16;0.948085 -0.0566443 -0.312932 -2.01698 0.0175985 0.991846 -0.126218 0.132301 0.31753 0.114158 0.941351 5.79369 0 0 0 1 
25528382210100;1.81678;1.74749;15;0.997601 0.0611313 0.0324876 0.780918 -0.0673315 0.965882 0.250078 -0.810271 -0.0160915 -0.251666 0.96768 -1.73611 0 0 0 1 
25528382210101;0.708323;0.433171;15;0.997901 -0.0465592 -0.0450114 -0.616525 0.0442499 0.997717 -0.051008 0.85627 0.0472836 0.0489091 0.997683 1.54556 0 0 0 1 
25528382210102;2.25601;1.51594;16;0.997389 -0.00167979 -0.072199 0.0229289 -0.00589313 0.994502 -0.104548 -0.788491 0.0719777 0.104701 0.991896 0.560718 0 0 0 1 
25528382210103;0.72475;0.449096;15;0.999021 0.0432883 -0.0090754 0.457433 -0.0425841 0.996837 0.0671045 -0.609705 0.0119515 -0.0666523 0.997705 0.435457 0 0 0 1 
25528382210104;2.73972;1.44743;16;0.990101 0.0610864 -0.126365 -0.0888043 -0.0263801 0.965268 0.259927 0.399907 0.137854 -0.25402 0.957324 2.6015 0 0 0 1 
25528382210105;1.37462;0.193682;30;0.985444 0.0528932 0.161562 0.456484 0.0314291 0.877298 -0.478916 -2.09227 -0.167069 0.477023 0.862865 -0.730459 0 0 0 1 
25528382210106;1.98093;0.138011;15;0.995097 -0.0482545 -0.0863338 -0.19224 0.0134407 0.930784 -0.365323 -0.41833 0.0979866 0.362371 0.926869 1.90437 0 0 0 1 
25528382210107;2.7132;2.04401;16;0.999627 0.00849189 0.0259504 0.238479 -0.00965314 0.998942 0.0449563 -0.160076 -0.0255412 -0.04519 0.998652 -2.35069 0 0 0 1 
25528382210108;2.24596;0.878126;22;0.98247 0.0571594 -0.177443 0.159862 -0.0507637 0.997894 0.0403804 -1.79648 0.179378 -0.0306649 0.983302 1.48823 0 0 0 1 
25528382210109;1.35089;0.305048;16;0.99654 0.0293833 0.0777431 0.584871 -0.0218261 0.99511 -0.0963303 -0.557229 -0.0801935 0.0943001 0.992309 -1.84508 0 0 0 1 
25528382210110;1.54595;0.879295;15;0.997308 0.0643166 -0.0352208 0.133369 -0.0387163 0.869752 0.491967 0.32505 0.0622751 -0.489279 0.869901 -2.15304 0 0 0 1 
25528382210111;0.364366;0.241524;15;0.985188 -0.0183495 -0.170492 -0.870808 0.0105614 0.998864 -0.0464758 -0.0185296 0.171151 0.0439868 0.984262 3.24504 0 0 0 1 
25528382210112;2.44837;2.33323;15;0.994758 -0.037667 0.0950696 -0.285046 0.0178387 0.979353 0.201369 1.16066 -0.100692 -0.198618 0.974891 -1.14488 0 0 0 1 
25528382210113;0.357128;0.360051;14;0.997402 0.0690849 0.020429 0.595385 -0.0703351 0.995161 0.0686172 -1.23653 -0.0155898 -0.0698758 0.997434 -0.2875 0 0 0 1 
25528382210114;2.52967;0.764478;17;0.947899 -0.0347239 0.316672 -0.814516 0.135133 0.944007 -0.300982 1.44773 -0.288489 0.328094 0.899516 -4.68557 0 0 0 1 
25528382210115;1.99023;0.253478;16;0.997597 -0.0102131 -0.0685291 -0.622966 0.0104591 0.99994 0.00323249 0.37097 0.068492 -0.00394147 0.997644 3.0968 0 0 0 1 
25528382210116;0.274109;0.258643;15;0.99844 0.00679141 -0.0554251 -0.265874 0.00702452 0.969415 0.245327 0.571439 0.0553961 -0.245333 0.967855 -0.607285 0 0 0 1 
25528382210117;0.456139;0.302329;16;0.970741 0.0701317 0.22966 0.597749 -0.113902 0.976442 0.183269 -1.71187 -0.211397 -0.204065 0.95586 -4.71919 0 0 0 1 
25528382210118;1.00279;0.158881;15;0.998478 0.000525898 0.0551408 -0.03326 -0.00129328 0.999903 0.0138821 -0.0393154 -0.0551282 -0.0139322 0.998382 -1.86267 0 0 0 1 
25528382210119;1.53716;0.824153;17;0.993023 0.0679896 0.0963493 0.223841 -0.0455454 0.974785 -0.21845 -2.03124 -0.108772 0.212538 0.97108 0.266814 0 0 0 1 
25528382210120;1.16367;0.434728;15;0.999767 -0.00582416 0.0207718 0.0679326 0.0055249 0.999881 0.0144351 0.573804 -0.0208534 -0.0143169 0.99968 0.475692 0 0 0 1 
25528382210121;1.92017;1.43664;16;0.998468 0.0124418 0.053921 0.262449 -0.0231237 0.979055 0.202278 0.114676 -0.0502749 -0.203215 0.977843 -3.12736 0 0 0 1 
25528382210122;1.42171;0.476781;15;0.995404 0.0300062 -0.090939 0.183774 -0.032837 0.999017 -0.0297933 -0.490942 0.0899556 0.0326426 0.995411 0.311013 0 0 0 1 
25528382210124;1.41534;0.500501;15;0.999733 0.017545 -0.0150407 1.46417 -0.0167118 0.99841 0.0538395 -0.349273 0.0159614 -0.0535738 0.998436 -5.74953 0 0 0 1 
25528382210125;0.633729;0.316328;14;0.991758 -0.0401711 -0.121661 -3.43572 0.0229276 0.989893 -0.13995 -0.907369 0.126053 0.136007 0.982656 11.9574 0 0 0 1 
25528382210126;0.445145;0.271958;15;0.952302 -0.00179989 -0.305153 -0.988375 0.00843429 0.999756 0.0204243 0.0432781 0.305042 -0.0220238 0.952084 -0.082021 0 0 0 1 
25528382210127;0.670288;0.646759;14;0.998304 -0.0168896 -0.05571 -1.39115 0.0133582 0.997914 -0.0631644 -0.214287 0.0566606 0.0623131 0.996447 5.41195 0 0 0 1 
25528382210128;2.24311;1.70488;15;0.99989 -0.0143678 0.00367204 -0.80308 0.0144391 0.999692 -0.0201937 -0.0117511 -0.00338077 0.0202445 0.999789 -0.357667 0 0 0 1 
25528382210129;1.80511;1.40762;14;0.984954 0.0119378 0.172404 1.16932 -0.0131423 0.999897 0.00584685 0.248342 -0.172316 -0.00802467 0.985009 -0.292759 0 0 0 1 
25528382210130;0.986557;0.181988;14;0.998934 0.0150178 0.0436562 1.13702 -0.0184114 0.996752 0.0784029 -0.0383993 -0.042337 -0.0791231 0.995965 -5.36924 0 0 0 1 
25528382210131;2.11864;1.8821;15;0.983849 -0.110107 -0.141127 -8.76086 0.0369205 0.8963 -0.441908 -8.41857 0.175149 0.42956 0.88589 34.2439 0 0 0 1 
25528382210132;0.163045;0.142799;14;0.999921 0.00366914 -0.0120314 0.235403 -0.00404482 0.9995 -0.031351 -0.144936 0.0119104 0.0313971 0.999436 2.35383 0 0 0 1 
25528382210133;1.8377;0.865664;14;0.999879 -0.00204882 -0.0154004 -0.425588 0.00189395 0.999948 -0.0100644 0.133463 0.0154202 0.010034 0.999831 2.79851 0 0 0 1 
25528382210134;1.18998;0.877673;14;0.999979 -0.00645504 0.00115263 -0.583085 0.00648643 0.999538 -0.0296971 -0.0420221 -0.000960401 0.0297039 0.999558 3.2403 0 0 0 1 
25528382210135;0.879278;0.661604;14;0.999166 0.0167394 0.0372433 1.20488 -0.0182826 0.998972 0.0414894 -0.0509179 -0.0365105 -0.0421357 0.998445 -2.93102 0 0 0 1 
25528382210136;1.20454;0.936623;15;0.938436 0.0291622 0.344219 2.41146 0.0272024 0.987098 -0.157788 -0.910517 -0.34438 0.157438 0.925536 11.1975 0 0 0 1 
25528382210137;0.490225;0.514232;14;0.999859 -0.0118926 0.0118534 -0.834385 0.0126384 0.997807 -0.0649685 -0.216599 -0.0110547 0.0651091 0.997817 4.77162 0 0 0 1 
25528382210138;0.898047;0.902939;14;0.999878 -0.0112739 0.0108567 -0.769258 0.0121461 0.996396 -0.0839441 -0.292863 -0.00987115 0.0840657 0.996411 6.21902 0 0 0 1 
25528382210139;0.258844;0.179517;14;0.998282 -0.0135481 0.0570113 -0.925354 0.0162773 0.99873 -0.0476818 -0.150681 -0.0562929 0.0485279 0.997234 3.55462 0 0 0 1 
25528382210140;1.51354;1.29283;15;0.999621 -0.00616762 0.026815 -0.453751 0.00915261 0.993591 -0.112663 -0.561138 -0.0259483 0.112865 0.993271 7.88178 0 0 0 1 
25528382210141;0.177514;0.182627;14;0.968444 0.015578 0.248745 1.44469 -0.0312717 0.997752 0.059265 -0.228829 -0.247262 -0.0651735 0.966754 -6.68323 0 0 0 1 
25528382210142;1.7221;1.40542;14;0.99094 0.00720103 -0.134116 0.124939 0.011538 0.990306 0.138423 -0.246103 0.133812 -0.138716 0.98125 -9.7045 0 0 0 1 
25528382210143;1.74732;1.56871;14;0.993537 -0.0128355 -0.112778 -1.24563 0.00823087 0.999117 -0.0412005 0.147543 0.113208 0.040006 0.992766 3.83735 0 0 0 1 
25528382210144;0.62636;0.576092;15;0.985196 -0.0165749 -0.17063 -1.49541 0.0165453 0.999862 -0.00159547 0.0879786 0.170633 -0.00125127 0.985334 0.78042 0 0 0 1 
25528382210145;2.23099;1.6284;14;0.982149 0.0214885 0.186872 2.11469 -0.0309055 0.998387 0.047626 -0.212995 -0.185547 -0.0525512 0.981229 -3.5835 0 0 0 1 
25528382210146;0.123351;0.124043;14;0.987667 -0.0059854 0.156454 -0.23699 0.00527758 0.999974 0.00493917 0.0237863 -0.15648 -0.00405256 0.987673 -1.28823 0 0 0 1 
25528382210147;2.1323;0.323692;14;0.999936 -0.00491045 0.0102359 -0.647791 0.00504837 0.999896 -0.0134919 0.102186 -0.0101686 0.0135427 0.999857 3.61041 0 0 0 1 
25528382210148;1.17842;0.494476;15;0.999927 -0.00873326 -0.00839749 -0.728703 0.0083709 0.999072 -0.0422592 -0.0678037 0.00875876 0.0421858 0.999071 4.52315 0 0 0 1 
25528382210149;1.8032;1.66654;14;0.974468 0.0342671 -0.221897 2.2151 0.0217859 0.969191 0.245343 -2.01413 0.223468 -0.243914 0.943699 -18.5607 0 0 0 1 
25528382210150;1.89528;1.75656;14;0.991686 0.00313016 0.128646 0.361563 0.0100476 0.994769 -0.101658 -0.30788 -0.128291 0.102105 0.986466 7.21503 0 0 0 1 
25528382210151;1.38396;0.456244;14;0.999918 0.012618 0.0022581 1.14441 -0.0126106 0.999915 -0.0032623 -0.299215 -0.00229907 0.00323356 0.999992 -1.56079 0 0 0 1 
25528382210152;1.90731;1.81614;14;0.999448 0.00180414 -0.0331664 0.21555 0.00100681 0.996419 0.0845415 -0.321869 0.0332001 -0.0845283 0.995868 -7.50081 0 0 0 1 
25528382210153;0.627318;0.179449;14;0.968438 -0.0667984 -0.240138 -5.91871 0.0265225 0.985568 -0.167191 -1.31615 0.247841 0.155545 0.956233 14.2749 0 0 0 1 
25528382210155;0.972428;0.574912;15;0.996543 -0.0473992 -0.0682325 -3.07242 0.0131043 0.900679 -0.434287 -7.28908 0.0820405 0.431892 0.898187 27.138 0 0 0 1 
25528382210156;1.01473;0.716675;15;0.991952 0.0197962 -0.125055 0.851841 -0.0133995 0.998568 0.0517867 -0.297615 0.125901 -0.0496942 0.990797 -1.71409 0 0 0 1 
25528382210157;0.233342;0.238717;14;0.998408 0.007576 -0.0559002 0.238417 -0.0109076 0.998167 -0.0595362 -0.552597 0.0553467 0.0600511 0.99666 4.70729 0 0 0 1 
25528382210158;0.218897;0.177561;13;0.999881 -0.0116475 -0.0100767 -0.73777 0.0117081 0.999914 0.00597779 0.309747 0.0100062 -0.00609506 0.999931 -0.457356 0 0 0 1 
25528382210159;0.424214;0.203645;14;0.968442 -0.0139292 0.248851 -0.745966 0.0977545 0.939666 -0.327829 -2.36964 -0.229271 0.34181 0.911373 14.5946 0 0 0 1 
25528382210160;0.944861;0.755734;15;0.99912 -0.0150104 -0.0391533 -0.878685 0.00727293 0.981615 -0.190734 -1.82741 0.0412965 0.190282 0.980861 11.824 0 0 0 1 
25528382210161;0.607772;0.409924;14;0.983762 -0.0194348 0.178422 -1.045 0.0401347 0.992767 -0.113152 0.167264 -0.174932 0.118476 0.977426 1.59256 0 0 0 1 
25528382210162;0.465464;0.269465;15;0.99146 0.0124965 0.129813 1.00764 -0.0304645 0.990051 0.137368 -0.760507 -0.126805 -0.14015 0.981977 -12.0076 0 0 0 1 
25528382210163;0.301031;0.158255;14;0.99983 0.0140916 -0.0118838 0.780414 -0.0137124 0.999413 0.031404 0.00481972 0.0123193 -0.0312357 0.999436 -1.14251 0 0 0 1 
25528382210164;0.262538;0.246656;13;0.99994 -0.0109063 0.000464785 -0.67336 0.0109033 0.999922 0.00606099 0.306497 -0.000530852 -0.00605556 0.999982 -0.57638 0 0 0 1 
25528382210165;0.165591;0.153743;14;0.999914 -0.0019694 -0.0129819 -0.22985 0.00323335 0.995174 0.0980727 0.12292 0.0127261 -0.0981063 0.995095 -5.41456 0 0 0 1 
25528382210166;1.12952;0.73527;15;0.972854 0.00191417 -0.231411 -0.814601 0.00735439 0.999205 0.0391832 0.207417 0.231302 -0.0398214 0.972067 0.821609 0 0 0 1 
25528382210167;0.708722;0.193342;14;0.994716 -0.020532 -0.100588 -1.93038 0.014343 0.997981 -0.0618686 -0.121137 0.101656 0.060099 0.993003 7.32188 0 0 0 1 
25528382210168;1.1418;0.243607;15;0.999795 0.00880568 0.0182289 0.34612 -0.00824683 0.9995 -0.0305089 -0.214314 -0.0184884 0.0303523 0.999368 4.14106 0 0 0 1 
25528382210169;0.757933;0.717881;15;0.99502 0.00942873 0.0992246 0.825619 -0.00653317 0.999544 -0.0294665 -0.3618 -0.0994572 0.0286715 0.994629 -0.914821 0 0 0 1 
25528382210170;0.338329;0.08703;15;0.988507 0.00957478 0.150873 0.827419 0.0513725 0.917328 -0.394805 -4.91467 -0.14218 0.398018 0.906293 19.7144 0 0 0 1 
25528382210171;0.814741;0.673774;15;0.994768 0.0272555 -0.0984582 0.976132 -0.0231741 0.998834 0.0423617 -0.368822 0.099498 -0.0398584 0.994239 1.14771 0 0 0 1 
25528382210172;0.85032;0.300561;14;0.991149 0.0585855 -0.119128 2.24922 -0.0138686 0.938141 0.345976 -1.7999 0.132028 -0.341262 0.93065 -14.9891 0 0 0 1 
25528382210173;0.630488;0.53186;14;0.999722 -0.00308643 -0.0233637 -0.199708 0.00478492 0.997321 0.072995 0.200351 0.0230758 -0.0730866 0.997059 -4.66123 0 0 0 1 
25528382210174;0.36066;0.212286;15;0.961373 0.107994 -0.253178 4.2919 -0.00950286 0.93229 0.361586 -2.62031 0.275084 -0.345213 0.897305 -14.4136 0 0 0 1 
25528382210175;0.400793;0.354247;14;0.999737 0.00937743 0.0209242 0.666562 -0.00708862 0.994245 -0.106895 -0.762222 -0.0218062 0.106719 0.99405 5.90051 0 0 0 1 
25528382210176;0.342834;0.193714;15;0.984209 0.00763656 0.176844 0.791835 -0.0381131 0.984777 0.16959 -1.02062 -0.172857 -0.173652 0.969518 -14.7525 0 0 0 1 
25528382210177;0.260067;0.120072;15;0.997237 -0.036162 -0.0648852 -2.35749 0.0173597 0.962769 -0.269767 -2.5986 0.0722248 0.267896 0.960737 17.0551 0 0 0 1 
25528382210178;0.926206;0.214666;15;0.999749 -0.0133872 0.0179724 -0.999748 0.0131963 0.999856 0.0106987 0.444208 -0.018113 -0.0104589 0.999781 1.17661 0 0 0 1 
25528382210179;0.695785;0.259673;14;0.999974 1.31387e-05 -0.00715376 0.205102 -0.00118895 0.986396 -0.164383 -1.12075 0.00705428 0.164387 0.986371 8.01708 0 0 0 1 
25528382210180;0.109455;0.0872975;14;0.999591 0.0169102 0.0230419 1.04718 -0.0184314 0.99755 0.0674891 -0.277145 -0.0218442 -0.0678862 0.997454 -4.5843 0 0 0 1 
25528382210181;0.971587;0.616306;14;0.944568 0.00705275 0.328239 -0.100365 0.0118744 0.998381 -0.0556226 0.270395 -0.3281 0.056437 0.942955 -6.40778 0 0 0 1 
25528382210182;0.540657;0.307155;15;0.998445 0.0113732 0.0545673 0.930841 -0.0106967 0.999862 -0.0126749 -0.389275 -0.054704 0.0120715 0.99843 -1.64628 0 0 0 1 
25528382210183;0.488607;0.351431;14;0.97004 0.0101982 0.242732 0.811142 -0.00826431 0.999925 -0.00898413 -0.0689691 -0.242806 0.00670895 0.970052 -4.70981 0 0 0 1 
25528382210184;0.107925;0.0652215;13;0.999886 0.0104771 -0.010889 0.537746 -0.0103267 0.999852 0.013771 -0.173364 0.0110316 -0.013657 0.999846 -0.351296 0 0 0 1 
25528382210186;2.61464;0.535353;15;0.906367 0.0446029 -0.42013 0.338326 0.0445281 0.978789 0.199976 -0.152584 0.420138 -0.199959 0.885156 -5.46552 0 0 0 1 
25528382210187;2.55948;0.256194;15;0.999943 0.010313 0.00286879 0.679615 -0.0102824 0.999892 -0.0104636 -0.311747 -0.0029764 0.0104335 0.999941 -2.00342 0 0 0 1 
25528382210188;2.1137;0.662753;16;0.993049 -0.0104477 -0.117236 -0.35594 -0.00413586 0.99234 -0.123467 -0.298079 0.117628 0.123094 0.985399 4.39594 0 0 0 1 
25528382210189;3.03095;1.66259;17;0.932288 -0.0209826 0.361107 -0.299663 0.0372282 0.998581 -0.0380902 0.500666 -0.359795 0.0489544 0.931746 -0.716668 0 0 0 1 
25528382210190;2.58604;2.40434;15;0.943633 0.0513761 0.326983 2.32719 0.0152593 0.980078 -0.198028 -1.25774 -0.330642 0.191855 0.924049 4.40368 0 0 0 1 
25528382210191;2.29839;1.29025;15;0.994079 -0.0120525 0.107992 -0.400472 -0.0277426 0.932743 0.359474 -0.999813 -0.105061 -0.360341 0.926885 -13.9694 0 0 0 1 
25528382210192;1.26077;1.00143;15;0.997342 0.0301338 -0.066335 1.16449 -0.0278879 0.999015 0.0345263 -0.404792 0.0673101 -0.0325846 0.9972 -1.36423 0 0 0 1 
25528382210193;1.94741;1.30503;16;0.975079 -0.0357252 0.218962 -1.31452 0.064236 0.990137 -0.124507 0.35561 -0.212354 0.13547 0.967757 0.938427 0 0 0 1 
25528382210194;0.500481;0.336921;15;0.991371 0.0631762 -0.114862 2.04103 -0.0127566 0.918543 0.395115 -2.17046 0.130467 -0.390241 0.911422 -14.2475 0 0 0 1 
25528382210195;0.447325;0.0848476;15;0.993697 0.0100269 0.111647 0.530042 0.0194606 0.965437 -0.25991 -1.69467 -0.110394 0.260445 0.959157 8.85195 0 0 0 1 
25528382210196;0.672791;0.399858;14;0.999431 -0.0335865 -0.00314105 -1.54981 0.0336914 0.998486 0.0434851 0.682932 0.00167578 -0.0435662 0.999049 -1.53926 0 0 0 1 
25528382210197;1.68816;1.54071;14;0.999685 0.0224217 0.0112445 0.814629 -0.0228035 0.999125 0.035061 -0.102203 -0.0104485 -0.0353063 0.999322 -1.51335 0 0 0 1 
25528382210198;0.0806703;0.156582;13;0.999451 -0.0331199 -0.000244725 -1.38842 0.0331129 0.999346 -0.0145485 0.441166 0.000726408 0.0145324 0.999894 0.508754 0 0 0 1 
25528382210199;2.04506;0.655049;16;0.984962 -0.0403855 0.167982 -1.3876 0.0419839 0.9991 -0.00597341 0.628754 -0.16759 0.0129361 0.985772 -3.41672 0 0 0 1 
25528382210200;1.86353;1.24414;15;0.985101 -0.093953 -0.144042 -4.66538 0.0441654 0.947697 -0.316099 -2.20077 0.166207 0.305028 0.937728 14.5334 0 0 0 1 
25528382210201;1.69978;1.51756;16;0.977696 -0.0239599 0.208656 -0.564342 -3.81652e-05 0.993451 0.114256 0.231466 -0.210027 -0.111716 0.971292 -7.94857 0 0 0 1 
25528382210202;3.09717;0.419165;15;0.999513 -0.019173 0.0246031 -1.07125 0.0203455 0.998624 -0.0483259 0.0088321 -0.0236427 0.0488029 0.998529 4.37468 0 0 0 1 
25528382210203;2.66545;0.37181;15;0.999901 0.0133043 -0.00458984 0.303353 -0.0129405 0.997334 0.0718096 0.154443 0.00553298 -0.0717431 0.997408 -0.426906 0 0 0 1 
25528382210204;2.12678;1.81179;13;0.999899 -0.0140678 0.00188893 -0.676561 0.0140548 0.999879 0.00672375 0.628298 -0.00198329 -0.00669653 0.999976 -0.239313 0 0 0 1 
25528382210205;2.17534;0.406685;17;0.970958 0.0235105 -0.238091 0.60669 -0.0151379 0.999203 0.0369334 -0.387271 0.23877 -0.0322566 0.97054 -0.427235 0 0 0 1 
25528382210206;0.615844;0.294887;14;0.999659 0.00378808 0.0258389 0.16528 -0.00172276 0.996834 -0.0794895 -0.379333 -0.0260582 0.0794179 0.996501 3.23397 0 0 0 1 
25528382210207;2.70191;2.427;15;0.998187 -0.0257966 0.0543838 -0.749372 0.0304972 0.995701 -0.0874564 0.032922 -0.051894 0.0889564 0.994683 1.52926 0 0 0 1 
25528382210208;0.254784;0.304224;14;0.99811 0.0384493 -0.0479316 1.42954 -0.0370831 0.998889 0.0290741 -0.585974 0.0489963 -0.0272417 0.998427 -0.525433 0 0 0 1 
25528382210209;0.401221;0.37941;14;0.999858 0.0143173 -0.00894036 0.534718 -0.0139426 0.999076 0.040651 -0.0697704 0.00951411 -0.0405205 0.999133 -1.43836 0 0 0 1 
25528382210210;3.26762;2.82253;15;0.99806 0.0585418 0.0212119 2.44804 -0.0622472 0.929638 0.363179 -2.73777 0.00154173 -0.363794 0.931478 -15.8005 0 0 0 1 
25528382210211;2.11433;0.947727;14;0.998377 0.041466 0.0390329 1.63673 -0.0477091 0.983283 0.17572 -0.568954 -0.031094 -0.177297 0.983666 -5.80861 0 0 0 1 
25528382210212;0.939666;0.371781;15;0.981899 0.0197153 0.188377 1.05528 0.0152171 0.983142 -0.182212 -0.959641 -0.188794 0.18178 0.965046 4.09126 0 0 0 1 
25528382210213;1.20317;1.09428;16;0.99637 -0.00103135 0.0851263 0.134025 -0.00704419 0.995499 0.0945105 0.0902572 -0.0848406 -0.094767 0.991878 -4.63477 0 0 0 1 
25528382210214;2.77469;0.9305;14;0.985148 0.0495718 0.164396 2.33393 -0.0134151 0.976714 -0.214127 -2.02456 -0.171183 0.208741 0.962873 8.26065 0 0 0 1 
25528382210215;2.52413;2.30547;18;0.999661 0.00623212 -0.0252641 0.253521 0.000228307 0.968758 0.248006 -0.675523 0.0260204 -0.247928 0.968429 -10.0963 0 0 0 1 
25528382210217;1.06109;1.03198;15;0.971818 -0.0177926 -0.235061 -1.87527 0.00839266 0.999127 -0.0409294 -0.0959023 0.235584 0.0378031 0.971119 4.17929 0 0 0 1 
25528382210218;0.551084;0.514412;14;0.999872 0.0133091 0.00884318 1.23126 -0.0138353 0.997956 0.0623821 -0.240172 -0.00799485 -0.0624965 0.998013 -5.45556 0 0 0 1 
25528382210219;0.422673;0.393362;15;0.974856 -0.0113309 0.222548 -0.991606 0.00204822 0.99912 0.0418975 0.0511637 -0.222827 -0.0403882 0.974021 -4.49487 0 0 0 1 
25528382210220;1.03905;0.916296;14;0.961636 0.0639423 -0.266774 5.60491 -0.0265467 0.989583 0.141498 -1.07949 0.273043 -0.128987 0.953315 -10.8814 0 0 0 1 
25528382210221;1.31298;0.619276;14;0.99781 -0.0112341 -0.0651888 -1.18251 0.00205654 0.990265 -0.139176 -1.1471 0.0661177 0.138737 0.98812 14.1809 0 0 0 1 
25528382210222;1.56771;1.17214;15;0.986999 0.0387823 -0.155977 3.84316 -0.0210998 0.993318 0.113463 -0.783009 0.159335 -0.108697 0.981222 -10.9379 0 0 0 1 
25528382210223;0.395381;0.298986;14;0.998269 0.00169371 -0.0587833 -0.0141613 0.00135681 0.998656 0.0518156 -0.0328896 0.058792 -0.0518057 0.996925 -4.16993 0 0 0 1 
25528382210224;1.45898;1.10923;14;0.994879 -0.00525338 -0.100938 -0.926196 0.00696766 0.999837 0.0166384 0.0615619 0.100835 -0.0172565 0.994754 -0.068253 0 0 0 1 
25528382210225;0.647882;0.282929;15;0.955821 0.0407418 -0.291113 2.8558 0.00481752 0.988044 0.154096 -0.848499 0.293911 -0.148691 0.944197 -11.6227 0 0 0 1 
25528382210226;0.247807;0.239399;14;0.994276 0.0162786 -0.105599 1.43969 -0.0143052 0.999709 0.0194186 -0.164043 0.105884 -0.0177969 0.994219 -1.2494 0 0 0 1 
25528382210227;1.67052;0.393784;14;0.999846 0.000397021 0.0175602 -0.168728 -0.000407761 1 0.00060806 -0.0479874 -0.0175599 -0.000615127 0.999846 2.12657 0 0 0 1 
25528382210228;0.941077;0.326798;16;0.999845 0.000747288 -0.0175939 0.364096 -0.00185227 0.99802 -0.0628725 -0.151626 0.0175121 0.0628953 0.997866 4.21075 0 0 0 1 
25528382210229;1.84373;1.7679;14;0.999449 -0.0180258 -0.0278712 -1.76559 0.0160806 0.997521 -0.0685055 -0.127194 0.029037 0.0680196 0.997261 6.33291 0 0 0 1 
25528382210230;0.815476;0.692691;14;0.999925 -0.00850221 -0.00877531 -0.908148 0.00844994 0.999946 -0.00597633 0.0576219 0.00882566 0.00590173 0.999944 0.900276 0 0 0 1 
25528382210231;0.945073;0.482081;14;0.999937 0.00459172 -0.010249 0.266975 -0.00469719 0.999936 -0.0102905 -0.0678578 0.0102011 0.0103379 0.999895 2.02061 0 0 0 1 
25528382210232;0.385786;0.318427;14;0.994846 0.00498152 0.101274 0.484041 -0.014104 0.995881 0.089562 -0.352011 -0.100411 -0.0905288 0.990819 -8.96328 0 0 0 1 
25528382210233;0.215723;0.15864;14;0.999489 0.0281398 0.0151349 2.42617 -0.031567 0.942934 0.331481 -5.07547 -0.00494336 -0.331789 0.943341 -29.88 0 0 0 1 
25528382210234;1.80049;1.32049;15;0.999801 -0.0179145 0.00877076 -1.31148 0.0184894 0.997335 -0.0705726 0.0380458 -0.00748312 0.0707207 0.997468 4.24744 0 0 0 1 
25528382210235;1.841;1.91826;15;0.981173 0.00121628 0.193129 0.209791 -0.0401726 0.979394 0.197925 -1.70403 -0.188909 -0.201957 0.961003 -18.3809 0 0 0 1 
25528382210236;0.783834;0.560366;14;0.992377 0.00878797 0.122922 0.918492 -0.0146131 0.998808 0.0465678 -0.176906 -0.122366 -0.0480091 0.991323 -4.12536 0 0 0 1 
25528382210237;0.646121;0.464071;15;0.995843 -0.00686502 -0.0908244 -0.566827 0.00653629 0.999971 -0.00391639 0.0751534 0.0908487 0.00330645 0.995859 -0.0679442 0 0 0 1 
25528382210238;0.978297;0.807326;14;0.994396 -0.0187201 0.104053 -1.75259 0.0309385 0.99264 -0.117082 -0.600262 -0.101096 0.119645 0.987656 10.8833 0 0 0 1 
25528382210239;1.51578;0.123136;14;0.995505 -0.00541972 0.0945585 -0.867987 0.0110937 0.998162 -0.0595828 -0.199059 -0.0940617 0.060364 0.993735 7.08758 0 0 0 1 
25528382210240;0.466545;0.380916;15;0.9999 0.0127192 -0.00622983 1.01471 -0.0112552 0.980616 0.195617 -1.53912 0.00859717 -0.195527 0.980661 -17.4361 0 0 0 1 
25528382210241;1.93577;1.79957;14;0.98924 0.00766216 0.146099 0.836873 -0.0284497 0.989639 0.140732 -0.857864 -0.143507 -0.143374 0.979209 -13.4271 0 0 0 1 
25528382210242;0.86252;0.463552;14;0.996551 -0.02728 0.078375 -2.5382 0.0426241 0.978591 -0.201354 -1.97987 -0.0712041 0.204 0.976378 18.7975 0 0 0 1 
25528382210243;0.905546;0.242004;14;0.970124 -0.00601635 0.242533 -0.412278 -0.0065903 0.99867 0.0511343 -0.0203121 -0.242518 -0.051205 0.968795 -4.55986 0 0 0 1 
25528382210244;0.219604;0.223746;14;0.99984 0.0034132 -0.0175566 0.289937 -0.00374388 0.999816 -0.0188367 -0.0430698 0.0174891 0.0188995 0.999668 1.59922 0 0 0 1 
25528382210245;0.165948;0.111897;14;0.980532 -0.0113364 0.196033 -0.989284 0.00768913 0.999783 0.0193566 0.0684975 -0.19621 -0.0174725 0.980406 -2.7628 0 0 0 1 
25528382210246;1.5805;1.38219;14;0.99856 -0.00395059 0.0534984 -0.491724 0.00293159 0.999813 0.0191123 0.0348729 -0.0535639 -0.018928 0.998385 -0.942691 0 0 0 1 
25528382210248;1.80404;1.50367;17;0.997376 0.00569626 0.0721749 0.454337 0.00565598 0.987723 -0.156113 -0.591669 -0.0721781 0.156112 0.985099 8.13541 0 0 0 1 
25528382210249;2.65063;0.63522;15;0.999352 -0.0104651 0.0344527 -0.346747 0.0101371 0.999902 0.00968032 0.138328 -0.0345506 -0.00932479 0.999359 -3.43891 0 0 0 1 
25528382210250;0.988386;0.204195;16;0.988415 -0.0334325 -0.14805 -2.25919 0.0242631 0.997699 -0.0633136 -0.194624 0.149826 0.0589879 0.986951 3.80034 0 0 0 1 
25528382210251;1.96971;0.466887;15;0.999316 0.00711815 -0.0362843 0.488245 -0.00585408 0.999376 0.0348259 0.699091 0.0365095 -0.0345897 0.998735 -4.09591 0 0 0 1 
25528382210252;1.48555;1.1363;14;0.999557 0.0297603 0.00084705 1.84358 -0.0297589 0.999556 -0.00164966 -0.332978 -0.000895768 0.00162372 0.999998 0.445789 0 0 0 1 
25528382210253;1.51489;0.396847;15;0.999094 0.0207019 0.0371766 1.29409 -0.0191958 0.998998 -0.040422 0.0591481 -0.0379762 0.0396718 0.998491 0.5478 0 0 0 1 
25528382210254;2.5409;1.83281;15;0.999295 0.0103939 0.0360763 0.663122 -0.0155838 0.989057 0.146706 0.177246 -0.0341567 -0.147164 0.988522 -10.0705 0 0 0 1 
25528382210255;0.438009;0.192404;15;0.995568 0.0121645 -0.0932522 0.454425 -0.0205608 0.995764 -0.0896141 -0.431223 0.0917671 0.0911343 0.991601 5.15074 0 0 0 1 
