#;prob_registration_l1 -r /home/probabilistic_point_clouds_registration/build/tester /home/point_clouds_registration_benchmark//devel/registration_pairs/stairs_local.txt /home/point_clouds_registration_benchmark//eth/stairs -s 0.2 -t 0.2 -p 0.3 -r 1000 -m 10 -n 10 -i 100 
id;initial_error;final_error;transformation
5494384560000;0.832403;0.0481318;25;0.993434 0.113652 -0.0131201 0.823651 -0.112938 0.992528 0.0461842 0.430877 0.018271 -0.0443992 0.998847 0.36481 0 0 0 1 
5494384560001;0.315086;0.044206;26;0.909491 0.253785 -0.329272 1.57208 -0.216137 0.96524 0.146958 1.29532 0.355122 -0.0624891 0.932729 -2.37913 0 0 0 1 
5494384560002;0.630491;0.0466996;19;0.999297 -0.0272813 -0.0257093 0.721173 0.0273205 0.999626 0.00117299 -0.316353 0.0256677 -0.00187455 0.999669 0.0787463 0 0 0 1 
5494384560003;0.317466;0.0518106;23;0.967534 -0.0582134 -0.245944 0.960799 0.136139 0.939915 0.313092 -1.88291 0.21294 -0.33641 0.917325 -1.43428 0 0 0 1 
5494384560004;0.657978;0.0383424;18;0.998694 0.0480011 0.0174889 -0.187051 -0.0496548 0.992544 0.111312 0.584636 -0.0120154 -0.112035 0.993632 0.577671 0 0 0 1 
5494384560005;0.751618;0.0641403;19;0.993891 -0.0947304 -0.0566223 -0.388591 0.101649 0.985568 0.135361 -1.62179 0.0429823 -0.14029 0.989177 -0.447421 0 0 0 1 
5494384560006;0.696898;0.0613586;37;0.92806 0.315792 -0.197432 1.33886 -0.334687 0.939712 -0.0701823 2.28084 0.163366 0.131211 0.977801 -0.622082 0 0 0 1 
5494384560007;0.399045;0.0630134;29;0.935113 -0.349771 -0.0567802 0.783727 0.353213 0.932893 0.0703619 -3.07558 0.0283593 -0.0858518 0.995904 -0.190046 0 0 0 1 
5494384560008;0.231215;0.0390018;22;0.974191 -0.195985 -0.111989 0.395991 0.184099 0.976935 -0.108196 -1.09996 0.130611 0.084786 0.987802 -0.835853 0 0 0 1 
5494384560009;0.454804;0.0489975;18;0.988943 -0.0232077 -0.146469 0.706604 0.0331784 0.997268 0.0660017 -0.651299 0.144537 -0.0701315 0.987011 -0.697183 0 0 0 1 
5494384560010;0.83506;0.0647991;18;0.999912 0.00934936 -0.00946125 0.0117986 -0.00893 0.999016 0.0434354 0.0790189 0.00985804 -0.0433471 0.999011 0.803891 0 0 0 1 
5494384560011;0.300381;0.0534066;22;0.996666 0.057574 0.0578162 -0.198298 -0.037901 0.954179 -0.296825 0.972348 -0.0722564 0.293644 0.95318 0.612925 0 0 0 1 
5494384560012;0.513405;0.0335657;24;0.941653 0.0684198 -0.329557 1.1177 -0.131628 0.976002 -0.173474 1.38387 0.309779 0.206732 0.928062 -1.67313 0 0 0 1 
5494384560013;0.592232;0.0700236;18;0.991934 0.0238233 -0.124499 0.525919 -0.0245418 0.99969 -0.00424004 0.781509 0.12436 0.00726127 0.992211 -0.893086 0 0 0 1 
5494384560014;0.784839;0.0387243;31;0.945495 0.217484 0.242361 0.495223 -0.262447 0.949533 0.171784 1.35586 -0.19277 -0.226028 0.954857 1.94416 0 0 0 1 
5494384560015;1.02961;0.0798955;31;0.939286 0.328094 -0.10048 0.366466 -0.343133 0.897035 -0.278546 3.89918 -0.00125474 0.296113 0.955152 0.820299 0 0 0 1 
5494384560016;0.692498;0.0719633;23;0.989493 0.132364 -0.0581583 0.217489 -0.144547 0.897468 -0.416721 2.64066 -0.0029639 0.42075 0.907172 -0.1365 0 0 0 1 
5494384560017;0.125802;0.0582732;14;0.99995 0.000116841 -0.0100482 0.0825111 8.75183e-06 0.999922 0.0124981 -0.0802185 0.0100489 -0.0124975 0.999871 0.0463132 0 0 0 1 
5494384560018;0.697368;0.0495362;23;0.996649 0.0499865 -0.0647489 0.77014 -0.0631798 0.973181 -0.221195 1.12719 0.0519557 0.224545 0.973078 0.197301 0 0 0 1 
5494384560019;0.372102;0.0523971;30;0.950815 0.295215 0.0938004 0.188448 -0.304682 0.945922 0.111361 2.02239 -0.0558524 -0.134463 0.989343 0.15569 0 0 0 1 
5494384560020;0.725979;0.0485395;25;0.942491 0.325212 0.077119 0.18066 -0.332846 0.892274 0.305057 2.13975 0.030397 -0.313182 0.949206 0.408769 0 0 0 1 
5494384560021;0.810082;0.0368148;20;0.995182 0.0878184 -0.043605 -0.170789 -0.0874568 0.996117 0.0101353 0.670883 0.0443257 -0.00627287 0.998997 0.46317 0 0 0 1 
5494384560022;1.01164;0.0375548;24;0.88554 -0.303983 -0.351301 1.54651 0.336344 0.941144 0.0334592 -3.57424 0.320454 -0.147788 0.935664 -1.94458 0 0 0 1 
5494384560023;0.527542;0.0704983;19;0.977422 0.103082 -0.184445 0.913668 -0.0993838 0.99462 0.0292087 0.617555 0.186463 -0.0102184 0.982409 -1.8575 0 0 0 1 
5494384560024;0.419936;0.0610888;32;0.935679 0.341614 -0.0883463 1.0134 -0.343216 0.939251 -0.00314885 2.65555 0.0819037 0.0332682 0.996085 -0.837254 0 0 0 1 
5494384560025;0.495752;0.0434647;27;0.936535 0.31071 -0.162362 0.977552 -0.308701 0.950395 0.0381122 2.31644 0.16615 0.014428 0.985995 -0.797827 0 0 0 1 
5494384560026;0.350666;0.0756198;22;0.976382 0.103308 0.189752 -0.214742 -0.0522664 0.965128 -0.256509 0.996806 -0.209634 0.240533 0.947733 1.98552 0 0 0 1 
5494384560027;0.90423;0.0526695;22;0.991593 0.0660443 -0.111274 1.33301 -0.0469525 0.984973 0.166204 0.108107 0.120578 -0.159582 0.979793 -0.69458 0 0 0 1 
5494384560028;0.914969;0.035022;22;0.995658 -0.0926704 -0.00883965 -0.894261 0.0928282 0.995491 0.019528 -0.606716 0.00699012 -0.0202638 0.99977 -0.272612 0 0 0 1 
5494384560029;0.844853;0.0610536;21;0.999196 0.0386358 0.0106804 0.0250995 -0.0389572 0.998737 0.0317287 -0.48769 -0.00944103 -0.0321193 0.999439 -0.547861 0 0 0 1 
5494384560031;0.314572;0.0598847;29;0.916724 -0.350773 -0.191246 0.529685 0.360781 0.932455 0.0191155 -1.46578 0.171623 -0.0865216 0.981356 -0.704154 0 0 0 1 
5494384560032;0.143255;0.0624929;18;0.995778 0.0627163 0.0670296 0.0154575 -0.0565169 0.994274 -0.0906909 0.285255 -0.0723336 0.0865197 0.993621 0.309815 0 0 0 1 
5494384560033;0.256973;0.0628942;16;0.999654 0.0103629 0.0241556 0.190527 -0.00780516 0.994581 -0.103673 0.201182 -0.025099 0.103448 0.994318 0.169293 0 0 0 1 
5494384560034;0.872658;0.056082;23;0.967808 -0.22693 0.108859 0.0752173 0.207654 0.964334 0.164133 -1.76558 -0.142224 -0.136245 0.980413 -0.0424286 0 0 0 1 
5494384560035;0.383527;0.0570358;19;0.996144 -0.0733865 0.0480884 0.0567986 0.0708824 0.996136 0.0518598 0.0582 -0.0517084 -0.0482512 0.997496 0.286745 0 0 0 1 
5494384560036;0.699819;0.0469764;31;0.952508 0.260729 -0.15732 0.576787 -0.297291 0.908063 -0.295026 0.939364 0.0659349 0.327785 0.942449 0.447834 0 0 0 1 
5494384560037;0.785083;0.0538651;28;0.972087 -0.0933012 0.215272 -0.311777 0.152307 0.948865 -0.276511 -0.225447 -0.178465 0.30158 0.93659 0.0266569 0 0 0 1 
5494384560038;1.00964;0.0693663;28;0.898398 -0.436924 0.0444692 -0.840226 0.437574 0.899165 -0.00560697 -1.36375 -0.0375353 0.0244959 0.998995 -0.159449 0 0 0 1 
5494384560039;0.16472;0.0728378;28;0.98202 -0.0859927 -0.168051 0.235537 0.0872812 0.996184 0.000281694 -0.30478 0.167385 -0.0149443 0.985778 -0.651108 0 0 0 1 
5494384560040;0.656318;0.0514488;26;0.912497 0.34149 0.22524 0.592509 -0.334792 0.939797 -0.0685236 0.815654 -0.23508 -0.0128811 0.971891 1.115 0 0 0 1 
5494384560041;0.496934;0.032574;26;0.87984 -0.314036 0.356739 -0.138661 0.31959 0.946488 0.0449717 -1.17111 -0.351772 0.0744425 0.933121 1.83852 0 0 0 1 
5494384560042;0.516103;0.0443673;34;0.964424 -0.010158 -0.264166 0.408358 0.0566519 0.983988 0.168989 -0.636709 0.25822 -0.177942 0.949557 -1.47845 0 0 0 1 
5494384560043;0.0787389;0.0504507;14;0.999977 -0.00557621 0.00382658 -0.0180226 0.00545268 0.999487 0.0315675 -0.177263 -0.00400064 -0.0315459 0.999494 0.074812 0 0 0 1 
5494384560044;0.670233;0.0385012;19;0.999112 0.0406255 0.0111606 0.219576 -0.0410072 0.998495 0.0364251 0.23627 -0.009664 -0.0368504 0.999274 0.777528 0 0 0 1 
5494384560045;0.454928;0.0444967;25;0.911298 -0.269227 0.311533 -0.450167 0.171214 0.935872 0.307944 -1.15577 -0.374462 -0.22729 0.898953 1.49795 0 0 0 1 
5494384560046;0.663952;0.0762497;22;0.979077 0.138347 -0.149226 0.405308 -0.137849 0.990358 0.0137253 1.18562 0.149686 0.00713256 0.988708 -0.616144 0 0 0 1 
5494384560047;0.60701;0.0579901;36;0.981631 0.0123257 -0.190389 -0.108975 -0.0482165 0.981545 -0.185055 0.771145 0.184595 0.190836 0.964109 -0.87565 0 0 0 1 
5494384560048;0.280379;0.0544962;16;0.999834 -0.00171253 0.0181432 -0.0619908 0.0012621 0.999691 0.0248089 -0.170959 -0.0181801 -0.0247818 0.999528 0.41941 0 0 0 1 
5494384560049;0.480826;0.0582452;24;0.925029 0.336763 0.175819 0.595199 -0.332426 0.941555 -0.0544711 1.40107 -0.183888 -0.00805962 0.982914 0.730441 0 0 0 1 
5494384560050;0.519994;0.0371702;24;0.977551 0.199538 0.0676641 -0.181659 -0.192376 0.97625 -0.0996409 0.329892 -0.0859392 0.0843872 0.99272 0.411527 0 0 0 1 
5494384560051;0.245903;0.0611414;15;0.999978 -0.00632378 0.00208761 0.0607105 0.00618708 0.998178 0.0600258 -0.323617 -0.00246339 -0.0600115 0.998195 -0.187576 0 0 0 1 
5494384560052;0.581213;0.0474793;23;0.949275 0.164353 0.268077 -0.361551 -0.196131 0.975844 0.0962353 0.0979576 -0.245785 -0.143932 0.958579 0.742959 0 0 0 1 
5494384560053;0.543864;0.0589762;21;0.961801 -0.215226 0.169162 -0.455966 0.195452 0.972569 0.126127 -1.28564 -0.191668 -0.0882456 0.977485 0.400088 0 0 0 1 
5494384560054;0.812423;0.0503776;42;0.974731 -0.0263735 -0.221819 0.310149 0.0324152 0.999195 0.0236401 -0.370445 0.221017 -0.0302331 0.974801 -1.68281 0 0 0 1 
5494384560055;0.804846;0.0600461;29;0.927792 0.0180918 0.372658 0.515742 -0.065048 0.99137 0.113819 0.562095 -0.367383 -0.129841 0.920962 1.49529 0 0 0 1 
5494384560056;0.404608;0.0586496;20;0.981502 0.157211 0.109264 -0.180483 -0.156145 0.987565 -0.0182948 0.188454 -0.110782 0.00089528 0.993844 0.384446 0 0 0 1 
5494384560057;0.241612;0.0457781;23;0.970664 0.208398 -0.119926 0.414968 -0.195676 0.974517 0.109668 0.488261 0.139725 -0.0829842 0.986707 -0.451195 0 0 0 1 
5494384560058;0.361634;0.0597638;19;0.991082 -0.112865 0.070842 0.127604 0.122014 0.982327 -0.14194 -0.039114 -0.0535699 0.149318 0.987337 0.340554 0 0 0 1 
5494384560059;0.672349;0.0762019;24;0.999018 -0.0183016 0.0403565 -0.0617829 0.0181245 0.999824 0.00475003 -0.100993 -0.0404364 -0.00401392 0.999174 -0.554143 0 0 0 1 
5494384560060;0.435775;0.0704567;25;0.953792 -0.279272 -0.110849 -0.0551959 0.299854 0.908256 0.29182 -1.65331 0.0191821 -0.311575 0.950028 -0.23885 0 0 0 1 
5494384560062;0.821662;0.0514464;30;0.964508 -0.196834 -0.176014 0.385787 0.193223 0.980434 -0.0375973 -1.6008 0.179971 0.00225282 0.983669 -1.35871 0 0 0 1 
5494384560063;1.2461;0.0502984;28;0.941856 0.1 -0.320791 1.77896 -0.108723 0.994028 -0.0093469 0.803455 0.317941 0.0436808 0.947104 -2.4547 0 0 0 1 
5494384560064;0.351118;0.0634115;48;0.915948 -0.401274 0.00424094 0.244851 0.401295 0.915919 -0.00738919 -2.56437 -0.00091927 0.00846999 0.999964 0.0237458 0 0 0 1 
5494384560065;1.02628;0.0576328;27;0.996951 0.0774988 0.00912991 -0.0633267 -0.0768247 0.995275 -0.0593807 0.369029 -0.0136887 0.0584983 0.998194 0.894338 0 0 0 1 
5494384560066;0.385602;0.0583392;58;0.892803 0.443178 -0.080597 1.0964 -0.445268 0.895351 -0.0091466 2.72785 0.068109 0.0440534 0.996705 -0.312791 0 0 0 1 
5494384560067;1.09812;0.0453339;28;0.978643 -0.135695 0.154415 -0.394176 0.158281 0.976713 -0.14484 -0.969305 -0.131165 0.166188 0.977332 0.195181 0 0 0 1 
5494384560068;0.284277;0.0503466;23;0.98702 0.147906 -0.0625738 0.30404 -0.123507 0.948123 0.29293 0.0113854 0.102654 -0.2814 0.954084 -0.631278 0 0 0 1 
5494384560069;0.305684;0.0429681;25;0.987523 0.154503 -0.030449 0.404806 -0.154422 0.987992 0.00502043 0.963858 0.030859 -0.000255807 0.999524 -0.103607 0 0 0 1 
5494384560070;1.06788;0.0598941;26;0.998556 0.0535777 -0.00398349 0.772541 -0.052506 0.988911 0.138917 0.00999593 0.0113822 -0.138507 0.990296 -0.383588 0 0 0 1 
5494384560071;0.199717;0.0551362;15;0.999906 -0.0132021 0.00378409 -0.0154946 0.0132314 0.999882 -0.00782307 -0.137719 -0.00368036 0.0078724 0.999962 0.205642 0 0 0 1 
5494384560072;1.02349;0.0552301;30;0.963298 -0.023625 -0.267394 1.09202 -0.0592088 0.952886 -0.297492 1.72667 0.261824 0.302406 0.916514 -1.29578 0 0 0 1 
5494384560073;0.123206;0.0418261;28;0.992695 -0.120606 0.0031984 -0.0316179 0.120401 0.992011 0.037653 -0.89134 -0.00771401 -0.0369929 0.999286 0.0866164 0 0 0 1 
5494384560074;0.700296;0.0441134;51;0.933614 0.356975 0.0305732 0.144459 -0.356343 0.93404 -0.0242687 2.46971 -0.0372199 0.011763 0.999238 -0.0109059 0 0 0 1 
5494384560075;0.186882;0.059791;14;0.999953 0.00720471 0.00645262 0.033591 -0.00700836 0.999527 -0.0299524 0.136343 -0.00666537 0.0299058 0.99953 -0.0321266 0 0 0 1 
5494384560076;1.00141;0.0448174;28;0.991921 -0.102044 0.0753648 -0.295271 0.0967809 0.992807 0.0704774 -0.628328 -0.0820146 -0.0626141 0.994662 1.26305 0 0 0 1 
5494384560077;0.605922;0.0595024;51;0.888893 -0.341133 -0.305774 1.41989 0.366404 0.930048 0.0275492 -2.38716 0.274986 -0.136525 0.951706 -1.90781 0 0 0 1 
5494384560078;0.686652;0.080368;50;0.916284 -0.397718 0.0473715 0.0862242 0.394888 0.877259 -0.272911 -1.84942 0.0669844 0.26877 0.960872 0.232867 0 0 0 1 
5494384560079;0.330281;0.0592517;42;0.926665 0.375127 -0.0238859 0.644547 -0.368755 0.919565 0.13572 1.91444 0.072877 -0.116959 0.990459 -0.430233 0 0 0 1 
5494384560080;0.779401;0.0465807;40;0.91454 0.395545 -0.0846236 1.30548 -0.384824 0.915258 0.119216 2.34386 0.124608 -0.0764621 0.989256 -0.633322 0 0 0 1 
5494384560081;0.603531;0.0630379;30;0.980353 0.193116 -0.0401683 0.469883 -0.196976 0.969198 -0.147835 1.77108 0.0103819 0.152842 0.988196 0.375708 0 0 0 1 
5494384560082;0.617118;0.0728673;53;0.888635 -0.285771 -0.358695 1.44338 0.335956 0.938037 0.0849705 -2.11165 0.312187 -0.196013 0.92958 -2.0871 0 0 0 1 
5494384560083;0.290683;0.0450337;41;0.945096 0.307722 0.110007 0.170609 -0.292725 0.946811 -0.133644 2.12363 -0.145281 0.0941045 0.984905 0.950861 0 0 0 1 
5494384560084;0.175327;0.0504254;24;0.985749 -0.121116 -0.116747 0.318621 0.103172 0.983426 -0.149094 -0.261113 0.132869 0.134924 0.981907 -0.725433 0 0 0 1 
5494384560085;0.943472;0.0629421;29;0.992149 -0.121702 -0.0287737 0.0492705 0.106272 0.941776 -0.319005 -0.257257 0.0659221 0.313443 0.947316 0.491796 0 0 0 1 
5494384560086;0.821732;0.0552501;19;0.992158 -0.0285 0.121701 -0.480011 0.0181364 0.996179 0.0854302 -0.575717 -0.123671 -0.082553 0.988883 1.31213 0 0 0 1 
5494384560087;0.12902;0.0561492;16;0.999125 0.00992776 -0.0406229 0.0172524 -0.0103105 0.999904 -0.00922208 0.0830766 0.0405274 0.00963285 0.999132 -0.143349 0 0 0 1 
5494384560088;1.25698;0.0449371;49;0.877879 0.154496 -0.453276 1.65933 -0.144378 0.987875 0.0570865 -0.127615 0.4566 0.015328 0.88954 -2.45301 0 0 0 1 
5494384560089;1.3654;0.908576;22;0.965291 0.248548 0.0802362 0.244733 -0.247801 0.968619 -0.0192888 1.8728 -0.0825125 -0.00126335 0.996589 -0.137241 0 0 0 1 
5494384560090;0.736364;0.0611665;37;0.956131 -0.292837 -0.00777188 0.538412 0.267998 0.885126 -0.380433 -0.537687 0.118284 0.361661 0.924776 -0.261535 0 0 0 1 
5494384560091;0.484121;0.0423113;34;0.939177 -0.153166 -0.307387 1.15447 0.214862 0.96029 0.177982 -1.81405 0.26792 -0.233203 0.934792 -1.28564 0 0 0 1 
5494384560093;0.0553842;0.21001;14;0.997138 0.0415772 -0.0631459 0.0979535 -0.042876 0.998893 -0.0193534 0.360407 0.0622714 0.0220055 0.997817 -0.258684 0 0 0 1 
5494384560094;0.672056;0.532311;17;0.897668 -0.0111742 -0.440531 1.66618 0.0979835 0.979715 0.17481 -1.15209 0.429641 -0.200086 0.880553 -2.29879 0 0 0 1 
5494384560095;0.854827;0.221638;20;0.906641 0.415012 -0.0759358 1.11811 -0.418887 0.906942 -0.0446147 2.43791 0.0503537 0.072258 0.996114 0.25163 0 0 0 1 
5494384560096;0.268636;0.204771;17;0.958778 -0.238817 -0.153986 0.554867 0.218487 0.966052 -0.137863 -1.19517 0.181682 0.0985364 0.978408 -1.06674 0 0 0 1 
5494384560097;0.745786;0.261058;16;0.999551 -0.0202439 -0.022094 -0.414934 0.0204625 0.999743 0.0097141 -0.634457 0.0218917 -0.0101618 0.999709 0.183305 0 0 0 1 
5494384560098;0.365154;0.329821;19;0.92898 -0.286388 -0.234472 0.806566 0.292747 0.956157 -0.00800052 -2.053 0.226483 -0.0612087 0.97209 -1.41472 0 0 0 1 
5494384560099;0.345567;0.24504;13;0.998803 -0.029183 0.0392569 -0.448402 0.0313635 0.997931 -0.0561276 0.0838018 -0.0375377 0.0572916 0.997652 0.354082 0 0 0 1 
5494384560100;0.37298;0.340187;18;0.933898 -0.243195 -0.26209 0.55153 0.250551 0.968088 -0.00551003 -1.65443 0.255066 -0.0605212 0.965028 -1.42404 0 0 0 1 
5494384560101;0.595346;0.214279;22;0.920164 0.36634 0.138175 0.0916533 -0.386241 0.907147 0.167041 2.34338 -0.0641507 -0.207074 0.97622 0.866466 0 0 0 1 
5494384560102;0.240088;0.300876;15;0.979643 -0.192253 0.0577704 -0.283891 0.199907 0.960563 -0.193278 -0.949879 -0.0183337 0.200892 0.979442 0.36775 0 0 0 1 
5494384560103;0.65911;0.234556;14;0.999263 -0.0108646 -0.0368219 -0.0172166 0.0101802 0.999773 -0.0187229 -0.182827 0.0370169 0.0183342 0.999146 -0.620911 0 0 0 1 
5494384560104;0.317417;0.446373;17;0.997411 -0.0330251 -0.0638842 -0.189331 0.0513158 0.949188 0.310498 -1.21656 0.0503839 -0.312972 0.948425 -0.224401 0 0 0 1 
5494384560105;0.561217;0.212372;17;0.951608 0.0740756 -0.298254 0.725321 -0.10936 0.988611 -0.103387 1.04871 0.287199 0.131 0.948871 -1.28333 0 0 0 1 
5494384560106;0.669368;0.726278;18;0.98525 0.0346725 0.167571 -0.62573 -0.0289037 0.998907 -0.0367439 -0.0981893 -0.168662 0.0313585 0.985175 1.52524 0 0 0 1 
5494384560107;0.196586;0.24117;16;0.98132 0.16165 -0.104309 0.396753 -0.158631 0.986657 0.0366644 0.993204 0.108844 -0.0194329 0.993869 -0.645655 0 0 0 1 
5494384560108;0.588165;0.284001;17;0.962479 0.240099 -0.126435 0.542989 -0.167852 0.892889 0.417823 -0.0200411 0.213211 -0.380923 0.899688 -1.48507 0 0 0 1 
5494384560109;0.964218;0.255385;20;0.984151 0.153579 0.0886553 -0.129087 -0.158613 0.985928 0.0527981 1.15221 -0.079299 -0.0660231 0.994662 1.38927 0 0 0 1 
5494384560110;0.522946;0.451537;19;0.930409 -0.35639 -0.0855861 -0.0576822 0.353184 0.934186 -0.050577 -2.515 0.0979785 0.0168296 0.995046 -0.627741 0 0 0 1 
5494384560111;0.382633;0.201399;14;0.998101 0.020809 0.0579722 -0.354759 -0.0124852 0.990015 -0.140406 0.449213 -0.0603151 0.139416 0.988395 0.397256 0 0 0 1 
5494384560112;1.20633;0.29149;19;0.972689 -0.20852 -0.101956 -0.335653 0.209073 0.977885 -0.00535307 -0.999879 0.100818 -0.0161094 0.994774 0.119035 0 0 0 1 
5494384560113;0.493118;0.193032;15;0.988862 0.136136 -0.0601624 0.172996 -0.139158 0.989045 -0.049255 1.07467 0.0527979 0.0570784 0.996973 -0.608309 0 0 0 1 
5494384560114;0.011633;0.226203;14;0.997709 0.0387718 -0.0554465 0.0369462 -0.0370852 0.998827 0.0311304 0.147361 0.0565884 -0.0290028 0.997976 -0.247982 0 0 0 1 
5494384560115;0.837027;0.278735;18;0.946614 -0.100352 -0.306352 0.481638 0.157246 0.973329 0.167047 -1.94507 0.281418 -0.206301 0.937147 -1.47278 0 0 0 1 
5494384560116;0.753813;0.173507;16;0.992722 -0.0505171 -0.109324 -0.271187 0.055652 0.997461 0.0444381 -0.471015 0.106802 -0.0501987 0.993012 -0.851291 0 0 0 1 
5494384560117;0.39392;0.307078;17;0.959885 0.279253 -0.0252731 0.23425 -0.278237 0.959782 0.0374535 1.84516 0.0347157 -0.0289191 0.998979 0.089678 0 0 0 1 
5494384560118;0.486867;0.336244;17;0.996499 0.0780862 -0.0298739 0.0877145 -0.0836018 0.927234 -0.365032 1.41023 -0.00080382 0.366251 0.930516 0.119157 0 0 0 1 
5494384560119;0.307339;0.242408;18;0.947795 0.31385 -0.0564075 0.512364 -0.297068 0.933339 0.201565 1.49599 0.115909 -0.174286 0.97785 -0.613344 0 0 0 1 
5494384560120;1.07013;0.272786;16;0.964343 -0.209786 -0.161348 0.524985 0.166544 0.954833 -0.246083 -0.250294 0.205685 0.210437 0.955725 -1.86858 0 0 0 1 
5494384560121;0.937742;0.214789;20;0.879092 0.414393 -0.235531 1.1044 -0.425018 0.905164 0.00621666 2.16933 0.215771 0.09464 0.971847 -1.35256 0 0 0 1 
5494384560122;0.448809;0.225727;20;0.907068 0.402059 0.124801 0.23452 -0.406193 0.913748 0.00852523 2.8386 -0.110609 -0.0584262 0.992145 0.976574 0 0 0 1 
5494384560124;0.180601;0.121288;18;0.991774 -0.0950738 0.0857024 -0.295151 0.0803605 0.983638 0.16124 -0.505422 -0.0996298 -0.153027 0.983187 0.312135 0 0 0 1 
5494384560125;0.336264;0.133558;23;0.945825 -0.172408 0.275119 -0.539981 0.20618 0.973519 -0.0987482 -0.651063 -0.250808 0.150122 0.956325 1.03109 0 0 0 1 
5494384560126;0.158937;0.0944013;17;0.991428 0.12067 0.0500983 -0.196531 -0.121566 0.992466 0.0152362 0.495057 -0.0478824 -0.0211958 0.998628 0.144216 0 0 0 1 
5494384560127;0.459182;0.117554;18;0.986745 -0.138226 -0.0850184 0.462693 0.134457 0.989727 -0.0485917 -0.0364349 0.0908616 0.0365164 0.995194 -0.362555 0 0 0 1 
5494384560128;0.768681;0.144979;21;0.963422 -0.133906 0.232136 -0.742778 0.202755 0.930632 -0.304655 0.0524512 -0.175238 0.340578 0.923742 0.324304 0 0 0 1 
5494384560129;0.8631;0.534881;27;0.923563 -0.0293719 0.382321 -0.93242 0.0348819 0.999363 -0.00748708 -0.364737 -0.381858 0.0202509 0.923999 1.89746 0 0 0 1 
5494384560130;0.294138;0.138418;19;0.987202 -0.156171 -0.0322926 0.171213 0.158749 0.981648 0.105666 -0.770542 0.0151979 -0.10944 0.993877 -0.282742 0 0 0 1 
5494384560131;0.331415;0.110174;17;0.996122 -0.0510142 -0.0716827 0.0298615 0.0531333 0.998196 0.0279719 -0.17184 0.0701263 -0.0316722 0.997035 0.0199634 0 0 0 1 
5494384560132;0.299743;0.109923;29;0.927866 0.0156678 -0.372585 0.961463 0.0849856 0.963941 0.252179 -0.738183 0.363101 -0.265653 0.893077 -1.50437 0 0 0 1 
5494384560133;0.275606;0.103858;29;0.912823 0.118916 -0.390658 1.12257 -0.0740062 0.988993 0.128125 0.158709 0.401594 -0.0880444 0.911576 -1.52919 0 0 0 1 
5494384560134;0.715759;0.125291;21;0.975945 0.217681 0.0120756 0.0592507 -0.217505 0.975953 -0.0143718 1.08118 -0.0149137 0.0113995 0.999824 0.833508 0 0 0 1 
5494384560135;0.221863;0.108102;21;0.955671 0.27557 0.1037 0.0258721 -0.284433 0.955073 0.0832674 1.19855 -0.076095 -0.109072 0.991117 0.259248 0 0 0 1 
5494384560136;0.513605;0.134956;22;0.963029 0.269348 0.00520438 -0.216027 -0.269381 0.963006 0.00731001 1.56077 -0.00304291 -0.00844171 0.99996 -0.240873 0 0 0 1 
5494384560137;0.0725673;0.148436;14;0.999813 0.0038054 -0.018948 -0.00685085 -0.00405675 0.999904 -0.0132445 0.201544 0.0188957 0.0133189 0.999733 -0.00779624 0 0 0 1 
5494384560138;0.458946;0.149565;18;0.995036 -0.0312158 -0.0944892 0.0753178 0.020207 0.993125 -0.115299 0.222319 0.0974387 0.112817 0.988827 0.0637564 0 0 0 1 
5494384560139;0.373858;0.120332;19;0.979981 0.170459 0.102866 0.103916 -0.168801 0.985341 -0.024674 0.518623 -0.105564 0.00681618 0.994389 0.342437 0 0 0 1 
5494384560140;0.407687;0.135935;25;0.918932 0.369753 -0.137283 0.490271 -0.341292 0.919903 0.193127 1.18205 0.197697 -0.130617 0.971522 -0.588958 0 0 0 1 
5494384560141;0.827786;0.134768;20;0.998514 0.0008624 0.0544862 -0.272738 0.00258222 0.998003 -0.063118 0.349154 -0.0544318 0.0631649 0.996518 1.16625 0 0 0 1 
5494384560142;0.791925;0.112051;19;0.998476 -0.0290432 0.0469254 -0.801637 0.0288073 0.999569 0.00569773 -0.286283 -0.0470707 -0.00433725 0.998882 -0.431999 0 0 0 1 
5494384560143;0.413054;0.109694;28;0.882751 0.39524 0.254041 0.0799657 -0.421789 0.904845 0.0578783 1.52129 -0.206992 -0.158244 0.96546 0.772956 0 0 0 1 
5494384560144;0.460909;0.130814;18;0.989484 0.105488 -0.0989587 0.183413 -0.103672 0.994338 0.0233335 0.570523 0.10086 -0.0128289 0.994818 0.0602622 0 0 0 1 
5494384560145;0.514439;0.134276;22;0.994855 -0.0531803 0.0862311 -0.410726 0.0260058 0.956682 0.289972 -0.0304636 -0.0979165 -0.286237 0.953143 0.362861 0 0 0 1 
5494384560146;0.876277;0.12032;22;0.954509 0.298152 -0.0041448 1.03835 -0.297582 0.953381 0.0500902 0.943669 0.0188861 -0.0465781 0.998736 -0.668408 0 0 0 1 
5494384560147;0.0882485;0.108852;18;0.989133 -0.00162138 -0.147016 0.255776 -0.00198187 0.999701 -0.0243594 0.153072 0.147012 0.0243861 0.988834 -0.617807 0 0 0 1 
5494384560148;0.565514;0.103977;30;0.894298 0.318431 0.314377 0.242585 -0.2827 0.946655 -0.154675 1.93615 -0.34686 0.0494506 0.936612 1.44327 0 0 0 1 
5494384560149;0.651367;0.129846;18;0.994021 -0.100453 0.0427937 -0.507925 0.0971553 0.992573 0.0732056 -0.354696 -0.0498296 -0.0686102 0.996398 0.803861 0 0 0 1 
5494384560150;0.389377;0.155033;22;0.941452 -0.281963 0.184841 -0.40561 0.306289 0.944425 -0.119369 -1.10559 -0.140911 0.168995 0.975492 0.791098 0 0 0 1 
5494384560151;0.428451;0.131355;25;0.939369 -0.339395 -0.048957 0.0182019 0.341736 0.938362 0.051902 -1.47125 0.0283241 -0.0654855 0.997451 -0.48566 0 0 0 1 
5494384560152;0.492131;0.523599;23;0.922626 -0.385562 -0.0101998 0.0457151 0.382308 0.917698 -0.108028 -1.23502 0.0510119 0.09577 0.994096 -0.255044 0 0 0 1 
5494384560153;0.585822;0.12798;18;0.999571 0.0157416 -0.0247027 -0.00623357 -0.0208219 0.974999 -0.22123 0.760019 0.0206026 0.221649 0.974909 -0.617978 0 0 0 1 
5494384560155;0.510199;0.463062;17;0.996042 -0.0882016 -0.0109917 0.362824 0.0887916 0.981741 0.168228 -0.34707 -0.00404701 -0.168538 0.985687 0.444183 0 0 0 1 
5494384560156;0.606536;0.426192;16;0.999927 0.0108947 0.00517145 0.367993 -0.0115834 0.986975 0.160455 -0.54584 -0.00335599 -0.160503 0.98703 -0.659704 0 0 0 1 
5494384560157;0.698949;0.462151;21;0.963425 -0.266017 -0.0323541 0.667251 0.26697 0.942325 0.201871 -0.9232 -0.0232129 -0.203125 0.978878 0.490543 0 0 0 1 
5494384560158;0.932434;0.701917;17;0.976432 0.0347906 0.213003 0.208327 -0.0598652 0.991855 0.112426 -0.178216 -0.207357 -0.122528 0.970562 1.12844 0 0 0 1 
5494384560159;0.588127;0.607017;20;0.953385 0.193908 0.231208 0.625757 -0.231748 0.961226 0.149456 -0.322785 -0.193263 -0.196071 0.961356 0.640825 0 0 0 1 
5494384560160;0.813406;0.315947;18;0.949577 0.143348 -0.278846 1.28577 -0.083516 0.972876 0.215727 -0.128007 0.302206 -0.181561 0.935792 -0.898532 0 0 0 1 
5494384560161;0.869163;0.410355;18;0.999166 0.0221153 -0.034326 0.538295 -0.0168467 0.989019 0.146823 -1.27881 0.0371961 -0.146122 0.988567 -0.0477297 0 0 0 1 
5494384560162;0.520155;0.363489;19;0.991641 -0.056449 -0.116024 0.28516 0.0913743 0.942115 0.322598 -0.382817 0.0910974 -0.330503 0.939398 0.215346 0 0 0 1 
5494384560163;0.884248;0.592468;22;0.921592 0.388014 -0.0106393 1.37968 -0.384607 0.916515 0.109901 0.267448 0.052394 -0.0971917 0.993886 0.00906528 0 0 0 1 
5494384560164;0.069281;0.365603;13;0.996449 -0.0639201 -0.0548042 0.294984 0.0686474 0.993643 0.0892249 -0.492787 0.0487526 -0.0926702 0.994503 -0.0593737 0 0 0 1 
5494384560165;0.359877;0.550874;21;0.924184 0.346606 0.16046 0.333156 -0.366817 0.922522 0.119997 -0.0179945 -0.106436 -0.169759 0.979721 0.18333 0 0 0 1 
5494384560166;0.617506;0.546952;20;0.954562 0.0136794 -0.2977 0.838515 0.0465113 0.979866 0.194161 -0.583306 0.294362 -0.199185 0.934706 -0.0718897 0 0 0 1 
5494384560167;0.359577;0.721416;19;0.954846 -0.183631 0.233556 0.145725 0.167681 0.982032 0.0865821 -0.965295 -0.245259 -0.0435097 0.968481 0.202662 0 0 0 1 
5494384560168;0.367236;0.506737;19;0.959128 0.211336 0.188175 0.402129 -0.246809 0.950056 0.190996 -0.37229 -0.138412 -0.229633 0.963385 0.172303 0 0 0 1 
5494384560169;0.299703;0.416252;15;0.99449 0.0637061 -0.0832577 0.461979 -0.0417658 0.969198 0.242717 -0.583132 0.0961557 -0.237902 0.966518 -0.0487805 0 0 0 1 
5494384560170;0.388752;0.494072;16;0.999662 -0.0022657 -0.025894 0.580244 0.00751158 0.978871 0.204341 -0.34837 0.0248839 -0.204467 0.978557 -0.201713 0 0 0 1 
5494384560171;0.436725;0.398283;17;0.999648 -0.0262734 0.00355343 0.569977 0.024174 0.958286 0.284786 -0.580771 -0.0108875 -0.2846 0.958584 -0.35907 0 0 0 1 
5494384560172;0.743415;0.485381;19;0.987009 0.159683 -0.0177073 1.07987 -0.154658 0.974187 0.164442 -0.0932345 0.043509 -0.159568 0.986228 0.0321573 0 0 0 1 
5494384560173;0.766137;0.373309;19;0.994572 0.103898 -0.00554738 0.656497 -0.0905913 0.890949 0.444976 -0.0907922 0.0511747 -0.442059 0.895525 -0.721545 0 0 0 1 
5494384560174;0.152675;0.461615;15;0.988635 -0.119657 -0.0910093 0.226859 0.134379 0.974789 0.178127 -0.676587 0.0674006 -0.188332 0.97979 -0.154833 0 0 0 1 
5494384560175;0.731473;0.371475;16;0.99525 0.0334541 -0.0914204 0.592519 -0.0472306 0.987103 -0.152959 0.15414 0.0851243 0.156551 0.983995 -0.740941 0 0 0 1 
5494384560176;0.458408;0.474941;21;0.917758 0.0599786 0.392584 0.130053 -0.183317 0.940896 0.284798 -0.0349661 -0.352299 -0.333343 0.87451 0.385354 0 0 0 1 
5494384560177;0.329052;0.594182;18;0.970776 -0.0609297 -0.232122 0.453053 0.0789484 0.994478 0.0691357 -0.594056 0.226628 -0.0854409 0.970227 -0.168883 0 0 0 1 
5494384560178;0.128329;0.401376;15;0.991215 0.0448303 -0.124431 0.413745 -0.0151704 0.97313 0.229755 -0.442508 0.131387 -0.225849 0.965261 -0.250402 0 0 0 1 
5494384560179;0.884119;0.454674;20;0.94793 -0.236825 0.212936 0.0588891 0.208045 0.966704 0.149 -1.177 -0.241133 -0.0969408 0.965638 -0.370312 0 0 0 1 
5494384560180;0.395688;0.429681;14;0.997015 -0.0656554 -0.0406356 0.100451 0.0705045 0.98868 0.132441 -0.302396 0.0314802 -0.13491 0.990358 -0.338548 0 0 0 1 
5494384560181;0.929561;0.552446;19;0.958306 -0.284178 -0.0298693 -0.320056 0.285743 0.953235 0.0984544 -1.33293 0.000493898 -0.102884 0.994693 -0.670597 0 0 0 1 
5494384560182;0.699324;0.541152;19;0.943959 -0.280248 0.174365 -0.0430443 0.287698 0.957543 -0.0184965 -1.21572 -0.161778 0.0676243 0.984507 -0.250327 0 0 0 1 
5494384560183;0.638253;0.605395;20;0.910588 -0.171522 0.376044 -0.200382 0.0861583 0.968611 0.233173 -0.92036 -0.404235 -0.179925 0.896784 1.13979 0 0 0 1 
5494384560184;0.208766;0.61927;17;0.969574 0.244572 -0.0105221 0.453023 -0.237275 0.949483 0.205382 -0.341979 0.0602212 -0.196636 0.978625 -0.166244 0 0 0 1 
5494384560186;0.36111;0.0982444;17;0.999482 -0.0280814 0.0156946 -9.64137e-05 0.0281981 0.999576 -0.00726164 0.121462 -0.015484 0.00770044 0.99985 0.521198 0 0 0 1 
5494384560187;0.496451;0.0746007;27;0.953933 0.272959 -0.124519 0.936087 -0.217773 0.91545 0.338418 0.257927 0.206366 -0.295711 0.932721 -0.800447 0 0 0 1 
5494384560188;0.447898;0.0823053;24;0.937674 -0.338897 0.076911 -0.234152 0.311897 0.918301 0.243812 -1.74537 -0.153255 -0.204628 0.966768 0.490506 0 0 0 1 
5494384560189;0.616026;0.0832782;26;0.948181 -0.219076 -0.230129 0.664623 0.225982 0.974124 0.0037568 -0.432116 0.223351 -0.0555672 0.973153 -0.503858 0 0 0 1 
5494384560190;0.219844;0.0928919;22;0.980332 -0.168364 -0.10297 0.0743734 0.176003 0.981884 0.0701861 -0.802685 0.0892883 -0.0869287 0.992205 -0.313524 0 0 0 1 
5494384560191;0.269957;0.112521;20;0.977755 0.205038 0.0442173 0.273152 -0.20667 0.977742 0.036168 0.748368 -0.0358173 -0.0445018 0.998367 0.225986 0 0 0 1 
5494384560192;0.563983;0.108084;25;0.993584 0.110442 -0.0243465 -0.0680617 -0.0895915 0.900031 0.426518 -0.0525331 0.0690179 -0.4216 0.904151 0.20173 0 0 0 1 
5494384560193;0.714742;0.0994504;26;0.978767 -0.193742 -0.0669192 0.530522 0.162718 0.932953 -0.321125 -0.550024 0.124648 0.303418 0.944669 -0.749992 0 0 0 1 
5494384560194;0.621903;0.087996;21;0.98664 -0.1611 -0.0242712 -0.101463 0.160954 0.98693 -0.00789159 -0.75108 0.0252253 0.00387961 0.999674 0.67985 0 0 0 1 
5494384560195;0.355585;0.111207;23;0.954117 -0.284744 0.0926336 -0.293245 0.280523 0.958209 0.0560506 -1.24694 -0.104722 -0.027493 0.994121 0.737256 0 0 0 1 
5494384560196;0.150749;0.106005;16;0.997238 0.0699714 0.0248959 -0.0253007 -0.0711534 0.996198 0.0502696 0.12284 -0.0212838 -0.0519022 0.998425 0.326476 0 0 0 1 
5494384560197;0.514288;0.106911;27;0.892095 -0.42859 -0.143096 0.747143 0.444061 0.890135 0.102321 -1.88394 0.0835215 -0.154823 0.984405 0.0560973 0 0 0 1 
5494384560198;0.530599;0.07546;31;0.995348 0.0136181 0.095376 -0.399629 0.027494 0.908643 -0.416667 0.347814 -0.0923369 0.417351 0.904042 0.481076 0 0 0 1 
5494384560199;0.148187;0.107147;28;0.989139 0.146617 0.0103782 0.129745 -0.145859 0.987839 -0.0538524 0.67119 -0.0181477 0.0517538 0.998495 0.23933 0 0 0 1 
5494384560200;0.674054;0.0995649;20;0.997908 -0.0611827 0.020893 -0.64002 0.0601254 0.997038 0.0479526 -0.691535 -0.023765 -0.0465961 0.998631 -0.190494 0 0 0 1 
5494384560201;0.851959;0.0892126;24;0.954173 -0.196689 0.22554 -0.22489 0.127178 0.948741 0.289338 -1.03181 -0.270888 -0.247395 0.930277 0.317348 0 0 0 1 
5494384560202;0.0584502;0.0913503;14;0.999074 -0.0152612 -0.0402167 0.107027 0.0164283 0.999449 0.0288509 -0.130425 0.0397543 -0.0294849 0.998774 -0.103048 0 0 0 1 
5494384560203;0.443983;0.100223;22;0.993891 -0.0541847 0.0961456 -0.226424 0.0902598 0.900392 -0.425614 0.531319 -0.063507 0.431692 0.899783 0.469522 0 0 0 1 
5494384560204;0.212563;0.0784503;15;0.999413 0.0228066 0.0255568 -0.0407409 -0.0228549 0.999738 0.0015992 0.0558426 -0.0255137 -0.00218236 0.999672 -0.0490263 0 0 0 1 
5494384560205;0.664348;0.0772936;23;0.875188 -0.288595 0.388276 -0.174861 0.226125 0.953544 0.199051 -1.07373 -0.427683 -0.0864086 0.899789 2.58235 0 0 0 1 
5494384560206;0.578856;0.0676972;19;0.996089 -0.0837319 0.0281945 -0.0184308 0.0835676 0.996478 0.00695837 -0.248616 -0.0286779 -0.00457501 0.999578 0.848904 0 0 0 1 
5494384560207;0.371227;0.106371;20;0.977149 -0.042902 0.208181 -0.52588 -0.0223216 0.953291 0.301226 -0.542565 -0.21138 -0.29899 0.93055 1.0908 0 0 0 1 
5494384560208;0.803964;0.0754821;19;0.996013 0.042591 0.0783808 -0.0276689 -0.0458226 0.998152 0.039903 0.260405 -0.0765364 -0.0433356 0.996125 1.30425 0 0 0 1 
5494384560209;0.402561;0.0682491;27;0.896673 -0.409511 -0.168163 0.463605 0.381193 0.90738 -0.177069 -1.2975 0.225099 0.0946703 0.969726 -0.697031 0 0 0 1 
5494384560210;0.831689;0.0973622;31;0.982313 0.156812 0.102328 -0.22652 -0.128587 0.962191 -0.240114 1.62632 -0.136112 0.222709 0.965336 0.251247 0 0 0 1 
5494384560211;0.793568;0.137501;19;0.995632 -0.0466904 -0.0808499 0.935961 0.0448482 0.998694 -0.0244544 0.165275 0.0818862 0.0207216 0.996426 -0.488099 0 0 0 1 
5494384560212;0.459124;0.107117;17;0.999922 -0.00633248 0.0107364 0.262851 0.00586839 0.99907 0.0427197 0.0348832 -0.010997 -0.0426533 0.999029 0.574773 0 0 0 1 
5494384560213;0.436091;0.0718418;35;0.930334 -0.076182 -0.358712 0.958711 0.0064662 0.981439 -0.191664 0.372247 0.366656 0.175992 0.913559 -0.919615 0 0 0 1 
5494384560214;0.701608;0.116558;18;0.99977 -0.00798622 0.0198808 -0.00752843 0.00733975 0.999449 0.0323804 0.623785 -0.0201285 -0.032227 0.999278 -0.148256 0 0 0 1 
5494384560215;0.568246;0.0835989;24;0.957261 0.0655535 -0.2817 1.22889 0.0227896 0.953852 0.299411 -0.637604 0.288327 -0.293034 0.911591 -0.972478 0 0 0 1 
5494384560217;0.781012;0.135176;18;0.985193 0.171343 0.00602739 0.81217 -0.171371 0.985197 0.00438057 0.688646 -0.00518758 -0.00534862 0.999972 0.376186 0 0 0 1 
5494384560218;0.673342;0.103839;19;0.863377 -0.102082 -0.494125 2.01116 0.160071 0.984146 0.0763747 -1.17954 0.478495 -0.145035 0.86603 -1.94218 0 0 0 1 
5494384560219;0.333437;0.159782;20;0.93566 -0.338173 -0.100891 0.53596 0.339862 0.940475 -0.000475113 -1.91987 0.0950463 -0.0338445 0.994897 -0.453819 0 0 0 1 
5494384560220;0.675306;0.160252;18;0.957547 -0.139751 -0.252138 0.819151 0.119389 0.988349 -0.0944006 -0.416248 0.262393 0.0602904 0.963076 -0.754579 0 0 0 1 
5494384560221;0.374554;0.141814;19;0.898256 0.439329 0.0111769 0.870521 -0.427453 0.879316 -0.209971 3.01454 -0.102074 0.18383 0.977644 0.871054 0 0 0 1 
5494384560222;1.07278;0.150979;18;0.958738 0.102663 -0.265105 0.328849 -0.151578 0.97351 -0.171178 2.04392 0.240509 0.204299 0.948903 -0.828849 0 0 0 1 
5494384560223;0.406435;0.137974;18;0.926473 0.376359 0.00136847 0.518516 -0.375151 0.923779 -0.0767749 2.26561 -0.0301591 0.0706164 0.997048 0.489267 0 0 0 1 
5494384560224;0.20751;0.11787;17;0.984996 -0.0914388 0.146362 -0.362196 0.0917528 0.995771 0.00461833 -0.499668 -0.146165 0.00888005 0.98922 0.918596 0 0 0 1 
5494384560225;0.828158;0.148212;17;0.99349 0.0163322 -0.112741 0.286635 -0.00870529 0.99766 0.0678139 0.0810387 0.113585 -0.066391 0.991308 0.192339 0 0 0 1 
5494384560226;0.429538;0.138328;18;0.869778 0.147613 -0.470846 1.94317 -0.0430669 0.973274 0.225571 0.0160342 0.49156 -0.175918 0.85289 -2.68025 0 0 0 1 
5494384560227;0.623994;0.153503;23;0.935862 -0.335098 0.108957 -0.175268 0.31346 0.932968 0.176956 -1.82055 -0.160951 -0.131453 0.978169 0.750249 0 0 0 1 
5494384560228;0.349478;0.174526;18;0.982844 -0.0939326 -0.158724 0.501997 0.136693 0.948743 0.284959 -1.24502 0.123822 -0.301767 0.945307 -0.684595 0 0 0 1 
5494384560229;0.390705;0.197012;16;0.992418 0.106503 -0.0613562 0.243225 -0.103336 0.993251 0.0526635 0.81502 0.0665509 -0.0459238 0.996726 -0.0940333 0 0 0 1 
5494384560230;0.944473;0.12579;17;0.985458 0.122793 0.117446 -0.798126 -0.125726 0.991904 0.0178706 0.827913 -0.114301 -0.0323767 0.992918 0.191033 0 0 0 1 
5494384560231;0.749473;0.182121;18;0.939487 -0.200589 0.277719 -0.705481 0.184277 0.979285 0.0839274 -1.08775 -0.288801 -0.0276714 0.956989 1.35539 0 0 0 1 
5494384560232;0.1939;0.13995;17;0.996865 -0.0611119 0.0502636 -0.118653 0.0514218 0.983137 0.17549 -0.656077 -0.0601406 -0.172355 0.983197 0.322622 0 0 0 1 
5494384560233;0.634182;0.115054;19;0.926158 0.254353 0.278453 -0.143218 -0.323509 0.915299 0.239938 1.35373 -0.193839 -0.312303 0.929997 0.750041 0 0 0 1 
5494384560234;0.39885;0.130535;23;0.899007 -0.375784 -0.224885 1.07526 0.377278 0.92532 -0.0379959 -2.06944 0.222369 -0.0506856 0.973644 -1.34709 0 0 0 1 
5494384560235;0.0516956;0.102182;14;0.997524 0.0689074 -0.0140903 0.124607 -0.0688991 0.997623 0.00107018 0.477904 0.0141305 -9.67253e-05 0.9999 -0.0621107 0 0 0 1 
5494384560236;0.391323;0.150921;17;0.99295 -0.112602 -0.0370141 0.17554 0.111789 0.993457 -0.0233683 -0.169591 0.0394032 0.0190659 0.999041 -0.162299 0 0 0 1 
5494384560237;1.02921;0.120175;19;0.997495 0.0346924 0.061653 0.520051 -0.0242204 0.986307 -0.163133 0.940824 -0.0664683 0.161231 0.984676 1.23658 0 0 0 1 
5494384560238;0.757061;0.131896;17;0.955734 0.280912 -0.0875308 0.802825 -0.279458 0.959729 0.0287064 2.03069 0.0920698 -0.00297455 0.995748 -0.984392 0 0 0 1 
5494384560239;0.288361;0.122117;17;0.913001 0.299861 0.276608 -0.0336315 -0.285141 0.953964 -0.0929943 1.93768 -0.291759 0.00603177 0.956473 1.90245 0 0 0 1 
5494384560240;0.0978136;0.103475;15;0.983785 0.101991 -0.147532 0.538007 -0.0907892 0.992588 0.0807811 0.391129 0.154677 -0.066077 0.985753 -0.865994 0 0 0 1 
5494384560241;0.673589;0.136098;18;0.934316 0.329789 -0.135254 0.764945 -0.350071 0.920427 -0.173969 3.02306 0.0671188 0.20989 0.975418 -0.100096 0 0 0 1 
5494384560242;1.04802;0.155348;18;0.980458 0.131363 0.146442 -0.399436 -0.108465 0.981993 -0.15468 1.63145 -0.164124 0.135774 0.977051 1.88977 0 0 0 1 
5494384560243;0.111566;0.133609;13;0.99921 -0.0155343 -0.0365869 0.13985 0.0162161 0.999699 0.0184133 -0.000801256 0.0362898 -0.0189921 0.999161 -0.237735 0 0 0 1 
5494384560244;1.00468;0.121353;21;0.981018 -0.193252 0.0160337 0.39414 0.193231 0.981149 0.00280656 -0.866651 -0.0162738 0.000344931 0.999868 -0.700063 0 0 0 1 
5494384560245;0.648612;0.0940684;17;0.995273 -0.090456 0.0353323 -0.0897266 0.0921172 0.994561 -0.0486187 -0.0857602 -0.0307423 0.0516436 0.998192 0.761653 0 0 0 1 
5494384560246;0.310363;0.176254;16;0.997532 0.053183 0.0458442 0.164211 -0.0598115 0.985618 0.158052 0.113644 -0.0367791 -0.160404 0.986366 0.487969 0 0 0 1 
5494384560248;0.548689;0.150648;20;0.967046 -0.253344 0.0252779 0.234414 0.250473 0.96447 0.0840247 -2.95631 -0.0456669 -0.0749243 0.996143 1.20557 0 0 0 1 
5494384560249;0.350307;0.120022;18;0.965556 0.230309 0.12108 -0.211666 -0.211443 0.965699 -0.15072 2.67939 -0.151639 0.119927 0.981133 1.25857 0 0 0 1 
5494384560250;0.482059;0.13077;20;0.991224 0.0503596 0.122225 0.371484 -0.0423474 0.996834 -0.067289 -0.0986908 -0.125227 0.0615226 0.990219 1.27278 0 0 0 1 
5494384560251;0.346948;0.127553;19;0.948213 0.232587 0.216324 -0.308452 -0.253166 0.964705 0.0724708 2.09779 -0.191833 -0.123483 0.973628 2.41501 0 0 0 1 
5494384560252;0.590914;0.137441;21;0.920196 -0.228963 -0.317515 1.97941 0.181908 0.96832 -0.171074 -2.2195 0.346626 0.099663 0.932694 -3.40173 0 0 0 1 
5494384560253;0.449485;0.145259;20;0.928558 0.00400063 -0.371167 1.81386 -0.043003 0.994368 -0.0968641 0.94006 0.368689 0.105905 0.9235 -3.59756 0 0 0 1 
5494384560254;0.682288;0.137608;27;0.948631 -0.31327 0.0442906 1.32983 0.303098 0.939985 0.156719 -3.8255 -0.0907277 -0.135244 0.98665 1.85186 0 0 0 1 
5494384560255;0.468787;0.145481;17;0.998291 -0.00750329 0.0579628 -0.452552 0.0139282 0.993695 -0.111252 0.0597687 -0.0567626 0.111869 0.9921 -0.255498 0 0 0 1 
5494384560256;0.445109;0.151413;20;0.917508 0.357895 0.173465 -0.329621 -0.378991 0.919023 0.108452 3.22192 -0.120603 -0.165247 0.97885 0.963356 0 0 0 1 
5494384560257;0.358958;0.119522;19;0.975179 -0.097512 0.198791 -0.410429 0.0666181 0.985417 0.156573 -1.22532 -0.21116 -0.139444 0.967454 2.63754 0 0 0 1 
