#;prob_registration_l1 -r /home/probabilistic_point_clouds_registration/build/tester /home/point_clouds_registration_benchmark//devel/registration_pairs/urban05_local.txt /home/point_clouds_registration_benchmark//kaist/urban05 -s 0.2 -t 0.2 -p 0.3 -r 1000 -m 10 -n 10 -i 100 
id;initial_error;final_error;transformation
34562489690000;0.13992;0.567883;27;1 -1.15562e-07 7.04884e-07 -0.822035 1.15562e-07 1 2.78158e-08 4.04147 -7.04884e-07 -2.78157e-08 1 -0.123529 0 0 0 1 
34562489690001;0.182436;0.280585;15;1 -8.38637e-08 4.32668e-07 -0.70972 8.38637e-08 1 4.39304e-08 0.897783 -4.32668e-07 -4.39304e-08 1 -0.310606 0 0 0 1 
34562489690002;0.400034;0.507092;13;0.99998 4.90512e-07 -0.00635854 10.3587 3.03273e-06 1 0.000554086 -2.0851 0.00635854 -0.000554094 0.99998 -7.99258 0 0 0 1 
34562489690003;0.381518;0.533169;15;0.998726 0.000106171 -0.0504688 47.1091 0.000116251 0.99999 0.00440417 -6.03998 0.0504688 -0.00440442 0.998716 -12.8653 0 0 0 1 
34562489690004;0.467995;1.0206;27;1 -2.07536e-07 5.78425e-07 -1.46757 2.07536e-07 1 5.28544e-08 5.05583 -5.78425e-07 -5.28543e-08 1 -0.319665 0 0 0 1 
34562489690005;0.423309;0.82238;22;1 -1.89219e-07 7.58066e-07 -1.42966 1.89219e-07 1 7.74187e-08 3.56604 -7.58066e-07 -7.74186e-08 1 -0.549776 0 0 0 1 
34562489690006;0.190415;0.416897;16;0.999438 1.70225e-05 0.0335346 252.088 8.20041e-05 0.999996 -0.00295159 -24.9073 -0.0335345 0.00295268 0.999433 -201.703 0 0 0 1 
34562489690007;0.167146;1.81117;100;1 -7.29958e-08 2.72816e-06 0.463107 7.2996e-08 1 -4.72938e-08 15.1425 -2.72816e-06 4.7294e-08 1 0.9725 0 0 0 1 
34562489690008;0.102809;0.104776;11;1 -2.85796e-08 8.4136e-08 -0.177391 2.85796e-08 1 6.71142e-09 -0.513785 -8.4136e-08 -6.71142e-09 1 -0.0242965 0 0 0 1 
34562489690009;0.0509686;0.161635;14;1 -4.54385e-06 -7.97887e-06 36.1358 4.54384e-06 1 -7.99309e-07 -4.72814 7.97887e-06 7.99272e-07 1 -11.9926 0 0 0 1 
34562489690010;0.0869115;0.2986;15;0.999974 0.000138095 -0.00716102 -1092.74 -0.000133246 1 0.000677565 97.6806 0.00716111 -0.000676594 0.999974 413.408 0 0 0 1 
34562489690011;0.0782188;0.421186;25;0.999461 0.000277187 -0.0328252 -1848.59 -0.000180951 0.999996 0.00293469 164.369 0.0328258 -0.00292717 0.999457 493.604 0 0 0 1 
34562489690012;0.0495854;0.255355;24;1 1.5045e-05 0.000526626 -121.56 -1.49875e-05 1 -0.000109189 8.50146 -0.000526628 0.000109181 1 -508.876 0 0 0 1 
34562489690013;0.0622498;0.239058;14;1 2.19686e-06 8.56404e-05 -17.9231 -2.19631e-06 1 -6.34362e-06 3.56958 -8.56404e-05 6.34344e-06 1 9.30082 0 0 0 1 
34562489690014;0.30978;1.77668;63;0.999999 -0.00101011 0.000143894 8123.29 0.00100938 0.999987 0.00496273 -592.601 -0.000148905 -0.00496258 0.999988 40032.1 0 0 0 1 
34562489690015;0.264634;0.433712;13;1 -7.53835e-08 1.82779e-07 -0.693616 7.53835e-08 1 6.26108e-09 -1.90994 -1.82779e-07 -6.26107e-09 1 -0.0369508 0 0 0 1 
34562489690016;0.0384264;0.39966;27;1 0.000265433 -0.000103547 -2136.09 -0.000265417 1 0.000156925 190.136 0.000103589 -0.000156898 1 1189.46 0 0 0 1 
34562489690017;0.317284;0.43022;17;1 -1.37861e-07 3.00002e-07 -1.24703 1.37861e-07 1 4.2961e-08 -2.3377 -3.00002e-07 -4.29609e-08 1 -0.31311 0 0 0 1 
34562489690018;0.287954;2.44688;100;1 -2.83045e-07 1.34311e-06 -1.11626 2.83045e-07 1 -2.62609e-08 20.7528 -1.34311e-06 2.62613e-08 1 0.473174 0 0 0 1 
34562489690019;0.362659;0.612064;18;0.992975 0.000600882 0.118324 80.9427 0.00062514 0.999947 -0.0103242 -11.2573 -0.118323 0.0103257 0.992921 35.4028 0 0 0 1 
34562489690020;0.112961;0.0925048;14;0.999985 -4.69839e-06 -0.00553598 48.6962 7.44301e-06 1 0.000495758 -5.11665 0.00553598 -0.000495792 0.999985 99.4346 0 0 0 1 
34562489690021;0.197833;0.326933;14;1 -2.5017e-08 -4.77198e-07 -0.304536 2.5017e-08 1 -1.5796e-08 -2.24857 4.77198e-07 1.5796e-08 1 0.0851731 0 0 0 1 
34562489690022;0.278308;2.91456;100;1 -2.18376e-07 2.37442e-06 -3.42104 2.18377e-07 1 -1.43573e-07 -23.9984 -2.37442e-06 1.43574e-07 1 0.631882 0 0 0 1 
34562489690023;0.193536;0.340489;11;0.999963 1.44321e-06 -0.00863824 14.2503 5.06629e-06 1 0.000753547 -0.591574 0.00863823 -0.000753562 0.999962 -4.77122 0 0 0 1 
34562489690024;0.347959;0.514668;22;1 -5.19699e-08 1.8505e-06 -0.556283 5.19698e-08 1 5.23586e-08 -3.45774 -1.8505e-06 -5.23585e-08 1 -0.444783 0 0 0 1 
34562489690025;0.302077;0.726711;21;0.998692 0.000105384 -0.051137 75.0975 0.000122965 0.99999 0.00446227 -3.80705 0.0511369 -0.00446272 0.998682 -14.3198 0 0 0 1 
34562489690026;0.218188;0.253203;15;1 -8.72304e-08 4.39904e-07 -0.720383 8.72304e-08 1 2.82147e-08 1.0565 -4.39904e-07 -2.82147e-08 1 -0.183877 0 0 0 1 
34562489690027;0.18191;0.677458;44;0.994832 0.00038344 -0.101533 558.638 0.000525092 0.99996 0.00892126 -43.4858 0.101532 -0.00892847 0.994792 517.896 0 0 0 1 
34562489690028;0.340963;0.552129;15;1 -9.20644e-08 3.38063e-07 -0.893751 9.20644e-08 1 1.08141e-08 -2.46407 -3.38063e-07 -1.08141e-08 1 -0.0841662 0 0 0 1 
34562489690029;0.238574;0.284962;13;0.999371 6.01749e-05 0.0354553 -48.3707 4.94844e-05 0.999995 -0.003092 2.35297 -0.0354553 0.00309181 0.999366 28.6036 0 0 0 1 
34562489690031;0.530935;0.719137;14;0.999962 9.68062e-06 -0.00873319 -48.6363 -3.0578e-06 1 0.000758362 4.37944 0.0087332 -0.000758307 0.999962 -32.3274 0 0 0 1 
34562489690032;0.306555;0.490855;19;0.98969 0.000900855 0.143225 -25.6288 0.000898167 0.999922 -0.0124956 1.83534 -0.143225 0.0124954 0.989611 65.1063 0 0 0 1 
34562489690033;0.46032;0.680279;13;0.999142 7.45087e-05 -0.041423 9.6862 7.52559e-05 0.999993 0.00361393 0.349363 0.041423 -0.00361394 0.999135 -18.2648 0 0 0 1 
34562489690034;0.385219;1.25808;24;0.999593 4.51949e-05 -0.0285309 -70.7808 2.53606e-05 0.999997 0.00247258 8.45696 0.0285309 -0.0024723 0.99959 -148.737 0 0 0 1 
34562489690035;0.341621;0.483214;14;0.982968 0.0014918 0.18377 -64.7602 0.00148128 0.99987 -0.01604 4.65538 -0.18377 0.016039 0.982838 34.7351 0 0 0 1 
34562489690036;0.158469;0.235338;19;0.993092 0.000606828 -0.117334 -13.3853 0.000598478 0.999947 0.0102369 0.626929 0.117334 -0.0102364 0.99304 -53.4283 0 0 0 1 
34562489690037;0.364175;0.460869;15;0.999978 7.31675e-07 -0.00659846 11.2529 3.08332e-06 1 0.000578155 -1.89658 0.00659845 -0.000578163 0.999978 16.0134 0 0 0 1 
34562489690038;0.437441;1.25438;27;0.992171 0.000696068 0.124882 -116.479 0.000670484 0.99994 -0.0109004 12.8013 -0.124882 0.0108988 0.992112 27.3708 0 0 0 1 
34562489690039;0.392147;0.36155;11;1 3.20139e-08 -4.72509e-09 0.240111 -3.20139e-08 1 -1.21914e-08 -0.370185 4.72509e-09 1.21914e-08 1 0.0719102 0 0 0 1 
34562489690040;0.283513;0.459694;14;0.999024 8.84355e-05 -0.0441702 -18.7303 8.19056e-05 0.999993 0.00385465 1.4308 0.0441702 -0.00385451 0.999017 -12.8337 0 0 0 1 
34562489690041;0.287266;0.686181;20;0.994841 0.000461177 -0.101442 -71.5733 0.000439395 0.999961 0.00885518 7.54052 0.101442 -0.00885407 0.994802 -13.6746 0 0 0 1 
34562489690042;0.329992;1.2449;26;0.994617 0.000480074 0.10362 -93.3178 0.000459544 0.999959 -0.00904382 10.3132 -0.10362 0.00904275 0.994576 26.5908 0 0 0 1 
34562489690043;0.516204;1.27946;30;0.99848 0.000141675 -0.0551234 -62.037 0.000123555 0.999988 0.00480813 6.9271 0.0551235 -0.00480763 0.998468 -36.6152 0 0 0 1 
34562489690044;0.236329;0.181988;13;1 2.38417e-09 -1.6498e-08 0.03872 -2.38417e-09 1 1.83403e-08 0.120606 1.6498e-08 -1.83403e-08 1 -0.171474 0 0 0 1 
34562489690045;0.316589;0.545737;13;0.999554 2.17758e-05 -0.029853 142.701 5.77343e-05 0.999996 0.00266252 -13.3387 0.029853 -0.00266306 0.999551 457.778 0 0 0 1 
34562489690046;0.376135;0.36429;17;0.998702 0.000116137 -0.0509259 -14.8838 0.000110404 0.99999 0.0044456 0.805381 0.050926 -0.00444545 0.998693 -3.25946 0 0 0 1 
34562489690047;0.485231;0.494625;23;0.997736 0.000201486 -0.0672539 -20.4102 0.000193721 0.999983 0.00586977 2.49376 0.0672539 -0.0058695 0.997719 -14.2402 0 0 0 1 
34562489690048;0.199981;0.144202;14;0.999966 3.64461e-06 -0.00822775 -3.81197 2.25465e-06 1 0.000716986 0.804941 0.00822775 -0.00071698 0.999966 -10.3029 0 0 0 1 
34562489690049;0.208318;0.210728;11;1 6.21032e-09 -1.07684e-06 0.0392275 -6.21024e-09 1 7.0149e-08 0.144558 1.07684e-06 -7.0149e-08 1 -0.152982 0 0 0 1 
34562489690050;0.378047;0.777856;28;0.975096 0.00218921 -0.221774 -88.5351 0.00215848 0.99981 0.0193599 7.44435 0.221774 -0.0193564 0.974906 -31.2776 0 0 0 1 
34562489690051;0.381473;0.839032;20;0.999793 2.37564e-05 0.0203337 -47.0618 1.2299e-05 0.999998 -0.00177305 5.39638 -0.0203337 0.00177294 0.999792 17.3348 0 0 0 1 
34562489690052;0.123011;0.603144;20;0.9994 6.02676e-05 -0.0346275 -56.9471 4.43436e-05 0.999995 0.00302027 5.0921 0.0346275 -0.00301999 0.999396 -23.8584 0 0 0 1 
34562489690053;0.447449;0.952299;19;0.999897 1.54479e-05 0.0143638 -52.0005 2.53141e-06 0.999999 -0.00125169 5.89118 -0.0143638 0.0012516 0.999896 18.8395 0 0 0 1 
34562489690054;0.341689;0.855154;21;0.983922 0.00146587 -0.178595 -473.417 0.00135896 0.999876 0.0156936 41.2424 0.178596 -0.015684 0.983798 747.762 0 0 0 1 
34562489690055;0.435439;0.986341;22;0.999029 9.49527e-05 -0.0440526 -73.7206 7.40755e-05 0.999993 0.00383532 6.40549 0.0440526 -0.00383486 0.999022 -87.096 0 0 0 1 
34562489690056;0.453077;0.268274;18;0.945514 0.00476721 -0.325548 -38.8461 0.00474468 0.999585 0.0284179 4.46039 0.325548 -0.0284142 0.945098 -40.2114 0 0 0 1 
34562489690057;0.243925;0.509577;18;0.999755 2.06416e-05 0.0221163 3.25871 2.20584e-05 0.999998 -0.00193046 -2.13982 -0.0221163 0.00193048 0.999754 2.22897 0 0 0 1 
34562489690058;0.299623;0.752789;19;0.986232 0.00121137 0.165364 -97.2363 0.00119089 0.999895 -0.0144271 9.64273 -0.165364 0.0144254 0.986127 87.8086 0 0 0 1 
34562489690059;0.121954;0.146337;14;0.999954 3.02775e-06 -0.00961497 9.91473 5.03224e-06 1 0.00083825 -0.951578 0.00961497 -0.00083826 0.999953 -9.5248 0 0 0 1 
34562489690060;0.336224;1.0235;23;0.999295 7.2017e-05 0.0375506 -86.4896 5.10467e-05 0.999995 -0.0032763 8.60556 -0.0375507 0.00327591 0.999289 18.3198 0 0 0 1 
34562489690062;0.450678;0.314003;14;0.99465 0.000467356 0.103301 -15.9558 0.000466562 0.999959 -0.00901642 0.534686 -0.103301 0.00901638 0.994609 30.5473 0 0 0 1 
34562489690063;0.504888;1.10936;22;0.98356 0.00129878 0.180576 1075.36 0.00143496 0.999886 -0.0150076 -94.0908 -0.180574 0.01502 0.983447 6017.51 0 0 0 1 
34562489690064;0.452148;0.400189;11;1 -2.21642e-08 1.0293e-07 -0.208327 2.21642e-08 1 3.30781e-09 -0.33586 -1.0293e-07 -3.3078e-09 1 -0.0572384 0 0 0 1 
34562489690065;0.324911;0.534877;11;1 -2.00484e-07 -0.000838685 1.70071 2.61924e-07 1 7.32576e-05 -1.16319 0.000838685 -7.32578e-05 1 0.355721 0 0 0 1 
34562489690066;0.34336;0.499495;15;0.996963 0.000262527 0.077871 10.3251 0.000267409 0.999977 -0.0067948 -1.86283 -0.077871 0.00679499 0.99694 37.2856 0 0 0 1 
34562489690067;0.18061;0.734377;13;0.999993 -4.1748e-05 0.00387226 340.397 4.31291e-05 1 -0.000356582 -31.6401 -0.00387225 0.000356746 0.999992 -149.637 0 0 0 1 
34562489690068;0.143206;0.60762;11;0.99997 5.34257e-06 0.007769 -21.8933 -8.04843e-08 1 -0.000677318 0.544764 -0.00776901 0.000677297 0.99997 8.74322 0 0 0 1 
34562489690069;0.265071;0.354715;14;0.999966 5.62186e-06 0.00822268 -22.447 2.50375e-07 1 -0.000714149 1.01513 -0.00822268 0.000714127 0.999966 30.3787 0 0 0 1 
34562489690070;0.337998;0.444578;15;0.919626 0.00627567 -0.392745 6028.94 0.00794488 0.999371 0.0345721 -523.552 0.392715 -0.0349138 0.918997 5017.81 0 0 0 1 
34562489690071;0.291767;0.357964;14;1 3.52932e-07 -0.00037296 -2.41956 -3.41037e-07 1 3.18932e-05 -0.576345 0.00037296 -3.1893e-05 1 -4.71665 0 0 0 1 
34562489690072;0.432542;0.960807;29;0.95806 0.0036167 0.286546 326.102 0.00373733 0.999678 -0.0251134 -30.9706 -0.286544 0.025131 0.957737 -881.204 0 0 0 1 
34562489690073;0.333627;0.342241;15;0.997155 0.000251984 -0.075377 -17.7931 0.000244713 0.999978 0.00658021 0.991681 0.075377 -0.00657993 0.997133 -15.636 0 0 0 1 
34562489690074;0.333091;1.47339;26;0.954412 0.00411288 0.298463 -1103.43 0.00394873 0.999644 -0.0264024 93.7646 -0.298465 0.0263773 0.954056 -2533.49 0 0 0 1 
34562489690075;0.300984;0.896869;18;0.967069 0.00288181 -0.254496 -15.6354 0.00286702 0.999749 0.0222152 -1.10562 0.254497 -0.0222133 0.966819 -68.6477 0 0 0 1 
34562489690076;0.255405;0.553686;13;0.999388 5.17866e-05 0.0349841 8.25246 5.51582e-05 0.999995 -0.00305598 -1.73308 -0.0349841 0.00305604 0.999383 -9.6078 0 0 0 1 
34562489690077;0.37018;0.546127;25;0.898969 0.0088286 -0.437923 7.77926 0.00881249 0.99923 0.0382349 -2.37274 0.437923 -0.0382312 0.898199 -48.7602 0 0 0 1 
34562489690078;0.123389;0.221616;13;0.997618 0.000208855 -0.0689749 2.4461 0.000206966 0.999982 0.00602138 -0.830931 0.0689749 -0.00602132 0.9976 -11.8159 0 0 0 1 
34562489690079;0.437756;0.778254;17;0.997915 0.000191124 -0.0645483 -62.2645 0.000173043 0.999984 0.00563613 4.33688 0.0645484 -0.00563554 0.997899 -5.89667 0 0 0 1 
34562489690080;0.248888;0.359336;11;0.999374 5.65428e-05 -0.0353864 -9.77651 5.28268e-05 0.999995 0.00308978 0.427409 0.0353864 -0.00308972 0.999369 -1.24689 0 0 0 1 
34562489690081;0.238106;0.872207;15;0.999863 9.57067e-06 0.0165604 16.883 1.4316e-05 0.999999 -0.00144227 -3.77608 -0.0165604 0.00144231 0.999862 29.7447 0 0 0 1 
34562489690082;0.176775;0.424386;18;0.982176 0.00187646 0.187955 -2601.19 0.00134146 0.999855 -0.016992 227.744 -0.18796 0.0169413 0.982031 -4251.89 0 0 0 1 
34562489690083;0.334152;7.32156;100;0.999992 7.8108e-05 0.00405347 -624.261 -7.67645e-05 1 -0.000331609 33.3852 -0.0040535 0.000331295 0.999992 182.97 0 0 0 1 
34562489690084;0.376441;0.380651;11;1 1.62088e-07 -0.000368885 -0.865779 -1.5028e-07 1 3.20088e-05 0.0916305 0.000368885 -3.20087e-05 1 -1.54962 0 0 0 1 
34562489690085;0.162081;0.284863;15;0.998289 0.000150572 -0.058473 -1.17064 0.000148217 0.999987 0.0051055 -0.582579 0.058473 -0.00510543 0.998276 -3.07739 0 0 0 1 
34562489690086;0.435379;0.343797;14;0.999161 6.73687e-05 0.0409554 41.647 8.19508e-05 0.999993 -0.00364422 -3.85921 -0.0409554 0.00364452 0.999154 -548.936 0 0 0 1 
34562489690087;0.326485;0.39835;11;0.999935 6.66399e-06 0.0113718 -9.66062 4.62303e-06 1 -0.000992516 -0.358116 -0.0113718 0.000992505 0.999935 3.72428 0 0 0 1 
34562489690088;0.343468;0.372677;11;1 8.32006e-08 -4.28883e-05 -0.332917 -8.30493e-08 1 3.52975e-06 -0.324599 4.28883e-05 -3.52974e-06 1 -1.61152 0 0 0 1 
34562489690089;0.181879;0.563323;25;0.994458 0.000508051 -0.105135 -179.508 0.000467348 0.999957 0.00925271 14.2665 0.105136 -0.00925056 0.994415 566.101 0 0 0 1 
34562489690090;0.274172;0.687827;16;0.978519 0.00187763 -0.206148 12.8397 0.00187303 0.999836 0.0179973 -2.63823 0.206148 -0.0179969 0.978355 -27.6926 0 0 0 1 
34562489690091;0.516972;4.06231;58;0.999951 6.73554e-05 -0.00984978 -502.834 -5.89032e-05 1 0.000858397 33.3678 0.00984984 -0.000857776 0.999951 -19.4218 0 0 0 1 
34562489690093;0.4248;0.485797;13;1 -5.14684e-08 8.7662e-07 -0.362905 5.14684e-08 1 9.92916e-09 1.40815 -8.7662e-07 -9.92911e-09 1 1.79072 0 0 0 1 
34562489690094;0.0934313;0.218283;14;0.998923 0.000921667 0.0463943 -6665.19 -0.00073269 0.999991 -0.00409013 586.563 -0.0463977 0.00405173 0.998915 -7.0723 0 0 0 1 
34562489690095;0.144672;0.212641;13;0.999998 8.6173e-07 0.0018419 -6.0171 -5.65648e-07 1 -0.000160748 1.88303 -0.0018419 0.000160747 0.999998 1.02553 0 0 0 1 
34562489690096;0.228702;0.307983;13;0.999139 -0.000296787 -0.0414967 2997.9 0.000453725 0.999993 0.00377257 -260.747 0.0414953 -0.00378815 0.999132 1328.37 0 0 0 1 
34562489690097;0.121961;0.30929;15;0.997677 0.000187722 0.0681281 109.523 0.000217831 0.999982 -0.00594531 -11.9328 -0.068128 0.00594634 0.997659 15.3089 0 0 0 1 
34562489690098;0.286027;0.31112;13;0.999029 -6.72158e-05 0.0440513 1216.1 0.000239963 0.999992 -0.00391624 -105.156 -0.0440506 0.003923 0.999022 -618.709 0 0 0 1 
34562489690099;0.0245713;0.102661;13;0.999899 -0.000250885 0.014229 2087.35 0.000269027 0.999999 -0.00127315 -182.783 -0.0142287 0.00127685 0.999898 -278.244 0 0 0 1 
34562489690100;0.214406;0.239674;11;1 -3.26716e-08 -1.11662e-07 -0.233236 3.26716e-08 1 5.1661e-08 1.13245 1.11662e-07 -5.1661e-08 1 -0.45658 0 0 0 1 
34562489690101;0.290539;0.352897;11;1 -6.55752e-08 5.65962e-07 -0.44831 6.55752e-08 1 -2.1106e-08 0.0752883 -5.65962e-07 2.11061e-08 1 0.147422 0 0 0 1 
34562489690102;0.160438;0.254938;23;0.99388 0.000758452 -0.110459 -1787.83 0.000261045 0.999958 0.00921488 154.987 0.110462 -0.00918732 0.993838 -3676.84 0 0 0 1 
34562489690103;0.385248;0.459049;11;1 -2.0105e-08 2.07842e-07 -0.248807 2.0105e-08 1 -4.55124e-08 -1.23549 -2.07842e-07 4.55124e-08 1 0.237711 0 0 0 1 
34562489690104;0.150227;0.272039;14;0.999619 3.21382e-05 0.0276051 4.08625 3.43875e-05 0.999997 -0.00240943 -2.03171 -0.0276051 0.00240946 0.999616 5.33004 0 0 0 1 
34562489690105;0.212702;0.277795;14;0.999331 5.51605e-05 0.0365635 19.676 6.15399e-05 0.999995 -0.00319058 -3.37799 -0.0365635 0.0031907 0.999326 11.9957 0 0 0 1 
34562489690106;0.369761;0.410716;11;1 -5.46122e-07 0.000826197 3.89202 6.05651e-07 1 -7.20521e-05 0.31847 -0.000826197 7.20526e-05 1 0.68892 0 0 0 1 
34562489690107;0.232667;0.214948;13;1 -2.41052e-08 2.49061e-07 -0.198976 2.41052e-08 1 1.98666e-08 0.143607 -2.49061e-07 -1.98666e-08 1 -0.154071 0 0 0 1 
34562489690108;0.240619;0.273158;11;1 -1.61489e-08 -1.74824e-07 -0.0505811 1.6149e-08 1 2.10997e-08 0.306361 1.74824e-07 -2.10997e-08 1 -0.114661 0 0 0 1 
34562489690109;0.185949;0.238837;11;1 -3.97588e-08 -4.27801e-07 -0.179116 3.97588e-08 1 2.61578e-08 0.360292 4.27801e-07 -2.61579e-08 1 -0.161822 0 0 0 1 
34562489690110;0.265953;0.325993;17;0.998557 -3.90405e-05 -0.0537062 1334.69 0.000290782 0.999989 0.00467957 -116.538 0.0537055 -0.00468844 0.998546 -4.756 0 0 0 1 
34562489690111;0.165425;0.29584;13;0.999569 4.53697e-05 0.029343 -66.1576 2.96566e-05 0.999997 -0.00255643 7.9897 -0.029343 0.0025562 0.999566 45.5777 0 0 0 1 
34562489690112;0.350609;0.363005;13;0.996533 0.00030565 0.0832027 -34.9133 0.000299358 0.999974 -0.00725892 4.75558 -0.0832027 0.00725866 0.996506 45.0979 0 0 0 1 
34562489690113;0.399049;0.428228;11;1 -2.24769e-08 1.12755e-07 -0.141198 2.24769e-08 1 -6.52537e-10 0.408513 -1.12755e-07 6.5254e-10 1 0.00844756 0 0 0 1 
34562489690114;0.0997142;0.249877;13;1 1.508e-08 2.76956e-07 0.192058 -1.508e-08 1 1.09303e-08 1.90269 -2.76956e-07 -1.09303e-08 1 -0.0384845 0 0 0 1 
34562489690115;0.280795;0.33922;11;1 -4.44978e-07 -3.69479e-05 2.75342 4.45087e-07 1 2.9601e-06 -0.712489 3.69479e-05 -2.96011e-06 1 -2.42845 0 0 0 1 
34562489690116;0.37279;0.440494;14;1 -6.93726e-08 1.88779e-07 -0.512268 6.93726e-08 1 4.07351e-08 -0.16135 -1.88779e-07 -4.07351e-08 1 -0.354552 0 0 0 1 
34562489690117;0.26675;2.50062;100;1 -2.90749e-07 -8.49427e-07 -0.403584 2.90749e-07 1 1.40204e-07 24.0272 8.49427e-07 -1.40204e-07 1 0.177764 0 0 0 1 
34562489690118;0.0989808;0.411129;32;0.996789 -0.000988414 -0.080069 10219.1 0.00151217 0.999978 0.00648096 -889.061 0.0800608 -0.00658122 0.996768 -3288.93 0 0 0 1 
34562489690119;0.386067;0.65073;16;0.997902 0.000170369 -0.0647425 108.922 0.00019568 0.999984 0.00564753 -9.01511 0.0647424 -0.00564836 0.997886 -33.535 0 0 0 1 
34562489690120;0.309421;0.44996;11;0.999953 5.05835e-06 0.00967867 -8.62523 3.11902e-06 1 -0.00084487 3.04611 -0.00967867 0.000844861 0.999953 1.6371 0 0 0 1 
34562489690121;0.382301;0.43782;11;1 -4.75266e-08 1.59949e-07 -0.288164 4.75266e-08 1 1.37554e-08 0.4568 -1.59949e-07 -1.37553e-08 1 -0.00172033 0 0 0 1 
34562489690122;0.179762;0.256788;11;1 -1.80017e-08 3.02978e-07 -0.227622 1.80017e-08 1 -5.00187e-08 -1.20616 -3.02978e-07 5.00187e-08 1 0.326391 0 0 0 1 
34562489690124;0.346704;0.492649;11;1 -8.77146e-08 -2.0479e-07 -0.674381 8.77146e-08 1 4.33539e-08 0.374052 2.0479e-07 -4.33539e-08 1 -0.321234 0 0 0 1 
34562489690125;0.12865;0.357254;14;0.999959 4.33656e-06 -0.00901552 -5.06364 2.75241e-06 1 0.000786295 2.62603 0.00901552 -0.000786288 0.999959 -6.60277 0 0 0 1 
34562489690126;0.441684;0.694615;13;0.999921 9.41006e-06 0.0126085 -20.8294 4.46287e-06 0.999999 -0.00110026 4.18647 -0.0126085 0.00110023 0.99992 5.23328 0 0 0 1 
34562489690127;0.210546;0.257116;13;1 3.16864e-08 5.74176e-07 0.229378 -3.16864e-08 1 1.73768e-08 0.771344 -5.74176e-07 -1.73768e-08 1 -0.17083 0 0 0 1 
34562489690128;0.0334274;0.205849;15;0.999727 1.50578e-05 -0.0233765 73.6623 3.25811e-05 0.999998 0.00203752 -7.99011 0.0233765 -0.00203772 0.999725 -26.2365 0 0 0 1 
34562489690129;0.0803559;0.110806;13;1 -1.88372e-06 3.16766e-05 14.695 1.88377e-06 1 -1.72212e-06 -0.949165 -3.16766e-05 1.72218e-06 1 7.7791 0 0 0 1 
34562489690130;0.355847;0.394898;11;1 -5.83904e-08 -1.98138e-07 -0.421201 5.83904e-08 1 2.73849e-08 0.251205 1.98138e-07 -2.73849e-08 1 -0.24236 0 0 0 1 
34562489690131;0.103607;0.373129;15;1 1.14268e-05 0.000457505 -91.0842 -1.14083e-05 1 -4.03908e-05 11.0059 -0.000457506 4.03856e-05 1 -4.07317 0 0 0 1 
34562489690132;0.232394;0.326141;14;0.999604 2.84289e-05 -0.0281534 52.7452 4.07572e-05 0.999997 0.00245689 -2.47031 0.0281534 -0.00245707 0.999601 -8.64705 0 0 0 1 
34562489690133;0.372111;0.427262;11;0.999999 -7.21071e-07 -0.00119903 5.45942 8.4632e-07 1 0.000104458 0.182483 0.00119903 -0.000104459 0.999999 -2.11874 0 0 0 1 
34562489690134;0.23228;0.265897;11;0.999996 -1.36453e-06 -0.00266114 12.8328 1.98124e-06 1 0.000231745 -0.351844 0.00266114 -0.000231749 0.999996 -5.1319 0 0 0 1 
34562489690135;0.171644;2.19188;100;1 -6.05092e-08 -2.09374e-06 0.172128 6.05094e-08 1 8.16811e-08 16.4871 2.09374e-06 -8.16812e-08 1 -0.120977 0 0 0 1 
34562489690136;0.200279;0.242361;13;0.999867 7.42234e-06 -0.0163032 34.7987 1.57727e-05 0.999999 0.0014226 -2.76016 0.0163032 -0.00142267 0.999866 -6.40237 0 0 0 1 
34562489690137;0.062551;0.24336;17;0.99851 0.000941574 -0.0545691 -6520.74 -0.000703704 0.99999 0.0043781 570.962 0.0545727 -0.00433318 0.9985 -3471.49 0 0 0 1 
34562489690138;0.126833;0.231817;11;1 4.96248e-08 -2.05334e-08 0.458671 -4.96248e-08 1 -1.17807e-08 1.48792 2.05334e-08 1.17807e-08 1 0.109677 0 0 0 1 
34562489690139;0.334771;0.484664;11;1 2.1303e-08 9.8702e-08 0.259622 -2.1303e-08 1 1.72332e-08 1.74193 -9.8702e-08 -1.72332e-08 1 -0.0659783 0 0 0 1 
34562489690140;0.169798;0.327094;13;1 -4.81844e-08 1.1644e-07 -0.190164 4.81844e-08 1 1.45278e-08 1.92241 -1.1644e-07 -1.45278e-08 1 -0.103231 0 0 0 1 
34562489690141;0.269667;0.521378;15;0.999963 4.99049e-06 -0.00863434 -11.9271 1.51647e-06 1 0.000753607 3.6401 0.00863434 -0.000753592 0.999962 -2.25672 0 0 0 1 
34562489690142;0.0756236;0.2547;18;0.9994 -0.000166426 -0.0346391 1764.15 0.000267372 0.999996 0.0029096 -155.065 0.0346385 -0.00291711 0.999396 -862.337 0 0 0 1 
34562489690143;0.273373;0.535304;16;0.999969 4.74975e-06 0.00789094 -15.9371 6.77656e-07 1 -0.000687799 4.10776 -0.00789094 0.000687783 0.999969 8.85547 0 0 0 1 
34562489690144;0.115892;3.09893;100;1 1.35212e-07 3.66029e-06 2.09654 -1.35211e-07 1 -7.60353e-08 24.3125 -3.66029e-06 7.60348e-08 1 1.27123 0 0 0 1 
34562489690145;0.160443;0.31473;14;0.999691 4.20964e-05 0.0248703 -124.734 1.36181e-05 0.999997 -0.00224003 8.97355 -0.0248703 0.00223968 0.999688 -549.981 0 0 0 1 
34562489690146;0.0878609;2.21847;100;1 1.22059e-07 1.59166e-06 1.86636 -1.22059e-07 1 -3.45353e-08 17.0905 -1.59166e-06 3.45351e-08 1 0.974587 0 0 0 1 
34562489690147;0.0902058;0.253345;16;0.998488 0.000118629 -0.054963 114.394 0.000145199 0.999988 0.00479609 -8.54557 0.0549629 -0.00479682 0.998477 -15.9499 0 0 0 1 
34562489690148;0.253989;0.576334;15;1 2.45281e-08 -3.17659e-07 0.395408 -2.45281e-08 1 6.17633e-09 2.89794 3.17659e-07 -6.17633e-09 1 0.071367 0 0 0 1 
34562489690149;0.415878;0.418897;11;1 -2.95534e-08 1.45962e-07 -0.212486 2.95533e-08 1 3.34921e-08 0.138477 -1.45962e-07 -3.34921e-08 1 -0.306876 0 0 0 1 
34562489690150;0.323952;0.40059;11;1 -7.47844e-08 -3.27443e-07 -0.589705 7.47844e-08 1 2.42581e-08 0.0681124 3.27443e-07 -2.42582e-08 1 -0.179709 0 0 0 1 
34562489690151;0.0908205;2.27322;100;1 1.84091e-07 3.45467e-07 1.85638 -1.84091e-07 1 -7.63775e-09 17.6717 -3.45467e-07 7.63769e-09 1 0.144421 0 0 0 1 
34562489690152;0.416208;0.42308;13;0.998671 0.000115395 -0.0515384 12.0672 0.000116545 0.99999 0.00449729 0.127964 0.0515384 -0.00449732 0.998661 -18.8432 0 0 0 1 
34562489690153;0.0988573;0.253222;14;0.999927 8.51819e-06 -0.0120904 -14.98 4.17929e-06 0.999999 0.00105018 -1.38503 0.0120904 -0.00105016 0.999926 -43.313 0 0 0 1 
34562489690155;0.259195;0.545494;14;0.999475 4.52442e-05 -0.0324116 9.66403 4.6455e-05 0.999996 0.00282845 1.86477 0.0324116 -0.00282847 0.999471 -11.3512 0 0 0 1 
34562489690156;0.172496;0.265299;15;0.999778 1.75842e-05 -0.0210808 17.1474 2.12171e-05 0.999998 0.00184037 -0.114616 0.0210808 -0.00184041 0.999776 -1.57767 0 0 0 1 
34562489690157;0.159263;0.417699;21;0.998752 -0.000674255 0.0499301 6296.33 0.000910256 0.999989 -0.00470406 -546.153 -0.0499263 0.00474364 0.998742 -3095.22 0 0 0 1 
34562489690158;0.105511;0.198926;14;0.999242 0.000143625 0.0389309 -627.46 -5.73735e-06 0.999994 -0.00354195 54.6202 -0.0389312 0.00353904 0.999236 -1126.95 0 0 0 1 
34562489690159;0.266866;0.353164;14;1 8.10442e-09 3.42857e-07 0.180799 -8.10443e-09 1 3.67148e-08 1.55435 -3.42857e-07 -3.67148e-08 1 -0.264517 0 0 0 1 
34562489690160;0.0473697;0.135645;14;0.999996 1.20452e-06 0.00284917 -6.56937 -4.98314e-07 1 -0.000247864 0.991028 -0.00284917 0.000247862 0.999996 6.65572 0 0 0 1 
34562489690161;0.216211;0.239659;11;1 -4.29396e-07 -2.49829e-06 3.58199 4.29395e-07 1 -3.3446e-07 0.155451 2.49829e-06 3.34459e-07 1 -4.26873 0 0 0 1 
34562489690162;0.156911;0.304616;16;0.999949 7.10646e-06 0.0100624 -21.2013 1.72438e-06 1 -0.000877601 2.36259 -0.0100624 0.000877574 0.999949 7.09526 0 0 0 1 
34562489690163;0.149607;0.307803;16;0.999059 -0.000150683 0.0433781 1867.48 0.000323161 0.999992 -0.00396917 -159.618 -0.0433772 0.00397946 0.999051 -1547.64 0 0 0 1 
34562489690164;0.334807;0.45045;11;1 6.66647e-08 7.51184e-07 0.490955 -6.66647e-08 1 -2.42454e-08 -0.461895 -7.51184e-07 2.42453e-08 1 0.113499 0 0 0 1 
34562489690165;0.385816;0.602817;21;0.984562 0.00135162 0.17503 -53.9682 0.00134393 0.999882 -0.0152811 6.96301 -0.17503 0.0152804 0.984444 11.3807 0 0 0 1 
34562489690166;0.333068;0.443877;14;0.999902 1.27734e-05 0.0139704 -34.2776 4.2266e-06 0.999999 -0.00121682 3.39014 -0.0139704 0.00121677 0.999902 23.3481 0 0 0 1 
34562489690167;0.363242;0.463434;13;1 1.5787e-08 2.72477e-07 0.244432 -1.5787e-08 1 2.40103e-08 0.795071 -2.72477e-07 -2.40103e-08 1 -0.18483 0 0 0 1 
34562489690168;0.405801;0.260614;14;0.999327 6.11527e-05 -0.0366706 -13.6379 5.62073e-05 0.999995 0.00319935 2.98679 0.0366706 -0.00319926 0.999322 -20.5841 0 0 0 1 
34562489690169;0.233383;0.457118;15;0.999986 5.0414e-07 -0.00519704 6.23709 1.85074e-06 1 0.000453115 1.67579 0.00519704 -0.000453118 0.999986 -5.9474 0 0 0 1 
34562489690170;0.111556;0.143746;13;1 2.23666e-08 3.70084e-07 0.300483 -2.23666e-08 1 7.44571e-09 0.661883 -3.70084e-07 -7.44572e-09 1 -0.116575 0 0 0 1 
34562489690171;0.0960451;0.300771;14;0.999376 5.5388e-05 -0.0353184 -1.98 5.34642e-05 0.999995 0.00308107 2.07678 0.0353184 -0.00308104 0.999371 -21.359 0 0 0 1 
34562489690172;0.321124;0.419597;16;1 1.21701e-07 1.38853e-06 1.01383 -1.21701e-07 1 2.0355e-08 0.485056 -1.38853e-06 -2.03552e-08 1 -0.229495 0 0 0 1 
34562489690173;0.268086;0.317169;13;1 2.69271e-08 4.41047e-07 0.556446 -2.69271e-08 1 -1.86999e-08 0.346994 -4.41047e-07 1.86999e-08 1 0.790146 0 0 0 1 
34562489690174;0.189053;0.262351;11;1 2.67069e-08 6.23219e-07 0.32747 -2.67069e-08 1 -1.1404e-08 0.618349 -6.23219e-07 1.1404e-08 1 0.0368824 0 0 0 1 
34562489690175;0.133957;0.262301;14;0.999841 9.09924e-05 0.0178232 -621.628 -6.24616e-05 0.999999 -0.00160132 54.2433 -0.0178233 0.00159996 0.99984 -352.892 0 0 0 1 
34562489690176;0.144022;0.398116;14;0.999474 5.04453e-05 0.032421 -39.6649 4.1329e-05 0.999996 -0.00283003 2.33727 -0.032421 0.00282988 0.99947 5.73194 0 0 0 1 
34562489690177;0.320514;0.410382;11;0.999982 2.39473e-06 0.00599288 -6.74039 7.38107e-07 1 -0.000522758 1.35721 -0.00599288 0.000522753 0.999982 3.63978 0 0 0 1 
34562489690178;0.353901;0.667451;18;0.995725 0.000371526 -0.0923653 26.4718 0.000374551 0.999967 0.00805999 0.891032 0.0923653 -0.00806013 0.995693 -33.3864 0 0 0 1 
34562489690179;0.0142393;0.0757828;11;1 2.48409e-08 2.03578e-07 0.292349 -2.48409e-08 1 -4.10575e-09 0.198587 -2.03578e-07 4.10574e-09 1 -1.89287e-05 0 0 0 1 
34562489690180;0.106434;0.177877;13;0.999909 6.71843e-06 -0.0134736 11.3279 9.13103e-06 0.999999 0.00117627 -0.568255 0.0134736 -0.00117629 0.999909 -0.653062 0 0 0 1 
34562489690181;0.139987;0.123932;11;1 -2.01455e-07 0.000668679 1.73895 2.40574e-07 1 -5.85026e-05 0.46255 -0.000668679 5.85027e-05 1 -0.777271 0 0 0 1 
34562489690182;0.247912;0.541385;14;0.999496 4.35065e-05 -0.0317594 8.33997 4.45366e-05 0.999996 0.00277148 1.55939 0.0317594 -0.0027715 0.999492 -11.785 0 0 0 1 
34562489690183;0.115667;0.372079;15;1 2.57384e-08 7.05405e-07 0.32309 -2.57384e-08 1 3.62123e-08 1.77085 -7.05405e-07 -3.62123e-08 1 -0.227943 0 0 0 1 
34562489690184;0.228068;0.287238;11;1 4.13129e-08 5.19988e-07 0.410961 -4.13129e-08 1 -2.3241e-08 0.271809 -5.19988e-07 2.3241e-08 1 0.106421 0 0 0 1 
34562489690186;0.0711037;0.258995;26;0.999996 5.00031e-06 0.0028344 -37.1767 -4.29593e-06 1 -0.000248518 0.470175 -0.00283441 0.000248505 0.999996 -8.95393 0 0 0 1 
34562489690187;0.0441165;0.0635843;15;0.999473 4.50302e-05 0.0324685 3.3467 4.69977e-05 0.999996 -0.00283361 -0.706589 -0.0324684 0.00283364 0.999469 6.63279 0 0 0 1 
34562489690188;0.231973;0.205601;14;0.998276 0.000172252 -0.0586901 -166.171 0.000129953 0.999987 0.0051453 15.6934 0.0586902 -0.00514406 0.998263 163.422 0 0 0 1 
34562489690189;0.393005;0.540158;18;0.995361 0.000396807 -0.0962082 79.0905 0.000413 0.999965 0.00839718 -2.36344 0.0962081 -0.00839796 0.995326 -8.93751 0 0 0 1 
34562489690190;0.219538;0.654089;45;0.999881 5.14606e-06 -0.0154051 43.0844 1.55811e-05 0.999999 0.00134535 3.64876 0.0154051 -0.00134543 0.99988 2.63557 0 0 0 1 
34562489690191;0.389147;2.0063;100;1 3.23097e-07 1.31437e-06 1.10435 -3.23097e-07 1 -1.21434e-07 -23.6633 -1.31437e-06 1.21434e-07 1 0.398086 0 0 0 1 
34562489690192;0.192134;0.264613;11;1 4.61189e-08 2.31458e-07 0.182146 -4.61189e-08 1 -1.73061e-10 -1.33581 -2.31458e-07 1.7305e-10 1 -0.0642562 0 0 0 1 
34562489690193;0.281462;0.295457;15;1 -4.45145e-08 4.86401e-07 -0.173174 4.45144e-08 1 8.25571e-08 0.860203 -4.86401e-07 -8.25571e-08 1 -0.661749 0 0 0 1 
34562489690194;0.204314;0.209796;13;0.999751 -0.000221979 0.022329 1957.84 0.00027024 0.999998 -0.00215836 -171.359 -0.0223285 0.00216386 0.999748 -1725.83 0 0 0 1 
34562489690195;0.157469;0.306993;22;0.999981 2.743e-06 -0.00612744 -8.43323 5.33325e-07 1 0.000534695 3.81379 0.00612745 -0.000534688 0.999981 -2.55155 0 0 0 1 
34562489690196;0.0529904;0.0823631;15;0.999918 -4.71355e-06 -0.0128432 97.7596 1.92649e-05 0.999999 0.00113288 -7.69982 0.0128432 -0.00113303 0.999917 94.1173 0 0 0 1 
34562489690197;0.438295;2.11867;100;1 3.39821e-07 -4.04753e-07 0.316341 -3.39821e-07 1 -2.71017e-08 -25.1884 4.04753e-07 2.71018e-08 1 -0.673133 0 0 0 1 
34562489690198;0.0525853;0.0403689;14;0.999987 1.35301e-06 -0.00516319 -0.242064 9.72606e-07 1 0.000450419 1.25701 0.00516319 -0.000450418 0.999987 -2.8916 0 0 0 1 
34562489690199;0.186435;1.71313;100;1 -2.23898e-07 -2.89914e-07 -0.291895 2.23899e-07 1 9.23335e-08 21.4092 2.89914e-07 -9.23335e-08 1 -0.121968 0 0 0 1 
34562489690200;0.246291;0.210153;11;0.999965 5.07975e-06 -0.00832432 -14.8657 9.62398e-07 1 0.000725839 1.81816 0.00832432 -0.000725822 0.999965 -6.83925 0 0 0 1 
34562489690201;0.100046;0.193841;16;0.999988 -2.5999e-06 0.00484673 28.4042 4.64803e-06 1 -0.000422569 -4.23775 -0.00484673 0.000422587 0.999988 4.32705 0 0 0 1 
34562489690202;0.155088;0.154539;11;1 4.05221e-08 1.2476e-07 0.0299653 -4.05221e-08 1 2.69527e-08 0.528574 -1.2476e-07 -2.69527e-08 1 -0.117315 0 0 0 1 
34562489690203;0.0877176;0.797394;100;0.999999 4.24357e-06 0.00132868 -31.0105 -4.09034e-06 1 -0.000115325 13.2096 -0.00132868 0.000115319 0.999999 6.1401 0 0 0 1 
34562489690204;0.244178;0.435842;22;0.999675 3.29275e-05 0.0254991 -39.7771 2.38395e-05 0.999998 -0.00222593 -0.533813 -0.0254991 0.00222581 0.999672 3.46336 0 0 0 1 
34562489690205;0.481854;0.367014;14;0.997776 0.000201729 -0.0666558 -49.4147 0.000186517 0.999983 0.00581835 4.31595 0.0666559 -0.00581784 0.997759 -11.6078 0 0 0 1 
34562489690206;0.097924;1.27785;100;0.998763 5.95869e-05 0.0497206 383.565 0.000159862 0.99999 -0.00440966 -49.7194 -0.0497203 0.00441215 0.998753 -575.823 0 0 0 1 
34562489690207;0.417969;0.422638;15;0.99834 0.000146016 -0.0575915 -0.885924 0.00014369 0.999987 0.00502618 2.20023 0.0575915 -0.00502611 0.998328 -14.6415 0 0 0 1 
34562489690208;0.41666;0.398401;11;1 5.86784e-08 -2.76806e-08 0.322277 -5.86784e-08 1 1.96317e-08 -0.939979 2.76806e-08 -1.96317e-08 1 -0.167037 0 0 0 1 
34562489690209;0.102897;0.0916728;15;0.999986 4.56172e-05 -0.00536499 -355.791 -4.3094e-05 1 0.000470412 32.0323 0.00536501 -0.000470174 0.999985 13.6361 0 0 0 1 
34562489690210;0.0465566;0.184567;18;0.999919 1.11803e-05 0.0127477 -34.497 3.02045e-06 0.999999 -0.00111397 1.08602 -0.0127477 0.00111392 0.999918 -9.16167 0 0 0 1 
34562489690211;0.156365;1.52316;100;1 3.31711e-07 -4.91933e-07 0.294328 -3.31711e-07 1 -1.67142e-08 -19.8013 4.91933e-07 1.67144e-08 1 -0.214802 0 0 0 1 
34562489690212;0.249667;0.280526;11;1 3.37252e-08 2.0408e-07 0.131257 -3.37252e-08 1 -1.08657e-08 -0.849917 -2.0408e-07 1.08657e-08 1 0.0445254 0 0 0 1 
34562489690213;0.302086;0.365869;11;0.999814 1.98365e-05 0.0192696 -31.4411 1.25739e-05 0.999999 -0.00168182 0.650876 -0.0192697 0.00168175 0.999813 4.18466 0 0 0 1 
34562489690214;0.0408606;0.0911321;14;1 2.15594e-09 1.16765e-07 0.182648 -2.15594e-09 1 2.06379e-08 1.06306 -1.16765e-07 -2.06379e-08 1 -0.135895 0 0 0 1 
34562489690215;0.322976;1.57879;100;1 -3.03735e-07 9.32515e-07 -0.587542 3.03735e-07 1 -2.59087e-09 19.1929 -9.32515e-07 2.59115e-09 1 0.310465 0 0 0 1 
34562489690217;0.345856;0.276071;14;0.999947 3.97849e-06 0.01026 2.61028 5.20382e-06 1 -0.000894939 -0.111169 -0.01026 0.000894945 0.999947 7.7675 0 0 0 1 
34562489690218;0.369096;0.232759;11;0.999953 3.25005e-06 -0.00969659 7.66575 4.95563e-06 1 0.00084622 -1.33834 0.00969659 -0.000846228 0.999953 -3.47703 0 0 0 1 
34562489690219;0.344434;0.647835;14;1 -6.72101e-08 -3.19308e-07 -0.466233 6.72101e-08 1 -1.51565e-08 0.722481 3.19308e-07 1.51565e-08 1 0.15972 0 0 0 1 
34562489690220;0.281678;0.356045;11;1 3.3221e-08 -5.01632e-07 0.276948 -3.3221e-08 1 2.93813e-09 0.120132 5.01632e-07 -2.93811e-09 1 -0.0373314 0 0 0 1 
34562489690221;0.2479;0.723229;17;0.998883 0.000183833 -0.0472555 -689.308 3.26396e-05 0.99999 0.0045801 60.5029 0.0472558 -0.00457652 0.998872 3623.45 0 0 0 1 
34562489690222;0.309448;0.745381;18;0.998993 8.07032e-05 -0.0448729 62.6425 9.51979e-05 0.999992 0.00391783 -5.02092 0.0448729 -0.00391816 0.998985 0.0875266 0 0 0 1 
34562489690223;0.503992;0.656661;21;0.973624 0.00229285 -0.228146 111.715 0.00231206 0.999799 0.0199147 -10.5025 0.228146 -0.0199169 0.973423 -25.2194 0 0 0 1 
34562489690224;0.505738;0.371565;13;0.998133 0.000159702 -0.0610847 34.4245 0.000166233 0.999986 0.00533068 -3.24906 0.0610847 -0.00533088 0.998118 -22.4286 0 0 0 1 
34562489690225;0.255572;0.541308;15;0.99403 0.000512316 0.109104 55.4515 0.000530042 0.999954 -0.0095246 -5.15029 -0.109104 0.00952557 0.993985 7.31754 0 0 0 1 
34562489690226;0.59187;0.801627;28;0.982977 0.00148447 -0.183722 39.8144 0.00148851 0.99987 0.0160429 -4.41702 0.183722 -0.0160433 0.982847 15.937 0 0 0 1 
34562489690227;0.535961;0.55957;16;0.993389 0.000682242 -0.114799 -829.687 0.000517492 0.999946 0.0104206 72.3008 0.1148 -0.0104111 0.993334 3117.63 0 0 0 1 
34562489690228;0.492348;1.21103;21;0.957522 0.00368899 -0.288336 198.446 0.00372787 0.999676 0.0251697 -16.892 0.288336 -0.0251754 0.957198 0.754256 0 0 0 1 
34562489690229;0.377629;0.396059;13;0.999118 7.77306e-05 -0.0419978 -0.0693072 7.61858e-05 0.999993 0.00366325 -1.0877 0.0419978 -0.00366322 0.999111 -30.0893 0 0 0 1 
34562489690230;0.309344;1.0753;27;0.990779 0.000795635 -0.135484 93.367 0.000814245 0.99993 0.0118266 -6.14041 0.135484 -0.0118279 0.990709 -13.558 0 0 0 1 
34562489690231;0.422227;0.865768;16;0.998994 8.13685e-05 0.0448384 44.2339 9.42259e-05 0.999992 -0.00391404 -2.84246 -0.0448383 0.00391433 0.998987 7.12676 0 0 0 1 
34562489690232;0.215127;0.831937;23;0.997599 0.000110616 0.0692606 785.352 0.000287789 0.999983 -0.00574225 -67.9818 -0.0692601 0.00574839 0.997582 2406.21 0 0 0 1 
34562489690233;0.420689;0.572781;13;0.999914 5.54024e-06 -0.0131368 16.9128 9.52308e-06 0.999999 0.00114658 -1.20517 0.0131368 -0.00114661 0.999913 -3.71039 0 0 0 1 
34562489690234;0.244511;0.970481;28;0.998763 0.000100297 -0.0497251 66.7002 0.000115689 0.999991 0.00434071 -5.56027 0.0497251 -0.00434109 0.998754 -5.35078 0 0 0 1 
34562489690235;0.305129;0.179957;14;0.999966 2.77713e-06 0.00823686 -0.206997 3.15144e-06 1 -0.000719747 0.577964 -0.00823686 0.000719749 0.999966 -3.76699 0 0 0 1 
34562489690236;0.196522;0.889865;24;0.994812 0.000349 0.10173 820.633 0.000550139 0.999961 -0.0088103 -70.2194 -0.101729 0.00882056 0.994773 498.458 0 0 0 1 
34562489690237;0.236663;0.954515;19;0.994364 0.000481718 -0.106016 95.811 0.000502597 0.999957 0.00925769 -8.60743 0.106016 -0.0092588 0.994321 17.1955 0 0 0 1 
34562489690238;0.36003;0.883645;19;0.939795 0.00528751 0.341697 -295.907 0.00525875 0.999538 -0.0299306 23.5555 -0.341698 0.0299256 0.939333 -718.403 0 0 0 1 
34562489690239;0.243492;0.519059;15;0.999978 -4.0411e-07 -0.00666385 18.4696 4.26704e-06 1 0.000579671 -2.72481 0.00666384 -0.000579686 0.999978 -16.8902 0 0 0 1 
34562489690240;0.35283;0.5754;14;0.999947 3.6074e-06 -0.0102871 8.76636 5.59504e-06 1 0.000894529 -3.01537 0.0102871 -0.00089454 0.999947 -30.0808 0 0 0 1 
34562489690241;0.379757;2.12639;43;0.954323 0.00397346 0.298749 73.3709 0.00400197 0.999652 -0.0260796 -10.2146 -0.298749 0.0260839 0.953975 16.5534 0 0 0 1 
34562489690242;0.378853;0.54245;17;0.943026 0.0049566 0.332683 98.0569 0.00499295 0.999566 -0.0290455 -9.00748 -0.332682 0.0290517 0.942591 -20.8047 0 0 0 1 
34562489690243;0.301434;0.75226;16;1 -1.00105e-07 -2.02676e-08 -0.743584 1.00105e-07 1 1.61018e-09 0.645538 2.02676e-08 -1.61018e-09 1 -0.0528285 0 0 0 1 
34562489690244;0.500189;0.757587;22;0.985366 0.000474704 -0.170449 6483.87 0.00222449 0.999875 0.0156444 -559.66 0.170436 -0.0157946 0.985242 7348.77 0 0 0 1 
34562489690245;0.271456;0.2916;14;0.999928 7.34951e-06 0.0119883 -10.9298 5.18377e-06 0.999999 -0.00104543 1.09426 -0.0119883 0.00104542 0.999928 11.2222 0 0 0 1 
34562489690246;0.262584;0.569001;16;0.998867 9.39686e-05 -0.0475884 45.2435 0.000103854 0.999991 0.00415445 -3.37331 0.0475884 -0.00415468 0.998858 -3.91557 0 0 0 1 
34562489690248;0.122472;0.176802;15;0.997914 -0.000164194 0.0645631 2778.21 0.000524983 0.999984 -0.00557122 -241.682 -0.0645612 0.00559349 0.997898 353.362 0 0 0 1 
34562489690249;0.236877;0.633269;30;0.982294 0.00155428 -0.18734 -38.0711 0.00153727 0.999865 0.0163559 7.33367 0.187341 -0.0163543 0.982159 -27.8945 0 0 0 1 
34562489690250;0.361013;0.52089;13;0.997813 0.000195776 0.0661065 -46.247 0.000186021 0.999983 -0.00576928 2.25808 -0.0661066 0.00576896 0.997796 26.7855 0 0 0 1 
34562489690251;0.0844088;0.127371;14;0.99945 4.88864e-05 -0.0331677 -1.45865 4.71463e-05 0.999996 0.00289458 0.746149 0.0331677 -0.00289455 0.999446 -12.2504 0 0 0 1 
34562489690252;0.195046;0.352344;11;0.999977 9.66489e-09 -0.00678687 17.6612 4.01495e-06 1 0.000592987 0.111975 0.00678686 -0.000593001 0.999977 3.15502 0 0 0 1 
34562489690253;0.120903;0.225798;16;0.994865 -3.47029e-05 0.101207 3872.98 0.000960845 0.999958 -0.00910228 -337.689 -0.101202 0.00915278 0.994824 -2542.62 0 0 0 1 
34562489690254;0.246774;0.390997;14;1 1.12656e-07 -3.66327e-07 0.900535 -1.12656e-07 1 -2.44624e-08 -0.836821 3.66327e-07 2.44625e-08 1 0.15149 0 0 0 1 
34562489690255;0.134202;0.324335;14;0.999907 6.53647e-06 0.0136181 11.236 9.63131e-06 0.999999 -0.00118716 -2.86083 -0.0136181 0.00118718 0.999907 14.9026 0 0 0 1 
