#;prob_registration_l1 -r /home/probabilistic_point_clouds_registration/build/tester /home/point_clouds_registration_benchmark//devel/registration_pairs/wood_summer_local.txt /home/point_clouds_registration_benchmark//eth/wood_summer -s 0.2 -t 0.2 -p 0.3 -r 1000 -m 10 -n 10 -i 100 
id;initial_error;final_error;transformation
2318808360000;0.0774618;0.0198579;15;0.998195 0.0421315 0.0427888 -0.453016 -0.0421856 0.99911 0.000363774 0.436481 -0.0427354 -0.00216819 0.999084 0.338307 0 0 0 1 
2318808360001;0.306883;0.0235176;19;0.997371 0.0707901 -0.0155041 -0.153204 -0.0710414 0.99734 -0.0163036 0.611347 0.0143087 0.0173622 0.999747 -0.430656 0 0 0 1 
2318808360002;0.495258;0.0223461;42;0.915901 -0.38671 -0.107616 4.80786 0.385488 0.92213 -0.0327834 -1.78282 0.111914 -0.0114583 0.993652 -0.155664 0 0 0 1 
2318808360003;0.524546;0.0294965;44;0.912093 -0.407141 -0.0481845 4.41317 0.409729 0.901079 0.142052 -2.6793 -0.0144171 -0.149307 0.988686 1.24021 0 0 0 1 
2318808360004;0.20511;0.0202092;17;0.997535 -0.0665213 0.0223528 0.643491 0.0664682 0.997784 0.00311049 -0.546504 -0.0225102 -0.00161707 0.999745 -0.20573 0 0 0 1 
2318808360005;0.440296;0.0325716;38;0.984555 0.0711385 -0.159969 -0.139467 -0.0239611 0.959879 0.279388 0.214396 0.173426 -0.27124 0.946759 0.848492 0 0 0 1 
2318808360006;0.169359;0.0249017;18;0.996099 -0.0848691 0.0241781 1.02569 0.0853395 0.996168 -0.0191393 -0.445246 -0.0224611 0.021128 0.999524 0.0844814 0 0 0 1 
2318808360007;0.299345;0.0210186;40;0.928667 -0.365495 0.0631827 4.25969 0.364447 0.930809 0.0277945 -2.25764 -0.0689698 -0.00278513 0.997615 0.492615 0 0 0 1 
2318808360008;0.34518;0.233488;20;0.975175 0.134153 0.176172 -1.39577 -0.146644 0.987377 0.0598508 0.924357 -0.165919 -0.0841996 0.982538 2.441 0 0 0 1 
2318808360009;0.553788;0.354939;15;0.984996 0.131111 0.112219 -1.34228 -0.131438 0.991314 -0.00451923 0.68502 -0.111837 -0.0102983 0.993673 1.19755 0 0 0 1 
2318808360010;0.296129;0.0185176;19;0.99201 -0.126132 0.00264608 1.22768 0.125933 0.991266 0.0391433 -1.25109 -0.00756018 -0.0384974 0.99923 0.00916537 0 0 0 1 
2318808360011;0.267088;0.0208065;27;0.973905 -0.190696 0.12306 2.14698 0.177433 0.977845 0.111072 -1.26299 -0.141514 -0.0863386 0.986164 2.3389 0 0 0 1 
2318808360012;0.117207;0.0258272;17;0.99702 -0.00434039 -0.0770267 0.0760281 0.00812331 0.998772 0.0488667 -0.19756 0.07672 -0.0493468 0.995831 -0.257784 0 0 0 1 
2318808360013;0.297157;0.0110267;18;0.996995 -0.0509153 0.0583841 0.00842003 0.052937 0.998032 -0.0336201 -0.620566 -0.0565575 0.0366097 0.997728 -0.0597369 0 0 0 1 
2318808360014;0.320442;0.0258355;18;0.999957 0.00795583 0.00486324 -0.0451199 -0.00796205 0.999968 0.00126049 0.0551694 -0.00485305 -0.00129916 0.999987 -0.604813 0 0 0 1 
2318808360015;0.329054;0.0251171;33;0.963883 0.237346 -0.120817 -2.09317 -0.249854 0.962934 -0.101647 2.45566 0.0922128 0.128163 0.987457 -2.50166 0 0 0 1 
2318808360016;0.335073;0.0143509;18;0.999443 0.0332887 0.00247616 -0.246633 -0.0333003 0.999434 0.00480323 -0.0579797 -0.00231486 -0.00488301 0.999985 -0.516162 0 0 0 1 
2318808360017;0.483715;0.0181812;28;0.9727 0.226959 -0.0484171 -2.53344 -0.227145 0.973859 0.00168587 1.77058 0.0475341 0.00935788 0.998826 0.238071 0 0 0 1 
2318808360018;0.313611;0.0293963;45;0.908165 -0.407461 -0.0959742 4.97783 0.398526 0.911726 -0.0996648 -2.09735 0.128112 0.0522639 0.990382 -1.52273 0 0 0 1 
2318808360019;0.502137;0.39644;11;0.998406 0.0475678 0.0303782 -0.513054 -0.0450002 0.995759 -0.0802412 0.257699 -0.0340663 0.0787463 0.996312 -0.80462 0 0 0 1 
2318808360020;0.421809;0.019154;26;0.965495 0.0238171 0.259332 -0.56953 -0.00116197 0.996193 -0.0871647 0.249108 -0.260421 0.0838557 0.961847 0.536852 0 0 0 1 
2318808360021;0.393879;0.0212766;43;0.910141 -0.295968 -0.289908 4.28925 0.201761 0.927808 -0.31379 -0.852674 0.361851 0.2271 0.904151 -5.05257 0 0 0 1 
2318808360022;0.404256;0.022713;24;0.995238 0.0385069 -0.0895488 -0.322575 -0.0447314 0.996643 -0.0685744 1.16416 0.0866076 0.0722535 0.993619 -1.76201 0 0 0 1 
2318808360023;0.175152;0.0229195;25;0.978816 -0.191651 0.0720338 1.97647 0.19505 0.979829 -0.0434897 -1.28576 -0.0622459 0.0566186 0.996454 -0.0797093 0 0 0 1 
2318808360024;0.438639;0.0164134;24;0.993101 0.0123896 -0.116607 -0.823625 -0.0248712 0.994033 -0.106203 0.391834 0.114595 0.10837 0.987484 -2.08563 0 0 0 1 
2318808360025;0.493149;0.0225347;26;0.985464 -0.169693 -0.0080471 1.71627 0.169407 0.985142 -0.028208 -0.661226 0.0127142 0.0264348 0.99957 0.356501 0 0 0 1 
2318808360026;0.26214;0.0244623;23;0.981796 0.0168822 -0.189188 -0.172965 -0.00477536 0.997921 0.0642676 -0.0515508 0.18988 -0.0621942 0.979835 -0.518437 0 0 0 1 
2318808360027;0.301824;0.0189575;30;0.96976 0.243813 -0.0110038 -2.2724 -0.237714 0.933363 -0.268936 3.01253 -0.0552995 0.263419 0.963095 -2.22822 0 0 0 1 
2318808360028;0.111442;0.0289249;19;0.99906 -0.0316481 -0.0296306 0.341966 0.0352808 0.990699 0.131417 -0.410152 0.0251959 -0.132339 0.990884 1.14959 0 0 0 1 
2318808360029;0.556383;0.0193484;35;0.994962 -0.0567548 -0.0826366 0.0994096 0.0832876 0.926761 0.366301 -0.411774 0.0557951 -0.371338 0.92682 4.20671 0 0 0 1 
2318808360031;0.47988;0.00852456;51;0.90442 0.382144 -0.18971 -2.72661 -0.369407 0.92388 0.0999221 3.88454 0.213454 -0.0202916 0.976742 -1.85136 0 0 0 1 
2318808360032;0.536016;0.0105037;37;0.929754 0.0477386 -0.365074 0.698502 -0.151901 0.952972 -0.262241 2.75624 0.335386 0.299275 0.893281 -6.04547 0 0 0 1 
2318808360033;0.38485;0.00814114;26;0.988327 0.146788 0.0407802 -1.37617 -0.146476 0.989158 -0.010552 1.20073 -0.0418869 0.00445547 0.999112 -0.378569 0 0 0 1 
2318808360034;0.495664;0.367604;13;0.997697 0.0676383 0.00517126 -0.580911 -0.0674569 0.997284 -0.029581 0.976077 -0.00715802 0.029164 0.999549 -0.726724 0 0 0 1 
2318808360035;0.329409;0.0122346;21;0.993488 0.105218 -0.0437139 -0.82303 -0.105528 0.994405 -0.00483192 1.10593 0.0429609 0.00941348 0.999032 -0.995856 0 0 0 1 
2318808360036;0.430313;0.0117286;41;0.907024 0.243112 -0.343808 -1.1836 -0.232051 0.969911 0.0736477 1.96659 0.351368 0.0129808 0.936147 -3.03286 0 0 0 1 
2318808360037;0.120765;0.0137917;21;0.994278 0.0130158 -0.106024 0.000853288 -0.0256624 0.992586 -0.118806 0.479007 0.103692 0.120847 0.987241 -2.11623 0 0 0 1 
2318808360038;0.516165;0.0120218;29;0.975721 -0.185301 0.116756 1.81574 0.183261 0.982663 0.0280742 -2.00549 -0.119934 -0.0059957 0.992764 1.73276 0 0 0 1 
2318808360039;0.413132;0.0131429;26;0.972366 -0.128039 0.195218 1.08968 0.12179 0.991592 0.0437316 -0.573721 -0.199176 -0.0187475 0.979784 2.3136 0 0 0 1 
2318808360040;0.306491;0.0124486;25;0.989858 0.114791 -0.0836909 -0.782812 -0.100823 0.982696 0.155381 0.824608 0.100079 -0.145367 0.984303 0.353788 0 0 0 1 
2318808360041;0.475776;0.0108615;49;0.876481 -0.481425 -0.00337503 6.37458 0.480748 0.875579 -0.0473575 -2.6014 0.0257542 0.0398854 0.998872 -0.178783 0 0 0 1 
2318808360042;0.392346;0.00864685;21;0.994225 0.046068 0.0969233 -0.590389 -0.0457356 0.998938 -0.00564947 0.409887 -0.0970806 0.00118401 0.995276 1.56084 0 0 0 1 
2318808360043;0.212163;0.00589083;27;0.991959 0.0622295 -0.1102 -0.449589 -0.0338871 0.969565 0.242476 0.273217 0.121935 -0.236792 0.963878 1.64847 0 0 0 1 
2318808360044;0.216595;0.0119973;25;0.988994 0.117005 -0.0905532 -1.36439 -0.11059 0.991189 0.0728966 0.668226 0.0982846 -0.06208 0.99322 0.0101814 0 0 0 1 
2318808360045;0.469606;0.00822415;49;0.923988 0.243362 -0.294994 -1.8854 -0.324588 0.906954 -0.268471 4.0564 0.20221 0.343816 0.917007 -4.86033 0 0 0 1 
2318808360046;0.276896;0.0110966;20;0.99913 0.0185742 0.0373331 -0.0334859 -0.0182687 0.999797 -0.00850699 -0.333792 -0.0374835 0.00781756 0.999267 0.0482586 0 0 0 1 
2318808360047;0.219223;0.0145752;26;0.963841 -0.1347 -0.229927 2.00742 0.130022 0.990877 -0.0354517 -0.798701 0.232604 0.00427434 0.972562 -1.99827 0 0 0 1 
2318808360048;0.2746;0.011919;32;0.947888 -0.0250231 0.317619 0.197482 0.00445996 0.997855 0.0653046 -0.0216975 -0.318572 -0.0604849 0.945967 3.3051 0 0 0 1 
2318808360049;0.475244;0.0133161;34;0.919596 -0.301585 -0.251772 4.54987 0.319493 0.94703 0.0325465 -2.17259 0.22862 -0.110369 0.967239 -1.17935 0 0 0 1 
2318808360050;0.266943;0.0107211;30;0.953515 -0.301302 -0.00504917 3.7013 0.301325 0.953511 0.00452399 -2.06818 0.00345135 -0.00583514 0.999977 -0.15426 0 0 0 1 
2318808360051;0.316495;0.011914;30;0.974926 -0.0591121 0.214536 0.613145 0.028767 0.989462 0.141904 -0.417567 -0.220664 -0.132174 0.966353 3.79875 0 0 0 1 
2318808360052;0.442125;0.345103;20;0.97482 0.180842 0.130471 -1.78684 -0.169372 0.98103 -0.0943051 1.83193 -0.145051 0.0698323 0.986957 0.616454 0 0 0 1 
2318808360053;0.502153;0.0178598;24;0.999286 -0.0340938 0.0162754 1.06486 0.0317301 0.991233 0.128258 -0.466134 -0.0205055 -0.12765 0.991607 2.24755 0 0 0 1 
2318808360054;0.189299;0.0105852;29;0.967288 -0.253158 -0.0162563 3.06247 0.251016 0.964429 -0.0828711 -1.62262 0.0366575 0.0760797 0.996428 -1.15355 0 0 0 1 
2318808360055;0.56348;0.0161831;31;0.951923 0.138319 -0.273332 -0.140079 -0.170272 0.980636 -0.0967519 2.36646 0.254657 0.138641 0.957042 -3.57682 0 0 0 1 
2318808360056;0.0419399;0.0125881;16;0.998706 0.0493327 -0.0123459 -0.51397 -0.0492573 0.998766 0.00634142 0.372267 0.0126435 -0.00572509 0.999904 -0.0321279 0 0 0 1 
2318808360057;0.467263;0.0114317;24;0.997472 -0.071026 -0.00238017 0.932534 0.0709326 0.997093 -0.0278282 -1.31762 0.00434977 0.027589 0.99961 -0.836679 0 0 0 1 
2318808360058;0.291617;0.0119625;24;0.999905 0.0052581 0.0127072 -0.0300302 -0.0069572 0.990463 0.137606 0.513479 -0.0118625 -0.137682 0.990405 1.84218 0 0 0 1 
2318808360059;0.25976;0.00784401;24;0.975635 0.0230922 -0.218181 0.420629 -0.039562 0.996661 -0.0714225 0.462052 0.215803 0.0783139 0.973291 -2.34794 0 0 0 1 
2318808360060;0.11731;0.00718596;20;0.991449 0.0996075 0.0843059 -1.1533 -0.0952347 0.993967 -0.054401 0.947452 -0.0892161 0.045907 0.994954 0.249167 0 0 0 1 
2318808360062;0.468711;0.00833695;52;0.913556 0.401965 -0.0619568 -1.0462 -0.363246 0.874921 0.320259 2.16075 0.18294 -0.270069 0.945302 0.306572 0 0 0 1 
2318808360063;0.468392;0.011426;25;0.992547 -0.120645 0.0172045 -0.423471 0.118066 0.986946 0.109537 -1.16239 -0.0301951 -0.10669 0.993834 -0.0255668 0 0 0 1 
2318808360064;0.317402;0.0120072;35;0.946319 0.323168 0.0065335 -0.536939 -0.323132 0.946335 -0.00601973 1.9948 -0.00812826 0.0035854 0.999961 -0.357085 0 0 0 1 
2318808360065;0.263432;0.0114012;34;0.973303 -0.216525 0.0761408 0.752406 0.207805 0.972164 0.108232 -1.51177 -0.0974563 -0.0895199 0.991206 1.06686 0 0 0 1 
2318808360066;0.238324;0.0132436;18;0.999436 -0.0335085 0.00229344 -0.363073 0.033467 0.999308 0.0162138 -0.437119 -0.00283515 -0.0161279 0.999866 0.176627 0 0 0 1 
2318808360067;0.429905;0.00657717;25;0.993082 0.0990683 -0.0630424 0.734211 -0.095178 0.993529 0.0619841 0.612608 0.0687751 -0.055555 0.996084 -0.515892 0 0 0 1 
2318808360068;0.55967;0.0128197;45;0.885513 -0.145803 -0.441144 2.02516 0.225549 0.964999 0.133805 -1.51097 0.406195 -0.217986 0.887405 -2.22003 0 0 0 1 
2318808360069;0.324897;0.00996829;21;0.99745 0.0645618 0.0304068 0.180081 -0.065077 0.997748 0.0162693 0.101628 -0.0292879 -0.0182066 0.999405 -0.367368 0 0 0 1 
2318808360070;0.327797;0.0104088;23;0.995656 0.0585362 0.0724118 0.496346 -0.0544883 0.996905 -0.0566689 0.315127 -0.0755048 0.0524771 0.995764 0.0872248 0 0 0 1 
2318808360071;0.127608;0.0106523;21;0.989226 0.122036 0.0808616 -0.427981 -0.122581 0.992457 0.00179374 0.761815 -0.0800327 -0.0116865 0.996724 0.447664 0 0 0 1 
2318808360072;0.27755;0.0110243;35;0.962964 -0.262672 -0.0608621 0.728056 0.26244 0.964875 -0.0119137 -1.15071 0.0618537 -0.00450023 0.998075 -0.542516 0 0 0 1 
2318808360073;0.377754;0.00888516;32;0.992441 -0.0636164 0.104948 -0.00737961 0.0804158 0.983088 -0.164534 0.0426926 -0.0927056 0.17173 0.980772 -0.672106 0 0 0 1 
2318808360074;0.367604;0.331344;13;0.993487 -0.113945 -0.000864636 0.564505 0.113941 0.993481 -0.00353638 -0.922255 0.00126195 0.00341483 0.999993 0.0710242 0 0 0 1 
2318808360075;0.223733;0.00741974;32;0.96354 -0.0148417 0.267153 0.0649393 0.0126123 0.99987 0.010059 -0.245785 -0.267268 -0.00632285 0.963602 1.64484 0 0 0 1 
2318808360076;0.344651;0.00989763;42;0.993394 -0.114267 -0.0105602 0.841953 0.113468 0.964367 0.239002 -0.813318 -0.017126 -0.238621 0.970962 1.26363 0 0 0 1 
2318808360077;0.167206;0.00925655;22;0.994662 0.0299627 0.0987447 -0.0200136 -0.0329087 0.999056 0.0283416 0.454294 -0.0978023 -0.0314399 0.994709 0.552686 0 0 0 1 
2318808360078;0.455663;0.0136002;46;0.926313 0.36894 0.0763418 -0.533236 -0.374777 0.923072 0.0864922 1.99592 -0.0385585 -0.10873 0.993323 -0.157928 0 0 0 1 
2318808360079;0.349782;0.0095526;34;0.990139 0.0803062 0.114786 -0.208565 -0.0966063 0.984801 0.144338 0.512136 -0.10145 -0.154004 0.982848 1.76116 0 0 0 1 
2318808360080;0.31557;0.0102646;51;0.992412 0.0424507 -0.115399 0.0476226 0.00535841 0.922691 0.385502 -0.452537 0.122843 -0.383195 0.915462 0.469935 0 0 0 1 
2318808360081;0.265138;0.0127416;35;0.993913 0.0748665 -0.0808148 -0.0817864 -0.0923431 0.966224 -0.240591 1.12414 0.060073 0.246589 0.967257 -0.794683 0 0 0 1 
2318808360082;0.291619;0.0128528;48;0.980196 0.128005 -0.151097 0.0124454 -0.169076 0.938187 -0.302024 1.6166 0.103097 0.32159 0.94125 -1.49038 0 0 0 1 
2318808360083;0.406111;0.00999174;26;0.989082 -0.146545 0.0155255 -0.0128301 0.144966 0.986499 0.076188 -0.939435 -0.0264809 -0.0731055 0.996973 -0.372696 0 0 0 1 
2318808360084;0.25521;0.00914157;46;0.99942 0.0333772 -0.00677025 0.0762599 -0.0337389 0.943222 -0.330445 0.823464 -0.00464349 0.330482 0.943801 -0.890529 0 0 0 1 
2318808360085;0.097134;0.011603;17;0.999113 -0.0121721 0.0403095 -0.0428904 0.011113 0.99959 0.0263951 -0.0246584 -0.0406142 -0.0259237 0.998839 0.486977 0 0 0 1 
2318808360086;0.630308;0.488461;13;0.996232 0.0272115 -0.0823491 0.102825 -0.0176358 0.993226 0.11485 -0.230639 0.0849166 -0.112965 0.989964 -0.310263 0 0 0 1 
2318808360087;0.164964;0.012202;24;0.988822 0.144739 0.0357991 -0.34805 -0.140346 0.984598 -0.104263 1.07353 -0.0503386 0.0980729 0.993905 0.00117899 0 0 0 1 
2318808360088;0.426784;0.0129927;39;0.920053 0.210221 0.330621 -0.286041 -0.141283 0.965103 -0.220487 1.10477 -0.365435 0.156149 0.917646 2.24835 0 0 0 1 
2318808360089;0.0156956;0.00953171;13;0.999789 -0.018166 -0.00961735 0.0744282 0.0183348 0.999674 0.0177574 -0.130613 0.00929163 -0.01793 0.999796 -0.00754423 0 0 0 1 
2318808360090;0.105965;0.00981938;15;0.999906 0.00646673 -0.0121225 -0.172539 -0.00659665 0.999921 -0.0107083 0.187668 0.0120523 0.0107873 0.999869 -0.0112584 0 0 0 1 
2318808360091;0.471367;0.0102436;45;0.94204 -0.0876759 -0.323842 0.915672 0.0113777 0.973043 -0.230341 0.908465 0.335308 0.213306 0.917643 -2.80626 0 0 0 1 
2318808360093;0.358587;0.0107243;26;0.994224 0.0956197 0.0487391 -0.143426 -0.0964244 0.995236 0.0144296 0.96317 -0.0471271 -0.0190459 0.998707 -0.490285 0 0 0 1 
2318808360094;0.104341;0.0108224;19;0.996908 0.0784806 0.00390985 0.118962 -0.0783108 0.996388 -0.0328456 0.315411 -0.00647347 0.0324379 0.999453 0.143585 0 0 0 1 
2318808360095;0.369651;0.0102626;38;0.954179 -0.299017 -0.0114585 0.496907 0.298627 0.953981 -0.0272553 -1.28741 0.019081 0.0225846 0.999563 -0.745805 0 0 0 1 
2318808360096;0.316121;0.00787029;21;0.999483 0.0319481 -0.00364588 0.701307 -0.0318988 0.999409 0.0128489 0.309222 0.00405422 -0.012726 0.999911 0.358009 0 0 0 1 
2318808360097;0.369151;0.0110013;49;0.912862 0.287697 0.289679 0.141136 -0.276434 0.957696 -0.0800201 1.15026 -0.300446 -0.00702987 0.953773 1.10155 0 0 0 1 
2318808360098;0.287285;0.0104036;38;0.952006 -0.305765 0.0138606 0.144865 0.304837 0.951246 0.0469583 -1.5921 -0.027543 -0.0404793 0.998801 -0.127771 0 0 0 1 
2318808360099;0.367143;0.014612;46;0.9306 -0.365823 0.0125439 0.556072 0.365906 0.930638 -0.00503371 -2.31401 -0.0098324 0.00927427 0.999909 -0.218944 0 0 0 1 
2318808360100;0.403666;0.00784622;28;0.988989 -0.141017 -0.0448776 0.995989 0.144532 0.985558 0.0882359 -0.693061 0.0317867 -0.0937506 0.995088 -0.552507 0 0 0 1 
2318808360101;0.302239;0.00829975;31;0.943901 -0.164611 0.286275 -0.191545 0.176592 0.984148 -0.0163628 -0.908721 -0.279044 0.0659988 0.958008 1.43555 0 0 0 1 
2318808360102;0.281834;0.0094869;39;0.987945 0.153693 -0.0185439 0.161644 -0.143123 0.952457 0.268963 0.149039 0.059 -0.263067 0.962972 -0.340268 0 0 0 1 
2318808360103;0.378578;0.0113823;44;0.931749 0.196448 -0.305373 0.799 -0.111659 0.955272 0.273839 0.15542 0.345509 -0.221052 0.912008 -1.52169 0 0 0 1 
2318808360104;0.557659;0.278576;19;0.988228 -0.147301 0.041314 -0.493436 0.148792 0.988225 -0.0356676 -0.659679 -0.0355737 0.0413949 0.998509 -0.496359 0 0 0 1 
2318808360105;0.460355;0.243792;20;0.984933 -0.168132 0.0404826 -0.0775239 0.166919 0.98546 0.0317165 -1.01514 -0.0452266 -0.0244813 0.998677 -0.362885 0 0 0 1 
2318808360106;0.53681;0.0109497;37;0.921282 -0.0764408 -0.38131 1.45739 0.0709157 0.997074 -0.0285432 0.422662 0.382376 -0.000744514 0.924007 -1.56379 0 0 0 1 
2318808360107;0.116161;0.00621931;21;0.99356 -0.0172205 0.111989 -0.0469552 0.0276813 0.995324 -0.092537 -0.0636543 -0.109872 0.0950411 0.989391 0.66797 0 0 0 1 
2318808360108;0.426496;0.0087748;39;0.971769 0.235907 0.00358506 0.741054 -0.235656 0.971247 -0.033859 1.2126 -0.0114696 0.0320583 0.99942 -0.593859 0 0 0 1 
2318808360109;0.361092;0.0111433;30;0.989589 0.142889 0.0171975 -0.816277 -0.14205 0.988934 -0.0428012 1.1017 -0.023123 0.0399127 0.998936 -0.078084 0 0 0 1 
2318808360110;0.188673;0.0123989;23;0.989696 -0.0320757 -0.139543 0.468031 0.0202926 0.996169 -0.0850588 0.180514 0.141737 0.0813507 0.986556 -0.814581 0 0 0 1 
2318808360111;0.302097;0.0118053;44;0.976678 0.183859 -0.110883 -0.375424 -0.151326 0.955827 0.251981 0.648163 0.152314 -0.229325 0.961359 -0.581313 0 0 0 1 
2318808360112;0.226828;0.0145955;35;0.959703 -0.261552 -0.102763 0.553869 0.265276 0.963869 0.0241781 -1.29466 0.0927263 -0.0504644 0.994412 -0.398277 0 0 0 1 
2318808360113;0.311079;0.251021;14;0.9927 -0.0656423 -0.101179 0.128568 0.0628334 0.997552 -0.0307068 -0.352525 0.102947 0.0241252 0.994394 -0.381642 0 0 0 1 
2318808360114;0.267587;0.00683512;24;0.990414 -0.0497047 0.128882 -0.0423612 0.0486643 0.998752 0.011211 0.0761753 -0.129278 -0.00483154 0.991597 1.20566 0 0 0 1 
2318808360115;0.283003;0.0117429;38;0.994866 -0.101196 -0.000282267 -0.0500191 0.0969038 0.951858 0.29082 -0.88571 -0.0291612 -0.289354 0.956778 0.724277 0 0 0 1 
2318808360116;0.15967;0.0099313;16;0.999986 0.00198613 0.00481839 0.223667 -0.00199007 0.999998 0.000813765 0.0309047 -0.00481676 -0.000823343 0.999988 -0.30947 0 0 0 1 
2318808360117;0.274094;0.0135765;38;0.965546 0.167175 -0.199432 0.58794 -0.201274 0.965518 -0.165116 1.26814 0.164952 0.199568 0.9659 -0.967001 0 0 0 1 
2318808360118;0.309171;0.0157598;23;0.99579 -0.0583547 0.0706884 0.216284 0.065725 0.992098 -0.106873 -0.0177239 -0.0638933 0.111069 0.991757 0.989635 0 0 0 1 
2318808360119;0.136528;0.00778074;27;0.9996 0.00493285 -0.0278554 0.0266069 0.000211207 0.983351 0.181719 -0.211829 0.028288 -0.181652 0.982956 0.115602 0 0 0 1 
2318808360120;0.394337;0.00892457;36;0.963816 -0.266556 0.00250593 0.39703 0.266565 0.963725 -0.0132951 -1.29066 0.00112887 0.0134821 0.999908 -0.808671 0 0 0 1 
2318808360121;0.407083;0.299697;16;0.990914 -0.112992 0.0729593 -0.228557 0.113041 0.993584 0.00345946 -0.727762 -0.0728821 0.0048194 0.997329 -0.0076111 0 0 0 1 
2318808360122;0.325576;0.0140768;31;0.961776 0.0231898 -0.272852 0.876587 -0.00872702 0.998497 0.0541007 -0.0479742 0.273697 -0.0496516 0.960534 -0.99758 0 0 0 1 
2318808360124;0.330187;0.0163829;30;0.952825 -0.162446 0.256392 1.64539 0.114887 0.974897 0.190728 -1.10225 -0.280939 -0.152274 0.947569 3.40667 0 0 0 1 
2318808360125;0.152771;0.0212712;20;0.988749 -0.149582 -0.0012423 1.53085 0.149583 0.988616 0.0162465 -1.22822 -0.00120203 -0.0162495 0.999867 0.252422 0 0 0 1 
2318808360126;0.0910746;0.0219538;16;0.99835 0.00811267 -0.056842 -0.152642 -0.00980182 0.999517 -0.029501 0.199158 0.0565752 0.0300095 0.997947 -0.770052 0 0 0 1 
2318808360127;0.146509;0.0126692;19;0.992894 -0.109314 0.0470408 1.05467 0.107199 0.993202 0.0453616 -0.818641 -0.0516797 -0.0399965 0.997862 0.986831 0 0 0 1 
2318808360128;0.288596;0.0239487;32;0.93984 0.130979 -0.315507 -0.436037 -0.157292 0.985769 -0.0593145 1.40182 0.303248 0.105373 0.947068 -3.31128 0 0 0 1 
2318808360129;0.489639;0.0174744;41;0.979605 -0.136006 -0.147905 2.13031 0.0666344 0.914335 -0.39944 1.20543 0.189561 0.381438 0.90475 -5.26872 0 0 0 1 
2318808360130;0.532869;0.225862;18;0.977332 -0.0703031 0.199699 0.0645814 0.04209 0.988948 0.142165 -0.516505 -0.207487 -0.130537 0.969489 3.2413 0 0 0 1 
2318808360131;0.255773;0.0130089;18;0.998328 -0.0110998 0.0567207 -0.0709728 0.00567146 0.995463 0.0949818 -0.167259 -0.0575176 -0.0945014 0.993862 0.888163 0 0 0 1 
2318808360132;0.368015;0.329513;11;0.994214 0.0815369 0.0699269 -1.10126 -0.0745511 0.992461 -0.0972794 0.658582 -0.0773315 0.0915034 0.992798 -0.271052 0 0 0 1 
2318808360133;0.203483;0.0257575;28;0.987187 0.132775 -0.088497 -1.10515 -0.116962 0.979386 0.164687 0.843084 0.108539 -0.152226 0.982368 0.547312 0 0 0 1 
2318808360134;0.215895;0.0222241;16;0.997377 -0.0207112 -0.0693556 0.584504 0.0181164 0.99912 -0.0378348 -0.230212 0.0700782 0.0364791 0.996874 -0.712799 0 0 0 1 
2318808360135;0.357096;0.0248358;29;0.957105 0.0898228 -0.275467 -0.0961017 -0.0951648 0.995443 -0.00605964 1.09543 0.273668 0.0320145 0.961291 -2.10821 0 0 0 1 
2318808360136;0.39267;0.0174692;23;0.990048 -0.0889723 0.109039 0.866226 0.103615 0.985143 -0.136955 -0.05392 -0.0952343 0.14689 0.984558 -0.193359 0 0 0 1 
2318808360137;0.205186;0.0257056;20;0.982506 -0.0191357 -0.185247 0.683387 0.025004 0.999255 0.0293936 -0.231218 0.184547 -0.0335113 0.982252 -1.11576 0 0 0 1 
2318808360138;0.524941;0.0202027;24;0.984553 -0.167041 0.0524604 1.40363 0.16683 0.98595 0.00839985 -1.38361 -0.0531265 0.000481891 0.998588 -0.555224 0 0 0 1 
2318808360139;0.224459;0.0143977;26;0.991555 0.122727 -0.0419052 -1.14311 -0.129082 0.965101 -0.227857 1.73764 0.0124785 0.231342 0.972793 -2.34495 0 0 0 1 
2318808360140;0.242736;0.0211704;19;0.992168 0.0656453 0.106273 -0.779304 -0.0559918 0.994238 -0.0914046 0.710318 -0.111661 0.0847383 0.990127 -0.380059 0 0 0 1 
2318808360141;0.27546;0.017816;29;0.967018 0.242944 0.0765175 -2.04279 -0.239129 0.969386 -0.0557447 2.28475 -0.0877179 0.0356086 0.995509 0.0543007 0 0 0 1 
2318808360142;0.19755;0.0155724;19;0.993445 -0.104225 0.046944 0.933305 0.103932 0.994547 0.008654 -0.58565 -0.04759 -0.00371831 0.99886 0.0935757 0 0 0 1 
2318808360143;0.359468;0.0117775;22;0.971121 -0.0700531 -0.228073 1.06727 0.0753159 0.997055 0.0144428 -0.653119 0.226389 -0.0312032 0.973537 -0.801367 0 0 0 1 
2318808360144;0.260225;0.0196769;27;0.981865 -0.182665 0.0507358 1.64927 0.187643 0.974543 -0.122706 -0.949914 -0.0270302 0.130001 0.991145 -1.35598 0 0 0 1 
2318808360145;0.465801;0.021294;36;0.905897 -0.235154 0.352212 2.68542 0.253087 0.96743 -0.00504044 -1.60364 -0.339555 0.0937064 0.935907 2.36569 0 0 0 1 
2318808360146;0.208847;0.0237797;32;0.984401 -0.175926 0.00222132 1.82327 0.171279 0.955355 -0.240749 -0.522762 0.040232 0.237374 0.970585 -2.7528 0 0 0 1 
2318808360147;0.522631;0.0249631;27;0.946953 0.258186 0.191362 -2.75227 -0.227114 0.95893 -0.169917 2.49662 -0.227373 0.117443 0.9667 -0.161784 0 0 0 1 
2318808360148;0.348601;0.0193113;39;0.959752 0.196443 0.200714 -1.95399 -0.225784 0.964716 0.135443 2.0308 -0.167025 -0.17531 0.970242 3.51406 0 0 0 1 
2318808360149;0.220362;0.025073;23;0.98498 0.170986 -0.0240286 -1.6497 -0.171653 0.984726 -0.0291545 1.5442 0.0186765 0.0328412 0.999286 -0.799269 0 0 0 1 
2318808360150;0.310305;0.0215535;18;0.997299 0.0645417 0.0350476 -0.984137 -0.0662791 0.996502 0.0509064 0.527765 -0.0316394 -0.0530918 0.998088 0.227932 0 0 0 1 
2318808360151;0.0639999;0.0162096;15;0.999199 0.0228209 -0.0328754 -0.173236 -0.0215138 0.998985 0.0395767 0.112332 0.0337452 -0.0388377 0.998676 0.188951 0 0 0 1 
2318808360152;0.508923;0.0235556;34;0.974419 0.224439 -0.0116461 -1.29103 -0.224517 0.974452 -0.00587915 2.01469 0.010029 0.00834349 0.999915 0.386484 0 0 0 1 
2318808360153;0.520442;0.242757;17;0.996046 0.0884912 0.00783905 -1.10297 -0.0885548 0.996038 0.00817788 0.439935 -0.00708432 -0.00883973 0.999936 0.915192 0 0 0 1 
2318808360155;0.242296;0.0226987;27;0.968851 0.00122321 0.24764 0.190341 0.0450073 0.982464 -0.180936 -0.034565 -0.243519 0.186446 0.951807 -0.00520471 0 0 0 1 
2318808360156;0.545461;0.0333317;29;0.959808 -0.242846 0.140689 2.50386 0.228029 0.967014 0.113524 -1.98806 -0.163617 -0.07688 0.983524 1.07898 0 0 0 1 
2318808360157;0.417219;0.0345956;37;0.955714 -0.218295 -0.197378 2.57092 0.16455 0.952412 -0.256583 -0.0461621 0.243996 0.212742 0.946154 -3.52645 0 0 0 1 
2318808360158;0.428586;0.0281645;42;0.897768 0.224587 -0.37891 -0.677567 -0.25252 0.967269 -0.0249878 2.30733 0.360896 0.118116 0.925096 -3.56078 0 0 0 1 
2318808360159;0.360686;0.0256621;38;0.950133 -0.165398 0.264367 1.78996 0.251412 0.907837 -0.335595 -0.556316 -0.184496 0.385325 0.904149 -2.22818 0 0 0 1 
2318808360160;0.334724;0.0351385;32;0.925381 0.0587044 0.374464 -0.576057 -0.0327309 0.99662 -0.075354 0.32811 -0.377622 0.0574746 0.924174 2.35469 0 0 0 1 
2318808360161;0.319806;0.283701;11;0.997141 0.0528478 0.0540079 -0.67803 -0.0533536 0.998544 0.0079664 0.041824 -0.0535082 -0.0108251 0.998509 0.39543 0 0 0 1 
2318808360162;0.00881013;0.0247227;11;0.999959 0.00170029 0.00885572 -0.0313387 -0.00172859 0.999993 0.00318817 -0.0291648 -0.00885024 -0.00320335 0.999956 0.088325 0 0 0 1 
2318808360163;0.15049;0.034178;17;0.995408 0.0956989 0.00208846 -0.945675 -0.0956933 0.995407 -0.00263297 0.500509 -0.00233084 0.00242102 0.999994 0.129521 0 0 0 1 
2318808360164;0.34564;0.338462;11;0.997943 0.0440463 0.0465705 -0.633475 -0.0409035 0.996954 -0.0664092 0.275335 -0.0493538 0.0643678 0.996705 -0.212987 0 0 0 1 
2318808360165;0.629483;0.0280649;30;0.932449 -0.153309 0.327161 0.866302 0.193359 0.97667 -0.0934258 -1.8063 -0.305205 0.150374 0.940339 0.512513 0 0 0 1 
2318808360166;0.356263;0.0237367;18;0.997278 0.064797 -0.0351786 -0.128362 -0.0668566 0.995901 -0.0609247 0.277721 0.0310867 0.0631108 0.997522 -0.365123 0 0 0 1 
2318808360167;0.348773;0.0236588;32;0.977784 -0.0382392 0.206097 0.202121 0.114686 0.920596 -0.373296 0.408857 -0.175457 0.388639 0.90453 -2.18691 0 0 0 1 
2318808360168;0.491205;0.0361434;26;0.969281 -0.109646 -0.220164 1.05907 0.139429 0.982361 0.124607 -0.706126 0.202618 -0.151477 0.967471 0.674263 0 0 0 1 
2318808360169;0.364685;0.0270781;20;0.999744 -0.0175885 -0.0142301 0.319841 0.0173185 0.999672 -0.0188768 0.281232 0.0145574 0.0186255 0.999721 -0.860409 0 0 0 1 
2318808360170;0.293853;0.0257493;17;0.99906 0.0259608 0.0347269 -0.501206 -0.0258437 0.999659 -0.00381489 0.0762925 -0.034814 0.00291383 0.99939 -0.318044 0 0 0 1 
2318808360171;0.404455;0.0316979;28;0.995243 0.0555954 0.0800015 -0.993813 -0.0734636 0.967621 0.241482 0.0334933 -0.0639859 -0.24621 0.967102 2.54809 0 0 0 1 
2318808360172;0.214721;0.0358188;23;0.989245 -0.026757 0.143797 0.200148 0.01214 0.994753 0.101582 -0.172606 -0.14576 -0.0987443 0.98438 2.36927 0 0 0 1 
2318808360173;0.439959;0.0363293;33;0.995634 -0.0690936 -0.0627623 1.10242 0.0485478 0.957582 -0.284041 0.810443 0.0797255 0.279754 0.956756 -3.50929 0 0 0 1 
2318808360174;0.284722;0.0313105;33;0.982203 -0.129954 0.135603 1.32843 0.158155 0.961687 -0.223929 -0.979267 -0.101308 0.24139 0.965126 -1.7412 0 0 0 1 
2318808360175;0.207536;0.0353795;19;0.997134 -0.05303 -0.0539595 0.512762 0.0515653 0.998272 -0.0281843 -0.791212 0.0553608 0.0253211 0.998145 -0.778577 0 0 0 1 
2318808360176;0.417626;0.030019;34;0.969118 -0.16865 -0.179908 1.68442 0.212949 0.940244 0.265695 -1.30286 0.124348 -0.295801 0.947121 1.25084 0 0 0 1 
2318808360177;0.414555;0.0284203;27;0.955257 -0.0589916 -0.289835 1.51828 0.0255848 0.992716 -0.117729 0.145116 0.294669 0.105046 0.949808 -2.65866 0 0 0 1 
2318808360178;0.192544;0.0353891;17;0.994943 -0.0994688 0.0139374 0.868251 0.0993618 0.995018 0.00816677 -0.689526 -0.0146803 -0.00674062 0.99987 -0.170395 0 0 0 1 
2318808360179;0.369856;0.0357733;40;0.950336 0.302405 0.0735755 -2.47753 -0.296532 0.951583 -0.0809815 2.76523 -0.0945024 0.0551422 0.993996 0.673619 0 0 0 1 
2318808360180;0.269585;0.0340869;17;0.999777 0.00785413 0.0196218 -0.101095 -0.00809106 0.999895 0.0120247 0.0648542 -0.0195253 -0.0121808 0.999735 0.771181 0 0 0 1 
2318808360181;0.159003;0.0227083;16;0.999001 -0.0444546 -0.00449763 0.287717 0.0444946 0.998967 0.00922509 -0.36315 0.00408289 -0.00941599 0.999947 0.313659 0 0 0 1 
2318808360182;0.250033;0.0330517;30;0.988423 0.149908 -0.0233871 -1.66738 -0.144073 0.975701 0.165077 0.971175 0.0475651 -0.159796 0.986003 1.18772 0 0 0 1 
2318808360183;0.583654;0.0308828;43;0.941774 -0.32218 -0.096235 3.77255 0.326595 0.944556 0.0338988 -1.8507 0.0799778 -0.063355 0.994781 -0.951732 0 0 0 1 
2318808360184;0.254669;0.0391122;22;0.988281 0.151188 -0.0210673 -1.15116 -0.150635 0.988254 0.0257699 1.22439 0.0247159 -0.0222944 0.999446 0.392057 0 0 0 1 
2318808360186;0.32371;0.0139188;43;0.927493 -0.00358633 -0.373824 0.407829 -0.0273387 0.996626 -0.0773913 0.155261 0.37284 0.0819997 0.924265 -2.57429 0 0 0 1 
2318808360187;0.391738;0.0160048;50;0.924767 -0.347706 -0.154618 1.38964 0.378536 0.882131 0.280276 -1.77325 0.0389398 -0.317718 0.947385 0.443709 0 0 0 1 
2318808360188;0.250929;0.0160686;38;0.964368 -0.264352 0.0105639 0.958876 0.256052 0.942645 0.214145 -1.52198 -0.0665678 -0.20381 0.976745 0.863376 0 0 0 1 
2318808360189;0.35413;0.0148527;39;0.94457 0.246088 -0.217321 0.0484705 -0.195869 0.953629 0.228532 1.18321 0.263482 -0.173298 0.94897 -0.691462 0 0 0 1 
2318808360190;0.38404;0.0127668;28;0.971119 0.0910902 0.220523 -0.597911 -0.0810514 0.995237 -0.0541702 0.58381 -0.224406 0.0347321 0.973876 0.485756 0 0 0 1 
2318808360191;0.142007;0.0157216;21;0.99356 -0.0643263 0.0932781 0.306953 0.0615148 0.99757 0.0327118 -0.388727 -0.0951557 -0.0267631 0.995103 0.425195 0 0 0 1 
2318808360192;0.308225;0.0119369;20;0.997695 -0.0498987 0.0459935 -0.576521 0.0514559 0.998119 -0.0333178 -0.216082 -0.0442445 0.0356076 0.998386 0.169309 0 0 0 1 
2318808360193;0.19468;0.0166911;24;0.987393 0.0885432 -0.131209 -0.142802 -0.0787795 0.993849 0.0778323 0.666828 0.137293 -0.0665145 0.988295 -0.682514 0 0 0 1 
2318808360194;0.35362;0.0153763;22;0.994572 -0.033452 0.0985297 -0.195727 0.031649 0.999303 0.0198059 -0.847659 -0.0991235 -0.01658 0.994937 0.21164 0 0 0 1 
2318808360195;0.220312;0.0116864;26;0.994461 -0.104584 0.0104327 0.342201 0.102433 0.986644 0.126656 -0.60941 -0.0235395 -0.124886 0.991892 0.0989944 0 0 0 1 
2318808360196;0.321597;0.0105968;20;0.995168 0.0477841 0.0857692 -0.469112 -0.042552 0.997179 -0.0618278 0.648693 -0.0884817 0.0578794 0.994395 0.905785 0 0 0 1 
2318808360197;0.117422;0.0136171;16;0.999751 -0.00754964 0.0209995 0.160417 0.00696385 0.999588 0.0278299 -0.0679312 -0.021201 -0.0276767 0.999392 0.410681 0 0 0 1 
2318808360198;0.145591;0.0161656;19;0.996168 -0.0714632 -0.0504281 0.118408 0.0711244 0.997431 -0.00848314 -0.45808 0.0509048 0.00486396 0.998692 -0.544432 0 0 0 1 
2318808360199;0.334769;0.0109222;19;0.999997 -0.000134964 -0.00233494 -0.248978 0.000122075 0.999985 -0.00551935 -0.00568076 0.00233565 0.00551905 0.999982 0.705494 0 0 0 1 
2318808360200;0.307694;0.0156734;33;0.967839 0.250046 -0.0276371 -0.328326 -0.247929 0.966684 0.0636728 1.9103 0.0426374 -0.0547731 0.997588 0.057067 0 0 0 1 
2318808360201;0.28708;0.0205092;21;0.994708 -0.102549 0.00629008 0.843371 0.102587 0.994706 -0.00605856 -0.51676 -0.00563548 0.00667177 0.999962 0.331082 0 0 0 1 
2318808360202;0.140274;0.0134133;22;0.990451 0.137817 -0.0036579 -0.284738 -0.137864 0.99023 -0.0209265 0.906653 0.000738132 0.0212309 0.999774 0.0913277 0 0 0 1 
2318808360203;0.354364;0.0112663;28;0.994077 0.0934822 -0.0554338 -0.227675 -0.0827347 0.981655 0.171782 -0.206504 0.0704755 -0.166179 0.983574 0.586047 0 0 0 1 
2318808360204;0.41534;0.0165409;40;0.906228 -0.0706354 0.416848 -0.0310549 0.0148183 0.990646 0.135651 -0.357059 -0.42253 -0.116754 0.898797 2.65721 0 0 0 1 
2318808360205;0.260883;0.0110755;25;0.989183 -0.131577 -0.0648371 0.311343 0.128283 0.990342 -0.0525994 -1.08502 0.0711318 0.0437129 0.996509 -0.222102 0 0 0 1 
2318808360206;0.381649;0.0161875;43;0.903593 -0.307156 0.298623 0.907813 0.337919 0.939499 -0.0561523 -1.72349 -0.263308 0.151649 0.952718 1.1912 0 0 0 1 
2318808360207;0.376035;0.0132532;37;0.90444 0.300424 0.302876 -0.782701 -0.282997 0.953789 -0.10099 1.96289 -0.319219 0.00562618 0.947664 1.95773 0 0 0 1 
2318808360208;0.370049;0.0135165;24;0.994277 0.0106956 0.106292 -0.38124 -0.0207855 0.995329 0.0942772 -0.0246019 -0.104787 -0.095947 0.989855 1.65839 0 0 0 1 
2318808360209;0.193142;0.0178446;28;0.973673 0.201165 -0.10721 -0.219117 -0.200295 0.979553 0.0189395 1.16655 0.108828 0.00303281 0.994056 -0.575924 0 0 0 1 
2318808360210;0.416709;0.219166;29;0.961375 -0.265464 0.0727183 1.0081 0.241592 0.940441 0.239175 -1.45098 -0.13188 -0.212369 0.96825 1.40975 0 0 0 1 
2318808360211;0.229662;0.0133214;31;0.980353 -0.189418 -0.0550419 0.737024 0.196754 0.958868 0.204597 -1.35574 0.0140236 -0.211407 0.977297 0.500351 0 0 0 1 
2318808360212;0.235303;0.0131274;37;0.958507 0.284673 0.0150368 -0.701369 -0.284036 0.95819 -0.0345803 1.50193 -0.0242522 0.0288744 0.999289 0.0496495 0 0 0 1 
2318808360213;0.418371;0.00998925;33;0.969812 0.243558 0.0119696 -0.83964 -0.243744 0.969676 0.0177939 1.36086 -0.0072728 -0.0201743 0.99977 0.866032 0 0 0 1 
2318808360214;0.104638;0.0174247;21;0.993415 0.114562 0.00138654 -0.266932 -0.114529 0.992666 0.038707 0.565181 0.00305797 -0.0386109 0.99925 0.0143788 0 0 0 1 
2318808360215;0.379457;0.312351;14;0.994223 0.00736579 -0.107082 0.063592 -0.0142972 0.997841 -0.0641078 0.281379 0.106378 0.0652684 0.992181 -0.519436 0 0 0 1 
2318808360217;0.475077;0.00749866;40;0.87761 0.231516 -0.419763 -0.031552 -0.274638 0.960521 -0.0444261 1.90568 0.392906 0.154271 0.906546 -2.90652 0 0 0 1 
2318808360218;0.538469;0.0162574;34;0.944378 -0.327022 -0.0347529 2.57854 0.328405 0.932203 0.152146 -1.74556 -0.0173583 -0.155096 0.987747 1.82026 0 0 0 1 
2318808360219;0.26223;0.0122216;23;0.979036 -0.0576421 -0.195361 0.455356 0.0674072 0.996768 0.043705 -0.208208 0.192211 -0.0559575 0.979757 -1.11895 0 0 0 1 
2318808360220;0.178884;0.007916;19;0.993444 0.0787763 0.0828415 -0.60917 -0.0689374 0.990904 -0.115573 0.685964 -0.0911923 0.109104 0.989838 0.113082 0 0 0 1 
2318808360221;0.32248;0.00721611;39;0.924303 -0.303856 0.230945 1.91006 0.296762 0.952686 0.065737 -1.67589 -0.239993 0.0077748 0.970744 1.41821 0 0 0 1 
2318808360222;0.547442;0.369789;16;0.998509 0.0520926 -0.0163415 -0.467253 -0.0539362 0.987604 -0.147405 0.236086 0.00846016 0.148067 0.988941 -0.612458 0 0 0 1 
2318808360223;0.279763;0.015449;36;0.940678 0.330946 0.0748289 -1.64843 -0.333186 0.942662 0.0193868 2.36555 -0.0641223 -0.0431687 0.997008 0.482228 0 0 0 1 
2318808360224;0.19078;0.00958532;22;0.987244 -0.155968 0.0319935 0.90064 0.158022 0.984413 -0.0771978 -0.645348 -0.0194544 0.0812687 0.996502 -0.492657 0 0 0 1 
2318808360225;0.382191;0.0102744;35;0.939901 0.341273 0.0109189 -1.66944 -0.332549 0.92219 -0.197425 2.75342 -0.0774453 0.181929 0.980257 -0.968277 0 0 0 1 
2318808360226;0.232462;0.00924114;28;0.980396 -0.196251 -0.017588 1.21481 0.196478 0.966986 0.162277 -1.05441 -0.0148397 -0.162552 0.986588 1.26812 0 0 0 1 
2318808360227;0.121258;0.00689125;14;0.999991 -0.000417727 0.00429665 0.00823105 0.000386785 0.999974 0.00719988 0.00244103 -0.00429955 -0.00719815 0.999965 -0.175537 0 0 0 1 
2318808360228;0.342472;0.295033;11;0.999308 0.0366258 0.00642808 -0.311179 -0.0358538 0.994862 -0.0946755 0.408714 -0.00986261 0.0943795 0.995487 -0.514794 0 0 0 1 
2318808360229;0.411101;0.0142212;22;0.98324 0.000546122 0.182316 -0.457419 0.020941 0.993039 -0.115911 -0.0328018 -0.18111 0.117786 0.976384 1.05109 0 0 0 1 
2318808360230;0.270984;0.00780966;35;0.941765 -0.335763 -0.0185006 2.35619 0.333887 0.94021 -0.0672686 -1.63109 0.0399808 0.0571741 0.997563 -0.694234 0 0 0 1 
2318808360231;0.448163;0.00732443;47;0.996093 -0.0262799 -0.0843123 -0.408683 -0.012247 0.904367 -0.426579 0.999335 0.0874598 0.425945 0.900512 -3.00676 0 0 0 1 
2318808360232;0.480703;0.00931825;25;0.993928 -0.102784 -0.0392639 0.891835 0.100694 0.99356 -0.051955 -0.379323 0.0443512 0.047686 0.997877 -1.42577 0 0 0 1 
2318808360233;0.538633;0.0130735;41;0.977316 0.181994 0.108315 -1.31147 -0.126463 0.911726 -0.390849 2.34717 -0.169886 0.368285 0.914059 -1.09494 0 0 0 1 
2318808360234;0.46577;0.0130826;24;0.998172 -0.0571525 0.0196551 0.363089 0.0571523 0.998365 0.00056742 0.515898 -0.0196554 0.000556955 0.999807 0.252023 0 0 0 1 
2318808360235;0.501727;0.0125386;22;0.998487 0.0365167 -0.0411116 -0.169701 -0.0356947 0.999151 0.0205548 0.159982 0.0418273 -0.0190562 0.998943 -1.11216 0 0 0 1 
2318808360236;0.219286;0.010627;26;0.975223 0.190582 -0.112334 -0.812744 -0.191456 0.981497 0.00305528 1.35478 0.110838 0.0185274 0.993666 -1.03464 0 0 0 1 
2318808360237;0.1427;0.0172374;17;0.997985 -0.0626364 -0.0101627 0.272778 0.0620342 0.996745 -0.0514918 -0.303082 0.0133548 0.0507576 0.998622 -0.587421 0 0 0 1 
2318808360238;0.478527;0.00832629;44;0.899341 -0.150215 -0.410635 2.18161 0.0521786 0.969295 -0.240301 0.322319 0.434123 0.194686 0.879565 -4.12755 0 0 0 1 
2318808360239;0.07712;0.00879604;16;0.998682 0.0231232 -0.0458148 -0.110187 -0.0245974 0.999189 -0.0318791 0.176483 0.0450404 0.0329641 0.998441 -0.593197 0 0 0 1 
2318808360240;0.277432;0.0097953;28;0.964765 0.033112 0.261022 -0.35711 -0.0635709 0.991993 0.109126 0.185148 -0.255318 -0.121874 0.959145 2.5402 0 0 0 1 
2318808360241;0.414755;0.0162381;35;0.903173 0.198109 -0.380831 0.0660907 -0.155524 0.977881 0.139858 0.870941 0.400115 -0.0670877 0.914006 -1.9598 0 0 0 1 
2318808360242;0.207147;0.013526;20;0.987638 -0.155053 -0.0230015 1.11272 0.155516 0.987632 0.0199363 -1.22676 0.0196258 -0.023267 0.999537 0.078671 0 0 0 1 
2318808360243;0.526989;0.480007;11;0.999628 -0.0272264 -0.0013024 0.134567 0.0271782 0.991939 0.123767 -0.486023 -0.00207784 -0.123757 0.99231 0.547373 0 0 0 1 
2318808360244;0.293823;0.00823613;24;0.99654 0.0684911 0.0470845 -0.370537 -0.0728749 0.992441 0.0987452 0.376818 -0.0399655 -0.101835 0.993998 1.37498 0 0 0 1 
2318808360245;0.161157;0.00716071;17;0.999079 -0.0418606 0.00943474 0.237761 0.0421118 0.998714 -0.0282265 -0.347247 -0.00824103 0.0285978 0.999557 -0.402445 0 0 0 1 
2318808360246;0.48133;0.00508964;33;0.945774 -0.00792385 0.32473 0.0572935 -0.0552273 0.981225 0.184792 -0.242484 -0.320097 -0.192706 0.927579 2.6812 0 0 0 1 
2318808360248;0.277285;0.0142691;21;0.999881 -0.0138637 -0.00679417 0.0381402 0.01408 0.999359 0.0328996 0.263764 0.00633371 -0.0329913 0.999436 0.561785 0 0 0 1 
2318808360249;0.346523;0.0121551;49;0.920217 0.357963 0.158311 0.0645023 -0.382147 0.909138 0.165626 1.75841 -0.0846386 -0.21291 0.973399 0.830637 0 0 0 1 
2318808360250;0.347649;0.0133835;31;0.96111 -0.196682 0.193864 0.0580586 0.205168 0.97842 -0.0245081 -1.6636 -0.18486 0.0633297 0.980722 1.23176 0 0 0 1 
2318808360251;0.136295;0.0148605;25;0.997323 0.0308282 -0.066301 0.0246302 -0.020745 0.988812 0.147718 -0.0621348 0.0701131 -0.145947 0.986805 -0.507266 0 0 0 1 
2318808360252;0.263745;0.0154324;42;0.942904 -0.317864 -0.0994734 0.577022 0.325369 0.942908 0.0711258 -1.73188 0.0711859 -0.0994303 0.992495 -0.266978 0 0 0 1 
2318808360253;0.38952;0.0140014;37;0.943335 -0.326725 0.0580547 -0.320999 0.326635 0.945083 0.0112979 -1.83573 -0.0585579 0.00830499 0.998249 0.321965 0 0 0 1 
2318808360254;0.304973;0.0120882;22;0.993698 -0.11172 0.00906125 0.657706 0.111459 0.993442 0.0254934 -0.469028 -0.0118499 -0.0243228 0.999634 -0.39604 0 0 0 1 
2318808360255;0.467336;0.176661;22;0.975581 -0.212315 -0.0562523 0.122076 0.21075 0.977 -0.0324892 -1.15536 0.0618564 0.0198407 0.997888 0.387653 0 0 0 1 
