#;prob_registration_l1 -r /home/probabilistic_point_clouds_registration/build/tester /home/point_clouds_registration_benchmark//devel/registration_pairs/wood_autumn_local.txt /home/point_clouds_registration_benchmark//eth/wood_autumn -s 0.2 -t 0.2 -p 0.3 -r 1000 -m 10 -n 10 -i 100 
id;initial_error;final_error;transformation
26875431820000;0.498992;0.499432;18;0.984812 0.159085 -0.0695508 0.478959 -0.154993 0.986045 0.0607671 0.646866 0.0782474 -0.0490643 0.995726 -0.61045 0 0 0 1 
26875431820001;0.336145;0.0242592;40;0.910431 0.322272 -0.259338 0.717787 -0.289074 0.944111 0.1584 0.858246 0.295891 -0.069244 0.952709 -0.769712 0 0 0 1 
26875431820002;0.60541;0.0291226;50;0.890013 0.386183 -0.242363 0.928346 -0.38424 0.921457 0.0572399 0.991126 0.245432 0.0421812 0.968496 -1.40026 0 0 0 1 
26875431820003;0.366204;0.0244451;22;0.993343 0.10072 -0.0559113 -0.150047 -0.0980515 0.993995 0.0485794 -0.124537 0.0604684 -0.0427738 0.997253 -0.547884 0 0 0 1 
26875431820004;0.698046;0.031488;36;0.955667 -0.294426 -0.00361644 0.851485 0.294361 0.955016 0.035997 -1.27634 -0.00714468 -0.0354657 0.999345 0.403297 0 0 0 1 
26875431820005;0.325213;0.0198942;39;0.920167 -0.242453 0.307423 -0.358031 0.274176 0.959555 -0.0638896 -0.719538 -0.279499 0.143077 0.949426 0.977399 0 0 0 1 
26875431820006;0.554876;0.023306;22;0.999996 -0.00118355 0.0026829 -0.263272 0.00118367 0.999999 -4.33391e-05 0.70323 -0.00268285 4.65146e-05 0.999996 0.562985 0 0 0 1 
26875431820007;0.383756;0.0276899;46;0.987678 -0.0481261 -0.148917 0.201938 0.107495 0.900186 0.422032 -0.844684 0.113742 -0.432839 0.894267 -0.401725 0 0 0 1 
26875431820008;0.203498;0.0284362;29;0.965696 0.0508932 -0.25464 0.118067 -0.0270461 0.994986 0.0962917 0.0785889 0.258264 -0.0861015 0.96223 -0.989924 0 0 0 1 
26875431820009;0.180609;0.0300258;30;0.978402 -0.157685 -0.133657 0.113019 0.154666 0.987424 -0.0327482 -0.374818 0.13714 0.0113688 0.990486 -0.374826 0 0 0 1 
26875431820010;0.462102;0.0274257;32;0.959145 -0.141002 -0.245273 0.730155 0.147851 0.988963 0.00964193 -0.74584 0.241206 -0.0455119 0.969406 -0.947803 0 0 0 1 
26875431820011;0.575398;0.0278954;46;0.910139 0.0488714 0.41141 0.102876 -0.138412 0.97183 0.190757 0.323143 -0.390498 -0.230559 0.891265 1.88419 0 0 0 1 
26875431820012;0.688058;0.0227992;47;0.943968 0.318452 -0.0866782 0.303704 -0.269243 0.894941 0.355792 -0.389437 0.190875 -0.312519 0.930537 -0.698049 0 0 0 1 
26875431820013;0.421251;0.0336055;49;0.940614 -0.339463 0.00331073 -0.300306 0.339448 0.940615 0.00441987 -0.797477 -0.00461451 -0.00303357 0.999985 -0.32223 0 0 0 1 
26875431820014;0.330264;0.0184948;36;0.951035 -0.301816 0.0666359 -0.407724 0.302331 0.9532 0.00245644 -1.16464 -0.0642587 0.0178099 0.997774 0.169145 0 0 0 1 
26875431820015;0.226693;0.0262482;36;0.980806 0.192498 0.031047 0.0592411 -0.182564 0.962531 -0.200509 0.808121 -0.0684812 0.190992 0.9792 0.329007 0 0 0 1 
26875431820016;0.538469;0.0260621;52;0.901842 -0.0155245 0.431787 0.322793 -0.0397754 0.992128 0.118747 0.439536 -0.430231 -0.124266 0.894125 0.82945 0 0 0 1 
26875431820017;0.524419;0.0299273;34;0.983037 -0.159293 -0.090904 -0.0209583 0.142347 0.975194 -0.169514 -0.418846 0.115651 0.153698 0.981326 0.54445 0 0 0 1 
26875431820018;0.579586;0.0334567;29;0.979371 0.0411871 -0.197828 0.39196 -0.0634058 0.9922 -0.107325 -0.0411542 0.191864 0.117655 0.974344 0.354568 0 0 0 1 
26875431820019;0.351798;0.0256846;25;0.978554 0.0929965 -0.183806 0.265286 -0.0956774 0.995396 -0.00575182 0.582254 0.182425 0.0232145 0.982946 -0.954622 0 0 0 1 
26875431820020;0.0809749;0.0288925;21;0.994631 -0.103184 0.00789353 -0.0950367 0.103327 0.994434 -0.0206002 -0.317425 -0.00572399 0.0213052 0.999757 0.00218528 0 0 0 1 
26875431820021;0.644904;0.0287565;31;0.945855 0.0884245 -0.312315 1.18284 -0.00602072 0.966793 0.255491 0.0770761 0.324535 -0.239777 0.914978 -0.650002 0 0 0 1 
26875431820022;0.0317767;0.0258573;15;0.999526 0.0284662 0.0117137 -0.0181793 -0.0284151 0.999586 -0.00450484 0.106728 -0.0118371 0.00416985 0.999921 0.0806867 0 0 0 1 
26875431820023;0.284901;0.0305262;18;0.997453 -0.071321 -0.000143953 0.370236 0.0713056 0.99719 0.022953 -0.301171 -0.00149349 -0.0229048 0.999737 -0.0289394 0 0 0 1 
26875431820024;0.398113;0.0227469;19;0.997088 0.00437437 -0.0761305 0.358218 -0.00558451 0.999861 -0.0156899 0.448721 0.0760513 0.0160694 0.996974 -0.579379 0 0 0 1 
26875431820025;0.5828;0.0292718;56;0.895839 -0.429378 -0.114484 0.177882 0.421669 0.902668 -0.0859371 -1.25413 0.140241 0.0287114 0.989701 0.288904 0 0 0 1 
26875431820026;0.630426;0.025434;31;0.980829 0.194522 0.0116788 -0.275688 -0.194559 0.980888 0.00215852 0.516222 -0.0110357 -0.00438936 0.999929 0.934647 0 0 0 1 
26875431820027;0.464713;0.0278359;23;0.994259 0.10693 0.00382807 0.222818 -0.106993 0.993208 0.0457172 0.462814 0.00108648 -0.0458644 0.998947 0.679673 0 0 0 1 
26875431820028;0.337162;0.0234117;18;0.999918 -0.0125983 -0.00216918 -0.442121 0.0126848 0.99886 0.0460164 -0.360155 0.00158698 -0.0460401 0.998938 0.23667 0 0 0 1 
26875431820029;0.206492;0.0229599;18;0.999598 0.00943458 0.0267501 -0.308425 -0.00778013 0.99809 -0.0612914 -0.0906968 -0.0272773 0.0610586 0.997761 0.244633 0 0 0 1 
26875431820031;0.22611;0.00990973;29;0.970714 0.0992254 0.218787 -0.194232 -0.119738 0.989368 0.0825484 0.39026 -0.20827 -0.106328 0.972275 0.93232 0 0 0 1 
26875431820032;0.537519;0.269052;24;0.961274 -0.209659 -0.178873 0.658902 0.21277 0.977101 -0.00183051 -0.820765 0.17516 -0.0362991 0.983871 -0.755084 0 0 0 1 
26875431820033;0.515263;0.0182255;30;0.997017 0.031602 -0.0704135 -0.14471 -0.0117841 0.963963 0.265776 -0.733262 0.076275 -0.264153 0.96146 -1.00479 0 0 0 1 
26875431820034;0.18246;0.0134602;20;0.994798 0.0186299 -0.100154 -0.219447 -0.0176453 0.999787 0.0107072 0.0687752 0.100332 -0.00888423 0.994914 -0.284834 0 0 0 1 
26875431820035;0.31218;0.00956176;42;0.938379 0.199954 0.281891 0.0471941 -0.237861 0.965384 0.107031 0.881895 -0.250732 -0.167487 0.953458 1.45561 0 0 0 1 
26875431820036;0.352511;0.00790634;38;0.958638 -0.271855 0.0843145 -0.00687168 0.28463 0.915547 -0.284183 -0.91279 6.25962e-05 0.296427 0.955056 -0.236284 0 0 0 1 
26875431820037;0.447509;0.00796589;24;0.996973 -0.0776918 -0.00292434 0.309251 0.0776975 0.996975 0.00187527 -0.783973 0.0027698 -0.0020968 0.999994 -0.790663 0 0 0 1 
26875431820038;0.350569;0.0103912;36;0.985145 -0.166206 -0.0431922 0.234186 0.142322 0.930961 -0.336239 -0.0745303 0.0960951 0.325097 0.940786 -0.868426 0 0 0 1 
26875431820039;0.337073;0.0127142;34;0.971702 -0.212187 0.103786 0.0364939 0.17616 0.94369 0.28003 -1.17716 -0.15736 -0.253823 0.954364 1.27147 0 0 0 1 
26875431820040;0.229197;0.0115135;30;0.982512 -0.184827 -0.0225625 0.217412 0.174958 0.957859 -0.227806 -0.48614 0.0637164 0.219875 0.973445 -0.360185 0 0 0 1 
26875431820041;0.10838;0.00934506;17;0.997853 0.0649354 0.0085292 -0.0707328 -0.0649168 0.997888 -0.00243181 0.187665 -0.00866909 0.0018729 0.999961 0.193196 0 0 0 1 
26875431820042;0.455772;0.012183;53;0.884196 -0.458058 0.0915395 0.717685 0.466836 0.87331 -0.139264 -2.529 -0.0161514 0.16587 0.986015 0.284551 0 0 0 1 
26875431820043;0.274946;0.00906027;29;0.977441 0.108086 0.181457 -0.180991 -0.130359 0.984698 0.115654 0.29441 -0.16618 -0.1367 0.976574 1.14109 0 0 0 1 
26875431820044;0.287192;0.011148;20;0.999125 0.00441553 0.0415945 0.0464162 -0.00402028 0.999946 -0.00958124 0.595585 -0.0416346 0.00940564 0.999089 0.287608 0 0 0 1 
26875431820045;0.572084;0.00899646;34;0.985561 0.0717995 -0.153347 0.69313 -0.00892983 0.926424 0.376375 -0.874542 0.169088 -0.369571 0.913688 -1.1425 0 0 0 1 
26875431820046;0.148614;0.00873555;25;0.997778 -0.0635347 -0.0200608 0.0355396 0.0662644 0.977653 0.199506 -0.567929 0.006937 -0.200392 0.979691 0.0619519 0 0 0 1 
26875431820047;0.191966;0.00897721;26;0.988732 0.149174 0.0124776 -0.0894014 -0.144987 0.975045 -0.168127 0.909359 -0.0372463 0.164423 0.985686 0.310446 0 0 0 1 
26875431820048;0.552949;0.00743744;48;0.901882 0.420675 0.0981874 -0.0448249 -0.40356 0.901574 -0.155895 2.09179 -0.154105 0.100975 0.982881 -0.0557548 0 0 0 1 
26875431820049;0.452544;0.0103802;50;0.894938 0.405206 0.186802 0.0604675 -0.404528 0.913491 -0.0434908 1.59154 -0.188264 -0.0366449 0.981435 1.26083 0 0 0 1 
26875431820050;0.381287;0.0091045;37;0.956107 0.237818 0.171175 -0.111035 -0.245249 0.969179 0.0233423 0.895038 -0.160348 -0.0642982 0.984964 1.30227 0 0 0 1 
26875431820051;0.357531;0.0101753;27;0.972301 -0.0734233 -0.2219 0.707971 0.0652864 0.996905 -0.0437948 -0.110415 0.224429 0.0280947 0.974085 -0.637076 0 0 0 1 
26875431820052;0.469273;0.0131398;33;0.963811 0.148919 -0.221113 0.505428 -0.208259 0.938389 -0.275778 1.91671 0.166421 0.311847 0.935444 -1.04914 0 0 0 1 
26875431820053;0.393672;0.0114608;28;0.992712 0.032419 0.116069 0.670286 -0.0510217 0.985621 0.161086 -0.0156092 -0.109178 -0.165834 0.980092 0.56087 0 0 0 1 
26875431820054;0.384531;0.0129323;34;0.931533 0.226518 -0.284493 0.695411 -0.149372 0.951604 0.268586 0.364343 0.331564 -0.207702 0.920285 -1.42128 0 0 0 1 
26875431820055;0.28566;0.0113533;28;0.980347 -0.189674 -0.0542539 0.459768 0.192022 0.980495 0.0419128 -1.1453 0.0452459 -0.051507 0.997647 0.119255 0 0 0 1 
26875431820056;0.596591;0.0109076;35;0.918883 -0.288461 0.269156 -0.0318563 0.332822 0.933101 -0.136208 -1.33316 -0.211859 0.21474 0.953416 0.0579231 0 0 0 1 
26875431820057;0.446113;0.00779009;50;0.916578 -0.398287 0.0353685 0.926032 0.396704 0.916874 0.0443597 -1.50121 -0.0500964 -0.0266283 0.998389 0.51183 0 0 0 1 
26875431820058;0.224686;0.00765495;19;0.99961 -0.0114475 -0.0254594 -0.120555 0.0135985 0.996203 0.085987 -0.214136 0.0243784 -0.0862997 0.995971 0.343603 0 0 0 1 
26875431820059;0.444316;0.00809683;28;0.953296 -0.1738 0.247024 -0.495733 0.176149 0.984281 0.0127379 -0.645342 -0.245355 0.03137 0.968926 0.774786 0 0 0 1 
26875431820060;0.410765;0.0115667;42;0.984921 0.0928209 0.145998 0.290833 -0.1402 0.922667 0.359206 0.380334 -0.101365 -0.374258 0.921768 1.20567 0 0 0 1 
26875431820062;0.368904;0.0125232;38;0.953192 0.18092 0.242266 0.445158 -0.230432 0.953426 0.194628 0.508668 -0.19577 -0.241344 0.950488 0.393298 0 0 0 1 
26875431820063;0.231158;0.00963505;30;0.956584 -0.0736201 -0.282006 0.427601 0.113571 0.985246 0.128032 -0.61259 0.26842 -0.154501 0.950831 -1.11326 0 0 0 1 
26875431820064;0.204838;0.0168591;22;0.997746 -0.0074158 0.0666938 0.0838257 -0.00172175 0.990719 0.135917 0.269038 -0.0670828 -0.135726 0.988473 0.111959 0 0 0 1 
26875431820065;0.171053;0.0171033;18;0.998326 0.0543114 0.0198909 -0.0710932 -0.0536152 0.997983 -0.0340024 -0.0467349 -0.0216974 0.032879 0.999224 0.0115872 0 0 0 1 
26875431820066;0.341828;0.0154771;40;0.885986 0.459503 -0.062335 0.902421 -0.456968 0.888019 0.0510061 1.88244 0.0787921 -0.0167055 0.996751 -0.312034 0 0 0 1 
26875431820067;0.359104;0.0133193;19;0.999743 0.0100428 -0.0203334 -0.209764 -0.00995727 0.999941 0.00430353 0.35826 0.0203754 -0.00409996 0.999784 0.604356 0 0 0 1 
26875431820068;0.231956;0.0117959;17;0.99974 -0.0227039 0.00198643 0.045632 0.0226903 0.999721 0.00661044 -0.129258 -0.00213596 -0.00656365 0.999976 0.526563 0 0 0 1 
26875431820069;0.168442;0.0191168;22;0.98418 -0.155873 0.0842182 0.0893267 0.158515 0.987024 -0.0256208 -0.778273 -0.0791318 0.0385654 0.996118 0.50542 0 0 0 1 
26875431820070;0.120851;0.0150471;21;0.987609 0.133589 -0.0823559 0.259122 -0.128373 0.989548 0.0656907 0.480755 0.0902707 -0.0543044 0.994436 -0.416204 0 0 0 1 
26875431820071;0.559761;0.0182411;37;0.939824 -0.341302 0.0156264 1.01341 0.341164 0.939941 0.0108552 -1.294 -0.0183928 -0.00487077 0.999819 0.431491 0 0 0 1 
26875431820072;0.11141;0.0155947;18;0.998533 -0.0540762 0.00279986 -0.143593 0.0541485 0.99709 -0.0536694 -0.320855 0.000110526 0.0537423 0.998555 0.00211391 0 0 0 1 
26875431820073;0.298534;0.0174841;32;0.952112 -0.305739 -0.00262729 0.272664 0.305751 0.952076 0.00823901 -1.55131 -1.76101e-05 -0.00864775 0.999963 0.176801 0 0 0 1 
26875431820074;0.511902;0.0153124;35;0.944679 -0.238474 -0.225195 0.839868 0.187444 0.955928 -0.225981 -0.682206 0.269161 0.171268 0.947745 -1.668 0 0 0 1 
26875431820075;0.368729;0.0166705;34;0.937816 -0.236515 0.254089 -0.189214 0.157174 0.941952 0.296688 -1.14958 -0.309511 -0.238303 0.920551 1.50065 0 0 0 1 
26875431820076;0.104083;0.0119558;17;0.999394 -0.0287918 -0.0195593 -0.015752 0.027106 0.996298 -0.0815806 0.0910093 0.0218357 0.081001 0.996475 0.0296255 0 0 0 1 
26875431820077;0.334061;0.0122312;31;0.958247 0.28168 -0.0491814 0.467708 -0.277503 0.957586 0.0776019 1.29975 0.0689544 -0.0607139 0.995771 -0.765774 0 0 0 1 
26875431820078;0.46154;0.0108854;29;0.965352 0.259606 0.0264481 -0.23712 -0.252544 0.954963 -0.15578 1.55178 -0.0656984 0.143704 0.987438 -0.0823395 0 0 0 1 
26875431820079;0.388175;0.0193159;35;0.885157 -0.214913 0.412686 -0.220524 0.13335 0.966905 0.217512 -0.936737 -0.445774 -0.137501 0.884522 1.7492 0 0 0 1 
26875431820080;0.446652;0.0151357;29;0.96908 0.246111 0.0177241 0.232351 -0.245652 0.969046 -0.0246096 1.22128 -0.0232321 0.0194947 0.99954 -0.668641 0 0 0 1 
26875431820081;0.390076;0.0139848;40;0.917447 0.397852 -0.00221165 0.704639 -0.387909 0.893254 -0.227208 2.00385 -0.0884195 0.209309 0.973844 0.730805 0 0 0 1 
26875431820082;0.269988;0.0148631;23;0.992125 0.123508 -0.0208112 -0.112621 -0.118829 0.9807 0.155262 0.0725362 0.0395857 -0.151566 0.987654 -0.324808 0 0 0 1 
26875431820083;0.397996;0.0120967;34;0.918555 -0.327337 0.221602 0.437516 0.325112 0.944481 0.047519 -1.53783 -0.224854 0.0283967 0.973979 1.39324 0 0 0 1 
26875431820084;0.431462;0.0166165;30;0.984664 0.0906801 -0.149043 0.416458 -0.134865 0.937579 -0.320557 0.959565 0.110671 0.335741 0.93543 0.455017 0 0 0 1 
26875431820085;0.0561572;0.0128457;15;0.99927 -0.0378742 0.00506074 -0.084448 0.0378857 0.99928 -0.00218403 -0.145066 -0.00497438 0.00237417 0.999985 0.0956738 0 0 0 1 
26875431820086;0.263745;0.0123862;29;0.973874 0.222434 0.0457364 0.337281 -0.224284 0.973691 0.0402788 0.597379 -0.0355738 -0.0494845 0.998141 -0.0454161 0 0 0 1 
26875431820087;0.254275;0.0103871;31;0.972552 -0.0892051 -0.214906 0.328166 0.12847 0.975918 0.176293 -0.806116 0.194005 -0.199063 0.960591 -1.15712 0 0 0 1 
26875431820088;0.2679;0.0117749;29;0.967259 0.253468 -0.0127948 0.467241 -0.253733 0.966887 -0.0273864 1.28004 0.00542951 0.0297362 0.999543 -0.250334 0 0 0 1 
26875431820089;0.093436;0.0131882;16;0.99931 0.0336458 -0.0157188 0.0717296 -0.0343458 0.998322 -0.0466182 0.342732 0.0141239 0.0471259 0.998789 0.0412743 0 0 0 1 
26875431820090;0.279476;0.0135069;19;0.999278 0.0376088 0.00546359 0.197988 -0.0374755 0.999039 -0.0227412 -0.253839 -0.00631361 0.02252 0.999726 0.453969 0 0 0 1 
26875431820091;0.394578;0.0164154;22;0.992943 0.118102 0.0107626 0.257933 -0.118159 0.992983 0.0048615 0.502155 -0.0101129 -0.00609889 0.99993 -0.759778 0 0 0 1 
26875431820093;0.345934;0.0261462;36;0.933425 -0.311926 -0.177256 2.62101 0.304948 0.950076 -0.0660451 -1.16216 0.189008 0.00759418 0.981946 -0.625262 0 0 0 1 
26875431820094;0.529735;0.0186977;33;0.939668 0.283032 0.192139 -2.56447 -0.269753 0.958464 -0.0926305 1.89824 -0.210375 0.035212 0.976986 0.619729 0 0 0 1 
26875431820095;0.39088;0.0205899;30;0.962412 -0.0106892 -0.271384 0.301626 0.00520594 0.999768 -0.0209168 -0.143197 0.271544 0.0187178 0.962244 -0.796568 0 0 0 1 
26875431820096;0.29099;0.0145113;38;0.969664 0.155936 -0.188245 -0.472128 -0.194191 0.95914 -0.20577 1.22716 0.148467 0.236083 0.960324 -2.29839 0 0 0 1 
26875431820097;0.411668;0.0174834;32;0.959081 0.281438 0.0309093 -1.7989 -0.281112 0.959565 -0.0145295 2.40594 -0.0337487 0.00524597 0.999417 0.107198 0 0 0 1 
26875431820098;0.305728;0.0195014;26;0.963353 -0.201125 0.177481 0.977897 0.210156 0.977096 -0.0334476 -0.908222 -0.166689 0.0695205 0.983556 0.215271 0 0 0 1 
26875431820099;0.324227;0.285108;11;0.996458 -0.0837113 -0.00798371 0.690343 0.0839521 0.995774 0.0372376 -0.301881 0.00483277 -0.037776 0.999275 0.174244 0 0 0 1 
26875431820100;0.476247;0.0216816;27;0.972709 -0.231211 -0.019451 1.92979 0.231519 0.972708 0.0154316 -0.498561 0.0153522 -0.0195138 0.999692 -0.562694 0 0 0 1 
26875431820101;0.325622;0.0200879;38;0.953871 0.256212 0.156476 -1.78652 -0.193698 0.923444 -0.331259 1.79678 -0.22937 0.285669 0.930474 -0.700861 0 0 0 1 
26875431820102;0.315339;0.0215179;34;0.975241 0.221105 0.00416799 -1.20431 -0.21729 0.961575 -0.167803 1.22577 -0.04111 0.162743 0.985812 -1.2462 0 0 0 1 
26875431820103;0.395286;0.020325;21;0.996873 -0.0786891 0.00727162 0.325894 0.0787556 0.99685 -0.00935847 -0.322107 -0.00651231 0.00990188 0.99993 -0.779881 0 0 0 1 
26875431820104;0.491587;0.0204223;23;0.998968 0.0411377 0.0192624 0.416499 -0.0398786 0.997296 -0.0617286 0.617339 -0.0217497 0.0608967 0.997907 -0.875929 0 0 0 1 
26875431820105;0.296198;0.0236156;36;0.990831 -0.0409145 0.128762 0.173736 0.0788103 0.94913 -0.304862 0.210237 -0.109738 0.312214 0.943652 -1.03721 0 0 0 1 
26875431820106;0.351999;0.0217391;34;0.952837 -0.291863 -0.083169 1.95672 0.298002 0.951655 0.0744788 -1.71304 0.0574107 -0.0957507 0.993748 0.462198 0 0 0 1 
26875431820107;0.398745;0.27971;18;0.98219 0.17554 0.0669899 -1.44852 -0.164188 0.975232 -0.148208 1.51581 -0.0913471 0.134569 0.986685 -0.316763 0 0 0 1 
26875431820108;0.476963;0.0199813;31;0.963071 0.25826 0.0761262 -1.76003 -0.262989 0.962908 0.0603742 2.34794 -0.0577102 -0.078165 0.995269 1.06251 0 0 0 1 
26875431820109;0.419848;0.386119;11;0.998204 -0.0480989 -0.035703 0.431888 0.0493118 0.998208 0.0339076 -0.159204 0.0340081 -0.0356073 0.998787 0.265256 0 0 0 1 
26875431820110;0.205033;0.0226675;19;0.996605 0.0167949 0.0805994 -0.0010064 -0.0103703 0.996783 -0.079476 0.40543 -0.0816748 0.0783703 0.993573 -0.214734 0 0 0 1 
26875431820111;0.333895;0.0149922;23;0.986651 -0.162694 0.00706526 1.29318 0.162829 0.986267 -0.0276306 -0.569474 -0.00247291 0.0284122 0.999593 0.380904 0 0 0 1 
26875431820112;0.392948;0.0114898;54;0.873341 -0.447749 -0.191824 3.53419 0.455973 0.889992 -0.00142637 -1.73026 0.17136 -0.0862208 0.981428 -0.241728 0 0 0 1 
26875431820113;0.35267;0.0158822;35;0.943351 -0.163698 0.288605 0.878951 0.2392 0.938331 -0.249637 -0.419593 -0.229942 0.30453 0.924331 -0.761086 0 0 0 1 
26875431820114;0.433722;0.334767;11;0.994315 -0.0721562 0.0782991 0.525377 0.0739744 0.997048 -0.0205706 -0.0170829 -0.0765837 0.0262457 0.996718 0.142441 0 0 0 1 
26875431820115;0.334392;0.0219088;37;0.974225 -0.221758 0.041338 1.91097 0.197045 0.925793 0.322617 -0.856599 -0.109813 -0.306156 0.945627 2.49618 0 0 0 1 
26875431820116;0.39563;0.0161301;32;0.952646 -0.253307 0.168228 2.36734 0.260208 0.965346 -0.0199589 -1.33649 -0.157342 0.062788 0.985546 0.48834 0 0 0 1 
26875431820117;0.505945;0.0148017;34;0.967545 0.252631 -0.00579595 -2.16655 -0.252571 0.966081 -0.0538142 0.903134 -0.00799578 0.0535315 0.998534 -0.5491 0 0 0 1 
26875431820118;0.542637;0.0231702;46;0.91091 0.195956 0.363104 -1.06291 -0.281353 0.938693 0.19924 0.842566 -0.3018 -0.28365 0.910197 3.28592 0 0 0 1 
26875431820119;0.33961;0.0182139;46;0.957514 -0.0575019 -0.282595 0.991558 -0.00809902 0.974171 -0.225665 0.0601564 0.288272 0.218366 0.932317 -2.61507 0 0 0 1 
26875431820120;0.431883;0.024357;40;0.987902 0.133872 -0.0782866 -0.152873 -0.0952891 0.922261 0.374638 0.414685 0.122354 -0.362646 0.92386 1.88111 0 0 0 1 
26875431820121;0.296141;0.0215386;36;0.934385 -0.35315 -0.0470112 2.75509 0.351877 0.935453 -0.0333299 -1.41774 0.0557472 0.0146008 0.998338 -0.564177 0 0 0 1 
26875431820122;0.699318;0.0186586;34;0.900683 0.0506527 0.431514 -1.17564 -0.083244 0.9949 0.056967 -0.143087 -0.426428 -0.0872302 0.900306 3.25883 0 0 0 1 
26875431820124;0.463953;0.0448828;27;0.981545 0.0738782 -0.176382 -0.159858 -0.104529 0.979647 -0.171363 1.1302 0.160132 0.186638 0.969291 -3.18034 0 0 0 1 
26875431820125;0.172503;0.0364191;24;0.972378 0.230047 -0.039489 -1.87849 -0.228956 0.972966 0.0302801 1.36839 0.0453872 -0.0204025 0.998761 -0.0586616 0 0 0 1 
26875431820126;0.469661;0.0453231;19;0.999937 -0.00976266 -0.00555745 -0.417268 0.00945402 0.998545 -0.0530873 0.423807 0.00606764 0.0530314 0.998574 0.0784096 0 0 0 1 
26875431820127;0.198437;0.031562;17;0.996395 -0.0842011 -0.0103528 0.705334 0.0841657 0.996444 -0.00380835 -0.101821 0.0106366 0.00292328 0.999939 -0.114266 0 0 0 1 
26875431820128;0.38452;0.0337044;29;0.948865 -0.315675 -0.00223001 3.21708 0.315665 0.948863 -0.00373515 -0.950483 0.00329506 0.00284022 0.999991 -0.468366 0 0 0 1 
26875431820129;0.474436;0.0358679;30;0.936629 -0.339423 0.086704 3.43663 0.347923 0.93019 -0.117033 -1.18411 -0.0409274 0.139783 0.989336 -1.67648 0 0 0 1 
26875431820130;0.313572;0.0459594;18;0.994692 -0.102402 -0.0100694 0.834862 0.102148 0.994499 -0.0232013 -0.602428 0.0123899 0.0220496 0.99968 -0.838315 0 0 0 1 
26875431820131;0.549583;0.046268;25;0.992297 0.121427 -0.0245249 -1.64474 -0.117746 0.986023 0.117874 0.397904 0.0384951 -0.114078 0.992726 1.60745 0 0 0 1 
26875431820132;0.557397;0.0390542;41;0.891758 0.450626 -0.0412657 -2.87595 -0.450405 0.875118 -0.176932 3.9773 -0.0436177 0.176367 0.983358 -0.92893 0 0 0 1 
26875431820133;0.523064;0.0455627;41;0.984756 -0.051517 0.16614 0.353702 -0.00828911 0.940152 0.340655 0.453058 -0.173747 -0.336839 0.925393 4.80375 0 0 0 1 
26875431820134;0.28355;0.0499932;22;0.980626 0.192975 0.0336721 -1.91985 -0.193067 0.981185 -0.000540456 1.37019 -0.0331429 -0.00597098 0.999433 -0.0322191 0 0 0 1 
26875431820135;0.398345;0.0405017;26;0.981454 -0.0398358 -0.187511 0.423323 0.06986 0.985228 0.156348 -0.579644 0.178513 -0.166548 0.96974 1.16495 0 0 0 1 
26875431820136;0.188337;0.0420402;16;0.996478 0.0683381 0.0486025 -0.811143 -0.0674183 0.997518 -0.0203204 0.630908 -0.0498705 0.0169721 0.998611 0.135843 0 0 0 1 
26875431820137;0.314888;0.0437547;25;0.935708 -0.0195822 0.35223 -0.0744469 0.0445638 0.997021 -0.0629557 -0.242006 -0.349948 0.074605 0.933794 1.32686 0 0 0 1 
26875431820138;0.521003;0.0329648;20;0.999793 0.0181205 0.0092183 -0.5109 -0.0181041 0.999834 -0.00185935 -0.392061 -0.00925047 0.00169207 0.999956 0.854235 0 0 0 1 
26875431820139;0.534563;0.02693;24;0.963842 -0.21679 -0.154955 2.95243 0.196216 0.970836 -0.137758 -1.2077 0.1803 0.102373 0.97827 -1.73275 0 0 0 1 
26875431820140;0.635129;0.0491893;30;0.932099 0.122147 -0.340987 0.339165 -0.114226 0.992511 0.0432934 1.20426 0.343721 -0.00140404 0.939071 -1.58993 0 0 0 1 
26875431820141;0.451247;0.0308989;39;0.937638 -0.346045 -0.0329658 3.37465 0.342588 0.903858 0.256271 -1.57833 -0.0588848 -0.251583 0.966043 3.01199 0 0 0 1 
26875431820142;0.45211;0.0458741;26;0.967102 0.0520586 -0.249005 -0.660327 -0.0767857 0.992919 -0.0906389 0.730398 0.242524 0.106777 0.964252 -1.7567 0 0 0 1 
26875431820143;0.371493;0.0442596;40;0.926509 0.0458386 0.37347 -0.672565 -0.137492 0.965159 0.222631 0.642262 -0.350253 -0.257618 0.900531 4.32075 0 0 0 1 
26875431820144;0.382734;0.0441651;30;0.973971 0.0182182 0.225941 -0.287637 0.0611661 0.938667 -0.339358 0.885005 -0.218266 0.344345 0.913119 -1.91368 0 0 0 1 
26875431820145;0.502979;0.0321863;26;0.969246 0.242262 0.0432588 -2.2544 -0.240907 0.969944 -0.0342499 2.07289 -0.050256 0.0227752 0.998477 -0.558714 0 0 0 1 
26875431820146;0.275674;0.0364519;30;0.956398 0.290911 0.0259583 -2.1787 -0.292049 0.953538 0.0739727 1.9609 -0.00323279 -0.0783284 0.996922 0.556962 0 0 0 1 
26875431820147;0.238197;0.0355487;19;0.991405 0.0450159 -0.122843 -0.0337084 -0.0588259 0.992054 -0.111216 0.655717 0.11686 0.117486 0.986175 -1.4942 0 0 0 1 
26875431820148;0.24302;0.0376302;23;0.985772 -0.130052 0.106492 0.970838 0.147248 0.973687 -0.173933 -0.688316 -0.0810697 0.187139 0.978982 -1.41895 0 0 0 1 
26875431820149;0.23664;0.043596;27;0.942565 -0.325113 0.0766386 3.02536 0.330733 0.940508 -0.077848 -1.25721 -0.0467699 0.0987237 0.994015 -0.628374 0 0 0 1 
26875431820150;0.324251;0.0464438;21;0.984104 -0.175115 -0.0295463 1.63489 0.171463 0.980233 -0.0987105 -0.869544 0.046248 0.0920753 0.994677 -0.560697 0 0 0 1 
26875431820151;0.348638;0.0427478;33;0.958409 -0.185355 -0.217013 2.15185 0.23571 0.942804 0.235716 -1.26436 0.16091 -0.277064 0.947282 1.81812 0 0 0 1 
26875431820152;0.39459;0.0386383;20;0.993871 -0.0799427 0.0763515 0.396286 0.0845173 0.994692 -0.0586884 -0.228203 -0.0712546 0.0647817 0.995352 -0.870394 0 0 0 1 
26875431820153;0.461448;0.0416564;30;0.961409 0.271555 -0.0441737 -2.03233 -0.269531 0.961854 0.0467902 1.59651 0.0551947 -0.0330784 0.997928 -0.722774 0 0 0 1 
26875431820155;0.281618;0.0119114;18;0.99735 0.0456839 -0.0566144 0.472385 -0.0466424 0.998788 -0.0157243 0.0878182 0.0558274 0.0183233 0.998272 -0.0617214 0 0 0 1 
26875431820156;0.544215;0.0158976;35;0.979803 0.196236 -0.0384356 -0.0693858 -0.195456 0.98044 0.0231362 0.161655 0.042224 -0.0151565 0.998993 0.692084 0 0 0 1 
26875431820157;0.2633;0.0132379;38;0.982333 -0.18713 0.00198552 0.0769361 0.181666 0.950996 -0.250208 -0.112246 0.0449332 0.246148 0.96819 -0.100356 0 0 0 1 
26875431820158;0.308459;0.235504;16;0.992055 0.123867 -0.0219763 0.0691047 -0.123743 0.99229 0.00691773 0.494978 0.0226638 -0.00414336 0.999735 0.0920185 0 0 0 1 
26875431820159;0.600497;0.0149393;29;0.997988 0.052992 0.0348228 0.763153 -0.0478018 0.989565 -0.13593 0.0472951 -0.0416626 0.133992 0.990106 0.593867 0 0 0 1 
26875431820160;0.450407;0.013477;53;0.898066 -0.215145 0.383653 -0.18264 0.293687 0.942606 -0.158875 -0.215877 -0.327453 0.255354 0.909708 0.760819 0 0 0 1 
26875431820161;0.500041;0.027908;38;0.97374 -0.225463 -0.0315623 -0.278267 0.223681 0.973288 -0.0517331 -0.566448 0.0423831 0.0433147 0.998162 0.514279 0 0 0 1 
26875431820162;0.266888;0.00477871;41;0.977302 0.146432 0.153099 -0.126574 -0.115203 0.973812 -0.196007 0.127644 -0.177791 0.17392 0.968577 0.53784 0 0 0 1 
26875431820163;0.112835;0.00827889;24;0.992968 -0.00437693 0.118305 -0.0186377 -0.00103792 0.998956 0.04567 0.00441227 -0.118381 -0.0454716 0.991927 0.404905 0 0 0 1 
26875431820164;0.259006;0.0122079;31;0.982382 -0.185673 -0.0212569 0.0353108 0.186107 0.982312 0.0206913 -0.637326 0.0170391 -0.0242828 0.99956 -0.269298 0 0 0 1 
26875431820165;0.440579;0.0145235;53;0.925548 0.378545 0.00799335 0.0653251 -0.370164 0.900214 0.229332 0.514931 0.0796169 -0.215217 0.973315 -0.416638 0 0 0 1 
26875431820166;0.350624;0.26003;11;0.996466 -0.0541804 -0.0641836 -0.0897022 0.0523436 0.99818 -0.0299621 -0.0445239 0.0656901 0.0264966 0.997488 -0.156959 0 0 0 1 
26875431820167;0.350308;0.0112493;37;0.977187 -0.196924 0.0795336 0.404499 0.208375 0.961372 -0.179845 -0.129152 -0.0410454 0.192315 0.980474 0.0510848 0 0 0 1 
26875431820168;0.226339;0.0148529;27;0.983 -0.0605412 -0.173337 0.34684 0.0519229 0.997199 -0.0538338 -0.257412 0.17611 0.0439185 0.98339 -0.444603 0 0 0 1 
26875431820169;0.436398;0.0147905;22;0.998855 -0.0477304 -0.00337158 0.24355 0.0477327 0.99886 0.000584713 0.253386 0.00333982 -0.000744977 0.999994 0.564024 0 0 0 1 
26875431820170;0.561995;0.0209003;37;0.976111 0.0332241 0.214716 -0.482443 -0.0151174 0.99623 -0.0854269 -0.442457 -0.216745 0.0801402 0.972933 -0.0100603 0 0 0 1 
26875431820171;0.275385;0.01621;20;0.997492 0.0677683 0.020421 -0.0600173 -0.0679942 0.99763 0.0105781 0.166641 -0.0196557 -0.01194 0.999736 0.48546 0 0 0 1 
26875431820172;0.126727;0.0143501;18;0.999852 -0.00568901 0.0162059 -0.0139918 0.00715678 0.995733 -0.0920031 0.0260538 -0.0156133 0.0921055 0.995627 0.212962 0 0 0 1 
26875431820173;0.248339;0.0122227;28;0.98736 -0.110983 0.11315 -0.115924 0.107528 0.993543 0.0362075 0.0364668 -0.116438 -0.0235831 0.992918 0.370049 0 0 0 1 
26875431820174;0.442063;0.0166746;49;0.91449 -0.199819 0.351825 -0.311802 0.179559 0.979652 0.0896693 -0.664144 -0.362584 -0.0188284 0.931761 0.686668 0 0 0 1 
26875431820175;0.573407;0.317091;26;0.956203 0.11805 -0.267843 0.657474 -0.185852 0.951801 -0.243997 0.924136 0.226129 0.28309 0.932055 -0.927724 0 0 0 1 
26875431820176;0.270556;0.0235165;28;0.990866 0.132026 -0.0274588 -0.3238 -0.134664 0.979485 -0.149913 0.345658 0.00710301 0.152242 0.988318 0.00292103 0 0 0 1 
26875431820177;0.516211;0.0205779;32;0.995171 0.0576316 -0.0794604 -0.476422 -0.0712752 0.980848 -0.181262 -0.255136 0.0674922 0.186051 0.980219 -0.0277473 0 0 0 1 
26875431820178;0.516876;0.224779;20;0.986988 -0.110662 -0.116658 0.299661 0.127303 0.980988 0.146481 -0.516921 0.0982303 -0.159426 0.982311 0.406869 0 0 0 1 
26875431820179;0.506678;0.456747;11;0.993794 0.10688 0.0308354 -0.203219 -0.107487 0.99403 0.0187458 0.33512 -0.0286477 -0.0219439 0.999349 -0.0398509 0 0 0 1 
26875431820180;0.166082;0.0246096;22;0.997363 -0.0106204 0.0717994 -0.203318 0.00411391 0.995918 0.0901676 0.0852053 -0.0724639 -0.0896344 0.993335 0.163408 0 0 0 1 
26875431820181;0.220973;0.0179032;39;0.97889 -0.201891 0.0318361 0.209971 0.194604 0.968276 0.156752 -0.439936 -0.0624729 -0.147247 0.987125 0.322734 0 0 0 1 
26875431820182;0.311591;0.0106947;17;0.999969 0.00498598 -0.0060764 0.486741 -0.00503188 0.999959 -0.00756184 0.0753393 0.00603845 0.00759218 0.999953 -0.112129 0 0 0 1 
26875431820183;0.378261;0.0176206;53;0.903929 0.425628 -0.0418675 -0.0621567 -0.415823 0.897536 0.1467 1.15605 0.100017 -0.115197 0.988295 -0.246772 0 0 0 1 
26875431820184;0.707951;0.0155698;49;0.951011 -0.299295 0.0774629 -0.0868318 0.306392 0.945877 -0.106964 -0.39155 -0.0412565 0.125458 0.991241 -0.883631 0 0 0 1 
26875431820186;0.0232744;0.0285719;11;0.999986 -0.00506299 0.00160615 -0.0124001 0.00506642 0.999985 -0.00213536 -0.057189 -0.00159531 0.00214347 0.999996 0.039404 0 0 0 1 
26875431820187;0.469951;0.0372702;26;0.997636 -0.0504871 0.0466273 0.112486 0.0504113 0.998725 0.00280032 0.0310218 -0.0467092 -0.000443161 0.998908 -0.719055 0 0 0 1 
26875431820188;0.333415;0.0287426;44;0.962205 0.0883396 0.257599 -0.168796 -0.0869407 0.996071 -0.0168392 0.511891 -0.258074 -0.00619308 0.966105 0.171896 0 0 0 1 
26875431820189;0.215891;0.0285319;21;0.99951 -0.0231851 0.0210489 0.0104973 0.0263616 0.98578 -0.165958 0.305085 -0.0169019 0.166431 0.985908 0.0874207 0 0 0 1 
26875431820190;0.353199;0.0220252;19;0.999071 -0.00433416 -0.0428723 0.133497 0.00418449 0.999985 -0.00358001 -0.0532555 0.0428871 0.00339729 0.999074 0.566132 0 0 0 1 
26875431820191;0.375035;0.0322462;45;0.881687 0.108103 -0.459285 0.627289 -0.0604393 0.991257 0.11729 -0.0974087 0.467948 -0.0756541 0.880512 -0.463788 0 0 0 1 
26875431820192;0.269163;0.0319404;18;0.998713 -0.0353799 0.0363296 -0.166271 0.0360885 0.999167 -0.0190369 0.354259 -0.0356258 0.0203234 0.999159 0.268329 0 0 0 1 
26875431820193;0.42369;0.0310075;46;0.907533 -0.174604 0.381966 -0.305524 0.267025 0.941873 -0.203892 -0.102652 -0.324163 0.287033 0.901405 0.527311 0 0 0 1 
26875431820194;0.276623;0.0314883;46;0.945749 0.259378 0.195657 -0.254092 -0.256162 0.96572 -0.0420185 0.395108 -0.199849 -0.0103809 0.979772 0.552458 0 0 0 1 
26875431820195;0.12753;0.0274758;19;0.997092 0.0761237 0.0036255 -0.176935 -0.0761582 0.997039 0.0106023 0.0588086 -0.00280767 -0.0108476 0.999937 -0.119971 0 0 0 1 
26875431820196;0.182656;0.0294467;19;0.998043 -0.0624628 -0.00276752 -0.114779 0.0622941 0.99719 -0.0416009 -0.34617 0.00535825 0.0413471 0.99913 -0.12546 0 0 0 1 
26875431820197;0.141522;0.0339569;17;0.999197 0.0346796 -0.0200437 -0.268188 -0.0340223 0.998901 0.0322527 0.0545655 0.0211402 -0.0315449 0.999279 -0.0634429 0 0 0 1 
26875431820198;0.296595;0.0337978;39;0.961017 -0.264815 -0.0794921 0.39531 0.265663 0.964066 9.99785e-05 -0.273639 0.0766092 -0.0212142 0.996835 -0.322036 0 0 0 1 
26875431820199;0.374604;0.313382;11;0.995676 -0.0665883 -0.0647784 0.127091 0.0692376 0.996816 0.0395489 -0.115678 0.0619386 -0.043863 0.997116 0.0187193 0 0 0 1 
26875431820200;0.14975;0.0404715;21;0.998871 0.0150233 -0.0450658 -0.236659 -0.0116827 0.997227 0.0734939 0.0567391 0.0460449 -0.0728844 0.996277 0.00481334 0 0 0 1 
26875431820201;0.180431;0.0342628;18;0.99556 -0.0411433 -0.0846668 0.326764 0.0421824 0.999055 0.0105198 -0.167885 0.084154 -0.0140445 0.996354 -0.127676 0 0 0 1 
26875431820202;0.0568232;0.0301558;16;0.999326 -0.0352584 -0.010246 -0.0243691 0.0346011 0.997689 -0.0584759 0.00892271 0.0122841 0.0580819 0.998236 -0.0386634 0 0 0 1 
26875431820203;0.370175;0.309198;11;0.999193 -0.0385372 -0.0113028 -0.0324101 0.0393317 0.9959 0.081467 -0.095221 0.00811697 -0.0818458 0.996612 0.0075699 0 0 0 1 
26875431820204;0.336699;0.299721;16;0.992396 0.122616 -0.0107761 -0.12846 -0.122983 0.984119 -0.128001 0.52259 -0.00508994 0.128353 0.991716 0.0263108 0 0 0 1 
26875431820205;0.579018;0.159222;27;0.975211 0.0148835 0.220778 0.395819 -0.0349161 0.995586 0.0871135 -0.46619 -0.218507 -0.0926627 0.971426 -0.0966797 0 0 0 1 
26875431820206;0.454909;0.0287418;40;0.94391 0.03294 0.328555 -0.24732 0.0445275 0.973226 -0.225496 -0.0618287 -0.327186 0.227478 0.917171 1.09442 0 0 0 1 
26875431820207;0.201469;0.0293357;32;0.992999 0.101057 0.0611666 -0.163981 -0.110862 0.976049 0.187185 -0.0673254 -0.0407852 -0.192656 0.980418 0.291789 0 0 0 1 
26875431820208;0.418791;0.333473;11;0.998746 -0.045582 0.0207161 -0.124114 0.0428855 0.992335 0.115898 -0.191426 -0.0258402 -0.114864 0.993045 -0.0504354 0 0 0 1 
26875431820209;0.261543;0.212755;11;0.996089 -0.0880881 0.00682811 0.078052 0.0882627 0.995583 -0.0319942 -0.0116562 -0.00397964 0.0324717 0.999465 0.0275938 0 0 0 1 
26875431820210;0.579052;0.323811;16;0.99808 -0.0588019 -0.0194761 -0.319701 0.0606982 0.991143 0.118118 -0.3762 0.012358 -0.119074 0.992809 -0.164226 0 0 0 1 
26875431820211;0.254845;0.0288989;35;0.972406 -0.231587 -0.0281656 0.262105 0.231475 0.972814 -0.00722091 -0.441077 0.0290722 0.000502011 0.999577 0.237775 0 0 0 1 
26875431820212;0.320883;0.0326804;34;0.964319 -0.127859 0.231821 0.0130632 0.155422 0.982279 -0.104747 -0.257408 -0.21432 0.137039 0.967102 0.731063 0 0 0 1 
26875431820213;0.233658;0.0357503;23;0.998503 -0.0544768 0.00480841 -0.115154 0.0546683 0.991875 -0.114869 -0.0315891 0.00148835 0.11496 0.993369 -0.398669 0 0 0 1 
26875431820214;0.442932;0.0333869;25;0.981607 0.0378929 -0.187112 0.34024 -0.0841852 0.965582 -0.246099 0.537101 0.171347 0.257324 0.951012 0.274613 0 0 0 1 
26875431820215;0.292551;0.0273676;40;0.969703 0.0659128 0.235228 0.0279287 -0.013027 0.975494 -0.219639 -0.173152 -0.243941 0.20992 0.946798 0.341622 0 0 0 1 
26875431820217;0.53888;0.0156111;37;0.945007 -0.26233 0.195305 1.03421 0.317443 0.879406 -0.354788 -0.689282 -0.0786812 0.397276 0.91432 -0.409316 0 0 0 1 
26875431820218;0.132212;0.0166971;14;0.999996 -0.00206216 -0.00207335 -0.0027728 0.00200423 0.999618 -0.0275634 0.195106 0.0021294 0.0275591 0.999618 0.139301 0 0 0 1 
26875431820219;0.276971;0.0196684;21;0.991578 -0.0484301 0.120113 0.404692 0.0514031 0.998441 -0.0217768 -0.622629 -0.118871 0.0277676 0.992521 0.344179 0 0 0 1 
26875431820220;0.346183;0.3393;15;0.994856 0.0973052 0.0281685 -0.151746 -0.0985897 0.993945 0.0485142 0.266147 -0.0232773 -0.0510418 0.998425 0.273552 0 0 0 1 
26875431820221;0.22686;0.014544;17;0.999975 -0.000441541 0.00707574 0.412339 0.000438718 1 0.000400516 -0.0328109 -0.00707591 -0.000397402 0.999975 -0.246242 0 0 0 1 
26875431820222;0.271182;0.219845;16;0.988233 0.115398 0.100395 -0.144298 -0.113234 0.993201 -0.0270171 0.216264 -0.10283 0.0153311 0.994581 0.365443 0 0 0 1 
26875431820223;0.173034;0.0112332;15;0.999958 -0.00385395 0.00825749 -0.17784 0.00385848 0.999992 -0.000532591 -0.180165 -0.00825537 0.000564431 0.999966 -0.257239 0 0 0 1 
26875431820224;0.421446;0.0180282;21;0.995618 0.0574469 0.0737938 -0.713624 -0.0623377 0.995885 0.0657772 -0.362322 -0.0697114 -0.0700891 0.995102 0.62262 0 0 0 1 
26875431820225;0.149136;0.00929768;26;0.982287 0.18736 -0.00295035 -0.152113 -0.18682 0.980435 0.0620092 0.822322 0.0145107 -0.0603596 0.998071 -0.0401291 0 0 0 1 
26875431820226;0.0692592;0.0137151;14;0.999481 -0.0317472 0.00554916 0.17199 0.0318227 0.999394 -0.0140937 -0.125104 -0.00509836 0.014263 0.999885 -0.0551192 0 0 0 1 
26875431820227;0.394953;0.270546;23;0.977264 0.188764 0.0965559 -0.382092 -0.20031 0.971255 0.128603 0.242397 -0.0695048 -0.14502 0.986984 -0.0680107 0 0 0 1 
26875431820228;0.385763;0.0132488;20;0.999703 -0.0242887 0.00208069 -0.261443 0.0243717 0.993919 -0.107378 0.672968 0.000540037 0.107397 0.994216 0.113232 0 0 0 1 
26875431820229;0.236316;0.016007;23;0.979515 -0.0968929 0.176529 0.155471 0.0938634 0.99526 0.025452 -0.123827 -0.178158 -0.00836095 0.983966 0.818402 0 0 0 1 
26875431820230;0.353557;0.241899;21;0.970614 0.229729 0.0716449 -0.394306 -0.226789 0.972815 -0.0468811 0.956394 -0.0804672 0.0292552 0.996328 0.22124 0 0 0 1 
26875431820231;0.448584;0.0167484;20;0.999188 0.0117804 0.0385357 -0.277581 -0.00988574 0.99875 -0.0489928 0.312144 -0.0390647 0.0485721 0.998055 -0.778036 0 0 0 1 
26875431820232;0.290281;0.0134741;33;0.965269 -0.191949 0.177231 0.55587 0.132735 0.944617 0.300135 -0.621281 -0.225026 -0.266186 0.937288 1.25981 0 0 0 1 
26875431820233;0.217224;0.013903;18;0.9965 -0.0735427 -0.0397408 0.545748 0.07257 0.99704 -0.0253886 -0.276758 0.0414903 0.0224158 0.998887 -0.296817 0 0 0 1 
26875431820234;0.288361;0.00983777;26;0.984855 -0.162703 -0.0598986 0.33672 0.167156 0.98277 0.0788829 -1.35269 0.046032 -0.0877007 0.995083 -0.345982 0 0 0 1 
26875431820235;0.189456;0.0118558;27;0.977468 -0.153101 -0.145314 0.509484 0.156023 0.987714 0.0088596 -0.763894 0.142172 -0.0313323 0.989346 -0.686792 0 0 0 1 
26875431820236;0.315102;0.0144259;47;0.932899 0.246064 0.262969 -0.150496 -0.223096 0.968062 -0.114381 1.35464 -0.282716 0.0480384 0.958 1.51556 0 0 0 1 
26875431820237;0.012092;0.0143944;11;0.999955 -0.0025094 0.00915793 0.0116494 0.00258296 0.999964 -0.00802962 -0.0286562 -0.00913745 0.00805291 0.999926 0.0309157 0 0 0 1 
26875431820238;0.26454;0.0143059;29;0.953951 -0.274418 0.121132 0.513806 0.264479 0.959996 0.0919665 -1.40591 -0.141524 -0.0556946 0.988367 0.944865 0 0 0 1 
26875431820239;0.246987;0.0113833;17;0.999081 0.0358105 0.0235505 -0.319138 -0.0379183 0.994642 0.0961703 -0.306258 -0.0199804 -0.0969749 0.995086 0.174346 0 0 0 1 
26875431820240;0.363487;0.0100232;45;0.902794 0.409808 -0.130465 -0.0961012 -0.382882 0.904015 0.190156 1.88214 0.19587 -0.121719 0.973047 -0.935669 0 0 0 1 
26875431820241;0.468508;0.0180742;44;0.890291 -0.455318 0.00820837 0.684834 0.455334 0.890321 -5.93363e-05 -2.24141 -0.00728106 0.00379038 0.999966 0.415856 0 0 0 1 
26875431820242;0.496458;0.00903902;40;0.963703 -0.204777 -0.171296 0.888196 0.257188 0.88422 0.389883 -1.97386 0.0716243 -0.419787 0.904792 -0.0212176 0 0 0 1 
26875431820243;0.419239;0.0150476;42;0.904862 0.264966 0.333193 -0.382345 -0.218385 0.96077 -0.170962 1.36488 -0.365421 0.0819322 0.927229 1.46104 0 0 0 1 
26875431820244;0.327061;0.0207236;18;0.999911 0.00469586 0.0125095 -0.527528 -0.0031687 0.992839 -0.119414 0.524853 -0.0129807 0.119364 0.992766 0.0118157 0 0 0 1 
26875431820245;0.440644;0.0142293;32;0.910231 0.05527 0.410396 -0.398652 -0.102942 0.990143 0.0949706 0.254526 -0.401101 -0.128692 0.906949 1.94313 0 0 0 1 
26875431820246;0.33651;0.0135314;20;0.988231 -0.0545398 0.142913 -0.0918388 0.0423801 0.995325 0.0867901 -0.639146 -0.146979 -0.0797121 0.985923 0.25257 0 0 0 1 
26875431820248;0.482971;0.0235271;32;0.938782 -0.0835283 -0.334232 0.83314 0.116636 0.98993 0.0802102 -0.387663 0.324167 -0.114284 0.939071 -2.31803 0 0 0 1 
26875431820249;0.481186;0.0185274;26;0.971299 -0.194973 -0.136247 0.346075 0.184059 0.978906 -0.0886928 -0.731728 0.150666 0.0610698 0.986697 0.326004 0 0 0 1 
26875431820250;0.362957;0.0258302;29;0.965589 0.225328 0.129869 0.143314 -0.209329 0.969685 -0.126062 1.53956 -0.154338 0.0945388 0.983485 0.516992 0 0 0 1 
26875431820251;0.294996;0.0244545;21;0.995691 0.0922573 -0.00937569 0.635419 -0.0915018 0.99386 0.0622078 0.0967117 0.0150572 -0.0610818 0.998019 -0.287522 0 0 0 1 
26875431820252;0.28587;0.0220637;18;0.999603 -0.0281475 0.00159577 0.322122 0.0281466 0.999604 0.000545513 -0.650272 -0.00161049 -0.000500381 0.999999 0.262412 0 0 0 1 
26875431820253;0.612372;0.0240832;28;0.959363 0.0880867 -0.268072 1.16132 -0.0251823 0.972962 0.229587 -0.941413 0.281048 -0.213507 0.935642 -1.11166 0 0 0 1 
