#;prob_registration_l1 -r /home/probabilistic_point_clouds_registration/build/tester /home/point_clouds_registration_benchmark//devel/registration_pairs/apartment_local.txt /home/point_clouds_registration_benchmark//eth/apartment -s 0.2 -t 0.2 -p 0.3 -r 1000 -m 20 -i 40 
id;initial_error;final_error;transformation
13001298760000;0.820981;1.71465;0.906246 0.412577 0.0921844 -0.67675 -0.398274 0.906353 -0.141076 -0.808911 -0.141756 0.0911349 0.985698 0.324511 0 0 0 1 
13001298760001;0.68771;3.30177;0.587098 -0.744675 -0.317452 0.59634 0.806356 0.572579 0.14813 -5.86386 0.0714575 -0.342947 0.936633 0.504755 0 0 0 1 
13001298760002;0.636186;1.72314;0.976515 0.140367 -0.163446 0.118732 -0.107167 0.974589 0.1967 -1.85125 0.186903 -0.174564 0.966744 -0.976693 0 0 0 1 
13001298760003;0.411513;1.76008;0.991833 -0.102273 0.0762114 -0.131042 0.0887697 0.982572 0.163314 -2.44276 -0.0915858 -0.155215 0.983626 -0.104187 0 0 0 1 
13001298760004;0.857932;1.86684;0.880003 0.412696 -0.235112 0.306121 -0.436786 0.897611 -0.05926 -0.817743 0.186583 0.154843 0.97016 0.470045 0 0 0 1 
13001298760005;0.460674;1.68276;0.858396 0.510266 0.0527742 0.445392 -0.511009 0.859575 0.000686369 -0.754668 -0.0450132 -0.0275573 0.998606 0.539057 0 0 0 1 
13001298760006;0.655521;1.73822;0.963714 0.266586 0.0136978 -0.628712 -0.266557 0.963811 -0.00394529 -0.966889 -0.0142538 0.000150888 0.999898 0.364559 0 0 0 1 
13001298760007;0.308888;1.80249;0.879691 0.290158 0.376765 -0.0459071 -0.3368 0.939476 0.0628609 -1.1379 -0.335722 -0.182192 0.924174 1.18772 0 0 0 1 
13001298760008;0.466988;1.75248;0.943951 0.312562 0.106123 -0.102897 -0.304986 0.948839 -0.0817815 -1.34755 -0.126255 0.0448317 0.990984 0.213906 0 0 0 1 
13001298760009;0.423945;1.75217;0.961499 0.265655 0.0703278 -0.236132 -0.23148 0.920862 -0.313736 -0.960039 -0.148108 0.285377 0.946902 0.156613 0 0 0 1 
13001298760010;0.258498;1.67265;0.954282 0.298385 -0.0176715 0.23925 -0.298379 0.947414 -0.115661 -0.697985 -0.0177693 0.115646 0.993131 0.309173 0 0 0 1 
13001298760011;0.784351;1.75932;0.948275 0.306193 0.0837914 0.048148 -0.317387 0.909147 0.269661 -1.1071 0.00638955 -0.282307 0.959303 -0.673822 0 0 0 1 
13001298760012;0.622128;1.86208;0.978755 0.203931 -0.021233 0.239854 -0.204898 0.976617 -0.0650908 -2.02078 0.00746243 0.0680586 0.997653 0.316398 0 0 0 1 
13001298760013;0.398004;1.78743;0.900142 0.390492 0.193028 0.084882 -0.340348 0.907055 -0.247822 -0.902584 -0.271859 0.157378 0.949381 1.27724 0 0 0 1 
13001298760014;0.755219;2.40312;0.920882 0.355925 -0.159039 2.04341 -0.342006 0.9334 0.108607 -0.967535 0.187103 -0.045622 0.98128 -1.1755 0 0 0 1 
13001298760015;0.388158;1.68905;0.925684 0.344964 -0.155274 0.446793 -0.347306 0.937666 0.0126571 -0.573998 0.149961 0.0422112 0.98779 -0.182761 0 0 0 1 
13001298760016;0.851768;1.75731;0.961939 0.273263 0.00077355 0.566424 -0.273032 0.961235 -0.0384798 -0.568261 -0.0112587 0.036804 0.999259 0.637838 0 0 0 1 
13001298760017;0.399547;1.86683;0.929739 0.367164 -0.0278603 0.39889 -0.367825 0.922577 -0.116433 -1.05452 -0.0170468 0.1185 0.992808 0.511079 0 0 0 1 
13001298760018;0.820633;1.75103;0.921655 0.320634 -0.218509 0.126288 -0.34003 0.938698 -0.056803 -0.982524 0.186901 0.126652 0.97418 0.49549 0 0 0 1 
13001298760019;0.329854;1.36099;0.93768 0.34431 -0.0469764 0.58184 -0.342919 0.938703 0.0352577 -0.724232 0.0562365 -0.0169514 0.998274 -0.110293 0 0 0 1 
13001298760020;0.847185;1.65719;0.950347 0.309466 0.0327204 -0.183657 -0.307005 0.949556 -0.0639668 -0.594794 -0.0508654 0.0507453 0.997415 1.05394 0 0 0 1 
13001298760021;0.886722;1.8229;0.870645 0.462822 -0.166654 0.36844 -0.399284 0.862786 0.310117 -1.68153 0.287316 -0.20346 0.935977 -1.26066 0 0 0 1 
13001298760022;0.59893;1.79921;0.928299 0.252483 -0.27297 0.330514 -0.189735 0.952994 0.236227 -1.55072 0.319782 -0.167497 0.932568 -1.33245 0 0 0 1 
13001298760023;0.367247;1.81769;0.995519 0.0907578 0.0265528 -0.0753893 -0.090442 0.995819 -0.0128625 -2.00582 -0.0276091 0.0104033 0.999565 -0.0949854 0 0 0 1 
13001298760024;0.0968236;1.46809;0.939823 0.329014 0.0921043 0.135958 -0.331107 0.943559 0.00800948 -0.631873 -0.0842706 -0.0380239 0.995717 0.415493 0 0 0 1 
13001298760025;0.689632;1.76133;0.988061 0.131299 0.0806036 -0.247425 -0.0855732 0.902754 -0.42156 -1.1643 -0.128116 0.40963 0.903211 1.01434 0 0 0 1 
13001298760026;0.452516;1.75693;0.995634 0.0125335 0.0924992 -0.306378 -0.0307092 0.979764 0.197787 -1.55432 -0.0881484 -0.199764 0.975871 0.266203 0 0 0 1 
13001298760027;0.353163;1.81497;0.940954 -0.122804 0.315474 -0.245841 0.0111452 0.942618 0.333687 -2.24068 -0.33835 -0.310469 0.888329 0.81705 0 0 0 1 
13001298760028;0.770166;2.03604;0.894211 0.446475 0.0323486 1.23722 -0.443149 0.893132 -0.0770379 0.25496 -0.063287 0.054553 0.996503 -0.11596 0 0 0 1 
13001298760029;0.444231;1.83054;0.906476 0.365713 0.211081 0.305631 -0.380924 0.923941 0.0350614 -1.21356 -0.182204 -0.112188 0.97684 0.816622 0 0 0 1 
13001298760031;1.0814;0.930958;0.985935 -0.117728 0.118626 -0.454311 0.126583 0.989477 -0.0700828 -0.43513 -0.109127 0.0841131 0.990463 0.605701 0 0 0 1 
13001298760032;0.762366;0.942552;0.966672 -0.243985 -0.0775686 -1.31609 0.246287 0.968959 0.0214941 -0.891707 0.0699165 -0.0398818 0.996755 -0.696141 0 0 0 1 
13001298760033;0.562268;0.794903;0.963545 -0.244239 -0.109214 -1.17209 0.2343 0.967386 -0.0962713 -0.825271 0.129165 0.067173 0.989345 0.0629376 0 0 0 1 
13001298760034;0.913227;0.836214;0.974561 -0.216094 -0.0594458 -1.16146 0.188761 0.934397 -0.302111 -0.537728 0.12083 0.283205 0.951417 0.654216 0 0 0 1 
13001298760035;0.190074;0.699343;0.987964 0.103035 -0.11537 -0.186833 -0.0944963 0.992528 0.0771962 0.282219 0.122462 -0.065365 0.990318 -0.556809 0 0 0 1 
13001298760036;1.3176;0.911232;0.924653 -0.377906 -0.04694 -1.99847 0.380148 0.90874 0.172279 -0.981119 -0.0224489 -0.177142 0.983929 -0.236471 0 0 0 1 
13001298760037;0.408209;0.826106;0.994857 0.0845533 -0.0557762 -0.554695 -0.0907666 0.988573 -0.12035 0.53591 0.0449629 0.124793 0.991163 0.0277066 0 0 0 1 
13001298760038;0.799177;0.725007;0.999711 -0.0228325 -0.00757752 -0.0816654 0.0237438 0.987134 0.158123 -0.434026 0.00386969 -0.158257 0.98739 -0.213159 0 0 0 1 
13001298760039;0.512139;0.722198;0.999756 -0.0163511 -0.0148533 -0.545812 0.0160644 0.999686 -0.0192173 -0.10342 0.0151629 0.018974 0.999705 0.412161 0 0 0 1 
13001298760040;0.790161;1.07504;0.99793 -0.0617698 0.0179033 -0.727032 0.0615983 0.998051 0.00997849 -0.122102 -0.0184848 -0.00885502 0.99979 -0.416172 0 0 0 1 
13001298760041;0.304867;0.794486;0.980894 -0.15409 0.118759 -0.898721 0.161236 0.985489 -0.0530549 -0.33479 -0.10886 0.0711893 0.991505 0.439671 0 0 0 1 
13001298760042;0.323258;0.703297;0.99913 0.038228 -0.0166402 -0.365298 -0.0374635 0.998326 0.0440537 -0.0846813 0.0182964 -0.043392 0.998891 -0.0458247 0 0 0 1 
13001298760043;1.1294;0.892997;0.939992 -0.336012 -0.0592506 -1.13476 0.338612 0.897368 0.28297 -2.0609 -0.0419116 -0.286052 0.957297 -0.698349 0 0 0 1 
13001298760044;0.672602;0.717485;0.987053 -0.100063 0.125351 -1.0954 0.104054 0.99424 -0.0256911 -0.229836 -0.122058 0.0384017 0.99178 0.181563 0 0 0 1 
13001298760045;0.603165;0.528003;0.997412 0.00969102 0.0712369 0.156743 -0.0130532 0.998815 0.0468834 -0.193351 -0.0706981 -0.047692 0.996357 -0.156749 0 0 0 1 
13001298760046;0.435224;0.868771;0.905674 0.0962001 -0.412917 0.156964 -0.117969 0.992637 -0.0274862 0.519791 0.407232 0.0736048 0.910354 -1.02283 0 0 0 1 
13001298760047;1.03472;0.786275;0.998757 -0.0463001 0.018475 -0.796933 0.0404806 0.969568 0.241452 -0.583282 -0.0290921 -0.240404 0.970237 -1.03014 0 0 0 1 
13001298760048;1.38851;0.734782;0.995462 0.062877 0.0714223 -0.28841 -0.0878018 0.89628 0.43471 -0.77734 -0.0366811 -0.439009 0.897734 -1.3628 0 0 0 1 
13001298760049;0.308211;0.749432;0.989885 0.106934 -0.0932362 -0.401815 -0.0960533 0.988795 0.114268 0.169791 0.104411 -0.104157 0.989065 -0.53057 0 0 0 1 
13001298760050;0.383404;0.90498;0.995619 -0.0929394 -0.0102801 -1.08525 0.0927667 0.995557 -0.0161683 -0.412074 0.0117371 0.0151438 0.999816 0.0584031 0 0 0 1 
13001298760051;1.39486;0.909945;0.900102 -0.407251 0.154798 -2.22322 0.418572 0.90692 -0.0478878 -1.66741 -0.120887 0.107898 0.986785 0.750341 0 0 0 1 
13001298760052;0.390791;0.707651;0.999393 -0.0332514 -0.0103731 -0.801268 0.0332816 0.999442 0.00275123 -0.25049 0.0102758 -0.0030948 0.999942 -0.0717702 0 0 0 1 
13001298760053;0.738841;0.781533;0.968559 0.248561 0.0105549 0.423017 -0.247694 0.959474 0.13438 0.566317 0.0232745 -0.132769 0.990874 -0.11881 0 0 0 1 
13001298760054;0.290741;0.796642;0.980955 -0.192085 -0.0288226 -0.99704 0.191888 0.981371 -0.0094513 -0.597986 0.0301011 0.00374058 0.99954 -0.230441 0 0 0 1 
13001298760055;0.983527;0.794684;0.977155 0.157517 0.142674 -0.902516 -0.138568 0.981211 -0.134257 0.622863 -0.161141 0.111419 0.980622 1.03841 0 0 0 1 
13001298760056;0.893456;0.942389;0.980942 -0.192776 0.0243049 -0.465729 0.193096 0.981112 -0.0115478 -0.825709 -0.0216197 0.0160209 0.999638 -0.0547462 0 0 0 1 
13001298760057;1.32906;1.03491;0.997635 0.0412663 0.0549701 -0.241681 -0.0423553 0.998926 0.0187955 0.673981 -0.0541355 -0.0210793 0.998311 -0.465655 0 0 0 1 
13001298760058;1.04418;0.953179;0.927441 -0.335899 0.164393 -1.35883 0.328845 0.941843 0.0692232 -1.11662 -0.178085 -0.0101404 0.983963 -0.0923885 0 0 0 1 
13001298760059;1.02726;0.738764;0.997702 0.0447394 -0.0508766 -0.0113923 -0.0316957 0.97193 0.233126 -0.21044 0.0598784 -0.230978 0.971115 -1.17578 0 0 0 1 
13001298760060;1.18019;0.807471;0.944989 0.326385 -0.021636 -0.328275 -0.321172 0.938365 0.127749 0.841508 0.0619979 -0.113773 0.99157 -0.323892 0 0 0 1 
13001298760062;0.42647;2.04341;0.932366 -0.361072 0.0179125 -0.965456 0.358738 0.930196 0.0777356 -0.227975 -0.0447303 -0.0660522 0.996813 0.240734 0 0 0 1 
13001298760063;0.820769;2.02128;0.913643 -0.402338 0.0581456 -0.566507 0.403394 0.914998 -0.00722853 -0.125975 -0.0502947 0.0300599 0.998282 0.893409 0 0 0 1 
13001298760064;0.637796;1.90808;0.978136 -0.204015 0.0403446 -0.728748 0.206611 0.975413 -0.0766878 0.557434 -0.0237072 0.0833467 0.996239 0.818892 0 0 0 1 
13001298760065;1.32441;2.01462;0.87696 -0.405995 -0.257118 -0.424679 0.471044 0.832174 0.292582 -0.977981 0.0951798 -0.377696 0.921025 -2.08522 0 0 0 1 
13001298760066;0.832986;2.17667;0.854343 -0.515253 0.0679148 -1.04687 0.519503 0.850363 -0.0836572 -0.193772 -0.0146477 0.106754 0.994178 0.702085 0 0 0 1 
13001298760067;0.500971;2.14459;0.820526 -0.5705 0.035582 -0.802764 0.570343 0.81298 -0.117361 -0.8798 0.0380268 0.116591 0.992452 -0.0345214 0 0 0 1 
13001298760068;1.1413;1.96585;0.841589 -0.510589 0.176142 -1.37901 0.489286 0.858822 0.151739 -0.298142 -0.228751 -0.0415177 0.972599 1.16623 0 0 0 1 
13001298760069;0.277143;2.14686;0.935203 -0.317602 -0.1566 -0.65972 0.339534 0.929832 0.141874 -0.00549666 0.100552 -0.185852 0.977419 -0.763896 0 0 0 1 
13001298760070;1.31041;2.15046;0.911601 -0.395437 0.112306 -0.91707 0.402147 0.914505 -0.0442469 -0.146554 -0.0852075 0.085499 0.992688 -0.298786 0 0 0 1 
13001298760071;0.311671;2.13541;0.698591 -0.683804 -0.210672 -0.733636 0.704347 0.70903 0.03424 -1.923 0.125959 -0.172306 0.976957 -0.89371 0 0 0 1 
13001298760072;0.364438;2.16967;0.830972 -0.552219 0.0673797 -0.949228 0.555725 0.829554 -0.0548615 -0.706771 -0.0255995 0.083033 0.996218 0.540142 0 0 0 1 
13001298760073;1.33186;2.1296;0.754619 -0.555795 0.348773 -1.20696 0.638563 0.744329 -0.195477 -0.741661 -0.150956 0.370224 0.916595 1.23831 0 0 0 1 
13001298760074;0.375476;2.10755;0.767251 -0.565276 -0.302968 -0.549008 0.466445 0.816044 -0.341323 -0.527043 0.440176 0.120562 0.889781 -1.07998 0 0 0 1 
13001298760075;0.892832;2.19174;0.892599 -0.368769 0.259376 -0.580304 0.407833 0.90568 -0.115833 -0.229389 -0.192196 0.209174 0.958805 1.97463 0 0 0 1 
13001298760076;0.49285;2.06468;0.828372 -0.557471 0.0550017 -1.19226 0.560178 0.824448 -0.0805412 -1.0156 -0.000446613 0.0975288 0.995233 0.170161 0 0 0 1 
13001298760077;1.25077;2.00149;0.919864 -0.39124 0.0279511 -1.3114 0.391718 0.919977 -0.0141345 0.0118097 -0.0201844 0.0239508 0.999509 0.959227 0 0 0 1 
13001298760078;0.873453;2.0987;0.929147 -0.330076 -0.166538 -0.609438 0.336439 0.941644 0.010733 0.361212 0.153277 -0.0660025 0.985977 -1.13575 0 0 0 1 
13001298760079;0.135451;2.05974;0.907562 -0.41989 -0.00497408 -0.850869 0.418139 0.90474 -0.0812692 -0.298682 0.0386243 0.0716769 0.99668 0.138929 0 0 0 1 
13001298760080;0.477523;2.1629;0.623058 -0.71844 0.30926 -0.817813 0.655764 0.695314 0.29413 -1.98743 -0.426348 0.019541 0.904348 1.67757 0 0 0 1 
13001298760081;0.486196;2.05409;0.928802 -0.192081 -0.316911 0.00529131 0.189666 0.981083 -0.0387653 0.564316 0.318362 -0.0241018 0.947663 -1.0917 0 0 0 1 
13001298760082;0.60999;3.12857;0.740417 -0.661919 0.116811 -0.31631 0.670609 0.739232 -0.0617969 -0.803195 -0.0454463 0.12409 0.99123 0.327998 0 0 0 1 
13001298760083;0.578912;1.93107;0.755438 -0.651787 -0.0669829 -0.54772 0.638492 0.709341 0.298604 -2.06201 -0.147112 -0.268345 0.952024 -0.124973 0 0 0 1 
13001298760084;0.295038;2.06271;0.985105 -0.155799 0.0727621 -0.435599 0.161699 0.983276 -0.0837998 0.812383 -0.0584893 0.0943172 0.993823 0.574956 0 0 0 1 
13001298760085;0.331689;2.09607;0.935083 -0.354185 -0.0131756 -0.731245 0.353019 0.927403 0.123695 -0.214956 -0.0315917 -0.120316 0.992233 -0.0381724 0 0 0 1 
13001298760086;0.698459;1.99816;0.900702 -0.430242 0.0602339 -1.04316 0.433458 0.899297 -0.0581259 -0.69524 -0.02916 0.078463 0.99649 0.823954 0 0 0 1 
13001298760087;0.67213;2.15002;0.777869 -0.560689 -0.283808 -0.525674 0.520835 0.827907 -0.208088 -0.641277 0.351639 0.0140481 0.93603 -1.42714 0 0 0 1 
13001298760088;0.268562;2.1817;0.800801 -0.540251 -0.258546 -0.612247 0.516681 0.841474 -0.157993 -0.707862 0.302916 -0.00706506 0.952991 -0.935952 0 0 0 1 
13001298760089;1.15866;2.06312;0.631141 -0.674982 0.382177 -1.31439 0.74146 0.669701 -0.0416806 -2.21998 -0.227811 0.309675 0.923149 2.34941 0 0 0 1 
13001298760090;0.714198;2.05377;0.882323 -0.469633 -0.0308257 -1.12031 0.47052 0.881699 0.0349014 -0.760241 0.0107881 -0.0452984 0.998915 0.380274 0 0 0 1 
13001298760091;1.1529;2.00987;0.913359 -0.405729 -0.0340621 -0.896214 0.403225 0.912967 -0.0624575 -0.578155 0.0564383 0.0433114 0.997466 -0.762463 0 0 0 1 
13001298760093;1.04775;1.22778;0.744753 -0.588528 0.314608 -0.466659 0.605563 0.794098 0.0519806 -2.6978 -0.280422 0.151803 0.947797 0.394728 0 0 0 1 
13001298760094;1.11373;1.21365;0.92204 -0.386375 -0.023582 0.11469 0.386968 0.921581 0.030721 -2.12971 0.00986292 -0.0374515 0.99925 -1.15682 0 0 0 1 
13001298760095;0.293853;1.36069;0.933107 -0.213338 0.289479 0.394306 0.258107 0.957856 -0.126068 -1.48146 -0.250384 0.192352 0.948846 1.42898 0 0 0 1 
13001298760096;0.895384;1.37269;0.909075 -0.396494 0.127966 0.832163 0.391753 0.91802 0.0613998 -2.11636 -0.14182 -0.00568588 0.989876 0.337884 0 0 0 1 
13001298760097;0.339617;1.1363;0.906203 -0.42276 -0.00839586 0.01481 0.421772 0.905141 -0.0531883 -1.8663 0.0300853 0.0446583 0.998549 -0.300531 0 0 0 1 
13001298760098;0.188558;1.243;0.934955 -0.338528 -0.106103 0.259464 0.334371 0.940816 -0.0553264 -1.54301 0.118553 0.0162499 0.992815 -0.483761 0 0 0 1 
13001298760099;0.958706;1.21918;0.962615 -0.0886988 0.255939 0.550461 0.100955 0.994271 -0.0351258 -1.585 -0.251357 0.0596509 0.966055 0.528969 0 0 0 1 
13001298760100;0.754489;1.25719;0.988514 -0.147736 -0.0318453 0.247162 0.138847 0.970996 -0.19465 -1.04578 0.0596786 0.187992 0.980356 0.790687 0 0 0 1 
13001298760101;0.427244;1.07797;0.995389 -0.00364275 0.095851 0.929692 0.00594851 0.999699 -0.0237809 -0.489017 -0.0957356 0.0242414 0.995112 0.0882717 0 0 0 1 
13001298760102;0.55757;1.11442;0.991052 -0.10878 -0.0773453 0.512012 0.109079 0.994033 -0.000362506 -0.764635 0.0769232 -0.00807748 0.997004 -0.0965301 0 0 0 1 
13001298760103;0.502682;1.12204;0.952725 -0.30338 -0.016622 0.0249705 0.301809 0.951262 -0.0633405 -1.05983 0.0350281 0.0553294 0.997854 0.0756389 0 0 0 1 
13001298760104;0.301846;1.27741;0.723875 -0.689588 0.0217693 -0.246336 0.689928 0.723603 -0.0199379 -3.26968 -0.00200343 0.0294518 0.999564 0.022537 0 0 0 1 
13001298760105;0.905526;1.32584;0.987782 -0.153373 -0.0276489 0.582071 0.15013 0.984067 -0.0952526 -0.994438 0.0418175 0.0899378 0.995069 -0.646961 0 0 0 1 
13001298760106;0.994487;1.25886;0.760756 -0.633339 0.141887 -0.186756 0.623847 0.773857 0.109368 -3.72393 -0.179067 0.00531326 0.983823 1.07161 0 0 0 1 
13001298760107;0.0362635;1.1567;0.919432 -0.393094 0.0110285 -0.0902535 0.392353 0.915087 -0.0931408 -1.80148 0.0265211 0.0899637 0.995592 0.0485912 0 0 0 1 
13001298760108;1.01768;1.43243;0.837003 -0.525506 -0.152545 0.237041 0.512778 0.85057 -0.116575 -2.30838 0.191011 0.0193521 0.981397 -1.41001 0 0 0 1 
13001298760109;0.830454;1.29413;0.853818 -0.519261 0.0369198 -0.0411609 0.520433 0.849806 -0.0835407 -2.30102 0.0120048 0.0905429 0.99582 -0.51291 0 0 0 1 
13001298760110;0.923517;1.18998;0.933251 -0.35863 -0.0206823 -0.346669 0.353707 0.927441 -0.121431 -1.66199 0.0627306 0.10601 0.992384 0.60575 0 0 0 1 
13001298760111;0.26829;1.43311;0.747256 -0.660934 0.0691043 -0.154581 0.663238 0.735256 -0.139691 -3.16836 0.0415173 0.150218 0.987781 0.230798 0 0 0 1 
13001298760112;0.495558;1.08129;0.968787 -0.0982719 -0.227584 0.574017 0.11388 0.991889 0.0564655 -0.446459 0.220189 -0.0806203 0.97212 -1.06363 0 0 0 1 
13001298760113;0.269314;1.19268;0.979332 -0.199309 0.0344273 0.301934 0.201476 0.976277 -0.0793138 -1.07488 -0.0178025 0.0846108 0.996255 0.036648 0 0 0 1 
13001298760114;0.734561;1.26436;0.760047 -0.649849 0.00503552 -0.620423 0.645022 0.753411 -0.127746 -2.56218 0.0792221 0.100341 0.991794 0.0405326 0 0 0 1 
13001298760115;0.321726;1.20351;0.925226 -0.378427 0.0273845 -0.0387846 0.379408 0.922303 -0.0735366 -1.83034 0.00257143 0.0784279 0.996916 -0.116552 0 0 0 1 
13001298760116;1.15818;1.07925;0.988688 -0.0963268 0.114968 1.22472 0.108574 0.988475 -0.105496 -0.314832 -0.103481 0.116785 0.987751 0.8573 0 0 0 1 
13001298760117;0.977589;1.1214;0.900738 -0.420015 -0.110713 -0.148609 0.406448 0.904914 -0.12622 -2.08637 0.1532 0.0686919 0.985805 0.443213 0 0 0 1 
13001298760118;0.349631;1.17042;0.994276 0.0358875 0.100638 0.875179 -0.0204594 0.988423 -0.150337 -0.434567 -0.104869 0.147418 0.983499 0.564784 0 0 0 1 
13001298760119;0.966956;1.30173;0.757876 -0.588017 -0.282594 0.357227 0.58341 0.804718 -0.109824 -2.41256 0.291987 -0.0816351 0.952932 -1.8401 0 0 0 1 
13001298760120;0.820899;1.14991;0.990607 -0.13445 0.0249351 0.874943 0.136175 0.986548 -0.0904366 -0.95343 -0.0124405 0.0929826 0.99559 0.716333 0 0 0 1 
13001298760121;0.247186;1.1896;0.92269 -0.385248 -0.01509 -0.0433085 0.385251 0.922808 -0.00282953 -1.69816 0.0150152 -0.00320265 0.999882 0.0367628 0 0 0 1 
13001298760122;0.958553;1.15452;0.966618 -0.253731 -0.0356465 0.662544 0.255105 0.966022 0.0415092 -1.99329 0.0239031 -0.0492171 0.998502 -0.0559238 0 0 0 1 
13001298760124;1.10954;1.02028;0.994522 0.00825656 0.1042 0.389661 -0.0239501 0.988354 0.150274 -0.195014 -0.101745 -0.151947 0.983138 -0.164627 0 0 0 1 
13001298760125;0.573277;0.268147;0.934495 -0.0298187 -0.354725 0.543729 0.167338 0.916319 0.363811 -1.06083 0.314193 -0.399338 0.861285 -2.85776 0 0 0 1 
13001298760126;0.254431;0.236261;0.973593 0.120122 -0.194132 0.649631 -0.105174 0.990764 0.0855909 0.534266 0.20262 -0.0629131 0.977234 -0.896748 0 0 0 1 
13001298760127;0.992788;0.910786;0.989155 0.0258513 -0.14458 0.312716 -0.00900194 0.993208 0.116001 -0.231971 0.146597 -0.113441 0.98267 -0.935276 0 0 0 1 
13001298760128;0.0799235;0.273198;0.99998 0.00024174 -0.00628798 0.0098127 -0.000183434 0.999957 0.00927143 0.126614 0.00628995 -0.00927009 0.999937 0.144203 0 0 0 1 
13001298760129;0.127861;0.253458;0.995434 -0.0866501 -0.0400395 -0.102304 0.0897132 0.992554 0.0823845 -0.251092 0.0326028 -0.0856004 0.995796 -0.247395 0 0 0 1 
13001298760130;0.557579;0.287081;0.956244 -0.277569 -0.0924803 -0.701346 0.281406 0.959083 0.0311555 -1.43312 0.0800484 -0.0558168 0.995227 0.0779851 0 0 0 1 
13001298760131;0.697726;0.264598;0.98002 -0.198573 -0.0113892 -0.0448274 0.1971 0.977245 -0.078377 -1.18109 0.0266936 0.0745663 0.996859 0.393853 0 0 0 1 
13001298760132;0.915785;0.245263;0.974562 -0.0185923 0.223346 -0.0387375 0.00632089 0.998437 0.0555335 0.145805 -0.224029 -0.0527091 0.973156 0.204421 0 0 0 1 
13001298760133;0.526097;0.239367;0.995712 0.0530444 0.0757916 0.139813 -0.0584122 0.995803 0.070455 0.429284 -0.0717363 -0.07458 0.994631 0.730965 0 0 0 1 
13001298760134;0.640051;0.264368;0.99159 -0.071276 -0.10802 0.114741 0.0733208 0.997194 0.015073 -0.0067744 0.106642 -0.0228664 0.994034 0.135634 0 0 0 1 
13001298760135;0.744448;0.252467;0.924704 0.3548 -0.137983 1.61466 -0.350563 0.93494 0.0547152 1.72356 0.148418 -0.00222374 0.988922 -0.0092056 0 0 0 1 
13001298760136;0.470128;0.241253;0.997095 0.065605 -0.038697 -0.0351298 -0.0640267 0.997118 0.040706 0.358803 0.041256 -0.0381101 0.998422 -0.431315 0 0 0 1 
13001298760137;0.306436;0.254328;0.95963 0.0140479 0.280913 0.00966227 0.0212882 0.992259 -0.122344 0.0740093 -0.280457 0.123385 0.951903 1.96211 0 0 0 1 
13001298760138;0.926249;0.286563;0.998156 -0.0540696 -0.0275774 -0.487289 0.0539759 0.998534 -0.0041302 -0.523852 0.0277602 0.00263407 0.999611 -0.589039 0 0 0 1 
13001298760139;0.738974;0.25166;0.991091 0.1331 -0.00481228 0.406373 -0.132948 0.99083 0.0240809 0.835174 0.00797332 -0.0232265 0.999698 0.685157 0 0 0 1 
13001298760140;1.02616;0.254457;0.995608 0.0651022 -0.0672812 -0.0486543 -0.0589743 0.994251 0.0893664 0.113423 0.0727124 -0.0850061 0.993724 -1.29768 0 0 0 1 
13001298760141;0.897713;0.285706;0.94118 -0.268504 0.205149 -0.890552 0.290113 0.953371 -0.0831809 -1.6875 -0.173248 0.137804 0.97519 2.06841 0 0 0 1 
13001298760142;0.158181;0.239193;0.996399 -0.0442593 0.0723203 -0.12908 0.045042 0.998942 -0.00922622 0.0694566 -0.0718355 0.0124504 0.997339 0.519904 0 0 0 1 
13001298760143;0.631582;0.224621;0.958387 0.277607 -0.0665519 1.06983 -0.285415 0.936465 -0.20389 1.47928 0.00572217 0.214401 0.976729 1.18462 0 0 0 1 
13001298760144;0.855274;0.26088;0.980641 -0.154276 -0.120587 0.360835 0.167024 0.980463 0.103902 -0.612094 0.102202 -0.122032 0.98725 -0.36628 0 0 0 1 
13001298760145;0.0426315;0.25438;0.996121 -0.0854991 -0.0207866 -0.202496 0.0859053 0.996112 0.019501 -0.239952 0.0190384 -0.021211 0.999594 0.0319352 0 0 0 1 
13001298760146;0.950154;0.266187;0.992734 -0.0194967 -0.118743 0.0574741 0.0230263 0.999331 0.0284259 -0.0689416 0.118109 -0.0309535 0.992518 0.432204 0 0 0 1 
13001298760147;0.397392;0.24285;0.956916 0.0602492 -0.284046 0.606438 -0.121848 0.971258 -0.204477 0.80335 0.263563 0.230278 0.936753 -0.310229 0 0 0 1 
13001298760148;0.554781;0.235187;0.99051 -0.126696 0.0532711 -0.353877 0.130601 0.988389 -0.0776537 -0.684287 -0.0428142 0.083874 0.995556 0.147471 0 0 0 1 
13001298760149;0.73823;0.272684;0.996649 -0.0812997 -0.00904633 -0.174509 0.08154 0.996204 0.0304647 0.171842 0.00653521 -0.0311003 0.999495 0.608562 0 0 0 1 
13001298760150;0.886242;0.239443;0.958186 -0.284481 0.0308288 -0.347519 0.282292 0.957401 0.0607782 -1.75245 -0.0468057 -0.0495341 0.997675 -0.360875 0 0 0 1 
13001298760151;1.10427;0.27289;0.964681 0.21652 0.150031 1.56703 -0.244429 0.948096 0.203391 1.54483 -0.0982055 -0.232879 0.967535 -0.0397276 0 0 0 1 
13001298760152;0.722566;0.247387;0.960584 0.163045 0.225156 0.107193 -0.115577 0.970856 -0.209952 0.497177 -0.252826 0.175654 0.951433 2.17702 0 0 0 1 
13001298760153;0.343462;0.242857;0.975628 0.193983 -0.102572 0.782341 -0.206902 0.968925 -0.135559 1.06903 0.0730888 0.153478 0.985445 0.263335 0 0 0 1 
13001298760155;0.0682714;0.872442;0.978663 -0.195481 0.0632867 -0.929444 0.200848 0.975103 -0.0939919 -1.00402 -0.0433374 0.104697 0.993559 0.3486 0 0 0 1 
13001298760156;0.228778;1.75045;0.907115 -0.410667 0.0921668 -1.49416 0.420832 0.881593 -0.213762 -2.44828 0.00653151 0.232694 0.972528 0.0534451 0 0 0 1 
13001298760157;0.606065;0.773073;0.997882 -0.0639724 -0.0117785 -1.26266 0.0620601 0.990559 -0.122237 -0.874693 0.0194871 0.121247 0.992431 0.241109 0 0 0 1 
13001298760158;0.344682;1.49191;0.907174 -0.331784 -0.258756 -1.06315 0.268267 0.929862 -0.251774 -1.39595 0.324141 0.158987 0.932553 -1.29333 0 0 0 1 
13001298760159;0.780294;1.89662;0.944776 -0.326894 0.0232034 -1.19846 0.327715 0.942602 -0.0640682 -1.77091 -0.000928043 0.0681342 0.997676 -0.40532 0 0 0 1 
13001298760160;0.374691;1.55394;0.942014 -0.308882 -0.131156 -1.42047 0.322273 0.941663 0.0970078 -2.04519 0.0935407 -0.133651 0.986604 -0.0199179 0 0 0 1 
13001298760161;0.829311;1.42461;0.848853 -0.272969 0.452698 -1.8214 0.239907 0.962021 0.130232 -2.09245 -0.471055 -0.00194238 0.882102 2.36576 0 0 0 1 
13001298760162;0.477774;1.38324;0.982455 -0.184347 -0.0282506 -1.51575 0.161764 0.917704 -0.362838 -1.42347 0.092814 0.351902 0.931424 0.0792106 0 0 0 1 
13001298760163;0.737936;0.965639;0.994818 0.0737555 0.0699761 -0.645308 -0.0704031 0.996303 -0.0492246 0.00737182 -0.073348 0.044043 0.996333 0.555156 0 0 0 1 
13001298760164;0.306679;1.82754;0.943078 -0.327035 0.0604277 -1.79093 0.324602 0.865619 -0.381231 -2.01075 0.0723687 0.379146 0.922503 -0.105545 0 0 0 1 
13001298760165;0.655134;0.748113;0.986847 0.132144 -0.0931223 -1.04307 -0.119322 0.984053 0.131914 0.404473 0.109069 -0.119067 0.986877 -0.942607 0 0 0 1 
13001298760166;0.142166;0.781916;0.99994 -0.00861199 0.00674479 -0.927906 0.00893481 0.998739 -0.0493921 0.00315087 -0.00631092 0.0494494 0.998757 0.00897241 0 0 0 1 
13001298760167;0.73402;1.55758;0.986309 0.158722 0.0447366 -1.10541 -0.158964 0.987283 0.00188301 -0.546508 -0.0438688 -0.00896873 0.998997 0.722256 0 0 0 1 
13001298760168;0.457979;0.878313;0.995812 0.0527066 0.0746967 -0.860848 -0.0383074 0.982453 -0.182534 0.137807 -0.0830068 0.178909 0.980358 0.271537 0 0 0 1 
13001298760169;0.0971797;1.74191;0.959005 -0.266947 0.0951233 -1.72207 0.26038 0.962508 0.0760367 -2.07429 -0.111855 -0.0481514 0.992557 0.462685 0 0 0 1 
13001298760170;0.865636;1.55029;0.985877 -0.0895994 -0.141488 -1.86433 0.0722964 0.989766 -0.123028 -0.817482 0.151064 0.111062 0.982265 0.0199445 0 0 0 1 
13001298760171;0.53187;1.62506;0.884762 -0.447916 -0.128711 -1.28096 0.466009 0.846961 0.255917 -2.98239 -0.00561598 -0.286406 0.958092 0.419589 0 0 0 1 
13001298760172;0.399772;1.45312;0.96339 -0.101093 0.248313 -1.33243 0.0722795 0.989827 0.122551 -1.06202 -0.258176 -0.100117 0.960896 1.25925 0 0 0 1 
13001298760173;0.409814;1.35906;0.977342 0.0693946 0.199967 -1.30781 -0.0513068 0.994224 -0.0942631 -0.435087 -0.205354 0.0818677 0.975258 0.867454 0 0 0 1 
13001298760174;0.230776;1.76741;0.964897 -0.262515 -0.00772075 -1.69371 0.260774 0.961154 -0.0904407 -2.113 0.0311629 0.0852526 0.995872 0.135516 0 0 0 1 
13001298760175;0.184973;1.6772;0.943472 -0.319476 -0.0882926 -1.536 0.299795 0.936137 -0.18377 -2.11195 0.141364 0.146912 0.978996 -0.659587 0 0 0 1 
13001298760176;0.684651;1.15722;0.998394 -0.0559984 -0.0085246 -1.33388 0.0559858 0.952694 0.298731 -1.27087 -0.0086071 -0.298728 0.954299 -0.444598 0 0 0 1 
13001298760177;0.712892;1.2067;0.944586 -0.111296 -0.30882 -0.335468 0.0430519 0.974646 -0.21957 -1.03498 0.325427 0.194107 0.925429 -1.60017 0 0 0 1 
13001298760178;0.372998;1.24263;0.998809 0.0477831 0.00984063 -1.14683 -0.0471275 0.99717 -0.0585774 -0.515784 -0.0126118 0.0580438 0.998234 -0.0373439 0 0 0 1 
13001298760179;0.364497;1.28384;0.952604 -0.29317 0.0812262 -1.16429 0.256027 0.916814 0.306436 -2.02572 -0.164307 -0.271116 0.948419 0.754802 0 0 0 1 
13001298760180;0.444705;1.30529;0.948014 -0.213634 -0.235861 -1.13411 0.28784 0.891726 0.349246 -1.8254 0.135712 -0.398981 0.906861 -0.741175 0 0 0 1 
13001298760181;0.327893;1.7194;0.858376 -0.370119 0.35525 -1.66007 0.421294 0.903698 -0.0764315 -2.59569 -0.29275 0.215272 0.931641 1.13844 0 0 0 1 
13001298760182;0.549357;1.95269;0.930305 -0.366244 0.0199497 -1.58154 0.366787 0.928894 -0.0512262 -2.78243 0.000230162 0.0549733 0.998488 0.360567 0 0 0 1 
13001298760183;0.363905;1.1528;0.906655 -0.284166 -0.31181 -0.744532 0.327257 0.940173 0.0947488 -1.90493 0.266231 -0.187947 0.945408 -0.743753 0 0 0 1 
13001298760184;0.185151;1.17773;0.986727 -0.158757 0.0341559 -1.16831 0.161205 0.982978 -0.0881278 -1.2861 -0.0195836 0.0924641 0.995523 0.171138 0 0 0 1 
13001298760186;0.752269;1.27576;0.959673 -0.252716 0.123133 -0.812646 0.264878 0.959596 -0.0949474 -1.38314 -0.0941636 0.123734 0.987838 0.92525 0 0 0 1 
13001298760187;1.11885;1.27454;0.792567 -0.599967 0.108987 -0.574936 0.607651 0.792016 -0.0589149 -3.25293 -0.0509722 0.11292 0.992296 0.583665 0 0 0 1 
13001298760188;1.47853;1.28369;0.968995 -0.242346 0.0481307 -0.820909 0.238059 0.863582 -0.444471 -1.08441 0.066151 0.442149 0.894499 0.130669 0 0 0 1 
13001298760189;0.694353;1.1556;0.994954 0.00770583 0.100032 0.0431723 0.00476188 0.992295 -0.123803 -0.949641 -0.100216 0.123655 0.987252 0.210966 0 0 0 1 
13001298760190;1.04867;1.09081;0.899721 -0.425677 -0.0964393 -0.800767 0.414414 0.902495 -0.117319 -2.56398 0.136976 0.0655884 0.988401 -0.531528 0 0 0 1 
13001298760191;0.608395;1.13663;0.994995 -0.0522124 0.0852024 -0.415541 0.0605608 0.993289 -0.098538 -0.806019 -0.0794857 0.103205 0.991479 0.0715756 0 0 0 1 
13001298760192;0.728377;1.32238;0.950719 -0.299269 0.0810714 -0.919149 0.304606 0.950323 -0.0640481 -1.43888 -0.0578765 0.0855865 0.994648 0.688274 0 0 0 1 
13001298760193;0.223967;1.28331;0.934635 -0.351723 0.0524313 -0.811626 0.353586 0.934867 -0.0316495 -1.75091 -0.0378844 0.0481197 0.998123 0.121253 0 0 0 1 
13001298760194;0.894476;1.26649;0.980608 -0.134603 0.142445 -0.681619 0.119509 0.986752 0.109719 -1.42868 -0.155327 -0.0905676 0.983703 -0.326001 0 0 0 1 
13001298760195;0.58478;1.05827;0.983141 0.1784 0.0400846 0.312107 -0.17422 0.980509 -0.0908293 -0.21216 -0.0555073 0.0823145 0.995059 0.519022 0 0 0 1 
13001298760196;0.904607;1.22309;0.959086 -0.272707 0.0760603 -1.1802 0.279248 0.95546 -0.095486 -1.19584 -0.0466329 0.112819 0.992521 -0.0221324 0 0 0 1 
13001298760197;0.286883;1.0938;0.920449 -0.390061 0.0250175 -0.8409 0.390793 0.917191 -0.0777302 -2.01975 0.00737376 0.0813234 0.99666 0.129513 0 0 0 1 
13001298760198;1.24998;1.24325;0.971384 0.215018 0.100901 0.17023 -0.20888 0.975573 -0.0680179 0.27179 -0.113062 0.0449952 0.992569 -0.0687228 0 0 0 1 
13001298760199;1.55468;1.28818;0.939047 -0.203273 -0.277255 -0.0762063 0.164821 0.973938 -0.155813 -0.942109 0.301702 0.100619 0.948078 -1.505 0 0 0 1 
13001298760200;0.663257;1.31219;0.965095 -0.245387 0.0915265 -0.949464 0.251655 0.965659 -0.0645866 -1.91631 -0.0725347 0.0853653 0.993706 0.210391 0 0 0 1 
13001298760201;0.427557;1.1607;0.997583 -0.0257726 0.0645271 -0.27735 0.013678 0.983335 0.18129 -0.920142 -0.0681241 -0.179969 0.98131 -0.56097 0 0 0 1 
13001298760202;1.14516;1.26495;0.952811 -0.295083 -0.0712497 -0.562265 0.303562 0.926989 0.220323 -2.09025 0.00103387 -0.231555 0.972821 -1.34622 0 0 0 1 
13001298760203;0.345194;1.08032;0.999826 0.0112939 -0.0148227 -0.0250295 -0.011247 0.999931 0.00324314 -0.57614 0.0148583 -0.00307587 0.999885 -0.0221721 0 0 0 1 
13001298760204;0.987501;1.31923;0.92503 -0.378505 0.0324515 -1.22483 0.379417 0.92477 -0.0290349 -1.67436 -0.0190203 0.0391708 0.999051 -0.449396 0 0 0 1 
13001298760205;1.27725;1.4431;0.917479 -0.380727 0.115233 -0.279336 0.389902 0.91812 -0.0709319 -2.10477 -0.0787921 0.110008 0.990803 0.88995 0 0 0 1 
13001298760206;0.732057;1.25536;0.994364 0.0370853 0.0993197 -0.220216 -0.00147357 0.941567 -0.336822 -0.739201 -0.106007 0.334777 0.936315 1.47663 0 0 0 1 
13001298760207;0.280311;1.16566;0.916201 -0.387516 -0.102019 -0.837948 0.380719 0.921216 -0.0800939 -1.80418 0.125019 0.0345415 0.991553 -0.25988 0 0 0 1 
13001298760208;0.976835;1.19042;0.969059 -0.229399 0.0911101 -0.399012 0.236159 0.969049 -0.0719256 -1.84135 -0.0717905 0.0912166 0.99324 0.737232 0 0 0 1 
13001298760209;0.510095;1.19368;0.971422 -0.236801 0.0162655 -0.419809 0.23713 0.965192 -0.110336 -1.45133 0.0104283 0.11104 0.993761 0.0178466 0 0 0 1 
13001298760210;0.786915;1.35096;0.917541 -0.34793 0.192517 -1.04103 0.361568 0.931497 -0.0397785 -1.49081 -0.165489 0.106106 0.980487 0.458203 0 0 0 1 
13001298760211;0.331308;1.26537;0.964217 -0.23201 0.128283 -0.666639 0.218733 0.969615 0.109557 -1.4924 -0.149803 -0.0775769 0.985668 0.275487 0 0 0 1 
13001298760212;0.525518;1.19105;0.980244 -0.132212 0.147112 -0.738534 0.139398 0.989444 -0.0396125 -1.16221 -0.140322 0.059337 0.988326 0.28686 0 0 0 1 
13001298760213;1.26584;1.47887;0.965304 -0.252489 0.06662 -0.366545 0.260586 0.947877 -0.183371 -1.53806 -0.0168485 0.194368 0.980784 1.18693 0 0 0 1 
13001298760214;1.19532;1.49301;0.947478 -0.132612 0.291033 -0.0906942 0.111814 0.98991 0.0870438 -0.75589 -0.299639 -0.0499305 0.952745 0.942987 0 0 0 1 
13001298760215;0.473246;1.18886;0.994649 0.079737 0.0656936 -0.0722071 -0.0784157 0.996668 -0.0224561 -0.768195 -0.0672652 0.0171845 0.997587 0.137733 0 0 0 1 
13001298760217;0.222897;1.02347;0.908921 -0.416469 -0.0203939 -0.0846882 0.416844 0.906372 0.068776 -2.17957 -0.0101586 -0.071013 0.997424 0.0397673 0 0 0 1 
13001298760218;0.56062;1.13515;0.951066 -0.288445 0.110781 0.369023 0.245294 0.922842 0.296973 -1.71473 -0.187894 -0.255267 0.948438 0.125399 0 0 0 1 
13001298760219;1.35156;0.769541;0.943491 -0.326333 0.0577121 -0.394272 0.326186 0.945227 0.0122218 -1.40532 -0.0585394 0.0072937 0.998258 1.28406 0 0 0 1 
13001298760220;0.477483;0.875216;0.817047 -0.483994 0.313342 -0.0830744 0.411734 0.870218 0.270548 -2.0734 -0.403619 -0.0920368 0.910286 1.55851 0 0 0 1 
13001298760221;0.489369;1.07293;0.848362 -0.46906 0.24549 0.010522 0.398064 0.870864 0.288343 -2.33724 -0.349038 -0.146898 0.925523 1.214 0 0 0 1 
13001298760222;1.04527;1.13477;0.944471 -0.327669 -0.0246448 -0.122979 0.32278 0.911098 0.256348 -2.45603 -0.0615434 -0.250068 0.96627 -0.678621 0 0 0 1 
13001298760223;0.25956;1.09772;0.938924 -0.266871 0.217259 0.0124374 0.23573 0.958737 0.158919 -1.38979 -0.250706 -0.0979981 0.96309 0.751965 0 0 0 1 
13001298760224;0.137794;0.746585;0.974871 -0.222689 0.00591982 -0.0446516 0.222687 0.974889 0.00107951 -1.11682 -0.00601156 0.000265882 0.999982 0.212654 0 0 0 1 
13001298760225;1.05742;1.09107;0.819985 -0.381977 0.426285 -0.354882 0.35894 0.923272 0.136863 -2.22719 -0.445855 0.0407854 0.894176 2.05841 0 0 0 1 
13001298760226;1.15936;1.10714;0.974207 -0.222273 0.0389325 -0.290844 0.223201 0.97454 -0.0213048 -1.41892 -0.0332057 0.029445 0.999015 0.910676 0 0 0 1 
13001298760227;0.324156;0.878537;0.999904 -0.0071499 -0.0118588 0.659368 0.00626113 0.997286 -0.0733604 -0.0683638 0.0123511 0.0732791 0.997235 0.287422 0 0 0 1 
13001298760228;1.39459;1.05097;0.781189 -0.414883 0.466494 -0.550886 0.528852 0.836863 -0.141338 -1.99491 -0.331753 0.357118 0.873159 2.14135 0 0 0 1 
13001298760229;0.664996;1.02597;0.925548 -0.321694 0.199682 -0.180512 0.2444 0.910392 0.33385 -1.48358 -0.289187 -0.260192 0.921233 0.881119 0 0 0 1 
13001298760230;0.977712;0.934054;0.785649 -0.61748 0.0383822 -0.123671 0.606937 0.781289 0.145654 -3.47515 -0.119926 -0.0911373 0.988591 -0.216087 0 0 0 1 
13001298760231;0.367575;0.962554;0.964687 -0.0191368 0.262703 0.573004 -0.00189192 0.996828 0.0795621 -0.285295 -0.263393 -0.0772496 0.961591 0.744849 0 0 0 1 
13001298760232;0.090517;1.11182;0.937123 -0.347934 -0.0272513 0.0449749 0.347321 0.937417 -0.0248485 -1.67822 0.0341915 0.0138212 0.99932 -0.0179603 0 0 0 1 
13001298760233;0.668099;0.860453;0.836292 -0.54797 0.018559 -0.108291 0.546074 0.835481 0.0614398 -2.27903 -0.0491728 -0.0412471 0.997938 0.208062 0 0 0 1 
13001298760234;0.755306;0.90327;0.970632 -0.235952 -0.0469008 0.0341845 0.240329 0.959753 0.145317 -1.61004 0.0107254 -0.152321 0.988273 0.133603 0 0 0 1 
13001298760235;0.973297;1.03397;0.946827 -0.321679 -0.00640587 0.267779 0.321618 0.945722 0.0465906 -2.18316 -0.00892902 -0.0461735 0.998894 -0.210782 0 0 0 1 
13001298760236;0.97211;0.993807;0.847591 -0.461678 -0.261614 0.307986 0.500243 0.859659 0.103649 -2.64623 0.177046 -0.218722 0.959591 -1.71885 0 0 0 1 
13001298760237;0.48343;1.03612;0.967279 -0.241642 0.0773383 0.204574 0.240171 0.970329 0.0279313 -1.5138 -0.081793 -0.00844296 0.996614 0.23104 0 0 0 1 
13001298760238;0.245894;0.914108;0.964904 -0.257398 0.0520227 0.0755819 0.259273 0.965235 -0.0331512 -1.35018 -0.0416811 0.0454758 0.998096 0.496477 0 0 0 1 
13001298760239;0.597612;1.04218;0.999183 -0.0354899 -0.019322 0.697863 0.0371044 0.995172 0.0908573 -0.487372 0.0160042 -0.0915 0.995676 -0.533957 0 0 0 1 
13001298760240;0.379328;0.774485;0.962919 -0.265929 0.045489 -0.0625203 0.262505 0.96242 0.0695559 -1.14812 -0.0622764 -0.0550356 0.99654 0.430442 0 0 0 1 
13001298760241;0.905295;1.20933;0.909146 -0.410421 -0.0707677 0.468163 0.416239 0.889665 0.187725 -1.65727 -0.0140867 -0.200126 0.979669 -0.571619 0 0 0 1 
13001298760242;0.886526;0.841165;0.799905 -0.571259 0.18389 -0.695673 0.533536 0.817226 0.217901 -2.90626 -0.274758 -0.0761881 0.95849 0.480743 0 0 0 1 
13001298760243;0.836676;1.00198;0.962487 -0.112407 0.246947 0.657525 0.120136 0.992622 -0.0164087 -0.924272 -0.243281 0.0454605 0.96889 0.671728 0 0 0 1 
13001298760244;1.22657;1.02744;0.965945 -0.256308 0.0354488 0.616159 0.255019 0.966223 0.0371214 -0.837413 -0.043766 -0.0268171 0.998682 0.762046 0 0 0 1 
13001298760245;1.14759;1.05669;0.934083 -0.348892 0.0759101 -0.883231 0.353816 0.93302 -0.0654827 -1.82718 -0.0479792 0.0880246 0.994962 0.359432 0 0 0 1 
13001298760246;0.304771;0.916608;0.988941 -0.0782926 -0.125957 0.483712 0.0747129 0.996662 -0.0329047 -0.535567 0.128113 0.0231303 0.99149 -0.397673 0 0 0 1 
13001298760248;0.0489943;2.92955;0.774986 0.631977 0.00172174 1.24288 -0.631912 0.77486 0.0167149 -0.977799 0.00922932 -0.0140418 0.999859 -0.0384871 0 0 0 1 
13001298760249;0.420407;1.41307;0.998767 0.0413534 0.0274636 -0.0680592 -0.0413238 0.999144 -0.00164576 -1.24051 -0.0275081 0.00050883 0.999621 -0.261507 0 0 0 1 
13001298760250;0.517589;2.95416;0.740216 0.666963 0.0850892 1.35915 -0.669664 0.742651 0.00441951 -0.818125 -0.0602439 -0.0602526 0.996364 0.489097 0 0 0 1 
13001298760251;0.918817;2.79118;0.784522 0.609251 0.115495 1.72291 -0.604888 0.792887 -0.073764 -1.13654 -0.136515 -0.0119921 0.990565 0.116051 0 0 0 1 
13001298760252;0.624083;1.53023;0.996562 0.0718255 -0.0413009 0.147071 -0.073613 0.996337 -0.0435237 -0.5783 0.0380234 0.0464144 0.998198 0.0799915 0 0 0 1 
13001298760253;0.848575;1.13686;0.973356 0.150443 0.173048 0.780752 -0.121194 0.978185 -0.168721 -0.77806 -0.194656 0.143253 0.970354 1.30769 0 0 0 1 
13001298760254;0.316984;2.85771;0.845077 0.52181 -0.116442 0.867411 -0.533697 0.836287 -0.125663 -0.89145 0.0318071 0.16834 0.985216 0.640789 0 0 0 1 
13001298760255;0.292142;1.38547;0.960133 0.255744 -0.11287 0.878944 -0.262323 0.963803 -0.0476486 -0.513451 0.0965982 0.0753573 0.992467 -0.270512 0 0 0 1 
13001298760256;0.288912;1.61195;0.999074 0.00508587 0.0427297 -0.033718 -0.00336927 0.999188 -0.04015 -1.5416 -0.0428992 0.0399688 0.99828 0.401147 0 0 0 1 
13001298760257;0.0896223;1.55376;0.990069 0.0375419 0.135475 0.0300726 -0.0357698 0.99924 -0.015492 -1.23517 -0.135954 0.0104922 0.99066 0.415768 0 0 0 1 
13001298760258;0.918056;2.92842;0.82759 0.53969 0.154367 1.25555 -0.549319 0.835242 0.0248669 -0.418316 -0.115514 -0.105377 0.987701 0.0628552 0 0 0 1 
13001298760259;0.628443;1.49025;0.991916 0.0677654 0.107286 -0.0774474 -0.0670183 0.997696 -0.0105587 -0.822516 -0.107754 0.0032832 0.994172 -0.169417 0 0 0 1 
13001298760260;0.777086;2.90745;0.839555 0.537378 0.079829 0.974927 -0.538068 0.842778 -0.0144368 -0.382042 -0.0750362 -0.0308329 0.996704 0.114511 0 0 0 1 
13001298760261;0.754638;2.88228;0.867908 0.425697 -0.255964 0.490341 -0.4704 0.869912 -0.148246 -0.72235 0.159559 0.24907 0.955251 0.847207 0 0 0 1 
13001298760262;0.728008;1.40958;0.998165 0.00555433 0.0603036 -0.477794 -0.00145229 0.997694 -0.067855 -1.31784 -0.0605414 0.0676429 0.995871 -0.0593509 0 0 0 1 
