#;prob_registration_l1 -r /home/probabilistic_point_clouds_registration/build/tester /home/point_clouds_registration_benchmark//devel/registration_pairs/box_met_local.txt /home/point_clouds_registration_benchmark//planetary/box_met -s 0.2 -t 0.2 -p 0.3 -r 1000 -m 20 -i 40 
id;initial_error;final_error;transformation
7680147070000;1.79635;4.25753;0.875141 0.180033 0.449129 -9.33597 -0.122548 0.980409 -0.154209 -2.24962 -0.468093 0.0799148 0.880058 -32.9492 0 0 0 1 
7680147070001;0.811107;3.91431;0.980858 0.17042 0.0942063 -6.1035 -0.145685 0.963248 -0.225675 -3.35697 -0.129204 0.207631 0.969637 -12.9907 0 0 0 1 
7680147070002;1.49386;4.01347;0.961733 -4.47965e-05 -0.273987 -4.92248 -0.0733665 0.96344 -0.257685 0.62285 0.263981 0.267925 0.926569 8.00397 0 0 0 1 
7680147070003;0.946768;4.22123;0.992216 0.124482 0.00331855 -5.18933 -0.121602 0.974313 -0.189543 -2.61089 -0.026828 0.187665 0.981867 -4.9545 0 0 0 1 
7680147070004;1.43077;5.20752;0.997432 -0.0701995 -0.0142087 -1.71227 0.0676591 0.988584 -0.134622 8.07908 0.0234969 0.133315 0.990795 -2.25597 0 0 0 1 
7680147070005;0.312811;4.18703;0.985356 0.161508 0.0546671 -5.84684 -0.162515 0.9866 0.0144663 -3.65264 -0.0515981 -0.0231386 0.9984 -4.03473 0 0 0 1 
7680147070006;1.56238;4.50226;0.999984 0.00246968 -0.00500301 -1.9726 -0.00236729 0.99979 0.0203693 5.03709 0.00505226 -0.0203571 0.99978 -2.54691 0 0 0 1 
7680147070007;1.77223;4.4259;0.964025 0.143148 0.223974 -5.86083 -0.193951 0.954992 0.22444 -3.77054 -0.181766 -0.259806 0.9484 -9.95527 0 0 0 1 
7680147070008;0.368314;4.3493;0.979968 0.178635 0.0880449 -6.34618 -0.179806 0.983687 0.00549326 -4.47231 -0.0856274 -0.0212142 0.996101 -5.92716 0 0 0 1 
7680147070009;2.02654;4.35649;0.999589 -0.00900634 0.0272286 -2.79096 0.0110932 0.996932 -0.077488 5.63057 -0.0264472 0.0777581 0.996621 -7.10526 0 0 0 1 
7680147070010;1.67484;4.3618;0.991219 0.0253541 -0.129777 -3.71557 -0.0269348 0.999583 -0.0104391 3.80717 0.129458 0.013843 0.991488 8.26482 0 0 0 1 
7680147070011;1.58383;4.55717;0.968535 0.0201571 0.24806 -3.63762 0.0667998 0.939087 -0.337125 7.64804 -0.239745 0.343088 0.908192 -19.9895 0 0 0 1 
7680147070012;1.55669;3.94721;0.995601 0.0240167 0.0905662 -3.71711 -0.00516201 0.979182 -0.202917 4.34007 -0.0935543 0.201557 0.974999 -8.50685 0 0 0 1 
7680147070013;1.90796;4.30327;0.994867 0.10051 0.011711 -4.34923 -0.100903 0.976664 0.189595 0.618921 0.0076185 -0.189803 0.981793 -0.189752 0 0 0 1 
7680147070014;1.7784;3.92882;0.992046 0.124347 -0.0195433 -4.94889 -0.125567 0.988464 -0.0846874 -1.73661 0.00878719 0.0864678 0.996216 -4.55037 0 0 0 1 
7680147070015;0.363704;4.13236;0.997708 -0.0158051 -0.0658014 -3.1658 0.038998 0.928937 0.368179 11.1405 0.0553062 -0.369901 0.927423 8.22875 0 0 0 1 
7680147070016;0.265959;4.07223;0.996665 0.0778971 0.0242906 -3.9757 -0.0789815 0.995746 0.047444 1.2068 -0.0204915 -0.0492044 0.998579 -1.8574 0 0 0 1 
7680147070017;0.994504;4.40585;0.999229 -0.0387031 -0.00665933 -2.81795 0.038775 0.999187 0.0110349 7.71322 0.00622683 -0.0112846 0.999917 -1.90287 0 0 0 1 
7680147070018;1.14391;3.94728;0.918887 0.123099 -0.374826 -12.6558 -0.122128 0.992162 0.0264464 -1.25623 0.375143 0.0214753 0.926718 20.3544 0 0 0 1 
7680147070019;1.59901;3.63492;0.999393 0.0259743 0.0232041 -1.53969 -0.0260366 0.999658 0.00238583 4.89535 -0.0231342 -0.00298854 0.999728 -2.13037 0 0 0 1 
7680147070020;1.99055;4.13905;0.972473 0.0722871 0.221519 -6.12685 -0.0951962 0.990959 0.0945386 1.00761 -0.212683 -0.113024 0.970563 -10.5002 0 0 0 1 
7680147070021;1.30849;3.84867;0.966405 -0.0291978 -0.255359 -5.37049 0.0798974 0.978431 0.190497 12.0289 0.24429 -0.2045 0.947894 15.2486 0 0 0 1 
7680147070022;0.490232;4.45938;0.996598 -0.0567442 0.0597641 -1.4713 0.0539521 0.997421 0.0473409 9.25387 -0.0622963 -0.0439554 0.997089 -3.68695 0 0 0 1 
7680147070023;1.93092;3.25752;0.989054 0.139522 0.048024 -4.53535 -0.131215 0.980508 -0.146242 -1.3442 -0.0674919 0.13834 0.988082 -6.67933 0 0 0 1 
7680147070024;2.01577;4.75907;0.981027 0.132495 -0.141532 -5.49911 -0.103442 0.975156 0.195885 0.372684 0.16397 -0.177528 0.97036 10.0112 0 0 0 1 
7680147070025;1.53658;4.64999;0.9592 -0.0535499 -0.277611 -5.03666 0.0162399 0.990714 -0.134992 5.25693 0.282262 0.124976 0.951162 10.8057 0 0 0 1 
7680147070026;1.23157;4.28478;0.987306 0.150967 0.0493608 -5.2017 -0.154451 0.985021 0.0766713 -1.88514 -0.0370466 -0.0833218 0.995834 -0.506943 0 0 0 1 
7680147070027;1.05263;4.31539;0.93798 0.0461961 0.343599 -5.89194 -0.101877 0.984053 0.145808 0.817943 -0.331384 -0.17177 0.927728 -18.1164 0 0 0 1 
7680147070028;0.137424;4.23499;0.999097 0.0348825 0.0242735 -2.99819 -0.0352113 0.999292 0.0132533 3.43941 -0.0237941 -0.014096 0.999617 -2.28062 0 0 0 1 
7680147070029;1.81513;3.23639;0.997593 0.0274551 -0.0636784 -3.99191 -0.0290159 0.999298 -0.023718 4.76692 0.0629825 0.0255086 0.997689 2.7413 0 0 0 1 
7680147070031;0.429088;2.62987;0.973808 -0.0628308 -0.21852 -5.19388 0.0623964 0.998012 -0.00889511 2.87306 0.218645 -0.00497276 0.975792 0.915265 0 0 0 1 
7680147070032;0.91489;2.77795;0.99524 -0.000296583 0.0974489 -4.22499 -0.00804616 0.996331 0.0852074 3.5372 -0.0971166 -0.0855859 0.991586 -0.226744 0 0 0 1 
7680147070033;0.415478;2.40788;0.976182 -0.0148073 0.216448 -3.74213 0.0793008 0.952986 -0.292452 2.20095 -0.201942 0.302651 0.931462 -9.95158 0 0 0 1 
7680147070034;0.600344;2.77953;0.985422 -0.0586412 -0.1597 -5.13548 0.0294418 0.983334 -0.179407 2.06882 0.167559 0.17209 0.970726 -2.42051 0 0 0 1 
7680147070035;0.44843;2.55153;0.996946 -0.0385711 0.067899 -3.9799 0.0240772 0.978966 0.202597 3.37622 -0.0742852 -0.200343 0.976905 2.27098 0 0 0 1 
7680147070036;0.879785;2.13091;0.999558 -0.0290613 -0.00633677 -5.30192 0.0288016 0.99887 -0.0378131 2.6786 0.0074285 0.0376138 0.999265 -1.73811 0 0 0 1 
7680147070037;0.82527;2.74781;0.999323 -0.0257785 0.0262665 -4.58591 0.0252276 0.999459 0.0210942 3.06291 -0.0267961 -0.0204172 0.999432 1.15444 0 0 0 1 
7680147070038;0.802274;2.38104;0.979239 -0.0307927 0.200356 -3.95759 -0.0280166 0.95835 0.28422 4.67975 -0.200763 -0.283933 0.937591 3.90426 0 0 0 1 
7680147070039;1.33952;2.23867;0.999773 0.0156055 0.0144785 -6.80952 -0.0158929 0.999675 0.0199537 2.08966 -0.0141624 -0.0201793 0.999696 0.638626 0 0 0 1 
7680147070040;0.158831;2.6002;0.999204 -0.0379851 -0.0121839 -4.29137 0.0361296 0.991212 -0.127251 2.1005 0.0169105 0.126709 0.991796 -3.30911 0 0 0 1 
7680147070041;1.36617;2.5333;0.998066 -0.0437757 0.0441263 -4.05326 0.0424558 0.998635 0.0304174 2.98183 -0.0453976 -0.0284852 0.998563 -3.44142 0 0 0 1 
7680147070042;0.46675;2.68614;0.995119 -0.0152926 0.0974858 -4.2976 0.0355566 0.977125 -0.209674 2.11799 -0.0920492 0.212117 0.972899 -7.02856 0 0 0 1 
7680147070043;1.14629;2.90097;0.964701 0.0275971 0.261898 -3.41691 0.0326635 0.974276 -0.222979 1.1933 -0.261314 0.223663 0.938983 -7.89147 0 0 0 1 
7680147070044;0.702038;2.5819;0.998889 -0.0324454 -0.0341653 -4.64533 0.0346444 0.997227 0.0658707 3.18948 0.0319333 -0.0669812 0.997243 2.48878 0 0 0 1 
7680147070045;0.887978;2.56777;0.998594 -0.0343168 0.0404086 -4.24403 0.0347957 0.999332 -0.0112075 3.27212 -0.039997 0.0125978 0.99912 -2.65521 0 0 0 1 
7680147070046;0.520495;2.51962;0.993029 -0.0444285 0.109176 -3.55896 0.0630372 0.98283 -0.173409 2.23282 -0.0995969 0.179082 0.97878 -6.57748 0 0 0 1 
7680147070047;1.3778;2.39931;0.99703 0.0266949 -0.0722418 -7.65383 -0.00568953 0.960975 0.276578 4.73324 0.0768057 -0.275346 0.958272 7.28567 0 0 0 1 
7680147070048;1.12108;3.25339;0.999319 -0.0361342 0.00750938 -3.59244 0.0364955 0.997797 -0.0553995 1.89565 -0.00549103 0.0556358 0.998436 -1.5554 0 0 0 1 
7680147070049;0.932757;2.51944;0.996059 -0.0721195 -0.0516302 -4.28867 0.0634097 0.986031 -0.154022 3.13905 0.0620169 0.150141 0.986718 -1.94149 0 0 0 1 
7680147070050;1.2993;2.07853;0.957345 -0.0798152 -0.277706 -6.37207 0.0425434 0.989554 -0.137745 2.03077 0.2858 0.120055 0.950739 -0.765254 0 0 0 1 
7680147070051;0.92457;2.71137;0.997508 -0.0472374 0.0524139 -3.62175 0.0322073 0.96576 0.25743 4.14733 -0.0627796 -0.2551 0.964874 2.43964 0 0 0 1 
7680147070052;0.840224;2.78935;0.961163 -0.0685111 -0.267343 -4.96972 0.108295 0.984631 0.137019 4.71437 0.253847 -0.160649 0.95381 6.31102 0 0 0 1 
7680147070053;0.82655;2.86938;0.99943 -0.0330913 0.00665868 -4.4128 0.0332212 0.999239 -0.0204533 2.48342 -0.00597678 0.0206628 0.999769 0.332568 0 0 0 1 
7680147070054;0.270576;2.63216;0.998112 -0.00742261 0.0609725 -4.8713 0.00491322 0.999139 0.0412034 2.40341 -0.0612259 -0.040826 0.997289 -0.480363 0 0 0 1 
7680147070055;0.73698;2.68488;0.982211 -0.152183 -0.110006 -2.65605 0.0877533 0.88992 -0.447595 2.696 0.166013 0.42998 0.887444 -7.69926 0 0 0 1 
7680147070056;0.896614;2.47939;0.99771 -0.0641216 -0.0215302 -3.69174 0.0633959 0.997448 -0.0328488 2.56602 0.0235815 0.0314086 0.999228 -3.10579 0 0 0 1 
7680147070057;0.403726;2.50974;0.99754 -0.0126912 0.0689353 -5.01847 0.0161232 0.998646 -0.0494603 2.3899 -0.0682143 0.0504501 0.996394 -2.46625 0 0 0 1 
7680147070058;0.771956;2.56526;0.991951 0.00112752 0.126613 -4.70366 0.0211539 0.984431 -0.174497 2.03844 -0.124839 0.175771 0.976483 -7.41612 0 0 0 1 
7680147070059;0.054331;2.64297;0.999116 -0.0337906 0.0249996 -4.26514 0.0342539 0.999245 -0.0183435 2.49086 -0.0243609 0.0191836 0.999519 -1.49535 0 0 0 1 
7680147070060;0.252286;2.57792;0.999397 -0.0338298 0.00780106 -4.26919 0.0305278 0.963325 0.266594 4.66853 -0.0165338 -0.266195 0.963777 4.42054 0 0 0 1 
7680147070062;0.694613;3.2124;0.99595 0.0711482 0.0549671 2.16712 -0.0727499 0.996965 0.0277089 -2.37466 -0.0528288 -0.0315955 0.998104 -0.846735 0 0 0 1 
7680147070063;0.642429;2.78727;0.999159 -0.0238797 -0.0333303 3.73838 0.0239125 0.999714 0.000586183 -0.0625581 0.0333068 -0.0013827 0.999444 0.52291 0 0 0 1 
7680147070064;1.73702;2.77951;0.996252 -0.0657895 -0.0561597 2.5952 0.0525181 0.975937 -0.211633 -0.0580409 0.0687316 0.20789 0.975734 -2.96641 0 0 0 1 
7680147070065;2.03958;3.21857;0.980483 -0.0116635 -0.19626 0.0794362 0.040501 0.988811 0.143572 1.50302 0.192389 -0.148719 0.969984 6.58466 0 0 0 1 
7680147070066;1.4044;2.62102;0.996621 -0.0222761 0.0790617 2.2187 0.0326729 0.990611 -0.132751 -0.2833 -0.0753622 0.134886 0.987991 -3.89732 0 0 0 1 
7680147070067;2.44929;2.948;0.995936 -0.0417927 -0.0797802 4.25304 0.0430269 0.998978 0.0138132 0.0692354 0.0791215 -0.0171897 0.996717 -0.215637 0 0 0 1 
7680147070068;0.72785;2.682;0.997273 -0.0112097 -0.0729469 2.7493 0.00832295 0.999175 -0.0397579 -0.500316 0.0733324 0.0390423 0.996543 2.13382 0 0 0 1 
7680147070069;0.403431;2.75353;0.998374 -0.0273756 0.049995 3.80231 0.0459167 0.905964 -0.420858 -0.461855 -0.0337724 0.422469 0.905748 -8.42273 0 0 0 1 
7680147070070;2.46104;3.27841;0.927734 -0.139771 -0.346082 2.12349 0.0613297 0.971718 -0.228039 -0.86765 0.368168 0.190335 0.910069 3.84292 0 0 0 1 
7680147070071;1.40642;2.272;0.947538 0.0523054 0.315334 2.29306 -0.0931234 0.988899 0.115792 -1.8416 -0.305777 -0.139082 0.94189 -6.5066 0 0 0 1 
7680147070072;0.468235;2.29437;0.996964 0.00542179 -0.0776792 1.95347 -0.00586587 0.999968 -0.00548979 -0.609674 0.0776469 0.00592877 0.996963 1.63031 0 0 0 1 
7680147070073;0.953779;2.31706;0.995483 0.00577991 0.0947624 2.70692 0.0131177 0.980197 -0.197587 -1.32608 -0.0940279 0.197938 0.975694 -4.75881 0 0 0 1 
7680147070074;0.189263;2.83277;0.999015 -0.0298816 -0.0328109 3.53438 0.023764 0.984609 -0.173147 -0.942206 0.0374798 0.172197 0.984349 -1.9471 0 0 0 1 
7680147070075;2.44638;2.89183;0.960274 -0.10907 -0.25686 5.07289 0.0265478 0.951986 -0.304989 -1.35199 0.277792 0.286054 0.917063 2.17201 0 0 0 1 
7680147070076;2.31741;2.70031;0.995973 -0.0464438 -0.0766917 3.38471 0.044257 0.99857 -0.0299718 0.0655562 0.0779741 0.0264569 0.996604 3.7162 0 0 0 1 
7680147070077;2.21484;2.43593;0.998927 0.026325 -0.0380966 3.64241 -0.0304917 0.993094 -0.113286 -1.99959 0.0348513 0.114326 0.992832 1.00945 0 0 0 1 
7680147070078;0.226189;2.7138;0.991719 0.0311832 -0.124584 1.65617 0.012177 0.942872 0.332932 2.63161 0.127848 -0.331692 0.934684 8.58055 0 0 0 1 
7680147070079;1.94297;3.2411;0.99463 -0.00438495 0.103401 2.88719 0.029018 0.970842 -0.237957 -0.773679 -0.0993429 0.23968 0.965756 -6.88217 0 0 0 1 
7680147070080;2.14298;2.85932;0.999164 -0.0337669 -0.0230363 3.15431 0.02857 0.979941 -0.19723 -0.381253 0.0292341 0.196407 0.980087 -0.0952925 0 0 0 1 
7680147070081;1.69906;2.85622;0.999094 -0.00228522 0.0425013 4.71621 0.00757779 0.992155 -0.124787 -0.980467 -0.0418827 0.124996 0.991273 -1.59901 0 0 0 1 
7680147070082;2.0972;2.6285;0.957741 -0.127065 -0.258043 2.17005 0.0536191 0.960277 -0.273847 -0.466531 0.28259 0.248439 0.92651 4.19227 0 0 0 1 
7680147070083;0.59076;2.40976;0.999811 -0.0169564 0.00950547 2.77705 0.0191112 0.946844 -0.321124 -1.58579 -0.00355508 0.321245 0.946989 -5.89398 0 0 0 1 
7680147070084;0.946739;3.02191;0.998972 0.00372344 -0.0451855 3.94566 -0.00320836 0.999929 0.0114663 -0.618323 0.0452249 -0.0113095 0.998913 2.26493 0 0 0 1 
7680147070085;1.67199;2.79226;0.960787 0.0619399 -0.270283 -0.158199 0.0365012 0.937999 0.344711 3.64729 0.274876 -0.341059 0.898956 13.5112 0 0 0 1 
7680147070086;1.58068;3.03857;0.999366 0.0179742 -0.0307296 2.7846 -0.0173291 0.999626 0.0211334 -1.12079 0.0310979 -0.0205875 0.999304 -0.446947 0 0 0 1 
7680147070087;0.945675;3.38874;0.991891 -0.00510421 -0.126986 2.4425 -0.0212566 0.978454 -0.205365 -2.44841 0.125298 0.2064 0.970412 -0.708088 0 0 0 1 
7680147070088;1.00125;3.22141;0.982277 0.0484405 0.181067 3.15581 -0.0437204 0.998594 -0.0299712 -2.58718 -0.182265 0.0215237 0.983014 -4.95272 0 0 0 1 
7680147070089;1.42162;3.36989;0.997484 0.0636465 0.0312143 2.82298 -0.0641603 0.997815 0.0157451 -2.42363 -0.0301439 -0.0177082 0.999389 1.26283 0 0 0 1 
7680147070090;0.678915;2.57859;0.997945 -0.0223862 -0.0600368 3.34488 0.0245376 0.999074 0.0353409 0.306631 0.0591901 -0.0367414 0.99757 1.99804 0 0 0 1 
7680147070091;1.30647;2.59998;0.986775 -0.063563 -0.149116 1.51717 0.0476063 0.992984 -0.108241 0.433218 0.15495 0.0997106 0.982878 2.07108 0 0 0 1 
7680147070093;0.528987;1.40093;0.996443 -0.00371304 -0.0841866 -2.39192 0.00929056 0.997779 0.0659573 0.10942 0.0837547 -0.0665048 0.994265 7.35245 0 0 0 1 
7680147070094;0.750267;1.24973;0.976746 -0.0190654 -0.213549 -3.47874 0.0463441 0.991265 0.123473 3.67987 0.20933 -0.130498 0.969098 17.6442 0 0 0 1 
7680147070095;1.32662;2.10485;0.993844 0.0792744 0.0773952 -5.14507 -0.0552257 0.960078 -0.274227 -8.20465 -0.0960446 0.268265 0.958545 -13.121 0 0 0 1 
7680147070096;1.72861;2.26705;0.999046 0.0107711 0.0423268 -3.33035 -0.00869185 0.998761 -0.0490035 -3.07749 -0.0428021 0.0485889 0.997901 -0.550998 0 0 0 1 
7680147070097;1.58172;2.39592;0.99756 -0.00575346 -0.0695771 -1.70669 0.00972619 0.998333 0.056895 0.382785 0.0691338 -0.0574329 0.995953 6.73733 0 0 0 1 
7680147070098;0.811119;1.32923;0.981588 -0.030314 -0.188591 -4.62528 0.0111971 0.99476 -0.101618 -1.49642 0.190683 0.0976352 0.976784 12.4091 0 0 0 1 
7680147070099;0.734807;1.37579;0.999695 0.0149965 0.0196193 -2.89346 -0.0149337 0.999883 -0.0033432 -3.12125 -0.0196672 0.00304919 0.999802 -1.6108 0 0 0 1 
7680147070100;0.613699;2.20837;0.930971 0.0996159 0.351239 -7.94686 -0.077234 0.994019 -0.0772053 -8.2275 -0.356829 0.0447483 0.933097 -27.0619 0 0 0 1 
7680147070101;0.463274;1.38395;0.999074 0.00484419 -0.0427574 -2.03611 -0.00996097 0.99269 -0.120283 -2.62852 0.0418621 0.120597 0.991818 0.113386 0 0 0 1 
7680147070102;1.71997;1.85295;0.990009 0.0701536 0.122311 -3.44704 -0.0460426 0.980735 -0.18984 -6.07011 -0.133272 0.182312 0.974167 -15.792 0 0 0 1 
7680147070103;0.768405;2.24082;0.982412 0.0319257 0.183974 -3.54996 -0.039367 0.998542 0.0369372 -4.22464 -0.182527 -0.04353 0.982237 -10.3314 0 0 0 1 
7680147070104;1.11988;1.38466;0.999228 0.0356823 0.0164125 -3.43832 -0.034823 0.998144 -0.0499619 -5.25231 -0.0181648 0.0493518 0.998616 -2.3979 0 0 0 1 
7680147070105;0.792054;2.91804;0.966887 0.00811707 0.255076 -4.37538 -0.00554219 0.999926 -0.0108117 -3.37596 -0.255145 0.00904004 0.966861 -18.7142 0 0 0 1 
7680147070106;0.562855;1.99233;0.999112 -1.94394e-06 -0.0421368 -3.40079 -0.00260513 0.998084 -0.0618168 -2.36264 0.0420562 0.0618716 0.997198 2.88365 0 0 0 1 
7680147070107;0.610731;1.54574;0.999728 0.0113725 0.0203696 -2.1919 -0.0141616 0.989695 0.142489 -0.870063 -0.0185393 -0.142739 0.989587 3.0562 0 0 0 1 
7680147070108;1.42716;2.46508;0.99973 -0.00462605 -0.0227523 -3.1914 0.00353518 0.998853 -0.0477542 -1.6148 0.0229471 0.0476609 0.9986 -0.29713 0 0 0 1 
7680147070109;0.474796;2.37567;0.893654 0.0259947 0.448003 -8.04546 -0.090129 0.988376 0.122436 -7.55393 -0.439612 -0.149793 0.885609 -28.4189 0 0 0 1 
7680147070110;0.941477;1.49597;0.99973 0.0157773 0.0170341 -3.11887 -0.0146353 0.997765 -0.0652006 -3.96573 -0.0180247 0.0649337 0.997727 -2.59258 0 0 0 1 
7680147070111;1.47967;1.75091;0.999887 0.0102797 0.0109643 -0.851111 -0.0100348 0.999704 -0.0221653 -1.36295 -0.011189 0.0220528 0.999694 0.276762 0 0 0 1 
7680147070112;1.75011;1.19204;0.996567 -0.000204718 -0.0827881 -4.38058 0.0292547 0.936353 0.34984 3.5515 0.0774472 -0.351061 0.933144 12.1186 0 0 0 1 
7680147070113;1.0332;1.70405;0.996286 0.0351208 0.078612 -3.52127 -0.0304991 0.997778 -0.0592388 -3.77439 -0.0805178 0.0566212 0.995144 -6.28575 0 0 0 1 
7680147070114;0.426388;1.40471;0.981089 -0.0335092 0.190635 -1.17751 -0.0434752 0.921585 0.385735 0.546485 -0.188612 -0.386728 0.9027 -4.20087 0 0 0 1 
7680147070115;1.70185;1.86968;0.993345 0.0228218 -0.112896 -4.21983 -0.0619161 0.932311 -0.356318 -8.21035 0.0971228 0.360936 0.927519 -2.03961 0 0 0 1 
7680147070116;1.08478;1.41869;0.997053 0.0550376 0.0534434 -4.16489 -0.0330165 0.936672 -0.348648 -4.76633 -0.0692477 0.345856 0.935729 -14.505 0 0 0 1 
7680147070117;0.562653;1.36698;0.996495 0.0199418 0.0812399 -1.44303 -0.0277304 0.995005 0.0959013 -2.10582 -0.0789217 -0.097818 0.99207 -2.94206 0 0 0 1 
7680147070118;0.421204;1.3307;0.993368 -0.0112172 -0.11443 -2.66024 0.000550032 0.995682 -0.0928286 -1.46192 0.114977 0.09215 0.989085 6.36054 0 0 0 1 
7680147070119;1.56631;1.22532;0.997647 0.0224198 0.0647856 -1.97433 -0.0185664 0.998057 -0.0594806 -2.98801 -0.0659932 0.0581379 0.996125 -8.31294 0 0 0 1 
7680147070120;0.829004;2.50474;0.999791 -0.0204554 9.49872e-05 -3.48335 0.0201553 0.984309 -0.175299 -2.4999 0.00349231 0.175265 0.984515 -2.36099 0 0 0 1 
7680147070121;0.0967963;1.19059;0.997136 0.0120772 0.0746556 -1.63207 -0.0148948 0.999193 0.0373008 -1.93037 -0.0741448 -0.038306 0.996512 -3.9596 0 0 0 1 
7680147070122;0.194803;1.61817;0.99986 -0.00305526 -0.0164567 -2.37905 0.00251016 0.999451 -0.0330424 -1.60248 0.0165486 0.0329965 0.999318 0.962661 0 0 0 1 
7680147070124;1.64617;2.72819;0.99334 -0.0313736 0.110869 -2.29085 0.0469422 0.988934 -0.140736 5.56949 -0.105226 0.145003 0.98382 -9.00291 0 0 0 1 
7680147070125;1.40625;3.08233;0.997192 -0.0615244 0.0426846 -2.7436 0.0616393 0.998098 -0.00137948 7.97778 -0.0425185 0.00400665 0.999088 -5.26051 0 0 0 1 
7680147070126;1.2267;2.74939;0.996754 -0.078041 -0.0197846 -3.47111 0.0782398 0.996889 0.00948169 9.47359 0.0189831 -0.0109989 0.999759 0.926216 0 0 0 1 
7680147070127;1.9725;3.0458;0.98725 -0.0909607 -0.130627 -2.82189 0.0732205 0.988175 -0.13472 8.55534 0.141337 0.123438 0.982236 7.05333 0 0 0 1 
7680147070128;1.62499;3.4237;0.96583 -0.0967154 -0.240453 -5.59626 0.0961984 0.995265 -0.0139157 9.80263 0.24066 -0.00969104 0.970561 12.5514 0 0 0 1 
7680147070129;0.486275;2.53041;0.998758 -0.0365995 -0.0337978 -1.94776 0.0348659 0.998114 -0.0505313 5.08037 0.0355835 0.0492901 0.99815 2.2915 0 0 0 1 
7680147070130;1.63305;3.76853;0.995634 -0.0357588 0.0862212 -2.91484 0.0267257 0.994246 0.103734 6.32347 -0.0894345 -0.100977 0.990861 -5.00235 0 0 0 1 
7680147070131;2.14793;2.8008;0.923774 0.0187445 0.382478 -6.00453 0.0718601 0.972572 -0.221223 8.12458 -0.376135 0.231845 0.89709 -26.3739 0 0 0 1 
7680147070132;1.4581;3.66837;0.994989 -0.0645478 -0.0763573 -3.61473 0.0636244 0.997869 -0.0144669 7.54399 0.0771284 0.00953618 0.996976 2.44624 0 0 0 1 
7680147070133;1.07349;3.91996;0.998929 -0.0424062 -0.0184841 -2.88273 0.0421172 0.998989 -0.0157509 5.90729 0.0191334 0.0149556 0.999705 0.872099 0 0 0 1 
7680147070134;1.69636;2.96602;0.993689 -0.0465666 -0.102044 -2.49489 0.0330241 0.990885 -0.130596 5.14475 0.107195 0.126402 0.98617 8.80632 0 0 0 1 
7680147070135;0.51747;3.28828;0.940611 -0.114027 -0.319765 -7.03799 0.111145 0.993429 -0.0273124 10.86 0.320778 -0.00984983 0.947103 19.0199 0 0 0 1 
7680147070136;0.646267;3.55536;0.918606 -0.0992353 -0.382512 -9.34941 0.0482902 0.988891 -0.140579 6.55031 0.392213 0.110665 0.913193 25.3955 0 0 0 1 
7680147070137;2.04694;3.75661;0.993559 -0.029718 -0.109352 -3.50211 0.0447719 0.989434 0.137899 6.82658 0.104098 -0.141907 0.984391 7.65255 0 0 0 1 
7680147070138;0.720049;2.76575;0.999294 -0.0312543 -0.0208603 -2.09744 0.0289856 0.994425 -0.101386 4.83518 0.0239127 0.10071 0.994628 0.642462 0 0 0 1 
7680147070139;1.74647;2.58132;0.997137 -0.0546413 0.0522654 -2.32537 0.0561648 0.998025 -0.0281377 6.59257 -0.0506247 0.0309927 0.998237 -6.11576 0 0 0 1 
7680147070140;0.663015;3.69902;0.999232 -0.0372125 0.0122366 -2.8808 0.0381424 0.995437 -0.0874719 5.79186 -0.0089257 0.0878715 0.996092 -1.3619 0 0 0 1 
7680147070141;0.53013;2.86158;0.998552 -0.049365 0.0213747 -1.68242 0.0496411 0.998688 -0.0125845 6.04909 -0.0207254 0.0136273 0.999692 -1.7605 0 0 0 1 
7680147070142;1.96977;2.80489;0.982701 -0.0870314 -0.163475 -5.86173 0.0484847 0.972815 -0.226453 6.86722 0.178739 0.21461 0.960206 12.999 0 0 0 1 
7680147070143;0.856847;3.24132;0.981178 -0.0395768 0.189007 -3.91137 0.00766787 0.985986 0.166653 4.78994 -0.192954 -0.162067 0.967731 -13.8896 0 0 0 1 
7680147070144;1.63732;3.25918;0.995951 -0.0153036 0.0885854 -2.01286 0.0139543 0.999777 0.0158318 3.22429 -0.0888079 -0.0145316 0.995943 -7.40953 0 0 0 1 
7680147070145;0.140484;3.35057;0.998656 -0.0483191 0.0187557 -2.67059 0.0485678 0.998735 -0.01304 6.89281 -0.0181019 0.0139334 0.999739 -1.69346 0 0 0 1 
7680147070146;1.19743;2.91852;0.99583 -0.072047 -0.0559651 -3.38439 0.0728027 0.997279 0.0115805 8.84912 0.0549785 -0.0156067 0.998366 1.61161 0 0 0 1 
7680147070147;0.293378;2.73839;0.997035 -0.0127768 0.0758753 -1.9595 0.019992 0.995266 -0.0951099 4.07893 -0.0743009 0.0963448 0.992571 -5.00979 0 0 0 1 
7680147070148;2.08491;2.77466;0.993337 -0.0581952 -0.0994756 -2.10374 0.0741668 0.983456 0.165269 8.07569 0.088212 -0.171545 0.981219 6.7812 0 0 0 1 
7680147070149;2.16398;2.50933;0.98779 -0.0716761 -0.138324 -3.10538 0.0475115 0.984178 -0.170692 6.63173 0.14837 0.162036 0.975567 9.34904 0 0 0 1 
7680147070150;0.570326;3.64204;0.999281 0.00400312 0.0377073 -2.76851 0.0126853 0.901826 -0.431912 2.77573 -0.0357345 0.43208 0.901127 -1.29944 0 0 0 1 
7680147070151;0.700204;3.31934;0.993493 -0.0731477 -0.0873045 -3.84272 0.0739535 0.997243 0.00602718 9.04626 0.0866229 -0.0124444 0.996163 4.62459 0 0 0 1 
7680147070152;0.196422;2.82446;0.997517 -0.0699771 -0.00793116 -2.27077 0.0698129 0.997372 -0.0193677 7.69633 0.00926561 0.0187659 0.999781 0.221877 0 0 0 1 
7680147070153;0.328459;3.66404;0.999015 -0.043554 -0.00848664 -2.95347 0.0388265 0.950593 -0.308003 5.57758 0.0214821 0.30737 0.951348 1.89516 0 0 0 1 
7680147070155;0.140686;3.8679;0.999399 -0.00518792 -0.0342834 5.63868 0.00370135 0.999056 -0.0432832 2.0306 0.0344756 0.0431302 0.998474 3.72998 0 0 0 1 
7680147070156;0.73666;3.63816;0.999144 -0.00357238 -0.0412057 5.98305 0.00169914 0.998967 -0.0454066 1.46548 0.0413253 0.0452977 0.998118 4.6876 0 0 0 1 
7680147070157;1.89722;4.46521;0.99617 -0.0387486 -0.0783838 4.25483 0.0412431 0.998685 0.0304595 6.88538 0.0771004 -0.0335757 0.996458 10.2773 0 0 0 1 
7680147070158;1.79956;3.77917;0.997358 -0.0286107 -0.0667658 5.06693 0.0144791 0.979021 -0.203242 3.6261 0.07118 0.201739 0.976849 9.06659 0 0 0 1 
7680147070159;1.65931;4.60818;0.998463 0.00633492 -0.055053 4.70611 -0.00883793 0.998932 -0.0453416 0.410759 0.054707 0.0457585 0.997453 4.56781 0 0 0 1 
7680147070160;0.0621527;3.74112;0.99901 -0.00128061 -0.0444589 5.36941 -0.000645479 0.999063 -0.0432815 1.35559 0.0444727 0.0432674 0.998073 5.05717 0 0 0 1 
7680147070161;0.430207;3.75041;0.995453 -0.0694219 -0.0652246 4.92858 0.06434 0.994951 -0.0770251 8.5147 0.0702426 0.0724783 0.994893 7.91574 0 0 0 1 
7680147070162;0.473536;3.79165;0.969745 0.0604705 0.236511 3.24315 -0.0599339 0.998157 -0.00946463 -4.96337 -0.236647 -0.00499673 0.971583 -26.404 0 0 0 1 
7680147070163;0.736349;4.03149;0.992052 0.0253222 0.123251 4.90342 -0.0399279 0.992268 0.117518 -2.67086 -0.119322 -0.121505 0.985393 -13.0587 0 0 0 1 
7680147070164;0.540732;4.0097;0.996152 -0.0563637 -0.0671146 5.03259 0.0443151 0.984597 -0.169128 6.00584 0.0756135 0.165503 0.983306 9.35252 0 0 0 1 
7680147070165;1.76832;3.95771;0.999415 0.0149051 -0.0307805 5.52889 -0.0164277 0.998623 -0.0498226 -0.208856 0.0299955 0.0502991 0.998284 6.16394 0 0 0 1 
7680147070166;0.877488;4.01486;0.99453 0.0215894 -0.102199 5.45738 -0.00946284 0.993006 0.117686 0.699796 0.104025 -0.116075 0.987778 9.48064 0 0 0 1 
7680147070167;0.355143;4.02665;0.996453 -0.0319973 -0.0778327 5.13494 0.0287292 0.998673 -0.0427512 4.93956 0.0790973 0.0403634 0.996049 9.0278 0 0 0 1 
7680147070168;0.458362;3.83989;0.999845 -0.00212849 0.0174844 6.10985 0.000682113 0.996606 0.0823167 2.37801 -0.0176002 -0.082292 0.996453 -2.6731 0 0 0 1 
7680147070169;1.52541;3.67635;0.958939 -0.0325768 -0.281736 1.72826 0.0505144 0.997116 0.0566393 7.22589 0.279078 -0.0685453 0.957819 28.9469 0 0 0 1 
7680147070170;1.71122;4.30573;0.997587 0.0089003 0.0688548 5.15369 -0.00350376 0.996939 -0.0781028 1.16062 -0.0693392 0.077673 0.994565 -6.53398 0 0 0 1 
7680147070171;1.73488;3.14371;0.993364 -0.0519701 -0.102606 5.81842 0.0213269 0.959852 -0.279694 3.59168 0.113022 0.27565 0.954591 12.2185 0 0 0 1 
7680147070172;1.09968;3.69593;0.999788 -0.00858005 -0.0187157 6.31019 0.00783546 0.999189 -0.039501 1.88523 0.0190395 0.039346 0.999044 2.36635 0 0 0 1 
7680147070173;0.591876;3.78105;0.960557 -0.0065173 -0.278006 0.122109 0.0186179 0.998989 0.0409085 3.90151 0.277458 -0.0444709 0.959708 30.4204 0 0 0 1 
7680147070174;1.36958;4.51756;0.998468 -0.0437492 0.0338624 5.45549 0.0487979 0.984837 -0.166477 6.28642 -0.0260657 0.167874 0.985464 -3.80745 0 0 0 1 
7680147070175;0.533565;3.825;0.998842 -0.018985 -0.0441984 5.53549 0.017055 0.998902 -0.043641 3.60914 0.0449784 0.0428366 0.998069 5.58061 0 0 0 1 
7680147070176;0.79171;3.8025;0.992634 0.0278411 0.117909 5.61902 -0.0137716 0.992859 -0.118499 -0.615974 -0.120366 0.116002 0.985929 -11.9497 0 0 0 1 
7680147070177;1.74498;4.01476;0.960834 0.0644797 0.269519 2.27918 -0.0348885 0.992962 -0.113178 -3.42544 -0.27492 0.0993425 0.956321 -29.8962 0 0 0 1 
7680147070178;1.38005;4.54823;0.996556 -0.0304452 0.0771321 5.45228 0.0405888 0.990209 -0.133562 5.46321 -0.0723106 0.136233 0.988034 -8.87353 0 0 0 1 
7680147070179;1.66284;3.76195;0.998848 0.0343368 0.0335112 6.51157 -0.0348821 0.999266 0.0158276 -2.64451 -0.0329432 -0.0169783 0.999313 -2.52552 0 0 0 1 
7680147070180;1.25183;4.12243;0.968456 0.0444119 -0.245195 1.49176 -0.0130007 0.991654 0.128268 0.489509 0.248845 -0.121034 0.960951 24.8387 0 0 0 1 
7680147070181;1.00094;3.92967;0.998161 0.0365404 0.0483594 5.9301 -0.0446514 0.982836 0.178996 -3.14312 -0.0409888 -0.180826 0.982661 -6.41557 0 0 0 1 
7680147070182;1.8528;4.3833;0.98089 0.0507234 0.187835 5.20728 -0.0696739 0.992969 0.0956991 -5.72898 -0.18166 -0.106958 0.977527 -23.0789 0 0 0 1 
7680147070183;0.963883;3.83694;0.989393 0.05029 0.136281 6.10591 -0.0714133 0.985354 0.154844 -5.39649 -0.126498 -0.162934 0.978494 -15.5139 0 0 0 1 
7680147070184;0.147928;3.75828;0.998414 0.0111953 -0.0551775 5.40185 -0.0121667 0.999776 -0.0173014 0.32356 0.0549715 0.0179453 0.998327 6.17051 0 0 0 1 
7680147070186;1.27351;4.82027;0.996468 0.0771494 0.0331613 4.15688 -0.0746229 0.994634 -0.0716537 -2.85842 -0.0385114 0.068926 0.996878 -3.58954 0 0 0 1 
7680147070187;0.700101;4.40358;0.944208 0.113315 0.309241 -1.19023 -0.167977 0.973333 0.156227 -12.1723 -0.283292 -0.199456 0.938063 -30.6831 0 0 0 1 
7680147070188;1.39118;4.8886;0.997159 0.0533702 0.0531616 4.49743 -0.0551387 0.997954 0.0323734 -0.854969 -0.0513251 -0.0352127 0.998061 -7.73036 0 0 0 1 
7680147070189;1.30828;4.70041;0.964366 0.0428421 -0.26108 0.309684 0.0552316 0.932461 0.357024 14.5846 0.258743 -0.358722 0.896867 29.8387 0 0 0 1 
7680147070190;1.12112;5.02302;0.990408 0.0655859 0.121618 3.93253 -0.103062 0.936905 0.334045 -3.62459 -0.092036 -0.343375 0.934678 -9.28064 0 0 0 1 
7680147070191;1.94775;4.07506;0.997927 0.00786361 -0.0638799 5.58588 0.00507331 0.979809 0.199869 7.07404 0.0641618 -0.199779 0.977738 7.66604 0 0 0 1 
7680147070192;1.68036;4.82867;0.98699 0.0113727 0.160379 4.03532 -0.00746845 0.999661 -0.0249257 5.39799 -0.160608 0.0234036 0.986741 -17.9107 0 0 0 1 
7680147070193;1.11849;4.59888;0.998606 0.0116094 0.0514906 5.57109 0.00257727 0.963624 -0.267248 4.80401 -0.0527202 0.267008 0.962251 -7.30397 0 0 0 1 
7680147070194;0.766853;5.05186;0.999205 0.0344383 0.0200916 4.10768 -0.034828 0.999205 0.0193809 1.51547 -0.0194082 -0.0200653 0.99961 -2.85051 0 0 0 1 
7680147070195;0.416426;4.7249;0.995893 0.0600808 0.067732 4.46435 -0.0547127 0.995411 -0.0785017 -0.826626 -0.0721377 0.0744735 0.99461 -9.25904 0 0 0 1 
7680147070196;0.748225;5.13683;0.998576 0.0438273 0.0304324 3.98778 -0.0461675 0.995643 0.0810125 0.78981 -0.0267493 -0.0823021 0.996248 -2.50817 0 0 0 1 
7680147070197;0.500793;4.65165;0.996684 0.0787484 0.0204995 4.03412 -0.0725167 0.973854 -0.215289 -3.33964 -0.0369172 0.213089 0.976335 -6.11451 0 0 0 1 
7680147070198;0.104802;4.80248;0.999572 0.0249286 0.015319 4.75925 -0.0263314 0.994692 0.0994747 3.13925 -0.0127579 -0.0998355 0.994922 -0.996989 0 0 0 1 
7680147070199;1.797;5.07457;0.980806 0.0566403 0.186579 3.57719 -0.0502098 0.997976 -0.0390162 -0.932862 -0.188411 0.0288992 0.981665 -23.827 0 0 0 1 
7680147070200;0.574851;4.62121;0.99489 0.0987441 -0.0210492 3.04746 -0.0970895 0.992892 0.0688346 -4.71328 0.0276966 -0.0664392 0.997406 2.56795 0 0 0 1 
7680147070201;1.66238;5.4752;0.972371 -0.0122473 -0.233119 1.05655 0.012713 0.999919 0.000495116 5.74959 0.233094 -0.00344507 0.972448 24.6991 0 0 0 1 
7680147070202;0.856075;5.48213;0.9988 0.0359228 0.0332897 4.89322 -0.0411887 0.983864 0.174113 1.72504 -0.0264979 -0.175276 0.984163 -1.59421 0 0 0 1 
7680147070203;0.151635;4.64913;0.999582 0.0187628 0.0219907 4.79544 -0.0191017 0.9997 0.015303 3.48616 -0.021697 -0.0157166 0.999641 -2.58651 0 0 0 1 
7680147070204;1.87474;5.73699;0.998228 0.0571128 0.0166856 3.48416 -0.0570203 0.998355 -0.00596873 -0.505099 -0.016999 0.00500674 0.999843 -0.76278 0 0 0 1 
7680147070205;1.34644;4.19575;0.999665 0.0133304 0.0221952 5.68179 -0.0155281 0.994665 0.101984 5.07497 -0.0207173 -0.102294 0.994538 -2.12199 0 0 0 1 
7680147070206;0.882492;4.88765;0.910276 -0.0942123 -0.40314 -5.45953 0.0511346 0.991892 -0.116342 11.3509 0.410832 0.0852885 0.907713 43.9567 0 0 0 1 
7680147070207;1.16879;5.28811;0.990698 0.113259 0.0754355 2.82109 -0.118619 0.990411 0.0708171 -7.23121 -0.0666915 -0.0791065 0.994633 -6.03242 0 0 0 1 
7680147070208;1.24601;5.01841;0.99366 0.100592 0.0502084 3.53553 -0.106037 0.986948 0.121204 -6.19628 -0.0373608 -0.12576 0.991357 -3.53083 0 0 0 1 
7680147070209;1.20929;4.3777;0.997891 0.0156699 -0.0629923 4.70274 0.0108374 0.916587 0.399689 9.16434 0.064001 -0.399528 0.914484 8.43225 0 0 0 1 
7680147070210;1.69015;4.27323;0.999566 0.00849872 0.0281965 5.38526 -0.00917048 0.999675 0.0237812 5.85836 -0.0279852 -0.0240295 0.999319 -1.71027 0 0 0 1 
7680147070211;0.940014;5.14682;0.989385 0.00604142 -0.145193 3.06012 0.0227863 0.980327 0.196062 9.21846 0.143521 -0.19729 0.969783 18.0681 0 0 0 1 
7680147070212;1.74535;4.34127;0.999823 0.00923947 0.0163785 4.74441 -0.0092915 0.999952 0.00310335 5.24745 -0.0163491 -0.00325498 0.999861 -3.19952 0 0 0 1 
7680147070213;0.400202;4.6587;0.997301 0.0623592 0.0387659 4.0372 -0.0638682 0.997196 0.0389898 -0.941101 -0.0362258 -0.0413604 0.998487 -4.28745 0 0 0 1 
7680147070214;0.315659;4.99078;0.998196 0.0107059 -0.0590754 4.65376 -0.00552632 0.99618 0.0871538 5.29943 0.0597828 -0.0866701 0.994442 6.91042 0 0 0 1 
7680147070215;0.611277;5.10051;0.996238 0.0520838 0.0692634 4.37478 -0.054431 0.99799 0.0324434 -0.188787 -0.0674344 -0.0360914 0.997071 -8.37114 0 0 0 1 
7680147070217;0.89674;4.51848;0.998148 -0.0121924 0.059597 -5.56409 0.0107603 0.999647 0.024292 -1.37025 -0.0598722 -0.0236057 0.997927 -2.02909 0 0 0 1 
7680147070218;1.73564;4.42454;0.999935 -0.00457805 0.010446 -6.02379 0.00450347 0.999964 0.00715212 -0.724747 -0.0104784 -0.00710461 0.99992 1.65974 0 0 0 1 
7680147070219;1.39452;4.51002;0.961653 -0.0717615 -0.264715 -6.78593 0.0471386 0.994047 -0.0982313 -1.09296 0.270188 0.0819861 0.959311 6.2212 0 0 0 1 
7680147070220;0.267296;4.4514;0.999819 -0.00764876 -0.017444 -5.56653 2.11298e-05 0.916274 -0.400553 -2.14971 0.0190472 0.400479 0.916108 4.06593 0 0 0 1 
7680147070221;1.27015;5.34476;0.999729 -0.0118286 0.0200733 -5.14424 0.00683351 0.972515 0.232739 -1.07178 -0.0222746 -0.232538 0.972332 -2.79697 0 0 0 1 
7680147070222;1.97297;3.61886;0.995971 -0.00299614 0.0896237 -6.42778 -0.000406837 0.99928 0.0379273 -1.88674 -0.0896729 -0.0378109 0.995253 -1.01056 0 0 0 1 
7680147070223;1.53331;4.18545;0.997949 -0.0170163 -0.0617064 -5.91381 0.0175101 0.999819 0.00747131 -1.64106 0.0615681 -0.00853648 0.998066 -0.0797604 0 0 0 1 
7680147070224;2.30376;4.28458;0.91312 -0.112303 -0.391919 -7.4765 0.0691466 0.990045 -0.122593 -0.787316 0.401785 0.0848418 0.911795 4.04012 0 0 0 1 
7680147070225;1.4585;4.95839;0.998603 -0.0291275 -0.0440841 -5.93269 0.0270892 0.998567 -0.0461467 -0.244681 0.0453651 0.044888 0.997961 2.21041 0 0 0 1 
7680147070226;1.86707;4.42856;0.998533 -0.0087273 -0.0534295 -5.75912 0.00826842 0.999927 -0.00880367 -0.524561 0.0535024 0.00834898 0.998533 2.94652 0 0 0 1 
7680147070227;0.781577;4.76452;0.999786 0.00374281 -0.020337 -5.39389 -0.00356752 0.999956 0.00864853 -1.70918 0.0203685 -0.00857413 0.999756 -0.546517 0 0 0 1 
7680147070228;0.400914;4.60237;0.998377 -0.00548754 0.0566842 -5.38244 0.00342005 0.999328 0.0365067 -1.44699 -0.0568464 -0.0362535 0.997724 -1.04961 0 0 0 1 
7680147070229;0.955663;4.32198;0.999734 -0.00522242 -0.0224594 -5.89522 0.00444464 0.999393 -0.0345423 -0.977494 0.0226262 0.0344333 0.999151 0.965052 0 0 0 1 
7680147070230;0.317185;4.48735;0.980609 -0.0372777 -0.192395 -6.29188 0.030223 0.998763 -0.0394741 -0.983256 0.193629 0.0328939 0.980523 3.46434 0 0 0 1 
7680147070231;1.12926;4.75622;0.999914 -0.0104247 0.00798023 -5.44188 0.0102942 0.999815 0.0162226 -0.834168 -0.00814787 -0.0161391 0.999837 -1.03944 0 0 0 1 
7680147070232;1.51388;4.30479;0.999864 0.0153277 0.00600679 -5.78745 -0.0154783 0.999545 0.025879 -2.39108 -0.00560739 -0.0259684 0.999647 -1.31296 0 0 0 1 
7680147070233;1.97376;4.2855;0.990764 -0.0280597 -0.132665 -6.82363 0.0701467 0.943335 0.324344 -0.0567134 0.116047 -0.330654 0.93659 -2.53451 0 0 0 1 
7680147070234;1.9935;4.79351;0.999718 -0.00255003 -0.0236028 -5.54076 0.000481239 0.996187 -0.0872443 -1.81663 0.0237352 0.0872083 0.995907 -1.15702 0 0 0 1 
7680147070235;1.53051;4.61923;0.987413 -0.0405324 -0.152879 -5.82672 0.0398408 0.999177 -0.00758581 -1.20428 0.153061 0.0013995 0.988216 1.01905 0 0 0 1 
7680147070236;0.104269;4.63948;0.999894 -0.00446508 0.0138461 -5.6474 0.00431439 0.999931 0.0108943 -1.36362 -0.0138938 -0.0108334 0.999845 -0.134182 0 0 0 1 
7680147070237;2.06657;3.81063;0.997735 -0.0212355 -0.0638279 -6.9903 0.0101953 0.98564 -0.168552 -1.14977 0.0664906 0.16752 0.983624 4.03915 0 0 0 1 
7680147070238;1.4657;5.00117;0.916043 0.0145262 0.400816 -5.4167 -0.12052 0.963129 0.240536 -3.43838 -0.382544 -0.268648 0.884018 -8.73643 0 0 0 1 
7680147070239;0.672786;4.61234;0.992592 0.00589676 0.121353 -5.40115 -0.0153105 0.99693 0.0767875 -1.57214 -0.120527 -0.0780766 0.989635 -1.82298 0 0 0 1 
7680147070240;1.69401;4.80837;0.998833 0.00682275 0.0478156 -5.54289 -0.0108824 0.996308 0.0851639 -0.953107 -0.047058 -0.0855848 0.995219 0.512512 0 0 0 1 
7680147070241;1.89764;4.83245;0.995129 -0.0430819 -0.0886713 -5.86841 0.0616099 0.973953 0.218222 -1.21518 0.0769603 -0.222622 0.971863 -3.03939 0 0 0 1 
7680147070242;1.04234;4.19895;0.998099 -0.0163597 -0.0594177 -6.11929 0.0171479 0.999771 0.0127794 -0.925759 0.059195 -0.013774 0.998151 1.56309 0 0 0 1 
7680147070243;1.63774;3.95458;0.969957 0.0176521 0.242635 -6.06704 -0.0284902 0.998743 0.0412321 -2.47256 -0.241602 -0.0469061 0.969241 -3.93142 0 0 0 1 
7680147070244;2.23994;5.00094;0.99659 -0.00577544 -0.0823153 -5.40242 0.0238506 0.975131 0.220341 -1.24558 0.0789956 -0.221553 0.971943 1.31976 0 0 0 1 
7680147070245;0.410551;4.62022;0.99972 -0.0153408 -0.018021 -5.73573 0.0155525 0.999811 0.0116637 -1.10848 0.0178386 -0.0119407 0.99977 -0.251597 0 0 0 1 
7680147070246;0.921508;4.53512;0.994808 -0.0220017 -0.0993597 -5.67571 0.0177942 0.998915 -0.0430363 -1.17495 0.100199 0.0410448 0.99412 0.869061 0 0 0 1 
7680147070248;1.50847;2.54998;0.978851 0.0459644 -0.199346 2.81795 0.0162759 0.953846 0.299854 5.24279 0.203928 -0.296757 0.932925 21.205 0 0 0 1 
7680147070249;1.33018;2.47816;0.992575 0.0966843 0.0738027 4.69728 -0.0966061 0.995312 -0.00463722 -5.49999 -0.0739051 -0.002527 0.997262 -5.66655 0 0 0 1 
7680147070250;0.124558;2.70503;0.994491 0.0989858 0.0344921 3.49706 -0.0986445 0.995057 -0.0114643 -6.17648 -0.0354564 0.00799869 0.999339 -4.00787 0 0 0 1 
7680147070251;0.53556;3.00071;0.971785 0.151465 0.180809 1.53476 -0.168278 0.982364 0.0815033 -11.8905 -0.165275 -0.10963 0.980135 -14.1935 0 0 0 1 
7680147070252;1.1295;2.90068;0.97687 0.163671 0.13761 1.98584 -0.15174 0.984017 -0.0931963 -10.7247 -0.150664 0.0701596 0.986092 -12.6355 0 0 0 1 
7680147070253;0.578449;2.62419;0.997922 0.0532698 -0.0362538 4.20189 -0.0534969 0.998554 -0.00532022 -2.00168 0.035918 0.00724863 0.999328 3.1571 0 0 0 1 
7680147070254;1.15198;2.39956;0.996638 0.0797145 0.0189248 4.43487 -0.079595 0.996803 -0.0069868 -4.02544 -0.0194213 0.00545699 0.999796 -3.84889 0 0 0 1 
7680147070255;0.370863;2.74116;0.987512 0.118014 0.104367 2.79368 -0.153553 0.869145 0.470116 -8.36432 -0.0352297 -0.480271 0.876412 0.182933 0 0 0 1 
7680147070256;1.32328;2.81742;0.958632 0.150088 0.241864 -0.085685 -0.0949476 0.969634 -0.225376 -6.07901 -0.268346 0.193089 0.943773 -28.7342 0 0 0 1 
7680147070257;0.807316;2.99219;0.975022 0.00588113 -0.222031 2.70469 -0.052376 0.977546 -0.20411 -1.98313 0.215845 0.210641 0.953437 17.4183 0 0 0 1 
7680147070258;0.260139;2.60717;0.943639 0.194319 0.267927 -1.52615 -0.151983 0.973517 -0.170777 -11.1499 -0.294017 0.120432 0.948183 -28.3788 0 0 0 1 
7680147070259;0.965988;2.71498;0.983454 0.0968031 0.153123 2.97004 -0.10464 0.993538 0.0439595 -6.39291 -0.147878 -0.059255 0.987229 -13.4567 0 0 0 1 
7680147070260;0.831214;2.58332;0.997537 0.0694267 0.0100338 4.42846 -0.070147 0.986502 0.147965 -2.32232 0.000374289 -0.148304 0.988942 0.468181 0 0 0 1 
7680147070261;1.06706;2.559;0.980967 0.113604 0.157474 2.26628 -0.0697121 0.962972 -0.260434 -3.94054 -0.18123 0.244499 0.952563 -20.8157 0 0 0 1 
7680147070262;1.52451;2.97507;0.982091 0.114994 0.149245 3.33979 -0.115741 0.993273 -0.00370299 -8.67492 -0.148667 -0.0136371 0.988793 -15.5507 0 0 0 1 
7680147070263;1.15131;3.01092;0.990391 0.122479 0.0642244 2.39776 -0.119998 0.99192 -0.0411763 -8.55425 -0.0687486 0.0330738 0.997086 -9.06199 0 0 0 1 
7680147070264;1.15529;2.85291;0.98995 0.138632 0.0279216 2.29585 -0.138244 0.990279 -0.0153864 -9.37438 -0.0297832 0.0113717 0.999492 -1.25106 0 0 0 1 
7680147070265;0.426203;2.63416;0.961497 0.0641675 0.267219 1.35707 -0.105499 0.98404 0.143302 -6.17077 -0.253759 -0.165976 0.952921 -21.9986 0 0 0 1 
7680147070266;1.20758;2.89934;0.993719 0.104302 0.0405362 2.75332 -0.109444 0.98139 0.157781 -5.109 -0.023325 -0.161226 0.986642 -1.13257 0 0 0 1 
