#;prob_registration_l1 -r /home/probabilistic_point_clouds_registration/build/tester /home/point_clouds_registration_benchmark//devel/registration_pairs/gazebo_summer_local.txt /home/point_clouds_registration_benchmark//eth/gazebo_summer -s 0.2 -t 0.2 -p 0.3 -r 1000 -m 20 -i 40 
id;initial_error;final_error;transformation
36535719080000;0.0805842;0.176941;0.99809 -0.0227478 0.0574428 -0.423389 0.01665 0.994387 0.104485 -0.104169 -0.0594972 -0.103329 0.992866 0.00254564 0 0 0 1 
36535719080001;0.11249;0.165986;0.98638 -0.00879562 0.164249 -0.562885 0.018932 0.998004 -0.0602505 0.0028169 -0.163391 0.0625394 0.984577 0.172217 0 0 0 1 
36535719080002;0.259114;0.169524;0.987234 0.0177634 0.158285 -0.157898 -0.0481863 0.980503 0.190505 -0.47033 -0.151815 -0.1957 0.968841 0.0788352 0 0 0 1 
36535719080003;0.441289;0.932063;0.969435 -0.108678 0.219964 -2.0303 0.126377 0.989647 -0.0680203 -1.25489 -0.210294 0.0937398 0.973134 -0.228604 0 0 0 1 
36535719080004;0.424931;0.789267;0.940787 -0.0428378 0.336281 -1.76664 0.0756797 0.993488 -0.0851656 -0.692057 -0.330443 0.105572 0.937903 -0.186867 0 0 0 1 
36535719080005;0.508351;0.225849;0.98227 -0.112916 0.149649 0.00188871 0.16114 0.916488 -0.366174 0.73839 -0.0958046 0.383797 0.918434 -0.446558 0 0 0 1 
36535719080006;0.482532;0.470267;0.986768 0.0495468 -0.154385 -1.17257 -0.0725313 0.986473 -0.147002 0.457696 0.145013 0.156255 0.977014 -1.5144 0 0 0 1 
36535719080007;0.407429;0.437641;0.972383 -0.231137 0.0323484 -1.14619 0.231673 0.939138 -0.253669 -0.657838 0.0282527 0.254158 0.96675 -1.23946 0 0 0 1 
36535719080008;0.494873;0.496112;0.987826 0.0230897 0.153842 -1.43153 0.0273404 0.947763 -0.317802 0.37543 -0.153143 0.318139 0.935593 -0.739464 0 0 0 1 
36535719080009;0.260051;0.176711;0.983659 -0.0968683 0.151762 -0.534945 0.0895652 0.994502 0.0542571 -0.756757 -0.156184 -0.0397779 0.986927 -0.328202 0 0 0 1 
36535719080010;0.367096;0.282038;0.975767 -0.147484 0.161638 -0.0587228 0.154315 0.987551 -0.030483 -0.225138 -0.15513 0.0546874 0.986379 0.6709 0 0 0 1 
36535719080011;0.379627;0.342194;0.969185 -0.170765 0.17754 -0.733813 0.160804 0.98456 0.0691647 0.244807 -0.18661 -0.0384841 0.98168 -0.283223 0 0 0 1 
36535719080012;0.1676;0.166055;0.998721 0.0199907 0.0464373 -0.61547 -0.0209153 0.999591 0.0195109 0.189327 -0.0460282 -0.0204572 0.998731 -0.551927 0 0 0 1 
36535719080013;0.445602;0.641095;0.957359 -0.120596 0.262526 -0.802491 0.120015 0.992603 0.0183093 -0.728836 -0.262793 0.0139784 0.964751 0.177561 0 0 0 1 
36535719080014;0.45281;0.515304;0.994847 0.101298 -0.00415596 -1.52666 -0.101364 0.994623 -0.0212209 0.410006 0.00198397 0.0215329 0.999766 -0.133759 0 0 0 1 
36535719080015;0.366192;0.546067;0.998327 0.0495752 0.0297436 -1.7351 -0.0502216 0.998509 0.0213939 0.22114 -0.0286387 -0.0228519 0.999329 0.0118516 0 0 0 1 
36535719080016;0.0775968;0.15636;0.990215 -0.00755214 0.139345 -0.524682 7.0606e-05 0.998562 0.0536178 -0.029309 -0.139549 -0.0530833 0.988791 0.138231 0 0 0 1 
36535719080017;0.294515;0.163249;0.950803 0.0617497 0.303579 -0.581686 0.0237574 0.962514 -0.270189 0.185714 -0.308883 0.264108 0.913695 0.184389 0 0 0 1 
36535719080018;0.425335;0.515296;0.99953 0.0305186 -0.0029511 -1.15516 -0.0306564 0.996408 -0.0789436 -0.100269 0.000531253 0.078997 0.996875 -0.701921 0 0 0 1 
36535719080019;0.389784;0.515909;0.995844 0.032489 -0.0850806 -1.08556 -0.0381677 0.99709 -0.0659923 0.015369 0.082689 0.0689654 0.994186 -0.657065 0 0 0 1 
36535719080020;0.317608;0.173955;0.983756 0.17656 -0.0324149 -0.596745 -0.173928 0.982177 0.0712529 0.942601 0.0444175 -0.0644576 0.996931 -0.0514464 0 0 0 1 
36535719080021;0.423824;0.646689;0.942977 -0.132968 0.305147 -1.39744 0.238715 0.909034 -0.341575 -0.233711 -0.23197 0.39494 0.888939 -0.0860033 0 0 0 1 
36535719080022;0.154215;0.149076;0.999304 0.00328052 0.0371665 -0.741635 -0.00392363 0.999844 0.0172437 -0.0512516 -0.0371041 -0.0173775 0.99916 -0.375634 0 0 0 1 
36535719080023;0.35143;0.195182;0.980925 -0.00666658 -0.19427 -0.476225 0.0281821 0.99373 0.108198 0.147069 0.192331 -0.11161 0.974963 0.251545 0 0 0 1 
36535719080024;0.34005;0.199104;0.967022 -0.229375 -0.110701 -0.13007 0.17767 0.918955 -0.352071 -0.255584 0.182485 0.320793 0.929404 -1.1387 0 0 0 1 
36535719080025;0.273677;0.190421;0.995826 0.0635874 -0.0654762 -0.586205 -0.0500394 0.980316 0.190988 0.419216 0.0763318 -0.186914 0.979406 -0.0338553 0 0 0 1 
36535719080026;0.254446;0.206444;0.996558 -0.0286668 0.0777837 -0.0211215 0.0277446 0.999532 0.01291 0.406991 -0.0781173 -0.0107074 0.996887 -0.110445 0 0 0 1 
36535719080027;0.274443;0.213599;0.985286 0.133697 0.106471 -0.987016 -0.135503 0.990728 0.00987277 0.184907 -0.104164 -0.0241546 0.994267 0.00867131 0 0 0 1 
36535719080028;0.110223;0.172785;0.988106 -0.0306209 0.150695 -0.615333 0.0392815 0.997723 -0.0548331 -0.19161 -0.148673 0.0601005 0.987058 0.0137907 0 0 0 1 
36535719080029;0.464721;0.818853;0.962395 -0.0814479 0.259158 -1.75997 0.0894239 0.99581 -0.0191175 -0.985799 -0.256515 0.0415735 0.965646 -0.376999 0 0 0 1 
36535719080031;0.562593;1.69837;0.978915 0.130432 0.157201 -2.74754 -0.120529 0.990167 -0.0710034 0.787283 -0.164917 0.050559 0.985011 -0.177746 0 0 0 1 
36535719080032;0.49885;1.28046;0.999437 -0.0123264 -0.0312203 -2.12697 0.0148683 0.996477 0.0825421 0.502112 0.0300928 -0.0829598 0.996098 -0.510189 0 0 0 1 
36535719080033;0.471869;1.78913;0.945288 0.286494 0.156049 -3.10206 -0.321997 0.896208 0.305169 0.968944 -0.0524231 -0.33872 0.939426 0.443312 0 0 0 1 
36535719080034;0.28376;1.68666;0.917947 0.381789 -0.107752 -2.82804 -0.360078 0.915866 0.177576 1.13656 0.166482 -0.124206 0.97819 -1.09595 0 0 0 1 
36535719080035;0.587922;1.7236;0.988118 -0.0734237 0.135025 -3.10065 0.0838557 0.993781 -0.073262 -0.104123 -0.128807 0.0837142 0.98813 -0.794211 0 0 0 1 
36535719080036;0.406933;1.66797;0.967892 0.219422 0.122632 -3.12231 -0.215525 0.975491 -0.0443558 0.728887 -0.129359 0.0165014 0.99146 0.469533 0 0 0 1 
36535719080037;0.0919718;1.68006;0.934949 0.295396 0.196498 -3.0174 -0.288254 0.955367 -0.0646773 0.638671 -0.206833 0.00382872 0.978369 0.112303 0 0 0 1 
36535719080038;0.581548;1.7756;0.979538 0.107918 0.169879 -3.93823 -0.113435 0.993277 0.0230819 0.31289 -0.166246 -0.0418798 0.985195 0.649223 0 0 0 1 
36535719080039;0.434512;1.7346;0.913968 0.372278 0.161468 -3.42209 -0.358436 0.927188 -0.108836 1.41322 -0.190229 0.0415967 0.980858 -0.50157 0 0 0 1 
36535719080040;0.566995;1.77975;0.924893 0.102449 0.366166 -2.44775 -0.13904 0.987448 0.0749245 0.447397 -0.353894 -0.120209 0.927528 0.396012 0 0 0 1 
36535719080041;0.142283;1.7653;0.91529 0.371213 0.156352 -2.95668 -0.366809 0.928535 -0.0572277 1.12346 -0.166422 -0.00497142 0.986042 -0.139539 0 0 0 1 
36535719080042;0.307724;1.65861;0.980405 0.196842 -0.00764566 -3.02341 -0.192035 0.946376 -0.259798 0.430344 -0.0439035 0.256176 0.965633 -0.213527 0 0 0 1 
36535719080043;0.210302;1.71299;0.952715 0.160201 0.258206 -3.11171 -0.195415 0.973729 0.116894 0.666995 -0.232697 -0.161824 0.958992 0.429247 0 0 0 1 
36535719080044;0.594242;1.68464;0.996172 0.0577533 0.0656151 -2.88356 -0.0656236 0.989994 0.124925 -0.0864584 -0.0577437 -0.128753 0.989994 0.298011 0 0 0 1 
36535719080045;0.55307;1.63362;0.87809 0.462438 0.122915 -3.22435 -0.434216 0.878018 -0.201345 2.14404 -0.201032 0.123427 0.971778 0.536918 0 0 0 1 
36535719080046;0.383937;1.87979;0.843175 0.512033 0.163946 -3.3068 -0.500478 0.858913 -0.10858 1.73679 -0.196412 0.00950033 0.980475 -0.435116 0 0 0 1 
36535719080047;0.507113;1.75068;0.95676 0.260319 0.129783 -2.81947 -0.254532 0.965224 -0.059639 0.369231 -0.140795 0.0240262 0.989747 0.650648 0 0 0 1 
36535719080048;0.299943;1.66674;0.958522 0.143978 0.245979 -2.99218 -0.0484787 0.932811 -0.35709 0.426267 -0.280865 0.330354 0.9011 0.342173 0 0 0 1 
36535719080049;0.398366;1.71149;0.973049 0.00182706 0.230592 -2.99623 -0.0592255 0.968406 0.242246 -0.0549875 -0.222864 -0.249374 0.942414 0.56018 0 0 0 1 
36535719080050;0.499825;1.69528;0.905572 0.333038 -0.262727 -2.89802 -0.31457 0.942748 0.110782 1.21472 0.28458 -0.0176753 0.958489 -2.04937 0 0 0 1 
36535719080051;0.440086;1.78368;0.985315 -0.062353 0.158951 -3.12273 0.0799556 0.991053 -0.106865 -0.203604 -0.150866 0.118005 0.981486 -0.336934 0 0 0 1 
36535719080052;0.307637;1.69096;0.965706 0.141274 0.217839 -3.16653 -0.187468 0.959873 0.208567 0.535144 -0.179632 -0.242252 0.953439 0.298473 0 0 0 1 
36535719080053;0.461332;1.70942;0.943659 -0.00181712 0.330914 -2.72132 0.00130117 0.999998 0.0017807 0.0870357 -0.330916 -0.0012498 0.943659 1.0682 0 0 0 1 
36535719080054;0.521749;1.83379;0.91723 0.177361 0.356695 -3.11197 -0.209911 0.976207 0.0543757 1.33611 -0.338564 -0.124749 0.932637 0.7002 0 0 0 1 
36535719080055;0.319357;1.66476;0.956188 -0.00560279 0.292699 -2.82457 0.0416985 0.992229 -0.117227 0.145377 -0.289768 0.124297 0.948991 0.290477 0 0 0 1 
36535719080056;0.611624;1.71897;0.972912 -0.0509198 0.225498 -3.13819 0.0795156 0.989633 -0.119601 0.172317 -0.21707 0.134292 0.966874 -0.611627 0 0 0 1 
36535719080057;0.403587;1.60562;0.93206 0.361855 0.0180098 -2.94835 -0.355963 0.923877 -0.140502 0.635243 -0.0674803 0.124546 0.989917 -0.51224 0 0 0 1 
36535719080058;0.354702;1.61487;0.953315 0.101177 0.284522 -2.66184 -0.0503623 0.982274 -0.180558 0.27112 -0.297747 0.157799 0.941513 -0.0676325 0 0 0 1 
36535719080059;0.377989;1.717;0.870344 0.469496 0.148575 -3.00466 -0.42699 0.869794 -0.24726 1.84024 -0.245318 0.151762 0.95749 -0.276179 0 0 0 1 
36535719080060;0.383603;1.85409;0.80956 0.553876 0.194506 -3.22849 -0.568734 0.822107 0.0261106 1.82203 -0.145443 -0.131761 0.980554 -0.372592 0 0 0 1 
36535719080062;0.362158;0.542199;0.999921 0.0103444 0.00708073 -0.637873 -0.0113399 0.987184 0.15918 -1.66628 -0.00534336 -0.159248 0.987224 -1.21373 0 0 0 1 
36535719080063;0.299523;0.614078;0.9929 -0.0913704 0.0761665 -0.509942 0.0743056 0.976421 0.202686 -2.0791 -0.0928901 -0.195587 0.976277 -0.677275 0 0 0 1 
36535719080064;0.461382;0.545578;0.994739 -0.101096 -0.0165679 -0.166235 0.0980655 0.986463 -0.131434 -1.30013 0.029631 0.129118 0.991186 -1.57761 0 0 0 1 
36535719080065;0.4807;0.896652;0.972553 0.0622337 0.224206 -0.564882 -0.100392 0.981499 0.163037 -2.74281 -0.209911 -0.18107 0.960807 0.97756 0 0 0 1 
36535719080066;0.231893;0.390722;0.98843 -0.107397 0.107108 0.0695493 0.085524 0.977817 0.191208 -1.78509 -0.125267 -0.179835 0.975688 0.318232 0 0 0 1 
36535719080067;0.276753;0.818008;0.997921 -0.0431537 -0.0478642 -0.295118 0.063164 0.802313 0.593552 -3.03599 0.0127881 -0.595342 0.803371 0.453962 0 0 0 1 
36535719080068;0.41506;0.752099;0.983441 -0.147825 0.10484 -0.295011 0.127087 0.974948 0.182552 -2.49311 -0.1292 -0.166205 0.977591 -0.781431 0 0 0 1 
36535719080069;0.168667;0.397612;0.996288 -0.037123 0.0776692 -0.37127 0.0106328 0.948396 0.316909 -1.46744 -0.0854258 -0.314906 0.945271 0.462956 0 0 0 1 
36535719080070;0.366766;0.966024;0.969968 -0.0218027 -0.242253 0.00270902 0.127307 0.894166 0.429254 -3.78716 0.207256 -0.447203 0.870089 -0.799936 0 0 0 1 
36535719080071;0.314881;0.500494;0.992424 -0.12286 0.000630422 -0.656195 0.122651 0.991013 0.0533812 -1.36558 -0.00718316 -0.0528994 0.998574 -0.0694698 0 0 0 1 
36535719080072;0.205179;0.489914;0.995208 -0.0753694 0.0623012 -0.188725 0.0612885 0.977223 0.203174 -1.2684 -0.0761952 -0.198382 0.977159 0.316303 0 0 0 1 
36535719080073;0.364246;0.651795;0.932509 -0.187344 0.308754 -0.578613 0.03509 0.897884 0.438832 -2.48269 -0.359438 -0.398381 0.843858 1.07808 0 0 0 1 
36535719080074;0.343501;0.974721;0.996212 0.0448053 0.0745202 -0.518461 -0.0688607 0.929828 0.361495 -3.19827 -0.053094 -0.365258 0.929391 0.191718 0 0 0 1 
36535719080075;0.45993;0.933357;0.990585 0.0259528 -0.134419 -0.0218943 -0.0289974 0.999364 -0.0207411 -2.10197 0.133796 0.0244436 0.990707 -1.08343 0 0 0 1 
36535719080076;0.347563;0.772579;0.999267 0.0203748 -0.0324131 -0.168514 -0.00496923 0.90849 0.417876 -2.89536 0.0379611 -0.417409 0.907925 0.225942 0 0 0 1 
36535719080077;0.245685;0.755518;0.982508 -0.00900077 -0.186001 -0.163766 0.0806143 0.920946 0.381261 -2.53325 0.167866 -0.389586 0.905563 -0.225067 0 0 0 1 
36535719080078;0.322722;0.386974;0.996965 0.0722115 0.0291007 -0.879138 -0.077264 0.963641 0.255785 -0.846586 -0.00957199 -0.257257 0.966296 -0.814557 0 0 0 1 
36535719080079;0.340882;0.99535;0.998854 -0.0116293 0.0464267 -0.410017 -0.00471856 0.941378 0.337321 -3.48428 -0.0476279 -0.337153 0.940244 -0.292304 0 0 0 1 
36535719080080;0.326117;0.990793;0.988531 -0.118832 0.0931963 -0.23851 0.0677719 0.900559 0.429419 -2.64728 -0.134957 -0.418178 0.898284 0.987571 0 0 0 1 
36535719080081;0.410409;0.831149;0.985989 -0.148156 0.0766546 -0.776476 0.135107 0.978799 0.153943 -2.71506 -0.097837 -0.14143 0.985102 -0.699821 0 0 0 1 
36535719080082;0.216435;0.436779;0.999825 0.018712 0.000211225 -0.0161822 -0.0181777 0.968472 0.24846 -0.844968 0.00444461 -0.24842 0.968642 0.192165 0 0 0 1 
36535719080083;0.161862;0.674668;0.999576 -0.0156664 0.0245307 -0.630996 0.00619255 0.937959 0.346691 -2.06399 -0.0284402 -0.346392 0.937659 -0.215453 0 0 0 1 
36535719080084;0.439577;1.06756;0.980309 -0.190093 0.0534732 -0.384341 0.175302 0.962401 0.207494 -3.86517 -0.0909057 -0.194034 0.976774 0.238741 0 0 0 1 
36535719080085;0.124875;0.528113;0.997804 0.00228641 0.0662004 -0.399098 -0.0248217 0.93949 0.341676 -1.55675 -0.0614134 -0.342569 0.937483 0.0927987 0 0 0 1 
36535719080086;0.392366;0.747328;0.969603 -0.0309293 -0.24272 0.289563 0.11002 0.941153 0.319571 -2.32415 0.218553 -0.336562 0.915948 -1.16276 0 0 0 1 
36535719080087;0.41425;0.884418;0.996347 -0.0852108 0.00555129 -0.500365 0.0707735 0.860413 0.504659 -2.8881 -0.0477788 -0.502423 0.863301 -0.390337 0 0 0 1 
36535719080088;0.317089;0.562288;0.991804 0.0170461 0.12663 -0.565917 -0.0572633 0.945258 0.321259 -1.90203 -0.114221 -0.325878 0.938487 -0.572005 0 0 0 1 
36535719080089;0.0976208;0.397946;0.999823 -0.0188002 -0.000574781 -0.198079 0.0185879 0.982935 0.18301 -1.12988 -0.00287565 -0.182988 0.983111 -0.0216321 0 0 0 1 
36535719080090;0.312576;0.368491;0.998098 0.00625187 -0.0613227 0.172995 0.00358794 0.987264 0.15905 -1.69202 0.061536 -0.158968 0.985364 -0.00976664 0 0 0 1 
36535719080091;0.378116;0.702042;0.949886 -0.133927 0.282455 -0.389562 0.125107 0.990927 0.0491208 -2.21384 -0.286471 -0.0113221 0.958022 0.272104 0 0 0 1 
36535719080093;0.290482;0.313496;0.988728 -0.0328736 -0.146071 0.26218 0.0214964 0.996659 -0.0787952 -0.282963 0.148173 0.074767 0.986131 -0.647741 0 0 0 1 
36535719080094;0.395592;0.89397;0.994152 0.107798 0.00646333 1.25529 -0.107549 0.993716 -0.0310193 -0.635592 -0.00976653 0.0301427 0.999498 -0.13165 0 0 0 1 
36535719080095;0.347587;0.280655;0.904917 0.193957 -0.378822 0.243303 -0.150355 0.978412 0.141784 -0.13859 0.398144 -0.0713454 0.914544 -1.49911 0 0 0 1 
36535719080096;0.508705;0.959993;0.890832 0.315117 0.327291 1.93282 -0.348627 0.936048 0.047674 0.54071 -0.291337 -0.156572 0.94372 1.9057 0 0 0 1 
36535719080097;0.390373;0.885154;0.963755 0.183644 0.193521 1.32863 -0.124411 0.95104 -0.28292 -0.114381 -0.236003 0.24859 0.939418 0.864271 0 0 0 1 
36535719080098;0.177167;0.242369;0.965595 -0.0240915 0.258931 -0.0906491 0.0150094 0.999203 0.0369955 -0.44708 -0.259616 -0.0318363 0.965187 0.599047 0 0 0 1 
36535719080099;0.46993;0.927654;0.950868 0.272025 0.147829 1.69908 -0.305434 0.902284 0.304294 -0.0622431 -0.0506078 -0.334495 0.941038 -0.147568 0 0 0 1 
36535719080100;0.314307;0.17521;0.998455 -0.0401094 -0.0384662 -0.304277 0.0459189 0.985307 0.164504 -0.857 0.0313029 -0.166016 0.985626 -0.72623 0 0 0 1 
36535719080101;0.365934;1.43545;0.965397 -0.253463 -0.0613547 1.25708 0.259062 0.959093 0.11414 -3.52428 0.0299144 -0.126086 0.991568 0.154068 0 0 0 1 
36535719080102;0.240105;0.252381;0.981987 -0.183759 0.0439802 -0.166166 0.183732 0.982965 0.00469695 -1.14014 -0.0440942 0.00346823 0.999021 -0.437663 0 0 0 1 
36535719080103;0.352767;0.173378;0.997899 0.0349264 0.0545697 -0.0256074 -0.0385259 0.997051 0.0663643 -0.471839 -0.0520909 -0.0683272 0.996302 0.488171 0 0 0 1 
36535719080104;0.495293;0.815954;0.886509 -0.124043 -0.445774 0.0237301 0.158055 0.986629 0.03978 -1.96174 0.434879 -0.105722 0.894261 -1.55436 0 0 0 1 
36535719080105;0.433787;0.21759;0.999508 -0.0149095 0.0275778 -0.0191793 0.0143339 0.999678 0.0209519 -0.357945 -0.0278813 -0.0205463 0.9994 0.713236 0 0 0 1 
36535719080106;0.129754;0.251213;0.996981 -0.0489351 0.0602783 -0.0103909 0.0412424 0.991569 0.12284 -0.557602 -0.0657813 -0.119983 0.990594 -0.0654718 0 0 0 1 
36535719080107;0.262145;0.626951;0.997507 0.0228556 -0.06676 0.0405769 -0.0220374 0.999673 0.012966 -0.963785 0.0670345 -0.0114624 0.997685 -0.633875 0 0 0 1 
36535719080108;0.397924;1.46788;0.963733 -0.261302 -0.0542285 0.444872 0.266065 0.925019 0.2712 -3.88156 -0.0207027 -0.275793 0.960994 0.196098 0 0 0 1 
36535719080109;0.398301;1.43883;0.933744 -0.22434 0.278915 0.993051 0.176581 0.966506 0.186237 -3.22681 -0.311354 -0.124647 0.942084 1.37775 0 0 0 1 
36535719080110;0.208018;0.191186;0.993262 0.113499 -0.0234411 -0.0111992 -0.111805 0.991663 0.0640592 -0.0812887 0.0305164 -0.0610067 0.997671 -0.55938 0 0 0 1 
36535719080111;0.465339;0.956817;0.924299 0.333007 0.186485 1.69516 -0.293083 0.932263 -0.212104 0.956504 -0.244486 0.141392 0.959289 1.23288 0 0 0 1 
36535719080112;0.541337;0.703699;0.950252 0.103282 -0.293862 0.994802 -0.0737966 0.991217 0.109744 -0.790239 0.302616 -0.082598 0.949527 -1.42465 0 0 0 1 
36535719080113;0.28814;0.330665;0.998896 -0.0435183 -0.0177014 -0.207944 0.0442764 0.998007 0.0449624 -0.179672 0.0157094 -0.0456965 0.998832 -0.205079 0 0 0 1 
36535719080114;0.343577;0.980172;0.962226 0.270159 0.0336947 1.72352 -0.269725 0.962789 -0.0169067 0.0579388 -0.0370084 0.00717974 0.999289 0.450111 0 0 0 1 
36535719080115;0.500998;1.3956;0.984193 -0.177032 -0.00497294 0.921312 0.176913 0.981459 0.0737525 -2.70883 -0.00817578 -0.0734664 0.997264 0.0492826 0 0 0 1 
36535719080116;0.41433;0.333128;0.970567 0.0179329 0.240163 0.832268 -0.0810806 0.96334 0.255738 0.00450371 -0.226772 -0.267683 0.93644 1.27828 0 0 0 1 
36535719080117;0.508343;0.284344;0.994777 -0.0946076 0.0383289 -0.1418 0.0845876 0.974196 0.209256 -0.666928 -0.057137 -0.204921 0.977109 0.995666 0 0 0 1 
36535719080118;0.0642213;0.202601;0.999132 0.027089 -0.0316555 -0.163984 -0.0264357 0.999433 0.0208765 -0.154338 0.0322031 -0.0200215 0.999281 -0.379325 0 0 0 1 
36535719080119;0.384568;1.37261;0.970647 -0.227066 0.0792854 1.06601 0.201136 0.947113 0.250043 -3.20424 -0.131868 -0.226756 0.964983 0.53315 0 0 0 1 
36535719080120;0.113108;0.220235;0.996823 -0.0796492 -0.000228049 -0.0546877 0.0794599 0.994249 0.0717964 -0.732587 -0.00549178 -0.0715864 0.997419 -0.0580247 0 0 0 1 
36535719080121;0.423482;0.236687;0.979126 0.177729 -0.0986151 0.229795 -0.121789 0.901444 0.415412 -0.398611 0.162727 -0.39473 0.904272 -0.618771 0 0 0 1 
36535719080122;0.427092;0.220126;0.961178 -0.27296 0.0403736 0.124731 0.265337 0.954485 0.136215 -2.04042 -0.0757173 -0.120215 0.989856 0.46539 0 0 0 1 
36535719080124;0.190705;0.624457;0.951977 0.304903 0.027826 0.999717 -0.305677 0.951667 0.0298636 1.32399 -0.0173756 -0.0369352 0.999167 0.181129 0 0 0 1 
36535719080125;0.422416;0.784678;0.796932 0.567178 -0.207865 1.68932 -0.535575 0.822574 0.191131 2.31499 0.27939 -0.0409914 0.959302 -0.964763 0 0 0 1 
36535719080126;0.446714;0.684984;0.962361 0.259903 -0.0794514 1.27987 -0.266696 0.959376 -0.0920391 0.724549 0.0523025 0.109764 0.992581 -0.404038 0 0 0 1 
36535719080127;0.355012;0.7698;0.997503 0.0615588 0.0346117 1.15465 -0.0584288 0.994654 -0.0851381 0.217388 -0.0396677 0.0829032 0.995768 -0.0534206 0 0 0 1 
36535719080128;0.249905;0.684345;0.981614 0.187773 -0.034274 1.16976 -0.188527 0.981859 -0.0202387 1.57312 0.029852 0.0263282 0.999208 -0.0795564 0 0 0 1 
36535719080129;0.526113;0.754811;0.999423 -0.0201326 -0.0273726 1.40885 0.0193868 0.999441 -0.027245 -0.503978 0.0279058 0.0266986 0.999254 0.149587 0 0 0 1 
36535719080130;0.433817;0.831409;0.920147 0.283768 0.269824 0.989917 -0.220348 0.944858 -0.24226 1.06594 -0.323691 0.16346 0.931936 1.02035 0 0 0 1 
36535719080131;0.251532;0.754071;0.986542 0.163026 0.0125392 1.17234 -0.163048 0.986618 0.000761245 0.456587 -0.0122473 -0.00279549 0.999921 0.0903176 0 0 0 1 
36535719080132;0.431426;0.772606;0.953787 0.237983 -0.183453 0.973786 -0.227687 0.970795 0.0755982 0.827331 0.196087 -0.0303347 0.980117 -0.988339 0 0 0 1 
36535719080133;0.541591;0.757738;0.883172 0.396373 0.250789 1.31493 -0.42909 0.898699 0.0906767 1.68552 -0.189442 -0.187694 0.963786 1.50952 0 0 0 1 
36535719080134;0.252306;0.735689;0.993295 0.11494 -0.0123838 0.861999 -0.115546 0.990497 -0.0745947 0.795202 0.00369219 0.0755255 0.997137 -0.269458 0 0 0 1 
36535719080135;0.472023;0.800273;0.964435 0.0853561 0.250158 1.05704 -0.131895 0.975583 0.175619 -0.0752701 -0.22906 -0.202368 0.952144 0.682851 0 0 0 1 
36535719080136;0.302061;0.746917;0.916885 0.36989 -0.15001 1.35173 -0.388488 0.91326 -0.122609 2.23737 0.0916458 0.170696 0.981053 -0.498887 0 0 0 1 
36535719080137;0.328535;0.78978;0.923301 0.382149 0.0384311 1.02191 -0.369575 0.911218 -0.181923 1.91283 -0.104541 0.153767 0.982561 0.0366409 0 0 0 1 
36535719080138;0.576365;0.76281;0.978301 0.200807 -0.0510225 1.89119 -0.203874 0.889144 -0.409704 1.30951 -0.036905 0.411217 0.91079 -0.494353 0 0 0 1 
36535719080139;0.521512;0.870123;0.990302 0.119859 0.0702531 1.11331 -0.12751 0.984906 0.11705 -0.323558 -0.0551631 -0.124873 0.990638 0.260609 0 0 0 1 
36535719080140;0.470285;0.844556;0.822384 0.560786 0.0959338 1.40512 -0.551996 0.827314 -0.104169 2.53088 -0.137784 0.0327121 0.989922 0.142373 0 0 0 1 
36535719080141;0.30287;0.739743;0.939827 0.293171 0.175433 0.758413 -0.301241 0.953324 0.020672 1.30469 -0.161184 -0.0722755 0.984274 0.563139 0 0 0 1 
36535719080142;0.480003;0.758376;0.920844 0.356902 0.157059 1.05509 -0.389931 0.84197 0.372882 1.51412 0.000843074 -0.404608 0.91449 0.0310998 0 0 0 1 
36535719080143;0.628053;1.08773;0.807331 0.565571 -0.168361 1.47243 -0.58534 0.803696 -0.107006 2.89898 0.0747914 0.184938 0.9799 -0.310225 0 0 0 1 
36535719080144;0.602003;0.913803;0.869 0.39709 -0.295227 2.11792 -0.458525 0.870507 -0.178808 2.46596 0.185994 0.290753 0.938546 -1.46728 0 0 0 1 
36535719080145;0.170435;0.617934;0.970653 0.23948 -0.0219706 0.964316 -0.239735 0.970789 -0.00980205 1.23402 0.0189814 0.0147815 0.999711 0.134057 0 0 0 1 
36535719080146;0.207536;0.808307;0.927737 0.373041 -0.0120523 1.35562 -0.371364 0.919372 -0.129783 1.92853 -0.0373339 0.12488 0.991469 0.0313842 0 0 0 1 
36535719080147;0.436345;0.673632;0.939914 0.33738 -0.0523125 1.6186 -0.334211 0.940529 0.060898 2.01931 0.0697472 -0.0397555 0.996772 -0.442224 0 0 0 1 
36535719080148;0.640142;0.794428;0.980436 0.165624 -0.106364 2.28988 -0.180476 0.97209 -0.149899 0.832341 0.0785686 0.166162 0.982963 -0.662613 0 0 0 1 
36535719080149;0.408897;0.654864;0.991517 0.0991295 -0.0840664 1.08371 -0.104277 0.992784 -0.0592193 0.480827 0.0775894 0.0674832 0.994699 0.341728 0 0 0 1 
36535719080150;0.385378;0.741596;0.970355 0.214065 0.112197 1.20742 -0.228152 0.964497 0.133014 1.60899 -0.0797402 -0.154669 0.984743 0.0258956 0 0 0 1 
36535719080151;0.147734;0.711347;0.979195 0.18227 0.0891941 0.999277 -0.169157 0.97597 -0.137362 1.14876 -0.112088 0.119417 0.986497 0.228564 0 0 0 1 
36535719080152;0.417728;0.815768;0.823416 0.539488 -0.175893 1.59761 -0.516775 0.840992 0.160237 2.13246 0.234371 -0.041045 0.97128 -0.491955 0 0 0 1 
36535719080153;0.136308;0.78215;0.991584 0.113258 0.0627244 1.21289 -0.113407 0.993548 -0.00118319 0.887312 -0.0624537 -0.00594018 0.99803 0.248995 0 0 0 1 
36535719080155;0.377066;0.352173;0.996282 0.035604 -0.0784553 0.550354 -0.010571 0.954253 0.298814 0.244715 0.0855052 -0.296874 0.951081 0.097026 0 0 0 1 
36535719080156;0.280014;0.309307;0.990759 0.018251 -0.134404 0.787379 0.0106576 0.977367 0.211281 0.275101 0.135218 -0.210761 0.96814 -0.547982 0 0 0 1 
36535719080157;0.357849;0.30154;0.998987 -0.0329159 -0.0306712 1.10118 0.0414543 0.938359 0.343168 0.457304 0.0174848 -0.344092 0.938773 0.361681 0 0 0 1 
36535719080158;0.214487;0.193142;0.997724 -0.00514195 -0.0672366 0.702399 0.0110521 0.996074 0.0878266 0.515046 0.0665211 -0.0883698 0.993864 -0.108935 0 0 0 1 
36535719080159;0.313033;0.27733;0.992277 0.0395459 -0.11757 0.39256 -0.0476982 0.996588 -0.0673541 0.0821498 0.114505 0.0724418 0.990778 -0.987741 0 0 0 1 
36535719080160;0.477856;0.585891;0.9234 0.0432653 -0.381392 0.979976 -0.0355879 0.998997 0.0271637 0.442568 0.382185 -0.01151 0.924014 -1.10612 0 0 0 1 
36535719080161;0.262671;0.253829;0.994954 0.0906882 -0.0429235 0.223344 -0.0821107 0.981828 0.171091 -0.0199442 0.0576594 -0.166703 0.98432 0.0699957 0 0 0 1 
36535719080162;0.249715;0.310508;0.985506 0.13274 -0.105631 0.443229 -0.0929347 0.943378 0.318434 0.01129 0.141919 -0.304002 0.942041 -0.369587 0 0 0 1 
36535719080163;0.453936;0.34608;0.915704 0.109817 -0.386556 1.71019 -0.14116 0.988537 -0.0535577 0.472559 0.376244 0.103609 0.920709 -1.41181 0 0 0 1 
36535719080164;0.466141;0.31795;0.997614 -0.0268015 0.0636234 0.845434 0.0138407 0.980503 0.196018 0.504983 -0.0676365 -0.19467 0.978534 0.628149 0 0 0 1 
36535719080165;0.321246;0.238622;0.973307 -0.00459172 0.229461 0.344772 -0.0837697 0.923714 0.373811 0.0381248 -0.213673 -0.383055 0.898673 0.520067 0 0 0 1 
36535719080166;0.389384;0.39517;0.967688 -0.0976121 0.232491 1.16845 0.12319 0.987519 -0.0981345 0.0444918 -0.22001 0.123604 0.967635 0.0560627 0 0 0 1 
36535719080167;0.40197;0.469971;0.989054 0.137686 -0.053059 0.81943 -0.102998 0.901696 0.419923 0.736462 0.105661 -0.409861 0.906008 -0.0454742 0 0 0 1 
36535719080168;0.210711;0.286585;0.999963 0.00283215 0.00813565 0.41021 -0.00256507 0.999463 -0.0326535 0.0107508 -0.00822376 0.0326315 0.999434 -0.166503 0 0 0 1 
36535719080169;0.371812;0.18749;0.945001 0.0837818 -0.316154 1.11904 0.00890655 0.959684 0.280942 -0.413945 0.326945 -0.268306 0.906156 -1.38025 0 0 0 1 
36535719080170;0.32738;0.282087;0.998796 0.0481874 -0.00921316 0.4936 -0.0484445 0.998373 -0.0300812 0.309674 0.00774863 0.0304913 0.999505 -1.18425 0 0 0 1 
36535719080171;0.334438;0.346044;0.999625 -0.0113222 -0.0249492 0.363653 0.0111682 0.999918 -0.00630439 0.0379678 0.0250186 0.00602338 0.999669 -0.140814 0 0 0 1 
36535719080172;0.359248;0.372801;0.984937 0.106091 -0.136541 0.897473 -0.0724369 0.970183 0.231296 0.533671 0.157009 -0.217921 0.963254 -0.166904 0 0 0 1 
36535719080173;0.299017;0.248686;0.993252 -0.0136962 -0.115167 0.608034 0.0104024 0.999521 -0.0291531 -0.199111 0.115511 0.0277584 0.992918 -1.40748 0 0 0 1 
36535719080174;0.332371;0.209179;0.990148 -0.0635597 -0.124765 1.31603 0.067144 0.997437 0.0247322 0.523987 0.122873 -0.0328658 0.991878 -0.869073 0 0 0 1 
36535719080175;0.258801;0.244086;0.976813 -0.0464939 -0.208984 0.783329 0.0515472 0.998494 0.0187963 0.233412 0.207795 -0.029133 0.977738 -1.42371 0 0 0 1 
36535719080176;0.244373;0.239016;0.98822 0.0649161 0.138586 0.180454 -0.0837928 0.987291 0.13504 0.164845 -0.128059 -0.145062 0.9811 0.10908 0 0 0 1 
36535719080177;0.307368;0.33279;0.999934 -0.0102109 0.00532682 0.564423 0.00837874 0.962313 0.271816 0.181871 -0.00790157 -0.271754 0.962334 0.480838 0 0 0 1 
36535719080178;0.333626;0.193929;0.907711 0.0697081 -0.413766 1.03606 -0.000879708 0.986418 0.164254 0.0672152 0.419596 -0.148731 0.895443 -0.902436 0 0 0 1 
36535719080179;0.112272;0.199839;0.98909 0.00828358 -0.147082 0.518572 0.000603918 0.998181 0.0602783 0.338921 0.147314 -0.0597094 0.987286 -0.809729 0 0 0 1 
36535719080180;0.447488;0.768215;0.99355 0.0255963 -0.110467 2.22983 -0.0130271 0.993505 0.113039 -0.221098 0.112643 -0.110871 0.987431 -0.43 0 0 0 1 
36535719080181;0.181751;0.26792;0.99779 -0.000916462 0.0664368 0.551011 0.00557494 0.997534 -0.0699675 0.162547 -0.0662089 0.0701832 0.995334 -0.275072 0 0 0 1 
36535719080182;0.227052;0.304406;0.995217 0.00620797 0.0974864 0.721479 0.00483398 0.993626 -0.112624 0.42893 -0.0975641 0.112556 0.988844 -0.499293 0 0 0 1 
36535719080183;0.271702;0.173862;0.983285 -0.0348067 -0.178714 1.17122 0.0668445 0.982025 0.176518 0.0101408 0.169357 -0.185513 0.967937 -0.648256 0 0 0 1 
36535719080184;0.317465;0.25094;0.94173 0.18571 -0.280458 0.930036 -0.0403909 0.890178 0.45382 -0.233279 0.333936 -0.416048 0.845808 -0.779446 0 0 0 1 
36535719080186;0.390645;0.794434;0.880714 -0.0580106 0.470082 -1.28157 0.197378 0.947142 -0.252912 -0.684374 -0.430563 0.315527 0.845611 1.56848 0 0 0 1 
36535719080187;0.111223;0.648983;0.996693 -0.0275703 0.0764377 -1.11369 0.0271059 0.999607 0.00710751 -0.382567 -0.0766037 -0.0050121 0.997049 -0.0154741 0 0 0 1 
36535719080188;0.65823;1.18592;0.937427 0.335206 0.0941637 -2.33206 -0.34147 0.937942 0.0605243 1.14517 -0.068032 -0.0888913 0.993715 0.710003 0 0 0 1 
36535719080189;0.357007;0.571366;0.997794 -0.0161925 0.0643819 -1.65717 0.0150622 0.999724 0.0180025 0.0556235 -0.0646557 -0.016993 0.997763 -0.427548 0 0 0 1 
36535719080190;0.473164;1.21388;0.922821 -0.372971 0.0964025 -1.89119 0.377708 0.925223 -0.036049 -2.78971 -0.0757485 0.0696788 0.994689 0.172366 0 0 0 1 
36535719080191;0.28216;0.65878;0.98758 0.153462 0.0337058 -1.46396 -0.156448 0.98028 0.120731 0.494891 -0.0145136 -0.124504 0.992113 -0.678261 0 0 0 1 
36535719080192;0.431029;0.673557;0.980099 -0.159259 0.118505 -1.97124 0.169579 0.982037 -0.0827457 -0.723444 -0.103198 0.101195 0.9895 0.559271 0 0 0 1 
36535719080193;0.312078;0.870899;0.989003 -0.105037 0.104116 -1.66036 0.0850748 0.9799 0.180439 -1.25932 -0.120976 -0.169597 0.97806 -0.259047 0 0 0 1 
36535719080194;0.164987;0.666501;0.989311 0.132174 0.0615956 -1.30494 -0.133454 0.990907 0.0171452 0.375398 -0.0587693 -0.0251822 0.997954 -0.0372464 0 0 0 1 
36535719080195;0.354366;0.643315;0.966953 -0.069372 0.245336 -1.0433 0.068857 0.997569 0.0106869 -0.713055 -0.245481 0.00655932 0.969379 0.224305 0 0 0 1 
36535719080196;0.523582;0.685918;0.986725 0.123133 0.105889 -1.74402 -0.156962 0.890409 0.42724 0.464911 -0.0416773 -0.438189 0.897916 -0.630821 0 0 0 1 
36535719080197;0.379637;0.79874;0.987978 -0.152658 -0.024394 -1.40377 0.153556 0.987307 0.0405596 -1.13957 0.0178926 -0.0438179 0.998879 -1.15149 0 0 0 1 
36535719080198;0.253973;0.683969;0.974367 -0.141797 0.174648 -1.307 0.159418 0.982978 -0.0913195 -1.00872 -0.158727 0.116821 0.980387 0.83153 0 0 0 1 
36535719080199;0.451651;0.595462;0.990034 0.116108 0.0796933 -1.68373 -0.116406 0.993201 -0.000912249 0.629955 -0.0792574 -0.00837365 0.996819 0.723263 0 0 0 1 
36535719080200;0.601292;1.25649;0.925668 -0.289168 0.24397 -1.57411 0.308418 0.950237 -0.043918 -2.33305 -0.219129 0.115898 0.968788 1.29156 0 0 0 1 
36535719080201;0.316883;0.730211;0.847843 0.0451803 0.528319 -1.14103 0.0469322 0.986059 -0.159642 -0.336828 -0.528166 0.160146 0.833903 2.33922 0 0 0 1 
36535719080202;0.389074;0.683245;0.976259 0.1844 0.113645 -1.52556 -0.188453 0.98174 0.0259167 0.95056 -0.106791 -0.0467182 0.993183 -0.36852 0 0 0 1 
36535719080203;0.247825;0.942124;0.976157 -0.169334 0.135808 -1.87957 0.16955 0.98547 0.0100565 -1.30914 -0.135537 0.0132095 0.990684 0.415175 0 0 0 1 
36535719080204;0.323434;0.641397;0.992297 -0.0812358 0.0935234 -1.37659 0.0799243 0.996644 0.0176905 -1.2311 -0.0946466 -0.0100794 0.99546 -0.101624 0 0 0 1 
36535719080205;0.326801;0.751753;0.938261 -0.0660967 0.339554 -1.15916 0.177401 0.934612 -0.308268 -0.825699 -0.296976 0.349473 0.888636 1.03843 0 0 0 1 
36535719080206;0.360649;0.654688;0.992981 0.0808119 0.0863621 -1.45479 -0.0806281 0.996728 -0.00561993 0.777783 -0.0865337 -0.00138273 0.996248 0.0590992 0 0 0 1 
36535719080207;0.378318;0.582595;0.996276 -0.0323669 0.0799148 -0.398432 0.0325641 0.999469 -0.00116419 -0.386955 -0.0798346 0.0037622 0.996801 0.12276 0 0 0 1 
36535719080208;0.281021;0.595779;0.968056 -0.0901378 0.23397 -1.32894 0.0798842 0.995396 0.0529572 -0.77257 -0.237666 -0.0325751 0.970801 1.31036 0 0 0 1 
36535719080209;0.41046;0.961136;0.956752 -0.218473 0.192083 -2.19501 0.192466 0.970504 0.145184 -1.8529 -0.218136 -0.101936 0.97058 0.803744 0 0 0 1 
36535719080210;0.243944;0.691927;0.972522 0.0948045 0.212634 -1.05291 -0.108012 0.992822 0.0513553 0.114702 -0.206239 -0.0729112 0.975781 0.656105 0 0 0 1 
36535719080211;0.419439;0.922435;0.958276 0.282556 0.04324 -2.0356 -0.283669 0.958667 0.0221116 0.767857 -0.035205 -0.0334548 0.99882 -0.22216 0 0 0 1 
36535719080212;0.411637;1.05859;0.977575 0.141084 0.156343 -1.73359 -0.143341 0.989668 0.00319916 -0.0440462 -0.154276 -0.0255377 0.987698 0.52831 0 0 0 1 
36535719080213;0.271077;0.750873;0.982465 -0.174048 -0.0668512 -1.6411 0.158279 0.968086 -0.194312 -0.984071 0.0985372 0.180323 0.978659 -0.965362 0 0 0 1 
36535719080214;0.356981;0.683353;0.969644 0.121181 -0.212381 -1.43459 -0.127852 0.991631 -0.017914 0.170937 0.208433 0.0445235 0.977023 -0.916948 0 0 0 1 
36535719080215;0.558879;0.679417;0.958461 0.176884 0.223753 -1.34633 -0.113724 0.95642 -0.26894 0.484834 -0.261573 0.232322 0.936806 1.93616 0 0 0 1 
36535719080217;0.267916;0.141622;0.97031 -0.160743 -0.18072 0.538442 0.134854 0.97983 -0.14747 0.043233 0.20078 0.118721 0.972416 -1.08659 0 0 0 1 
36535719080218;0.403611;0.111457;0.997003 0.0773567 0.00112283 -0.264554 -0.0773646 0.996936 0.0115724 0.867007 -0.000224185 -0.0116246 0.999932 0.322591 0 0 0 1 
36535719080219;0.612805;0.624183;0.997688 -0.0337818 0.058972 -0.228519 0.0339449 0.999422 -0.00176635 0.310209 -0.0588782 0.00376407 0.998258 0.554282 0 0 0 1 
36535719080220;0.465305;0.124463;0.972967 -0.101904 -0.207248 0.425014 0.0783588 0.989818 -0.118826 0.420261 0.217247 0.0993737 0.971045 -1.57082 0 0 0 1 
36535719080221;0.397154;0.238923;0.986873 -0.153153 0.0512449 -0.201282 0.145177 0.980298 0.133939 -0.200169 -0.0707484 -0.124741 0.989664 -0.284563 0 0 0 1 
36535719080222;0.388852;0.159244;0.986814 -0.0877823 0.135984 -0.448723 0.122823 0.953301 -0.275919 0.109695 -0.105413 0.288982 0.951513 0.0581636 0 0 0 1 
36535719080223;0.332061;0.148216;0.93195 -0.17729 -0.316287 0.876982 0.150106 0.982694 -0.108542 -0.331416 0.330057 0.0536789 0.942434 -1.02428 0 0 0 1 
36535719080224;0.591626;0.114432;0.993737 0.102353 0.0448364 -0.350885 -0.0829908 0.944712 -0.317224 1.43338 -0.0748263 0.311516 0.94729 0.321542 0 0 0 1 
36535719080225;0.418431;0.305595;0.958681 -0.255863 0.124362 0.1459 0.255447 0.966625 0.0195496 -0.37678 -0.125213 0.0130261 0.992044 0.581165 0 0 0 1 
36535719080226;0.434396;0.33808;0.98508 0.0952795 -0.143318 0.253199 -0.0981345 0.995089 -0.0129696 0.514454 0.141379 0.0268405 0.989592 -0.317707 0 0 0 1 
36535719080227;0.258425;0.125519;0.978464 0.182196 0.0970181 -0.0943395 -0.185554 0.982271 0.026712 0.650527 -0.0904312 -0.0441388 0.994924 0.448116 0 0 0 1 
36535719080228;0.348273;0.197197;0.96585 -0.1559 0.20695 0.149126 0.170198 0.98398 -0.0530738 0.171884 -0.195361 0.0864839 0.976911 0.715135 0 0 0 1 
36535719080229;0.349476;0.13235;0.994058 0.0659155 0.0866265 -0.212613 -0.049867 0.983151 -0.175861 0.398703 -0.0967589 0.170497 0.980596 -0.560142 0 0 0 1 
36535719080230;0.507963;0.713728;0.93658 0.0130629 0.35021 -0.229562 0.00042817 0.999262 -0.0384177 0.591105 -0.350453 0.0361312 0.935883 0.609419 0 0 0 1 
36535719080231;0.499847;0.147929;0.999912 0.0101862 -0.0084963 -0.294031 -0.0100977 0.999895 0.010389 -0.149753 0.00860123 -0.0103023 0.99991 -1.00601 0 0 0 1 
36535719080232;0.400636;0.156236;0.979474 -0.178613 0.0934257 0.141877 0.14961 0.954792 0.256883 -0.115671 -0.135085 -0.237633 0.961916 0.882361 0 0 0 1 
36535719080233;0.232565;0.138299;0.984177 0.0726391 -0.161617 0.0253468 -0.0572552 0.993549 0.0978931 0.331622 0.167685 -0.0870907 0.981986 -0.25883 0 0 0 1 
36535719080234;0.243089;0.107125;0.999961 0.0078907 0.00408184 0.241417 -0.00778662 0.999659 -0.0249146 0.274013 -0.00427705 0.0248818 0.999681 -0.583788 0 0 0 1 
36535719080235;0.336455;0.200453;0.992905 -0.100074 -0.0642279 -0.128459 0.111075 0.973377 0.2005 -0.063998 0.0424532 -0.206211 0.977586 -0.103146 0 0 0 1 
36535719080236;0.526732;0.161074;0.959444 -0.119487 0.255325 0.543617 0.0671332 0.976516 0.204721 -0.259918 -0.27379 -0.179277 0.944933 1.50787 0 0 0 1 
36535719080237;0.707625;0.507372;0.998772 -0.0493876 0.00396646 0.17158 0.0493792 0.998778 0.00217739 0.234117 -0.00406915 -0.00197886 0.99999 0.661555 0 0 0 1 
36535719080238;0.378354;0.13095;0.979544 0.191471 -0.0619007 0.297564 -0.176662 0.965551 0.191056 0.989276 0.09635 -0.176212 0.979625 -0.283565 0 0 0 1 
36535719080239;0.260619;0.133966;0.999535 -0.0213747 0.0217349 0.388921 0.021472 0.99976 -0.0042511 0.0774252 -0.0216389 0.00471582 0.999755 0.228507 0 0 0 1 
36535719080240;0.347346;0.13518;0.997267 0.0191019 0.0713665 -0.0638253 0.00971595 0.923695 -0.383005 0.616191 -0.073237 0.382652 0.920985 -0.417752 0 0 0 1 
36535719080241;0.461675;0.159578;0.942871 0.159127 0.292699 -0.260417 -0.0773252 0.959093 -0.272327 0.108502 -0.32406 0.234137 0.916605 0.545613 0 0 0 1 
36535719080242;0.184835;0.143432;0.990713 0.116576 0.0699853 -0.183937 -0.116662 0.993168 -0.00287212 0.320578 -0.0698419 -0.00531916 0.997544 -0.0164286 0 0 0 1 
36535719080243;0.50255;0.611999;0.999085 -0.0311082 0.0293452 -0.042084 0.0322654 0.998686 -0.0398221 0.174499 -0.0280678 0.0407325 0.998776 -0.304796 0 0 0 1 
36535719080244;0.3548;0.13423;0.915948 0.266796 0.299766 -0.272238 -0.281135 0.959656 0.00491458 0.915552 -0.286361 -0.0887764 0.954 1.02259 0 0 0 1 
36535719080245;0.421326;0.124206;0.969189 0.127866 -0.210529 0.501989 -0.151366 0.983455 -0.0995223 0.799555 0.19432 0.128323 0.972509 -1.41864 0 0 0 1 
36535719080246;0.428678;0.127377;0.965834 0.25914 -0.00326597 0.140474 -0.258059 0.960489 -0.104245 1.35227 -0.0238771 0.101526 0.994546 -0.631347 0 0 0 1 
36535719080248;0.279109;0.116719;0.999607 -0.018925 0.0206686 1.03011 0.0185303 0.999645 0.0191234 0.200029 -0.0210232 -0.0187329 0.999603 -0.416177 0 0 0 1 
36535719080249;0.148582;0.19829;0.99913 -0.0366594 0.0198871 0.208881 0.0363851 0.99924 0.0139791 -0.148295 -0.0203845 -0.0132434 0.999704 -0.170469 0 0 0 1 
36535719080250;0.310686;0.165401;0.994799 -0.00983362 0.101382 0.115547 0.00801371 0.9998 0.0183427 0.162878 -0.101542 -0.0174349 0.994678 -0.716122 0 0 0 1 
36535719080251;0.298484;0.186291;0.99963 0.0271806 0.000629967 -0.0621923 -0.0271515 0.996822 0.0748971 0.557725 0.00140779 -0.0748865 0.997191 0.130361 0 0 0 1 
36535719080252;0.364884;0.229389;0.959258 -0.259827 -0.110965 1.40716 0.25917 0.965613 -0.0205579 -0.780146 0.112491 -0.00903847 0.993612 -0.344055 0 0 0 1 
36535719080253;0.298099;0.25479;0.988745 -0.148636 0.0170456 0.851045 0.14927 0.987748 -0.0455133 -0.47597 -0.0100718 0.0475454 0.998818 -0.591826 0 0 0 1 
36535719080254;0.413793;0.314596;0.993027 -0.117885 0.000208524 0.192822 0.115104 0.969213 -0.217662 0.0696613 0.0254571 0.216168 0.976024 -0.446948 0 0 0 1 
36535719080255;0.265645;0.156281;0.992396 -0.0759028 0.0968957 0.283393 0.0980957 0.963226 -0.250147 -0.273533 -0.0743456 0.25775 0.963347 0.225857 0 0 0 1 
36535719080256;0.228269;0.145814;0.969853 0.242636 0.0226226 0.142871 -0.243108 0.96977 0.0211067 0.485563 -0.0168175 -0.0259702 0.999521 -0.101942 0 0 0 1 
36535719080257;0.266234;0.197839;0.999457 -0.0264864 0.0196244 -0.172126 0.0254614 0.998386 0.0507584 -0.269979 -0.0209371 -0.0502311 0.998518 -0.0767154 0 0 0 1 
36535719080258;0.327944;0.128543;0.998579 -0.0529785 0.0056827 0.939271 0.0527602 0.998049 0.0333981 -0.677567 -0.007441 -0.0330509 0.999426 0.491257 0 0 0 1 
36535719080259;0.241821;0.127103;0.987734 0.147573 -0.0510229 0.450724 -0.14586 0.988656 0.0358376 0.134481 0.0557328 -0.0279559 0.998054 -0.686497 0 0 0 1 
36535719080260;0.113181;0.137871;0.999912 0.0122553 0.0051046 0.269992 -0.0127692 0.993027 0.11719 0.0518115 -0.00363281 -0.117245 0.993096 0.142106 0 0 0 1 
36535719080261;0.299049;0.201826;0.960925 -0.120427 0.24924 0.586139 0.160008 0.976389 -0.14513 -0.706529 -0.225878 0.179339 0.957505 0.0894003 0 0 0 1 
