#;prob_registration_l1 -r /home/probabilistic_point_clouds_registration/build/tester /home/point_clouds_registration_benchmark//devel/registration_pairs/gazebo_winter_local.txt /home/point_clouds_registration_benchmark//eth/gazebo_winter -s 0.2 -t 0.2 -p 0.3 -r 1000 -m 20 -i 40 
id;initial_error;final_error;transformation
38591597440000;0.538033;0.028005;0.994189 -0.0915095 -0.0567007 -0.368368 0.0930712 0.995332 0.0255388 -0.406426 0.054099 -0.0306676 0.998065 0.553735 0 0 0 1 
38591597440001;0.518725;0.0483374;0.949997 0.255729 0.179188 0.0693069 -0.270731 0.960487 0.0645665 1.13981 -0.155596 -0.10985 0.981694 -0.025811 0 0 0 1 
38591597440002;0.466312;0.0256559;0.985207 -0.125107 0.117109 0.0686972 0.129615 0.991059 -0.0316691 -0.274122 -0.112099 0.0463796 0.992614 -0.203627 0 0 0 1 
38591597440003;0.369171;0.0641141;0.978416 0.206628 -0.00268422 -0.162666 -0.206636 0.978412 -0.00346059 0.852058 0.00191122 0.00394055 0.99999 0.406782 0 0 0 1 
38591597440004;0.566929;0.0363616;0.875623 0.414849 -0.247355 1.10985 -0.39952 0.90989 0.111732 1.64662 0.271418 0.000988381 0.962461 -1.63609 0 0 0 1 
38591597440005;0.214626;0.0283881;0.994788 -0.078009 -0.0656663 0.0309745 0.0773683 0.996927 -0.012247 -0.270767 0.0664199 0.00710268 0.997766 -0.590381 0 0 0 1 
38591597440006;0.296525;0.0192917;0.961322 -0.212308 -0.175456 0.172182 0.233404 0.96617 0.109717 -0.995709 0.146227 -0.146425 0.978354 -0.340206 0 0 0 1 
38591597440007;0.55939;0.0488807;0.989197 0.146393 -0.00758519 0.108439 -0.145633 0.987329 0.0630306 0.236538 0.0167163 -0.061245 0.997983 -0.869524 0 0 0 1 
38591597440008;0.573696;0.0228059;0.910858 0.0145644 0.412463 0.322823 -0.115875 0.968205 0.221702 0.484729 -0.39612 -0.249733 0.883585 2.46127 0 0 0 1 
38591597440009;0.226381;0.0308391;0.999775 -0.0167167 0.013042 0.0596553 0.0162705 0.999303 0.033601 0.149391 -0.0135946 -0.0333813 0.99935 -0.238151 0 0 0 1 
38591597440010;0.405479;0.0292081;0.93646 -0.109524 0.333237 0.0941326 0.221973 0.920628 -0.321205 -0.764448 -0.271608 0.374765 0.886442 1.6818 0 0 0 1 
38591597440011;0.432428;0.025803;0.935072 -0.336679 -0.110849 0.412914 0.354457 0.888894 0.290221 -1.73807 0.000821879 -0.310669 0.950518 -0.272712 0 0 0 1 
38591597440012;0.493861;0.0475222;0.996 0.00385795 -0.089266 0.355657 -0.00891301 0.998374 -0.0563 -0.197376 0.0889037 0.0568704 0.994415 0.345104 0 0 0 1 
38591597440013;0.489902;0.0546444;0.893679 0.410252 0.181747 0.300332 -0.414488 0.909917 -0.0158265 1.53135 -0.171868 -0.0611883 0.983218 0.384224 0 0 0 1 
38591597440014;0.265078;0.039006;0.952652 -0.0481714 0.300223 -0.0335178 0.0818308 0.99156 -0.100564 -0.220496 -0.292845 0.12037 0.948553 1.45637 0 0 0 1 
38591597440015;0.50504;0.0102803;0.943187 -0.324897 0.0695707 0.411834 0.299376 0.921821 0.246212 -1.70739 -0.144125 -0.211396 0.966716 0.17933 0 0 0 1 
38591597440016;0.306367;0.0460328;0.959832 0.121481 -0.252912 0.314929 -0.0749983 0.979694 0.185946 0.0501156 0.270366 -0.159509 0.949452 -1.33277 0 0 0 1 
38591597440017;0.306001;0.0518245;0.992111 -0.125225 0.00585726 -0.192464 0.125304 0.989167 -0.0764676 -0.846905 0.00378183 0.0765983 0.997055 0.108326 0 0 0 1 
38591597440018;0.310987;0.0307328;0.975006 0.221548 -0.0167447 0.474988 -0.221844 0.974905 -0.018576 1.04693 0.0122091 0.0218265 0.999687 -0.279556 0 0 0 1 
38591597440019;0.565481;0.0241173;0.987821 -0.149515 0.0430683 -0.537629 0.135421 0.962461 0.235223 -0.224717 -0.076621 -0.226526 0.970987 -0.148359 0 0 0 1 
38591597440020;0.471158;0.0442222;0.949723 -0.312243 -0.0230497 -0.0150059 0.301804 0.932586 -0.197983 -1.24918 0.0833146 0.181072 0.979934 0.282333 0 0 0 1 
38591597440021;0.264772;0.0472301;0.959182 0.222842 0.1741 0.125656 -0.231202 0.972472 0.029052 1.10334 -0.162834 -0.0681186 0.984299 0.563812 0 0 0 1 
38591597440022;0.382739;0.0455735;0.994394 -0.0242734 -0.102917 -0.263815 0.0305659 0.99773 0.0600119 -0.432997 0.101227 -0.0628212 0.992878 -0.0675595 0 0 0 1 
38591597440023;0.504596;0.030593;0.93876 0.341436 -0.0463781 0.279496 -0.343474 0.937989 -0.0469201 1.90625 0.0274819 0.0599763 0.997821 -0.608476 0 0 0 1 
38591597440024;0.223621;0.0336529;0.997685 -0.0503429 0.0457191 -0.00327477 0.0605129 0.963963 -0.259063 0.0925497 -0.0310295 0.26123 0.964778 0.321396 0 0 0 1 
38591597440025;0.497841;0.0391089;0.93937 -0.227744 0.256351 -0.350742 0.262859 0.958332 -0.11183 -1.30919 -0.220201 0.172434 0.960093 0.63922 0 0 0 1 
38591597440026;0.507307;0.0127768;0.9176 -0.328493 -0.223835 0.463416 0.33766 0.941264 0.00284873 -0.90267 0.209752 -0.0781942 0.974623 -0.584713 0 0 0 1 
38591597440027;0.37107;0.0324591;0.995761 0.0141886 0.0908801 -0.211948 -0.0546279 0.886131 0.460204 0.166274 -0.0740021 -0.463217 0.88315 0.36886 0 0 0 1 
38591597440028;0.144155;0.042381;0.98693 -0.151045 -0.0561719 0.0441767 0.149259 0.988187 -0.0347629 -0.52249 0.0607591 0.0259244 0.997816 -0.132056 0 0 0 1 
38591597440029;0.386592;0.0314911;0.936441 -0.31666 0.151014 0.0375689 0.270181 0.925527 0.265333 -1.40188 -0.223788 -0.207668 0.952257 0.863801 0 0 0 1 
38591597440031;0.613756;0.0560577;0.948224 -0.206081 -0.241665 -0.0849541 0.181307 0.975971 -0.120866 -1.73304 0.260766 0.0707922 0.962803 -1.23189 0 0 0 1 
38591597440032;0.317715;0.0596426;0.94197 0.293686 -0.162605 0.996765 -0.309364 0.947502 -0.0808297 1.38668 0.13033 0.126443 0.983375 -0.333134 0 0 0 1 
38591597440033;0.586776;0.0817078;0.918795 -0.0994162 0.38201 0.433924 0.0844662 0.994865 0.0557539 0.10096 -0.385591 -0.0189595 0.922475 1.5611 0 0 0 1 
38591597440034;0.22655;0.0487483;0.985935 -0.131695 0.102897 -0.321165 0.150576 0.967109 -0.205005 -0.930925 -0.0725149 0.217616 0.973337 0.71855 0 0 0 1 
38591597440035;0.489052;0.0614992;0.983962 -0.0831283 0.157822 -0.0525619 0.0987782 0.990655 -0.0940462 -1.23708 -0.148529 0.108127 0.982979 0.835251 0 0 0 1 
38591597440036;0.235684;0.0565377;0.985857 -0.165632 0.0255352 -0.141594 0.166333 0.985662 -0.0283549 -0.564548 -0.0204726 0.0322013 0.999272 0.0672976 0 0 0 1 
38591597440037;0.200232;0.0658291;0.994195 0.0981272 0.0441394 0.117365 -0.0981842 0.995168 -0.000880328 0.350908 -0.0440125 -0.00345857 0.999025 -0.140838 0 0 0 1 
38591597440038;0.419626;0.0433508;0.94959 0.309693 -0.0486714 0.8152 -0.313 0.92788 -0.202655 1.03094 -0.0175995 0.207673 0.97804 0.912838 0 0 0 1 
38591597440039;0.360484;0.0416761;0.997222 -0.0184279 0.0721696 -0.0911364 0.0293937 0.987638 -0.15397 -0.275279 -0.0684401 0.155664 0.985436 0.0359681 0 0 0 1 
38591597440040;0.46013;0.0495089;0.890207 0.228486 -0.394114 1.33133 -0.237787 0.970974 0.0258139 0.884672 0.388572 0.0707356 0.918699 -1.87487 0 0 0 1 
38591597440041;0.266595;0.0594159;0.998092 0.0501455 0.0360324 -0.338673 -0.0504921 0.998686 0.00877291 0.109818 -0.0355451 -0.0105755 0.999312 0.169919 0 0 0 1 
38591597440042;0.263344;0.0627549;0.96924 0.213779 -0.121951 0.593573 -0.20093 0.973464 0.109525 0.440477 0.142129 -0.081652 0.986475 -0.647953 0 0 0 1 
38591597440043;0.518284;0.0670181;0.965873 0.257743 -0.0256325 0.950523 -0.253506 0.960992 0.110585 1.02443 0.0531351 -0.100313 0.993536 -1.19263 0 0 0 1 
38591597440044;0.328581;0.0718206;0.960556 0.253508 0.114307 0.53789 -0.244192 0.965592 -0.0894583 1.19729 -0.133053 0.0580168 0.989409 0.997169 0 0 0 1 
38591597440045;0.358212;0.0582714;0.976177 0.156926 0.14984 0.119383 -0.161533 0.986684 0.0190142 0.867574 -0.144861 -0.0427653 0.988527 0.954336 0 0 0 1 
38591597440046;0.061941;0.0829834;0.998449 -0.00688014 0.0552556 -0.0454601 0.00577663 0.999781 0.0201059 -0.0761278 -0.0553819 -0.0197555 0.99827 0.158886 0 0 0 1 
38591597440047;0.281023;0.0532579;0.985915 0.160448 -0.047196 0.498338 -0.154814 0.982303 0.105423 0.383377 0.0632758 -0.096632 0.993307 -0.846629 0 0 0 1 
38591597440048;0.595102;0.0661792;0.989427 0.0474189 -0.137062 -0.0486621 -0.00398841 0.953579 0.301116 -0.880302 0.144978 -0.297385 0.943686 -1.96549 0 0 0 1 
38591597440049;0.461067;0.0424404;0.908106 0.123087 -0.400242 0.920108 -0.202483 0.965722 -0.162422 0.80836 0.36653 0.228539 0.901901 -1.54862 0 0 0 1 
38591597440050;0.266343;0.0530632;0.999709 0.0112119 -0.02135 0.0533493 -0.0171633 0.952726 -0.303346 0.0993595 0.0169396 0.303624 0.952641 0.224824 0 0 0 1 
38591597440051;0.432966;0.0598252;0.933799 0.1905 -0.302869 1.07145 -0.1897 0.981309 0.0323483 1.06161 0.30337 0.0272474 0.952483 -1.12777 0 0 0 1 
38591597440052;0.0767887;0.0671044;0.992057 -0.0126654 0.125148 -0.104146 0.0162755 0.999479 -0.0278663 -0.105084 -0.12473 0.0296818 0.991747 0.548246 0 0 0 1 
38591597440053;0.465189;0.0800096;0.974782 0.218562 -0.0450619 0.937671 -0.213768 0.972488 0.0925747 1.33622 0.0640555 -0.0806073 0.994686 -0.352033 0 0 0 1 
38591597440054;0.503874;0.0650756;0.995997 0.047688 0.0755969 -0.747099 -0.0534814 0.99563 0.0765611 0.125084 -0.0716155 -0.0802977 0.994195 0.306993 0 0 0 1 
38591597440055;0.362809;0.0635966;0.993139 -0.112345 0.0324724 -0.241307 0.11247 0.993653 -0.00205992 -0.6706 -0.0320349 0.00569796 0.999471 -0.43608 0 0 0 1 
38591597440056;0.349297;0.0629882;0.954606 0.266849 0.132362 0.581843 -0.295818 0.901377 0.316246 0.797876 -0.0349179 -0.341045 0.939398 -0.307133 0 0 0 1 
38591597440057;0.335627;0.0641063;0.933965 -0.0184628 -0.356889 0.527023 0.0338742 0.998742 0.0369798 -0.161711 0.355757 -0.0466271 0.933415 -1.61936 0 0 0 1 
38591597440058;0.689618;0.0561657;0.903358 0.427248 -0.0374661 0.47948 -0.426522 0.904103 0.0260112 2.00959 0.0449865 -0.0075173 0.998959 -0.571791 0 0 0 1 
38591597440059;0.45308;0.0550666;0.999609 0.0115933 0.0254377 -0.405733 -0.0112226 0.999829 -0.0146688 -0.372214 -0.0256035 0.0143775 0.999569 -0.443592 0 0 0 1 
38591597440060;0.265486;0.0591315;0.994597 -0.0943853 0.0432213 -0.0211444 0.0917916 0.994058 0.0585075 -0.707656 -0.0484867 -0.0542241 0.997351 0.396454 0 0 0 1 
38591597440062;0.128316;0.110818;0.995615 -0.0927605 0.0121037 -0.39793 0.0892754 0.980818 0.17328 -0.578725 -0.027945 -0.17144 0.984798 -0.435971 0 0 0 1 
38591597440063;0.451456;0.1179;0.995018 -0.0588241 0.0804874 -0.426496 0.0271854 0.936866 0.34863 -0.583165 -0.0959138 -0.344705 0.933798 0.162464 0 0 0 1 
38591597440064;0.130373;0.120612;0.998943 0.0450231 0.00926265 -0.150767 -0.0445756 0.998042 -0.0438822 0.157937 -0.0112202 0.0434229 0.998994 0.0598535 0 0 0 1 
38591597440065;0.480669;0.165639;0.951291 0.043353 0.305232 -0.354452 -0.036788 0.998952 -0.02723 0.296723 -0.306092 0.0146748 0.951889 0.710735 0 0 0 1 
38591597440066;0.373674;0.128377;0.917114 0.00722148 0.398559 -0.0817732 -0.064087 0.989501 0.12954 0.372117 -0.393439 -0.144346 0.907948 1.58236 0 0 0 1 
38591597440067;0.212733;0.148572;0.987645 0.112805 0.108778 0.037747 -0.140798 0.943516 0.299924 0.350403 -0.0688008 -0.311534 0.947741 -0.465062 0 0 0 1 
38591597440068;0.0642751;0.109159;0.998173 -0.0530152 -0.0289998 -0.277335 0.0521015 0.998148 -0.0314043 -0.148299 0.0306109 0.0298359 0.999086 -0.087696 0 0 0 1 
38591597440069;0.225205;0.108513;0.994078 -0.0666089 -0.0858616 -0.263425 0.0623136 0.996713 -0.0517737 -0.189049 0.0890279 0.0461168 0.994961 -0.694378 0 0 0 1 
38591597440070;0.596655;0.119561;0.979372 -0.152712 0.132324 -1.23331 0.161866 0.984903 -0.0613654 -0.129192 -0.120955 0.0815183 0.989305 0.412093 0 0 0 1 
38591597440071;0.538974;0.144543;0.975491 0.163824 0.1469 -0.0329126 -0.197319 0.94673 0.254493 1.15428 -0.0973826 -0.277242 0.955852 0.297475 0 0 0 1 
38591597440072;0.398938;0.132681;0.990415 0.0665923 -0.121015 0.143792 -0.103049 0.939626 -0.326319 0.858772 0.0919782 0.335662 0.937481 0.0836569 0 0 0 1 
38591597440073;0.454646;0.174444;0.978621 0.204591 0.0210451 -0.112185 -0.205235 0.97808 0.0351936 0.724896 -0.0133835 -0.0387604 0.999159 -0.457046 0 0 0 1 
38591597440074;0.403252;0.139461;0.993858 -0.110258 0.00949805 0.145328 0.11023 0.9939 0.00338637 -0.421165 -0.00981349 -0.00231859 0.999949 0.188041 0 0 0 1 
38591597440075;0.606683;0.137395;0.997561 -0.0696505 -0.0045217 0.117695 0.0623768 0.918702 -0.389994 0.0119029 0.0313174 0.388761 0.920806 1.54229 0 0 0 1 
38591597440076;0.528752;0.110528;0.99973 0.00452898 -0.022779 -0.785592 -0.00320282 0.998316 0.0579216 0.201742 0.0230029 -0.057833 0.998061 0.23648 0 0 0 1 
38591597440077;0.46683;0.161535;0.927326 0.259459 0.269716 0.443635 -0.305427 0.941149 0.144748 1.71201 -0.216287 -0.216607 0.951998 0.315373 0 0 0 1 
38591597440078;0.164495;0.0946519;0.999475 -0.0285435 0.0153117 -0.443015 0.0281776 0.999324 0.0236033 -0.115308 -0.015975 -0.0231594 0.999604 0.0341918 0 0 0 1 
38591597440079;0.383028;0.18923;0.938213 0.0306249 0.344699 0.132477 -0.0989544 0.978227 0.182426 0.293788 -0.331608 -0.205265 0.920816 0.533685 0 0 0 1 
38591597440080;0.593423;0.114323;0.939303 -0.340931 -0.0384181 -0.427887 0.342155 0.939111 0.0316336 -1.33581 0.025294 -0.0428585 0.998761 0.433194 0 0 0 1 
38591597440081;0.611108;0.143599;0.943837 -0.0306354 -0.328988 0.705506 -0.0686268 0.955802 -0.285889 0.385114 0.323206 0.29241 0.900019 -1.28695 0 0 0 1 
38591597440082;0.502695;0.325288;0.991966 0.126456 -0.00346947 -0.118996 -0.124721 0.982206 0.140416 0.262661 0.0211642 -0.138855 0.990087 -1.0026 0 0 0 1 
38591597440083;0.715049;0.110228;0.903729 -0.379463 0.198198 -0.628141 0.408288 0.903191 -0.132464 -2.16176 -0.128746 0.200633 0.97117 2.02482 0 0 0 1 
38591597440084;0.378082;0.1132;0.988011 -0.0219178 0.152819 -0.383863 -0.0127313 0.974932 0.222139 -0.134876 -0.153857 -0.221422 0.962964 -0.485913 0 0 0 1 
38591597440085;0.428084;0.259896;0.960679 0.276333 0.0271376 0.783213 -0.276877 0.960721 0.0188199 0.886906 -0.0208711 -0.0255936 0.999455 0.0754748 0 0 0 1 
38591597440086;0.348552;0.197742;0.963532 0.175643 -0.201881 0.446228 -0.229522 0.930319 -0.286051 1.13749 0.137571 0.321956 0.936706 0.350487 0 0 0 1 
38591597440087;0.456571;0.107825;0.969195 -0.245566 -0.0189121 -1.1297 0.246228 0.967846 0.0514439 -1.34444 0.00567111 -0.0545159 0.998497 -0.684254 0 0 0 1 
38591597440088;0.581918;0.116484;0.991105 0.0207827 0.131452 -0.642859 -0.028945 0.997749 0.0604909 0.431476 -0.129898 -0.0637577 0.989475 -0.396734 0 0 0 1 
38591597440089;0.343578;0.12218;0.972425 -0.204765 -0.111633 -0.433694 0.169035 0.948603 -0.267545 -0.523833 0.160679 0.241298 0.957057 -0.493073 0 0 0 1 
38591597440090;0.290589;0.113819;0.992498 -0.116606 0.0367494 -0.405257 0.115056 0.992479 0.0418055 -0.21339 -0.0413478 -0.0372636 0.99845 0.319209 0 0 0 1 
38591597440091;0.344699;0.122624;0.905928 -0.416285 0.0774639 -0.825364 0.420481 0.905991 -0.048734 -2.13925 -0.0498943 0.0767216 0.995803 0.423678 0 0 0 1 
38591597440093;0.395285;0.0792962;0.92321 -0.322279 0.209331 -0.0895633 0.332018 0.943194 -0.0121843 -0.198394 -0.193513 0.0807503 0.977769 -0.199578 0 0 0 1 
38591597440094;0.48271;0.0614234;0.901935 0.102938 0.419426 0.0347679 -0.139842 0.988467 0.0581195 0.359692 -0.408605 -0.111073 0.905927 -0.0988772 0 0 0 1 
38591597440095;0.208258;0.0729642;0.965252 0.261185 -0.00838775 -0.136543 -0.260682 0.964642 0.0388761 0.133776 0.018245 -0.0353387 0.999209 0.0128261 0 0 0 1 
38591597440096;0.348707;0.0573608;0.90372 0.369436 -0.21635 -0.0130669 -0.32621 0.921475 0.210882 0.247158 0.277268 -0.120003 0.953269 -0.0521889 0 0 0 1 
38591597440097;0.0996698;0.0626077;0.995967 -0.0820362 -0.0363179 0.0347485 0.0821162 0.996623 0.000712736 -0.243857 0.0361368 -0.00369215 0.99934 0.101795 0 0 0 1 
38591597440098;0.341585;0.0670959;0.920662 -0.294076 0.256712 0.133034 0.261051 0.952765 0.155216 -0.533367 -0.290232 -0.0758863 0.953943 0.445329 0 0 0 1 
38591597440099;0.517514;0.0722925;0.868484 0.25819 0.42317 -0.675507 -0.288121 0.957568 0.00707476 0.463459 -0.403387 -0.128069 0.906023 0.531562 0 0 0 1 
38591597440100;0.554576;0.0543432;0.900454 0.241877 0.361496 -0.854183 -0.230241 0.970189 -0.0756445 -0.400152 -0.369016 -0.0151166 0.9293 0.380626 0 0 0 1 
38591597440101;0.308911;0.058248;0.997121 0.0139428 -0.0745361 0.380616 -0.0146344 0.999855 -0.00874002 -0.303245 0.0744035 0.00980565 0.99718 -0.655204 0 0 0 1 
38591597440102;0.281264;0.0632405;0.964467 0.232924 0.124699 -0.143644 -0.255128 0.943718 0.21049 0.395426 -0.0686525 -0.234825 0.96961 0.0743138 0 0 0 1 
38591597440103;0.458862;0.0643149;0.941869 -0.322452 0.0943751 0.663471 0.302664 0.936264 0.17834 -0.876818 -0.145866 -0.139409 0.979433 -0.037068 0 0 0 1 
38591597440104;0.179607;0.0546583;0.97955 0.0485787 -0.195249 0.0923671 -0.0367474 0.997288 0.0637698 -0.226356 0.197818 -0.0552908 0.978678 -0.232328 0 0 0 1 
38591597440105;0.407802;0.0782465;0.894268 -0.445485 -0.0427516 0.539365 0.44467 0.895272 -0.0274971 -0.608259 0.0505239 0.00557944 0.998707 -0.106251 0 0 0 1 
38591597440106;0.119513;0.0577099;0.998241 -0.00621817 0.0589613 -0.161766 0.00928876 0.998607 -0.051948 -0.00866833 -0.0585562 0.0524043 0.996908 -0.108278 0 0 0 1 
38591597440107;0.268114;0.0704091;0.958653 -0.283914 -0.0194097 -0.0283044 0.281962 0.956858 -0.0701427 -0.221427 0.0384868 0.0617697 0.997348 0.08801 0 0 0 1 
38591597440108;0.407271;0.0569487;0.923284 0.361394 -0.13016 -0.369028 -0.339636 0.92635 0.162859 0.298299 0.17943 -0.106158 0.978026 0.342537 0 0 0 1 
38591597440109;0.443389;0.0552661;0.975599 0.163376 0.146682 -0.706805 -0.187159 0.968114 0.166515 -0.613655 -0.1148 -0.189905 0.975068 0.117629 0 0 0 1 
38591597440110;0.432632;0.0622653;0.974191 -0.0706776 0.214374 -0.633132 0.124402 0.960576 -0.248633 0.341407 -0.18835 0.268884 0.944577 0.0604263 0 0 0 1 
38591597440111;0.338245;0.0569888;0.910055 0.349323 -0.223098 0.0586925 -0.342194 0.936931 0.0711622 0.0660596 0.233886 0.0115814 0.972195 -0.000790433 0 0 0 1 
38591597440112;0.277197;0.0563485;0.971199 0.139532 0.19314 -0.357985 -0.105728 0.978792 -0.175466 -0.151385 -0.213527 0.149992 0.965354 0.26784 0 0 0 1 
38591597440113;0.357829;0.0653183;0.957477 0.288384 0.00853206 -0.137399 -0.288072 0.953978 0.083312 0.0781318 0.0158864 -0.0822271 0.996487 -0.518788 0 0 0 1 
38591597440114;0.246214;0.058451;0.973472 0.225118 0.0409236 -0.193685 -0.218639 0.967936 -0.123681 0.37356 -0.0674543 0.111453 0.991478 -0.0299725 0 0 0 1 
38591597440115;0.388473;0.0732957;0.884564 -0.353563 0.304202 0.136138 0.373877 0.927432 -0.00924534 -0.507343 -0.278858 0.121912 0.952563 0.370027 0 0 0 1 
38591597440116;0.336493;0.0735591;0.944448 -0.295343 0.144187 0.227244 0.327094 0.887436 -0.324755 -0.101899 -0.0320427 0.353877 0.934743 -0.18489 0 0 0 1 
38591597440117;0.374866;0.0585285;0.999617 0.0246561 -0.0125368 0.80377 -0.0242337 0.999168 0.0327972 -0.298012 0.0133351 -0.0324808 0.999383 0.251273 0 0 0 1 
38591597440118;0.178075;0.0617496;0.986614 -0.132635 0.0948715 0.0350824 0.151003 0.962723 -0.224416 -0.0851575 -0.0615695 0.235738 0.969864 -0.00497581 0 0 0 1 
38591597440119;0.473817;0.0695698;0.985052 -0.170246 0.026232 0.986771 0.17036 0.98538 -0.00214677 -0.48006 -0.025483 0.00658356 0.999654 0.396532 0 0 0 1 
38591597440120;0.215098;0.0640276;0.970085 -0.2426 0.00893716 0.176265 0.242414 0.970006 0.0180027 -0.420845 -0.0130365 -0.0152976 0.999798 0.0380401 0 0 0 1 
38591597440121;0.418127;0.058772;0.992266 0.092988 0.0822304 0.0193887 -0.0988197 0.992644 0.0699427 -0.0992299 -0.0751217 -0.0775277 0.994156 1.07776 0 0 0 1 
38591597440122;0.192825;0.0555708;0.971308 0.236433 0.0256802 -0.172603 -0.237773 0.96319 0.125416 0.0766678 0.00491774 -0.127924 0.991772 0.126739 0 0 0 1 
38591597440124;0.0779043;0.117404;0.998023 0.0470917 -0.0416174 0.261223 -0.0488123 0.997952 -0.0413426 0.195799 0.0395853 0.0432923 0.998278 0.197825 0 0 0 1 
38591597440125;0.14453;0.125502;0.997166 0.0619067 -0.0427497 0.370008 -0.0521514 0.978346 0.200296 -0.0101942 0.0542237 -0.197499 0.978802 -0.503427 0 0 0 1 
38591597440126;0.34028;0.124718;0.96363 -0.106811 0.244967 -0.415783 0.147521 0.976944 -0.154334 -0.0991923 -0.222834 0.184858 0.957169 0.34774 0 0 0 1 
38591597440127;0.280733;0.125611;0.980977 -0.062723 0.183714 -0.193039 0.0645443 0.997907 -0.00394483 0.365746 -0.183082 0.0157275 0.982972 0.320738 0 0 0 1 
38591597440128;0.300881;0.128827;0.925258 0.376217 -0.0485732 1.19141 -0.362043 0.914025 0.182985 0.141115 0.113239 -0.151723 0.981915 -0.492284 0 0 0 1 
38591597440129;0.231531;0.132261;0.953971 0.120969 -0.274421 0.772122 -0.0671162 0.977947 0.197777 0.145116 0.292293 -0.170255 0.941051 -0.648543 0 0 0 1 
38591597440130;0.346361;0.139942;0.99713 -0.0747103 0.0122198 -0.0934039 0.0749409 0.996995 -0.0196425 -0.569586 -0.0107156 0.0205019 0.999732 -0.181497 0 0 0 1 
38591597440131;0.336968;0.173921;0.952612 -0.300047 0.0500292 -0.383115 0.29999 0.953902 0.00882121 -0.38292 -0.0503697 0.00660508 0.998709 0.129073 0 0 0 1 
38591597440132;0.344656;0.131747;0.888637 0.380431 -0.256119 1.35947 -0.40295 0.91435 -0.0399392 0.272013 0.218988 0.138695 0.96582 0.282821 0 0 0 1 
38591597440133;0.350181;0.130256;0.983956 0.178375 0.00365789 0.450023 -0.176336 0.975421 -0.132137 -0.284438 -0.0271379 0.129372 0.991225 0.527883 0 0 0 1 
38591597440134;0.561974;0.13933;0.919132 -0.321658 0.227447 -0.114458 0.32555 0.945286 0.0212602 -0.207857 -0.221841 0.0545044 0.973558 0.956675 0 0 0 1 
38591597440135;0.216019;0.118545;0.978342 0.00234831 -0.206983 0.433505 0.020681 0.993824 0.109028 -0.140031 0.205961 -0.110947 0.97225 -0.526083 0 0 0 1 
38591597440136;0.499684;0.114104;0.977488 -0.21089 -0.00656801 0.0409801 0.210902 0.975678 0.0597742 -0.622019 -0.00619754 -0.0598137 0.99819 -0.825218 0 0 0 1 
38591597440137;0.297035;0.0996006;0.991636 0.129008 0.00378537 0.332498 -0.128267 0.988341 -0.0820289 0.772219 -0.0143237 0.0808573 0.996623 0.181959 0 0 0 1 
38591597440138;0.314957;0.119375;0.930483 0.305347 0.202397 0.952818 -0.306254 0.951549 -0.0276105 0.462299 -0.201022 -0.0362938 0.978914 -0.0437139 0 0 0 1 
38591597440139;0.155913;0.0998592;0.995729 0.0206672 0.0899809 0.351918 -0.00408144 0.983523 -0.180735 0.213856 -0.0922336 0.179596 0.979407 0.645233 0 0 0 1 
38591597440140;0.442404;0.140218;0.985668 -0.0202242 0.167478 0.13698 -0.0231246 0.967217 0.252895 -0.0835064 -0.167102 -0.253144 0.952888 0.241806 0 0 0 1 
38591597440141;0.257242;0.143059;0.970192 0.206634 -0.126612 1.02747 -0.150877 0.923884 0.351674 -0.179786 0.189643 -0.322088 0.927521 -1.01726 0 0 0 1 
38591597440142;0.222719;0.113071;0.974622 0.153933 0.162532 0.466682 -0.151766 0.988081 -0.0257443 0.284313 -0.164558 0.000424114 0.986367 0.350312 0 0 0 1 
38591597440143;0.482302;0.134406;0.934239 0.211378 -0.287257 1.03719 -0.135863 0.955637 0.26134 -0.621317 0.329755 -0.205127 0.921512 -0.706692 0 0 0 1 
38591597440144;0.255934;0.0912107;0.993556 0.110801 -0.023862 0.517404 -0.111089 0.993749 -0.0110721 0.41937 0.022486 0.0136516 0.999654 -0.481966 0 0 0 1 
38591597440145;0.370694;0.116762;0.929695 -0.291815 -0.224748 -0.246656 0.265683 0.953908 -0.139539 -0.210933 0.255108 0.0700175 0.964374 -0.102851 0 0 0 1 
38591597440146;0.299941;0.110861;0.993208 0.0924421 -0.0706633 0.429986 -0.100115 0.988408 -0.11413 -0.0366558 0.0592937 0.12043 0.99095 0.811911 0 0 0 1 
38591597440147;0.410512;0.130604;0.992667 -0.118847 0.0220727 -0.415654 0.119548 0.992253 -0.0337895 0.289422 -0.0178859 0.0361804 0.999185 -0.531633 0 0 0 1 
38591597440148;0.471802;0.125987;0.91505 -0.366532 -0.168337 -0.309493 0.373917 0.927366 0.013326 -0.522031 0.151226 -0.075138 0.985639 -0.169482 0 0 0 1 
38591597440149;0.337741;0.12387;0.998847 0.0443248 -0.0184614 0.400011 -0.044964 0.998348 -0.0357811 0.435161 0.0168449 0.0365699 0.999189 -0.614995 0 0 0 1 
38591597440150;0.131256;0.11483;0.999783 -0.0142893 -0.0151447 0.0634585 0.0137524 0.999293 -0.034982 0.164268 0.0156339 0.0347662 0.999273 -0.160968 0 0 0 1 
38591597440151;0.387023;0.135471;0.972968 -0.202422 -0.111173 -0.210762 0.201027 0.979298 -0.0237307 -0.540789 0.113675 0.000740386 0.993518 0.248717 0 0 0 1 
38591597440152;0.263342;0.157854;0.976157 -0.216364 -0.0174487 -0.176354 0.216336 0.976313 -0.00350506 -0.177865 0.0177937 -0.000353283 0.999842 0.0178382 0 0 0 1 
38591597440153;0.441403;0.132119;0.983431 0.171749 -0.0580139 0.710899 -0.163438 0.978454 0.126155 0.672896 0.0784309 -0.114583 0.990313 0.332391 0 0 0 1 
38591597440155;0.258376;0.0231055;0.999083 0.0371546 0.0212705 -0.565586 -0.0381566 0.998079 0.0488157 0.203452 -0.0194159 -0.0495825 0.998581 0.54313 0 0 0 1 
38591597440156;0.221561;0.0178724;0.999697 0.00576599 -0.0239407 0.0801035 -0.00750684 0.997284 -0.0732741 0.0118192 0.0234532 0.0734316 0.997024 -0.691995 0 0 0 1 
38591597440157;0.430412;0.0186211;0.907969 -0.418179 -0.0268149 0.830681 0.40723 0.895659 -0.17877 0.121066 0.0987751 0.151398 0.983525 -0.362239 0 0 0 1 
38591597440158;0.209175;0.0210539;0.98841 0.0315224 0.148497 -0.089717 -0.0387895 0.998174 0.0462979 0.147751 -0.146767 -0.0515215 0.987828 0.668301 0 0 0 1 
38591597440159;0.222826;0.0241031;0.962474 -0.22263 -0.155179 0.00380074 0.213457 0.974171 -0.0736714 -0.28852 0.167573 0.0377826 0.985135 -0.19858 0 0 0 1 
38591597440160;0.348174;0.0224407;0.997925 0.0417712 -0.049004 -0.239025 -0.0448837 0.996925 -0.0642363 0.869996 0.04617 0.0663024 0.996731 -0.524822 0 0 0 1 
38591597440161;0.528254;0.02502;0.884765 -0.466038 -0.000563779 1.20174 0.465678 0.884129 -0.0382153 -0.564775 0.0183082 0.033549 0.999269 0.199639 0 0 0 1 
38591597440162;0.274646;0.023758;0.997265 -0.0725788 -0.0139918 -0.688932 0.0727465 0.99728 0.0118769 -0.062198 0.0130917 -0.0128622 0.999832 -0.105206 0 0 0 1 
38591597440163;0.298037;0.021574;0.961374 -0.271692 -0.0440873 0.608188 0.273866 0.960223 0.0544867 -0.184313 0.02753 -0.0644561 0.997541 -0.230787 0 0 0 1 
38591597440164;0.263298;0.0242607;0.975998 0.180807 -0.121393 -0.21502 -0.175228 0.982977 0.0552467 0.0576469 0.129316 -0.0326492 0.991066 0.566889 0 0 0 1 
38591597440165;0.352749;0.0163938;0.978152 0.205182 -0.0334609 -0.579886 -0.207691 0.95738 -0.20072 0.573608 -0.00914954 0.203285 0.979077 -0.396798 0 0 0 1 
38591597440166;0.206209;0.0156736;0.98239 -0.185296 0.0239743 0.355595 0.186265 0.981334 -0.0478504 0.190353 -0.0146603 0.0514733 0.998567 -0.176653 0 0 0 1 
38591597440167;0.319448;0.0199732;0.999939 -0.0101138 0.00454299 0.398943 0.010089 0.999934 0.00544183 -0.485822 -0.00459773 -0.00539566 0.999975 -0.714175 0 0 0 1 
38591597440168;0.116047;0.0191181;0.999732 0.0122116 -0.0196446 0.0198572 -0.0145941 0.991909 -0.126109 0.121745 0.0179457 0.126362 0.991822 -0.183601 0 0 0 1 
38591597440169;0.218803;0.018193;0.997974 -0.0290587 0.0566075 0.0272909 0.0141853 0.968845 0.24726 -0.21995 -0.062029 -0.245956 0.967294 0.506609 0 0 0 1 
38591597440170;0.167043;0.0189531;0.999534 0.00525494 -0.0300731 0.0883967 -0.00492467 0.999927 0.0110457 -0.108866 0.0301289 -0.0108925 0.999487 -0.458085 0 0 0 1 
38591597440171;0.339075;0.0213426;0.96206 -0.256806 0.0921495 0.488675 0.257795 0.966199 0.00120421 0.0379347 -0.089344 0.0225972 0.995744 0.700872 0 0 0 1 
38591597440172;0.374586;0.0222541;0.975024 -0.0894215 -0.203301 1.07744 0.0533543 0.982867 -0.176426 0.0598632 0.215594 0.161173 0.96309 0.0104008 0 0 0 1 
38591597440173;0.118391;0.018113;0.998163 0.0219004 0.0564971 -0.267761 -0.02011 0.999283 -0.0320673 0.0121221 -0.0571589 0.0308722 0.997888 0.193757 0 0 0 1 
38591597440174;0.158802;0.0169247;0.993611 -0.0390513 0.105889 -0.0997346 0.0165756 0.978549 0.205346 -0.102755 -0.111637 -0.202279 0.972944 0.220602 0 0 0 1 
38591597440175;0.263758;0.0194301;0.965635 0.178723 0.188697 -0.531342 -0.193957 0.978823 0.0654644 0.0631921 -0.173001 -0.0998137 0.979851 0.382701 0 0 0 1 
38591597440176;0.174741;0.021766;0.998535 -0.0540112 0.00312527 0.0946983 0.0525517 0.982039 0.181214 -0.394151 -0.0128567 -0.180784 0.983439 0.186318 0 0 0 1 
38591597440177;0.253101;0.0196492;0.993034 0.116608 0.0169047 -0.57142 -0.116223 0.992976 -0.0221717 -0.332331 -0.0193713 0.0200525 0.999611 -0.170036 0 0 0 1 
38591597440178;0.247175;0.0150435;0.997045 0.0733606 0.0228039 -0.330095 -0.0723128 0.99642 -0.0438008 -0.584303 -0.0259355 0.0420223 0.99878 -0.142252 0 0 0 1 
38591597440179;0.388374;0.305616;0.991626 -0.126742 0.0247693 -0.0426823 0.127396 0.991486 -0.0269207 0.0747477 -0.0211465 0.0298508 0.999331 0.0439314 0 0 0 1 
38591597440180;0.287474;0.0206158;0.905433 0.28453 -0.315015 0.00586887 -0.267775 0.958663 0.0962365 0.223599 0.329375 -0.00278261 0.944195 -0.315238 0 0 0 1 
38591597440181;0.269146;0.0124505;0.999011 -0.0358824 0.0262635 0.247776 0.0330997 0.994472 0.0996483 -0.744383 -0.0296939 -0.0986805 0.994676 -0.11164 0 0 0 1 
38591597440182;0.36237;0.0200453;0.952667 0.281192 0.115569 -0.693731 -0.296133 0.944305 0.143506 0.0777701 -0.0687794 -0.170937 0.982878 -0.133869 0 0 0 1 
38591597440183;0.418551;0.0166227;0.934536 -0.355435 0.0175712 0.901286 0.353476 0.9214 -0.16148 -0.494057 0.0412058 0.15712 0.986719 -0.102562 0 0 0 1 
38591597440184;0.369769;0.022754;0.999525 -0.0274955 0.0138849 -0.769441 0.0292029 0.989257 -0.143241 -0.104881 -0.00979724 0.143579 0.98959 -0.671093 0 0 0 1 
38591597440186;0.226268;0.171235;0.999408 0.0318379 -0.013008 0.0451912 -0.0316633 0.999408 0.0134215 -0.223151 0.0134276 -0.0130017 0.999825 -0.00517447 0 0 0 1 
38591597440187;0.539163;0.289466;0.978681 -0.194369 0.0663645 0.329998 0.194188 0.980921 0.00922347 -1.18891 -0.066891 0.00386035 0.997753 0.699317 0 0 0 1 
38591597440188;0.243538;0.20566;0.966053 0.219842 0.135685 0.0180173 -0.237939 0.961733 0.135846 0.55959 -0.100628 -0.163519 0.981395 0.385814 0 0 0 1 
38591597440189;0.327282;0.210449;0.997091 0.0397469 -0.065035 0.328849 -0.0362858 0.997905 0.0535622 -0.144041 0.0670277 -0.0510465 0.996444 -0.610794 0 0 0 1 
38591597440190;0.477387;0.181717;0.941021 0.156712 0.299868 0.0848831 -0.226917 0.949711 0.215773 0.457377 -0.250973 -0.271093 0.929258 1.33957 0 0 0 1 
38591597440191;0.452785;0.254022;0.988168 0.0733619 0.134692 0.127044 -0.124654 0.895802 0.426614 -0.0934088 -0.0893602 -0.438357 0.894348 0.907736 0 0 0 1 
38591597440192;0.627235;0.375776;0.969034 -0.246926 -0.000370203 0.458582 0.246173 0.965961 0.0794813 -1.13385 -0.0192684 -0.0771113 0.996836 0.775663 0 0 0 1 
38591597440193;0.3706;0.194323;0.999102 0.0401601 -0.0135159 0.0896451 -0.0416927 0.988647 -0.144355 0.231878 0.00756517 0.144789 0.989434 -0.543661 0 0 0 1 
38591597440194;0.358294;0.158998;0.978081 0.190608 0.083816 0.433631 -0.191224 0.981546 -0.000695093 0.16467 -0.0824018 -0.0153478 0.996481 0.108403 0 0 0 1 
38591597440195;0.380792;0.167459;0.92048 0.322115 -0.221267 0.269537 -0.32365 0.945691 0.0303154 0.86774 0.219015 0.0437085 0.974742 -0.349202 0 0 0 1 
38591597440196;0.614704;0.432449;0.971911 -0.195689 -0.130745 0.028791 0.22472 0.936698 0.268512 -0.770655 0.0699235 -0.29035 0.954362 -0.0584948 0 0 0 1 
38591597440197;0.540834;0.168537;0.934471 0.339314 -0.107842 0.813038 -0.34355 0.938855 -0.0229156 0.986093 0.0934724 0.0584632 0.993904 -0.0199091 0 0 0 1 
38591597440198;0.653732;0.176938;0.964861 0.256149 -0.0585813 0.265595 -0.26242 0.927974 -0.264577 0.393745 -0.0134091 0.270653 0.962584 0.455544 0 0 0 1 
38591597440199;0.0659977;0.146148;0.999902 0.0139856 0.000763191 0.0711848 -0.0139813 0.999888 -0.0053346 -0.0605454 -0.000837713 0.00532341 0.999985 -0.036382 0 0 0 1 
38591597440200;0.599375;0.181858;0.993902 0.106715 -0.0277447 0.705416 -0.106731 0.994288 0.000916792 0.706121 0.0276841 0.00205001 0.999615 0.0839337 0 0 0 1 
38591597440201;0.617035;0.12573;0.99445 0.088365 0.0570961 0.525712 -0.0724328 0.968663 -0.237583 0.204761 -0.0763009 0.232129 0.969688 -0.566778 0 0 0 1 
38591597440202;0.728849;0.283773;0.914264 0.0381709 -0.403316 0.694726 0.0731891 0.963607 0.257108 -0.792562 0.398453 -0.264583 0.878198 -0.0750971 0 0 0 1 
38591597440203;0.628996;0.157949;0.947137 0.317795 -0.0440078 0.917588 -0.316321 0.947916 0.0373617 0.887768 0.0535891 -0.021466 0.998332 0.0580999 0 0 0 1 
38591597440204;0.361491;0.316837;0.988959 -0.14435 -0.0335229 0.126761 0.145381 0.9889 0.0306668 -0.701368 0.028724 -0.0352018 0.998967 0.244734 0 0 0 1 
38591597440205;0.426394;0.165473;0.974952 0.183787 0.125263 -0.230368 -0.206432 0.957372 0.202052 0.31794 -0.0827888 -0.222849 0.971331 0.670385 0 0 0 1 
38591597440206;0.39785;0.207767;0.974844 0.153223 0.161868 0.182116 -0.201468 0.916393 0.345883 0.260812 -0.0953376 -0.369793 0.92421 0.796189 0 0 0 1 
38591597440207;0.654746;0.179109;0.982632 0.183397 0.028276 -0.391251 -0.184724 0.981243 0.0551223 -0.14064 -0.0176364 -0.0593882 0.998079 0.396392 0 0 0 1 
38591597440208;0.405729;0.199024;0.967204 0.0170782 0.253427 0.0146129 -0.0664054 0.980038 0.187392 -0.418836 -0.245168 -0.198075 0.94903 0.55663 0 0 0 1 
38591597440209;0.302589;0.200232;0.928002 0.372139 -0.0180249 0.105293 -0.371723 0.928066 0.0227193 0.997075 0.025183 -0.0143833 0.999579 -0.0105049 0 0 0 1 
38591597440210;0.290612;0.16817;0.991253 0.124623 -0.0434271 0.0805673 -0.130978 0.969317 -0.208014 0.444411 0.0161714 0.211882 0.977161 0.019524 0 0 0 1 
38591597440211;0.669792;0.161096;0.977375 0.185879 0.100927 -0.133562 -0.197781 0.972292 0.12462 -0.38035 -0.0749666 -0.141762 0.987058 0.498386 0 0 0 1 
38591597440212;0.674895;0.172253;0.917257 0.160455 0.364547 0.848974 -0.271332 0.921765 0.276999 0.588696 -0.291581 -0.352992 0.889032 1.11768 0 0 0 1 
38591597440213;0.74739;0.142843;0.986772 0.0997988 -0.127755 0.172939 -0.0676777 0.969694 0.234761 -0.960096 0.147312 -0.22301 0.963621 -0.0444437 0 0 0 1 
38591597440214;0.177349;0.174476;0.99809 0.0426192 -0.0447138 0.246056 -0.0498447 0.983225 -0.175454 0.042432 0.0364861 0.177348 0.983472 -0.305413 0 0 0 1 
38591597440215;0.720627;0.193557;0.987085 0.0962081 -0.12809 0.2042 -0.105093 0.992368 -0.0645007 0.54315 0.120907 0.077129 0.989663 -1.34686 0 0 0 1 
38591597440217;0.284412;0.0535007;0.999894 -0.0119546 -0.00828638 0.207907 0.0120867 0.999798 0.0160722 -0.0195765 0.00809257 -0.0161707 0.999836 0.624838 0 0 0 1 
38591597440218;0.175507;0.0594562;0.980391 0.193179 -0.0389333 -0.179078 -0.194389 0.980463 -0.0300995 0.146061 0.032358 0.0370774 0.998788 -0.0189677 0 0 0 1 
38591597440219;0.263573;0.0573506;0.98306 0.183247 -0.0037523 -0.207522 -0.183227 0.983057 0.0052715 0.270051 0.00465471 -0.00449468 0.999979 0.417344 0 0 0 1 
38591597440220;0.260161;0.0472071;0.998578 0.0319717 -0.0426638 0.00997557 -0.0303736 0.998831 0.037595 0.460121 0.0438159 -0.0362456 0.998382 0.234777 0 0 0 1 
38591597440221;0.443483;0.07366;0.994321 -0.0840697 -0.0652523 0.878205 0.0956269 0.97488 0.201157 -0.0166797 0.046702 -0.206255 0.977383 0.412874 0 0 0 1 
38591597440222;0.400675;0.0525704;0.995308 0.0938283 0.0236404 -0.287244 -0.0945151 0.995076 0.029834 0.251647 -0.0207247 -0.0319283 0.999275 -0.818756 0 0 0 1 
38591597440223;0.500048;0.05652;0.899757 0.431093 0.0677937 -0.495542 -0.434972 0.898461 0.0597332 0.902318 -0.0351594 -0.0832337 0.99591 0.428473 0 0 0 1 
38591597440224;0.319063;0.0539189;0.999527 0.025634 -0.0170065 0.113632 -0.0255055 0.999645 0.00772806 0.0797458 0.0171986 -0.00729064 0.999826 -0.725872 0 0 0 1 
38591597440225;0.246702;0.0748437;0.987956 -0.0942875 0.122689 0.0622937 0.0712894 0.981095 0.179919 0.0421183 -0.137334 -0.169006 0.976 -0.0232865 0 0 0 1 
38591597440226;0.422905;0.0480344;0.886466 0.404164 0.225453 -0.290873 -0.358036 0.907599 -0.219259 0.485455 -0.293237 0.113645 0.949261 0.331053 0 0 0 1 
38591597440227;0.114525;0.0518188;0.999009 0.00312554 0.0443894 -0.103042 -0.00760895 0.994837 0.101195 -0.347284 -0.0438439 -0.101433 0.993876 0.0648135 0 0 0 1 
38591597440228;0.227089;0.070283;0.96462 -0.261364 0.034592 0.0682023 0.262505 0.964331 -0.0340206 -0.245052 -0.0244664 0.0418975 0.998822 0.0958828 0 0 0 1 
38591597440229;0.366377;0.0574065;0.961731 0.272651 0.0270978 -0.556876 -0.271234 0.961377 -0.0467495 0.519847 -0.0387976 0.0376106 0.998539 -0.205377 0 0 0 1 
38591597440230;0.40791;0.0494025;0.999934 0.00982373 0.00601808 -0.0961869 -0.0102757 0.996713 0.0803545 -0.119567 -0.00520892 -0.080411 0.996748 1.01959 0 0 0 1 
38591597440231;0.122929;0.0546069;0.99707 0.0635249 -0.042608 0.0734557 -0.0590369 0.993295 0.0993945 -0.299927 0.0486363 -0.0965879 0.994135 0.0751058 0 0 0 1 
38591597440232;0.235296;0.0610896;0.96561 -0.2588 0.0248859 0.250571 0.258172 0.965753 0.0258349 -0.379963 -0.0307197 -0.0185216 0.999356 0.00339676 0 0 0 1 
38591597440233;0.450082;0.0589135;0.907301 -0.00066739 -0.420482 0.620614 0.119849 0.958929 0.257083 -0.510365 0.40304 -0.283646 0.870117 -0.371593 0 0 0 1 
38591597440234;0.442338;0.0732174;0.892446 -0.44746 -0.0576239 0.443317 0.438289 0.890179 -0.124433 -0.0760967 0.106975 0.0857942 0.990553 -0.22191 0 0 0 1 
38591597440235;0.600621;0.0466368;0.907301 0.419383 -0.0303803 -0.603343 -0.417354 0.906995 0.0563502 1.08381 0.0511871 -0.0384472 0.997949 0.564916 0 0 0 1 
38591597440236;0.098733;0.0531547;0.995564 0.0615805 -0.0711356 0.115405 -0.0606228 0.99804 0.0155464 -0.0746582 0.0719535 -0.011165 0.997345 -0.129955 0 0 0 1 
38591597440237;0.391996;0.0625903;0.993068 -0.113995 -0.0286468 0.426533 0.11608 0.989454 0.0866374 0.220274 0.0184684 -0.0893622 0.995828 0.631233 0 0 0 1 
38591597440238;0.352561;0.0597087;0.919855 0.221504 0.323734 -0.363721 -0.266403 0.958544 0.101104 0.0357628 -0.287918 -0.179245 0.940731 0.579555 0 0 0 1 
38591597440239;0.273596;0.0638986;0.950954 -0.296925 0.0867259 0.215191 0.29874 0.954297 -0.00846443 -0.408253 -0.0802489 0.0339578 0.996196 -0.0487532 0 0 0 1 
38591597440240;0.59112;0.0591208;0.911523 -0.391173 -0.126922 0.937336 0.403986 0.90946 0.0983772 -0.922721 0.0769478 -0.140948 0.987022 0.609633 0 0 0 1 
38591597440241;0.457943;0.0596182;0.923291 0.384102 -0.000413758 -0.142716 -0.383744 0.922384 -0.0441449 0.404355 -0.0165745 0.0409173 0.999025 -0.639893 0 0 0 1 
38591597440242;0.307705;0.0435533;0.98186 0.18841 0.0212709 0.18463 -0.188757 0.981899 0.0156713 -0.435096 -0.0179333 -0.0194021 0.999651 -0.000219702 0 0 0 1 
38591597440243;0.105317;0.056659;0.99828 -0.0586296 -0.000563815 0.0503377 0.058632 0.998193 0.0131327 -0.180542 -0.000207168 -0.0131432 0.999914 -0.161449 0 0 0 1 
38591597440244;0.562292;0.0683446;0.915938 -0.379395 -0.13083 0.850486 0.349063 0.914006 -0.206755 -0.143479 0.198021 0.143706 0.969606 -0.930159 0 0 0 1 
38591597440245;0.374359;0.0564246;0.9927 -0.108963 -0.0516997 -0.549972 0.111996 0.9919 0.0599268 0.201423 0.0447511 -0.0652796 0.996863 0.328275 0 0 0 1 
38591597440246;0.451519;0.0576112;0.880225 0.474368 -0.0133514 -0.0652665 -0.474528 0.880128 -0.0140328 0.690095 0.00509423 0.0186876 0.999812 -0.275547 0 0 0 1 
38591597440248;0.275634;0.0203875;0.952359 0.304953 0.00410478 -0.377177 -0.304848 0.952255 -0.0166543 0.37793 -0.00898758 0.0146096 0.999853 0.0548424 0 0 0 1 
38591597440249;0.256114;0.0305636;0.956558 -0.183696 -0.226391 0.623186 0.172237 0.982597 -0.0695488 -0.112723 0.235227 0.0275346 0.97155 -0.332739 0 0 0 1 
38591597440250;0.238063;0.0312926;0.920455 -0.0192655 -0.390373 0.296551 -0.0346474 0.99083 -0.130594 0.25408 0.389309 0.133731 0.911347 -0.465571 0 0 0 1 
38591597440251;0.292932;0.032158;0.999992 -0.00408077 -9.59565e-05 0.00674855 0.00408177 0.999873 0.0153929 -0.0753441 3.31294e-05 -0.0153932 0.999882 0.907702 0 0 0 1 
38591597440252;0.40515;0.0241705;0.99534 -0.00689633 0.0961772 -0.157191 0.0524119 0.875918 -0.479605 0.477539 -0.0809358 0.482411 0.872198 -0.286071 0 0 0 1 
38591597440253;0.264249;0.025635;0.999684 -0.0211851 0.0135525 -0.622824 0.0208942 0.999556 0.0212559 -0.025728 -0.0139968 -0.020966 0.999682 -0.275625 0 0 0 1 
38591597440254;0.377732;0.0253968;0.907633 -0.393019 0.147442 0.614513 0.351204 0.903383 0.246081 -0.550705 -0.229911 -0.171569 0.957969 0.294152 0 0 0 1 
38591597440255;0.159826;0.0312199;0.978556 0.0765329 0.191234 0.173314 -0.0662171 0.996013 -0.0597734 0.0920013 -0.195046 0.0458287 0.979723 0.423737 0 0 0 1 
38591597440256;0.0516293;0.0253792;0.999326 0.0243756 0.0274416 -0.0157222 -0.0238598 0.999535 -0.018971 0.0866736 -0.0278913 0.0183034 0.999443 0.0731115 0 0 0 1 
38591597440257;0.294004;0.0266369;0.985857 -0.127212 -0.109106 0.143049 0.119807 0.990186 -0.0719578 0.458384 0.117189 0.0578684 0.991422 0.320048 0 0 0 1 
38591597440258;0.456161;0.0206097;0.970321 0.164895 0.176879 -0.56133 -0.226512 0.875876 0.426067 -0.298875 -0.0846681 -0.453487 0.887232 0.583059 0 0 0 1 
