#;prob_registration_l1 -r /home/probabilistic_point_clouds_registration/build/tester /home/point_clouds_registration_benchmark//devel/registration_pairs/hauptgebaude_local.txt /home/point_clouds_registration_benchmark//eth/hauptgebaude -s 0.2 -t 0.2 -p 0.3 -r 1000 -m 20 -i 40 
id;initial_error;final_error;transformation
3394309160000;0.248226;0.041064;0.999274 -0.00749936 0.0373443 0.502538 0.00581641 0.998971 0.0449721 -0.0893383 -0.0376431 -0.0447222 0.99829 0.0467838 0 0 0 1 
3394309160001;0.28369;0.0360627;0.993448 0.110908 -0.0275755 -0.435536 -0.108953 0.991956 0.0644427 0.794817 0.0345009 -0.061016 0.99754 -0.586987 0 0 0 1 
3394309160002;0.278932;0.0360343;0.977047 -0.0114681 0.212713 -0.152152 0.0087718 0.999869 0.0136151 -0.120509 -0.212842 -0.0114367 0.97702 0.792805 0 0 0 1 
3394309160003;0.0682056;0.0309748;0.994962 -0.0965216 0.0271 0.0222116 0.0968626 0.995231 -0.011563 -0.643007 -0.0258547 0.0141297 0.999566 0.241964 0 0 0 1 
3394309160004;0.286924;0.0393563;0.99914 0.036746 -0.0192041 0.504293 -0.0365059 0.999253 0.0127087 0.710225 0.0196568 -0.0119967 0.999735 -0.239812 0 0 0 1 
3394309160005;0.492031;0.0434438;0.908111 0.380499 0.174802 -0.293933 -0.405941 0.902379 0.144652 2.53495 -0.102697 -0.20232 0.97392 0.380651 0 0 0 1 
3394309160006;0.393899;0.0396213;0.988203 0.0206192 0.151754 -0.275948 -0.0225161 0.999688 0.010792 0.51206 -0.151484 -0.0140815 0.988359 1.96851 0 0 0 1 
3394309160007;0.411602;0.0359299;0.883995 -0.340654 0.320169 0.365407 0.345512 0.937409 0.0434184 -2.11868 -0.31492 0.0722406 0.946365 1.49027 0 0 0 1 
3394309160008;0.42721;0.0321676;0.953421 -0.298908 -0.0405147 0.485092 0.299757 0.95387 0.0166555 -1.9197 0.0336673 -0.0280242 0.99904 0.738793 0 0 0 1 
3394309160009;0.395375;0.03412;0.977178 -0.204939 -0.0558763 0.442421 0.199751 0.976022 -0.0864916 -1.51361 0.072262 0.0733564 0.994684 0.471698 0 0 0 1 
3394309160010;0.216746;0.0286416;0.991692 -0.0101324 -0.128234 -0.108384 -0.0118864 0.985409 -0.169785 0.446646 0.128083 0.169899 0.977102 -0.536362 0 0 0 1 
3394309160011;0.228138;0.536873;0.949044 -0.222932 -0.222749 1.85253 0.246046 0.965808 0.0817041 -1.72135 0.196918 -0.132347 0.971446 -1.04143 0 0 0 1 
3394309160012;0.324315;0.658017;0.942464 -0.332321 -0.0364033 1.4602 0.333815 0.929561 0.156473 -2.34389 -0.0181604 -0.159622 0.987011 -0.112329 0 0 0 1 
3394309160013;0.268523;0.0397852;0.997939 0.0560006 -0.0313187 0.577056 -0.0560137 0.99843 0.000460758 0.0515148 0.0312954 0.00129447 0.999509 -0.380639 0 0 0 1 
3394309160014;0.217364;0.0393627;0.999851 0.0145562 0.00923913 -0.0388345 -0.0161842 0.977148 0.211941 -0.365697 -0.00594293 -0.212059 0.977239 0.363855 0 0 0 1 
3394309160015;0.198549;0.0371397;0.972643 0.103739 0.207854 -0.297189 -0.0996273 0.994567 -0.0301828 0.677139 -0.209856 0.00864916 0.977694 1.51506 0 0 0 1 
3394309160016;0.362241;0.0399431;0.887686 -0.225351 0.401536 0.497323 0.220224 0.973629 0.0595682 -1.70745 -0.404371 0.03555 0.913904 3.25433 0 0 0 1 
3394309160017;0.403444;0.0339215;0.923522 -0.277599 0.264661 -0.497179 0.269299 0.960659 0.067912 -1.31493 -0.273102 0.00855486 0.961947 1.86793 0 0 0 1 
3394309160018;0.415951;0.0418445;0.959943 0.26438 0.0928036 -0.688868 -0.269036 0.96223 0.0416424 1.90949 -0.0782889 -0.0649418 0.994813 0.454527 0 0 0 1 
3394309160019;0.389264;0.0367266;0.96845 0.248893 -0.0124917 0.027627 -0.248822 0.968524 0.00697808 1.25589 0.0138353 -0.0036497 0.999898 -0.793811 0 0 0 1 
3394309160020;0.355901;0.0350691;0.943388 -0.163102 -0.288819 0.840973 0.0695022 0.948621 -0.308686 -0.032894 0.324327 0.271137 0.906254 -1.60804 0 0 0 1 
3394309160021;0.307009;0.0336849;0.990778 -0.123406 -0.0559378 0.623972 0.133063 0.964053 0.229992 -1.17058 0.0255445 -0.235315 0.971584 -0.236601 0 0 0 1 
3394309160022;0.159878;0.0353599;0.979158 -0.0396179 0.1992 -0.284342 0.0545474 0.996053 -0.0700244 -0.29498 -0.19564 0.0794308 0.977454 1.33787 0 0 0 1 
3394309160023;0.179015;0.0329158;0.995304 -0.0474553 0.0843699 -0.180478 0.049008 0.998663 -0.0164271 -0.374998 -0.0834775 0.0204847 0.996299 0.189174 0 0 0 1 
3394309160024;0.448507;0.593894;0.899506 -0.434931 0.0415297 1.95036 0.433246 0.900208 0.0438571 -2.73238 -0.0564602 -0.0214572 0.998174 1.18131 0 0 0 1 
3394309160025;0.259237;0.0356271;0.98772 0.156129 -0.00574736 -0.127516 -0.155695 0.986698 0.0467594 0.992038 0.0129714 -0.0452904 0.99889 -0.551403 0 0 0 1 
3394309160026;0.300277;0.0348589;0.994902 0.0786326 0.0631401 0.313266 -0.0752169 0.995662 -0.0547681 -0.0926004 -0.0671727 0.0497397 0.996501 0.813265 0 0 0 1 
3394309160027;0.421694;0.0378007;0.955627 -0.226791 -0.187994 0.429698 0.264984 0.940596 0.212277 -2.52653 0.128684 -0.252674 0.958956 -0.281868 0 0 0 1 
3394309160028;0.443835;0.0424323;0.924935 0.102806 0.36596 -0.140211 0.00847935 0.956914 -0.290248 0.757351 -0.380032 0.271564 0.884211 2.38841 0 0 0 1 
3394309160029;0.512116;0.0355584;0.998833 -0.0268207 0.0401677 0.259576 0.0391408 0.936745 -0.347817 0.438508 -0.0282982 0.348983 0.936702 -0.591368 0 0 0 1 
3394309160031;0.426851;0.0589893;0.958767 -0.219732 -0.180234 0.268718 0.241987 0.963759 0.1123 -0.812357 0.149026 -0.151284 0.977192 -0.877136 0 0 0 1 
3394309160032;0.353703;0.0555406;0.908718 -0.39747 -0.127472 0.0114078 0.401305 0.915932 0.00484316 -0.173013 0.114831 -0.0555562 0.99183 -0.149135 0 0 0 1 
3394309160033;0.139215;0.0524394;0.993204 -0.0408012 -0.108999 0.0839195 0.0360863 0.99834 -0.0448853 -0.283527 0.110649 0.040647 0.993028 0.164139 0 0 0 1 
3394309160034;0.389775;0.0559194;0.932992 0.358428 -0.0324925 -0.299739 -0.355904 0.932284 0.0646471 0.261573 0.0534635 -0.048751 0.997379 -0.487381 0 0 0 1 
3394309160035;0.19696;0.0495368;0.979641 0.1579 -0.123983 0.0439941 -0.171832 0.978841 -0.1111 0.348833 0.103817 0.130143 0.986045 -0.0442474 0 0 0 1 
3394309160036;0.370886;0.0539348;0.932929 -0.357324 -0.044311 -0.254732 0.357963 0.90718 0.221102 -0.554943 -0.0388071 -0.222134 0.974243 0.418025 0 0 0 1 
3394309160037;0.384635;0.0551156;0.909496 -0.265214 0.320122 -0.254206 0.199378 0.953998 0.223912 -0.898617 -0.36478 -0.139822 0.920535 0.135852 0 0 0 1 
3394309160038;0.368064;0.0516887;0.953269 0.301855 -0.0127462 -0.656402 -0.301737 0.949065 -0.0907201 0.545884 -0.0152874 0.0903266 0.995795 0.0309597 0 0 0 1 
3394309160039;0.0746977;0.0468741;0.999528 -0.0072518 0.029857 -0.124472 0.00695374 0.999925 0.0100747 -0.117115 -0.0299278 -0.00986235 0.999503 -0.0572562 0 0 0 1 
3394309160040;0.279481;0.0500205;0.924945 -0.341464 0.166968 0.129345 0.322548 0.937515 0.130494 -0.64422 -0.201094 -0.0668444 0.977289 0.43847 0 0 0 1 
3394309160041;0.389623;0.0490241;0.887908 -0.459518 -0.0215165 0.62465 0.459685 0.884498 0.0797043 -0.73479 -0.0175942 -0.0806609 0.996586 -5.83518e-05 0 0 0 1 
3394309160042;0.283783;0.0580434;0.983688 -0.179774 0.0061915 -0.420695 0.179751 0.983703 0.00416263 -0.20005 -0.00683893 -0.0029818 0.999972 -0.288409 0 0 0 1 
3394309160043;0.314339;0.0512252;0.999018 0.0442707 0.00147733 0.19577 -0.0437268 0.98032 0.192511 -0.163882 0.00707435 -0.192387 0.981294 0.719381 0 0 0 1 
3394309160044;0.531805;0.0566449;0.897563 0.418097 -0.139912 -0.526111 -0.402102 0.906442 0.129142 0.593081 0.180816 -0.0596545 0.981706 0.537556 0 0 0 1 
3394309160045;0.395186;0.353139;0.985882 0.0764059 0.148994 -0.363489 -0.0483542 0.981823 -0.183535 -0.117266 -0.160309 0.173739 0.971656 0.267546 0 0 0 1 
3394309160046;0.217132;0.0449464;0.988581 -0.150688 -0.000730436 0.205752 0.150685 0.988498 0.0128362 -0.67428 -0.00121223 -0.0127997 0.999917 0.186407 0 0 0 1 
3394309160047;0.371665;0.0498904;0.973493 -0.164548 0.158853 -0.073798 0.179604 0.980015 -0.0855133 -0.00184876 -0.141607 0.111777 0.983592 -0.533737 0 0 0 1 
3394309160048;0.441321;0.0572179;0.898692 0.340916 0.275916 -0.431929 -0.28302 0.931383 -0.228967 0.6536 -0.335042 0.127681 0.933512 0.90551 0 0 0 1 
3394309160049;0.529697;0.0518195;0.963084 -0.265135 -0.046607 0.0344453 0.261311 0.879138 0.398538 -1.56464 -0.0646922 -0.396004 0.915967 0.284808 0 0 0 1 
3394309160050;0.242722;0.0497596;0.98237 -0.135489 0.12881 -0.0186394 0.135661 0.990727 0.0074758 -0.292031 -0.128628 0.0101305 0.991641 0.733831 0 0 0 1 
3394309160051;0.288745;0.056808;0.976808 -0.0312244 0.211827 -0.255058 0.00769069 0.993788 0.111025 -0.17483 -0.213978 -0.106821 0.97098 0.930845 0 0 0 1 
3394309160052;0.346607;0.0572162;0.99701 0.0755266 0.0163232 0.0420248 -0.0757674 0.997018 0.0146751 -0.100719 -0.0151661 -0.015868 0.999759 -0.737384 0 0 0 1 
3394309160053;0.177457;0.0499419;0.99287 -0.0197954 0.117546 -0.342373 0.0192676 0.999799 0.00562535 -0.308509 -0.117634 -0.00332042 0.993052 0.4444 0 0 0 1 
3394309160054;0.393365;0.0423374;0.997078 -0.0469765 -0.0602418 0.633419 0.0570952 0.982173 0.1791 -0.755153 0.0507544 -0.182016 0.981985 0.476612 0 0 0 1 
3394309160055;0.395101;0.0546852;0.99746 -0.0695966 0.0151388 0.710097 0.0705364 0.994723 -0.0745063 0.0904198 -0.00987355 0.0753849 0.997106 -0.478177 0 0 0 1 
3394309160056;0.394726;0.049256;0.987228 0.158859 0.0120335 -0.601803 -0.158778 0.974914 0.155985 0.331118 0.0130479 -0.155903 0.987686 -0.431521 0 0 0 1 
3394309160057;0.649395;0.0492934;0.932818 0.35312 0.0718169 -1.00585 -0.318626 0.901353 -0.293327 1.27155 -0.168312 0.250738 0.953311 0.572445 0 0 0 1 
3394309160058;0.444142;0.0470267;0.976586 0.214899 0.00995228 -0.384974 -0.214161 0.975534 -0.049692 0.57488 -0.0203876 0.0463971 0.998715 0.905849 0 0 0 1 
3394309160059;0.406193;0.0536401;0.988412 -0.0152377 0.151031 0.510852 0.0701545 0.928173 -0.365477 0.00262313 -0.134614 0.371837 0.918486 0.573112 0 0 0 1 
3394309160060;0.43448;0.0519802;0.910555 0.412911 -0.0198252 0.0446483 -0.410543 0.897633 -0.160344 0.729495 -0.048412 0.154141 0.986862 -0.39784 0 0 0 1 
3394309160062;0.235158;0.0280241;0.950989 -0.265404 0.158685 0.462131 0.280042 0.956816 -0.077975 -6.09833 -0.131137 0.118592 0.984245 2.95233 0 0 0 1 
3394309160063;0.42419;0.0684249;0.978088 0.2078 -0.0127426 0.629672 -0.207424 0.977907 0.0259429 4.33197 0.017852 -0.0227313 0.999582 0.620459 0 0 0 1 
3394309160064;0.439802;0.0676169;0.893831 0.409489 0.182714 1.89308 -0.413898 0.910198 -0.0151083 8.98354 -0.172492 -0.0621206 0.98305 3.61875 0 0 0 1 
3394309160065;0.350677;0.0645469;0.988248 0.0769834 0.132058 0.165216 -0.0800977 0.996617 0.0184273 1.24094 -0.130192 -0.0287882 0.991071 2.19522 0 0 0 1 
3394309160066;0.242534;0.0441709;0.999397 0.00656425 -0.0341003 -0.19759 -0.0135604 0.977779 -0.209201 0.160222 0.0319693 0.209537 0.977278 -0.135937 0 0 0 1 
3394309160067;0.392633;0.0602173;0.881225 0.184548 0.435183 1.78117 -0.120683 0.977966 -0.170349 3.04196 -0.457031 0.0975963 0.88408 10.2417 0 0 0 1 
3394309160068;0.328762;0.0576179;0.989743 0.141751 0.0177569 0.121217 -0.142856 0.982818 0.116877 3.65747 -0.000884355 -0.118215 0.992988 -0.43615 0 0 0 1 
3394309160069;0.0998438;0.0549162;0.999896 0.0105623 -0.00978767 0.171777 -0.0105306 0.999939 0.00328326 0.325635 0.00982176 -0.00317984 0.999947 -0.252429 0 0 0 1 
3394309160070;0.429464;0.0600188;0.918423 0.283801 0.2756 1.31637 -0.345194 0.915217 0.207893 7.48232 -0.193234 -0.286069 0.938523 4.29999 0 0 0 1 
3394309160071;0.0989399;0.0514162;0.998744 0.0488518 -0.0111467 -0.011529 -0.0487452 0.998765 0.00964405 1.09632 0.011604 -0.00908859 0.999891 -0.419408 0 0 0 1 
3394309160072;0.334886;0.0284094;0.936628 -0.349533 -0.0235711 1.11156 0.346521 0.914464 0.208994 -7.94785 -0.0514954 -0.203917 0.977633 0.736739 0 0 0 1 
3394309160073;0.372916;0.0324958;0.98911 -0.147162 0.00196321 0.824612 0.14715 0.9891 0.00526974 -3.24866 -0.00271731 -0.00492347 0.999984 0.449166 0 0 0 1 
3394309160074;0.236373;0.0336658;0.982423 -0.182049 -0.0412777 0.304476 0.18465 0.980178 0.0717985 -4.1082 0.0273886 -0.0781584 0.996565 -1.05494 0 0 0 1 
3394309160075;0.259352;0.0431164;0.97993 0.0734014 -0.185338 0.661585 -0.119713 0.960107 -0.252713 2.93195 0.159395 0.269828 0.949624 -3.19295 0 0 0 1 
3394309160076;0.21267;0.0586742;0.975337 0.168148 0.142982 0.344271 -0.155234 0.983084 -0.0971984 3.73583 -0.156907 0.0726055 0.984941 3.66432 0 0 0 1 
3394309160077;0.259302;0.0530819;0.990164 0.132996 -0.0434529 0.161216 -0.138147 0.978516 -0.153039 3.1815 0.0221659 0.157536 0.987264 0.297173 0 0 0 1 
3394309160078;0.466153;0.0332162;0.882937 -0.424073 0.201456 1.68568 0.444327 0.89337 -0.0668061 -9.34474 -0.151644 0.148498 0.977217 4.23459 0 0 0 1 
3394309160079;0.423773;0.0378109;0.965601 -0.167738 0.198693 -0.315048 0.191086 0.975972 -0.104709 -3.93583 -0.176356 0.139074 0.974452 3.3592 0 0 0 1 
3394309160080;0.255153;0.0514357;0.992533 0.00472626 0.121886 0.0374226 0.012955 0.989513 -0.143863 -0.0205693 -0.121288 0.144368 0.982063 2.36994 0 0 0 1 
3394309160081;0.296072;0.0505073;0.99678 -0.0750295 0.0282948 0.263873 0.0750245 0.997181 0.00124087 -0.923401 -0.0283081 0.000885928 0.999599 0.563763 0 0 0 1 
3394309160082;0.355531;0.0358548;0.9038 -0.420065 -0.0817989 1.86111 0.415269 0.907032 -0.0696004 -8.94022 0.103431 0.0289364 0.994216 -2.20896 0 0 0 1 
3394309160083;0.180325;0.0252641;0.997218 -0.0737185 -0.0110132 -0.0340086 0.0744517 0.978096 0.194383 -1.95587 -0.0035576 -0.194662 0.980864 0.0151639 0 0 0 1 
3394309160084;0.188147;0.0307553;0.997819 -0.0318261 -0.0578314 -0.123854 0.0310508 0.999416 -0.0142562 -0.416736 0.0582513 0.0124294 0.998225 -1.57234 0 0 0 1 
3394309160085;0.149775;0.0504949;0.997275 0.0071295 0.0734284 -0.176794 -0.0194609 0.985488 0.168625 0.169627 -0.0711606 -0.169594 0.982941 1.41494 0 0 0 1 
3394309160086;0.360181;0.0384427;0.976886 0.0281005 -0.211904 1.25878 -0.0443258 0.996404 -0.072211 1.18866 0.209113 0.0799348 0.974619 -3.63433 0 0 0 1 
3394309160087;0.069233;0.0301169;0.99621 -0.0846149 -0.0201359 0.0271284 0.0849714 0.996229 0.0175608 -1.82477 0.018574 -0.0192053 0.999643 -0.373213 0 0 0 1 
3394309160088;0.334175;0.0379736;0.956344 -0.25056 0.15042 -0.279862 0.226796 0.960923 0.158715 -5.08664 -0.18431 -0.117672 0.975799 3.65206 0 0 0 1 
3394309160089;0.384231;0.0354422;0.967029 -0.221652 0.125399 0.0732081 0.209417 0.972313 0.103692 -4.96208 -0.14491 -0.0740124 0.986673 2.34078 0 0 0 1 
3394309160090;0.357505;0.0296891;0.947015 -0.299357 0.1164 0.724321 0.315302 0.935532 -0.159261 -6.26283 -0.0612202 0.187523 0.98035 1.93437 0 0 0 1 
3394309160091;0.460987;0.0627292;0.97385 0.220671 0.0540475 0.251995 -0.223075 0.973837 0.0433601 3.95637 -0.0430651 -0.0542828 0.997596 0.509427 0 0 0 1 
3394309160093;0.186714;0.0613477;0.98036 -0.0833567 -0.178734 0.472073 0.0883621 0.995883 0.0202151 -1.47787 0.176313 -0.0356114 0.98369 -3.44949 0 0 0 1 
3394309160094;0.310812;0.0763995;0.985005 -0.137503 0.104201 0.29489 0.137722 0.990458 0.00512155 -1.79338 -0.103911 0.00930604 0.994543 1.98234 0 0 0 1 
3394309160095;0.222858;0.0692113;0.998313 -0.0422073 -0.0398758 0.173789 0.0415272 0.99898 -0.0177335 -0.767684 0.0405836 0.0160476 0.999047 -0.172383 0 0 0 1 
3394309160096;0.38163;0.0660729;0.995129 -0.0829852 -0.0532197 0.224625 0.0882871 0.990381 0.106542 -1.80668 0.0438663 -0.110722 0.992883 0.00960113 0 0 0 1 
3394309160097;0.257713;0.0656159;0.999814 0.000651107 -0.0192817 -0.142173 -0.00047478 0.999958 0.00914797 0.0999987 0.0192868 -0.00913711 0.999772 0.35512 0 0 0 1 
3394309160098;0.436886;0.898562;0.888006 0.446804 0.108679 -0.277943 -0.412595 0.878551 -0.240651 8.04825 -0.203004 0.168859 0.964508 3.80231 0 0 0 1 
3394309160099;0.352112;0.081889;0.991773 0.089901 0.0911288 0.51034 -0.071965 0.980309 -0.183891 1.93211 -0.105866 0.175821 0.978713 1.74739 0 0 0 1 
3394309160100;0.383134;0.0646448;0.996068 -0.0255459 -0.0848313 0.265089 0.0310251 0.997473 0.0639121 -0.432998 0.0829842 -0.0662926 0.994343 -0.575175 0 0 0 1 
3394309160101;0.349174;0.0784638;0.999821 -0.000588247 0.0189008 -0.0747603 0.00470904 0.975774 -0.218732 0.693252 -0.0183142 0.218782 0.975602 1.36215 0 0 0 1 
3394309160102;0.328612;0.0724701;0.989896 0.0906478 -0.109038 0.21863 -0.077411 0.989746 0.120045 1.41909 0.118802 -0.110391 0.986762 -1.43185 0 0 0 1 
3394309160103;0.353684;0.0621689;0.997736 -0.0121921 0.0661348 -0.911386 0.00879142 0.998636 0.0514696 -0.255378 -0.0666721 -0.0507717 0.996482 1.69201 0 0 0 1 
3394309160104;0.220681;0.0686434;0.97867 -0.149581 0.140824 -0.388893 0.144393 0.988431 0.0464193 -2.18652 -0.146138 -0.0250952 0.988946 2.57333 0 0 0 1 
3394309160105;0.408456;0.443835;0.931265 0.355006 0.0819512 0.267403 -0.36098 0.929516 0.0754549 6.77344 -0.049388 -0.0998513 0.993776 1.42983 0 0 0 1 
3394309160106;0.441483;0.0685072;0.892584 -0.427481 0.143364 1.46571 0.379245 0.883778 0.274063 -7.29625 -0.243858 -0.190254 0.950966 4.6884 0 0 0 1 
3394309160107;0.532391;0.0593477;0.913358 -0.37697 -0.153855 2.07593 0.361398 0.924645 -0.120098 -6.33076 0.187534 0.0540896 0.980768 -3.80267 0 0 0 1 
3394309160108;0.223867;0.0644265;0.999996 0.00295527 -0.000228523 -0.213123 -0.00295343 0.999966 0.00768116 0.0566689 0.000251215 -0.00768045 0.99997 0.596846 0 0 0 1 
3394309160109;0.0784344;0.0653857;0.993885 -0.110281 -0.00555283 -0.120499 0.110371 0.993689 0.02 -1.94306 0.00331216 -0.0204906 0.999785 -0.0542958 0 0 0 1 
3394309160110;0.305364;0.0678061;0.984242 -0.167599 0.0563774 -0.360479 0.175216 0.967322 -0.183271 -2.94288 -0.023819 0.190261 0.981444 1.38305 0 0 0 1 
3394309160111;0.289575;0.856252;0.947273 0.249491 0.201065 -0.78203 -0.231635 0.966756 -0.1083 4.42544 -0.221401 0.0560157 0.973573 4.34042 0 0 0 1 
3394309160112;0.386373;0.0550237;0.966115 -0.254225 0.044622 0.150255 0.253854 0.967143 0.0138853 -4.65211 -0.0466859 -0.0020873 0.998907 1.72015 0 0 0 1 
3394309160113;0.347639;0.0729256;0.999483 0.0320268 -0.0029423 -0.249445 -0.0320244 0.999487 0.00085108 0.935106 0.00296805 -0.000756414 0.999995 0.863617 0 0 0 1 
3394309160114;0.578959;0.580422;0.892005 0.371585 0.257394 -0.514216 -0.367468 0.927705 -0.0658053 6.43374 -0.263238 -0.0358856 0.964063 4.69655 0 0 0 1 
3394309160115;0.373208;0.0768427;0.996189 -0.0163701 0.0856722 -0.436279 0.0239268 0.995839 -0.0879366 -0.207482 -0.0838761 0.0896513 0.992435 0.777299 0 0 0 1 
3394309160116;0.177223;0.0691434;0.99948 -0.0316139 -0.00638433 0.178737 0.0315486 0.999451 -0.0100866 -0.140926 0.0066997 0.00987996 0.999929 -0.160293 0 0 0 1 
3394309160117;0.448363;0.0581626;0.977432 -0.206514 -0.044492 0.238922 0.186221 0.941733 -0.280109 -2.60065 0.099746 0.265502 0.958937 -2.17682 0 0 0 1 
3394309160118;0.307421;0.0840829;0.955084 0.187217 0.229705 0.4444 -0.13202 0.962796 -0.235787 2.94329 -0.265302 0.19487 0.944267 4.96038 0 0 0 1 
3394309160119;0.336676;0.0678122;0.930028 -0.360895 -0.0693005 0.953546 0.361938 0.932198 0.00268965 -6.37395 0.0636312 -0.0275839 0.997592 -0.708923 0 0 0 1 
3394309160120;0.390228;0.0550567;0.878233 -0.447559 0.168516 1.41619 0.462134 0.884894 -0.0582642 -8.1064 -0.123042 0.129047 0.983975 2.79229 0 0 0 1 
3394309160121;0.364275;0.0838217;0.932489 -0.113669 0.342846 0.204935 0.185182 0.965402 -0.183591 -2.58031 -0.310115 0.234686 0.921277 6.01318 0 0 0 1 
3394309160122;0.150012;0.0897429;0.983168 0.178366 -0.0395782 0.543015 -0.179427 0.983451 -0.0250852 3.27266 0.0344489 0.0317643 0.998902 -0.529986 0 0 0 1 
3394309160124;0.265891;0.0585111;0.969397 -0.234558 0.0724715 -0.0931243 0.235981 0.971688 -0.0116132 -5.83912 -0.0676957 0.0283597 0.997303 1.53233 0 0 0 1 
3394309160125;0.0924407;0.0748042;0.991681 0.020621 0.127059 -0.0405184 -0.029335 0.997315 0.0670977 0.657218 -0.125334 -0.0702668 0.989623 2.86741 0 0 0 1 
3394309160126;0.454214;0.0758665;0.918886 0.293485 -0.263656 3.09836 -0.294612 0.954931 0.0361955 7.42759 0.262396 0.0444168 0.963937 -5.8428 0 0 0 1 
3394309160127;0.391085;0.0751881;0.91763 0.392872 -0.0600583 2.10493 -0.377797 0.909183 0.175086 8.85371 0.12339 -0.137974 0.98272 -3.17784 0 0 0 1 
3394309160128;0.398984;0.0781146;0.940822 0.33715 0.0344172 1.17963 -0.328448 0.932115 -0.152589 8.16249 -0.0835261 0.132254 0.98769 2.07965 0 0 0 1 
3394309160129;0.0588853;0.0548474;0.999957 -0.00873131 -0.00302622 -0.148048 0.00875695 0.999925 0.00856555 -0.241653 0.00295121 -0.00859168 0.999959 0.123924 0 0 0 1 
3394309160130;0.354684;0.0691629;0.98802 -0.115879 0.10192 0.227337 0.145986 0.915947 -0.373805 -3.23685 -0.0500366 0.384205 0.921891 1.72193 0 0 0 1 
3394309160131;0.385569;0.0714754;0.88626 0.459079 0.0615679 2.95777 -0.459379 0.888184 -0.0100283 10.7618 -0.0592874 -0.0193953 0.998053 1.46691 0 0 0 1 
3394309160132;0.356548;0.0586714;0.902805 -0.426614 0.054253 1.77024 0.43004 0.894709 -0.120669 -10.0059 0.00293853 0.132272 0.991209 0.178925 0 0 0 1 
3394309160133;0.361702;0.0598199;0.946937 -0.189893 -0.259328 1.52533 0.259945 0.92699 0.270404 -6.29324 0.189047 -0.323467 0.927163 -4.68365 0 0 0 1 
3394309160134;0.414145;0.0549733;0.975627 -0.21803 0.0247777 1.01834 0.219208 0.973511 -0.0649926 -4.75778 -0.00995101 0.06884 0.997578 0.388562 0 0 0 1 
3394309160135;0.292331;0.0612129;0.999104 0.00243706 -0.0422605 0.0270198 0.00172192 0.995175 0.0980982 -0.462535 0.0422956 -0.098083 0.994279 -1.63134 0 0 0 1 
3394309160136;0.443471;0.0763463;0.971297 0.237276 -0.0167834 0.831663 -0.236941 0.971323 0.0197441 5.84337 0.0209869 -0.0152007 0.999664 -1.28475 0 0 0 1 
3394309160137;0.250953;0.0566007;0.980199 -0.188172 -0.0616524 0.347257 0.194058 0.974797 0.110061 -4.6439 0.0393881 -0.119846 0.992011 -1.38957 0 0 0 1 
3394309160138;0.370395;0.0559542;0.924694 -0.273047 -0.265304 1.80599 0.252 0.961333 -0.111065 -5.41937 0.285371 0.0358449 0.957747 -6.07337 0 0 0 1 
3394309160139;0.0858104;0.0732911;0.997826 0.0649603 -0.0111406 0.0289737 -0.0638242 0.994538 0.0825886 1.36113 0.0164448 -0.081698 0.996521 -0.452583 0 0 0 1 
3394309160140;0.322515;0.0568817;0.902081 -0.0565552 -0.427846 2.94131 0.0613507 0.998113 -0.00258305 -1.4345 0.427185 -0.0239185 0.903848 -10.0011 0 0 0 1 
3394309160141;0.361297;0.0771747;0.942918 0.332984 0.00516034 1.14906 -0.333006 0.942593 0.0249952 7.9693 0.00345888 -0.0252868 0.999674 -0.127915 0 0 0 1 
3394309160142;0.193657;0.0723286;0.967385 0.0164809 0.252774 0.153692 -0.0278935 0.998744 0.0416325 0.626374 -0.25177 -0.0473254 0.966629 6.03001 0 0 0 1 
3394309160143;0.448915;0.0666602;0.973563 0.227874 -0.0157473 0.000276686 -0.227224 0.97321 0.0350835 4.99078 0.02332 -0.0305779 0.99926 -0.850992 0 0 0 1 
3394309160144;0.382267;0.0580028;0.924575 -0.345045 -0.161568 1.0016 0.332009 0.937681 -0.102588 -8.17052 0.186897 0.041208 0.981515 -4.4544 0 0 0 1 
3394309160145;0.390824;0.0619968;0.909644 0.116627 -0.398679 2.80957 -0.20482 0.96092 -0.186227 5.12823 0.36138 0.251058 0.897983 -8.29814 0 0 0 1 
3394309160146;0.519843;0.0787404;0.988134 0.0456799 0.146645 0.0443044 -0.0802875 0.967544 0.239609 1.66603 -0.13094 -0.248539 0.959731 4.0168 0 0 0 1 
3394309160147;0.314525;0.0567851;0.952209 -0.195205 -0.23493 0.679747 0.238218 0.956007 0.171183 -5.60031 0.191179 -0.218966 0.95682 -4.30642 0 0 0 1 
3394309160148;0.159477;0.0752072;0.996586 -0.000162879 0.0825618 0.0842848 -0.00880886 0.99408 0.108291 -0.0865271 -0.0820907 -0.108649 0.990685 1.83759 0 0 0 1 
3394309160149;0.32406;0.0655793;0.99605 -0.0865026 0.0200418 0.271464 0.0748508 0.939397 0.33456 -2.10103 -0.0477675 -0.331738 0.942161 0.544893 0 0 0 1 
3394309160150;0.0510986;0.0721159;0.998792 0.0470747 0.0141023 -0.0820528 -0.0472083 0.998842 0.00929468 1.14546 -0.0136484 -0.0099492 0.999857 0.425986 0 0 0 1 
3394309160151;0.610087;0.0572197;0.924367 -0.348972 -0.154159 2.58688 0.336567 0.936207 -0.101188 -7.46707 0.179636 0.0416501 0.982851 -3.82737 0 0 0 1 
3394309160152;0.362678;0.0761117;0.924712 0.279998 -0.257894 2.54933 -0.305452 0.950072 -0.0637358 7.34723 0.227172 0.137712 0.964069 -5.35788 0 0 0 1 
3394309160153;0.287468;0.0749115;0.957277 0.28002 -0.0721833 1.19095 -0.257526 0.939067 0.227669 5.67352 0.131537 -0.199353 0.971059 -3.03198 0 0 0 1 
3394309160155;0.447786;0.0833975;0.967677 -0.241116 -0.0739261 0.377655 0.249509 0.872653 0.419788 -3.14921 -0.0367057 -0.424664 0.904607 0.228365 0 0 0 1 
3394309160156;0.233355;0.0571982;0.928012 0.0705309 -0.365814 1.10545 -0.0600207 0.997394 0.0400398 0.51987 0.367685 -0.015201 0.929826 -3.17834 0 0 0 1 
3394309160157;0.264959;0.252998;0.976329 0.0345792 0.213507 -0.657465 -0.082866 0.971617 0.22157 0.337216 -0.199785 -0.234018 0.951484 1.46774 0 0 0 1 
3394309160158;0.276214;0.0566632;0.986611 -0.159488 0.0340922 0.0128349 0.159696 0.98716 -0.00346016 -1.63706 -0.0331026 0.00885823 0.999413 -0.178607 0 0 0 1 
3394309160159;0.327677;0.0998942;0.99944 0.028268 0.0179204 -0.418478 -0.0294482 0.997152 0.0694248 0.188293 -0.0159069 -0.0699137 0.997426 1.01796 0 0 0 1 
3394309160160;0.133668;0.154695;0.985531 -0.00201545 0.169485 -0.559491 0.0123791 0.998115 -0.0601137 0.00760342 -0.169044 0.061342 0.983698 1.62925 0 0 0 1 
3394309160161;0.30505;0.847256;0.947337 0.319836 -0.0160557 -1.87137 -0.319378 0.947276 0.0258211 3.09158 0.0234677 -0.0193334 0.999538 0.12662 0 0 0 1 
3394309160162;0.0502853;0.087787;0.999941 -0.0100774 -0.00401797 -0.108315 0.0100683 0.999947 -0.00228765 -0.145688 0.00404081 0.00224706 0.999989 0.101249 0 0 0 1 
3394309160163;0.250016;0.072369;0.994613 -0.074518 -0.0720536 -0.042242 0.090577 0.962802 0.254574 -1.27973 0.050403 -0.259729 0.964365 -0.235934 0 0 0 1 
3394309160164;0.523579;0.873052;0.901876 0.430572 -0.0350431 -2.06129 -0.43074 0.902471 0.00299633 3.75924 0.0329155 0.0123921 0.999381 0.132969 0 0 0 1 
3394309160165;0.368871;0.796776;0.962237 0.270136 0.0335633 -1.74543 -0.25256 0.931952 -0.26015 2.57367 -0.101556 0.24185 0.964985 1.7419 0 0 0 1 
3394309160166;0.306131;0.0980776;0.999481 -0.0127628 -0.0295782 -0.0962086 0.0127627 0.999919 -0.000192689 -0.11867 0.0295783 -0.00018491 0.999562 -0.963455 0 0 0 1 
3394309160167;0.598213;0.0638275;0.895295 -0.143451 -0.421744 1.93158 0.218937 0.966197 0.136127 -2.83437 0.387961 -0.214209 0.896438 -2.86197 0 0 0 1 
3394309160168;0.1742;0.108663;0.999424 0.0331085 -0.00750528 -0.274201 -0.033091 0.999449 0.00244178 0.292356 0.00758199 -0.00219201 0.999969 0.466636 0 0 0 1 
3394309160169;0.457369;0.0592278;0.943035 -0.32994 0.0427109 0.0929858 0.328552 0.943784 0.0364138 -3.91686 -0.0523242 -0.0203068 0.998424 1.06117 0 0 0 1 
3394309160170;0.210774;0.106281;0.986083 -0.104008 0.1297 -0.454639 0.12434 0.979244 -0.160066 -0.945715 -0.11036 0.173966 0.978548 0.950001 0 0 0 1 
3394309160171;0.312176;0.102954;0.979603 -0.198137 0.0334724 0.231458 0.180808 0.941802 0.283402 -2.00539 -0.087677 -0.27157 0.958417 0.760292 0 0 0 1 
3394309160172;0.347442;0.0829924;0.991092 -0.0574581 -0.120149 -0.0153438 0.0416503 0.990617 -0.13017 -0.370081 0.1265 0.124006 0.984185 -0.122934 0 0 0 1 
3394309160173;0.513361;0.137783;0.966913 -0.243108 0.07731 0.478639 0.253972 0.888828 -0.381421 -1.49174 0.0240113 0.388436 0.921163 0.127431 0 0 0 1 
3394309160174;0.158617;0.090151;0.997397 0.0477447 -0.0540375 -0.384356 -0.0538433 0.991589 -0.117695 0.622782 0.0479636 0.120298 0.991578 -0.113861 0 0 0 1 
3394309160175;0.423765;0.107386;0.984633 -0.0385508 -0.17033 0.882768 0.00198932 0.977744 -0.209793 0.47786 0.174627 0.20623 0.962795 -1.57327 0 0 0 1 
3394309160176;0.19621;0.129612;0.995855 -0.0396309 0.0818724 -0.222958 0.0361577 0.9984 0.0434791 -0.0783471 -0.0834645 -0.0403385 0.995694 0.456057 0 0 0 1 
3394309160177;0.557777;0.0839344;0.955541 0.17963 -0.233828 0.41368 -0.078333 0.919164 0.386007 0.305309 0.284264 -0.350529 0.89237 -1.45386 0 0 0 1 
3394309160178;0.217629;0.126789;0.999953 -0.00881773 -0.00400929 0.0750725 0.00881601 0.999961 -0.000446872 -0.348246 0.00401307 0.000411505 0.999992 0.34483 0 0 0 1 
3394309160179;0.268847;0.0513815;0.959307 -0.282186 -0.0100292 -0.299321 0.282355 0.958956 0.0260733 -2.89798 0.00226001 -0.0278441 0.99961 -0.0811497 0 0 0 1 
3394309160180;0.363436;0.115811;0.997536 -0.00629051 0.0698795 -0.318452 0.0103399 0.998278 -0.057738 0.335759 -0.069396 0.0583182 0.995883 1.61671 0 0 0 1 
3394309160181;0.481709;0.0558646;0.903799 -0.427633 -0.0166572 0.998485 0.427617 0.903948 -0.00470562 -3.97578 0.0170695 -0.00286998 0.99985 0.670328 0 0 0 1 
3394309160182;0.293983;0.0649539;0.998085 -0.046204 -0.0411269 -0.0938605 0.0459461 0.998918 -0.00719426 -0.930442 0.0414148 0.00529086 0.999128 0.269295 0 0 0 1 
3394309160183;0.436918;0.0970151;0.972208 -0.233944 0.00907069 0.274694 0.22233 0.934697 0.277328 -2.99407 -0.0733575 -0.267604 0.960733 0.330777 0 0 0 1 
3394309160184;0.141133;0.0820028;0.999728 -0.0116282 -0.0202006 -0.494366 0.0111902 0.999703 -0.0216625 -0.178395 0.0204465 0.0214306 0.999561 0.0806493 0 0 0 1 
3394309160186;0.458534;0.0211051;0.912699 0.407206 -0.0341271 2.18532 -0.408357 0.911966 -0.0395202 8.07026 0.0150299 0.0500061 0.998636 -0.926181 0 0 0 1 
3394309160187;0.388653;0.0571477;0.891246 -0.453514 0.00222265 1.81858 0.452289 0.888455 -0.0779916 -8.86118 0.0333956 0.070515 0.996952 -0.320379 0 0 0 1 
3394309160188;0.269366;0.0637323;0.988521 -0.151081 0.000801308 0.291288 0.149021 0.975889 0.15948 -3.20231 -0.0248763 -0.15753 0.987201 0.815925 0 0 0 1 
3394309160189;0.483079;0.0477;0.969516 -0.192766 -0.151261 1.08866 0.139861 0.942241 -0.304338 -1.87505 0.20119 0.273905 0.940478 -4.00247 0 0 0 1 
3394309160190;0.0786131;0.0291879;0.997552 0.0673064 -0.0189811 0.201815 -0.0673768 0.997723 -0.0030903 1.25918 0.0187299 0.00436162 0.999815 -0.456861 0 0 0 1 
3394309160191;0.461554;0.0579363;0.95371 -0.300314 -0.0157659 0.859619 0.30058 0.953573 0.0187325 -6.6802 0.00940828 -0.0226043 0.9997 0.477456 0 0 0 1 
3394309160192;0.432023;0.0439848;0.987454 -0.0212089 -0.156475 1.22534 -0.0204419 0.965431 -0.259858 1.18207 0.156577 0.259796 0.952885 -2.40724 0 0 0 1 
3394309160193;0.353577;0.0245832;0.951265 0.308372 -0.000675026 1.53672 -0.308295 0.950973 -0.024598 6.03254 -0.00694342 0.0236074 0.999697 -0.397537 0 0 0 1 
3394309160194;0.352735;0.0444099;0.952978 -0.215338 0.213219 0.435704 0.136264 0.932958 0.3332 -3.40605 -0.270675 -0.288478 0.918431 5.09408 0 0 0 1 
3394309160195;0.362433;0.0245845;0.898744 0.438011 0.0201486 2.42125 -0.437334 0.898771 -0.0308132 8.44838 -0.0316056 0.0188815 0.999322 0.465761 0 0 0 1 
3394309160196;0.182053;0.0549665;0.993804 -0.0990807 0.0503717 0.07885 0.0903946 0.984172 0.152425 -2.17616 -0.0646768 -0.146927 0.987031 0.915157 0 0 0 1 
3394309160197;0.398636;0.0251451;0.917641 0.384901 -0.0989278 2.51369 -0.397062 0.898394 -0.187695 7.93581 0.0166323 0.211517 0.977233 0.521571 0 0 0 1 
3394309160198;0.114611;0.0588271;0.992703 -0.120398 -0.00677509 0.166399 0.120369 0.992719 -0.00446119 -2.4913 0.00726288 0.00361312 0.999967 -0.0454288 0 0 0 1 
3394309160199;0.260161;0.0277179;0.947552 0.319425 0.0106169 1.37399 -0.318805 0.947013 -0.0391215 6.3151 -0.0225508 0.0336849 0.999178 0.546934 0 0 0 1 
3394309160200;0.239388;0.0439352;0.999274 -0.0251387 -0.0286403 0.0957514 0.025522 0.999588 0.0130977 -0.606443 0.0282992 -0.0138192 0.999504 0.0972986 0 0 0 1 
3394309160201;0.340496;0.0266406;0.969756 -0.0694693 0.233983 0.644421 0.114282 0.9763 -0.183786 -1.60155 -0.215671 0.204968 0.954712 4.24372 0 0 0 1 
3394309160202;0.373558;0.0316854;0.986611 -0.0754119 0.144608 -0.615934 0.0760905 0.997101 0.000839718 -1.27637 -0.144252 0.0101748 0.989489 2.21646 0 0 0 1 
3394309160203;0.451354;0.025253;0.91873 0.392491 0.043421 1.91608 -0.357453 0.873327 -0.330948 7.53268 -0.167815 0.288531 0.942649 3.52233 0 0 0 1 
3394309160204;0.469117;0.0230888;0.870826 0.49156 -0.00559093 3.0008 -0.491557 0.870843 0.00204257 9.5408 0.00587286 0.000969539 0.999982 -0.622772 0 0 0 1 
3394309160205;0.327235;0.0550516;0.980158 -0.190671 -0.0541832 0.808446 0.19317 0.980116 0.0453553 -4.26904 0.0444579 -0.0549219 0.9975 -1.23242 0 0 0 1 
3394309160206;0.165571;0.048827;0.998345 -0.00109412 -0.0574912 0.0154287 -0.00589323 0.992607 -0.121227 0.351972 0.0571988 0.121366 0.990958 -0.629941 0 0 0 1 
3394309160207;0.420271;0.0237618;0.970635 0.111995 0.212896 0.518602 -0.122265 0.991857 0.0356602 2.23574 -0.207168 -0.0606428 0.976424 5.02803 0 0 0 1 
3394309160208;0.487381;0.0339858;0.922517 0.315263 -0.222647 1.44545 -0.257833 0.932661 0.25232 4.28751 0.287202 -0.175364 0.941681 -5.29054 0 0 0 1 
3394309160209;0.287731;0.0287569;0.995432 0.077218 0.0561417 -0.0487547 -0.0843739 0.986708 0.138879 1.6082 -0.0446715 -0.142982 0.988717 0.0984774 0 0 0 1 
3394309160210;0.372686;0.0526742;0.953293 -0.299755 0.0371394 0.732248 0.302038 0.946976 -0.109592 -5.61236 -0.00231941 0.115691 0.993283 0.844096 0 0 0 1 
3394309160211;0.423056;0.0487489;0.914846 -0.327865 -0.235713 1.91606 0.357479 0.929059 0.0951703 -7.13158 0.187788 -0.171329 0.967152 -3.23451 0 0 0 1 
3394309160212;0.468609;0.0543286;0.963337 -0.267424 0.0215828 1.20137 0.267819 0.963298 -0.0181541 -5.74828 -0.0159358 0.0232689 0.999602 0.971906 0 0 0 1 
3394309160213;0.266849;0.0437295;0.980214 -0.138541 0.141377 -0.232281 0.164156 0.96806 -0.189506 -2.86196 -0.110607 0.208965 0.971648 2.53926 0 0 0 1 
3394309160214;0.475344;0.0362577;0.995133 -0.094155 0.0290619 0.399546 0.0976688 0.903389 -0.417551 -1.24965 0.0130603 0.418357 0.908189 1.17467 0 0 0 1 
3394309160215;0.281079;0.0637249;0.872252 0.0909714 -0.480522 3.19836 -0.0635021 0.995297 0.0731574 1.26407 0.484917 -0.0332975 0.873926 -9.42839 0 0 0 1 
3394309160217;0.276984;0.0440497;0.999988 -0.000287703 0.00482349 -0.650838 0.000263674 0.999988 0.0049817 0.361617 -0.00482486 -0.00498037 0.999976 0.466912 0 0 0 1 
3394309160218;0.423487;0.969735;0.930821 0.190879 0.31167 -2.47725 -0.241854 0.961054 0.133722 2.65462 -0.274007 -0.19985 0.940734 3.32036 0 0 0 1 
3394309160219;0.217232;0.0952267;0.986169 0.158988 -0.0468335 0.264027 -0.164951 0.969034 -0.183748 2.48853 0.0161697 0.188932 0.981857 0.130864 0 0 0 1 
3394309160220;0.375115;0.06372;0.921452 0.180585 -0.34397 1.47213 -0.100431 0.966028 0.238125 0.531299 0.375287 -0.184876 0.908285 -5.18165 0 0 0 1 
3394309160221;0.326953;0.0901668;0.981653 0.178982 -0.0657476 -0.262725 -0.175395 0.982857 0.0568261 1.9203 0.0747913 -0.0442517 0.996217 -0.369069 0 0 0 1 
3394309160222;0.142051;0.0499811;0.999147 -0.0364017 0.0195174 -0.34941 0.0368734 0.999022 -0.0243828 -0.750491 -0.0186107 0.0250817 0.999512 0.431967 0 0 0 1 
3394309160223;0.261461;0.0834255;0.959645 0.272284 -0.070309 0.174913 -0.268231 0.96136 0.0619566 3.39419 0.084462 -0.0405973 0.995599 -1.12349 0 0 0 1 
3394309160224;0.0854273;0.0928125;0.994041 0.108721 -0.00783351 -0.0707668 -0.108604 0.993984 0.0141696 1.31783 0.00932692 -0.0132344 0.999869 -0.0630376 0 0 0 1 
3394309160225;0.231107;0.054672;0.999957 0.00271876 -0.00881084 -0.336303 -0.00252191 0.999749 0.0222762 0.553215 0.00886919 -0.022253 0.999713 0.143786 0 0 0 1 
3394309160226;0.061528;0.0653783;0.999999 0.00151187 -0.00025319 -0.152937 -0.00151134 0.999997 0.00209362 0.0596223 0.000256354 -0.00209324 0.999998 -0.0762821 0 0 0 1 
3394309160227;0.376137;1.4252;0.886844 0.46054 -0.0375603 -1.98801 -0.460702 0.887542 0.00473863 5.75895 0.0355187 0.0131016 0.999283 -0.199098 0 0 0 1 
3394309160228;0.303595;0.0590217;0.964875 -0.251183 0.076965 0.212021 0.262488 0.933798 -0.243149 -3.01298 -0.0107948 0.254811 0.966931 0.268037 0 0 0 1 
3394309160229;0.401686;0.0750875;0.929628 -0.318545 0.185259 0.924766 0.322126 0.94663 0.0112624 -3.67527 -0.17896 0.0492071 0.982625 2.5406 0 0 0 1 
3394309160230;0.10387;0.100285;0.991695 0.124098 -0.033779 -0.103307 -0.125106 0.991703 -0.0295513 1.63907 0.0298315 0.0335318 0.998992 -0.28766 0 0 0 1 
3394309160231;0.26477;0.0832937;0.925169 -0.229552 0.302272 0.162485 0.191804 0.969971 0.14956 -2.79711 -0.327526 -0.0803919 0.941416 4.3328 0 0 0 1 
3394309160232;0.456423;0.0848938;0.870318 0.285459 -0.401322 2.66756 -0.282789 0.956817 0.0673176 3.89746 0.403208 0.0549016 0.91346 -5.49259 0 0 0 1 
3394309160233;0.155497;0.0928818;0.999199 0.0309948 0.0253255 -0.370942 -0.0317685 0.999022 0.0307408 0.356737 -0.024348 -0.0315207 0.999206 0.736939 0 0 0 1 
3394309160234;0.449685;0.0515829;0.946322 -0.32311 0.00866444 0.559217 0.323226 0.945919 -0.0276218 -4.0119 0.00072903 0.0289396 0.999581 -0.799766 0 0 0 1 
3394309160235;0.164832;0.0582148;0.973019 0.124449 -0.194285 0.228648 -0.113533 0.991314 0.0663876 1.46971 0.200859 -0.0425385 0.978696 -2.51184 0 0 0 1 
3394309160236;0.330502;0.108324;0.972564 0.223074 0.0660129 -0.0682084 -0.207698 0.960435 -0.185541 3.25377 -0.10479 0.166739 0.980417 1.923 0 0 0 1 
3394309160237;0.197559;0.0926439;0.999911 -0.0130735 0.00272893 0.0879518 0.0130429 0.999855 0.0109469 0.085222 -0.00287165 -0.0109103 0.999936 -0.204358 0 0 0 1 
3394309160238;0.37956;0.105632;0.98177 -0.141582 0.126812 0.62796 0.126106 0.984394 0.122745 -1.51189 -0.142212 -0.104516 0.984303 1.96896 0 0 0 1 
3394309160239;0.353533;0.0555372;0.99547 -0.0455842 0.0834313 -0.874874 0.0443867 0.998884 0.0161528 -0.41928 -0.0840745 -0.0123764 0.996383 0.548323 0 0 0 1 
3394309160240;0.540644;0.866574;0.936001 0.300228 0.183751 -1.96723 -0.218838 0.905212 -0.364282 4.07248 -0.275701 0.300757 0.912981 3.77978 0 0 0 1 
3394309160241;0.23847;0.745049;0.978328 0.0781422 0.19175 -1.53955 -0.0902641 0.994381 0.0553055 1.00993 -0.18635 -0.071415 0.979884 1.98764 0 0 0 1 
3394309160242;0.249114;0.0683768;0.999253 -0.024905 0.0295612 -0.443527 0.0241809 0.999405 0.0246061 -0.318117 -0.0301564 -0.0238729 0.99926 -0.161484 0 0 0 1 
3394309160243;0.309141;0.104352;0.957836 0.15951 0.238972 -0.204479 -0.114529 0.974769 -0.191593 1.87938 -0.263503 0.156146 0.951937 3.41333 0 0 0 1 
3394309160244;0.346424;0.105799;0.999979 -0.00646084 0.000657039 0.311856 0.00645604 0.999954 0.00707238 -0.465141 -0.000702702 -0.00706799 0.999975 0.691145 0 0 0 1 
3394309160245;0.222213;0.0994184;0.981593 0.142166 0.127528 -0.0505132 -0.148738 0.987918 0.0435355 2.01043 -0.119797 -0.0617023 0.990879 1.16627 0 0 0 1 
3394309160246;0.394505;1.0727;0.90366 0.423934 0.0606515 -1.87318 -0.427925 0.899392 0.0893018 5.4944 -0.0166913 -0.106653 0.994156 0.163204 0 0 0 1 
3394309160248;0.387346;0.042166;0.994501 0.0912989 -0.0512983 0.14401 -0.0625231 0.910598 0.408537 0.455 0.0840111 -0.403083 0.911299 -1.22268 0 0 0 1 
3394309160249;0.0790091;0.0451143;0.996306 -0.0857778 0.0039531 -0.023883 0.0857819 0.996314 -0.000872456 -1.44437 -0.00386369 0.00120834 0.999992 0.0958134 0 0 0 1 
3394309160250;0.489213;0.0480782;0.930592 0.269365 -0.247873 1.70295 -0.228273 0.956379 0.182293 3.33484 0.286164 -0.113057 0.951487 -3.93885 0 0 0 1 
3394309160251;0.37181;0.0678146;0.884229 0.440866 -0.154192 2.25417 -0.401448 0.886139 0.23151 6.52313 0.2387 -0.142808 0.960535 -4.04067 0 0 0 1 
3394309160252;0.374908;0.0279657;0.933608 -0.35816 -0.0099105 1.27053 0.358175 0.933654 -0.000257012 -6.33327 0.00934504 -0.00330975 0.999951 -0.402502 0 0 0 1 
3394309160253;0.217625;0.0459326;0.971112 -0.150874 0.184872 0.195434 0.160169 0.986421 -0.0363309 -2.58248 -0.17688 0.0648921 0.982091 3.51582 0 0 0 1 
3394309160254;0.306431;0.0353161;0.999822 -0.0188514 0.000324269 -0.765448 0.0188521 0.99982 -0.00216723 0.0171862 -0.000283355 0.00217296 0.999998 0.38252 0 0 0 1 
3394309160255;0.470321;0.0353835;0.973209 -0.225309 -0.0458195 -0.35234 0.197594 0.921493 -0.334377 -2.42404 0.11756 0.316365 0.941325 -1.74936 0 0 0 1 
3394309160256;0.293686;0.027619;0.999273 0.0331237 -0.0188926 -0.501581 -0.0328636 0.999363 0.0139145 0.0737005 0.0193414 -0.0132835 0.999725 -0.0436798 0 0 0 1 
3394309160257;0.406176;0.049977;0.988428 0.0727207 0.13312 -0.0578394 -0.0442132 0.977604 -0.205757 1.87237 -0.145102 0.19749 0.969507 3.10402 0 0 0 1 
3394309160258;0.344851;0.0568696;0.969853 0.0664613 0.234451 -0.154435 -0.0149382 0.976496 -0.215018 1.02014 -0.243231 0.205034 0.948051 4.445 0 0 0 1 
3394309160259;0.414136;0.0288106;0.877387 -0.460209 -0.135647 2.10252 0.468217 0.883007 0.0327367 -8.19013 0.104712 -0.0922352 0.990216 -1.79266 0 0 0 1 
3394309160260;0.148826;0.0336018;0.970969 0.0991629 -0.217683 0.866183 -0.0849999 0.993665 0.073513 1.35703 0.223594 -0.0528758 0.973247 -3.88765 0 0 0 1 
3394309160261;0.341319;0.02663;0.985609 -0.167351 -0.0238518 0.307229 0.166231 0.985146 -0.0430643 -2.353 0.0307044 0.0384796 0.998788 0.180867 0 0 0 1 
