#;prob_registration_l1 -r /home/probabilistic_point_clouds_registration/build/tester /home/point_clouds_registration_benchmark//devel/registration_pairs/p2at_met_local.txt /home/point_clouds_registration_benchmark//planetary/p2at_met -s 0.2 -t 0.2 -p 0.3 -r 1000 -m 20 -i 40 
id;initial_error;final_error;transformation
27844314100000;0.368279;0.457564;0.99952 -0.0066809 0.0302674 -0.28524 0.00242077 0.990338 0.138656 0.463441 -0.0309013 -0.138516 0.989878 -8.26992 0 0 0 1 
27844314100001;0.325629;0.128498;0.98732 0.0124858 -0.158251 -0.151065 0.0170254 0.982823 0.183764 0.0283207 0.157827 -0.184128 0.970148 -7.8333 0 0 0 1 
27844314100002;0.342132;0.362463;0.930929 -0.0299566 0.363971 -1.38153 -0.074332 0.960225 0.269151 -2.63446 -0.357557 -0.277615 0.891674 -24.5404 0 0 0 1 
27844314100003;0.135271;0.132;0.995198 -0.0118295 0.0971666 -0.448508 -0.00524965 0.984791 0.173661 -0.246692 -0.0977432 -0.173337 0.98 -12.5439 0 0 0 1 
27844314100004;0.89077;0.660442;0.985459 0.0294023 -0.167347 0.848478 0.0145896 0.966633 0.255748 -0.83055 0.169283 -0.254471 0.952149 -12.342 0 0 0 1 
27844314100005;0.300669;0.249158;0.935474 0.0614209 -0.348017 0.834399 -0.015617 0.991003 0.132922 -0.310277 0.35305 -0.11891 0.928017 1.00761 0 0 0 1 
27844314100006;0.461976;0.385146;0.999716 0.0228934 0.00657371 1.45878 -0.0231042 0.999154 0.0340076 -0.263391 -0.0057896 -0.0341498 0.9994 -2.00737 0 0 0 1 
27844314100007;1.17629;0.947411;0.999024 0.0275963 0.0345 1.84519 -0.0306013 0.995485 0.0898476 -0.455069 -0.0318648 -0.0908156 0.995358 -4.76601 0 0 0 1 
27844314100008;0.519074;0.406399;0.999777 0.0202851 0.00588647 1.24581 -0.0204822 0.999156 0.0356132 -0.400905 -0.00515908 -0.0357258 0.999348 -1.59668 0 0 0 1 
27844314100009;0.482706;0.439677;0.992969 -0.0256583 0.115564 -1.42459 0.0309278 0.998551 -0.0440382 0.483122 -0.114267 0.0473027 0.992323 0.00970796 0 0 0 1 
27844314100010;0.848926;0.0578161;0.998706 0.03813 -0.0336618 2.31649 -0.031785 0.984547 0.17221 -1.05599 0.039708 -0.170918 0.984485 -11.2319 0 0 0 1 
27844314100011;0.370547;0.290912;0.981369 0.00700575 -0.192006 -0.771656 -0.0179886 0.998296 -0.0555173 -0.713824 0.19129 0.0579368 0.979822 8.28337 0 0 0 1 
27844314100012;1.02719;0.367027;0.991811 0.0197743 -0.126176 0.419143 -0.0246873 0.998992 -0.0374935 -0.671417 0.125307 0.0403014 0.991299 7.50304 0 0 0 1 
27844314100013;0.818365;0.7027;0.998818 0.0264595 -0.0407726 1.54453 -0.0222365 0.994663 0.100755 -0.592547 0.0432209 -0.0997292 0.994075 -5.70939 0 0 0 1 
27844314100014;0.722224;0.260434;0.998371 0.00213518 -0.0570167 -0.00120752 -0.00178123 0.999979 0.00625794 -0.0165936 0.0570288 -0.00614619 0.998354 -0.849273 0 0 0 1 
27844314100015;1.11358;0.546069;0.999518 -0.00409733 -0.0307617 -0.0588276 0.00334833 0.999698 -0.0243607 -0.299397 0.0308522 0.0242459 0.99923 -0.341969 0 0 0 1 
27844314100016;0.370882;0.136872;0.992211 -0.0231613 0.122393 -1.30197 0.0720493 0.908234 -0.412214 -4.65982 -0.101614 0.417822 0.902829 21.8355 0 0 0 1 
27844314100017;0.341055;0.211246;0.995276 -0.0129583 -0.0962164 -1.34546 0.0167921 0.999093 0.0391431 0.710606 0.0956219 -0.0405738 0.99459 -0.0629181 0 0 0 1 
27844314100018;0.853373;0.252091;0.999539 0.0113856 0.028133 0.818018 -0.011452 0.999932 0.00219918 -0.155953 -0.0281061 -0.00252035 0.999602 -2.95794 0 0 0 1 
27844314100019;0.871961;0.0864082;0.999905 0.0130378 0.00455348 0.948477 -0.0129139 0.999572 -0.0262581 -0.336371 -0.00489388 0.0261968 0.999645 -0.940467 0 0 0 1 
27844314100020;0.613803;0.623351;0.996395 0.0228751 -0.0816892 0.956697 -0.00320131 0.972411 0.233253 -0.715412 0.0847711 -0.232151 0.968979 -12.0702 0 0 0 1 
27844314100021;0.300355;0.0733535;0.948259 -0.033952 -0.315677 -4.3725 0.0143641 0.997835 -0.064172 -0.101919 0.317173 0.0563172 0.946694 10.7673 0 0 0 1 
27844314100022;0.628187;0.0703825;0.999916 0.0111166 0.00666229 0.793639 -0.0109662 0.999693 -0.0222025 -0.304933 -0.00690706 0.0221275 0.999731 -0.587129 0 0 0 1 
27844314100023;0.278091;0.0909931;0.996386 0.0137533 0.0838202 1.01261 -0.0101105 0.998992 -0.0437311 -0.444776 -0.0843371 0.0427256 0.995521 -0.22919 0 0 0 1 
27844314100024;0.416131;0.270002;0.968839 0.00209763 -0.247683 -1.39281 -0.0116194 0.999248 -0.0369878 -0.284846 0.247419 0.0387131 0.968135 7.25253 0 0 0 1 
27844314100025;0.365706;0.303103;0.99159 -0.0201487 -0.127841 -1.86546 0.0199782 0.999797 -0.00261577 0.4791 0.127868 3.97408e-05 0.991791 2.56033 0 0 0 1 
27844314100026;0.38807;0.158114;0.983204 -0.0125596 0.18208 -0.664012 0.00352902 0.998751 0.0498364 0.0712766 -0.182478 -0.0483568 0.98202 -7.96383 0 0 0 1 
27844314100027;0.827287;0.69513;0.980349 -0.0374464 -0.193686 -3.33022 0.0118066 0.991196 -0.131874 -0.894486 0.196919 0.126996 0.97216 11.6152 0 0 0 1 
27844314100028;0.216847;0.140246;0.993432 -0.0226492 0.11216 -1.24734 0.0366898 0.99151 -0.12475 0.0694206 -0.108382 0.128045 0.985828 4.93061 0 0 0 1 
27844314100029;0.528223;0.387931;0.996691 0.014757 0.0799349 1.16278 -0.0132024 0.999714 -0.0199426 -0.407874 -0.0802064 0.0188213 0.996601 -1.51462 0 0 0 1 
27844314100031;1.32944;0.565041;0.998392 -0.0550752 -0.0133947 0.0884596 0.0550452 0.99848 -0.00259707 0.104213 0.0135174 0.00185558 0.999907 2.61555 0 0 0 1 
27844314100032;1.35252;0.896641;0.949107 0.0280781 -0.313699 -1.10011 0.0667575 0.955452 0.287496 1.78592 0.307797 -0.293806 0.904952 6.17002 0 0 0 1 
27844314100033;0.908498;0.416262;0.974313 0.00484857 -0.225148 -0.64159 0.0477464 0.972592 0.227564 0.806274 0.22008 -0.232469 0.947377 4.95334 0 0 0 1 
27844314100034;0.315932;0.259289;0.999664 0.025358 0.00530517 -0.126576 -0.0254389 0.999552 0.015772 -0.389744 -0.00490284 -0.0159017 0.999862 -0.162409 0 0 0 1 
27844314100035;0.38412;0.16957;0.999558 -0.00528493 -0.0292553 0.0452801 0.00392301 0.998914 -0.046416 -0.135358 0.0294689 0.0462807 0.998494 -0.481381 0 0 0 1 
27844314100036;0.255516;0.137853;0.996388 0.0378002 0.0760374 -0.122637 -0.0500838 0.984724 0.166762 -0.232355 -0.0685722 -0.169968 0.983061 -0.126958 0 0 0 1 
27844314100037;0.704806;0.358772;0.998383 -0.0514446 0.0241899 0.365147 0.0543896 0.988196 -0.143214 -0.167962 -0.0165367 0.144298 0.989396 0.164335 0 0 0 1 
27844314100038;1.02577;0.571555;0.996103 0.0317804 0.0822719 -0.0733378 -0.0288723 0.998924 -0.036299 0.0444982 -0.083337 0.0337822 0.995949 0.649781 0 0 0 1 
27844314100039;0.646323;0.206246;0.997925 -0.0246133 0.0594983 -0.06534 0.0364713 0.977598 -0.207296 -0.0742046 -0.0530632 0.209035 0.976467 0.121144 0 0 0 1 
27844314100040;0.526776;0.479275;0.957332 -0.0164866 0.28852 0.093342 0.024444 0.999413 -0.0239987 -0.351531 -0.287955 0.0300273 0.957173 -4.00496 0 0 0 1 
27844314100041;0.240913;0.233928;0.986469 -0.0440899 -0.157908 -0.132833 0.0348027 0.997524 -0.0611046 -0.0178407 0.160211 0.0547822 0.985561 1.87144 0 0 0 1 
27844314100042;1.10623;0.472532;0.998493 -0.0494086 -0.0238874 0.397432 0.0506124 0.997325 0.0527334 -0.533563 0.021218 -0.0538629 0.998323 -0.876189 0 0 0 1 
27844314100043;0.537176;0.397948;0.950435 0.0340804 0.309049 -0.381385 -0.119641 0.957528 0.262347 -1.29437 -0.286983 -0.286319 0.914146 -3.39764 0 0 0 1 
27844314100044;0.682374;0.369312;0.989464 -0.0389036 0.139456 0.464421 0.057577 0.989512 -0.132478 -0.0981684 -0.132839 0.139111 0.981326 -1.11879 0 0 0 1 
27844314100045;0.577329;0.328617;0.996396 -0.0270849 -0.0803864 -0.0736464 0.023211 0.998542 -0.0487402 0.416178 0.0815893 0.0466987 0.995571 -0.049412 0 0 0 1 
27844314100046;0.842689;0.409453;0.978351 0.036306 -0.203742 -0.810129 -0.00711919 0.989813 0.142195 -0.642306 0.206829 -0.137666 0.968643 3.49089 0 0 0 1 
27844314100047;0.331521;0.312117;0.999678 0.014513 0.020803 -0.0878875 -0.0139395 0.999526 -0.0274541 -0.105838 -0.0211916 0.0271553 0.999407 -0.252984 0 0 0 1 
27844314100048;0.326512;0.228453;0.999702 -0.0056037 0.0237468 0.133235 0.00702694 0.998157 -0.0602805 -0.0146875 -0.0233653 0.0604295 0.997899 -0.071647 0 0 0 1 
27844314100049;0.286094;0.157537;0.986743 0.0204337 -0.160997 -0.405628 -0.0145802 0.999192 0.037456 -0.153879 0.161632 -0.0346121 0.986244 1.63663 0 0 0 1 
27844314100050;1.23172;0.752241;0.999612 0.016488 -0.02245 -0.21004 -0.0160475 0.999678 0.0196616 0.40073 0.0227669 -0.0192937 0.999555 1.83831 0 0 0 1 
27844314100051;0.428034;0.18203;0.999731 -0.00158652 -0.0231464 -0.0686335 0.00118479 0.999849 -0.0173597 -0.0630962 0.0231704 0.0173276 0.999581 1.10433 0 0 0 1 
27844314100052;1.33827;0.634648;0.997069 -0.0685382 -0.0339843 0.605275 0.0721874 0.98998 0.121361 -0.282262 0.0253259 -0.123459 0.992026 -1.00433 0 0 0 1 
27844314100053;1.32669;0.303609;0.970054 0.00688377 0.242792 0.223218 -0.0445397 0.98769 0.149951 -1.51509 -0.238771 -0.156275 0.958419 -0.248969 0 0 0 1 
27844314100054;0.560805;0.153783;0.990622 0.000583612 0.136632 -0.0024169 -0.0075365 0.998702 0.0503761 -0.406401 -0.136425 -0.0509334 0.98934 -0.430801 0 0 0 1 
27844314100055;0.956315;0.77336;0.999134 -0.00594939 0.0411865 0.026936 0.00836479 0.998239 -0.0587239 0.372313 -0.0407646 0.0590175 0.997424 0.28142 0 0 0 1 
27844314100056;1.36899;0.836524;0.997669 -0.0311381 0.0607223 0.270439 0.0389656 0.990442 -0.132313 -0.500911 -0.0560219 0.13437 0.989346 -0.042924 0 0 0 1 
27844314100057;0.0905846;0.0672168;0.990801 -0.00560579 0.13521 0.0470689 0.00653904 0.999958 -0.00645904 -0.0583265 -0.135168 0.00728377 0.990796 -1.65181 0 0 0 1 
27844314100058;0.707405;0.167294;0.999569 0.0267263 0.012106 0.046868 -0.0266848 0.999638 -0.00357514 -0.0332739 -0.0121971 0.00325055 0.99992 -1.50325 0 0 0 1 
27844314100059;0.65531;0.481955;0.893235 -0.0131351 0.449399 -0.419941 -0.0444941 0.992083 0.117434 -0.656702 -0.447384 -0.124892 0.885579 -6.19015 0 0 0 1 
27844314100060;1.27536;0.354238;0.981446 0.0262588 0.189935 -0.0694767 -0.0146494 0.997952 -0.0622713 -0.991906 -0.191181 0.0583335 0.97982 -4.86668 0 0 0 1 
27844314100062;0.6633;0.432012;0.999867 -0.0153658 -0.00555294 -0.536243 0.0151497 0.999198 -0.0370658 0.179156 0.00611804 0.0369767 0.999297 0.636797 0 0 0 1 
27844314100063;1.6099;0.120655;0.994411 0.0109008 -0.105018 0.375309 -0.0122082 0.999856 -0.0118144 -0.119684 0.104874 0.0130304 0.9944 -0.370248 0 0 0 1 
27844314100064;1.94982;1.72522;0.998613 0.00493024 0.052427 0.240574 -0.00238936 0.998824 -0.0484177 0.0995493 -0.0526041 0.0482252 0.99745 1.42877 0 0 0 1 
27844314100065;1.77485;0.931278;0.987802 0.0360088 0.151496 1.44012 -0.0925553 0.918157 0.385254 -2.92159 -0.125225 -0.394576 0.91029 -15.8831 0 0 0 1 
27844314100066;1.08018;0.482792;0.996802 0.0339305 0.0723512 1.41449 -0.0377882 0.997899 0.0526342 -0.541443 -0.0704132 -0.0551999 0.995989 -3.87707 0 0 0 1 
27844314100067;1.0783;0.446378;0.9995 -0.0152103 0.0277125 -0.572731 0.0148559 0.999806 0.0129473 0.415377 -0.027904 -0.0125291 0.999532 0.466172 0 0 0 1 
27844314100068;0.329721;0.289688;0.999774 0.0195361 0.00834761 0.633446 -0.0197347 0.999507 0.0244086 -0.151826 -0.00786665 -0.0245679 0.999667 -0.999591 0 0 0 1 
27844314100069;0.992581;0.843459;0.918296 -0.0230087 0.395225 -0.433287 0.0510207 0.996863 -0.0605113 0.457738 -0.392593 0.075732 0.916589 -3.95108 0 0 0 1 
27844314100070;1.68809;1.09191;0.999726 0.0147427 -0.0182086 0.344303 -0.0142531 0.999541 0.0267323 -0.246228 0.0185943 -0.0264654 0.999477 1.15219 0 0 0 1 
27844314100071;2.20263;1.28186;0.986699 0.033863 -0.158991 0.55188 0.00666423 0.968813 0.247704 -0.0786872 0.16242 -0.245468 0.955701 -7.96574 0 0 0 1 
27844314100072;0.844195;0.263934;0.919443 -0.0177499 -0.392823 -2.82982 -0.0328055 0.992036 -0.12161 -1.16493 0.391853 0.1247 0.911538 9.93136 0 0 0 1 
27844314100073;1.02691;0.593546;0.999382 0.0081608 0.0341896 0.182264 -0.0136067 0.98666 0.162224 0.366248 -0.0324096 -0.162589 0.986162 -4.27347 0 0 0 1 
27844314100074;0.384882;0.478448;0.998655 -0.00506055 0.0516068 -0.0574632 -0.00351452 0.986332 0.16473 0.496386 -0.0517351 -0.16469 0.984988 -5.93648 0 0 0 1 
27844314100075;1.31596;0.620286;0.99792 0.0151941 -0.062644 0.553508 -0.0169872 0.999458 -0.0281911 -0.307598 0.0621817 0.0291966 0.997638 0.140794 0 0 0 1 
27844314100076;1.20785;1.15829;0.999936 -0.00683107 0.00900583 -0.25304 0.00668076 0.99984 0.0166163 0.251717 -0.00911789 -0.0165551 0.999821 -0.625181 0 0 0 1 
27844314100077;1.66098;0.445687;0.997807 0.0355739 -0.055822 1.18059 -0.0309298 0.996156 0.08196 -0.469796 0.0585231 -0.0800536 0.995071 -3.80189 0 0 0 1 
27844314100078;1.89852;1.5169;0.999976 -0.00566216 -0.00389723 -0.214703 0.00565361 0.999982 -0.00220161 0.374755 0.00390962 0.00217952 0.99999 -0.879896 0 0 0 1 
27844314100079;1.7021;1.38827;0.996288 0.00659809 0.0858315 0.711934 -0.0158996 0.994008 0.108142 -0.104537 -0.0846037 -0.109106 0.990423 -3.74537 0 0 0 1 
27844314100080;1.10438;0.701504;0.973028 -0.0197969 0.229834 -0.0939986 0.00181335 0.996936 0.0781946 0.320217 -0.230678 -0.0756688 0.970083 -6.76966 0 0 0 1 
27844314100081;0.430079;0.361627;0.999854 -0.0168335 -0.00276427 -0.623841 0.016797 0.999778 -0.012728 0.330307 0.00297791 0.0126797 0.999915 0.445833 0 0 0 1 
27844314100082;1.95213;1.43064;0.999555 0.0142105 0.0262228 0.266727 -0.0223957 0.938254 0.34522 -0.106271 -0.0196979 -0.345654 0.938155 -9.49535 0 0 0 1 
27844314100083;0.583263;0.131483;0.965745 0.00671614 0.259405 0.502195 -0.0270178 0.996834 0.0747767 -0.0308349 -0.258081 -0.0792238 0.962869 -6.60926 0 0 0 1 
27844314100084;0.503644;0.465666;0.991607 -0.00673245 0.129112 -0.0616122 -0.0263018 0.967255 0.25244 -0.517845 -0.126584 -0.253717 0.95896 -9.88516 0 0 0 1 
27844314100085;0.720603;0.414577;0.996919 0.0397381 0.0676223 1.47642 -0.0548867 0.969334 0.239538 -1.17898 -0.0560299 -0.242512 0.968529 -8.89347 0 0 0 1 
27844314100086;1.70425;1.33814;0.996019 0.0552325 -0.0699701 1.35424 -0.0299812 0.946753 0.320562 -1.08265 0.0839498 -0.317188 0.94464 -9.60354 0 0 0 1 
27844314100087;1.08193;0.87111;0.977178 -0.0372806 -0.209126 -1.91497 0.00930983 0.991049 -0.133171 -0.330676 0.212219 0.128185 0.968779 5.96604 0 0 0 1 
27844314100088;1.41218;0.828498;0.998102 -0.0214404 0.0577217 -0.721685 0.0266305 0.995522 -0.0907037 0.0880102 -0.0555185 0.0920687 0.994204 3.57782 0 0 0 1 
27844314100089;0.394008;0.312414;0.998532 0.0123011 -0.0527451 0.103946 -0.013029 0.999824 -0.013478 -0.150341 0.0525701 0.0141455 0.998517 1.11502 0 0 0 1 
27844314100090;1.35838;0.619493;0.990679 -0.0286827 -0.133162 -0.951956 -0.00744239 0.964721 -0.263168 -1.45247 0.136012 0.261706 0.955516 8.42726 0 0 0 1 
27844314100091;1.04859;1.0129;0.999353 -0.00418588 -0.0357243 -0.31407 0.00669957 0.997487 0.0705368 0.241945 0.0353392 -0.0707305 0.996869 -1.78513 0 0 0 1 
27844314100093;0.967031;0.416563;0.994948 -0.0411197 -0.0915892 -3.9293 0.0281806 0.989985 -0.138331 -0.604133 0.0963601 0.135051 0.986142 17.379 0 0 0 1 
27844314100094;1.92323;0.240118;0.972651 0.0451823 -0.227835 2.01916 0.000191789 0.980741 0.195311 -0.344476 0.232272 -0.190013 0.95391 -8.19936 0 0 0 1 
27844314100095;0.873202;0.774921;0.992964 -0.0162083 0.117306 -0.519514 -0.0238949 0.94279 0.33253 -4.74356 -0.115984 -0.332994 0.935769 -35.7968 0 0 0 1 
27844314100096;0.430323;0.846863;0.989606 0.0178658 -0.142693 1.4184 -0.0172331 0.999835 0.00566901 -0.519012 0.142771 -0.00315104 0.989751 4.66293 0 0 0 1 
27844314100097;1.73872;0.750278;0.99999 0.0044837 0.00031469 1.08449 -0.00448661 0.99994 0.00996539 0.338507 -0.00026999 -0.0099667 0.99995 0.427988 0 0 0 1 
27844314100098;0.721991;0.537624;0.99994 0.00955978 0.0053523 1.32777 -0.0102341 0.989411 0.144782 -0.765528 -0.00391154 -0.144828 0.989449 -13.3777 0 0 0 1 
27844314100099;0.836004;0.921533;0.99855 -0.0368735 -0.0392201 -3.60759 0.0390664 0.997627 0.0566986 1.3855 0.0370364 -0.0581486 0.997621 -4.49724 0 0 0 1 
27844314100100;2.4061;0.271292;0.999701 -0.0218529 -0.0109758 -1.79 0.024016 0.961941 0.272199 -0.811562 0.00460974 -0.272381 0.962178 -23.5578 0 0 0 1 
27844314100101;0.366989;0.452923;0.999567 -0.0108396 -0.0273419 -0.813165 0.0208731 0.91637 0.399788 -5.85603 0.0207217 -0.400185 0.9162 -38.3439 0 0 0 1 
27844314100102;1.52564;1.41051;0.974524 -0.0479527 0.219095 -4.39211 0.0994705 0.967954 -0.230587 -0.986497 -0.201017 0.246506 0.948065 16.9421 0 0 0 1 
27844314100103;2.09748;0.492001;0.999893 -0.00574594 -0.0134803 0.299669 0.00578518 0.999979 0.00287353 0.169274 0.0134635 -0.00295121 0.999905 -2.1588 0 0 0 1 
27844314100104;0.507469;0.435073;0.999793 0.0185859 -0.00821953 2.14787 -0.0184847 0.999754 0.0122251 -0.591469 0.00844472 -0.0120706 0.999891 -1.38406 0 0 0 1 
27844314100105;1.7041;2.02536;0.998919 -0.038144 0.026554 -3.19066 0.0419493 0.985931 -0.161806 -0.543035 -0.0200084 0.162745 0.986465 14.8771 0 0 0 1 
27844314100106;0.621555;0.329362;0.975392 0.0185 -0.2197 0.618225 0.00183242 0.995759 0.091984 -0.0943576 0.22047 -0.0901231 0.971221 -1.41377 0 0 0 1 
27844314100107;0.153647;0.388168;0.999045 -0.0428124 -0.00872801 -3.88139 0.0427727 0.999074 -0.00468895 1.49973 0.00892067 0.00431116 0.999951 0.761174 0 0 0 1 
27844314100108;1.53872;0.258072;0.999059 0.0202293 -0.0383524 3.08001 -0.0252962 0.990302 -0.136611 -1.33633 0.0352169 0.137452 0.989882 15.9111 0 0 0 1 
27844314100109;1.60611;1.01192;0.999204 -0.0191035 -0.0350149 -1.88083 0.0213691 0.997623 0.0655152 0.504817 0.0336801 -0.0662113 0.997237 -6.66663 0 0 0 1 
27844314100110;2.36031;0.974486;0.999939 0.0106197 -0.00308305 2.093 -0.0108614 0.995567 -0.0934299 -1.72494 0.00207718 0.0934576 0.995621 11.1835 0 0 0 1 
27844314100111;0.227132;0.25307;0.967507 0.0469038 -0.248456 2.7346 0.000995143 0.981929 0.189245 -0.896819 0.252843 -0.183343 0.949977 -9.03611 0 0 0 1 
27844314100112;2.20462;2.16079;0.998722 -0.047051 -0.0184789 -4.31433 0.0392017 0.951703 -0.304507 -4.03268 0.0319138 0.303393 0.952331 29.3558 0 0 0 1 
27844314100113;2.4063;0.250965;0.994762 -0.061617 0.0815634 -5.50839 0.0740749 0.984368 -0.159791 0.0878945 -0.0704426 0.164995 0.983776 16.4392 0 0 0 1 
27844314100114;0.335195;0.40372;0.980246 -0.050235 0.191295 -4.49407 0.0670589 0.994331 -0.0825114 1.47663 -0.186065 0.0937095 0.978058 2.32964 0 0 0 1 
27844314100115;1.83608;1.21019;1 0.000506359 0.000622865 0.730459 -0.000516508 0.999865 0.0164033 0.300728 -0.000614475 -0.0164036 0.999865 -1.2512 0 0 0 1 
27844314100116;1.89876;1.7364;0.977964 -0.0238151 0.207409 -1.66055 0.0066738 0.996531 0.0829554 0.432015 -0.208665 -0.0797433 0.974731 -13.6478 0 0 0 1 
27844314100117;2.29451;0.450026;0.991413 0.0441297 -0.123099 3.52129 -0.0117199 0.967536 0.252463 -1.77019 0.130243 -0.248852 0.959744 -17.1177 0 0 0 1 
27844314100118;2.1601;2.05012;0.999922 0.00310978 0.0120597 0.676904 -0.00282097 0.999711 -0.0238923 0.276151 -0.0121305 0.0238564 0.999642 2.27086 0 0 0 1 
27844314100119;1.47956;0.557025;0.999991 0.00178311 -0.00377962 1.01165 -0.00161872 0.999071 0.0430573 -0.183026 0.00385288 -0.0430508 0.999065 -5.24711 0 0 0 1 
27844314100120;0.852594;0.604497;0.978037 -0.039833 -0.204591 -4.94299 -0.0045587 0.977246 -0.212058 -3.27254 0.208383 0.208333 0.955601 28.3123 0 0 0 1 
27844314100121;1.87824;0.872266;0.998282 -0.00907405 0.0578834 0.0486846 0.00810006 0.999822 0.0170394 0.194663 -0.0580277 -0.0165412 0.998178 -5.68971 0 0 0 1 
27844314100122;1.73464;0.201747;0.969279 -0.0161019 -0.245436 -1.87382 0.0136069 0.999837 -0.0118582 1.07498 0.245587 0.00815425 0.96934 8.4981 0 0 0 1 
27844314100124;0.405551;0.307136;0.997506 -0.0524608 -0.0472185 -4.67258 0.0572339 0.992699 0.106173 1.54283 0.0413039 -0.108611 0.993226 -7.81289 0 0 0 1 
27844314100125;0.438401;0.310572;0.907871 -0.092772 0.408856 -10.5174 0.139815 0.986379 -0.086645 2.86341 -0.395249 0.135827 0.908476 -2.08999 0 0 0 1 
27844314100126;1.24567;0.205713;0.978096 -0.202581 -0.047838 -19.9991 0.19886 0.97732 -0.0728055 2.67945 0.0615021 0.0616977 0.996198 6.88886 0 0 0 1 
27844314100127;1.48846;0.743541;0.99933 0.0189792 -0.0312808 0.906694 -0.017017 0.997941 0.0618433 -1.37809 0.0323901 -0.0612696 0.997596 -1.80782 0 0 0 1 
27844314100128;1.19785;0.236472;0.996625 -0.0176796 -0.0801578 -2.13319 0.0131361 0.998296 -0.0568599 0.135291 0.0810264 0.0556151 0.995159 5.84635 0 0 0 1 
27844314100129;1.23822;0.265406;0.990066 0.140339 0.00858982 10.2276 -0.13943 0.987854 -0.0685857 -7.18063 -0.0181107 0.0667067 0.997608 6.49266 0 0 0 1 
27844314100130;0.532996;0.324312;0.981805 0.00368346 -0.189858 -0.908183 -0.0437285 0.977327 -0.207171 -4.11615 0.18479 0.211703 0.959705 24.6187 0 0 0 1 
27844314100131;0.768744;0.226817;0.985315 0.169101 -0.0236521 14.2012 -0.160535 0.96464 0.20904 -8.73881 0.0581648 -0.202174 0.977621 -14.7631 0 0 0 1 
27844314100132;0.304449;0.189475;0.989944 0.051565 -0.131727 3.39295 -0.0263541 0.98212 0.186401 -2.17874 0.138983 -0.181055 0.973603 -11.4675 0 0 0 1 
27844314100133;0.242712;0.255614;0.971181 -0.100741 -0.216006 -10.9989 0.0248312 0.944117 -0.328673 -5.63442 0.237045 0.313838 0.91941 35.9497 0 0 0 1 
27844314100134;1.30166;0.35218;0.972357 0.0301819 0.231541 2.2455 -0.0278166 0.999522 -0.0134743 -1.31789 -0.231837 0.00666116 0.972732 -9.50672 0 0 0 1 
27844314100135;0.261851;0.304308;0.993998 -0.0937367 0.0564034 -8.27934 0.0915996 0.995018 0.0393579 2.71327 -0.0598117 -0.0339552 0.997632 -4.86373 0 0 0 1 
27844314100136;1.42144;0.181709;0.992017 0.12593 0.00663255 10.6392 -0.1247 0.987437 -0.0970426 -7.57346 -0.0187698 0.0954409 0.995258 9.59351 0 0 0 1 
27844314100137;1.20547;0.445895;0.949873 -0.284139 0.130412 -27.7236 0.310821 0.903173 -0.296089 -0.699819 -0.0336542 0.321782 0.946216 28.6578 0 0 0 1 
27844314100138;0.244336;0.258836;0.993931 0.0216834 -0.107847 1.13883 -0.0412754 0.982263 -0.182909 -3.98088 0.101968 0.18625 0.977197 19.7533 0 0 0 1 
27844314100139;1.59431;0.216578;0.998762 -0.0497271 -0.00148491 -3.65109 0.0497383 0.998723 0.00883946 -0.596854 0.00104345 -0.00890237 0.99996 -1.76544 0 0 0 1 
27844314100140;0.22734;0.336849;0.99609 -0.0873521 0.0132206 -7.96255 0.0875735 0.996009 -0.0172176 2.43484 -0.0116638 0.0183081 0.999764 1.36155 0 0 0 1 
27844314100141;0.358346;0.432587;0.954171 -0.206048 -0.217029 -20.8407 0.162924 0.965987 -0.200813 1.55895 0.251024 0.15625 0.955287 22.2634 0 0 0 1 
27844314100142;0.117962;0.321629;0.994897 0.0995975 0.0161175 8.54771 -0.0986312 0.993739 -0.0524867 -4.64817 -0.0212441 0.0506291 0.998492 3.89979 0 0 0 1 
27844314100143;1.8568;1.56141;0.999847 0.0150598 0.00893099 1.6582 -0.0139231 0.993154 -0.115978 -2.41676 -0.0106165 0.115836 0.993212 10.0215 0 0 0 1 
27844314100144;0.573265;0.366944;0.987168 -0.00223959 -0.159671 -2.0004 0.00568923 0.99976 0.0211508 0.44383 0.159585 -0.0217878 0.986944 3.60272 0 0 0 1 
27844314100145;0.564902;0.989463;0.967401 -0.241082 -0.0775558 -23.6433 0.229687 0.964232 -0.132285 3.2886 0.106673 0.110159 0.988173 13.604 0 0 0 1 
27844314100146;0.457208;0.228513;0.999735 0.0143011 0.0180542 1.03191 -0.0148963 0.999335 0.0332749 -0.799662 -0.0175664 -0.033535 0.999283 -2.61502 0 0 0 1 
27844314100147;0.839697;0.225309;0.994295 -0.0455861 -0.0964306 -5.60829 0.0560797 0.992451 0.109071 1.59217 0.0907305 -0.113856 0.989346 -7.94272 0 0 0 1 
27844314100148;1.27087;0.170681;0.99938 -0.000458055 0.0351983 -1.55987 0.00623633 0.986402 -0.16423 -3.34623 -0.0346445 0.164348 0.985794 13.4519 0 0 0 1 
27844314100149;0.814525;0.373466;0.993798 0.00294809 0.111159 -0.349199 0.0532933 0.864734 -0.499395 -11.6468 -0.097595 0.502222 0.859214 41.2878 0 0 0 1 
27844314100150;1.30625;0.890214;0.997757 -0.000435292 0.0669387 -0.31293 0.0209444 0.951801 -0.305999 -4.99435 -0.0635791 0.306714 0.949676 24.0192 0 0 0 1 
27844314100151;1.21483;1.11215;0.987725 -0.0647301 0.14216 -5.89413 0.0671874 0.997661 -0.0125491 1.88015 -0.141015 0.0219464 0.989764 -1.61463 0 0 0 1 
27844314100152;0.850848;1.03508;0.981068 -0.00621177 0.193565 -0.965823 0.0578414 0.963264 -0.262252 -2.6253 -0.184825 0.268483 0.945387 17.0223 0 0 0 1 
27844314100153;1.33869;0.219016;0.986257 0.142748 0.0831862 10.4637 -0.14457 0.98936 0.0162872 -7.29537 -0.0799762 -0.0280896 0.996401 -5.72856 0 0 0 1 
27844314100155;1.31103;1.36772;0.991976 -0.121924 -0.0334474 -6.03416 0.112778 0.972918 -0.201769 0.634885 0.0571421 0.196378 0.978862 10.3264 0 0 0 1 
27844314100156;0.173499;0.240851;0.999617 -0.0164933 -0.0222171 -1.19369 0.0169058 0.999686 0.0185077 0.606714 0.0219049 -0.0188762 0.999582 -0.509343 0 0 0 1 
27844314100157;1.77732;0.487525;0.986807 0.137769 -0.0850421 5.04186 -0.129348 0.986777 0.0976774 -1.79211 0.0973745 -0.0853887 0.991578 -3.2353 0 0 0 1 
27844314100158;2.31932;0.325416;0.975191 0.0749407 -0.208294 0.910781 0.028414 0.890792 0.453522 -0.665845 0.219534 -0.448189 0.866563 -14.8757 0 0 0 1 
27844314100159;1.17995;0.317303;0.995305 0.0746465 -0.0616125 2.85994 -0.0698687 0.994629 0.0763631 -1.55276 0.0669818 -0.0716998 0.995175 -3.144 0 0 0 1 
27844314100160;1.94121;0.479262;0.980092 -0.0592879 -0.189483 -3.95723 0.0643377 0.997715 0.0206063 2.05437 0.187828 -0.032387 0.981668 4.61511 0 0 0 1 
27844314100161;0.541664;0.33463;0.987083 0.0883372 -0.133653 3.196 -0.103808 0.98809 -0.11359 -3.20426 0.122027 0.125997 0.984497 9.01307 0 0 0 1 
27844314100162;1.51732;1.00583;0.946509 -0.321913 -0.0221889 -17.3948 0.32212 0.946677 0.00643841 6.73932 0.0189331 -0.0132415 0.999733 0.217287 0 0 0 1 
27844314100163;1.36524;0.817889;0.952649 -0.3038 -0.012875 -16.4575 0.303183 0.952247 -0.0361442 4.04404 0.0232408 0.0305293 0.999264 1.20767 0 0 0 1 
27844314100164;0.587208;0.345371;0.974371 -0.224707 -0.0104276 -11.3856 0.224883 0.971916 0.0693293 4.52439 -0.00544403 -0.0698974 0.997539 -2.91792 0 0 0 1 
27844314100165;1.53313;0.39929;0.999169 0.0406704 -0.00281464 2.05647 -0.0405898 0.998878 0.0244055 -1.93371 0.00380406 -0.0242709 0.999698 0.0282456 0 0 0 1 
27844314100166;0.330265;0.319925;0.969015 -0.245403 -0.0280516 -12.3537 0.241992 0.965977 -0.0912569 3.67951 0.049492 0.0816411 0.995432 5.02929 0 0 0 1 
27844314100167;0.903395;0.400349;0.988607 -0.130086 0.0757237 -5.98676 0.141146 0.975949 -0.166136 1.05852 -0.0522905 0.174932 0.983191 6.14568 0 0 0 1 
27844314100168;2.432;0.319814;0.995126 -0.0367389 0.0915169 -1.65422 0.0345937 0.999091 0.024918 0.21196 -0.0923491 -0.0216307 0.995492 -0.528701 0 0 0 1 
27844314100169;1.16953;0.731778;0.941221 0.0516914 0.333812 2.78411 0.0580328 0.948784 -0.310551 -2.62752 -0.332768 0.311669 0.890016 6.8057 0 0 0 1 
27844314100170;0.524881;0.358262;0.981934 -0.0465793 -0.183401 -3.37546 0.0681249 0.991258 0.112988 1.32452 0.176534 -0.123441 0.976523 -1.83446 0 0 0 1 
27844314100171;2.35705;0.388951;0.957411 0.142437 0.251147 5.72871 -0.100344 0.979771 -0.173149 -3.14137 -0.27073 0.140574 0.952336 -2.17008 0 0 0 1 
27844314100172;0.422262;0.245903;0.99734 0.014309 -0.0714695 -0.191878 -0.00970388 0.997879 0.0643714 0.452186 0.072239 -0.0635067 0.995363 -1.39071 0 0 0 1 
27844314100173;0.404553;0.328335;0.99287 -0.0966192 -0.0698083 -5.20552 0.104466 0.987354 0.119239 2.046 0.0574047 -0.125682 0.990408 -4.45372 0 0 0 1 
27844314100174;0.99992;0.948386;0.987985 0.154099 -0.0118 5.29053 -0.153452 0.987186 0.0437648 -3.68591 0.0183929 -0.0414282 0.998972 -2.09034 0 0 0 1 
27844314100175;0.837078;0.33704;0.998898 0.0454204 -0.0118098 1.63485 -0.045119 0.998677 0.0246496 -0.0120202 0.0129138 -0.0240896 0.999626 -1.11218 0 0 0 1 
27844314100176;0.793248;0.57157;0.996329 0.0327005 -0.0791207 0.852344 -0.0565914 0.945031 -0.322047 -5.15354 0.0642404 0.325342 0.943412 17.0545 0 0 0 1 
27844314100177;2.13358;0.286597;0.999915 -0.00835201 -0.0100066 -0.542465 0.00850999 0.999838 0.0158508 0.484902 0.00987263 -0.0159346 0.999824 -2.87874 0 0 0 1 
27844314100178;1.06641;1.17389;0.996025 -0.0695611 -0.0556401 -3.63463 0.0687498 0.9975 -0.0163671 1.60393 0.0566395 0.0124768 0.998317 1.62843 0 0 0 1 
27844314100179;2.46162;0.320749;0.952879 0.116106 -0.280252 3.51428 -0.155446 0.980228 -0.12243 -3.43099 0.260496 0.160225 0.952087 10.8275 0 0 0 1 
27844314100180;2.13141;0.309767;0.908164 0.290297 0.301604 10.2675 -0.337811 0.933729 0.118463 -10.6862 -0.247227 -0.209469 0.946045 -16.2277 0 0 0 1 
27844314100181;0.683715;0.418944;0.998675 0.0490131 0.0157065 2.19383 -0.0496799 0.997736 0.0453231 -0.85154 -0.0134495 -0.0460433 0.998849 -1.79894 0 0 0 1 
27844314100182;1.078;0.294192;0.981668 -0.0808586 0.172596 -3.52203 0.0688007 0.994826 0.0747458 1.44605 -0.177747 -0.0615008 0.982153 -5.8006 0 0 0 1 
27844314100183;1.04239;0.359653;0.902899 -0.203841 0.378447 -9.98188 0.0932973 0.952355 0.290372 1.60049 -0.419606 -0.226869 0.878898 -19.5416 0 0 0 1 
27844314100184;1.3844;0.309496;0.983613 -0.0383636 0.176164 -1.34686 0.0213254 0.994996 0.0976119 -0.587694 -0.179028 -0.0922556 0.979509 -8.64271 0 0 0 1 
27844314100186;0.793481;0.441804;0.972273 0.104715 -0.209091 5.61759 -0.0565107 0.972848 0.224439 -2.37801 0.226916 -0.2064 0.951792 -6.02268 0 0 0 1 
27844314100187;1.90684;0.425371;0.996994 0.0769294 0.0092025 6.072 -0.0765124 0.996293 -0.0393184 -2.33701 -0.0121931 0.0384961 0.999184 3.73123 0 0 0 1 
27844314100188;0.899725;1.49476;0.899938 0.127883 0.416843 8.51605 -0.125742 0.991523 -0.0327186 -4.58812 -0.417494 -0.0229701 0.908389 -16.6391 0 0 0 1 
27844314100189;2.92803;2.81122;0.99609 -0.0366501 -0.0803792 -2.81885 0.0261029 0.99136 -0.128547 -0.779425 0.084396 0.125946 0.988441 11.6267 0 0 0 1 
27844314100190;2.25734;1.46462;0.98485 0.162615 -0.0602203 12.19 -0.170698 0.970271 -0.171568 -9.14947 0.0305305 0.179248 0.98333 14.1724 0 0 0 1 
27844314100191;2.96618;1.19271;0.985125 -0.0546994 0.162902 -3.05793 0.114839 0.914768 -0.387312 -4.8123 -0.127832 0.400258 0.907443 24.79 0 0 0 1 
27844314100192;2.51273;0.439081;0.926693 -0.118467 -0.356659 -10.1866 0.0764866 0.988606 -0.129642 0.866366 0.367953 0.0928589 0.925196 18.5247 0 0 0 1 
27844314100193;1.47826;1.59657;0.971591 0.222505 -0.0806381 16.0522 -0.219892 0.974701 0.0400683 -8.18855 0.0875134 -0.0211983 0.995938 2.564 0 0 0 1 
27844314100194;2.31253;2.01195;0.970806 0.00620209 -0.239787 -1.48228 0.000270182 0.999637 0.0269494 0.152072 0.239867 -0.0262274 0.970451 7.54473 0 0 0 1 
27844314100195;2.39108;0.429349;0.980566 -0.1793 -0.0796364 -11.8752 0.145505 0.936915 -0.317836 -0.429112 0.1316 0.300071 0.944795 22.6938 0 0 0 1 
27844314100196;0.463067;2.07897;0.984272 0.144919 0.101031 11.7857 -0.147771 0.988792 0.0212973 -5.07349 -0.0968118 -0.0358917 0.994655 -5.69454 0 0 0 1 
27844314100197;2.03095;1.94638;0.993974 -0.0715004 -0.0830894 -5.30977 0.0599385 0.989146 -0.134157 0.461498 0.0917798 0.128368 0.987471 10.863 0 0 0 1 
27844314100198;1.85236;0.357157;0.983986 -0.0727323 -0.162733 -5.23076 0.0768165 0.996865 0.0189392 2.3909 0.160845 -0.0311364 0.986488 4.34514 0 0 0 1 
27844314100199;0.504668;0.483285;0.988761 -0.137052 -0.059733 -9.55715 0.142562 0.984659 0.100613 4.19544 0.0450274 -0.107998 0.993131 -6.29263 0 0 0 1 
27844314100200;2.93423;1.53189;0.997671 -0.0667527 0.0140516 -4.06031 0.0679706 0.990212 -0.121899 1.52817 -0.00577699 0.122571 0.992443 5.48666 0 0 0 1 
27844314100201;1.21539;0.679344;0.98866 0.0233095 0.148351 2.21113 -0.0479233 0.985199 0.164578 -2.16979 -0.142319 -0.169821 0.975144 -17.3352 0 0 0 1 
27844314100202;1.66781;1.47608;0.945678 0.124708 -0.300235 6.16824 -0.0931971 0.988733 0.117137 -2.79388 0.31146 -0.082793 0.946646 6.04251 0 0 0 1 
27844314100203;0.429271;0.741657;0.931275 -0.0873293 0.353697 -5.98553 0.00082373 0.971348 0.237661 -0.928506 -0.364317 -0.221037 0.904663 -27.8815 0 0 0 1 
27844314100204;0.64969;0.801345;0.921173 -0.00693766 -0.389092 -4.60142 0.0761568 0.983722 0.162761 2.15768 0.381629 -0.179563 0.906706 -0.210503 0 0 0 1 
27844314100205;2.89316;2.72359;0.995693 -0.0129049 -0.0918128 -0.77787 0.00771937 0.998366 -0.0566121 -0.14963 0.0923933 0.0556596 0.994166 5.59196 0 0 0 1 
27844314100206;1.28236;0.500799;0.996727 -0.046382 0.0662153 -2.16365 0.0583046 0.979792 -0.191331 -1.19139 -0.0560029 0.194566 0.979289 11.1737 0 0 0 1 
27844314100207;1.92404;1.12925;0.970892 0.141678 -0.193122 8.65591 -0.124963 0.987486 0.0962057 -4.53695 0.204336 -0.0692722 0.976447 3.71239 0 0 0 1 
27844314100208;1.88311;1.43046;0.915483 0.137776 0.378032 9.65118 -0.054406 0.973306 -0.222971 -4.12721 -0.39866 0.183559 0.898541 -3.03575 0 0 0 1 
27844314100209;2.33052;1.13224;0.990992 0.131557 0.0250405 10.0624 -0.131588 0.991304 -0.000382313 -4.60692 -0.024873 -0.00291617 0.999686 -3.15193 0 0 0 1 
27844314100210;0.530209;0.521927;0.994206 -0.0322461 0.102537 -1.60566 0.0422016 0.994442 -0.0964545 0.428725 -0.0988568 0.100223 0.990042 3.08775 0 0 0 1 
27844314100211;2.44996;1.13221;0.994413 0.0896165 -0.0557899 6.3896 -0.0914008 0.995353 -0.030292 -3.07694 0.052816 0.0352219 0.997983 6.28766 0 0 0 1 
27844314100212;2.84301;1.1702;0.995959 0.0690112 -0.0574652 5.3693 -0.0738111 0.99355 -0.0860819 -2.23502 0.0511539 0.0899757 0.994629 5.3176 0 0 0 1 
27844314100213;1.50297;0.608761;0.998413 0.0434721 0.035795 4.38208 -0.035988 0.981475 -0.188179 -3.80365 -0.0433124 0.186593 0.981482 11.4768 0 0 0 1 
27844314100214;0.564234;0.594529;0.987621 -0.0959063 0.124121 -5.92028 0.098745 0.994969 -0.0169093 2.77759 -0.121875 0.0289563 0.992123 -1.68029 0 0 0 1 
27844314100215;0.386204;1.6399;0.988957 0.105791 -0.103788 7.76884 -0.114116 0.990413 -0.0778401 -4.17247 0.0945587 0.0888244 0.991549 9.17315 0 0 0 1 
27844314100217;0.459527;0.918213;0.996015 0.00848481 -0.0887804 0.217546 -0.00999685 0.999812 -0.0166006 -0.723575 0.0886228 0.0174219 0.995913 2.84191 0 0 0 1 
27844314100218;2.20727;0.422807;0.99931 0.0273199 -0.0251611 0.770448 -0.0274513 0.999611 -0.00489341 -1.21314 0.0250177 0.00558074 0.999671 3.57498 0 0 0 1 
27844314100219;2.19715;0.558418;0.997061 -0.0727803 -0.0239184 -1.37284 0.0718931 0.99676 -0.0360682 1.78832 0.026466 0.0342427 0.999063 4.12159 0 0 0 1 
27844314100220;1.31114;0.169616;0.997612 -0.0160721 -0.0671673 0.656339 0.0143639 0.999563 -0.0258391 -0.55573 0.0675532 0.0248126 0.997407 2.37293 0 0 0 1 
27844314100221;1.65894;1.72531;0.999787 0.0167549 0.0120735 0.585232 -0.0171274 0.999359 0.0314415 -0.481112 -0.011539 -0.0316416 0.999433 -0.433605 0 0 0 1 
27844314100222;1.73745;0.839925;0.978964 0.0420523 -0.199653 0.163313 -0.0203192 0.993759 0.109681 -0.68401 0.20302 -0.103317 0.973709 4.94004 0 0 0 1 
27844314100223;2.40198;1.61182;0.998511 0.00470149 -0.0543441 0.472905 -0.00486941 0.999984 -0.00295797 0.00598332 0.0543293 0.00321819 0.998518 3.22463 0 0 0 1 
27844314100224;0.843273;0.938061;0.999337 0.0209817 -0.0297648 0.636849 -0.0184402 0.996359 0.0832334 -0.652685 0.0314029 -0.0826293 0.996085 -0.303888 0 0 0 1 
27844314100225;1.09219;1.32379;0.999964 0.00568663 0.00635125 0.488198 -0.00527397 0.997987 -0.0632003 -0.322283 -0.00669786 0.0631645 0.997981 1.00458 0 0 0 1 
27844314100226;2.28577;0.434204;0.942705 0.13054 -0.307028 -0.161215 -0.0600573 0.97164 0.228712 -2.02177 0.328177 -0.197169 0.92381 8.60167 0 0 0 1 
27844314100227;0.739768;1.06864;0.989773 0.043111 -0.135982 0.738074 -0.0391389 0.998729 0.0317506 -1.13678 0.137178 -0.0261037 0.990202 3.91979 0 0 0 1 
27844314100228;0.965544;0.105543;0.989967 0.0850825 -0.112815 1.34749 -0.0810051 0.9959 0.040255 -2.83661 0.115777 -0.0307125 0.9928 3.89673 0 0 0 1 
27844314100229;0.882458;1.17481;0.965532 0.0152531 0.259838 1.35488 0.0307838 0.984583 -0.172187 -0.438039 -0.258459 0.174251 0.950177 -5.62736 0 0 0 1 
27844314100230;0.333053;0.271679;0.950589 0.162735 -0.264383 0.520939 -0.0705021 0.942511 0.326653 -2.01111 0.302342 -0.291873 0.907414 3.20342 0 0 0 1 
27844314100231;2.08116;0.193257;0.995721 -0.0354523 0.0853341 -0.0125582 0.0373896 0.999076 -0.0212114 0.712049 -0.0845032 0.0243113 0.996127 0.369531 0 0 0 1 
27844314100232;2.3687;1.84496;0.999164 0.0297665 -0.0280201 0.220833 -0.030633 0.999049 -0.031021 -0.623886 0.0270701 0.0318534 0.999126 0.223807 0 0 0 1 
27844314100233;0.91161;0.888056;0.999091 0.0348773 -0.0245219 1.43243 -0.0345157 0.999291 0.0150205 -1.30625 0.0250284 -0.0141605 0.999586 -0.43413 0 0 0 1 
27844314100234;2.15311;0.794666;0.997655 0.00606076 0.0681676 1.17652 -0.00671997 0.999933 0.00944526 0.023741 -0.0681058 -0.0098812 0.997629 -4.92637 0 0 0 1 
27844314100235;1.5865;1.19446;0.940148 0.0157979 -0.340399 -3.47066 -0.030834 0.998771 -0.0388074 -1.14086 0.339368 0.0469806 0.93948 10.72 0 0 0 1 
27844314100236;0.801975;0.696566;0.999882 0.00319993 -0.0150505 0.547956 -0.00422779 0.997624 -0.0687657 -0.424463 0.0147947 0.0688212 0.997519 1.64774 0 0 0 1 
27844314100237;0.36254;0.263848;0.988374 0.13583 -0.0683205 1.88473 -0.132623 0.98993 0.0494843 -3.93818 0.074354 -0.0398481 0.996435 1.7073 0 0 0 1 
27844314100238;0.509991;0.405716;0.99578 -0.0281804 -0.0873415 -0.460672 -0.00549749 0.931666 -0.363275 -2.92381 0.0916103 0.362222 0.927579 8.87285 0 0 0 1 
27844314100239;2.45541;1.64325;0.999383 0.0157064 -0.0314265 0.174159 -0.0149527 0.999598 0.0240757 -0.746702 0.031792 -0.0235909 0.999216 2.98004 0 0 0 1 
27844314100240;0.531694;0.370434;0.997545 -0.065963 0.0234996 -1.05668 0.0654646 0.997626 0.0213832 1.85492 -0.0248543 -0.0197924 0.999495 -0.606484 0 0 0 1 
27844314100241;1.90316;0.612521;0.998931 0.00101091 0.046206 1.60403 -0.00383967 0.99812 0.0611729 0.384296 -0.0460573 -0.061285 0.997057 -3.83308 0 0 0 1 
27844314100242;0.857743;0.306148;0.987777 0.0322156 0.152511 1.41607 -0.0363878 0.999034 0.024644 -0.75414 -0.15157 -0.0298923 0.987994 -4.44247 0 0 0 1 
27844314100243;1.52979;1.915;0.988377 -0.00547274 -0.151925 -0.54251 -0.000926703 0.999116 -0.0420197 -0.131347 0.152021 0.0416721 0.987498 4.96048 0 0 0 1 
27844314100244;1.45043;0.963965;0.987065 0.0782293 -0.139942 0.434944 -0.0306368 0.948825 0.314312 -0.483999 0.157369 -0.305958 0.938949 0.159784 0 0 0 1 
27844314100245;0.353496;0.672328;0.999006 0.0226727 0.0383849 1.1357 -0.0303407 0.976627 0.212787 -0.253264 -0.0326633 -0.21374 0.976344 -4.91884 0 0 0 1 
27844314100246;0.304746;0.253822;0.99571 0.0866546 0.0324532 1.69816 -0.0786865 0.977482 -0.1958 -3.76521 -0.0486894 0.192406 0.980107 1.98436 0 0 0 1 
27844314100248;1.91005;1.45244;0.999803 -0.0185034 0.00718421 -1.17618 0.0182655 0.999325 0.0318686 0.858895 -0.00776903 -0.0317311 0.999466 -2.21847 0 0 0 1 
27844314100249;1.74539;0.326489;0.918259 0.0141328 0.395729 0.683061 0.0210837 0.9962 -0.0845006 0.540611 -0.39542 0.0859368 0.914472 4.7589 0 0 0 1 
27844314100250;2.4193;1.59636;0.886719 0.0326871 -0.461151 1.29951 -0.028231 0.999464 0.0165599 -0.816691 0.461445 -0.00166524 0.887167 0.473088 0 0 0 1 
27844314100251;0.382775;0.396023;0.997478 0.0383018 0.0597593 2.42429 -0.0464965 0.988717 0.142398 -0.298484 -0.053631 -0.144817 0.988004 -7.97026 0 0 0 1 
27844314100252;0.517763;0.7441;0.995804 -0.0060117 -0.091317 -0.184327 -0.0183308 0.964514 -0.263393 -2.34707 0.08966 0.263962 0.960357 13.7982 0 0 0 1 
27844314100253;0.421961;0.331647;0.995349 0.0219984 0.0937878 1.47459 -0.0142825 0.996517 -0.0821607 -0.65668 -0.0952685 0.080439 0.992196 4.00217 0 0 0 1 
27844314100254;1.06506;0.384383;0.997956 0.0597101 -0.0227622 3.41921 -0.0531137 0.973125 0.224068 -1.16355 0.0355296 -0.222401 0.974308 -12.6754 0 0 0 1 
27844314100255;0.41574;0.388215;0.944882 0.0100334 -0.327257 0.114882 -0.0247168 0.998864 -0.0407399 -0.286333 0.326476 0.0465831 0.944057 3.25301 0 0 0 1 
27844314100256;0.221269;0.111951;0.99973 0.00339151 -0.0229793 0.11464 -0.00217138 0.998597 0.0529152 0.143026 0.0231265 -0.052851 0.998335 -3.02223 0 0 0 1 
27844314100257;0.472366;0.243776;0.995675 0.0575067 0.072966 3.44269 -0.0817223 0.915697 0.393473 -3.66333 -0.0441874 -0.397734 0.916436 -21.1177 0 0 0 1 
27844314100258;0.965959;0.477777;0.961587 0.0238342 -0.273462 0.103296 -0.0125136 0.998994 0.0430673 0.140863 0.274213 -0.037991 0.960918 -1.05818 0 0 0 1 
27844314100259;0.701583;0.679266;0.999535 0.0277423 -0.0126306 1.71512 -0.0279817 0.999424 -0.0191923 -0.227658 0.0120909 0.0195369 0.999736 0.580895 0 0 0 1 
27844314100260;1.49458;1.01836;0.991474 0.0155586 -0.129372 0.105963 0.0212206 0.960313 0.278118 -0.322617 0.128565 -0.278492 0.951795 -13.781 0 0 0 1 
27844314100261;0.461097;0.204907;0.980871 -0.0258544 -0.192936 -1.9381 0.0144806 0.998086 -0.0601302 -0.0432402 0.194121 0.0561861 0.979367 3.60138 0 0 0 1 
