#;prob_registration_l1 -r /home/probabilistic_point_clouds_registration/build/tester /home/point_clouds_registration_benchmark//devel/registration_pairs/pioneer_slam_local.txt /home/point_clouds_registration_benchmark//tum/pioneer_slam -s 0.1 -t 0.1 -p 0.3 -r 1000 -m 20 -i 40 
id;initial_error;final_error;transformation
1807261650000;0.252801;0.116716;0.994326 0.0604812 0.0875047 -0.298918 -0.0575686 0.997712 -0.0354368 0.364213 -0.0894478 0.0301982 0.995534 0.198511 0 0 0 1 
1807261650001;0.370505;0.119832;0.969768 0.132592 0.204863 -0.102057 -0.172966 0.96568 0.193767 0.564972 -0.17214 -0.223343 0.959419 0.858707 0 0 0 1 
1807261650002;0.611698;0.127166;0.999993 0.00376513 0.000213273 0.24175 -0.00375852 0.999672 -0.0253179 -0.659565 -0.000308528 0.0253169 0.999679 0.574939 0 0 0 1 
1807261650003;0.65444;0.163978;0.950461 0.306302 -0.0529406 0.392024 -0.301452 0.949827 0.0833975 1.1569 0.0758292 -0.063307 0.995109 -0.998717 0 0 0 1 
1807261650004;0.70178;0.155884;0.904278 0.390952 0.171573 0.0980062 -0.366116 0.916807 -0.159447 1.57394 -0.219636 0.0813691 0.972183 1.35521 0 0 0 1 
1807261650005;0.564667;0.12819;0.986125 -0.165975 0.00320749 0.0764723 0.165997 0.986091 -0.0083748 -0.339802 -0.00177287 0.00879103 0.99996 0.736325 0 0 0 1 
1807261650006;0.456118;0.0892793;0.995006 -0.0746732 -0.0662268 -0.481405 0.0643605 0.987173 -0.146107 -0.0190097 0.0762875 0.141115 0.98705 -0.714695 0 0 0 1 
1807261650007;0.0911852;0.0844915;0.997702 0.0155604 0.0659436 -0.181875 -0.0166747 0.999727 0.01638 0.0176647 -0.0656707 -0.0174419 0.997689 0.25688 0 0 0 1 
1807261650008;0.628711;0.173376;0.956378 -0.0498397 0.287849 0.727345 0.01173 0.991096 0.132631 -0.267377 -0.291896 -0.123469 0.948447 0.757319 0 0 0 1 
1807261650009;0.268333;0.0894576;0.970584 -0.240371 -0.0136985 -0.0661869 0.240326 0.97068 -0.00484025 -0.87905 0.0144603 0.00140575 0.999894 -0.148061 0 0 0 1 
1807261650010;0.71038;0.141593;0.93454 0.355789 0.00704439 0.174816 -0.355846 0.934493 0.0098744 1.23496 -0.00306973 -0.0117347 0.999926 -0.884733 0 0 0 1 
1807261650011;0.818748;0.144387;0.89883 0.438193 -0.00955437 0.123706 -0.438198 0.898877 0.0017039 1.74082 0.00933484 0.00265518 0.999953 -0.90828 0 0 0 1 
1807261650012;0.646177;0.0947138;0.999956 0.00570018 0.0073903 0.0863931 -0.00534683 0.998881 -0.0469813 -0.573892 -0.00764984 0.0469398 0.998868 -0.697302 0 0 0 1 
1807261650013;0.5425;0.0787665;0.988432 0.0330322 -0.148021 -0.145188 -0.0390569 0.998515 -0.0379805 -0.145954 0.146547 0.0433224 0.988255 -1.22339 0 0 0 1 
1807261650014;0.402811;0.141208;0.944148 0.20236 -0.260066 0.287011 -0.168872 0.974845 0.14546 0.509828 0.282959 -0.0934177 0.954572 -1.40108 0 0 0 1 
1807261650015;0.62098;0.091232;0.887722 -0.419866 0.188848 0.282387 0.416227 0.907245 0.0605097 -1.27528 -0.196737 0.0248878 0.98014 1.27188 0 0 0 1 
1807261650016;0.314215;0.150437;0.989184 0.137985 -0.0497493 -0.13321 -0.135514 0.989511 0.0500453 0.655131 0.056133 -0.0427623 0.997507 -0.00905975 0 0 0 1 
1807261650017;0.544853;0.141478;0.946321 0.119582 -0.300293 0.192496 -0.216799 0.923899 -0.315292 0.938764 0.239737 0.363471 0.900231 -1.10451 0 0 0 1 
1807261650018;0.870541;0.156316;0.876309 0.466222 0.121326 0.14565 -0.459091 0.884504 -0.0829996 2.11835 -0.146009 0.0170338 0.989137 1.21298 0 0 0 1 
1807261650019;0.408282;0.133422;0.965362 0.260804 -0.00760027 -0.283317 -0.260764 0.965385 0.00589597 0.770283 0.00887488 -0.00370987 0.999954 0.291573 0 0 0 1 
1807261650020;0.378251;0.155476;0.963607 0.0202113 -0.266558 0.00818633 -0.111549 0.936578 -0.332233 0.394585 0.242938 0.349876 0.904747 -0.917383 0 0 0 1 
1807261650021;0.0584465;0.112167;0.998476 0.0479906 -0.0272685 -0.0685276 -0.0477598 0.998818 0.00905649 0.0363537 0.0276708 -0.00774035 0.999587 -0.0695678 0 0 0 1 
1807261650022;0.492617;0.087349;0.971333 -0.170133 -0.166033 0.125737 0.156086 0.983226 -0.0943636 -0.556483 0.179302 0.0657431 0.981595 -1.1845 0 0 0 1 
1807261650023;0.436303;0.153556;0.933951 0.356293 0.0281318 0.0725732 -0.357043 0.933645 0.0287584 1.36988 -0.0160187 -0.0369032 0.99919 0.146136 0 0 0 1 
1807261650024;0.611538;0.127266;0.995658 -0.017673 0.0913934 0.166431 0.0249782 0.996529 -0.0794162 0.361621 -0.0896726 0.0813542 0.992643 -0.374745 0 0 0 1 
1807261650025;0.222007;0.0901282;0.983325 -0.163402 -0.079825 -0.203355 0.151244 0.978537 -0.139966 -0.687623 0.100982 0.125559 0.986933 -0.171242 0 0 0 1 
1807261650026;0.125003;0.111821;0.997655 -0.0182968 -0.0659495 -0.284107 0.0113333 0.994465 -0.104456 -0.0679788 0.0674957 0.103464 0.99234 -0.116183 0 0 0 1 
1807261650027;0.446617;0.0831887;0.896013 -0.441576 0.0466004 0.140441 0.435971 0.894798 0.0962638 -1.6596 -0.0842057 -0.0659372 0.994264 0.355032 0 0 0 1 
1807261650028;0.18577;0.154901;0.977717 0.199752 -0.0645598 0.0697263 -0.201576 0.979202 -0.0230282 0.412943 0.0586171 0.0355288 0.997648 -0.192793 0 0 0 1 
1807261650029;0.503137;0.153044;0.985407 0.098115 -0.139091 0.136774 -0.127185 0.967494 -0.218584 0.914226 0.113124 0.233085 0.965854 -0.274402 0 0 0 1 
1807261650031;0.869936;0.922036;0.993925 0.109243 0.0134107 0.352812 -0.109862 0.977354 0.180859 0.173865 0.00665051 -0.181233 0.983418 -0.831167 0 0 0 1 
1807261650032;0.361529;0.537503;0.951798 0.18467 -0.244905 0.61914 -0.236845 0.949834 -0.204253 0.714209 0.1949 0.252412 0.947788 0.511887 0 0 0 1 
1807261650033;0.495733;0.445398;0.995934 0.0598236 0.0673515 0.0559759 -0.0588906 0.99814 -0.0157563 0.0913505 -0.0681689 0.0117259 0.997605 0.0687563 0 0 0 1 
1807261650034;1.09057;1.00127;0.998319 0.0458978 -0.0353994 0.611654 -0.0498311 0.99156 -0.119689 0.850476 0.0296071 0.121252 0.99218 0.870827 0 0 0 1 
1807261650035;0.885672;1.06679;0.988312 0.0875936 -0.124766 0.442979 -0.0770167 0.993208 0.0872196 0.506601 0.131558 -0.0765911 0.988345 0.0533674 0 0 0 1 
1807261650036;0.893017;0.480658;0.987021 0.0504619 0.152457 0.142668 -0.0550115 0.998153 0.02577 0.40686 -0.150875 -0.0338224 0.987974 0.848465 0 0 0 1 
1807261650037;0.513994;0.788963;0.999638 0.0256482 0.00807391 0.228139 -0.0258253 0.99941 0.0226501 0.656374 -0.00748821 -0.0228504 0.999711 -0.369448 0 0 0 1 
1807261650038;0.984234;0.583932;0.921086 0.0250554 0.388552 -0.2411 0.0146239 0.994997 -0.0988283 0.526938 -0.389084 0.0967116 0.916112 -0.111305 0 0 0 1 
1807261650039;0.787771;0.599079;0.987351 0.0501098 0.150426 0.118911 -0.0188785 0.97915 -0.202261 0.591122 -0.157424 0.196863 0.96771 0.0189262 0 0 0 1 
1807261650040;0.449489;0.524988;0.972431 0.00307515 0.233172 -0.0239155 0.00333714 0.999627 -0.0271007 0.430486 -0.233168 0.0271317 0.972058 0.690469 0 0 0 1 
1807261650041;0.636202;0.571371;0.999916 0.0111408 -0.00664827 0.32093 -0.0115354 0.997971 -0.0626147 0.858465 0.0059372 0.0626861 0.998016 -0.148613 0 0 0 1 
1807261650042;0.394001;0.385592;0.999837 -0.0153383 -0.00956629 -0.275094 0.0146283 0.997417 -0.0703205 0.339867 0.0106202 0.070169 0.997479 0.203512 0 0 0 1 
1807261650043;0.493104;0.51717;0.943975 0.226567 0.239956 0.85652 -0.207224 0.972821 -0.103331 0.93684 -0.256846 0.0478176 0.965269 0.454178 0 0 0 1 
1807261650044;0.603128;0.523758;0.999028 -0.0382682 -0.0218905 -0.353747 0.0367625 0.997176 -0.0654811 0.249228 0.0243346 0.0646127 0.997614 -0.279015 0 0 0 1 
1807261650045;0.822026;0.571008;0.988387 -0.0833199 -0.127078 -0.15341 0.119759 0.941868 0.313915 -0.101659 0.0935355 -0.325488 0.940909 -1.72527 0 0 0 1 
1807261650046;0.726796;1.09346;0.958493 -0.285116 -7.48421e-05 -1.05176 0.28035 0.942517 -0.181841 0.252913 0.0519162 0.174272 0.983328 0.87362 0 0 0 1 
1807261650047;0.841796;0.786073;0.987155 0.146681 -0.0633286 0.554379 -0.15022 0.987107 -0.0552606 0.609382 0.0544064 0.0640639 0.996462 0.763516 0 0 0 1 
1807261650048;0.923373;0.553107;0.98437 0.0179397 0.175198 0.130155 -0.0402151 0.991412 0.124436 0.612078 -0.171461 -0.129536 0.976638 0.601909 0 0 0 1 
1807261650049;0.894299;0.579667;0.963386 -0.127609 0.235804 -0.655463 0.112727 0.990745 0.0756096 -0.165958 -0.24327 -0.0462598 0.968855 0.592835 0 0 0 1 
1807261650050;0.776112;0.620451;0.935766 -0.27248 0.223825 -1.22797 0.324966 0.912792 -0.247401 0.0357557 -0.136894 0.304245 0.942706 1.35443 0 0 0 1 
1807261650051;0.472646;0.690575;0.970032 -0.185321 0.157142 -0.497234 0.190666 0.981461 -0.0195161 0.329222 -0.150612 0.0488928 0.987383 0.622021 0 0 0 1 
1807261650052;0.367213;0.576535;0.967879 0.237272 0.0831337 0.769568 -0.245474 0.963307 0.108542 0.590787 -0.0543292 -0.125463 0.99061 -0.218259 0 0 0 1 
1807261650053;0.543637;0.616898;0.902774 0.0351655 -0.428676 0.364353 -0.152347 0.958182 -0.242233 0.863849 0.402232 0.283989 0.870379 0.451259 0 0 0 1 
1807261650054;0.296591;0.647578;0.981653 -0.170528 -0.0853042 -0.622511 0.144956 0.958077 -0.247135 0.374003 0.123871 0.230236 0.965219 0.348153 0 0 0 1 
1807261650055;0.546573;0.908673;0.93742 -0.154869 -0.311866 -0.625608 0.227776 0.950173 0.212811 0.41915 0.263368 -0.270529 0.925987 -0.759355 0 0 0 1 
1807261650056;0.638977;0.503633;0.997947 0.0520965 -0.0372642 -0.0416394 -0.0553881 0.994071 -0.0935684 0.904399 0.0321687 0.0954403 0.994915 0.533915 0 0 0 1 
1807261650057;0.733154;0.786075;0.959958 -0.278146 0.0334116 -1.45189 0.277368 0.926902 -0.252824 0.30126 0.0393527 0.251968 0.966935 0.600533 0 0 0 1 
1807261650058;1.00454;0.993782;0.960164 0.180289 -0.213498 1.11722 -0.177754 0.983581 0.0311769 0.985792 0.215614 0.00801528 0.976446 0.097713 0 0 0 1 
1807261650059;0.328863;0.580936;0.960658 -0.112237 0.254047 -0.358342 0.0172713 0.93708 0.348687 0.210077 -0.277198 -0.330581 0.902152 -0.565121 0 0 0 1 
1807261650060;0.479524;0.343938;0.9971 0.074314 0.0163914 0.0624092 -0.0732791 0.995703 -0.0566172 0.110128 -0.0205285 0.0552519 0.998261 -0.0359196 0 0 0 1 
1807261650062;0.610394;0.288856;0.995512 0.090743 -0.0268787 0.607652 -0.0931975 0.989368 -0.111651 0.43005 0.0164614 0.113655 0.993384 -0.345139 0 0 0 1 
1807261650063;0.0702684;0.286933;0.99964 0.00888764 0.0253233 0.166169 -0.00609168 0.994086 -0.108422 0.287829 -0.0261372 0.108229 0.993782 0.347792 0 0 0 1 
1807261650064;0.431381;0.314174;0.973353 -0.122151 -0.194072 -0.134042 0.0916786 0.983026 -0.158918 0.0676093 0.21019 0.136891 0.96803 -0.0490699 0 0 0 1 
1807261650065;0.67345;0.287347;0.983973 0.0191278 -0.177286 0.0748539 0.0495725 0.925693 0.375013 0.492859 0.171286 -0.377791 0.909909 -1.6189 0 0 0 1 
1807261650066;0.179936;0.328933;0.990175 -0.138941 -0.0157752 -0.441184 0.13635 0.98437 -0.111465 0.270436 0.0310157 0.108219 0.993643 0.41244 0 0 0 1 
1807261650067;0.697139;0.335974;0.90883 -0.414388 -0.0480574 -1.43384 0.413997 0.910094 -0.0182943 -0.229846 0.0513177 -0.0032692 0.998677 -0.726963 0 0 0 1 
1807261650068;0.609754;0.32205;0.89551 -0.444428 -0.0233629 -2.06957 0.441634 0.893912 -0.0766809 -0.224997 0.0549635 0.0583506 0.996782 0.317345 0 0 0 1 
1807261650069;0.14606;0.32866;0.995951 -0.0827066 -0.0352207 -0.22743 0.0790884 0.992423 -0.0940271 0.284886 0.0427305 0.0908609 0.994946 0.300592 0 0 0 1 
1807261650070;0.531087;0.263713;0.983065 0.0738598 -0.167716 0.675849 -0.0250893 0.960811 0.276067 0.356694 0.181533 -0.267184 0.946392 -1.58451 0 0 0 1 
1807261650071;0.140553;0.303363;0.992427 0.0121473 -0.122237 0.260295 -0.031045 0.987597 -0.153907 0.453754 0.118852 0.156537 0.980495 0.469032 0 0 0 1 
1807261650072;0.380476;0.269729;0.99523 0.0933919 -0.0281862 0.336698 -0.0963354 0.986395 -0.133207 0.23184 0.0153623 0.135287 0.990687 0.342204 0 0 0 1 
1807261650073;0.531138;0.326297;0.981739 -0.14439 0.123851 -0.155392 0.108025 0.959054 0.261814 -0.0600921 -0.156583 -0.243654 0.957139 -0.494354 0 0 0 1 
1807261650074;0.56209;0.27711;0.947763 0.19435 0.25293 0.857254 -0.165407 0.977451 -0.131267 0.867577 -0.272738 0.0825733 0.958538 0.685968 0 0 0 1 
1807261650075;0.57785;0.284158;0.999297 -0.0374782 -0.000745875 0.10851 0.0372734 0.995557 -0.0864738 0.87778 0.00398344 0.0863852 0.996254 -0.100395 0 0 0 1 
1807261650076;0.523862;0.29195;0.97834 -0.193823 -0.0726854 -0.843452 0.171331 0.955243 -0.241157 0.387713 0.116174 0.223481 0.96776 1.28582 0 0 0 1 
1807261650077;0.611234;0.358991;0.974817 0.215122 0.0587645 0.6075 -0.190694 0.940734 -0.280455 -0.0957676 -0.115614 0.262186 0.958067 0.713363 0 0 0 1 
1807261650078;0.330727;0.292579;0.948814 0.0630854 -0.309471 0.588617 -0.0752314 0.996788 -0.0274592 0.364328 0.306745 0.0493356 0.950512 0.381215 0 0 0 1 
1807261650079;0.421945;0.30284;0.946091 -0.0522049 -0.319666 -0.230188 -0.0100718 0.981707 -0.190132 -0.00204717 0.323744 0.183102 0.928258 0.938068 0 0 0 1 
1807261650080;0.560936;0.297832;0.933307 0.277683 -0.227663 1.40546 -0.347303 0.859115 -0.375902 0.412352 0.0912074 0.4299 0.898258 1.48144 0 0 0 1 
1807261650081;0.503671;0.265357;0.984778 0.0890658 0.149264 0.478123 -0.100697 0.99229 0.0722585 0.308318 -0.141677 -0.0861891 0.986154 -0.958046 0 0 0 1 
1807261650082;0.722741;0.310264;0.955096 0.295656 -0.0194684 1.24106 -0.295485 0.945563 -0.136381 0.309738 -0.0219134 0.13601 0.990465 -0.29203 0 0 0 1 
1807261650083;0.552134;0.327879;0.997748 -0.0567858 -0.0356957 0.175025 0.0504642 0.986118 -0.158194 -0.211411 0.0441833 0.156037 0.986763 0.263308 0 0 0 1 
1807261650084;0.867721;0.291745;0.928631 0.358949 -0.0938062 2.60001 -0.348151 0.930483 0.113982 0.615459 0.128199 -0.0731881 0.989044 -0.622804 0 0 0 1 
1807261650085;0.404997;0.291202;0.977799 -0.163914 -0.130545 -0.500667 0.0866876 0.883596 -0.460156 -0.0425656 0.190775 0.438623 0.878188 1.29243 0 0 0 1 
1807261650086;0.258185;0.325754;0.99868 -0.0508381 0.00732349 0.206953 0.051292 0.979625 -0.194176 0.317311 0.00269728 0.194295 0.980939 0.960888 0 0 0 1 
1807261650087;0.211815;0.297006;0.977059 0.211624 0.0238881 0.975636 -0.20632 0.968394 -0.140164 0.353469 -0.0527952 0.13202 0.98984 0.537504 0 0 0 1 
1807261650088;0.669831;0.309906;0.93738 -0.347949 0.0158212 -1.40161 0.326944 0.863313 -0.384445 0.00668507 0.120108 0.365543 0.923012 0.843479 0 0 0 1 
1807261650089;0.143654;0.308673;0.992659 0.0628406 0.103336 0.378825 -0.0589031 0.997433 -0.0407268 0.22472 -0.10563 0.034341 0.993812 0.223687 0 0 0 1 
1807261650090;0.732491;0.323716;0.987266 0.137379 -0.080208 0.301869 -0.149683 0.972947 -0.175983 1.00482 0.0538619 0.185747 0.98112 0.81472 0 0 0 1 
1807261650091;0.403612;0.31689;0.975393 0.214854 -0.0494668 1.09695 -0.197352 0.950862 0.238565 0.237089 0.0982927 -0.222932 0.969866 -0.586824 0 0 0 1 
1807261650093;1.16071;0.347809;0.898823 0.312877 0.306962 -0.334844 -0.288684 0.949549 -0.122546 0.211361 -0.329817 0.0215323 0.943799 -0.257736 0 0 0 1 
1807261650094;0.696816;0.396594;0.976864 0.210403 -0.0382965 -0.113276 -0.213534 0.969495 -0.120346 -0.0316203 0.011807 0.125739 0.991993 -0.103841 0 0 0 1 
1807261650095;0.832378;0.291513;0.941873 0.132934 0.308552 0.414708 -0.126373 0.991125 -0.0412479 0.269473 -0.311297 -0.000142312 0.950313 -0.0330396 0 0 0 1 
1807261650096;1.24922;0.440368;0.974601 0.216072 0.0588688 0.0766645 -0.163801 0.867034 -0.470555 -0.538459 -0.152715 0.448961 0.880405 0.691515 0 0 0 1 
1807261650097;1.57732;0.387448;0.963956 0.176534 0.19906 0.326925 -0.20437 0.970338 0.129139 0.00736932 -0.170358 -0.165166 0.971441 0.945486 0 0 0 1 
1807261650098;0.431654;0.332875;0.958756 -0.278114 0.05864 -0.0379052 0.283576 0.949956 -0.131026 -0.266849 -0.0192653 0.142251 0.989643 0.235923 0 0 0 1 
1807261650099;1.43162;0.423218;0.978458 -0.203029 -0.0374081 0.643812 0.176546 0.916821 -0.35815 0.260107 0.107011 0.34383 0.932914 0.661683 0 0 0 1 
1807261650100;0.198846;0.415852;0.99658 -0.0711855 -0.0419647 0.20639 0.0763761 0.987355 0.138915 -0.314238 0.0315453 -0.141645 0.989415 -0.0741336 0 0 0 1 
1807261650101;0.403364;0.331518;0.995393 -0.0942575 0.0175588 0.208861 0.0952982 0.992758 -0.0731383 -0.180713 -0.0105378 0.0744747 0.997167 -0.18405 0 0 0 1 
1807261650102;0.400187;0.323691;0.998707 -0.0489227 0.0138241 -0.101292 0.0498549 0.99571 -0.0779503 -0.179451 -0.00995128 0.0785387 0.996861 -0.0471503 0 0 0 1 
1807261650103;1.02195;0.368674;0.956192 0.267964 0.117869 0.0277582 -0.276331 0.959109 0.061244 -0.268424 -0.0966385 -0.091132 0.991139 0.521891 0 0 0 1 
1807261650104;1.18672;0.390406;0.999121 -0.0371978 -0.0193368 0.022919 0.0395069 0.989732 0.137369 -0.659978 0.0140284 -0.138012 0.990331 -0.645462 0 0 0 1 
1807261650105;1.18857;0.369849;0.994086 0.071051 0.0821321 -0.465329 -0.0692433 0.997295 -0.0246561 -0.523808 -0.0836618 0.0188231 0.996316 0.0821847 0 0 0 1 
1807261650106;0.708535;0.396648;0.999583 -0.0288486 0.000941555 -0.178449 0.0288431 0.997089 -0.070585 -0.37291 0.00109747 0.0705828 0.997505 0.165288 0 0 0 1 
1807261650107;0.503291;0.313097;0.992064 0.0145439 -0.124891 0.151115 -0.0129536 0.999824 0.013536 -0.147199 0.125066 -0.0118107 0.992078 0.229463 0 0 0 1 
1807261650108;1.52224;0.343063;0.96496 -0.205372 0.163325 0.146747 0.231847 0.958799 -0.164167 0.621713 -0.12288 0.196281 0.972818 -0.274388 0 0 0 1 
1807261650109;0.339127;0.311805;0.923232 -0.132349 0.360731 -0.0165498 0.107664 0.990304 0.0877845 -0.138721 -0.368852 -0.0422077 0.928529 0.218722 0 0 0 1 
1807261650110;0.998065;0.360039;0.938208 -0.275153 0.209895 0.118821 0.241955 0.955168 0.170623 -0.330507 -0.247432 -0.109295 0.962721 -0.522678 0 0 0 1 
1807261650111;0.873902;0.303588;0.978004 0.155727 0.13877 0.173038 -0.152163 0.9877 -0.0359953 -0.469677 -0.142669 0.0140878 0.98967 0.370505 0 0 0 1 
1807261650112;0.213542;0.322696;0.998024 -0.0556375 -0.0292107 0.162055 0.0589503 0.989947 0.12857 -0.237789 0.0217637 -0.130037 0.99127 -0.158535 0 0 0 1 
1807261650113;1.08553;0.385152;0.975973 -0.214093 0.0405035 -0.167474 0.216965 0.937776 -0.271114 -0.666422 0.0200604 0.273388 0.961695 -0.212713 0 0 0 1 
1807261650114;0.757919;0.42821;0.94936 0.31107 -0.0441652 0.289621 -0.308318 0.89532 -0.321469 -0.0691258 -0.0604572 0.318806 0.94589 0.534539 0 0 0 1 
1807261650115;1.40826;0.336923;0.964965 0.258417 -0.0454109 -0.437925 -0.259506 0.965537 -0.0198773 0.389014 0.0387093 0.0309653 0.998771 0.222918 0 0 0 1 
1807261650116;0.547781;0.41699;0.986932 0.112991 0.114887 0.175179 -0.130037 0.97952 0.153721 -0.250035 -0.0951648 -0.166652 0.981413 0.303098 0 0 0 1 
1807261650117;1.14474;0.433607;0.971245 0.237376 -0.0183444 -0.154137 -0.22544 0.941705 0.249737 0.244987 0.0765567 -0.23842 0.96814 -0.394363 0 0 0 1 
1807261650118;1.22447;0.426106;0.93311 0.23318 -0.273738 0.00810294 -0.307496 0.91207 -0.271246 0.0841862 0.186419 0.337276 0.922764 -0.543954 0 0 0 1 
1807261650119;1.49971;0.370058;0.99212 0.102043 -0.0726954 0.144293 -0.107625 0.991164 -0.0775232 0.477813 0.0641424 0.0847362 0.994337 -0.747597 0 0 0 1 
1807261650120;0.30517;0.308211;0.945612 0.244368 0.214715 0.181596 -0.243831 0.969372 -0.0294056 0.0814425 -0.215324 -0.0245478 0.976234 0.179409 0 0 0 1 
1807261650121;1.42718;0.318756;0.950089 0.275198 0.146958 0.547907 -0.301473 0.93107 0.205482 -0.830954 -0.0802796 -0.23953 0.967564 0.273435 0 0 0 1 
1807261650122;1.45607;0.339387;0.964638 -0.202267 0.169 -0.0831481 0.237468 0.945161 -0.224233 -0.352756 -0.114377 0.256436 0.95977 -0.713501 0 0 0 1 
1807261650124;1.36594;6.59315;0.413887 0.863333 0.288709 -2.27322 -0.523532 -0.033713 0.851339 -0.139589 0.744722 -0.503507 0.438029 1.80917 0 0 0 1 
1807261650125;0.804333;9.9882;-0.0126534 -0.949346 0.313978 4.80521 0.923877 0.10901 0.366836 0.505407 -0.382481 0.294719 0.875699 0.304347 0 0 0 1 
1807261650126;0.880272;9.98072;0.1065 -0.990246 0.0898399 4.81196 0.91443 0.133027 0.382257 0.779919 -0.39048 0.0414417 0.919678 0.233308 0 0 0 1 
1807261650127;1.55898;10.1748;-0.156765 -0.987519 0.0152112 5.10426 0.984855 -0.15746 -0.07258 0.68415 0.0740692 0.00360283 0.997247 -1.22045 0 0 0 1 
1807261650128;0.837192;6.48514;0.174802 -0.970576 0.165612 2.75266 0.97699 0.191856 0.0931784 -0.203171 -0.12221 0.145514 0.981779 -0.419621 0 0 0 1 
1807261650129;0.284015;10.2019;-0.0923055 -0.993509 -0.0664787 5.17495 0.995703 -0.0925912 0.00122295 0.902028 -0.00737036 -0.0660802 0.997787 -0.289489 0 0 0 1 
1807261650130;0.193395;6.73148;0.400964 0.877571 0.262864 -2.56176 -0.547329 -0.000611333 0.836917 -0.696261 0.734615 -0.479447 0.480075 1.54922 0 0 0 1 
1807261650131;0.6404;10.0028;-0.0215652 -0.998891 -0.0418542 5.0079 0.998375 -0.0237253 0.0518184 1.01935 -0.0527539 -0.0406687 0.997779 -0.192889 0 0 0 1 
1807261650132;1.48669;10.1755;-0.0848378 -0.993501 -0.0758774 5.6825 0.993356 -0.0902766 0.0713767 1.31586 -0.0777628 -0.0693178 0.994559 -0.439554 0 0 0 1 
1807261650133;0.878362;5.60608;0.334321 -0.924741 0.181889 2.57774 0.940518 0.33974 -0.00145038 -0.386307 -0.0604538 0.171555 0.983318 -0.117834 0 0 0 1 
1807261650134;0.764145;6.48038;0.495679 0.826092 0.268093 -2.60581 -0.689537 0.186639 0.699789 -0.717642 0.528054 -0.531731 0.662134 1.70914 0 0 0 1 
1807261650135;0.938287;10.128;-0.154002 -0.987995 -0.0122302 5.06667 0.985932 -0.152843 -0.067661 0.707242 0.0649794 -0.0224781 0.997633 0.0738107 0 0 0 1 
1807261650136;0.165136;10.0338;0.13622 -0.988575 -0.0645321 5.0221 0.99034 0.137586 -0.0172078 0.721602 0.0258899 -0.0615647 0.997767 -0.33928 0 0 0 1 
1807261650137;0.685906;10.1697;0.199673 -0.978664 0.0484481 4.93518 0.975496 0.193878 -0.104011 0.763768 0.092399 0.0680292 0.993395 -0.187869 0 0 0 1 
1807261650138;1.14592;9.87925;0.345978 -0.936055 0.0640362 4.85669 0.901521 0.35057 0.253696 0.292977 -0.259923 -0.0300434 0.965162 -0.318468 0 0 0 1 
1807261650139;0.608764;10.337;-0.0817172 -0.994603 -0.0639288 5.42673 0.995182 -0.0849153 0.0490171 0.703579 -0.0541811 -0.0596153 0.99675 -0.552649 0 0 0 1 
1807261650140;1.51409;10.1324;0.130585 -0.989976 -0.0537975 4.46632 0.991103 0.12894 0.0330038 1.19606 -0.0257364 -0.0576287 0.998006 -0.0134284 0 0 0 1 
1807261650141;0.713806;7.05675;0.0483659 0.884519 0.463991 -2.83098 0.998816 -0.0403678 -0.0271613 -0.722481 -0.0052944 0.464755 -0.885424 0.278616 0 0 0 1 
1807261650142;1.81337;10.1001;-0.0496652 -0.99602 -0.0740089 4.53708 0.995074 -0.0429798 -0.0893376 0.807184 0.0858012 -0.0780813 0.993248 0.35518 0 0 0 1 
1807261650143;1.33398;6.14612;0.0710753 -0.973346 0.218052 2.95079 0.996259 0.080045 0.0325702 0.401276 -0.049156 0.214921 0.975394 -0.0291916 0 0 0 1 
1807261650144;0.523192;10.0664;0.208464 -0.976498 -0.0547167 4.89227 0.93066 0.180856 0.318062 0.772954 -0.300691 -0.117227 0.94649 -0.499782 0 0 0 1 
1807261650145;1.32014;10.1494;-0.0921221 -0.992004 -0.0862704 5.81866 0.994459 -0.0960633 0.0426977 0.684294 -0.0506437 -0.0818589 0.995356 -0.139774 0 0 0 1 
1807261650146;0.396214;6.7856;0.414787 -0.860955 0.294461 3.1579 0.878543 0.463183 0.116726 0.0511939 -0.236885 0.21028 0.948508 -0.356307 0 0 0 1 
1807261650147;1.75836;10.0594;-0.198897 -0.979856 -0.0179236 4.88531 0.978321 -0.199595 0.0552243 0.583786 -0.0576893 -0.00655111 0.998313 -1.23386 0 0 0 1 
1807261650148;1.81564;6.54644;0.274559 -0.947015 0.166672 3.33557 0.960494 0.278299 -0.000954817 -0.719808 -0.0454803 0.160349 0.986012 0.0862475 0 0 0 1 
1807261650149;1.27562;10.1674;-0.113176 -0.988748 -0.0978174 5.44523 0.989709 -0.120863 0.0765983 0.526643 -0.087559 -0.0881418 0.992252 -0.946603 0 0 0 1 
1807261650150;1.69552;10.1661;-0.0307792 -0.993876 0.106131 5.26059 0.998895 -0.0343594 -0.0320713 0.744157 0.0355215 0.105027 0.993835 0.481165 0 0 0 1 
1807261650151;1.06641;10.1049;-0.0420194 -0.988373 -0.146129 5.30021 0.972598 -0.073938 0.220423 0.550979 -0.228665 -0.132863 0.964396 -0.726989 0 0 0 1 
1807261650152;1.1455;10.0504;-0.00997531 -0.99502 -0.0991702 5.33235 0.999614 -0.00734955 -0.0268075 0.503708 0.0259451 -0.0993993 0.994709 0.0747582 0 0 0 1 
1807261650153;0.956413;6.6095;0.175526 -0.976081 0.128284 3.62438 0.97318 0.191715 0.127149 -0.214621 -0.148701 0.102525 0.983553 -0.286374 0 0 0 1 
1807261650155;0.606131;0.264601;0.955466 -0.287045 -0.0684822 -0.793618 0.290846 0.955249 0.0539358 -0.311466 0.0499355 -0.0714515 0.996193 -0.66469 0 0 0 1 
1807261650156;0.187806;0.13707;0.998476 -0.0551612 0.0015163 -0.256261 0.055052 0.997633 0.0411993 -0.200491 -0.00378531 -0.0410531 0.99915 0.0624046 0 0 0 1 
1807261650157;0.551788;0.255934;0.935255 -0.345298 0.0778989 -1.53024 0.351629 0.931576 -0.0923237 -0.563464 -0.0406896 0.113738 0.992677 0.768271 0 0 0 1 
1807261650158;0.699792;0.153772;0.895137 -0.44075 -0.0668489 -2.16455 0.444753 0.893181 0.0664992 -0.961204 0.0303987 -0.0892572 0.995545 -0.69385 0 0 0 1 
1807261650159;0.309546;0.142313;0.986406 0.130123 -0.100351 0.473029 -0.147215 0.971102 -0.187851 -0.0932498 0.0730076 0.200071 0.977058 0.958068 0 0 0 1 
1807261650160;0.485518;0.197114;0.914553 -0.393034 -0.095486 -1.81794 0.404464 0.887836 0.219448 -0.847465 -0.00147437 -0.239317 0.97094 -0.909568 0 0 0 1 
1807261650161;0.330335;0.138371;0.998961 -0.0455718 0.0003038 -0.365507 0.0423743 0.926376 -0.374208 -0.370517 0.0167719 0.373832 0.927345 1.22626 0 0 0 1 
1807261650162;0.550603;0.156674;0.937313 0.348481 -0.00254432 0.888123 -0.348015 0.936391 0.0453568 0.0488963 0.0181884 -0.041628 0.998968 -0.201542 0 0 0 1 
1807261650163;0.739956;0.210753;0.962655 0.254769 0.0915828 1.04248 -0.252119 0.966885 -0.0396223 -0.869363 -0.0986445 0.0150529 0.995009 0.503059 0 0 0 1 
1807261650164;0.228506;0.163619;0.954959 0.135814 0.263832 0.439716 -0.151729 0.987579 0.0408135 -0.201704 -0.255012 -0.0790062 0.963705 -0.348197 0 0 0 1 
1807261650165;0.0638727;0.127362;0.999788 0.0181713 0.00971444 0.0251599 -0.0183097 0.999729 0.0143454 -0.134171 -0.00945113 -0.0145203 0.99985 0.0216695 0 0 0 1 
1807261650166;0.691573;0.16611;0.939313 -0.340904 -0.0384256 -1.42949 0.343048 0.932325 0.114403 -1.1834 -0.00317513 -0.120642 0.992691 -0.081964 0 0 0 1 
1807261650167;0.645574;0.239703;0.952269 -0.0249074 0.304243 0.14144 -0.0467182 0.973033 0.225885 0.142453 -0.301665 -0.229317 0.925425 -1.06136 0 0 0 1 
1807261650168;0.448255;0.172087;0.94996 0.307997 -0.0520928 1.10133 -0.307398 0.892103 -0.331148 -0.323972 -0.0555205 0.33059 0.94214 1.3011 0 0 0 1 
1807261650169;0.539907;0.153025;0.93616 0.349408 -0.0389542 1.135 -0.337683 0.924474 0.176969 -0.591784 0.0978466 -0.152517 0.983445 -0.974664 0 0 0 1 
1807261650170;0.652735;0.248835;0.953 0.102654 0.285051 0.652581 -0.11623 0.992736 0.0310767 0.0476051 -0.27979 -0.0627474 0.958009 0.37877 0 0 0 1 
1807261650171;0.437786;0.134124;0.940315 0.224707 0.255567 0.568838 -0.281209 0.93601 0.211677 -0.0320195 -0.191648 -0.270911 0.943334 -0.674699 0 0 0 1 
1807261650172;0.513271;0.155671;0.936167 0.321349 -0.142567 0.696411 -0.309205 0.945613 0.101034 -0.530935 0.167281 -0.0505022 0.984615 -0.114706 0 0 0 1 
1807261650173;0.421662;0.153553;0.925719 -0.118619 -0.359128 -0.485708 0.126855 0.991921 -0.000636083 0.0707438 0.356302 -0.0449684 0.933288 -0.509867 0 0 0 1 
1807261650174;0.342158;0.142331;0.991905 0.108105 -0.0666196 0.377859 -0.124738 0.927736 -0.351776 -0.168506 0.0237765 0.357238 0.933711 1.17375 0 0 0 1 
1807261650175;0.695425;0.294585;0.971239 -0.237777 0.0125548 -0.864178 0.236241 0.968874 0.0739796 0.45051 -0.0297547 -0.0688859 0.997181 -0.471873 0 0 0 1 
1807261650176;0.628882;0.202675;0.926187 0.377065 -0.000624337 1.46301 -0.376577 0.924903 -0.0523772 -0.287189 -0.0191722 0.0487462 0.998627 -0.351942 0 0 0 1 
1807261650177;0.385778;0.174148;0.999702 -0.0203852 -0.0134205 -0.179515 0.020999 0.99866 0.0473018 -0.0800475 0.0124382 -0.0475696 0.99879 0.278277 0 0 0 1 
1807261650178;0.865032;0.226129;0.928409 -0.344391 0.139468 -1.23625 0.344555 0.938466 0.0237429 -0.815165 -0.139063 0.0260112 0.989942 1.04236 0 0 0 1 
1807261650179;0.799283;0.137563;0.905259 -0.225902 -0.359826 -1.324 0.229926 0.972675 -0.0322001 -0.317486 0.357268 -0.053584 0.932464 0.435501 0 0 0 1 
1807261650180;0.951142;0.192775;0.913591 0.384269 0.132996 1.59166 -0.34406 0.904816 -0.250859 0.065855 -0.216734 0.183424 0.958844 1.68154 0 0 0 1 
1807261650181;0.58947;0.130232;0.985417 -0.1683 0.0250721 -0.995187 0.16605 0.983314 0.0743037 -0.864604 -0.037159 -0.0690569 0.99692 -0.0482214 0 0 0 1 
1807261650182;0.51362;0.148972;0.99297 0.0090111 -0.118026 -0.336177 -0.0116866 0.99969 -0.021996 0.134937 0.117791 0.0232207 0.992767 -0.286563 0 0 0 1 
1807261650183;0.518467;0.198392;0.957199 0.169353 -0.234712 0.884889 -0.183305 0.98229 -0.0387979 0.240184 0.223985 0.0801613 0.97129 0.288346 0 0 0 1 
1807261650184;0.540083;0.128817;0.968815 -0.247331 0.0149911 -1.04135 0.245523 0.966367 0.0765065 -0.878798 -0.0334094 -0.07044 0.996956 -0.533585 0 0 0 1 
1807261650186;0.453969;0.168291;0.998296 -0.0396465 -0.0428235 0.249431 0.0425587 0.996682 0.0693823 0.37206 0.0399306 -0.0710865 0.996671 0.0174069 0 0 0 1 
1807261650187;0.217396;0.188378;0.995208 0.0712388 -0.0669731 -0.110904 -0.0693795 0.997148 0.0296931 0.342113 0.0688974 -0.0249042 0.997313 -0.476687 0 0 0 1 
1807261650188;0.833964;0.161854;0.982425 0.0338361 0.183565 0.00671125 -0.0752298 0.971797 0.223495 0.508533 -0.170825 -0.233377 0.957264 1.28435 0 0 0 1 
1807261650189;0.543168;0.212287;0.839966 0.432931 -0.32715 0.225375 -0.417378 0.900729 0.120345 0.862528 0.346775 0.0354596 0.937278 -1.1314 0 0 0 1 
1807261650190;0.468639;0.177885;0.925773 -0.251189 0.282574 -0.0202335 0.276895 0.959361 -0.0543622 -0.732163 -0.257435 0.12857 0.957704 1.03699 0 0 0 1 
1807261650191;0.203867;0.19119;0.987191 0.118503 0.106825 -0.175072 -0.110634 0.990888 -0.0768146 0.376911 -0.114955 0.0640121 0.991306 0.463035 0 0 0 1 
1807261650192;0.50492;0.205977;0.97779 0.208443 0.0218795 0.631976 -0.202009 0.965101 -0.16665 0.569595 -0.0558529 0.158529 0.985773 0.0382401 0 0 0 1 
1807261650193;0.791638;0.1619;0.97728 -0.208857 -0.0361034 0.050834 0.208706 0.977946 -0.00793605 -0.374368 0.0369647 0.000220745 0.999317 -1.04049 0 0 0 1 
1807261650194;0.736741;0.225608;0.958107 0.279716 -0.0615701 0.527475 -0.286345 0.940125 -0.184855 0.61969 0.00617681 0.194741 0.980835 -0.682552 0 0 0 1 
1807261650195;0.187863;0.194452;0.970815 0.0265727 -0.238354 0.0642206 -0.0126491 0.998133 0.0597562 0.140727 0.239497 -0.0549972 0.969338 -0.680993 0 0 0 1 
1807261650196;0.587609;0.196913;0.984939 0.167936 -0.0411527 -0.102356 -0.172438 0.971536 -0.162431 0.209109 0.0127032 0.167081 0.985861 0.708318 0 0 0 1 
1807261650197;0.541762;0.197881;0.938256 0.345841 -0.00828983 -0.266929 -0.345403 0.937864 0.0332777 1.35239 0.0192835 -0.0283596 0.999412 -0.237895 0 0 0 1 
1807261650198;0.789459;0.203639;0.989535 0.0898353 -0.112918 0.63653 -0.103777 0.986796 -0.124353 0.424437 0.100256 0.13477 0.985792 -0.942623 0 0 0 1 
1807261650199;0.344499;0.195032;0.988697 -0.0785198 -0.127722 0.0809505 0.0631783 0.990758 -0.120026 0.113899 0.135966 0.1106 0.984521 -0.567663 0 0 0 1 
1807261650200;0.665434;0.198461;0.99294 0.118476 -0.00580391 0.275248 -0.11827 0.992585 0.0280485 -0.340755 0.00908394 -0.027164 0.99959 -0.0497063 0 0 0 1 
1807261650201;0.637949;0.196753;0.995737 0.0892781 -0.0231992 -0.735941 -0.0892775 0.996006 0.00106564 -0.0230723 0.0232016 0.00101006 0.99973 -0.340477 0 0 0 1 
1807261650202;0.360138;0.206162;0.98759 0.156482 -0.0133918 -0.289937 -0.156788 0.987288 -0.0260591 0.554571 0.00914379 0.0278353 0.999571 -0.389453 0 0 0 1 
1807261650203;0.394841;0.170863;0.889471 -0.146774 -0.43278 0.253011 0.179232 0.983187 0.0349275 -0.442238 0.420377 -0.108635 0.900823 -1.21324 0 0 0 1 
1807261650204;0.612524;0.16299;0.997864 -0.0578768 -0.0302904 -0.123444 0.0582658 0.998228 0.0121174 -0.208443 0.0295354 -0.0138564 0.999468 0.657001 0 0 0 1 
1807261650205;0.404722;0.186099;0.850408 0.291213 -0.43818 0.439048 -0.353271 0.933233 -0.0653945 1.19814 0.38988 0.210408 0.896505 -0.956331 0 0 0 1 
1807261650206;0.626556;0.162073;0.958083 -0.281756 -0.0518781 -0.528521 0.272638 0.952309 -0.137025 -0.896793 0.0880114 0.117137 0.989208 0.377584 0 0 0 1 
1807261650207;0.542445;0.200497;0.999473 0.0312143 0.00892926 -0.181866 -0.0310867 0.999417 -0.0140927 0.00341931 -0.00936395 0.0138077 0.999861 0.687427 0 0 0 1 
1807261650208;0.417306;0.179448;0.944252 -0.0261902 -0.32818 -0.028569 -0.0235972 0.988883 -0.146812 0.288821 0.328377 0.146372 0.933137 -1.12852 0 0 0 1 
1807261650209;0.115948;0.182066;0.996062 -0.0155157 -0.0872904 -0.156567 0.00783766 0.996123 -0.0876245 0.192799 0.0883116 0.0865953 0.992322 -0.215997 0 0 0 1 
1807261650210;0.290494;0.185063;0.95644 0.291632 0.013179 0.172779 -0.280562 0.930733 -0.234566 1.08869 -0.0806731 0.220651 0.972011 0.340288 0 0 0 1 
1807261650211;0.634223;0.201513;0.96283 0.21535 -0.163042 0.881279 -0.241848 0.956124 -0.165336 0.935523 0.120283 0.198622 0.972667 -0.318937 0 0 0 1 
1807261650212;0.518398;0.218575;0.906331 0.323357 -0.272038 0.136322 -0.294757 0.945064 0.141323 1.17167 0.302791 -0.0479 0.951852 -1.26223 0 0 0 1 
1807261650213;0.562773;0.179565;0.996628 -0.0814443 0.0100186 0.332979 0.0765099 0.966422 0.245307 0.310389 -0.029661 -0.243713 0.969394 -0.151748 0 0 0 1 
1807261650214;0.522212;0.188385;0.917566 -0.393844 -0.0544039 -0.0753915 0.397556 0.90728 0.137084 -1.25854 -0.00463024 -0.147413 0.989064 0.00850024 0 0 0 1 
1807261650215;0.876402;0.211273;0.908317 -0.353654 -0.223358 0.602266 0.34077 0.935319 -0.0951506 -1.29196 0.242562 0.0103131 0.970081 -0.868666 0 0 0 1 
1807261650217;0.532131;1.36685;0.976896 0.0624282 0.204396 -1.14337 -0.117116 0.956374 0.267642 -0.0447555 -0.178771 -0.285396 0.941589 -0.993434 0 0 0 1 
1807261650218;0.499155;1.39952;0.996873 -0.033997 -0.0713356 -1.44102 0.0454754 0.985072 0.166029 -0.0503375 0.0646262 -0.168753 0.983537 -0.372429 0 0 0 1 
1807261650219;0.721512;1.4781;0.895072 0.445518 -0.0189566 -0.0680767 -0.437521 0.88563 0.155676 -0.674677 0.0861451 -0.131048 0.987626 -0.854148 0 0 0 1 
1807261650220;0.121853;1.49311;0.973961 0.202176 0.102589 -0.686202 -0.211196 0.973627 0.08629 -0.187706 -0.0824373 -0.105709 0.990974 -0.315088 0 0 0 1 
1807261650221;0.995809;1.45831;0.970144 0.242041 0.0154151 -0.777091 -0.242403 0.965608 0.0940313 -0.123179 0.00787441 -0.0949606 0.99545 -1.13958 0 0 0 1 
1807261650222;1.09618;1.44524;0.991679 0.127487 0.0178985 -0.560545 -0.128704 0.984969 0.115203 -0.588875 -0.00294257 -0.116548 0.993181 -1.19946 0 0 0 1 
1807261650223;0.826304;1.39332;0.99927 -0.027616 0.0263965 -1.08897 0.0243181 0.992717 0.117991 -0.899272 -0.0294627 -0.117263 0.992664 -0.54796 0 0 0 1 
1807261650224;0.375842;1.44239;0.988251 0.14996 -0.0295252 -0.912289 -0.131643 0.93331 0.33407 -0.512848 0.0776535 -0.326259 0.942086 -1.24901 0 0 0 1 
1807261650225;0.55112;1.56051;0.971911 0.224948 -0.069194 -0.48506 -0.226305 0.973979 -0.0123259 -0.922761 0.0646208 0.0276386 0.997527 0.262068 0 0 0 1 
1807261650226;0.761509;1.50833;0.956017 0.292452 -0.0224136 -0.331421 -0.29099 0.955274 0.0526895 0.475971 0.0368203 -0.04385 0.998359 0.195733 0 0 0 1 
1807261650227;0.75985;1.37149;0.999502 0.0315376 -0.00130923 -1.122 -0.0311084 0.991231 0.128424 0.255078 0.00534792 -0.128319 0.991719 -0.605878 0 0 0 1 
1807261650228;0.464961;1.46294;0.997011 0.0724128 -0.0269422 -0.741794 -0.0675671 0.986296 0.150518 -0.32759 0.0374724 -0.148248 0.98824 -0.674474 0 0 0 1 
1807261650229;0.961907;1.40701;0.967865 0.0777386 0.239151 -1.07084 -0.144837 0.949764 0.277437 0.278654 -0.20557 -0.30316 0.930503 -0.0108617 0 0 0 1 
1807261650230;1.24871;1.41738;0.967774 -0.0332981 -0.24961 -1.11965 0.074365 0.984803 0.156951 -0.596916 0.24059 -0.170455 0.955543 -1.82076 0 0 0 1 
1807261650231;0.35278;1.39611;0.981927 -0.0385679 -0.185289 -1.29939 0.0206001 0.99498 -0.0979357 -0.312222 0.188136 0.0923487 0.977792 -0.0690688 0 0 0 1 
1807261650232;0.725754;1.37706;0.967857 -0.107685 -0.227282 -1.00918 0.154086 0.968124 0.197467 -0.71751 0.198773 -0.226141 0.953598 -0.913634 0 0 0 1 
1807261650233;0.807473;1.47635;0.986504 0.123222 0.107824 -0.715504 -0.135611 0.983911 0.116311 0.464697 -0.0917568 -0.129363 0.987343 -0.409499 0 0 0 1 
1807261650234;0.330571;1.44998;0.989984 0.136206 -0.0371466 -0.892597 -0.133819 0.989153 0.0605706 -0.220777 0.0449938 -0.054993 0.997472 0.0420563 0 0 0 1 
1807261650235;0.476097;1.30151;0.994539 0.0906687 -0.0516849 -0.579945 -0.0732159 0.959057 0.273587 -0.953954 0.0743746 -0.268309 0.960458 -0.423028 0 0 0 1 
1807261650236;0.451212;1.47826;0.860181 0.307558 -0.406812 0.0424187 -0.266639 0.951197 0.155332 -0.203583 0.434732 -0.0251418 0.900209 -0.41674 0 0 0 1 
1807261650237;0.797582;1.38922;0.944204 -0.0205711 0.328717 -1.58865 -0.0612802 0.969648 0.236701 -0.511 -0.323609 -0.243638 0.914285 -0.870367 0 0 0 1 
1807261650238;1.08583;1.76928;0.985452 0.150847 -0.0782876 -0.39932 -0.144144 0.985882 0.0852037 -1.06537 0.090035 -0.0726795 0.993283 0.607672 0 0 0 1 
1807261650239;1.02135;1.65847;0.936974 0.300712 0.177912 -0.246609 -0.27971 0.950712 -0.133825 -0.616533 -0.209386 0.0756269 0.974904 -0.167078 0 0 0 1 
1807261650240;0.859825;1.51286;0.964433 0.264145 0.00981401 -0.667008 -0.264075 0.96123 0.079379 0.155173 0.011534 -0.0791473 0.996796 0.413586 0 0 0 1 
1807261650241;0.991567;1.34149;0.994032 0.022514 0.106739 -0.41306 -0.0599106 0.93037 0.361693 -0.747733 -0.0911636 -0.365929 0.926167 -0.787581 0 0 0 1 
1807261650242;0.558163;1.43177;0.979756 0.0733057 -0.18629 -0.346185 -0.0359132 0.97981 0.19668 -0.783404 0.196946 -0.186008 0.962607 -1.04334 0 0 0 1 
1807261650243;0.371812;1.37058;0.966372 0.205103 0.155105 -0.283653 -0.255961 0.82511 0.503665 -0.997511 -0.0246753 -0.526428 0.849861 -1.39578 0 0 0 1 
1807261650244;0.711238;1.46796;0.983482 0.168964 -0.0649201 -0.962678 -0.17258 0.983468 -0.0548263 -0.319252 0.0545832 0.0651247 0.996383 -0.453756 0 0 0 1 
1807261650245;0.732714;1.36746;0.988219 -0.126837 -0.0856527 -1.65531 0.111945 0.980651 -0.160599 -0.0744572 0.104365 0.149119 0.983296 -0.0711242 0 0 0 1 
1807261650246;1.2033;1.5955;0.964809 0.213976 0.152834 -0.180144 -0.234562 0.963038 0.132432 -0.655718 -0.118848 -0.163621 0.979338 0.669089 0 0 0 1 
1807261650248;0.419559;1.58709;0.974497 0.223914 -0.0147713 -0.985633 -0.223815 0.974599 0.0080298 -0.476773 0.0161941 -0.00451897 0.999859 -0.0367677 0 0 0 1 
1807261650249;0.496114;1.64749;0.93268 0.349403 -0.0895842 -0.878081 -0.35526 0.932809 -0.0604741 -0.563627 0.0624352 0.0882287 0.994142 0.539262 0 0 0 1 
1807261650250;0.34812;1.55049;0.940167 0.314352 -0.131411 -0.415391 -0.324995 0.943204 -0.0688845 -0.285972 0.102293 0.107471 0.988932 0.610182 0 0 0 1 
1807261650251;0.451728;1.61189;0.83906 0.529654 -0.124275 0.0870004 -0.535169 0.844637 -0.01347 -0.475358 0.0978328 0.0778103 0.992156 0.463145 0 0 0 1 
1807261650252;0.33029;1.5234;0.901788 0.0548262 -0.428686 -1.5618 -0.0992957 0.991669 -0.0820513 0.0665485 0.420616 0.11656 0.89972 0.618843 0 0 0 1 
1807261650253;0.249687;1.64182;0.97421 0.225238 0.0134975 -1.1573 -0.225378 0.97422 0.0099594 0.030832 -0.0109063 -0.0127446 0.999859 -0.404721 0 0 0 1 
1807261650254;0.24129;1.56894;0.913395 0.40637 -0.0239328 -0.395776 -0.405423 0.902827 -0.143301 -0.131943 -0.0366259 0.140593 0.98939 0.590129 0 0 0 1 
1807261650255;0.565737;1.49374;0.927818 0.346768 0.137499 -0.608999 -0.270846 0.879679 -0.390906 -0.545926 -0.256509 0.325449 0.910102 1.83963 0 0 0 1 
1807261650256;0.73595;1.58697;0.785938 0.475755 0.394916 -0.116498 -0.518649 0.854984 0.00218464 -0.165098 -0.336607 -0.20654 0.918715 -1.56307 0 0 0 1 
1807261650257;0.0754684;1.63553;0.942102 0.334643 -0.0213849 -0.656614 -0.33331 0.941514 0.0495497 -0.0546231 0.0367157 -0.0395531 0.998543 -0.253357 0 0 0 1 
1807261650258;0.796962;1.69556;0.927428 0.373365 -0.021824 0.0584332 -0.367096 0.919914 0.137837 0.462636 0.0715398 -0.119823 0.990214 -0.408858 0 0 0 1 
1807261650259;0.200045;1.63707;0.963342 0.268274 0.000737396 -0.822918 -0.26775 0.96128 0.0652048 0.144291 0.0167839 -0.063012 0.997872 -0.244323 0 0 0 1 
1807261650260;0.602384;1.56683;0.982848 0.146706 -0.111749 -1.39737 -0.100859 0.934897 0.340287 -0.0107805 0.154396 -0.323179 0.933658 -0.711655 0 0 0 1 
1807261650261;0.61809;1.54997;0.922661 0.191628 -0.334626 -1.02421 -0.155293 0.978953 0.132422 0.0494133 0.352959 -0.0702155 0.933 0.30597 0 0 0 1 
1807261650262;0.377489;1.48731;0.986311 -0.0316631 0.161826 -2.07457 0.0609198 0.98193 -0.179173 -0.0223534 -0.153229 0.186579 0.970417 0.771087 0 0 0 1 
1807261650263;0.214707;1.55883;0.999068 0.00793737 -0.042437 -1.94654 -0.00533056 0.998112 0.0611916 0.0178368 0.0428425 -0.0609083 0.997223 -0.328341 0 0 0 1 
