#;prob_registration_l1 -r /home/probabilistic_point_clouds_registration/build/tester /home/point_clouds_registration_benchmark//devel/registration_pairs/pioneer_slam3_local.txt /home/point_clouds_registration_benchmark//tum/pioneer_slam3 -s 0.1 -t 0.1 -p 0.3 -r 1000 -m 20 -i 40 
id;initial_error;final_error;transformation
39885980090000;0.518509;0.136399;0.984921 0.149065 -0.087805 -0.0851052 -0.13396 0.978284 0.15816 0.22489 0.109474 -0.144012 0.983502 -0.429148 0 0 0 1 
39885980090001;1.1366;0.109965;0.991235 0.121754 -0.051281 0.429078 -0.117944 0.990427 0.0717144 -0.185687 0.0595216 -0.0650375 0.996106 0.303922 0 0 0 1 
39885980090002;0.639436;0.157785;0.990729 0.135397 -0.0111028 0.206327 -0.135031 0.972486 -0.189837 0.395059 -0.014906 0.189576 0.981753 -0.118975 0 0 0 1 
39885980090003;0.346141;0.167172;0.957876 -0.0578489 -0.281294 0.122992 -0.0233433 0.960576 -0.277035 0.00698455 0.286231 0.271932 0.918763 -0.791295 0 0 0 1 
39885980090004;1.0895;0.387629;0.950597 -0.24874 -0.185725 0.0434505 0.205224 0.952451 -0.225211 -0.0861125 0.232913 0.175969 0.956445 -1.08382 0 0 0 1 
39885980090005;0.90722;0.162579;0.998045 0.0601753 -0.0168654 0.344808 -0.0607583 0.997485 -0.0364989 0.423957 0.0146266 0.0374522 0.999191 -0.415138 0 0 0 1 
39885980090006;0.367469;0.0684703;0.978826 0.000970635 -0.204694 -0.0326551 -0.0426588 0.979 -0.199348 0.0440185 0.200202 0.203859 0.958311 -0.950404 0 0 0 1 
39885980090007;0.500039;0.288003;0.962704 -0.256138 0.0871407 0.337361 0.270433 0.920663 -0.281507 -0.948533 -0.00812258 0.294574 0.955594 -0.277911 0 0 0 1 
39885980090008;1.30544;0.340708;0.980126 0.0895874 -0.176994 0.138502 -0.0954488 0.995124 -0.024867 0.740062 0.173903 0.0412666 0.983898 -1.09333 0 0 0 1 
39885980090009;1.07285;0.160337;0.987315 -0.156446 -0.0270735 -0.320315 0.156884 0.987505 0.014867 -0.914288 0.0244094 -0.0189259 0.999523 0.0110173 0 0 0 1 
39885980090010;0.993349;0.133948;0.954233 0.297565 -0.0298964 0.159302 -0.298574 0.953615 -0.0383692 1.06232 0.0170924 0.0455395 0.998816 0.276429 0 0 0 1 
39885980090011;1.19076;0.391892;0.997539 -0.0164175 0.0681584 -0.35679 0.0312779 0.974296 -0.223089 0.317421 -0.0627439 0.224672 0.972412 -0.608629 0 0 0 1 
39885980090012;1.08018;0.0722092;0.930704 0.345812 -0.119184 0.103939 -0.355737 0.931573 -0.0749804 0.693734 0.0850994 0.112183 0.990037 -0.960648 0 0 0 1 
39885980090013;0.734434;0.133308;0.984464 0.162649 -0.0661562 -0.322898 -0.172785 0.964417 -0.200113 0.420492 0.0312538 0.208435 0.977537 0.1532 0 0 0 1 
39885980090014;1.32795;0.136325;0.928274 0.0862505 -0.361757 0.813749 -0.00141487 0.973547 0.228484 0.118716 0.371894 -0.211584 0.90384 -1.11318 0 0 0 1 
39885980090015;0.724355;0.0939786;0.999585 0.0149845 0.0246088 -0.0091785 -0.0154919 0.999669 0.0205595 0.0178994 -0.0242926 -0.0209322 0.999486 -0.472362 0 0 0 1 
39885980090016;0.348273;0.105901;0.980768 0.0116062 -0.19483 0.0487067 0.0342072 0.972557 0.230135 -0.123542 0.192154 -0.232373 0.953457 -0.366178 0 0 0 1 
39885980090017;0.847163;0.180651;0.972411 -0.23284 -0.0142401 0.663884 0.225921 0.955205 -0.191164 -0.347261 0.0581129 0.182673 0.981455 -0.804742 0 0 0 1 
39885980090018;0.98085;0.371372;0.984266 -0.122909 -0.126938 -0.133858 0.103592 0.983404 -0.148949 -0.0841797 0.143139 0.133456 0.980664 0.0153147 0 0 0 1 
39885980090019;1.01873;0.123796;0.96284 0.264353 0.0552845 -0.626068 -0.267701 0.961243 0.0659427 0.447609 -0.0357097 -0.078292 0.996291 0.808071 0 0 0 1 
39885980090020;0.349842;0.0939135;0.945096 0.293857 0.142978 -0.287968 -0.265228 0.945334 -0.189729 0.722802 -0.190915 0.14139 0.97137 0.335488 0 0 0 1 
39885980090021;0.142777;0.128971;0.978021 0.00066277 -0.208507 0.00887108 -0.0154423 0.997479 -0.0692628 -0.0365196 0.207936 0.0709603 0.975565 -0.523759 0 0 0 1 
39885980090022;0.343863;0.0807731;0.972085 0.200898 0.121204 -0.139999 -0.19642 0.979347 -0.0479457 0.473894 -0.128333 0.0228004 0.991469 0.458325 0 0 0 1 
39885980090023;0.973502;0.123213;0.94438 -0.0697216 -0.321381 0.836799 0.130404 0.976544 0.171338 -0.444843 0.301896 -0.203717 0.931321 -0.510292 0 0 0 1 
39885980090024;1.13358;0.118373;0.986128 0.164537 0.0218871 -0.243751 -0.164008 0.986164 -0.0241185 0.183518 -0.0255527 0.0201943 0.999469 -0.834995 0 0 0 1 
39885980090025;0.64818;0.159701;0.968981 -0.247068 -0.00580856 0.343758 0.246664 0.968315 -0.0390134 -1.00455 0.0152635 0.0363704 0.999222 0.159598 0 0 0 1 
39885980090026;1.25567;0.156875;0.967436 -0.236047 0.0913744 0.439723 0.213979 0.955534 0.202898 -0.584346 -0.135205 -0.176739 0.974927 1.47342 0 0 0 1 
39885980090027;0.709211;0.26043;0.997988 0.0523532 0.0357689 -0.107477 -0.0524011 0.998626 0.000402422 0.265257 -0.0356987 -0.00227594 0.99936 0.50092 0 0 0 1 
39885980090028;1.02062;0.140493;0.999028 0.0435346 0.00690841 0.262151 -0.0436589 0.998866 0.0189912 0.443982 -0.0060738 -0.0192744 0.999796 0.56592 0 0 0 1 
39885980090029;0.737875;0.100283;0.92508 0.376389 -0.0505867 -0.207455 -0.357066 0.907386 0.221707 0.844733 0.12935 -0.187034 0.9738 0.392607 0 0 0 1 
39885980090031;0.500388;0.504184;0.930589 -0.27233 -0.244624 -0.0441246 0.272489 0.961562 -0.0338758 -0.175211 0.244447 -0.0351329 0.969026 -1.31097 0 0 0 1 
39885980090032;0.490152;0.589081;0.588354 -0.805979 -0.0650929 -0.0568859 0.797409 0.591674 -0.118577 -2.30683 0.134084 0.0178593 0.990809 -0.375049 0 0 0 1 
39885980090033;0.259006;0.558756;0.760913 -0.627111 -0.166565 -0.0563187 0.61236 0.77893 -0.135219 -1.33645 0.21454 0.000892617 0.976715 -0.645565 0 0 0 1 
39885980090034;0.13399;0.508616;0.869882 -0.493078 0.013392 -0.310801 0.489398 0.859362 -0.148279 -1.12096 0.0616047 0.13554 0.988855 -0.0617573 0 0 0 1 
39885980090035;0.310003;0.517597;0.980296 -0.197367 0.00812305 0.0220356 0.188258 0.921017 -0.34101 -0.00461891 0.0598226 0.33582 0.940025 0.438286 0 0 0 1 
39885980090036;0.791909;0.534748;0.819613 -0.368498 -0.438685 1.11503 0.390783 0.919512 -0.0422793 -0.515851 0.418955 -0.136778 0.897646 -1.86287 0 0 0 1 
39885980090037;0.326129;0.541959;0.918735 -0.390436 0.0590433 -0.518873 0.394581 0.913496 -0.0991532 -0.865048 -0.0152229 0.114393 0.993319 0.442663 0 0 0 1 
39885980090038;0.582863;0.545897;0.918581 -0.392633 0.0452502 -0.664032 0.395228 0.912036 -0.109478 -1.24712 0.00171494 0.118449 0.992959 0.0301194 0 0 0 1 
39885980090039;0.172583;0.537841;0.905232 -0.422766 0.0427055 -0.373056 0.424907 0.899937 -0.0978169 -0.79169 0.00292136 0.106693 0.994288 0.308768 0 0 0 1 
39885980090040;0.259945;0.532853;0.925418 -0.377599 0.0319471 -0.256775 0.370255 0.918924 0.135977 -0.339655 -0.0807016 -0.114007 0.990197 0.0166724 0 0 0 1 
39885980090041;0.477445;0.558328;0.78796 -0.609354 0.0883566 -0.125816 0.61291 0.789947 -0.0180092 -1.88352 -0.0588231 0.0683452 0.995926 -0.0153523 0 0 0 1 
39885980090042;0.418217;0.51988;0.991754 -0.118534 0.0487164 -0.0580592 0.122146 0.989329 -0.0794321 0.440081 -0.0387811 0.0847276 0.995649 0.534754 0 0 0 1 
39885980090043;0.341309;0.547921;0.817417 -0.546562 -0.18193 -0.0946004 0.568713 0.81594 0.103958 -1.45688 0.0916244 -0.188443 0.977801 -0.641881 0 0 0 1 
39885980090044;0.352045;0.545911;0.784513 -0.569561 0.245235 -0.23336 0.509638 0.817491 0.268286 -1.27307 -0.353282 -0.0854925 0.931602 0.624462 0 0 0 1 
39885980090045;0.207777;0.548138;0.804155 -0.557218 0.206986 -0.299345 0.563403 0.825505 0.0334476 -1.31208 -0.189506 0.0897196 0.977772 0.69562 0 0 0 1 
39885980090046;0.379302;0.519267;0.929692 -0.0698308 0.361659 0.173163 0.170447 0.951975 -0.254344 0.0292636 -0.326529 0.298105 0.896946 1.18726 0 0 0 1 
39885980090047;0.227046;0.524058;0.920654 -0.330338 0.208024 -0.0850893 0.320961 0.943848 0.0783297 -0.484265 -0.222218 -0.00534698 0.974982 0.321799 0 0 0 1 
39885980090048;0.266999;0.546315;0.903378 -0.352515 0.244215 0.0148023 0.401193 0.895885 -0.19088 -0.62859 -0.1515 0.270414 0.950749 1.15332 0 0 0 1 
39885980090049;0.523967;0.549039;0.890238 -0.400421 0.217114 0.167281 0.339277 0.90096 0.270484 -0.526813 -0.303919 -0.167134 0.937923 1.13277 0 0 0 1 
39885980090050;0.207409;0.573423;0.855745 -0.515957 0.0385815 -0.160468 0.517393 0.853027 -0.0681917 -1.30469 0.00227292 0.0783165 0.996926 0.161684 0 0 0 1 
39885980090051;0.499446;0.506296;0.94159 -0.287422 0.17549 0.0839675 0.317655 0.931072 -0.179442 -0.0892601 -0.111819 0.224707 0.967989 0.136133 0 0 0 1 
39885980090052;0.316512;0.564652;0.926194 -0.324743 0.191589 -0.48366 0.358496 0.915887 -0.180641 -0.360344 -0.116813 0.235992 0.964708 0.450394 0 0 0 1 
39885980090053;0.450592;0.526853;0.862874 -0.49923 0.0788598 -0.418444 0.505263 0.855923 -0.110022 -0.88487 -0.0125718 0.13478 0.990796 -0.342828 0 0 0 1 
39885980090054;0.48513;0.580999;0.714528 -0.67475 -0.18483 -0.169239 0.699209 0.679834 0.221207 -1.92738 -0.0236057 -0.287294 0.957552 -0.563554 0 0 0 1 
39885980090055;0.127893;0.568815;0.823732 -0.565362 0.0428022 -0.18762 0.564734 0.811414 -0.15061 -1.20688 0.050419 0.148234 0.987666 0.20546 0 0 0 1 
39885980090056;0.526201;0.566821;0.707305 -0.705972 -0.0363836 -0.055373 0.706717 0.704975 0.0596753 -1.62823 -0.0164796 -0.0679215 0.997555 0.506042 0 0 0 1 
39885980090057;0.593626;0.559965;0.862868 -0.406036 -0.300986 0.508826 0.462791 0.874101 0.147551 -0.732147 0.203182 -0.266611 0.942144 -0.607015 0 0 0 1 
39885980090058;0.12749;0.501335;0.944947 -0.304947 -0.118669 -0.125152 0.284938 0.945131 -0.159802 -0.329754 0.160889 0.117191 0.97999 -0.20431 0 0 0 1 
39885980090059;0.597495;0.576829;0.827477 -0.540258 -0.152981 -0.311037 0.442843 0.795429 -0.413744 -1.18324 0.345214 0.274617 0.897448 0.357321 0 0 0 1 
39885980090060;0.466612;0.55805;0.776286 -0.609889 0.159421 -0.234564 0.629129 0.733632 -0.256869 -1.39006 0.0397049 0.2997 0.953207 0.92477 0 0 0 1 
39885980090062;0.722072;0.602016;0.953138 -0.262346 -0.150672 -0.0161665 0.269753 0.962441 0.030659 -0.986026 0.13697 -0.0698666 0.988108 -0.227396 0 0 0 1 
39885980090063;0.21414;0.178799;0.998266 0.0360852 0.0464969 -0.0411274 -0.0161464 0.927598 -0.373232 0.0442359 -0.0565985 0.371834 0.926572 -0.328655 0 0 0 1 
39885980090064;0.937509;0.177342;0.991931 0.126778 -0.000352893 -0.733136 -0.124996 0.977516 -0.169817 0.166321 -0.0211841 0.16849 0.985476 -0.699436 0 0 0 1 
39885980090065;0.614008;0.269452;0.937366 0.210971 0.277193 -0.235177 -0.126903 0.947874 -0.292286 0.573743 -0.324408 0.238803 0.915278 0.433037 0 0 0 1 
39885980090066;0.857809;0.148153;0.993984 0.104555 0.0326308 -0.046158 -0.102656 0.99318 -0.0552655 -0.186316 -0.0381866 0.0515833 0.997938 0.634029 0 0 0 1 
39885980090067;0.711929;0.284884;0.991067 0.0561217 -0.120979 0.353438 -0.0684731 0.99258 -0.100482 0.137616 0.114442 0.107868 0.987556 -0.566775 0 0 0 1 
39885980090068;0.589386;0.243693;0.999531 -0.030569 0.00206378 0.11142 0.0304472 0.998548 0.0444454 -0.171667 -0.00341943 -0.0443617 0.99901 0.517511 0 0 0 1 
39885980090069;0.410197;0.177658;0.998908 -0.0017268 -0.0466879 0.138592 0.00384335 0.998967 0.0452822 -0.13296 0.0465615 -0.0454121 0.997883 -0.338777 0 0 0 1 
39885980090070;0.483885;0.103559;0.929745 0.14037 0.340397 -0.293354 -0.154038 0.987975 0.0133213 0.289861 -0.334434 -0.0648195 0.940188 1.10343 0 0 0 1 
39885980090071;0.64931;0.759332;0.973592 -0.144129 -0.177047 0.0741299 0.0825756 0.945333 -0.315479 -0.318799 0.212838 0.292528 0.93227 -0.824861 0 0 0 1 
39885980090072;0.398606;0.419086;0.960731 -0.2769 -0.0179339 0.417566 0.271719 0.925719 0.263083 -1.12212 -0.0562459 -0.257625 0.964607 0.462471 0 0 0 1 
39885980090073;0.928997;0.471835;0.959419 -0.0434442 -0.278617 0.500226 0.0561042 0.997716 0.0376235 0.0718855 0.276346 -0.0517283 0.959665 -0.393786 0 0 0 1 
39885980090074;0.42064;0.52739;0.891351 -0.178495 0.416694 0.439599 0.180503 0.982954 0.0349437 -0.833032 -0.415828 0.0440674 0.908375 1.09859 0 0 0 1 
39885980090075;0.428471;0.233393;0.917947 0.210858 0.336024 -0.209308 -0.265594 0.95585 0.125743 0.730753 -0.294675 -0.204672 0.933422 1.16117 0 0 0 1 
39885980090076;0.878954;0.343678;0.993377 -0.00972788 0.114487 0.536695 0.00368745 0.998595 0.052855 -0.262276 -0.11484 -0.0520827 0.992018 0.753759 0 0 0 1 
39885980090077;0.395145;0.226794;0.910066 0.406296 -0.081873 -0.405938 -0.414323 0.896955 -0.154299 1.08164 0.0107452 0.174345 0.984626 -0.245133 0 0 0 1 
39885980090078;1.1758;0.30396;0.9988 -0.0396394 0.0287546 -0.0847988 0.0400517 0.999101 -0.0139061 -0.36 -0.0281775 0.0150411 0.99949 -0.922552 0 0 0 1 
39885980090079;1.02505;0.717521;0.951861 0.0740444 -0.297452 -0.303446 -0.132426 0.974491 -0.181191 0.38357 0.276448 0.211859 0.937386 -0.550312 0 0 0 1 
39885980090080;0.475546;0.135925;0.999351 -0.035953 0.00203466 0.105356 0.03593 0.9993 0.0103928 -0.258139 -0.00240689 -0.0103129 0.999944 -0.360891 0 0 0 1 
39885980090081;0.321616;0.186705;0.944383 -0.0189305 0.328302 0.192424 0.0116876 0.999643 0.0240213 -0.175273 -0.328639 -0.0188483 0.944267 0.995921 0 0 0 1 
39885980090082;1.0641;0.444594;0.973565 0.0428154 0.22436 -0.513265 -0.0574056 0.996611 0.0589135 -0.0503938 -0.221077 -0.0702356 0.972724 -0.0444286 0 0 0 1 
39885980090083;0.893927;0.0987422;0.949726 -0.00145085 0.313078 -0.228508 -0.11297 0.931033 0.34701 -0.150974 -0.291989 -0.364933 0.884062 0.782519 0 0 0 1 
39885980090084;0.543877;0.118492;0.95327 0.270528 -0.134505 -0.0545611 -0.285283 0.952565 -0.105991 0.416948 0.0994507 0.13941 0.985228 -0.347168 0 0 0 1 
39885980090085;0.738131;0.361317;0.874907 0.117859 0.46973 0.401079 -0.150532 0.988072 0.0324611 0.09241 -0.460301 -0.0991097 0.882213 1.00843 0 0 0 1 
39885980090086;0.60161;0.105355;0.996919 0.0782978 0.00479101 -0.0677329 -0.078444 0.994893 0.0635175 0.162251 0.000206745 -0.0636976 0.997969 0.574472 0 0 0 1 
39885980090087;0.217577;0.153895;0.998026 0.0561913 -0.0280464 -0.227878 -0.0547393 0.997243 0.0501006 -0.0648539 0.0307843 -0.0484664 0.99835 -0.0998733 0 0 0 1 
39885980090088;0.201974;0.363993;0.994804 -0.0845356 0.0567379 0.0558246 0.0930571 0.98106 -0.16989 -0.460628 -0.0413016 0.174287 0.983828 -0.198647 0 0 0 1 
39885980090089;0.645809;0.075394;0.895859 0.225294 -0.382987 0.218261 -0.167077 0.96947 0.179481 0.400177 0.41173 -0.0968013 0.90615 -1.33295 0 0 0 1 
39885980090090;0.450371;0.123601;0.912428 0.313373 0.263196 -0.30615 -0.324093 0.946021 -0.00283745 0.943725 -0.249878 -0.082711 0.964738 0.907872 0 0 0 1 
39885980090091;0.498519;0.188477;0.987571 0.14052 -0.0704162 -0.0537071 -0.130086 0.982188 0.135589 0.136293 0.0882149 -0.124743 0.98826 0.294642 0 0 0 1 
39885980090093;0.227552;0.444353;0.979723 0.0485879 0.194377 -0.447779 -0.0495951 0.998769 0.000315654 0.524704 -0.194122 -0.0099494 0.980927 0.283063 0 0 0 1 
39885980090094;0.336698;0.379177;0.974372 -0.177143 0.138631 0.288987 0.187482 0.980091 -0.0653606 0.128436 -0.124293 0.0896765 0.988185 -0.337646 0 0 0 1 
39885980090095;0.148785;0.384944;0.986707 0.0122378 -0.162046 -0.345927 -0.0272878 0.995479 -0.090978 0.384978 0.1602 0.0941905 0.98258 -0.34405 0 0 0 1 
39885980090096;0.662123;0.483041;0.972495 0.120751 -0.19918 -0.223915 -0.0678745 0.964929 0.253584 0.28988 0.222815 -0.233089 0.946585 0.026932 0 0 0 1 
39885980090097;0.657715;0.523269;0.967857 0.0557677 0.245241 -0.383699 -0.0647739 0.997484 0.0288064 -0.22774 -0.243018 -0.0437657 0.969034 0.11278 0 0 0 1 
39885980090098;0.630821;0.423657;0.998654 0.0487494 -0.0177219 -0.470286 -0.05187 0.936736 -0.346173 0.266202 -0.000274966 0.346626 0.938003 -0.457639 0 0 0 1 
39885980090099;0.628543;0.450739;0.939621 -0.196102 0.280456 0.456584 0.211326 0.977101 -0.0248008 0.736713 -0.269171 0.0825711 0.959546 0.367071 0 0 0 1 
39885980090100;0.425699;0.478769;0.938872 0.311686 0.146189 -1.44883 -0.27699 0.936078 -0.216874 1.20993 -0.204441 0.163124 0.965192 -0.684048 0 0 0 1 
39885980090101;0.696606;0.396172;0.996332 -0.0757805 -0.0397459 0.0235229 0.0814589 0.982192 0.169302 -0.313862 0.0262083 -0.171918 0.984762 0.956157 0 0 0 1 
39885980090102;0.122477;0.33813;0.99756 0.0697477 0.00317658 -0.564525 -0.0696444 0.997245 -0.0255283 0.485591 -0.00494837 0.0252448 0.999669 -0.0585135 0 0 0 1 
39885980090103;0.717527;0.404484;0.886605 0.421684 0.190039 -2.45078 -0.39597 0.904338 -0.159312 0.880757 -0.239039 0.0659969 0.968765 0.0896806 0 0 0 1 
39885980090104;0.685443;0.590564;0.97325 0.229416 0.0123851 -1.09008 -0.229426 0.973326 -0.00061543 -0.139102 -0.0121959 -0.0022425 0.999923 -0.264423 0 0 0 1 
39885980090105;0.47354;0.487767;0.981318 0.191153 0.0218227 -1.0256 -0.190762 0.981457 -0.0187698 0.015634 -0.0250059 0.0142562 0.999586 -0.0640115 0 0 0 1 
39885980090106;0.459683;0.387035;0.944451 0.206436 -0.255727 -0.796267 -0.18767 0.977529 0.0960075 0.681951 0.2698 -0.0426819 0.96197 -0.617593 0 0 0 1 
39885980090107;0.891834;0.373328;0.933269 -0.346855 0.0932791 0.310809 0.349635 0.936769 -0.0148005 -0.399607 -0.0822473 0.0464265 0.99553 -0.0996447 0 0 0 1 
39885980090108;0.424446;0.397058;0.894945 -0.170243 0.41242 0.153973 0.142809 0.985014 0.0967119 0.333004 -0.422704 -0.0276546 0.905846 0.32768 0 0 0 1 
39885980090109;0.495711;0.437545;0.935472 0.353385 -0.00351203 -1.6457 -0.353386 0.935477 8.16075e-05 1.32312 0.00331426 0.00116476 0.999994 0.202044 0 0 0 1 
39885980090110;0.968235;0.624569;0.854565 0.456014 0.248534 -1.85354 -0.492167 0.86387 0.107237 1.55423 -0.165799 -0.213961 0.962669 1.82314 0 0 0 1 
39885980090111;0.425117;0.379929;0.99514 0.0972782 0.0153061 -0.631663 -0.0970712 0.995183 -0.0137286 0.604942 -0.0165678 0.0121761 0.999789 0.470632 0 0 0 1 
39885980090112;0.465914;0.52312;0.880716 0.468358 -0.0705641 -2.03526 -0.467218 0.834613 -0.291768 1.53761 -0.0777583 0.289934 0.953883 -1.03064 0 0 0 1 
39885980090113;0.34947;0.396551;0.987709 0.147973 0.0503534 -0.896801 -0.156305 0.933969 0.321359 0.857054 0.000523984 -0.325279 0.945618 1.37818 0 0 0 1 
39885980090114;0.0961654;0.355248;0.992327 0.111252 -0.0539412 -0.674452 -0.112507 0.993433 -0.0208218 0.514233 0.0512705 0.0267308 0.998327 -0.271965 0 0 0 1 
39885980090115;0.726185;0.434539;0.978599 -0.139135 -0.151608 0.0189504 0.12689 0.988033 -0.0876958 0.288927 0.161995 0.0665815 0.984543 0.537574 0 0 0 1 
39885980090116;0.788969;0.518297;0.937109 -0.348238 -0.0235806 1.05423 0.343158 0.93157 -0.120087 0.440618 0.0637858 0.104443 0.992483 0.34754 0 0 0 1 
39885980090117;0.478045;0.448018;0.991044 0.111326 0.0737407 -0.626478 -0.108999 0.99343 -0.034872 0.643417 -0.0771384 0.0265221 0.996668 0.516232 0 0 0 1 
39885980090118;0.326438;0.336811;0.988373 -0.149726 0.0264651 0.097697 0.150174 0.988533 -0.0158117 0.240254 -0.0237942 0.0196023 0.999525 0.117136 0 0 0 1 
39885980090119;0.735474;0.364822;0.975156 -0.147388 0.165369 0.0980891 0.159395 0.98528 -0.0617795 0.0603878 -0.15383 0.0866036 0.984295 0.610598 0 0 0 1 
39885980090120;0.723848;0.328536;0.993381 0.0166743 0.113649 -0.575157 -0.00165804 0.991386 -0.130961 0.906711 -0.114854 0.129906 0.984852 0.364384 0 0 0 1 
39885980090121;0.394688;0.453935;0.996901 0.0739156 -0.0269072 -0.428467 -0.0775131 0.981316 -0.1761 0.166392 0.013388 0.17764 0.984004 -0.401932 0 0 0 1 
39885980090122;0.722168;0.452947;0.971439 0.235094 0.032194 -1.11718 -0.232224 0.969797 -0.0746084 0.75663 -0.0487617 0.0650013 0.996693 0.68788 0 0 0 1 
39885980090124;0.340489;0.0147139;0.995738 0.0920321 0.00595084 0.248956 -0.0920622 0.995741 0.00499379 -0.663523 -0.0054659 -0.00552035 0.99997 -0.390682 0 0 0 1 
39885980090125;0.370091;0.0140547;0.914491 0.00692316 0.404547 -0.448317 -0.0462873 0.995079 0.0876048 -0.260638 -0.40195 -0.0988392 0.910312 -1.01311 0 0 0 1 
39885980090126;0.34208;0.0145664;0.88692 0.2506 0.388036 0.596235 -0.267819 0.963417 -0.0100471 -0.561389 -0.376358 -0.0950123 0.921589 -0.648952 0 0 0 1 
39885980090127;0.0863411;0.023774;0.995801 -0.00863666 -0.0911359 0.00724199 0.0147073 0.997701 0.0661506 -0.0179193 0.0903551 -0.0672132 0.993639 -0.0471371 0 0 0 1 
39885980090128;0.358883;0.0218071;0.972286 0.16665 0.163977 0.664114 -0.174898 0.983887 0.0371134 -0.0106351 -0.15515 -0.064764 0.985766 0.169485 0 0 0 1 
39885980090129;0.382249;0.0194624;0.929072 0.369898 -0.000921051 1.46724 -0.369883 0.929052 0.00704356 -0.864541 0.0034611 -0.00620329 0.999975 -0.0315621 0 0 0 1 
39885980090130;0.323168;0.0266359;0.972146 0.187019 -0.141264 0.922723 -0.203354 0.972718 -0.111656 -0.112074 0.116529 0.137272 0.983655 0.339552 0 0 0 1 
39885980090131;0.505537;0.0156452;0.992932 -0.118281 -0.00975918 -0.904112 0.117541 0.991428 -0.0570506 -0.631272 0.0164235 0.0555003 0.998324 -0.21105 0 0 0 1 
39885980090132;0.44134;0.0145413;0.999098 0.0209952 -0.0369174 -0.668299 -0.0244088 0.995217 -0.094587 0.0850616 0.034755 0.0954028 0.994832 0.772975 0 0 0 1 
39885980090133;0.275576;0.0148477;0.998639 -0.0515658 -0.00776155 -0.684061 0.0516337 0.998627 0.00881172 -0.102285 0.00729651 -0.00920049 0.999931 -0.165254 0 0 0 1 
39885980090134;0.264805;0.0184061;0.980712 -0.147899 0.127789 -0.539422 0.174858 0.95602 -0.235477 0.0920525 -0.0873426 0.25328 0.963442 0.961522 0 0 0 1 
39885980090135;0.321182;0.0111263;0.980231 0.196559 0.0226227 0.280078 -0.192404 0.973622 -0.122638 -0.234093 -0.0461316 0.115861 0.992194 0.673772 0 0 0 1 
39885980090136;0.536598;0.0126144;0.989898 0.0769496 -0.119083 -0.136893 -0.0910379 0.988857 -0.117784 0.0877123 0.108693 0.127435 0.985873 1.47113 0 0 0 1 
39885980090137;0.239766;0.0135874;0.998637 0.044955 0.026534 0.00485849 -0.0464705 0.997142 0.0595718 0.0237036 -0.0237801 -0.0607236 0.997871 -0.659194 0 0 0 1 
39885980090138;0.366462;0.0195978;0.928803 -0.356102 -0.102548 -1.37182 0.34805 0.933288 -0.0885088 0.236749 0.127225 0.0465155 0.990783 0.105057 0 0 0 1 
39885980090139;0.522118;0.0173366;0.986326 0.16046 0.0376055 -0.152265 -0.162965 0.983594 0.0773684 -0.723612 -0.024574 -0.0824389 0.996293 0.144379 0 0 0 1 
39885980090140;0.328612;0.0214745;0.977092 -0.0357374 -0.209796 -0.164033 0.0204486 0.997004 -0.0745971 0.0351029 0.211834 0.0685981 0.974895 1.06124 0 0 0 1 
39885980090141;0.0802768;0.01288;0.999045 -0.0185043 0.0395895 -0.188639 0.0163856 0.99845 0.0531891 -0.0497935 -0.0405124 -0.0524896 0.997799 -0.163123 0 0 0 1 
39885980090142;0.374391;0.0297118;0.935302 0.265479 -0.233949 1.16376 -0.189931 0.934485 0.301105 -0.685894 0.298559 -0.237189 0.924448 -0.635994 0 0 0 1 
39885980090143;0.228673;0.0272514;0.982039 0.180773 -0.0540505 0.741416 -0.180545 0.983525 0.00910501 -0.198735 0.0548059 0.000817095 0.998497 -0.169189 0 0 0 1 
39885980090144;0.446317;0.0150742;0.916803 0.399294 0.00604818 1.4819 -0.399304 0.916414 0.0272494 -0.935222 0.00533788 -0.0273974 0.99961 0.249969 0 0 0 1 
39885980090145;0.0431272;0.0130206;0.999593 0.0163022 0.0233986 0.0115986 -0.0172563 0.999003 0.0411685 -0.03621 -0.0227042 -0.0415555 0.998878 -0.183419 0 0 0 1 
39885980090146;0.329175;0.02338;0.99387 -0.101932 -0.0428071 -0.21622 0.100937 0.994583 -0.0248152 0.413479 0.0451047 0.0203423 0.998775 0.610753 0 0 0 1 
39885980090147;0.155218;0.0125061;0.99817 0.0572395 0.0195089 0.0647447 -0.0584523 0.995928 0.0686311 -0.130643 -0.015501 -0.0696459 0.997451 -0.0260732 0 0 0 1 
39885980090148;0.427209;0.0135147;0.987036 0.143681 0.0715213 0.32481 -0.123209 0.963899 -0.236047 -0.449203 -0.102855 0.224175 0.969106 1.46333 0 0 0 1 
39885980090149;0.211483;0.017431;0.984608 -0.119274 0.127751 -0.663343 0.117686 0.992851 0.0199346 0.160169 -0.129216 -0.00459327 0.991606 0.0609132 0 0 0 1 
39885980090150;0.560906;0.0366008;0.922346 0.20838 -0.325355 1.18948 -0.236844 0.97026 -0.0500033 0.294987 0.305259 0.123179 0.944269 0.325911 0 0 0 1 
39885980090151;0.283425;0.0163815;0.947629 0.293091 0.12687 0.962567 -0.249209 0.927032 -0.28019 -0.484851 -0.199734 0.233899 0.951524 0.626874 0 0 0 1 
39885980090152;0.461176;0.0209055;0.899772 -0.41931 0.120783 -1.82443 0.412412 0.907603 0.0785709 0.170953 -0.142568 -0.0208836 0.989565 -0.403214 0 0 0 1 
39885980090153;0.364593;0.0140584;0.992251 0.113855 0.0497576 0.026435 -0.117299 0.99042 0.072864 -0.610031 -0.040985 -0.0781359 0.9961 -0.72754 0 0 0 1 
39885980090155;0.220386;1.65768;0.999318 -0.0366869 -0.00423678 -0.285797 0.0364678 0.998384 -0.0435837 1.48155 0.00582889 0.0433995 0.999041 -0.0573366 0 0 0 1 
39885980090156;0.547565;1.64705;0.96152 -0.10084 0.255559 0.0499893 0.0692669 0.989133 0.129687 1.18061 -0.26586 -0.106995 0.958056 1.22004 0 0 0 1 
39885980090157;0.178395;1.40923;0.996692 0.0806094 0.0103915 -0.273137 -0.080017 0.995615 -0.0484642 1.55426 -0.0142526 0.0474724 0.998771 -0.132992 0 0 0 1 
39885980090158;0.913519;1.58274;0.91348 0.0286941 0.40587 0.514088 -0.0747456 0.992369 0.0980695 1.71716 -0.399959 -0.119922 0.908654 1.9638 0 0 0 1 
39885980090159;0.31181;1.35151;0.984913 0.133131 -0.110557 -0.23965 -0.169674 0.868509 -0.465728 2.13102 0.0340168 0.47746 0.877995 -0.336426 0 0 0 1 
39885980090160;0.529179;1.58848;0.997467 0.0677416 -0.0216717 -0.465926 -0.0678379 0.997689 -0.00373981 1.78345 0.0213683 0.0052005 0.999758 0.409661 0 0 0 1 
39885980090161;0.588623;1.68527;0.983704 -0.095815 0.15214 -0.248517 0.0791548 0.990547 0.112031 1.39 -0.161436 -0.0981627 0.981989 1.01779 0 0 0 1 
39885980090162;0.825722;1.90968;0.985754 -0.157841 -0.0580918 -0.00114227 0.156212 0.987217 -0.0316225 1.4574 0.0623406 0.0220974 0.99781 -0.984275 0 0 0 1 
39885980090163;0.504725;1.44095;0.992331 0.123303 -0.00864527 -0.0287057 -0.123232 0.992343 0.00832594 2.2568 0.00960568 -0.00719672 0.999928 -0.0404554 0 0 0 1 
39885980090164;0.244441;1.51526;0.989367 0.12794 -0.0691646 -0.309566 -0.121252 0.988205 0.0935314 1.87563 0.0803153 -0.0841505 0.993211 -0.491854 0 0 0 1 
39885980090165;0.707584;1.5347;0.995758 0.0918619 0.00524746 -0.454531 -0.091726 0.995541 -0.0220017 2.09063 -0.00724518 0.021427 0.999744 -0.724957 0 0 0 1 
39885980090166;0.507941;1.20535;0.982971 0.13282 0.12699 -0.384944 -0.112589 0.981473 -0.155034 1.82565 -0.145229 0.138096 0.979713 0.649519 0 0 0 1 
39885980090167;0.79424;1.79094;0.987147 -0.137314 -0.0817685 -0.124807 0.127435 0.985067 -0.115772 1.55117 0.0964446 0.103864 0.989904 0.3314 0 0 0 1 
39885980090168;0.994365;1.32657;0.912124 0.40773 -0.0422503 0.226543 -0.409815 0.909313 -0.0721189 2.95678 0.00901367 0.0830961 0.996501 0.668142 0 0 0 1 
39885980090169;0.602224;1.23831;0.947126 0.259117 -0.189239 -0.259215 -0.282398 0.95317 -0.108246 2.70807 0.152329 0.155963 0.975946 -0.793792 0 0 0 1 
39885980090170;0.878287;1.84693;0.980714 -0.0650491 -0.184307 -0.373779 0.0979557 0.979595 0.175493 1.33966 0.169131 -0.190163 0.967074 0.312784 0 0 0 1 
39885980090171;0.174618;1.38595;0.982656 0.139182 -0.122539 -0.218669 -0.140794 0.990029 -0.00455066 1.92021 0.120683 0.0217244 0.992453 -0.531704 0 0 0 1 
39885980090172;0.809772;1.51642;0.995102 0.0983472 -0.0100169 -0.688903 -0.0983823 0.995144 -0.00307306 2.02536 0.00966599 0.00404349 0.999945 0.651034 0 0 0 1 
39885980090173;0.12527;1.7538;0.994926 0.0805919 -0.0602239 -0.303361 -0.0880478 0.987112 -0.133633 2.13105 0.048678 0.138257 0.989199 -0.260296 0 0 0 1 
39885980090174;1.08358;1.16248;0.95925 0.0712286 0.273435 -0.577561 -0.0744349 0.997225 0.00135556 1.51145 -0.27258 -0.0216534 0.961889 1.76349 0 0 0 1 
39885980090175;0.382051;1.52643;0.996827 0.0795136 -0.00376504 -0.342762 -0.0795667 0.996684 -0.017062 1.80624 0.00239589 0.0173075 0.999847 0.313739 0 0 0 1 
39885980090176;1.01834;1.57995;0.943381 -0.154723 0.293418 -0.584206 0.168254 0.985514 -0.0212865 0.434911 -0.285874 0.0694499 0.955747 1.32955 0 0 0 1 
39885980090177;0.304463;1.63046;0.998018 0.0514429 0.0362551 -0.164716 -0.0509335 0.998592 -0.0148396 1.83993 -0.0369675 0.0129636 0.999232 -0.176343 0 0 0 1 
39885980090178;0.543046;1.65283;0.994652 0.0393575 0.0954857 -0.679382 -0.0323814 0.996766 -0.0735403 1.61701 -0.0980713 0.070055 0.992711 0.644848 0 0 0 1 
39885980090179;0.361753;1.58855;0.986797 0.0741207 -0.144005 -0.425652 -0.0819049 0.99544 -0.0488923 1.84153 0.139724 0.0600415 0.988368 -0.169117 0 0 0 1 
39885980090180;0.25283;1.74935;0.998341 0.0200039 -0.0539867 -0.330286 -0.0203434 0.999777 -0.00574501 1.85303 0.0538597 0.00683375 0.998525 -0.0335804 0 0 0 1 
39885980090181;0.881259;1.71337;0.977788 0.0375583 -0.206205 0.174925 -0.0204082 0.9962 0.0846761 1.23937 0.208602 -0.0785869 0.974838 -0.174546 0 0 0 1 
39885980090182;0.669254;1.43025;0.994469 0.105005 -0.00248867 -0.0350539 -0.105035 0.994216 -0.0224079 1.56676 0.000121327 0.0225454 0.999746 -0.643341 0 0 0 1 
39885980090183;0.198594;1.4728;0.96867 0.0543148 0.24234 -0.219213 -0.0586705 0.998219 0.0107875 1.67233 -0.241322 -0.0246678 0.970131 0.832069 0 0 0 1 
39885980090184;0.838159;1.33644;0.980273 0.180809 -0.0798353 -0.0232796 -0.19765 0.895936 -0.397785 2.58727 -0.000395643 0.405717 0.913999 -0.854688 0 0 0 1 
39885980090186;1.03403;0.590635;0.95155 0.306045 0.0298051 -0.230347 -0.304548 0.951382 -0.0460753 0.405233 -0.0424572 0.0347658 0.998493 -0.588628 0 0 0 1 
39885980090187;0.391456;0.406051;0.991241 0.118793 0.057711 -0.459786 -0.122425 0.990406 0.0641017 0.204736 -0.0495425 -0.0706054 0.996273 -0.121166 0 0 0 1 
39885980090188;0.19321;0.466989;0.987694 0.115952 -0.10496 -0.428334 -0.126976 0.986303 -0.105281 0.325469 0.0913153 0.117313 0.988888 -0.525577 0 0 0 1 
39885980090189;0.694654;0.596668;0.933418 -0.286391 0.216129 0.017794 0.265254 0.956453 0.121812 -1.14808 -0.241603 -0.0563726 0.968736 1.32652 0 0 0 1 
39885980090190;0.710931;0.425813;0.999074 0.0353078 -0.0245719 -0.347966 -0.0286205 0.972042 0.233056 0.000788749 0.0321136 -0.232137 0.972153 0.756102 0 0 0 1 
39885980090191;0.303973;0.462803;0.981718 0.1884 0.0271304 -0.566612 -0.188017 0.982034 -0.0160735 0.493596 -0.0296713 0.0106786 0.999503 -0.0849525 0 0 0 1 
39885980090192;0.937341;0.481712;0.99182 0.125679 0.0223315 -0.378125 -0.125448 0.992034 -0.011467 -0.211206 -0.0235948 0.00857171 0.999685 0.801268 0 0 0 1 
39885980090193;0.0973903;0.426513;0.99209 0.124941 0.0121075 -0.459272 -0.124768 0.992085 -0.0141677 0.377997 -0.0137818 0.0125451 0.999826 0.0653421 0 0 0 1 
39885980090194;0.330993;0.46568;0.999624 0.00502567 0.0269542 -0.383672 -0.00344385 0.998287 -0.0584139 -0.285215 -0.0272016 0.0582991 0.997928 0.145903 0 0 0 1 
39885980090195;0.913121;0.466817;0.998064 -0.0583421 0.0215571 -0.420902 0.0596308 0.996104 -0.0649678 -0.143142 -0.0176827 0.0661275 0.997654 -0.778473 0 0 0 1 
39885980090196;0.843835;0.426256;0.976951 0.197926 0.0799547 -0.384018 -0.199138 0.979943 0.00740442 0.507332 -0.0768855 -0.0231558 0.996771 -0.481099 0 0 0 1 
39885980090197;0.709255;0.418688;0.990167 0.13089 0.0493768 -0.488074 -0.135988 0.983393 0.120192 0.159657 -0.0328248 -0.125725 0.991522 -0.411825 0 0 0 1 
39885980090198;1.04503;0.568578;0.996529 0.0670766 -0.0493015 -0.192974 -0.0725569 0.990192 -0.119394 0.26224 0.0408095 0.122556 0.991622 0.668575 0 0 0 1 
39885980090199;0.0833687;0.448238;0.998582 0.0248854 0.0470604 -0.312483 -0.0245383 0.999667 -0.00793936 -0.241341 -0.0472423 0.00677332 0.99886 0.133847 0 0 0 1 
39885980090200;1.06244;0.567029;0.997633 0.0681153 -0.00938289 -0.208292 -0.0683268 0.997363 -0.0244488 0.404747 0.00769282 0.025032 0.999657 0.798294 0 0 0 1 
39885980090201;0.454509;0.712458;0.957533 -0.225332 -0.179876 -0.301315 0.216065 0.97388 -0.069811 -0.746467 0.190908 0.0279816 0.981209 -0.325214 0 0 0 1 
39885980090202;0.602175;0.540928;0.908013 0.22015 -0.356436 -0.570264 -0.188719 0.974529 0.121155 0.671805 0.37403 -0.0427438 0.926431 -0.873937 0 0 0 1 
39885980090203;0.367742;0.567145;0.90847 -0.0153117 0.41767 -0.120738 -0.053233 0.986951 0.151968 0.0624347 -0.414546 -0.160292 0.8958 1.60208 0 0 0 1 
39885980090204;1.06319;0.498113;0.955957 0.213775 0.201114 -0.27868 -0.1867 0.971608 -0.145334 0.321983 -0.226473 0.101385 0.968727 1.63104 0 0 0 1 
39885980090205;0.675409;0.363882;0.978794 0.204727 -0.00703916 -0.917586 -0.204497 0.974533 -0.0920099 0.347483 -0.011977 0.0914982 0.995733 -0.270051 0 0 0 1 
39885980090206;0.947378;0.460682;0.981801 0.166116 0.0920451 -0.575742 -0.17173 0.983504 0.0568142 0.0704768 -0.081089 -0.0715871 0.994133 1.1653 0 0 0 1 
39885980090207;0.975527;0.493503;0.991334 -0.129881 -0.0197007 -0.33644 0.130133 0.991422 0.0121292 -0.311334 0.0179563 -0.0145878 0.999732 -0.843223 0 0 0 1 
39885980090208;0.357335;0.465051;0.935056 0.285699 0.209872 -0.469722 -0.258422 0.954606 -0.148143 0.865258 -0.24267 0.0842866 0.96644 0.495287 0 0 0 1 
39885980090209;0.567849;0.423378;0.964282 0.264684 0.0101432 -0.900886 -0.264435 0.964176 -0.0209638 0.575914 -0.0153286 0.0175328 0.999729 0.164151 0 0 0 1 
39885980090210;0.29383;0.506776;0.959706 0.166309 0.226508 -0.372031 -0.177047 0.98381 0.0277997 0.410913 -0.218217 -0.0667822 0.973612 1.00492 0 0 0 1 
39885980090211;0.573799;0.361112;0.975066 0.220675 -0.0234239 -0.829796 -0.208095 0.872569 -0.44195 0.833921 -0.0770883 0.435804 0.896734 0.0395492 0 0 0 1 
39885980090212;0.324919;0.546005;0.955437 0.2946 -0.0187054 -0.53294 -0.292403 0.953196 0.0769285 0.805476 0.0404931 -0.0680309 0.996861 0.210459 0 0 0 1 
39885980090213;0.920265;0.498665;0.993657 0.0463021 -0.102475 -0.322586 -0.0391395 0.99672 0.0708364 -0.333397 0.105418 -0.0663763 0.99221 0.505901 0 0 0 1 
39885980090214;0.527822;0.479313;0.937885 0.342178 0.0573225 -0.459679 -0.342316 0.939553 -0.00770143 1.20804 -0.0564928 -0.0123993 0.998326 0.520221 0 0 0 1 
39885980090215;0.58213;0.803005;0.938778 -0.327252 0.107714 -0.0405042 0.330587 0.943668 -0.0142134 -1.35244 -0.096995 0.0489522 0.99408 0.317605 0 0 0 1 
39885980090217;1.03417;1.38992;0.94641 -0.322116 0.023454 0.260699 0.322937 0.942797 -0.0827382 -0.339193 0.00453893 0.0858784 0.996295 -0.572386 0 0 0 1 
39885980090218;0.202378;1.18472;0.972171 -0.23366 -0.0169063 -0.202959 0.233212 0.972107 -0.0248946 0.11598 0.0222517 0.0202591 0.999547 -0.188533 0 0 0 1 
39885980090219;0.470141;2.15102;0.990487 -0.104173 0.0899104 0.222461 0.100816 0.994055 0.0411115 1.21107 -0.0936586 -0.0316559 0.995101 0.328072 0 0 0 1 
39885980090220;1.3181;0.948066;0.980728 0.0504206 -0.18876 -0.534163 -0.0697654 0.992809 -0.0972813 1.81223 0.182498 0.108575 0.977193 -0.385818 0 0 0 1 
39885980090221;1.15923;1.2932;0.926156 -0.0756838 0.36947 -0.521641 0.143222 0.976849 -0.158915 0.025386 -0.348889 0.200096 0.915554 0.724817 0 0 0 1 
39885980090222;0.407338;1.21214;0.93455 -0.301937 0.188284 -0.0562214 0.277179 0.949523 0.146895 0.0116562 -0.223133 -0.0850924 0.971067 0.890784 0 0 0 1 
39885980090223;0.517255;1.23282;0.942251 -0.28481 0.176199 -0.381945 0.264711 0.955643 0.129129 -0.00852815 -0.20516 -0.0750307 0.975848 0.809703 0 0 0 1 
39885980090224;1.08029;1.26725;0.989226 -0.0789789 0.123266 -0.746616 0.0710368 0.995184 0.0675541 0.253826 -0.128008 -0.0580698 0.990072 0.470737 0 0 0 1 
39885980090225;0.715361;1.09959;0.988107 0.107472 -0.109972 -0.0970667 -0.134226 0.951765 -0.275909 1.1735 0.0750152 0.287389 0.954872 0.149651 0 0 0 1 
39885980090226;0.549209;1.14033;0.947195 0.0902105 0.307708 -0.347472 -0.109795 0.992847 0.0469006 0.901785 -0.301276 -0.0782087 0.950324 0.966157 0 0 0 1 
39885980090227;1.15995;1.24222;0.992707 -0.120208 -0.00909565 0.341699 0.120431 0.992259 0.0303026 0.891056 0.00538264 -0.031177 0.999499 -0.503238 0 0 0 1 
39885980090228;0.215505;1.30761;0.989711 -0.12279 0.0734424 -0.273719 0.125737 0.991376 -0.0369325 0.607965 -0.0682741 0.045787 0.996615 0.00667525 0 0 0 1 
39885980090229;0.121617;1.22178;0.964506 -0.264046 -0.00276826 -0.0754526 0.264014 0.964085 0.0289269 0.106292 -0.00496921 -0.0286311 0.999578 -0.045717 0 0 0 1 
39885980090230;1.03093;2.0767;0.985988 0.16675 0.00468521 0.492675 -0.166642 0.985855 -0.0178954 1.5234 -0.00760298 0.0168639 0.999829 0.500935 0 0 0 1 
39885980090231;0.888653;0.695469;0.99171 -0.0318231 0.124494 -0.509399 0.0180622 0.993752 0.11014 0.67959 -0.127221 -0.106978 0.986088 0.526625 0 0 0 1 
39885980090232;0.59802;1.55656;0.924575 -0.379626 -0.0323434 0.327436 0.338626 0.857685 -0.386922 0.167108 0.174626 0.346786 0.921545 -0.430095 0 0 0 1 
39885980090233;0.0427632;1.16885;0.979096 -0.201404 0.0284009 -0.226416 0.202053 0.979124 -0.0221694 0.292438 -0.0233429 0.0274445 0.999351 0.0428394 0 0 0 1 
39885980090234;0.404716;1.07632;0.990328 0.0656841 -0.122216 -0.169898 -0.0174572 0.932832 0.359888 0.825335 0.137646 -0.354273 0.924956 -0.426195 0 0 0 1 
39885980090235;0.881271;2.12258;0.972684 0.180829 -0.145558 0.940483 -0.207237 0.958959 -0.193519 2.29507 0.10459 0.218398 0.970239 -0.642237 0 0 0 1 
39885980090236;1.0378;1.24668;0.969872 -0.242704 0.0210322 -0.234151 0.243094 0.969825 -0.01855 0.221037 -0.0158954 0.0231039 0.999607 -0.798163 0 0 0 1 
39885980090237;0.452033;1.13326;0.978877 -0.0227322 -0.203184 -0.153626 0.0729377 0.967236 0.243178 0.574777 0.190998 -0.252861 0.948462 -0.736363 0 0 0 1 
39885980090238;0.922552;1.20936;0.958455 -0.00618974 -0.285175 -0.219048 -0.0641673 0.96946 -0.236704 1.54029 0.277931 0.24517 0.928787 -0.346966 0 0 0 1 
39885980090239;0.393854;0.909088;0.988783 0.0951948 -0.115088 -0.25631 -0.124445 0.95119 -0.282401 1.05 0.0825878 0.293556 0.952368 -0.274411 0 0 0 1 
39885980090240;0.68439;1.04354;0.966622 -0.249792 0.0569772 -0.49592 0.254689 0.961012 -0.107658 0.389889 -0.0278636 0.118576 0.992554 -0.23509 0 0 0 1 
39885980090241;0.655728;1.13039;0.942449 -0.0906168 0.321836 -0.286139 0.173177 0.955693 -0.238035 0.60044 -0.286006 0.280071 0.916385 0.328409 0 0 0 1 
39885980090242;0.353633;1.14856;0.872877 -0.145786 0.465653 0.0685438 0.248486 0.954117 -0.167079 0.211092 -0.419929 0.261547 0.869053 1.1658 0 0 0 1 
39885980090243;1.27115;1.24851;0.996313 -0.0684904 0.0516678 0.301613 0.069595 0.997377 -0.0198889 0.836982 -0.0501701 0.0234114 0.998466 0.877644 0 0 0 1 
39885980090244;0.554019;2.22559;0.988033 -0.100958 0.116615 0.360201 0.0793585 0.981018 0.176932 1.25476 -0.132265 -0.165561 0.97729 0.266489 0 0 0 1 
39885980090245;0.651828;0.967097;0.998497 -0.0350317 -0.0421534 -0.151133 0.0322213 0.997326 -0.065599 0.770358 0.0443387 0.0641422 0.996955 0.275925 0 0 0 1 
39885980090246;0.546588;1.55254;0.889595 -0.442434 -0.113458 0.362221 0.448072 0.893532 0.0288509 -0.125539 0.0886138 -0.076503 0.993124 -0.551566 0 0 0 1 
39885980090248;0.37448;0.154503;0.919564 -0.321293 0.226214 -0.209731 0.306673 0.946752 0.0980446 0.193895 -0.24567 -0.0207844 0.969131 0.00669539 0 0 0 1 
39885980090249;0.482365;0.152564;0.949897 -0.312324 0.0122363 -0.119165 0.312151 0.949927 0.0141794 0.0110396 -0.0160521 -0.0096494 0.999825 -0.345596 0 0 0 1 
39885980090250;0.869457;0.1776;0.932464 0.0206162 0.360675 -0.143654 -0.0951045 0.977163 0.190022 -0.619767 -0.34852 -0.21149 0.91313 0.322158 0 0 0 1 
39885980090251;0.521745;0.158947;0.994383 -0.104518 -0.0166686 -0.0107128 0.10443 0.994514 -0.00609896 -0.221987 0.0172146 0.004324 0.999842 0.29865 0 0 0 1 
39885980090252;1.01023;0.187769;0.994412 0.0862931 0.0608156 0.196354 -0.0993422 0.959816 0.262458 -0.0918056 -0.0357236 -0.267033 0.963025 -0.981602 0 0 0 1 
39885980090253;0.430197;0.172883;0.975361 0.187736 -0.115871 -0.0377503 -0.151539 0.951829 0.266565 0.33394 0.160333 -0.242438 0.956827 -0.116198 0 0 0 1 
39885980090254;0.437029;0.162828;0.991142 -0.112427 0.0706962 -0.0196748 0.114259 0.993198 -0.0224168 0.20815 -0.0676951 0.030296 0.997246 0.361701 0 0 0 1 
39885980090255;0.581357;0.164054;0.99608 0.0407153 0.07853 0.0805138 -0.0450108 0.997541 0.0537266 -0.213574 -0.0761493 -0.0570507 0.995463 0.392207 0 0 0 1 
39885980090256;0.383432;0.147881;0.917331 -0.384055 0.104905 -0.226196 0.388807 0.920876 -0.0285714 0.227088 -0.0856313 0.0669971 0.994072 -0.00380202 0 0 0 1 
39885980090257;0.931685;0.13983;0.978694 0.198546 -0.052322 -0.22617 -0.201614 0.977508 -0.0618894 0.181917 0.0388573 0.0711196 0.996711 -0.850967 0 0 0 1 
39885980090258;0.517582;0.153641;0.98707 -0.102738 -0.123039 -0.297517 0.107444 0.993689 0.0322247 0.224587 0.118952 -0.0450279 0.991879 0.414238 0 0 0 1 
39885980090259;0.758348;0.149176;0.981368 -0.188581 0.0368073 0.493659 0.188056 0.982006 0.0172895 0.339024 -0.0394054 -0.0100455 0.999173 0.312215 0 0 0 1 
39885980090260;0.424726;0.172513;0.962983 0.265101 -0.0488267 0.175887 -0.219689 0.876803 0.427729 -0.0106219 0.156203 -0.401169 0.902587 -0.0395816 0 0 0 1 
