#;prob_registration_l1 -r /home/probabilistic_point_clouds_registration/build/tester /home/point_clouds_registration_benchmark//devel/registration_pairs/plain_local.txt /home/point_clouds_registration_benchmark//eth/plain -s 0.2 -t 0.2 -p 0.3 -r 1000 -m 20 -i 40 
id;initial_error;final_error;transformation
4215528470000;0.567788;0.463808;0.964573 -0.0391841 0.260891 0.393593 0.0221868 0.997453 0.0677816 -0.202339 -0.262882 -0.059592 0.962986 1.91063 0 0 0 1 
4215528470001;0.547226;0.21675;0.992007 0.0963499 -0.0814772 -0.633579 -0.0553177 0.91243 0.405476 0.632944 0.11341 -0.397728 0.910467 1.02207 0 0 0 1 
4215528470002;0.032832;0.0954827;0.999999 0.000466455 0.00118764 -0.0387685 -0.000472262 0.999988 0.00489387 -0.109813 -0.00118535 -0.00489443 0.999987 -0.0134822 0 0 0 1 
4215528470003;0.731607;0.0638014;0.995417 -0.0427712 0.0855356 -0.102817 0.0408496 0.998875 0.0240918 -0.943773 -0.0864698 -0.0204873 0.996044 0.381216 0 0 0 1 
4215528470004;0.518474;0.167812;0.956047 -0.0251967 -0.29213 0.362386 0.0892883 0.974002 0.208203 -0.588789 0.279289 -0.225135 0.933441 -0.318429 0 0 0 1 
4215528470005;0.0948906;0.163855;0.999119 0.0346908 0.0236038 -0.192322 -0.0324988 0.995622 -0.0876409 0.155957 -0.0265408 0.0867966 0.995872 -0.305809 0 0 0 1 
4215528470006;0.93827;0.188737;0.99865 0.0400344 -0.0330973 -0.848394 -0.0487863 0.941663 -0.333003 0.294258 0.0178349 0.334168 0.942345 -1.34867 0 0 0 1 
4215528470007;0.649378;0.751552;0.994494 -0.00056205 -0.104795 -0.136896 -0.0358081 0.937976 -0.344846 0.354621 0.098489 0.346699 0.932791 -2.01208 0 0 0 1 
4215528470008;0.524363;0.532922;0.958726 0.0937078 -0.268445 -0.479996 -0.127028 0.985832 -0.10954 0.602639 0.254377 0.139119 0.957047 -2.36348 0 0 0 1 
4215528470009;0.400063;0.146603;0.953037 -0.205995 0.222005 1.09842 0.210423 0.977603 0.00378776 -1.1246 -0.217813 0.0431051 0.975038 1.26696 0 0 0 1 
4215528470010;0.581956;0.0718365;0.974379 -0.212165 -0.0746436 1.09524 0.185719 0.946177 -0.26506 -1.28917 0.126863 0.244406 0.961338 -2.14903 0 0 0 1 
4215528470011;0.358216;0.124904;0.976635 -0.165308 0.137322 0.84383 0.191079 0.960387 -0.202845 -1.0724 -0.0983504 0.224344 0.969534 -0.225722 0 0 0 1 
4215528470012;0.581653;0.644435;0.972933 0.214443 -0.0861121 -0.914089 -0.17988 0.93672 0.300329 0.934623 0.145067 -0.276711 0.94994 -0.0790347 0 0 0 1 
4215528470013;0.612837;0.121879;0.982887 -0.0521527 0.176675 0.0912928 0.0499398 0.998608 0.0169516 -0.400303 -0.177313 -0.00783835 0.984123 0.517692 0 0 0 1 
4215528470014;0.871128;0.521807;0.993537 -0.109269 0.0307222 0.529945 0.109496 0.99397 -0.00579592 -0.800941 -0.0299036 0.00912242 0.999511 0.688642 0 0 0 1 
4215528470015;0.0605696;0.115395;0.999933 0.00102268 0.0115582 -0.00500143 -0.000878982 0.999922 -0.0124307 -0.124563 -0.0115701 0.0124197 0.999856 -0.0319094 0 0 0 1 
4215528470016;0.462589;0.287505;0.972037 0.0692603 0.224381 -0.36967 -0.0195121 0.976033 -0.216747 -0.012071 -0.234016 0.206308 0.950092 0.820408 0 0 0 1 
4215528470017;0.763704;0.362163;0.985138 0.107741 0.133773 -0.513389 -0.154555 0.895809 0.4167 1.13815 -0.0749398 -0.431183 0.899147 3.06201 0 0 0 1 
4215528470018;0.320962;0.380603;0.997022 -0.0575203 0.0513754 0.0866665 0.0513336 0.992091 0.114543 -0.553602 -0.0575576 -0.111564 0.992089 0.725237 0 0 0 1 
4215528470019;0.470754;0.337689;0.890665 0.284516 -0.354635 -0.818214 -0.216961 0.951432 0.218415 1.10756 0.399553 -0.117592 0.909137 -1.94933 0 0 0 1 
4215528470020;0.901423;0.531093;0.9838 -0.0902299 0.154906 0.189328 0.104614 0.99067 -0.0873487 -0.711915 -0.14558 0.102139 0.98406 -0.0277171 0 0 0 1 
4215528470021;0.310289;0.127736;0.997651 -0.0549231 -0.0409351 0.125509 0.0589242 0.992833 0.103977 -0.558507 0.0349309 -0.106145 0.993737 0.455053 0 0 0 1 
4215528470022;0.501427;0.172752;0.976773 0.108354 -0.184861 -0.261672 -0.121242 0.990816 -0.059872 0.499122 0.176676 0.0808944 0.980939 -1.93582 0 0 0 1 
4215528470023;0.509895;0.421655;0.994634 0.0322942 0.0982849 -0.269043 -0.0169639 0.988082 -0.152988 0.0776896 -0.102054 0.1505 0.983328 -0.423988 0 0 0 1 
4215528470024;0.756959;0.211779;0.990725 -0.132778 0.0288839 0.823991 0.131496 0.990405 0.0425077 -1.00688 -0.0342508 -0.0383154 0.998679 0.955187 0 0 0 1 
4215528470025;0.187466;0.183461;0.990495 0.12924 -0.0470748 -0.643912 -0.124383 0.987718 0.0945662 0.73302 0.0587183 -0.087812 0.994405 -0.0350212 0 0 0 1 
4215528470026;0.0729172;0.0839894;0.999493 -0.0316969 -0.00310475 0.12413 0.031678 0.999481 -0.00593307 -0.261776 0.0032912 0.00583171 0.999978 -0.12999 0 0 0 1 
4215528470027;0.80863;0.320617;0.995767 0.050016 -0.0771077 -0.428303 -0.0592778 0.990643 -0.122931 -0.00517142 0.0702377 0.126982 0.989415 -0.440763 0 0 0 1 
4215528470028;0.511375;0.535874;0.99678 0.00924586 -0.0796527 -0.227539 0.00595803 0.982045 0.188552 -0.225803 0.0799659 -0.18842 0.978828 0.481194 0 0 0 1 
4215528470029;0.874225;0.269508;0.875331 -0.00669378 -0.483477 1.1476 0.0239612 0.999276 0.0295465 0.246977 0.482929 -0.0374476 0.874858 -3.20249 0 0 0 1 
4215528470031;0.986719;0.0593231;0.999346 -0.0347468 0.0100201 0.293259 0.0346984 0.999386 0.00496341 -0.624256 -0.0101864 -0.00461248 0.999937 0.863813 0 0 0 1 
4215528470032;1.06872;0.291027;0.996593 -0.0739876 0.036444 0.393155 0.0823974 0.873847 -0.479168 -0.303602 0.00360598 0.480539 0.876966 -2.55495 0 0 0 1 
4215528470033;0.525088;0.183307;0.994396 -0.105716 -0.000914888 0.6646 0.105685 0.994258 -0.016786 -1.078 0.00268417 0.0165952 0.999859 -0.486702 0 0 0 1 
4215528470034;0.461314;0.201954;0.999768 0.0209622 0.00499882 -0.078271 -0.0210679 0.999533 0.0221317 0.0397745 -0.00453256 -0.0222319 0.999743 -0.182231 0 0 0 1 
4215528470035;0.980295;0.272371;0.998959 -0.0455929 -0.00148943 -0.332335 0.0455988 0.998951 0.00421205 -0.528921 0.00129583 -0.00427558 0.99999 0.129035 0 0 0 1 
4215528470036;1.14169;0.848208;0.994789 0.0973469 0.0303199 -1.01048 -0.101895 0.959758 0.26169 0.601313 -0.00362501 -0.263416 0.964676 2.17979 0 0 0 1 
4215528470037;0.241412;0.104019;0.999893 -0.0130168 0.00663519 0.229077 0.0131895 0.999557 -0.0266768 -0.0788929 -0.006285 0.0267615 0.999622 -0.0113487 0 0 0 1 
4215528470038;0.130156;0.20747;0.997629 0.0585983 0.0360798 -0.254719 -0.0588492 0.998249 0.00592903 0.446887 -0.0356692 -0.00803825 0.999331 0.378605 0 0 0 1 
4215528470039;0.797747;0.546909;0.995645 -0.0524513 -0.0770704 0.137729 0.0306754 0.964998 -0.260458 -0.279428 0.0880341 0.256959 0.962404 -1.75358 0 0 0 1 
4215528470040;0.689028;0.0937804;0.935811 -0.318815 -0.150383 2.81998 0.336178 0.935505 0.108692 -2.51014 0.106031 -0.15227 0.982635 -0.315673 0 0 0 1 
4215528470041;0.231676;0.166037;0.942105 -0.146749 -0.3015 1.85569 0.105707 0.983279 -0.148287 -0.751412 0.318219 0.107832 0.941864 -3.39689 0 0 0 1 
4215528470042;0.841266;0.0221323;0.980448 -0.180704 0.0778942 1.5469 0.169228 0.976309 0.134844 -1.13926 -0.100416 -0.119025 0.9878 1.34823 0 0 0 1 
4215528470043;0.639843;0.59183;0.993745 0.0890391 -0.0673955 -0.407269 -0.0874786 0.995833 0.0257675 0.805957 0.069409 -0.0197106 0.997394 -0.62042 0 0 0 1 
4215528470044;0.994474;0.165451;0.999844 -0.0145838 0.00992826 0.236424 0.0146917 0.999833 -0.01089 -0.140951 -0.00976778 0.0110342 0.999891 -0.809014 0 0 0 1 
4215528470045;0.386524;0.158041;0.996994 -0.008336 0.0770311 0.107269 -0.0293724 0.879324 0.475317 0.314793 -0.0716976 -0.47615 0.876436 3.36812 0 0 0 1 
4215528470046;1.07289;0.401747;0.976244 0.0595399 -0.208332 0.081265 -0.046559 0.996688 0.0666711 0.203852 0.211611 -0.0553876 0.975783 -0.827175 0 0 0 1 
4215528470047;0.459821;0.391946;0.992141 0.0422489 0.117774 -0.400312 -0.040009 0.998972 -0.0213193 0.331818 -0.118554 0.0164397 0.992812 0.860328 0 0 0 1 
4215528470048;0.649857;0.358022;0.998711 0.0485084 -0.0149399 -0.4916 -0.0483626 0.99878 0.00997384 0.356311 0.0154055 -0.00923845 0.999839 -0.0100764 0 0 0 1 
4215528470049;0.633618;0.084001;0.992691 -0.105014 -0.0594719 0.914535 0.11336 0.980429 0.160963 -1.07234 0.0414046 -0.166528 0.985167 1.03912 0 0 0 1 
4215528470050;0.671958;0.574875;0.994969 0.0895373 -0.0449312 -0.716935 -0.0886343 0.995828 0.0217063 0.558272 0.0466872 -0.0176147 0.998754 -0.827662 0 0 0 1 
4215528470051;0.865997;0.734587;0.997167 -0.0263109 -0.0704657 0.308795 0.0130011 0.983015 -0.183063 0.0956697 0.0740854 0.181629 0.980572 -2.18015 0 0 0 1 
4215528470052;0.470145;0.338295;0.995097 0.0916625 -0.0371483 -0.505314 -0.092888 0.995139 -0.0327264 0.81458 0.0339679 0.0360166 0.998774 -0.558852 0 0 0 1 
4215528470053;1.01323;0.207476;0.993224 0.011844 0.115615 0.110942 -0.000637695 0.995334 -0.0964871 -0.128527 -0.116218 0.0957595 0.988597 -0.256872 0 0 0 1 
4215528470054;0.877545;0.336144;0.995753 0.0874188 -0.0288606 -0.500224 -0.0868559 0.996016 0.0202148 0.734087 0.0305128 -0.0176223 0.999379 -0.743229 0 0 0 1 
4215528470055;0.503431;0.313729;0.996453 -0.0474524 0.0694999 0.279761 0.0551965 0.991933 -0.114117 -0.174287 -0.0635241 0.117548 0.991033 0.113186 0 0 0 1 
4215528470056;0.338949;0.160757;0.950804 -0.30088 0.0737741 2.20361 0.309097 0.937327 -0.160866 -2.35069 -0.0207493 0.175755 0.984215 -0.827093 0 0 0 1 
4215528470057;0.60477;0.140805;0.999308 -0.034799 0.0131704 0.303996 0.0343909 0.998957 0.03004 -0.328223 -0.014202 -0.0295663 0.999462 -0.216116 0 0 0 1 
4215528470058;0.117082;0.1349;0.991705 -0.128448 0.0048322 0.913741 0.128505 0.991601 -0.0146116 -1.11822 -0.00291479 0.0151113 0.999882 -0.062202 0 0 0 1 
4215528470059;0.289428;0.540632;0.998364 0.0130687 -0.0556608 -0.227213 -0.0191584 0.993711 -0.110321 0.0686467 0.053869 0.111207 0.992336 -1.22972 0 0 0 1 
4215528470060;0.876862;0.829263;0.960481 0.109367 -0.255959 -0.0846454 -0.0884253 0.991827 0.0919753 0.620377 0.263926 -0.0657073 0.962302 -2.53323 0 0 0 1 
4215528470062;1.03489;0.65134;0.949803 -0.179998 0.255879 0.71334 0.235408 0.949899 -0.205608 -2.66599 -0.20605 0.255523 0.944591 2.57918 0 0 0 1 
4215528470063;0.150783;0.297701;0.994674 0.0666974 0.0785823 -0.475553 -0.0733898 0.993623 0.0856022 0.964855 -0.0723717 -0.0909134 0.993226 1.29962 0 0 0 1 
4215528470064;1.26892;0.829846;0.977995 0.132245 -0.161362 -0.0386457 -0.113841 0.986413 0.118447 1.64326 0.174833 -0.0974713 0.979762 -2.91013 0 0 0 1 
4215528470065;0.672821;0.111376;0.997303 -0.0720144 0.0141366 0.0602722 0.0724811 0.996724 -0.0358764 -0.989072 -0.0115067 0.0368043 0.999256 -0.254379 0 0 0 1 
4215528470066;0.971407;0.513805;0.973953 -0.064777 0.2173 -0.0248223 0.1457 0.913088 -0.380843 -0.992488 -0.173744 0.402584 0.898743 1.73018 0 0 0 1 
4215528470067;0.479383;1.226;0.993595 0.101882 0.0488688 -0.925371 -0.0909275 0.97766 -0.189506 1.84079 -0.0670843 0.183849 0.980663 0.271333 0 0 0 1 
4215528470068;1.75898;1.59274;0.98122 0.19287 0.00279711 -0.587309 -0.191546 0.972569 0.131986 3.21661 0.0227358 -0.130043 0.991248 -0.13779 0 0 0 1 
4215528470069;1.1695;0.139537;0.970325 -0.240282 0.0270828 1.06324 0.235931 0.965338 0.111622 -3.35263 -0.0529648 -0.10192 0.993382 1.78609 0 0 0 1 
4215528470070;0.627154;0.16463;0.99958 -0.0279253 0.00775644 0.0575479 0.0276239 0.998949 0.0365753 -0.310775 -0.00876966 -0.0363457 0.999301 -0.0319419 0 0 0 1 
4215528470071;1.13782;0.0597805;0.980247 -0.0828706 -0.179578 1.16429 0.0990876 0.991587 0.0832898 -1.20779 0.171165 -0.0994385 0.980212 -2.58008 0 0 0 1 
4215528470072;1.12233;0.283765;0.994676 0.100121 -0.0244224 -0.739337 -0.100012 0.99497 0.00561299 1.08282 0.0248616 -0.00314056 0.999686 -0.0277038 0 0 0 1 
4215528470073;0.253366;0.0848495;0.955706 -0.106035 0.274559 0.341154 0.180621 0.947831 -0.262664 -1.81908 -0.232384 0.300621 0.925 2.42515 0 0 0 1 
4215528470074;0.891847;0.14855;0.926393 0.187945 -0.326302 1.03016 -0.11151 0.964594 0.239007 1.21188 0.359669 -0.185028 0.914551 -4.76148 0 0 0 1 
4215528470075;0.661748;0.631078;0.997537 0.0337356 0.0615032 -0.492319 -0.0337152 0.999431 -0.00137049 0.593284 -0.0615144 -0.000706481 0.998106 1.14864 0 0 0 1 
4215528470076;1.55682;0.110526;0.999934 0.00501557 -0.0103352 -0.111634 -0.00508303 0.999966 -0.0065115 0.323793 0.0103022 0.0065636 0.999925 -1.04618 0 0 0 1 
4215528470077;0.434483;0.689216;0.961204 -0.275258 -0.0178958 1.16456 0.275105 0.961356 -0.0105957 -3.48151 0.0201208 0.00526146 0.999784 -0.42957 0 0 0 1 
4215528470078;1.12372;1.09375;0.9594 -0.118164 0.256104 0.422792 0.112374 0.99297 0.0371785 -1.64033 -0.258697 -0.00688966 0.965934 3.84408 0 0 0 1 
4215528470079;1.36039;1.30463;0.992415 0.0297381 0.119285 -0.825447 -0.0118552 0.98893 -0.147911 0.165231 -0.122363 0.145375 0.981781 1.43717 0 0 0 1 
4215528470080;1.57691;0.363397;0.97572 0.180953 -0.123398 -0.34955 -0.157559 0.971256 0.178429 2.86857 0.152139 -0.154654 0.976184 -1.47571 0 0 0 1 
4215528470081;1.29705;1.52529;0.968163 0.250313 0.00193909 -0.922703 -0.249883 0.965982 0.0666201 4.13017 0.0148027 -0.0649836 0.997777 -0.00109026 0 0 0 1 
4215528470082;0.754436;0.149422;0.994288 -0.08135 -0.0690864 0.568082 0.0712922 0.987961 -0.1373 -0.952051 0.079424 0.131591 0.988117 -1.29724 0 0 0 1 
4215528470083;1.36137;0.641203;0.994499 0.0296651 0.100455 -0.619179 -0.0215965 0.996522 -0.0804769 0.625695 -0.102493 0.0778647 0.991682 1.8981 0 0 0 1 
4215528470084;1.66015;0.0690751;0.953189 -0.255818 -0.161207 1.05451 0.25115 0.966705 -0.0490499 -3.50433 0.168387 0.00626683 0.985701 -2.85407 0 0 0 1 
4215528470085;1.13067;0.209156;0.99885 -0.0384533 -0.0286201 -0.0744889 0.0409244 0.994968 0.0914571 -0.909292 0.0249592 -0.0925232 0.995398 0.561401 0 0 0 1 
4215528470086;1.1632;1.27665;0.927179 -0.00484223 0.374588 0.112475 -0.00262767 0.999808 0.0194283 -0.0401692 -0.37461 -0.0189978 0.926988 5.56324 0 0 0 1 
4215528470087;0.757202;0.950185;0.99712 0.0177295 0.0737407 -0.514886 -0.00957409 0.993939 -0.109512 0.32731 -0.0752354 0.108491 0.991246 0.888035 0 0 0 1 
4215528470088;1.28516;0.179833;0.986569 -0.162307 -0.0184021 0.90642 0.16237 0.986728 0.00199704 -2.41836 0.0178338 -0.00495818 0.999829 0.470173 0 0 0 1 
4215528470089;0.703952;0.75627;0.996595 0.0697436 -0.0439705 -0.518979 -0.068474 0.997209 0.0297485 1.06216 0.0459225 -0.0266364 0.99859 -0.279837 0 0 0 1 
4215528470090;1.03548;0.0814851;0.936706 -0.191261 0.29326 0.602617 0.283569 0.905721 -0.315052 -3.14481 -0.205355 0.37827 0.90263 1.36578 0 0 0 1 
4215528470091;1.49069;2.02666;0.970011 0.23206 0.0723011 -0.915486 -0.235341 0.971063 0.0406414 3.40049 -0.0607777 -0.056438 0.996554 1.00676 0 0 0 1 
4215528470093;0.435815;0.35612;0.929053 -0.361045 -0.0806724 0.801317 0.369557 0.895715 0.247228 -0.847343 -0.0170009 -0.259501 0.965593 0.299341 0 0 0 1 
4215528470094;0.626818;0.158898;0.999573 0.0284413 0.00671595 0.0928768 -0.0281485 0.998792 -0.0402832 0.239458 -0.00785354 0.0400769 0.999166 -0.657426 0 0 0 1 
4215528470095;0.64508;0.393586;0.920759 -0.389708 -0.0181895 1.10879 0.388786 0.920454 -0.0401229 -1.04657 0.0323789 0.0298717 0.999029 -0.348191 0 0 0 1 
4215528470096;0.715932;0.368931;0.995921 -0.0902343 -0.000169995 0.175225 0.0901518 0.995087 -0.040914 -0.582354 0.003861 0.0407317 0.999163 -0.367295 0 0 0 1 
4215528470097;0.899584;0.434556;0.908453 -0.411388 0.0739748 0.602918 0.417962 0.892149 -0.171399 -0.404589 0.00451483 0.186626 0.982421 0.39763 0 0 0 1 
4215528470098;0.598276;0.205285;0.985859 -0.124893 0.111727 0.437528 0.102317 0.976649 0.188912 -0.566211 -0.132712 -0.174809 0.975617 0.100574 0 0 0 1 
4215528470099;0.333474;0.271599;0.968597 0.0447348 -0.244578 0.349518 0.0583671 0.915283 0.398561 -0.0248719 0.241687 -0.400321 0.883929 -0.465086 0 0 0 1 
4215528470100;0.645112;0.183683;0.999625 -0.0264613 -0.00703844 0.187085 0.0264059 0.99962 -0.00785107 0.0290345 0.00724352 0.00766227 0.999944 -0.712397 0 0 0 1 
4215528470101;0.802084;0.0790813;0.999383 -0.0198472 0.0289808 0.842393 0.0215764 0.997927 -0.0606293 0.161571 -0.0277174 0.0612172 0.99774 0.356293 0 0 0 1 
4215528470102;0.571321;0.149339;0.999756 -0.0220804 -0.000117149 -0.00607234 0.0220496 0.998616 -0.0477567 0.242895 0.00117148 0.0477425 0.998859 -0.549506 0 0 0 1 
4215528470103;0.118159;0.177782;0.989409 -0.144641 -0.0121884 0.268568 0.144699 0.989467 0.00405315 -0.314269 0.0114738 -0.00577388 0.999918 -0.0288381 0 0 0 1 
4215528470104;0.483078;0.16646;0.960905 -0.0210643 0.276076 0.315684 -0.00384766 0.99599 0.0893848 -0.194209 -0.276852 -0.0869525 0.95697 1.14678 0 0 0 1 
4215528470105;0.856272;0.4648;0.959899 0.130561 0.248087 -0.34092 -0.0736848 0.971318 -0.226077 0.346212 -0.270488 0.198731 0.941988 0.618904 0 0 0 1 
4215528470106;0.960069;0.200383;0.993399 -0.0894255 0.0718503 0.82511 0.0864591 0.99531 0.0433925 -0.614588 -0.0753937 -0.0368939 0.996471 0.805475 0 0 0 1 
4215528470107;0.403602;0.311382;0.92324 0.241142 -0.29913 0.462934 -0.23782 0.97012 0.0480443 0.858789 0.301778 0.0267828 0.953002 -1.02051 0 0 0 1 
4215528470108;0.717513;0.259464;0.99832 0.0574041 -0.00785582 0.677431 -0.057759 0.99671 -0.0568646 -0.0724887 0.00456571 0.0572228 0.998351 0.0715441 0 0 0 1 
4215528470109;0.671253;0.222262;0.975765 -0.218772 -0.00472033 0.430476 0.218755 0.975773 -0.00372289 -0.553646 0.00542043 0.00260006 0.999982 0.622963 0 0 0 1 
4215528470110;0.085073;0.129967;0.999905 0.0136813 -0.00189883 0.117879 -0.013698 0.999865 -0.00911638 0.103782 0.00177385 0.00914152 0.999957 -0.092379 0 0 0 1 
4215528470111;0.687198;0.135644;0.998766 -0.00445433 0.0494592 -0.0116418 0.00150621 0.998228 0.0594851 0.0235443 -0.0496365 -0.0593372 0.997003 0.8797 0 0 0 1 
4215528470112;0.990082;0.166484;0.995905 0.0882957 -0.0194166 0.0818505 -0.0841511 0.98387 0.157853 0.376657 0.0330412 -0.155573 0.987272 0.950068 0 0 0 1 
4215528470113;0.115928;0.124261;0.99903 0.0434776 -0.0069729 0.0426481 -0.0435046 0.999046 -0.00377706 0.21421 0.00680203 0.00407675 0.999969 -0.0432995 0 0 0 1 
4215528470114;0.310906;0.191171;0.999917 -0.0124019 -0.0034125 0.0130534 0.0123802 0.999903 -0.00630908 0.00927409 0.00349041 0.00626632 0.999974 -0.294335 0 0 0 1 
4215528470115;0.363564;0.175574;0.99393 0.110005 0.00149388 0.470356 -0.109465 0.990224 -0.0864553 0.410147 -0.0109898 0.085767 0.996255 -0.0372376 0 0 0 1 
4215528470116;0.348278;0.222703;0.891206 -0.316459 0.324972 0.653527 0.248482 0.93997 0.233906 -0.612324 -0.379485 -0.127709 0.916341 0.999417 0 0 0 1 
4215528470117;0.290367;0.263984;0.995195 0.0657196 -0.072579 0.0405325 -0.0717257 0.993923 -0.0835065 0.162372 0.0666499 0.088311 0.993861 -0.163689 0 0 0 1 
4215528470118;0.65787;0.232231;0.997314 0.0627967 0.0377021 0.370272 -0.0596578 0.995065 -0.0792858 -0.138002 -0.042495 0.0768236 0.996139 -0.375713 0 0 0 1 
4215528470119;0.205525;0.141533;0.992484 -0.085999 0.0870585 0.213154 0.0950496 0.989835 -0.105796 -0.0908386 -0.0770752 0.113276 0.99057 0.196401 0 0 0 1 
4215528470120;0.310799;0.205654;0.991623 -0.0380443 -0.123439 0.239371 0.077021 0.941318 0.328615 -0.217882 0.103694 -0.335369 0.936363 -0.0529103 0 0 0 1 
4215528470121;0.660347;0.136888;0.94032 -0.0375689 0.338211 0.367116 0.154068 0.933187 -0.324692 -0.431078 -0.303416 0.357422 0.883283 1.17219 0 0 0 1 
4215528470122;0.789381;0.428029;0.981553 0.0548283 0.183161 -0.0138822 -0.0766611 0.990481 0.114328 0.0757821 -0.175149 -0.126261 0.976412 -0.0154816 0 0 0 1 
4215528470124;0.80876;0.311225;0.94708 0.0667089 0.31399 0.0766924 -0.00597474 0.981662 -0.190538 0.498388 -0.320942 0.178579 0.930111 0.748242 0 0 0 1 
4215528470125;0.139303;0.136203;0.991298 -0.0442593 -0.123976 0.0425944 0.0276992 0.99083 -0.132246 -0.151875 0.128693 0.127661 0.983433 -0.875209 0 0 0 1 
4215528470126;0.0966618;0.233263;0.997214 -0.0415111 -0.061981 -0.0926639 0.042463 0.998998 0.01412 -0.178281 0.0613328 -0.0167126 0.997977 -0.285883 0 0 0 1 
4215528470127;0.789796;0.105019;0.998911 -0.0464851 0.00406048 -0.336459 0.0464793 0.998918 0.00151302 -0.109164 -0.00412642 -0.00132264 0.999991 0.656371 0 0 0 1 
4215528470128;0.207096;0.154129;0.998578 0.0438555 0.0303145 -0.267068 -0.043801 0.999037 -0.00245782 0.207143 -0.0303931 0.00112652 0.999537 -0.0776506 0 0 0 1 
4215528470129;0.938911;0.239617;0.999609 0.0248205 0.0128865 -0.315635 -0.0247824 0.999688 -0.00310854 0.289256 -0.0129596 0.00278797 0.999912 0.87764 0 0 0 1 
4215528470130;0.991785;0.432557;0.985645 -0.0176544 -0.167907 -0.448953 0.0396613 0.990899 0.128633 -0.435633 0.164107 -0.133445 0.977375 -0.142958 0 0 0 1 
4215528470131;0.387282;0.292783;0.995848 -0.0904165 0.0105709 -0.282084 0.0904551 0.995895 -0.00323807 -0.200452 -0.0102347 0.00418082 0.999939 -0.0824662 0 0 0 1 
4215528470132;0.92999;0.477862;0.997696 -0.0651123 0.019058 0.0971526 0.0657677 0.997183 -0.0360607 -0.181907 -0.0166563 0.037231 0.999168 -0.812087 0 0 0 1 
4215528470133;0.555582;0.372811;0.988292 0.15205 -0.0126562 -0.193027 -0.150957 0.962384 -0.225897 0.680434 -0.0221675 0.225162 0.974069 -0.604489 0 0 0 1 
4215528470134;0.99593;0.650998;0.963535 0.0541811 0.26204 -0.134057 -0.0732081 0.9953 0.0633956 0.401475 -0.257373 -0.0802674 0.962973 0.478901 0 0 0 1 
4215528470135;1.17319;0.255462;0.980077 0.178652 0.0867894 -1.1303 -0.125243 0.89503 -0.428061 1.09531 -0.154153 0.408663 0.899573 0.40431 0 0 0 1 
4215528470136;0.830588;0.812105;0.998349 -0.0315646 0.0479861 -0.185118 0.0159326 0.954863 0.296618 -0.0981301 -0.0551828 -0.295364 0.95379 0.91815 0 0 0 1 
4215528470137;0.395265;0.39918;0.987708 -0.108147 0.112858 -0.0619689 0.0481444 0.897398 0.438587 -0.124939 -0.14871 -0.427762 0.891574 1.74479 0 0 0 1 
4215528470138;1.02893;0.713618;0.990875 0.11248 -0.0742685 0.0648019 -0.102108 0.986093 0.131127 0.532099 0.0879848 -0.122347 0.98858 -0.403527 0 0 0 1 
4215528470139;0.649753;0.360374;0.987835 -0.091731 -0.125568 -0.174817 0.0626722 0.973848 -0.218386 -0.341988 0.142316 0.20786 0.96775 -0.698337 0 0 0 1 
4215528470140;0.360307;0.434805;0.897793 -0.0332832 0.439159 0.0646939 0.0727343 0.994653 -0.0733109 -0.310282 -0.434371 0.0977599 0.895413 1.7683 0 0 0 1 
4215528470141;0.657293;0.0856885;0.998216 0.0135092 -0.0581544 -0.615584 -0.0145872 0.999729 -0.0181529 0.0506717 0.0578934 0.0189688 0.998143 -0.404439 0 0 0 1 
4215528470142;0.724166;0.196895;0.993816 0.110917 0.00517801 -0.355849 -0.110675 0.993257 -0.0345332 0.00942732 -0.00897342 0.0337465 0.99939 0.247444 0 0 0 1 
4215528470143;0.681426;0.107683;0.945373 0.115236 -0.304943 -0.443622 -0.0388471 0.968595 0.245592 0.3932 0.323667 -0.22033 0.92016 -1.21039 0 0 0 1 
4215528470144;0.404104;0.114945;0.998645 -0.0515916 -0.00679728 -0.21088 0.0518409 0.997691 0.0438696 0.0647688 0.00451829 -0.0441625 0.999014 -0.0106827 0 0 0 1 
4215528470145;0.189223;0.157155;0.998331 -0.0436376 -0.0378411 -0.0263133 0.0311549 0.958499 -0.283388 -0.0427254 0.048637 0.281736 0.958259 -0.88443 0 0 0 1 
4215528470146;0.235131;0.0993919;0.991506 0.0414849 0.123266 -0.287176 -0.040257 0.999112 -0.0124367 0.160808 -0.123672 0.00736872 0.992296 0.617421 0 0 0 1 
4215528470147;0.605051;0.164778;0.999457 0.00156004 -0.0329273 -0.426593 -0.00157308 0.999999 -0.000370169 -0.0563193 0.0329266 0.000421765 0.999458 -0.429095 0 0 0 1 
4215528470148;0.594371;0.339547;0.908606 -0.106109 0.403951 0.434302 0.0505778 0.988025 0.145768 -0.302219 -0.414581 -0.112015 0.903092 2.44986 0 0 0 1 
4215528470149;0.787506;0.377905;0.999841 0.00713546 0.0163176 0.0510483 -0.00729431 0.999926 0.00969627 -0.402873 -0.0162472 -0.00981376 0.99982 0.0311307 0 0 0 1 
4215528470150;0.616542;0.228383;0.963832 0.193602 0.183157 -0.414704 -0.191698 0.981048 -0.0282164 0.901249 -0.185149 -0.00791497 0.982679 1.32796 0 0 0 1 
4215528470151;0.660847;0.730226;0.998851 -0.0404313 0.0257415 -0.157442 0.0425046 0.995399 -0.0858698 -0.0568396 -0.0221512 0.0868652 0.995974 -0.435426 0 0 0 1 
4215528470152;0.936036;0.169156;0.966602 0.225551 0.121689 -0.500421 -0.227957 0.973653 0.00603792 1.14989 -0.117121 -0.033576 0.99255 -0.283734 0 0 0 1 
4215528470153;0.43556;0.581863;0.993581 -0.046314 -0.103203 -0.182462 0.0296483 0.98707 -0.157526 -0.0937328 0.109164 0.153455 0.982107 -0.922662 0 0 0 1 
4215528470155;0.767559;0.0704117;0.977315 0.211614 0.00870671 -0.387168 -0.211638 0.974202 0.07836 1.59463 0.00809997 -0.0784251 0.996887 -0.195687 0 0 0 1 
4215528470156;0.534127;0.190849;0.955094 0.114981 -0.273083 -0.0211592 -0.0869055 0.989809 0.112808 0.390938 0.28327 -0.0840098 0.955354 -1.39642 0 0 0 1 
4215528470157;0.770434;0.115557;0.909492 0.402764 0.102988 -0.0645681 -0.390095 0.912458 -0.12348 1.58426 -0.143705 0.0721291 0.986988 1.15809 0 0 0 1 
4215528470158;0.945303;0.0758579;0.928464 0.360191 -0.0906468 -0.490031 -0.340644 0.923053 0.178703 1.94346 0.148039 -0.135041 0.979718 -1.06449 0 0 0 1 
4215528470159;0.28795;0.241559;0.997544 -0.0632446 -0.030115 -0.133095 0.0625058 0.997735 -0.0248755 -0.0520737 0.0316201 0.022932 0.999237 0.114333 0 0 0 1 
4215528470160;0.771203;0.326791;0.998183 -0.0396006 -0.0454079 -0.341676 0.0382259 0.998796 -0.0307546 -0.110719 0.0465712 0.0289629 0.998495 -0.839868 0 0 0 1 
4215528470161;0.233784;0.0784951;0.980911 0.148949 0.12501 -0.312647 -0.147383 0.988841 -0.0217386 0.70559 -0.126853 0.0028993 0.991917 0.338386 0 0 0 1 
4215528470162;0.571431;0.135817;0.996196 0.0311953 0.08137 -0.661918 -0.0443828 0.985181 0.165673 0.233298 -0.0749959 -0.168655 0.982818 0.668186 0 0 0 1 
4215528470163;0.611739;0.077143;0.995948 -0.0788193 0.043297 -0.122199 0.0800593 0.996405 -0.02769 0.0824281 -0.0409589 0.0310441 0.998678 0.778053 0 0 0 1 
4215528470164;0.552648;0.355427;0.998195 -0.0427571 0.0421627 0.0277876 0.0440909 0.998539 -0.0312301 -0.379561 -0.0407658 0.0330328 0.998623 0.162705 0 0 0 1 
4215528470165;0.294545;0.0318147;0.998652 0.0346466 -0.038637 -0.116225 -0.0338527 0.999206 0.0210142 0.444997 0.0393344 -0.0196779 0.999032 -0.232517 0 0 0 1 
4215528470166;0.624564;0.0707008;0.870067 0.492648 0.0167735 0.188121 -0.489108 0.867045 -0.0949063 1.8596 -0.0612988 0.0743707 0.995345 -0.169362 0 0 0 1 
4215528470167;0.723593;0.0637223;0.995896 0.0905034 -0.00045857 -0.353622 -0.0903139 0.993457 -0.0699092 0.567958 -0.00587145 0.0696637 0.997553 0.787678 0 0 0 1 
4215528470168;0.682452;0.125303;0.892981 0.28862 -0.345374 0.0226844 -0.252141 0.95641 0.147322 1.06979 0.37284 -0.044473 0.926829 -0.495412 0 0 0 1 
4215528470169;0.452691;0.133284;0.984246 0.169175 -0.051387 -0.336944 -0.162401 0.979936 0.115551 0.700273 0.0699043 -0.105385 0.991971 -0.595821 0 0 0 1 
4215528470170;0.927037;0.0324211;0.972522 0.196085 -0.125503 -0.562871 -0.127385 0.899414 0.418125 1.18237 0.194867 -0.390648 0.899678 -0.803523 0 0 0 1 
4215528470171;0.544194;0.11409;0.887278 0.138329 -0.440003 0.578218 -0.228223 0.96067 -0.1582 1.18034 0.400814 0.240786 0.883951 -1.7416 0 0 0 1 
4215528470172;0.700934;0.163193;0.888997 0.164199 0.427461 -0.417576 -0.132156 0.985777 -0.103816 0.265111 -0.438428 0.0358011 0.898053 1.73001 0 0 0 1 
4215528470173;0.534414;0.0780179;0.97148 0.156367 -0.178256 0.05614 -0.160604 0.986973 -0.00950223 0.906412 0.174448 0.0378599 0.983938 -1.11706 0 0 0 1 
4215528470174;0.297039;0.11243;0.99588 0.0863694 0.0276326 -0.141853 -0.0898262 0.981332 0.170055 0.407367 -0.0124293 -0.171836 0.985047 -0.0932816 0 0 0 1 
4215528470175;0.347703;0.142234;0.952942 0.227504 0.200356 -0.230324 -0.286656 0.891277 0.351361 1.05645 -0.098637 -0.39226 0.914551 0.547705 0 0 0 1 
4215528470176;0.75672;0.550854;0.947506 -0.0160376 0.319335 -0.220318 0.0823908 0.97726 -0.195384 0.078866 -0.30894 0.211438 0.927281 0.448791 0 0 0 1 
4215528470177;0.756848;0.0665612;0.987568 0.157179 -0.00226098 -0.00298331 -0.149616 0.944265 0.29322 0.731995 0.048223 -0.289236 0.956042 -0.687054 0 0 0 1 
4215528470178;0.523311;0.474926;0.984477 -0.0527522 -0.167398 -0.19821 0.0382758 0.995335 -0.0885586 -0.0347636 0.171289 0.0807766 0.981904 -0.860175 0 0 0 1 
4215528470179;0.41696;0.122602;0.922196 0.331122 -0.199783 0.0170555 -0.266179 0.918242 0.293224 1.20421 0.280542 -0.217232 0.934937 -0.744516 0 0 0 1 
4215528470180;0.591922;0.12905;0.930741 0.354116 -0.0912318 -0.163842 -0.35129 0.935141 0.0459051 1.53863 0.10157 -0.0106769 0.994771 -0.84756 0 0 0 1 
4215528470181;0.100371;0.0918617;0.996874 0.0757206 -0.0225493 -0.085723 -0.0724008 0.989773 0.122916 0.362985 0.031626 -0.120899 0.992161 0.00902989 0 0 0 1 
4215528470182;0.852078;0.436576;0.992447 -0.0168111 -0.121513 -0.00331522 0.0209467 0.999241 0.0328375 0.229201 0.120869 -0.0351348 0.992046 -1.28713 0 0 0 1 
4215528470183;0.165427;0.0840016;0.999035 -0.000398009 0.0439244 0.0503983 0.0052888 0.993774 -0.111286 0.0881756 -0.0436067 0.111411 0.992817 0.136472 0 0 0 1 
4215528470184;0.841318;0.127633;0.885288 -0.062317 -0.460849 0.109103 0.00956911 0.993212 -0.115922 0.556032 0.464945 0.0982145 0.879875 -2.39069 0 0 0 1 
4215528470186;0.933251;0.512129;0.999288 -0.0369714 0.00749805 0.0929187 0.0360421 0.994373 0.0996113 -0.110767 -0.0111386 -0.0992702 0.994998 -0.56454 0 0 0 1 
4215528470187;0.872934;0.113555;0.962321 -0.114254 -0.246746 -0.134258 0.0501662 0.966462 -0.251863 -0.166354 0.267247 0.229995 0.935778 -2.30164 0 0 0 1 
4215528470188;0.636802;0.136499;0.991185 0.131001 -0.019761 -0.750733 -0.132435 0.975713 -0.174485 0.442899 -0.00357675 0.175564 0.984461 0.0561696 0 0 0 1 
4215528470189;0.616608;0.395101;0.908977 0.180091 0.375936 -0.0723869 -0.118401 0.976258 -0.181389 0.567069 -0.399677 0.120367 0.908719 1.75503 0 0 0 1 
4215528470190;0.721491;0.12119;0.997541 0.0670195 0.0205206 -0.552391 -0.0666555 0.997615 -0.017937 0.171808 -0.0216738 0.016525 0.999629 -0.525824 0 0 0 1 
4215528470191;0.988569;0.345888;0.969169 0.244308 0.0320125 -0.825902 -0.246126 0.965988 0.0792992 1.19452 -0.0115503 -0.0847334 0.996337 1.03436 0 0 0 1 
4215528470192;0.483071;0.2731;0.963687 0.258466 0.0671 -0.630884 -0.249946 0.961522 -0.114027 0.717271 -0.0939903 0.0931152 0.991209 0.23955 0 0 0 1 
4215528470193;1.00219;0.686592;0.993646 -0.0350101 0.106966 0.188324 0.0263722 0.996355 0.0811279 -0.227911 -0.109416 -0.0777915 0.990947 1.144 0 0 0 1 
4215528470194;0.574823;0.376189;0.9647 0.0696526 -0.253975 -0.317373 -0.138084 0.954974 -0.262599 0.701392 0.224249 0.288399 0.930881 -1.80603 0 0 0 1 
4215528470195;0.262201;0.292305;0.983575 0.18049 0.00180718 -0.584585 -0.180424 0.982828 0.0386705 0.797276 0.00520348 -0.0383614 0.99925 0.124127 0 0 0 1 
4215528470196;0.705585;0.211806;0.996893 0.0689015 0.0381695 -0.321261 -0.0722565 0.992861 0.0949007 0.48862 -0.0313582 -0.0973638 0.994755 0.94262 0 0 0 1 
4215528470197;0.958351;0.571676;0.973781 -0.0486198 -0.222233 -0.386994 0.0338005 0.996974 -0.0700091 -0.227579 0.224965 0.0606619 0.972477 -0.488138 0 0 0 1 
4215528470198;0.657229;0.370871;0.991534 0.0377638 -0.124236 0.131422 -0.0314317 0.998124 0.05254 0.355078 0.125987 -0.0481902 0.990861 -0.633724 0 0 0 1 
4215528470199;0.280312;0.328091;0.956531 -0.0134307 0.29132 -0.0130598 -0.0592606 0.969146 0.239259 0.291651 -0.285545 -0.246122 0.926222 1.57083 0 0 0 1 
4215528470200;0.717676;0.222605;0.946921 0.281063 -0.156024 -0.983326 -0.260552 0.955314 0.139602 0.886206 0.188289 -0.0915395 0.977838 -0.442337 0 0 0 1 
4215528470201;0.269494;0.123271;0.998389 -0.0232318 0.0517619 -0.133379 0.0242625 0.999518 -0.0193719 0.0738809 -0.0512869 0.0205966 0.998472 0.295899 0 0 0 1 
4215528470202;0.839096;0.668822;0.952997 -0.0804738 0.292097 -0.160903 0.0586042 0.994835 0.0828783 -0.257448 -0.297258 -0.0618647 0.952791 0.688284 0 0 0 1 
4215528470203;0.446878;0.432823;0.912278 0.40941 0.0114896 -0.797027 -0.40925 0.912315 -0.0139704 1.81019 -0.0162018 0.00804277 0.999836 0.0789336 0 0 0 1 
4215528470204;0.245546;0.32138;0.998827 -0.0481469 -0.00511836 -0.172168 0.0480397 0.998658 -0.0193343 -0.132635 0.00604238 0.0190658 0.9998 -0.0834378 0 0 0 1 
4215528470205;0.862633;0.140155;0.999548 0.0300761 -0.000310615 -0.249727 -0.0300755 0.999546 0.0017174 0.0135145 0.000362127 -0.00170729 0.999998 0.832847 0 0 0 1 
4215528470206;0.412937;0.198167;0.977937 0.206324 0.0326972 -0.53554 -0.206853 0.93458 0.289432 0.751223 0.0291585 -0.28981 0.95664 0.299538 0 0 0 1 
4215528470207;0.79837;0.276106;0.997849 0.0643031 -0.0127221 0.0840167 -0.0517592 0.892029 0.449006 0.111047 0.040221 -0.447382 0.893438 0.296429 0 0 0 1 
4215528470208;0.797346;0.502294;0.99467 -0.0980982 0.0317575 -0.189352 0.087707 0.96689 0.239649 -0.175791 -0.0542151 -0.235586 0.97034 1.40463 0 0 0 1 
4215528470209;0.744174;0.149811;0.999669 0.0207332 -0.0152048 -0.258519 -0.0210795 0.999514 -0.0229813 0.304649 0.0147209 0.0232942 0.99962 0.564144 0 0 0 1 
4215528470210;0.00963021;0.105538;0.999966 -0.00294917 0.00765736 -0.0908391 0.00296702 0.999993 -0.0023205 0.0259208 -0.00765046 0.00234314 0.999968 -0.000484605 0 0 0 1 
4215528470211;0.575999;0.244847;0.984737 0.150046 -0.0882001 -0.213697 -0.146574 0.988192 0.0446367 0.580114 0.0938562 -0.0310275 0.995102 -0.831043 0 0 0 1 
4215528470212;0.0961837;0.152803;0.999253 -0.038179 -0.00595264 -0.0509356 0.0370731 0.990709 -0.130845 -0.161481 0.0108929 0.130527 0.991385 -0.284789 0 0 0 1 
4215528470213;0.289621;0.345069;0.948474 0.135173 -0.286574 -0.429855 -0.215373 0.938411 -0.270185 0.952079 0.232402 0.317983 0.919171 -1.62523 0 0 0 1 
4215528470214;0.573067;0.290064;0.998902 -0.0294641 -0.0364259 0.0120286 0.031296 0.998219 0.0507875 -0.104634 0.0348646 -0.0518717 0.998045 -0.582224 0 0 0 1 
4215528470215;0.890995;0.45949;0.99892 -0.0463079 0.00381957 -0.0644354 0.0463403 0.998886 -0.00889062 -0.0629041 -0.00340361 0.00905801 0.999953 -0.847373 0 0 0 1 
4215528470217;1.22438;0.129418;0.999848 0.00725257 -0.0158433 0.322248 -0.00757623 0.999762 -0.0204649 0.162602 0.0156911 0.0205818 0.999665 -0.964375 0 0 0 1 
4215528470218;0.463441;0.657027;0.999528 0.00371315 -0.0304894 -0.142563 -0.00960185 0.980688 -0.195343 0.39426 0.0291752 0.195543 0.980261 -1.3927 0 0 0 1 
4215528470219;1.25639;0.181173;0.990266 -0.0916325 -0.104766 0.5707 0.119771 0.944453 0.306046 -1.84569 0.0709025 -0.315615 0.946235 0.44898 0 0 0 1 
4215528470220;0.864498;0.0683521;0.990447 0.0253795 0.135539 -0.249927 -0.0804476 0.90466 0.418471 0.457289 -0.111996 -0.425377 0.89806 3.22463 0 0 0 1 
4215528470221;0.77456;1.0801;0.977944 0.0152715 0.208309 -0.379202 -0.0160895 0.999868 0.00223297 0.178821 -0.208247 -0.0055353 0.978061 2.09017 0 0 0 1 
4215528470222;0.34545;0.0651756;0.961021 -0.276471 -0.00150141 1.80455 0.27633 0.960328 0.0375738 -2.77599 -0.00894621 -0.0365241 0.999293 0.206848 0 0 0 1 
4215528470223;0.822643;0.13743;0.924123 -0.36866 -0.100435 2.87652 0.361273 0.928624 -0.0844942 -3.45247 0.124416 0.0417986 0.991349 -1.93614 0 0 0 1 
4215528470224;0.61224;0.215295;0.998237 -0.0232578 0.0546138 0.201893 0.0314355 0.987568 -0.154016 -0.0765108 -0.0503527 0.155461 0.986558 -0.0368851 0 0 0 1 
4215528470225;0.96443;0.221724;0.999377 0.0188573 0.0298417 -0.239664 -0.018494 0.999752 -0.0124034 0.639263 -0.0300682 0.0118438 0.999478 0.0143857 0 0 0 1 
4215528470226;1.60186;0.148373;0.992362 -0.0862845 -0.0881612 0.404377 0.115188 0.903919 0.411901 -1.20638 0.0441499 -0.41891 0.906954 2.70736 0 0 0 1 
4215528470227;0.62327;0.0767053;0.98985 0.0770753 0.119398 -0.491284 -0.0669382 0.993982 -0.0867074 0.936443 -0.125362 0.0778351 0.989053 0.578155 0 0 0 1 
4215528470228;0.76285;0.10531;0.947965 -0.137825 -0.286996 1.81972 0.164538 0.983811 0.0710204 -1.45462 0.272561 -0.114546 0.955296 -2.09772 0 0 0 1 
4215528470229;0.828483;0.306752;0.934042 -0.00603526 -0.357113 0.959951 -0.0161129 0.998127 -0.0590124 0.349712 0.3568 0.0608742 0.932195 -4.08466 0 0 0 1 
4215528470230;1.52282;0.570795;0.999996 -0.00256419 -0.00137229 -0.382162 0.00257728 0.99995 0.00962556 0.407663 0.00134754 -0.00962906 0.999953 -0.0592819 0 0 0 1 
4215528470231;1.36079;0.802404;0.950919 0.0768246 -0.299751 0.847035 -0.0718537 0.997034 0.0275886 0.947881 0.300981 -0.00469627 0.953618 -3.18582 0 0 0 1 
4215528470232;1.01124;0.0765915;0.99219 0.0650622 0.106423 -0.537016 -0.0701373 0.996537 0.0446578 0.400956 -0.103149 -0.0517732 0.993318 0.853447 0 0 0 1 
4215528470233;0.360528;0.0628371;0.999237 -0.0365113 -0.0138763 0.295578 0.0367183 0.999214 0.0149675 -0.560284 0.0133189 -0.0154656 0.999792 0.0925732 0 0 0 1 
4215528470234;0.247697;0.0808826;0.999975 0.00398908 0.00588596 -0.123824 -0.00398802 0.999992 -0.000191402 0.021904 -0.00588667 0.000167923 0.999983 -0.000669088 0 0 0 1 
4215528470235;1.12906;0.289702;0.922737 -0.349933 -0.161568 3.06064 0.310513 0.923252 -0.226245 -2.17123 0.228339 0.158596 0.960577 -3.20276 0 0 0 1 
4215528470236;0.421865;0.258441;0.975035 0.22049 -0.026288 -0.854811 -0.204103 0.936549 0.284986 2.25264 0.0874565 -0.272505 0.958171 0.500578 0 0 0 1 
4215528470237;1.6174;1.26923;0.999205 0.0359856 -0.0171689 -0.521472 -0.0359638 0.999352 0.00157493 0.373958 0.0172144 -0.000956222 0.999851 0.498945 0 0 0 1 
4215528470238;1.42655;0.0984389;0.971231 -0.112148 0.210077 0.338342 0.139099 0.983197 -0.118216 -1.68192 -0.19329 0.144036 0.970511 2.03977 0 0 0 1 
4215528470239;1.23487;0.650501;0.990947 0.0736924 -0.112223 -0.585279 -0.0702032 0.996928 0.0347377 0.757847 0.114438 -0.0265448 0.993076 -0.4801 0 0 0 1 
4215528470240;1.31981;0.101891;0.964739 -0.260737 0.0359753 1.463 0.260443 0.965406 0.0127 -2.81509 -0.0380421 -0.00288272 0.999272 1.11911 0 0 0 1 
4215528470241;0.144224;0.0795743;0.994139 -0.0568721 0.09194 0.185463 0.0629021 0.995961 -0.0640754 -0.572844 -0.0879245 0.0694831 0.993701 0.491218 0 0 0 1 
4215528470242;0.341886;0.0841094;0.989568 -0.132365 0.0568798 0.762495 0.13776 0.984919 -0.104679 -1.35616 -0.0421662 0.111422 0.992878 -0.246549 0 0 0 1 
4215528470243;0.806737;0.212229;0.996303 -0.0774159 0.0372425 0.281332 0.0795859 0.994971 -0.0608189 -0.384772 -0.0323469 0.063558 0.997454 -0.101392 0 0 0 1 
4215528470244;0.044198;0.082654;0.999889 0.014594 0.00307844 -0.0585572 -0.0146107 0.999878 0.00548441 0.110377 -0.00299803 -0.00552878 0.99998 0.0335762 0 0 0 1 
4215528470245;1.65415;0.158517;0.991645 0.128596 0.0101605 -0.814541 -0.126924 0.986742 -0.101142 2.00855 -0.0230323 0.0990078 0.99482 -1.17663 0 0 0 1 
4215528470246;0.359411;0.117174;0.926944 -0.370198 0.061057 2.54755 0.370289 0.92886 0.0102499 -3.5543 -0.0605079 0.0131076 0.998082 0.549897 0 0 0 1 
4215528470248;1.05013;0.779695;0.991753 0.0489477 -0.118447 -0.31908 -0.0534136 0.997965 -0.034826 0.561139 0.116501 0.0408655 0.992349 -0.620246 0 0 0 1 
4215528470249;0.429566;0.160984;0.974883 -0.0472581 0.217647 0.0860396 -0.0158409 0.960041 0.27941 0.0307881 -0.222154 -0.27584 0.935179 2.71306 0 0 0 1 
4215528470250;0.0803374;0.175475;0.997766 0.0661674 -0.00923937 -0.40586 -0.0653164 0.995168 0.073306 0.32284 0.0140452 -0.0725387 0.997267 0.155103 0 0 0 1 
4215528470251;0.907231;0.133301;0.9908 -0.0880461 0.10278 -0.397282 0.0798167 0.993463 0.0816128 -0.0910344 -0.109294 -0.0726584 0.99135 0.698259 0 0 0 1 
4215528470252;0.54782;0.122594;0.999747 0.0210308 -0.00793389 -0.126855 -0.0208449 0.999522 0.0228391 0.0167031 0.00841042 -0.022668 0.999708 -0.51644 0 0 0 1 
4215528470253;0.780027;0.669475;0.972093 0.0675616 -0.224657 -0.0275233 -0.0640764 0.997685 0.0227767 0.512165 0.225676 -0.00774589 0.974172 -1.40937 0 0 0 1 
4215528470254;0.503441;0.29764;0.970571 0.0562451 0.234156 -0.383899 -0.0957326 0.982325 0.160851 0.2682 -0.22097 -0.178534 0.9588 1.53149 0 0 0 1 
4215528470255;0.683372;0.149259;0.991113 0.104975 0.0816993 -0.734897 -0.0968398 0.990476 -0.0978744 0.142015 -0.0911956 0.0890929 0.99184 0.442463 0 0 0 1 
4215528470256;0.928983;0.35478;0.996125 0.0690201 -0.0545049 -0.598458 -0.0674004 0.997244 0.0310179 0.517998 0.0564955 -0.0272241 0.998032 0.415507 0 0 0 1 
4215528470257;0.749547;0.369749;0.993552 -0.0798989 -0.0804419 0.247024 0.0639836 0.98085 -0.183956 -0.232543 0.0935993 0.177623 0.979637 -1.90637 0 0 0 1 
4215528470258;0.0650151;0.14487;0.999756 -0.0204282 0.0083691 -0.0716571 0.0204818 0.99977 -0.00636986 -0.126548 -0.00823705 0.00653973 0.999945 -0.0566319 0 0 0 1 
4215528470259;0.534376;0.432809;0.997135 -0.0479421 0.0585047 -0.0548463 0.0495309 0.998434 -0.026015 -0.376276 -0.0571658 0.0288382 0.997948 0.506137 0 0 0 1 
4215528470260;0.97684;0.380727;0.997462 -0.0634602 0.0322946 0.519831 0.067206 0.988899 -0.132522 -0.616596 -0.0235262 0.134356 0.990654 0.137092 0 0 0 1 
