#;prob_registration_l1 -r /home/probabilistic_point_clouds_registration/build/tester /home/point_clouds_registration_benchmark//devel/registration_pairs/planetary_map_local.txt /home/point_clouds_registration_benchmark//planetary/p2at_met -s 0.2 -t 0.2 -p 0.3 -r 1000 -m 20 -i 40 
id;initial_error;final_error;transformation
25528382210000;2.8561;0.630854;0.996738 -0.0805786 -0.00452541 -4.56906 0.0806699 0.996397 0.0261637 -1.78648 0.00240087 -0.0264434 0.999647 0.816585 0 0 0 1 
25528382210001;2.11331;1.22782;0.999608 -0.0262228 -0.00983706 -1.68588 0.0275135 0.985078 0.169893 -1.36342 0.00523521 -0.170097 0.985413 -9.26841 0 0 0 1 
25528382210002;1.70145;1.25907;0.976429 0.0419417 0.211726 2.90025 0.0152896 0.965034 -0.26168 -2.34847 -0.215298 0.258749 0.941645 14.3893 0 0 0 1 
25528382210003;1.37022;0.296595;0.999997 -0.00139396 0.0017647 -0.603962 0.00138214 0.999977 0.00668383 0.0595225 -0.00177397 -0.00668137 0.999976 0.757554 0 0 0 1 
25528382210004;1.75339;1.33249;0.966555 -0.0332417 0.254296 -1.3553 0.00187867 0.992455 0.122594 -0.145735 -0.256453 -0.118016 0.959325 -5.44943 0 0 0 1 
25528382210005;0.735848;0.665434;0.995187 0.0181875 0.0962944 1.08794 0.0129745 0.949523 -0.31343 -2.66423 -0.0971342 0.313171 0.944716 16.6543 0 0 0 1 
25528382210006;1.57164;0.475183;0.996968 -0.0350898 -0.0694493 -2.067 0.034142 0.999308 -0.0147886 -0.290278 0.0699201 0.0123726 0.997476 -1.4009 0 0 0 1 
25528382210007;1.73822;1.23835;0.999932 -0.0109784 -0.00383032 -0.0836674 0.0107684 0.998635 -0.0511141 -0.607344 0.00438624 0.0510694 0.998685 2.09024 0 0 0 1 
25528382210008;0.906109;0.92133;0.995405 0.0340659 0.089491 2.07995 -0.0341432 0.999417 -0.000667482 0.293806 -0.0894615 -0.00239109 0.995987 0.371375 0 0 0 1 
25528382210009;0.490985;0.199063;0.970424 0.0525128 -0.235624 2.43098 -0.0282524 0.994052 0.105183 0.348518 0.239746 -0.0954148 0.966135 -6.38845 0 0 0 1 
25528382210010;2.17163;1.10708;0.991477 -0.061948 -0.114608 -2.91371 0.00554786 0.898991 -0.437931 -5.06366 0.13016 0.433563 0.891673 18.6305 0 0 0 1 
25528382210011;2.42393;1.18917;0.999885 0.00331061 -0.0148315 -0.370926 -0.00109096 0.989101 0.147234 0.114397 0.0151572 -0.1472 0.988991 -9.08405 0 0 0 1 
25528382210012;1.04957;0.406191;0.997458 -0.0316029 -0.0638639 -1.56951 0.0277705 0.99781 -0.0600309 -0.927674 0.0656212 0.0581048 0.996151 3.10204 0 0 0 1 
25528382210013;1.47687;1.15423;0.999912 -0.0128692 0.00321045 -0.581796 0.012845 0.99989 0.0074421 0.00158964 -0.00330587 -0.00740021 0.999967 0.289704 0 0 0 1 
25528382210014;2.77484;1.92109;0.980367 0.019517 0.196212 1.91534 -0.0859691 0.937839 0.336256 -2.28911 -0.177453 -0.346522 0.921104 -15.2076 0 0 0 1 
25528382210015;1.8346;1.82328;0.99758 0.01977 0.0666645 0.986268 -0.0149825 0.997323 -0.0715655 0.17538 -0.0679009 0.0703935 0.995206 4.57631 0 0 0 1 
25528382210016;0.567147;0.603561;0.993695 -0.0153237 -0.111066 -1.02415 0.0336477 0.985712 0.165043 -1.20195 0.106951 -0.167739 0.980013 -9.58748 0 0 0 1 
25528382210017;2.04883;1.47169;0.952124 0.0037348 -0.305691 -0.546606 0.0612821 0.977298 0.202813 -1.66324 0.299508 -0.211837 0.930279 -11.353 0 0 0 1 
25528382210018;2.95759;1.31801;0.999541 0.0283862 -0.0105719 0.526842 -0.0221826 0.923617 0.382674 -2.05175 0.020627 -0.382264 0.923823 -17.3548 0 0 0 1 
25528382210019;2.21355;1.75455;0.995349 0.0340386 0.0901176 2.12298 -0.0331632 0.999387 -0.011194 0.436722 -0.0904434 0.00815339 0.995868 0.15414 0 0 0 1 
25528382210020;0.308749;0.567754;0.980295 -0.0599497 0.188221 -2.9449 0.103128 0.967995 -0.228801 -3.06434 -0.16848 0.243703 0.955104 13.1388 0 0 0 1 
25528382210021;1.80312;1.28085;0.999474 0.0313932 -0.00814155 1.74767 -0.0309259 0.998153 0.0522845 0.0537066 0.00976789 -0.0520052 0.998599 -1.80821 0 0 0 1 
25528382210022;2.94324;2.11473;0.870435 -0.0317113 -0.49126 -1.88996 0.000283632 0.997955 -0.0639164 0.440174 0.492283 0.0554957 0.868665 -0.206262 0 0 0 1 
25528382210023;1.21687;0.543935;0.889019 -0.0265041 -0.457103 -1.66122 -0.0127145 0.996509 -0.0825087 0.00345545 0.457694 0.0791636 0.885578 0.12749 0 0 0 1 
25528382210024;1.44022;1.15458;0.997795 -0.0483431 0.0454672 -2.77263 0.0495185 0.998458 -0.0250915 -0.773798 -0.044184 0.0272877 0.998651 1.10986 0 0 0 1 
25528382210025;2.35204;1.9679;0.999986 0.00278098 -0.00453403 0.618929 -0.00274283 0.999961 0.00839839 -0.203677 0.00455721 -0.00838584 0.999954 -0.576169 0 0 0 1 
25528382210026;1.69358;0.401982;0.997656 0.0194606 0.065609 0.886834 -0.0204047 0.999697 0.0137497 0.554211 -0.0653216 -0.0150561 0.997751 -1.85051 0 0 0 1 
25528382210027;2.42888;1.22159;0.997197 -0.036789 0.0651471 -2.38381 0.03759 0.999231 -0.0111112 -0.537714 -0.0646882 0.013529 0.997814 2.70317 0 0 0 1 
25528382210028;0.814222;0.332618;0.968552 0.027032 -0.247339 1.54547 -0.0474215 0.995914 -0.0768524 0.368778 0.24425 0.0861647 0.965876 1.86029 0 0 0 1 
25528382210029;0.390701;0.582801;0.97315 -0.0920311 -0.210974 -5.01818 0.0280841 0.957214 -0.288014 -3.01801 0.228454 0.274356 0.934097 11.8388 0 0 0 1 
25528382210031;1.54457;0.821588;0.99917 0.0375512 -0.0157889 0.90361 -0.0367284 0.998098 0.0495185 0.0161478 0.0176184 -0.0488975 0.998648 -3.14033 0 0 0 1 
25528382210032;0.49374;0.159279;0.999057 0.0431927 0.00448709 0.957972 -0.0434183 0.991717 0.12088 0.232813 0.000771192 -0.12096 0.992657 -3.69045 0 0 0 1 
25528382210033;0.496545;0.553236;0.997736 0.0265146 0.0618017 0.578244 -0.0274214 0.999528 0.0138697 0.075536 -0.0614048 -0.015533 0.997992 -0.448232 0 0 0 1 
25528382210034;1.67751;1.49733;0.999584 0.0122396 -0.0261252 0.220207 -0.0148447 0.994676 -0.101973 -0.0737382 0.024738 0.102318 0.994444 1.83478 0 0 0 1 
25528382210035;1.14274;0.651187;0.996685 0.033309 -0.0742291 0.845944 -0.0297194 0.998359 0.0489498 0.155708 0.0757378 -0.0465814 0.996039 -3.29134 0 0 0 1 
25528382210036;0.657758;0.273982;0.997956 0.0317804 0.0554427 0.799314 -0.0382192 0.99213 0.119237 0.338548 -0.051217 -0.121113 0.991317 -2.72826 0 0 0 1 
25528382210037;0.42747;0.53925;0.943954 0.0473274 -0.326668 1.27782 -0.0256814 0.997198 0.0702633 0.0492589 0.329078 -0.057936 0.942524 -5.06798 0 0 0 1 
25528382210038;2.16463;1.44038;0.994759 -0.0288437 -0.0980947 -1.00598 0.0255258 0.999064 -0.0349124 -0.498351 0.0990099 0.0322255 0.994565 1.71273 0 0 0 1 
25528382210039;1.45509;1.18466;0.999779 0.0020906 0.0208991 0.0304271 -0.00324451 0.998463 0.0553326 -0.0337773 -0.0207513 -0.0553882 0.998249 -0.804725 0 0 0 1 
25528382210040;1.05221;1.09782;0.99541 -0.0288924 -0.091242 -0.797613 0.0244757 0.998491 -0.0491597 -0.333445 0.0925246 0.0467008 0.994615 0.368127 0 0 0 1 
25528382210041;1.71424;0.800417;0.91022 -0.0288555 0.413119 0.371994 0.000937344 0.997711 0.0676228 0.0381295 -0.414125 -0.0611643 0.908163 3.27629 0 0 0 1 
25528382210042;0.574012;0.367827;0.989368 0.0214321 0.143845 0.421259 0.028193 0.942055 -0.334273 -2.39639 -0.142674 0.334774 0.931435 11.7365 0 0 0 1 
25528382210043;0.513876;0.171488;0.999931 -0.0115727 0.0018993 -0.0771555 0.0109344 0.978545 0.205743 -0.526178 -0.00423957 -0.205708 0.978604 -6.73743 0 0 0 1 
25528382210044;0.355334;0.39802;0.912338 0.00977902 0.409322 1.16155 -0.0631194 0.991123 0.117008 0.228784 -0.404544 -0.132587 0.904856 -0.766709 0 0 0 1 
25528382210045;1.15928;0.941028;0.99909 0.0236312 -0.0355098 0.437379 -0.0252391 0.998644 -0.0455354 0.169852 0.0343856 0.0463902 0.998331 0.82413 0 0 0 1 
25528382210046;2.5411;1.01709;0.995427 0.0184418 0.0937268 0.569807 -0.0541011 0.917493 0.394054 -2.42615 -0.0787267 -0.397323 0.914296 -13.7844 0 0 0 1 
25528382210047;2.63214;2.17465;0.961439 -0.0665197 -0.266854 -2.4236 -0.0329042 0.935516 -0.351749 -2.29394 0.273044 0.346966 0.897252 8.99126 0 0 0 1 
25528382210048;0.0550198;0.191643;0.999586 0.0199579 -0.0207248 0.400718 -0.0202723 0.999681 -0.0150754 0.129749 0.0204173 0.0154893 0.999672 0.21806 0 0 0 1 
25528382210049;0.624254;0.29737;0.998029 0.0398357 0.0484978 0.921394 -0.0492224 0.97623 0.211072 -0.0462886 -0.0389368 -0.213044 0.976267 -5.81823 0 0 0 1 
25528382210050;1.7141;0.259767;0.999577 0.0171176 0.0235105 0.242501 -0.0159318 0.998636 -0.0497315 0.158958 -0.0243297 0.0493359 0.998486 3.54713 0 0 0 1 
25528382210051;0.731618;0.863512;0.998919 0.0142997 -0.0442357 0.194794 -0.0104743 0.99628 0.0855324 -0.162793 0.0452943 -0.0849766 0.995353 -3.04901 0 0 0 1 
25528382210052;0.501673;0.526188;0.94415 0.00757906 -0.32943 0.785736 0.0314588 0.993096 0.113009 -0.329219 0.328012 -0.117061 0.937393 -6.39123 0 0 0 1 
25528382210053;0.245766;0.322157;0.996402 0.00103808 0.0847416 -0.0144402 0.0112546 0.989448 -0.144453 -0.594959 -0.0839973 0.144887 0.985876 5.03099 0 0 0 1 
25528382210054;2.27774;1.51302;0.997598 -0.0381297 0.0578299 -0.877528 0.0406146 0.998274 -0.0424203 -0.25109 -0.0561126 0.0446671 0.997425 3.29945 0 0 0 1 
25528382210055;0.613367;0.957605;0.996708 0.0335844 -0.0737948 0.530163 -0.0313127 0.999006 0.0317281 0.065442 0.074787 -0.0293129 0.996769 -1.47019 0 0 0 1 
25528382210056;2.21606;1.88157;0.992526 0.0511234 -0.110811 1.43295 -0.0268179 0.977198 0.210631 -0.408793 0.119052 -0.206085 0.971265 -8.23341 0 0 0 1 
25528382210057;2.17431;1.82613;0.999829 -0.00570247 -0.0175915 -0.469461 0.00500223 0.999203 -0.039596 -0.396984 0.0178033 0.0395012 0.999061 1.73346 0 0 0 1 
25528382210058;0.777574;0.417635;0.944081 0.086585 -0.318142 2.36414 0.0385769 0.929269 0.367385 -2.21388 0.327449 -0.359114 0.873965 -13.8097 0 0 0 1 
25528382210059;0.655634;0.559931;0.998038 0.0437298 -0.0448046 0.959536 -0.0392908 0.994647 0.0955718 0.185732 0.0487441 -0.0936239 0.994414 -4.04405 0 0 0 1 
25528382210060;1.3379;0.587183;0.943081 -0.0689605 -0.325335 -1.9543 0.000739125 0.978697 -0.205309 -0.95768 0.332563 0.193383 0.923041 4.31949 0 0 0 1 
25528382210062;1.314;0.788725;0.996146 0.0131268 -0.0867262 0.704317 -0.0087684 0.998688 0.0504463 0.210523 0.0872747 -0.0494914 0.994954 -2.12934 0 0 0 1 
25528382210063;2.15505;1.50932;0.999982 -0.00522432 -0.00300097 -0.258149 0.00506003 0.998615 -0.052365 0.119802 0.00327038 0.0523489 0.998624 3.19672 0 0 0 1 
25528382210064;0.553066;0.545113;0.984895 0.00587129 0.173051 0.701647 0.0203701 0.988556 -0.149473 -0.711907 -0.171948 0.150741 0.973505 10.0442 0 0 0 1 
25528382210065;1.61508;0.753994;0.994498 0.0317197 -0.0998366 2.45823 -0.0142441 0.985149 0.171109 -0.877328 0.103781 -0.168745 0.980181 -12.4457 0 0 0 1 
25528382210066;1.78743;0.95929;0.999975 -0.00209713 0.00680049 -0.252833 0.00193773 0.999725 0.0233613 0.0860548 -0.00684762 -0.0233476 0.999704 -0.748158 0 0 0 1 
25528382210067;0.672032;0.587898;0.993516 -0.021267 -0.111684 -2.69639 0.0108679 0.995615 -0.0929078 -0.385707 0.11317 0.0910916 0.989391 11.9215 0 0 0 1 
25528382210068;1.84994;0.630785;0.997858 0.01074 -0.0645302 0.407051 -0.00747022 0.998686 0.0506996 0.232019 0.0649899 -0.050109 0.996627 -1.59434 0 0 0 1 
25528382210069;2.23987;0.257223;0.98101 -0.0338905 -0.190971 -3.3931 -0.0114936 0.972727 -0.231667 -2.62008 0.193614 0.229462 0.953866 24.9327 0 0 0 1 
25528382210070;2.2156;0.843902;0.999916 -0.00412634 -0.0123246 -0.765352 0.0041733 0.999984 0.00378741 0.129628 0.0123088 -0.00383852 0.999917 2.28612 0 0 0 1 
25528382210071;1.44584;1.28915;0.998919 -0.0464235 0.00244769 -4.59173 0.0424951 0.890506 -0.452983 -10.6279 0.0188494 0.452597 0.891516 44.4392 0 0 0 1 
25528382210072;1.6175;1.50397;0.998292 -0.0382532 -0.0441589 -4.04196 0.0199385 0.933533 -0.357938 -7.00209 0.054916 0.356446 0.932701 36.9392 0 0 0 1 
25528382210073;2.148;0.349297;0.999056 0.0168519 -0.0400343 1.20593 -0.0149122 0.998723 0.048266 0.104045 0.0407965 -0.0476234 0.998032 -1.30032 0 0 0 1 
25528382210074;1.21241;0.586875;0.991671 -0.00837898 0.128526 -0.384214 0.00620676 0.999831 0.0172923 0.330386 -0.128649 -0.0163505 0.991555 -6.42757 0 0 0 1 
25528382210075;0.469924;0.259202;0.967394 -0.0180357 -0.252632 -3.17888 -0.0234353 0.986808 -0.160189 -2.03596 0.252189 0.160887 0.95421 21.613 0 0 0 1 
25528382210076;1.94829;1.21889;0.999877 0.0012249 -0.0156216 -0.267523 3.07039e-05 0.996785 0.0801239 0.233569 0.0156695 -0.0801146 0.996662 -5.64265 0 0 0 1 
25528382210077;1.55351;0.76587;0.999799 0.0137079 -0.0146305 1.49095 -0.0127191 0.997761 0.0656608 -0.0802476 0.0154978 -0.0654616 0.997735 -7.99745 0 0 0 1 
25528382210078;1.78754;1.39356;0.999829 0.0034193 0.0181682 0.298009 -0.00401606 0.99945 0.0329117 0.110131 -0.0180457 -0.032979 0.999293 -2.79593 0 0 0 1 
25528382210079;0.52952;0.461928;0.966053 -0.0215713 -0.257442 -3.62262 -0.0060666 0.994339 -0.106082 -0.878051 0.258272 0.104043 0.960453 16.3161 0 0 0 1 
25528382210080;0.579865;0.167777;0.999939 0.00167583 -0.0109281 0.0881529 -0.00167777 0.999999 -0.000168293 0.0250029 0.0109278 0.000186617 0.99994 0.8687 0 0 0 1 
25528382210081;1.6725;1.70864;0.999661 -0.00785961 0.024836 -0.767653 0.00952226 0.99767 -0.0675523 0.0294848 -0.0242472 0.0677658 0.997407 5.88651 0 0 0 1 
25528382210082;1.80785;0.176527;0.960192 -0.0114839 0.279103 -0.751663 -0.0286186 0.989853 0.139184 -0.919886 -0.27787 -0.141631 0.950121 -19.2174 0 0 0 1 
25528382210083;0.928935;0.357187;0.981399 -0.0349983 -0.18876 -4.63187 -0.0048146 0.978446 -0.206447 -2.86506 0.191917 0.203516 0.960078 25.8272 0 0 0 1 
25528382210084;1.83208;1.43751;0.998731 -0.0182631 -0.0469386 -1.89555 0.0120328 0.991475 -0.129741 -0.752313 0.0489079 0.129011 0.990436 12.446 0 0 0 1 
25528382210085;0.401662;0.369001;0.993784 0.0549399 -0.0968222 5.18583 -0.023244 0.952971 0.302168 -4.18795 0.10887 -0.298039 0.948325 -27.4907 0 0 0 1 
25528382210086;1.45129;0.853874;0.996582 0.0116627 -0.0817782 0.897811 -0.0137514 0.999592 -0.0250247 0.0477861 0.081453 0.0260637 0.996336 5.40622 0 0 0 1 
25528382210087;0.345605;0.142574;0.939368 -0.00946473 0.342781 -1.4362 0.0389594 0.996092 -0.0792619 0.393633 -0.340691 0.0878106 0.936066 0.115063 0 0 0 1 
25528382210088;0.167837;0.113397;0.9999 -0.0084048 -0.0113845 -0.944006 0.00841833 0.999964 0.00114029 0.276543 0.0113746 -0.00123601 0.999935 -0.143273 0 0 0 1 
25528382210089;1.83562;1.79261;0.999918 -0.00422069 0.0121215 -0.394977 0.00461488 0.999455 -0.0326781 0.0792462 -0.0119769 0.0327314 0.999392 2.56187 0 0 0 1 
25528382210090;2.15758;0.166439;0.999984 0.00194683 -0.00539191 -0.019557 -0.00209684 0.999607 -0.0279568 -0.144337 0.00533536 0.0279676 0.999595 5.47152 0 0 0 1 
25528382210091;0.893388;0.528924;0.999876 -0.0126872 0.00933988 -1.29181 0.01374 0.992314 -0.122979 -0.761082 -0.00770784 0.123092 0.992365 12.668 0 0 0 1 
25528382210093;1.89713;0.187107;0.978712 0.0322525 -0.202689 -1.10825 -0.0109993 0.994399 0.10512 -0.249714 0.204944 -0.100653 0.973585 4.34807 0 0 0 1 
25528382210094;0.825331;0.181454;0.997977 0.0222613 -0.0595589 -0.113525 -0.0016146 0.945278 0.326261 0.432458 0.0635628 -0.325505 0.943401 -1.93671 0 0 0 1 
25528382210095;0.858473;0.837366;0.960329 0.0826549 0.266339 0.611466 -0.118596 0.985444 0.121797 -1.77301 -0.252396 -0.148552 0.956153 -4.31111 0 0 0 1 
25528382210096;0.8797;0.302538;0.951416 0.0834463 0.296386 0.716327 -0.189395 0.917542 0.349638 -3.06804 -0.242771 -0.388785 0.888768 -7.06124 0 0 0 1 
25528382210097;2.1961;0.443583;0.994962 0.0513024 0.0861283 0.399617 -0.0577358 0.99559 0.0739455 -2.11005 -0.0819549 -0.0785457 0.993536 -3.03701 0 0 0 1 
25528382210098;1.08082;0.250853;0.999407 0.0344158 0.00136026 0.368323 -0.0342524 0.997256 -0.065633 -1.28017 -0.00361534 0.0655475 0.997843 -0.27719 0 0 0 1 
25528382210099;0.565162;0.280875;0.947551 -0.0521081 -0.315329 -1.99237 0.0128922 0.992048 -0.125195 0.121317 0.319346 0.114564 0.940688 5.84537 0 0 0 1 
25528382210100;1.81678;1.67437;0.996062 0.0814087 0.0351279 0.999603 -0.0878412 0.95992 0.266153 -1.0945 -0.0120528 -0.26819 0.963291 -1.79757 0 0 0 1 
25528382210101;0.708323;0.420685;0.997932 -0.0535398 -0.0355689 -0.629793 0.0520658 0.997795 -0.0411506 0.916877 0.0376937 0.0392136 0.99852 1.35461 0 0 0 1 
25528382210102;2.25601;1.4006;0.997645 0.0188527 -0.0659488 0.0698081 -0.0244081 0.996127 -0.0844738 -1.13667 0.0641008 0.0858845 0.994241 0.362531 0 0 0 1 
25528382210103;0.72475;0.48637;0.995917 0.0894512 -0.01218 0.755733 -0.0882766 0.993191 0.0760244 -1.49204 0.0188976 -0.0746387 0.997032 0.5313 0 0 0 1 
25528382210104;2.73972;1.48175;0.989789 0.0700275 -0.12415 0.00652036 -0.0342196 0.962265 0.269954 0.259886 0.138369 -0.262949 0.954836 2.53751 0 0 0 1 
25528382210105;1.37462;0.175263;0.985305 0.0499582 0.163336 0.544334 0.0339642 0.879868 -0.474002 -2.05476 -0.167395 0.472584 0.865242 -0.722266 0 0 0 1 
25528382210106;1.98093;0.154846;0.994892 -0.0469017 -0.089391 -0.20911 0.011133 0.93109 -0.364619 -0.454031 0.100332 0.361761 0.926856 1.95976 0 0 0 1 
25528382210107;2.7132;1.98706;0.999376 0.0111322 0.0335313 0.192273 -0.0131079 0.998155 0.05929 -0.240488 -0.0328094 -0.0596925 0.997677 -2.54448 0 0 0 1 
25528382210108;2.24596;1.14837;0.980342 0.0449287 -0.192124 0.25108 -0.0408326 0.998847 0.0252287 -1.29138 0.193036 -0.0168879 0.981046 1.83513 0 0 0 1 
25528382210109;1.35089;0.25514;0.997025 0.018137 0.074916 0.561614 -0.0109801 0.99543 -0.0948621 -0.33175 -0.0762941 0.0937572 0.992668 -1.75279 0 0 0 1 
25528382210110;1.54595;0.882654;0.997344 0.0622952 -0.0377359 0.161323 -0.0363346 0.874595 0.483491 0.400472 0.0631229 -0.480836 0.874535 -2.06223 0 0 0 1 
25528382210111;0.364366;0.260752;0.985304 -0.0143689 -0.170202 -0.857721 0.00717535 0.999058 -0.042805 -0.0470071 0.170657 0.0409546 0.984479 3.23638 0 0 0 1 
25528382210112;2.44837;2.41686;0.994568 0.0128654 0.103289 0.0485893 -0.0328841 0.980345 0.194532 0.468501 -0.0987558 -0.196872 0.975443 -1.08136 0 0 0 1 
25528382210113;0.357128;0.3773;0.995433 0.0929776 0.0216566 0.743855 -0.0942808 0.993082 0.0699977 -1.64166 -0.0149986 -0.0717198 0.997312 -0.290693 0 0 0 1 
25528382210114;2.52967;0.760856;0.949599 -0.0242256 0.31253 -0.752675 0.12467 0.943953 -0.30563 1.30584 -0.28761 0.329189 0.899397 -4.64036 0 0 0 1 
25528382210115;1.99023;0.229331;0.997649 -0.00663753 -0.0682065 -0.566073 0.00715947 0.999947 0.00741071 0.343816 0.0681537 -0.00788161 0.997644 3.08399 0 0 0 1 
25528382210116;0.274109;0.249651;0.998659 0.00827269 -0.0511149 -0.222591 0.00473069 0.96845 0.249164 0.537054 0.0515635 -0.249072 0.967111 -0.67795 0 0 0 1 
25528382210117;0.456139;0.281789;0.968958 0.0828041 0.232948 0.622922 -0.127486 0.974655 0.183833 -1.95995 -0.211822 -0.207824 0.954956 -4.74485 0 0 0 1 
25528382210118;1.00279;0.156267;0.99839 0.00409378 0.0565679 0.0144354 -0.00513341 0.99982 0.0182454 -0.104325 -0.056483 -0.0185065 0.998232 -1.89707 0 0 0 1 
25528382210119;1.53716;0.77932;0.993576 0.0502687 0.101388 0.101125 -0.0283646 0.97795 -0.206906 -1.76798 -0.109553 0.202701 0.973093 0.236358 0 0 0 1 
25528382210120;1.16367;0.535065;0.999647 0.00713247 0.0255741 0.118263 -0.00772443 0.999703 0.0231234 0.302806 -0.0254016 -0.0233128 0.999405 0.349802 0 0 0 1 
25528382210121;1.92017;0.431629;0.999326 -0.035477 0.00945075 -0.217031 0.0340296 0.991663 0.124285 2.07024 -0.0137812 -0.12388 0.992202 -1.90386 0 0 0 1 
25528382210122;1.42171;0.510613;0.9943 0.0450508 -0.0966345 0.294317 -0.048796 0.998133 -0.0367484 -0.734963 0.0947985 0.0412543 0.994641 0.465494 0 0 0 1 
25528382210124;1.41534;0.480505;0.999657 0.0228842 -0.0127022 1.85112 -0.0222265 0.998517 0.0497036 -0.429076 0.0138208 -0.0494043 0.998683 -5.45902 0 0 0 1 
25528382210125;0.633729;0.289807;0.991886 -0.0382025 -0.121255 -3.21857 0.0210801 0.990002 -0.13947 -0.975619 0.125371 0.135782 0.982774 11.9466 0 0 0 1 
25528382210126;0.445145;0.256407;0.951319 0.000880136 -0.308208 -0.777479 0.00650779 0.999716 0.0229419 0.00394221 0.30814 -0.0238308 0.951042 -0.191824 0 0 0 1 
25528382210127;0.670288;0.703615;0.998092 -0.0158622 -0.05968 -1.21262 0.0121949 0.998044 -0.0613189 -0.14105 0.0605359 0.0604741 0.996332 5.28384 0 0 0 1 
25528382210128;2.24311;1.69089;0.999905 -0.0137924 0.000699416 -0.73518 0.0138035 0.99971 -0.019735 0.0100489 -0.000427021 0.0197428 0.999805 -0.397856 0 0 0 1 
25528382210129;1.80511;1.40337;0.985665 0.0121277 0.168275 1.17657 -0.013729 0.999871 0.00835632 0.257225 -0.168152 -0.0105468 0.985705 -0.457513 0 0 0 1 
25528382210130;0.986557;0.226602;0.998961 0.0128047 0.0437411 1.07547 -0.016193 0.996821 0.0780104 0.0811279 -0.0426031 -0.0786377 0.995993 -5.324 0 0 0 1 
25528382210131;2.11864;1.79463;0.983343 -0.106715 -0.147136 -8.50859 0.0318672 0.898185 -0.438461 -8.18111 0.178946 0.426469 0.886624 34.0464 0 0 0 1 
25528382210132;0.163045;0.174349;0.999819 0.0145218 -0.012272 1.04554 -0.0149121 0.999366 -0.0323304 -0.148949 0.0117947 0.0325076 0.999402 2.44011 0 0 0 1 
25528382210133;1.8377;0.894265;0.99983 -0.00613191 -0.0173616 -0.758892 0.00597646 0.999942 -0.00899152 0.116964 0.0174157 0.00888623 0.999809 2.71893 0 0 0 1 
25528382210134;1.18998;0.879707;0.999984 -0.00555383 -0.000846976 -0.510394 0.00552634 0.999547 -0.0295897 -0.0727976 0.00101093 0.0295845 0.999562 3.2317 0 0 0 1 
25528382210135;0.879278;0.657163;0.99898 0.0253021 0.0373931 1.89258 -0.0267336 0.998909 0.0382922 -0.165424 -0.0363834 -0.0392528 0.998567 -2.71016 0 0 0 1 
25528382210136;1.20454;0.865773;0.939129 0.0357031 0.341705 2.84284 0.0203472 0.98706 -0.159055 -0.900218 -0.342962 0.156326 0.92625 11.1188 0 0 0 1 
25528382210137;0.490225;0.530848;0.999926 -0.0100483 0.00690832 -0.714688 0.0104654 0.997943 -0.0632518 -0.139441 -0.00625853 0.0633194 0.997974 4.64127 0 0 0 1 
25528382210138;0.898047;0.943093;0.999891 -0.0118376 0.00882433 -0.795503 0.0125249 0.99652 -0.0824061 -0.345341 -0.00781814 0.0825076 0.99656 6.10093 0 0 0 1 
25528382210139;0.258844;0.16798;0.998118 -0.0208592 0.0576661 -1.51645 0.0235534 0.998643 -0.0464418 -0.136516 -0.0566191 0.0477126 0.997255 3.4959 0 0 0 1 
25528382210140;1.51354;1.29016;0.999638 -0.00808329 0.0256456 -0.595863 0.0108815 0.99377 -0.110921 -0.477098 -0.0245892 0.11116 0.993498 7.76642 0 0 0 1 
25528382210141;0.177514;0.173701;0.969229 0.0162806 0.245623 1.50641 -0.0323353 0.997585 0.0614724 -0.266515 -0.244029 -0.0675231 0.967414 -6.82708 0 0 0 1 
25528382210142;1.7221;1.38628;0.990643 0.00842508 -0.136218 0.28634 0.0111763 0.989733 0.142494 -0.255284 0.13602 -0.142684 0.980377 -9.98647 0 0 0 1 
25528382210143;1.74732;1.51405;0.993185 -0.0088915 -0.116209 -0.884504 0.00442934 0.999245 -0.0385997 0.230494 0.116464 0.0378219 0.992474 3.71159 0 0 0 1 
25528382210144;0.62636;0.618872;0.984916 -0.0120861 -0.17261 -1.21909 0.0124229 0.999922 0.000870539 0.0685339 0.172586 -0.00300172 0.98499 0.63653 0 0 0 1 
25528382210145;2.23099;1.52403;0.982494 0.0255884 0.184526 2.43656 -0.0349293 0.998258 0.0475486 -0.392997 -0.182988 -0.0531616 0.981677 -3.6222 0 0 0 1 
25528382210146;0.123351;0.148995;0.987604 -0.00968438 0.156668 -0.443706 0.00881526 0.999942 0.00624141 0.049938 -0.156719 -0.00478297 0.987632 -1.32924 0 0 0 1 
25528382210147;2.1323;0.330068;0.999902 -0.00790045 0.0115662 -0.869641 0.00804439 0.99989 -0.0124517 0.011231 -0.0114666 0.0125436 0.999856 3.53229 0 0 0 1 
25528382210148;1.17842;0.499007;0.999905 -0.00861953 -0.0107797 -0.739321 0.00817771 0.999151 -0.0403797 -0.0483518 0.0111186 0.0402877 0.999126 4.37307 0 0 0 1 
25528382210149;1.8032;1.47953;0.974384 0.0317443 -0.222639 1.74784 0.0239336 0.969728 0.243011 -1.64548 0.223614 -0.242115 0.944128 -18.4698 0 0 0 1 
25528382210150;1.89528;1.75521;0.992207 0.00217695 0.124584 0.286004 0.0100668 0.995178 -0.0975634 -0.26676 -0.124195 0.0980572 0.987401 6.93188 0 0 0 1 
25528382210151;1.38396;0.391708;0.999866 0.0162145 0.00202662 1.41447 -0.0162079 0.999864 -0.00320437 -0.417987 -0.0020783 0.00317109 0.999993 -1.55501 0 0 0 1 
25528382210152;1.90731;1.74191;0.999356 0.00466679 -0.0355759 0.343701 -0.00160884 0.996337 0.0855043 -0.088242 0.0358446 -0.085392 0.995702 -7.57852 0 0 0 1 
25528382210153;0.627318;0.177412;0.968549 -0.0671258 -0.239596 -5.92209 0.0271303 0.985672 -0.166476 -1.3513 0.247338 0.15474 0.956493 14.2221 0 0 0 1 
25528382210155;0.972428;0.689046;0.996397 -0.0503973 -0.0682067 -3.21157 0.0157399 0.900193 -0.435208 -6.95185 0.0833325 0.432566 0.897743 27.1873 0 0 0 1 
25528382210156;1.01473;0.703244;0.991802 0.0257882 -0.125157 1.20111 -0.0194115 0.998463 0.051905 -0.356475 0.126303 -0.04905 0.990778 -1.70048 0 0 0 1 
25528382210157;0.233342;0.194271;0.998394 0.0145968 -0.0547366 0.762266 -0.0178166 0.998111 -0.0588041 -0.575677 0.0537748 0.0596849 0.996768 4.64984 0 0 0 1 
25528382210158;0.218897;0.175041;0.999851 -0.0134925 -0.010737 -0.863957 0.0135695 0.999882 0.00713492 0.396275 0.0106395 -0.00727955 0.999917 -0.532595 0 0 0 1 
25528382210159;0.424214;0.216411;0.968515 -0.0153252 0.248483 -1.04919 0.0988689 0.939697 -0.327406 -2.09862 -0.228481 0.341665 0.911626 14.565 0 0 0 1 
25528382210160;0.944861;0.665231;0.999082 -0.0106816 -0.0414812 -0.560003 0.00259589 0.981727 -0.190277 -2.15206 0.0427557 0.189995 0.980854 11.8353 0 0 0 1 
25528382210161;0.607772;0.430313;0.983715 -0.0273921 0.177636 -1.66353 0.0477284 0.992647 -0.111241 0.409038 -0.173282 0.117908 0.977789 1.55196 0 0 0 1 
25528382210162;0.465464;0.256926;0.990927 0.020545 0.132819 1.4396 -0.0387689 0.989934 0.136117 -1.01924 -0.128686 -0.140031 0.981749 -12.0499 0 0 0 1 
25528382210163;0.301031;0.162352;0.999827 0.0143333 -0.0118593 0.779915 -0.013951 0.999399 0.0317197 0.0017364 0.0123068 -0.0315488 0.999426 -1.16819 0 0 0 1 
25528382210164;0.262538;0.231022;0.999862 -0.0165974 -0.000549107 -1.06942 0.0166011 0.999833 0.00759065 0.44246 0.000423031 -0.00759872 0.999971 -0.673883 0 0 0 1 
25528382210165;0.165591;0.174422;0.999885 -0.00561592 -0.0140801 -0.482585 0.00696736 0.995177 0.097849 0.289952 0.0134627 -0.0979359 0.995102 -5.39647 0 0 0 1 
25528382210166;1.12952;0.71232;0.972385 -0.00240581 -0.233372 -1.02426 0.0118665 0.999163 0.0391437 0.253652 0.233082 -0.040832 0.971599 0.797549 0 0 0 1 
25528382210167;0.708722;0.26024;0.994457 -0.0261305 -0.101841 -2.10103 0.0199184 0.997906 -0.0615444 0.126382 0.103236 0.0591748 0.992895 7.299 0 0 0 1 
25528382210168;1.1418;0.239051;0.999788 0.00934188 0.0183331 0.392395 -0.00879002 0.999513 -0.0299551 -0.192365 -0.018604 0.0297876 0.999383 4.10596 0 0 0 1 
25528382210169;0.757933;0.710511;0.994651 0.0077128 0.103004 0.766402 -0.00492475 0.999615 -0.0272943 -0.350571 -0.103175 0.026641 0.994306 -1.13805 0 0 0 1 
25528382210170;0.338329;0.0696391;0.98897 0.0148615 0.147368 1.04442 0.045338 0.916821 -0.396716 -4.94678 -0.141006 0.399022 0.906035 19.7876 0 0 0 1 
25528382210171;0.814741;0.654137;0.995028 0.0289836 -0.0952874 1.14097 -0.0246892 0.998639 0.0459423 -0.352119 0.0964893 -0.0433613 0.994389 0.855493 0 0 0 1 
25528382210172;0.85032;0.363745;0.991176 0.0529529 -0.121517 1.84909 -0.0075504 0.937806 0.347077 -1.47583 0.132338 -0.343097 0.929931 -15.1227 0 0 0 1 
25528382210173;0.630488;0.566235;0.999629 -0.00700852 -0.0263214 -0.49176 0.00889177 0.997356 0.0721267 0.395878 0.0257463 -0.072334 0.997048 -4.59731 0 0 0 1 
25528382210174;0.36066;0.250102;0.961424 0.105259 -0.254135 4.08052 -0.00678598 0.932684 0.360631 -2.45009 0.274987 -0.344995 0.897419 -14.4083 0 0 0 1 
25528382210175;0.400793;0.279043;0.999606 0.019612 0.0200895 1.18585 -0.0173477 0.994079 -0.107267 -0.7588 -0.0220743 0.106876 0.994027 5.88632 0 0 0 1 
25528382210176;0.342834;0.165844;0.984014 0.0157415 0.177397 1.18274 -0.0460803 0.98467 0.16823 -1.26281 -0.172029 -0.173715 0.969654 -14.747 0 0 0 1 
25528382210177;0.260067;0.115385;0.996933 -0.0467272 -0.062776 -2.98884 0.0281261 0.962511 -0.269779 -2.32569 0.0730286 0.267186 0.960874 17.0215 0 0 0 1 
25528382210178;0.926206;0.194907;0.999684 -0.0180357 0.017522 -1.3265 0.0178356 0.999775 0.0115126 0.561766 -0.0177257 -0.0111964 0.99978 1.13281 0 0 0 1 
25528382210179;0.695785;0.208908;0.999976 0.00295012 -0.00634538 0.40978 -0.00395677 0.986285 -0.165004 -0.757948 0.00577157 0.165025 0.986272 8.0071 0 0 0 1 
25528382210180;0.109455;0.128792;0.999481 0.0224924 0.0230398 1.43538 -0.0239733 0.997522 0.0661518 -0.250679 -0.0214948 -0.0666698 0.997544 -4.5002 0 0 0 1 
25528382210181;0.971587;0.550406;0.944817 0.0193479 0.327028 0.817286 8.16346e-05 0.998241 -0.0592947 -0.0257359 -0.327599 0.0560493 0.943153 -6.41527 0 0 0 1 
25528382210182;0.540657;0.283185;0.998323 0.0125304 0.0565163 0.995658 -0.0119041 0.999864 -0.0114045 -0.503448 -0.0566515 0.0107126 0.998337 -1.78599 0 0 0 1 
25528382210183;0.488607;0.306188;0.970217 0.0185384 0.241529 1.27873 -0.0163649 0.999806 -0.0110018 -0.14782 -0.241686 0.00672152 0.970331 -4.70369 0 0 0 1 
25528382210184;0.107925;0.0632956;0.999898 0.00922863 -0.0109028 0.445449 -0.00907517 0.99986 0.0140412 -0.161413 0.0110308 -0.0139408 0.999842 -0.372503 0 0 0 1 
25528382210186;2.61464;0.28211;0.907682 0.0434987 -0.417399 -0.1509 0.0432816 0.979606 0.196209 -0.0637334 0.417421 -0.196161 0.887288 -5.40815 0 0 0 1 
25528382210187;2.55948;0.24819;0.999947 0.00994336 0.00276325 0.649133 -0.00991287 0.999892 -0.0108368 -0.30012 -0.0028707 0.0108089 0.999937 -1.98067 0 0 0 1 
25528382210188;2.1137;0.770948;0.995152 0.00207031 -0.0983304 0.15798 -0.0141486 0.992393 -0.122296 -0.246342 0.0973292 0.123094 0.987611 4.0675 0 0 0 1 
25528382210189;3.03095;1.50094;0.933384 -0.0378125 0.356883 -0.898218 0.0537435 0.997947 -0.034825 0.879653 -0.354833 0.0516852 0.9335 -0.523659 0 0 0 1 
25528382210190;2.58604;2.32527;0.941909 0.0541756 0.331471 2.35846 0.0139671 0.979734 -0.199817 -1.29093 -0.335578 0.192839 0.922063 4.38112 0 0 0 1 
25528382210191;2.29839;1.1286;0.994482 -0.0167244 0.103567 -0.690595 -0.021837 0.932587 0.360284 -1.08697 -0.10261 -0.360558 0.927076 -13.9465 0 0 0 1 
25528382210192;1.26077;1.16416;0.996939 0.0514351 -0.0588894 2.13718 -0.0493292 0.998109 0.0366721 -0.798192 0.0606643 -0.0336549 0.997591 -1.4654 0 0 0 1 
25528382210193;1.94741;1.31008;0.976394 -0.0350072 0.21314 -1.23623 0.0636295 0.989608 -0.128948 0.353645 -0.206411 0.139466 0.968475 1.15293 0 0 0 1 
25528382210194;0.500481;0.320738;0.991205 0.0670924 -0.11407 2.20437 -0.0167281 0.918566 0.394914 -2.22968 0.131276 -0.389533 0.911609 -14.2041 0 0 0 1 
25528382210195;0.447325;0.079348;0.993626 0.00953282 0.112324 0.505555 0.020176 0.96529 -0.260402 -1.69625 -0.110907 0.261008 0.958944 8.87578 0 0 0 1 
25528382210196;0.672791;0.40866;0.999401 -0.0343786 -0.00384413 -1.57978 0.0345097 0.998523 0.0419624 0.711231 0.00239585 -0.0420699 0.999112 -1.4588 0 0 0 1 
25528382210197;1.68816;1.5675;0.998833 0.0396838 0.0275288 1.59229 -0.0406249 0.998578 0.0345121 -0.343696 -0.0261201 -0.0355901 0.999025 -1.75068 0 0 0 1 
25528382210198;0.0806703;0.114642;0.999105 -0.0422966 -0.000654736 -1.74099 0.042283 0.999004 -0.0142389 0.503882 0.00125634 0.0141984 0.999898 0.511962 0 0 0 1 
25528382210199;2.04506;0.664166;0.985246 -0.0449666 0.16513 -1.49195 0.0466916 0.998888 -0.00657721 0.675482 -0.164651 0.0141904 0.98625 -3.3279 0 0 0 1 
25528382210200;1.86353;0.677055;0.986046 -0.0814406 -0.14519 -4.12798 0.0306693 0.946105 -0.322405 -1.79222 0.163622 0.313453 0.935401 14.8343 0 0 0 1 
25528382210201;1.69978;1.60121;0.978834 -0.0346415 0.201703 -1.06257 0.0116727 0.993416 0.113969 0.412 -0.204323 -0.109202 0.972794 -7.78703 0 0 0 1 
25528382210202;3.09717;0.384548;0.99957 -0.017451 0.0235747 -0.984073 0.0185814 0.998645 -0.0486145 -0.049432 -0.0226944 0.0490316 0.998539 4.4027 0 0 0 1 
25528382210203;2.66545;0.355848;0.999715 0.0213123 0.0107432 0.742511 -0.0220606 0.996927 0.0751701 0.0614534 -0.0091081 -0.0753856 0.997113 -0.784775 0 0 0 1 
25528382210204;2.12678;1.72599;0.999995 -0.000489186 0.00321082 -0.121401 0.000480257 0.999996 0.00278104 0.560639 -0.00321216 -0.00277948 0.999991 -0.0862396 0 0 0 1 
25528382210205;2.17534;0.479549;0.971908 0.0516767 -0.22962 1.82483 -0.0426745 0.99812 0.0440028 -0.865628 0.231462 -0.0329678 0.972285 -0.532804 0 0 0 1 
25528382210206;0.615844;0.248166;0.999031 0.0265083 0.0351232 1.21799 -0.0236775 0.996617 -0.0786953 -0.812053 -0.0370904 0.0777875 0.99628 3.02451 0 0 0 1 
25528382210207;2.70191;2.50404;0.998539 -0.0221277 0.049298 -0.614345 0.026744 0.995114 -0.095042 0.0463428 -0.0469541 0.0962215 0.994252 1.84088 0 0 0 1 
25528382210208;0.254784;0.267246;0.997365 0.056223 -0.045846 2.11376 -0.0548494 0.998023 0.030689 -0.768969 0.0474808 -0.0280935 0.998477 -0.553181 0 0 0 1 
25528382210209;0.401221;0.425698;0.999836 0.0156035 0.0092204 0.610366 -0.0160071 0.998838 0.0454505 -0.0418924 -0.00850051 -0.0455907 0.998924 -1.92227 0 0 0 1 
25528382210210;3.26762;3.02077;0.998019 0.0520108 0.0353913 2.19767 -0.0613775 0.928425 0.366414 -2.47678 -0.0138007 -0.36786 0.929779 -16.2208 0 0 0 1 
25528382210211;2.11433;0.701613;0.997144 0.0573907 0.0490991 2.60433 -0.0651928 0.982255 0.175854 -0.546319 -0.0381355 -0.178553 0.983191 -5.91346 0 0 0 1 
25528382210212;0.939666;0.397162;0.978447 0.0191651 0.205608 0.774876 0.0179956 0.983982 -0.177356 -0.665587 -0.205714 0.177234 0.962429 3.61977 0 0 0 1 
25528382210213;1.20317;0.948227;0.997641 -0.00441215 0.0685112 -0.0664732 -0.00240153 0.995079 0.099054 0.29191 -0.0686111 -0.0989848 0.992721 -4.55611 0 0 0 1 
25528382210214;2.77469;0.857405;0.98513 0.0568238 0.16214 2.65819 -0.0208961 0.976344 -0.215211 -2.27373 -0.170533 0.208623 0.963014 8.28011 0 0 0 1 
25528382210215;2.52413;2.23056;0.999443 0.00301207 -0.0332297 0.0191604 0.00522165 0.969526 0.244932 -0.619402 0.0329548 -0.24497 0.968971 -9.9198 0 0 0 1 
25528382210217;1.06109;1.04016;0.970696 -0.0162446 -0.23976 -1.32034 0.0077262 0.999306 -0.0364263 -0.0562394 0.240185 0.0335065 0.970149 3.9045 0 0 0 1 
25528382210218;0.551084;0.542754;0.999798 0.0172994 0.0102083 1.60201 -0.0179151 0.99781 0.0636805 -0.192364 -0.00908428 -0.0638505 0.997918 -5.58648 0 0 0 1 
25528382210219;0.422673;0.548877;0.97565 -0.0120358 0.219002 -0.715031 0.00186284 0.998912 0.046599 0.112913 -0.219324 -0.0450563 0.974611 -4.83987 0 0 0 1 
25528382210220;1.03905;0.938608;0.961773 0.0544507 -0.268379 4.70796 -0.0169246 0.989978 0.140202 -1.01646 0.273324 -0.130301 0.953056 -10.971 0 0 0 1 
25528382210221;1.31298;0.67276;0.997699 -0.013842 -0.0663648 -1.51286 0.00450479 0.990306 -0.138829 -1.09217 0.0676431 0.13821 0.98809 14.1579 0 0 0 1 
25528382210222;1.56771;1.13612;0.986877 0.0234764 -0.15976 2.38839 -0.00528804 0.993543 0.113334 -0.739523 0.161389 -0.111002 0.980628 -11.1262 0 0 0 1 
25528382210223;0.395381;0.2988;0.998215 0.00221207 -0.0596765 -0.0366117 0.00109288 0.99847 0.0552916 0.0196677 0.0597074 -0.0552582 0.996685 -4.49053 0 0 0 1 
25528382210224;1.45898;1.13631;0.994818 -0.0032302 -0.101616 -0.725437 0.00502221 0.999836 0.0173842 0.0177165 0.101543 -0.0178045 0.994672 -0.0991893 0 0 0 1 
25528382210225;0.647882;0.288186;0.954734 0.038644 -0.294939 2.74154 0.00752362 0.988071 0.153815 -0.897044 0.297364 -0.149072 0.943055 -11.5967 0 0 0 1 
25528382210226;0.247807;0.239796;0.994302 0.0152495 -0.105506 1.29466 -0.0132271 0.999716 0.0198425 -0.141188 0.105779 -0.0183339 0.994221 -1.27802 0 0 0 1 
25528382210227;1.67052;0.40909;0.999869 0.00184065 0.0160721 -0.0879313 -0.00183113 0.999998 -0.000607315 -0.0682622 -0.0160732 0.000577805 0.999871 2.2668 0 0 0 1 
25528382210228;0.941077;0.348407;0.999826 0.0017949 -0.0185561 0.474088 -0.0029876 0.997917 -0.0644486 -0.0787309 0.0184018 0.0644929 0.997748 4.39628 0 0 0 1 
25528382210229;1.84373;1.77213;0.99949 -0.0184104 -0.0260957 -1.7975 0.0166329 0.99763 -0.0667692 -0.121563 0.0272631 0.066301 0.997427 6.14908 0 0 0 1 
25528382210230;0.815476;0.702503;0.999911 -0.00764309 -0.0109116 -0.823371 0.00758136 0.999955 -0.00568725 0.0369754 0.0109546 0.00560402 0.999924 0.913342 0 0 0 1 
25528382210231;0.945073;0.480788;0.999933 0.00517241 -0.0103598 0.320553 -0.00529015 0.999921 -0.01137 -0.104384 0.0103002 0.0114241 0.999882 2.13944 0 0 0 1 
25528382210232;0.385786;0.275426;0.994912 0.00461714 0.100641 0.385588 -0.0136347 0.99593 0.089098 -0.400587 -0.0998202 -0.0900168 0.990925 -8.89569 0 0 0 1 
25528382210233;0.215723;0.141157;0.999806 0.0176527 0.00874479 1.51557 -0.0195566 0.942843 0.332663 -4.88417 -0.00237254 -0.332769 0.943005 -29.9187 0 0 0 1 
25528382210234;1.80049;1.32157;0.999871 -0.0157296 0.00339921 -1.10926 0.0159222 0.997621 -0.0670692 0.0969792 -0.00233615 0.0671146 0.997743 3.97856 0 0 0 1 
25528382210235;1.841;2.0484;0.981854 -0.000981659 0.189633 0.177045 -0.0376163 0.979108 0.199832 -1.57464 -0.185868 -0.203339 0.961304 -18.4468 0 0 0 1 
25528382210236;0.783834;0.594087;0.992708 0.00257973 0.120516 0.587636 -0.00819888 0.998901 0.0461532 -0.0271985 -0.120265 -0.0468047 0.991638 -3.93856 0 0 0 1 
25528382210237;0.646121;0.471933;0.99552 -0.00784298 -0.0942228 -0.627818 0.0077455 0.999969 -0.00140024 0.0740611 0.0942308 0.000664167 0.99555 -0.263439 0 0 0 1 
25528382210238;0.978297;0.785134;0.994957 -0.0101943 0.099787 -0.964407 0.0216254 0.993228 -0.114154 -0.607368 -0.0979475 0.115736 0.988439 10.5795 0 0 0 1 
25528382210239;1.51578;0.123195;0.995738 -0.00342311 0.0921591 -0.633015 0.00901967 0.998135 -0.0603794 -0.205483 -0.0917806 0.0609533 0.993912 7.19685 0 0 0 1 
25528382210240;0.466545;0.380542;0.99995 0.00595613 -0.00801073 0.407335 -0.0042206 0.979494 0.201429 -1.61211 0.0090462 -0.201386 0.97947 -17.9786 0 0 0 1 
25528382210241;1.93577;1.78454;0.989551 -0.00197075 0.144173 -0.00367082 -0.01904 0.989364 0.144207 -0.826665 -0.142924 -0.145445 0.978988 -13.6109 0 0 0 1 
25528382210242;0.86252;0.603224;0.996804 -0.0246463 0.075992 -2.40303 0.0391033 0.980007 -0.195084 -1.56022 -0.0696646 0.197432 0.977838 18.2011 0 0 0 1 
25528382210243;0.905546;0.32586;0.971113 -0.0100678 0.238407 -0.405568 -0.00237123 0.998653 0.0518315 0.0953581 -0.238608 -0.0508996 0.969781 -4.41711 0 0 0 1 
25528382210244;0.219604;0.20586;0.999795 0.00430733 -0.0197695 0.360349 -0.00469111 0.999801 -0.0194079 -0.0736263 0.019682 0.0194967 0.999616 1.6992 0 0 0 1 
25528382210245;0.165948;0.138937;0.981106 -0.0117371 0.193113 -0.879662 0.0081861 0.999783 0.0191759 0.0805952 -0.193296 -0.0172328 0.980989 -2.67057 0 0 0 1 
25528382210246;1.5805;1.42729;0.99865 -0.000573893 0.0519427 -0.128786 -0.000295734 0.99986 0.0167328 -0.00404975 -0.051945 -0.0167256 0.99851 -0.704006 0 0 0 1 
25528382210248;1.80404;1.26393;0.996337 0.0104263 0.0848758 0.580933 0.00420084 0.985373 -0.170358 -0.3764 -0.0854106 0.170091 0.98172 8.90779 0 0 0 1 
25528382210249;2.65063;0.773081;0.999134 -0.0263872 0.0321735 -1.43014 0.0258946 0.999542 0.0156331 0.186162 -0.0325712 -0.0147864 0.99936 -3.80134 0 0 0 1 
25528382210250;0.988386;0.19692;0.988324 -0.0418722 -0.146499 -2.77696 0.0327881 0.997419 -0.0638832 -0.163229 0.148796 0.0583339 0.987146 3.76587 0 0 0 1 
25528382210251;1.96971;0.380825;0.999384 0.0102425 -0.0335546 0.566151 -0.00919198 0.999467 0.031315 0.940758 0.0338575 -0.0309872 0.998946 -3.88024 0 0 0 1 
25528382210252;1.48555;0.878328;0.99815 0.0607547 -0.00220762 3.79554 -0.0607526 0.998152 0.00101836 -0.695874 0.00226541 -0.000882361 0.999997 0.332338 0 0 0 1 
25528382210253;1.51489;0.368896;0.998823 0.0227501 0.0428356 1.3507 -0.0205476 0.998478 -0.051174 0.107075 -0.0439346 0.0502336 0.997771 1.1252 0 0 0 1 
25528382210254;2.5409;1.70256;0.999443 -3.26175e-06 0.0333772 0.0844633 -0.00492819 0.989025 0.147666 0.401073 -0.0330114 -0.147748 0.988474 -10.089 0 0 0 1 
25528382210255;0.438009;0.163494;0.994972 0.0306612 -0.0953493 1.54383 -0.0394245 0.995031 -0.0914264 -0.350047 0.0920722 0.0947257 0.991236 5.36001 0 0 0 1 
25528382210256;0.895108;0.380194;0.960321 -0.00195546 0.27889 0.6497 0.0796004 0.960303 -0.267361 -3.25254 -0.267296 0.278952 0.922355 16.5938 0 0 0 1 
25528382210257;0.887196;0.767476;0.999382 -0.00907204 0.0339585 -0.317798 0.00862829 0.999876 0.0131912 -0.0827402 -0.034074 -0.01289 0.999336 -0.930164 0 0 0 1 
25528382210258;2.46932;0.602342;0.99831 0.050787 -0.0282316 3.19227 -0.052259 0.997167 -0.0541093 -0.0193112 0.0254036 0.0554932 0.998136 0.267509 0 0 0 1 
25528382210259;0.355498;0.20335;0.995671 0.00841177 0.0925674 0.610025 0.0355116 0.885921 -0.462474 -7.33465 -0.0858976 0.463759 0.881787 25.7229 0 0 0 1 
25528382210260;0.270887;0.284326;0.99983 -0.0183653 0.00131928 -1.17247 0.0183665 0.999831 -0.000971011 0.0638599 -0.00130122 0.000995077 0.999999 0.131445 0 0 0 1 
