#;prob_registration_l1 -r /home/probabilistic_point_clouds_registration/build/tester /home/point_clouds_registration_benchmark//devel/registration_pairs/stairs_local.txt /home/point_clouds_registration_benchmark//eth/stairs -s 0.2 -t 0.2 -p 0.3 -r 1000 -m 20 -i 40 
id;initial_error;final_error;transformation
5494384560000;0.832403;0.093649;0.988334 0.149544 -0.0288554 0.905877 -0.146281 0.984811 0.0935332 0.561693 0.0424045 -0.088221 0.995198 0.188921 0 0 0 1 
5494384560001;0.315086;0.121623;0.895798 0.287277 -0.339144 1.77362 -0.231904 0.953044 0.194751 1.28742 0.379166 -0.0958087 0.920355 -2.52898 0 0 0 1 
5494384560002;0.630491;0.117898;0.998342 0.0305732 -0.0487788 0.780857 -0.0263277 0.995997 0.0854211 -0.147848 0.0511951 -0.0839952 0.99515 -0.12198 0 0 0 1 
5494384560003;0.317466;0.1209;0.968809 -0.016275 -0.247275 1.00855 0.110816 0.920965 0.373554 -1.87191 0.221652 -0.389304 0.894043 -1.45213 0 0 0 1 
5494384560004;0.657978;0.107991;0.99506 0.0992691 0.0012337 -0.052742 -0.0980925 0.981201 0.166203 0.843963 0.0152883 -0.165503 0.986091 0.34038 0 0 0 1 
5494384560005;0.751618;0.109648;0.996807 -0.0497689 -0.0624451 -0.37929 0.0603937 0.981475 0.181823 -1.37696 0.0522392 -0.185014 0.981347 -0.499018 0 0 0 1 
5494384560006;0.696898;0.120132;0.913688 0.344507 -0.215613 1.50912 -0.355664 0.934509 -0.0140101 2.35306 0.196666 0.0894867 0.976378 -0.878431 0 0 0 1 
5494384560007;0.399045;0.107883;0.943549 -0.32432 -0.067315 0.801897 0.330028 0.937813 0.107652 -2.9723 0.0282153 -0.12379 0.991907 -0.198791 0 0 0 1 
5494384560008;0.231215;0.113988;0.977603 -0.165114 -0.1305 0.4753 0.160703 0.986034 -0.0437115 -1.06401 0.135895 0.0217607 0.990484 -0.929962 0 0 0 1 
5494384560009;0.454804;0.103717;0.987332 0.0280026 -0.156178 0.755766 -0.00823545 0.992021 0.125806 -0.504084 0.158454 -0.122926 0.979684 -0.785529 0 0 0 1 
5494384560010;0.83506;0.118033;0.998771 0.0440103 -0.0228135 0.0840486 -0.0417133 0.994801 0.0929041 0.245216 0.0267837 -0.0918383 0.995414 0.669441 0 0 0 1 
5494384560011;0.300381;0.134433;0.9965 0.0790019 0.0273326 -0.0563232 -0.0702992 0.968864 -0.237404 1.07325 -0.045237 0.234652 0.971026 0.341612 0 0 0 1 
5494384560012;0.513405;0.137186;0.931967 0.0905787 -0.351045 1.32865 -0.134281 0.985662 -0.102168 1.28594 0.336757 0.142356 0.930768 -1.90272 0 0 0 1 
5494384560013;0.592232;0.120897;0.989113 0.0511292 -0.137993 0.640338 -0.0442356 0.997637 0.0525711 0.811976 0.140354 -0.0458946 0.989037 -1.04722 0 0 0 1 
5494384560014;0.784839;0.122986;0.939936 0.252706 0.229477 0.633012 -0.299445 0.933147 0.19892 1.58769 -0.163868 -0.255688 0.95277 1.73574 0 0 0 1 
5494384560015;1.02961;0.147692;0.929105 0.347651 -0.126105 0.565926 -0.368085 0.902285 -0.224488 4.03437 0.0357391 0.25499 0.966283 0.43864 0 0 0 1 
5494384560016;0.692498;0.145727;0.984877 0.151424 -0.0841915 0.404976 -0.171888 0.914913 -0.365225 2.69613 0.0217239 0.374173 0.927104 -0.412271 0 0 0 1 
5494384560017;0.125802;0.112158;0.998791 0.0428729 -0.0240431 0.165419 -0.0412766 0.997137 0.0633627 0.0831407 0.0266908 -0.0622937 0.997701 -0.0768414 0 0 0 1 
5494384560018;0.697368;0.135868;0.991232 0.0894433 -0.0972599 0.942949 -0.102458 0.985077 -0.138297 1.24094 0.0834387 0.14705 0.985604 -0.110877 0 0 0 1 
5494384560019;0.372102;0.134949;0.943721 0.320994 0.0797148 0.357692 -0.329633 0.93256 0.147224 2.14582 -0.027081 -0.165214 0.985886 -0.058526 0 0 0 1 
5494384560020;0.725979;0.112095;0.926393 0.370175 0.0690445 0.383394 -0.370341 0.862467 0.344961 2.35764 0.0681474 -0.345139 0.936074 0.121471 0 0 0 1 
5494384560021;0.810082;0.119826;0.990723 0.122967 -0.0578557 -0.043708 -0.11851 0.990114 0.0750344 0.810716 0.0665105 -0.0674818 0.995501 0.275495 0 0 0 1 
5494384560022;1.01164;0.123893;0.892122 -0.260699 -0.36899 1.57339 0.318025 0.942468 0.10303 -3.58512 0.320902 -0.209263 0.923705 -1.87847 0 0 0 1 
5494384560023;0.527542;0.121585;0.970385 0.145024 -0.193184 1.03151 -0.130191 0.987625 0.0874492 0.650476 0.203475 -0.0597086 0.977258 -1.97054 0 0 0 1 
5494384560024;0.419936;0.117735;0.921287 0.373954 -0.106717 1.2247 -0.370648 0.927424 0.0500473 2.70514 0.117688 -0.00655342 0.993029 -1.09498 0 0 0 1 
5494384560025;0.495752;0.146143;0.919421 0.350837 -0.177704 1.23222 -0.334664 0.935292 0.115015 2.34497 0.206557 -0.0462759 0.97734 -1.09394 0 0 0 1 
5494384560026;0.350666;0.130233;0.976692 0.128935 0.171604 -0.11814 -0.0857294 0.967271 -0.238826 1.23983 -0.196781 0.218548 0.955779 1.85665 0 0 0 1 
5494384560027;0.90423;0.115133;0.985631 0.114054 -0.124595 1.45983 -0.0847036 0.971902 0.219618 0.260839 0.146143 -0.205908 0.967597 -0.878143 0 0 0 1 
5494384560028;0.914969;0.119929;0.998111 -0.0541862 -0.0289363 -0.784087 0.0567872 0.993537 0.0982823 -0.517226 0.0234238 -0.0997399 0.994738 -0.428649 0 0 0 1 
5494384560029;0.844853;0.135042;0.996884 0.0788533 -0.00208904 0.123259 -0.078479 0.994126 0.0745257 -0.334447 0.00795337 -0.0741295 0.997217 -0.645909 0 0 0 1 
5494384560031;0.314572;0.286822;0.928785 -0.345262 -0.13473 0.377879 0.350762 0.936278 0.0187111 -1.42913 0.119684 -0.0646366 0.990706 -0.245333 0 0 0 1 
5494384560032;0.143255;0.258675;0.99066 0.0741261 0.11445 -0.0453437 -0.0695054 0.996617 -0.0438546 0.210854 -0.117313 0.0354901 0.992461 0.676786 0 0 0 1 
5494384560033;0.256973;0.265469;0.997049 0.0278669 0.0715285 0.157027 -0.020212 0.994204 -0.105595 0.265306 -0.0740565 0.103838 0.991833 0.626895 0 0 0 1 
5494384560034;0.872658;0.250462;0.96283 -0.227277 0.145961 -0.00074535 0.20131 0.964085 0.173245 -1.78646 -0.180094 -0.137422 0.974003 0.334106 0 0 0 1 
5494384560035;0.383527;0.276334;0.992386 -0.0723493 0.0996766 -0.0111305 0.0663836 0.995871 0.0619242 0.0273104 -0.103745 -0.0548359 0.993091 0.725193 0 0 0 1 
5494384560036;0.699819;0.268559;0.951525 0.288539 -0.106517 0.489943 -0.306903 0.913528 -0.266979 0.925403 0.0202726 0.286727 0.957798 0.844912 0 0 0 1 
5494384560037;0.785083;0.25574;0.964125 -0.0666514 0.256945 -0.381468 0.130625 0.961781 -0.240653 -0.252009 -0.231085 0.265583 0.935984 0.487331 0 0 0 1 
5494384560038;1.00964;0.245558;0.90553 -0.415971 0.0835664 -0.942474 0.413645 0.909361 0.0442746 -1.37973 -0.094409 -0.00552518 0.995518 0.260141 0 0 0 1 
5494384560039;0.16472;0.286907;0.991228 -0.0627224 -0.116332 0.128923 0.065872 0.997553 0.0234267 -0.258223 0.114578 -0.0308842 0.992934 -0.214811 0 0 0 1 
5494384560040;0.656318;0.268095;0.895357 0.351184 0.273871 0.568975 -0.354375 0.93427 -0.0394647 0.81506 -0.269729 -0.0617181 0.960956 1.48701 0 0 0 1 
5494384560041;0.496934;0.26426;0.865516 -0.295195 0.40465 -0.154613 0.293541 0.953542 0.0677534 -1.12723 -0.405851 0.0601398 0.911958 2.33141 0 0 0 1 
5494384560042;0.516103;0.304753;0.978567 -0.0162593 -0.205284 0.189264 0.0499325 0.985863 0.159939 -0.593692 0.199782 -0.166761 0.965545 -0.961432 0 0 0 1 
5494384560043;0.0787389;0.238731;0.999061 0.00437735 0.043099 -0.0588007 -0.00607719 0.999205 0.0393889 -0.168402 -0.0428923 -0.0396138 0.998294 0.444202 0 0 0 1 
5494384560044;0.670233;0.300126;0.996128 0.0424483 0.0769882 0.180266 -0.0453376 0.998316 0.0361769 0.228357 -0.075323 -0.0395273 0.996375 1.32244 0 0 0 1 
5494384560045;0.454928;0.234008;0.898731 -0.266749 0.348033 -0.477839 0.159638 0.938261 0.306893 -1.12881 -0.408409 -0.220255 0.885827 1.88306 0 0 0 1 
5494384560046;0.663952;0.315008;0.984974 0.151787 -0.0823822 0.244101 -0.150537 0.988377 0.0212186 1.20874 0.0846453 -0.0084982 0.996375 -0.122262 0 0 0 1 
5494384560047;0.60701;0.266164;0.990813 0.0265411 -0.132608 -0.277965 -0.0466047 0.9875 -0.150573 0.671216 0.126954 0.15537 0.979665 -0.448988 0 0 0 1 
5494384560048;0.280379;0.244708;0.998396 -0.00211478 0.0565764 -0.131307 0.000628228 0.999654 0.0262801 -0.20938 -0.0566124 -0.0262024 0.998052 0.781962 0 0 0 1 
5494384560049;0.480826;0.263595;0.91333 0.345695 0.215227 0.560204 -0.353128 0.935566 -0.00417128 1.33399 -0.202801 -0.072193 0.976555 0.983507 0 0 0 1 
5494384560050;0.519994;0.228148;0.969995 0.219328 0.104906 -0.229182 -0.218183 0.97565 -0.0224112 0.238167 -0.107267 -0.00115004 0.99423 0.697958 0 0 0 1 
5494384560051;0.245903;0.256257;0.998137 -0.000414222 0.061017 -0.0463194 -0.00285657 0.998563 0.0535076 -0.295428 -0.0609515 -0.0535822 0.996701 0.283044 0 0 0 1 
5494384560052;0.581213;0.239799;0.93926 0.161553 0.302805 -0.406666 -0.20717 0.970294 0.12494 0.0357289 -0.273626 -0.180084 0.944827 1.08824 0 0 0 1 
5494384560053;0.543864;0.256622;0.955054 -0.2134 0.20575 -0.521357 0.184827 0.971331 0.149513 -1.33706 -0.231757 -0.104765 0.967116 0.803855 0 0 0 1 
5494384560054;0.812423;0.273085;0.984538 -0.0176998 -0.174275 0.182163 0.0249324 0.998912 0.0393993 -0.387858 0.173388 -0.0431352 0.983908 -1.24438 0 0 0 1 
5494384560055;0.804846;0.271385;0.903013 0.0112807 0.429466 0.496182 -0.0653071 0.991642 0.11127 0.545944 -0.424621 -0.128526 0.896202 1.96816 0 0 0 1 
5494384560056;0.404608;0.240276;0.972599 0.182674 0.143807 -0.184111 -0.186449 0.982377 0.0131121 0.208497 -0.138878 -0.0395656 0.989519 0.70292 0 0 0 1 
5494384560057;0.241612;0.24587;0.976659 0.201961 -0.0731423 0.309587 -0.193996 0.975549 0.103293 0.464706 0.0922151 -0.0866927 0.991958 -0.0524451 0 0 0 1 
5494384560058;0.361634;0.242509;0.989936 -0.101837 0.098265 0.096261 0.111108 0.989354 -0.0939932 -0.137624 -0.0876468 0.103965 0.990711 0.622285 0 0 0 1 
5494384560059;0.672349;0.257107;0.997767 0.00217864 0.0667576 -0.111142 -0.00446581 0.999407 0.0341308 -0.121099 -0.0666437 -0.0343527 0.997185 -0.256011 0 0 0 1 
5494384560060;0.435775;0.254559;0.955765 -0.283561 -0.0781423 -0.12118 0.293862 0.909208 0.294933 -1.63661 -0.0125841 -0.30485 0.952317 0.107276 0 0 0 1 
5494384560062;0.821662;0.164304;0.968292 -0.186359 -0.166372 0.346224 0.187462 0.982229 -0.00919586 -1.60683 0.16513 -0.0222842 0.98602 -1.18217 0 0 0 1 
5494384560063;1.2461;0.169686;0.943192 0.118766 -0.310297 1.74777 -0.114789 0.992902 0.0311147 0.760249 0.31179 0.00627161 0.95013 -2.36859 0 0 0 1 
5494384560064;0.351118;0.156348;0.922377 -0.38613 0.0111426 0.206584 0.385627 0.922099 0.0320355 -2.51637 -0.0226445 -0.0252519 0.999425 0.224757 0 0 0 1 
5494384560065;1.02628;0.167523;0.996067 0.0872987 0.0151781 -0.0263106 -0.0866715 0.995513 -0.0379768 0.450775 -0.0184253 0.0365119 0.999163 0.982197 0 0 0 1 
5494384560066;0.385602;0.39127;0.925181 0.370699 -0.0813782 1.08528 -0.369433 0.928751 0.0306587 2.37597 0.0869453 0.00169894 0.996212 -0.377613 0 0 0 1 
5494384560067;1.09812;0.146526;0.979716 -0.127059 0.154963 -0.358276 0.146549 0.981701 -0.121596 -0.920119 -0.136677 0.141839 0.980409 0.287146 0 0 0 1 
5494384560068;0.284277;0.159315;0.988049 0.142764 -0.0581138 0.342124 -0.120087 0.94933 0.290434 0.0555579 0.0966327 -0.279984 0.955129 -0.53986 0 0 0 1 
5494384560069;0.305684;0.166216;0.98638 0.162611 -0.0247476 0.424737 -0.161776 0.986286 0.0326982 1.01613 0.0297253 -0.0282493 0.999159 -0.0350658 0 0 0 1 
5494384560070;1.06788;0.129409;0.998463 0.055418 0.000852457 0.778525 -0.0548931 0.986645 0.153355 0.0111831 0.00765757 -0.153166 0.988171 -0.316176 0 0 0 1 
5494384560071;0.199717;0.130581;0.999946 -0.00376198 0.00968355 -0.00571502 0.00363772 0.999911 0.0128184 -0.0752222 -0.00973092 -0.0127825 0.999871 0.286647 0 0 0 1 
5494384560072;1.02349;0.161499;0.96481 -0.00623477 -0.262873 1.11778 -0.0650293 0.963006 -0.261515 1.72206 0.254779 0.269406 0.928713 -1.24401 0 0 0 1 
5494384560073;0.123206;0.134843;0.99338 -0.114188 0.0125647 -0.010608 0.113408 0.992227 0.0512231 -0.835818 -0.0183161 -0.049459 0.998608 0.218242 0 0 0 1 
5494384560074;0.700296;0.151574;0.93308 0.357814 0.0364903 0.158093 -0.358237 0.933614 0.00557897 2.45245 -0.0320716 -0.0182778 0.999318 0.0147368 0 0 0 1 
5494384560075;0.186882;0.143679;0.999862 0.0149124 0.00728793 0.0887395 -0.0149004 0.999888 -0.0016978 0.143984 -0.00731243 0.00158897 0.999972 0.0181478 0 0 0 1 
5494384560076;1.00141;0.15149;0.992247 -0.0915507 0.0840444 -0.285468 0.083886 0.992348 0.0906015 -0.536918 -0.0916959 -0.082849 0.992335 1.40107 0 0 0 1 
5494384560077;0.605922;0.162236;0.896618 -0.326253 -0.299393 1.37748 0.357324 0.932415 0.0540439 -2.35117 0.261527 -0.155437 0.952598 -1.75753 0 0 0 1 
5494384560078;0.686652;0.15098;0.92046 -0.387678 0.04958 0.0715432 0.387514 0.88876 -0.244824 -1.81712 0.0508483 0.244564 0.968299 0.361382 0 0 0 1 
5494384560079;0.330281;0.154563;0.925496 0.378341 -0.0177452 0.680657 -0.371679 0.91622 0.149653 1.9654 0.0728784 -0.131908 0.988579 -0.380644 0 0 0 1 
5494384560080;0.779401;0.151093;0.91449 0.396906 -0.0785755 1.30073 -0.384013 0.912586 0.140433 2.33529 0.127446 -0.0982506 0.986967 -0.590017 0 0 0 1 
5494384560081;0.603531;0.163397;0.979526 0.197184 -0.0405865 0.542671 -0.200658 0.972577 -0.117599 1.78617 0.0162849 0.123335 0.992231 0.370748 0 0 0 1 
5494384560082;0.617118;0.145537;0.893162 -0.269694 -0.359898 1.47436 0.333589 0.933992 0.127973 -2.17795 0.301628 -0.234359 0.924173 -1.97531 0 0 0 1 
5494384560083;0.290683;0.145828;0.942013 0.315118 0.115379 0.20304 -0.304373 0.947113 -0.101654 2.18703 -0.14131 0.060641 0.988106 0.967262 0 0 0 1 
5494384560084;0.175327;0.171067;0.987671 -0.107735 -0.113572 0.345963 0.0952528 0.989342 -0.110131 -0.262161 0.124227 0.0979549 0.987407 -0.619265 0 0 0 1 
5494384560085;0.943472;0.138759;0.992832 -0.115795 -0.0295901 0.108922 0.102196 0.950894 -0.292159 -0.24635 0.0619674 0.287041 0.955912 0.540706 0 0 0 1 
5494384560086;0.821732;0.150589;0.991339 -0.0229283 0.12931 -0.460412 0.00921106 0.994356 0.105697 -0.532705 -0.131004 -0.10359 0.985955 1.43339 0 0 0 1 
5494384560087;0.12902;0.158435;0.998937 0.0273928 -0.0370707 0.0579915 -0.0263774 0.999271 0.0276102 0.166573 0.0377999 -0.0266031 0.998931 -0.0749509 0 0 0 1 
5494384560088;1.25698;0.190455;0.880514 0.162978 -0.445122 1.66601 -0.136058 0.986417 0.0920263 -0.175109 0.454074 -0.0204681 0.890729 -2.34852 0 0 0 1 
5494384560089;1.3654;0.51601;0.934864 0.34607 0.0791561 0.153009 -0.344702 0.938208 -0.0307708 2.70354 -0.0849137 0.00148125 0.996387 -0.178631 0 0 0 1 
5494384560090;0.736364;0.176977;0.961652 -0.274201 -0.0061975 0.530274 0.255019 0.902241 -0.347745 -0.485988 0.100944 0.332829 0.937569 -0.12641 0 0 0 1 
5494384560091;0.484121;0.184746;0.945564 -0.14055 -0.293521 1.10694 0.208191 0.954471 0.213638 -1.80064 0.25013 -0.263117 0.931775 -1.07331 0 0 0 1 
5494384560093;0.0553842;0.315825;0.985344 0.118916 -0.122298 0.311319 -0.12785 0.989461 -0.0679752 1.02257 0.112926 0.0826147 0.990163 -0.502075 0 0 0 1 
5494384560094;0.672056;0.576719;0.879918 0.0878564 -0.466932 1.85134 -0.0425053 0.993371 0.10681 -0.0876536 0.47322 -0.0741367 0.877819 -2.43902 0 0 0 1 
5494384560095;0.854827;0.349585;0.85116 0.510631 -0.121584 1.453 -0.521343 0.849335 -0.0826503 3.14759 0.0610621 0.133736 0.989134 0.231505 0 0 0 1 
5494384560096;0.268636;0.380428;0.969258 -0.142947 -0.200262 0.42888 0.128627 0.988226 -0.0828466 -0.845845 0.209747 0.0545406 0.976233 -1.27065 0 0 0 1 
5494384560097;0.745786;0.365745;0.988461 0.114148 -0.0995748 -0.176029 -0.114979 0.993364 -0.00262749 0.242944 0.0986142 0.0140462 0.995027 -0.226818 0 0 0 1 
5494384560098;0.365154;0.439003;0.937649 -0.258241 -0.23265 0.735177 0.246499 0.96594 -0.0787241 -1.60337 0.245056 0.0164674 0.969369 -1.3896 0 0 0 1 
5494384560099;0.345567;0.325557;0.997967 0.0608474 -0.0189788 -0.231836 -0.0626861 0.990856 -0.119479 0.825051 0.0115353 0.120425 0.992655 0.129231 0 0 0 1 
5494384560100;0.37298;0.550443;0.940519 -0.114763 -0.319771 0.54445 0.101531 0.993151 -0.0578094 -0.524578 0.324216 0.0219043 0.94573 -1.74507 0 0 0 1 
5494384560101;0.595346;0.516296;0.866262 0.488892 0.102828 0.445868 -0.482028 0.872008 -0.0851474 3.593 -0.131295 0.0241939 0.991048 1.52646 0 0 0 1 
5494384560102;0.240088;0.44614;0.996655 -0.0815659 -0.0051024 -0.294508 0.08066 0.991791 -0.0992153 -0.464444 0.0131531 0.0984719 0.995053 0.101673 0 0 0 1 
5494384560103;0.65911;0.360914;0.989533 0.104624 -0.0993851 0.19181 -0.112451 0.990692 -0.076714 0.809625 0.0904339 0.087087 0.992087 -0.880176 0 0 0 1 
5494384560104;0.317417;0.397926;0.993664 -0.0177377 -0.110982 0.072423 0.0453787 0.966718 0.251787 -1.01002 0.102822 -0.255228 0.961398 -0.453163 0 0 0 1 
5494384560105;0.561217;0.385061;0.928083 0.149085 -0.341225 0.881447 -0.198751 0.973237 -0.115356 1.6445 0.314895 0.174879 0.932876 -1.35795 0 0 0 1 
5494384560106;0.669368;0.511689;0.988645 0.125075 0.0832851 -0.264175 -0.118938 0.990066 -0.0749905 0.502978 -0.0918372 0.0642333 0.9937 1.10542 0 0 0 1 
5494384560107;0.196586;0.371768;0.957542 0.252768 -0.138646 0.629063 -0.257808 0.966002 -0.0193893 1.75032 0.129031 0.0543101 0.990152 -0.670096 0 0 0 1 
5494384560108;0.588165;0.524176;0.949374 0.282974 -0.136436 0.636362 -0.251413 0.944797 0.210119 1.24895 0.188363 -0.16518 0.968109 -1.29167 0 0 0 1 
5494384560109;0.964218;0.389698;0.971562 0.23578 0.0217808 0.00139837 -0.23548 0.971756 -0.015483 1.69683 -0.0248162 0.00991377 0.999643 1.06774 0 0 0 1 
5494384560110;0.522946;0.30326;0.935579 -0.334743 -0.112426 0.22389 0.335729 0.941899 -0.0106112 -2.50108 0.109446 -0.027817 0.993603 -0.563684 0 0 0 1 
5494384560111;0.382633;0.324347;0.994765 0.0981702 -0.0283764 -0.152276 -0.101327 0.983577 -0.14936 1.07055 0.0132477 0.151453 0.988376 -0.0465745 0 0 0 1 
5494384560112;1.20633;0.387889;0.985495 -0.103446 -0.134528 -0.347703 0.0954054 0.993319 -0.0649172 -0.0626666 0.140345 0.0511409 0.988781 -0.061147 0 0 0 1 
5494384560113;0.493118;0.346123;0.955745 0.261423 -0.13494 0.600174 -0.276214 0.955268 -0.105683 2.11417 0.101276 0.138278 0.985202 -0.773681 0 0 0 1 
5494384560114;0.011633;0.328975;0.983101 0.136526 -0.121957 0.300968 -0.141548 0.989366 -0.033466 0.978101 0.116091 0.0501632 0.991971 -0.545877 0 0 0 1 
5494384560115;0.837027;0.378705;0.940843 0.0147365 -0.338521 0.575354 0.0304877 0.99132 0.127888 -0.931825 0.337467 -0.130643 0.932228 -1.76624 0 0 0 1 
5494384560116;0.753813;0.323318;0.988542 0.0386855 -0.145902 -0.165922 -0.0440814 0.998452 -0.0339318 0.529439 0.144363 0.0399745 0.988717 -0.99524 0 0 0 1 
5494384560117;0.39392;0.408872;0.9192 0.387927 -0.0677025 0.678028 -0.393255 0.913247 -0.106449 2.93488 0.0205345 0.124473 0.992011 0.397592 0 0 0 1 
5494384560118;0.486867;0.449525;0.975815 0.175699 -0.130058 0.496547 -0.209438 0.921875 -0.32601 1.9742 0.0626174 0.345365 0.936377 -0.206004 0 0 0 1 
5494384560119;0.307339;0.435152;0.915654 0.39525 -0.073183 0.713518 -0.390148 0.917701 0.0748903 2.47439 0.0967605 -0.0400214 0.994503 -0.386035 0 0 0 1 
5494384560120;1.07013;0.362029;0.970254 -0.116328 -0.212311 0.652786 0.0898843 0.987399 -0.130242 -0.231072 0.224786 0.107285 0.968484 -2.00824 0 0 0 1 
5494384560121;0.937742;0.396201;0.835104 0.486628 -0.256506 1.29342 -0.520087 0.850359 -0.0799937 3.05519 0.179195 0.200209 0.963227 -1.05768 0 0 0 1 
5494384560122;0.448809;0.378168;0.881865 0.463975 0.0839096 0.488527 -0.449525 0.881039 -0.147299 3.54411 -0.142271 0.0921787 0.985526 1.37482 0 0 0 1 
5494384560124;0.180601;0.411228;0.993064 -0.0703207 0.0942319 -0.310701 0.0655044 0.996429 0.0532677 0.114756 -0.0976413 -0.0467256 0.994124 0.405017 0 0 0 1 
5494384560125;0.336264;0.51783;0.949763 -0.131999 0.283771 -0.596291 0.191706 0.962064 -0.194115 0.0385915 -0.247383 0.238764 0.939038 1.10307 0 0 0 1 
5494384560126;0.158937;0.441745;0.99202 0.112665 0.0565891 -0.244587 -0.100507 0.977669 -0.184556 1.16586 -0.0761185 0.177396 0.981191 0.455396 0 0 0 1 
5494384560127;0.459182;0.414012;0.98981 -0.109657 -0.0908338 0.509925 0.0977135 0.987095 -0.126868 0.597882 0.103574 0.116699 0.987752 -0.22885 0 0 0 1 
5494384560128;0.768681;0.33824;0.966123 -0.11884 0.229094 -0.715826 0.193784 0.920313 -0.339812 0.43778 -0.170455 0.372694 0.912165 0.387942 0 0 0 1 
5494384560129;0.8631;0.550796;0.920413 -0.0101907 0.390815 -0.945501 -0.00904372 0.998838 0.0473441 -0.206349 -0.390844 -0.0471105 0.919251 1.91402 0 0 0 1 
5494384560130;0.294138;0.524874;0.989693 -0.140129 -0.0295201 0.199113 0.139361 0.989883 -0.0266334 0.0305401 0.0329536 0.0222449 0.999209 -0.228703 0 0 0 1 
5494384560131;0.331415;0.490563;0.99566 -0.0480008 -0.0797358 0.0135076 0.0313644 0.979676 -0.198117 0.699964 0.0876251 0.194756 0.97693 0.18209 0 0 0 1 
5494384560132;0.299743;0.538446;0.934532 -0.00375889 -0.35586 0.849468 0.00638771 0.99996 0.00621253 0.499406 0.355822 -0.00807893 0.934519 -1.26821 0 0 0 1 
5494384560133;0.275606;0.381861;0.918307 0.137698 -0.371149 1.04994 -0.149768 0.988714 -0.00374172 1.01224 0.366445 0.0590224 0.928566 -1.26945 0 0 0 1 
5494384560134;0.715759;0.35212;0.967231 0.253261 0.0179519 0.118517 -0.252439 0.966837 -0.0387302 1.53265 -0.0271654 0.0329293 0.999088 0.926415 0 0 0 1 
5494384560135;0.221863;0.476615;0.956045 0.271524 0.110692 -0.0334584 -0.254362 0.955782 -0.147585 1.89367 -0.14587 0.112942 0.982836 0.764511 0 0 0 1 
5494384560136;0.513605;0.323284;0.95672 0.290962 0.00523042 -0.16144 -0.29001 0.954771 -0.0656238 2.03527 -0.0240879 0.0612668 0.997831 -0.0531765 0 0 0 1 
5494384560137;0.0725673;0.380549;0.998735 0.0477317 -0.015838 0.0122054 -0.0483838 0.997872 -0.0437203 0.705739 0.0137174 0.0444313 0.998918 0.101128 0 0 0 1 
5494384560138;0.458946;0.432323;0.995152 -0.0240891 -0.095358 0.0589474 -0.00733464 0.948666 -0.316194 0.967906 0.0980798 0.31536 0.94389 0.348407 0 0 0 1 
5494384560139;0.373858;0.518237;0.976656 0.189454 0.101243 0.111798 -0.167651 0.966941 -0.192139 1.27697 -0.134297 0.17068 0.976131 0.577075 0 0 0 1 
5494384560140;0.407687;0.517973;0.939708 0.315147 -0.132781 0.32079 -0.326062 0.942751 -0.0700251 1.89844 0.103111 0.109098 0.988669 0.0236819 0 0 0 1 
5494384560141;0.827786;0.425061;0.997633 0.0499977 0.0472082 -0.25754 -0.0440229 0.991789 -0.120073 0.942601 -0.0528239 0.11771 0.991642 1.25244 0 0 0 1 
5494384560142;0.791925;0.50157;0.998559 -0.0281091 0.0457154 -0.807249 0.0364608 0.980405 -0.193587 0.592452 -0.0393781 0.194975 0.980017 -0.250196 0 0 0 1 
5494384560143;0.413054;0.536953;0.888434 0.372699 0.267918 -0.0156853 -0.32544 0.92309 -0.204924 2.09173 -0.323688 0.0948701 0.941396 1.48427 0 0 0 1 
5494384560144;0.460909;0.424661;0.989616 0.0979241 -0.105216 0.199852 -0.111835 0.984422 -0.135671 1.14194 0.0902911 0.146029 0.985151 0.24932 0 0 0 1 
5494384560145;0.514439;0.570342;0.992453 -0.0709064 0.100047 -0.452437 0.0681378 0.997199 0.030829 0.722146 -0.101953 -0.0237794 0.994505 0.698481 0 0 0 1 
5494384560146;0.876277;0.463639;0.959827 0.280592 -0.00101029 0.997398 -0.27527 0.940911 -0.197261 1.82972 -0.0543993 0.189615 0.98035 -0.163655 0 0 0 1 
5494384560147;0.0882485;0.337293;0.986873 0.0712201 -0.144949 0.330954 -0.0742768 0.997113 -0.0157797 0.716909 0.143407 0.0263389 0.989313 -0.519919 0 0 0 1 
5494384560148;0.565514;0.49278;0.882737 0.343801 0.320274 0.219988 -0.245712 0.918765 -0.309026 2.50522 -0.4005 0.194093 0.895504 1.93301 0 0 0 1 
5494384560149;0.651367;0.42988;0.99284 -0.111901 0.0418006 -0.570994 0.115361 0.989013 -0.0924386 0.085931 -0.0309974 0.0965989 0.994841 0.848144 0 0 0 1 
5494384560150;0.389377;0.481273;0.951419 -0.248229 0.182168 -0.404001 0.281128 0.941641 -0.185146 -0.465478 -0.125578 0.227364 0.965679 0.789578 0 0 0 1 
5494384560151;0.428451;0.552895;0.938737 -0.340191 -0.0551656 0.0573854 0.322817 0.924018 -0.204892 -0.372784 0.120676 0.174531 0.977229 -0.610714 0 0 0 1 
5494384560152;0.492131;0.58706;0.94805 -0.318122 0.000183196 -0.157035 0.317408 0.94596 0.0664191 -1.16532 -0.0213026 -0.0629105 0.997792 0.0158265 0 0 0 1 
5494384560153;0.585822;0.386125;0.998896 0.0360933 -0.0300781 0.0272026 -0.0431998 0.957267 -0.285962 1.32218 0.0184714 0.286946 0.957769 -0.474178 0 0 0 1 
5494384560155;0.510199;0.390265;0.999418 -0.0332752 0.0075731 0.402661 0.0319821 0.990691 0.132316 0.0572476 -0.0119055 -0.131997 0.991179 0.468809 0 0 0 1 
5494384560156;0.606536;0.502824;0.997379 0.0679288 -0.0249036 0.65235 -0.0653888 0.993651 0.0915541 0.00601709 0.0309647 -0.0896857 0.995489 -0.666803 0 0 0 1 
5494384560157;0.698949;1.18475;0.885108 0.448401 0.124581 1.18642 -0.416087 0.642557 0.643422 -0.0677591 0.208461 -0.621335 0.755306 -0.492101 0 0 0 1 
5494384560158;0.932434;0.750924;0.971558 0.156491 0.177725 0.544548 -0.190409 0.962462 0.193422 0.329997 -0.140785 -0.221761 0.964884 0.832927 0 0 0 1 
5494384560159;0.588127;0.558383;0.952879 0.212543 0.216441 0.825352 -0.243433 0.961497 0.127531 -0.0528104 -0.181001 -0.17421 0.96793 0.60567 0 0 0 1 
5494384560160;0.813406;0.455774;0.950654 0.174492 -0.256535 1.50453 -0.12259 0.97083 0.206061 0.176938 0.285008 -0.164444 0.944314 -0.83591 0 0 0 1 
5494384560161;0.869163;0.538203;0.987001 0.157865 -0.0301284 0.735893 -0.146168 0.959688 0.24007 -0.76362 0.0668125 -0.232546 0.970288 -0.0827299 0 0 0 1 
5494384560162;0.520155;0.453093;0.996514 0.00659953 -0.0831611 0.386562 0.00604329 0.988536 0.150865 0.388419 0.0832033 -0.150842 0.98505 0.411083 0 0 0 1 
5494384560163;0.884248;0.552561;0.884947 0.465563 -0.0109855 1.65377 -0.457786 0.874009 0.162911 0.595177 0.0854468 -0.139139 0.98658 -0.0590267 0 0 0 1 
5494384560164;0.069281;0.323471;0.999268 0.0194754 -0.032933 0.37177 -0.0166796 0.996399 0.0831331 0.0138809 0.0344334 -0.082523 0.995994 -0.0485451 0 0 0 1 
5494384560165;0.359877;0.573819;0.960409 0.240506 0.140612 0.522692 -0.233956 0.970291 -0.0616445 0.36119 -0.151261 0.0263069 0.988144 0.39776 0 0 0 1 
5494384560166;0.617506;0.40552;0.956411 0.0870427 -0.278749 0.981035 -0.0305543 0.979133 0.200911 -0.134098 0.290421 -0.183637 0.939113 -0.0702227 0 0 0 1 
5494384560167;0.359577;1.95316;0.824502 0.525651 0.209493 1.306 -0.492838 0.485165 0.722306 -1.29957 0.278042 -0.698789 0.659081 -0.936903 0 0 0 1 
5494384560168;0.367236;0.603765;0.979413 0.126708 0.15715 0.628141 -0.116722 0.990605 -0.0712629 0.258871 -0.164703 0.051453 0.985 0.4022 0 0 0 1 
5494384560169;0.299703;0.415635;0.99486 0.0652271 -0.0774491 0.567823 -0.0553382 0.990788 0.123597 -0.13989 0.0847975 -0.118676 0.989306 0.035547 0 0 0 1 
5494384560170;0.388752;0.426283;0.996799 0.077373 -0.0201519 0.799228 -0.0729633 0.983344 0.166465 0.19619 0.0326962 -0.164462 0.985841 -0.196029 0 0 0 1 
5494384560171;0.436725;0.455906;0.999388 0.0313904 0.0154155 0.660955 -0.032953 0.992867 0.114582 0.23485 -0.0117088 -0.11502 0.993294 -0.222458 0 0 0 1 
5494384560172;0.743415;0.448397;0.977311 0.210795 -0.0206824 1.25066 -0.204061 0.963235 0.174752 0.198661 0.0567589 -0.166567 0.984395 0.0116756 0 0 0 1 
5494384560173;0.766137;1.04442;0.999305 0.00368428 -0.0370864 0.702622 -0.00740977 0.994877 -0.100824 1.38162 0.0365249 0.101029 0.994213 0.19887 0 0 0 1 
5494384560174;0.152675;0.442723;0.99736 -0.0143907 -0.0711748 0.364271 0.0240722 0.990265 0.1371 -0.0171728 0.0685089 -0.138452 0.987997 -0.101813 0 0 0 1 
5494384560175;0.731473;0.657816;0.986293 0.120409 -0.112819 0.877016 -0.107002 0.98721 0.118182 -0.194631 0.125606 -0.10449 0.986562 -1.02403 0 0 0 1 
5494384560176;0.458408;0.759;0.942868 -0.0110215 0.332984 0.387293 0.0311058 0.997999 -0.0550456 0.675701 -0.331711 0.0622585 0.941324 0.732391 0 0 0 1 
5494384560177;0.329052;0.603715;0.976236 0.0437146 -0.212254 0.703204 -0.00261809 0.981751 0.190154 -0.238672 0.216693 -0.18508 0.958535 -0.266021 0 0 0 1 
5494384560178;0.128329;0.361109;0.992379 0.0640767 -0.105256 0.484286 -0.0476786 0.987304 0.151517 -0.0302063 0.113628 -0.145344 0.982835 -0.180257 0 0 0 1 
5494384560179;0.884119;0.629802;0.960136 0.104772 0.259156 0.110799 -0.170499 0.954177 0.245919 -0.1478 -0.221515 -0.280302 0.934003 -0.644356 0 0 0 1 
5494384560180;0.395688;0.429437;0.999308 -0.0005929 -0.037203 0.284823 0.00383961 0.996178 0.0872596 0.210294 0.0370091 -0.087342 0.995491 -0.279681 0 0 0 1 
5494384560181;0.929561;1.05883;0.999366 -0.0233713 -0.026859 0.395006 0.0257524 0.995423 0.0920293 0.0432365 0.0245852 -0.0926626 0.995394 -0.620238 0 0 0 1 
5494384560182;0.699324;1.51773;0.857746 0.493272 0.144758 0.683352 -0.489066 0.696242 0.525415 -0.813305 0.158385 -0.521469 0.838442 -1.20413 0 0 0 1 
5494384560183;0.638253;0.436583;0.925859 -0.0742031 0.370513 -0.0691653 0.0326179 0.992564 0.117275 -0.211418 -0.37646 -0.0964944 0.921394 1.07507 0 0 0 1 
5494384560184;0.208766;0.535436;0.972546 0.230754 -0.0301213 0.728604 -0.226532 0.968386 0.104456 0.15594 0.0532728 -0.0947649 0.994073 -0.0995088 0 0 0 1 
5494384560186;0.36111;0.438329;0.993867 -0.0306117 0.106263 -0.0102957 0.0353379 0.998455 -0.0428815 0.149752 -0.104787 0.0463736 0.993413 1.30927 0 0 0 1 
5494384560187;0.496451;0.504417;0.985999 0.165951 -0.0163088 0.66428 -0.157079 0.957183 0.24316 0.247864 0.0559632 -0.237194 0.969849 0.215344 0 0 0 1 
5494384560188;0.447898;0.444611;0.917011 -0.351926 0.18772 -0.292766 0.317628 0.928986 0.189995 -1.6517 -0.241254 -0.114602 0.963672 1.34158 0 0 0 1 
5494384560189;0.616026;0.476109;0.97062 -0.214422 -0.109182 0.468169 0.211627 0.976661 -0.0367166 -0.297173 0.114507 0.0125319 0.993343 0.39994 0 0 0 1 
5494384560190;0.219844;0.476943;0.985306 -0.168048 0.0305359 -0.11576 0.166591 0.984987 0.0452543 -0.701781 -0.0376823 -0.0395023 0.998509 0.683558 0 0 0 1 
5494384560191;0.269957;0.494463;0.967816 0.193035 0.161463 0.252276 -0.189818 0.981186 -0.0352625 0.839911 -0.165232 0.00347893 0.986249 1.22401 0 0 0 1 
5494384560192;0.563983;0.471209;0.995093 0.056812 0.081007 -0.168543 -0.0839929 0.917775 0.388116 -0.00904478 -0.0522965 -0.393015 0.918044 1.14666 0 0 0 1 
5494384560193;0.714742;0.421147;0.989787 -0.141243 0.0192827 0.362637 0.141515 0.957254 -0.252268 -0.609475 0.0171727 0.25242 0.967465 -0.00803606 0 0 0 1 
5494384560194;0.621903;0.457725;0.985876 -0.146981 0.0802796 -0.123594 0.148764 0.988732 -0.0166785 -0.682763 -0.0769236 0.0283857 0.996633 1.55036 0 0 0 1 
5494384560195;0.355585;0.416227;0.942527 -0.27287 0.192832 -0.313478 0.268562 0.962033 0.0486534 -1.16344 -0.198787 0.00593028 0.980025 1.5319 0 0 0 1 
5494384560196;0.150749;0.451365;0.991982 0.0573257 0.112633 0.00770971 -0.0638497 0.996432 0.0551928 0.0691124 -0.109067 -0.0619418 0.992103 1.0771 0 0 0 1 
5494384560197;0.514288;0.492099;0.896652 -0.442627 -0.00985008 0.553048 0.441835 0.893184 0.0836907 -1.85818 -0.0282459 -0.0793935 0.996443 0.946346 0 0 0 1 
5494384560198;0.530599;0.420736;0.979759 0.011488 0.199849 -0.317019 0.0542126 0.945816 -0.320145 0.018999 -0.192698 0.3245 0.926049 1.19136 0 0 0 1 
5494384560199;0.148187;0.425327;0.988533 0.109483 0.104004 0.102005 -0.107577 0.993912 -0.0237775 0.462028 -0.105974 0.0123164 0.994293 0.933308 0 0 0 1 
5494384560200;0.674054;0.502242;0.988199 -0.0676517 0.137426 -0.689422 0.0672341 0.997708 0.00768335 -0.608214 -0.137631 0.00164705 0.990482 0.817424 0 0 0 1 
5494384560201;0.851959;0.456619;0.924762 -0.217331 0.31238 -0.222773 0.145889 0.960629 0.23645 -0.942413 -0.35147 -0.173088 0.92006 1.1176 0 0 0 1 
5494384560202;0.0584502;0.467489;0.997057 -0.0251292 0.072434 0.0346406 0.0253859 0.999674 -0.00262567 -0.0856168 -0.0723444 0.00445674 0.99737 0.795797 0 0 0 1 
5494384560203;0.443983;0.404577;0.981316 -0.00297005 0.19238 -0.263683 0.0584959 0.957155 -0.283606 0.353149 -0.183295 0.289561 0.939445 1.13139 0 0 0 1 
5494384560204;0.212563;0.432711;0.991825 0.0377024 0.121906 -0.11393 -0.0413208 0.998773 0.0272899 0.0854433 -0.120728 -0.032104 0.992166 0.751213 0 0 0 1 
5494384560205;0.664348;0.438203;0.830027 -0.293034 0.474537 0.0276186 0.247288 0.956005 0.157808 -1.08328 -0.499903 -0.0136377 0.865974 3.38164 0 0 0 1 
5494384560206;0.578856;0.460602;0.986477 -0.0889148 0.137686 0.00989846 0.0919866 0.99563 -0.0160981 -0.259979 -0.135653 0.0285456 0.990345 1.75765 0 0 0 1 
5494384560207;0.371227;0.41546;0.957958 -0.0761046 0.27663 -0.429232 -0.0103661 0.954367 0.298456 -0.619106 -0.286721 -0.288776 0.913455 1.7913 0 0 0 1 
5494384560208;0.803964;0.468295;0.979917 0.0277922 0.197461 -0.0118191 -0.028735 0.999585 0.00191047 0.218262 -0.197326 -0.00754614 0.980309 2.29646 0 0 0 1 
5494384560209;0.402561;0.456969;0.917158 -0.394574 -0.0559587 0.282962 0.379421 0.907498 -0.180243 -1.29323 0.121902 0.144079 0.982029 0.184779 0 0 0 1 
5494384560210;0.831689;0.462544;0.972779 0.108989 0.204508 -0.206289 -0.0666587 0.976804 -0.203496 1.25109 -0.221943 0.184324 0.957479 0.946681 0 0 0 1 
5494384560211;0.793568;0.454574;0.999047 -0.0375693 0.022199 0.784083 0.0381259 0.998955 -0.025204 0.200101 -0.0212289 0.0260264 0.999436 0.216822 0 0 0 1 
5494384560212;0.459124;0.465303;0.992957 -0.0129094 0.117767 0.234507 0.00860688 0.999279 0.0369701 0.0308019 -0.118159 -0.0356961 0.992353 1.41359 0 0 0 1 
5494384560213;0.436091;0.485928;0.974055 -0.0500825 -0.2207 0.662809 -0.000981691 0.974262 -0.225418 0.456832 0.226309 0.219786 0.948935 0.0830295 0 0 0 1 
5494384560214;0.701608;0.439884;0.995129 -0.0170891 0.0970864 -0.0566513 0.0172066 0.999852 -0.000373049 0.636659 -0.0970656 0.00204176 0.995276 0.581023 0 0 0 1 
5494384560215;0.568246;0.544421;0.98875 0.0135519 -0.14896 0.885821 0.0198938 0.975125 0.220762 -0.426992 0.148246 -0.221242 0.963885 0.00331522 0 0 0 1 
5494384560217;0.781012;0.209896;0.971036 0.238068 -0.0203357 0.820896 -0.23882 0.969689 -0.0516623 1.21089 0.00742012 0.0550225 0.998458 0.371246 0 0 0 1 
5494384560218;0.673342;0.186109;0.876365 -0.0235845 -0.48107 1.86854 0.082884 0.991285 0.102392 -0.760562 0.474463 -0.129606 0.870682 -1.86813 0 0 0 1 
5494384560219;0.333437;0.171215;0.951804 -0.284917 -0.113545 0.436181 0.286123 0.958175 -0.00588153 -1.6066 0.110471 -0.0268896 0.993515 -0.499116 0 0 0 1 
5494384560220;0.675306;0.157783;0.956287 -0.0938913 -0.276947 0.741123 0.0805061 0.994986 -0.0593384 -0.235328 0.28113 0.0344486 0.959051 -0.832217 0 0 0 1 
5494384560221;0.374554;0.197739;0.865343 0.501151 -0.00534087 1.13509 -0.496183 0.855166 -0.149976 3.23556 -0.0705935 0.132431 0.988675 0.692789 0 0 0 1 
5494384560222;1.07278;0.207765;0.940438 0.193783 -0.27933 0.550511 -0.239739 0.960581 -0.140749 2.51953 0.241044 0.199332 0.949823 -0.774134 0 0 0 1 
5494384560223;0.406435;0.163368;0.902293 0.430987 -0.0108714 0.610159 -0.43075 0.900171 -0.0643987 2.5888 -0.0179689 0.0627893 0.997865 0.421026 0 0 0 1 
5494384560224;0.20751;0.190649;0.991882 0.0108396 0.126698 -0.390763 -0.0121201 0.999883 0.00933959 0.107998 -0.126582 -0.0107994 0.991897 0.837349 0 0 0 1 
5494384560225;0.828158;0.220878;0.98439 0.121842 -0.127009 0.324068 -0.112477 0.990549 0.0784936 0.69815 0.135373 -0.0629827 0.988791 0.111826 0 0 0 1 
5494384560226;0.429538;0.20096;0.870923 0.161148 -0.464246 1.92288 -0.0689738 0.975438 0.209198 0.274768 0.486555 -0.150174 0.860646 -2.60685 0 0 0 1 
5494384560227;0.623994;0.204844;0.955063 -0.280106 0.0969287 -0.225398 0.261067 0.949802 0.172398 -1.48875 -0.140353 -0.139346 0.980247 0.682413 0 0 0 1 
5494384560228;0.349478;0.151734;0.981951 -0.0766756 -0.172899 0.450527 0.122963 0.953392 0.275544 -1.10519 0.143713 -0.291831 0.945612 -0.782572 0 0 0 1 
5494384560229;0.390705;0.205359;0.982698 0.170764 -0.0717234 0.230092 -0.173923 0.983933 -0.0403372 1.46387 0.0636829 0.0521136 0.996609 0.010678 0 0 0 1 
5494384560230;0.944473;0.20556;0.981032 0.167715 0.0971978 -0.725105 -0.162361 0.984866 -0.0606503 1.34597 -0.105899 0.0437187 0.993415 0.243888 0 0 0 1 
5494384560231;0.749473;0.159513;0.946442 -0.173752 0.272135 -0.819795 0.155037 0.983892 0.0889961 -0.942321 -0.283214 -0.0420386 0.958135 1.33124 0 0 0 1 
5494384560232;0.1939;0.18404;0.999299 -0.0110971 0.0357544 -0.148699 0.00618785 0.990881 0.134596 -0.28699 -0.036922 -0.13428 0.990255 0.221929 0 0 0 1 
5494384560233;0.634182;0.234966;0.902545 0.323608 0.284062 -0.051923 -0.379818 0.909093 0.171137 1.95584 -0.202858 -0.26235 0.943409 0.8373 0 0 0 1 
5494384560234;0.39885;0.202265;0.925433 -0.299935 -0.231544 0.871699 0.297524 0.9536 -0.0461202 -1.5317 0.234634 -0.026209 0.97173 -1.36486 0 0 0 1 
5494384560235;0.0516956;0.195958;0.98441 0.171889 -0.0373052 0.279381 -0.171862 0.985113 0.00396255 1.09775 0.0374309 0.00251056 0.999296 -0.141507 0 0 0 1 
5494384560236;0.391323;0.210572;0.998068 -0.0372711 -0.0497057 0.186627 0.0392981 0.998409 0.0404464 0.125653 0.0481192 -0.0423216 0.997945 -0.219772 0 0 0 1 
5494384560237;1.02921;0.188879;0.993219 0.115838 0.00989369 0.672431 -0.112676 0.980074 -0.163584 1.38934 -0.0286458 0.16136 0.98648 1.09571 0 0 0 1 
5494384560238;0.757061;0.20256;0.930975 0.348839 -0.10769 1.05534 -0.348372 0.937056 0.0237274 2.44587 0.109188 0.0154264 0.993901 -1.00768 0 0 0 1 
5494384560239;0.288361;0.20699;0.8888 0.389614 0.24132 0.211297 -0.365827 0.92032 -0.138499 2.52753 -0.276052 0.0348166 0.960512 1.84361 0 0 0 1 
5494384560240;0.0978136;0.216026;0.97341 0.169552 -0.154029 0.59726 -0.167904 0.985517 0.0237412 1.02895 0.155823 0.00275209 0.987781 -0.769782 0 0 0 1 
5494384560241;0.673589;0.216955;0.907731 0.389659 -0.155532 0.996604 -0.417899 0.872615 -0.252793 3.60294 0.0372169 0.294464 0.954937 0.260934 0 0 0 1 
5494384560242;1.04802;0.178223;0.971355 0.205666 0.119039 -0.293055 -0.187014 0.970678 -0.151033 2.10233 -0.146611 0.124445 0.981335 1.77752 0 0 0 1 
5494384560243;0.111566;0.252281;0.996088 0.0618402 -0.0631258 0.21519 -0.0671805 0.994001 -0.0863118 0.80778 0.0574095 0.090215 0.994266 -0.22496 0 0 0 1 
5494384560244;1.00468;0.203066;0.992836 -0.119481 0.000233167 0.329468 0.119443 0.99257 0.0232024 -0.474106 -0.00300368 -0.0230083 0.999731 -0.733252 0 0 0 1 
5494384560245;0.648612;0.162874;0.999477 -0.0314535 0.00747339 -0.0597964 0.0316768 0.998988 -0.0319212 0.30009 -0.0064618 0.0321412 0.999462 0.617318 0 0 0 1 
5494384560246;0.310363;0.225266;0.997717 0.0590161 0.0328448 0.0306932 -0.0621351 0.992651 0.103845 0.313147 -0.0264749 -0.105649 0.994051 0.46806 0 0 0 1 
5494384560248;0.548689;0.484488;0.986714 -0.152105 0.0570933 0.0984401 0.147516 0.986022 0.0774591 -2.44725 -0.0680772 -0.0680078 0.995359 1.39391 0 0 0 1 
5494384560249;0.350307;0.392169;0.949853 0.288977 0.119467 0.0955248 -0.270043 0.950686 -0.152552 2.83998 -0.15766 0.11264 0.981048 1.27733 0 0 0 1 
5494384560250;0.482059;0.36804;0.987563 0.102431 0.11928 0.512656 -0.094141 0.992865 -0.0731933 0.0263429 -0.125926 0.0610539 0.990159 1.24194 0 0 0 1 
5494384560251;0.346948;0.392992;0.934644 0.279579 0.219718 -0.0359251 -0.299027 0.952343 0.0602063 2.17851 -0.192414 -0.121973 0.973704 2.40019 0 0 0 1 
5494384560252;0.590914;0.353164;0.931748 -0.179707 -0.315516 1.96067 0.136679 0.97861 -0.153757 -2.16131 0.336398 0.100138 0.93638 -3.34746 0 0 0 1 
5494384560253;0.449485;0.522464;0.934596 0.0784735 -0.346947 1.80136 -0.110628 0.991116 -0.0738328 0.901144 0.338071 0.107386 0.934974 -3.38908 0 0 0 1 
5494384560254;0.682288;0.526199;0.968647 -0.238796 0.0685492 1.14827 0.226282 0.961913 0.153362 -3.7874 -0.10256 -0.133042 0.98579 1.9062 0 0 0 1 
5494384560255;0.468787;0.359213;0.997184 0.0474246 0.0580917 -0.287395 -0.0409623 0.99333 -0.107784 0.292665 -0.0628158 0.105101 0.992476 -0.214568 0 0 0 1 
5494384560256;0.445109;0.358784;0.895706 0.405573 0.182267 -0.0251652 -0.427576 0.89812 0.102756 3.43524 -0.122022 -0.169972 0.977865 0.952741 0 0 0 1 
5494384560257;0.358958;0.450608;0.976663 -0.0313243 0.212483 -0.352509 -0.00048291 0.988985 0.148016 -1.08001 -0.214779 -0.144664 0.965889 2.63708 0 0 0 1 
5494384560258;0.299214;0.521372;0.969289 -0.219711 0.110479 0.495844 0.236812 0.955043 -0.178364 -2.50807 -0.0663235 0.19905 0.977743 0.265472 0 0 0 1 
5494384560259;0.232186;0.45506;0.997088 -0.0746786 0.015467 0.343147 0.0726138 0.99163 0.106754 -1.83503 -0.0233098 -0.10532 0.994165 0.0734487 0 0 0 1 
5494384560260;0.561418;0.332667;0.946739 0.304482 0.104761 -0.0622252 -0.312963 0.946645 0.0769174 2.41547 -0.0757518 -0.105607 0.991518 1.6428 0 0 0 1 
5494384560261;0.428236;0.417872;0.854901 0.312064 0.41444 0.00648929 -0.282432 0.950055 -0.132773 2.5344 -0.435174 -0.00354295 0.900339 4.54287 0 0 0 1 
5494384560262;0.264025;0.392759;0.9953 0.0282283 0.0926355 0.29964 -0.0138933 0.9883 -0.151886 -0.00727493 -0.0958391 0.149885 0.984047 0.431471 0 0 0 1 
5494384560263;0.26212;0.358464;0.993369 0.114587 -0.009427 0.276011 -0.113899 0.991952 0.0552981 0.154762 0.0156876 -0.0538577 0.998425 0.260111 0 0 0 1 
5494384560264;0.617641;0.428478;0.99268 -0.0577707 -0.106062 0.950289 0.00966512 0.913361 -0.407036 1.10268 0.120388 0.403031 0.907233 -2.05845 0 0 0 1 
