#;prob_registration_l1 -r /home/probabilistic_point_clouds_registration/build/tester /home/point_clouds_registration_benchmark//devel/registration_pairs/urban05_local.txt /home/point_clouds_registration_benchmark//kaist/urban05 -s 0.2 -t 0.2 -p 0.3 -r 1000 -m 20 -i 40 
id;initial_error;final_error;transformation
34562489690000;0.13992;0.569319;1 -1.19899e-07 6.63521e-07 -0.8581 1.19899e-07 1 2.62442e-08 4.0498 -6.63521e-07 -2.62441e-08 1 -0.0788417 0 0 0 1 
34562489690001;0.182436;0.281676;1 -8.16596e-08 5.25408e-07 -0.695128 8.16595e-08 1 4.28097e-08 0.973479 -5.25408e-07 -4.28097e-08 1 -0.318877 0 0 0 1 
34562489690002;0.400034;0.628656;0.999996 -6.85067e-07 -0.00283085 7.53734 1.38309e-06 1 0.000246573 -3.22199 0.00283085 -0.000246576 0.999996 -4.19481 0 0 0 1 
34562489690003;0.381518;0.537751;0.999557 3.36142e-05 -0.0297581 43.5254 4.36423e-05 0.999997 0.0025955 -5.46656 0.0297581 -0.00259565 0.999554 -18.2198 0 0 0 1 
34562489690004;0.467995;0.842682;1 -1.43951e-07 4.93582e-07 -1.04013 1.43951e-07 1 5.53894e-08 3.16485 -4.93582e-07 -5.53894e-08 1 -0.372242 0 0 0 1 
34562489690005;0.423309;0.772713;1 -1.79202e-07 8.14064e-07 -1.37792 1.79202e-07 1 6.90014e-08 2.95 -8.14064e-07 -6.90012e-08 1 -0.482704 0 0 0 1 
34562489690006;0.190415;1.03265;1 -9.63712e-08 1.60585e-06 -1.17023 9.63712e-08 1 -3.93797e-08 -8.79697 -1.60585e-06 3.93799e-08 1 0.00965692 0 0 0 1 
34562489690007;0.167146;0.966692;1 -6.72645e-08 1.37765e-06 -0.00121659 6.72645e-08 1 1.29359e-09 7.61654 -1.37765e-06 -1.2935e-09 1 0.313122 0 0 0 1 
34562489690008;0.102809;0.108054;1 -3.17262e-08 8.43258e-08 -0.211419 3.17262e-08 1 6.74862e-09 -0.245598 -8.43258e-08 -6.74862e-09 1 -0.0313359 0 0 0 1 
34562489690009;0.0509686;0.16547;1 -6.13364e-06 -1.21253e-05 48.7755 6.13362e-06 1 -1.89676e-06 -5.56845 1.21253e-05 1.89669e-06 1 -23.8171 0 0 0 1 
34562489690010;0.0869115;0.573961;1 -1.35719e-07 -7.34422e-08 -1.02686 1.35719e-07 1 2.91798e-08 4.25886 7.34422e-08 -2.91798e-08 1 -0.17094 0 0 0 1 
34562489690011;0.0782188;0.211418;0.999071 0.000150413 -0.0430909 -552.628 1.17672e-05 0.999993 0.0037634 48.9838 0.0430911 -0.00376041 0.999064 -12.7984 0 0 0 1 
34562489690012;0.0495854;0.990456;1 -2.36312e-08 2.04703e-07 -1.01226 2.36312e-08 1 1.25365e-08 -8.58057 -2.04703e-07 -1.25365e-08 1 -0.360135 0 0 0 1 
34562489690013;0.0622498;0.105386;1 -1.04453e-09 9.87937e-09 -0.498587 1.04453e-09 1 -3.64066e-09 0.640661 -9.87937e-09 3.64066e-09 1 0.0342434 0 0 0 1 
34562489690014;0.30978;0.381111;1 -4.10078e-08 2.9439e-08 -0.210149 4.10078e-08 1 1.13278e-08 1.20616 -2.9439e-08 -1.13278e-08 1 -0.0485202 0 0 0 1 
34562489690015;0.264634;0.336689;1 -3.8073e-08 1.23723e-07 -0.340774 3.8073e-08 1 7.9084e-09 -0.954194 -1.23723e-07 -7.90839e-09 1 -0.0595302 0 0 0 1 
34562489690016;0.0384264;0.354296;1 1.8674e-06 0.000126868 -15.9074 -1.86619e-06 1 -9.57221e-06 4.11147 -0.000126868 9.57197e-06 1 11.832 0 0 0 1 
34562489690017;0.317284;0.46001;1 -1.25787e-07 1.98509e-07 -1.15876 1.25787e-07 1 3.19325e-08 -2.45212 -1.98509e-07 -3.19325e-08 1 -0.23426 0 0 0 1 
34562489690018;0.287954;0.906261;1 -1.2938e-07 6.00352e-07 -0.668718 1.2938e-07 1 -7.36619e-10 7.04972 -6.00352e-07 7.36696e-10 1 0.112423 0 0 0 1 
34562489690019;0.362659;0.530685;0.999226 6.33513e-05 0.0393437 27.448 7.16988e-05 0.999994 -0.00343115 -5.52813 -0.0393437 0.00343131 0.99922 27.9508 0 0 0 1 
34562489690020;0.112961;0.0697291;0.999961 7.56511e-07 -0.00880508 21.7449 6.05027e-06 1 0.000773024 -2.48725 0.00880508 -0.000773047 0.999961 33.8688 0 0 0 1 
34562489690021;0.197833;0.278028;1 -1.04046e-08 -3.54091e-07 -0.135326 1.04046e-08 1 -1.88499e-08 -1.69202 3.54091e-07 1.88499e-08 1 0.127208 0 0 0 1 
34562489690022;0.278308;0.556722;1 -3.89469e-08 3.56194e-07 -0.479988 3.89469e-08 1 -1.35748e-08 -2.86729 -3.56194e-07 1.35748e-08 1 0.0264699 0 0 0 1 
34562489690023;0.193536;0.277105;0.999933 2.96594e-06 -0.0115506 23.5043 8.67041e-06 0.999999 0.00100738 -1.61953 0.0115506 -0.00100741 0.999933 -7.91546 0 0 0 1 
34562489690024;0.347959;0.361403;0.999944 3.05933e-06 0.0106269 12.5863 6.78373e-06 1 -0.000926206 -3.1842 -0.0106269 0.000926226 0.999943 10.6021 0 0 0 1 
34562489690025;0.302077;0.640554;0.999502 3.83787e-05 -0.0315492 42.7288 4.85133e-05 0.999996 0.00275341 -1.32779 0.0315492 -0.00275357 0.999498 -6.96645 0 0 0 1 
34562489690026;0.218188;0.205335;1 -5.11399e-08 4.1764e-07 -0.438393 5.11399e-08 1 2.30524e-08 0.700313 -4.1764e-07 -2.30524e-08 1 -0.166772 0 0 0 1 
34562489690027;0.18191;0.326722;0.99998 -9.47265e-07 -0.00631628 21.4879 4.42621e-06 1 0.000550776 -0.540738 0.00631628 -0.000550793 0.99998 -5.27634 0 0 0 1 
34562489690028;0.340963;0.456289;1 -6.56326e-08 2.43537e-07 -0.626965 6.56326e-08 1 1.09052e-08 -1.66366 -2.43537e-07 -1.09052e-08 1 -0.0918697 0 0 0 1 
34562489690029;0.238574;0.266263;0.999995 1.66367e-06 0.00322289 -10.5955 -7.58802e-07 1 -0.000280763 -0.500467 -0.00322289 0.000280759 0.999995 4.72904 0 0 0 1 
34562489690031;0.530935;0.693107;1 5.82987e-08 -3.58082e-07 0.494714 -5.82987e-08 1 -2.24489e-08 0.48227 3.58082e-07 2.24489e-08 1 0.180805 0 0 0 1 
34562489690032;0.306555;0.525054;0.990175 0.000856894 0.13983 -12.7653 0.000857855 0.999925 -0.0122023 0.28918 -0.13983 0.0122024 0.9901 38.0193 0 0 0 1 
34562489690033;0.46032;0.705641;0.999291 6.51083e-05 -0.0376569 -19.7462 5.86801e-05 0.999995 0.00328616 2.68391 0.0376569 -0.00328604 0.999285 -11.2455 0 0 0 1 
34562489690034;0.385219;1.04981;0.999286 6.83088e-05 -0.0377938 -39.7729 5.63687e-05 0.999995 0.00329781 4.68966 0.0377938 -0.00329758 0.99928 -14.7407 0 0 0 1 
34562489690035;0.341621;0.419052;0.981562 0.00161393 0.191135 -61.2135 0.00160494 0.99986 -0.0166849 4.68598 -0.191135 0.016684 0.981422 18.2188 0 0 0 1 
34562489690036;0.158469;0.251727;0.992878 0.000625913 -0.119131 -16.3559 0.000616634 0.999946 0.0103929 1.01821 0.119131 -0.0103924 0.992824 -60.1822 0 0 0 1 
34562489690037;0.364175;0.698584;0.999966 -6.96987e-06 0.00820278 79.253 1.26783e-05 1 -0.000695858 -9.05846 -0.00820278 0.000695939 0.999966 161.026 0 0 0 1 
34562489690038;0.437441;1.13209;0.996906 0.000277631 0.0786048 -68.5113 0.00026255 0.999976 -0.00686169 7.84595 -0.0786048 0.0068611 0.996882 9.17264 0 0 0 1 
34562489690039;0.392147;0.348033;1 1.78647e-08 -2.69459e-07 0.133506 -1.78647e-08 1 -2.29497e-08 -0.25445 2.69459e-07 2.29497e-08 1 0.159409 0 0 0 1 
34562489690040;0.283513;0.324886;1 2.61672e-08 -1.65173e-07 0.35829 -2.61672e-08 1 6.14503e-09 -0.0821578 1.65173e-07 -6.14502e-09 1 -0.586399 0 0 0 1 
34562489690041;0.287266;0.984261;0.996247 0.000398674 -0.0865506 -557.455 0.000266237 0.999971 0.00767066 49.9276 0.0865511 -0.00766492 0.996218 877.784 0 0 0 1 
34562489690042;0.329992;1.07404;0.99655 0.000488431 0.0829874 -1516.17 0.000163834 0.999969 -0.00785282 135.599 -0.0829887 0.00783932 0.99652 -4782.42 0 0 0 1 
34562489690043;0.516204;0.984551;1 9.5697e-08 -2.9375e-07 0.791995 -9.5697e-08 1 -4.81085e-10 0.52207 2.9375e-07 4.81113e-10 1 -0.0114637 0 0 0 1 
34562489690044;0.236329;0.188949;0.999452 4.68899e-05 -0.0330995 12.657 4.86928e-05 0.999996 0.00288692 -1.23536 0.0330995 -0.00288695 0.999448 -21.3132 0 0 0 1 
34562489690045;0.316589;0.559743;1 -6.06562e-06 -6.8348e-05 49.0017 6.0665e-06 1 1.28621e-05 -5.85358 6.83479e-05 -1.28625e-05 1 55.1112 0 0 0 1 
34562489690046;0.376135;0.3065;0.998472 0.000132706 -0.0552512 13.6023 0.000133998 0.999988 0.00482339 -1.99654 0.0552512 -0.00482343 0.998461 -0.137602 0 0 0 1 
34562489690047;0.485231;0.435195;0.997401 0.000124714 -0.0720556 833.049 0.000316962 0.999981 0.00611818 -72.7448 0.072055 -0.00612512 0.997382 -1329.81 0 0 0 1 
34562489690048;0.199981;0.246551;0.999988 1.82822e-06 -0.00490239 -4.89556 2.66805e-07 1 0.000427347 0.481754 0.00490239 -0.000427343 0.999988 -4.98835 0 0 0 1 
34562489690049;0.208318;0.217222;1 -3.21206e-09 -2.28994e-07 -0.0174905 3.21206e-09 1 6.9147e-09 -0.0529175 2.28994e-07 -6.9147e-09 1 -0.0677533 0 0 0 1 
34562489690050;0.378047;0.725199;0.983015 0.00157649 -0.183517 -726.982 0.0013397 0.999875 0.0157655 63.6397 0.183519 -0.0157436 0.98289 -2230.2 0 0 0 1 
34562489690051;0.381473;0.705693;1 8.85199e-08 2.12013e-07 0.728236 -8.85199e-08 1 9.49797e-09 0.424193 -2.12013e-07 -9.49799e-09 1 -0.0724659 0 0 0 1 
34562489690052;0.123011;0.623953;0.999593 4.33464e-05 -0.0285436 -56.6533 2.77243e-05 0.999997 0.0024895 5.03867 0.0285436 -0.00248928 0.999589 -20.5827 0 0 0 1 
34562489690053;0.447449;0.819424;0.999929 1.2557e-05 0.0118952 -51.5828 -2.25827e-07 0.999999 -0.00103665 5.39317 -0.0118952 0.00103657 0.999929 14.9479 0 0 0 1 
34562489690054;0.341689;0.654434;0.954595 0.0039836 -0.297879 -115.505 0.00394401 0.999654 0.0260077 10.4513 0.29788 -0.0260016 0.954249 -18.3188 0 0 0 1 
34562489690055;0.435439;0.762057;1 8.96754e-08 -3.49938e-07 0.693837 -8.96754e-08 1 -1.22503e-08 -0.157684 3.49938e-07 1.22503e-08 1 0.0813311 0 0 0 1 
34562489690056;0.453077;0.263029;0.934088 0.00576345 -0.356997 -24.5589 0.00574342 0.999498 0.0311639 2.89288 0.356997 -0.0311602 0.933585 -34.35 0 0 0 1 
34562489690057;0.243925;0.497806;0.999663 2.49538e-05 0.0259635 32.8577 3.39164e-05 0.999997 -0.00226698 -4.64306 -0.0259635 0.0022671 0.99966 -3.87485 0 0 0 1 
34562489690058;0.299623;0.53113;0.990024 0.000874595 0.140894 -48.609 0.000866343 0.999924 -0.0122946 4.59761 -0.140894 0.012294 0.989948 48.2776 0 0 0 1 
34562489690059;0.121954;0.249625;0.99991 -0.000184706 -0.0134096 1551.68 0.00020045 0.999999 0.00117273 -135.65 0.0134094 -0.00117531 0.999909 37.0547 0 0 0 1 
34562489690060;0.336224;0.866729;0.999264 6.95382e-05 0.038368 -45.1298 5.8976e-05 0.999994 -0.00334838 4.51291 -0.038368 0.00334817 0.999258 10.9574 0 0 0 1 
34562489690062;0.450678;0.32663;0.995779 0.000369121 0.0917852 -16.8764 0.000367943 0.999968 -0.00801327 0.709319 -0.0917852 0.00801321 0.995747 11.3463 0 0 0 1 
34562489690063;0.504888;0.79265;0.984674 0.0011193 0.1744 1737.22 0.00142276 0.999895 -0.0144503 -151.058 -0.174398 0.014477 0.984569 6046.95 0 0 0 1 
34562489690064;0.452148;0.409091;1 -9.44168e-09 7.50315e-09 -0.108843 9.44168e-09 1 -8.38521e-09 -0.350743 -7.50315e-09 8.38521e-09 1 0.042311 0 0 0 1 
34562489690065;0.324911;0.561998;0.998517 0.000128122 -0.0544383 18.237 0.000130831 0.999989 0.00475322 -2.56295 0.0544383 -0.0047533 0.998506 -1.43465 0 0 0 1 
34562489690066;0.34336;0.516458;0.997862 0.000187206 0.0653533 -13.0839 0.000185941 0.999984 -0.00570356 0.344465 -0.0653533 0.00570352 0.997846 24.5368 0 0 0 1 
34562489690067;0.18061;0.394041;1 -5.79809e-07 8.70042e-06 4.54066 5.79815e-07 1 -7.50474e-07 -1.25406 -8.70042e-06 7.50479e-07 1 0.227287 0 0 0 1 
34562489690068;0.143206;0.672133;0.999827 2.22521e-05 0.0186141 -58.6361 7.97453e-06 0.999999 -0.00162379 3.66455 -0.0186141 0.00162365 0.999825 13.8007 0 0 0 1 
34562489690069;0.265071;0.185626;1 5.17184e-07 0.000195065 -3.98601 -5.14123e-07 1 -1.56905e-05 -0.313017 -0.000195065 1.56904e-05 1 10.012 0 0 0 1 
34562489690070;0.337998;0.411077;1 1.06319e-08 -3.4503e-07 0.0656302 -1.06319e-08 1 1.55545e-08 -0.342815 3.4503e-07 -1.55545e-08 1 -0.12342 0 0 0 1 
34562489690071;0.291767;0.358504;1 2.6017e-07 -0.000913652 -1.35502 -1.87731e-07 1 7.92846e-05 -0.655915 0.000913652 -7.92844e-05 1 -3.30035 0 0 0 1 
34562489690072;0.432542;0.463579;1 6.0183e-07 0.000965913 -4.20292 -5.2068e-07 1 -8.40133e-05 0.0278489 -0.000965913 8.40127e-05 1 2.54656 0 0 0 1 
34562489690073;0.333627;0.759619;0.996958 0.000274559 -0.0779372 -60.3507 0.000256178 0.999977 0.00679973 3.58995 0.0779373 -0.00679901 0.996935 -51.5954 0 0 0 1 
34562489690074;0.333091;1.37858;0.956679 0.00379548 0.291121 -140.806 0.00376906 0.99967 -0.0254191 9.51377 -0.291121 0.0254151 0.956349 48.3718 0 0 0 1 
34562489690075;0.300984;0.362374;0.975597 0.00213473 -0.219559 -0.218673 0.00212638 0.999814 0.0191694 -1.10266 0.21956 -0.0191685 0.975411 -22.8552 0 0 0 1 
34562489690076;0.255405;0.553137;0.999366 5.32162e-05 0.0355979 11.9032 5.74648e-05 0.999995 -0.00310817 -1.8351 -0.0355979 0.00310824 0.999361 1.62025 0 0 0 1 
34562489690077;0.37018;0.341314;0.882635 0.0102571 -0.469947 -5.36059 0.0102395 0.999105 0.0410378 -0.588332 0.469948 -0.0410334 0.88174 0.628982 0 0 0 1 
34562489690078;0.123389;0.240633;1 -2.18278e-09 -2.65902e-07 -0.0439184 2.18279e-09 1 1.16688e-08 -0.418476 2.65902e-07 -1.16688e-08 1 -0.0947696 0 0 0 1 
34562489690079;0.437756;0.763975;0.999365 6.25468e-05 -0.0356234 -51.0839 4.82668e-05 0.999995 0.00310982 3.5013 0.0356235 -0.00310957 0.99936 -8.33764 0 0 0 1 
34562489690080;0.248888;0.364703;1 1.15183e-08 -4.50742e-08 0.061605 -1.15183e-08 1 7.53611e-09 -0.310134 4.50742e-08 -7.53611e-09 1 -0.0312916 0 0 0 1 
34562489690081;0.238106;0.39701;0.999905 6.16674e-06 0.0137558 14.63 1.0348e-05 0.999999 -0.00120049 -2.12597 -0.0137558 0.00120052 0.999905 4.728 0 0 0 1 
34562489690082;0.176775;0.265616;0.978783 0.00200114 0.204891 -1222.9 0.00175133 0.999834 -0.0181314 106.511 -0.204894 0.0181055 0.978617 -1722.2 0 0 0 1 
34562489690083;0.334152;0.180199;0.999995 5.07785e-05 0.00323045 -405.55 -4.97842e-05 1 -0.000307873 34.5536 -0.00323047 0.000307711 0.999995 -205.473 0 0 0 1 
34562489690084;0.376441;0.371078;0.998869 0.00010164 -0.0475437 -16.3335 9.58077e-05 0.999991 0.00415067 1.32246 0.0475437 -0.00415053 0.998861 -7.37888 0 0 0 1 
34562489690085;0.162081;0.463559;0.993756 0.000546294 -0.111573 6.8615 0.000543987 0.999952 0.00974122 -1.37775 0.111573 -0.00974109 0.993708 -10.5784 0 0 0 1 
34562489690086;0.435379;0.426735;0.998482 0.000130992 0.0550718 4.44317 0.000134018 0.999988 -0.00480836 -0.936355 -0.0550717 0.00480844 0.998471 4.04717 0 0 0 1 
34562489690087;0.326485;0.305173;0.999983 1.83131e-06 0.00582697 -3.58756 1.13435e-06 1 -0.00050895 -0.257164 -0.00582697 0.000508948 0.999983 -0.974714 0 0 0 1 
34562489690088;0.343468;0.379016;0.999765 2.26472e-05 -0.0216637 -13.8929 1.83267e-05 0.999998 0.00189117 0.616488 0.0216637 -0.00189112 0.999764 -4.13452 0 0 0 1 
34562489690089;0.181879;0.266564;1 5.46439e-10 -1.1972e-07 -0.0308378 -5.46438e-10 1 7.57502e-09 -0.350426 1.1972e-07 -7.57502e-09 1 -0.032531 0 0 0 1 
34562489690090;0.274172;0.68574;0.975332 0.00215571 -0.22073 16.3043 0.0021514 0.999812 0.0192707 -2.8229 0.22073 -0.0192702 0.975144 -26.5742 0 0 0 1 
34562489690091;0.516972;1.25162;0.999995 1.07421e-05 -0.00307425 -79.9367 -9.92288e-06 1 0.000266503 5.02067 0.00307426 -0.000266471 0.999995 -16.6988 0 0 0 1 
34562489690093;0.4248;0.482654;1 5.52058e-07 9.6814e-06 -5.38155 -5.52081e-07 1 2.33424e-06 2.09189 -9.6814e-06 -2.33425e-06 1 26.7728 0 0 0 1 
34562489690094;0.0934313;0.0794254;0.998798 0.000108761 0.0490189 -37.6929 0.000100942 0.999991 -0.0042755 4.0346 -0.049019 0.00427531 0.998789 35.4723 0 0 0 1 
34562489690095;0.144672;0.217442;0.999981 3.41217e-06 0.00618809 -14.7413 -7.48789e-08 1 -0.000539309 2.90094 -0.0061881 0.000539298 0.999981 8.34205 0 0 0 1 
34562489690096;0.228702;0.30193;0.99888 -0.000358294 -0.0473243 3675.67 0.000572524 0.99999 0.00451337 -319.234 0.0473222 -0.0045354 0.998869 3247.44 0 0 0 1 
34562489690097;0.121961;0.182455;0.998816 8.99095e-05 0.0486378 98.9448 0.000116672 0.999991 -0.00424448 -9.18367 -0.0486377 0.00424513 0.998807 11.3603 0 0 0 1 
34562489690098;0.286027;0.308485;0.998698 0.000109277 0.0510103 27.5971 0.00011796 0.99999 -0.00445171 -1.93404 -0.0510103 0.00445193 0.998688 14.5874 0 0 0 1 
34562489690099;0.0245713;0.0203551;1 -1.66775e-08 2.97656e-06 0.100507 1.66781e-08 1 -1.89368e-07 -0.0218018 -2.97656e-06 1.89368e-07 1 0.373071 0 0 0 1 
34562489690100;0.214406;0.211759;1 -1.80991e-08 2.80165e-08 -0.132899 1.80991e-08 1 3.44014e-08 0.690059 -2.80165e-08 -3.44014e-08 1 -0.298897 0 0 0 1 
34562489690101;0.290539;0.32755;1 -4.07677e-08 3.61617e-07 -0.279952 4.07677e-08 1 -1.0865e-08 0.0529782 -3.61617e-07 1.0865e-08 1 0.0724707 0 0 0 1 
34562489690102;0.160438;0.126904;0.992538 0.00101163 -0.121935 -2879.59 0.000195079 0.999951 0.009884 254.101 0.121939 -0.00983403 0.992489 -6536.03 0 0 0 1 
34562489690103;0.385248;0.434401;1 -9.06953e-09 1.69092e-08 -0.122375 9.06953e-09 1 -3.70193e-08 -0.648478 -1.69092e-08 3.70193e-08 1 0.218437 0 0 0 1 
34562489690104;0.150227;0.234986;0.999566 3.2736e-05 0.0294428 35.7493 4.29469e-05 0.999997 -0.00256987 -4.15828 -0.0294427 0.00257002 0.999563 4.4344 0 0 0 1 
34562489690105;0.212702;0.278808;0.9995 3.91945e-05 0.0316261 30.5014 4.80824e-05 0.999996 -0.00275889 -4.00629 -0.0316261 0.00275903 0.999496 16.7401 0 0 0 1 
34562489690106;0.369761;0.400115;1 -4.97252e-07 0.000520851 3.55656 5.20862e-07 1 -4.53277e-05 0.197335 -0.000520851 4.5328e-05 1 1.23894 0 0 0 1 
34562489690107;0.232667;0.218005;1 -1.58372e-08 3.1159e-07 -0.109911 1.58372e-08 1 1.70792e-08 0.472965 -3.1159e-07 -1.70791e-08 1 -0.12835 0 0 0 1 
34562489690108;0.240619;0.275441;1 -1.78071e-08 -6.01527e-08 -0.0846225 1.78071e-08 1 1.26186e-08 0.314533 6.01527e-08 -1.26186e-08 1 -0.0716509 0 0 0 1 
34562489690109;0.185949;0.20597;1 -2.34824e-08 -2.73337e-07 -0.105174 2.34824e-08 1 9.75485e-09 0.154745 2.73337e-07 -9.75486e-09 1 -0.0499266 0 0 0 1 
34562489690110;0.265953;0.357264;0.998642 0.000109461 -0.052098 79.4344 0.000127625 0.99999 0.00454741 -7.03321 0.052098 -0.00454788 0.998632 -6.27412 0 0 0 1 
34562489690111;0.165425;0.287014;0.999655 3.31105e-05 0.0262741 -27.2599 2.71102e-05 0.999997 -0.00229166 4.48852 -0.0262741 0.00229158 0.999652 18.908 0 0 0 1 
34562489690112;0.350609;0.346378;0.996501 0.000307482 0.0835758 -27.9973 0.000303035 0.999973 -0.00729216 4.14335 -0.0835758 0.00729198 0.996475 39.2006 0 0 0 1 
34562489690113;0.399049;0.428579;1 -2.151e-08 1.1039e-07 -0.149092 2.151e-08 1 1.78677e-09 0.273781 -1.1039e-07 -1.78677e-09 1 -0.0122134 0 0 0 1 
34562489690114;0.0997142;0.16623;1 1.29089e-08 2.72577e-07 0.148241 -1.29089e-08 1 9.9154e-09 1.24128 -2.72577e-07 -9.91541e-09 1 -0.0503445 0 0 0 1 
34562489690115;0.280795;0.31067;1 -3.05494e-08 5.67899e-08 -0.157899 3.05494e-08 1 1.85745e-09 -0.293043 -5.67899e-08 -1.85745e-09 1 -0.0665734 0 0 0 1 
34562489690116;0.37279;0.408899;1 -4.15402e-08 3.06562e-07 -0.31407 4.15402e-08 1 3.80727e-08 -0.154185 -3.06562e-07 -3.80727e-08 1 -0.318689 0 0 0 1 
34562489690117;0.26675;0.425767;1 -3.07069e-08 -3.32699e-08 -0.0972524 3.07069e-08 1 2.46659e-08 1.90494 3.32699e-08 -2.46659e-08 1 -0.0791261 0 0 0 1 
34562489690118;0.0989808;0.184887;0.996831 -0.00189296 -0.0795301 17467.4 0.00237579 0.999979 0.00597687 -1504.6 0.0795172 -0.00614688 0.996815 -6401.64 0 0 0 1 
34562489690119;0.386067;0.731828;0.998495 0.000118177 -0.0548395 109.867 0.000144293 0.999989 0.00478215 -9.14602 0.0548394 -0.00478287 0.998484 -40.3413 0 0 0 1 
34562489690120;0.309421;0.401079;0.999903 9.66567e-06 0.0139315 -11.3176 7.27776e-06 0.999999 -0.00121615 2.58852 -0.0139315 0.00121613 0.999902 2.03993 0 0 0 1 
34562489690121;0.382301;0.4278;1 -4.48484e-08 3.15883e-08 -0.289495 4.48484e-08 1 3.3186e-09 0.503015 -3.15883e-08 -3.3186e-09 1 0.0387513 0 0 0 1 
34562489690122;0.179762;0.251126;0.999985 1.24698e-06 0.00540503 -0.654582 1.30127e-06 1 -0.000471455 -1.00749 -0.00540503 0.000471455 0.999985 3.92343 0 0 0 1 
34562489690124;0.346704;0.446412;1 -6.2026e-08 -2.1792e-07 -0.46705 6.2026e-08 1 2.52591e-08 0.270654 2.1792e-07 -2.52591e-08 1 -0.191117 0 0 0 1 
34562489690125;0.12865;0.239268;0.999926 6.72861e-06 -0.0121463 -0.49754 6.14668e-06 0.999999 0.00105998 1.087 0.0121463 -0.00105998 0.999926 -3.873 0 0 0 1 
34562489690126;0.441684;0.687643;0.999652 3.43852e-05 0.0263802 -35.2164 2.63264e-05 0.999997 -0.00230106 5.4364 -0.0263802 0.00230095 0.999649 18.8723 0 0 0 1 
34562489690127;0.210546;0.245665;1 2.13476e-08 5.02422e-07 0.14912 -2.13476e-08 1 1.80486e-08 0.448104 -5.02422e-07 -1.80486e-08 1 -0.169423 0 0 0 1 
34562489690128;0.0334274;0.205222;0.999766 1.37583e-05 -0.0216321 56.3014 2.70351e-05 0.999998 0.00188549 -6.25943 0.0216321 -0.00188563 0.999764 -24.5517 0 0 0 1 
34562489690129;0.0803559;0.104343;1 -1.51308e-06 -1.65661e-05 11.8591 1.51311e-06 1 1.52186e-06 -0.730746 1.65661e-05 -1.52188e-06 1 -0.0200242 0 0 0 1 
34562489690130;0.355847;0.404644;1 -4.71713e-08 -8.34831e-08 -0.347484 4.71713e-08 1 2.3548e-08 0.162911 8.34831e-08 -2.3548e-08 1 -0.204651 0 0 0 1 
34562489690131;0.103607;0.0844959;1 3.4855e-06 0.000116321 -27.2887 -3.48441e-06 1 -9.33544e-06 2.83038 -0.000116321 9.33504e-06 1 6.06724 0 0 0 1 
34562489690132;0.232394;0.320157;0.99903 7.72576e-05 -0.0440427 65.4125 9.21316e-05 0.999993 0.00384398 -4.04205 0.0440426 -0.00384431 0.999022 -8.95694 0 0 0 1 
34562489690133;0.372111;0.390522;1 -4.03796e-08 -2.03764e-07 -0.279159 4.03796e-08 1 3.066e-08 0.394758 2.03764e-07 -3.066e-08 1 -0.255106 0 0 0 1 
34562489690134;0.23228;0.276071;1 -7.05704e-07 -0.000170578 4.66815 7.08156e-07 1 1.43774e-05 0.126887 0.000170578 -1.43775e-05 1 -4.42776 0 0 0 1 
34562489690135;0.171644;0.381981;0.999454 0.000117867 -0.0330316 -559.794 -2.09924e-05 0.999996 0.00293312 50.956 0.0330318 -0.00293083 0.99945 377.533 0 0 0 1 
34562489690136;0.200279;0.206422;1 -4.48005e-08 -4.06705e-08 -0.309273 4.48005e-08 1 1.082e-08 0.193977 4.06705e-08 -1.082e-08 1 -0.0927191 0 0 0 1 
34562489690137;0.062551;0.117774;0.998516 0.00291511 -0.0543744 -22404 -0.0027198 0.99999 0.0036656 1993.01 0.0543845 -0.00351228 0.998514 -9943.93 0 0 0 1 
34562489690138;0.126833;0.171194;1 3.18255e-08 -2.69993e-08 0.286763 -3.18255e-08 1 -1.1655e-08 0.847272 2.69993e-08 1.1655e-08 1 0.101556 0 0 0 1 
34562489690139;0.334771;0.428374;1 1.10111e-08 1.10368e-07 0.141911 -1.10111e-08 1 1.16633e-08 1.07492 -1.10368e-07 -1.16633e-08 1 -0.0544803 0 0 0 1 
34562489690140;0.169798;0.248292;1 -6.318e-07 -6.34467e-05 4.30536 6.32137e-07 1 5.31645e-06 0.649803 6.34467e-05 -5.31649e-06 1 -2.00906 0 0 0 1 
34562489690141;0.269667;0.355782;0.999958 5.52233e-06 -0.00912593 -13.4513 1.74795e-06 1 0.000796654 2.40177 0.00912593 -0.000796637 0.999958 -1.29628 0 0 0 1 
34562489690142;0.0756236;0.225774;0.99932 -0.000269993 -0.0368598 2653.82 0.000381784 0.999995 0.00302588 -232.32 0.0368589 -0.00303789 0.999316 -1450.3 0 0 0 1 
34562489690143;0.273373;0.431891;0.99999 2.4957e-06 0.00441763 -12.6819 -7.9563e-07 1 -0.000384839 2.57429 -0.00441763 0.000384832 0.99999 6.41823 0 0 0 1 
34562489690144;0.115892;0.341316;0.999255 0.000102013 0.0385926 -302.278 2.6227e-05 0.999994 -0.00332241 28.5895 -0.0385927 0.00332094 0.99925 390.364 0 0 0 1 
34562489690145;0.160443;0.194138;0.999437 5.53539e-05 0.0335383 -54.8227 4.30862e-05 0.999996 -0.00293443 3.75577 -0.0335383 0.00293422 0.999433 -49.023 0 0 0 1 
34562489690146;0.0878609;0.2554;1 1.08456e-08 4.0802e-08 0.15258 -1.08456e-08 1 -4.16236e-09 1.41017 -4.0802e-08 4.16235e-09 1 0.0902008 0 0 0 1 
34562489690147;0.0902058;0.170389;0.998636 0.000108535 -0.0522173 91.8276 0.000129593 0.99999 0.00455693 -7.54243 0.0522172 -0.00455748 0.998625 -12.8697 0 0 0 1 
34562489690148;0.253989;0.405339;1 2.33076e-08 -2.78961e-07 0.294832 -2.33076e-08 1 5.04726e-10 1.71304 2.78961e-07 -5.04719e-10 1 0.0647868 0 0 0 1 
34562489690149;0.415878;0.427492;0.999956 1.46543e-06 -0.00938143 19.9291 6.21528e-06 1 0.000818685 -1.67634 0.00938143 -0.000818707 0.999956 -3.63703 0 0 0 1 
34562489690150;0.323952;0.358084;1 -4.14411e-08 -2.31243e-07 -0.299095 4.14411e-08 1 1.27317e-08 0.208361 2.31243e-07 -1.27317e-08 1 -0.0975146 0 0 0 1 
34562489690151;0.0908205;0.201277;1 3.16781e-08 4.7224e-08 0.25888 -3.16781e-08 1 1.20107e-09 0.852171 -4.7224e-08 -1.20108e-09 1 -0.00448493 0 0 0 1 
34562489690152;0.416208;0.458966;0.997935 0.000178277 -0.0642326 24.6877 0.000182129 0.999984 0.00560505 -1.60533 0.0642326 -0.00560517 0.997919 -22.5073 0 0 0 1 
34562489690153;0.0988573;0.190966;0.999899 2.90418e-05 -0.0142254 -159.963 -1.21583e-05 0.999999 0.00118693 11.9556 0.0142255 -0.00118664 0.999898 -445.024 0 0 0 1 
34562489690155;0.259195;0.48465;0.999894 8.8256e-06 -0.0145296 5.24219 9.61341e-06 0.999999 0.00126899 1.46536 0.0145296 -0.001269 0.999894 2.86313 0 0 0 1 
34562489690156;0.172496;0.14253;0.999511 4.05129e-05 -0.0312635 22.1091 4.48272e-05 0.999996 0.002729 -1.21439 0.0312635 -0.00272907 0.999507 -4.56901 0 0 0 1 
34562489690157;0.159263;0.438895;0.999952 8.89232e-06 0.00982401 -36.6087 -4.86528e-07 1 -0.000855639 3.36388 -0.00982402 0.000855593 0.999951 16.6165 0 0 0 1 
34562489690158;0.105511;0.203637;0.999885 1.4765e-05 0.0151561 -39.0308 5.26606e-06 0.999999 -0.00132161 3.13829 -0.0151561 0.00132154 0.999884 13.3897 0 0 0 1 
34562489690159;0.266866;0.313929;1 6.16051e-09 3.26984e-07 0.104816 -6.16052e-09 1 3.02472e-08 0.853385 -3.26984e-07 -3.02472e-08 1 -0.224049 0 0 0 1 
34562489690160;0.0473697;0.129299;1 3.68775e-08 6.65623e-07 0.330947 -3.68775e-08 1 3.47406e-09 0.384175 -6.65623e-07 -3.47409e-09 1 -0.0505861 0 0 0 1 
34562489690161;0.216211;0.231929;1 -2.2343e-06 -3.50241e-06 17.9876 2.2343e-06 1 -1.60609e-06 -0.991192 3.50241e-06 1.60609e-06 1 -15.2283 0 0 0 1 
34562489690162;0.156911;0.281845;0.999988 3.59764e-06 0.00486451 -19.6605 -1.53718e-06 1 -0.000423572 2.36455 -0.00486451 0.00042356 0.999988 8.73789 0 0 0 1 
34562489690163;0.149607;0.137066;1 4.25659e-08 6.9558e-07 0.470908 -4.2566e-08 1 7.29767e-09 0.558399 -6.9558e-07 -7.2977e-09 1 -0.118114 0 0 0 1 
34562489690164;0.334807;0.379754;1 3.6263e-08 3.97886e-07 0.267315 -3.6263e-08 1 -2.65565e-08 -0.201967 -3.97886e-07 2.65565e-08 1 0.162744 0 0 0 1 
34562489690165;0.385816;0.607156;0.999911 8.41599e-06 0.0133473 -5.73916 7.108e-06 0.999999 -0.00116303 2.61231 -0.0133473 0.00116302 0.99991 18.6655 0 0 0 1 
34562489690166;0.333068;0.394798;1 7.99623e-08 7.42341e-07 0.64583 -7.99623e-08 1 -5.19951e-09 0.163759 -7.42341e-07 5.19945e-09 1 0.0294332 0 0 0 1 
34562489690167;0.363242;0.416742;1 7.68565e-09 3.08853e-07 0.155303 -7.68566e-09 1 2.40879e-08 0.644223 -3.08853e-07 -2.40879e-08 1 -0.189587 0 0 0 1 
34562489690168;0.405801;0.290553;0.999876 1.19256e-05 -0.015744 -6.3318 9.6977e-06 0.999999 0.00137335 1.71669 0.015744 -0.00137334 0.999875 -11.3127 0 0 0 1 
34562489690169;0.233383;0.34921;0.999896 7.32158e-06 -0.0144384 16.2613 1.08873e-05 0.999999 0.00126107 -0.239957 0.0144384 -0.00126109 0.999895 3.15644 0 0 0 1 
34562489690170;0.111556;0.129667;1 1.1548e-08 2.81331e-07 0.157691 -1.15481e-08 1 1.11871e-08 0.27841 -2.81331e-07 -1.11871e-08 1 -0.11907 0 0 0 1 
34562489690171;0.0960451;0.243922;0.999804 1.77897e-05 -0.0197797 -2.46551 1.63711e-05 0.999999 0.0017269 1.89255 0.0197797 -0.00172689 0.999803 -1.26974 0 0 0 1 
34562489690172;0.321124;0.368551;0.999646 3.65728e-05 0.026604 -47.9449 2.50922e-05 0.999997 -0.00231754 4.5789 -0.026604 0.00231739 0.999643 41.9219 0 0 0 1 
34562489690173;0.268086;0.284079;1 4.1144e-09 3.00785e-07 0.329073 -4.1144e-09 1 -1.00071e-08 0.609236 -3.00785e-07 1.00071e-08 1 0.752398 0 0 0 1 
34562489690174;0.189053;0.247191;1 1.8832e-08 4.264e-07 0.224109 -1.8832e-08 1 -3.55715e-09 0.363955 -4.264e-07 3.55714e-09 1 -0.0067222 0 0 0 1 
34562489690175;0.133957;0.255808;0.999992 3.00657e-06 0.00409175 -17.5254 -1.54843e-06 1 -0.000356363 1.61662 -0.00409175 0.000356354 0.999992 6.92539 0 0 0 1 
34562489690176;0.144022;0.338499;0.999967 6.60912e-06 0.00816042 -29.5481 -8.02853e-07 1 -0.000711519 1.84957 -0.00816043 0.000711488 0.999966 7.84263 0 0 0 1 
34562489690177;0.320514;0.38063;1 2.25387e-08 1.34036e-07 0.242902 -2.25387e-08 1 -1.492e-09 0.320171 -1.34036e-07 1.492e-09 1 0.00555807 0 0 0 1 
34562489690178;0.353901;0.49136;0.995261 0.00041581 -0.0972369 -2.88422 0.000411292 0.999964 0.00848585 2.39004 0.097237 -0.00848563 0.995225 -31.9691 0 0 0 1 
34562489690179;0.0142393;0.0685596;1 2.437e-08 1.68049e-07 0.24507 -2.437e-08 1 -9.77821e-10 0.0843757 -1.68049e-07 9.77817e-10 1 -0.0125971 0 0 0 1 
34562489690180;0.106434;0.126545;1 -3.97152e-09 -3.83658e-08 -0.0195849 3.97152e-09 1 1.82678e-08 0.131313 3.83658e-08 -1.82678e-08 1 -0.149169 0 0 0 1 
34562489690181;0.139987;0.138762;0.999999 -6.1196e-07 0.00166433 5.76722 8.53951e-07 1 -0.000145398 -0.394284 -0.00166432 0.0001454 0.999999 -0.512156 0 0 0 1 
34562489690182;0.247912;0.412617;0.998812 0.000100468 -0.0487373 33.3078 0.000107019 0.999991 0.00425461 -1.1996 0.0487373 -0.00425477 0.998803 -3.89199 0 0 0 1 
34562489690183;0.115667;0.310965;1 2.61953e-08 6.85344e-07 0.315634 -2.61953e-08 1 3.51371e-08 1.51723 -6.85344e-07 -3.51371e-08 1 -0.235128 0 0 0 1 
34562489690184;0.228068;0.259116;1 2.46956e-08 3.75227e-07 0.244762 -2.46956e-08 1 -1.44371e-08 0.136198 -3.75227e-07 1.44371e-08 1 0.0677402 0 0 0 1 
34562489690186;0.0711037;0.123131;1 2.37753e-08 1.74397e-07 0.0714003 -2.37753e-08 1 1.34761e-08 -0.896077 -1.74397e-07 -1.34761e-08 1 -0.149184 0 0 0 1 
34562489690187;0.0441165;0.0638059;0.999616 2.84666e-05 0.0277055 36.5962 3.86996e-05 0.999997 -0.00242375 -3.45556 -0.0277054 0.0024239 0.999613 -42.1686 0 0 0 1 
34562489690188;0.231973;0.232278;0.999292 6.51172e-05 -0.0376242 -20.8391 5.8467e-05 0.999995 0.00328359 3.14273 0.0376242 -0.00328347 0.999287 -9.82923 0 0 0 1 
34562489690189;0.393005;0.533486;0.997867 0.000176706 -0.0652826 84.9756 0.000195702 0.999984 0.00569812 -3.62343 0.0652826 -0.00569874 0.997851 -4.6816 0 0 0 1 
34562489690190;0.219538;0.441475;0.999431 4.37107e-05 -0.0337207 52.079 5.56129e-05 0.999996 0.00294453 -0.320608 0.0337207 -0.00294473 0.999427 5.48733 0 0 0 1 
34562489690191;0.389147;0.992937;1 1.82794e-07 3.52047e-07 0.842986 -1.82794e-07 1 -6.03882e-08 -9.69774 -3.52047e-07 6.03882e-08 1 0.184581 0 0 0 1 
34562489690192;0.192134;0.265384;1 3.87591e-08 2.60297e-07 0.140369 -3.87591e-08 1 1.37956e-09 -1.32537 -2.60297e-07 -1.37957e-09 1 -0.0769205 0 0 0 1 
34562489690193;0.281462;0.279226;1 -3.87262e-08 4.68784e-07 -0.198291 3.87261e-08 1 6.62305e-08 0.475606 -4.68784e-07 -6.62305e-08 1 -0.526061 0 0 0 1 
34562489690194;0.204314;0.218196;0.999909 5.91184e-06 0.0134549 14.0494 9.88328e-06 0.999999 -0.00117386 -1.99103 -0.0134549 0.00117389 0.999909 6.13222 0 0 0 1 
34562489690195;0.157469;0.337559;0.999764 0.00013085 -0.0217144 -884.213 -8.41918e-05 0.999998 0.00214962 81.0316 0.0217147 -0.00214729 0.999762 2023.28 0 0 0 1 
34562489690196;0.0529904;0.0802938;0.999999 -5.83615e-07 -0.00103303 5.15898 6.76318e-07 1 8.9739e-05 0.29846 0.00103303 -8.97397e-05 0.999999 -4.5512 0 0 0 1 
34562489690197;0.438295;0.822206;1 9.91998e-08 3.38621e-08 0.149153 -9.91998e-08 1 -1.97667e-08 -6.85197 -3.38621e-08 1.97667e-08 1 -0.0634742 0 0 0 1 
34562489690198;0.0525853;0.0421826;0.999966 3.24652e-06 -0.00821337 -0.799281 2.63642e-06 1 0.000716252 1.12438 0.00821337 -0.00071625 0.999966 -6.58735 0 0 0 1 
34562489690199;0.186435;0.665226;1 -6.28991e-08 1.77409e-07 -0.0790563 6.28991e-08 1 2.98701e-08 7.21474 -1.77409e-07 -2.98701e-08 1 0.0159074 0 0 0 1 
34562489690200;0.246291;0.234316;0.999996 9.18997e-07 -0.00264633 -4.35597 -3.08673e-07 1 0.00023063 0.629908 0.00264633 -0.000230629 0.999996 -2.88839 0 0 0 1 
34562489690201;0.100046;0.51761;1 3.93765e-08 5.10244e-07 0.0441741 -3.93765e-08 1 -2.24627e-08 -6.66925 -5.10244e-07 2.24626e-08 1 -0.0373915 0 0 0 1 
34562489690202;0.155088;0.157779;1 7.22772e-09 9.45523e-08 0.053055 -7.22772e-09 1 7.92166e-09 0.556121 -9.45523e-08 -7.92166e-09 1 -0.0524604 0 0 0 1 
34562489690203;0.0877176;0.107227;1 5.10924e-06 0.000342297 -40.7119 -5.09915e-06 1 -2.94913e-05 4.95663 -0.000342298 2.94896e-05 1 3.74685 0 0 0 1 
34562489690204;0.244178;0.341821;0.999867 1.26558e-05 0.016332 -10.2852 1.06262e-05 0.999999 -0.00142545 -1.58812 -0.0163321 0.00142544 0.999866 3.88622 0 0 0 1 
34562489690205;0.481854;0.382936;0.99694 0.0002755 -0.0781666 -54.4304 0.000258592 0.999977 0.00682253 4.38518 0.0781666 -0.00682187 0.996917 -18.3583 0 0 0 1 
34562489690206;0.097924;0.250056;0.998756 2.80455e-05 0.0498691 640.54 0.000195468 0.99999 -0.00447712 -58.7349 -0.0498687 0.0044813 0.998746 -1027.98 0 0 0 1 
34562489690207;0.417969;0.439499;0.999176 7.15453e-05 -0.0405851 8.42169 7.22809e-05 0.999994 0.00354233 1.06001 0.0405851 -0.00354235 0.99917 -7.34205 0 0 0 1 
34562489690208;0.41666;0.414573;1 3.38201e-08 2.23873e-09 0.155073 -3.38201e-08 1 1.78619e-08 -0.779227 -2.23873e-09 -1.78619e-08 1 -0.149625 0 0 0 1 
34562489690209;0.102897;0.0724605;0.99993 9.07385e-06 -0.0118414 -21.713 3.1694e-06 0.999999 0.00103392 2.24893 0.0118414 -0.00103388 0.999929 0.0693335 0 0 0 1 
34562489690210;0.0465566;0.151054;0.999895 1.47075e-05 0.0144668 -46.7451 3.74927e-06 0.999999 -0.00127578 2.63768 -0.0144668 0.0012757 0.999895 -103.347 0 0 0 1 
34562489690211;0.156365;0.692204;1 1.54315e-07 -2.30671e-07 0.147813 -1.54315e-07 1 -1.11542e-08 -8.91481 2.30671e-07 1.11543e-08 1 -0.146204 0 0 0 1 
34562489690212;0.249667;0.280082;0.999991 2.45209e-06 0.00413635 -13.9187 -9.59698e-07 1 -0.0003608 0.371831 -0.00413635 0.000360793 0.999991 2.35634 0 0 0 1 
34562489690213;0.302086;0.321946;0.999996 1.49955e-06 0.00292593 -9.19699 -7.52437e-07 1 -0.000255342 -0.138753 -0.00292593 0.000255338 0.999996 0.933233 0 0 0 1 
34562489690214;0.0408606;0.0917252;1 -6.18439e-09 1.57318e-07 0.0711248 6.18439e-09 1 1.95281e-08 0.773293 -1.57318e-07 -1.95281e-08 1 -0.1433 0 0 0 1 
34562489690215;0.322976;0.32618;0.999954 9.19249e-08 0.0096083 29.7838 7.94356e-06 1 -0.000836269 -1.52528 -0.00960829 0.000836307 0.999953 19.9359 0 0 0 1 
34562489690217;0.345856;1.98795;0.999916 1.28156e-05 0.0129483 -50.5795 1.50955e-06 0.999999 -0.00110633 0.83517 -0.0129483 0.00110625 0.999916 196.264 0 0 0 1 
34562489690218;0.369096;0.233198;0.999991 1.66026e-07 -0.00417499 4.92601 1.35282e-06 1 0.000363793 -1.10264 0.00417499 -0.000363795 0.999991 -5.86425 0 0 0 1 
34562489690219;0.344434;0.523517;1 -1.00514e-07 -2.099e-06 -0.0417549 1.00515e-07 1 1.4418e-07 0.430223 2.099e-06 -1.44181e-07 1 0.0961725 0 0 0 1 
34562489690220;0.281678;0.347739;1 1.80908e-08 -5.22598e-07 0.147551 -1.80908e-08 1 -6.30215e-09 0.00838301 5.22598e-07 6.30216e-09 1 0.0379215 0 0 0 1 
34562489690221;0.2479;1.87695;0.997703 0.000242203 -0.0677334 -329.829 0.000174456 0.999981 0.00614547 25.8751 0.0677336 -0.00614318 0.997685 1842.54 0 0 0 1 
34562489690222;0.309448;0.605335;0.99918 6.69839e-05 -0.0404965 41.4848 7.62876e-05 0.999994 0.00353632 -3.20671 0.0404965 -0.0035365 0.999173 3.87779 0 0 0 1 
34562489690223;0.503992;0.683627;0.980625 0.00168817 -0.195885 54.1961 0.00169434 0.999852 0.017099 -5.91227 0.195885 -0.0170996 0.980478 -29.4008 0 0 0 1 
34562489690224;0.505738;0.436159;0.994611 0.00046308 -0.103681 73.5634 0.000477861 0.999959 0.00905036 -6.70831 0.103681 -0.00905113 0.994569 -13.7621 0 0 0 1 
34562489690225;0.255572;0.398487;0.992919 0.000613042 0.118792 24.9895 0.00062333 0.999946 -0.0103704 -2.75432 -0.118792 0.0103711 0.992865 10.962 0 0 0 1 
34562489690226;0.59187;0.645779;0.984615 0.00136052 -0.174734 -114.423 0.00133776 0.999882 0.0153235 9.41106 0.174734 -0.0153215 0.984496 522.099 0 0 0 1 
34562489690227;0.535961;0.569599;0.995175 0.000415985 -0.0981185 55.3963 0.000426611 0.999963 0.0085664 -5.50141 0.0981184 -0.00856692 0.995138 -2.10486 0 0 0 1 
34562489690228;0.492348;1.1474;0.966844 0.00297289 -0.25535 -592.947 0.0028798 0.999742 0.0225433 51.4797 0.255351 -0.0225313 0.966586 1897.41 0 0 0 1 
34562489690229;0.377629;0.378103;0.999231 6.7553e-05 -0.0392141 1.85536 6.6642e-05 0.999994 0.00342079 -0.875595 0.0392141 -0.00342078 0.999225 -25.2163 0 0 0 1 
34562489690230;0.309344;0.440434;1 -3.64355e-08 -2.54133e-07 -0.246006 3.64355e-08 1 5.56768e-09 0.488381 2.54133e-07 -5.56769e-09 1 -0.0455174 0 0 0 1 
34562489690231;0.422227;0.835214;0.998953 8.19035e-05 0.0457489 68.5855 0.000100819 0.999992 -0.0039917 -5.62162 -0.0457489 0.00399214 0.998945 20.432 0 0 0 1 
34562489690232;0.215127;0.363702;1 -3.54449e-08 2.76976e-07 -0.2677 3.54449e-08 1 7.67895e-09 0.138131 -2.76976e-07 -7.67894e-09 1 -0.0396533 0 0 0 1 
34562489690233;0.420689;0.526557;1 -4.89248e-08 7.03598e-08 -0.35835 4.89248e-08 1 1.18828e-08 0.362172 -7.03598e-08 -1.18827e-08 1 -0.0902424 0 0 0 1 
34562489690234;0.244511;0.411089;0.999983 -4.48273e-07 -0.00582921 15.6634 3.41483e-06 1 0.000508902 -1.21597 0.00582921 -0.000508913 0.999983 -0.866647 0 0 0 1 
34562489690235;0.305129;0.315746;0.999941 3.94685e-06 0.0108645 7.40374 6.36483e-06 1 -0.000949082 -0.670088 -0.0108645 0.000949095 0.999941 -3.10858 0 0 0 1 
34562489690236;0.196522;0.851852;0.995764 0.000358478 0.0919474 76.7089 0.000381017 0.999968 -0.00802491 -6.25698 -0.0919473 0.00802595 0.995732 19.8055 0 0 0 1 
34562489690237;0.236663;1.67131;0.995647 0.000375798 -0.0932081 44.4239 0.000385214 0.999967 0.00814653 -6.74653 0.0932081 -0.00814697 0.995613 68.9946 0 0 0 1 
34562489690238;0.36003;0.431139;1 -3.92286e-08 2.69741e-07 -0.330588 3.92286e-08 1 4.76563e-09 -0.137431 -2.69741e-07 -4.76562e-09 1 -0.0678387 0 0 0 1 
34562489690239;0.243492;0.379403;0.999997 -2.08489e-06 -0.00250101 18.1569 2.6251e-06 1 0.000215994 -2.33176 0.00250101 -0.000215999 0.999997 -18.6047 0 0 0 1 
34562489690240;0.35283;0.532775;0.999859 8.40789e-06 -0.0168099 32.7475 1.62442e-05 0.999999 0.00146639 -4.34891 0.0168099 -0.00146645 0.999858 -10.7649 0 0 0 1 
34562489690241;0.379757;1.67498;0.958369 0.00361613 0.28551 108.848 0.00365574 0.999682 -0.0249327 -12.1243 -0.285509 0.0249385 0.958051 -69.0135 0 0 0 1 
34562489690242;0.378853;0.519383;0.989219 0.000938251 0.146443 3.61099 0.000944344 0.999918 -0.0127855 -0.300647 -0.146443 0.0127859 0.989137 7.97772 0 0 0 1 
34562489690243;0.301434;0.488202;1 -4.4169e-08 -9.26469e-08 -0.327348 4.4169e-08 1 -3.44574e-09 0.268638 9.26469e-08 3.44574e-09 1 0.00610923 0 0 0 1 
34562489690244;0.500189;0.668443;1 -2.14639e-08 -4.09739e-07 -0.144672 2.14639e-08 1 -2.90567e-09 0.265193 4.09739e-07 2.90566e-09 1 0.0230707 0 0 0 1 
34562489690245;0.271456;0.431548;0.999914 5.25161e-06 0.0130958 15.4318 9.71399e-06 0.999999 -0.00114271 -1.72671 -0.0130958 0.00114274 0.999914 6.1486 0 0 0 1 
34562489690246;0.262584;0.454039;0.999911 5.1828e-06 -0.0133351 21.718 1.0338e-05 0.999999 0.00116383 -1.54042 0.0133351 -0.00116387 0.99991 -4.02649 0 0 0 1 
34562489690248;0.122472;0.186799;0.998325 -0.00102623 0.0578469 9426.07 0.00129496 0.999989 -0.00460829 -816.731 -0.0578416 0.00467548 0.998315 3018.6 0 0 0 1 
34562489690249;0.236877;0.516373;0.993595 0.000564006 -0.113002 -20.521 0.000554176 0.999951 0.00986355 4.64237 0.113002 -0.00986299 0.993546 -32.0595 0 0 0 1 
34562489690250;0.361013;0.491142;0.997095 0.000260887 0.0761738 -66.9711 0.000246306 0.999978 -0.0066489 4.43687 -0.0761738 0.00664835 0.997072 24.1829 0 0 0 1 
34562489690251;0.0844088;0.12543;0.999427 5.10838e-05 -0.0338413 -3.22859 4.88889e-05 0.999996 0.00295333 0.578976 0.0338413 -0.00295329 0.999423 -12.9363 0 0 0 1 
34562489690252;0.195046;0.472607;0.999962 -3.28066e-05 -0.00867642 293.304 3.97623e-05 1 0.0008015 -23.3327 0.00867639 -0.000801815 0.999962 355.91 0 0 0 1 
34562489690253;0.120903;0.262986;0.99569 0.000169123 0.0927384 1655.18 0.000593131 0.999966 -0.00819177 -145.117 -0.0927367 0.00821148 0.995657 -916.479 0 0 0 1 
34562489690254;0.246774;0.326731;1 -1.17512e-06 -1.63481e-05 10.7441 1.17512e-06 1 -9.12761e-08 -1.52476 1.63481e-05 9.12568e-08 1 -11.6707 0 0 0 1 
34562489690255;0.134202;0.161619;0.99992 -8.74225e-05 0.0126219 758.094 0.000101714 0.999999 -0.00113164 -66.6887 -0.0126218 0.00113283 0.99992 -247.783 0 0 0 1 
34562489690256;0.130561;0.208792;0.999368 -2.0782e-05 0.0355609 608.308 0.000129764 0.999995 -0.00306234 -52.2823 -0.0355606 0.00306502 0.999363 322.6 0 0 0 1 
34562489690257;0.163799;0.231783;0.999702 2.94544e-05 -0.0244274 -24.1757 2.26068e-05 0.999998 0.00213099 2.87288 0.0244274 -0.0021309 0.999699 -16.8202 0 0 0 1 
34562489690258;0.294851;0.363429;0.999828 1.51479e-05 -0.0185265 1.39368 1.47741e-05 0.999999 0.00161495 -1.014 0.0185265 -0.00161495 0.999827 -20.8519 0 0 0 1 
34562489690259;0.334686;0.65389;1 1.62334e-07 1.00921e-08 1.13906 -1.62334e-07 1 -3.02658e-08 -3.11725 -1.00921e-08 3.02658e-08 1 0.155037 0 0 0 1 
34562489690260;0.32082;0.68093;0.998201 0.000162256 -0.0599617 -31.0164 0.000151886 0.999986 0.00523446 6.14727 0.0599617 -0.00523415 0.998187 -11.8492 0 0 0 1 
34562489690261;0.124973;0.104686;0.991424 0.00234336 0.13066 -12848.2 -0.000887486 0.999937 -0.0111995 1132.26 -0.130678 0.0109875 0.991364 3404.1 0 0 0 1 
