#;prob_registration_l1 -r /home/probabilistic_point_clouds_registration/build/tester /home/point_clouds_registration_benchmark//devel/registration_pairs/wood_summer_local.txt /home/point_clouds_registration_benchmark//eth/wood_summer -s 0.2 -t 0.2 -p 0.3 -r 1000 -m 20 -i 40 
id;initial_error;final_error;transformation
2318808360000;0.0774618;0.0499054;0.998286 0.0353891 0.0466049 -0.46694 -0.0357783 0.999331 0.00754364 0.383323 -0.0463067 -0.00919816 0.998885 0.433056 0 0 0 1 
2318808360001;0.306883;0.0673714;0.997725 0.0663523 -0.0119454 -0.201683 -0.0664041 0.997785 -0.0039937 0.543765 0.011654 0.00477783 0.999921 -0.289897 0 0 0 1 
2318808360002;0.495258;0.0616894;0.915221 -0.38835 -0.107491 4.75925 0.388081 0.921306 -0.0242774 -1.82702 0.10846 -0.0194959 0.99391 -0.0670545 0 0 0 1 
2318808360003;0.524546;0.0628757;0.911508 -0.407847 -0.0530555 4.37105 0.411011 0.898597 0.153603 -2.70649 -0.0149712 -0.161817 0.986707 1.36631 0 0 0 1 
2318808360004;0.20511;0.0576101;0.997253 -0.0706701 0.0221656 0.621098 0.0703764 0.997426 0.0137596 -0.610198 -0.0230809 -0.0121619 0.99966 -0.110128 0 0 0 1 
2318808360005;0.440296;0.0631018;0.983698 0.0650828 -0.167636 -0.10449 -0.0138715 0.956894 0.290104 0.0974995 0.179291 -0.28305 0.942198 0.933641 0 0 0 1 
2318808360006;0.169359;0.051499;0.995837 -0.0893767 0.0178993 1.02133 0.0895888 0.995913 -0.0114171 -0.493642 -0.0168057 0.0129731 0.999775 0.114727 0 0 0 1 
2318808360007;0.299345;0.0549587;0.927105 -0.37063 0.055769 4.27708 0.36889 0.928647 0.0391828 -2.32908 -0.066312 -0.015754 0.997675 0.589336 0 0 0 1 
2318808360008;0.34518;0.0647995;0.930031 0.266095 0.253448 -2.45622 -0.299777 0.948276 0.104438 2.83005 -0.212548 -0.173109 0.961695 3.83794 0 0 0 1 
2318808360009;0.553788;0.387651;0.996769 0.0694712 0.0403201 -0.704333 -0.0695926 0.997574 0.00161535 0.0321606 -0.04011 -0.00441611 0.999186 0.571598 0 0 0 1 
2318808360010;0.296129;0.0481596;0.991419 -0.130725 0.000436275 1.22398 0.13056 0.990325 0.0470165 -1.29015 -0.00657827 -0.0465561 0.998894 0.0707489 0 0 0 1 
2318808360011;0.267088;0.0636062;0.973394 -0.192025 0.12502 2.07045 0.177607 0.977022 0.117827 -1.26905 -0.144773 -0.0924876 0.985133 2.41988 0 0 0 1 
2318808360012;0.117207;0.0510493;0.9968 -0.00587114 -0.0797249 0.0344346 0.0103771 0.998364 0.0562223 -0.247794 0.0792644 -0.0568697 0.99523 -0.188339 0 0 0 1 
2318808360013;0.297157;0.0338735;0.996945 -0.0521552 0.0581502 -0.0351365 0.0535915 0.998288 -0.0234189 -0.640031 -0.0568293 0.0264637 0.998033 0.0417784 0 0 0 1 
2318808360014;0.320442;0.0627546;0.999966 0.00290245 0.00773506 -0.079552 -0.00296226 0.999966 0.00773295 -0.013501 -0.00771235 -0.0077556 0.99994 -0.51667 0 0 0 1 
2318808360015;0.329054;0.0476595;0.962774 0.239387 -0.125537 -2.1329 -0.251303 0.963761 -0.0895025 2.40589 0.0995624 0.117719 0.988043 -2.47042 0 0 0 1 
2318808360016;0.335073;0.0472207;0.999553 0.0293989 0.00536494 -0.282397 -0.0294563 0.999506 0.0109573 -0.0937134 -0.00504016 -0.0111104 0.999926 -0.433716 0 0 0 1 
2318808360017;0.483715;0.0417895;0.972971 0.225057 -0.0517354 -2.55239 -0.224837 0.974344 0.0100957 1.75567 0.0526802 0.00180925 0.99861 0.25215 0 0 0 1 
2318808360018;0.313611;0.0603635;0.908617 -0.406665 -0.0950693 4.90068 0.398636 0.912393 -0.0928866 -2.12349 0.124514 0.0465004 0.991128 -1.4398 0 0 0 1 
2318808360019;0.502137;0.0438934;0.947403 0.316204 -0.0494277 -2.50592 -0.319778 0.928963 -0.186465 2.87545 -0.0130445 0.192463 0.981218 -2.32634 0 0 0 1 
2318808360020;0.421809;0.0458356;0.966776 0.0211845 0.254746 -0.596553 -0.00128822 0.996951 -0.0780167 0.225947 -0.255622 0.0750965 0.963856 0.569355 0 0 0 1 
2318808360021;0.393879;0.0356099;0.907791 -0.302345 -0.290693 4.34408 0.210142 0.927681 -0.308623 -0.903617 0.362981 0.219078 0.905676 -4.99371 0 0 0 1 
2318808360022;0.404256;0.0705385;0.995165 0.0300387 -0.0935057 -0.306066 -0.0354278 0.997773 -0.0565177 0.987335 0.0915997 0.0595571 0.994013 -1.68806 0 0 0 1 
2318808360023;0.175152;0.0542696;0.978448 -0.193944 0.070889 1.94173 0.196781 0.979807 -0.0354287 -1.32127 -0.0625863 0.0486148 0.996855 -0.0019906 0 0 0 1 
2318808360024;0.438639;0.0394365;0.992723 0.00161907 -0.12041 -0.717766 -0.0133543 0.995222 -0.0967172 0.291423 0.119679 0.0976214 0.988002 -2.06271 0 0 0 1 
2318808360025;0.493149;0.0524219;0.984196 -0.176633 -0.0126103 1.73852 0.176337 0.984092 -0.0216294 -0.732247 0.0162302 0.0190639 0.999687 0.385742 0 0 0 1 
2318808360026;0.26214;0.0451963;0.981144 0.0110451 -0.192962 -0.143995 0.0029033 0.997411 0.0718541 -0.10295 0.193256 -0.0710595 0.978572 -0.468893 0 0 0 1 
2318808360027;0.301824;0.0498638;0.971045 0.238763 -0.00798257 -2.29901 -0.232439 0.936553 -0.262376 2.93392 -0.0551696 0.256635 0.964933 -2.17785 0 0 0 1 
2318808360028;0.111442;0.063159;0.998911 -0.0357137 -0.0300165 0.318455 0.0395427 0.989567 0.13854 -0.451098 0.0247556 -0.139576 0.989902 1.21499 0 0 0 1 
2318808360029;0.556383;0.0537962;0.994341 -0.0627544 -0.0857172 0.111513 0.0902872 0.924396 0.370595 -0.474919 0.0559801 -0.376237 0.924831 4.23239 0 0 0 1 
2318808360031;0.47988;0.0761475;0.902487 0.369791 -0.220843 -2.4175 -0.356223 0.929044 0.0999152 3.74515 0.24212 -0.0115028 0.970178 -2.23605 0 0 0 1 
2318808360032;0.536016;0.0642995;0.92331 0.0294604 -0.382923 1.0534 -0.139939 0.954317 -0.264002 2.61277 0.357652 0.297342 0.885253 -6.2468 0 0 0 1 
2318808360033;0.38485;0.0674011;0.990973 0.133592 0.0112371 -1.09517 -0.133498 0.991011 -0.00874316 1.05024 -0.0123041 0.0071641 0.999899 -0.714367 0 0 0 1 
2318808360034;0.495664;0.0804552;0.878417 0.475637 0.0463998 -4.198 -0.476443 0.879173 0.00750521 5.50595 -0.0372237 -0.0286996 0.998895 0.0972377 0 0 0 1 
2318808360035;0.329409;0.0634953;0.993315 0.0902454 -0.0719768 -0.532581 -0.0908157 0.995857 -0.00468335 0.934713 0.0712559 0.0111887 0.997395 -1.30667 0 0 0 1 
2318808360036;0.430313;0.0695334;0.898989 0.233096 -0.370789 -0.874301 -0.222713 0.972277 0.0712475 1.88934 0.377118 0.0185288 0.92598 -3.3557 0 0 0 1 
2318808360037;0.120765;0.0585846;0.991725 -0.00158744 -0.128373 0.302988 -0.0140241 0.9926 -0.120615 0.377739 0.127614 0.121417 0.984364 -2.38229 0 0 0 1 
2318808360038;0.516165;0.0754652;0.976813 -0.196966 0.0839054 2.07706 0.195005 0.980311 0.0310403 -2.08215 -0.0883673 -0.0139586 0.99599 1.47996 0 0 0 1 
2318808360039;0.413132;0.0817696;0.975969 -0.14207 0.165228 1.3425 0.136001 0.989568 0.047538 -0.717042 -0.170258 -0.0239245 0.985109 2.03811 0 0 0 1 
2318808360040;0.306491;0.0595219;0.988401 0.108537 -0.106218 -0.592317 -0.0914243 0.983755 0.154492 0.728797 0.121261 -0.14299 0.982268 0.101055 0 0 0 1 
2318808360041;0.475776;0.0625944;0.870491 -0.491444 -0.0269801 6.63426 0.490173 0.870581 -0.0426477 -2.67402 0.0444473 0.0238995 0.998726 -0.209767 0 0 0 1 
2318808360042;0.392346;0.0730265;0.997008 0.0352747 0.0687753 -0.378456 -0.0349983 0.999374 -0.00521982 0.296456 -0.0689164 0.00279719 0.997619 1.23156 0 0 0 1 
2318808360043;0.212163;0.0626872;0.98898 0.0560917 -0.137009 -0.232789 -0.0214522 0.969974 0.242259 0.141195 0.146484 -0.23665 0.960489 1.38557 0 0 0 1 
2318808360044;0.216595;0.0705793;0.988101 0.102347 -0.114811 -1.05815 -0.0951887 0.993255 0.0662014 0.538233 0.120812 -0.054485 0.991179 -0.345279 0 0 0 1 
2318808360045;0.469606;0.0859247;0.921499 0.218449 -0.321123 -1.45013 -0.310766 0.910648 -0.272295 3.90102 0.232947 0.350714 0.907048 -5.26406 0 0 0 1 
2318808360046;0.276896;0.0617263;0.999892 0.00649493 0.0131989 0.230543 -0.0063977 0.999952 -0.00739592 -0.428172 -0.0132463 0.00731068 0.999886 -0.193849 0 0 0 1 
2318808360047;0.219223;0.0635644;0.957523 -0.144478 -0.249551 2.2659 0.139272 0.989506 -0.0384936 -0.897129 0.252494 0.00210301 0.967596 -2.19659 0 0 0 1 
2318808360048;0.2746;0.0689996;0.955418 -0.0356231 0.293099 0.36371 0.0148842 0.997244 0.0726863 -0.166624 -0.29488 -0.0650833 0.953315 3.09878 0 0 0 1 
2318808360049;0.475244;0.0732944;0.908869 -0.309133 -0.279988 4.86396 0.329811 0.943608 0.0287683 -2.26842 0.255306 -0.11849 0.959572 -1.37343 0 0 0 1 
2318808360050;0.266943;0.0779728;0.9503 -0.30936 -0.0350057 3.9532 0.309711 0.950818 0.00492861 -2.15529 0.0317594 -0.0155253 0.999375 -0.369464 0 0 0 1 
2318808360051;0.316495;0.0640319;0.980647 -0.0674861 0.183785 0.776126 0.040804 0.98855 0.145274 -0.519007 -0.191484 -0.134963 0.972172 3.52513 0 0 0 1 
2318808360052;0.442125;0.0767626;0.914628 0.378617 0.141791 -3.49692 -0.373083 0.925532 -0.0648093 3.49171 -0.15577 0.00637666 0.987773 1.46034 0 0 0 1 
2318808360053;0.502153;0.068573;0.998901 -0.0442582 -0.0154107 1.29374 0.0458969 0.990348 0.130782 -0.585512 0.00947372 -0.131346 0.991291 1.98997 0 0 0 1 
2318808360054;0.189299;0.0624682;0.964554 -0.261415 -0.0360176 3.28057 0.257438 0.96217 -0.0891862 -1.67032 0.0579696 0.0767527 0.995364 -1.41691 0 0 0 1 
2318808360055;0.56348;0.0621103;0.948149 0.120353 -0.294157 0.17952 -0.15633 0.982431 -0.101937 2.22022 0.27672 0.142637 0.950306 -3.84227 0 0 0 1 
2318808360056;0.0419399;0.0646246;0.998457 0.0400277 -0.0384988 -0.290187 -0.0399612 0.999198 0.00249575 0.295005 0.0385679 -0.000953433 0.999256 -0.373365 0 0 0 1 
2318808360057;0.467263;0.0693097;0.995986 -0.0845589 -0.0293495 1.24298 0.0836578 0.996022 -0.0306817 -1.39652 0.0318271 0.0281033 0.999098 -1.12951 0 0 0 1 
2318808360058;0.291617;0.0782593;0.999778 -0.0018408 -0.021013 0.172148 0.00474012 0.990313 0.138776 0.349633 0.020554 -0.138844 0.990101 1.50968 0 0 0 1 
2318808360059;0.25976;0.0573411;0.971096 0.0105011 -0.23846 0.683604 -0.0294259 0.996678 -0.0759422 0.364486 0.23687 0.080764 0.968179 -2.60221 0 0 0 1 
2318808360060;0.11731;0.0646889;0.994657 0.0832684 0.0610306 -0.87624 -0.0799782 0.995305 -0.0545081 0.805062 -0.0652829 0.0493358 0.996646 -0.0585884 0 0 0 1 
2318808360062;0.468711;0.0529931;0.908987 0.410531 -0.0721545 -0.961931 -0.368762 0.872732 0.319927 2.12798 0.194311 -0.264201 0.944691 0.189793 0 0 0 1 
2318808360063;0.468392;0.0450849;0.99368 -0.11145 0.0134035 -0.389921 0.109255 0.987633 0.112447 -1.15388 -0.02577 -0.110272 0.993567 -0.06594 0 0 0 1 
2318808360064;0.317402;0.0510361;0.945006 0.327053 0.000938292 -0.458038 -0.327051 0.945005 -0.0017675 1.9582 -0.00146476 0.00136343 0.999998 -0.406551 0 0 0 1 
2318808360065;0.263432;0.0496254;0.975523 -0.209327 0.0673642 0.781443 0.201205 0.97328 0.110651 -1.53722 -0.0887265 -0.0943889 0.991574 0.991626 0 0 0 1 
2318808360066;0.238324;0.0482333;0.999635 -0.0260132 -0.00732641 -0.306348 0.0261622 0.999436 0.0210325 -0.408484 0.00677516 -0.0212165 0.999752 0.0938538 0 0 0 1 
2318808360067;0.429905;0.0519147;0.991942 0.104586 -0.0715068 0.799643 -0.0998524 0.992754 0.0668568 0.544455 0.077981 -0.0591779 0.995197 -0.583955 0 0 0 1 
2318808360068;0.55967;0.0494446;0.885633 -0.137252 -0.44364 2.05594 0.220521 0.96504 0.141662 -1.56391 0.408687 -0.223292 0.884938 -2.23735 0 0 0 1 
2318808360069;0.324897;0.0442444;0.997419 0.0689191 0.0201285 0.248319 -0.0692936 0.997424 0.018538 0.0654386 -0.018799 -0.0198849 0.999626 -0.432812 0 0 0 1 
2318808360070;0.327797;0.0557804;0.996097 0.0661071 0.0584916 0.55375 -0.0632604 0.996781 -0.049251 0.281637 -0.0615592 0.0453586 0.997072 -0.00294386 0 0 0 1 
2318808360071;0.127608;0.059651;0.98951 0.126642 0.0695076 -0.350523 -0.127314 0.991848 0.00530741 0.706801 -0.0682689 -0.014101 0.997567 0.351834 0 0 0 1 
2318808360072;0.27755;0.0476799;0.964161 -0.255681 -0.0708654 0.776937 0.255649 0.966721 -0.00967123 -1.17815 0.0709798 -0.00879202 0.997439 -0.605018 0 0 0 1 
2318808360073;0.377754;0.0497286;0.994157 -0.0535304 0.0937325 0.0575904 0.0680603 0.984862 -0.159417 0.0549941 -0.0837799 0.164865 0.982751 -0.724758 0 0 0 1 
2318808360074;0.367604;0.0500558;0.89041 -0.454525 -0.0240024 1.98332 0.448608 0.885289 -0.122534 -2.22159 0.076944 0.0983383 0.992174 -0.536979 0 0 0 1 
2318808360075;0.223733;0.0531163;0.967025 -0.00747485 0.254572 0.110101 0.00475804 0.999925 0.0112862 -0.272602 -0.254637 -0.00970279 0.966988 1.5429 0 0 0 1 
2318808360076;0.344651;0.0565833;0.994219 -0.104297 -0.0255205 0.889706 0.107374 0.964829 0.239948 -0.849688 -0.000403085 -0.241301 0.97045 1.14374 0 0 0 1 
2318808360077;0.167206;0.0642867;0.995912 0.0406848 0.0806528 0.0514655 -0.0432902 0.998587 0.0308224 0.422085 -0.0792848 -0.0341878 0.996266 0.42293 0 0 0 1 
2318808360078;0.455663;0.054421;0.923914 0.376028 0.0706164 -0.465497 -0.381291 0.920192 0.0886782 1.96424 -0.0316351 -0.108856 0.993554 -0.215723 0 0 0 1 
2318808360079;0.349782;0.0538784;0.989902 0.0907337 0.108914 -0.171347 -0.106255 0.983503 0.146398 0.492527 -0.0938344 -0.156493 0.983212 1.69453 0 0 0 1 
2318808360080;0.31557;0.0597376;0.991114 0.0567749 -0.120293 0.0940018 -0.00577566 0.921851 0.387501 -0.468694 0.132893 -0.383363 0.913987 0.372828 0 0 0 1 
2318808360081;0.265138;0.0493785;0.992359 0.0833559 -0.0909721 0.000490841 -0.102888 0.965992 -0.237222 1.14817 0.0681044 0.24477 0.967186 -0.861102 0 0 0 1 
2318808360082;0.291619;0.045616;0.978667 0.131376 -0.157959 0.0902968 -0.173797 0.939406 -0.295485 1.62634 0.109568 0.316634 0.942198 -1.54439 0 0 0 1 
2318808360083;0.406111;0.0419938;0.991041 -0.133108 0.0109696 -0.00143517 0.131889 0.988289 0.0767424 -0.92034 -0.0210561 -0.074608 0.996991 -0.419228 0 0 0 1 
2318808360084;0.25521;0.0464973;0.999142 0.0367224 -0.0191278 0.162843 -0.0409532 0.944548 -0.325808 0.822316 0.00610267 0.326312 0.945242 -0.967927 0 0 0 1 
2318808360085;0.097134;0.0496209;0.999537 -0.00381269 0.0301868 0.0142111 0.00292345 0.999562 0.0294476 -0.0321975 -0.0302858 -0.0293457 0.99911 0.411029 0 0 0 1 
2318808360086;0.630308;0.0577987;0.957523 0.141326 -0.251349 0.702517 -0.0208575 0.903322 0.428455 -0.687551 0.287601 -0.405013 0.8679 -1.19306 0 0 0 1 
2318808360087;0.164964;0.0468466;0.988606 0.148568 0.0241908 -0.272429 -0.145507 0.98438 -0.0991134 1.06413 -0.038538 0.0944642 0.994782 -0.0829409 0 0 0 1 
2318808360088;0.426784;0.0566369;0.92478 0.213803 0.314753 -0.24251 -0.148685 0.964489 -0.218296 1.08958 -0.350248 0.155076 0.92373 2.13005 0 0 0 1 
2318808360089;0.0156956;0.0483606;0.999827 -0.00642573 -0.0174397 0.121027 0.00677703 0.999774 0.0201596 -0.127315 0.0173063 -0.0202744 0.999645 -0.066962 0 0 0 1 
2318808360090;0.105965;0.0539444;0.999626 0.0147381 -0.0230344 -0.094061 -0.0148563 0.999877 -0.00496733 0.162941 0.0229584 0.00530768 0.999722 -0.0988712 0 0 0 1 
2318808360091;0.471367;0.0426323;0.938966 -0.0860583 -0.33307 1.01639 0.00818131 0.973516 -0.228472 0.888754 0.343911 0.211802 0.914803 -2.86218 0 0 0 1 
2318808360093;0.358587;0.0381499;0.99174 0.099685 0.0807178 -0.184262 -0.100199 0.994965 0.00232896 0.989832 -0.0800792 -0.0103975 0.996734 -0.271336 0 0 0 1 
2318808360094;0.104341;0.0350371;0.996123 0.080624 0.0351972 0.107098 -0.0792212 0.996071 -0.0395824 0.325872 -0.0382502 0.0366406 0.998596 0.339289 0 0 0 1 
2318808360095;0.369651;0.0468783;0.960699 -0.276244 0.0273242 0.377244 0.277181 0.959974 -0.0402589 -1.14807 -0.0151092 0.0462505 0.998816 -0.547502 0 0 0 1 
2318808360096;0.316121;0.0357536;0.998906 0.0370528 0.0285186 0.677239 -0.0371111 0.99931 0.00151567 0.323535 -0.0284427 -0.00257237 0.999592 0.54404 0 0 0 1 
2318808360097;0.369151;0.034292;0.902406 0.289659 0.319001 0.142264 -0.275768 0.957099 -0.0889598 1.12796 -0.331084 -0.00769239 0.94357 1.30306 0 0 0 1 
2318808360098;0.287285;0.0432872;0.954544 -0.293786 0.0503633 0.0723602 0.292311 0.955695 0.0346711 -1.49108 -0.0583179 -0.0183734 0.998129 0.066124 0 0 0 1 
2318808360099;0.367143;0.0476852;0.934641 -0.351982 0.0505424 0.464291 0.353209 0.93538 -0.0175613 -2.21929 -0.0410951 0.0342656 0.998568 -0.0202087 0 0 0 1 
2318808360100;0.403666;0.036168;0.990552 -0.136591 -0.0122415 0.938912 0.13713 0.987497 0.0777479 -0.647313 0.00146876 -0.078692 0.996898 -0.392543 0 0 0 1 
2318808360101;0.302239;0.0424516;0.935171 -0.150844 0.32047 -0.187398 0.169692 0.984992 -0.0315486 -0.845189 -0.310902 0.0838845 0.946733 1.66641 0 0 0 1 
2318808360102;0.281834;0.0385797;0.988595 0.149823 0.0152435 0.129445 -0.148735 0.95549 0.25479 0.205236 0.0236084 -0.254151 0.966876 -0.142735 0 0 0 1 
2318808360103;0.378578;0.0405053;0.942145 0.197835 -0.270599 0.707679 -0.12513 0.956477 0.263616 0.230634 0.310974 -0.214504 0.925896 -1.32218 0 0 0 1 
2318808360104;0.557659;0.0518471;0.884302 -0.466648 -0.0158114 0.254448 0.465096 0.883337 -0.0583238 -2.16273 0.0411835 0.044222 0.998172 -0.955985 0 0 0 1 
2318808360105;0.460355;0.0422148;0.910211 -0.413169 -0.0284026 0.695791 0.413587 0.903293 0.114054 -2.32217 -0.0214679 -0.115561 0.993068 -0.443313 0 0 0 1 
2318808360106;0.53681;0.0484993;0.936628 -0.0633694 -0.344547 1.3576 0.0539829 0.997864 -0.0367791 0.521024 0.346142 0.0158486 0.938048 -1.35927 0 0 0 1 
2318808360107;0.116161;0.0366835;0.990184 -0.00355214 0.139723 -0.0561157 0.0182728 0.994387 -0.104215 0.0226925 -0.138569 0.105745 0.984691 0.854661 0 0 0 1 
2318808360108;0.426496;0.0361774;0.969932 0.240886 0.0347158 0.702615 -0.239232 0.969879 -0.0458466 1.24125 -0.0447139 0.0361629 0.998345 -0.40316 0 0 0 1 
2318808360109;0.361092;0.0412444;0.987482 0.148524 0.0530978 -0.819 -0.145657 0.987843 -0.054321 1.15176 -0.0605203 0.045907 0.997111 0.18186 0 0 0 1 
2318808360110;0.188673;0.0444009;0.994645 -0.0188423 -0.101614 0.403144 0.0091958 0.995475 -0.0945784 0.257189 0.102936 0.0931376 0.990318 -0.587033 0 0 0 1 
2318808360111;0.302097;0.0436146;0.979302 0.188374 -0.0740417 -0.418841 -0.165702 0.956232 0.241171 0.750018 0.116231 -0.223911 0.967654 -0.335734 0 0 0 1 
2318808360112;0.226828;0.0429751;0.966395 -0.248879 -0.0643448 0.477856 0.250318 0.968044 0.0152329 -1.22069 0.0584974 -0.0308276 0.997811 -0.19254 0 0 0 1 
2318808360113;0.311079;0.0457026;0.928319 -0.314061 -0.198971 0.540699 0.258317 0.929756 -0.262347 -0.984487 0.267387 0.192144 0.944238 -1.23686 0 0 0 1 
2318808360114;0.267587;0.0383963;0.986333 -0.0367599 0.160611 -0.0462012 0.0377249 0.999284 -0.00296254 0.134505 -0.160387 0.00898111 0.987013 1.42052 0 0 0 1 
2318808360115;0.283003;0.0402894;0.994467 -0.0994016 0.0339857 -0.0664211 0.0862019 0.957051 0.276809 -0.821919 -0.0600413 -0.272348 0.960324 0.918541 0 0 0 1 
2318808360116;0.15967;0.0406103;0.999209 0.0130279 0.0375762 0.192641 -0.0125914 0.999851 -0.0118313 0.10886 -0.0377247 0.0113488 0.999224 -0.0999337 0 0 0 1 
2318808360117;0.274094;0.0501717;0.970324 0.178555 -0.163062 0.54426 -0.206432 0.962853 -0.174067 1.33942 0.125924 0.202563 0.971139 -0.733029 0 0 0 1 
2318808360118;0.309171;0.0380664;0.9939 -0.0448281 0.10076 0.206082 0.0565746 0.991528 -0.116923 0.032988 -0.0946646 0.121911 0.988016 1.16856 0 0 0 1 
2318808360119;0.136528;0.0417987;0.999816 0.0141262 0.0129958 -0.0178812 -0.0160773 0.986173 0.164935 -0.10994 -0.0104862 -0.165113 0.986219 0.342919 0 0 0 1 
2318808360120;0.394337;0.0454419;0.967829 -0.249495 0.0325413 0.321725 0.25036 0.967806 -0.0259154 -1.1558 -0.025028 0.0332287 0.999134 -0.629874 0 0 0 1 
2318808360121;0.407083;0.0412149;0.889112 -0.456136 0.0376723 0.689866 0.4568 0.889502 -0.0109477 -2.20961 -0.028516 0.0269424 0.99923 -0.241722 0 0 0 1 
2318808360122;0.325576;0.0412954;0.970435 0.0265073 -0.239901 0.820549 -0.0158216 0.9988 0.0463592 -0.00264896 0.240842 -0.041193 0.96969 -0.811724 0 0 0 1 
2318808360124;0.330187;0.0458449;0.952128 -0.169566 0.254361 1.67199 0.118161 0.971529 0.205353 -1.14266 -0.28194 -0.165466 0.945056 3.56121 0 0 0 1 
2318808360125;0.152771;0.0448485;0.988348 -0.152205 -0.00120181 1.51247 0.152175 0.987922 0.0291992 -1.27368 -0.00325697 -0.0290419 0.999573 0.415447 0 0 0 1 
2318808360126;0.0910746;0.0377455;0.998278 -0.00139219 -0.0586454 -0.0878897 4.53805e-05 0.999736 -0.0229603 0.0922418 0.0586619 0.0229181 0.998015 -0.701387 0 0 0 1 
2318808360127;0.146509;0.0425756;0.992332 -0.114083 0.0475556 1.04879 0.111538 0.992338 0.0531387 -0.872148 -0.0532535 -0.047427 0.997454 1.06643 0 0 0 1 
2318808360128;0.288596;0.0528384;0.943176 0.117838 -0.310699 -0.374217 -0.141659 0.988377 -0.0551679 1.20671 0.300587 0.0960462 0.948906 -3.18819 0 0 0 1 
2318808360129;0.489639;0.0523753;0.979166 -0.136192 -0.150619 2.08373 0.0674965 0.917852 -0.391142 1.10393 0.191516 0.372827 0.907922 -5.21348 0 0 0 1 
2318808360130;0.532869;0.0679171;0.946619 -0.0565087 0.317364 0.0417197 -0.0685843 0.926668 0.36957 1.10328 -0.314975 -0.371608 0.873326 6.759 0 0 0 1 
2318808360131;0.255773;0.0568235;0.998232 -0.0173976 0.0568274 -0.0608381 0.011158 0.994053 0.108326 -0.292252 -0.0583741 -0.1075 0.99249 1.0317 0 0 0 1 
2318808360132;0.368015;0.328623;0.994378 0.100567 0.0331563 -1.08234 -0.0974676 0.991634 -0.0846326 0.720767 -0.0413901 0.0809251 0.99586 -0.434551 0 0 0 1 
2318808360133;0.203483;0.0503535;0.987715 0.122463 -0.097067 -1.02013 -0.10408 0.978888 0.175915 0.655332 0.116561 -0.163651 0.979608 0.603321 0 0 0 1 
2318808360134;0.215895;0.044098;0.99707 -0.0267409 -0.071662 0.611126 0.0247826 0.999298 -0.0280773 -0.312301 0.0723626 0.026219 0.997034 -0.624166 0 0 0 1 
2318808360135;0.357096;0.0566631;0.956981 0.082508 -0.278172 -0.0659786 -0.0851875 0.996362 0.00246237 0.936627 0.277363 0.0213403 0.960528 -2.01331 0 0 0 1 
2318808360136;0.39267;0.0466726;0.989989 -0.0958066 0.103652 0.901742 0.108384 0.986416 -0.123432 -0.159785 -0.0904181 0.133431 0.986925 -0.104785 0 0 0 1 
2318808360137;0.205186;0.039878;0.981015 -0.0193642 -0.192963 0.68243 0.0268065 0.998991 0.0360327 -0.294996 0.19207 -0.0405213 0.980544 -1.08175 0 0 0 1 
2318808360138;0.524941;0.0382886;0.984683 -0.168024 0.0465478 1.38928 0.167141 0.985681 0.0222895 -1.43505 -0.0496264 -0.0141681 0.998667 -0.415052 0 0 0 1 
2318808360139;0.224459;0.0380541;0.992414 0.113358 -0.0475862 -1.09035 -0.121129 0.967786 -0.22072 1.60776 0.0210328 0.22481 0.974176 -2.33771 0 0 0 1 
2318808360140;0.242736;0.042389;0.992908 0.0550496 0.105373 -0.725121 -0.046546 0.995584 -0.0815262 0.588069 -0.109396 0.0760433 0.991085 -0.289168 0 0 0 1 
2318808360141;0.27546;0.0444324;0.969238 0.234312 0.0753342 -2.01908 -0.231295 0.971763 -0.046675 2.15349 -0.0841436 0.0278148 0.996065 0.122038 0 0 0 1 
2318808360142;0.19755;0.0580445;0.992675 -0.111418 0.0467165 0.954184 0.110531 0.993647 0.021155 -0.715009 -0.0487767 -0.0158364 0.998684 0.218989 0 0 0 1 
2318808360143;0.359468;0.0272164;0.971001 -0.0748782 -0.227046 1.09139 0.0825634 0.996284 0.0245291 -0.725762 0.224366 -0.0425635 0.973575 -0.662279 0 0 0 1 
2318808360144;0.260225;0.0422837;0.982167 -0.179901 0.0546293 1.58726 0.185085 0.976236 -0.112723 -1.00401 -0.0330522 0.120824 0.992124 -1.21487 0 0 0 1 
2318808360145;0.465801;0.0370244;0.908298 -0.236338 0.345166 2.64983 0.250539 0.9681 0.0035787 -1.61008 -0.335001 0.083227 0.938535 2.43602 0 0 0 1 
2318808360146;0.208847;0.0400163;0.983584 -0.180441 -0.00198073 1.84067 0.175287 0.957979 -0.227048 -0.646092 0.0428663 0.222974 0.973881 -2.61447 0 0 0 1 
2318808360147;0.522631;0.0323847;0.950036 0.250952 0.185622 -2.70772 -0.223805 0.962174 -0.155349 2.38351 -0.217585 0.106044 0.970264 -0.0992433 0 0 0 1 
2318808360148;0.348601;0.0534685;0.962074 0.19057 0.195181 -1.96264 -0.221216 0.963702 0.14947 1.93115 -0.159612 -0.186978 0.969311 3.57774 0 0 0 1 
2318808360149;0.220362;0.0425433;0.986741 0.160311 -0.0253507 -1.58563 -0.160865 0.98674 -0.02159 1.39408 0.0215534 0.0253818 0.999445 -0.729108 0 0 0 1 
2318808360150;0.310305;0.0504148;0.997773 0.057145 0.0343899 -0.943585 -0.0593947 0.995888 0.0684036 0.388595 -0.0303396 -0.0702939 0.997065 0.404583 0 0 0 1 
2318808360151;0.0639999;0.0441334;0.999482 0.0170197 -0.0272987 -0.174198 -0.0159052 0.999051 0.0405364 0.0478769 0.0279627 -0.0400813 0.998805 0.230419 0 0 0 1 
2318808360152;0.508923;0.0524966;0.975924 0.217733 -0.0128046 -1.26071 -0.217695 0.976007 0.00432569 1.87666 0.0134392 -0.00143406 0.999909 0.478125 0 0 0 1 
2318808360153;0.520442;0.032042;0.929336 0.369153 -0.00780941 -3.33842 -0.366496 0.924804 0.102067 3.29058 0.0449006 -0.0919924 0.994747 1.31513 0 0 0 1 
2318808360155;0.242296;0.0756528;0.967095 -0.00675934 0.254326 0.183094 0.0542342 0.982147 -0.180127 -0.163038 -0.248568 0.187993 0.950196 0.0468391 0 0 0 1 
2318808360156;0.545461;0.0865925;0.956262 -0.25222 0.148151 2.48986 0.236641 0.964764 0.115033 -2.0731 -0.171944 -0.0749429 0.982252 1.175 0 0 0 1 
2318808360157;0.417219;0.0977191;0.957574 -0.224346 -0.180891 2.47434 0.173972 0.950412 -0.257781 -0.156055 0.229753 0.215374 0.949119 -3.40266 0 0 0 1 
2318808360158;0.428586;0.127523;0.905702 0.206946 -0.36997 -0.700439 -0.234652 0.971586 -0.0309731 1.98535 0.353048 0.114867 0.928527 -3.43006 0 0 0 1 
2318808360159;0.360686;0.0717881;0.946644 -0.16729 0.27546 1.73387 0.257157 0.907277 -0.332745 -0.647722 -0.194254 0.385827 0.901888 -2.11148 0 0 0 1 
2318808360160;0.334724;0.0681764;0.925785 0.0535827 0.374235 -0.570596 -0.0292585 0.997091 -0.0703828 0.235004 -0.376918 0.0542097 0.924659 2.41388 0 0 0 1 
2318808360161;0.319806;0.208356;0.93054 0.284235 0.230882 -2.65527 -0.302347 0.952063 0.0465039 2.24243 -0.206596 -0.11308 0.97187 2.63612 0 0 0 1 
2318808360162;0.00881013;0.0426397;0.999947 -0.00649439 0.00796044 0.00613371 0.00646542 0.999972 0.00365878 -0.117514 -0.00798399 -0.00360712 0.999962 0.113843 0 0 0 1 
2318808360163;0.15049;0.0530547;0.996533 0.0829 0.0069861 -0.909169 -0.0828732 0.996552 -0.0040416 0.39089 -0.00729705 0.00344862 0.999967 0.190188 0 0 0 1 
2318808360164;0.34564;0.345242;0.999479 0.0307684 0.0097817 -0.412033 -0.0303366 0.998674 -0.0415914 0.127717 -0.0110484 0.041273 0.999087 -0.246934 0 0 0 1 
2318808360165;0.629483;0.0502481;0.928089 -0.160458 0.336011 0.882981 0.201706 0.975167 -0.0914493 -1.84924 -0.312993 0.152649 0.937408 0.600497 0 0 0 1 
2318808360166;0.356263;0.0566747;0.998013 0.0539264 -0.032576 -0.103803 -0.0558028 0.996653 -0.059737 0.142783 0.0292455 0.0614362 0.997682 -0.285578 0 0 0 1 
2318808360167;0.348773;0.0704697;0.975895 -0.0371732 0.21505 0.100984 0.117475 0.919924 -0.374085 0.354184 -0.183923 0.390331 0.902116 -2.10098 0 0 0 1 
2318808360168;0.491205;0.082719;0.967492 -0.124185 -0.220312 1.1483 0.152758 0.981225 0.117735 -0.87663 0.201555 -0.147563 0.968298 0.67263 0 0 0 1 
2318808360169;0.364685;0.103435;0.999666 -0.0257214 -0.00263945 0.265236 0.0256693 0.999505 -0.0181814 0.108265 0.0031058 0.0181076 0.999831 -0.728444 0 0 0 1 
2318808360170;0.293853;0.0491851;0.999071 0.0193987 0.0384898 -0.489644 -0.0193471 0.999811 -0.001712 -0.00192378 -0.0385157 0.000965741 0.999258 -0.247046 0 0 0 1 
2318808360171;0.404455;0.0726281;0.995301 0.0419659 0.0872588 -0.940927 -0.0621807 0.967833 0.243787 -0.109253 -0.0742213 -0.248067 0.965895 2.67632 0 0 0 1 
2318808360172;0.214721;0.070621;0.988582 -0.0372877 0.145996 0.232917 0.0225738 0.994613 0.101172 -0.287671 -0.148982 -0.0967217 0.984098 2.41975 0 0 0 1 
2318808360173;0.439959;0.0727311;0.995949 -0.069238 -0.0573812 1.00946 0.0501988 0.957493 -0.284056 0.765738 0.0746095 0.280024 0.957089 -3.40964 0 0 0 1 
2318808360174;0.284722;0.053881;0.981096 -0.130161 0.143208 1.2621 0.159956 0.961945 -0.221529 -1.00817 -0.108924 0.240248 0.964581 -1.63158 0 0 0 1 
2318808360175;0.207536;0.042735;0.997602 -0.053864 -0.0434549 0.46097 0.0524652 0.998087 -0.0327131 -0.763953 0.0451338 0.0303548 0.99852 -0.703808 0 0 0 1 
2318808360176;0.417626;0.126101;0.968594 -0.182591 -0.16878 1.65311 0.222526 0.939409 0.260753 -1.50081 0.110942 -0.290122 0.950537 1.36591 0 0 0 1 
2318808360177;0.414555;0.0942359;0.958661 -0.0667535 -0.276612 1.43683 0.0344139 0.992157 -0.120164 0.020223 0.282464 0.105677 0.953439 -2.52937 0 0 0 1 
2318808360178;0.192544;0.0738104;0.993912 -0.107091 0.0259023 0.832432 0.106986 0.994246 0.00539362 -0.749533 -0.0263309 -0.00258959 0.99965 -0.0677859 0 0 0 1 
2318808360179;0.369856;0.124768;0.954332 0.287121 0.0825392 -2.46533 -0.280311 0.956137 -0.0850173 2.45137 -0.103329 0.057998 0.992955 0.752201 0 0 0 1 
2318808360180;0.269585;0.0665968;0.999687 -0.00453438 0.0246035 -0.0668352 0.00430983 0.999949 0.00917196 -0.0612151 -0.0246438 -0.00906305 0.999655 0.81491 0 0 0 1 
2318808360181;0.159003;0.0448923;0.998883 -0.0471819 -0.00244333 0.252531 0.0472017 0.998847 0.00880616 -0.408599 0.00202502 -0.00891166 0.999958 0.352678 0 0 0 1 
2318808360182;0.250033;0.0672083;0.99144 0.128167 -0.0249166 -1.52497 -0.122641 0.979617 0.159091 0.718461 0.0447989 -0.154673 0.986949 1.20821 0 0 0 1 
2318808360183;0.583654;0.0974967;0.942277 -0.323157 -0.0876574 3.65235 0.327086 0.944363 0.0345468 -1.9403 0.0716163 -0.0612242 0.995551 -0.878322 0 0 0 1 
2318808360184;0.254669;0.0734369;0.989916 0.140773 -0.0157822 -1.13911 -0.140402 0.989837 0.0225777 1.09527 0.0188001 -0.0201341 0.999621 0.456686 0 0 0 1 
2318808360186;0.32371;0.0221408;0.927337 -0.013119 -0.373997 0.467117 -0.018958 0.996455 -0.0819607 0.109857 0.373746 0.0830954 0.923801 -2.55104 0 0 0 1 
2318808360187;0.391738;0.0371565;0.923322 -0.351814 -0.153957 1.42831 0.38223 0.880643 0.279942 -1.82662 0.0370933 -0.317324 0.947592 0.488606 0 0 0 1 
2318808360188;0.250929;0.0294227;0.962722 -0.270355 0.0086478 1.00499 0.262499 0.941507 0.211328 -1.55986 -0.0652756 -0.20118 0.977377 0.889296 0 0 0 1 
2318808360189;0.35413;0.0244129;0.947382 0.236086 -0.216174 0.0728593 -0.187834 0.956833 0.221787 1.13193 0.259203 -0.169512 0.950831 -0.655057 0 0 0 1 
2318808360190;0.38404;0.0245077;0.972396 0.0831766 0.218008 -0.544068 -0.0723769 0.995743 -0.0570785 0.539146 -0.221827 0.0397242 0.974276 0.488629 0 0 0 1 
2318808360191;0.142007;0.028926;0.993649 -0.0651608 0.0917336 0.32077 0.0628963 0.997645 0.0273675 -0.403175 -0.0933008 -0.021424 0.995407 0.435418 0 0 0 1 
2318808360192;0.308225;0.0297114;0.997291 -0.0548712 0.0489843 -0.524202 0.0567401 0.99768 -0.0376138 -0.255985 -0.0468068 0.0402913 0.998091 0.20105 0 0 0 1 
2318808360193;0.19468;0.0266578;0.988279 0.081267 -0.129232 -0.0936797 -0.0719812 0.994584 0.0749766 0.628456 0.134625 -0.0647955 0.988776 -0.638665 0 0 0 1 
2318808360194;0.35362;0.0221465;0.994255 -0.0393902 0.0995279 -0.147136 0.0378652 0.999135 0.0171654 -0.871704 -0.100118 -0.0132982 0.994887 0.234712 0 0 0 1 
2318808360195;0.220312;0.03348;0.99404 -0.108419 0.0114303 0.366893 0.106216 0.986761 0.122562 -0.663302 -0.0245671 -0.120617 0.992395 0.124689 0 0 0 1 
2318808360196;0.321597;0.0237551;0.995289 0.0436753 0.0865635 -0.438241 -0.0382289 0.997243 -0.0636077 0.609715 -0.0891029 0.0599988 0.994214 0.928222 0 0 0 1 
2318808360197;0.117422;0.0254946;0.999717 -0.0140698 0.0191925 0.209152 0.0136207 0.999635 0.0233372 -0.10316 -0.0195138 -0.0230692 0.999543 0.422194 0 0 0 1 
2318808360198;0.145591;0.0238137;0.995888 -0.0753596 -0.0502814 0.158672 0.0748978 0.99713 -0.0110099 -0.469318 0.0509668 0.00719869 0.998674 -0.522369 0 0 0 1 
2318808360199;0.334769;0.0222477;0.999985 -0.00490618 0.00242051 -0.210869 0.00492185 0.999967 -0.00651123 -0.0348779 -0.00238849 0.00652304 0.999976 0.757534 0 0 0 1 
2318808360200;0.307694;0.0309139;0.969279 0.244833 -0.0235533 -0.296351 -0.243037 0.968073 0.0613871 1.88021 0.0378309 -0.053777 0.997836 0.129194 0 0 0 1 
2318808360201;0.28708;0.029238;0.994335 -0.10597 0.00825909 0.871479 0.106038 0.994328 -0.00827274 -0.537784 -0.00733557 0.00910166 0.999932 0.367873 0 0 0 1 
2318808360202;0.140274;0.0264614;0.991742 0.12823 -0.00205769 -0.249107 -0.128244 0.991486 -0.0225562 0.849241 -0.000852214 0.0226339 0.999743 0.137735 0 0 0 1 
2318808360203;0.354364;0.0241961;0.994559 0.0852511 -0.0598639 -0.159901 -0.0742611 0.983246 0.166473 -0.251491 0.0730529 -0.161122 0.984227 0.569439 0 0 0 1 
2318808360204;0.41534;0.0303874;0.9054 -0.078564 0.417226 0.00313712 0.0252866 0.990964 0.131726 -0.413941 -0.423805 -0.108715 0.899205 2.68233 0 0 0 1 
2318808360205;0.260883;0.0216373;0.988122 -0.140632 -0.0619461 0.36582 0.137074 0.988839 -0.0583839 -1.10796 0.0694653 0.0491992 0.99637 -0.200762 0 0 0 1 
2318808360206;0.381649;0.0277288;0.901992 -0.312035 0.298402 0.969909 0.34285 0.937733 -0.0557736 -1.74996 -0.262418 0.152615 0.952809 1.20547 0 0 0 1 
2318808360207;0.376035;0.0223223;0.905921 0.294283 0.304475 -0.755028 -0.275984 0.955677 -0.102539 1.93079 -0.321156 0.0088619 0.946985 1.99022 0 0 0 1 
2318808360208;0.370049;0.0251083;0.994314 0.00320384 0.106436 -0.337633 -0.0130058 0.995718 0.0915267 -0.0676479 -0.105687 -0.0923906 0.990098 1.68616 0 0 0 1 
2318808360209;0.193142;0.0235089;0.974662 0.195308 -0.109034 -0.170733 -0.194863 0.980718 0.0148247 1.14903 0.109827 0.0067976 0.993927 -0.566511 0 0 0 1 
2318808360210;0.416709;0.0267877;0.948768 -0.28404 0.138421 1.00668 0.205891 0.888052 0.411064 -1.6428 -0.239684 -0.361505 0.901036 2.62662 0 0 0 1 
2318808360211;0.229662;0.03215;0.97911 -0.194768 -0.0583848 0.811179 0.202661 0.958069 0.202566 -1.39579 0.0164833 -0.210167 0.977527 0.511899 0 0 0 1 
2318808360212;0.235303;0.0260517;0.96104 0.275921 0.0164105 -0.66845 -0.275089 0.96056 -0.0406199 1.46672 -0.0269712 0.034523 0.99904 0.0826967 0 0 0 1 
2318808360213;0.418371;0.0165482;0.970942 0.238716 0.0168934 -0.831473 -0.23898 0.970895 0.0158599 1.33466 -0.0126157 -0.0194362 0.999732 0.920716 0 0 0 1 
2318808360214;0.104638;0.0249106;0.994205 0.107501 -0.000183452 -0.215693 -0.10742 0.99352 0.037133 0.526664 0.0041741 -0.0368981 0.99931 0.0339844 0 0 0 1 
2318808360215;0.379457;0.0207364;0.924005 -0.0108421 -0.382227 1.06525 -0.0851509 0.968664 -0.233323 0.915547 0.372779 0.248138 0.894127 -2.52789 0 0 0 1 
2318808360217;0.475077;0.0826599;0.873294 0.216057 -0.436665 0.191989 -0.26011 0.964625 -0.0429141 1.71131 0.411946 0.151058 0.8986 -3.06743 0 0 0 1 
2318808360218;0.538469;0.110134;0.942203 -0.330626 -0.0542264 2.70845 0.335034 0.928485 0.160213 -1.90828 -0.00262226 -0.169121 0.985592 1.75033 0 0 0 1 
2318808360219;0.26223;0.0982077;0.974916 -0.0715409 -0.210763 0.662812 0.0842977 0.995074 0.0521657 -0.442225 0.205993 -0.068624 0.976144 -1.21352 0 0 0 1 
2318808360220;0.178884;0.0900169;0.996226 0.0633266 0.0593553 -0.426479 -0.0568868 0.992893 -0.10453 0.475383 -0.065553 0.100759 0.992749 -0.0617196 0 0 0 1 
2318808360221;0.32248;0.106781;0.927598 -0.310438 0.207823 2.02841 0.300511 0.950536 0.0785707 -1.85921 -0.221935 -0.0104288 0.975006 1.32975 0 0 0 1 
2318808360222;0.547442;0.329651;0.986245 0.150994 -0.0672481 -0.642832 -0.15913 0.977396 -0.139191 0.868321 0.0447109 0.147978 0.987979 -0.788657 0 0 0 1 
2318808360223;0.279763;0.115908;0.943581 0.327028 0.052029 -1.5043 -0.328599 0.94414 0.0249643 2.17788 -0.0409586 -0.0406525 0.998333 0.254102 0 0 0 1 
2318808360224;0.19078;0.0940286;0.987468 -0.157367 0.0119543 1.04502 0.157813 0.985299 -0.0654342 -0.758197 -0.00148143 0.0665007 0.997785 -0.590429 0 0 0 1 
2318808360225;0.382191;0.108919;0.946162 0.323377 -0.0143187 -1.45058 -0.32042 0.9294 -0.183158 2.49968 -0.0459214 0.177885 0.982979 -1.22627 0 0 0 1 
2318808360226;0.232462;0.111682;0.979283 -0.1987 -0.039019 1.3714 0.202448 0.964869 0.167462 -1.22492 0.00437346 -0.171892 0.985106 1.13153 0 0 0 1 
2318808360227;0.121258;0.0792502;0.999851 -0.00916321 -0.0146019 0.16454 0.00940079 0.999823 0.0162857 -0.173402 0.0144501 -0.0164206 0.999761 -0.279975 0 0 0 1 
2318808360228;0.342472;0.304005;0.997707 0.0630426 -0.0246406 -0.236213 -0.064596 0.995566 -0.068372 0.434848 0.0202211 0.0698069 0.997356 -0.525573 0 0 0 1 
2318808360229;0.411101;0.0885002;0.986646 -0.0113761 0.162481 -0.32999 0.0284016 0.994291 -0.10285 -0.202417 -0.160384 0.106091 0.981337 0.904365 0 0 0 1 
2318808360230;0.270984;0.103434;0.937564 -0.345137 -0.0430592 2.57263 0.342764 0.937864 -0.0540751 -1.82278 0.059047 0.0359397 0.997608 -0.752889 0 0 0 1 
2318808360231;0.448163;0.0881476;0.994161 -0.0389243 -0.100647 -0.190209 -0.0060164 0.911236 -0.411841 0.805371 0.107744 0.410042 0.90568 -3.13938 0 0 0 1 
2318808360232;0.480703;0.0900204;0.991722 -0.112049 -0.0627089 1.09006 0.109801 0.993218 -0.0382287 -0.57233 0.0665672 0.0310268 0.997299 -1.51407 0 0 0 1 
2318808360233;0.538633;0.103726;0.982841 0.161041 0.0899437 -1.12609 -0.115359 0.917131 -0.381527 2.07524 -0.143932 0.364605 0.919971 -1.29993 0 0 0 1 
2318808360234;0.46577;0.231784;0.997795 -0.0643208 -0.0163459 0.469092 0.0644804 0.997874 0.00943163 0.0617879 0.0157045 -0.0104648 0.999822 -0.0250968 0 0 0 1 
2318808360235;0.501727;0.0798441;0.997821 0.0294702 -0.0590386 4.16038e-05 -0.0276455 0.999122 0.0314878 -0.0130061 0.0599147 -0.029787 0.997759 -1.22489 0 0 0 1 
2318808360236;0.219286;0.0962211;0.973914 0.180714 -0.137233 -0.619159 -0.180522 0.983472 0.0139485 1.14726 0.137486 0.011189 0.990441 -1.23662 0 0 0 1 
2318808360237;0.1427;0.0730046;0.997639 -0.0662123 -0.0182451 0.362657 0.0653905 0.996956 -0.0424561 -0.407846 0.0210007 0.0411628 0.998932 -0.635586 0 0 0 1 
2318808360238;0.478527;0.0845921;0.89097 -0.160979 -0.424568 2.39718 0.0656154 0.970876 -0.23042 0.118719 0.449296 0.177439 0.875585 -4.18987 0 0 0 1 
2318808360239;0.07712;0.076282;0.998425 0.0159807 -0.0537743 0.0225118 -0.01721 0.999599 -0.0224749 0.034127 0.0533936 0.0233649 0.9983 -0.654836 0 0 0 1 
2318808360240;0.277432;0.137254;0.975896 0.0276038 0.216483 -0.234787 -0.0546534 0.991271 0.119978 -0.0627318 -0.211281 -0.128917 0.968886 2.206 0 0 0 1 
2318808360241;0.414755;0.091531;0.894826 0.18961 -0.404148 0.260581 -0.142139 0.979214 0.144698 0.673768 0.423183 -0.0720339 0.903176 -2.11955 0 0 0 1 
2318808360242;0.207147;0.0877776;0.986661 -0.157497 -0.0411771 1.24598 0.158816 0.986822 0.0309928 -1.34029 0.0357532 -0.037119 0.998671 -0.00599337 0 0 0 1 
2318808360243;0.526989;0.109345;0.894518 -0.446042 0.0297273 2.83512 0.423316 0.86656 0.264345 -2.72876 -0.143669 -0.223877 0.96397 2.1277 0 0 0 1 
2318808360244;0.293823;0.124656;0.998213 0.0589961 0.00951427 -0.178961 -0.0596645 0.992852 0.103369 0.153118 -0.00334789 -0.103752 0.994598 1.04672 0 0 0 1 
2318808360245;0.161157;0.0940838;0.998656 -0.0496697 -0.0148281 0.424848 0.0494768 0.998689 -0.0131047 -0.516042 0.0154596 0.0123534 0.999804 -0.527793 0 0 0 1 
2318808360246;0.48133;0.136;0.957288 -0.012517 0.288864 0.208988 -0.0465738 0.979341 0.196781 -0.494836 -0.285359 -0.20183 0.936928 2.42968 0 0 0 1 
2318808360248;0.277285;0.0958278;0.999759 -0.00981744 0.0196266 0.0832134 0.010186 0.999772 -0.0187665 0.16026 -0.0194379 0.0189619 0.999631 0.543954 0 0 0 1 
2318808360249;0.346523;0.141253;0.953285 0.267905 0.139549 -0.0043733 -0.280834 0.956182 0.0827544 1.13904 -0.111264 -0.118079 0.986751 0.696548 0 0 0 1 
2318808360250;0.347649;0.0743405;0.962193 -0.171806 0.211345 0.0992692 0.189555 0.979605 -0.066652 -1.63113 -0.195583 0.104194 0.975136 1.14167 0 0 0 1 
2318808360251;0.136295;0.0926891;0.999318 0.0246115 -0.0275119 0.0245004 -0.0227283 0.997509 0.0667831 -0.0626735 0.029087 -0.0661123 0.997388 -0.471513 0 0 0 1 
2318808360252;0.263745;0.221361;0.997486 -0.0699981 -0.0110506 0.107437 0.0699759 0.997546 -0.00238706 -0.548274 0.0111905 0.00160779 0.999936 -0.173382 0 0 0 1 
2318808360253;0.38952;0.149067;0.971732 -0.218614 0.0891301 -0.433708 0.224408 0.972578 -0.0611018 -1.39344 -0.0733282 0.0793761 0.994144 0.21072 0 0 0 1 
2318808360254;0.304973;0.0797192;0.996462 -0.0801615 0.0252384 0.649776 0.0806542 0.996558 -0.0191485 -0.383381 -0.0236165 0.0211164 0.999498 -0.477747 0 0 0 1 
2318808360255;0.467336;0.256132;0.987726 -0.153244 -0.0302128 0.153602 0.151115 0.986488 -0.0632925 -0.902578 0.0395037 0.0579501 0.997538 0.302165 0 0 0 1 
2318808360256;0.501332;0.200665;0.997401 0.0719114 0.00453044 -0.167569 -0.0707166 0.964894 0.252941 -0.540168 0.0138179 -0.252604 0.967471 0.0805916 0 0 0 1 
2318808360257;0.448145;0.153357;0.920796 0.346622 0.17885 0.667464 -0.35315 0.935553 0.00500933 1.33222 -0.165587 -0.0677734 0.983864 0.541067 0 0 0 1 
2318808360258;0.160463;0.0911679;0.996415 -0.0673008 -0.0512561 0.261741 0.0668412 0.997707 -0.0106317 -0.443341 0.0518541 0.00716757 0.998629 -0.573068 0 0 0 1 
2318808360259;0.461634;0.136404;0.920355 0.351642 -0.171155 0.124399 -0.333904 0.934387 0.124209 2.17436 0.203602 -0.0571674 0.977383 -1.10804 0 0 0 1 
2318808360260;0.337574;0.0855628;0.950031 0.296192 -0.098544 0.303695 -0.310753 0.927291 -0.208722 2.08987 0.029557 0.228915 0.972998 -0.452108 0 0 0 1 
2318808360261;0.307288;0.0639738;0.9938 0.0692154 -0.0870137 0.774968 -0.0813313 0.986164 -0.144451 0.390812 0.0758116 0.150632 0.985679 -0.508452 0 0 0 1 
