#;prob_registration_l1 -r /home/probabilistic_point_clouds_registration/build/tester /home/point_clouds_registration_benchmark//devel/registration_pairs/apartment_local.txt /home/point_clouds_registration_benchmark//eth/apartment -s 0.2 -t 0.2 -p 0.3 -r 1000 -m 25 -i 40 
id;initial_error;final_error;transformation
13001298760000;0.820981;1.78215;0.91787 0.384656 0.0977419 -0.836398 -0.374437 0.920937 -0.108036 -1.00453 -0.131571 0.0625651 0.98933 0.256148 0 0 0 1 
13001298760001;0.68771;1.81538;0.866681 0.485217 0.115881 0.175135 -0.494621 0.805576 0.326186 -1.13427 0.06492 -0.340017 0.938176 0.462788 0 0 0 1 
13001298760002;0.636186;1.52379;0.921361 0.382547 -0.0689294 0.809555 -0.356123 0.901818 0.244748 -0.818362 0.15579 -0.200954 0.967133 -0.880751 0 0 0 1 
13001298760003;0.411513;1.63963;0.97728 -0.191757 0.0902951 -0.38408 0.175972 0.97153 0.158631 -2.46825 -0.118143 -0.139138 0.9832 0.0120358 0 0 0 1 
13001298760004;0.857932;1.72195;0.869314 0.442703 -0.219789 0.442044 -0.457575 0.888963 -0.0192434 -0.578709 0.186866 0.117299 0.975358 0.469677 0 0 0 1 
13001298760005;0.460674;1.76707;0.900881 0.431907 0.0432476 0.283296 -0.430009 0.90161 -0.0468158 -1.07322 -0.0592125 0.0235786 0.997967 0.56668 0 0 0 1 
13001298760006;0.655521;1.65931;0.95838 0.283374 0.0347399 -0.626211 -0.283935 0.958764 0.0123387 -0.816976 -0.0298109 -0.021689 0.99932 0.422255 0 0 0 1 
13001298760007;0.308888;1.73671;0.882673 0.277012 0.379673 -0.0625279 -0.324894 0.943372 0.0670301 -1.09992 -0.339605 -0.182519 0.922689 1.22927 0 0 0 1 
13001298760008;0.466988;1.55331;0.928943 0.355724 0.102596 -0.197262 -0.352771 0.934567 -0.0462408 -0.996429 -0.112332 0.00676225 0.993648 0.125589 0 0 0 1 
13001298760009;0.423945;1.48846;0.898649 0.435903 0.0491838 0.327652 -0.407669 0.871277 -0.27328 -0.117193 -0.161976 0.225532 0.960676 0.169581 0 0 0 1 
13001298760010;0.258498;1.7391;0.963357 0.267873 -0.0137118 0.0476499 -0.267664 0.956789 -0.11363 -0.866496 -0.017319 0.113136 0.993429 0.319476 0 0 0 1 
13001298760011;0.784351;1.75436;0.953782 0.292118 0.0704777 -0.0725929 -0.300305 0.918138 0.258535 -1.13378 0.0108145 -0.267751 0.963427 -0.685019 0 0 0 1 
13001298760012;0.622128;1.91122;0.975482 0.219432 -0.0168879 0.218214 -0.220067 0.973409 -0.0636001 -2.03352 0.00248294 0.0657572 0.997833 0.348595 0 0 0 1 
13001298760013;0.398004;1.80153;0.893779 0.412447 0.176198 0.135516 -0.367721 0.898799 -0.238624 -0.840461 -0.256786 0.148485 0.954994 1.19031 0 0 0 1 
13001298760014;0.755219;1.30848;0.988677 0.119418 -0.090863 0.55008 -0.111795 0.990104 0.0848256 -0.839243 0.100094 -0.0737071 0.992244 -0.91874 0 0 0 1 
13001298760015;0.388158;1.83866;0.92537 0.344405 -0.158355 0.397737 -0.352741 0.93533 -0.0270538 -0.71059 0.138797 0.0808933 0.987011 -0.14057 0 0 0 1 
13001298760016;0.851768;1.73961;0.959783 0.280286 0.0159886 0.569067 -0.278302 0.957391 -0.0771344 -0.531569 -0.036927 0.0695827 0.996892 0.808779 0 0 0 1 
13001298760017;0.399547;1.74943;0.926257 0.376879 0.00311463 0.277381 -0.374333 0.9209 -0.108708 -0.895422 -0.0438381 0.0995259 0.994069 0.627118 0 0 0 1 
13001298760018;0.820633;1.69056;0.91074 0.345431 -0.226339 0.121021 -0.367349 0.928027 -0.0618116 -0.835584 0.188697 0.13944 0.972085 0.47577 0 0 0 1 
13001298760019;0.329854;1.60318;0.980145 0.188319 -0.0620689 0.127686 -0.185962 0.981666 0.0418334 -1.53522 0.068809 -0.0294604 0.997195 -0.183132 0 0 0 1 
13001298760020;0.847185;1.64711;0.92212 0.383541 0.0508976 0.177151 -0.383131 0.923519 -0.0179718 -0.270747 -0.0538978 -0.00292834 0.998542 1.05482 0 0 0 1 
13001298760021;0.886722;1.99738;0.889063 -0.325094 -0.322306 0.437144 0.413908 0.871628 0.262575 -3.83243 0.195569 -0.366851 0.909491 -0.961385 0 0 0 1 
13001298760022;0.59893;1.83539;0.925945 0.27539 -0.25843 0.468932 -0.216414 0.947718 0.23451 -1.5189 0.3095 -0.161216 0.937133 -1.28617 0 0 0 1 
13001298760023;0.367247;2.16028;0.79885 0.600007 0.0427851 1.90583 -0.601306 0.798472 0.0295542 -0.342917 -0.01643 -0.0493364 0.998647 -0.201535 0 0 0 1 
13001298760024;0.0968236;1.84464;0.985903 0.158951 0.0522496 -0.16243 -0.158124 0.987224 -0.01963 -1.57747 -0.0547023 0.0110914 0.998441 0.314957 0 0 0 1 
13001298760025;0.689632;1.76076;0.981665 0.173968 0.0779101 -0.214122 -0.130082 0.910161 -0.393302 -1.01749 -0.139333 0.375956 0.916102 1.03502 0 0 0 1 
13001298760026;0.452516;1.92051;0.990846 -0.0903712 0.100285 -0.297615 0.0704078 0.979781 0.187274 -2.01536 -0.115181 -0.178499 0.977175 0.324891 0 0 0 1 
13001298760027;0.353163;1.82763;0.814786 0.45188 0.363219 0.127163 -0.467155 0.882744 -0.0502804 -0.625524 -0.34335 -0.128712 0.930346 0.899612 0 0 0 1 
13001298760028;0.770166;2.00601;0.907702 0.419509 0.00946975 1.14084 -0.41523 0.901239 -0.123906 0.18835 -0.0605142 0.108537 0.992249 -0.0255921 0 0 0 1 
13001298760029;0.444231;1.80144;0.907651 0.356296 0.221862 0.32621 -0.370938 0.928271 0.0267908 -1.20647 -0.196403 -0.106614 0.97471 0.878706 0 0 0 1 
13001298760031;1.0814;0.991699;0.97833 -0.149118 0.143649 -0.513529 0.159705 0.985011 -0.0651675 -0.648746 -0.131778 0.0866968 0.987481 0.719793 0 0 0 1 
13001298760032;0.762366;0.797173;0.968907 -0.229263 -0.0930512 -1.17518 0.232446 0.972293 0.0248087 -0.785261 0.0847853 -0.0456668 0.995352 -0.793657 0 0 0 1 
13001298760033;0.562268;0.847737;0.968565 -0.226176 -0.103567 -1.19004 0.217895 0.972225 -0.0854396 -0.768261 0.120015 0.0601872 0.990946 0.0926604 0 0 0 1 
13001298760034;0.913227;0.961398;0.979804 -0.192127 -0.0554267 -1.22147 0.167644 0.940349 -0.296039 -0.422483 0.108998 0.280768 0.953566 0.691655 0 0 0 1 
13001298760035;0.190074;0.754302;0.985138 0.109051 -0.132708 -0.198235 -0.100658 0.992567 0.0684048 0.315923 0.139181 -0.05403 0.988792 -0.609032 0 0 0 1 
13001298760036;1.3176;0.791401;0.920924 -0.383364 -0.0702235 -1.90857 0.389739 0.905058 0.170215 -1.00024 -0.00169776 -0.184123 0.982902 -0.388218 0 0 0 1 
13001298760037;0.408209;0.695126;0.993581 0.0954536 -0.0607011 -0.426076 -0.101931 0.988179 -0.114513 0.585553 0.0490528 0.119965 0.991566 -0.00422856 0 0 0 1 
13001298760038;0.799177;0.921198;0.999393 -0.026503 -0.0225921 -0.228944 0.0295752 0.98843 0.148769 -0.440321 0.0183878 -0.149347 0.988614 -0.258688 0 0 0 1 
13001298760039;0.512139;0.636035;0.999512 0.00667879 -0.0305049 -0.429693 -0.00730905 0.999761 -0.0205965 0.0603467 0.0303601 0.0208094 0.999322 0.334904 0 0 0 1 
13001298760040;0.790161;1.00076;0.998474 -0.055219 -0.000847898 -0.639485 0.0552222 0.998465 0.00428545 -0.115128 0.000609958 -0.00432573 0.99999 -0.485871 0 0 0 1 
13001298760041;0.304867;1.01065;0.976428 -0.171205 0.13144 -1.08702 0.178528 0.982858 -0.0460306 -0.433975 -0.121306 0.0684113 0.990255 0.485783 0 0 0 1 
13001298760042;0.323258;0.725155;0.997797 0.0651888 -0.0122834 -0.319342 -0.0646247 0.997035 0.0417747 0.0702966 0.0149702 -0.0408889 0.999052 -0.0269477 0 0 0 1 
13001298760043;1.1294;0.879699;0.936054 -0.347903 -0.0525921 -1.13757 0.347898 0.892772 0.286227 -2.07832 -0.0526263 -0.28622 0.956718 -0.678167 0 0 0 1 
13001298760044;0.672602;0.738527;0.985941 -0.111531 0.124422 -1.13185 0.11539 0.993025 -0.0242238 -0.263552 -0.120853 0.0382403 0.991934 0.174749 0 0 0 1 
13001298760045;0.603165;0.620196;0.995997 -0.00861398 0.0889684 0.000621612 0.00481697 0.999072 0.042805 -0.337211 -0.0892546 -0.0422051 0.995114 -0.0844614 0 0 0 1 
13001298760046;0.435224;0.822329;0.907251 0.0793704 -0.413033 0.150552 -0.102325 0.994179 -0.0337168 0.467791 0.407953 0.0728532 0.910092 -1.02028 0 0 0 1 
13001298760047;1.03472;0.923728;0.99739 -0.0671607 0.0265155 -0.943241 0.0588052 0.968631 0.241447 -0.675502 -0.0418995 -0.239258 0.970052 -0.980928 0 0 0 1 
13001298760048;1.38851;0.695338;0.995877 0.0575535 0.070125 -0.260901 -0.0818377 0.903512 0.420677 -0.738532 -0.0391474 -0.424681 0.904496 -1.32692 0 0 0 1 
13001298760049;0.308211;0.733724;0.992321 0.105647 -0.0643272 -0.412439 -0.0971602 0.987616 0.123188 0.152503 0.076545 -0.115992 0.990296 -0.427776 0 0 0 1 
13001298760050;0.383404;0.844416;0.996794 -0.075054 -0.0277169 -1.00169 0.0748572 0.997162 -0.00807411 -0.303026 0.0282442 0.00597342 0.999583 -0.0283502 0 0 0 1 
13001298760051;1.39486;0.931418;0.902117 -0.407613 0.141552 -2.24044 0.417135 0.907758 -0.0444354 -1.70202 -0.110382 0.0991321 0.988933 0.681444 0 0 0 1 
13001298760052;0.390791;0.624606;0.999592 -0.0277699 -0.00675124 -0.729368 0.0277697 0.999614 -0.000125365 -0.212287 0.00675212 -6.21654e-05 0.999977 -0.0469197 0 0 0 1 
13001298760053;0.738841;0.74521;0.962486 0.271192 0.00869227 0.49818 -0.269771 0.953032 0.137672 0.590901 0.0290516 -0.134853 0.99044 -0.154004 0 0 0 1 
13001298760054;0.290741;0.743849;0.984661 -0.173584 -0.0176372 -0.937483 0.17348 0.984811 -0.00723512 -0.466107 0.0186252 0.00406443 0.999818 -0.180711 0 0 0 1 
13001298760055;0.983527;0.807636;0.979653 0.155568 0.1268 -0.910813 -0.135378 0.978637 -0.154734 0.678185 -0.148163 0.13442 0.979785 1.01346 0 0 0 1 
13001298760056;0.893456;0.892769;0.982882 -0.182256 0.0269447 -0.41688 0.182402 0.983219 -0.00301869 -0.779129 -0.0259424 0.00788177 0.999632 -0.062058 0 0 0 1 
13001298760057;1.32906;0.96661;0.99821 0.0391398 0.0452307 -0.18772 -0.0397995 0.999113 0.0137766 0.6629 -0.0446513 -0.0155521 0.998882 -0.479589 0 0 0 1 
13001298760058;1.04418;0.839057;0.932267 -0.332779 0.141904 -1.25958 0.326848 0.942912 0.0639279 -1.09263 -0.155077 -0.0132168 0.987814 -0.197921 0 0 0 1 
13001298760059;1.02726;0.803364;0.997164 0.0420789 -0.0624019 -0.0539477 -0.0263013 0.971658 0.234921 -0.23112 0.0705186 -0.232614 0.970009 -1.23565 0 0 0 1 
13001298760060;1.18019;0.478575;0.992207 -0.109547 -0.0593658 -0.485366 0.119679 0.970463 0.209474 -1.31977 0.0346652 -0.214946 0.97601 -0.352375 0 0 0 1 
13001298760062;0.42647;2.0949;0.948734 -0.315057 0.0253652 -0.805049 0.311988 0.946308 0.0846488 0.0409106 -0.0506725 -0.0723956 0.996088 0.252956 0 0 0 1 
13001298760063;0.820769;2.0835;0.91918 -0.39019 0.0534871 -0.606764 0.39148 0.92005 -0.0158231 -0.023732 -0.0430368 0.0354834 0.998443 0.905926 0 0 0 1 
13001298760064;0.637796;2.18704;0.976279 -0.204095 0.072284 -0.847215 0.209854 0.974132 -0.0838399 0.733426 -0.0533028 0.0970202 0.993854 1.02193 0 0 0 1 
13001298760065;1.32441;2.11797;0.875429 -0.409993 -0.255988 -0.511754 0.473659 0.833195 0.285367 -0.907918 0.0962894 -0.371069 0.9236 -2.04767 0 0 0 1 
13001298760066;0.832986;2.2257;0.858762 -0.509707 0.0522194 -1.15696 0.512096 0.857189 -0.0546301 -0.121716 -0.0169166 0.0736556 0.99714 0.57858 0 0 0 1 
13001298760067;0.500971;2.15794;0.808981 -0.58693 0.0325915 -0.843463 0.586119 0.801148 -0.120936 -0.958803 0.0448706 0.116938 0.992125 -0.0512251 0 0 0 1 
13001298760068;1.1413;2.02394;0.841002 -0.516095 0.162362 -1.42856 0.494024 0.854887 0.158457 -0.288632 -0.22058 -0.0530518 0.973925 1.09624 0 0 0 1 
13001298760069;0.277143;2.03247;0.93899 -0.317508 -0.132237 -0.640764 0.333758 0.934021 0.127316 -0.0498456 0.0830881 -0.163684 0.983008 -0.64648 0 0 0 1 
13001298760070;1.31041;2.10165;0.908372 -0.396676 0.132323 -0.899088 0.406445 0.911933 -0.0563893 -0.191382 -0.0983015 0.105004 0.989601 -0.198312 0 0 0 1 
13001298760071;0.311671;2.07579;0.716169 -0.66632 -0.20765 -0.612986 0.686067 0.726734 0.0342042 -1.84544 0.128116 -0.166958 0.977605 -0.857283 0 0 0 1 
13001298760072;0.364438;2.09842;0.808292 -0.581268 0.0937619 -1.08827 0.588064 0.804865 -0.0798327 -0.964671 -0.0290614 0.119666 0.992389 0.717139 0 0 0 1 
13001298760073;1.33186;2.00887;0.746316 -0.558872 0.361489 -1.25167 0.649881 0.729167 -0.214407 -0.90952 -0.143759 0.39494 0.907389 1.34573 0 0 0 1 
13001298760074;0.375476;2.15061;0.763418 -0.568379 -0.306821 -0.485698 0.473927 0.815663 -0.331793 -0.521175 0.438847 0.107886 0.892062 -1.12559 0 0 0 1 
13001298760075;0.892832;2.12205;0.905619 -0.350223 0.239162 -0.527876 0.383718 0.916824 -0.110426 -0.15662 -0.180596 0.191774 0.96468 1.88022 0 0 0 1 
13001298760076;0.49285;2.0775;0.816904 -0.570654 0.0837989 -1.31667 0.576727 0.810035 -0.10597 -1.11156 -0.00740767 0.134897 0.990832 0.364725 0 0 0 1 
13001298760077;1.25077;2.1419;0.92106 -0.388358 0.0287568 -1.30779 0.389045 0.920902 -0.024145 0.125659 -0.0171053 0.0334267 0.999295 1.01222 0 0 0 1 
13001298760078;0.873453;2.1277;0.930792 -0.334848 -0.146639 -0.791428 0.337859 0.941186 -0.00462114 0.383787 0.139562 -0.0452421 0.989179 -1.01735 0 0 0 1 
13001298760079;0.135451;2.11853;0.918482 -0.395459 0.00185471 -0.79287 0.393793 0.91416 -0.0961138 -0.132348 0.0363136 0.0890091 0.995369 0.236486 0 0 0 1 
13001298760080;0.477523;2.11476;0.620145 -0.727383 0.293825 -0.828481 0.659753 0.68622 0.306312 -2.07084 -0.424435 0.00389397 0.90545 1.61983 0 0 0 1 
13001298760081;0.486196;2.04082;0.926929 -0.238277 -0.289873 -0.160705 0.222611 0.971073 -0.0863828 0.416844 0.302071 0.0155418 0.953159 -0.890853 0 0 0 1 
13001298760082;0.60999;3.11861;0.713083 -0.689155 0.128753 -0.340036 0.700591 0.707322 -0.0941695 -0.972723 -0.0261724 0.157354 0.987195 0.394667 0 0 0 1 
13001298760083;0.578912;2.07824;0.741568 -0.668995 -0.0502228 -0.576896 0.652625 0.702024 0.285032 -2.01505 -0.155427 -0.244147 0.957201 -0.0522187 0 0 0 1 
13001298760084;0.295038;2.02793;0.984436 -0.157333 0.0783116 -0.402547 0.163077 0.983887 -0.0733001 0.781352 -0.0655172 0.08493 0.994231 0.549574 0 0 0 1 
13001298760085;0.331689;2.13064;0.940667 -0.339276 -0.00608493 -0.717647 0.337285 0.932878 0.126401 -0.116125 -0.0372083 -0.120953 0.991961 -0.0121787 0 0 0 1 
13001298760086;0.698459;2.18378;0.901802 -0.429309 0.0494661 -0.991528 0.431862 0.899454 -0.0669231 -0.549784 -0.0157618 0.0817139 0.996531 0.807132 0 0 0 1 
13001298760087;0.67213;2.15576;0.777799 -0.548374 -0.307107 -0.41422 0.512947 0.836207 -0.19402 -0.588212 0.363201 -0.00662096 0.931687 -1.53608 0 0 0 1 
13001298760088;0.268562;2.18859;0.784187 -0.564106 -0.258524 -0.691475 0.539997 0.825624 -0.163549 -0.837578 0.305703 -0.0113494 0.952059 -0.94497 0 0 0 1 
13001298760089;1.15866;2.17722;0.652629 -0.676662 0.340885 -1.32861 0.723361 0.690315 -0.014599 -1.98291 -0.22544 0.256111 0.939992 2.09235 0 0 0 1 
13001298760090;0.714198;2.14326;0.894586 -0.446213 -0.0246833 -1.11845 0.446347 0.89486 -0.000116809 -0.569005 0.0221403 -0.0109128 0.999695 0.50274 0 0 0 1 
13001298760091;1.1529;2.17796;0.893244 -0.448392 -0.0325475 -1.01286 0.445382 0.892458 -0.0717841 -0.670696 0.0612347 0.0496246 0.996889 -0.745711 0 0 0 1 
13001298760093;1.04775;1.15034;0.763002 -0.565567 0.31299 -0.507322 0.585134 0.810075 0.0373595 -2.55726 -0.274675 0.154636 0.949021 0.400528 0 0 0 1 
13001298760094;1.11373;1.14415;0.917181 -0.398331 0.0105861 -0.0267605 0.39801 0.917073 0.0237676 -2.16625 -0.0191756 -0.0175858 0.999661 -1.04979 0 0 0 1 
13001298760095;0.293853;1.54136;0.901399 -0.271516 0.337281 0.467964 0.310677 0.948149 -0.0670251 -1.69794 -0.301595 0.165202 0.939015 1.49397 0 0 0 1 
13001298760096;0.895384;1.38599;0.901308 -0.416809 0.117956 0.837524 0.418984 0.907967 0.00691567 -2.13249 -0.109983 0.0431886 0.992995 0.386816 0 0 0 1 
13001298760097;0.339617;1.09856;0.9266 -0.375892 0.0108515 0.0176553 0.375913 0.925106 -0.0535538 -1.74749 0.0100917 0.0537022 0.998506 -0.228358 0 0 0 1 
13001298760098;0.188558;0.990631;0.959278 -0.270535 -0.0812247 0.154173 0.268227 0.962594 -0.0382955 -1.25773 0.0885467 0.0149493 0.99596 -0.413338 0 0 0 1 
13001298760099;0.958706;1.56264;0.964693 -0.164018 0.206071 0.748048 0.177543 0.982901 -0.0488249 -1.84179 -0.194539 0.0836875 0.977318 0.446788 0 0 0 1 
13001298760100;0.754489;1.35021;0.985015 -0.171428 0.0189145 0.203219 0.172468 0.978867 -0.10988 -1.24338 0.000321724 0.111496 0.993765 0.793035 0 0 0 1 
13001298760101;0.427244;1.21415;0.998954 -0.00558199 0.0453758 1.10045 0.00958551 0.99603 -0.0884977 -0.417028 -0.0447017 0.0888402 0.995042 0.136282 0 0 0 1 
13001298760102;0.55757;1.12173;0.988857 -0.0920868 -0.11697 0.586125 0.0865825 0.994923 -0.0513084 -0.600962 0.121101 0.0406092 0.991809 -0.145208 0 0 0 1 
13001298760103;0.502682;1.29791;0.939403 -0.336689 -0.0645148 0.171818 0.329113 0.938416 -0.105162 -1.07966 0.0959488 0.0775572 0.99236 0.00874423 0 0 0 1 
13001298760104;0.301846;1.3069;0.733554 -0.67963 0.00154815 -0.213363 0.675172 0.728478 -0.116031 -3.1787 0.0777307 0.0861606 0.993244 -0.0830534 0 0 0 1 
13001298760105;0.905526;1.34085;0.987344 -0.154483 -0.0358803 0.638297 0.150721 0.984396 -0.0908196 -0.943376 0.0493505 0.0842623 0.995221 -0.666695 0 0 0 1 
13001298760106;0.994487;0.957257;0.810928 -0.578226 0.089722 -0.557167 0.556366 0.809421 0.187865 -3.37803 -0.181251 -0.102427 0.978088 0.932536 0 0 0 1 
13001298760107;0.0362635;1.14268;0.923443 -0.383626 -0.00914373 -0.0876423 0.378392 0.914291 -0.144537 -1.7488 0.0638082 0.130012 0.989457 0.0365548 0 0 0 1 
13001298760108;1.01768;1.35783;0.849066 -0.524378 -0.0641477 0.0190353 0.525178 0.850978 -0.00504591 -2.48724 0.0572342 -0.0294046 0.997928 -1.18344 0 0 0 1 
13001298760109;0.830454;1.19536;0.870114 -0.491766 0.0326712 -0.101794 0.492195 0.870463 -0.00615809 -2.25333 -0.0254107 0.0214388 0.999447 -0.574909 0 0 0 1 
13001298760110;0.923517;1.05234;0.954493 -0.294271 -0.0484494 -0.354154 0.283195 0.945261 -0.16212 -1.35685 0.0935045 0.141022 0.985581 0.577291 0 0 0 1 
13001298760111;0.26829;1.49687;0.717705 -0.677542 0.160738 -0.1552 0.683534 0.729551 0.0231742 -3.41384 -0.132968 0.0932378 0.986725 0.595584 0 0 0 1 
13001298760112;0.495558;1.23389;0.956234 -0.0945403 -0.276908 0.806822 0.110464 0.992973 0.042447 -0.39939 0.27095 -0.0711778 0.959958 -1.16497 0 0 0 1 
13001298760113;0.269314;1.14404;0.983437 -0.178285 0.0326441 0.304975 0.181143 0.972956 -0.143332 -0.968933 -0.00620731 0.146871 0.989136 0.141768 0 0 0 1 
13001298760114;0.734561;1.13495;0.7777 -0.628227 0.022679 -0.735784 0.615438 0.753523 -0.231171 -2.39336 0.128139 0.193739 0.972649 0.139614 0 0 0 1 
13001298760115;0.321726;1.01537;0.926647 -0.368525 0.0742635 -0.218616 0.373638 0.924635 -0.0737869 -1.75197 -0.0414743 0.096122 0.994505 0.0118947 0 0 0 1 
13001298760116;1.15818;1.33301;0.981024 -0.115293 0.155883 1.36461 0.124665 0.99085 -0.0517184 -0.4611 -0.148494 0.0701702 0.986421 0.792021 0 0 0 1 
13001298760117;0.977589;1.19999;0.910279 -0.39771 -0.114974 -0.0402291 0.384223 0.914997 -0.123101 -2.01003 0.154159 0.0678804 0.985712 0.43797 0 0 0 1 
13001298760118;0.349631;1.15357;0.994679 0.038762 0.0954495 0.848684 -0.025596 0.990449 -0.135485 -0.453603 -0.0997895 0.132321 0.986171 0.497773 0 0 0 1 
13001298760119;0.966956;1.22838;0.746602 -0.607345 -0.271511 0.251683 0.609994 0.787838 -0.0849573 -2.54162 0.265505 -0.102191 0.958678 -1.82036 0 0 0 1 
13001298760120;0.820899;1.16365;0.987752 -0.150002 0.0429521 0.797392 0.150829 0.988419 -0.0166874 -1.08772 -0.0399515 0.0229615 0.998938 0.58047 0 0 0 1 
13001298760121;0.247186;1.19277;0.911517 -0.411218 0.00601037 -0.0749382 0.41105 0.910479 -0.0454514 -1.74006 0.0132182 0.0439003 0.998948 0.171669 0 0 0 1 
13001298760122;0.958553;1.31268;0.958537 -0.283934 -0.0242349 0.759116 0.284879 0.956883 0.0567356 -2.11656 0.00708082 -0.0612872 0.998095 -0.0386809 0 0 0 1 
13001298760124;1.10954;1.05971;0.998038 0.00227215 0.0625692 0.215083 -0.0100687 0.992159 0.124576 -0.0597126 -0.0617956 -0.124962 0.990235 -0.294579 0 0 0 1 
13001298760125;0.573277;0.269765;0.933642 -0.0280455 -0.357109 0.529246 0.171793 0.909856 0.377688 -1.09315 0.314325 -0.413975 0.854298 -2.91943 0 0 0 1 
13001298760126;0.254431;0.283393;0.982778 0.0464391 -0.178862 0.328524 -0.0273168 0.993783 0.107927 0.1879 0.182763 -0.101182 0.977937 -0.916179 0 0 0 1 
13001298760127;0.992788;0.897993;0.985025 0.0138525 -0.171856 0.230862 0.00143862 0.996072 0.0885343 -0.220908 0.172408 -0.0874557 0.981136 -0.952574 0 0 0 1 
13001298760128;0.0799235;0.326746;0.999871 -0.0150086 0.00564461 -0.068865 0.0149398 0.999816 0.0120301 0.109189 -0.00582412 -0.0119442 0.999912 0.204163 0 0 0 1 
13001298760129;0.127861;0.297271;0.995268 -0.0802297 -0.0548075 -0.117421 0.082418 0.995838 0.038904 -0.121385 0.0514581 -0.0432371 0.997739 -0.193476 0 0 0 1 
13001298760130;0.557579;0.304436;0.957358 -0.274114 -0.0912551 -0.737105 0.276472 0.960919 0.0140404 -1.37417 0.0838401 -0.0386712 0.995729 0.108027 0 0 0 1 
13001298760131;0.697726;0.270516;0.977858 -0.208822 -0.013689 -0.0836848 0.206366 0.973083 -0.102583 -1.21165 0.0347421 0.0974868 0.99463 0.412321 0 0 0 1 
13001298760132;0.915785;0.273338;0.976028 -0.0426142 0.213433 -0.100653 0.0319477 0.998074 0.0531796 0.0635858 -0.215288 -0.045086 0.975509 0.18986 0 0 0 1 
13001298760133;0.526097;0.25763;0.992479 0.080392 0.09232 0.219183 -0.0896055 0.990902 0.100422 0.605653 -0.0834068 -0.10794 0.990652 0.681657 0 0 0 1 
13001298760134;0.640051;0.302289;0.991363 -0.0791556 -0.104568 0.0219833 0.0811597 0.996588 0.0150448 0.00351994 0.10302 -0.0234015 0.994404 0.145919 0 0 0 1 
13001298760135;0.744448;0.264584;0.923854 0.356547 -0.13917 1.62625 -0.354483 0.934198 0.0402006 1.7519 0.144346 0.012194 0.989452 0.0639181 0 0 0 1 
13001298760136;0.470128;0.258689;0.998432 0.0449891 -0.0333079 -0.147591 -0.0428242 0.997089 0.06308 0.252454 0.0360488 -0.0615547 0.997453 -0.469377 0 0 0 1 
13001298760137;0.306436;0.243318;0.960415 0.0200155 0.277854 -0.00977668 0.014963 0.992269 -0.123199 0.103012 -0.278172 0.12248 0.95269 1.93529 0 0 0 1 
13001298760138;0.926249;0.313211;0.997226 -0.0618713 -0.0413835 -0.50737 0.0598264 0.997008 -0.0489507 -0.490725 0.0442883 0.0463391 0.997944 -0.537244 0 0 0 1 
13001298760139;0.738974;0.253382;0.991298 0.131326 -0.009006 0.358713 -0.131518 0.99098 -0.0257145 0.814318 0.00554778 0.0266752 0.999629 0.864776 0 0 0 1 
13001298760140;1.02616;0.252363;0.9949 0.0697273 -0.0728783 -0.0499742 -0.0630316 0.993904 0.0904535 0.0943107 0.0787411 -0.0853986 0.993231 -1.29839 0 0 0 1 
13001298760141;0.897713;0.269306;0.941732 -0.263907 0.208551 -0.889325 0.288762 0.952281 -0.0988851 -1.68304 -0.172502 0.153345 0.973 2.08313 0 0 0 1 
13001298760142;0.158181;0.25847;0.995804 -0.0476231 0.0781426 -0.144385 0.0490306 0.998666 -0.0161922 0.0566771 -0.0772673 0.0199556 0.996811 0.593231 0 0 0 1 
13001298760143;0.631582;0.242284;0.960549 0.271734 -0.0592163 0.996257 -0.27811 0.937824 -0.207703 1.43727 -0.000905599 0.215978 0.976398 1.24439 0 0 0 1 
13001298760144;0.855274;0.272413;0.978251 -0.169221 -0.119958 0.337337 0.184583 0.974013 0.131257 -0.725308 0.0946293 -0.150544 0.984064 -0.387496 0 0 0 1 
13001298760145;0.0426315;0.257745;0.996212 -0.0846745 -0.0198 -0.250868 0.0850463 0.9962 0.0187544 -0.262639 0.0181368 -0.0203673 0.999628 0.0728096 0 0 0 1 
13001298760146;0.950154;0.264225;0.995037 -0.0299419 -0.0948977 -0.0378207 0.0354029 0.997781 0.0563943 -0.101428 0.0929985 -0.0594741 0.993888 0.437566 0 0 0 1 
13001298760147;0.397392;0.245546;0.957881 0.0452115 -0.283585 0.504662 -0.103907 0.975184 -0.1955 0.738646 0.267709 0.216732 0.938807 -0.385173 0 0 0 1 
13001298760148;0.554781;0.253059;0.991255 -0.118325 0.0584208 -0.39445 0.122889 0.989032 -0.0819415 -0.615487 -0.0480843 0.0884041 0.994923 0.180411 0 0 0 1 
13001298760149;0.73823;0.310119;0.995825 -0.089239 -0.0192126 -0.228697 0.0897966 0.995495 0.0304321 0.15294 0.0164103 -0.0320303 0.999352 0.586584 0 0 0 1 
13001298760150;0.886242;0.291127;0.955751 -0.293294 0.0227526 -0.376826 0.29147 0.95459 0.0616721 -1.76135 -0.0398074 -0.0523115 0.997837 -0.372323 0 0 0 1 
13001298760151;1.10427;0.269317;0.965082 0.216313 0.147734 1.52883 -0.241893 0.952362 0.185729 1.5292 -0.100521 -0.21498 0.971432 0.0421548 0 0 0 1 
13001298760152;0.722566;0.250536;0.958304 0.15001 0.243209 0.0840744 -0.111549 0.979979 -0.164916 0.487827 -0.263079 0.13091 0.955852 2.09183 0 0 0 1 
13001298760153;0.343462;0.259561;0.974394 0.203947 -0.094663 0.799007 -0.212974 0.972157 -0.0977385 1.11367 0.0720939 0.115397 0.9907 0.148243 0 0 0 1 
13001298760155;0.0682714;1.68044;0.973263 -0.22947 -0.0101339 -1.70416 0.228759 0.972334 -0.0472891 -1.69861 0.020705 0.0437065 0.99883 0.00701162 0 0 0 1 
13001298760156;0.228778;1.73109;0.928342 -0.365448 0.0680277 -1.59133 0.371652 0.908832 -0.189472 -2.15247 0.00741644 0.201177 0.979527 0.0374955 0 0 0 1 
13001298760157;0.606065;0.898528;0.998795 -0.0457671 0.0177203 -1.43072 0.0478265 0.988682 -0.1422 -0.77875 -0.0110117 0.142876 0.989679 0.368749 0 0 0 1 
13001298760158;0.344682;1.4469;0.893352 -0.37854 -0.242135 -0.934057 0.314333 0.9115 -0.265261 -1.65127 0.321118 0.16086 0.933278 -1.27484 0 0 0 1 
13001298760159;0.780294;1.89086;0.933182 -0.352102 0.0720758 -1.20887 0.358894 0.923601 -0.134743 -1.79491 -0.0191261 0.151607 0.988256 -0.297395 0 0 0 1 
13001298760160;0.374691;1.45066;0.947211 -0.278952 -0.158044 -1.29495 0.301055 0.94339 0.139214 -1.98592 0.110263 -0.179445 0.977569 -0.0712225 0 0 0 1 
13001298760161;0.829311;1.70002;0.826109 -0.253738 0.503152 -2.06379 0.252606 0.964898 0.0718498 -2.20801 -0.503721 0.0677431 0.861206 2.56289 0 0 0 1 
13001298760162;0.477774;1.4447;0.983034 -0.178272 -0.0431698 -1.52475 0.15392 0.929749 -0.334476 -1.50968 0.0997648 0.322157 0.941415 0.0501158 0 0 0 1 
13001298760163;0.737936;1.09587;0.987344 0.116826 0.107254 -0.809364 -0.109456 0.991364 -0.072221 0.120232 -0.114765 0.0595673 0.991605 0.75329 0 0 0 1 
13001298760164;0.306679;1.59865;0.93731 -0.346006 0.0415942 -1.50618 0.337414 0.871151 -0.356719 -1.97815 0.0871921 0.34839 0.933285 -0.191986 0 0 0 1 
13001298760165;0.655134;0.744436;0.984187 0.151396 -0.091956 -0.934289 -0.134808 0.976936 0.165598 0.226589 0.114906 -0.150583 0.981897 -0.895321 0 0 0 1 
13001298760166;0.142166;1.87221;0.908876 -0.403129 0.106915 -1.76941 0.414748 0.900612 -0.129934 -2.51863 -0.0439089 0.162436 0.985742 0.155547 0 0 0 1 
13001298760167;0.73402;1.49544;0.98341 0.173248 0.0537602 -1.06951 -0.172155 0.984768 -0.0243789 -0.39803 -0.057165 0.0147194 0.998256 0.758947 0 0 0 1 
13001298760168;0.457979;1.25644;0.995163 0.00307317 0.0981876 -1.29516 0.0198861 0.972515 -0.231991 -0.286259 -0.0962018 0.232822 0.96775 0.291624 0 0 0 1 
13001298760169;0.0971797;1.63475;0.963582 -0.262989 0.0484461 -1.60065 0.258464 0.962398 0.083581 -2.01568 -0.0686054 -0.0680156 0.995323 0.210025 0 0 0 1 
13001298760170;0.865636;1.38988;0.988565 -0.0336782 -0.146985 -1.77655 0.012935 0.990087 -0.13986 -0.322407 0.150238 0.136359 0.979201 0.0191517 0 0 0 1 
13001298760171;0.53187;0.999846;0.978546 -0.192113 -0.0744311 -1.13486 0.205775 0.929246 0.306852 -1.13601 0.0102145 -0.315585 0.948842 0.343658 0 0 0 1 
13001298760172;0.399772;1.49911;0.963514 -0.0934485 0.250814 -1.33862 0.0620879 0.989546 0.130172 -1.11788 -0.260356 -0.10985 0.959243 1.29733 0 0 0 1 
13001298760173;0.409814;1.50332;0.988033 0.054159 0.144424 -1.43709 -0.0488276 0.997998 -0.0402098 -0.648812 -0.146313 0.0326767 0.988699 0.630915 0 0 0 1 
13001298760174;0.230776;1.18192;0.958645 -0.284594 -0.00230387 -1.08853 0.282169 0.951469 -0.122831 -1.79259 0.037149 0.117101 0.992425 0.0866212 0 0 0 1 
13001298760175;0.184973;1.53317;0.950741 -0.291405 -0.105709 -1.38768 0.272216 0.947986 -0.164989 -1.95873 0.148289 0.128086 0.980614 -0.72044 0 0 0 1 
13001298760176;0.684651;1.27592;0.997206 -0.0736168 0.0126607 -1.46587 0.0679474 0.964377 0.255658 -1.3482 -0.0310304 -0.254083 0.966684 -0.345543 0 0 0 1 
13001298760177;0.712892;1.63512;0.93207 -0.203314 -0.299848 -0.654784 0.125662 0.957728 -0.258777 -1.63258 0.339786 0.203519 0.918219 -1.65274 0 0 0 1 
13001298760178;0.372998;1.47351;0.995409 0.0878568 0.037983 -1.44624 -0.0852449 0.994195 -0.0656434 -0.412759 -0.0435297 0.0621042 0.99712 0.109136 0 0 0 1 
13001298760179;0.364497;1.41169;0.974854 -0.218548 0.0435506 -1.4111 0.189027 0.91447 0.357789 -1.79906 -0.11802 -0.340559 0.932787 0.549308 0 0 0 1 
13001298760180;0.444705;1.398;0.927437 -0.297473 -0.226649 -1.18322 0.357428 0.883361 0.303182 -2.12185 0.110024 -0.362193 0.925587 -0.610589 0 0 0 1 
13001298760181;0.327893;1.52073;0.84838 -0.398113 0.348938 -1.40336 0.44617 0.892472 -0.0665361 -2.60603 -0.284928 0.212133 0.934781 1.11483 0 0 0 1 
13001298760182;0.549357;2.19927;0.926998 -0.373644 0.0326338 -1.76042 0.375055 0.924118 -0.073074 -3.07743 -0.00285385 0.0799789 0.996792 0.394869 0 0 0 1 
13001298760183;0.363905;1.40735;0.878978 -0.347888 -0.326146 -0.868203 0.385991 0.920663 0.0582271 -2.33255 0.280014 -0.17707 0.943524 -0.846335 0 0 0 1 
13001298760184;0.185151;1.28879;0.976226 -0.20151 0.0798596 -1.26713 0.210797 0.968401 -0.133279 -1.48768 -0.0504791 0.146945 0.987856 0.300097 0 0 0 1 
13001298760186;0.752269;1.2257;0.956444 -0.259208 0.134264 -0.759572 0.275082 0.954232 -0.117354 -1.3934 -0.0976997 0.149176 0.983972 0.963792 0 0 0 1 
13001298760187;1.11885;1.13787;0.811881 -0.571992 0.116939 -0.599172 0.582275 0.807894 -0.090897 -3.06285 -0.0424822 0.141888 0.988971 0.601815 0 0 0 1 
13001298760188;1.47853;1.19725;0.96451 -0.257778 0.0571922 -0.752186 0.255092 0.853754 -0.453907 -1.09611 0.068179 0.452387 0.889212 0.152283 0 0 0 1 
13001298760189;0.694353;1.20521;0.994606 -0.00132305 0.103721 0.0192113 0.0134922 0.993074 -0.116713 -1.00457 -0.102848 0.117483 0.987735 0.182639 0 0 0 1 
13001298760190;1.04867;1.26048;0.901909 -0.429363 -0.0469755 -0.91591 0.420573 0.897766 -0.130897 -2.68079 0.0983756 0.098301 0.990282 -0.396467 0 0 0 1 
13001298760191;0.608395;1.18918;0.99636 -0.0670761 0.0526134 -0.32845 0.0720462 0.992468 -0.0990832 -0.891261 -0.045571 0.102513 0.993687 0.00353911 0 0 0 1 
13001298760192;0.728377;1.30679;0.9336 -0.321742 0.157714 -0.868899 0.333563 0.941146 -0.0545793 -1.54177 -0.130871 0.103563 0.985975 0.94495 0 0 0 1 
13001298760193;0.223967;1.32473;0.947507 -0.319534 0.0113383 -0.785217 0.319724 0.947178 -0.0250931 -1.66647 -0.00272132 0.027401 0.999621 0.00822016 0 0 0 1 
13001298760194;0.894476;1.15269;0.979001 -0.150399 0.137609 -0.629724 0.137825 0.985716 0.0967929 -1.39311 -0.150201 -0.0757944 0.985746 -0.385799 0 0 0 1 
13001298760195;0.58478;1.1997;0.981672 0.179606 0.0637384 0.220977 -0.174464 0.98151 -0.0787457 -0.295952 -0.076703 0.0661824 0.994855 0.556855 0 0 0 1 
13001298760196;0.904607;1.20849;0.953408 -0.288672 0.087643 -1.10714 0.295069 0.952787 -0.0716352 -1.279 -0.062826 0.0941583 0.993573 0.0197043 0 0 0 1 
13001298760197;0.286883;1.20552;0.910498 -0.409933 0.054305 -0.872349 0.413172 0.907207 -0.0791529 -2.17623 -0.0168185 0.0945059 0.995382 0.242504 0 0 0 1 
13001298760198;1.24998;1.25907;0.973752 0.214108 0.0772287 0.161789 -0.208814 0.97536 -0.0712073 0.266842 -0.0905718 0.0532119 0.994467 -0.128314 0 0 0 1 
13001298760199;1.55468;1.38378;0.932141 -0.209541 -0.295306 -0.0471999 0.176744 0.975092 -0.134002 -1.07135 0.31603 0.0727154 0.945959 -1.5957 0 0 0 1 
13001298760200;0.663257;1.21712;0.966303 -0.245438 0.0775793 -0.882238 0.250809 0.965556 -0.069253 -1.85931 -0.0579099 0.0863769 0.994578 0.165353 0 0 0 1 
13001298760201;0.427557;1.21717;0.998624 -0.0282897 0.044167 -0.243094 0.0188091 0.979219 0.201931 -1.00398 -0.0489617 -0.200822 0.978403 -0.647345 0 0 0 1 
13001298760202;1.14516;1.37916;0.954071 -0.292725 -0.0637301 -0.709421 0.299536 0.928361 0.220053 -2.12363 -0.00525036 -0.229035 0.973404 -1.33013 0 0 0 1 
13001298760203;0.345194;1.26122;0.999943 0.0103424 0.00260534 -0.188429 -0.01036 0.999923 0.00681533 -0.682385 -0.00253465 -0.00684193 0.999973 0.0232802 0 0 0 1 
13001298760204;0.987501;1.21591;0.917407 -0.392105 0.067957 -1.24022 0.395536 0.91723 -0.0473257 -1.64755 -0.0437755 0.0702964 0.996565 -0.341456 0 0 0 1 
13001298760205;1.27725;1.49819;0.922132 -0.381037 0.0669576 -0.338531 0.384729 0.921383 -0.0551129 -2.11542 -0.0406935 0.0765819 0.996233 0.746628 0 0 0 1 
13001298760206;0.732057;1.36613;0.992647 0.00175967 0.121031 -0.299995 0.0400012 0.938949 -0.341724 -0.931437 -0.114244 0.344052 0.931974 1.49965 0 0 0 1 
13001298760207;0.280311;1.15586;0.915222 -0.399762 -0.050587 -0.826442 0.391255 0.911655 -0.125719 -1.83596 0.0963755 0.0952684 0.990775 -0.0647905 0 0 0 1 
13001298760208;0.976835;1.10479;0.982094 -0.179168 0.0582204 -0.423209 0.183793 0.979082 -0.0872822 -1.6179 -0.0413644 0.0964198 0.994481 0.677247 0 0 0 1 
13001298760209;0.510095;1.2275;0.973152 -0.228885 0.0242406 -0.493906 0.229984 0.962798 -0.141867 -1.41818 0.00913261 0.143634 0.989589 0.056569 0 0 0 1 
13001298760210;0.786915;1.32573;0.915875 -0.347382 0.201243 -0.908871 0.361546 0.931608 -0.0373036 -1.4872 -0.174521 0.106924 0.978831 0.487975 0 0 0 1 
13001298760211;0.331308;1.28605;0.96826 -0.213027 0.130736 -0.660489 0.199266 0.973669 0.110735 -1.44283 -0.150883 -0.0811691 0.985214 0.251635 0 0 0 1 
13001298760212;0.525518;1.18777;0.986257 -0.126283 0.106532 -0.59895 0.131389 0.990427 -0.0423197 -1.14337 -0.100168 0.0557352 0.993408 0.180459 0 0 0 1 
13001298760213;1.26584;1.43535;0.969772 -0.241879 0.0321939 -0.288715 0.243617 0.952223 -0.184179 -1.47805 0.0138933 0.186454 0.982365 1.09535 0 0 0 1 
13001298760214;1.19532;1.35489;0.945185 -0.131386 0.298937 -0.0248733 0.115668 0.990835 0.0697614 -0.678443 -0.305363 -0.03136 0.95172 0.989624 0 0 0 1 
13001298760215;0.473246;1.11694;0.993908 0.0753461 0.0804351 -0.137858 -0.0760823 0.997083 0.00612295 -0.723107 -0.0797391 -0.0122053 0.996741 0.102881 0 0 0 1 
13001298760217;0.222897;0.962766;0.926737 -0.374333 -0.0321538 -0.0459037 0.375695 0.924099 0.0699662 -1.9043 0.00352268 -0.0769202 0.997031 -0.0500969 0 0 0 1 
13001298760218;0.56062;0.994125;0.96377 -0.241714 0.112794 0.412012 0.198195 0.931943 0.303645 -1.38345 -0.178513 -0.270289 0.946085 0.0138003 0 0 0 1 
13001298760219;1.35156;0.85874;0.924399 -0.375689 0.0659135 -0.405289 0.375039 0.926737 0.0224573 -1.66101 -0.0695215 0.00396058 0.997573 1.30831 0 0 0 1 
13001298760220;0.477483;0.928501;0.805947 -0.501367 0.31477 -0.0847302 0.425781 0.860352 0.280188 -2.21627 -0.41129 -0.0917933 0.906871 1.61099 0 0 0 1 
13001298760221;0.489369;1.10798;0.858715 -0.458259 0.229362 0.0190505 0.401041 0.879586 0.255918 -2.34875 -0.31902 -0.127777 0.939095 1.1613 0 0 0 1 
13001298760222;1.04527;0.922308;0.972294 -0.233611 0.00840148 -0.181999 0.222478 0.93579 0.273497 -1.95749 -0.0717541 -0.26405 0.961836 -0.679331 0 0 0 1 
13001298760223;0.25956;1.09726;0.953089 -0.209066 0.21889 0.17515 0.177206 0.971658 0.15646 -0.984448 -0.245397 -0.110331 0.963124 0.653902 0 0 0 1 
13001298760224;0.137794;0.864332;0.958143 -0.285749 0.0175972 -0.0667065 0.285523 0.958266 0.0142449 -1.38587 -0.0209333 -0.00862418 0.999744 0.25397 0 0 0 1 
13001298760225;1.05742;1.15984;0.826275 -0.381333 0.414555 -0.342173 0.359797 0.923584 0.132435 -2.28674 -0.433378 0.0397274 0.900336 2.0211 0 0 0 1 
13001298760226;1.15936;0.943683;0.972985 -0.224351 0.0544697 -0.456911 0.225261 0.974235 -0.011111 -1.49663 -0.0505735 0.0230808 0.998454 0.974388 0 0 0 1 
13001298760227;0.324156;0.862844;0.99999 -0.00361961 -0.00253445 0.630578 0.00340632 0.996819 -0.0796253 -0.130747 0.0028146 0.0796159 0.996822 0.327073 0 0 0 1 
13001298760228;1.39459;0.992167;0.779647 -0.412449 0.471207 -0.584995 0.529477 0.835953 -0.144346 -1.98285 -0.334371 0.362032 0.870131 2.18247 0 0 0 1 
13001298760229;0.664996;1.08048;0.912409 -0.36496 0.185241 -0.208211 0.293426 0.898829 0.325589 -1.70089 -0.285327 -0.242715 0.927188 0.929253 0 0 0 1 
13001298760230;0.977712;0.864292;0.824187 -0.564541 0.0448179 -0.1797 0.551501 0.818091 0.163017 -3.19214 -0.128695 -0.109639 0.985605 -0.267806 0 0 0 1 
13001298760231;0.367575;1.03993;0.966552 -0.0576132 0.249916 0.536457 0.0378475 0.995815 0.0831898 -0.383632 -0.253663 -0.0709485 0.964687 0.75251 0 0 0 1 
13001298760232;0.090517;0.965355;0.947028 -0.320892 -0.0128636 -0.0195376 0.319955 0.946201 -0.0483019 -1.47297 0.0276712 0.0416275 0.99875 0.131544 0 0 0 1 
13001298760233;0.668099;0.907646;0.873382 -0.485948 0.0325162 0.0129165 0.48053 0.87067 0.104993 -1.94964 -0.079332 -0.076074 0.993941 0.15549 0 0 0 1 
13001298760234;0.755306;0.808306;0.972945 -0.227079 -0.0425828 1.89406e-05 0.230971 0.960426 0.155672 -1.51266 0.00554778 -0.161296 0.986891 0.110392 0 0 0 1 
13001298760235;0.973297;1.11904;0.940291 -0.340234 -0.00970053 0.328448 0.340225 0.938665 0.0561678 -2.24278 -0.0100046 -0.0561144 0.998374 -0.231709 0 0 0 1 
13001298760236;0.97211;1.05615;0.835091 -0.483483 -0.262427 0.330479 0.523179 0.845449 0.107237 -2.80071 0.170021 -0.226849 0.958975 -1.72244 0 0 0 1 
13001298760237;0.48343;1.02715;0.95622 -0.275489 0.0987369 0.140144 0.275949 0.961128 0.00924105 -1.65402 -0.0974446 0.0184099 0.995071 0.359546 0 0 0 1 
13001298760238;0.245894;0.923957;0.964438 -0.257462 0.0597656 0.00941473 0.260564 0.964075 -0.0516318 -1.48409 -0.0443253 0.0653684 0.996876 0.579229 0 0 0 1 
13001298760239;0.597612;0.956178;0.999424 -0.00713207 -0.0331869 0.756357 0.0104853 0.99473 0.101991 -0.308137 0.0322846 -0.10228 0.994232 -0.656685 0 0 0 1 
13001298760240;0.379328;1.01414;0.929812 -0.365094 0.0464407 -0.0794836 0.360297 0.928725 0.0875033 -1.71352 -0.0750776 -0.0646291 0.995081 0.453788 0 0 0 1 
13001298760241;0.905295;0.903612;0.943865 -0.327814 -0.040692 0.320769 0.328846 0.920801 0.20973 -1.38888 -0.0312833 -0.211338 0.976912 -0.549378 0 0 0 1 
13001298760242;0.886526;0.903456;0.793664 -0.581352 0.179241 -0.621353 0.536189 0.807653 0.245353 -2.91411 -0.287402 -0.098621 0.952719 0.446221 0 0 0 1 
13001298760243;0.836676;1.0078;0.964833 -0.0874507 0.247889 0.710049 0.0955613 0.995205 -0.0208538 -0.857508 -0.244877 0.043809 0.968564 0.663713 0 0 0 1 
13001298760244;1.22657;1.04511;0.969793 -0.240258 0.0421499 0.645068 0.239623 0.970668 0.0196116 -0.845807 -0.0456254 -0.00891916 0.998919 0.847902 0 0 0 1 
13001298760245;1.14759;1.05771;0.959964 -0.275123 0.0526872 -0.709839 0.278068 0.958655 -0.0604958 -1.33432 -0.0338651 0.0727244 0.996777 0.210841 0 0 0 1 
13001298760246;0.304771;1.05798;0.983678 -0.137066 -0.116582 0.438244 0.129074 0.988902 -0.0735765 -0.747952 0.125373 0.0573278 0.990452 -0.28133 0 0 0 1 
13001298760248;0.0489943;2.89829;0.759013 0.651001 0.00984749 1.3407 -0.650995 0.758595 0.0272066 -0.936519 0.0102412 -0.0270608 0.999581 -0.0710187 0 0 0 1 
13001298760249;0.420407;1.3462;0.996876 -0.0289837 0.0734769 -0.384551 0.0329005 0.99807 -0.0526692 -1.36818 -0.0718085 0.054922 0.995905 -0.000971945 0 0 0 1 
13001298760250;0.517589;1.31182;0.991337 -0.0424293 0.124303 -0.258575 0.0497606 0.997163 -0.0564794 -1.22543 -0.121554 0.0621755 0.990636 0.937803 0 0 0 1 
13001298760251;0.918817;2.80245;0.778787 0.617233 0.111871 1.72378 -0.616913 0.785929 -0.0416337 -1.13587 -0.113621 -0.0365912 0.99285 -0.0235849 0 0 0 1 
13001298760252;0.624083;1.47723;0.994266 0.104596 -0.022221 0.258763 -0.106124 0.990701 -0.0851401 -0.43522 0.013109 0.0870102 0.996121 0.264263 0 0 0 1 
13001298760253;0.848575;1.15376;0.976303 0.0611086 0.207603 0.373735 -0.0314426 0.989179 -0.143302 -0.951897 -0.214113 0.133379 0.96766 1.34187 0 0 0 1 
13001298760254;0.316984;2.93867;0.840018 0.527362 -0.127514 0.753442 -0.541802 0.827757 -0.14584 -0.881646 0.0286403 0.191595 0.981056 0.696932 0 0 0 1 
13001298760255;0.292142;1.45648;0.958087 0.272533 -0.0882903 0.863837 -0.27914 0.957412 -0.0737833 -0.520762 0.0644218 0.0953362 0.993358 -0.145836 0 0 0 1 
13001298760256;0.288912;2.9298;0.780449 0.625205 0.00433986 1.06176 -0.625088 0.780408 -0.0151483 -1.04693 -0.0128577 0.00910969 0.999876 0.31804 0 0 0 1 
13001298760257;0.0896223;1.39093;0.986712 -0.0564306 0.152368 -0.319753 0.0571846 0.998363 -0.000567253 -1.3744 -0.152086 0.00927279 0.988324 0.45496 0 0 0 1 
13001298760258;0.918056;2.83245;0.806304 0.576835 0.130905 1.39482 -0.587834 0.806042 0.0689057 -0.282297 -0.0657677 -0.132509 0.988997 -0.163392 0 0 0 1 
13001298760259;0.628443;1.35005;0.99413 0.0255811 0.105127 -0.194443 -0.0236068 0.999522 -0.0199818 -0.820723 -0.105588 0.0173827 0.994258 -0.143074 0 0 0 1 
13001298760260;0.777086;2.91337;0.864043 0.496638 0.0823458 0.833008 -0.496077 0.867808 -0.0285886 -0.47399 -0.0856585 -0.016148 0.996194 0.196242 0 0 0 1 
13001298760261;0.754638;2.84891;0.877748 0.406941 -0.252898 0.419146 -0.451716 0.878828 -0.153669 -0.730155 0.159719 0.249121 0.955211 0.819417 0 0 0 1 
13001298760262;0.728008;1.41521;0.997195 0.00980873 0.0742015 -0.521184 -0.00263495 0.995362 -0.0961662 -1.2969 -0.0748006 0.0957009 0.992596 0.0230138 0 0 0 1 
