#;prob_registration_l1 -r /home/probabilistic_point_clouds_registration/build/tester /home/point_clouds_registration_benchmark//devel/registration_pairs/box_met_local.txt /home/point_clouds_registration_benchmark//planetary/box_met -s 0.2 -t 0.2 -p 0.3 -r 1000 -m 25 -i 40 
id;initial_error;final_error;transformation
7680147070000;1.79635;4.31036;0.876565 0.182444 0.445362 -9.19667 -0.124361 0.9798 -0.156611 -2.21434 -0.464939 0.0818938 0.881547 -32.7965 0 0 0 1 
7680147070001;0.811107;3.80307;0.977939 0.19203 0.0822121 -6.536 -0.169074 0.958789 -0.228336 -4.74253 -0.122671 0.209399 0.970105 -12.6155 0 0 0 1 
7680147070002;1.49386;4.11561;0.963937 -0.0151881 -0.265699 -4.57893 -0.0568239 0.963601 -0.261236 1.7045 0.259995 0.266913 0.927987 7.77042 0 0 0 1 
7680147070003;0.946768;4.23241;0.989363 0.145437 -0.00285673 -5.89687 -0.143314 0.971181 -0.190444 -3.85972 -0.0249231 0.188828 0.981694 -4.86678 0 0 0 1 
7680147070004;1.43077;5.21004;0.998942 -0.039563 -0.0234423 -2.49238 0.0360654 0.99027 -0.134408 6.11738 0.0285318 0.13342 0.990649 -1.95591 0 0 0 1 
7680147070005;0.312811;4.12334;0.98325 0.173788 0.0549212 -6.2266 -0.174876 0.984466 0.0156456 -4.44674 -0.051349 -0.0249879 0.998368 -3.9837 0 0 0 1 
7680147070006;1.56238;4.56764;0.99972 0.0207836 -0.0112778 -2.31363 -0.0205587 0.999594 0.0197055 4.09451 0.0116828 -0.0194682 0.999742 -2.17124 0 0 0 1 
7680147070007;1.77223;4.56782;0.961388 0.157079 0.225962 -6.39819 -0.207691 0.952837 0.221283 -4.38753 -0.180546 -0.259669 0.94867 -9.91811 0 0 0 1 
7680147070008;0.368314;4.33604;0.981518 0.166735 0.093928 -6.08726 -0.168255 0.985707 0.00845172 -3.87977 -0.0911763 -0.0240994 0.995543 -6.19598 0 0 0 1 
7680147070009;2.02654;4.35954;0.999686 -0.0010451 0.0250307 -3.05994 0.0030187 0.996875 -0.0789397 5.10669 -0.0248699 0.0789905 0.996565 -7.03359 0 0 0 1 
7680147070010;1.67484;4.51782;0.992092 0.00225988 -0.125492 -3.36299 -0.00386327 0.999914 -0.012535 5.32418 0.125453 0.0129207 0.992015 8.01619 0 0 0 1 
7680147070011;1.58383;4.49275;0.969962 0.0407349 0.23982 -4.29132 0.0454639 0.93815 -0.343231 6.14846 -0.238969 0.343824 0.908118 -19.9428 0 0 0 1 
7680147070012;1.55669;3.98477;0.995926 0.0263466 0.0862376 -3.78553 -0.00826575 0.979011 -0.203642 4.21822 -0.0897928 0.202099 0.97524 -8.29968 0 0 0 1 
7680147070013;1.90796;4.47602;0.994202 0.10713 0.0093034 -4.39409 -0.106947 0.976051 0.189441 0.610287 0.0112141 -0.189337 0.981848 -0.0317904 0 0 0 1 
7680147070014;1.7784;3.95789;0.990642 0.134278 -0.024463 -5.18042 -0.135893 0.987073 -0.0849741 -2.24687 0.0127366 0.0875033 0.996083 -4.34398 0 0 0 1 
7680147070015;0.363704;4.37511;0.997305 -0.02811 -0.0677713 -3.06272 0.051145 0.928631 0.367462 12.2013 0.0526052 -0.369938 0.927566 8.00925 0 0 0 1 
7680147070016;0.265959;3.97275;0.995089 0.0959771 0.0242116 -4.56919 -0.0970378 0.994156 0.0472931 -0.0597765 -0.0195311 -0.0494103 0.998588 -1.77275 0 0 0 1 
7680147070017;0.994504;4.42312;0.998063 -0.0616262 -0.00853794 -2.12135 0.0617317 0.998012 0.0127031 9.31576 0.00773813 -0.0132056 0.999883 -1.79136 0 0 0 1 
7680147070018;1.14391;4.22092;0.921739 0.113834 -0.370727 -12.6278 -0.113612 0.99327 0.0225168 -0.523884 0.370795 0.0213644 0.928469 20.0607 0 0 0 1 
7680147070019;1.59901;3.67437;0.99898 0.0406325 0.0196873 -1.76597 -0.0407022 0.999166 0.00315592 4.13486 -0.0195427 -0.00395402 0.999801 -1.91061 0 0 0 1 
7680147070020;1.99055;4.15013;0.972096 0.0806854 0.22027 -6.26083 -0.103291 0.990284 0.0931017 0.597173 -0.210618 -0.113256 0.970986 -10.3808 0 0 0 1 
7680147070021;1.30849;4.09054;0.966722 -0.0303227 -0.254026 -5.41458 0.0807907 0.978323 0.190676 12.4408 0.242738 -0.204854 0.948216 15.1008 0 0 0 1 
7680147070022;0.490232;4.49391;0.998092 -0.0254566 0.0562582 -2.15257 0.0228705 0.998673 0.0461432 7.36806 -0.0573582 -0.0447685 0.997349 -3.37612 0 0 0 1 
7680147070023;1.93092;3.27348;0.986185 0.159567 0.0444797 -5.27086 -0.151499 0.977408 -0.14738 -2.58034 -0.0669917 0.138605 0.988079 -6.65626 0 0 0 1 
7680147070024;2.01577;4.95521;0.983211 0.112257 -0.143858 -5.14288 -0.0837199 0.978016 0.190988 1.73314 0.162135 -0.175737 0.970994 9.83743 0 0 0 1 
7680147070025;1.53658;4.80443;0.959801 -0.0641858 -0.273245 -4.87661 0.0271776 0.99018 -0.137131 6.09721 0.279364 0.124192 0.95212 10.6159 0 0 0 1 
7680147070026;1.23157;4.32689;0.986059 0.15748 0.0537355 -5.51039 -0.161347 0.983858 0.0774021 -2.27396 -0.0406788 -0.0849931 0.995551 -0.712578 0 0 0 1 
7680147070027;1.05263;4.12273;0.937449 0.0567703 0.343462 -6.21416 -0.111647 0.983526 0.142167 -0.0931416 -0.329733 -0.171621 0.928344 -17.9719 0 0 0 1 
7680147070028;0.137424;4.22576;0.998013 0.0601164 0.0188914 -3.59797 -0.0603375 0.998113 0.0113601 1.95061 -0.0181728 -0.0124774 0.999757 -1.97043 0 0 0 1 
7680147070029;1.81513;3.27053;0.998072 0.0102138 -0.0612186 -3.62134 -0.011782 0.99961 -0.0253105 5.82321 0.0609362 0.025983 0.997803 2.60909 0 0 0 1 
7680147070031;0.429088;2.74545;0.974145 -0.04871 -0.22061 -5.80584 0.0482977 0.998807 -0.00726596 2.71478 0.220701 -0.00357686 0.975335 0.884306 0 0 0 1 
7680147070032;0.91489;2.7863;0.99521 -0.00532692 0.0976165 -4.14366 -0.00304544 0.99634 0.0854188 3.57515 -0.0977143 -0.0853069 0.991552 -0.239028 0 0 0 1 
7680147070033;0.415478;2.38444;0.976212 -0.013441 0.216403 -3.74819 0.0779442 0.95311 -0.292414 2.11247 -0.202326 0.302325 0.931485 -9.93551 0 0 0 1 
7680147070034;0.600344;2.78715;0.98551 -0.0685738 -0.155136 -4.94974 0.0397509 0.982535 -0.181784 2.07033 0.164892 0.172983 0.971024 -2.45947 0 0 0 1 
7680147070035;0.44843;2.55051;0.997177 -0.0337811 0.0670647 -4.08048 0.0195067 0.978969 0.203074 3.35083 -0.0725143 -0.201192 0.976864 2.31687 0 0 0 1 
7680147070036;0.879785;2.12262;0.999206 -0.0396128 -0.00419377 -5.0814 0.039431 0.998537 -0.0369974 2.70728 0.0056532 0.0368026 0.999307 -1.71635 0 0 0 1 
7680147070037;0.82527;2.78135;0.999267 -0.0271073 0.0270468 -4.67847 0.0265808 0.999454 0.0196421 2.96824 -0.0275645 -0.0189088 0.999441 1.11397 0 0 0 1 
7680147070038;0.802274;2.39908;0.979221 -0.0322063 0.200221 -3.94995 -0.0266209 0.958351 0.28435 4.75807 -0.201039 -0.283771 0.93758 3.88281 0 0 0 1 
7680147070039;1.33952;2.22101;0.9998 0.0144695 0.0138145 -6.78278 -0.014748 0.999686 0.0202793 2.04042 -0.0135167 -0.020479 0.999699 0.666331 0 0 0 1 
7680147070040;0.158831;2.65162;0.99905 -0.042159 -0.0110263 -4.34451 0.0404036 0.990944 -0.128055 2.0825 0.0163251 0.127488 0.991706 -3.32876 0 0 0 1 
7680147070041;1.36617;2.58958;0.997728 -0.0509159 0.0441211 -4.06111 0.0495363 0.998265 0.0318179 2.99435 -0.0456646 -0.02956 0.998519 -3.40497 0 0 0 1 
7680147070042;0.46675;2.61237;0.995778 0.00117096 0.091783 -4.62196 0.0184647 0.976923 -0.212792 1.67915 -0.0899141 0.213589 0.972777 -7.00968 0 0 0 1 
7680147070043;1.14629;2.95478;0.962517 0.00121352 0.271219 -2.91047 0.0591567 0.974975 -0.214301 1.52124 -0.264691 0.222313 0.938358 -7.89089 0 0 0 1 
7680147070044;0.702038;2.60372;0.998627 -0.0401308 -0.0336691 -4.52824 0.0422676 0.996966 0.065357 3.26258 0.0309441 -0.0666904 0.997294 2.47175 0 0 0 1 
7680147070045;0.887978;2.56181;0.998549 -0.0349861 0.0409268 -4.24178 0.0354744 0.999307 -0.0112658 3.19753 -0.0405043 0.0127013 0.999099 -2.65258 0 0 0 1 
7680147070046;0.520495;2.49222;0.99275 -0.0477008 0.110327 -3.47536 0.0664359 0.982691 -0.172931 2.13882 -0.100169 0.179007 0.978735 -6.56155 0 0 0 1 
7680147070047;1.3778;2.43295;0.997111 0.018565 -0.0736538 -7.50547 0.00253986 0.96098 0.276607 4.87919 0.0759151 -0.275995 0.958156 7.27994 0 0 0 1 
7680147070048;1.12108;3.28187;0.999433 -0.0332779 0.00521742 -3.76624 0.0335129 0.997955 -0.0544386 1.82496 -0.00339515 0.0545825 0.998503 -1.48621 0 0 0 1 
7680147070049;0.932757;2.5147;0.996231 -0.0699236 -0.051335 -4.33188 0.0612941 0.986198 -0.153804 3.08136 0.0613811 0.150078 0.986767 -1.94632 0 0 0 1 
7680147070050;1.2993;2.21246;0.957146 -0.0821959 -0.277697 -6.67126 0.0444459 0.989209 -0.139605 2.0285 0.286175 0.12128 0.950471 -0.804594 0 0 0 1 
7680147070051;0.92457;2.66816;0.997565 -0.0451341 0.0531735 -3.60766 0.029919 0.965598 0.258311 4.00796 -0.0630029 -0.256091 0.964597 2.4792 0 0 0 1 
7680147070052;0.840224;2.92653;0.961286 -0.0557886 -0.269845 -5.55063 0.0964906 0.985438 0.140002 4.65512 0.258106 -0.160619 0.952671 6.34383 0 0 0 1 
7680147070053;0.82655;2.87281;0.999358 -0.0351772 0.00680682 -4.37867 0.0353126 0.999157 -0.0209132 2.49039 -0.00606542 0.0211401 0.999758 0.312278 0 0 0 1 
7680147070054;0.270576;2.67826;0.998315 -0.00286215 0.0579531 -5.08327 0.000450488 0.999135 0.0415843 2.39907 -0.058022 -0.0414881 0.997453 -0.42618 0 0 0 1 
7680147070055;0.73698;2.68599;0.982376 -0.148321 -0.11375 -2.8036 0.0827329 0.89073 -0.446941 2.51914 0.167611 0.429653 0.887302 -7.65201 0 0 0 1 
7680147070056;0.896614;2.55419;0.997495 -0.0673834 -0.0215113 -3.7925 0.0666603 0.997239 -0.0327293 2.61499 0.0236573 0.0312134 0.999233 -3.10699 0 0 0 1 
7680147070057;0.403726;2.42527;0.99754 -0.0117507 0.0691068 -4.89414 0.0151418 0.998696 -0.0487532 2.26333 -0.0684438 0.0496797 0.996417 -2.41949 0 0 0 1 
7680147070058;0.771956;2.48848;0.991802 0.00180081 0.127771 -4.59308 0.0206257 0.984533 -0.17398 1.89733 -0.126108 0.175189 0.976425 -7.39591 0 0 0 1 
7680147070059;0.054331;2.6118;0.998238 -0.0519669 0.0286425 -3.77843 0.0524344 0.998499 -0.01582 2.6986 -0.0277774 0.0172939 0.999465 -1.47967 0 0 0 1 
7680147070060;0.252286;2.55294;0.99955 -0.0285992 0.00903867 -4.34111 0.0251549 0.963456 0.266682 4.56593 -0.0163352 -0.266335 0.963742 4.43355 0 0 0 1 
7680147070062;0.694613;3.17402;0.996618 0.0603915 0.0557332 2.31781 -0.0619607 0.997717 0.0268701 -2.18311 -0.0539832 -0.0302325 0.998084 -0.888931 0 0 0 1 
7680147070063;0.642429;2.60997;0.999306 -0.012373 -0.0351467 3.27604 0.0122852 0.999921 -0.00271315 -0.514571 0.0351775 0.00227948 0.999378 0.509914 0 0 0 1 
7680147070064;1.73702;2.8427;0.996389 -0.0608192 -0.0592394 2.59281 0.0469474 0.976047 -0.212434 -0.191428 0.0707405 0.208886 0.975378 -2.93045 0 0 0 1 
7680147070065;2.03958;3.2219;0.981184 -0.0149808 -0.192495 0.135791 0.0436053 0.98842 0.145341 1.52631 0.188088 -0.151 0.970475 6.54361 0 0 0 1 
7680147070066;1.4044;2.93002;0.997138 -0.0201208 0.0728717 2.63692 0.0297134 0.990664 -0.133048 -0.268892 -0.0695143 0.134832 0.988427 -3.74178 0 0 0 1 
7680147070067;2.44929;2.7827;0.996353 -0.03109 -0.0794641 3.85491 0.0322449 0.999392 0.013292 -0.268592 0.0790025 -0.0158058 0.996749 -0.246154 0 0 0 1 
7680147070068;0.72785;2.76171;0.996959 -0.00418177 -0.0778175 2.65563 0.000985588 0.999156 -0.0410659 -0.855407 0.0779235 0.0408643 0.996121 2.24676 0 0 0 1 
7680147070069;0.403431;2.53127;0.99687 -0.043468 0.0660314 3.82686 0.0671571 0.906307 -0.417249 -0.008902 -0.0417078 0.420378 0.90639 -8.5795 0 0 0 1 
7680147070070;2.46104;3.22278;0.928011 -0.124166 -0.351254 1.71713 0.0458094 0.973703 -0.223169 -1.20161 0.369727 0.191012 0.909294 3.8438 0 0 0 1 
7680147070071;1.40642;2.55654;0.948991 0.0617356 0.309201 2.52652 -0.100839 0.988566 0.112114 -2.02548 -0.298744 -0.137575 0.944365 -6.32708 0 0 0 1 
7680147070072;0.468235;2.75124;0.996167 0.022916 -0.0844208 2.12371 -0.0232148 0.999727 -0.00255935 -1.14295 0.0843391 0.00450935 0.996427 1.86817 0 0 0 1 
7680147070073;0.953779;2.62064;0.9962 0.0288009 0.0821968 2.59933 -0.0117255 0.979501 -0.201098 -1.96873 -0.0863036 0.19937 0.976116 -4.5676 0 0 0 1 
7680147070074;0.189263;2.96439;0.998309 -0.0534641 -0.0228138 4.10881 0.0488254 0.984234 -0.17 -0.398006 0.031543 0.168599 0.98518 -1.99503 0 0 0 1 
7680147070075;2.44638;2.6512;0.958777 -0.0658772 -0.276417 4.03618 -0.0198706 0.954831 -0.296484 -2.35637 0.283463 0.289754 0.914161 2.18737 0 0 0 1 
7680147070076;2.31741;2.90616;0.995744 -0.00861774 -0.0917637 2.82487 0.00580511 0.999506 -0.0308737 -1.01827 0.0919845 0.0302096 0.995302 4.01205 0 0 0 1 
7680147070077;2.21484;2.6857;0.99811 0.039755 -0.0468688 3.60827 -0.0448935 0.992438 -0.114241 -2.4504 0.0419728 0.116129 0.992347 1.19709 0 0 0 1 
7680147070078;0.226189;2.60823;0.991874 0.0330874 -0.122849 1.53724 0.0099016 0.942587 0.333814 2.72582 0.126841 -0.332318 0.934599 8.53205 0 0 0 1 
7680147070079;1.94297;3.35047;0.994915 -0.00114668 0.100711 3.02549 0.0253351 0.970632 -0.239231 -0.851639 -0.0974795 0.240566 0.965725 -6.8418 0 0 0 1 
7680147070080;2.14298;2.52004;0.999187 -0.0360053 -0.0181099 2.75868 0.0317255 0.97978 -0.197547 -0.387247 0.0248564 0.196812 0.980126 -0.225728 0 0 0 1 
7680147070081;1.69906;2.52997;0.999065 0.00923274 0.0422289 4.10925 -0.00379629 0.991889 -0.127048 -1.28952 -0.0430594 0.126769 0.990997 -1.68812 0 0 0 1 
7680147070082;2.0972;2.56308;0.957065 -0.11017 -0.268121 1.70167 0.0345744 0.961743 -0.271762 -0.991436 0.287804 0.250824 0.92426 4.26248 0 0 0 1 
7680147070083;0.59076;2.59751;0.999995 -0.00304918 -0.000242972 2.7432 0.0028105 0.947254 -0.320472 -1.97183 0.00120733 0.32047 0.947258 -5.75482 0 0 0 1 
7680147070084;0.946739;2.66794;0.999247 -0.00512397 -0.0384549 3.69836 0.00553184 0.999929 0.0105074 -0.54536 0.0383983 -0.0107123 0.999205 2.08466 0 0 0 1 
7680147070085;1.67199;2.95394;0.961107 0.0615427 -0.269232 0.0465191 0.0370646 0.937293 0.346566 3.76022 0.273678 -0.343066 0.898558 13.5148 0 0 0 1 
7680147070086;1.58068;3.17076;0.998847 0.031058 -0.0365981 2.65107 -0.0304195 0.999377 0.0178758 -1.58231 0.0371305 -0.0167419 0.99917 -0.325819 0 0 0 1 
7680147070087;0.945675;3.44276;0.989773 0.0273186 -0.140008 1.81557 -0.0557625 0.97749 -0.203479 -3.23496 0.131297 0.209205 0.969017 -0.620637 0 0 0 1 
7680147070088;1.00125;3.50038;0.982714 0.0549206 0.176794 3.35016 -0.0499532 0.998225 -0.0324296 -2.82306 -0.178261 0.0230376 0.983713 -4.83711 0 0 0 1 
7680147070089;1.42162;3.48935;0.997202 0.0678369 0.031414 2.85084 -0.0683445 0.997543 0.0153763 -2.74718 -0.0302937 -0.0174802 0.999388 1.3053 0 0 0 1 
7680147070090;0.678915;2.74829;0.997785 -0.0173147 -0.0642296 3.3846 0.0195702 0.999208 0.0346558 0.017474 0.0635786 -0.035836 0.997333 2.12938 0 0 0 1 
7680147070091;1.30647;2.60946;0.986992 -0.0602763 -0.14904 1.46094 0.0442999 0.993132 -0.108284 0.306497 0.154544 0.100273 0.982884 2.06859 0 0 0 1 
7680147070093;0.528987;1.36971;0.9964 -0.0175739 -0.0829374 -2.04811 0.0228349 0.997758 0.0629169 1.09987 0.0816458 -0.0645842 0.994567 7.15551 0 0 0 1 
7680147070094;0.750267;1.45389;0.977078 -0.0201151 -0.211928 -3.75846 0.0470884 0.991288 0.12301 3.58325 0.207608 -0.130169 0.969513 17.5663 0 0 0 1 
7680147070095;1.32662;2.20518;0.994105 0.0716928 0.0813339 -5.02771 -0.0466226 0.959939 -0.276305 -7.77523 -0.0978846 0.270884 0.957622 -13.274 0 0 0 1 
7680147070096;1.72861;2.26849;0.999025 0.0182346 0.0401945 -3.42596 -0.0162797 0.998694 -0.0484359 -3.75728 -0.0410252 0.0477344 0.998017 -0.390695 0 0 0 1 
7680147070097;1.58172;2.26278;0.997544 -0.00849492 -0.0695303 -1.46374 0.0124378 0.998327 0.0564727 0.714732 0.0689342 -0.0571988 0.99598 6.69102 0 0 0 1 
7680147070098;0.811119;1.44245;0.981899 -0.0284068 -0.187263 -4.85627 0.00947855 0.99482 -0.101209 -1.64656 0.189168 0.0976021 0.977082 12.3239 0 0 0 1 
7680147070099;0.734807;1.39386;0.999694 0.0156035 0.019171 -2.94471 -0.0155517 0.999875 -0.00284588 -3.16609 -0.019213 0.00254687 0.999812 -1.56872 0 0 0 1 
7680147070100;0.613699;1.88204;0.931649 0.0828234 0.353794 -6.98223 -0.0608739 0.995491 -0.0727453 -6.80773 -0.358224 0.0462362 0.93249 -27.258 0 0 0 1 
7680147070101;0.463274;1.23035;0.99906 0.00431136 -0.0431393 -1.78752 -0.00952916 0.992547 -0.12149 -2.48641 0.042294 0.121786 0.991655 0.0964574 0 0 0 1 
7680147070102;1.71997;1.76994;0.990005 0.0710268 0.121844 -3.32759 -0.0471 0.980834 -0.189064 -6.14916 -0.132937 0.181436 0.974376 -15.757 0 0 0 1 
7680147070103;0.768405;2.49472;0.982413 0.0251875 0.185017 -3.68955 -0.0327932 0.998733 0.0381634 -4.0715 -0.183821 -0.0435595 0.981994 -10.3616 0 0 0 1 
7680147070104;1.11988;1.37978;0.999416 0.0297886 0.0167488 -3.23341 -0.0288901 0.998253 -0.0515425 -4.94941 -0.018255 0.0510286 0.99853 -2.42135 0 0 0 1 
7680147070105;0.792054;2.87773;0.967115 0.0322033 0.252292 -4.83158 -0.0303548 0.999476 -0.0112166 -5.17786 -0.252521 0.00318946 0.967586 -18.4017 0 0 0 1 
7680147070106;0.562855;2.23646;0.999158 0.00299427 -0.0409262 -3.78811 -0.00550122 0.998105 -0.0612806 -2.81883 0.0406652 0.0614542 0.997281 2.85263 0 0 0 1 
7680147070107;0.610731;1.55464;0.999707 0.00817811 0.0227686 -2.14401 -0.0113543 0.989647 0.143073 -0.631641 -0.0213628 -0.14329 0.98945 2.87024 0 0 0 1 
7680147070108;1.42716;2.74008;0.999736 -0.0146077 -0.0177358 -3.32458 0.0137425 0.998755 -0.0479623 -1.19622 0.0184144 0.0477059 0.998692 -0.538635 0 0 0 1 
7680147070109;0.474796;2.31884;0.893973 0.0342449 0.44681 -8.05518 -0.0969329 0.988247 0.1182 -8.12682 -0.437511 -0.148978 0.886786 -28.2681 0 0 0 1 
7680147070110;0.941477;1.63828;0.999765 0.0102052 0.019144 -3.15945 -0.00896925 0.997937 -0.0635687 -3.7253 -0.0197533 0.063382 0.997794 -2.64917 0 0 0 1 
7680147070111;1.47967;1.70833;0.999877 0.01166 0.0104793 -0.822653 -0.011432 0.999702 -0.0215628 -1.41521 -0.0107276 0.0214404 0.999713 0.315464 0 0 0 1 
7680147070112;1.75011;1.53832;0.996862 0.00230634 -0.0791238 -5.17413 0.0256055 0.93644 0.349893 3.17861 0.0749017 -0.350821 0.933442 11.9911 0 0 0 1 
7680147070113;1.0332;1.55925;0.99631 0.0364632 0.0776944 -3.36779 -0.0318322 0.997689 -0.0600326 -3.69845 -0.0797039 0.0573379 0.995168 -6.27723 0 0 0 1 
7680147070114;0.426388;1.47102;0.981022 -0.0310386 0.191398 -1.33933 -0.0459178 0.921837 0.384847 0.316017 -0.188383 -0.386332 0.902917 -4.17896 0 0 0 1 
7680147070115;1.70185;2.07193;0.991984 0.0408664 -0.119573 -5.17425 -0.0808484 0.932492 -0.352025 -9.8268 0.097115 0.358871 0.928321 -1.91995 0 0 0 1 
7680147070116;1.08478;1.34663;0.996636 0.068525 0.0449585 -4.42657 -0.0485635 0.935655 -0.349559 -5.82251 -0.0660192 0.3462 0.935835 -14.2914 0 0 0 1 
7680147070117;0.562653;2.60436;0.995887 -0.00152635 0.0905933 -2.57752 -0.00745718 0.995085 0.098742 -2.08518 -0.0902987 -0.0990115 0.990981 -3.42028 0 0 0 1 
7680147070118;0.421204;1.77647;0.993344 0.000503307 -0.11518 -3.58456 -0.0110796 0.995771 -0.0912026 -2.70887 0.114647 0.0918718 0.989149 6.43671 0 0 0 1 
7680147070119;1.56631;1.17876;0.997721 0.0203819 0.0643272 -1.81006 -0.0165826 0.998117 -0.059054 -2.8519 -0.0654097 0.0578526 0.99618 -8.2759 0 0 0 1 
7680147070120;0.829004;2.64683;0.999847 -0.0174725 -0.000338574 -3.74742 0.0171428 0.984375 -0.17525 -2.87182 0.00339535 0.175218 0.984524 -2.33429 0 0 0 1 
7680147070121;0.0967963;1.26595;0.996989 0.0215755 0.0744823 -1.98511 -0.0243866 0.999016 0.0370407 -2.65278 -0.0736099 -0.0387455 0.996534 -3.89549 0 0 0 1 
7680147070122;0.194803;1.43009;0.999798 0.0046173 -0.0195625 -2.28996 -0.00526009 0.999444 -0.0329352 -2.00274 0.0193996 0.0330314 0.999266 1.12725 0 0 0 1 
7680147070124;1.64617;2.49555;0.99325 -0.0332 0.111138 -2.17396 0.0487957 0.98885 -0.140695 5.39829 -0.105228 0.145168 0.983795 -8.95623 0 0 0 1 
7680147070125;1.40625;2.69442;0.996662 -0.0689455 0.043711 -2.47826 0.0690663 0.997611 -0.00125778 8.04399 -0.0435199 0.00427254 0.999043 -5.25513 0 0 0 1 
7680147070126;1.2267;2.71666;0.997171 -0.0725875 -0.0195185 -3.52462 0.0727847 0.997302 0.00958878 9.01968 0.0187698 -0.0109823 0.999764 0.936243 0 0 0 1 
7680147070127;1.9725;3.21585;0.988222 -0.0765833 -0.132488 -2.91398 0.0586886 0.989234 -0.134061 7.71286 0.141328 0.124706 0.982077 7.04525 0 0 0 1 
7680147070128;1.62499;3.53401;0.96585 -0.0923943 -0.24207 -5.68945 0.0920708 0.995672 -0.0126733 9.64387 0.242193 -0.010047 0.970176 12.6251 0 0 0 1 
7680147070129;0.486275;2.60914;0.998517 -0.0439784 -0.0320949 -2.00866 0.0423504 0.997863 -0.0497554 5.68092 0.0342145 0.0483223 0.998246 2.18172 0 0 0 1 
7680147070130;1.63305;3.68776;0.995417 -0.0427311 0.085554 -2.84785 0.0335701 0.993821 0.105792 6.72064 -0.089546 -0.102435 0.990701 -5.00683 0 0 0 1 
7680147070131;2.14793;2.51472;0.925133 0.0262926 0.37873 -5.69994 0.0642612 0.972358 -0.224476 7.25147 -0.374164 0.232008 0.897872 -26.178 0 0 0 1 
7680147070132;1.4581;3.6944;0.995587 -0.0543981 -0.076469 -3.73589 0.0534127 0.998462 -0.0148751 6.81631 0.0771606 0.010725 0.996961 2.46413 0 0 0 1 
7680147070133;1.07349;3.93534;0.999334 -0.0305369 -0.0199945 -2.9686 0.0302261 0.99942 -0.0156625 5.08082 0.0204612 0.0150477 0.999677 0.967666 0 0 0 1 
7680147070134;1.69636;2.97331;0.993749 -0.0381707 -0.104913 -2.5458 0.0244616 0.991345 -0.12898 4.59075 0.108929 0.125607 0.986082 8.91989 0 0 0 1 
7680147070135;0.51747;3.10178;0.940623 -0.111874 -0.320488 -6.94984 0.10925 0.993669 -0.0262163 10.4984 0.321392 -0.0103537 0.94689 19.0966 0 0 0 1 
7680147070136;0.646267;3.59118;0.919351 -0.121069 -0.374347 -9.32162 0.0691169 0.986378 -0.149266 7.94781 0.38732 0.111355 0.915196 25.0712 0 0 0 1 
7680147070137;2.04694;3.74232;0.993542 -0.0280271 -0.109948 -3.62645 0.0432412 0.989413 0.138534 6.64683 0.104902 -0.142394 0.984236 7.71307 0 0 0 1 
7680147070138;0.720049;2.82238;0.999233 -0.0321404 -0.0223745 -2.28477 0.0297414 0.994507 -0.100352 4.87358 0.025477 0.0996099 0.9947 0.742865 0 0 0 1 
7680147070139;1.74647;2.46423;0.99735 -0.0524253 0.0504371 -2.26064 0.0538745 0.99816 -0.0278167 6.28569 -0.048886 0.0304602 0.99834 -5.97703 0 0 0 1 
7680147070140;0.663015;3.73461;0.997916 -0.0612782 0.0202142 -3.08598 0.0628236 0.994168 -0.0876511 7.41856 -0.0147252 0.0887384 0.995946 -1.73765 0 0 0 1 
7680147070141;0.53013;2.86459;0.998739 -0.046023 0.0200725 -1.77347 0.0462735 0.998854 -0.0121963 5.77131 -0.0194882 0.0131098 0.999724 -1.66873 0 0 0 1 
7680147070142;1.96977;2.88104;0.98265 -0.0888838 -0.162786 -5.80533 0.0503766 0.972601 -0.226959 7.13718 0.178499 0.214821 0.960203 12.9585 0 0 0 1 
7680147070143;0.856847;3.3516;0.980875 -0.0474362 0.188771 -3.94325 0.0151896 0.985545 0.16873 5.44282 -0.194047 -0.162636 0.967417 -13.9922 0 0 0 1 
7680147070144;1.63732;3.15258;0.996082 -0.00832165 0.0880416 -1.89796 0.00712622 0.999878 0.0138836 2.662 -0.0881464 -0.0132018 0.99602 -7.33817 0 0 0 1 
7680147070145;0.140484;2.93745;0.998169 -0.0574171 0.0190357 -2.31348 0.0576472 0.998268 -0.0117693 7.07779 -0.018327 0.0128451 0.99975 -1.64544 0 0 0 1 
7680147070146;1.19743;2.90682;0.99472 -0.0871414 -0.0541997 -3.44903 0.0878628 0.996071 0.0110681 9.859 0.0530223 -0.0157718 0.998469 1.4789 0 0 0 1 
7680147070147;0.293378;2.72519;0.996737 -0.0203485 0.0781085 -2.0495 0.0276437 0.995237 -0.0934839 4.52641 -0.0758342 0.0953381 0.992552 -5.1066 0 0 0 1 
7680147070148;2.08491;2.78601;0.993309 -0.0592423 -0.0991305 -2.15392 0.0751765 0.983318 0.165635 8.13013 0.0876641 -0.17198 0.981192 6.746 0 0 0 1 
7680147070149;2.16398;2.79688;0.98776 -0.0777891 -0.135202 -3.42811 0.0540434 0.983757 -0.171178 7.36062 0.146322 0.161776 0.975919 9.16344 0 0 0 1 
7680147070150;0.570326;3.61388;0.999141 -0.00107802 0.0414165 -2.79303 0.0188669 0.901832 -0.431675 3.12428 -0.0368854 0.432086 0.901078 -1.36791 0 0 0 1 
7680147070151;0.700204;3.32521;0.993491 -0.0740286 -0.0865731 -3.94163 0.074844 0.997176 0.00620662 9.0413 0.0858691 -0.0126457 0.996226 4.58983 0 0 0 1 
7680147070152;0.196422;3.07974;0.998296 -0.0575612 -0.00955843 -2.45311 0.0573715 0.998171 -0.0190609 7.13838 0.0106381 0.01848 0.999773 0.270834 0 0 0 1 
7680147070153;0.328459;3.53166;0.999309 -0.0343531 -0.0142149 -2.8271 0.0283463 0.951427 -0.306566 4.74752 0.0240559 0.305951 0.951743 2.08349 0 0 0 1 
7680147070155;0.140686;3.93377;0.999347 -0.00485269 -0.0358183 5.72591 0.00329159 0.999047 -0.043515 2.02393 0.0359953 0.0433687 0.99841 3.8964 0 0 0 1 
7680147070156;0.73666;3.73047;0.999173 0.000853961 -0.0406433 6.15093 -0.00276335 0.998894 -0.0469463 0.989081 0.0405583 0.0470198 0.99807 4.61948 0 0 0 1 
7680147070157;1.89722;4.48147;0.996223 -0.0354943 -0.0792441 4.29006 0.0379268 0.998848 0.029405 6.58393 0.078109 -0.0322994 0.996421 10.3844 0 0 0 1 
7680147070158;1.79956;3.89796;0.997249 -0.0174161 -0.0720448 5.29995 0.00221835 0.97858 -0.205855 2.32356 0.0740868 0.205129 0.975927 9.41437 0 0 0 1 
7680147070159;1.65931;4.65899;0.998197 0.0192339 -0.0568525 4.79348 -0.0219124 0.998661 -0.0468717 -0.93213 0.0558748 0.0480329 0.997282 4.6999 0 0 0 1 
7680147070160;0.0621527;3.95029;0.998667 0.0166837 -0.0488463 5.68131 -0.0189195 0.998777 -0.045674 -0.469047 0.0480245 0.0465372 0.997761 5.45694 0 0 0 1 
7680147070161;0.430207;3.93689;0.996902 -0.0216907 -0.075602 5.50439 0.0157114 0.996766 -0.078805 3.30594 0.0770669 0.0773731 0.994019 8.68139 0 0 0 1 
7680147070162;0.473536;3.81456;0.969495 0.0550248 0.238856 3.25975 -0.0547861 0.998469 -0.0076435 -4.4855 -0.238911 -0.00567566 0.971025 -26.6388 0 0 0 1 
7680147070163;0.736349;4.24633;0.991834 0.030657 0.123795 5.22709 -0.0451957 0.992174 0.116398 -3.16488 -0.119258 -0.121043 0.985457 -13.0379 0 0 0 1 
7680147070164;0.540732;4.0909;0.99641 -0.044717 -0.0718844 5.20798 0.0319376 0.984927 -0.169996 4.69618 0.0784026 0.16709 0.982819 9.6625 0 0 0 1 
7680147070165;1.76832;4.02298;0.999296 0.0210403 -0.0310637 5.62012 -0.0225766 0.998496 -0.0499634 -0.785841 0.0299657 0.0506295 0.998268 6.15975 0 0 0 1 
7680147070166;0.877488;3.94074;0.994256 0.0303459 -0.102635 5.34214 -0.0181419 0.99287 0.117814 -0.238529 0.105478 -0.115275 0.987718 9.635 0 0 0 1 
7680147070167;0.355143;4.04463;0.99652 -0.0252122 -0.0794551 5.23795 0.0218822 0.998857 -0.0425059 4.05975 0.0804359 0.0406193 0.995932 9.18788 0 0 0 1 
7680147070168;0.458362;4.04368;0.999826 -0.00703818 0.0172883 6.3918 0.00560812 0.996664 0.0814171 3.00276 -0.0178037 -0.0813059 0.99653 -2.68207 0 0 0 1 
7680147070169;1.52541;3.70066;0.958864 -0.0327408 -0.28197 1.76328 0.0506382 0.997122 0.0564193 7.23496 0.279311 -0.0683769 0.957763 28.9797 0 0 0 1 
7680147070170;1.71122;4.40798;0.997569 0.00765531 0.0692664 5.30593 -0.00223548 0.996952 -0.0779878 1.29622 -0.0696523 0.0776433 0.994545 -6.55479 0 0 0 1 
7680147070171;1.73488;3.1449;0.993432 -0.0391704 -0.10751 5.86716 0.00749808 0.959846 -0.280426 2.08459 0.114178 0.277778 0.953836 12.3568 0 0 0 1 
7680147070172;1.09968;3.66649;0.999742 0.00562872 -0.0220003 6.25558 -0.00652119 0.99915 -0.0407071 0.359554 0.0217524 0.04084 0.998929 2.65665 0 0 0 1 
7680147070173;0.591876;3.83275;0.960078 0.00776795 -0.279625 0.202238 0.00420208 0.999101 0.0421826 2.37205 0.279701 -0.0416735 0.959182 30.6763 0 0 0 1 
7680147070174;1.36958;4.48889;0.997652 -0.0569864 0.037998 5.3319 0.0624893 0.984427 -0.164315 7.58661 -0.0280425 0.166304 0.985676 -4.00764 0 0 0 1 
7680147070175;0.533565;3.77452;0.998811 0.00878496 -0.0479486 5.53515 -0.0109856 0.998889 -0.0458273 0.690636 0.0474928 0.0462996 0.997798 5.8499 0 0 0 1 
7680147070176;0.79171;3.78098;0.992945 0.0249574 0.115923 5.5894 -0.0112121 0.992981 -0.117744 -0.306869 -0.118048 0.115613 0.986255 -11.7073 0 0 0 1 
7680147070177;1.74498;4.19829;0.961187 0.0597156 0.269358 2.65162 -0.029719 0.993025 -0.114099 -2.86579 -0.274292 0.101666 0.956257 -29.8014 0 0 0 1 
7680147070178;1.38005;4.56981;0.995077 -0.0551109 0.0823665 5.25344 0.0655038 0.989436 -0.129331 8.06845 -0.0743687 0.13409 0.988175 -9.09824 0 0 0 1 
7680147070179;1.66284;3.90356;0.999363 0.00792384 0.0348058 6.82406 -0.00859303 0.99978 0.0191192 0.126679 -0.0346466 -0.0194061 0.999211 -2.67841 0 0 0 1 
7680147070180;1.25183;4.00629;0.969292 0.0395775 -0.242709 1.38569 -0.00817887 0.991607 0.129033 0.97432 0.245778 -0.123086 0.961479 24.4792 0 0 0 1 
7680147070181;1.00094;4.02452;0.997574 0.048604 0.0498322 6.00063 -0.0566979 0.982651 0.176585 -4.28514 -0.0403849 -0.178982 0.983023 -6.35987 0 0 0 1 
7680147070182;1.8528;4.53078;0.978756 0.0807067 0.188473 5.31531 -0.0982867 0.991447 0.0858597 -8.79785 -0.179932 -0.10256 0.978318 -22.8611 0 0 0 1 
7680147070183;0.963883;4.03444;0.990081 0.0360579 0.135795 6.43121 -0.0574625 0.985898 0.157171 -3.79379 -0.128213 -0.163415 0.978191 -15.693 0 0 0 1 
7680147070184;0.147928;3.91568;0.998376 0.0140343 -0.0552194 5.67087 -0.015074 0.999716 -0.0184574 -0.020484 0.0549447 0.0192598 0.998304 6.20007 0 0 0 1 
7680147070186;1.27351;4.90307;0.995746 0.0872901 0.0294855 4.06732 -0.0849902 0.993787 -0.0718664 -3.90302 -0.0355755 0.0690547 0.996978 -3.28322 0 0 0 1 
7680147070187;0.700101;4.61893;0.946515 0.0894979 0.31 -0.327323 -0.14649 0.975232 0.165721 -9.69794 -0.28749 -0.202269 0.936182 -31.1087 0 0 0 1 
7680147070188;1.39118;4.99002;0.997643 0.0389382 0.0565079 5.01194 -0.0408928 0.99859 0.0338541 0.662591 -0.05511 -0.0360851 0.997828 -8.10752 0 0 0 1 
7680147070189;1.30828;4.76301;0.964187 0.0303509 -0.263482 0.472739 0.0675007 0.932637 0.354445 15.9484 0.256491 -0.359536 0.897188 29.6041 0 0 0 1 
7680147070190;1.12112;5.22473;0.98979 0.0718386 0.123109 3.97624 -0.109435 0.936403 0.333426 -4.04113 -0.0913265 -0.343494 0.934704 -9.24398 0 0 0 1 
7680147070191;1.94775;4.26776;0.998032 0.00447403 -0.0625493 6.01097 0.00821246 0.979536 0.201102 7.55214 0.062169 -0.20122 0.977571 7.47145 0 0 0 1 
7680147070192;1.68036;4.93526;0.98709 0.0308446 0.157168 3.99455 -0.0266528 0.999232 -0.0287094 3.46497 -0.157933 0.0241498 0.987154 -17.6424 0 0 0 1 
7680147070193;1.11849;4.69346;0.998656 0.0233538 0.0462717 5.54207 -0.0100592 0.963093 -0.268981 3.51888 -0.0508457 0.268154 0.962033 -7.12885 0 0 0 1 
7680147070194;0.766853;5.17308;0.999286 0.0322445 0.0196843 4.39208 -0.032639 0.999266 0.0200574 1.76553 -0.0190231 -0.0206856 0.999605 -2.78719 0 0 0 1 
7680147070195;0.416426;4.61304;0.996183 0.0523214 0.0698715 4.77563 -0.0468264 0.995846 -0.0780913 -0.358671 -0.0736671 0.0745213 0.994495 -9.35827 0 0 0 1 
7680147070196;0.748225;5.11084;0.998626 0.0434732 0.0292666 4.08828 -0.0457032 0.995713 0.0804172 0.685706 -0.0256451 -0.0816443 0.996332 -2.37422 0 0 0 1 
7680147070197;0.500793;4.71628;0.997559 0.064959 0.0256313 4.66541 -0.0580155 0.975202 -0.213579 -1.96012 -0.0388695 0.21157 0.97659 -6.25092 0 0 0 1 
7680147070198;0.104802;4.9359;0.99961 0.0231744 0.0155861 4.99419 -0.0246279 0.994618 0.100645 3.41666 -0.0131699 -0.100989 0.9948 -1.02855 0 0 0 1 
7680147070199;1.797;5.25519;0.979489 0.0880697 0.18123 3.25322 -0.0809631 0.995643 -0.0462589 -3.99264 -0.184515 0.0306371 0.982352 -23.457 0 0 0 1 
7680147070200;0.574851;4.70838;0.997674 0.0653912 -0.0192597 3.8991 -0.0639326 0.9956 0.0685118 -1.1749 0.023655 -0.0671211 0.997464 2.1529 0 0 0 1 
7680147070201;1.66238;5.48094;0.972269 -0.00601518 -0.233789 0.923167 0.00646433 0.999978 0.00115494 5.11112 0.233777 -0.0026342 0.972287 24.7532 0 0 0 1 
7680147070202;0.856075;5.44777;0.998907 0.0332449 0.0328607 5.05458 -0.0384853 0.98391 0.174471 1.84162 -0.0265317 -0.175545 0.984114 -1.56357 0 0 0 1 
7680147070203;0.151635;4.74128;0.999431 0.0272442 0.0199071 4.77779 -0.0275475 0.999506 0.0151229 2.6795 -0.0194853 -0.0156627 0.999687 -2.36319 0 0 0 1 
7680147070204;1.87474;5.68309;0.999019 0.039487 0.0200251 3.81146 -0.0393738 0.999206 -0.0060165 1.19002 -0.0202468 0.00522214 0.999781 -1.07672 0 0 0 1 
7680147070205;1.34644;4.24987;0.999652 0.0143272 0.0221437 5.77109 -0.0165114 0.994665 0.101829 4.99216 -0.0205666 -0.10216 0.994555 -2.09847 0 0 0 1 
7680147070206;0.882492;4.87828;0.909759 -0.0932828 -0.40452 -5.50611 0.0499808 0.991951 -0.116339 11.1776 0.412117 0.0856224 0.907099 44.0935 0 0 0 1 
7680147070207;1.16879;5.29341;0.992401 0.0966318 0.0761707 3.2773 -0.102203 0.992082 0.0729884 -5.52209 -0.0685146 -0.0802187 0.99442 -6.20612 0 0 0 1 
7680147070208;1.24601;5.12642;0.994789 0.0885435 0.0505387 4.07584 -0.0941845 0.987918 0.123074 -4.88393 -0.0390307 -0.127193 0.99111 -3.68541 0 0 0 1 
7680147070209;1.20929;4.65794;0.997739 0.0363393 -0.0565363 4.78841 -0.0106148 0.915863 0.401351 7.19712 0.0663643 -0.399844 0.914178 8.64875 0 0 0 1 
7680147070210;1.69015;4.32992;0.999296 0.0275642 0.0254633 5.27215 -0.0281268 0.999362 0.022008 3.82009 -0.0248404 -0.0227087 0.999433 -1.38529 0 0 0 1 
7680147070211;0.940014;5.14721;0.989349 0.00561545 -0.145454 3.05837 0.0232801 0.980289 0.196192 9.27394 0.143689 -0.197489 0.969717 18.0812 0 0 0 1 
7680147070212;1.74535;4.5736;0.99979 -0.00555312 0.0197163 5.14864 0.00543593 0.999967 0.00599279 7.0601 -0.019749 -0.00588436 0.999788 -3.55384 0 0 0 1 
7680147070213;0.400202;4.7513;0.998499 0.0362616 0.0410499 4.76799 -0.037957 0.998425 0.0413024 1.7342 -0.0394875 -0.0427986 0.998303 -4.58043 0 0 0 1 
7680147070214;0.315659;5.06183;0.998143 0.0150409 -0.0590331 4.78571 -0.00986612 0.99616 0.0869918 4.80595 0.0601149 -0.0862478 0.994458 6.96094 0 0 0 1 
7680147070215;0.611277;5.00262;0.997065 0.0237744 0.072775 4.81268 -0.0264202 0.999016 0.0356111 2.59347 -0.0718567 -0.0374293 0.996712 -8.7845 0 0 0 1 
7680147070217;0.89674;4.5116;0.998039 -0.0160528 0.0605052 -5.58904 0.0145649 0.999583 0.0249531 -1.32916 -0.0608805 -0.0240229 0.997856 -2.04786 0 0 0 1 
7680147070218;1.73564;4.59323;0.999819 -0.0143837 0.0124847 -6.29953 0.0142826 0.999865 0.00814215 -0.71836 -0.0126001 -0.00796236 0.999889 1.64034 0 0 0 1 
7680147070219;1.39452;4.7637;0.961501 -0.0636811 -0.267323 -7.03098 0.0393496 0.99466 -0.0954144 -1.27956 0.271971 0.0812219 0.958872 6.25213 0 0 0 1 
7680147070220;0.267296;4.60474;0.999804 -0.00493264 -0.0191938 -5.71436 -0.00315738 0.916508 -0.400003 -2.31035 0.0195643 0.399985 0.916313 4.08656 0 0 0 1 
7680147070221;1.27015;5.32751;0.999694 -0.0151176 0.019598 -5.16358 0.0101414 0.972464 0.232832 -0.97801 -0.0225782 -0.232562 0.972319 -2.80733 0 0 0 1 
7680147070222;1.97297;3.66959;0.996093 0.0120658 0.0874872 -6.35951 -0.0152822 0.999228 0.0361877 -2.1448 -0.086983 -0.0373833 0.995508 -0.960297 0 0 0 1 
7680147070223;1.53331;4.34885;0.997997 -0.0104575 -0.0623836 -6.05568 0.0109852 0.999907 0.00812234 -1.86048 0.0622929 -0.00879138 0.998019 -0.0531852 0 0 0 1 
7680147070224;2.30376;4.49247;0.912915 -0.095908 -0.396722 -7.56994 0.0537902 0.991793 -0.115988 -1.10588 0.40459 0.0845475 0.910581 4.09276 0 0 0 1 
7680147070225;1.4585;4.96649;0.998661 -0.0265223 -0.0444132 -5.88707 0.0244775 0.998643 -0.0459659 -0.353878 0.0455721 0.0448172 0.997955 2.22471 0 0 0 1 
7680147070226;1.86707;4.68072;0.998543 -0.0142312 -0.0520599 -6.10144 0.0138012 0.999868 -0.00861016 -0.584094 0.0521755 0.00787913 0.998607 2.94262 0 0 0 1 
7680147070227;0.781577;4.82395;0.999726 -0.0162814 -0.0168059 -5.61723 0.0164404 0.999821 0.00936597 -1.56154 0.0166504 -0.0096397 0.999815 -0.587794 0 0 0 1 
7680147070228;0.400914;4.73661;0.998454 0.00126511 0.055578 -5.47755 -0.0032874 0.999335 0.0363101 -1.60956 -0.0554951 -0.0364367 0.997794 -1.02109 0 0 0 1 
7680147070229;0.955663;4.37134;0.999732 -0.00633748 -0.0222573 -5.92157 0.00557208 0.999397 -0.0342839 -1.09157 0.0224612 0.0341507 0.999164 0.984982 0 0 0 1 
7680147070230;0.317185;4.65965;0.9806 -0.0410812 -0.191666 -6.52716 0.0340953 0.998633 -0.0396062 -1.01329 0.193031 0.032303 0.980661 3.46392 0 0 0 1 
7680147070231;1.12926;4.94341;0.999965 -0.00449063 0.00701072 -5.56934 0.00437322 0.999851 0.0166733 -1.076 -0.00708455 -0.016642 0.999836 -1.00279 0 0 0 1 
7680147070232;1.51388;4.31505;0.999893 0.0129877 0.0066811 -5.80721 -0.0131562 0.99958 0.0258367 -2.45012 -0.00634273 -0.0259218 0.999644 -1.30523 0 0 0 1 
7680147070233;1.97376;4.33761;0.990746 -0.0283094 -0.132743 -6.93282 0.0704342 0.943248 0.324534 0.0228634 0.116022 -0.33088 0.936513 -2.55206 0 0 0 1 
7680147070234;1.9935;4.92341;0.99967 0.00306871 -0.0254925 -5.64227 -0.00527819 0.996189 -0.0870624 -1.9494 0.0251282 0.0871682 0.995877 -1.12714 0 0 0 1 
7680147070235;1.53051;4.80687;0.987491 -0.0235581 -0.155905 -5.90568 0.0230695 0.999722 -0.0049427 -1.5687 0.155978 0.00128423 0.98776 1.07839 0 0 0 1 
7680147070236;0.104269;4.69051;0.999917 0.00241703 0.0126678 -5.64109 -0.00255301 0.999939 0.0107292 -1.49042 -0.0126411 -0.0107607 0.999862 -0.107759 0 0 0 1 
7680147070237;2.06657;3.71251;0.997738 -0.0215308 -0.0636782 -6.85752 0.0104928 0.985588 -0.16884 -1.17971 0.0663957 0.16779 0.983584 4.04813 0 0 0 1 
7680147070238;1.4657;5.0009;0.915904 0.0166665 0.401052 -5.39523 -0.122405 0.963145 0.239518 -3.49857 -0.382279 -0.268467 0.884188 -8.72558 0 0 0 1 
7680147070239;0.672786;4.56427;0.992603 0.00923644 0.121053 -5.30939 -0.0185338 0.996943 0.0759052 -1.6144 -0.119982 -0.0775873 0.98974 -1.80964 0 0 0 1 
7680147070240;1.69401;4.87948;0.998746 -0.0071329 0.0495577 -5.75165 0.00282092 0.996244 0.0865401 -0.821838 -0.0499889 -0.0862917 0.995015 0.472598 0 0 0 1 
7680147070241;1.89764;4.92332;0.994693 -0.051092 -0.0893037 -6.07682 0.0695283 0.973599 0.217418 -1.03477 0.0758377 -0.222473 0.971985 -3.06592 0 0 0 1 
7680147070242;1.04234;4.31868;0.998093 -0.00908616 -0.0610632 -6.19178 0.00991727 0.999862 0.0133215 -1.09278 0.0609337 -0.0139016 0.998045 1.59762 0 0 0 1 
7680147070243;1.63774;4.01691;0.969856 0.00965338 0.243487 -6.20211 -0.0210532 0.998798 0.0442605 -2.43479 -0.242767 -0.0480525 0.968894 -3.94531 0 0 0 1 
7680147070244;2.23994;5.06473;0.996599 0.00762271 -0.0820467 -5.37431 0.010759 0.97515 0.221285 -1.44054 0.0816946 -0.221416 0.971752 1.36098 0 0 0 1 
7680147070245;0.410551;4.70534;0.999608 -0.022813 -0.0162401 -5.89277 0.0230043 0.999667 0.0116901 -1.10149 0.015968 -0.0120591 0.9998 -0.264136 0 0 0 1 
7680147070246;0.921508;4.83893;0.994777 -0.0315655 -0.097067 -6.13699 0.0274638 0.998684 -0.0433059 -1.12259 0.0983063 0.0404139 0.994335 0.843669 0 0 0 1 
7680147070248;1.50847;2.59675;0.978845 0.0376289 -0.201112 3.14981 0.0248208 0.953844 0.299275 5.90262 0.203091 -0.297935 0.932732 21.1691 0 0 0 1 
7680147070249;1.33018;2.60351;0.994098 0.0764528 0.0769679 5.3398 -0.0765022 0.997067 -0.00231051 -3.71048 -0.0769188 -0.00359135 0.997031 -5.91695 0 0 0 1 
7680147070250;0.124558;2.6712;0.994775 0.0970009 0.0318464 3.47397 -0.0966814 0.99525 -0.0114278 -6.03375 -0.0328036 0.00828909 0.999427 -3.76409 0 0 0 1 
7680147070251;0.53556;3.07593;0.976457 0.103486 0.18927 2.77542 -0.121321 0.988952 0.0851802 -7.99722 -0.178364 -0.106137 0.978223 -15.389 0 0 0 1 
7680147070252;1.1295;2.90931;0.976807 0.165372 0.136017 2.04385 -0.153713 0.983801 -0.0922346 -11.0351 -0.149067 0.0691877 0.986404 -12.4481 0 0 0 1 
7680147070253;0.578449;2.60982;0.997229 0.0613806 -0.0420295 3.94582 -0.0616418 0.998086 -0.00494556 -2.64141 0.0416455 0.00752263 0.999104 3.65349 0 0 0 1 
7680147070254;1.15198;2.36864;0.9959 0.0887751 0.0173656 4.19513 -0.0886721 0.996039 -0.00661341 -4.77523 -0.0178839 0.00504645 0.999827 -3.71611 0 0 0 1 
7680147070255;0.370863;2.76181;0.988315 0.112745 0.102582 2.92017 -0.148017 0.870586 0.469225 -7.83436 -0.036404 -0.478925 0.8771 0.0471251 0 0 0 1 
7680147070256;1.32328;2.95798;0.958274 0.143888 0.246994 0.294177 -0.088333 0.97084 -0.22286 -5.61316 -0.271859 0.191744 0.943041 -29.0107 0 0 0 1 
7680147070257;0.807316;2.99758;0.975215 0.00852197 -0.221097 2.72633 -0.0548758 0.977353 -0.204376 -2.2238 0.214348 0.211443 0.953597 17.2711 0 0 0 1 
7680147070258;0.260139;2.65952;0.943928 0.190078 0.269946 -1.28725 -0.147677 0.974369 -0.169698 -10.8484 -0.295283 0.120318 0.947804 -28.4755 0 0 0 1 
7680147070259;0.965988;2.76088;0.983654 0.0829649 0.159818 3.45369 -0.0912877 0.994787 0.0454458 -5.35346 -0.155214 -0.0592923 0.9861 -14.1036 0 0 0 1 
7680147070260;0.831214;2.41146;0.994975 0.100073 0.00307863 3.61111 -0.0993871 0.983512 0.151087 -4.95784 0.0120918 -0.150634 0.988516 1.56535 0 0 0 1 
7680147070261;1.06706;2.60709;0.978292 0.147299 0.145767 1.78536 -0.104557 0.958147 -0.2665 -6.9508 -0.178921 0.245474 0.952749 -20.6524 0 0 0 1 
7680147070262;1.52451;2.98469;0.983904 0.0910116 0.153786 3.88962 -0.0917836 0.995777 -0.00208674 -6.614 -0.153326 -0.0120619 0.988102 -15.9886 0 0 0 1 
7680147070263;1.15131;3.04309;0.990551 0.118986 0.0682039 2.65111 -0.116263 0.992304 -0.0426015 -8.42548 -0.072748 0.0342694 0.996761 -9.41036 0 0 0 1 
7680147070264;1.15529;2.9506;0.992578 0.116255 0.0357007 3.12475 -0.115727 0.993144 -0.0165223 -7.57523 -0.0373767 0.0122681 0.999226 -1.91388 0 0 0 1 
7680147070265;0.426203;2.74908;0.96021 0.09194 0.263711 1.00477 -0.131319 0.981996 0.13579 -8.12617 -0.246478 -0.165017 0.954996 -21.433 0 0 0 1 
7680147070266;1.20758;2.8969;0.994744 0.0952893 0.0374797 2.96695 -0.10009 0.9821 0.159565 -4.48506 -0.0216039 -0.162478 0.986476 -0.914518 0 0 0 1 
7680147070267;1.05989;3.04918;0.990222 0.0760261 0.116959 5.20369 -0.0969886 0.977842 0.185524 -5.16503 -0.100263 -0.195054 0.975654 -7.59343 0 0 0 1 
