#;prob_registration_l1 -r /home/probabilistic_point_clouds_registration/build/tester /home/point_clouds_registration_benchmark//devel/registration_pairs/gazebo_winter_local.txt /home/point_clouds_registration_benchmark//eth/gazebo_winter -s 0.2 -t 0.2 -p 0.3 -r 1000 -m 25 -i 40 
id;initial_error;final_error;transformation
38591597440000;0.538033;0.0297045;0.994157 -0.0922746 -0.0560063 -0.357923 0.0940283 0.995132 0.0295237 -0.418955 0.0530093 -0.0346173 0.997994 0.563913 0 0 0 1 
38591597440001;0.518725;0.042459;0.950493 0.255783 0.176457 0.0632689 -0.27113 0.960084 0.0687614 1.12816 -0.151825 -0.1132 0.981904 -0.0469101 0 0 0 1 
38591597440002;0.466312;0.0198554;0.985181 -0.127699 0.114509 0.0797347 0.13233 0.99063 -0.0337661 -0.297622 -0.109125 0.0484187 0.992848 -0.209379 0 0 0 1 
38591597440003;0.369171;0.0494404;0.97845 0.206481 -0.000977822 -0.143392 -0.206481 0.978451 -0.000131902 0.816634 0.000929516 0.000330961 1 0.405863 0 0 0 1 
38591597440004;0.566929;0.0467601;0.873886 0.417471 -0.249081 1.12079 -0.402449 0.908685 0.111025 1.68219 0.272686 0.00321886 0.962098 -1.6363 0 0 0 1 
38591597440005;0.214626;0.0320512;0.995158 -0.0745503 -0.0640455 0.0405563 0.0739413 0.997192 -0.0118298 -0.252064 0.0647476 0.0070369 0.997877 -0.586517 0 0 0 1 
38591597440006;0.296525;0.0205581;0.961165 -0.213013 -0.175463 0.198523 0.234818 0.965277 0.114458 -1.00233 0.144989 -0.151215 0.97781 -0.353789 0 0 0 1 
38591597440007;0.55939;0.0408292;0.990031 0.140724 -0.00594344 0.101151 -0.139974 0.987698 0.0697077 0.189025 0.0156799 -0.0681809 0.99755 -0.866437 0 0 0 1 
38591597440008;0.573696;0.0283737;0.909296 0.017076 0.415799 0.361547 -0.119009 0.9681 0.220499 0.490137 -0.398769 -0.249983 0.882322 2.47692 0 0 0 1 
38591597440009;0.226381;0.024412;0.999691 -0.0213888 0.0126567 0.0890306 0.0209213 0.999133 0.0359845 0.110289 -0.0134154 -0.0357086 0.999272 -0.24968 0 0 0 1 
38591597440010;0.405479;0.0261922;0.936879 -0.106838 0.332931 0.107001 0.219572 0.920785 -0.322403 -0.758394 -0.272113 0.375155 0.886123 1.67492 0 0 0 1 
38591597440011;0.432428;0.020363;0.934521 -0.33822 -0.110807 0.415493 0.355909 0.888119 0.290816 -1.75432 5.0292e-05 -0.31121 0.950341 -0.273829 0 0 0 1 
38591597440012;0.493861;0.0455537;0.995817 0.00474288 -0.0912503 0.37675 -0.010031 0.99829 -0.0575812 -0.204367 0.0908212 0.0582557 0.994162 0.337256 0 0 0 1 
38591597440013;0.489902;0.0521834;0.894217 0.410463 0.178594 0.309212 -0.414386 0.909951 -0.0165172 1.52244 -0.169291 -0.0592368 0.983784 0.369319 0 0 0 1 
38591597440014;0.265078;0.039371;0.952575 -0.0475044 0.300573 -0.0257547 0.0815956 0.991443 -0.101899 -0.225215 -0.29316 0.121592 0.9483 1.46456 0 0 0 1 
38591597440015;0.50504;0.0234456;0.944187 -0.322608 0.0665903 0.429804 0.298086 0.922802 0.244095 -1.68157 -0.140197 -0.210621 0.967462 0.166339 0 0 0 1 
38591597440016;0.306367;0.039865;0.959958 0.118339 -0.253922 0.313173 -0.0704966 0.979275 0.189872 0.0197461 0.271129 -0.164369 0.948405 -1.34848 0 0 0 1 
38591597440017;0.306001;0.0261378;0.992277 -0.123894 0.00609646 -0.189113 0.124009 0.989614 -0.0727013 -0.89026 0.00297415 0.0728958 0.997335 0.105882 0 0 0 1 
38591597440018;0.310987;0.0445477;0.973878 0.226354 -0.0180165 0.495192 -0.226643 0.973846 -0.0160405 1.08423 0.0139144 0.0197048 0.999709 -0.282057 0 0 0 1 
38591597440019;0.565481;0.0130654;0.987227 -0.152266 0.0468845 -0.552771 0.137045 0.961672 0.2375 -0.218137 -0.0812507 -0.228041 0.970255 -0.139227 0 0 0 1 
38591597440020;0.471158;0.0309486;0.949635 -0.312618 -0.021514 -0.00194472 0.302696 0.932919 -0.195033 -1.28139 0.0810415 0.178698 0.980561 0.286865 0 0 0 1 
38591597440021;0.264772;0.031001;0.959687 0.220777 0.173951 0.133707 -0.229452 0.97282 0.031197 1.05088 -0.162336 -0.0698529 0.98426 0.564247 0 0 0 1 
38591597440022;0.382739;0.0344522;0.994296 -0.0221382 -0.104332 -0.264497 0.0286834 0.997685 0.0616572 -0.452062 0.102725 -0.0642981 0.992629 -0.0652739 0 0 0 1 
38591597440023;0.504596;0.0357815;0.93853 0.342092 -0.0461976 0.294956 -0.344112 0.937768 -0.0466723 1.91295 0.0273564 0.0597005 0.997841 -0.615585 0 0 0 1 
38591597440024;0.223621;0.0301288;0.997873 -0.0462553 0.0459245 -0.00479456 0.0565556 0.964694 -0.257228 0.104668 -0.032405 0.259278 0.965259 0.323219 0 0 0 1 
38591597440025;0.497841;0.0402197;0.940544 -0.22495 0.254507 -0.328435 0.260066 0.95889 -0.113558 -1.30235 -0.2185 0.172995 0.96038 0.630775 0 0 0 1 
38591597440026;0.507307;0.0150988;0.914894 -0.334653 -0.225778 0.460809 0.343695 0.939081 0.00078759 -0.904584 0.21176 -0.0783193 0.974178 -0.592381 0 0 0 1 
38591597440027;0.37107;0.0256511;0.995986 0.00784381 0.0891619 -0.202149 -0.0483911 0.885203 0.462681 0.105351 -0.0752973 -0.465139 0.88203 0.377859 0 0 0 1 
38591597440028;0.144155;0.015495;0.986246 -0.154808 -0.0579047 0.0549416 0.153157 0.987684 -0.0319766 -0.595902 0.0621418 0.0226684 0.99781 -0.145099 0 0 0 1 
38591597440029;0.386592;0.017866;0.936621 -0.316375 0.150494 0.0530348 0.269438 0.925041 0.267773 -1.43411 -0.223929 -0.210253 0.951656 0.859081 0 0 0 1 
38591597440031;0.613756;0.0642853;0.948256 -0.200235 -0.246407 -0.0908226 0.174596 0.977045 -0.122065 -1.71043 0.265192 0.0727275 0.961449 -1.24592 0 0 0 1 
38591597440032;0.317715;0.0611205;0.939187 0.298461 -0.169849 0.993477 -0.315527 0.945211 -0.0837788 1.41937 0.135539 0.132276 0.981902 -0.354445 0 0 0 1 
38591597440033;0.586776;0.0609396;0.917978 -0.101371 0.383458 0.482129 0.0849002 0.9946 0.0596872 0.103162 -0.387438 -0.0222359 0.921628 1.54374 0 0 0 1 
38591597440034;0.22655;0.0377752;0.984865 -0.138509 0.104197 -0.319443 0.157194 0.967042 -0.2003 -0.95698 -0.0730195 0.213647 0.974178 0.735373 0 0 0 1 
38591597440035;0.489052;0.0610477;0.983109 -0.08823 0.160352 -0.0482603 0.104573 0.989824 -0.0965054 -1.27163 -0.150206 0.111644 0.982331 0.850615 0 0 0 1 
38591597440036;0.235684;0.0661323;0.986145 -0.163378 0.0287332 -0.151412 0.164105 0.986124 -0.0250901 -0.574389 -0.0242354 0.0294578 0.999272 0.0881863 0 0 0 1 
38591597440037;0.200232;0.0566823;0.994449 0.0954736 0.0442174 0.134889 -0.0956188 0.995417 0.00117626 0.341767 -0.0439025 -0.00539775 0.999021 -0.136067 0 0 0 1 
38591597440038;0.419626;0.0732056;0.94701 0.318031 -0.045044 0.758913 -0.320382 0.925216 -0.203302 1.08358 -0.0229808 0.20696 0.978079 0.933516 0 0 0 1 
38591597440039;0.360484;0.0409964;0.997289 -0.0162262 0.071773 -0.0863291 0.0269061 0.988253 -0.15044 -0.263555 -0.0684888 0.151964 0.98601 0.0264409 0 0 0 1 
38591597440040;0.46013;0.0666115;0.887154 0.243104 -0.392246 1.32547 -0.251756 0.967322 0.0301182 0.93251 0.386751 0.0720309 0.919367 -1.8883 0 0 0 1 
38591597440041;0.266595;0.0596211;0.997663 0.0563635 0.0386302 -0.36067 -0.0568183 0.998326 0.0107761 0.1426 -0.0379582 -0.0129458 0.999195 0.187607 0 0 0 1 
38591597440042;0.263344;0.0605624;0.968822 0.214106 -0.124672 0.579804 -0.200989 0.973418 0.109825 0.450222 0.144872 -0.0813431 0.986101 -0.666826 0 0 0 1 
38591597440043;0.518284;0.0668314;0.964168 0.263067 -0.0342811 0.964868 -0.257984 0.959869 0.109983 1.0417 0.0618383 -0.097198 0.993342 -1.21673 0 0 0 1 
38591597440044;0.328581;0.0598535;0.961165 0.252241 0.111967 0.525839 -0.242618 0.965676 -0.0927727 1.21912 -0.131525 0.0620047 0.989372 1.00501 0 0 0 1 
38591597440045;0.358212;0.0655844;0.976018 0.158376 0.14935 0.112359 -0.163103 0.986409 0.0198763 0.860146 -0.144172 -0.0437592 0.988585 0.955694 0 0 0 1 
38591597440046;0.061941;0.0715533;0.998538 -0.00460855 0.0538614 -0.0503397 0.00351288 0.999785 0.0204195 -0.0317127 -0.053944 -0.0202004 0.99834 0.165287 0 0 0 1 
38591597440047;0.281023;0.0643085;0.986379 0.158598 -0.0436343 0.478988 -0.152919 0.981873 0.111989 0.347348 0.0606046 -0.103792 0.992751 -0.83773 0 0 0 1 
38591597440048;0.595102;0.0785068;0.990494 0.0484459 -0.128746 -0.115145 -0.0074404 0.95343 0.301524 -0.850872 0.137358 -0.297699 0.944726 -1.92262 0 0 0 1 
38591597440049;0.461067;0.0555103;0.907359 0.124907 -0.401369 0.937837 -0.202523 0.966606 -0.157025 0.771733 0.368352 0.223765 0.902356 -1.5533 0 0 0 1 
38591597440050;0.266343;0.0440859;0.999652 0.0149003 -0.0217813 0.0494624 -0.0208949 0.951034 -0.308378 0.139536 0.0161199 0.308726 0.951014 0.246185 0 0 0 1 
38591597440051;0.432966;0.0671591;0.933434 0.189713 -0.304484 1.06558 -0.189099 0.981443 0.0317951 1.04917 0.304865 0.0278989 0.951987 -1.14119 0 0 0 1 
38591597440052;0.0767887;0.0551848;0.992475 -0.015599 0.121449 -0.0717449 0.0193515 0.999369 -0.0297801 -0.129297 -0.120908 0.0319063 0.992151 0.53211 0 0 0 1 
38591597440053;0.465189;0.075303;0.975808 0.213752 -0.0459212 0.929718 -0.20872 0.973317 0.0953421 1.32347 0.0650755 -0.0834509 0.994385 -0.366075 0 0 0 1 
38591597440054;0.503874;0.0695691;0.995901 0.0432383 0.0794437 -0.719239 -0.0496117 0.995553 0.080086 0.100913 -0.0756276 -0.0836991 0.993617 0.326827 0 0 0 1 
38591597440055;0.362809;0.0698412;0.993687 -0.106549 0.0351344 -0.267457 0.106829 0.994258 -0.00616988 -0.623503 -0.0342752 0.00988428 0.999364 -0.41997 0 0 0 1 
38591597440056;0.349297;0.062972;0.952047 0.273658 0.13681 0.609121 -0.303695 0.89948 0.314173 0.829623 -0.0370822 -0.340656 0.939456 -0.289865 0 0 0 1 
38591597440057;0.335627;0.0680856;0.934824 -0.00980687 -0.354977 0.49969 0.0249974 0.998956 0.038232 -0.116574 0.354231 -0.0446137 0.934093 -1.61038 0 0 0 1 
38591597440058;0.689618;0.0639479;0.905957 0.422285 -0.0302872 0.445101 -0.421435 0.906337 0.0307435 1.96972 0.0404329 -0.0150882 0.999068 -0.555894 0 0 0 1 
38591597440059;0.45308;0.0478038;0.999599 0.00608856 0.027643 -0.422764 -0.00568507 0.999876 -0.0146518 -0.380155 -0.0277288 0.0144888 0.99951 -0.430741 0 0 0 1 
38591597440060;0.265486;0.0535632;0.994958 -0.093119 0.0372609 -0.00966998 0.0907241 0.993976 0.0614951 -0.696496 -0.0427627 -0.0578045 0.997412 0.356329 0 0 0 1 
38591597440062;0.128316;0.11317;0.995601 -0.0932402 0.00918586 -0.401165 0.090175 0.980225 0.176146 -0.579948 -0.0254281 -0.174543 0.984321 -0.45424 0 0 0 1 
38591597440063;0.451456;0.121405;0.995067 -0.0570661 0.0811511 -0.434375 0.0252814 0.936854 0.348806 -0.597497 -0.0959318 -0.345033 0.933675 0.159373 0 0 0 1 
38591597440064;0.130373;0.137037;0.999114 0.0396761 0.0140501 -0.21171 -0.0390167 0.99825 -0.0444476 0.115795 -0.0157891 0.0438601 0.998913 0.10318 0 0 0 1 
38591597440065;0.480669;0.142543;0.949978 0.05716 0.307041 -0.283417 -0.045981 0.997994 -0.0435265 0.346307 -0.308913 0.0272312 0.9507 0.764936 0 0 0 1 
38591597440066;0.373674;0.134429;0.916308 0.0132287 0.400256 -0.0754608 -0.0659971 0.990777 0.118342 0.393222 -0.394999 -0.134853 0.90873 1.6111 0 0 0 1 
38591597440067;0.212733;0.150387;0.987982 0.111595 0.106952 0.0270986 -0.139255 0.942912 0.302532 0.338323 -0.0670855 -0.31379 0.94712 -0.465409 0 0 0 1 
38591597440068;0.0642751;0.106521;0.998129 -0.0528276 -0.0307832 -0.282316 0.0519298 0.998222 -0.0292679 -0.172826 0.0322746 0.0276145 0.999097 -0.0914871 0 0 0 1 
38591597440069;0.225205;0.102476;0.994365 -0.0629885 -0.0852714 -0.272306 0.0585435 0.996841 -0.053663 -0.237515 0.0883822 0.0483685 0.994912 -0.665799 0 0 0 1 
38591597440070;0.596655;0.0979176;0.980243 -0.146196 0.133228 -1.18069 0.155907 0.985592 -0.0655832 -0.0993961 -0.12172 0.0850587 0.988913 0.436649 0 0 0 1 
38591597440071;0.538974;0.141404;0.972235 0.179229 0.150455 0.00950138 -0.212882 0.944384 0.250639 1.1958 -0.0971652 -0.275709 0.956318 0.310856 0 0 0 1 
38591597440072;0.398938;0.130838;0.990444 0.0679231 -0.120033 0.160341 -0.104412 0.937901 -0.330816 0.881149 0.0901088 0.340188 0.93603 0.0915315 0 0 0 1 
38591597440073;0.454646;0.15554;0.976175 0.215359 0.0264993 -0.067915 -0.21607 0.975984 0.0277446 0.748214 -0.0198878 -0.0328093 0.999264 -0.406353 0 0 0 1 
38591597440074;0.403252;0.139463;0.993413 -0.114194 0.00949698 0.133633 0.114244 0.993441 -0.0048933 -0.433866 -0.0088759 0.00594604 0.999943 0.214082 0 0 0 1 
38591597440075;0.606683;0.137975;0.998129 -0.0610088 -0.00406585 0.120593 0.0545504 0.918558 -0.391503 -0.0372623 0.0276198 0.390549 0.920168 1.56359 0 0 0 1 
38591597440076;0.528752;0.112559;0.999801 0.000410813 -0.0199559 -0.79432 0.000690905 0.998477 0.0551694 0.20033 0.0199482 -0.0551722 0.998278 0.265048 0 0 0 1 
38591597440077;0.46683;0.156514;0.93026 0.257019 0.261837 0.424344 -0.302455 0.941172 0.150716 1.6702 -0.207697 -0.219399 0.953271 0.274181 0 0 0 1 
38591597440078;0.164495;0.101485;0.99918 -0.0370042 0.0164343 -0.466289 0.0365878 0.999019 0.024958 -0.149238 -0.0173417 -0.0243362 0.999553 0.0307436 0 0 0 1 
38591597440079;0.383028;0.173868;0.937154 0.0409642 0.346504 0.187619 -0.108676 0.977955 0.17831 0.334051 -0.331561 -0.20476 0.920946 0.523645 0 0 0 1 
38591597440080;0.593423;0.122719;0.941577 -0.334872 -0.0359518 -0.438472 0.336035 0.941255 0.0334609 -1.36808 0.0226347 -0.0435871 0.998793 0.450076 0 0 0 1 
38591597440081;0.611108;0.128836;0.942451 -0.0212188 -0.333671 0.755958 -0.0835601 0.951366 -0.296514 0.428065 0.323735 0.307331 0.894843 -1.25747 0 0 0 1 
38591597440082;0.502695;0.318122;0.991169 0.132599 0.000729334 -0.121194 -0.131419 0.981582 0.138657 0.348243 0.0176699 -0.137528 0.99034 -0.979129 0 0 0 1 
38591597440083;0.715049;0.120564;0.90198 -0.382671 0.199989 -0.635574 0.41104 0.902821 -0.126335 -2.16428 -0.13221 0.196155 0.971619 2.0128 0 0 0 1 
38591597440084;0.378082;0.132074;0.987494 -0.0226667 0.156018 -0.421833 -0.0131023 0.974388 0.224491 -0.133273 -0.15711 -0.223728 0.961905 -0.468344 0 0 0 1 
38591597440085;0.428084;0.235534;0.957914 0.285332 0.0314251 0.865623 -0.286022 0.95801 0.0201823 0.915374 -0.024347 -0.0283212 0.999302 0.0810756 0 0 0 1 
38591597440086;0.348552;0.142549;0.958748 0.196823 -0.205094 0.554884 -0.252498 0.921078 -0.296411 1.10259 0.130567 0.335969 0.932779 0.437675 0 0 0 1 
38591597440087;0.456571;0.103624;0.967411 -0.252335 -0.0210454 -1.13105 0.253151 0.965649 0.0586206 -1.36994 0.00553048 -0.0620378 0.998058 -0.685395 0 0 0 1 
38591597440088;0.581918;0.118705;0.99144 0.0216477 0.128757 -0.648611 -0.0286181 0.998209 0.0525346 0.441954 -0.127389 -0.0557697 0.990284 -0.377225 0 0 0 1 
38591597440089;0.343578;0.12112;0.973788 -0.198344 -0.111339 -0.443388 0.162056 0.948474 -0.272279 -0.524168 0.159607 0.247098 0.955755 -0.467007 0 0 0 1 
38591597440090;0.290589;0.0998312;0.991831 -0.121622 0.0384597 -0.387417 0.120067 0.991941 0.0404581 -0.227448 -0.0430703 -0.0355099 0.998441 0.324503 0 0 0 1 
38591597440091;0.344699;0.113527;0.906115 -0.416483 0.0741451 -0.814469 0.4203 0.906215 -0.0460752 -2.15961 -0.0480019 0.0729126 0.996183 0.406793 0 0 0 1 
38591597440093;0.395285;0.0761623;0.924434 -0.321202 0.205549 -0.0801157 0.330873 0.943577 -0.0135826 -0.188408 -0.189589 0.0805669 0.978553 -0.195773 0 0 0 1 
38591597440094;0.48271;0.0619913;0.901579 0.100313 0.420823 0.0313708 -0.137519 0.988744 0.0589337 0.354004 -0.410175 -0.111005 0.905226 -0.105723 0 0 0 1 
38591597440095;0.208258;0.0651337;0.965265 0.261125 -0.00877711 -0.15307 -0.260596 0.964637 0.0395563 0.154835 0.0187959 -0.035895 0.999179 0.0209196 0 0 0 1 
38591597440096;0.348707;0.0619983;0.902925 0.369894 -0.218871 -0.00454828 -0.326719 0.921579 0.209634 0.236706 0.27925 -0.117774 0.952968 -0.0426286 0 0 0 1 
38591597440097;0.0996698;0.0654304;0.996136 -0.0800132 -0.0361985 0.00471624 0.0800826 0.996788 0.000469907 -0.246188 0.0360446 -0.00336696 0.999345 0.100679 0 0 0 1 
38591597440098;0.341585;0.0731525;0.921731 -0.292986 0.254108 0.134385 0.259893 0.952948 0.156032 -0.546163 -0.287867 -0.0777785 0.954507 0.453248 0 0 0 1 
38591597440099;0.517514;0.0652824;0.868736 0.255422 0.424331 -0.671572 -0.285963 0.958202 0.00867212 0.473754 -0.40438 -0.128877 0.905466 0.521817 0 0 0 1 
38591597440100;0.554576;0.0561917;0.899539 0.243006 0.363012 -0.861316 -0.230958 0.969915 -0.0769656 -0.401267 -0.370794 -0.0146069 0.9286 0.385368 0 0 0 1 
38591597440101;0.308911;0.0638037;0.997116 0.0142835 -0.0745375 0.387829 -0.014926 0.999856 -0.00806966 -0.318022 0.0744115 0.00915893 0.997186 -0.654405 0 0 0 1 
38591597440102;0.281264;0.0663138;0.965152 0.2294 0.125924 -0.177323 -0.252267 0.943561 0.2146 0.387977 -0.0695874 -0.238888 0.96855 0.0754267 0 0 0 1 
38591597440103;0.458862;0.0751727;0.942975 -0.319131 0.094622 0.644147 0.298793 0.936819 0.181913 -0.898585 -0.146698 -0.143267 0.978751 -0.0309618 0 0 0 1 
38591597440104;0.179607;0.0525432;0.979628 0.0474653 -0.19513 0.0986144 -0.0356659 0.997341 0.0635466 -0.222927 0.197627 -0.0552926 0.978717 -0.231613 0 0 0 1 
38591597440105;0.407802;0.0836487;0.895064 -0.443596 -0.0456479 0.544391 0.442703 0.89621 -0.0286589 -0.618548 0.0536231 0.00544312 0.998546 -0.0929815 0 0 0 1 
38591597440106;0.119513;0.064968;0.998413 -0.00381781 0.0561906 -0.131811 0.00661766 0.998741 -0.0497264 -0.0259641 -0.05593 0.0500193 0.997181 -0.109901 0 0 0 1 
38591597440107;0.268114;0.0779802;0.958326 -0.284889 -0.0212176 -0.0185286 0.28294 0.956778 -0.0672336 -0.241532 0.0394547 0.0584283 0.997512 0.0975285 0 0 0 1 
38591597440108;0.407271;0.065272;0.923537 0.360447 -0.130987 -0.354416 -0.338432 0.926635 0.163743 0.275027 0.180398 -0.106892 0.977768 0.337569 0 0 0 1 
38591597440109;0.443389;0.0473765;0.975769 0.160792 0.148393 -0.735437 -0.184928 0.968537 0.166546 -0.603284 -0.116945 -0.189953 0.974803 0.104082 0 0 0 1 
38591597440110;0.432632;0.0615452;0.974141 -0.0710328 0.214485 -0.65846 0.124947 0.960293 -0.249451 0.344442 -0.18825 0.2698 0.944336 0.045192 0 0 0 1 
38591597440111;0.338245;0.0553764;0.909726 0.348968 -0.22499 0.0373076 -0.341075 0.937091 0.0743572 0.0696262 0.236784 0.0090937 0.97152 0.00182085 0 0 0 1 
38591597440112;0.277197;0.0536991;0.970629 0.138787 0.196512 -0.375946 -0.10446 0.978936 -0.175421 -0.146846 -0.216718 0.149741 0.964682 0.266334 0 0 0 1 
38591597440113;0.357829;0.0589003;0.95873 0.284246 0.00638031 -0.123891 -0.283759 0.955198 0.0841269 0.0875582 0.0178183 -0.0824654 0.996435 -0.513872 0 0 0 1 
38591597440114;0.246214;0.0690108;0.973239 0.226526 0.0386297 -0.183705 -0.220342 0.967641 -0.122962 0.350074 -0.0652337 0.111159 0.991659 -0.0290893 0 0 0 1 
38591597440115;0.388473;0.0720645;0.883083 -0.355165 0.306629 0.119816 0.375437 0.926816 -0.00772831 -0.50554 -0.281444 0.121945 0.951798 0.366531 0 0 0 1 
38591597440116;0.336493;0.0789664;0.943761 -0.297419 0.144421 0.237859 0.329058 0.887457 -0.322709 -0.121057 -0.0321881 0.352083 0.935415 -0.184524 0 0 0 1 
38591597440117;0.374866;0.0592443;0.999634 0.0233578 -0.0136477 0.802249 -0.022867 0.999123 0.0350763 -0.299333 0.014455 -0.0347514 0.999291 0.25571 0 0 0 1 
38591597440118;0.178075;0.0694579;0.986397 -0.132708 0.0970052 0.0119861 0.151466 0.963056 -0.222668 -0.102565 -0.0638716 0.234332 0.970056 -0.00750214 0 0 0 1 
38591597440119;0.473817;0.0910144;0.985792 -0.166214 0.0242409 0.986192 0.166208 0.986088 0.00228038 -0.531186 -0.0242827 0.00178105 0.999704 0.422981 0 0 0 1 
38591597440120;0.215098;0.0758936;0.970005 -0.242944 0.00827308 0.192014 0.242739 0.969877 0.0203864 -0.455224 -0.0129766 -0.0177667 0.999758 0.0387117 0 0 0 1 
38591597440121;0.418127;0.0674398;0.991978 0.0955759 0.0827321 0.0142997 -0.101685 0.99213 0.0730689 -0.113653 -0.0750973 -0.0808954 0.993889 1.08175 0 0 0 1 
38591597440122;0.192825;0.0744368;0.971351 0.236114 0.026962 -0.194202 -0.23762 0.963223 0.125453 0.0297216 0.00365086 -0.128266 0.991733 0.114521 0 0 0 1 
38591597440124;0.0779043;0.11795;0.99801 0.047192 -0.0418319 0.251093 -0.048742 0.998132 -0.0368414 0.212053 0.0400151 0.0388071 0.998445 0.173633 0 0 0 1 
38591597440125;0.14453;0.140255;0.996991 0.0624163 -0.0459593 0.420342 -0.0518937 0.977931 0.202381 -0.0166985 0.0575769 -0.199388 0.978228 -0.502801 0 0 0 1 
38591597440126;0.34028;0.145755;0.963373 -0.112681 0.24334 -0.382724 0.153091 0.976127 -0.154076 -0.0771692 -0.22017 0.185686 0.957625 0.349833 0 0 0 1 
38591597440127;0.280733;0.124333;0.981417 -0.0692589 0.178954 -0.201332 0.0710686 0.997465 -0.00371404 0.330634 -0.178243 0.016363 0.98385 0.310864 0 0 0 1 
38591597440128;0.300881;0.144166;0.92292 0.382502 -0.0437263 1.2055 -0.369431 0.911849 0.179029 0.201861 0.108351 -0.149075 0.982872 -0.470529 0 0 0 1 
38591597440129;0.231531;0.118757;0.953818 0.123886 -0.273648 0.770519 -0.0678524 0.976304 0.205491 0.0879178 0.292621 -0.177433 0.939623 -0.685249 0 0 0 1 
38591597440130;0.346361;0.1483;0.996482 -0.0831467 0.0105449 -0.0690565 0.0832825 0.996439 -0.0131636 -0.596874 -0.0094128 0.0139955 0.999858 -0.18997 0 0 0 1 
38591597440131;0.336968;0.136053;0.947418 -0.31593 0.0508656 -0.499275 0.315452 0.948782 0.017387 -0.399146 -0.0537535 -0.000427137 0.998554 0.114428 0 0 0 1 
38591597440132;0.344656;0.142576;0.89006 0.378748 -0.253658 1.37219 -0.401032 0.915159 -0.0407156 0.292155 0.216716 0.137964 0.966437 0.293276 0 0 0 1 
38591597440133;0.350181;0.147012;0.984594 0.174845 0.00180987 0.490201 -0.173135 0.976305 -0.129817 -0.285419 -0.0244649 0.127504 0.991536 0.517835 0 0 0 1 
38591597440134;0.561974;0.130315;0.921551 -0.314279 0.227975 -0.131672 0.32046 0.947205 0.0103796 -0.196194 -0.219201 0.0634915 0.973612 0.966097 0 0 0 1 
38591597440135;0.216019;0.106717;0.978426 0.00236828 -0.206585 0.396315 0.0215497 0.99331 0.11345 -0.132186 0.205472 -0.115455 0.971829 -0.539258 0 0 0 1 
38591597440136;0.499684;0.129756;0.980592 -0.195991 -0.00508495 0.0678702 0.195991 0.979261 0.0513313 -0.54758 -0.005081 -0.0513317 0.998669 -0.819468 0 0 0 1 
38591597440137;0.297035;0.112343;0.991062 0.133403 0.000800684 0.367876 -0.132881 0.987675 -0.0827095 0.791499 -0.0118245 0.0818638 0.996573 0.176786 0 0 0 1 
38591597440138;0.314957;0.129378;0.931274 0.302458 0.203098 0.99252 -0.304795 0.952199 -0.0204453 0.44088 -0.199574 -0.0428632 0.978945 -0.0584071 0 0 0 1 
38591597440139;0.155913;0.10293;0.99582 0.0248292 0.0878934 0.375799 -0.00886345 0.984068 -0.177571 0.206199 -0.090902 0.176049 0.980175 0.63476 0 0 0 1 
38591597440140;0.442404;0.132033;0.985861 -0.0341059 0.164056 0.112139 -0.0111439 0.963554 0.267281 -0.123718 -0.167193 -0.265331 0.949551 0.208288 0 0 0 1 
38591597440141;0.257242;0.143387;0.969522 0.208134 -0.129258 1.03586 -0.151931 0.924626 0.349263 -0.182353 0.192208 -0.31898 0.928067 -1.01328 0 0 0 1 
38591597440142;0.222719;0.126157;0.974703 0.152915 0.163004 0.515728 -0.15052 0.988238 -0.0270153 0.262408 -0.165218 0.00179651 0.986255 0.349505 0 0 0 1 
38591597440143;0.482302;0.173647;0.93175 0.220032 -0.288839 1.14532 -0.143707 0.95399 0.263156 -0.595322 0.333452 -0.203687 0.9205 -0.707158 0 0 0 1 
38591597440144;0.255934;0.106997;0.992757 0.117763 -0.0237851 0.561087 -0.118087 0.992922 -0.0127273 0.448858 0.0221179 0.0154439 0.999636 -0.468228 0 0 0 1 
38591597440145;0.370694;0.149897;0.931462 -0.285305 -0.225787 -0.159914 0.259066 0.955805 -0.139006 -0.17925 0.255468 0.0709854 0.964208 -0.0970993 0 0 0 1 
38591597440146;0.299941;0.11762;0.993303 0.0900412 -0.0723958 0.435585 -0.0980707 0.988358 -0.116319 -0.0313883 0.0610795 0.12264 0.99057 0.797012 0 0 0 1 
38591597440147;0.410512;0.150827;0.993245 -0.114698 0.0175603 -0.358193 0.115294 0.992609 -0.0378789 0.308175 -0.0130858 0.0396476 0.999128 -0.531489 0 0 0 1 
38591597440148;0.471802;0.122491;0.91159 -0.374762 -0.16899 -0.320669 0.383165 0.923485 0.0189512 -0.550538 0.148958 -0.0820269 0.985436 -0.18609 0 0 0 1 
38591597440149;0.337741;0.106723;0.999094 0.0392437 -0.0164565 0.377629 -0.0397266 0.998756 -0.0301231 0.372587 0.0152539 0.0307496 0.999411 -0.635019 0 0 0 1 
38591597440150;0.131256;0.126478;0.999742 -0.0175433 -0.0144488 0.0789062 0.0171221 0.999439 -0.0287761 0.185328 0.0149455 0.0285213 0.999481 -0.168552 0 0 0 1 
38591597440151;0.387023;0.16294;0.975153 -0.192333 -0.109934 -0.137438 0.191288 0.981329 -0.020068 -0.501536 0.111741 -0.00145966 0.993736 0.255621 0 0 0 1 
38591597440152;0.263342;0.131974;0.971311 -0.236975 -0.0199621 -0.259114 0.237211 0.971402 0.0104262 -0.230083 0.0169205 -0.0148623 0.999746 -0.0144272 0 0 0 1 
38591597440153;0.441403;0.122146;0.984334 0.166616 -0.0576756 0.68241 -0.158075 0.978844 0.129914 0.649064 0.0781011 -0.118761 0.989846 0.293076 0 0 0 1 
38591597440155;0.258376;0.0170078;0.999038 0.0382413 0.0214774 -0.580604 -0.0392709 0.997989 0.0497588 0.221517 -0.0195314 -0.0505544 0.99853 0.541219 0 0 0 1 
38591597440156;0.221561;0.022158;0.999659 0.00803615 -0.0248559 0.0718762 -0.00981989 0.99732 -0.0724946 -0.0372244 0.0242068 0.072714 0.997059 -0.676078 0 0 0 1 
38591597440157;0.430412;0.0198249;0.907052 -0.420037 -0.0287354 0.847724 0.408824 0.895034 -0.178261 0.120565 0.100595 0.149945 0.983563 -0.363221 0 0 0 1 
38591597440158;0.209175;0.0191838;0.98869 0.0345265 0.145947 -0.0839123 -0.0417145 0.998048 0.0464799 0.160085 -0.144057 -0.0520423 0.9882 0.669804 0 0 0 1 
38591597440159;0.222826;0.0193201;0.962287 -0.22503 -0.152858 0.00573405 0.215647 0.973538 -0.0756309 -0.268952 0.165832 0.0398152 0.98535 -0.202415 0 0 0 1 
38591597440160;0.348174;0.0211232;0.998028 0.0392119 -0.0490153 -0.232535 -0.042377 0.996966 -0.0652965 0.880189 0.0463062 0.0672449 0.996661 -0.530724 0 0 0 1 
38591597440161;0.528254;0.0198627;0.884022 -0.467437 -0.0027117 1.21435 0.467033 0.883471 -0.0368575 -0.538381 0.0196243 0.0313164 0.999317 0.20856 0 0 0 1 
38591597440162;0.274646;0.0259611;0.997008 -0.0762362 -0.0127464 -0.694694 0.0764099 0.996982 0.0137445 -0.0750893 0.0116601 -0.0146773 0.999824 -0.0980081 0 0 0 1 
38591597440163;0.298037;0.02136;0.961763 -0.270442 -0.0432716 0.596409 0.272589 0.960534 0.0554113 -0.196961 0.0265783 -0.0650879 0.997526 -0.242437 0 0 0 1 
38591597440164;0.263298;0.0171762;0.976313 0.179995 -0.120062 -0.238691 -0.174515 0.98313 0.0547798 0.0674556 0.127896 -0.0325297 0.991254 0.561386 0 0 0 1 
38591597440165;0.352749;0.0171899;0.978205 0.204377 -0.0366659 -0.556591 -0.207539 0.956852 -0.203376 0.594804 -0.00648169 0.206553 0.978414 -0.406835 0 0 0 1 
38591597440166;0.206209;0.0266017;0.982197 -0.18653 0.02227 0.366989 0.187349 0.981338 -0.0433127 0.15427 -0.0137753 0.0467138 0.998813 -0.161972 0 0 0 1 
38591597440167;0.319448;0.0199688;0.999961 -0.00656646 0.00589443 0.366535 0.00654209 0.99997 0.0041451 -0.519968 -0.00592148 -0.00410638 0.999974 -0.724321 0 0 0 1 
38591597440168;0.116047;0.0178455;0.9998 0.0104868 -0.0170181 0.00920996 -0.0125765 0.991728 -0.127741 0.103375 0.0155378 0.12793 0.991662 -0.19346 0 0 0 1 
38591597440169;0.218803;0.0218819;0.997917 -0.0249404 0.0594969 0.014284 0.00944902 0.968809 0.247629 -0.246579 -0.0638171 -0.246551 0.967026 0.506029 0 0 0 1 
38591597440170;0.167043;0.0193334;0.999538 0.00579389 -0.0298465 0.0912154 -0.00552957 0.999945 0.00893113 -0.113529 0.0298966 -0.00876196 0.999515 -0.465554 0 0 0 1 
38591597440171;0.339075;0.0231451;0.963043 -0.253121 0.0920804 0.474474 0.253806 0.967245 0.00439487 0.0320335 -0.0901768 0.0191381 0.995742 0.707562 0 0 0 1 
38591597440172;0.374586;0.0121705;0.97543 -0.0894232 -0.201343 1.06286 0.0528936 0.982244 -0.179998 0.0847779 0.213864 0.164926 0.96284 -0.0126666 0 0 0 1 
38591597440173;0.118391;0.0194881;0.998079 0.0262693 0.0561104 -0.295273 -0.0246355 0.999258 -0.0296134 -0.0117136 -0.0568467 0.0281742 0.997985 0.202889 0 0 0 1 
38591597440174;0.158802;0.0158412;0.993894 -0.0382423 0.103498 -0.10263 0.0164602 0.978908 0.203637 -0.0930738 -0.109103 -0.20069 0.973561 0.221766 0 0 0 1 
38591597440175;0.263758;0.0214578;0.965482 0.178567 0.189627 -0.515485 -0.193933 0.978814 0.0656801 0.0854783 -0.173882 -0.100188 0.979657 0.385367 0 0 0 1 
38591597440176;0.174741;0.0116053;0.998569 -0.0533779 0.00318438 0.0873326 0.0519232 0.982143 0.18083 -0.354515 -0.0127799 -0.180406 0.983509 0.171062 0 0 0 1 
38591597440177;0.253101;0.0215322;0.993007 0.116756 0.0174886 -0.558119 -0.116314 0.99291 -0.0245058 -0.342685 -0.0202258 0.0223002 0.999547 -0.182008 0 0 0 1 
38591597440178;0.247175;0.020247;0.99691 0.0754338 0.0219271 -0.323042 -0.0744548 0.996319 -0.0424796 -0.595827 -0.0250508 0.0407158 0.998857 -0.127822 0 0 0 1 
38591597440179;0.388374;0.305244;0.991682 -0.127078 0.020446 -0.0347594 0.127494 0.991627 -0.0205032 0.0578304 -0.0176693 0.0229394 0.999581 0.0567828 0 0 0 1 
38591597440180;0.287474;0.023756;0.905847 0.284026 -0.314278 0.0170037 -0.267629 0.958814 0.0951307 0.200757 0.328354 -0.00206405 0.944553 -0.322435 0 0 0 1 
38591597440181;0.269146;0.0151078;0.998955 -0.0367976 0.0270987 0.24918 0.0338212 0.994094 0.103119 -0.760735 -0.0307331 -0.102095 0.9943 -0.105005 0 0 0 1 
38591597440182;0.36237;0.021576;0.952054 0.283208 0.115698 -0.698217 -0.298194 0.943567 0.14409 0.0677767 -0.0683616 -0.171683 0.982778 -0.123847 0 0 0 1 
38591597440183;0.418551;0.016738;0.934383 -0.355806 0.0181723 0.906574 0.353934 0.921216 -0.161527 -0.489412 0.0407318 0.15736 0.986701 -0.0990686 0 0 0 1 
38591597440184;0.369769;0.0198849;0.999504 -0.0287993 0.0127804 -0.778099 0.0303377 0.989172 -0.143593 -0.0959332 -0.00850663 0.14391 0.989554 -0.672605 0 0 0 1 
38591597440186;0.226268;0.156672;0.999518 0.0305336 -0.00566388 0.0162454 -0.0304487 0.999431 0.0145153 -0.245092 0.00610386 -0.0143359 0.999879 0.0196351 0 0 0 1 
38591597440187;0.539163;0.239757;0.976037 -0.206253 0.0693621 0.291883 0.205441 0.97849 0.0187188 -1.16936 -0.071731 -0.00402038 0.997416 0.70504 0 0 0 1 
38591597440188;0.243538;0.204621;0.963311 0.227001 0.14319 0.0287486 -0.246399 0.959502 0.13654 0.616716 -0.106396 -0.166812 0.980231 0.403877 0 0 0 1 
38591597440189;0.327282;0.224633;0.996153 0.0425966 -0.0765847 0.359626 -0.0385954 0.997849 0.052989 -0.14447 0.0786771 -0.0498293 0.995654 -0.651383 0 0 0 1 
38591597440190;0.477387;0.194597;0.941807 0.153651 0.298982 0.0903067 -0.224636 0.949346 0.219731 0.425234 -0.250076 -0.274106 0.928616 1.32807 0 0 0 1 
38591597440191;0.452785;0.274556;0.988749 0.0758559 0.12892 0.103663 -0.124547 0.894819 0.428704 -0.147703 -0.0828406 -0.439937 0.894199 0.877411 0 0 0 1 
38591597440192;0.627235;0.309167;0.95303 -0.302872 -0.00179869 0.584433 0.301683 0.94873 0.0943323 -1.17563 -0.0268641 -0.0904441 0.995539 0.773207 0 0 0 1 
38591597440193;0.3706;0.159813;0.999272 0.0371153 -0.00878348 0.0255272 -0.0379865 0.989157 -0.141864 0.224727 0.0034229 0.142095 0.989847 -0.552459 0 0 0 1 
38591597440194;0.358294;0.162649;0.977228 0.192833 0.0885473 0.417757 -0.193486 0.981102 -0.00123574 0.128634 -0.0871123 -0.015925 0.996071 0.127287 0 0 0 1 
38591597440195;0.380792;0.200282;0.918426 0.323087 -0.228274 0.314028 -0.325447 0.945136 0.0283121 0.824132 0.224897 0.0482884 0.973185 -0.355367 0 0 0 1 
38591597440196;0.614704;0.413985;0.968028 -0.207539 -0.140887 0.0932872 0.239551 0.93148 0.273788 -0.784102 0.0744117 -0.298784 0.951415 -0.107139 0 0 0 1 
38591597440197;0.540834;0.168827;0.937578 0.329971 -0.109852 0.80432 -0.334268 0.942203 -0.0227862 0.939475 0.0959836 0.0580837 0.993687 -0.0235194 0 0 0 1 
38591597440198;0.653732;0.181325;0.964357 0.258335 -0.0572614 0.264237 -0.264167 0.927497 -0.264508 0.357344 -0.0152219 0.270207 0.962682 0.459222 0 0 0 1 
38591597440199;0.0659977;0.154978;0.999788 0.0205762 9.56757e-05 0.0831979 -0.0205754 0.999774 -0.00532511 -0.0341891 -0.000205225 0.00532202 0.999986 -0.047582 0 0 0 1 
38591597440200;0.599375;0.188251;0.993755 0.10813 -0.0275395 0.699093 -0.108064 0.994136 0.00385222 0.695495 0.0277945 -0.000852131 0.999613 0.0641528 0 0 0 1 
38591597440201;0.617035;0.168481;0.994245 0.096043 0.0474635 0.602704 -0.081923 0.967099 -0.24085 0.228225 -0.0690339 0.235576 0.969401 -0.582021 0 0 0 1 
38591597440202;0.728849;0.3042;0.909912 0.0339151 -0.413412 0.710908 0.081304 0.962737 0.257929 -0.849718 0.406755 -0.268304 0.873249 -0.0941822 0 0 0 1 
38591597440203;0.628996;0.16067;0.946966 0.317917 -0.0467445 0.942005 -0.316368 0.947889 0.0376624 0.923432 0.0562821 -0.0208765 0.998197 0.056919 0 0 0 1 
38591597440204;0.361491;0.260939;0.985133 -0.167516 -0.0380964 0.140465 0.168923 0.984923 0.0373111 -0.690817 0.0312718 -0.0431918 0.998577 0.220202 0 0 0 1 
38591597440205;0.426394;0.203492;0.975067 0.184277 0.123636 -0.174833 -0.206538 0.957374 0.201934 0.316163 -0.0811536 -0.222435 0.971564 0.651294 0 0 0 1 
38591597440206;0.39785;0.214319;0.975741 0.152678 0.156905 0.197795 -0.199122 0.916794 0.346179 0.258695 -0.0909961 -0.369025 0.924954 0.786698 0 0 0 1 
38591597440207;0.654746;0.196996;0.984073 0.175987 0.0250786 -0.351839 -0.177134 0.982647 0.0550391 -0.142005 -0.0149573 -0.0586047 0.998169 0.402607 0 0 0 1 
38591597440208;0.405729;0.209552;0.966614 0.0291206 0.254578 0.0113212 -0.0774 0.980294 0.181748 -0.393071 -0.244269 -0.195384 0.94982 0.545975 0 0 0 1 
38591597440209;0.302589;0.181408;0.933349 0.358665 -0.0148325 0.0804683 -0.358172 0.933231 0.0281505 0.997279 0.0239387 -0.0209617 0.999494 -0.00385039 0 0 0 1 
38591597440210;0.290612;0.170638;0.99156 0.120227 -0.0485126 0.0899858 -0.127779 0.969551 -0.208908 0.443936 0.021919 0.213344 0.976731 -0.00378262 0 0 0 1 
38591597440211;0.669792;0.17461;0.978129 0.183363 0.0981963 -0.101641 -0.194963 0.972732 0.125622 -0.352964 -0.0724842 -0.142019 0.987206 0.492664 0 0 0 1 
38591597440212;0.674895;0.195455;0.917691 0.165394 0.361231 0.906876 -0.273795 0.922124 0.273356 0.609706 -0.287888 -0.34976 0.891509 1.12079 0 0 0 1 
38591597440213;0.74739;0.209718;0.984007 0.115306 -0.135772 0.251914 -0.0812 0.96878 0.234249 -0.955555 0.158543 -0.219478 0.962649 -0.0684233 0 0 0 1 
38591597440214;0.177349;0.187548;0.998189 0.0425889 -0.0424818 0.257208 -0.0495374 0.982625 -0.178871 0.0289474 0.0341258 0.180652 0.982955 -0.305921 0 0 0 1 
38591597440215;0.720627;0.203462;0.987083 0.100114 -0.125075 0.203089 -0.1083 0.992279 -0.0604443 0.527093 0.118058 0.0732092 0.990304 -1.33363 0 0 0 1 
38591597440217;0.284412;0.0703129;0.999902 -0.0103018 -0.00944829 0.179677 0.0104678 0.999789 0.0176987 -0.0511836 0.00926397 -0.0177959 0.999799 0.628383 0 0 0 1 
38591597440218;0.175507;0.0507844;0.980423 0.193085 -0.0385853 -0.19932 -0.194333 0.980423 -0.0317021 0.171388 0.0317087 0.0385798 0.998752 -0.0130356 0 0 0 1 
38591597440219;0.263573;0.0584212;0.983449 0.181181 -0.000813051 -0.191367 -0.181169 0.983421 0.00786685 0.263528 0.00222489 -0.00758935 0.999969 0.423987 0 0 0 1 
38591597440220;0.260161;0.0532327;0.998495 0.0349951 -0.0422205 -0.00403813 -0.0333876 0.998712 0.0381974 0.45227 0.0435029 -0.0367302 0.998378 0.232242 0 0 0 1 
38591597440221;0.443483;0.0809074;0.994296 -0.0841443 -0.0655321 0.850518 0.0958487 0.974466 0.203048 -0.0266463 0.0467735 -0.208171 0.976973 0.401449 0 0 0 1 
38591597440222;0.400675;0.0620594;0.99534 0.0937605 0.0225108 -0.268929 -0.094458 0.995007 0.0322311 0.222289 -0.0193764 -0.0342072 0.999227 -0.817196 0 0 0 1 
38591597440223;0.500048;0.0600022;0.899021 0.43262 0.0678321 -0.506269 -0.436526 0.897656 0.0604836 0.898437 -0.0347235 -0.0839865 0.995862 0.425698 0 0 0 1 
38591597440224;0.319063;0.0596381;0.999532 0.025614 -0.0167469 0.126704 -0.0254974 0.999649 0.00714071 0.0618544 0.0169239 -0.00671036 0.999834 -0.725528 0 0 0 1 
38591597440225;0.246702;0.0808506;0.988209 -0.0935423 0.121216 0.0699278 0.0708358 0.981171 0.179683 0.0231316 -0.135741 -0.168978 0.976228 -0.0368996 0 0 0 1 
38591597440226;0.422905;0.0499996;0.885066 0.406032 0.227586 -0.311022 -0.359725 0.906959 -0.21914 0.484451 -0.295389 0.112085 0.948779 0.32264 0 0 0 1 
38591597440227;0.114525;0.0586369;0.998994 0.00584615 0.0444564 -0.12726 -0.0103055 0.994858 0.100751 -0.357125 -0.0436388 -0.101108 0.993918 0.0613394 0 0 0 1 
38591597440228;0.227089;0.0698363;0.964404 -0.262371 0.032949 0.0541338 0.2634 0.964152 -0.0321141 -0.238334 -0.023342 0.0396498 0.998941 0.100258 0 0 0 1 
38591597440229;0.366377;0.0613004;0.962157 0.271515 0.0230959 -0.563298 -0.270314 0.961723 -0.0449465 0.510644 -0.0344155 0.0370025 0.998722 -0.196295 0 0 0 1 
38591597440230;0.40791;0.0530158;0.999915 0.011964 0.00516978 -0.107151 -0.0123374 0.996756 0.0795305 -0.123905 -0.00420151 -0.0795875 0.996819 1.01782 0 0 0 1 
38591597440231;0.122929;0.0589819;0.997099 0.0633089 -0.0422474 0.0493768 -0.0588243 0.993241 0.100061 -0.308276 0.0482966 -0.0972857 0.994084 0.0797181 0 0 0 1 
38591597440232;0.235296;0.0748642;0.966642 -0.254872 0.0253807 0.2021 0.254246 0.966805 0.0254448 -0.395194 -0.0310234 -0.018143 0.999354 0.00405942 0 0 0 1 
38591597440233;0.450082;0.0677667;0.90652 0.0025174 -0.422156 0.608985 0.118063 0.95857 0.259239 -0.527862 0.405318 -0.284846 0.868665 -0.365529 0 0 0 1 
38591597440234;0.442338;0.0772978;0.893159 -0.445913 -0.058554 0.453882 0.436927 0.891183 -0.122017 -0.0886524 0.106591 0.0833969 0.990799 -0.210262 0 0 0 1 
38591597440235;0.600621;0.0623991;0.905917 0.422384 -0.0300882 -0.628849 -0.420158 0.905442 0.0603506 1.05879 0.0527343 -0.0420309 0.997724 0.567059 0 0 0 1 
38591597440236;0.098733;0.0491489;0.995498 0.0594452 -0.0738258 0.113611 -0.0583882 0.998159 0.0163964 -0.0665703 0.0746646 -0.0120121 0.997136 -0.135254 0 0 0 1 
38591597440237;0.391996;0.0703151;0.993286 -0.111755 -0.0299129 0.432986 0.114014 0.989452 0.0893579 0.200928 0.0196112 -0.0921684 0.99555 0.631897 0 0 0 1 
38591597440238;0.352561;0.057237;0.920229 0.219944 0.323733 -0.372202 -0.264921 0.958906 0.101571 0.0408924 -0.288089 -0.179232 0.940681 0.576515 0 0 0 1 
38591597440239;0.273596;0.0724571;0.951666 -0.294941 0.0856854 0.215529 0.296653 0.954954 -0.00769929 -0.427822 -0.0795548 0.032746 0.996292 -0.046207 0 0 0 1 
38591597440240;0.59112;0.0737525;0.911633 -0.390143 -0.129283 0.933946 0.403403 0.909572 0.0997216 -0.958444 0.0786867 -0.143063 0.986581 0.620197 0 0 0 1 
38591597440241;0.457943;0.0580069;0.923353 0.383946 -0.00206571 -0.129857 -0.383641 0.922375 -0.0452169 0.407905 -0.0154555 0.0425437 0.998975 -0.634478 0 0 0 1 
38591597440242;0.307705;0.0526994;0.981732 0.189279 0.019368 0.19647 -0.189659 0.981644 0.0201275 -0.457909 -0.0152027 -0.0234332 0.99961 0.0165771 0 0 0 1 
38591597440243;0.105317;0.0634224;0.998377 -0.0568479 -0.00354421 0.0620764 0.0568917 0.998284 0.0138346 -0.196642 0.00275166 -0.0140137 0.999898 -0.156566 0 0 0 1 
38591597440244;0.562292;0.0672592;0.915035 -0.381668 -0.130541 0.865533 0.350732 0.912653 -0.209883 -0.145163 0.199245 0.146265 0.968973 -0.948148 0 0 0 1 
38591597440245;0.374359;0.0564318;0.992744 -0.109215 -0.0503116 -0.559741 0.112243 0.99175 0.0619179 0.203857 0.0431341 -0.0671157 0.996812 0.325922 0 0 0 1 
38591597440246;0.451519;0.0642707;0.878413 0.477758 -0.0117927 -0.0815541 -0.477887 0.878318 -0.0134621 0.681758 0.00392612 0.0174609 0.99984 -0.273851 0 0 0 1 
38591597440248;0.275634;0.0265697;0.953018 0.302898 0.00326889 -0.35082 -0.302819 0.952931 -0.014925 0.37672 -0.00763578 0.0132339 0.999883 0.0550304 0 0 0 1 
38591597440249;0.256114;0.0270834;0.957146 -0.184661 -0.223098 0.614185 0.173189 0.98239 -0.0701133 -0.101304 0.232116 0.0284706 0.972271 -0.331186 0 0 0 1 
38591597440250;0.238063;0.0323669;0.920835 -0.0204476 -0.389416 0.305215 -0.0341923 0.990544 -0.132865 0.250614 0.38845 0.135662 0.911429 -0.476193 0 0 0 1 
38591597440251;0.292932;0.0293143;0.999986 -0.00504408 0.00183533 0.00897594 0.00501883 0.999896 0.0135144 -0.072199 -0.00190331 -0.013505 0.999907 0.898621 0 0 0 1 
38591597440252;0.40515;0.0255141;0.995461 -0.00595462 0.0949788 -0.167004 0.0508026 0.877182 -0.477462 0.451818 -0.0804706 0.48012 0.873504 -0.277039 0 0 0 1 
38591597440253;0.264249;0.0339861;0.999691 -0.0202993 0.0143374 -0.608933 0.0199702 0.999542 0.0227337 -0.0455546 -0.0147923 -0.0224404 0.999639 -0.267482 0 0 0 1 
38591597440254;0.377732;0.0273734;0.908858 -0.390236 0.147282 0.589452 0.348494 0.904467 0.245952 -0.563467 -0.229191 -0.172208 0.958027 0.291226 0 0 0 1 
38591597440255;0.159826;0.0263213;0.978013 0.0787652 0.193098 0.137632 -0.0682287 0.995826 -0.0606317 0.0687337 -0.197068 0.0461237 0.979304 0.416264 0 0 0 1 
38591597440256;0.0516293;0.0256808;0.999322 0.023896 0.0279919 -0.0289014 -0.0234039 0.999568 -0.0177777 0.0776295 -0.0284046 0.0171105 0.99945 0.0819275 0 0 0 1 
38591597440257;0.294004;0.0329521;0.985631 -0.129468 -0.10849 0.167045 0.121748 0.989722 -0.0750138 0.437286 0.117087 0.0607274 0.991263 0.31711 0 0 0 1 
38591597440258;0.456161;0.0247045;0.970574 0.163101 0.177157 -0.564474 -0.225281 0.87488 0.428759 -0.330785 -0.0850598 -0.456052 0.885879 0.593911 0 0 0 1 
