#;prob_registration_l1 -r /home/probabilistic_point_clouds_registration/build/tester /home/point_clouds_registration_benchmark//devel/registration_pairs/gazebo_summer_local.txt /home/point_clouds_registration_benchmark//eth/gazebo_summer -s 0.2 -t 0.2 -p 0.3 -r 1000 -m 25 -i 40 
id;initial_error;final_error;transformation
36535719080000;0.0805842;0.170412;0.998198 -0.0221714 0.055762 -0.397161 0.0164474 0.994741 0.101091 -0.144948 -0.0577101 -0.0999922 0.993313 -0.00207865 0 0 0 1 
36535719080001;0.11249;0.161796;0.983405 -0.0017583 0.181416 -0.521441 0.0132876 0.997966 -0.062356 0.015928 -0.180937 0.0637318 0.981428 0.17622 0 0 0 1 
36535719080002;0.259114;0.16727;0.988037 0.0199521 0.15292 -0.153655 -0.0492085 0.980549 0.190006 -0.47541 -0.146155 -0.195258 0.969801 0.0691582 0 0 0 1 
36535719080003;0.441289;0.902464;0.967132 -0.135715 0.215029 -1.95224 0.151416 0.986753 -0.0582352 -1.22655 -0.204277 0.0888799 0.97487 -0.192051 0 0 0 1 
36535719080004;0.424931;0.820349;0.939686 -0.0531273 0.337888 -1.8654 0.0841067 0.993422 -0.0777061 -0.829454 -0.331538 0.101438 0.937973 -0.16294 0 0 0 1 
36535719080005;0.508351;0.241657;0.983238 -0.104026 0.149736 -0.0454686 0.152914 0.917761 -0.366514 0.697984 -0.0992951 0.383268 0.918284 -0.436906 0 0 0 1 
36535719080006;0.482532;0.39618;0.985548 0.0901808 -0.143393 -0.99983 -0.109847 0.984636 -0.135738 0.500311 0.128949 0.149528 0.980313 -1.49157 0 0 0 1 
36535719080007;0.407429;0.407197;0.968357 -0.247659 0.0308338 -1.00801 0.247371 0.936104 -0.250035 -0.759091 0.0330597 0.24975 0.967746 -1.25766 0 0 0 1 
36535719080008;0.494873;0.489566;0.985693 0.0316711 0.165551 -1.42184 0.02255 0.94858 -0.315733 0.456386 -0.167038 0.314949 0.934294 -0.733847 0 0 0 1 
36535719080009;0.260051;0.166945;0.984222 -0.0974031 0.147713 -0.508595 0.0903448 0.994457 0.053779 -0.81687 -0.152132 -0.0395854 0.987567 -0.323201 0 0 0 1 
36535719080010;0.367096;0.30134;0.978934 -0.134487 0.153625 -0.146773 0.142047 0.98908 -0.0392937 -0.214734 -0.146663 0.0602879 0.987348 0.666119 0 0 0 1 
36535719080011;0.379627;0.376838;0.96754 -0.172398 0.184784 -0.845565 0.162104 0.984319 0.069553 0.251282 -0.193877 -0.0373412 0.980315 -0.294149 0 0 0 1 
36535719080012;0.1676;0.167125;0.998668 0.0225937 0.0463773 -0.625281 -0.0233831 0.99959 0.0165483 0.213613 -0.0459844 -0.0176107 0.998787 -0.551079 0 0 0 1 
36535719080013;0.445602;0.628926;0.957246 -0.127673 0.259576 -0.766568 0.126697 0.991728 0.0205608 -0.688119 -0.260054 0.0132056 0.965504 0.214904 0 0 0 1 
36535719080014;0.45281;0.524262;0.995956 0.0898405 -0.000730335 -1.53198 -0.0898385 0.995782 -0.0186162 0.395353 -0.000945232 0.0186065 0.999826 -0.118175 0 0 0 1 
36535719080015;0.366192;0.487218;0.998006 0.049724 0.0388768 -1.53435 -0.0508874 0.998268 0.0295321 0.0408554 -0.037341 -0.0314515 0.998808 0.036463 0 0 0 1 
36535719080016;0.0775968;0.158836;0.989148 -0.00686345 0.146762 -0.51842 -0.000406822 0.998776 0.0494504 -0.0249187 -0.146922 -0.0489735 0.987935 0.133466 0 0 0 1 
36535719080017;0.294515;0.167844;0.949121 0.0645137 0.308233 -0.578621 0.0215577 0.963184 -0.267977 0.16098 -0.314173 0.260988 0.912787 0.17224 0 0 0 1 
36535719080018;0.425335;0.514316;0.999783 0.0201205 -0.00541853 -1.11627 -0.0204975 0.996415 -0.0820788 -0.0956719 0.00374764 0.082172 0.996611 -0.68889 0 0 0 1 
36535719080019;0.389784;0.519804;0.994309 0.035843 -0.100327 -1.0979 -0.0439641 0.99583 -0.0799416 0.0657239 0.0970429 0.0838974 0.991738 -0.679401 0 0 0 1 
36535719080020;0.317608;0.172083;0.983485 0.178415 -0.0304165 -0.574787 -0.175963 0.981905 0.0700032 0.849506 0.0423557 -0.0634949 0.997083 -0.0491525 0 0 0 1 
36535719080021;0.423824;0.619677;0.93668 -0.16429 0.309256 -1.27615 0.265136 0.909627 -0.319816 -0.449944 -0.228765 0.38156 0.895588 -0.0637825 0 0 0 1 
36535719080022;0.154215;0.148147;0.999104 0.00635501 0.0418459 -0.733778 -0.00709468 0.999821 0.0175512 -0.082557 -0.0417269 -0.0178324 0.99897 -0.374213 0 0 0 1 
36535719080023;0.35143;0.192644;0.979511 -0.00203797 -0.201382 -0.501402 0.0237959 0.994115 0.105682 0.195675 0.199981 -0.108308 0.973795 0.265344 0 0 0 1 
36535719080024;0.34005;0.214762;0.969761 -0.220735 -0.104109 -0.183874 0.172086 0.92094 -0.34965 -0.294835 0.173058 0.321162 0.931078 -1.14399 0 0 0 1 
36535719080025;0.273677;0.186435;0.996132 0.0647274 -0.0594336 -0.576295 -0.052465 0.980641 0.188652 0.457393 0.070494 -0.184805 0.980244 -0.0238927 0 0 0 1 
36535719080026;0.254446;0.226886;0.996181 -0.0239018 0.0839796 -0.097386 0.0229322 0.999659 0.0124914 0.427103 -0.0842495 -0.0105179 0.996389 -0.10892 0 0 0 1 
36535719080027;0.274443;0.176497;0.96483 0.226606 0.133243 -0.96524 -0.228718 0.973493 0.000559168 0.447308 -0.129584 -0.0310144 0.991083 0.0196235 0 0 0 1 
36535719080028;0.110223;0.168819;0.987744 -0.0276745 0.153612 -0.590117 0.0365415 0.997806 -0.0552037 -0.184249 -0.151747 0.0601403 0.986588 0.00275062 0 0 0 1 
36535719080029;0.464721;0.865032;0.964556 -0.0906751 0.247811 -1.91783 0.0967512 0.995231 -0.0124256 -1.08208 -0.245503 0.0359612 0.968729 -0.401409 0 0 0 1 
36535719080031;0.562593;1.671;0.978239 0.125677 0.165085 -2.69211 -0.115238 0.990769 -0.0713972 0.755506 -0.172534 0.0508194 0.983692 -0.172071 0 0 0 1 
36535719080032;0.49885;1.18002;0.999411 0.0338054 -0.00597741 -2.01359 -0.0331446 0.995525 0.0884985 0.481064 0.00894239 -0.0882482 0.996058 -0.483974 0 0 0 1 
36535719080033;0.471869;1.69143;0.947723 0.272478 0.166063 -2.91595 -0.311693 0.901933 0.298938 0.891102 -0.0683236 -0.335071 0.939712 0.515693 0 0 0 1 
36535719080034;0.28376;1.77793;0.911322 0.394686 -0.117116 -2.95521 -0.371925 0.911254 0.176882 1.03976 0.176536 -0.117638 0.977239 -1.21711 0 0 0 1 
36535719080035;0.587922;1.7349;0.988816 -0.0669286 0.133282 -3.12415 0.0774679 0.99413 -0.0755226 -0.0640004 -0.127445 0.085003 0.988196 -0.794133 0 0 0 1 
36535719080036;0.406933;1.71226;0.965127 0.233556 0.118244 -3.19002 -0.229752 0.972207 -0.0450343 0.741549 -0.125476 0.0162969 0.991963 0.444348 0 0 0 1 
36535719080037;0.0919718;1.72353;0.931268 0.306413 0.197109 -3.06898 -0.299344 0.951897 -0.0654645 0.505323 -0.207686 0.00196161 0.978194 0.108147 0 0 0 1 
36535719080038;0.581548;1.64752;0.982007 0.0749288 0.173344 -3.69305 -0.0799356 0.996556 0.0220748 0.391761 -0.171093 -0.035534 0.984614 0.674737 0 0 0 1 
36535719080039;0.434512;1.69855;0.917727 0.357534 0.173049 -3.38977 -0.342509 0.932925 -0.111079 1.45816 -0.201157 0.0426694 0.978629 -0.46 0 0 0 1 
36535719080040;0.566995;1.72555;0.924741 0.0899863 0.369806 -2.36631 -0.128412 0.988441 0.0805868 0.458945 -0.358279 -0.122009 0.925608 0.44602 0 0 0 1 
36535719080041;0.142283;1.69998;0.914304 0.370057 0.164637 -2.82871 -0.365438 0.928986 -0.0586507 1.08591 -0.17465 -0.00654007 0.984609 -0.113701 0 0 0 1 
36535719080042;0.307724;1.6092;0.981823 0.189695 0.00636321 -2.93797 -0.181386 0.947636 -0.26284 0.456926 -0.0558894 0.256908 0.964818 -0.163953 0 0 0 1 
36535719080043;0.210302;1.73512;0.952053 0.169055 0.254982 -3.15309 -0.205351 0.970927 0.123011 0.637552 -0.226773 -0.169474 0.95909 0.41695 0 0 0 1 
36535719080044;0.594242;1.71276;0.996514 0.0521059 0.0651596 -2.94779 -0.0605167 0.989051 0.134597 -0.243335 -0.0574328 -0.138071 0.988756 0.27191 0 0 0 1 
36535719080045;0.55307;1.69337;0.875546 0.466839 0.124419 -3.32044 -0.437495 0.875357 -0.205785 2.13692 -0.204979 0.125742 0.970656 0.530853 0 0 0 1 
36535719080046;0.383937;1.77892;0.849793 0.506306 0.146645 -3.11703 -0.495514 0.862189 -0.105338 1.65946 -0.17977 0.016851 0.983564 -0.503623 0 0 0 1 
36535719080047;0.507113;1.68433;0.959435 0.248326 0.133483 -2.68403 -0.242933 0.968452 -0.0555421 0.209361 -0.143064 0.0208617 0.989494 0.665692 0 0 0 1 
36535719080048;0.299943;1.667;0.960622 0.12067 0.250289 -2.98821 -0.0263863 0.936322 -0.350148 0.228357 -0.276604 0.329756 0.902636 0.285751 0 0 0 1 
36535719080049;0.398366;1.77681;0.974195 0.000274946 0.225709 -3.11457 -0.0591752 0.965331 0.254233 0.0924826 -0.217814 -0.261029 0.940437 0.46901 0 0 0 1 
36535719080050;0.499825;1.74529;0.906992 0.340166 -0.248299 -2.99454 -0.322358 0.940149 0.110476 1.19227 0.271018 -0.0201593 0.962363 -2.04573 0 0 0 1 
36535719080051;0.440086;1.80579;0.981193 -0.0970733 0.166842 -3.15464 0.116474 0.987003 -0.110717 -0.355066 -0.153926 0.128068 0.979748 -0.310921 0 0 0 1 
36535719080052;0.307637;1.70128;0.968267 0.13577 0.209823 -3.18661 -0.181623 0.958991 0.217599 0.472518 -0.171675 -0.248802 0.953218 0.240752 0 0 0 1 
36535719080053;0.461332;1.78982;0.945662 -0.0129398 0.324895 -2.88675 0.00977598 0.999888 0.0113685 -0.0550674 -0.325005 -0.00757456 0.945682 1.0486 0 0 0 1 
36535719080054;0.521749;1.82838;0.886373 0.25098 0.389039 -3.00038 -0.278268 0.960395 0.0144175 1.5226 -0.370012 -0.121036 0.921109 0.767304 0 0 0 1 
36535719080055;0.319357;1.76423;0.955017 0.00972362 0.29639 -3.01593 0.0281478 0.991978 -0.12324 0.113842 -0.295211 0.12604 0.947082 0.306202 0 0 0 1 
36535719080056;0.611624;1.75832;0.971917 -0.0770955 0.222335 -3.21696 0.103167 0.98877 -0.108123 -0.0275118 -0.211502 0.128025 0.968956 -0.617966 0 0 0 1 
36535719080057;0.403587;1.63888;0.929526 0.368517 0.0133106 -3.00511 -0.363364 0.921485 -0.137231 0.621313 -0.0628373 0.122723 0.99045 -0.52862 0 0 0 1 
36535719080058;0.354702;1.57027;0.957241 0.0827708 0.277197 -2.58987 -0.0361961 0.984933 -0.169105 0.244361 -0.287017 0.151841 0.945815 -0.0504075 0 0 0 1 
36535719080059;0.377989;1.75646;0.869402 0.472167 0.145597 -3.07404 -0.42969 0.867968 -0.248995 1.79678 -0.243941 0.153915 0.957498 -0.273135 0 0 0 1 
36535719080060;0.383603;1.63589;0.933639 0.323453 0.153936 -3.14339 -0.335759 0.939946 0.0613817 1.08068 -0.124838 -0.108994 0.986172 -0.267742 0 0 0 1 
36535719080062;0.362158;0.530536;0.999432 0.0230816 0.0245477 -0.635193 -0.0271586 0.983032 0.181411 -1.6083 -0.0199439 -0.181974 0.983101 -1.12921 0 0 0 1 
36535719080063;0.299523;0.544625;0.991502 -0.107518 0.0732372 -0.386055 0.0916348 0.976816 0.193476 -1.89862 -0.0923415 -0.185121 0.978368 -0.714252 0 0 0 1 
36535719080064;0.461382;0.529882;0.994059 -0.107053 -0.0196356 -0.0954811 0.103117 0.984074 -0.144795 -1.25796 0.0348236 0.14191 0.989267 -1.58873 0 0 0 1 
36535719080065;0.4807;0.872463;0.972997 0.0652658 0.2214 -0.538045 -0.105712 0.978685 0.176073 -2.64769 -0.205189 -0.194723 0.959156 1.0011 0 0 0 1 
36535719080066;0.231893;0.421327;0.990081 -0.0950447 0.103472 0.0426786 0.0752204 0.980605 0.180987 -1.89074 -0.118667 -0.171408 0.978027 0.321954 0 0 0 1 
36535719080067;0.276753;0.600792;0.999654 0.0262876 -0.00103778 -0.400269 -0.019923 0.782207 0.6227 -2.09938 0.0171811 -0.622464 0.78246 0.407188 0 0 0 1 
36535719080068;0.41506;0.768943;0.9854 -0.136292 0.102035 -0.118671 0.115312 0.975188 0.188974 -2.60413 -0.125259 -0.174449 0.976667 -0.741266 0 0 0 1 
36535719080069;0.168667;0.336027;0.997395 -0.0142015 0.0707181 -0.342635 -0.00532736 0.963244 0.268573 -1.26672 -0.071933 -0.268251 0.96066 0.399547 0 0 0 1 
36535719080070;0.366766;0.958944;0.971273 -0.017731 -0.237305 -0.00789848 0.125486 0.885465 0.447444 -3.76766 0.202192 -0.464368 0.862253 -0.80474 0 0 0 1 
36535719080071;0.314881;0.5035;0.994403 -0.105628 -0.0022399 -0.642068 0.105615 0.993277 0.0473861 -1.32752 -0.00278047 -0.0473575 0.998874 -0.0890695 0 0 0 1 
36535719080072;0.205179;0.503234;0.995477 -0.0706592 0.0635025 -0.166405 0.0562991 0.977191 0.204765 -1.30481 -0.0765226 -0.200264 0.976749 0.313973 0 0 0 1 
36535719080073;0.364246;0.619793;0.933097 -0.196052 0.301486 -0.548679 0.0463993 0.896958 0.439674 -2.41741 -0.35662 -0.39627 0.846045 1.08852 0 0 0 1 
36535719080074;0.343501;0.941901;0.996643 0.0369792 0.0730398 -0.342434 -0.0616074 0.926323 0.37166 -3.12061 -0.0539148 -0.374912 0.925491 0.244538 0 0 0 1 
36535719080075;0.45993;0.982035;0.990884 0.0330753 -0.130593 -0.00587052 -0.0372933 0.998854 -0.0299858 -2.25138 0.129452 0.0345827 0.990983 -1.01999 0 0 0 1 
36535719080076;0.347563;1.06857;0.999146 -0.0142018 -0.038811 -0.117316 0.0266164 0.939536 0.341413 -3.98402 0.0316156 -0.342155 0.939112 0.240296 0 0 0 1 
36535719080077;0.245685;0.912729;0.978496 -0.0366021 -0.202991 -0.132659 0.0946741 0.954037 0.284341 -3.11309 0.183253 -0.297444 0.936987 -0.284166 0 0 0 1 
36535719080078;0.322722;0.390032;0.998132 0.056312 0.0237071 -0.832986 -0.0605789 0.962616 0.26401 -0.912642 -0.00795388 -0.264953 0.964229 -0.819541 0 0 0 1 
36535719080079;0.340882;1.0335;0.998542 -0.00302965 0.0538892 -0.576888 -0.0157393 0.938686 0.344415 -3.57243 -0.0516284 -0.344761 0.93727 -0.263576 0 0 0 1 
36535719080080;0.326117;1.04069;0.988586 -0.118117 0.0935159 -0.253752 0.070686 0.911823 0.404454 -2.83798 -0.133043 -0.393227 0.909765 1.03511 0 0 0 1 
36535719080081;0.410409;0.857603;0.984685 -0.152766 0.0840159 -0.791687 0.136173 0.974827 0.176548 -2.82544 -0.108872 -0.162404 0.9807 -0.652685 0 0 0 1 
36535719080082;0.216435;0.478686;0.999746 0.0222865 0.00348618 -0.088681 -0.0223951 0.962109 0.271743 -0.937709 0.00270214 -0.271752 0.962363 0.161125 0 0 0 1 
36535719080083;0.161862;0.549759;0.999491 0.0216979 0.0233849 -0.446283 -0.0280683 0.946518 0.321426 -1.61106 -0.0151599 -0.321919 0.946646 -0.284324 0 0 0 1 
36535719080084;0.439577;1.09926;0.984527 -0.166693 0.0540467 -0.281383 0.153534 0.969217 0.192475 -3.93806 -0.0844671 -0.181198 0.979812 0.178694 0 0 0 1 
36535719080085;0.124875;0.531928;0.996514 0.0128235 0.0824373 -0.422278 -0.0416418 0.932682 0.358289 -1.5039 -0.0722933 -0.360473 0.929964 0.0858083 0 0 0 1 
36535719080086;0.392366;0.726284;0.968281 -0.0440625 -0.245947 0.217008 0.122009 0.942377 0.311513 -2.22996 0.218048 -0.33164 0.917862 -1.1333 0 0 0 1 
36535719080087;0.41425;0.869861;0.997962 -0.0638041 0.00106015 -0.328949 0.0554729 0.875626 0.479793 -2.84037 -0.0315411 -0.478757 0.877381 -0.425314 0 0 0 1 
36535719080088;0.317089;0.655743;0.992306 -0.00689218 0.12362 -0.573987 -0.0330284 0.947533 0.317948 -2.28436 -0.119326 -0.319585 0.940014 -0.535854 0 0 0 1 
36535719080089;0.0976208;0.365275;0.999772 -0.0213419 0.000188896 -0.157024 0.0210033 0.985408 0.168911 -1.02648 -0.003791 -0.168868 0.985631 -0.0392535 0 0 0 1 
36535719080090;0.312576;0.361997;0.998172 0.0110217 -0.059428 0.168266 -0.00280047 0.990611 0.136684 -1.67326 0.0603765 -0.136268 0.988831 -0.043308 0 0 0 1 
36535719080091;0.378116;0.648666;0.949983 -0.134729 0.281745 -0.0964384 0.126697 0.990845 0.04662 -2.18681 -0.285447 -0.00859183 0.958356 0.265967 0 0 0 1 
36535719080093;0.290482;0.300292;0.987986 -0.0279668 -0.151991 0.278254 0.0156345 0.996531 -0.0817358 -0.238433 0.15375 0.0783776 0.984996 -0.660969 0 0 0 1 
36535719080094;0.395592;0.875241;0.994532 0.104398 0.00281871 1.21825 -0.104284 0.994181 -0.0269921 -0.638421 -0.00562023 0.0265506 0.999632 -0.133021 0 0 0 1 
36535719080095;0.347587;0.203999;0.899924 0.215791 -0.378908 0.322396 -0.168278 0.973516 0.154757 0.118897 0.402268 -0.0755082 0.912403 -1.53084 0 0 0 1 
36535719080096;0.508705;0.91956;0.896415 0.308583 0.318146 1.83633 -0.340482 0.938995 0.0485782 0.551403 -0.283747 -0.151869 0.946796 1.88145 0 0 0 1 
36535719080097;0.390373;0.900934;0.965886 0.181593 0.184628 1.3938 -0.125487 0.951847 -0.279713 -0.0639774 -0.226532 0.247003 0.942164 0.824451 0 0 0 1 
36535719080098;0.177167;0.246631;0.965413 -0.0300201 0.258991 -0.10464 0.02075 0.999045 0.0384535 -0.475447 -0.259898 -0.0317495 0.965114 0.603656 0 0 0 1 
36535719080099;0.46993;0.91624;0.953702 0.266239 0.139892 1.63057 -0.297154 0.9059 0.301736 -0.145626 -0.0463939 -0.329336 0.943072 -0.174344 0 0 0 1 
36535719080100;0.314307;0.189812;0.998187 -0.0478896 -0.036469 -0.289866 0.0534934 0.983535 0.17262 -0.932384 0.0276018 -0.174258 0.984313 -0.713138 0 0 0 1 
36535719080101;0.365934;1.38137;0.967628 -0.247009 -0.0517971 1.10911 0.251421 0.961312 0.112546 -3.42738 0.0219933 -0.121926 0.992296 0.145365 0 0 0 1 
36535719080102;0.240105;0.250509;0.981996 -0.18546 0.03588 -0.168363 0.185494 0.982642 0.00241387 -1.13279 -0.0357049 0.00428512 0.999353 -0.477618 0 0 0 1 
36535719080103;0.352767;0.159623;0.997335 0.0476388 0.0552564 0.00563829 -0.0509019 0.996946 0.0592314 -0.402826 -0.0522659 -0.0618862 0.996714 0.488289 0 0 0 1 
36535719080104;0.495293;0.326361;0.874309 0.154441 -0.460142 -0.0794516 -0.109569 0.986356 0.122866 0.173453 0.47284 -0.0570059 0.879302 -1.77691 0 0 0 1 
36535719080105;0.433787;0.251138;0.998982 -0.0351557 0.028255 -0.0683588 0.0345695 0.999182 0.0209756 -0.499557 -0.0289693 -0.0199775 0.999381 0.719955 0 0 0 1 
36535719080106;0.129754;0.238743;0.997113 -0.0489528 0.0580509 0.0188658 0.0409311 0.990389 0.132115 -0.522629 -0.0639604 -0.129357 0.989533 -0.0927075 0 0 0 1 
36535719080107;0.262145;0.564153;0.998112 0.034764 -0.0506363 -0.0625438 -0.0334877 0.999105 0.0258394 -0.791464 0.0514892 -0.0240949 0.998383 -0.552649 0 0 0 1 
36535719080108;0.397924;1.42377;0.952214 -0.299717 -0.0588087 0.615342 0.304091 0.912267 0.274403 -3.88533 -0.0285943 -0.279174 0.959815 0.250728 0 0 0 1 
36535719080109;0.398301;1.44815;0.931462 -0.235115 0.277667 1.00844 0.186102 0.963652 0.191679 -3.27885 -0.312641 -0.126867 0.941361 1.38575 0 0 0 1 
36535719080110;0.208018;0.198599;0.994147 0.105561 -0.0229807 -0.048797 -0.103771 0.992231 0.0686294 -0.105705 0.0300467 -0.065843 0.997378 -0.565237 0 0 0 1 
36535719080111;0.465339;0.941445;0.927155 0.322415 0.190874 1.69361 -0.282484 0.936181 -0.209207 0.983914 -0.246144 0.140049 0.959062 1.24642 0 0 0 1 
36535719080112;0.541337;0.356116;0.912861 0.283433 -0.293854 0.97596 -0.257915 0.958294 0.123094 0.51758 0.316487 -0.0365783 0.947891 -1.45659 0 0 0 1 
36535719080113;0.28814;0.335155;0.998768 -0.0474375 -0.0145595 -0.214126 0.0481412 0.997458 0.052539 -0.199924 0.0120301 -0.0531752 0.998513 -0.202765 0 0 0 1 
36535719080114;0.343577;0.934573;0.964805 0.262406 0.0171312 1.61976 -0.262118 0.96488 -0.0173703 0.0546283 -0.0210877 0.0122686 0.999702 0.38877 0 0 0 1 
36535719080115;0.500998;1.3924;0.98698 -0.160618 -0.00846907 0.977035 0.160778 0.983752 0.0798929 -2.62998 -0.00450076 -0.0802143 0.996767 0.0362513 0 0 0 1 
36535719080116;0.41433;0.337744;0.968527 0.0211584 0.248006 0.850717 -0.0841749 0.965518 0.246353 -0.0298759 -0.234242 -0.259475 0.936912 1.33382 0 0 0 1 
36535719080117;0.508343;0.265712;0.995593 -0.0849473 0.0397229 -0.149628 0.0748649 0.975081 0.208836 -0.572209 -0.056473 -0.204941 0.977144 0.979485 0 0 0 1 
36535719080118;0.0642213;0.173363;0.998588 0.0416898 -0.032918 -0.106835 -0.0410775 0.998974 0.019062 -0.0358853 0.0336789 -0.0176829 0.999276 -0.386767 0 0 0 1 
36535719080119;0.384568;1.43154;0.970555 -0.22877 0.0754182 1.13554 0.204002 0.947124 0.247668 -3.32715 -0.128089 -0.22499 0.965905 0.544397 0 0 0 1 
36535719080120;0.113108;0.196147;0.99768 -0.0678798 -0.00515627 -0.0447698 0.0680733 0.995385 0.0676402 -0.627614 0.000541064 -0.0678343 0.997696 -0.079541 0 0 0 1 
36535719080121;0.423482;0.19406;0.977972 0.18695 -0.0928474 0.258138 -0.133817 0.902897 0.408496 -0.280463 0.1602 -0.387073 0.908025 -0.58474 0 0 0 1 
36535719080122;0.427092;0.184938;0.96617 -0.253603 0.0469233 0.135911 0.244993 0.959322 0.140282 -1.86926 -0.0805905 -0.124041 0.988999 0.477613 0 0 0 1 
36535719080124;0.190705;0.685618;0.943602 0.329798 0.0291295 1.10664 -0.330484 0.94353 0.0230608 1.45023 -0.0198791 -0.0313871 0.99931 0.212911 0 0 0 1 
36535719080125;0.422416;0.824029;0.801182 0.559396 -0.212564 1.78254 -0.531341 0.828388 0.177341 2.25633 0.27529 -0.0291386 0.96092 -0.924584 0 0 0 1 
36535719080126;0.446714;0.764384;0.952603 0.292221 -0.0845852 1.37201 -0.299539 0.949541 -0.0929997 0.942427 0.0531407 0.113928 0.992067 -0.404745 0 0 0 1 
36535719080127;0.355012;0.770278;0.997639 0.0587956 0.0354769 1.15485 -0.0553582 0.994299 -0.0911278 0.166888 -0.0406326 0.0889488 0.995207 -0.0420198 0 0 0 1 
36535719080128;0.249905;0.696065;0.986971 0.15843 -0.0280613 1.21775 -0.159037 0.987052 -0.0208786 1.39985 0.0243901 0.0250694 0.999388 -0.0511287 0 0 0 1 
36535719080129;0.526113;0.779591;0.99933 -0.0119493 -0.0345889 1.44841 0.0108506 0.999436 -0.0317793 -0.489631 0.0349491 0.0313827 0.998896 0.147366 0 0 0 1 
36535719080130;0.433817;0.773226;0.924379 0.268031 0.271445 0.919724 -0.207169 0.950211 -0.232765 0.924354 -0.320318 0.158928 0.933883 1.01165 0 0 0 1 
36535719080131;0.251532;0.801625;0.989211 0.146368 0.00619764 1.29558 -0.146404 0.989208 0.00577746 0.375162 -0.00528512 -0.00662249 0.999964 0.087723 0 0 0 1 
36535719080132;0.431426;0.740313;0.956791 0.219027 -0.191252 0.944283 -0.210603 0.975502 0.0635756 0.744212 0.200492 -0.0205503 0.97948 -1.00267 0 0 0 1 
36535719080133;0.541591;0.76147;0.881389 0.396507 0.256779 1.33706 -0.428424 0.89995 0.0808912 1.65562 -0.199014 -0.181307 0.963079 1.56334 0 0 0 1 
36535719080134;0.252306;0.773137;0.991161 0.132479 -0.00694001 0.949308 -0.132616 0.988098 -0.0779449 0.78531 -0.00346869 0.0781763 0.996934 -0.226086 0 0 0 1 
36535719080135;0.472023;0.779263;0.961962 0.0836685 0.260055 1.01297 -0.132573 0.975313 0.176606 -0.0837263 -0.238859 -0.204365 0.949306 0.702395 0 0 0 1 
36535719080136;0.302061;0.707378;0.924741 0.350818 -0.147587 1.30579 -0.369195 0.921055 -0.123909 2.05573 0.0924658 0.169072 0.981257 -0.508145 0 0 0 1 
36535719080137;0.328535;0.835926;0.922164 0.384069 0.0458776 1.10802 -0.368842 0.908864 -0.194735 1.92246 -0.116488 0.162656 0.979782 0.1131 0 0 0 1 
36535719080138;0.576365;0.729847;0.976019 0.21146 -0.0516839 1.80884 -0.213885 0.887388 -0.408407 1.36576 -0.0404983 0.409668 0.911335 -0.503258 0 0 0 1 
36535719080139;0.521512;0.881784;0.989791 0.124359 0.0696304 1.1311 -0.131778 0.984622 0.114692 -0.34298 -0.0542967 -0.122697 0.990958 0.256949 0 0 0 1 
36535719080140;0.470285;0.969664;0.783845 0.613616 0.0951961 1.69673 -0.603105 0.788807 -0.118524 2.83039 -0.147819 0.0354909 0.988377 0.219345 0 0 0 1 
36535719080141;0.30287;0.678882;0.939663 0.290189 0.181173 0.633552 -0.296442 0.955019 0.00783466 1.294 -0.17075 -0.0610694 0.98342 0.620347 0 0 0 1 
36535719080142;0.480003;0.836388;0.902435 0.394612 0.172894 1.20749 -0.430811 0.829924 0.354441 1.69591 -0.00362238 -0.394345 0.918955 0.0670479 0 0 0 1 
36535719080143;0.628053;1.07046;0.800082 0.578514 -0.158713 1.44019 -0.596876 0.794185 -0.114058 2.9813 0.0600632 0.185987 0.980715 -0.235123 0 0 0 1 
36535719080144;0.602003;0.903709;0.855711 0.42709 -0.292152 2.12544 -0.484937 0.858881 -0.164801 2.5012 0.180539 0.282698 0.942066 -1.45719 0 0 0 1 
36535719080145;0.170435;0.659991;0.967167 0.253655 -0.0157029 1.03455 -0.253859 0.967158 -0.0126806 1.30979 0.0119707 0.0162506 0.999796 0.193263 0 0 0 1 
36535719080146;0.207536;0.82216;0.926815 0.375441 -0.0076381 1.37012 -0.373032 0.918149 -0.133604 1.96265 -0.0431474 0.126675 0.991005 0.0770466 0 0 0 1 
36535719080147;0.436345;0.708896;0.944115 0.32379 -0.0616976 1.68851 -0.320935 0.945678 0.0518952 1.98511 0.0751492 -0.0291941 0.996745 -0.436643 0 0 0 1 
36535719080148;0.640142;0.75663;0.979629 0.170086 -0.106759 2.20284 -0.185116 0.970925 -0.151777 0.794719 0.0778394 0.168448 0.982632 -0.661484 0 0 0 1 
36535719080149;0.408897;0.683801;0.992166 0.0948284 -0.081331 1.16114 -0.0998794 0.993161 -0.0604582 0.430981 0.0750416 0.0681078 0.994852 0.379471 0 0 0 1 
36535719080150;0.385378;0.781294;0.970125 0.215822 0.110804 1.29243 -0.229126 0.965197 0.126081 1.59678 -0.0797371 -0.147702 0.985812 0.0634313 0 0 0 1 
36535719080151;0.147734;0.659822;0.979617 0.180453 0.0882502 0.902126 -0.168125 0.976966 -0.13142 1.12746 -0.109932 0.113904 0.987391 0.219321 0 0 0 1 
36535719080152;0.417728;0.802766;0.808802 0.56255 -0.171398 1.6042 -0.540072 0.825866 0.162075 2.18514 0.232727 -0.0385194 0.971779 -0.454753 0 0 0 1 
36535719080153;0.136308;0.711684;0.993617 0.0939864 0.062379 1.09684 -0.094147 0.995558 -0.000366389 0.785666 -0.0621363 -0.00550874 0.998052 0.245179 0 0 0 1 
36535719080155;0.377066;0.387272;0.9919 0.0800469 -0.0986296 0.572938 -0.0485249 0.956352 0.28816 0.445862 0.117391 -0.28104 0.952489 -0.0295425 0 0 0 1 
36535719080156;0.280014;0.325887;0.990074 0.0303092 -0.137239 0.807401 -0.00465714 0.983009 0.183499 0.408813 0.140469 -0.181039 0.973393 -0.608223 0 0 0 1 
36535719080157;0.357849;0.291544;0.999401 0.00149268 -0.0345809 1.00826 0.0101171 0.942842 0.333086 0.426857 0.0331015 -0.333236 0.942262 0.342103 0 0 0 1 
36535719080158;0.214487;0.19964;0.996453 -0.0150183 -0.0827969 0.729671 0.0218662 0.996357 0.0824317 0.446481 0.0812572 -0.0839498 0.993151 -0.138077 0 0 0 1 
36535719080159;0.313033;0.26132;0.99162 0.0233156 -0.127067 0.458956 -0.0332834 0.996483 -0.0768951 -0.0382658 0.124828 0.0804799 0.988909 -1.05982 0 0 0 1 
36535719080160;0.477856;0.551701;0.924249 0.0445827 -0.379177 0.86326 -0.0353643 0.998886 0.0312454 0.305566 0.380148 -0.0154692 0.924796 -1.11206 0 0 0 1 
36535719080161;0.262671;0.226281;0.992293 0.119864 -0.0314331 0.178803 -0.113527 0.981033 0.157115 0.110085 0.0496693 -0.152336 0.98708 0.129121 0 0 0 1 
36535719080162;0.249715;0.316842;0.983675 0.143604 -0.108447 0.438685 -0.10411 0.945693 0.307939 0.114717 0.146778 -0.291621 0.945205 -0.456491 0 0 0 1 
36535719080163;0.453936;0.415682;0.919032 0.0683725 -0.388207 1.89906 -0.093052 0.994639 -0.0451096 0.242486 0.383041 0.0775806 0.920468 -1.40975 0 0 0 1 
36535719080164;0.466141;0.359388;0.997105 0.0291975 0.0702141 0.827021 -0.0412841 0.983274 0.177392 0.655174 -0.0638603 -0.179777 0.981632 0.642842 0 0 0 1 
36535719080165;0.321246;0.272201;0.973232 0.00609296 0.229744 0.460126 -0.0911109 0.927969 0.361349 0.0515158 -0.210994 -0.372609 0.903684 0.480501 0 0 0 1 
36535719080166;0.389384;0.395162;0.968145 -0.1046 0.227496 1.17655 0.129226 0.986942 -0.0961573 0.0576787 -0.214467 0.122493 0.96902 0.0506365 0 0 0 1 
36535719080167;0.40197;0.452529;0.989759 0.134147 -0.0488073 0.84959 -0.101354 0.901157 0.421478 0.531717 0.100523 -0.412214 0.905524 -0.0297779 0 0 0 1 
36535719080168;0.210711;0.262804;0.999719 0.0184717 0.0148605 0.363088 -0.0179132 0.999159 -0.036874 0.102658 -0.0155292 0.0365975 0.999209 -0.119012 0 0 0 1 
36535719080169;0.371812;0.196466;0.944682 0.0915147 -0.314963 1.16626 0.00209749 0.958581 0.284813 -0.395604 0.327982 -0.269718 0.905362 -1.36284 0 0 0 1 
36535719080170;0.32738;0.313296;0.998645 0.0463264 -0.0236954 0.639965 -0.0467811 0.998724 -0.0190093 0.243551 0.0227845 0.020092 0.999538 -1.1618 0 0 0 1 
36535719080171;0.334438;0.362693;0.999748 -1.3397e-05 -0.0224379 0.421423 -0.000246558 0.999933 -0.0115827 0.171562 0.0224366 0.0115853 0.999681 -0.132901 0 0 0 1 
36535719080172;0.359248;0.395305;0.985658 0.0924858 -0.141158 0.990886 -0.0590847 0.972636 0.224697 0.519349 0.158077 -0.213134 0.96415 -0.11853 0 0 0 1 
36535719080173;0.299017;0.246853;0.992452 -0.00322495 -0.122589 0.554141 -0.00295612 0.998735 -0.0502059 -0.0871123 0.122596 0.0501894 0.991187 -1.4764 0 0 0 1 
36535719080174;0.332371;0.193158;0.990652 -0.0656786 -0.119563 1.27687 0.0674003 0.997672 0.0104093 0.527668 0.118601 -0.0183706 0.992772 -0.841595 0 0 0 1 
36535719080175;0.258801;0.234254;0.976328 -0.0478344 -0.210942 0.758772 0.0523165 0.998507 0.0157155 0.199317 0.209875 -0.0263792 0.977372 -1.42733 0 0 0 1 
36535719080176;0.244373;0.253284;0.99005 0.050386 0.131389 0.243721 -0.068906 0.987686 0.140459 0.132825 -0.122694 -0.148115 0.98133 0.141078 0 0 0 1 
36535719080177;0.307368;0.37631;0.999146 0.00556966 -0.0409452 0.717167 0.00505756 0.966942 0.254945 0.262699 0.0410116 -0.254935 0.966088 0.222014 0 0 0 1 
36535719080178;0.333626;0.196767;0.90626 0.0766238 -0.415718 1.05086 -0.00725616 0.986109 0.165938 0.120958 0.422659 -0.147366 0.894227 -0.88939 0 0 0 1 
36535719080179;0.112272;0.189331;0.99141 0.0109502 -0.13033 0.501632 -0.00133971 0.997287 0.0735997 0.31087 0.130782 -0.0727929 0.988735 -0.732951 0 0 0 1 
36535719080180;0.447488;0.746873;0.993761 0.0311239 -0.107101 2.15753 -0.0194325 0.993904 0.108523 -0.247953 0.109826 -0.105765 0.988308 -0.476475 0 0 0 1 
36535719080181;0.181751;0.273364;0.998216 -0.00509191 0.0594906 0.565552 0.00953181 0.997169 -0.0745885 0.145868 -0.0589424 0.0750225 0.995438 -0.309353 0 0 0 1 
36535719080182;0.227052;0.293791;0.994423 -0.0395313 0.0977747 0.769892 0.0476467 0.995484 -0.0821091 0.111491 -0.0940872 0.0863099 0.991816 -0.418948 0 0 0 1 
36535719080183;0.271702;0.166474;0.981344 -0.0264636 -0.190431 1.17198 0.0571752 0.98584 0.15764 0.0158383 0.183563 -0.165587 0.968961 -0.670304 0 0 0 1 
36535719080184;0.317465;0.250252;0.945487 0.169061 -0.278341 0.934467 -0.02226 0.886245 0.462682 -0.319052 0.3249 -0.431264 0.841696 -0.710296 0 0 0 1 
36535719080186;0.390645;0.749282;0.877471 -0.0760955 0.473555 -1.18912 0.214868 0.945083 -0.246272 -0.728776 -0.428809 0.317848 0.845633 1.58857 0 0 0 1 
36535719080187;0.111223;0.564003;0.997072 -0.0190503 0.0740569 -0.939102 0.0188507 0.999817 0.00339333 -0.278243 -0.0741079 -0.00198738 0.997248 -0.00184874 0 0 0 1 
36535719080188;0.65823;1.18389;0.93306 0.34504 0.101721 -2.29909 -0.352476 0.933421 0.0669821 1.20013 -0.0718375 -0.0983527 0.992555 0.69901 0 0 0 1 
36535719080189;0.357007;0.609555;0.997131 -0.0179192 0.073545 -1.73396 0.017013 0.999772 0.0129308 0.00978927 -0.0737599 -0.0116425 0.997208 -0.39934 0 0 0 1 
36535719080190;0.473164;1.2222;0.921449 -0.373601 0.106554 -1.87895 0.378579 0.925072 -0.0303389 -2.84539 -0.0872354 0.0682947 0.993844 0.197677 0 0 0 1 
36535719080191;0.28216;0.703399;0.988456 0.145468 0.0423449 -1.57769 -0.149568 0.981481 0.119681 0.468628 -0.024151 -0.124633 0.991909 -0.62952 0 0 0 1 
36535719080192;0.431029;0.64796;0.980119 -0.157923 0.120114 -1.90691 0.168916 0.981731 -0.0875889 -0.722609 -0.104087 0.106137 0.988889 0.55733 0 0 0 1 
36535719080193;0.312078;0.902862;0.989582 -0.0892033 0.113005 -1.72877 0.0688201 0.982528 0.172926 -1.20292 -0.126456 -0.163347 0.978431 -0.267849 0 0 0 1 
36535719080194;0.164987;0.6747;0.991536 0.117176 0.055918 -1.3276 -0.118449 0.992758 0.020025 0.308364 -0.0531666 -0.0264789 0.998235 -0.0753819 0 0 0 1 
36535719080195;0.354366;0.658999;0.964475 -0.0639403 0.25632 -1.06869 0.0632739 0.997937 0.0108551 -0.732584 -0.256486 0.00574887 0.966531 0.252549 0 0 0 1 
36535719080196;0.523582;0.638604;0.987366 0.118525 0.105166 -1.6699 -0.152756 0.888389 0.432933 0.544221 -0.0421152 -0.443528 0.89527 -0.63633 0 0 0 1 
36535719080197;0.379637;0.821599;0.986141 -0.165877 -0.00320897 -1.4551 0.165868 0.985289 0.0411542 -1.25541 -0.00366479 -0.0411161 0.999148 -1.06277 0 0 0 1 
36535719080198;0.253973;0.75499;0.975633 -0.141864 0.167375 -1.45377 0.1586 0.983121 -0.0912045 -1.06895 -0.151612 0.115528 0.981666 0.774758 0 0 0 1 
36535719080199;0.451651;0.653095;0.991554 0.0997289 0.0829144 -1.83443 -0.100634 0.9949 0.00679937 0.6044 -0.0818134 -0.0150859 0.996533 0.716289 0 0 0 1 
36535719080200;0.601292;1.25223;0.919578 -0.294577 0.260003 -1.52656 0.316731 0.947356 -0.0468805 -2.38146 -0.232505 0.125461 0.964469 1.33327 0 0 0 1 
36535719080201;0.316883;0.705795;0.847695 0.0560989 0.527509 -1.07016 0.0375439 0.985555 -0.165143 -0.33186 -0.529153 0.159796 0.833344 2.31535 0 0 0 1 
36535719080202;0.389074;0.705197;0.978477 0.163035 0.126504 -1.63625 -0.167338 0.985605 0.0240967 1.02372 -0.120755 -0.044747 0.991673 -0.30833 0 0 0 1 
36535719080203;0.247825;0.968172;0.97331 -0.176171 0.147075 -1.94719 0.176517 0.984238 0.0107984 -1.28012 -0.146659 0.0154509 0.989066 0.466861 0 0 0 1 
36535719080204;0.323434;0.581363;0.992757 -0.0701782 0.0975106 -1.25535 0.0682605 0.997405 0.0228686 -1.17777 -0.0988625 -0.0160468 0.994972 -0.0669079 0 0 0 1 
36535719080205;0.326801;0.745238;0.931385 -0.0801871 0.355094 -1.12425 0.194263 0.934421 -0.298528 -0.84037 -0.307869 0.347026 0.885884 1.05111 0 0 0 1 
36535719080206;0.360649;0.612722;0.992163 0.0835597 0.0928961 -1.34349 -0.0828007 0.996494 -0.0120012 0.780696 -0.0935732 0.00421532 0.995603 0.0704972 0 0 0 1 
36535719080207;0.378318;0.682822;0.995925 -0.0322379 0.0842316 -0.597555 0.0325826 0.999465 -0.00271951 -0.486991 -0.0840989 0.0054529 0.996442 0.109677 0 0 0 1 
36535719080208;0.281021;0.563101;0.967956 -0.0852738 0.236199 -1.26166 0.0762065 0.995971 0.0472724 -0.750069 -0.239279 -0.0277577 0.970554 1.3397 0 0 0 1 
36535719080209;0.41046;0.970095;0.956909 -0.214872 0.195336 -2.22074 0.189298 0.971668 0.141517 -1.83299 -0.22021 -0.0984426 0.970472 0.823794 0 0 0 1 
36535719080210;0.243944;0.588458;0.972528 0.104156 0.208184 -0.821054 -0.115885 0.992246 0.0449272 0.218633 -0.20189 -0.0678184 0.977057 0.609736 0 0 0 1 
36535719080211;0.419439;0.968008;0.95734 0.28171 0.0643415 -2.13827 -0.282702 0.959185 0.00667733 0.7451 -0.0598343 -0.0245819 0.997906 -0.110997 0 0 0 1 
36535719080212;0.411637;0.951287;0.96737 0.172932 0.185177 -1.4905 -0.173252 0.98477 -0.0145772 0.196967 -0.184878 -0.0179807 0.982597 0.69163 0 0 0 1 
36535719080213;0.271077;0.686518;0.979364 -0.195564 -0.0509956 -1.49793 0.183291 0.965767 -0.183572 -1.06645 0.08515 0.170437 0.981683 -0.884673 0 0 0 1 
36535719080214;0.356981;0.717776;0.973068 0.106579 -0.204399 -1.52771 -0.113986 0.993173 -0.0247803 0.131578 0.200363 0.0474116 0.978574 -0.876098 0 0 0 1 
36535719080215;0.558879;0.721414;0.956315 0.171128 0.237016 -1.42935 -0.103386 0.956344 -0.273346 0.459306 -0.273446 0.236901 0.932258 1.99356 0 0 0 1 
36535719080217;0.267916;0.126892;0.969608 -0.166177 -0.17957 0.547391 0.140569 0.97909 -0.14705 -0.00340542 0.200251 0.117339 0.972693 -1.07679 0 0 0 1 
36535719080218;0.403611;0.104353;0.996945 0.0780992 0.0012059 -0.27446 -0.078108 0.996874 0.0119264 0.857034 -0.000270688 -0.0119842 0.999928 0.32773 0 0 0 1 
36535719080219;0.612805;0.595497;0.997337 -0.0373057 0.0626647 -0.21434 0.0368946 0.999289 0.00770465 0.216694 -0.0629076 -0.00537214 0.998005 0.608755 0 0 0 1 
36535719080220;0.465305;0.129186;0.971749 -0.106544 -0.210601 0.449054 0.082292 0.989264 -0.120764 0.414744 0.221207 0.100022 0.970084 -1.58815 0 0 0 1 
36535719080221;0.397154;0.222284;0.986613 -0.156549 0.045686 -0.192962 0.149348 0.979877 0.132424 -0.25466 -0.0654976 -0.123829 0.99014 -0.321386 0 0 0 1 
36535719080222;0.388852;0.121178;0.985199 -0.0977427 0.140817 -0.413925 0.133407 0.953053 -0.271833 -0.0194636 -0.107637 0.286595 0.951986 0.075238 0 0 0 1 
36535719080223;0.332061;0.18058;0.931203 -0.171698 -0.321528 0.846486 0.142177 0.983331 -0.113337 -0.242135 0.335629 0.0598257 0.940093 -1.06309 0 0 0 1 
36535719080224;0.591626;0.101048;0.994137 0.099376 0.0426087 -0.316003 -0.0807502 0.94443 -0.318641 1.36988 -0.0719062 0.313333 0.946917 0.314855 0 0 0 1 
36535719080225;0.418431;0.350305;0.963994 -0.236837 0.12093 0.0570483 0.236464 0.97148 0.0176303 -0.220828 -0.121657 0.0116001 0.992504 0.596076 0 0 0 1 
36535719080226;0.434396;0.10475;0.922277 0.341616 -0.180841 -0.0077956 -0.350172 0.936537 -0.0166981 1.57579 0.16366 0.0787259 0.983371 -0.465178 0 0 0 1 
36535719080227;0.258425;0.12627;0.979532 0.177423 0.0950671 -0.0490047 -0.180512 0.983258 0.0248746 0.631569 -0.0890622 -0.0415262 0.99516 0.43878 0 0 0 1 
36535719080228;0.348273;0.187506;0.964534 -0.167646 0.203883 0.113427 0.181612 0.98201 -0.0517002 0.11432 -0.191547 0.0868941 0.977629 0.674393 0 0 0 1 
36535719080229;0.349476;0.125734;0.994357 0.0639955 0.0846055 -0.185804 -0.0481616 0.982948 -0.177464 0.371033 -0.0945197 0.172388 0.980484 -0.572493 0 0 0 1 
36535719080230;0.507963;0.63203;0.937461 0.023041 0.347327 -0.241094 -0.0108171 0.999253 -0.0370923 0.453481 -0.347922 0.0310155 0.93701 0.611571 0 0 0 1 
36535719080231;0.499847;0.14676;0.999918 0.00771414 -0.0101953 -0.258064 -0.00762551 0.999933 0.00870342 -0.180247 0.0102618 -0.00862496 0.99991 -1.02757 0 0 0 1 
36535719080232;0.400636;0.163888;0.978744 -0.182971 0.0926405 0.215419 0.154185 0.954329 0.255896 -0.123683 -0.135231 -0.236173 0.962255 0.879182 0 0 0 1 
36535719080233;0.232565;0.133115;0.984484 0.0689904 -0.161344 0.0512677 -0.0536243 0.993767 0.0977302 0.30484 0.16708 -0.0875619 0.982047 -0.259634 0 0 0 1 
36535719080234;0.243089;0.116912;0.99994 0.0107708 0.00179643 0.227716 -0.0107201 0.999601 -0.0261445 0.319488 -0.0020773 0.0261237 0.999657 -0.591813 0 0 0 1 
36535719080235;0.336455;0.13981;0.989788 -0.126112 -0.0664539 -0.147288 0.137256 0.968997 0.20544 -0.272046 0.0384851 -0.212463 0.976411 -0.0891242 0 0 0 1 
36535719080236;0.526732;0.156982;0.959333 -0.112892 0.258719 0.530776 0.0592699 0.976672 0.206396 -0.240879 -0.275984 -0.182668 0.943644 1.52948 0 0 0 1 
36535719080237;0.707625;0.507991;0.998638 -0.0521543 0.00126256 0.156731 0.0521566 0.998637 -0.00184614 0.257116 -0.00116455 0.00190947 0.999997 0.659629 0 0 0 1 
36535719080238;0.378354;0.124349;0.980283 0.186132 -0.066326 0.359914 -0.170919 0.967172 0.188056 0.950935 0.0991519 -0.173012 0.979916 -0.298488 0 0 0 1 
36535719080239;0.260619;0.120083;0.99958 -0.0206225 0.0203422 0.408577 0.0207008 0.999779 -0.00364527 0.0448213 -0.0202625 0.00406484 0.999786 0.230177 0 0 0 1 
36535719080240;0.347346;0.137141;0.997636 0.0165474 0.066691 -0.0659144 0.0104326 0.922842 -0.385038 0.61708 -0.0679166 0.384824 0.920488 -0.440536 0 0 0 1 
36535719080241;0.461675;0.196984;0.94232 0.162925 0.292385 -0.310341 -0.080495 0.958208 -0.274514 0.200556 -0.324891 0.235145 0.916053 0.553554 0 0 0 1 
36535719080242;0.184835;0.132397;0.990847 0.115405 0.0700288 -0.166701 -0.115574 0.993298 -0.00165 0.28793 -0.0697499 -0.0064586 0.997544 -0.0161267 0 0 0 1 
36535719080243;0.50255;0.614228;0.999164 -0.035079 0.0209875 0.00607176 0.0359594 0.998421 -0.043155 0.176155 -0.0194405 0.0438736 0.998848 -0.313237 0 0 0 1 
36535719080244;0.3548;0.140904;0.916551 0.267442 0.297338 -0.280643 -0.280931 0.959724 0.00274822 0.916859 -0.284627 -0.0860502 0.954768 0.994526 0 0 0 1 
36535719080245;0.421326;0.118459;0.969217 0.13028 -0.208914 0.463786 -0.152979 0.983517 -0.0963934 0.809343 0.192913 0.125386 0.973172 -1.39718 0 0 0 1 
36535719080246;0.428678;0.144138;0.964176 0.265261 0.00116049 0.0794578 -0.263678 0.95888 -0.104988 1.40524 -0.0289619 0.10092 0.994473 -0.62518 0 0 0 1 
36535719080248;0.279109;0.116492;0.999742 -0.0154659 0.0166367 1.03375 0.0151438 0.999699 0.0193158 0.199878 -0.0169304 -0.0190589 0.999675 -0.416129 0 0 0 1 
36535719080249;0.148582;0.193006;0.999024 -0.0403413 0.0179694 0.198935 0.0401611 0.99914 0.0102788 -0.137985 -0.0183686 -0.00954712 0.999786 -0.18518 0 0 0 1 
36535719080250;0.310686;0.174394;0.994604 -0.00907376 0.103344 0.143615 0.00693099 0.999754 0.0210746 0.20786 -0.10351 -0.0202446 0.994422 -0.706432 0 0 0 1 
36535719080251;0.298484;0.175205;0.999517 0.0307656 0.00437974 -0.0914706 -0.0309928 0.99719 0.068196 0.576456 -0.00226935 -0.0682988 0.997662 0.156396 0 0 0 1 
36535719080252;0.364884;0.246513;0.965716 -0.234885 -0.110553 1.39517 0.234368 0.971984 -0.0178296 -0.805367 0.111643 -0.00869168 0.99371 -0.330901 0 0 0 1 
36535719080253;0.298099;0.235159;0.98364 -0.178588 0.0236172 0.854255 0.179446 0.982899 -0.0413336 -0.476812 -0.0158316 0.0448954 0.998866 -0.572698 0 0 0 1 
36535719080254;0.413793;0.280005;0.986001 -0.1651 0.0233391 0.170759 0.166334 0.964139 -0.206806 -0.00585656 0.0116414 0.207793 0.978104 -0.400091 0 0 0 1 
36535719080255;0.265645;0.152056;0.994233 -0.0639612 0.086075 0.261262 0.0838749 0.963949 -0.252522 -0.262149 -0.0668202 0.258286 0.963755 0.225963 0 0 0 1 
36535719080256;0.228269;0.15456;0.972661 0.231356 0.0201335 0.173304 -0.231741 0.972582 0.0195142 0.480175 -0.0150667 -0.0236464 0.999607 -0.107608 0 0 0 1 
36535719080257;0.266234;0.230585;0.999739 -0.00907346 0.0209864 -0.0899863 0.00813302 0.998978 0.0444712 -0.207564 -0.0213685 -0.0442888 0.99879 -0.0596553 0 0 0 1 
36535719080258;0.327944;0.125586;0.998883 -0.0470697 0.00407268 0.927979 0.0469149 0.998381 0.032163 -0.682381 -0.00557999 -0.0319361 0.999474 0.499939 0 0 0 1 
36535719080259;0.241821;0.145409;0.98749 0.147008 -0.0570236 0.529643 -0.145158 0.988776 0.0353605 0.142709 0.0615819 -0.0266408 0.997746 -0.668002 0 0 0 1 
36535719080260;0.113181;0.132204;0.999967 0.00220802 0.00778101 0.257087 -0.00309906 0.993194 0.116433 0.063809 -0.00747097 -0.116453 0.993168 0.145522 0 0 0 1 
36535719080261;0.299049;0.188921;0.960415 -0.130504 0.246111 0.565528 0.168597 0.975606 -0.140597 -0.734208 -0.221759 0.176525 0.95899 0.0844383 0 0 0 1 
