#;prob_registration_l1 -r /home/probabilistic_point_clouds_registration/build/tester /home/point_clouds_registration_benchmark//devel/registration_pairs/hauptgebaude_local.txt /home/point_clouds_registration_benchmark//eth/hauptgebaude -s 0.2 -t 0.2 -p 0.3 -r 1000 -m 25 -i 40 
id;initial_error;final_error;transformation
3394309160000;0.248226;0.0435382;0.999282 -0.00752588 0.0371458 0.490291 0.0058759 0.999 0.0443299 -0.094825 -0.0374423 -0.0440798 0.998326 0.043178 0 0 0 1 
3394309160001;0.28369;0.0358073;0.993546 0.109894 -0.0281173 -0.420527 -0.107911 0.992077 0.0643373 0.783577 0.0349648 -0.0608879 0.997532 -0.589124 0 0 0 1 
3394309160002;0.278932;0.0378797;0.977149 -0.0113107 0.212257 -0.16001 0.00822502 0.999847 0.0154147 -0.124621 -0.212398 -0.0133166 0.977092 0.787561 0 0 0 1 
3394309160003;0.0682056;0.0343812;0.995116 -0.0952192 0.0260334 0.0279847 0.0955085 0.995377 -0.0101038 -0.631849 -0.024951 0.0125408 0.99961 0.246242 0 0 0 1 
3394309160004;0.286924;0.0444717;0.999194 0.0356346 -0.01848 0.499701 -0.0353631 0.999265 0.0148144 0.694792 0.0189943 -0.014149 0.999719 -0.223328 0 0 0 1 
3394309160005;0.492031;0.0381804;0.908118 0.381059 0.173541 -0.291317 -0.40609 0.902537 0.143242 2.5506 -0.102043 -0.200554 0.974354 0.361379 0 0 0 1 
3394309160006;0.393899;0.0462131;0.988155 0.0196952 0.152187 -0.295784 -0.0216636 0.999702 0.0112873 0.499676 -0.151919 -0.0144505 0.988287 1.97762 0 0 0 1 
3394309160007;0.411602;0.0401944;0.883189 -0.342163 0.320783 0.352306 0.346491 0.936952 0.0454307 -2.13767 -0.316103 0.0710247 0.946062 1.50364 0 0 0 1 
3394309160008;0.42721;0.0373376;0.95285 -0.30063 -0.041203 0.488039 0.301545 0.953282 0.0180031 -1.94122 0.0338658 -0.0295788 0.998989 0.747615 0 0 0 1 
3394309160009;0.395375;0.0378667;0.976868 -0.206512 -0.0555144 0.431153 0.201494 0.97584 -0.0844726 -1.52719 0.0716177 0.0713328 0.994878 0.48704 0 0 0 1 
3394309160010;0.216746;0.0320581;0.991557 -0.0109421 -0.129211 -0.0972734 -0.0110908 0.985626 -0.168577 0.434626 0.129198 0.168586 0.977183 -0.538818 0 0 0 1 
3394309160011;0.228138;0.535783;0.948658 -0.224058 -0.22326 1.8518 0.24752 0.965324 0.0829705 -1.73239 0.196928 -0.133972 0.971221 -1.03834 0 0 0 1 
3394309160012;0.324315;0.644486;0.942673 -0.331722 -0.0364547 1.42257 0.333217 0.929636 0.1573 -2.34726 -0.0182903 -0.16043 0.986878 -0.113422 0 0 0 1 
3394309160013;0.268523;0.0428631;0.997989 0.0552945 -0.0310058 0.594734 -0.0552553 0.99847 0.00212065 0.0357509 0.0310756 -0.000403149 0.999517 -0.358699 0 0 0 1 
3394309160014;0.217364;0.034666;0.999877 0.0128942 0.0088837 -0.034952 -0.0144805 0.977318 0.211283 -0.376045 -0.00595788 -0.211386 0.977385 0.350132 0 0 0 1 
3394309160015;0.198549;0.0397751;0.972705 0.104335 0.207268 -0.290958 -0.100363 0.99451 -0.0296183 0.685486 -0.20922 0.00800792 0.977836 1.52537 0 0 0 1 
3394309160016;0.362241;0.0399756;0.887716 -0.226954 0.400565 0.490863 0.222001 0.973234 0.0594294 -1.71655 -0.403331 0.0361696 0.914339 3.24238 0 0 0 1 
3394309160017;0.403444;0.0332036;0.923796 -0.277567 0.263739 -0.494098 0.269112 0.960675 0.0684267 -1.31207 -0.272361 0.00776319 0.962164 1.85941 0 0 0 1 
3394309160018;0.415951;0.0406062;0.959888 0.264695 0.0924709 -0.67733 -0.269428 0.962065 0.0428952 1.90616 -0.0776088 -0.0660888 0.994791 0.451856 0 0 0 1 
3394309160019;0.389264;0.0452127;0.968443 0.248993 -0.0110197 -0.00181733 -0.24892 0.968494 0.007591 1.26205 0.0125626 -0.00460844 0.99991 -0.776073 0 0 0 1 
3394309160020;0.355901;0.0361807;0.94338 -0.164099 -0.288281 0.835853 0.0705514 0.948439 -0.309007 -0.0401796 0.324124 0.271172 0.906316 -1.60473 0 0 0 1 
3394309160021;0.307009;0.0311569;0.990874 -0.123062 -0.054999 0.634404 0.132481 0.964364 0.229022 -1.16232 0.0248553 -0.234218 0.971866 -0.23755 0 0 0 1 
3394309160022;0.159878;0.041229;0.979315 -0.0397916 0.198388 -0.296229 0.0542981 0.996191 -0.0682247 -0.298409 -0.194918 0.0775856 0.977746 1.34273 0 0 0 1 
3394309160023;0.179015;0.0368197;0.995238 -0.0472975 0.0852305 -0.182706 0.0488269 0.99868 -0.0159482 -0.377098 -0.0843637 0.0200338 0.996234 0.205681 0 0 0 1 
3394309160024;0.448507;0.56805;0.899004 -0.435978 0.0414087 1.88269 0.434232 0.899676 0.0449986 -2.74379 -0.0568729 -0.022473 0.998128 1.19497 0 0 0 1 
3394309160025;0.259237;0.0369402;0.987602 0.156871 -0.00574151 -0.129562 -0.156428 0.986551 0.0474054 0.999719 0.0131008 -0.0459195 0.998859 -0.548867 0 0 0 1 
3394309160026;0.300277;0.0359013;0.995006 0.0772885 0.0631681 0.308742 -0.0738901 0.995777 -0.0544749 -0.104648 -0.0671117 0.0495353 0.996515 0.811564 0 0 0 1 
3394309160027;0.421694;0.033036;0.95567 -0.226767 -0.18781 0.411757 0.264946 0.940549 0.212533 -2.52262 0.128449 -0.252871 0.958935 -0.287575 0 0 0 1 
3394309160028;0.443835;0.0444812;0.92469 0.10412 0.366207 -0.1561 0.00727984 0.956866 -0.290437 0.77168 -0.380651 0.27123 0.884047 2.38402 0 0 0 1 
3394309160029;0.512116;0.0340271;0.998837 -0.0272729 0.0397674 0.243802 0.0394486 0.936437 -0.348612 0.448733 -0.027732 0.349775 0.936423 -0.60259 0 0 0 1 
3394309160031;0.426851;0.0510518;0.958541 -0.219767 -0.181388 0.252172 0.242142 0.963765 0.11191 -0.805124 0.150221 -0.151192 0.977023 -0.89412 0 0 0 1 
3394309160032;0.353703;0.0519015;0.909139 -0.396451 -0.127643 -0.00320179 0.40021 0.916414 0.00417846 -0.165731 0.115317 -0.0548826 0.991811 -0.149443 0 0 0 1 
3394309160033;0.139215;0.0538414;0.993266 -0.0409121 -0.108394 0.0849189 0.0361478 0.998307 -0.045561 -0.282525 0.110074 0.041336 0.993063 0.170904 0 0 0 1 
3394309160034;0.389775;0.0599099;0.934294 0.354786 -0.0349512 -0.298287 -0.352164 0.933726 0.0643202 0.240547 0.0554547 -0.0477854 0.997317 -0.499082 0 0 0 1 
3394309160035;0.19696;0.0501071;0.979801 0.157068 -0.123771 0.0635218 -0.17096 0.979008 -0.110978 0.350406 0.103742 0.129896 0.986085 -0.0272331 0 0 0 1 
3394309160036;0.370886;0.0518609;0.932506 -0.358151 -0.0464813 -0.248538 0.359287 0.906898 0.220112 -0.553902 -0.0366796 -0.221956 0.974367 0.405268 0 0 0 1 
3394309160037;0.384635;0.0480742;0.910203 -0.263106 0.319854 -0.241346 0.197292 0.95448 0.223707 -0.882626 -0.364152 -0.140514 0.920679 0.129933 0 0 0 1 
3394309160038;0.368064;0.0479462;0.953342 0.301518 -0.0150221 -0.647062 -0.301618 0.949183 -0.0898757 0.547687 -0.0128403 0.0902132 0.99584 0.0160906 0 0 0 1 
3394309160039;0.0746977;0.0511817;0.99949 -0.00932886 0.0305507 -0.128003 0.00898634 0.999895 0.0113298 -0.127855 -0.0306532 -0.0110494 0.999469 -0.0503429 0 0 0 1 
3394309160040;0.279481;0.0531016;0.924735 -0.342773 0.165443 0.139832 0.323755 0.936945 0.131592 -0.654089 -0.200118 -0.068125 0.977401 0.43466 0 0 0 1 
3394309160041;0.389623;0.0513171;0.887926 -0.459521 -0.0206633 0.617552 0.459606 0.884471 0.0804637 -0.736263 -0.0186987 -0.0809428 0.996543 0.0122972 0 0 0 1 
3394309160042;0.283783;0.0500652;0.983623 -0.180202 0.00376125 -0.441777 0.180191 0.983627 0.00303107 -0.196977 -0.00424587 -0.00230369 0.999988 -0.310885 0 0 0 1 
3394309160043;0.314339;0.0500232;0.998963 0.0455183 0.000445907 0.171839 -0.0447477 0.980161 0.193087 -0.150529 0.00835191 -0.192906 0.981182 0.716471 0 0 0 1 
3394309160044;0.531805;0.0554238;0.898267 0.415777 -0.142284 -0.531359 -0.399589 0.907533 0.129274 0.589232 0.182877 -0.0592677 0.981348 0.52243 0 0 0 1 
3394309160045;0.395186;0.380852;0.986235 0.077682 0.145969 -0.359176 -0.0538847 0.985575 -0.160435 -0.18053 -0.156326 0.150361 0.976194 0.265723 0 0 0 1 
3394309160046;0.217132;0.0562789;0.988147 -0.153507 0.00146377 0.215232 0.153469 0.988046 0.0146002 -0.697594 -0.0036875 -0.0142025 0.999892 0.20689 0 0 0 1 
3394309160047;0.371665;0.0506644;0.973355 -0.166369 0.157803 -0.0661929 0.18139 0.979641 -0.0860244 -0.00386489 -0.140278 0.112356 0.983717 -0.534995 0 0 0 1 
3394309160048;0.441321;0.054128;0.897997 0.341123 0.277916 -0.432447 -0.28304 0.931437 -0.228723 0.661181 -0.336884 0.126731 0.932978 0.903438 0 0 0 1 
3394309160049;0.529697;0.0484112;0.963219 -0.264854 -0.0453996 0.0389284 0.260651 0.879793 0.397523 -1.55056 -0.0653432 -0.394735 0.916468 0.284485 0 0 0 1 
3394309160050;0.242722;0.0488941;0.982414 -0.13524 0.128739 -0.0332404 0.135346 0.990766 0.00797174 -0.284277 -0.128628 0.00959269 0.991646 0.735008 0 0 0 1 
3394309160051;0.288745;0.0541451;0.976518 -0.0323701 0.212991 -0.215768 0.00859848 0.993716 0.111602 -0.184815 -0.215265 -0.10715 0.97066 0.931138 0 0 0 1 
3394309160052;0.346607;0.0623392;0.997183 0.0730224 0.0171164 0.0342651 -0.0732857 0.997194 0.0152958 -0.112124 -0.0159515 -0.0165071 0.999736 -0.7304 0 0 0 1 
3394309160053;0.177457;0.0494969;0.99264 -0.0193976 0.119536 -0.338021 0.0188458 0.999806 0.00574455 -0.306436 -0.119625 -0.00344952 0.992813 0.452405 0 0 0 1 
3394309160054;0.393365;0.0503729;0.996679 -0.0511211 -0.0633769 0.673396 0.061771 0.981823 0.179466 -0.785462 0.0530504 -0.182785 0.981721 0.473389 0 0 0 1 
3394309160055;0.395101;0.0573485;0.997411 -0.0701506 0.0158105 0.702473 0.0711351 0.994711 -0.0740883 0.0866895 -0.0105295 0.0750212 0.997126 -0.474353 0 0 0 1 
3394309160056;0.394726;0.0478558;0.987205 0.15881 0.0143592 -0.625111 -0.159096 0.974901 0.155747 0.338233 0.0107354 -0.156039 0.987693 -0.4312 0 0 0 1 
3394309160057;0.649395;0.0558716;0.93434 0.349119 0.0715913 -1.02077 -0.315106 0.903124 -0.291678 1.24823 -0.166486 0.249967 0.953834 0.567317 0 0 0 1 
3394309160058;0.444142;0.0562672;0.977123 0.212362 0.0115275 -0.377824 -0.211594 0.976186 -0.0478369 0.547397 -0.0214117 0.0443034 0.998789 0.922788 0 0 0 1 
3394309160059;0.406193;0.0535145;0.988451 -0.0173713 0.150541 0.493326 0.0719425 0.928115 -0.365276 -0.00797243 -0.133374 0.371888 0.918646 0.553278 0 0 0 1 
3394309160060;0.43448;0.0569384;0.911777 0.410197 -0.0200476 0.0492401 -0.408014 0.899203 -0.15798 0.711734 -0.0467761 0.152222 0.987239 -0.394118 0 0 0 1 
3394309160062;0.235158;0.0331239;0.95021 -0.268359 0.158384 0.469597 0.282602 0.956289 -0.0751483 -6.15064 -0.131294 0.116166 0.984514 2.96047 0 0 0 1 
3394309160063;0.42419;0.0683228;0.978145 0.207624 -0.0111712 0.636531 -0.207267 0.977914 0.0269215 4.33272 0.016514 -0.0240177 0.999575 0.656764 0 0 0 1 
3394309160064;0.439802;0.565468;0.900318 0.397053 0.178258 0.414222 -0.402358 0.915456 -0.0069257 8.84282 -0.165937 -0.065488 0.983959 3.50431 0 0 0 1 
3394309160065;0.350677;0.0615448;0.988105 0.0764021 0.13346 0.188089 -0.0796287 0.996643 0.0190007 1.23485 -0.131561 -0.0294019 0.990872 2.23554 0 0 0 1 
3394309160066;0.242534;0.0527553;0.999372 0.00769311 -0.0345962 -0.236229 -0.0147582 0.977831 -0.208877 0.17822 0.0322223 0.209256 0.97733 -0.132512 0 0 0 1 
3394309160067;0.392633;0.0616669;0.88153 0.182436 0.435457 1.76595 -0.118138 0.97822 -0.170671 2.99761 -0.457109 0.0990078 0.883883 10.2355 0 0 0 1 
3394309160068;0.328762;0.0631193;0.99011 0.139307 0.0166005 0.116674 -0.140292 0.982777 0.120277 3.59531 0.00044093 -0.121417 0.992602 -0.43395 0 0 0 1 
3394309160069;0.0998438;0.0557159;0.999867 0.0129466 -0.00988374 0.167773 -0.0128984 0.999905 0.00492777 0.354741 0.00994659 -0.00479963 0.999939 -0.246698 0 0 0 1 
3394309160070;0.429464;0.066528;0.919185 0.283647 0.273211 1.2949 -0.344641 0.915061 0.20949 7.47109 -0.190583 -0.28672 0.938866 4.26134 0 0 0 1 
3394309160071;0.0989399;0.0475879;0.998703 0.0497685 -0.0107265 0.0117883 -0.0496552 0.99871 0.0105813 1.11063 0.0112392 -0.010035 0.999886 -0.402104 0 0 0 1 
3394309160072;0.334886;0.0351315;0.9362 -0.350694 -0.0233262 1.10407 0.347422 0.913338 0.212393 -7.97789 -0.0531803 -0.206947 0.976906 0.792278 0 0 0 1 
3394309160073;0.372916;0.0408117;0.988695 -0.149934 0.00136854 0.824289 0.149923 0.988677 0.00633509 -3.28855 -0.00230289 -0.0060583 0.999979 0.448075 0 0 0 1 
3394309160074;0.236373;0.0342845;0.982556 -0.181635 -0.0398979 0.302577 0.184128 0.980279 0.0717689 -4.09157 0.0260753 -0.0778633 0.996623 -1.02915 0 0 0 1 
3394309160075;0.259352;0.0545593;0.979888 0.0700075 -0.186864 0.641647 -0.116692 0.960663 -0.252011 2.87844 0.161871 0.268748 0.949512 -3.22781 0 0 0 1 
3394309160076;0.21267;0.0711464;0.975792 0.16668 0.141592 0.299513 -0.154009 0.983371 -0.0962439 3.70955 -0.155279 0.0721076 0.985235 3.64018 0 0 0 1 
3394309160077;0.259302;0.0593885;0.990305 0.132338 -0.0422279 0.139147 -0.137276 0.978844 -0.151721 3.15984 0.021256 0.156047 0.987521 0.324827 0 0 0 1 
3394309160078;0.466153;0.0350958;0.88232 -0.424948 0.202312 1.71 0.445089 0.893112 -0.065171 -9.35977 -0.152993 0.147548 0.97715 4.26902 0 0 0 1 
3394309160079;0.423773;0.0412255;0.96523 -0.168754 0.199634 -0.310226 0.191847 0.976058 -0.102498 -3.96258 -0.177557 0.137234 0.974495 3.40122 0 0 0 1 
3394309160080;0.255153;0.0532894;0.992538 0.00406368 0.121865 0.0297245 0.0134347 0.989715 -0.142423 -0.0377936 -0.12119 0.142997 0.982275 2.36999 0 0 0 1 
3394309160081;0.296072;0.0389693;0.997004 -0.0707064 0.0313671 0.28354 0.0706811 0.997497 0.00191482 -0.85722 -0.031424 0.000307987 0.999506 0.623373 0 0 0 1 
3394309160082;0.355531;0.0316717;0.904839 -0.417688 -0.0824785 1.85767 0.412909 0.908143 -0.0691611 -8.8979 0.10379 0.0285236 0.99419 -2.21891 0 0 0 1 
3394309160083;0.180325;0.0384476;0.996977 -0.0764561 -0.0138382 -0.0713097 0.0776842 0.977463 0.196295 -2.01993 -0.00148165 -0.196777 0.980447 -0.00810896 0 0 0 1 
3394309160084;0.188147;0.0338452;0.997768 -0.0320023 -0.0585999 -0.131511 0.0312739 0.999422 -0.0133056 -0.424614 0.0589919 0.0114432 0.998193 -1.57968 0 0 0 1 
3394309160085;0.149775;0.057276;0.997443 0.00485721 0.0713017 -0.18721 -0.0170024 0.98517 0.170736 0.122954 -0.069415 -0.171512 0.982734 1.38787 0 0 0 1 
3394309160086;0.360181;0.0462781;0.976579 0.0254619 -0.213647 1.23844 -0.0419279 0.996458 -0.0728965 1.15822 0.211034 0.080147 0.974187 -3.6789 0 0 0 1 
3394309160087;0.069233;0.0346798;0.99623 -0.0842062 -0.0208566 0.0195565 0.0846099 0.996227 0.0192929 -1.81855 0.0191533 -0.0209848 0.999596 -0.375496 0 0 0 1 
3394309160088;0.334175;0.0370913;0.956723 -0.249228 0.150224 -0.254017 0.225265 0.961093 0.159859 -5.05997 -0.184221 -0.119101 0.975642 3.66187 0 0 0 1 
3394309160089;0.384231;0.0390419;0.966504 -0.222937 0.127159 0.0726118 0.210356 0.971951 0.105176 -4.98045 -0.14704 -0.0749041 0.98629 2.39028 0 0 0 1 
3394309160090;0.357505;0.0290357;0.946783 -0.300299 0.115857 0.738349 0.316001 0.935649 -0.157176 -6.28873 -0.061202 0.185423 0.980751 1.93753 0 0 0 1 
3394309160091;0.460987;0.073311;0.973383 0.222925 0.0531977 0.228649 -0.22526 0.973357 0.0428357 3.99615 -0.0422312 -0.0536788 0.997665 0.502933 0 0 0 1 
3394309160093;0.186714;0.0639663;0.980489 -0.0842276 -0.177617 0.468173 0.0889383 0.995861 0.0187145 -1.47124 0.175305 -0.0341463 0.983922 -3.44107 0 0 0 1 
3394309160094;0.310812;0.0863818;0.984985 -0.13819 0.103481 0.267943 0.138362 0.990366 0.00555598 -1.80456 -0.103252 0.00884523 0.994616 1.98462 0 0 0 1 
3394309160095;0.222858;0.0726278;0.998299 -0.0421717 -0.0402551 0.16809 0.0414463 0.998966 -0.018686 -0.758306 0.0410015 0.0169858 0.999015 -0.177979 0 0 0 1 
3394309160096;0.38163;0.0627951;0.995137 -0.0816633 -0.0550821 0.233994 0.0872593 0.990281 0.108298 -1.80404 0.0457028 -0.112577 0.992591 -0.00628534 0 0 0 1 
3394309160097;0.257713;0.0715384;0.999815 1.57134e-05 -0.0192524 -0.158821 0.00018674 0.999945 0.0105139 0.0879645 0.0192515 -0.0105155 0.999759 0.371065 0 0 0 1 
3394309160098;0.436886;0.898795;0.887816 0.446863 0.109983 -0.277769 -0.412704 0.878857 -0.239344 8.03858 -0.203613 0.167103 0.964686 3.81539 0 0 0 1 
3394309160099;0.352112;0.0913783;0.991612 0.0907318 0.0920504 0.478351 -0.0727039 0.980393 -0.183148 1.936 -0.106863 0.174919 0.978766 1.76903 0 0 0 1 
3394309160100;0.383134;0.0646807;0.996012 -0.0230906 -0.0861739 0.263049 0.0287015 0.997508 0.0644507 -0.404409 0.0844709 -0.066667 0.994193 -0.586453 0 0 0 1 
3394309160101;0.349174;0.0851207;0.999835 -0.00260547 0.0179818 -0.090702 0.00647769 0.975749 -0.218795 0.667906 -0.0169757 0.218876 0.975605 1.35301 0 0 0 1 
3394309160102;0.328612;0.0731296;0.989826 0.0910839 -0.10931 0.220912 -0.0778543 0.989749 0.119733 1.4311 0.119095 -0.110004 0.98677 -1.43735 0 0 0 1 
3394309160103;0.353684;0.0694984;0.997726 -0.0141514 0.0659031 -0.920281 0.0106753 0.998548 0.0528027 -0.274513 -0.0665546 -0.0519791 0.996428 1.69838 0 0 0 1 
3394309160104;0.220681;0.0685475;0.97889 -0.149175 0.13972 -0.392713 0.143929 0.988472 0.0469825 -2.18663 -0.145118 -0.0258809 0.989076 2.56647 0 0 0 1 
3394309160105;0.408456;0.418815;0.932047 0.353275 0.0805285 0.317209 -0.359253 0.929937 0.0784437 6.72685 -0.0471742 -0.102043 0.993661 1.40124 0 0 0 1 
3394309160106;0.441483;0.068408;0.892828 -0.427195 0.142697 1.46184 0.378828 0.883634 0.2751 -7.28981 -0.243613 -0.19156 0.950767 4.68179 0 0 0 1 
3394309160107;0.532391;0.0639894;0.912881 -0.37833 -0.153345 2.07267 0.362778 0.924087 -0.120234 -6.34701 0.187192 0.0541294 0.980831 -3.79494 0 0 0 1 
3394309160108;0.223867;0.0705339;0.999997 0.002344 -0.000105286 -0.227181 -0.00234294 0.999955 0.00915622 0.046262 0.000126743 -0.00915595 0.999958 0.617029 0 0 0 1 
3394309160109;0.0784344;0.0632211;0.994041 -0.108892 -0.00493503 -0.128128 0.108972 0.993829 0.020735 -1.93682 0.00264669 -0.0211493 0.999773 -0.0374277 0 0 0 1 
3394309160110;0.305364;0.0696902;0.984149 -0.168116 0.0564677 -0.365433 0.175739 0.967243 -0.183184 -2.95282 -0.0238218 0.190204 0.981456 1.38581 0 0 0 1 
3394309160111;0.289575;0.875084;0.946939 0.249273 0.202901 -0.829846 -0.231698 0.966932 -0.106579 4.40734 -0.222759 0.0539123 0.973382 4.37716 0 0 0 1 
3394309160112;0.386373;0.0703662;0.966515 -0.252857 0.0437265 0.0882521 0.252479 0.9675 0.0140502 -4.62715 -0.0458581 -0.00253971 0.998945 1.71685 0 0 0 1 
3394309160113;0.347639;0.0748698;0.999504 0.0314057 -0.00217313 -0.254939 -0.0314058 0.999507 -1.91822e-05 0.928009 0.00217145 8.74215e-05 0.999998 0.87923 0 0 0 1 
3394309160114;0.578959;0.687338;0.889349 0.37621 0.259853 -0.751195 -0.371989 0.9258 -0.0672183 6.51006 -0.26586 -0.0368821 0.963306 4.71536 0 0 0 1 
3394309160115;0.373208;0.0835193;0.996101 -0.0157095 0.0868061 -0.459717 0.0234586 0.995757 -0.0889834 -0.193377 -0.0850399 0.0906729 0.992243 0.794236 0 0 0 1 
3394309160116;0.177223;0.0765126;0.999451 -0.0326236 -0.00571115 0.154064 0.0325755 0.999435 -0.00833349 -0.1617 0.00597979 0.00814287 0.999949 -0.142655 0 0 0 1 
3394309160117;0.448363;0.0667832;0.97723 -0.207224 -0.0456001 0.22709 0.186486 0.94133 -0.281285 -2.59232 0.101214 0.266377 0.95854 -2.18822 0 0 0 1 
3394309160118;0.307421;0.0878165;0.955813 0.184198 0.229113 0.425802 -0.129531 0.963509 -0.234248 2.90806 -0.2639 0.19422 0.944794 4.93918 0 0 0 1 
3394309160119;0.336676;0.0613545;0.929991 -0.360983 -0.0693345 0.973463 0.362023 0.932165 0.00263555 -6.37863 0.0636799 -0.0275518 0.99759 -0.716142 0 0 0 1 
3394309160120;0.390228;0.0634421;0.877304 -0.448765 0.170139 1.40099 0.463319 0.884399 -0.0563358 -8.1319 -0.12519 0.128253 0.983808 2.84212 0 0 0 1 
3394309160121;0.364275;0.0836442;0.933468 -0.112663 0.340506 0.191339 0.183569 0.965685 -0.183724 -2.55744 -0.308123 0.234007 0.922118 5.98641 0 0 0 1 
3394309160122;0.150012;0.0939898;0.983324 0.177663 -0.0388525 0.53052 -0.178673 0.98361 -0.0242544 3.2608 0.0339066 0.0307918 0.998951 -0.507982 0 0 0 1 
3394309160124;0.265891;0.0615962;0.968619 -0.237833 0.0721986 -0.0813859 0.239261 0.970885 -0.0116971 -5.89883 -0.0673145 0.0286043 0.997322 1.52461 0 0 0 1 
3394309160125;0.0924407;0.0734091;0.991827 0.0195334 0.126083 -0.0429111 -0.0283029 0.997274 0.0681412 0.636778 -0.124408 -0.0711528 0.989677 2.83802 0 0 0 1 
3394309160126;0.454214;0.0737923;0.919497 0.29251 -0.26261 3.0958 -0.293378 0.955287 0.0368276 7.41285 0.26164 0.043181 0.964199 -5.82668 0 0 0 1 
3394309160127;0.391085;0.0743094;0.919078 0.389941 -0.0569297 2.06464 -0.375225 0.91008 0.175957 8.79644 0.120423 -0.140356 0.98275 -3.11429 0 0 0 1 
3394309160128;0.398984;0.0853823;0.94186 0.334541 0.031334 1.16209 -0.326319 0.932953 -0.152032 8.13233 -0.0800939 0.132968 0.987879 2.02802 0 0 0 1 
3394309160129;0.0588853;0.0602921;0.999963 -0.00773139 -0.00387775 -0.165402 0.00776603 0.999929 0.00899779 -0.233611 0.00380791 -0.00902757 0.999952 0.11157 0 0 0 1 
3394309160130;0.354684;0.0721314;0.98806 -0.116245 0.101119 0.230764 0.145978 0.916242 -0.373084 -3.24122 -0.0492805 0.383391 0.922271 1.71757 0 0 0 1 
3394309160131;0.385569;0.0808453;0.887527 0.456841 0.0599257 2.90853 -0.457139 0.889345 -0.00944758 10.7218 -0.0576107 -0.0190094 0.998158 1.43864 0 0 0 1 
3394309160132;0.356548;0.0597749;0.902334 -0.427773 0.0529546 1.778 0.431016 0.894223 -0.12079 -10.0228 0.00431742 0.131817 0.991265 0.144903 0 0 0 1 
3394309160133;0.361702;0.0586277;0.947178 -0.189349 -0.258845 1.53581 0.259395 0.926932 0.271128 -6.28568 0.188594 -0.32395 0.927086 -4.66403 0 0 0 1 
3394309160134;0.414145;0.0659601;0.975584 -0.218164 0.0253149 0.992914 0.219335 0.973736 -0.0610739 -4.78203 -0.011326 0.0651352 0.997812 0.432997 0 0 0 1 
3394309160135;0.292331;0.0700864;0.99912 0.00355379 -0.0418008 -0.000750087 0.000625368 0.995033 0.0995426 -0.44399 0.0419469 -0.0994811 0.994155 -1.61819 0 0 0 1 
3394309160136;0.443471;0.0745195;0.971228 0.237619 -0.0159133 0.844029 -0.237289 0.971229 0.0201829 5.83975 0.0202514 -0.0158262 0.99967 -1.25813 0 0 0 1 
3394309160137;0.250953;0.0536109;0.980298 -0.18831 -0.0596294 0.337865 0.19392 0.974918 0.109224 -4.64033 0.0375659 -0.118635 0.992227 -1.35724 0 0 0 1 
3394309160138;0.370395;0.0663973;0.924597 -0.274366 -0.264278 1.79765 0.253691 0.960996 -0.110123 -5.46152 0.284184 0.034775 0.958139 -6.01945 0 0 0 1 
3394309160139;0.0858104;0.0845018;0.997996 0.0624084 -0.0104135 -0.0134661 -0.0613116 0.994542 0.0844173 1.30672 0.015625 -0.0836097 0.996376 -0.435088 0 0 0 1 
3394309160140;0.322515;0.0585357;0.902358 -0.0571498 -0.427181 2.9193 0.0619974 0.998073 -0.00256525 -1.44536 0.426505 -0.0241694 0.904162 -9.99398 0 0 0 1 
3394309160141;0.361297;0.0801768;0.942278 0.334781 0.00573332 1.16412 -0.334809 0.941885 0.0274925 7.9838 0.00380384 -0.0278251 0.999606 -0.126066 0 0 0 1 
3394309160142;0.193657;0.0707183;0.967471 0.0147993 0.252548 0.157233 -0.0260809 0.998803 0.041382 0.604028 -0.251633 -0.0466225 0.966699 6.02297 0 0 0 1 
3394309160143;0.448915;0.0804455;0.973659 0.227522 -0.0148781 -0.0459579 -0.226875 0.973253 0.0361357 4.9733 0.0227019 -0.0318084 0.999236 -0.826316 0 0 0 1 
3394309160144;0.382267;0.0566429;0.924713 -0.344794 -0.161315 1.00412 0.331971 0.937812 -0.101505 -8.16809 0.186282 0.0403111 0.981669 -4.44266 0 0 0 1 
3394309160145;0.390824;0.0640973;0.909948 0.116808 -0.397934 2.78279 -0.205303 0.960569 -0.187501 5.14713 0.360341 0.252314 0.898049 -8.28111 0 0 0 1 
3394309160146;0.519843;0.0751588;0.988171 0.043334 0.147105 0.0443465 -0.0780275 0.967872 0.239031 1.6274 -0.132021 -0.247682 0.959804 4.02833 0 0 0 1 
3394309160147;0.314525;0.0564449;0.951929 -0.197034 -0.234539 0.703489 0.24003 0.955494 0.171514 -5.63665 0.190307 -0.219565 0.956856 -4.27675 0 0 0 1 
3394309160148;0.159477;0.0734574;0.996458 -0.00102102 0.0840857 0.0818462 -0.00813731 0.994063 0.108502 -0.0999821 -0.0836973 -0.108802 0.990534 1.86408 0 0 0 1 
3394309160149;0.32406;0.0648423;0.995918 -0.0873148 0.0228796 0.264942 0.0746525 0.939266 0.334972 -2.09665 -0.0507381 -0.331897 0.94195 0.606312 0 0 0 1 
3394309160150;0.0510986;0.0757444;0.998756 0.0473746 0.0155699 -0.0999611 -0.0475426 0.998813 0.0106014 1.14081 -0.0150491 -0.0113284 0.999823 0.456631 0 0 0 1 
3394309160151;0.610087;0.0623698;0.92494 -0.347747 -0.153486 2.5508 0.335367 0.936645 -0.10112 -7.44908 0.178926 0.0420557 0.982963 -3.81001 0 0 0 1 
3394309160152;0.362678;0.0806182;0.92462 0.280551 -0.257622 2.52893 -0.306253 0.949736 -0.0648956 7.3727 0.226466 0.138901 0.964064 -5.3495 0 0 0 1 
3394309160153;0.287468;0.0745072;0.957382 0.28043 -0.0691226 1.17698 -0.258484 0.938691 0.228134 5.69104 0.128861 -0.200545 0.971173 -2.98069 0 0 0 1 
3394309160155;0.447786;0.0792182;0.968499 -0.238501 -0.071598 0.384478 0.246154 0.87347 0.42007 -3.12902 -0.0376487 -0.424462 0.904663 0.244183 0 0 0 1 
3394309160156;0.233355;0.0587966;0.928621 0.0706266 -0.364245 1.09243 -0.0606914 0.997407 0.0386667 0.535814 0.366031 -0.0138002 0.9305 -3.16434 0 0 0 1 
3394309160157;0.264959;0.207346;0.976847 0.0351696 0.21103 -0.536536 -0.0831419 0.971269 0.22299 0.330782 -0.197125 -0.235373 0.951705 1.45126 0 0 0 1 
3394309160158;0.276214;0.0697436;0.986484 -0.160357 0.0336975 -0.0276407 0.160521 0.98703 -0.00220614 -1.64607 -0.0329066 0.00758547 0.99943 -0.178475 0 0 0 1 
3394309160159;0.327677;0.106822;0.999537 0.0267415 0.0145055 -0.438233 -0.0276968 0.997146 0.0702376 0.170375 -0.0125858 -0.0706069 0.997425 0.987335 0 0 0 1 
3394309160160;0.133668;0.157105;0.985579 -0.00163838 0.169209 -0.565598 0.0119313 0.998137 -0.0598306 0.00916583 -0.168796 0.0609867 0.983762 1.62857 0 0 0 1 
3394309160161;0.30505;0.823938;0.946397 0.322751 -0.012847 -1.80195 -0.322313 0.946223 0.0278529 3.1023 0.0211457 -0.0222191 0.999529 0.175867 0 0 0 1 
3394309160162;0.0502853;0.0935588;0.999938 -0.00952168 -0.00583512 -0.121194 0.00950929 0.999952 -0.00214787 -0.141288 0.00585529 0.00209225 0.999981 0.0884176 0 0 0 1 
3394309160163;0.250016;0.0772792;0.994474 -0.0744297 -0.0740361 -0.0480207 0.0910983 0.962314 0.256229 -1.28823 0.0521749 -0.261557 0.963777 -0.241269 0 0 0 1 
3394309160164;0.523579;0.97085;0.902597 0.428645 -0.0397831 -2.32215 -0.428842 0.903371 0.00388686 3.75017 0.037605 0.0135524 0.999201 0.0998573 0 0 0 1 
3394309160165;0.368871;0.761385;0.961304 0.273323 0.0344889 -1.64235 -0.255522 0.931405 -0.259216 2.58921 -0.102973 0.240373 0.965203 1.77583 0 0 0 1 
3394309160166;0.306131;0.098124;0.99942 -0.0114214 -0.0320899 -0.0911749 0.0114501 0.999934 0.000711742 -0.11168 0.0320797 -0.00107876 0.999485 -0.987762 0 0 0 1 
3394309160167;0.598213;0.0549062;0.894591 -0.13987 -0.424433 1.97188 0.216579 0.966462 0.137999 -2.82131 0.390897 -0.215376 0.894882 -2.88093 0 0 0 1 
3394309160168;0.1742;0.108423;0.999327 0.0352353 -0.0102268 -0.273069 -0.0352172 0.999378 0.00194436 0.315491 0.010289 -0.00158289 0.999946 0.432397 0 0 0 1 
3394309160169;0.457369;0.0587664;0.942579 -0.331247 0.0426753 0.115388 0.329794 0.943301 0.0376781 -3.9344 -0.0527364 -0.0214405 0.998378 1.08178 0 0 0 1 
3394309160170;0.210774;0.112945;0.985975 -0.105592 0.129244 -0.467611 0.125738 0.979203 -0.159221 -0.963209 -0.109744 0.173238 0.978747 0.957302 0 0 0 1 
3394309160171;0.312176;0.103264;0.97953 -0.198503 0.0334421 0.225683 0.181342 0.942273 0.281489 -1.99602 -0.0873878 -0.269662 0.958982 0.742924 0 0 0 1 
3394309160172;0.347442;0.0899865;0.990899 -0.0565583 -0.122146 -0.0255024 0.0407691 0.990923 -0.128099 -0.368036 0.128283 0.121953 0.984211 -0.12473 0 0 0 1 
3394309160173;0.513361;0.1493;0.967321 -0.24132 0.0778122 0.442498 0.252499 0.888818 -0.382422 -1.47696 0.0231253 0.389572 0.920706 0.128009 0 0 0 1 
3394309160174;0.158617;0.103579;0.997426 0.0488513 -0.0524908 -0.423301 -0.0547638 0.991521 -0.117845 0.6279 0.0462888 0.120417 0.991644 -0.0978479 0 0 0 1 
3394309160175;0.423765;0.12714;0.984077 -0.0388162 -0.173451 0.845557 0.00192583 0.978134 -0.207968 0.476838 0.177731 0.204322 0.962634 -1.57563 0 0 0 1 
3394309160176;0.19621;0.140015;0.996059 -0.040241 0.0790402 -0.247761 0.0367819 0.998321 0.0447427 -0.0918493 -0.080708 -0.0416591 0.995867 0.438553 0 0 0 1 
3394309160177;0.557777;0.0825164;0.955331 0.17918 -0.235028 0.427009 -0.0767822 0.918421 0.388082 0.285002 0.285391 -0.3527 0.891154 -1.45073 0 0 0 1 
3394309160178;0.217629;0.134525;0.999953 -0.00715469 -0.00658462 0.0594175 0.00715842 0.999974 0.000543428 -0.336665 0.00658056 -0.000590538 0.999978 0.334156 0 0 0 1 
3394309160179;0.268847;0.0611402;0.960129 -0.279337 -0.0110459 -0.326741 0.279532 0.959813 0.0249136 -2.86734 0.00364269 -0.027008 0.999629 -0.0799356 0 0 0 1 
3394309160180;0.363436;0.142823;0.997331 -0.00792337 0.0725828 -0.3914 0.0120922 0.998291 -0.0571775 0.328899 -0.0720057 0.0579026 0.995722 1.64066 0 0 0 1 
3394309160181;0.481709;0.0727981;0.902316 -0.43065 -0.0191512 0.960597 0.430633 0.902512 -0.00519915 -3.99786 0.0195232 -0.00355588 0.999803 0.654623 0 0 0 1 
3394309160182;0.293983;0.079704;0.998164 -0.0462788 -0.0390872 -0.141145 0.0460745 0.998919 -0.00611164 -0.935728 0.0393278 0.00429949 0.999217 0.286288 0 0 0 1 
3394309160183;0.436918;0.0926308;0.97281 -0.231455 0.0082949 0.278815 0.220324 0.93588 0.274928 -2.9684 -0.0713964 -0.265625 0.961429 0.302373 0 0 0 1 
3394309160184;0.141133;0.0801174;0.999742 -0.00930353 -0.0207121 -0.484257 0.008882 0.999753 -0.0203515 -0.164322 0.0208964 0.0201623 0.999578 0.080369 0 0 0 1 
3394309160186;0.458534;0.0213696;0.911872 0.409115 -0.0333805 2.20124 -0.410225 0.911134 -0.0393667 8.10548 0.0143086 0.049591 0.998667 -0.912148 0 0 0 1 
3394309160187;0.388653;0.0504337;0.88909 -0.457727 0.00217715 1.83608 0.456551 0.886443 -0.0760258 -8.94144 0.0328692 0.0685878 0.997103 -0.308386 0 0 0 1 
3394309160188;0.269366;0.0638057;0.987975 -0.154602 0.00189566 0.300277 0.152311 0.975297 0.159989 -3.24701 -0.0265834 -0.157776 0.987117 0.858629 0 0 0 1 
3394309160189;0.483079;0.04604;0.969692 -0.192451 -0.150535 1.08285 0.13984 0.942364 -0.303966 -1.86456 0.200357 0.273702 0.940715 -3.98927 0 0 0 1 
3394309160190;0.0786131;0.024596;0.997496 0.068123 -0.0189834 0.187573 -0.0682041 0.997665 -0.00365805 1.2746 0.0186899 0.00494363 0.999813 -0.45779 0 0 0 1 
3394309160191;0.461554;0.0724903;0.954276 -0.298476 -0.0164073 0.892821 0.298749 0.954163 0.0179477 -6.64745 0.0102983 -0.0220287 0.999704 0.450088 0 0 0 1 
3394309160192;0.432023;0.044741;0.987321 -0.0174509 -0.157774 1.23731 -0.0243871 0.965463 -0.259397 1.25266 0.156852 0.259956 0.952796 -2.41151 0 0 0 1 
3394309160193;0.353577;0.020218;0.95083 0.309712 -0.000375322 1.54231 -0.309618 0.950509 -0.0258743 6.0659 -0.00765686 0.0247183 0.999665 -0.39257 0 0 0 1 
3394309160194;0.352735;0.0487241;0.952838 -0.215556 0.213627 0.448702 0.136614 0.933223 0.332311 -3.41907 -0.270993 -0.287454 0.918658 5.10138 0 0 0 1 
3394309160195;0.362433;0.025241;0.898842 0.437844 0.0193874 2.41469 -0.43723 0.898876 -0.0291938 8.43909 -0.0302092 0.0177638 0.999386 0.440877 0 0 0 1 
3394309160196;0.182053;0.0522575;0.993867 -0.0976581 0.0518815 0.0706837 0.0887737 0.984344 0.152268 -2.14325 -0.0659395 -0.146728 0.986977 0.935571 0 0 0 1 
3394309160197;0.398636;0.0232175;0.918182 0.384009 -0.0973543 2.47178 -0.395847 0.899059 -0.187079 7.92553 0.0156873 0.21031 0.977509 0.545911 0 0 0 1 
3394309160198;0.114611;0.0462107;0.992182 -0.124643 -0.00630872 0.135309 0.124633 0.992201 -0.00184195 -2.56265 0.0064891 0.00104127 0.999978 -0.0256611 0 0 0 1 
3394309160199;0.260161;0.0219581;0.948178 0.317542 0.0111984 1.33645 -0.316892 0.947634 -0.0396208 6.2893 -0.0231933 0.0340189 0.999152 0.557409 0 0 0 1 
3394309160200;0.239388;0.0543674;0.999285 -0.0241246 -0.0291012 0.123605 0.0245126 0.999614 0.0130491 -0.593759 0.0287752 -0.0137531 0.999491 0.0949921 0 0 0 1 
3394309160201;0.340496;0.02441;0.969286 -0.0717875 0.235228 0.643713 0.116658 0.976208 -0.182783 -1.64067 -0.21651 0.20461 0.954599 4.25571 0 0 0 1 
3394309160202;0.373558;0.0426155;0.986544 -0.0747406 0.14541 -0.583349 0.0755631 0.997141 -0.000134031 -1.26842 -0.144984 0.0111198 0.989372 2.23616 0 0 0 1 
3394309160203;0.451354;0.0236982;0.917863 0.394417 0.0443008 1.92156 -0.358878 0.872425 -0.331784 7.55698 -0.169511 0.288634 0.942314 3.55638 0 0 0 1 
3394309160204;0.469117;0.0271595;0.871391 0.490564 -0.00504675 2.99563 -0.490557 0.871405 0.0026284 9.51674 0.00568717 0.000185353 0.999984 -0.61231 0 0 0 1 
3394309160205;0.327235;0.0613184;0.980253 -0.190008 -0.0547877 0.826298 0.192554 0.980224 0.0456506 -4.25798 0.0450302 -0.0552987 0.997454 -1.24566 0 0 0 1 
3394309160206;0.165571;0.0569325;0.99834 -0.00165757 -0.0575759 0.038585 -0.00531109 0.992678 -0.120671 0.341231 0.0573543 0.120776 0.991022 -0.634345 0 0 0 1 
3394309160207;0.420271;0.0291156;0.970983 0.111682 0.211468 0.53334 -0.122192 0.991807 0.0372638 2.2347 -0.205573 -0.0620222 0.976674 5.00044 0 0 0 1 
3394309160208;0.487381;0.0311763;0.922861 0.314942 -0.221674 1.43108 -0.257982 0.932878 0.251364 4.29206 0.28596 -0.174786 0.942166 -5.26932 0 0 0 1 
3394309160209;0.287731;0.0360386;0.995413 0.077825 0.055636 -0.0267714 -0.0849075 0.986649 0.138976 1.60877 -0.0440775 -0.143062 0.988732 0.0895975 0 0 0 1 
3394309160210;0.372686;0.0631435;0.95333 -0.299567 0.0377168 0.758502 0.301914 0.947147 -0.108449 -5.61679 -0.00323573 0.114775 0.993386 0.86562 0 0 0 1 
3394309160211;0.423056;0.0607882;0.915669 -0.325648 -0.235593 1.93846 0.355259 0.929882 0.0954439 -7.09038 0.187992 -0.171092 0.967154 -3.24109 0 0 0 1 
3394309160212;0.468609;0.0483082;0.962716 -0.269665 0.021401 1.19653 0.270044 0.962692 -0.0173582 -5.78035 -0.0159217 0.0224903 0.99962 0.971947 0 0 0 1 
3394309160213;0.266849;0.0499651;0.979794 -0.141234 0.14162 -0.2141 0.166602 0.968096 -0.187175 -2.91238 -0.110667 0.206988 0.972064 2.54755 0 0 0 1 
3394309160214;0.475344;0.0429026;0.994999 -0.0952338 0.0301148 0.418703 0.0990917 0.903344 -0.417314 -1.28353 0.0125384 0.418212 0.908263 1.1842 0 0 0 1 
3394309160215;0.281079;0.0529024;0.872067 0.090854 -0.48088 3.16899 -0.0632309 0.995298 0.0733764 1.25977 0.485285 -0.0335827 0.873711 -9.42607 0 0 0 1 
3394309160217;0.276984;0.0515926;0.999996 -0.00104669 0.00270927 -0.672227 0.00102971 0.99998 0.00626153 0.347165 -0.00271577 -0.00625871 0.999977 0.44218 0 0 0 1 
3394309160218;0.423487;0.974841;0.93091 0.191434 0.311063 -2.49096 -0.242451 0.960828 0.134266 2.66409 -0.273175 -0.200407 0.940857 3.31278 0 0 0 1 
3394309160219;0.217232;0.108256;0.986178 0.158628 -0.047846 0.230553 -0.164806 0.968873 -0.184725 2.49506 0.0170542 0.190057 0.981625 0.129087 0 0 0 1 
3394309160220;0.375115;0.0593002;0.921332 0.181875 -0.343612 1.49102 -0.101377 0.96564 0.239293 0.535418 0.375327 -0.185634 0.908113 -5.17754 0 0 0 1 
3394309160221;0.326953;0.0856018;0.981695 0.180434 -0.0609763 -0.254553 -0.176971 0.982498 0.058123 1.93651 0.0703964 -0.046268 0.996445 -0.318479 0 0 0 1 
3394309160222;0.142051;0.0638579;0.999207 -0.0361151 0.0167745 -0.39306 0.0365121 0.999045 -0.0239965 -0.742418 -0.0158918 0.0245899 0.999571 0.39763 0 0 0 1 
3394309160223;0.261461;0.108275;0.960002 0.270861 -0.0709257 0.0973024 -0.266878 0.96181 0.0608124 3.38754 0.0846887 -0.0394515 0.995626 -1.13039 0 0 0 1 
3394309160224;0.0854273;0.0954797;0.993799 0.110791 -0.00937096 -0.0702476 -0.110645 0.993748 0.0149114 1.3426 0.0109644 -0.013782 0.999845 -0.0786993 0 0 0 1 
3394309160225;0.231107;0.0606507;0.999946 0.00227535 -0.0101014 -0.353252 -0.0020641 0.99978 0.0208746 0.553972 0.0101466 -0.0208526 0.999731 0.132154 0 0 0 1 
3394309160226;0.061528;0.0734726;1 -0.000115538 -0.000168812 -0.178095 0.000115949 0.999997 0.00243827 0.0414549 0.00016853 -0.00243829 0.999997 -0.0738027 0 0 0 1 
3394309160227;0.376137;1.56048;0.887595 0.458918 -0.0396166 -2.35968 -0.459113 0.888366 0.00456335 5.76222 0.0372882 0.0141381 0.999205 -0.245672 0 0 0 1 
3394309160228;0.303595;0.0731656;0.965046 -0.250073 0.0784255 0.149584 0.261792 0.933878 -0.24359 -2.99731 -0.0123246 0.255606 0.966702 0.269005 0 0 0 1 
3394309160229;0.401686;0.066043;0.929845 -0.317467 0.186017 0.941616 0.32136 0.946908 0.00966114 -3.66749 -0.179208 0.050795 0.982499 2.52895 0 0 0 1 
3394309160230;0.10387;0.0977458;0.99131 0.127459 -0.0325238 -0.0912816 -0.128416 0.991289 -0.0292435 1.67355 0.0285131 0.0331659 0.999043 -0.273992 0 0 0 1 
3394309160231;0.26477;0.0938476;0.925333 -0.227803 0.303091 0.129224 0.189953 0.97036 0.149398 -2.77319 -0.328141 -0.0806699 0.941178 4.33669 0 0 0 1 
3394309160232;0.456423;0.0989197;0.87116 0.282504 -0.401588 2.61978 -0.278825 0.957862 0.0689726 3.83879 0.404151 0.0518866 0.91322 -5.49157 0 0 0 1 
3394309160233;0.155497;0.0960184;0.99924 0.0297918 0.0251255 -0.375774 -0.0306071 0.998996 0.0327153 0.341535 -0.0241257 -0.0334594 0.999149 0.747095 0 0 0 1 
3394309160234;0.449685;0.0520155;0.946509 -0.3226 0.00708461 0.571299 0.322667 0.946064 -0.0291442 -4.00027 0.00269943 0.0298712 0.99955 -0.809115 0 0 0 1 
3394309160235;0.164832;0.0620971;0.972615 0.12491 -0.196004 0.233165 -0.113878 0.991258 0.0666212 1.45915 0.202612 -0.0424762 0.978337 -2.52105 0 0 0 1 
3394309160236;0.330502;0.121221;0.972582 0.223663 0.0637031 -0.0987193 -0.208711 0.960294 -0.185133 3.26618 -0.102581 0.166762 0.980647 1.90551 0 0 0 1 
3394309160237;0.197559;0.0874576;0.999901 -0.0134546 0.00408257 0.102783 0.0133992 0.999822 0.0133094 0.0694372 -0.00426091 -0.0132534 0.999903 -0.186433 0 0 0 1 
3394309160238;0.37956;0.112702;0.981839 -0.141801 0.126037 0.612526 0.126334 0.9843 0.12326 -1.51416 -0.141537 -0.105099 0.984338 1.9751 0 0 0 1 
3394309160239;0.353533;0.0506421;0.99553 -0.0459842 0.0825008 -0.858468 0.044824 0.998869 0.015861 -0.423468 -0.0831368 -0.012092 0.996465 0.535073 0 0 0 1 
3394309160240;0.540644;0.903126;0.937304 0.298331 0.180167 -2.08004 -0.218475 0.905741 -0.363182 4.07014 -0.271533 0.301049 0.914133 3.71892 0 0 0 1 
3394309160241;0.23847;0.770903;0.978441 0.0748001 0.192504 -1.61288 -0.0871748 0.994582 0.0566251 0.981055 -0.187225 -0.0721858 0.979661 2.00168 0 0 0 1 
3394309160242;0.249114;0.0582453;0.999315 -0.0237822 0.028362 -0.412996 0.0231197 0.999457 0.0234627 -0.296548 -0.0289046 -0.0227909 0.999322 -0.18189 0 0 0 1 
3394309160243;0.309141;0.494889;0.956532 0.16417 0.241029 -1.25008 -0.119117 0.974349 -0.190931 1.99924 -0.266192 0.153921 0.951551 3.41685 0 0 0 1 
3394309160244;0.346424;0.116424;0.999989 -0.00421733 -0.00179588 0.287348 0.00423036 0.999964 0.00731479 -0.43282 0.00176497 -0.00732231 0.999972 0.672949 0 0 0 1 
3394309160245;0.222213;0.139009;0.982123 0.138651 0.127323 -0.172591 -0.145123 0.988479 0.0430056 1.97821 -0.119893 -0.0607143 0.990929 1.1593 0 0 0 1 
3394309160246;0.394505;1.10844;0.904205 0.422355 0.0634769 -1.98002 -0.426641 0.900081 0.0884992 5.49014 -0.0197562 -0.107103 0.994052 0.198779 0 0 0 1 
3394309160248;0.387346;0.0432911;0.994535 0.0915091 -0.0502518 0.136819 -0.0630909 0.91032 0.409068 0.458096 0.0831787 -0.403663 0.911119 -1.20925 0 0 0 1 
3394309160249;0.0790091;0.0341681;0.996332 -0.085372 0.00587738 0.0169319 0.0853638 0.996349 0.00162953 -1.44929 -0.00599504 -0.00112184 0.999981 0.136989 0 0 0 1 
3394309160250;0.489213;0.0440376;0.931034 0.269673 -0.245869 1.70863 -0.22831 0.956033 0.184051 3.32886 0.284692 -0.115224 0.951669 -3.91176 0 0 0 1 
3394309160251;0.37181;0.0707532;0.883871 0.44118 -0.155346 2.25963 -0.401317 0.885912 0.232604 6.52118 0.240244 -0.143249 0.960085 -4.05356 0 0 0 1 
3394309160252;0.374908;0.0338642;0.932937 -0.359863 -0.0112827 1.26152 0.359902 0.932989 0.00157749 -6.37169 0.00995894 -0.00553236 0.999935 -0.403824 0 0 0 1 
3394309160253;0.217625;0.0526186;0.971214 -0.151151 0.18411 0.174842 0.160145 0.986476 -0.034914 -2.58084 -0.176343 0.0633934 0.982285 3.50747 0 0 0 1 
3394309160254;0.306431;0.0339913;0.999831 -0.0183861 0.000802042 -0.744886 0.0183864 0.999831 -0.000309131 0.0135839 -0.000796223 0.000323825 1 0.409771 0 0 0 1 
3394309160255;0.470321;0.0445783;0.9738 -0.223474 -0.0421116 -0.401158 0.197191 0.922041 -0.333101 -2.42535 0.113268 0.31607 0.94195 -1.68035 0 0 0 1 
3394309160256;0.293686;0.0331407;0.999232 0.0338001 -0.0198238 -0.521058 -0.0335069 0.999327 0.0149425 0.0714261 0.0203155 -0.0142668 0.999692 -0.0543571 0 0 0 1 
3394309160257;0.406176;0.0571516;0.988679 0.0715683 0.131876 -0.0808518 -0.0436231 0.978053 -0.20374 1.86053 -0.143563 0.19568 0.970103 3.0826 0 0 0 1 
3394309160258;0.344851;0.0554421;0.970302 0.0676 0.232258 -0.151413 -0.0158289 0.975844 -0.217896 1.03758 -0.241377 0.207749 0.947933 4.41995 0 0 0 1 
3394309160259;0.414136;0.0382086;0.877341 -0.460371 -0.135391 2.08019 0.46845 0.88285 0.0336272 -8.19905 0.104049 -0.0929264 0.990221 -1.76563 0 0 0 1 
3394309160260;0.148826;0.0449197;0.970931 0.0983664 -0.218213 0.828168 -0.084244 0.993758 0.0731267 1.35072 0.224045 -0.0526178 0.973157 -3.89458 0 0 0 1 
3394309160261;0.341319;0.036268;0.985642 -0.166718 -0.026732 0.286701 0.165472 0.985254 -0.0435058 -2.33277 0.033591 0.0384577 0.998695 0.144556 0 0 0 1 
3394309160262;0.467106;0.0521144;0.975301 0.217374 -0.039209 0.451998 -0.193117 0.925325 0.326313 2.91866 0.107213 -0.310682 0.944448 -1.13218 0 0 0 1 
