#;prob_registration_l1 -r /home/probabilistic_point_clouds_registration/build/tester /home/point_clouds_registration_benchmark//devel/registration_pairs/long_office_household_local.txt /home/point_clouds_registration_benchmark//tum/long_office_household -s 0.1 -t 0.1 -p 0.3 -r 1000 -m 25 -i 40 
id;initial_error;final_error;transformation
26456013410000;0.652746;0.624354;0.716449 0.576135 -0.393406 0.629365 -0.534585 0.815701 0.221021 -0.364655 0.44824 0.051959 0.892402 -0.048355 0 0 0 1 
26456013410001;1.0574;0.655994;0.812749 0.524977 -0.252662 -0.00544843 -0.392687 0.813969 0.428079 0.116993 0.430391 -0.248703 0.867704 1.33788 0 0 0 1 
26456013410002;0.577722;0.64558;0.847664 0.477338 -0.231549 0.352261 -0.342029 0.825323 0.449287 0.0189506 0.405564 -0.301647 0.862859 0.925616 0 0 0 1 
26456013410003;1.10585;0.642532;0.977565 -0.0920155 -0.189475 0.641758 0.145403 0.945623 0.290956 -0.0738516 0.152399 -0.311978 0.937787 -0.625967 0 0 0 1 
26456013410004;0.510854;0.5582;0.897307 0.429421 0.102168 0.182029 -0.426662 0.784453 0.450104 -0.473357 0.113138 -0.447472 0.887112 -0.0293669 0 0 0 1 
26456013410005;0.315858;0.61471;0.945353 0.250759 -0.208393 0.510243 -0.198314 0.949548 0.24296 0.0257277 0.258803 -0.188356 0.947387 0.0794722 0 0 0 1 
26456013410006;0.127418;0.644397;0.902073 0.390168 -0.184483 0.516037 -0.332489 0.900792 0.279328 -0.255703 0.275166 -0.190636 0.942307 0.368119 0 0 0 1 
26456013410007;0.936325;0.659119;0.950295 -0.0392493 -0.308867 0.107996 0.108241 0.971791 0.209537 0.367196 0.29193 -0.232554 0.927737 0.842317 0 0 0 1 
26456013410008;0.859142;0.657377;0.904636 0.317742 -0.284031 0.334245 -0.210496 0.912605 0.350491 0.0414395 0.370574 -0.257279 0.892459 1.19843 0 0 0 1 
26456013410009;0.404949;0.617778;0.852548 0.389728 -0.348243 0.164909 -0.29433 0.908614 0.296293 -0.171023 0.431893 -0.150105 0.889346 0.631764 0 0 0 1 
26456013410010;0.333714;0.639705;0.880615 0.315002 -0.353965 0.41936 -0.24903 0.943215 0.219838 -0.245531 0.403115 -0.105445 0.909054 0.146327 0 0 0 1 
26456013410011;0.463956;0.596443;0.968753 0.203104 -0.142357 0.542546 -0.178632 0.969529 0.167642 -0.0182139 0.172068 -0.136975 0.975516 -0.201122 0 0 0 1 
26456013410012;1.06761;0.628365;0.827543 0.2047 -0.522753 0.983433 -0.210953 0.9763 0.0483514 0.581581 0.520261 0.0702637 0.851112 1.15726 0 0 0 1 
26456013410013;0.408963;0.587497;0.730273 0.653636 -0.198649 0.425354 -0.586728 0.74904 0.307716 -0.401589 0.34993 -0.108164 0.930511 0.427522 0 0 0 1 
26456013410014;0.281798;0.605497;0.85282 0.472032 -0.223347 0.26989 -0.381542 0.855253 0.350667 -0.466572 0.356545 -0.21384 0.909477 0.218981 0 0 0 1 
26456013410015;0.444148;0.567089;0.933453 0.211076 -0.29002 0.234775 -0.178191 0.974583 0.135777 0.0116843 0.311308 -0.0750623 0.94734 0.516291 0 0 0 1 
26456013410016;0.631913;0.619587;0.745618 0.666374 -0.000279327 -0.0302555 -0.628572 0.70346 0.331723 -0.184009 0.221248 -0.247163 0.943377 0.816734 0 0 0 1 
26456013410017;0.712942;0.600068;0.884384 0.416773 -0.210153 0.602338 -0.353232 0.891916 0.282335 0.361378 0.305108 -0.17546 0.936014 0.509189 0 0 0 1 
26456013410018;0.599666;0.563778;0.786964 0.614059 0.0601571 0.185152 -0.592202 0.724375 0.352956 -0.6849 0.17316 -0.313389 0.933704 0.146266 0 0 0 1 
26456013410019;0.16999;0.551866;0.930377 0.338134 -0.141648 0.37971 -0.29397 0.918966 0.262835 -0.156828 0.219043 -0.202895 0.954386 0.153203 0 0 0 1 
26456013410020;0.966938;0.598441;0.89985 0.411693 -0.144151 0.134395 -0.369781 0.895263 0.24853 -0.478876 0.231371 -0.170336 0.957838 -0.612886 0 0 0 1 
26456013410021;1.2145;0.610504;0.972229 -0.0786581 -0.220418 -0.246012 0.124623 0.971192 0.203116 0.301897 0.198091 -0.224944 0.954023 -0.244882 0 0 0 1 
26456013410022;0.808376;0.590383;0.946226 -0.0429858 -0.320638 0.0886491 0.0108382 0.994789 -0.10138 0.446338 0.323325 0.0924534 0.941761 -0.0370693 0 0 0 1 
26456013410023;0.310262;0.591844;0.793944 0.557245 -0.24317 0.1009 -0.488764 0.822859 0.289851 -0.137197 0.361612 -0.111273 0.925665 0.47408 0 0 0 1 
26456013410024;0.290654;0.572037;0.837935 0.527588 -0.139697 0.350931 -0.431052 0.796756 0.423526 -0.577584 0.334752 -0.294671 0.895048 0.414914 0 0 0 1 
26456013410025;0.115869;0.619029;0.858351 0.440815 -0.262517 0.335213 -0.345476 0.874874 0.339473 -0.238797 0.379314 -0.200694 0.90324 0.54587 0 0 0 1 
26456013410026;0.438952;0.601898;0.96255 0.250384 -0.103954 0.200638 -0.19485 0.905535 0.376883 -0.503417 0.188499 -0.342513 0.920409 0.176182 0 0 0 1 
26456013410027;1.02893;0.591695;0.736446 0.653532 -0.174768 0.639437 -0.602754 0.751185 0.269089 0.54759 0.307141 -0.0928279 0.947126 0.302451 0 0 0 1 
26456013410028;0.910665;0.654901;0.859128 0.447988 -0.247396 0.274661 -0.334173 0.857221 0.391793 0.0469978 0.387591 -0.253927 0.886168 1.23835 0 0 0 1 
26456013410029;0.807992;0.624707;0.813259 0.365135 -0.453086 0.818393 -0.315239 0.930927 0.184386 0.481413 0.489116 -0.00712336 0.87219 0.224912 0 0 0 1 
26456013410031;0.378079;1.07356;0.0392013 0.784305 -0.619136 0.811968 -0.942655 0.234561 0.23745 1.15322 0.331458 0.574323 0.748524 -0.0973995 0 0 0 1 
26456013410032;0.347742;0.966901;0.406535 0.781789 -0.472796 0.0103801 -0.785764 0.563216 0.25566 1.07597 0.466159 0.267571 0.843268 -0.270953 0 0 0 1 
26456013410033;0.319289;0.992207;0.318256 0.733136 -0.60102 0.197554 -0.789754 0.555737 0.259703 0.954257 0.524406 0.392006 0.755863 -0.369421 0 0 0 1 
26456013410034;0.665788;0.92238;0.317735 0.783271 -0.534351 1.08903 -0.707601 0.571002 0.416242 0.569459 0.631145 0.245853 0.735671 -0.835809 0 0 0 1 
26456013410035;0.543286;0.999398;0.497197 0.67738 -0.542173 0.796992 -0.75179 0.648292 0.120537 0.581145 0.433136 0.34767 0.831576 -0.0212016 0 0 0 1 
26456013410036;0.569296;0.955207;0.742952 0.582309 -0.33006 0.371644 -0.630936 0.773892 -0.054873 1.15881 0.223478 0.249015 0.942364 0.307938 0 0 0 1 
26456013410037;0.587068;1.1247;0.0572891 0.751857 -0.656833 0.990687 -0.928787 0.281435 0.241142 1.60574 0.36616 0.596243 0.714438 0.167402 0 0 0 1 
26456013410038;0.163491;0.987438;0.48263 0.710037 -0.512753 0.411652 -0.814601 0.578966 0.0349804 1.09141 0.321704 0.400806 0.857823 -0.293078 0 0 0 1 
26456013410039;0.298903;0.97318;0.419347 0.75912 -0.497881 0.327788 -0.801013 0.567495 0.190597 1.34614 0.427231 0.318883 0.846042 -0.0998154 0 0 0 1 
26456013410040;0.421915;1.07418;0.0697438 0.693819 -0.716765 0.890397 -0.966213 0.225703 0.124461 1.22829 0.248129 0.683867 0.686118 -0.00158733 0 0 0 1 
26456013410041;0.740902;0.95822;0.624569 0.659919 -0.417637 0.795313 -0.650518 0.735507 0.189354 0.48325 0.432134 0.153416 0.888664 -1.00724 0 0 0 1 
26456013410042;0.386627;0.990905;0.431211 0.789204 -0.437281 0.872082 -0.812536 0.550367 0.192044 0.813523 0.392227 0.272496 0.878581 -0.18791 0 0 0 1 
26456013410043;0.418115;0.944035;0.631126 0.513605 -0.581283 0.317984 -0.663026 0.746138 -0.0606124 1.1794 0.402586 0.42366 0.811441 -0.0646421 0 0 0 1 
26456013410044;0.401489;0.9215;0.747424 0.537123 -0.390968 0.175066 -0.459704 0.843004 0.279314 0.79351 0.479613 -0.0290367 0.876999 -0.146116 0 0 0 1 
26456013410045;0.640918;1.03612;0.391527 0.749466 -0.533861 -0.146008 -0.777203 0.579945 0.244171 0.605406 0.492608 0.319319 0.809551 -0.536053 0 0 0 1 
26456013410046;0.387348;0.93413;0.470157 0.806456 -0.358584 0.236395 -0.809303 0.556024 0.189383 1.35588 0.35211 0.201163 0.914085 0.0836268 0 0 0 1 
26456013410047;0.681694;0.953873;0.555543 0.800722 -0.224089 0.352763 -0.609008 0.575331 0.545989 0.283065 0.56611 -0.166849 0.807267 -0.797012 0 0 0 1 
26456013410048;0.200666;1.02716;0.324138 0.781188 -0.533554 0.504476 -0.812551 0.518731 0.265855 0.882841 0.484454 0.347366 0.802896 -0.368809 0 0 0 1 
26456013410049;0.634474;0.994374;0.478405 0.764862 -0.43141 0.982139 -0.843706 0.536576 0.0157003 0.982165 0.243493 0.356472 0.902019 0.165518 0 0 0 1 
26456013410050;0.211001;1.07868;0.424769 0.674278 -0.604086 0.376866 -0.795153 0.596875 0.107109 1.22221 0.432785 0.434844 0.789688 -0.20415 0 0 0 1 
26456013410051;0.550163;0.92475;0.726678 0.627092 -0.280526 0.607626 -0.528526 0.771197 0.354847 0.512565 0.438862 -0.109594 0.891846 -0.602088 0 0 0 1 
26456013410052;0.551544;0.990614;0.445106 0.698191 -0.560723 0.95387 -0.724619 0.648724 0.232559 0.737348 0.526125 0.302797 0.794674 -0.789996 0 0 0 1 
26456013410053;0.345543;0.955505;0.311533 0.879126 -0.360672 0.705802 -0.90228 0.39273 0.177916 1.38502 0.298058 0.27 0.915566 -0.268591 0 0 0 1 
26456013410054;0.546651;1.06024;0.163008 0.722178 -0.672225 0.470058 -0.9487 0.30182 0.094198 1.8881 0.270919 0.622385 0.73433 -0.54976 0 0 0 1 
26456013410055;0.267657;1.02537;0.334975 0.815012 -0.472807 0.718324 -0.864892 0.46506 0.188897 1.29049 0.373837 0.345651 0.860681 -0.29809 0 0 0 1 
26456013410056;0.595541;1.03983;0.551416 0.731152 -0.401693 0.875883 -0.823159 0.555055 -0.119678 1.05832 0.135458 0.39665 0.907921 -0.190903 0 0 0 1 
26456013410057;0.461018;1.1216;0.126981 0.789661 -0.60026 0.870609 -0.907045 0.337353 0.251919 0.90087 0.40143 0.512474 0.759095 -0.387056 0 0 0 1 
26456013410058;0.576941;1.05003;0.320613 0.834801 -0.447565 0.306163 -0.797714 0.492749 0.347637 0.524664 0.510745 0.245572 0.823914 -0.841572 0 0 0 1 
26456013410059;0.729412;1.13225;-0.0397016 0.841757 -0.538395 1.14395 -0.876412 0.229461 0.423379 0.86384 0.479923 0.488665 0.728615 0.0586376 0 0 0 1 
26456013410060;0.670241;0.90233;0.655048 0.65105 -0.383466 0.15633 -0.483343 0.751141 0.449629 0.985394 0.580768 -0.109183 0.806714 -0.699465 0 0 0 1 
26456013410062;0.727774;1.71168;0.957241 0.173113 -0.23178 -0.742925 -0.0825951 0.93139 0.354528 0.103035 0.277251 -0.320225 0.905863 0.100726 0 0 0 1 
26456013410063;1.34575;1.18358;0.969506 0.0750282 0.2333 -0.856892 -0.00201153 0.954387 -0.298567 -0.621629 -0.245059 0.288993 0.925434 -0.150728 0 0 0 1 
26456013410064;0.325852;0.581781;0.987618 0.0791185 0.135463 -0.400609 -0.0957344 0.988038 0.120897 -0.21843 -0.124277 -0.132369 0.983379 0.129276 0 0 0 1 
26456013410065;0.371368;1.86471;0.911317 0.171474 -0.374296 -0.623548 -0.082376 0.966697 0.242302 -0.310752 0.403379 -0.189981 0.895093 0.259499 0 0 0 1 
26456013410066;1.03207;0.342527;0.99323 -0.0407906 -0.108766 -0.336777 0.00813828 0.958454 -0.285132 0.373831 0.115878 0.282316 0.952297 0.41681 0 0 0 1 
26456013410067;0.857765;1.94707;0.985908 0.129842 -0.105486 -0.866594 -0.144703 0.978306 -0.14825 0.0140184 0.0839485 0.161425 0.983308 0.290018 0 0 0 1 
26456013410068;1.01715;0.877499;0.999496 -0.0210875 -0.0237427 -0.553921 0.0246349 0.986695 0.160706 -0.171242 0.0200379 -0.16121 0.986717 0.632455 0 0 0 1 
26456013410069;0.211374;1.8072;0.945307 -0.0576616 -0.321044 -0.687813 0.0858042 0.993545 0.0742015 -0.346058 0.314693 -0.0976902 0.944153 0.350416 0 0 0 1 
26456013410070;0.584191;1.68419;0.880821 -0.117206 -0.458713 -0.249246 0.12875 0.991658 -0.00615349 -0.292789 0.455607 -0.0536392 0.888563 0.251855 0 0 0 1 
26456013410071;0.0848378;0.69926;0.999697 0.00382719 -0.0242964 -0.291288 -0.00521246 0.998349 -0.0572108 -0.119461 0.0240373 0.0573201 0.998066 0.0540144 0 0 0 1 
26456013410072;0.345771;0.505041;0.986477 0.0308352 -0.160974 -0.223161 0.00253519 0.979155 0.203097 -0.387299 0.163881 -0.200759 0.965836 0.240733 0 0 0 1 
26456013410073;0.619828;0.673921;0.952393 0.148257 0.266397 -0.587185 -0.113417 0.983376 -0.1418 -0.139232 -0.282991 0.104836 0.953376 0.163655 0 0 0 1 
26456013410074;0.46439;0.888538;0.977392 -0.128402 -0.167981 -0.48522 0.100586 0.981193 -0.164751 0.0336363 0.185976 0.144129 0.971926 0.137836 0 0 0 1 
26456013410075;1.52576;1.80295;0.984896 0.069478 -0.158599 -0.796333 -0.0230517 0.960424 0.277586 -0.412455 0.171608 -0.269737 0.947519 -0.633617 0 0 0 1 
26456013410076;0.479244;0.360308;0.995961 0.0708705 -0.0551262 -0.212856 -0.0761764 0.991966 -0.100997 -0.00806845 0.0475256 0.104789 0.993358 -0.176252 0 0 0 1 
26456013410077;0.704929;1.15109;0.979548 -0.192332 0.0591052 -0.906183 0.188314 0.979794 0.0673847 -0.302067 -0.0708712 -0.0548762 0.995975 0.130436 0 0 0 1 
26456013410078;0.365691;1.22995;0.990687 -0.0671149 -0.118467 -0.331462 0.0630627 0.9973 -0.0376327 -0.0608614 0.120672 0.0298114 0.992245 0.0932921 0 0 0 1 
26456013410079;1.72117;1.89109;0.913927 0.222785 -0.339271 -0.218844 -0.261502 0.962483 -0.0724126 -0.141918 0.31041 0.1549 0.937898 0.849699 0 0 0 1 
26456013410080;1.76411;0.376387;0.998395 -0.0542319 -0.0163059 -0.625431 0.0542517 0.998527 0.000771055 0.684665 0.0162401 -0.00165444 0.999867 -0.000506166 0 0 0 1 
26456013410081;1.63412;0.67283;0.963465 0.138496 0.229248 -0.481013 -0.0971651 0.978356 -0.182697 0.794403 -0.249589 0.153747 0.956069 -0.475475 0 0 0 1 
26456013410082;0.404515;1.66269;0.936047 -0.0157186 -0.351525 -0.404302 0.0653678 0.98938 0.129822 0.401888 0.345751 -0.144498 0.927133 -0.156988 0 0 0 1 
26456013410083;1.34753;0.718111;0.99869 -0.0301313 0.0413542 -0.627178 0.029124 0.999269 0.0247471 -0.633661 -0.0420697 -0.0235103 0.998838 0.517451 0 0 0 1 
26456013410084;1.15281;0.979714;0.998913 0.0107549 0.0453495 -0.364509 -0.0154836 0.994325 0.105248 -0.681756 -0.0439602 -0.105836 0.993411 0.378384 0 0 0 1 
26456013410085;0.50976;0.617394;0.991816 0.0743765 0.103777 -0.409813 -0.0566793 0.984812 -0.164115 0.0911437 -0.114407 0.15689 0.980967 -0.300459 0 0 0 1 
26456013410086;0.789041;1.6717;0.968187 -0.0655461 -0.241489 -0.55146 0.0542817 0.997117 -0.0530142 -0.108502 0.244268 0.0382192 0.968954 -0.263914 0 0 0 1 
26456013410087;0.962758;0.73841;0.977969 0.201427 -0.0548032 -0.370002 -0.207422 0.967225 -0.146468 0.452571 0.0235043 0.154609 0.987696 -0.00155235 0 0 0 1 
26456013410088;1.51292;1.85496;0.95327 0.0288169 -0.300743 -1.50194 0.033053 0.979518 0.198625 -0.0935258 0.300307 -0.199284 0.932792 -0.00496396 0 0 0 1 
26456013410089;0.558558;1.14709;0.990023 -0.0901168 -0.108324 -0.494426 0.086462 0.995531 -0.0379847 -0.143687 0.111263 0.0282398 0.99339 0.39711 0 0 0 1 
26456013410090;1.4132;0.60437;0.997313 0.0086218 -0.0727501 -0.170824 -0.00614668 0.999397 0.0341777 -0.115787 0.0730009 -0.0336387 0.996764 -0.675319 0 0 0 1 
26456013410091;1.21795;1.9892;0.977722 0.133311 -0.162133 -1.11891 -0.163691 0.967769 -0.191383 -0.236827 0.131394 0.21366 0.968032 0.542506 0 0 0 1 
26456013410093;0.469907;0.61058;0.976464 -0.210077 0.0488442 0.0470612 0.2133 0.974151 -0.0743883 0.652347 -0.0319543 0.083056 0.996032 -0.410711 0 0 0 1 
26456013410094;0.663694;0.376585;0.825181 0.227383 -0.517082 0.437434 -0.157499 0.971716 0.175961 0.47561 0.542468 -0.0637598 0.837654 0.201685 0 0 0 1 
26456013410095;0.871627;0.382581;0.975335 0.219723 0.0210765 0.541397 -0.218177 0.974127 -0.058955 0.476633 -0.033485 0.0529025 0.998038 0.0387888 0 0 0 1 
26456013410096;0.802998;0.36803;0.994227 0.0816484 -0.0696124 -0.231855 -0.0843004 0.995788 -0.0360447 0.471227 0.0663762 0.0417049 0.996923 -0.511191 0 0 0 1 
26456013410097;0.47238;0.375714;0.88925 0.435414 -0.140177 0.0631137 -0.447863 0.891098 -0.0732373 0.347658 0.0930231 0.127906 0.987414 0.288345 0 0 0 1 
26456013410098;0.153152;0.341563;0.954354 0.147165 -0.259906 0.165818 -0.162009 0.986113 -0.0365244 0.322168 0.250922 0.0769644 0.964943 0.0935569 0 0 0 1 
26456013410099;1.16156;0.468259;0.986864 -0.0317824 -0.158396 -0.177733 0.00489807 0.985893 -0.167304 0.984532 0.161479 0.164331 0.973098 0.451433 0 0 0 1 
26456013410100;0.366643;0.401829;0.956865 0.278074 -0.0841726 -0.0312752 -0.289134 0.939825 -0.182019 0.376403 0.0284926 0.198505 0.979686 0.186803 0 0 0 1 
26456013410101;1.16745;0.367045;0.971581 0.208282 -0.112465 -0.0161575 -0.1995 0.976247 0.0845096 0.63368 0.127395 -0.0596713 0.990055 0.848291 0 0 0 1 
26456013410102;1.13408;0.35769;0.990384 -0.090482 -0.104658 0.279762 0.0939961 0.995146 0.0291372 0.115679 0.101514 -0.0386944 0.994081 -0.826768 0 0 0 1 
26456013410103;0.393965;0.394787;0.97123 0.11201 -0.210157 0.049488 -0.0987813 0.992468 0.0724574 -0.00861326 0.21669 -0.0496132 0.974979 -0.0489134 0 0 0 1 
26456013410104;1.01585;0.405699;0.931587 0.354005 -0.0826182 -0.410953 -0.336763 0.926015 0.17055 0.516761 0.136881 -0.13106 0.981879 -0.397157 0 0 0 1 
26456013410105;1.13047;0.525893;0.993659 -0.0394656 0.105283 -0.00505775 0.0503312 0.993446 -0.102629 -0.0600631 -0.100543 0.107277 0.989132 0.5448 0 0 0 1 
26456013410106;0.197882;0.347898;0.937448 0.33194 -0.104914 -0.0177614 -0.339332 0.938592 -0.0624358 0.339655 0.0777464 0.094131 0.992519 0.0436858 0 0 0 1 
26456013410107;0.85745;0.499765;0.964868 -0.26166 0.0237514 -0.190415 0.262104 0.964873 -0.0179536 0.0374778 -0.0182194 0.0235482 0.999557 -0.421604 0 0 0 1 
26456013410108;1.09003;0.410079;0.991102 0.131233 0.0222562 -0.270687 -0.127743 0.98476 -0.118024 -0.366159 -0.0374057 0.114131 0.992761 0.23583 0 0 0 1 
26456013410109;0.997601;0.401095;0.962991 0.18098 -0.199734 0.159306 -0.221234 0.954029 -0.202198 -0.244231 0.153958 0.238903 0.958761 0.241571 0 0 0 1 
26456013410110;1.0844;0.473815;0.942577 -0.0526099 0.329819 -0.818879 0.0686083 0.996956 -0.0370474 0.389824 -0.326866 0.0575484 0.943317 -0.585636 0 0 0 1 
26456013410111;0.414986;0.597882;0.994369 -0.105967 -0.00110912 0.137819 0.0995219 0.937383 -0.333778 0.652497 0.0364091 0.331788 0.942651 -0.0189047 0 0 0 1 
26456013410112;0.40276;0.338275;0.994076 0.0812504 -0.072193 0.060935 -0.0789518 0.996293 0.0341467 0.221554 0.0746999 -0.0282447 0.996806 -0.253394 0 0 0 1 
26456013410113;0.220143;0.365254;0.950538 0.219608 -0.219659 0.126592 -0.251569 0.959103 -0.129743 0.359434 0.182183 0.178585 0.966911 0.134888 0 0 0 1 
26456013410114;0.883586;0.419425;0.993995 -0.107321 0.021338 -0.462531 0.10824 0.992964 -0.0480282 0.0819186 -0.0160334 0.0500495 0.998618 0.241135 0 0 0 1 
26456013410115;0.901703;0.396943;0.975033 0.0551244 -0.21511 -0.0582121 -0.0465411 0.997913 0.0447689 0.271697 0.217129 -0.0336397 0.975563 0.791747 0 0 0 1 
26456013410116;0.0971774;0.385716;0.986681 0.0668719 -0.148287 0.0879128 -0.0778209 0.994556 -0.0693014 0.405002 0.142846 0.0799182 0.986513 0.0445202 0 0 0 1 
26456013410117;0.308242;0.394864;0.989611 0.0818043 -0.118229 0.0623355 -0.0838875 0.996394 -0.0127441 0.425095 0.11676 0.0225296 0.992905 -0.126959 0 0 0 1 
26456013410118;0.617996;0.53429;0.966215 -0.220499 0.13345 -0.238454 0.22131 0.975163 0.00891031 0.50693 -0.1321 0.0209246 0.991016 -0.389649 0 0 0 1 
26456013410119;0.836682;0.420004;0.989703 -0.14241 -0.0144212 -0.0104645 0.142881 0.988931 0.0400037 0.291939 0.00856464 -0.0416523 0.999095 -0.630338 0 0 0 1 
26456013410120;1.27194;0.407908;0.986314 0.0909777 -0.137506 0.654314 -0.086901 0.995589 0.0353782 0.505498 0.140118 -0.0229446 0.989869 -0.653763 0 0 0 1 
26456013410121;0.539915;0.448555;0.954722 -0.252375 -0.15752 0.365522 0.241268 0.966608 -0.0863594 0.465416 0.174055 0.0444446 0.983732 -0.315873 0 0 0 1 
26456013410122;0.715537;0.402846;0.98143 0.0677385 -0.179462 0.320073 -0.0834981 0.993148 -0.0817624 0.552852 0.172694 0.0952289 0.980361 -0.468046 0 0 0 1 
26456013410124;1.54152;0.401239;0.808549 0.571023 -0.142063 -0.614099 -0.584346 0.807578 -0.0797314 -0.391737 0.0691983 0.14748 0.986641 0.213655 0 0 0 1 
26456013410125;0.0901978;0.464329;0.986275 0.162955 -0.0266056 -0.032774 -0.162539 0.986553 0.0171224 -0.128276 0.0290381 -0.0125629 0.999499 0.0479705 0 0 0 1 
26456013410126;2.04591;0.432415;0.930981 0.33066 -0.154723 0.0749173 -0.321815 0.943431 0.0798265 -0.158113 0.172366 -0.0245247 0.984728 -0.66878 0 0 0 1 
26456013410127;0.892171;0.580892;0.998501 0.0266462 0.0478071 -0.0835904 -0.0250318 0.999106 -0.0340556 0.620257 -0.0486718 0.0328079 0.998276 -0.0941747 0 0 0 1 
26456013410128;1.22747;0.377812;0.995638 0.0917029 -0.0171944 -0.174137 -0.092476 0.994385 -0.051449 0.0874416 0.0123798 0.0528146 0.998528 -0.534351 0 0 0 1 
26456013410129;0.476134;0.487134;0.958789 0.217319 0.183018 -0.16801 -0.216547 0.975966 -0.0244435 -0.239123 -0.183931 -0.0161957 0.982806 -0.0966494 0 0 0 1 
26456013410130;2.09219;0.457843;0.966533 0.244567 0.0774701 0.139107 -0.242772 0.969557 -0.0319363 0.154268 -0.0829223 0.0120599 0.996483 0.783123 0 0 0 1 
26456013410131;1.46172;0.29467;0.994613 0.103564 0.00433591 -0.308726 -0.103582 0.994612 0.00412227 -0.175014 -0.00388563 -0.00454918 0.999982 0.601521 0 0 0 1 
26456013410132;0.769284;0.482848;0.987761 -0.119308 0.100472 -0.34265 0.10061 0.979575 0.1741 0.339011 -0.119192 -0.16186 0.979589 0.0763173 0 0 0 1 
26456013410133;1.34603;0.492982;0.999378 0.0352522 0.000201664 -0.128276 -0.0352492 0.99918 0.0199001 0.442898 0.000500022 -0.0198948 0.999802 0.549114 0 0 0 1 
26456013410134;1.62064;0.439783;0.991442 -0.0876907 0.0967066 0.155338 0.0940358 0.993566 -0.0631257 0.530615 -0.0905488 0.0716794 0.993309 -0.7331 0 0 0 1 
26456013410135;0.477389;0.406152;0.983791 0.178206 0.0199271 0.0436493 -0.177133 0.983082 -0.0466311 0.0165877 -0.0279 0.0423455 0.998713 -0.238565 0 0 0 1 
26456013410136;1.0412;0.419109;0.9707 -0.218816 -0.0993045 -0.60245 0.215913 0.975624 -0.0392343 0.665453 0.105469 0.0166436 0.994283 0.398628 0 0 0 1 
26456013410137;1.90811;0.419105;0.99747 -0.070662 0.00774169 -0.0812592 0.0710052 0.995581 -0.0614498 0.115027 -0.00336531 0.061844 0.99808 0.930615 0 0 0 1 
26456013410138;0.964836;0.481633;0.950648 0.296365 -0.0918505 -0.0536118 -0.306171 0.944009 -0.122906 -0.297652 0.0502827 0.144962 0.988159 0.623023 0 0 0 1 
26456013410139;1.47225;0.395144;0.912363 0.406067 -0.0519901 0.547054 -0.407972 0.912391 -0.0332 -0.868844 0.0339538 0.051501 0.998096 -0.187128 0 0 0 1 
26456013410140;1.16137;0.490916;0.988802 0.148721 -0.0123238 0.212508 -0.148629 0.98886 0.00806922 -0.500489 0.0133866 -0.0061472 0.999892 0.222537 0 0 0 1 
26456013410141;0.944233;0.428693;0.973949 0.226619 -0.00814888 -0.172044 -0.226179 0.973386 0.0369178 -0.599757 0.0162983 -0.034113 0.999285 -0.190294 0 0 0 1 
26456013410142;1.84842;0.459488;0.932046 0.209535 -0.29561 -0.795135 -0.270263 0.945431 -0.181986 -0.218346 0.241346 0.249512 0.937814 0.578811 0 0 0 1 
26456013410143;0.46443;0.438293;0.925337 0.377614 0.0340296 -0.0711087 -0.378867 0.917491 0.121121 -0.49833 0.0145151 -0.12497 0.992054 0.162308 0 0 0 1 
26456013410144;0.759937;0.401519;0.970088 -0.00447978 -0.242711 -0.098094 -0.0607403 0.963546 -0.260557 0.477006 0.23503 0.267505 0.934453 0.375278 0 0 0 1 
26456013410145;0.437138;0.440142;0.986585 -0.0729213 0.146059 -0.22448 0.0346469 0.967839 0.249172 0.172213 -0.159532 -0.240769 0.957382 -0.273108 0 0 0 1 
26456013410146;1.81332;0.502966;0.991956 0.12325 -0.0288707 -0.578673 -0.124351 0.991428 -0.0400869 0.155484 0.0236825 0.0433545 0.998779 0.76059 0 0 0 1 
26456013410147;0.897776;0.627387;0.997159 0.0717085 0.0230646 0.165746 -0.0665114 0.98191 -0.17728 0.0176783 -0.0353599 0.175243 0.98389 0.183447 0 0 0 1 
26456013410148;0.647101;0.461294;0.986567 -0.160796 -0.0288028 -0.279251 0.162929 0.981305 0.102446 0.207755 0.0117914 -0.105763 0.994321 0.223163 0 0 0 1 
26456013410149;0.510162;0.490478;0.848417 0.522035 -0.0875705 -0.160781 -0.527768 0.846954 -0.0642598 -0.535098 0.0406223 0.100736 0.994084 0.159526 0 0 0 1 
26456013410150;1.62937;0.391857;0.954461 0.054322 0.29335 0.0712523 0.04139 0.949663 -0.310526 0.861871 -0.295452 0.308527 0.904168 -0.746244 0 0 0 1 
26456013410151;0.991097;0.451556;0.981075 -0.113851 0.156621 -0.449578 0.134938 0.982111 -0.131335 0.413769 -0.138866 0.149984 0.978888 -0.546117 0 0 0 1 
26456013410152;0.386143;0.548036;0.983752 0.174553 -0.0419941 -0.0588314 -0.173664 0.984513 0.0239995 0.00679906 0.0455329 -0.0163167 0.99883 -0.0946587 0 0 0 1 
26456013410153;1.24713;0.411549;0.899313 0.4365 0.0265147 -0.33496 -0.436255 0.899703 -0.0147133 -0.236052 -0.0302777 0.00166473 0.99954 0.351296 0 0 0 1 
26456013410155;0.44177;0.702075;0.883897 0.426904 -0.190995 -0.76615 -0.457797 0.873297 -0.166658 -0.578388 0.0956482 0.234745 0.96734 0.124369 0 0 0 1 
26456013410156;0.559197;0.720352;0.995221 0.0640888 -0.0736725 -0.596707 -0.0698587 0.994455 -0.0786099 -0.142531 0.068226 0.0833809 0.994179 0.562789 0 0 0 1 
26456013410157;0.798739;0.742076;0.994527 0.0307322 -0.0998617 0.116938 -0.0294188 0.999461 0.0145984 -0.352503 0.100256 -0.0115807 0.994894 -0.0895709 0 0 0 1 
26456013410158;0.506235;0.725831;0.9082 0.41764 -0.0273824 -0.428743 -0.415224 0.890866 -0.184246 -0.164373 -0.0525545 0.178702 0.982499 -0.142693 0 0 0 1 
26456013410159;0.771683;0.667325;0.959723 0.254148 -0.119752 -0.0330876 -0.27509 0.93666 -0.216778 0.239616 0.0570735 0.24099 0.968848 0.206251 0 0 0 1 
26456013410160;0.731372;0.733893;0.996533 0.0528435 -0.0642555 -0.258481 -0.0565784 0.996726 -0.0577669 0.0224627 0.0609925 0.0612021 0.99626 -0.478845 0 0 0 1 
26456013410161;0.152345;0.69665;0.983964 0.17319 0.0426695 -0.670488 -0.169183 0.981971 -0.084321 -0.190557 -0.0565038 0.0757499 0.995525 -0.1629 0 0 0 1 
26456013410162;0.843744;0.657111;0.895284 -0.0886542 -0.436585 0.0662622 0.0826028 0.99604 -0.0328691 0.418104 0.43777 -0.00663593 0.899062 0.937775 0 0 0 1 
26456013410163;0.17304;0.674306;0.984211 0.0942282 -0.149831 -0.473109 -0.117449 0.980976 -0.15457 -0.116 0.132415 0.169727 0.976555 0.205476 0 0 0 1 
26456013410164;1.05704;0.721937;0.986095 0.135982 -0.0955249 -0.529478 -0.134235 0.990646 0.0245064 -0.315551 0.0979638 -0.0113429 0.995125 -0.843745 0 0 0 1 
26456013410165;1.01882;0.697999;0.990095 0.0846553 -0.112008 -0.475078 -0.0835579 0.996398 0.0144639 0.332762 0.112829 -0.00496148 0.993602 0.80848 0 0 0 1 
26456013410166;0.386158;0.679025;0.941974 0.103269 -0.319407 -0.125963 -0.199734 0.93717 -0.286041 0.120364 0.269799 0.33324 0.903416 0.194849 0 0 0 1 
26456013410167;0.362618;0.522942;0.991175 0.0278069 -0.129612 -0.373725 0.0324778 0.897013 0.44081 -0.677622 0.128521 -0.441129 0.888193 0.17708 0 0 0 1 
26456013410168;0.272737;0.672575;0.952277 -0.0312392 -0.303633 -0.329959 0.0381062 0.999134 0.0167158 -0.315441 0.302847 -0.0274883 0.952643 0.171709 0 0 0 1 
26456013410169;0.677811;0.543678;0.995273 -0.0596027 -0.0766776 -0.446286 0.0606256 0.998099 0.0110805 -0.393256 0.0758715 -0.0156768 0.996994 0.559711 0 0 0 1 
26456013410170;0.704368;0.735564;0.994562 0.0974689 -0.0366838 -0.345114 -0.096253 0.994791 0.0335725 -0.852381 0.039765 -0.029859 0.998763 0.190894 0 0 0 1 
26456013410171;1.02478;0.503049;0.941579 -0.245154 -0.230928 -0.989684 0.25277 0.96752 0.0035125 -0.0806219 0.222566 -0.0616788 0.972965 0.0166187 0 0 0 1 
26456013410172;0.366617;0.690573;0.961705 -0.0511211 -0.269275 -0.345544 0.0699556 0.995695 0.0608139 -0.194382 0.265007 -0.0773224 0.961141 -0.0320991 0 0 0 1 
26456013410173;0.895873;0.694618;0.902923 0.421466 -0.0842377 -1.22052 -0.41816 0.906736 0.0545134 -0.826655 0.099357 -0.0139966 0.994953 0.581832 0 0 0 1 
26456013410174;0.457447;0.439606;0.986779 -0.1491 -0.0635342 -0.507795 0.150993 0.98819 0.026089 0.147175 0.058894 -0.0353373 0.997639 0.0715766 0 0 0 1 
26456013410175;0.623034;0.694319;0.990669 0.125139 -0.0539868 -0.574158 -0.124399 0.992089 0.0168704 -0.22275 0.0556709 -0.00999709 0.998399 -0.479019 0 0 0 1 
26456013410176;0.235307;0.513198;0.983051 -0.0665748 -0.170815 -0.361972 0.0680486 0.997678 0.00278133 -0.0408594 0.170233 -0.0143579 0.985299 0.14182 0 0 0 1 
26456013410177;0.877512;0.661762;0.965783 0.254091 -0.0519729 -0.0720079 -0.254171 0.967146 0.00517648 0.224124 0.0515806 0.00821062 0.998635 0.164502 0 0 0 1 
26456013410178;0.197683;0.731598;0.995159 0.0818863 -0.0543378 -0.69177 -0.0820526 0.996628 -0.000832569 -0.0952842 0.0540864 0.0052871 0.998522 -0.00212161 0 0 0 1 
26456013410179;0.15124;0.668929;0.989394 0.131874 0.0609071 -0.61167 -0.138803 0.981914 0.12876 -0.330522 -0.0428253 -0.135849 0.989804 0.0665143 0 0 0 1 
26456013410180;0.554153;0.674652;0.996369 0.0800017 -0.029119 -0.133705 -0.0843338 0.974304 -0.208851 0.160989 0.0116623 0.210549 0.977514 0.0527917 0 0 0 1 
26456013410181;0.475904;0.65676;0.984301 0.169936 0.0476847 -0.70603 -0.176075 0.926704 0.33199 -0.972537 0.0122276 -0.335175 0.942077 0.0290558 0 0 0 1 
26456013410182;0.72307;0.498588;0.991033 -0.127229 0.0408105 -0.923156 0.131057 0.985084 -0.111506 0.051681 -0.0260149 0.115855 0.992925 0.280372 0 0 0 1 
26456013410183;0.714484;0.513563;0.999614 0.0235646 -0.0147244 -0.596558 -0.0273408 0.928671 -0.369895 -0.0168863 0.00495773 0.370154 0.928957 0.50617 0 0 0 1 
26456013410184;0.435457;0.601696;0.99997 -0.00770515 0.00121857 -0.25176 0.0077624 0.998321 -0.0574027 0.123283 -0.000774232 0.0574104 0.99835 -0.150302 0 0 0 1 
26456013410186;2.57906;1.89525;0.72122 -0.656599 0.220725 0.445884 0.687777 0.716707 -0.115298 0.473942 -0.0824906 0.234965 0.968497 -0.733576 0 0 0 1 
26456013410187;0.634766;1.07269;0.700103 -0.685225 0.200803 0.148655 0.713975 0.67563 -0.18375 1.45741 -0.00975831 0.272012 0.962244 -0.256871 0 0 0 1 
26456013410188;1.09866;2.03857;0.764367 -0.556536 -0.325593 1.0173 0.620663 0.771895 0.137678 0.732988 0.174701 -0.30732 0.935433 0.0930028 0 0 0 1 
26456013410189;0.60767;0.947974;0.896612 -0.442805 0.00330099 0.122398 0.441433 0.893196 -0.0856641 0.884259 0.034984 0.0782646 0.996319 -0.0445102 0 0 0 1 
26456013410190;1.29465;1.58687;0.655073 -0.755559 0.00324384 0.303754 0.754441 0.653858 -0.0573488 1.43735 0.0412094 0.0400149 0.998349 0.432905 0 0 0 1 
26456013410191;1.28532;1.75595;0.780043 -0.61532 0.113641 0.345284 0.624606 0.776558 -0.0826169 0.717258 -0.0374131 0.135426 0.990081 -0.369648 0 0 0 1 
26456013410192;1.88351;1.82606;0.568242 -0.819752 0.0714699 0.329836 0.809957 0.572538 0.127159 1.82443 -0.145158 -0.0143697 0.989304 0.11288 0 0 0 1 
26456013410193;1.11745;1.39035;0.807744 -0.589044 -0.0240216 0.17996 0.58856 0.808081 -0.0245465 1.19505 0.0338703 0.00568911 0.99941 -0.285748 0 0 0 1 
26456013410194;2.37375;1.71021;0.665048 -0.734122 0.137028 1.0115 0.745777 0.662466 -0.0703999 0.900368 -0.0390945 0.149012 0.988062 -0.469419 0 0 0 1 
26456013410195;1.70586;1.35462;0.725835 -0.6664 0.170514 0.21187 0.687213 0.713333 -0.137453 1.46748 -0.0300341 0.216948 0.975721 -0.781532 0 0 0 1 
26456013410196;0.514644;1.2113;0.72896 -0.675453 0.111267 0.254193 0.671972 0.737067 0.0720159 1.1038 -0.130654 0.0222713 0.991178 -0.0467761 0 0 0 1 
26456013410197;2.7645;1.09198;0.75272 -0.655618 0.0598183 -0.29153 0.657156 0.74281 -0.127978 0.813594 0.039471 0.135642 0.989971 0.712552 0 0 0 1 
26456013410198;2.3433;1.82202;0.757 -0.653168 -0.0179373 1.1756 0.652646 0.757156 -0.0277143 0.55095 0.0316834 0.009273 0.999455 0.185079 0 0 0 1 
26456013410199;2.04036;1.17054;0.823259 -0.55897 -0.0989758 0.677327 0.543157 0.826329 -0.148868 1.05568 0.164999 0.0687974 0.983891 -0.51145 0 0 0 1 
26456013410200;2.25828;2.51967;0.58108 -0.708962 0.399648 -0.196088 0.673003 0.69471 0.25386 1.66619 -0.457616 0.121451 0.880816 -0.756526 0 0 0 1 
26456013410201;2.32984;1.43102;0.642242 -0.724418 0.250488 -0.546382 0.746966 0.66482 0.00748126 1.59453 -0.171949 0.182301 0.968091 -0.569831 0 0 0 1 
26456013410202;0.574695;1.53636;0.747697 -0.659074 0.0810624 0.254579 0.661238 0.750176 0.000190329 1.0669 -0.0609365 0.0534593 0.996709 0.0262321 0 0 0 1 
26456013410203;2.04835;1.87104;0.661285 -0.750125 0.00379231 1.14592 0.687073 0.607713 0.398267 0.588613 -0.301055 -0.260762 0.917262 -0.0514888 0 0 0 1 
26456013410204;0.669991;1.94138;0.718785 -0.679235 -0.148281 0.757236 0.691934 0.678163 0.247633 0.89897 -0.0676419 -0.280596 0.95744 -0.1506 0 0 0 1 
26456013410205;0.908947;1.48549;0.734921 -0.668483 0.114112 0.0408235 0.672393 0.740173 0.00558343 1.23243 -0.0881954 0.0726251 0.993452 -0.218549 0 0 0 1 
26456013410206;1.79634;1.47194;0.844313 -0.533062 0.0545985 0.0526652 0.534474 0.830463 -0.157061 0.573461 0.0383809 0.16179 0.986079 -0.28131 0 0 0 1 
26456013410207;0.232642;1.05125;0.72326 -0.686305 0.0766804 0.0695776 0.68722 0.726228 0.0179401 1.18425 -0.0679998 0.0397209 0.996894 -0.172259 0 0 0 1 
26456013410208;2.37807;1.15241;0.806533 -0.489879 0.330944 -0.237591 0.577958 0.771134 -0.267052 1.35771 -0.124379 0.406657 0.905074 -1.06214 0 0 0 1 
26456013410209;2.64335;1.34033;0.657979 -0.748075 0.0863006 1.03537 0.7341 0.662746 0.147869 0.760526 -0.167812 -0.0339412 0.985235 -0.49156 0 0 0 1 
26456013410210;2.26073;1.56433;0.71068 -0.702435 0.0389716 -0.0344052 0.70288 0.706595 -0.0817508 1.47669 0.0298874 0.085491 0.995891 -0.590675 0 0 0 1 
26456013410211;1.42407;0.976564;0.719364 -0.646693 0.25358 -0.361567 0.657539 0.751653 0.0515772 1.52305 -0.223959 0.129636 0.965938 -0.589401 0 0 0 1 
26456013410212;1.48789;1.87629;0.719348 -0.690572 -0.0751528 0.252752 0.675829 0.720764 -0.154122 0.864744 0.1606 0.0600771 0.98519 0.0135484 0 0 0 1 
26456013410213;1.60061;0.959334;0.667294 -0.708509 0.22964 -0.346345 0.744243 0.622444 -0.242212 2.05355 0.0286709 0.332535 0.942655 -0.057449 0 0 0 1 
26456013410214;1.7042;1.30278;0.731434 -0.66099 0.167622 -0.228093 0.678497 0.730012 -0.0820001 1.60695 -0.0681647 0.173708 0.982435 0.0720287 0 0 0 1 
26456013410215;0.754244;1.92694;0.597035 -0.742848 0.302862 0.26896 0.78229 0.622741 -0.0147013 1.51612 -0.177684 0.245703 0.952921 -0.5168 0 0 0 1 
26456013410217;1.32332;1.65886;0.948842 0.074999 -0.306714 -0.0483087 -0.0583786 0.996303 0.0630217 -0.0776439 0.310307 -0.0418921 0.949713 0.185942 0 0 0 1 
26456013410218;1.34012;1.63546;0.992945 -0.111543 -0.0402354 0.0721964 0.118154 0.959345 0.256316 0.0367431 0.0100096 -0.259261 0.965755 0.00502147 0 0 0 1 
26456013410219;0.65608;0.512111;0.94778 0.289917 0.132898 -0.292231 -0.277002 0.954837 -0.107499 -0.0015416 -0.158062 0.0650723 0.985283 -0.154702 0 0 0 1 
26456013410220;1.46371;0.672785;0.932045 -0.320628 0.16879 -0.044106 0.342733 0.931276 -0.123524 0.885856 -0.117584 0.17298 0.977881 -0.0912436 0 0 0 1 
26456013410221;1.60635;1.78378;0.998541 0.0265113 0.0470525 -0.0213008 -0.0368969 0.971084 0.23587 -0.0838598 -0.0394387 -0.237262 0.970645 0.0300828 0 0 0 1 
26456013410222;2.32392;0.455819;0.987829 -0.0355958 0.151417 -0.184783 0.0713559 0.968691 -0.237795 -0.239854 -0.138211 0.245705 0.959441 -0.992147 0 0 0 1 
26456013410223;1.20647;0.932001;0.988814 0.145874 -0.0311026 -0.0328749 -0.141128 0.982522 0.121382 0.104212 0.0482655 -0.115635 0.992118 0.139364 0 0 0 1 
26456013410224;0.781646;0.121909;0.944173 0.154087 0.291197 -0.396667 -0.225586 0.946545 0.230573 -0.307864 -0.240102 -0.283391 0.928461 -0.314636 0 0 0 1 
26456013410225;1.91639;0.736978;0.939711 -0.255111 0.22773 -0.373606 0.162967 0.919536 0.357624 -0.400878 -0.30064 -0.298951 0.905673 -0.769771 0 0 0 1 
26456013410226;0.740714;0.0831237;0.968613 0.232428 0.0881216 -0.385802 -0.226694 0.971417 -0.0704224 0.072685 -0.101971 0.0482355 0.993617 -0.0847652 0 0 0 1 
26456013410227;0.854149;0.697602;0.997301 -0.0705212 0.0204086 -0.0408947 0.0713124 0.996609 -0.0410585 0.0258507 -0.0174439 0.042403 0.998948 -0.00916412 0 0 0 1 
26456013410228;0.477964;0.147638;0.980896 -0.125112 -0.148965 0.139324 0.0969318 0.978259 -0.183342 0.297838 0.168665 0.1654 0.971697 -0.00900835 0 0 0 1 
26456013410229;0.488387;0.106126;0.884197 -0.262112 -0.386643 0.368573 0.335712 0.932121 0.135824 0.0389297 0.324797 -0.249896 0.912173 0.359104 0 0 0 1 
26456013410230;0.907029;0.121288;0.994564 0.0948059 0.0430706 -0.0585702 -0.098332 0.991177 0.0888756 0.045931 -0.0342646 -0.0926277 0.995111 -0.271238 0 0 0 1 
26456013410231;2.37848;0.108007;0.973819 -0.168538 -0.15255 0.285281 0.213554 0.908267 0.359785 -0.470465 0.0779182 -0.382943 0.92048 -0.634305 0 0 0 1 
26456013410232;0.758672;0.33378;0.99763 0.0495968 0.047702 0.0343337 -0.0535844 0.994826 0.0863096 -0.153138 -0.0431745 -0.0886611 0.995126 -0.211916 0 0 0 1 
26456013410233;0.876115;0.0691022;0.997416 -0.0589118 0.0411155 -0.017358 0.0587717 0.998261 0.00460951 0.401979 -0.0413156 -0.00218117 0.999144 0.0331978 0 0 0 1 
26456013410234;0.436918;0.0573554;0.990242 0.120469 0.0700549 -0.139391 -0.136367 0.941237 0.308992 -0.398483 -0.0287143 -0.31553 0.948481 0.285028 0 0 0 1 
26456013410235;0.42537;0.117095;0.938705 0.00693489 0.344651 -0.366237 0.0203421 0.996941 -0.0754644 -0.0103568 -0.34412 0.0778498 0.935693 -0.336174 0 0 0 1 
26456013410236;1.61117;0.476108;0.953486 0.0552105 0.296337 -0.464018 -0.134361 0.957865 0.253856 -0.349457 -0.269835 -0.281864 0.920729 -0.67454 0 0 0 1 
26456013410237;1.76467;1.22656;0.963261 0.192768 0.186998 -0.101748 -0.231839 0.948317 0.216671 -0.164545 -0.135566 -0.252064 0.958168 -0.0737648 0 0 0 1 
26456013410238;1.19544;0.0935136;0.930803 0.359424 -0.0664872 0.12324 -0.309807 0.872292 0.378321 -0.438646 0.193974 -0.331544 0.923284 -0.0359054 0 0 0 1 
26456013410239;0.73293;0.121793;0.899076 -0.366367 -0.23966 0.279323 0.383549 0.923104 0.0277239 0.296457 0.211074 -0.116847 0.970461 0.00915087 0 0 0 1 
26456013410240;1.79116;1.7779;0.980336 0.184533 -0.0699148 -0.00585957 -0.157758 0.945728 0.284099 -0.150924 0.118546 -0.267483 0.956243 0.273583 0 0 0 1 
26456013410241;1.92987;0.580301;0.994352 -0.0319486 0.101214 0.472286 0.0367144 0.998286 -0.0455794 0.0715981 -0.0995841 0.049038 0.99382 0.0390244 0 0 0 1 
26456013410242;1.40722;0.120865;0.945827 0.233789 0.225287 -0.288608 -0.312125 0.845786 0.432694 -0.493698 -0.0893853 -0.479571 0.872938 -0.328712 0 0 0 1 
26456013410243;0.583238;0.128806;0.941177 -0.307842 0.139353 -0.10781 0.327132 0.933402 -0.14746 0.350713 -0.0846779 0.184373 0.979202 -0.229892 0 0 0 1 
26456013410244;0.533279;0.0734754;0.997822 0.0576236 0.0321136 -0.0296713 -0.0573655 0.998314 -0.00890205 0.0269607 -0.0325724 0.00704045 0.999445 0.184289 0 0 0 1 
26456013410245;0.736282;0.170683;0.966912 -0.19792 0.160962 -0.194661 0.227257 0.954926 -0.190972 0.281793 -0.115909 0.221233 0.968308 0.101017 0 0 0 1 
26456013410246;1.05866;0.456386;0.986795 -0.120616 0.108111 -0.0602254 0.139156 0.972885 -0.184743 -0.00455166 -0.0828964 0.197348 0.976822 -0.262449 0 0 0 1 
26456013410248;1.23759;0.865677;0.730013 0.673702 -0.114924 -1.33036 -0.683405 0.718051 -0.13176 -1.33229 -0.00624627 0.174726 0.984597 0.428823 0 0 0 1 
26456013410249;1.46586;0.922589;0.646061 0.717242 0.261091 -1.09683 -0.744838 0.667165 0.0103119 -0.956851 -0.166795 -0.201133 0.965259 0.538785 0 0 0 1 
26456013410250;0.412958;0.858815;0.986988 0.050548 -0.152639 -0.534007 -0.0794726 0.978599 -0.18981 0.0552191 0.139778 0.199471 0.969883 0.21721 0 0 0 1 
26456013410251;1.34871;0.860482;0.915423 0.402275 -0.0132839 -0.603739 -0.399648 0.904537 -0.148638 -0.478586 -0.0477777 0.141376 0.988802 0.745196 0 0 0 1 
26456013410252;1.49487;0.972694;0.535675 0.841024 -0.0757004 -1.0217 -0.84358 0.528976 -0.0925055 -0.952064 -0.0377557 0.113412 0.99283 -1.07181 0 0 0 1 
26456013410253;0.288077;0.854336;0.875996 0.473541 -0.0915973 -0.597503 -0.48153 0.869503 -0.109969 -0.58758 0.0275691 0.14044 0.989705 -0.21566 0 0 0 1 
26456013410254;0.399182;0.863569;0.839127 0.543652 0.0175361 -0.793369 -0.533963 0.82946 -0.163952 -0.493043 -0.103678 0.128213 0.986312 -0.380244 0 0 0 1 
26456013410255;1.26559;0.919455;0.987173 0.159652 -0.00126419 -0.773027 -0.155185 0.957633 -0.242603 -0.342766 -0.0375213 0.239687 0.970125 0.551745 0 0 0 1 
26456013410256;0.836061;0.849171;0.924404 0.3723 -0.0828812 -0.281586 -0.315596 0.868635 0.381932 -0.617509 0.214187 -0.326903 0.920466 -0.124261 0 0 0 1 
26456013410257;1.31918;0.880714;0.952048 0.280239 -0.122763 -0.802653 -0.273855 0.959472 0.0664579 -0.964737 0.136412 -0.0296519 0.990208 -0.179334 0 0 0 1 
26456013410258;1.48742;0.895187;0.894725 0.446605 -0.00333709 -0.057204 -0.401535 0.801117 -0.443826 -0.810616 -0.195541 0.398442 0.896107 0.281535 0 0 0 1 
26456013410259;1.01942;0.875723;0.746489 0.657812 -0.100188 -1.20324 -0.656003 0.752771 0.0547329 -0.476854 0.111422 0.0248657 0.993462 0.185466 0 0 0 1 
26456013410260;0.460663;0.784951;0.664808 0.742027 -0.0861745 -0.861236 -0.703787 0.660829 0.260745 -1.19769 0.250427 -0.112697 0.961554 0.542044 0 0 0 1 
26456013410261;1.44656;0.842132;0.768096 0.523447 -0.368825 0.206266 -0.606619 0.779263 -0.157362 -0.836316 0.205041 0.344606 0.916081 0.700504 0 0 0 1 
26456013410262;0.220515;0.907428;0.852875 0.465976 0.235521 -0.87907 -0.460343 0.883956 -0.0818944 -0.643769 -0.246351 -0.0385746 0.968413 -0.5448 0 0 0 1 
