#;prob_registration_l1 -r /home/probabilistic_point_clouds_registration/build/tester /home/point_clouds_registration_benchmark//devel/registration_pairs/p2at_met_local.txt /home/point_clouds_registration_benchmark//planetary/p2at_met -s 0.2 -t 0.2 -p 0.3 -r 1000 -m 25 -i 40 
id;initial_error;final_error;transformation
27844314100000;0.368279;0.463112;0.999531 -0.00622892 0.0299982 -0.213052 0.00199316 0.990261 0.139209 0.456418 -0.0305732 -0.139084 0.989808 -8.3002 0 0 0 1 
27844314100001;0.325629;0.138697;0.98737 0.0170476 -0.157514 0.106355 0.0122967 0.982949 0.183465 -0.0495369 0.157956 -0.183085 0.970325 -7.77273 0 0 0 1 
27844314100002;0.342132;0.125151;0.929661 -0.0139379 0.368153 -1.06815 -0.0897464 0.960614 0.262996 -3.37228 -0.357318 -0.277538 0.891794 -24.5862 0 0 0 1 
27844314100003;0.135271;0.121628;0.995202 -0.0188782 0.0960064 -0.887606 0.00177304 0.984529 0.175213 -0.109019 -0.0978288 -0.174202 0.979838 -12.6004 0 0 0 1 
27844314100004;0.89077;0.657116;0.985476 0.0258941 -0.167831 0.620391 0.0180068 0.9668 0.254897 -0.727954 0.16886 -0.254217 0.952292 -12.3373 0 0 0 1 
27844314100005;0.300669;0.249392;0.935334 0.065477 -0.347654 1.05523 -0.019658 0.990824 0.133723 -0.392791 0.35322 -0.118241 0.928038 1.05339 0 0 0 1 
27844314100006;0.461976;0.366282;0.999525 0.0301545 0.0064072 1.92422 -0.0303617 0.998921 0.0351559 -0.381084 -0.00534017 -0.0353338 0.999361 -2.07015 0 0 0 1 
27844314100007;1.17629;0.952528;0.99906 0.0260401 0.0346701 1.7475 -0.0291181 0.995383 0.0914592 -0.35684 -0.0321284 -0.0923827 0.995205 -4.87277 0 0 0 1 
27844314100008;0.519074;0.394117;0.999703 0.023731 0.00552755 1.46373 -0.0239137 0.999075 0.0357505 -0.555036 -0.00467404 -0.0358721 0.999345 -1.59748 0 0 0 1 
27844314100009;0.482706;0.415137;0.992615 -0.034277 0.116361 -2.00818 0.0394853 0.998305 -0.0427531 0.696708 -0.114698 0.0470319 0.992286 -0.0233909 0 0 0 1 
27844314100010;0.848926;0.0609851;0.998511 0.043115 -0.033424 2.6708 -0.0366972 0.984193 0.173256 -1.31217 0.0403656 -0.171771 0.98431 -11.2655 0 0 0 1 
27844314100011;0.370547;0.24072;0.981267 0.0107229 -0.192353 -0.382253 -0.0220286 0.998146 -0.056734 -0.784452 0.191388 0.0599085 0.979684 8.42883 0 0 0 1 
27844314100012;1.02719;0.354983;0.991712 0.0235356 -0.126306 0.63316 -0.0286405 0.998838 -0.0387542 -0.730968 0.125247 0.0420504 0.991234 7.61719 0 0 0 1 
27844314100013;0.818365;0.724851;0.998763 0.026949 -0.0417936 1.54375 -0.0225731 0.994543 0.101853 -0.545346 0.0443103 -0.100783 0.993921 -5.76057 0 0 0 1 
27844314100014;0.722224;0.236323;0.998394 0.000759898 -0.0566518 -0.142491 -0.000383275 0.999978 0.0066586 -0.0175343 0.0566556 -0.0066262 0.998372 -0.89285 0 0 0 1 
27844314100015;1.11358;0.530642;0.999533 -0.00303635 -0.0304164 -0.0700263 0.00230654 0.999709 -0.0240003 -0.333231 0.0304804 0.023919 0.999249 -0.374352 0 0 0 1 
27844314100016;0.370882;0.150819;0.992129 -0.0240486 0.122885 -1.36591 0.0730548 0.908214 -0.41208 -4.59973 -0.101696 0.417814 0.902823 21.8322 0 0 0 1 
27844314100017;0.341055;0.200982;0.995269 -0.0120914 -0.0964068 -1.30195 0.0159621 0.999093 0.0394797 0.726519 0.0958419 -0.0408318 0.994559 -0.0746696 0 0 0 1 
27844314100018;0.853373;0.247477;0.999497 0.0135185 0.0286748 0.946838 -0.0135709 0.999907 0.00163338 -0.169062 -0.0286501 -0.0020217 0.999587 -2.93851 0 0 0 1 
27844314100019;0.871961;0.0889764;0.999918 0.0118016 0.00506769 0.890365 -0.0116662 0.999595 -0.0259606 -0.327625 -0.00537202 0.0258993 0.99965 -0.963866 0 0 0 1 
27844314100020;0.613803;0.646196;0.996378 0.02099 -0.0824015 0.80402 -0.00126288 0.972601 0.232478 -0.57929 0.0850235 -0.231532 0.969105 -12.0315 0 0 0 1 
27844314100021;0.300355;0.0726056;0.948105 -0.0392458 -0.315527 -4.68712 0.0196142 0.997682 -0.065156 -0.0251441 0.317353 0.0555859 0.946677 10.7255 0 0 0 1 
27844314100022;0.628187;0.0703488;0.99987 0.0147593 0.00641503 0.995378 -0.0146101 0.999635 -0.0227109 -0.366989 -0.00674788 0.0226143 0.999721 -0.555606 0 0 0 1 
27844314100023;0.278091;0.0835448;0.996377 0.0165759 0.083421 1.17114 -0.0129081 0.998934 -0.0443165 -0.535017 -0.0840667 0.0430791 0.995528 -0.202058 0 0 0 1 
27844314100024;0.416131;0.284063;0.968681 0.00469925 -0.248264 -1.3044 -0.0140271 0.99926 -0.0358165 -0.375234 0.247912 0.0381772 0.96803 7.22059 0 0 0 1 
27844314100025;0.365706;0.306874;0.991557 -0.0247317 -0.127289 -2.11658 0.0245518 0.999694 -0.00298223 0.600743 0.127324 -0.000168125 0.991861 2.53368 0 0 0 1 
27844314100026;0.38807;0.139072;0.983185 -0.0147474 0.182019 -0.825011 0.00558179 0.998695 0.0507652 0.065774 -0.18253 -0.0488956 0.981984 -7.99835 0 0 0 1 
27844314100027;0.827287;0.687401;0.98034 -0.03981 -0.193257 -3.4683 0.0143866 0.99125 -0.131213 -0.852199 0.19679 0.125853 0.972335 11.5448 0 0 0 1 
27844314100028;0.216847;0.0984802;0.993346 -0.026238 0.112143 -1.54364 0.0402345 0.991412 -0.124432 0.243562 -0.107915 0.128116 0.985871 4.93956 0 0 0 1 
27844314100029;0.528223;0.386534;0.996659 0.0191465 0.0793978 1.41222 -0.0176021 0.999643 -0.0201059 -0.442289 -0.0797544 0.0186411 0.99664 -1.52519 0 0 0 1 
27844314100031;1.32944;0.547913;0.997597 -0.068067 -0.0129598 0.151528 0.0680546 0.997681 -0.00139182 0.203335 0.0130245 0.000506504 0.999915 2.6156 0 0 0 1 
27844314100032;1.35252;0.854265;0.948689 0.0250436 -0.315216 -1.00094 0.0698236 0.955661 0.286071 1.84129 0.308404 -0.293402 0.904877 6.17756 0 0 0 1 
27844314100033;0.908498;0.421025;0.973596 -0.0104172 -0.228041 -0.548519 0.0632522 0.972155 0.225639 0.841002 0.219341 -0.234105 0.947145 4.9599 0 0 0 1 
27844314100034;0.315932;0.25271;0.999467 0.0321596 0.00553751 -0.154437 -0.0322387 0.99937 0.0148415 -0.480906 -0.00505672 -0.0150121 0.999875 -0.167295 0 0 0 1 
27844314100035;0.38412;0.17452;0.999564 -0.00469024 -0.0291649 0.0323426 0.00332526 0.998905 -0.0466759 -0.140939 0.0293518 0.0465585 0.998484 -0.488872 0 0 0 1 
27844314100036;0.255516;0.132562;0.996208 0.0406787 0.0769055 -0.141397 -0.0530795 0.984562 0.166796 -0.280009 -0.0689331 -0.170246 0.982988 -0.128842 0 0 0 1 
27844314100037;0.704806;0.371257;0.997949 -0.058692 0.0255409 0.3745 0.0617346 0.987964 -0.141829 -0.195722 -0.0169093 0.143115 0.989562 0.165951 0 0 0 1 
27844314100038;1.02577;0.529326;0.99578 0.0409624 0.0821246 -0.138341 -0.0379502 0.99856 -0.0379111 0.0483164 -0.0835593 0.0346345 0.995901 0.637207 0 0 0 1 
27844314100039;0.646323;0.18377;0.99766 -0.0316544 0.0606046 -0.121319 0.0435453 0.977527 -0.206262 0.0162232 -0.0527135 0.208419 0.976618 0.115124 0 0 0 1 
27844314100040;0.526776;0.495851;0.957153 -0.0162865 0.289123 0.12416 0.024261 0.999417 -0.0240191 -0.434043 -0.288563 0.0300044 0.956991 -4.0056 0 0 0 1 
27844314100041;0.240913;0.242036;0.986394 -0.0503126 -0.156509 -0.143962 0.041192 0.997288 -0.0609844 0.00945732 0.159153 0.0537078 0.985792 1.86582 0 0 0 1 
27844314100042;1.10623;0.33014;0.996478 -0.0805408 -0.0233355 0.508561 0.0817397 0.995078 0.0560269 -0.68793 0.0187082 -0.0577371 0.998157 -0.855312 0 0 0 1 
27844314100043;0.537176;0.389645;0.949174 0.0437021 0.311705 -0.418903 -0.128863 0.957469 0.258162 -1.45637 -0.287165 -0.285208 0.914436 -3.39955 0 0 0 1 
27844314100044;0.682374;0.393067;0.988933 -0.048133 0.14034 0.475705 0.0666818 0.989187 -0.130621 -0.087542 -0.132535 0.138533 0.981449 -1.11941 0 0 0 1 
27844314100045;0.577329;0.331964;0.996307 -0.0311466 -0.0800196 -0.087472 0.0273082 0.998444 -0.0486236 0.470641 0.0814095 0.0462589 0.995607 -0.0526574 0 0 0 1 
27844314100046;0.842689;0.291041;0.978247 0.0446918 -0.202571 -0.921639 -0.0153236 0.989417 0.144288 -0.987554 0.206876 -0.138045 0.968579 3.5093 0 0 0 1 
27844314100047;0.331521;0.30001;0.999675 0.0146684 0.0208669 -0.0623369 -0.0140861 0.999515 -0.0277849 -0.0913448 -0.0212643 0.027482 0.999396 -0.254852 0 0 0 1 
27844314100048;0.326512;0.2522;0.999702 -0.00567965 0.0237348 0.0926279 0.00710365 0.998152 -0.0603496 -0.053142 -0.0233482 0.0605002 0.997895 -0.0765407 0 0 0 1 
27844314100049;0.286094;0.14789;0.98673 0.0225853 -0.160794 -0.376165 -0.0167962 0.999164 0.0372717 -0.202467 0.161502 -0.0340763 0.986284 1.62625 0 0 0 1 
27844314100050;1.23172;0.742537;0.99957 0.020229 -0.0212446 -0.229316 -0.0198196 0.999617 0.019304 0.377604 0.021627 -0.0188747 0.999588 1.83169 0 0 0 1 
27844314100051;0.428034;0.170284;0.99973 -0.00211646 -0.0231552 -0.0390162 0.00171613 0.999849 -0.0172953 -0.0604882 0.0231883 0.0172508 0.999582 1.10428 0 0 0 1 
27844314100052;1.33827;0.583807;0.99577 -0.0848139 -0.0353418 0.735158 0.0885274 0.988592 0.121854 -0.20049 0.0246037 -0.124468 0.991919 -1.01234 0 0 0 1 
27844314100053;1.32669;0.24178;0.969489 0.0159775 0.244612 0.144967 -0.0536193 0.987531 0.14801 -1.75508 -0.239197 -0.15661 0.958258 -0.244747 0 0 0 1 
27844314100054;0.560805;0.121787;0.990603 -0.00181569 0.136756 -0.0227097 -0.00527435 0.998661 0.051464 -0.470539 -0.136667 -0.0517017 0.989267 -0.428241 0 0 0 1 
27844314100055;0.956315;0.752339;0.999094 -0.00949453 0.0414875 0.0133336 0.0119564 0.998157 -0.0595007 0.453258 -0.0408461 0.0599428 0.997366 0.272621 0 0 0 1 
27844314100056;1.36899;0.492888;0.995236 -0.0696325 0.0682392 0.570906 0.07774 0.989179 -0.124425 -0.820869 -0.0588368 0.129138 0.98988 0.00351327 0 0 0 1 
27844314100057;0.0905846;0.0710712;0.990751 -0.00545269 0.135581 0.0365012 0.00642506 0.999957 -0.00673536 -0.0721854 -0.135538 0.00754419 0.990743 -1.65948 0 0 0 1 
27844314100058;0.707405;0.167599;0.999545 0.0276534 0.0120264 0.0403591 -0.0276063 0.999611 -0.00405777 -0.0422502 -0.0121339 0.00372392 0.999919 -1.50594 0 0 0 1 
27844314100059;0.65531;0.50231;0.893488 -0.0181055 0.448721 -0.35884 -0.0398677 0.992044 0.119412 -0.631553 -0.447313 -0.124583 0.885658 -6.19216 0 0 0 1 
27844314100060;1.27536;0.328771;0.9813 0.0316911 0.18986 -0.0987433 -0.0200501 0.997817 -0.0629242 -1.15071 -0.19144 0.0579408 0.979793 -4.8608 0 0 0 1 
27844314100062;0.6633;0.419558;0.999831 -0.0180632 -0.00337534 -0.626647 0.0179204 0.999103 -0.0383793 0.259744 0.00406556 0.0383123 0.999258 0.652628 0 0 0 1 
27844314100063;1.6099;0.110822;0.994392 0.0124516 -0.105024 0.409152 -0.0137852 0.999833 -0.0119821 -0.147495 0.104857 0.0133627 0.994398 -0.361463 0 0 0 1 
27844314100064;1.94982;1.71659;0.998606 0.00343369 0.0526782 0.199313 -0.000892473 0.998838 -0.0481882 0.13497 -0.0527825 0.0480739 0.997448 1.42611 0 0 0 1 
27844314100065;1.77485;0.933557;0.987369 0.0393779 0.153463 1.55189 -0.0962945 0.918336 0.38391 -2.97875 -0.125813 -0.393839 0.910528 -15.8666 0 0 0 1 
27844314100066;1.08018;0.460547;0.996492 0.0413151 0.0727729 1.66413 -0.0450764 0.99769 0.050825 -0.659761 -0.070505 -0.0539271 0.996053 -3.82986 0 0 0 1 
27844314100067;1.0783;0.429081;0.999417 -0.0208347 0.0270478 -0.788673 0.0205165 0.999718 0.0119914 0.526186 -0.02729 -0.0114295 0.999562 0.508893 0 0 0 1 
27844314100068;0.329721;0.279609;0.999755 0.0205074 0.00837178 0.673936 -0.0207036 0.999496 0.0240665 -0.148478 -0.00787402 -0.0242339 0.999675 -0.985375 0 0 0 1 
27844314100069;0.992581;0.848606;0.918238 -0.0255094 0.395207 -0.494323 0.0532453 0.996815 -0.0593706 0.490626 -0.392434 0.0755592 0.916671 -3.95311 0 0 0 1 
27844314100070;1.68809;1.04023;0.999665 0.0179431 -0.0186352 0.516824 -0.0174281 0.999472 0.0274402 -0.287029 0.0191178 -0.0271063 0.99945 1.15538 0 0 0 1 
27844314100071;2.20263;1.29637;0.986717 0.0350984 -0.158615 0.596028 0.00518219 0.969084 0.246677 -0.0661118 0.162369 -0.244222 0.956029 -7.92145 0 0 0 1 
27844314100072;0.844195;0.263034;0.919319 -0.0131162 -0.393293 -2.68855 -0.0374508 0.991992 -0.120623 -1.22622 0.391726 0.125621 0.911466 9.96486 0 0 0 1 
27844314100073;1.02691;0.590735;0.999391 0.00808296 0.033939 0.176615 -0.0134866 0.986674 0.162147 0.362185 -0.0321761 -0.162506 0.986183 -4.26263 0 0 0 1 
27844314100074;0.384882;0.477015;0.998642 -0.00475263 0.0518728 -0.0641363 -0.00384251 0.986395 0.164349 0.495997 -0.0519481 -0.164326 0.985037 -5.92864 0 0 0 1 
27844314100075;1.31596;0.616059;0.997873 0.0185364 -0.0625046 0.649779 -0.0203023 0.999409 -0.0277376 -0.373573 0.0619535 0.0289476 0.997659 0.132982 0 0 0 1 
27844314100076;1.20785;1.16275;0.999927 -0.00889844 0.00814248 -0.33736 0.00877864 0.999854 0.0146325 0.280072 -0.0082715 -0.0145599 0.99986 -0.551506 0 0 0 1 
27844314100077;1.66098;0.42997;0.997708 0.0383524 -0.0557505 1.26709 -0.0337587 0.996132 0.0811235 -0.536538 0.0586461 -0.0790555 0.995144 -3.7635 0 0 0 1 
27844314100078;1.89852;1.44821;0.999985 -0.00369124 -0.00411688 -0.154561 0.00367906 0.999989 -0.0029617 0.444265 0.00412776 0.0029465 0.999987 -0.86064 0 0 0 1 
27844314100079;1.7021;1.29531;0.996322 0.00497875 0.0855478 0.741532 -0.0143994 0.993843 0.109861 -0.187098 -0.0844741 -0.110689 0.990259 -3.78041 0 0 0 1 
27844314100080;1.10438;0.687939;0.97299 -0.0223216 0.229766 -0.208241 0.00422734 0.99687 0.0789438 0.374059 -0.230809 -0.0758403 0.970039 -6.7736 0 0 0 1 
27844314100081;0.430079;0.357456;0.999745 -0.0221683 -0.00423884 -0.809048 0.0221112 0.99967 -0.0130686 0.450793 0.00452715 0.0129715 0.999906 0.476438 0 0 0 1 
27844314100082;1.95213;1.39537;0.999686 0.00834803 0.0236085 0.0121747 -0.0159904 0.938357 0.345297 0.0425163 -0.0192707 -0.345566 0.938196 -9.48516 0 0 0 1 
27844314100083;0.583263;0.0923698;0.965784 0.00822857 0.259217 0.607853 -0.0283906 0.996844 0.0741333 -0.0262432 -0.257789 -0.0789561 0.96297 -6.58753 0 0 0 1 
27844314100084;0.503644;0.484113;0.99156 -0.00873204 0.129351 -0.138448 -0.024336 0.967457 0.251862 -0.447616 -0.127341 -0.252884 0.95908 -9.88038 0 0 0 1 
27844314100085;0.720603;0.392687;0.996479 0.0464737 0.0697795 1.7102 -0.0618802 0.969257 0.23814 -1.24404 -0.0565671 -0.24162 0.968721 -8.86809 0 0 0 1 
27844314100086;1.70425;1.30281;0.995948 0.0575239 -0.0691323 1.3961 -0.0325205 0.947027 0.319503 -1.01544 0.0838492 -0.31596 0.94506 -9.57059 0 0 0 1 
27844314100087;1.08193;0.977869;0.977069 -0.0426111 -0.208615 -1.94347 0.0145533 0.990844 -0.134225 -0.132612 0.212425 0.128111 0.968743 5.97892 0 0 0 1 
27844314100088;1.41218;0.806528;0.997973 -0.0243404 0.0588077 -0.779255 0.0295931 0.995487 -0.0901678 0.139113 -0.0563476 0.0917253 0.994189 3.552 0 0 0 1 
27844314100089;0.394008;0.338737;0.998487 0.0140143 -0.0531711 0.170813 -0.0147697 0.999795 -0.0138406 -0.124514 0.0529662 0.014605 0.998489 1.1398 0 0 0 1 
27844314100090;1.35838;0.609118;0.990643 -0.0235148 -0.134439 -0.795317 -0.0129149 0.964474 -0.263862 -1.51157 0.135868 0.26313 0.955145 8.47545 0 0 0 1 
27844314100091;1.04859;1.02082;0.999334 -0.00511042 -0.0361349 -0.375917 0.00760051 0.99758 0.0691129 0.300299 0.0356943 -0.0693415 0.996954 -1.73912 0 0 0 1 
27844314100093;0.967031;0.408575;0.994916 -0.0409408 -0.0920112 -3.9505 0.0279013 0.98993 -0.138778 -0.612965 0.0967664 0.135505 0.98604 17.4376 0 0 0 1 
27844314100094;1.92323;0.384563;0.972634 0.0398592 -0.228896 1.35324 0.00530976 0.981104 0.193408 -0.00440474 0.23228 -0.189331 0.954044 -8.13728 0 0 0 1 
27844314100095;0.873202;0.834165;0.992339 -0.00360816 0.123495 0.782572 -0.0374052 0.943887 0.328145 -5.13748 -0.11775 -0.33025 0.93652 -35.5727 0 0 0 1 
27844314100096;0.430323;0.85476;0.989794 0.014914 -0.141721 1.14951 -0.0143422 0.999884 0.00505563 -0.399008 0.14178 -0.00297145 0.989894 4.65134 0 0 0 1 
27844314100097;1.73872;0.635618;0.999998 -0.00187053 0.000801672 0.516993 0.00186241 0.999948 0.010012 0.700186 -0.000820358 -0.0100105 0.99995 0.415858 0 0 0 1 
27844314100098;0.721991;0.608608;0.999984 0.00476228 0.00305031 0.939482 -0.00515552 0.98934 0.145536 -0.642877 -0.00232471 -0.145549 0.989348 -13.3911 0 0 0 1 
27844314100099;0.836004;0.956463;0.998271 -0.0433429 -0.0396957 -4.20567 0.0455387 0.997381 0.0561948 1.56981 0.0371561 -0.0579054 0.99763 -4.46569 0 0 0 1 
27844314100100;2.4061;0.254897;0.999705 -0.0215707 -0.0111374 -1.81244 0.0237869 0.962037 0.271882 -0.797369 0.00484992 -0.272067 0.962266 -23.5189 0 0 0 1 
27844314100101;0.366989;0.454373;0.999724 -0.00241444 -0.0233748 0.0529066 0.01155 0.916751 0.399292 -6.19687 0.0204648 -0.399452 0.916526 -38.2793 0 0 0 1 
27844314100102;1.52564;1.3543;0.974253 -0.0505351 0.219719 -4.68694 0.101811 0.968143 -0.228767 -0.94749 -0.201158 0.245247 0.948361 16.8112 0 0 0 1 
27844314100103;2.09748;0.440885;0.999899 0.00681069 -0.0124864 1.48183 -0.00677992 0.999974 0.00250515 -0.335471 0.0125032 -0.00242024 0.999919 -2.1469 0 0 0 1 
27844314100104;0.507469;0.503859;0.999706 0.0231164 -0.00728262 2.67479 -0.0230248 0.999658 0.0124276 -0.74888 0.00756741 -0.0122563 0.999896 -1.42573 0 0 0 1 
27844314100105;1.7041;2.10946;0.99912 -0.0322089 0.0268685 -2.47241 0.0361614 0.986015 -0.162687 -0.628736 -0.0212528 0.163515 0.986312 14.9175 0 0 0 1 
27844314100106;0.621555;0.298776;0.975066 0.0178973 -0.221194 0.581867 0.0027881 0.995676 0.092853 -0.109371 0.221899 -0.0911545 0.970799 -1.47044 0 0 0 1 
27844314100107;0.153647;0.316093;0.998491 -0.0540274 -0.00980782 -5.06683 0.0540002 0.998536 -0.00301796 1.74761 0.00995651 0.00248378 0.999947 0.603971 0 0 0 1 
27844314100108;1.53872;0.251609;0.999209 0.0144985 -0.0370198 2.52151 -0.019412 0.990515 -0.136025 -1.10275 0.0346965 0.136636 0.990013 15.8162 0 0 0 1 
27844314100109;1.60611;1.01873;0.999257 -0.0176818 -0.0342453 -1.73455 0.019887 0.997677 0.0651611 0.467328 0.0330136 -0.0657938 0.997287 -6.64562 0 0 0 1 
27844314100110;2.36031;0.964204;0.999974 0.00701373 -0.00194196 1.65055 -0.00716417 0.995624 -0.0931739 -1.61111 0.00127997 0.0931853 0.995648 11.1211 0 0 0 1 
27844314100111;0.227132;0.223694;0.967637 0.0474302 -0.247851 2.76585 0.000527991 0.981795 0.189944 -0.968349 0.252348 -0.183927 0.949996 -9.11675 0 0 0 1 
27844314100112;2.20462;2.17064;0.998752 -0.0467518 -0.0175512 -4.27379 0.0392241 0.951956 -0.303711 -4.06827 0.0309071 0.302644 0.952602 29.2459 0 0 0 1 
27844314100113;2.4063;0.277137;0.993925 -0.0718186 0.083392 -6.56542 0.0844102 0.98368 -0.1589 0.50096 -0.070619 0.164973 0.983767 16.433 0 0 0 1 
27844314100114;0.335195;0.348105;0.979937 -0.0556849 0.19137 -5.12151 0.0722617 0.994111 -0.0807595 1.58205 -0.185746 0.0929679 0.97819 2.24994 0 0 0 1 
27844314100115;1.83608;1.10141;0.999985 0.00537499 0.000981172 1.32091 -0.00539099 0.999839 0.0170959 0.214428 -0.000889124 -0.0171009 0.999853 -1.3231 0 0 0 1 
27844314100116;1.89876;1.70588;0.978121 -0.0304982 0.20579 -2.35634 0.0129063 0.996186 0.086292 0.639611 -0.207636 -0.081748 0.974784 -13.83 0 0 0 1 
27844314100117;2.29451;0.499881;0.991399 0.0400063 -0.124613 3.19621 -0.0074221 0.967789 0.251655 -1.60508 0.130667 -0.248565 0.959761 -17.0686 0 0 0 1 
27844314100118;2.1601;2.16532;0.99989 -0.00682093 0.0131643 -0.200305 0.0071159 0.999722 -0.0224919 0.521328 -0.0130072 0.0225831 0.99966 2.13298 0 0 0 1 
27844314100119;1.47956;0.456662;0.999933 0.0110948 -0.00337705 2.05164 -0.0109432 0.999057 0.0420181 -0.379006 0.00384005 -0.0419784 0.999111 -5.12394 0 0 0 1 
27844314100120;0.852594;0.647851;0.977806 -0.0378761 -0.206058 -4.69296 -0.00648569 0.977579 -0.210468 -3.28688 0.20941 0.207133 0.955638 28.2352 0 0 0 1 
27844314100121;1.87824;0.875207;0.99822 -0.00950753 0.0588824 0.0255671 0.00846139 0.999802 0.0179906 0.172702 -0.0590418 -0.0174604 0.998103 -5.81862 0 0 0 1 
27844314100122;1.73464;0.188532;0.969269 -0.0152519 -0.245529 -1.75537 0.0127281 0.999849 -0.0118629 1.049 0.245673 0.00837318 0.969317 8.52582 0 0 0 1 
27844314100124;0.405551;0.298412;0.997524 -0.0521116 -0.0472245 -4.62209 0.0569193 0.992634 0.106949 1.53491 0.0413034 -0.109372 0.993142 -7.8769 0 0 0 1 
27844314100125;0.438401;0.308062;0.908146 -0.0938635 0.407997 -10.6027 0.140931 0.986206 -0.086807 2.88948 -0.394221 0.136333 0.908847 -2.00624 0 0 0 1 
27844314100126;1.24567;0.187781;0.977691 -0.204568 -0.0476637 -20.1624 0.20082 0.976875 -0.0733926 2.7477 0.0615753 0.0621835 0.996163 6.94009 0 0 0 1 
27844314100127;1.48846;0.886498;0.999449 0.00565344 -0.0327155 -0.667354 -0.00356861 0.997979 0.063437 -1.10538 0.0330081 -0.0632852 0.997449 -2.00939 0 0 0 1 
27844314100128;1.19785;0.281587;0.996637 -0.0159702 -0.0803695 -1.99886 0.0114452 0.99834 -0.0564518 -0.00529642 0.0811376 0.0553421 0.995165 5.82403 0 0 0 1 
27844314100129;1.23822;0.315069;0.989774 0.142412 0.00811029 10.4316 -0.141547 0.987616 -0.0676763 -7.37941 -0.0176477 0.0658363 0.997674 6.43312 0 0 0 1 
27844314100130;0.532996;0.329817;0.981779 0.00581891 -0.189938 -0.724234 -0.0459104 0.977184 -0.207372 -4.2132 0.184398 0.212313 0.959646 24.6601 0 0 0 1 
27844314100131;0.768744;0.226592;0.985116 0.1703 -0.0233519 14.304 -0.161798 0.964533 0.208563 -8.79698 0.0580419 -0.20168 0.97773 -14.722 0 0 0 1 
27844314100132;0.304449;0.183024;0.990008 0.0477812 -0.132671 3.08591 -0.0223825 0.982162 0.186702 -2.06122 0.139226 -0.181867 0.973417 -11.5325 0 0 0 1 
27844314100133;0.242712;0.246223;0.971054 -0.104319 -0.214877 -11.3266 0.0286179 0.943921 -0.328929 -5.49513 0.23714 0.313258 0.919584 35.8946 0 0 0 1 
27844314100134;1.30166;0.349451;0.972287 0.0362472 0.230962 2.79292 -0.0337372 0.999321 -0.0148091 -1.54262 -0.231342 0.0066067 0.97285 -9.49507 0 0 0 1 
27844314100135;0.261851;0.357532;0.994187 -0.0926726 0.0548026 -8.20439 0.0906183 0.995127 0.0388577 2.58615 -0.0581366 -0.0336657 0.997741 -4.78205 0 0 0 1 
27844314100136;1.42144;0.181125;0.992267 0.12393 0.00690739 10.4782 -0.122681 0.987682 -0.0971234 -7.4753 -0.0188588 0.0955249 0.995248 9.59985 0 0 0 1 
27844314100137;1.20547;0.412382;0.94951 -0.285234 0.130664 -27.8258 0.311942 0.9028 -0.296047 -0.632239 -0.0335208 0.32186 0.946194 28.6706 0 0 0 1 
27844314100138;0.244336;0.216682;0.993896 0.0225445 -0.10799 1.22477 -0.0422113 0.98212 -0.183465 -3.92609 0.101923 0.186904 0.977077 19.8111 0 0 0 1 
27844314100139;1.59431;0.208716;0.99876 -0.0497741 -0.00134786 -3.64004 0.0497845 0.998717 0.0092887 -0.58539 0.000883794 -0.00934428 0.999956 -1.80965 0 0 0 1 
27844314100140;0.22734;0.339436;0.996191 -0.0862402 0.0129269 -7.86845 0.0864503 0.996117 -0.0166811 2.40497 -0.0114381 0.0177351 0.999777 1.31592 0 0 0 1 
27844314100141;0.358346;0.439418;0.953781 -0.209398 -0.215534 -21.1757 0.166154 0.965111 -0.20237 1.58589 0.250391 0.157205 0.955296 22.3184 0 0 0 1 
27844314100142;0.117962;0.319929;0.995036 0.0981194 0.0165849 8.4239 -0.0971493 0.993929 -0.0516465 -4.57481 -0.0215517 0.0497789 0.998528 3.81232 0 0 0 1 
27844314100143;1.8568;1.51715;0.99974 0.0213496 0.00805874 2.27027 -0.0202688 0.993012 -0.116264 -2.77392 -0.0104846 0.11607 0.993186 10.0565 0 0 0 1 
27844314100144;0.573265;0.465561;0.987077 0.00508623 -0.160164 -1.25171 -0.00153328 0.99975 0.0222989 -0.00274051 0.160238 -0.0217652 0.986838 3.64036 0 0 0 1 
27844314100145;0.564902;1.12456;0.966663 -0.244053 -0.0774583 -23.9769 0.232732 0.963594 -0.131612 3.10619 0.106759 0.109198 0.98827 13.5328 0 0 0 1 
27844314100146;0.457208;0.225793;0.999761 0.0129536 0.0176287 0.882071 -0.0135278 0.999369 0.0328506 -0.719669 -0.017192 -0.0330813 0.999305 -2.56341 0 0 0 1 
27844314100147;0.839697;0.237196;0.994328 -0.0440667 -0.0967969 -5.42719 0.0546588 0.992466 0.109654 1.50146 0.0912355 -0.114323 0.989245 -7.96509 0 0 0 1 
27844314100148;1.27087;0.173063;0.999372 -0.00108031 0.0354095 -1.66128 0.00691695 0.986248 -0.16513 -3.2579 -0.0347442 0.165271 0.985636 13.5246 0 0 0 1 
27844314100149;0.814525;0.401593;0.993545 -0.00272954 0.113405 -0.817044 0.0591475 0.865526 -0.497359 -11.4315 -0.0967977 0.500857 0.8601 41.1989 0 0 0 1 
27844314100150;1.30625;0.796502;0.997884 0.00913623 0.0643751 0.510803 0.0111206 0.951509 -0.307421 -5.52921 -0.0640621 0.307486 0.949394 24.0636 0 0 0 1 
27844314100151;1.21483;1.12071;0.987915 -0.0625994 0.141792 -5.63983 0.0649227 0.99782 -0.0118139 1.79704 -0.140743 0.0208766 0.989826 -1.70008 0 0 0 1 
27844314100152;0.850848;1.04336;0.981387 -0.000404951 0.192042 -0.428319 0.0518134 0.963472 -0.26275 -2.84134 -0.18492 0.267809 0.945559 16.9559 0 0 0 1 
27844314100153;1.33869;0.212396;0.986614 0.140494 0.0827945 10.2736 -0.142335 0.989677 0.0167386 -7.1779 -0.0795881 -0.028299 0.996426 -5.73688 0 0 0 1 
27844314100155;1.31103;1.35646;0.992478 -0.117232 -0.035273 -5.81968 0.107902 0.973768 -0.200333 0.51696 0.0578333 0.195021 0.979093 10.2936 0 0 0 1 
27844314100156;0.173499;0.215304;0.999629 -0.0144377 -0.0230765 -1.10933 0.0148676 0.999717 0.0185687 0.506812 0.0228019 -0.0189049 0.999561 -0.488324 0 0 0 1 
27844314100157;1.77732;0.436899;0.985684 0.146111 -0.0841367 5.47416 -0.137889 0.985743 0.0964241 -1.95709 0.0970258 -0.0834421 0.991778 -3.14977 0 0 0 1 
27844314100158;2.31932;0.326917;0.975354 0.0764219 -0.206987 0.99472 0.0262821 0.891184 0.45288 -0.684176 0.219074 -0.447158 0.867212 -14.8357 0 0 0 1 
27844314100159;1.17995;0.306388;0.995619 0.0697799 -0.062235 2.64686 -0.0649265 0.994925 0.076865 -1.44945 0.0672828 -0.0724876 0.995097 -3.17049 0 0 0 1 
27844314100160;1.94121;0.5096;0.980169 -0.0594093 -0.189049 -3.99308 0.0642083 0.997749 0.0193568 2.02856 0.187474 -0.0311115 0.981777 4.65615 0 0 0 1 
27844314100161;0.541664;0.323157;0.98682 0.0905073 -0.134144 3.30159 -0.106055 0.98784 -0.113685 -3.26897 0.122224 0.126413 0.984419 9.03686 0 0 0 1 
27844314100162;1.51732;1.12207;0.949627 -0.312547 -0.0228545 -17.0403 0.312754 0.949815 0.00603944 6.62912 0.0198199 -0.0128831 0.999721 0.239445 0 0 0 1 
27844314100163;1.36524;0.945094;0.952732 -0.303574 -0.0120096 -16.5738 0.302952 0.952265 -0.0375783 4.112 0.0228442 0.0321638 0.999222 1.25068 0 0 0 1 
27844314100164;0.587208;0.37489;0.974524 -0.224028 -0.0106827 -11.3993 0.224218 0.971998 0.0703357 4.49819 -0.00537354 -0.0709391 0.997466 -2.95546 0 0 0 1 
27844314100165;1.53313;0.386238;0.999321 0.0367203 -0.00309441 1.89832 -0.0366362 0.999044 0.0238626 -1.82159 0.0039677 -0.023733 0.99971 0.0559617 0 0 0 1 
27844314100166;0.330265;0.38628;0.968329 -0.248254 -0.0266423 -12.5966 0.244951 0.965234 -0.0912265 3.68361 0.0483634 0.0818112 0.995474 4.99553 0 0 0 1 
27844314100167;0.903395;0.356109;0.988972 -0.127523 0.0753168 -5.84362 0.138527 0.976377 -0.165824 0.947224 -0.0523913 0.174429 0.983275 6.12946 0 0 0 1 
27844314100168;2.432;0.354006;0.99491 -0.0420251 0.0915895 -1.93286 0.0397862 0.998866 0.0261363 0.344338 -0.0925841 -0.0223592 0.995454 -0.569499 0 0 0 1 
27844314100169;1.16953;0.755754;0.941666 0.0541826 0.332158 2.88194 0.0546472 0.949241 -0.309767 -2.76309 -0.332082 0.309849 0.890907 6.75523 0 0 0 1 
27844314100170;0.524881;0.342607;0.981518 -0.0517697 -0.184235 -3.60752 0.0734453 0.990895 0.112843 1.42662 0.176716 -0.124288 0.976383 -1.86453 0 0 0 1 
27844314100171;2.35705;0.353042;0.957936 0.138505 0.251348 5.59713 -0.0966847 0.980384 -0.171756 -3.03666 -0.270206 0.14023 0.952536 -2.17157 0 0 0 1 
27844314100172;0.422262;0.295306;0.997387 0.0117885 -0.0712804 -0.37813 -0.00716781 0.997877 0.064736 0.491181 0.0718922 -0.0640559 0.995353 -1.43025 0 0 0 1 
27844314100173;0.404553;0.330975;0.992673 -0.09846 -0.0700475 -5.30321 0.106324 0.987161 0.119197 2.07141 0.057412 -0.125771 0.990397 -4.46152 0 0 0 1 
27844314100174;0.99992;1.13107;0.987032 0.160012 -0.0127639 5.32591 -0.159311 0.986235 0.044271 -3.88777 0.0196721 -0.0416635 0.998938 -2.08423 0 0 0 1 
27844314100175;0.837078;0.419851;0.999007 0.0430657 -0.0113808 1.42764 -0.0427583 0.998747 0.026002 -0.0167118 0.0124863 -0.0254895 0.999597 -1.19282 0 0 0 1 
27844314100176;0.793248;0.626847;0.996382 0.0298837 -0.0795563 0.664712 -0.0541172 0.944904 -0.322842 -5.17945 0.0655254 0.325979 0.943103 17.1054 0 0 0 1 
27844314100177;2.13358;0.299638;0.999916 -0.00833458 -0.00992153 -0.551413 0.00849026 0.99984 0.0157539 0.501295 0.00978864 -0.0158368 0.999827 -2.8784 0 0 0 1 
27844314100178;1.06641;1.31841;0.980821 -0.190018 -0.0434038 -9.6259 0.189634 0.981771 -0.0128503 3.94905 0.0450544 0.00437304 0.998975 0.930505 0 0 0 1 
27844314100179;2.46162;0.377328;0.952293 0.121282 -0.280052 3.67301 -0.160442 0.979557 -0.121352 -3.62276 0.259609 0.160495 0.952284 10.8087 0 0 0 1 
27844314100180;2.13141;0.281809;0.903719 0.303002 0.302459 10.7628 -0.34992 0.929811 0.114048 -11.1882 -0.246673 -0.208904 0.946315 -16.1762 0 0 0 1 
27844314100181;0.683715;0.36245;0.998547 0.0514076 0.0161403 2.36967 -0.0520785 0.997658 0.0443388 -0.882552 -0.0138232 -0.0451149 0.998886 -1.76111 0 0 0 1 
27844314100182;1.078;0.313315;0.981998 -0.0751367 0.173304 -3.31861 0.0632762 0.995324 0.0729831 1.29579 -0.177977 -0.0607033 0.982161 -5.77698 0 0 0 1 
27844314100183;1.04239;0.390951;0.903373 -0.198923 0.37993 -9.81041 0.0885174 0.953328 0.28867 1.4567 -0.419621 -0.227146 0.878819 -19.558 0 0 0 1 
27844314100184;1.3844;0.305271;0.983769 -0.032714 0.176431 -1.12234 0.0158057 0.995217 0.0964022 -0.759968 -0.178741 -0.0920489 0.979581 -8.6256 0 0 0 1 
27844314100186;0.793481;0.454848;0.972512 0.103072 -0.208797 5.51554 -0.0549768 0.972981 0.224242 -2.27359 0.226268 -0.206599 0.951903 -6.05199 0 0 0 1 
27844314100187;1.90684;0.388422;0.997223 0.0736423 0.011101 5.84245 -0.0731129 0.996427 -0.0422785 -2.18615 -0.0141749 0.0413495 0.999044 3.86486 0 0 0 1 
27844314100188;0.899725;1.28235;0.904671 0.0744701 0.419554 4.81889 -0.077196 0.996961 -0.0105034 -2.4973 -0.419061 -0.0228858 0.90767 -16.6876 0 0 0 1 
27844314100189;2.92803;2.73499;0.996023 -0.0414857 -0.0788544 -3.17507 0.0312205 0.991383 -0.12722 -0.672555 0.0834527 0.124252 0.988735 11.4904 0 0 0 1 
27844314100190;2.25734;1.36477;0.988619 0.139889 -0.0553489 10.7145 -0.147394 0.974333 -0.170147 -8.08971 0.0301266 0.176368 0.983863 13.9529 0 0 0 1 
27844314100191;2.96618;1.1653;0.984136 -0.0651259 0.165029 -3.72284 0.12477 0.915356 -0.382827 -4.52043 -0.126128 0.397344 0.90896 24.6625 0 0 0 1 
27844314100192;2.51273;0.624186;0.926003 -0.129833 -0.354487 -10.9238 0.089699 0.987779 -0.127465 1.09827 0.366704 0.0862363 0.926332 18.0408 0 0 0 1 
27844314100193;1.47826;1.60382;0.971887 0.221792 -0.079025 15.9877 -0.21932 0.974881 0.0388028 -8.03706 0.0856462 -0.0203802 0.996117 2.55647 0 0 0 1 
27844314100194;2.31253;1.93147;0.970652 -0.00332003 -0.240464 -2.2002 0.00910816 0.999695 0.0229633 0.482471 0.240315 -0.0244796 0.970386 7.68979 0 0 0 1 
27844314100195;2.39108;0.555167;0.980242 -0.181671 -0.0782335 -11.9252 0.147693 0.935335 -0.321459 -0.455175 0.131574 0.303553 0.943686 22.9518 0 0 0 1 
27844314100196;0.463067;2.1557;0.984593 0.144053 0.0991224 11.7978 -0.146937 0.988892 0.0223946 -5.00755 -0.0947954 -0.0366143 0.994823 -5.68199 0 0 0 1 
27844314100197;2.03095;2.0006;0.994434 -0.0643172 -0.08345 -4.76092 0.0527103 0.989508 -0.134517 0.182976 0.0912262 0.129369 0.987391 10.9107 0 0 0 1 
27844314100198;1.85236;0.518202;0.98522 -0.0621265 -0.159629 -4.59203 0.0663672 0.997566 0.0213687 1.99708 0.157913 -0.031647 0.986946 4.19817 0 0 0 1 
27844314100199;0.504668;0.526285;0.989509 -0.131642 -0.0595204 -9.11695 0.137136 0.985463 0.10028 4.12197 0.0454541 -0.107391 0.993177 -6.22996 0 0 0 1 
27844314100200;2.93423;1.48216;0.997709 -0.0663917 0.0130103 -3.94243 0.0674529 0.991002 -0.115605 1.45305 -0.00521798 0.116218 0.99321 5.08053 0 0 0 1 
27844314100201;1.21539;0.673321;0.988914 0.0160993 0.147612 1.72669 -0.0410264 0.985032 0.167421 -1.94983 -0.142707 -0.171621 0.974772 -17.4749 0 0 0 1 
27844314100202;1.66781;1.38655;0.946939 0.116254 -0.299653 5.5446 -0.0835598 0.989282 0.119747 -2.54821 0.310362 -0.0883539 0.946503 5.601 0 0 0 1 
27844314100203;0.429271;0.830368;0.931401 -0.126751 0.341214 -8.68881 0.0382753 0.96632 0.25448 -0.0499282 -0.361977 -0.223963 0.904883 -27.9876 0 0 0 1 
27844314100204;0.64969;0.831502;0.92171 0.00331617 -0.387866 -3.86299 0.0666811 0.983722 0.166869 1.83117 0.382106 -0.179668 0.906485 -0.207328 0 0 0 1 
27844314100205;2.89316;2.70446;0.995813 -0.0137229 -0.0903743 -0.793264 0.00891726 0.998535 -0.0533658 -0.119014 0.0909742 0.0523365 0.994477 5.31543 0 0 0 1 
27844314100206;1.28236;0.57603;0.99644 -0.0499918 0.0678802 -2.36119 0.0621606 0.979616 -0.191022 -1.0146 -0.0569469 0.194562 0.979236 11.1406 0 0 0 1 
27844314100207;1.92404;1.155;0.972124 0.135559 -0.191309 8.30401 -0.118878 0.988239 0.0961822 -4.2496 0.202098 -0.0707586 0.976806 3.53615 0 0 0 1 
27844314100208;1.88311;1.39775;0.918498 0.0995386 0.382691 7.20301 -0.0217674 0.979059 -0.202411 -2.76488 -0.394825 0.177584 0.901431 -3.31507 0 0 0 1 
27844314100209;2.33052;1.11068;0.991291 0.129315 0.0249043 9.86781 -0.129281 0.991604 -0.00296792 -4.4585 -0.025079 -0.000277592 0.999685 -2.96674 0 0 0 1 
27844314100210;0.530209;0.585507;0.993265 -0.0525537 0.103258 -2.88785 0.0623279 0.993635 -0.0938324 1.03883 -0.0976699 0.0996363 0.990219 3.10885 0 0 0 1 
27844314100211;2.44996;1.10379;0.994448 0.0891744 -0.0558701 6.37585 -0.0909001 0.995433 -0.0291443 -2.95454 0.053016 0.0340611 0.998013 6.21483 0 0 0 1 
27844314100212;2.84301;1.16246;0.99654 0.0590183 -0.0585239 4.75506 -0.0634699 0.99498 -0.0773744 -1.96246 0.0536636 0.0808211 0.995283 4.76028 0 0 0 1 
27844314100213;1.50297;0.555276;0.998563 0.0395149 0.0362064 4.20932 -0.0322108 0.982429 -0.183835 -3.69186 -0.0428345 0.182405 0.98229 11.2193 0 0 0 1 
27844314100214;0.564234;0.571219;0.986354 -0.106363 0.125669 -6.68855 0.10926 0.993878 -0.016375 3.05166 -0.123158 0.0298822 0.991937 -1.65693 0 0 0 1 
27844314100215;0.386204;1.49171;0.990398 0.0926362 -0.102619 6.78721 -0.101036 0.991667 -0.0799242 -3.70503 0.0943601 0.089525 0.991505 9.2012 0 0 0 1 
27844314100217;0.459527;0.938781;0.995808 0.0113371 -0.0907647 0.325354 -0.0128672 0.999785 -0.0162907 -0.746381 0.0905605 0.0173903 0.995739 2.92146 0 0 0 1 
27844314100218;2.20727;0.49018;0.99929 0.0293814 -0.0235736 0.889455 -0.0294968 0.999554 -0.00456065 -1.36518 0.0234291 0.00525276 0.999712 3.52604 0 0 0 1 
27844314100219;2.19715;0.540912;0.995833 -0.0884505 -0.0222042 -1.72176 0.0876672 0.995567 -0.0340679 2.15264 0.0251191 0.0319793 0.999173 4.03555 0 0 0 1 
27844314100220;1.31114;0.147203;0.997636 -0.0147826 -0.0671074 0.702742 0.0130598 0.999576 -0.0260378 -0.644478 0.0674639 0.0250998 0.997406 2.37911 0 0 0 1 
27844314100221;1.65894;1.7274;0.999824 0.0140359 0.0124098 0.576928 -0.0144303 0.999375 0.0322848 -0.451267 -0.0119489 -0.0324582 0.999402 -0.451138 0 0 0 1 
27844314100222;1.73745;0.656562;0.97856 0.056527 -0.198052 0.647747 -0.0349195 0.993213 0.110943 -1.28211 0.202979 -0.101649 0.973893 4.98546 0 0 0 1 
27844314100223;2.40198;1.59692;0.998519 -0.00180381 -0.0543781 0.332895 0.00162266 0.999993 -0.00337529 0.231089 0.0543838 0.00328205 0.998515 3.2366 0 0 0 1 
27844314100224;0.843273;0.862273;0.999423 0.0141198 -0.0308863 0.371779 -0.0114822 0.996403 0.0839653 -0.346296 0.0319607 -0.0835623 0.99599 -0.311575 0 0 0 1 
27844314100225;1.09219;1.29183;0.999922 0.0114085 0.00499005 0.554494 -0.0110772 0.998014 -0.0620177 -0.44641 -0.00568767 0.0619576 0.998063 1.00702 0 0 0 1 
27844314100226;2.28577;0.469289;0.943134 0.116281 -0.311412 -0.281099 -0.0452023 0.972982 0.226414 -1.55083 0.329326 -0.199462 0.922908 8.60742 0 0 0 1 
27844314100227;0.739768;1.12101;0.98994 0.0318428 -0.137859 0.605163 -0.0276406 0.999096 0.03229 -0.763396 0.138763 -0.0281547 0.989925 3.93567 0 0 0 1 
27844314100228;0.965544;0.132557;0.989896 0.0848649 -0.113595 1.34447 -0.0808017 0.995931 0.0399162 -2.77656 0.116521 -0.0303342 0.992725 3.92916 0 0 0 1 
27844314100229;0.882458;1.23695;0.965829 0.0200304 0.258405 1.52183 0.0261033 0.984422 -0.173873 -0.454625 -0.257862 0.174677 0.950261 -5.58118 0 0 0 1 
27844314100230;0.333053;0.308066;0.950874 0.159461 -0.265352 0.526933 -0.0671631 0.94298 0.326002 -1.85798 0.302206 -0.292165 0.907365 3.19513 0 0 0 1 
27844314100231;2.08116;0.227731;0.995666 -0.0384606 0.0846757 -0.0274276 0.0403528 0.99897 -0.0207488 0.801935 -0.0837905 0.0240757 0.996193 0.386554 0 0 0 1 
27844314100232;2.3687;1.83281;0.998587 0.0457518 -0.0270427 0.556531 -0.0466205 0.998387 -0.0324156 -0.925048 0.025516 0.0336305 0.999109 0.21412 0 0 0 1 
27844314100233;0.91161;0.94379;0.998446 0.0510124 -0.02244 1.8032 -0.0507371 0.998632 0.0126713 -1.78589 0.0230557 -0.011513 0.999668 -0.427589 0 0 0 1 
27844314100234;2.15311;1.04146;0.997856 0.00921324 0.0647921 1.58835 -0.0100184 0.999876 0.012113 0.11589 -0.0646724 -0.0127361 0.997825 -4.84317 0 0 0 1 
27844314100235;1.5865;0.614539;0.942041 0.0293152 -0.334215 -3.85557 -0.0421115 0.998629 -0.0311049 -1.58161 0.332845 0.0433764 0.941983 10.4072 0 0 0 1 
27844314100236;0.801975;0.7403;0.999539 0.0236477 -0.019033 1.06907 -0.0248831 0.997407 -0.067529 -1.04304 0.0173867 0.0679715 0.997536 1.71521 0 0 0 1 
27844314100237;0.36254;0.24836;0.988597 0.134706 -0.0673065 1.82172 -0.131476 0.990041 0.050329 -4.00446 0.0734158 -0.0409059 0.996462 1.65173 0 0 0 1 
27844314100238;0.509991;0.51316;0.995249 -0.00241393 -0.097332 0.145731 -0.0333099 0.930924 -0.363692 -3.96867 0.0914866 0.365206 0.92642 8.92731 0 0 0 1 
27844314100239;2.45541;1.65105;0.99942 0.0075101 -0.0332126 0.0462225 -0.00673509 0.999704 0.0233856 -0.379992 0.0333784 -0.0231483 0.999175 3.04711 0 0 0 1 
27844314100240;0.531694;0.340733;0.997527 -0.0657146 0.0249193 -1.09859 0.0651781 0.997636 0.0217639 1.80954 -0.0262907 -0.0200859 0.999453 -0.658829 0 0 0 1 
27844314100241;1.90316;0.662855;0.998858 -0.00884297 0.0469577 1.39119 0.00583861 0.99795 0.0637361 0.609877 -0.047425 -0.0633892 0.996861 -3.92832 0 0 0 1 
27844314100242;0.857743;0.271787;0.987765 0.0349991 0.15197 1.459 -0.0391005 0.998945 0.0240835 -0.78249 -0.150967 -0.029731 0.988092 -4.42608 0 0 0 1 
27844314100243;1.52979;1.87005;0.988553 -0.00824661 -0.150645 -0.639588 0.00184521 0.999091 -0.0425836 -0.0261264 0.15086 0.0418182 0.98767 4.9152 0 0 0 1 
27844314100244;1.45043;0.97874;0.986897 0.0829031 -0.138424 0.574034 -0.0354754 0.948401 0.315082 -0.610615 0.157403 -0.306043 0.938915 0.167333 0 0 0 1 
27844314100245;0.353496;0.715244;0.99862 0.0310649 0.0423352 1.34434 -0.0392841 0.976961 0.209771 -0.457179 -0.0348433 -0.211145 0.976834 -4.92781 0 0 0 1 
27844314100246;0.304746;0.182633;0.994921 0.0955946 0.0315145 1.80063 -0.0877207 0.977017 -0.194273 -4.19164 -0.0493616 0.190522 0.980441 1.9208 0 0 0 1 
27844314100248;1.91005;1.08722;0.999794 -0.0138881 0.014813 -0.88402 0.0136027 0.999723 0.0191985 1.39899 -0.0150755 -0.0189931 0.999706 -1.44121 0 0 0 1 
27844314100249;1.74539;0.268941;0.918026 0.0126012 0.396321 0.53662 0.0228311 0.996157 -0.0845586 0.571126 -0.395863 0.0866754 0.91421 4.8036 0 0 0 1 
27844314100250;2.4193;0.57955;0.883279 0.0461107 -0.466575 2.3519 -0.027191 0.998515 0.0472056 -2.12371 0.468058 -0.0290091 0.883221 -1.08765 0 0 0 1 
27844314100251;0.382775;0.444496;0.997457 0.0414641 0.0579744 2.65757 -0.0494346 0.988399 0.143611 -0.332546 -0.0513472 -0.146111 0.987935 -8.05591 0 0 0 1 
27844314100252;0.517763;0.789123;0.995478 0.00301338 -0.0949492 0.335809 -0.0281798 0.963876 -0.264856 -2.41221 0.0907212 0.266334 0.959602 13.9394 0 0 0 1 
27844314100253;0.421961;0.33172;0.995432 0.0286215 0.0910788 1.84212 -0.0212244 0.996474 -0.0811732 -0.686863 -0.093081 0.0788693 0.99253 3.90981 0 0 0 1 
27844314100254;1.06506;0.420348;0.997491 0.066519 -0.0242103 3.82058 -0.0594176 0.97268 0.224417 -1.21316 0.0384769 -0.222416 0.974192 -12.6609 0 0 0 1 
27844314100255;0.41574;0.463877;0.945504 0.0137394 -0.32532 0.421159 -0.0290786 0.99868 -0.0423358 -0.343379 0.324309 0.0494885 0.944656 3.43832 0 0 0 1 
27844314100256;0.221269;0.108972;0.999733 0.0037923 -0.0227899 0.129978 -0.00257317 0.998576 0.0532873 0.13349 0.0229596 -0.0532145 0.998319 -3.04225 0 0 0 1 
27844314100257;0.472366;0.282917;0.995265 0.0620979 0.0747761 3.7744 -0.0866151 0.915713 0.392386 -3.63426 -0.0441071 -0.397005 0.916756 -21.0864 0 0 0 1 
27844314100258;0.965959;0.46201;0.961919 0.0206617 -0.272551 -0.0769614 -0.0100176 0.999134 0.0403875 0.150722 0.27315 -0.0361192 0.961293 -0.955721 0 0 0 1 
27844314100259;0.701583;0.681295;0.999277 0.0361744 -0.0117212 2.15881 -0.0363935 0.999156 -0.0190578 -0.269015 0.0110219 0.0194705 0.99975 0.577745 0 0 0 1 
27844314100260;1.49458;0.906089;0.991356 0.0171643 -0.13007 0.324405 0.0199024 0.960257 0.278408 -0.306833 0.129679 -0.27859 0.951615 -13.7832 0 0 0 1 
27844314100261;0.461097;0.178649;0.980944 -0.0286251 -0.192172 -2.10892 0.017203 0.997999 -0.0608444 -0.050497 0.19353 0.0563789 0.979473 3.62095 0 0 0 1 
27844314100262;0.382481;0.500904;0.982404 -0.014233 -0.186226 -1.53644 0.0293101 0.996486 0.0784604 0.512913 0.184455 -0.0825382 0.979369 -4.16406 0 0 0 1 
