#;prob_registration_l1 -r /home/probabilistic_point_clouds_registration/build/tester /home/point_clouds_registration_benchmark//devel/registration_pairs/pioneer_slam3_local.txt /home/point_clouds_registration_benchmark//tum/pioneer_slam3 -s 0.1 -t 0.1 -p 0.3 -r 1000 -m 25 -i 40 
id;initial_error;final_error;transformation
39885980090000;0.518509;0.0808751;0.985361 0.14825 -0.0841803 -0.0607672 -0.133916 0.978645 0.155952 0.261226 0.105503 -0.142396 0.984171 -0.413611 0 0 0 1 
39885980090001;1.1366;0.111033;0.99623 0.0693508 -0.0521184 0.511592 -0.0661307 0.995935 0.0611591 -0.324436 0.056148 -0.0574819 0.996766 0.305928 0 0 0 1 
39885980090002;0.639436;0.20427;0.991791 0.127508 -0.00956665 0.216358 -0.127095 0.974835 -0.183151 0.328617 -0.0140273 0.182863 0.983038 -0.116184 0 0 0 1 
39885980090003;0.346141;0.127965;0.957308 -0.0626865 -0.282192 0.178128 -0.0165343 0.962731 -0.269953 -0.0122305 0.288598 0.263094 0.920594 -0.793919 0 0 0 1 
39885980090004;1.0895;0.421219;0.955232 -0.227026 -0.189715 -0.0033568 0.183539 0.957651 -0.221852 -0.0583835 0.232047 0.1771 0.956446 -1.08004 0 0 0 1 
39885980090005;0.90722;0.133668;0.998136 0.0559427 -0.0243916 0.395177 -0.0570825 0.997174 -0.0488503 0.428244 0.0215899 0.0501515 0.998508 -0.45441 0 0 0 1 
39885980090006;0.367469;0.0923985;0.976502 0.0162569 -0.214892 -0.00934435 -0.0575564 0.980603 -0.187361 0.0812307 0.207678 0.195327 0.958497 -0.9777 0 0 0 1 
39885980090007;0.500039;0.164141;0.965405 -0.246868 0.0839644 0.361096 0.2607 0.920465 -0.291169 -0.839997 -0.00540596 0.302985 0.95298 -0.293072 0 0 0 1 
39885980090008;1.30544;0.421365;0.980906 0.0741239 -0.179804 0.141801 -0.0802118 0.996417 -0.0268176 0.643197 0.177172 0.040728 0.983337 -1.1085 0 0 0 1 
39885980090009;1.07285;0.144171;0.989228 -0.14327 -0.030034 -0.374887 0.143882 0.989406 0.0193216 -0.882511 0.0269476 -0.0234349 0.999362 -0.00227548 0 0 0 1 
39885980090010;0.993349;0.216926;0.958512 0.283783 -0.0268583 0.103333 -0.284654 0.95789 -0.0376583 0.993123 0.0150405 0.0437413 0.99893 0.290313 0 0 0 1 
39885980090011;1.19076;0.455131;0.997424 -0.021691 0.0683765 -0.357312 0.0356996 0.976862 -0.210869 0.23769 -0.0622205 0.212767 0.97512 -0.612343 0 0 0 1 
39885980090012;1.08018;0.0828761;0.936724 0.32797 -0.122408 0.133597 -0.338404 0.937862 -0.0768008 0.632555 0.0896139 0.113365 0.989504 -0.986078 0 0 0 1 
39885980090013;0.734434;0.147713;0.985935 0.151946 -0.0696034 -0.299816 -0.163258 0.964721 -0.206543 0.389849 0.0357645 0.215001 0.975959 0.122062 0 0 0 1 
39885980090014;1.32795;0.14371;0.926846 0.0992854 -0.362076 0.809505 -0.012108 0.971803 0.235485 0.120335 0.375247 -0.213874 0.901913 -1.13005 0 0 0 1 
39885980090015;0.724355;0.174708;0.999826 -0.00630527 0.0175601 0.0189909 0.00596704 0.999797 0.0192476 -0.0932064 -0.0176779 -0.0191395 0.999661 -0.509014 0 0 0 1 
39885980090016;0.348273;0.110234;0.980484 0.0121966 -0.196223 0.0614687 0.0338906 0.972647 0.229801 -0.128449 0.193658 -0.231966 0.953251 -0.372011 0 0 0 1 
39885980090017;0.847163;0.180373;0.965268 -0.260673 -0.0175336 0.7428 0.252012 0.946693 -0.200654 -0.406831 0.068904 0.189266 0.979505 -0.850788 0 0 0 1 
39885980090018;0.98085;0.326504;0.981046 -0.148849 -0.124066 -0.0949762 0.128361 0.97884 -0.159363 -0.114126 0.145162 0.140417 0.979393 0.00380172 0 0 0 1 
39885980090019;1.01873;0.135137;0.962418 0.267245 0.0482779 -0.586734 -0.269485 0.961805 0.0480557 0.467594 -0.0335913 -0.0592598 0.997677 0.760645 0 0 0 1 
39885980090020;0.349842;0.0427371;0.934216 0.329593 0.136416 -0.292553 -0.301427 0.933922 -0.192177 0.86861 -0.190742 0.138415 0.971833 0.336791 0 0 0 1 
39885980090021;0.142777;0.136907;0.978277 -0.00752153 -0.207164 0.0282238 -0.00727326 0.997481 -0.0705616 -0.0692107 0.207173 0.0705356 0.975758 -0.518623 0 0 0 1 
39885980090022;0.343863;0.0765139;0.968888 0.215242 0.122173 -0.182792 -0.212072 0.976494 -0.0385372 0.515636 -0.127596 0.0114289 0.99176 0.466476 0 0 0 1 
39885980090023;0.973502;0.12645;0.940296 -0.0863022 -0.329236 0.930189 0.152672 0.971491 0.181375 -0.569492 0.304196 -0.220811 0.926664 -0.512918 0 0 0 1 
39885980090024;1.13358;0.097848;0.990373 0.136575 0.0225576 -0.1998 -0.135739 0.990121 -0.0351597 0.136082 -0.0271367 0.0317593 0.999127 -0.843477 0 0 0 1 
39885980090025;0.64818;0.203086;0.971803 -0.235695 -0.00678399 0.291283 0.235271 0.971164 -0.0385844 -1.00446 0.0156825 0.0359003 0.999232 0.154293 0 0 0 1 
39885980090026;1.25567;0.1723;0.951915 -0.296289 0.0779085 0.578076 0.275334 0.938899 0.206542 -0.72828 -0.134344 -0.17516 0.975331 1.46306 0 0 0 1 
39885980090027;0.709211;0.252174;0.997432 0.0627777 0.0344668 -0.123779 -0.0631922 0.99794 0.0110688 0.30056 -0.033701 -0.0132184 0.999345 0.49916 0 0 0 1 
39885980090028;1.02062;0.0678517;0.999523 0.0283568 0.0122172 0.326335 -0.028546 0.999471 0.0156012 0.443352 -0.0117683 -0.0159425 0.999804 0.588917 0 0 0 1 
39885980090029;0.737875;0.0941432;0.932453 0.357526 -0.0520239 -0.202167 -0.338833 0.915354 0.217529 0.799239 0.125393 -0.185208 0.974666 0.408002 0 0 0 1 
39885980090031;0.500388;0.540003;0.902438 -0.356474 -0.241932 -0.251569 0.352224 0.933851 -0.0621364 -0.413321 0.248079 -0.0291402 0.968301 -1.32259 0 0 0 1 
39885980090032;0.490152;0.593251;0.553602 -0.83134 -0.048975 -0.0776332 0.822301 0.554989 -0.125732 -2.44679 0.131707 0.0293332 0.990855 -0.335991 0 0 0 1 
39885980090033;0.259006;0.547932;0.764749 -0.62418 -0.159872 -0.131627 0.605708 0.78104 -0.151965 -1.31653 0.21972 0.0193789 0.97537 -0.608018 0 0 0 1 
39885980090034;0.13399;0.510045;0.869119 -0.494603 0.000164143 -0.317242 0.488326 0.858036 -0.159095 -1.11118 0.0785482 0.138353 0.987263 -0.11686 0 0 0 1 
39885980090035;0.310003;0.525053;0.977634 -0.210055 0.0104099 0.00492037 0.200241 0.914537 -0.351462 -0.043151 0.0643062 0.345686 0.936144 0.435695 0 0 0 1 
39885980090036;0.791909;0.526476;0.825628 -0.33691 -0.452583 1.18281 0.352842 0.934248 -0.0517942 -0.401067 0.440275 -0.116927 0.890217 -1.87108 0 0 0 1 
39885980090037;0.326129;0.536713;0.916232 -0.396559 0.0570998 -0.579093 0.40059 0.909189 -0.11359 -0.89998 -0.00686932 0.126948 0.991886 0.444584 0 0 0 1 
39885980090038;0.582863;0.577862;0.903078 -0.424452 0.0654977 -0.684419 0.429413 0.894984 -0.12086 -1.3504 -0.00732013 0.137272 0.990506 0.107405 0 0 0 1 
39885980090039;0.172583;0.535871;0.900196 -0.435353 0.010676 -0.459484 0.433333 0.893046 -0.121209 -0.822888 0.0432345 0.113738 0.99257 0.186811 0 0 0 1 
39885980090040;0.259945;0.565478;0.905641 -0.421382 0.0474465 -0.276805 0.413066 0.901949 0.125951 -0.468801 -0.0958677 -0.0944675 0.990901 0.110856 0 0 0 1 
39885980090041;0.477445;0.587345;0.803515 -0.587389 0.0966299 -0.144903 0.59191 0.805623 -0.0247838 -1.73212 -0.0632895 0.0771104 0.995012 0.00506049 0 0 0 1 
39885980090042;0.418217;0.54409;0.990894 -0.126153 0.0470498 -0.0328718 0.130267 0.986609 -0.098146 0.443073 -0.0340384 0.103381 0.994059 0.563622 0 0 0 1 
39885980090043;0.341309;0.561376;0.80681 -0.563781 -0.176657 -0.0644242 0.584124 0.806043 0.095356 -1.51213 0.0886335 -0.180124 0.979643 -0.6142 0 0 0 1 
39885980090044;0.352045;0.540745;0.783766 -0.57942 0.223571 -0.278601 0.521292 0.809437 0.270309 -1.32513 -0.337589 -0.0953133 0.936456 0.545342 0 0 0 1 
39885980090045;0.207777;0.563755;0.796999 -0.572624 0.192081 -0.285582 0.581718 0.813317 0.0109107 -1.37069 -0.162471 0.103041 0.981318 0.637512 0 0 0 1 
39885980090046;0.379302;0.540151;0.931448 -0.0884251 0.352966 0.157417 0.191067 0.944389 -0.267623 -0.00779013 -0.309673 0.316717 0.896545 1.17209 0 0 0 1 
39885980090047;0.227046;0.565934;0.897464 -0.368837 0.241905 -0.134204 0.360128 0.929382 0.0809763 -0.568401 -0.254689 0.0144435 0.966915 0.456068 0 0 0 1 
39885980090048;0.266999;0.523014;0.916007 -0.323755 0.236884 0.0351656 0.372721 0.905223 -0.204085 -0.560785 -0.148359 0.275235 0.949861 1.14946 0 0 0 1 
39885980090049;0.523967;0.540601;0.889089 -0.397791 0.226457 0.166447 0.334704 0.902462 0.271175 -0.525784 -0.312239 -0.165303 0.935511 1.1609 0 0 0 1 
39885980090050;0.207409;0.525882;0.876893 -0.48065 0.00593926 -0.152465 0.479272 0.873298 -0.0874548 -1.22692 0.0368484 0.0795349 0.996151 0.0573138 0 0 0 1 
39885980090051;0.499446;0.541716;0.926186 -0.31251 0.210991 0.0521078 0.348847 0.922562 -0.164877 -0.152005 -0.143127 0.22631 0.963482 0.22216 0 0 0 1 
39885980090052;0.316512;0.514832;0.942067 -0.28092 0.183285 -0.38655 0.315432 0.927789 -0.199274 -0.274226 -0.11407 0.245544 0.962651 0.460022 0 0 0 1 
39885980090053;0.450592;0.572065;0.853103 -0.506399 0.1256 -0.458395 0.519081 0.848076 -0.106407 -0.873947 -0.0526342 0.155973 0.986358 -0.163548 0 0 0 1 
39885980090054;0.48513;0.544206;0.733574 -0.651431 -0.193666 -0.157111 0.679585 0.700676 0.217296 -1.89046 -0.00585595 -0.291015 0.9567 -0.629614 0 0 0 1 
39885980090055;0.127893;0.550796;0.833393 -0.551716 0.0326608 -0.18725 0.549085 0.819793 -0.16262 -1.17357 0.0629448 0.15346 0.986148 0.183425 0 0 0 1 
39885980090056;0.526201;0.537622;0.671976 -0.738782 -0.0514685 -0.110875 0.740569 0.670125 0.0499015 -1.84537 -0.00237598 -0.0716486 0.997427 0.451414 0 0 0 1 
39885980090057;0.593626;0.541831;0.868538 -0.387581 -0.308906 0.558105 0.445974 0.883065 0.145956 -0.706024 0.216214 -0.264532 0.939827 -0.638412 0 0 0 1 
39885980090058;0.12749;0.551861;0.918567 -0.376504 -0.120332 -0.227368 0.350862 0.916864 -0.190411 -0.51443 0.182019 0.132685 0.974302 -0.231777 0 0 0 1 
39885980090059;0.597495;0.511027;0.850195 -0.488109 -0.197278 -0.304353 0.377434 0.826346 -0.417966 -1.03176 0.367033 0.280893 0.886784 0.293809 0 0 0 1 
39885980090060;0.466612;0.548093;0.742891 -0.64909 0.16369 -0.285854 0.667185 0.69801 -0.260088 -1.6131 0.0545633 0.302429 0.951609 0.881298 0 0 0 1 
39885980090062;0.722072;0.700136;0.956447 -0.248956 -0.152411 -0.0124565 0.257209 0.965657 0.0367497 -1.0308 0.138028 -0.0743507 0.987634 -0.235806 0 0 0 1 
39885980090063;0.21414;0.202486;0.997965 0.0522276 0.0365805 -0.0944539 -0.0347907 0.92676 -0.374039 0.0778033 -0.0534365 0.372005 0.926691 -0.342648 0 0 0 1 
39885980090064;0.937509;0.289105;0.988953 0.148224 -0.00136975 -0.733552 -0.14678 0.97795 -0.148555 0.129006 -0.0206798 0.147115 0.988903 -0.6755 0 0 0 1 
39885980090065;0.614008;0.245733;0.935764 0.215517 0.279104 -0.24758 -0.129471 0.9462 -0.296551 0.604768 -0.328 0.241366 0.913323 0.44986 0 0 0 1 
39885980090066;0.857809;0.1536;0.996878 0.0709443 0.0346536 -0.0353542 -0.0681118 0.9947 -0.0770243 -0.28112 -0.0399344 0.0744236 0.996427 0.613846 0 0 0 1 
39885980090067;0.711929;0.259279;0.990833 0.0597173 -0.121175 0.387446 -0.0710348 0.993283 -0.0913344 0.134869 0.114906 0.0991048 0.98842 -0.557466 0 0 0 1 
39885980090068;0.589386;0.381481;0.997401 -0.0720516 -0.000322976 0.162326 0.0719912 0.99636 0.0456538 -0.391171 -0.00296763 -0.0455584 0.998957 0.51974 0 0 0 1 
39885980090069;0.410197;0.161771;0.998755 -0.00279075 -0.0498024 0.158859 0.00457065 0.999353 0.0356613 -0.12651 0.0496707 -0.0358445 0.998122 -0.364287 0 0 0 1 
39885980090070;0.483885;0.135855;0.928152 0.145524 0.342574 -0.253583 -0.163477 0.986256 0.0239583 0.292936 -0.334379 -0.0782398 0.939185 1.12113 0 0 0 1 
39885980090071;0.64931;0.674584;0.975506 -0.118491 -0.18533 0.0394444 0.0579278 0.95116 -0.303215 -0.184445 0.212207 0.285052 0.934726 -0.817279 0 0 0 1 
39885980090072;0.398606;0.524834;0.940753 -0.337431 -0.0335156 0.57439 0.333732 0.903847 0.267737 -1.34792 -0.0600497 -0.26306 0.962909 0.482393 0 0 0 1 
39885980090073;0.928997;0.654373;0.959546 -0.0116869 -0.28131 0.411629 0.031523 0.997316 0.0660915 -0.0169089 0.279782 -0.0722855 0.957338 -0.403673 0 0 0 1 
39885980090074;0.42064;0.431199;0.895052 -0.158435 0.416869 0.487672 0.158208 0.986773 0.0353479 -0.717418 -0.416955 0.0343136 0.908279 1.10693 0 0 0 1 
39885980090075;0.428471;0.178283;0.913642 0.228592 0.336162 -0.170963 -0.285717 0.949319 0.130996 0.822045 -0.28918 -0.215731 0.93265 1.14983 0 0 0 1 
39885980090076;0.878954;0.312751;0.992153 -0.0634851 0.107713 0.600987 0.0603675 0.997664 0.0319651 -0.356181 -0.10949 -0.0252119 0.993668 0.711392 0 0 0 1 
39885980090077;0.395145;0.188709;0.909176 0.408033 -0.0831187 -0.433701 -0.416383 0.893216 -0.169677 1.1447 0.00500897 0.188876 0.981988 -0.244936 0 0 0 1 
39885980090078;1.1758;0.287827;0.999395 -0.0255057 0.0236459 -0.0866341 0.0258159 0.999583 -0.0129072 -0.302917 -0.0233069 0.0135098 0.999637 -0.944944 0 0 0 1 
39885980090079;1.02505;0.693902;0.948338 0.0928056 -0.303384 -0.269144 -0.152957 0.971529 -0.180932 0.464074 0.277955 0.217989 0.935533 -0.565226 0 0 0 1 
39885980090080;0.475546;0.160744;0.999134 -0.0413743 -0.00451124 0.133856 0.0414344 0.999041 0.0141777 -0.292082 0.00392032 -0.0143524 0.999889 -0.386151 0 0 0 1 
39885980090081;0.321616;0.163266;0.943318 -0.0252008 0.330931 0.155407 0.0226552 0.999677 0.0115482 -0.166869 -0.331115 -0.00339636 0.943584 0.997271 0 0 0 1 
39885980090082;1.0641;0.43833;0.971566 0.060014 0.229035 -0.533546 -0.0743045 0.995757 0.0542816 0.00878937 -0.224805 -0.0697565 0.971904 -0.015886 0 0 0 1 
39885980090083;0.893927;0.182384;0.953324 -0.0652618 0.294811 -0.146679 -0.0504986 0.928152 0.36876 -0.42936 -0.297696 -0.366435 0.881534 0.815296 0 0 0 1 
39885980090084;0.543877;0.158197;0.954284 0.266465 -0.135423 -0.0440933 -0.280911 0.95433 -0.101705 0.359375 0.102137 0.135097 0.985554 -0.350974 0 0 0 1 
39885980090085;0.738131;0.273759;0.873342 0.142221 0.465882 0.454741 -0.172059 0.984843 0.021896 0.188751 -0.455707 -0.0992818 0.884576 0.98747 0 0 0 1 
39885980090086;0.60161;0.150333;0.998061 0.0620009 0.00548141 -0.0995544 -0.0622181 0.996267 0.059844 0.0771717 -0.00175057 -0.060069 0.998193 0.578728 0 0 0 1 
39885980090087;0.217577;0.161686;0.997673 0.0610904 -0.0302696 -0.204356 -0.0595046 0.996936 0.05078 -0.0595676 0.033279 -0.0488607 0.998251 -0.112869 0 0 0 1 
39885980090088;0.201974;0.2484;0.99423 -0.0878057 0.0616151 0.102178 0.0977152 0.978326 -0.182566 -0.371121 -0.0442492 0.187534 0.981261 -0.19583 0 0 0 1 
39885980090089;0.645809;0.16703;0.897865 0.212463 -0.385614 0.120321 -0.150911 0.971313 0.183784 0.266697 0.413599 -0.10682 0.904171 -1.33252 0 0 0 1 
39885980090090;0.450371;0.185771;0.918527 0.29433 0.263967 -0.320793 -0.306728 0.951778 0.00606465 0.840725 -0.249453 -0.0865366 0.964513 0.911341 0 0 0 1 
39885980090091;0.498519;0.13532;0.987859 0.138408 -0.0705468 -0.0554229 -0.128585 0.983319 0.128645 0.176601 0.0871755 -0.118012 0.989178 0.290796 0 0 0 1 
39885980090093;0.227552;0.420815;0.980241 0.0418473 0.193332 -0.421034 -0.042429 0.999099 -0.00113229 0.481813 -0.193205 -0.00709296 0.981133 0.270779 0 0 0 1 
39885980090094;0.336698;0.374874;0.975904 -0.167969 0.139272 0.28639 0.177101 0.982604 -0.055904 0.13584 -0.127459 0.0792222 0.988675 -0.287769 0 0 0 1 
39885980090095;0.148785;0.35467;0.986297 0.00966232 -0.164698 -0.29228 -0.0244214 0.995836 -0.0878256 0.366543 0.163164 0.0906443 0.982426 -0.334603 0 0 0 1 
39885980090096;0.662123;0.465511;0.9732 0.114058 -0.199683 -0.183766 -0.063512 0.967869 0.243302 0.271163 0.221017 -0.224099 0.949174 -0.00957411 0 0 0 1 
39885980090097;0.657715;0.511729;0.968301 0.054412 0.243786 -0.359517 -0.0639476 0.99746 0.0313666 -0.230817 -0.24146 -0.0459619 0.969322 0.122646 0 0 0 1 
39885980090098;0.630821;0.427739;0.998546 0.0498208 -0.0206049 -0.482782 -0.0538845 0.934802 -0.351059 0.269955 0.00177149 0.351658 0.936127 -0.479535 0 0 0 1 
39885980090099;0.628543;0.421854;0.937873 -0.203536 0.281011 0.503854 0.218996 0.975421 -0.0243989 0.70926 -0.269138 0.0844232 0.959394 0.372918 0 0 0 1 
39885980090100;0.425699;0.506536;0.938581 0.313757 0.143602 -1.48002 -0.278388 0.934435 -0.222108 1.24347 -0.203875 0.168489 0.964389 -0.707403 0 0 0 1 
39885980090101;0.696606;0.434733;0.996978 -0.0659552 -0.0410506 -0.0636146 0.0721097 0.982257 0.173123 -0.274063 0.0289038 -0.17556 0.984044 0.96329 0 0 0 1 
39885980090102;0.122477;0.340612;0.997715 0.0672253 0.0067033 -0.578296 -0.0670488 0.997466 -0.0237799 0.477503 -0.00828493 0.0232761 0.999695 -0.0410219 0 0 0 1 
39885980090103;0.717527;0.416122;0.884899 0.42615 0.188016 -2.46503 -0.401047 0.902373 -0.157748 0.914036 -0.236885 0.0641882 0.969415 0.0879823 0 0 0 1 
39885980090104;0.685443;0.613201;0.971645 0.236379 0.00552225 -1.11635 -0.23637 0.97166 -0.00227884 -0.0854431 -0.00590442 0.000908926 0.999982 -0.296942 0 0 0 1 
39885980090105;0.47354;0.499962;0.980627 0.194562 0.0227248 -1.05951 -0.194305 0.980854 -0.013036 0.0230674 -0.0248261 0.00836788 0.999657 -0.0316205 0 0 0 1 
39885980090106;0.459683;0.401885;0.94683 0.20463 -0.248273 -0.821216 -0.18776 0.978075 0.0900911 0.691343 0.261265 -0.0386852 0.964492 -0.61631 0 0 0 1 
39885980090107;0.891834;0.384995;0.933792 -0.345996 0.0912043 0.299871 0.348947 0.936966 -0.0181685 -0.385167 -0.0791691 0.0487911 0.995666 -0.114756 0 0 0 1 
39885980090108;0.424446;0.387417;0.893298 -0.173796 0.414504 0.169521 0.146411 0.984434 0.0972277 0.318914 -0.424949 -0.0261653 0.904839 0.324655 0 0 0 1 
39885980090109;0.495711;0.45362;0.935078 0.354403 -0.0052711 -1.65177 -0.354432 0.935061 -0.00618775 1.35038 0.00273584 0.00765427 0.999967 0.170918 0 0 0 1 
39885980090110;0.968235;0.568024;0.859478 0.447336 0.247361 -1.76283 -0.482869 0.869288 0.10572 1.49321 -0.167736 -0.210307 0.963138 1.80803 0 0 0 1 
39885980090111;0.425117;0.445566;0.993941 0.108756 0.0159304 -0.748155 -0.108595 0.994029 -0.0106667 0.667854 -0.0169954 0.0088721 0.999816 0.486383 0 0 0 1 
39885980090112;0.465914;0.551511;0.880403 0.468571 -0.07302 -2.06671 -0.467431 0.831463 -0.300296 1.5685 -0.0799966 0.298513 0.951047 -1.07444 0 0 0 1 
39885980090113;0.34947;0.38016;0.988152 0.146894 0.0444804 -0.880832 -0.153371 0.934114 0.322349 0.836619 0.00580137 -0.325351 0.945575 1.3718 0 0 0 1 
39885980090114;0.0961654;0.34386;0.992621 0.108556 -0.0540364 -0.647868 -0.10977 0.993755 -0.0200175 0.506173 0.0515259 0.0258013 0.998338 -0.26807 0 0 0 1 
39885980090115;0.726185;0.450088;0.978727 -0.133202 -0.156047 -0.00693046 0.120433 0.988756 -0.0886475 0.311571 0.1661 0.0679686 0.983764 0.513367 0 0 0 1 
39885980090116;0.788969;0.515978;0.935526 -0.352628 -0.0210868 1.06248 0.34743 0.92925 -0.125645 0.429404 0.0639007 0.110218 0.991851 0.326773 0 0 0 1 
39885980090117;0.478045;0.456282;0.990528 0.112519 0.0786961 -0.626223 -0.110115 0.993328 -0.0342585 0.663221 -0.0820257 0.0252684 0.99631 0.538837 0 0 0 1 
39885980090118;0.326438;0.379299;0.988972 -0.146154 0.0239506 0.0151767 0.146768 0.988822 -0.0262636 0.268096 -0.0198443 0.0294891 0.999368 0.0737205 0 0 0 1 
39885980090119;0.735474;0.363743;0.975522 -0.148027 0.162621 0.0786713 0.159324 0.98548 -0.0586996 0.0501288 -0.15157 0.0831721 0.984941 0.612545 0 0 0 1 
39885980090120;0.723848;0.340328;0.992715 0.0269834 0.117428 -0.576401 -0.0112909 0.991145 -0.132301 0.949028 -0.119958 0.130012 0.984229 0.381979 0 0 0 1 
39885980090121;0.394688;0.467479;0.997017 0.0730675 -0.0248559 -0.472783 -0.0762854 0.981841 -0.17369 0.144142 0.0117134 0.175068 0.984487 -0.391838 0 0 0 1 
39885980090122;0.722168;0.477475;0.969901 0.241023 0.0346406 -1.1415 -0.237634 0.967948 -0.0812861 0.799267 -0.0531221 0.0706077 0.996089 0.674656 0 0 0 1 
39885980090124;0.340489;0.0165581;0.995776 0.0916809 0.00491825 0.242323 -0.0917054 0.995774 0.00500027 -0.661601 -0.00443903 -0.00543018 0.999975 -0.386732 0 0 0 1 
39885980090125;0.370091;0.0159365;0.913803 0.00842718 0.406071 -0.445151 -0.0486023 0.99487 0.0887258 -0.267798 -0.40324 -0.100814 0.909524 -1.02052 0 0 0 1 
39885980090126;0.34208;0.0118085;0.885955 0.250514 0.39029 0.590276 -0.267256 0.963553 -0.0118032 -0.552572 -0.379022 -0.0938501 0.920616 -0.650105 0 0 0 1 
39885980090127;0.0863411;0.0229449;0.99586 -0.00570182 -0.0907173 0.018192 0.0115335 0.99789 0.0638901 -0.0151552 0.0901617 -0.0646719 0.993825 -0.0376674 0 0 0 1 
39885980090128;0.358883;0.021197;0.972292 0.168917 0.161604 0.680702 -0.177185 0.98344 0.0380888 -0.0215433 -0.152494 -0.0656673 0.98612 0.170815 0 0 0 1 
39885980090129;0.382249;0.0218687;0.928365 0.371669 -0.000830896 1.46404 -0.371658 0.928351 0.00596796 -0.866147 0.00298947 -0.00523164 0.999982 -0.0309256 0 0 0 1 
39885980090130;0.323168;0.0246156;0.970804 0.190935 -0.145201 0.949236 -0.207065 0.972628 -0.105447 -0.137763 0.121093 0.132434 0.983767 0.326873 0 0 0 1 
39885980090131;0.505537;0.0154036;0.99279 -0.119294 -0.0116911 -0.909207 0.118469 0.99139 -0.0557697 -0.628678 0.0182434 0.0539825 0.998375 -0.213726 0 0 0 1 
39885980090132;0.44134;0.0159407;0.999031 0.0210954 -0.0386189 -0.654191 -0.0245883 0.995425 -0.0923281 0.0827465 0.0364945 0.0931882 0.994979 0.764036 0 0 0 1 
39885980090133;0.275576;0.0166858;0.99861 -0.0516707 -0.0104088 -0.686352 0.0517774 0.998606 0.0102481 -0.105952 0.00986481 -0.0107728 0.999893 -0.170342 0 0 0 1 
39885980090134;0.264805;0.0193719;0.980595 -0.150391 0.125759 -0.544499 0.176405 0.956739 -0.231368 0.0900714 -0.0855227 0.249063 0.964704 0.94767 0 0 0 1 
39885980090135;0.321182;0.0156367;0.979264 0.201208 0.0235903 0.297888 -0.196918 0.972741 -0.12247 -0.252837 -0.0475893 0.115286 0.992192 0.668958 0 0 0 1 
39885980090136;0.536598;0.0184703;0.989569 0.0799472 -0.119842 -0.136144 -0.0938349 0.98891 -0.115113 0.0799854 0.10931 0.125158 0.986097 1.46434 0 0 0 1 
39885980090137;0.239766;0.0179983;0.998526 0.0470112 0.0271076 0.00680625 -0.0486147 0.996898 0.0618891 0.0123331 -0.0241141 -0.0631158 0.997715 -0.667993 0 0 0 1 
39885980090138;0.366462;0.0195054;0.928965 -0.355216 -0.104142 -1.36253 0.347176 0.933681 -0.087802 0.232635 0.128424 0.0454096 0.990679 0.102456 0 0 0 1 
39885980090139;0.522118;0.0150539;0.986662 0.158409 0.0374932 -0.163755 -0.160912 0.983926 0.0774414 -0.717597 -0.0246232 -0.0824416 0.996292 0.14467 0 0 0 1 
39885980090140;0.328612;0.0230268;0.977278 -0.0344526 -0.209144 -0.155062 0.0196189 0.997169 -0.0725909 0.0222635 0.211053 0.0668383 0.975187 1.0537 0 0 0 1 
39885980090141;0.0802768;0.0133585;0.998969 -0.0183046 0.0415535 -0.188861 0.0160783 0.99845 0.0532909 -0.0530686 -0.0424645 -0.0525678 0.997714 -0.16781 0 0 0 1 
39885980090142;0.374391;0.0290461;0.935963 0.263308 -0.233758 1.158 -0.187787 0.934894 0.301179 -0.678894 0.297842 -0.237996 0.924472 -0.63812 0 0 0 1 
39885980090143;0.228673;0.0220742;0.981665 0.182998 -0.0533391 0.756783 -0.182892 0.983109 0.00690409 -0.195014 0.0537016 0.00297778 0.998553 -0.160554 0 0 0 1 
39885980090144;0.446317;0.0204203;0.917911 0.396715 0.00747804 1.46253 -0.396756 0.917451 0.0294765 -0.928401 0.00483301 -0.0300237 0.999538 0.236211 0 0 0 1 
39885980090145;0.0431272;0.0157808;0.999582 0.014445 0.0250465 -0.00462726 -0.0154938 0.998989 0.0421981 -0.0339783 -0.0244116 -0.0425685 0.998795 -0.190062 0 0 0 1 
39885980090146;0.329175;0.0244675;0.994221 -0.0986315 -0.0423874 -0.203082 0.0976646 0.994922 -0.024312 0.40641 0.0445701 0.0200318 0.998805 0.606849 0 0 0 1 
39885980090147;0.155218;0.0136341;0.998136 0.0572347 0.0211942 0.0584067 -0.0585449 0.996002 0.0674677 -0.131941 -0.0172479 -0.0685827 0.997496 -0.0232671 0 0 0 1 
39885980090148;0.427209;0.0114175;0.987861 0.138316 0.0707001 0.313203 -0.1186 0.965513 -0.231773 -0.430989 -0.10032 0.220574 0.970197 1.45132 0 0 0 1 
39885980090149;0.211483;0.0174491;0.984127 -0.121722 0.129141 -0.674492 0.119944 0.992548 0.0214817 0.159215 -0.130794 -0.00565094 0.991394 0.0543318 0 0 0 1 
39885980090150;0.560906;0.0318429;0.922124 0.209574 -0.325216 1.20473 -0.23737 0.970242 -0.0478051 0.290684 0.305519 0.121279 0.944431 0.319124 0 0 0 1 
39885980090151;0.283425;0.0172198;0.946953 0.295734 0.125782 0.974321 -0.252355 0.926612 -0.27876 -0.49596 -0.19899 0.232231 0.952088 0.624437 0 0 0 1 
39885980090152;0.461176;0.022082;0.898351 -0.422559 0.12004 -1.84788 0.415343 0.906044 0.0810865 0.166968 -0.143026 -0.0229863 0.989452 -0.408169 0 0 0 1 
39885980090153;0.364593;0.0139005;0.991987 0.116026 0.0499918 0.0389606 -0.119601 0.98993 0.0757256 -0.613784 -0.0407022 -0.0810979 0.995875 -0.735664 0 0 0 1 
39885980090155;0.220386;1.548;0.998382 -0.0565021 -0.0063958 -0.26977 0.0562357 0.997763 -0.0361352 1.30242 0.00842321 0.0357171 0.999326 -0.080257 0 0 0 1 
39885980090156;0.547565;1.70614;0.960618 -0.0710519 0.268634 0.0197253 0.0412003 0.99249 0.115178 1.32248 -0.2748 -0.0995738 0.956331 1.26908 0 0 0 1 
39885980090157;0.178395;1.4726;0.994869 0.10094 0.00685247 -0.303486 -0.100653 0.994343 -0.0339199 1.6792 -0.0102376 0.0330561 0.999401 -0.15694 0 0 0 1 
39885980090158;0.913519;1.54385;0.912837 0.0201713 0.407825 0.476095 -0.0679569 0.992355 0.103026 1.65049 -0.402629 -0.12176 0.907229 1.97831 0 0 0 1 
39885980090159;0.31181;1.35018;0.985434 0.131566 -0.10775 -0.228376 -0.167319 0.863362 -0.476035 2.12819 0.0303973 0.48713 0.8728 -0.323233 0 0 0 1 
39885980090160;0.529179;1.64191;0.997079 0.0734503 -0.0209412 -0.484835 -0.0734866 0.997296 -0.000967179 1.85669 0.0208136 0.00250325 0.99978 0.408693 0 0 0 1 
39885980090161;0.588623;1.74518;0.983165 -0.0902912 0.158851 -0.260267 0.0739392 0.991612 0.106008 1.46588 -0.16709 -0.0924781 0.981595 1.06336 0 0 0 1 
39885980090162;0.825722;1.81427;0.983976 -0.170344 -0.0526732 -0.0375605 0.168446 0.984954 -0.0386179 1.31984 0.058459 0.0291265 0.997865 -0.966512 0 0 0 1 
39885980090163;0.504725;1.5081;0.994016 0.109006 -0.00703973 -0.0539799 -0.108929 0.993993 0.0105979 2.28094 0.00815268 -0.00976765 0.999919 -0.0373078 0 0 0 1 
39885980090164;0.244441;1.4594;0.991106 0.109733 -0.0752786 -0.292305 -0.102163 0.989933 0.0979602 1.75455 0.0852702 -0.0893983 0.992339 -0.522751 0 0 0 1 
39885980090165;0.707584;1.45128;0.995899 0.0902507 0.00631129 -0.489012 -0.090056 0.99559 -0.0262921 1.99411 -0.00865634 0.0256159 0.999634 -0.715409 0 0 0 1 
39885980090166;0.507941;1.18309;0.980532 0.139607 0.138084 -0.485772 -0.119251 0.982057 -0.146093 1.81536 -0.156002 0.126782 0.979587 0.699056 0 0 0 1 
39885980090167;0.79424;1.6966;0.987971 -0.132386 -0.0799142 -0.120871 0.122709 0.985662 -0.115817 1.46649 0.094101 0.104618 0.990051 0.334085 0 0 0 1 
39885980090168;0.994365;1.31644;0.908034 0.417113 -0.0386026 0.246867 -0.418881 0.904913 -0.0753098 2.97278 0.0035193 0.0845538 0.996413 0.680887 0 0 0 1 
39885980090169;0.602224;1.31821;0.940126 0.278182 -0.196922 -0.29202 -0.302976 0.946741 -0.109028 2.85542 0.156105 0.162163 0.974338 -0.828025 0 0 0 1 
39885980090170;0.878287;1.79729;0.978594 -0.0773891 -0.190695 -0.351761 0.109403 0.980454 0.163529 1.24388 0.174313 -0.180891 0.967933 0.283073 0 0 0 1 
39885980090171;0.174618;1.33073;0.982892 0.139332 -0.120456 -0.282697 -0.140316 0.990107 0.000318435 1.84665 0.119309 0.0165889 0.992719 -0.530146 0 0 0 1 
39885980090172;0.809772;1.50191;0.996774 0.0802176 -0.00240008 -0.744797 -0.0802257 0.99677 -0.00352435 1.93062 0.00210961 0.00370553 0.999991 0.698489 0 0 0 1 
39885980090173;0.12527;1.67924;0.994197 0.089362 -0.0598843 -0.33882 -0.0968843 0.985754 -0.137484 2.07473 0.0467454 0.142488 0.988692 -0.267243 0 0 0 1 
39885980090174;1.08358;1.22689;0.952561 0.104745 0.285756 -0.61896 -0.110734 0.993838 0.00483458 1.72277 -0.283489 -0.0362482 0.95829 1.82389 0 0 0 1 
39885980090175;0.382051;1.54925;0.995911 0.090255 -0.00403075 -0.385078 -0.0903145 0.995742 -0.018447 1.85737 0.00234865 0.0187356 0.999822 0.321974 0 0 0 1 
39885980090176;1.01834;1.62919;0.942413 -0.149234 0.29931 -0.643447 0.160564 0.986933 -0.0134789 0.506828 -0.293388 0.0607612 0.954061 1.36836 0 0 0 1 
39885980090177;0.304463;1.48323;0.9982 0.0461338 0.0383279 -0.167602 -0.0452784 0.998712 -0.0228933 1.66915 -0.0393347 0.0211166 0.999003 -0.162012 0 0 0 1 
39885980090178;0.543046;1.53785;0.994473 0.0419105 0.096265 -0.695142 -0.0348423 0.996652 -0.0739673 1.50104 -0.0990427 0.0702044 0.992604 0.651376 0 0 0 1 
39885980090179;0.361753;1.43626;0.987038 0.063022 -0.147596 -0.393074 -0.0706637 0.996387 -0.0471117 1.65 0.144094 0.0569308 0.987925 -0.189754 0 0 0 1 
39885980090180;0.25283;1.80119;0.998401 0.0253394 -0.0505391 -0.324808 -0.0259752 0.999591 -0.0119652 1.92678 0.0502153 0.0132588 0.99865 -0.0133479 0 0 0 1 
39885980090181;0.881259;1.76466;0.977621 0.0230576 -0.209107 0.204751 -0.00722191 0.997068 0.0761794 1.26045 0.210251 -0.0729645 0.974921 -0.192038 0 0 0 1 
39885980090182;0.669254;1.3148;0.997422 0.071743 -0.00116693 -0.00321972 -0.0717458 0.996974 -0.0299214 1.3539 -0.000983256 0.029928 0.999552 -0.647358 0 0 0 1 
39885980090183;0.198594;1.49673;0.968152 0.0468026 0.245949 -0.255091 -0.0491634 0.998785 0.00346411 1.6582 -0.245488 -0.0154455 0.969277 0.853137 0 0 0 1 
39885980090184;0.838159;1.35934;0.979764 0.182183 -0.0829027 0.0164446 -0.200158 0.892891 -0.40334 2.63166 0.000541543 0.411771 0.911287 -0.853932 0 0 0 1 
39885980090186;1.03403;0.529518;0.94553 0.324331 0.027986 -0.183764 -0.322494 0.944951 -0.0553571 0.524705 -0.0443994 0.0433164 0.998074 -0.587269 0 0 0 1 
39885980090187;0.391456;0.427237;0.991704 0.114177 0.0590423 -0.453761 -0.117556 0.991411 0.0573079 0.134638 -0.051992 -0.0637732 0.996609 -0.109134 0 0 0 1 
39885980090188;0.19321;0.479607;0.987676 0.11604 -0.105027 -0.425189 -0.126821 0.98661 -0.102556 0.278172 0.0917204 0.114612 0.989167 -0.526155 0 0 0 1 
39885980090189;0.694654;0.578617;0.938484 -0.267193 0.218758 -0.0226234 0.248814 0.962492 0.10817 -1.00244 -0.239455 -0.0470854 0.969765 1.31532 0 0 0 1 
39885980090190;0.710931;0.36765;0.997044 0.0752311 -0.0155866 -0.346093 -0.0699113 0.972536 0.222006 0.209692 0.0318603 -0.22026 0.974921 0.754445 0 0 0 1 
39885980090191;0.303973;0.452066;0.977103 0.210532 0.0307576 -0.58038 -0.210104 0.977539 -0.0165706 0.613757 -0.0335554 0.00972884 0.99939 -0.0623769 0 0 0 1 
39885980090192;0.937341;0.528272;0.983767 0.178463 0.0187956 -0.473392 -0.178009 0.983746 -0.0235847 0.0141021 -0.0226991 0.019856 0.999545 0.783379 0 0 0 1 
39885980090193;0.0973903;0.435892;0.996904 0.0765799 0.0178131 -0.416412 -0.0765765 0.997063 -0.000871969 0.126821 -0.0178275 -0.000494794 0.999841 0.0950534 0 0 0 1 
39885980090194;0.330993;0.395162;0.999545 -0.0139504 0.0267579 -0.289597 0.0155864 0.997958 -0.06194 -0.39748 -0.0258392 0.0623289 0.997721 0.140265 0 0 0 1 
39885980090195;0.913121;0.44671;0.996957 -0.0731646 0.0268868 -0.376524 0.0746163 0.995543 -0.0576783 -0.252153 -0.0225469 0.059509 0.997973 -0.751942 0 0 0 1 
39885980090196;0.843835;0.436288;0.962482 0.258497 0.0825039 -0.445349 -0.258583 0.965939 -0.00983254 0.852334 -0.0822354 -0.0118704 0.996542 -0.462692 0 0 0 1 
39885980090197;0.709255;0.357427;0.98217 0.181073 0.0505506 -0.468772 -0.185583 0.976802 0.106854 0.436897 -0.0300296 -0.11433 0.992989 -0.438345 0 0 0 1 
39885980090198;1.04503;0.600382;0.998332 0.0386653 -0.042872 -0.216266 -0.0431725 0.993022 -0.109744 0.175081 0.0383296 0.111412 0.993035 0.681721 0 0 0 1 
39885980090199;0.0833687;0.361516;0.994745 0.0923184 0.0442794 -0.350978 -0.091347 0.995542 -0.0234872 0.143976 -0.0462503 0.019319 0.998743 0.119505 0 0 0 1 
39885980090200;1.06244;0.549279;0.996911 0.0778857 -0.0101125 -0.215106 -0.0781078 0.99666 -0.0238278 0.478822 0.00822287 0.0245441 0.999665 0.798769 0 0 0 1 
39885980090201;0.454509;0.615434;0.954656 -0.234275 -0.183705 -0.188441 0.222556 0.97144 -0.0823012 -0.77608 0.197739 0.0376846 0.97953 -0.359559 0 0 0 1 
39885980090202;0.602175;0.503184;0.899827 0.254414 -0.35438 -0.562742 -0.221672 0.966301 0.13086 0.909281 0.375731 -0.0391954 0.9259 -0.884278 0 0 0 1 
39885980090203;0.367742;0.545503;0.906868 -0.00931796 0.421312 -0.110953 -0.0571906 0.987785 0.144948 0.117999 -0.417516 -0.155544 0.895258 1.61604 0 0 0 1 
39885980090204;1.06319;0.525787;0.944659 0.264497 0.194065 -0.358031 -0.236749 0.959155 -0.154826 0.617627 -0.227089 0.100313 0.968694 1.6292 0 0 0 1 
39885980090205;0.675409;0.433923;0.976992 0.213126 -0.00795249 -0.974411 -0.212964 0.972883 -0.0902528 0.340367 -0.0114984 0.0898699 0.995887 -0.271221 0 0 0 1 
39885980090206;0.947378;0.515445;0.97135 0.21733 0.0961564 -0.695041 -0.222684 0.973666 0.0488542 0.356682 -0.0830067 -0.0688671 0.994167 1.17011 0 0 0 1 
39885980090207;0.975527;0.574236;0.98374 -0.178702 -0.0179169 -0.307006 0.179025 0.983672 0.0184199 -0.619897 0.0143326 -0.021328 0.99967 -0.826875 0 0 0 1 
39885980090208;0.357335;0.403195;0.924211 0.321101 0.206709 -0.412745 -0.291416 0.942838 -0.161658 1.0824 -0.246801 0.0891683 0.964955 0.516259 0 0 0 1 
39885980090209;0.567849;0.42805;0.958176 0.285737 0.015906 -0.943916 -0.285638 0.958302 -0.00821709 0.743494 -0.0175907 0.00333007 0.99984 0.196391 0 0 0 1 
39885980090210;0.29383;0.434116;0.956802 0.181103 0.227446 -0.323004 -0.190806 0.981398 0.0212321 0.530072 -0.21937 -0.063713 0.973559 1.00868 0 0 0 1 
39885980090211;0.573799;0.459222;0.983746 0.179545 0.00277654 -0.853347 -0.162123 0.894722 -0.416159 0.488066 -0.0772035 0.408945 0.909288 0.0582234 0 0 0 1 
39885980090212;0.324919;0.511456;0.9623 0.271073 -0.0223116 -0.485515 -0.268852 0.960417 0.0729233 0.678488 0.041196 -0.0641755 0.997088 0.201305 0 0 0 1 
39885980090213;0.920265;0.47643;0.992322 0.0726447 -0.100099 -0.334246 -0.0672447 0.996146 0.0563077 -0.204148 0.103804 -0.0491442 0.993383 0.500663 0 0 0 1 
39885980090214;0.527822;0.493083;0.917951 0.392311 0.0588017 -0.462418 -0.391538 0.919832 -0.0246249 1.45268 -0.0637484 -0.000418667 0.997966 0.552108 0 0 0 1 
39885980090215;0.58213;0.762609;0.941836 -0.316745 0.112323 -0.0236686 0.320171 0.947265 -0.0134184 -1.30024 -0.10215 0.0486006 0.993581 0.346417 0 0 0 1 
39885980090217;1.03417;1.36629;0.941897 -0.334919 0.0256819 0.275707 0.335864 0.937889 -0.0869434 -0.38979 0.00503222 0.0905173 0.995882 -0.582742 0 0 0 1 
39885980090218;0.202378;1.25528;0.973432 -0.228273 -0.017932 -0.241439 0.227907 0.97347 -0.0203496 0.17897 0.0221015 0.0157221 0.999632 -0.200085 0 0 0 1 
39885980090219;0.470141;2.26539;0.99445 -0.0337661 0.0996481 0.233789 0.0294263 0.998567 0.044704 1.5012 -0.101015 -0.0415236 0.994018 0.342707 0 0 0 1 
39885980090220;1.3181;1.17065;0.975788 0.106979 -0.19077 -0.565948 -0.125031 0.988487 -0.0852139 2.15253 0.179458 0.107003 0.977929 -0.388294 0 0 0 1 
39885980090221;1.15923;1.35425;0.92808 -0.069307 0.365873 -0.597277 0.133273 0.979267 -0.152562 0.0961143 -0.347714 0.190351 0.918075 0.719185 0 0 0 1 
39885980090222;0.407338;1.2502;0.937368 -0.295685 0.184151 -0.0735059 0.271177 0.951236 0.147016 0.0584569 -0.218642 -0.0878706 0.971841 0.861099 0 0 0 1 
39885980090223;0.517255;1.25666;0.953677 -0.244253 0.175616 -0.361226 0.226076 0.967025 0.117273 0.154082 -0.198469 -0.0721376 0.977449 0.776735 0 0 0 1 
39885980090224;1.08029;1.34585;0.990024 -0.0682997 0.123237 -0.846732 0.0590401 0.995259 0.077288 0.344321 -0.127931 -0.069241 0.989363 0.478624 0 0 0 1 
39885980090225;0.715361;1.1775;0.984455 0.136029 -0.111106 -0.0908197 -0.16175 0.948699 -0.271675 1.3167 0.0684507 0.285423 0.955954 0.171121 0 0 0 1 
39885980090226;0.549209;1.10801;0.948447 0.0723852 0.308558 -0.353276 -0.09299 0.994278 0.0525835 0.818267 -0.302986 -0.0785655 0.949751 0.98486 0 0 0 1 
39885980090227;1.15995;1.11143;0.990936 -0.133527 -0.0146806 0.383662 0.13385 0.990716 0.0238059 0.76498 0.0113656 -0.0255551 0.999609 -0.527186 0 0 0 1 
39885980090228;0.215505;1.3608;0.988941 -0.129205 0.0728138 -0.315963 0.131743 0.990794 -0.0311763 0.618609 -0.0681153 0.0404242 0.996858 -0.0054035 0 0 0 1 
39885980090229;0.121617;1.36588;0.965615 -0.259966 0.00207017 -0.120378 0.259865 0.965409 0.0213706 0.227444 -0.00755419 -0.0200978 0.999769 -0.0310153 0 0 0 1 
39885980090230;1.03093;1.54903;0.921077 -0.389086 0.0151627 0.47869 0.389312 0.920949 -0.0170031 -0.259343 -0.00734842 0.0215642 0.99974 0.476574 0 0 0 1 
39885980090231;0.888653;0.665485;0.989814 0.0486545 0.133794 -0.523611 -0.0614207 0.993769 0.0930069 0.940978 -0.128436 -0.100277 0.986635 0.539583 0 0 0 1 
39885980090232;0.59802;2.00998;0.979135 0.0382169 -0.199583 0.439134 -0.104616 0.936802 -0.333852 1.65648 0.174211 0.347766 0.921254 -0.425047 0 0 0 1 
39885980090233;0.0427632;1.36956;0.983194 -0.181119 0.0229287 -0.245763 0.181687 0.98302 -0.0257048 0.519422 -0.0178837 0.0294386 0.999407 0.0140165 0 0 0 1 
39885980090234;0.404716;1.16071;0.989375 0.0478461 -0.137286 -0.225479 0.00553412 0.931217 0.364424 0.807241 0.145279 -0.361312 0.921058 -0.456558 0 0 0 1 
39885980090235;0.881271;1.51545;0.927067 -0.374884 -0.00306396 0.465348 0.363782 0.901526 -0.234337 0.537188 0.0906114 0.216131 0.972151 -0.612895 0 0 0 1 
39885980090236;1.0378;1.17744;0.965189 -0.260115 0.0274075 -0.275098 0.260803 0.965055 -0.0255018 0.0955189 -0.0198164 0.031762 0.999299 -0.776568 0 0 0 1 
39885980090237;0.452033;1.08231;0.975925 -0.0170733 -0.217438 -0.113205 0.0730035 0.964999 0.251889 0.538368 0.205527 -0.261698 0.943013 -0.797772 0 0 0 1 
39885980090238;0.922552;1.16628;0.957742 -0.0250705 -0.286534 -0.222026 -0.0485284 0.967828 -0.246887 1.45596 0.283505 0.250359 0.925713 -0.360727 0 0 0 1 
39885980090239;0.393854;1.23161;0.9798 0.154778 -0.126632 -0.326688 -0.184214 0.944984 -0.270317 1.47431 0.0778265 0.288184 0.954407 -0.265513 0 0 0 1 
39885980090240;0.68439;1.33491;0.976459 -0.209144 0.0527909 -0.501601 0.213495 0.972003 -0.0981345 0.771126 -0.0307887 0.107095 0.993772 -0.240811 0 0 0 1 
39885980090241;0.655728;1.22278;0.945538 -0.0805442 0.315389 -0.302138 0.164841 0.953961 -0.25057 0.706897 -0.280687 0.288913 0.915284 0.31594 0 0 0 1 
39885980090242;0.353633;1.18855;0.87322 -0.138589 0.467205 0.0328073 0.239235 0.957146 -0.163215 0.258968 -0.424564 0.254294 0.868953 1.1787 0 0 0 1 
39885980090243;1.27115;1.2476;0.995972 -0.0739929 0.0506471 0.257813 0.0754705 0.996757 -0.0279097 0.798224 -0.0484177 0.0316196 0.998327 0.863245 0 0 0 1 
39885980090244;0.554019;2.35994;0.990157 -0.0183473 0.138754 0.461803 -0.0066912 0.984032 0.177866 1.56789 -0.139802 -0.177044 0.974223 0.28305 0 0 0 1 
39885980090245;0.651828;1.07101;0.997607 -0.0490018 -0.048778 -0.21615 0.0453805 0.996316 -0.0727656 0.793665 0.0521639 0.0703779 0.996156 0.234846 0 0 0 1 
39885980090246;0.546588;1.51907;0.877661 -0.46296 -0.124012 0.369956 0.467741 0.883798 0.0109311 -0.205132 0.104541 -0.0675993 0.992221 -0.606198 0 0 0 1 
39885980090248;0.37448;0.160715;0.916351 -0.316805 0.244816 -0.186358 0.30276 0.948414 0.0940642 0.204011 -0.261987 -0.0120754 0.964996 0.0145934 0 0 0 1 
39885980090249;0.482365;0.153878;0.954247 -0.29901 0.00226845 -0.0866553 0.298939 0.95414 0.0159012 0.0139125 -0.00691903 -0.0144955 0.999871 -0.35289 0 0 0 1 
39885980090250;0.869457;0.165454;0.936341 0.0243711 0.350244 -0.107905 -0.0951131 0.977892 0.18623 -0.615686 -0.337962 -0.207688 0.917958 0.322375 0 0 0 1 
39885980090251;0.521745;0.158525;0.99523 -0.0975567 -0.00067713 0.00394598 0.0975513 0.995214 -0.00565933 -0.220824 0.001226 0.00556628 0.999984 0.290638 0 0 0 1 
39885980090252;1.01023;0.167045;0.994909 0.0905137 0.0443182 0.22886 -0.0989733 0.960438 0.260314 -0.103555 -0.0190029 -0.263375 0.964506 -0.971952 0 0 0 1 
39885980090253;0.430197;0.146713;0.973328 0.191621 -0.126149 -0.0136114 -0.151937 0.950407 0.271371 0.312729 0.171893 -0.244966 0.954172 -0.116762 0 0 0 1 
39885980090254;0.437029;0.165477;0.989461 -0.119376 0.0819584 -0.0185947 0.121602 0.992319 -0.0227087 0.212564 -0.078618 0.0324357 0.996377 0.356634 0 0 0 1 
39885980090255;0.581357;0.190698;0.99534 0.038417 0.0884416 0.0429811 -0.0435605 0.997425 0.05698 -0.206798 -0.0860248 -0.060567 0.99445 0.388647 0 0 0 1 
39885980090256;0.383432;0.135675;0.917805 -0.387032 0.0885411 -0.20595 0.390991 0.919832 -0.0321778 0.221181 -0.0689891 0.0641518 0.995553 -0.00224566 0 0 0 1 
39885980090257;0.931685;0.15868;0.978661 0.199616 -0.0487543 -0.260276 -0.202271 0.977642 -0.0574628 0.187604 0.0361938 0.0660982 0.997156 -0.856138 0 0 0 1 
39885980090258;0.517582;0.15908;0.988169 -0.102484 -0.1141 -0.315935 0.107422 0.993487 0.0379914 0.222328 0.109463 -0.0497987 0.992743 0.403213 0 0 0 1 
39885980090259;0.758348;0.164801;0.980571 -0.187629 0.0572272 0.497835 0.186963 0.982223 0.0168308 0.354882 -0.0593678 -0.00580446 0.998219 0.295305 0 0 0 1 
39885980090260;0.424726;0.193993;0.965662 0.254902 -0.0502226 0.126351 -0.20904 0.877115 0.432401 -0.0156603 0.154271 -0.407055 0.900282 -0.0457442 0 0 0 1 
