#;prob_registration_l1 -r /home/probabilistic_point_clouds_registration/build/tester /home/point_clouds_registration_benchmark//devel/registration_pairs/pioneer_slam_local.txt /home/point_clouds_registration_benchmark//tum/pioneer_slam -s 0.1 -t 0.1 -p 0.3 -r 1000 -m 25 -i 40 
id;initial_error;final_error;transformation
1807261650000;0.252801;0.113865;0.99416 0.0612134 0.0888701 -0.305557 -0.0579874 0.997577 -0.0384413 0.384558 -0.0910079 0.0330635 0.995301 0.20681 0 0 0 1 
1807261650001;0.370505;0.119496;0.968359 0.14186 0.205322 -0.113043 -0.181514 0.964987 0.189347 0.630868 -0.171272 -0.220625 0.960203 0.854451 0 0 0 1 
1807261650002;0.611698;0.127028;0.999994 0.00340164 -0.00103321 0.248594 -0.00342497 0.999718 -0.0234923 -0.676816 0.000953011 0.0234957 0.999723 0.57363 0 0 0 1 
1807261650003;0.65444;0.13525;0.94702 0.316513 -0.0545195 0.416798 -0.31163 0.946617 0.0824838 1.24899 0.0777162 -0.0611239 0.9951 -1.00707 0 0 0 1 
1807261650004;0.70178;0.146197;0.902651 0.393788 0.173644 0.106198 -0.368269 0.915523 -0.161849 1.60125 -0.222709 0.0821456 0.971418 1.37249 0 0 0 1 
1807261650005;0.564667;0.110337;0.986505 -0.16371 0.00259451 0.104315 0.163729 0.986442 -0.0111734 -0.327763 -0.000730137 0.0114474 0.999934 0.731277 0 0 0 1 
1807261650006;0.456118;0.0696243;0.994811 -0.0746275 -0.0691458 -0.448407 0.0635946 0.98665 -0.149924 -0.00811664 0.0794112 0.144749 0.986277 -0.726949 0 0 0 1 
1807261650007;0.0911852;0.0950549;0.997509 0.0163718 0.0686059 -0.199341 -0.0175892 0.999698 0.0171773 0.0191635 -0.0683039 -0.0183412 0.997496 0.274012 0 0 0 1 
1807261650008;0.628711;0.153487;0.957063 -0.04679 0.286079 0.744654 0.0091862 0.991287 0.131399 -0.23402 -0.289735 -0.123129 0.949154 0.750339 0 0 0 1 
1807261650009;0.268333;0.0874363;0.970322 -0.241453 -0.0132278 -0.0703727 0.241449 0.970412 -0.00193595 -0.893679 0.0133038 -0.00131535 0.999911 -0.14217 0 0 0 1 
1807261650010;0.71038;0.133455;0.932509 0.361058 0.00792656 0.172007 -0.361115 0.932491 0.00747745 1.28887 -0.00469165 -0.00983519 0.999941 -0.878042 0 0 0 1 
1807261650011;0.818748;0.14757;0.896477 0.442893 -0.0132522 0.128397 -0.442847 0.896575 0.0063324 1.75593 0.0146862 0.000191863 0.999892 -0.932306 0 0 0 1 
1807261650012;0.646177;0.0678249;0.999987 0.00299757 0.00411392 0.129765 -0.00280248 0.998908 -0.0466358 -0.605524 -0.00424922 0.0466236 0.998903 -0.709328 0 0 0 1 
1807261650013;0.5425;0.0773125;0.98816 0.0386399 -0.148483 -0.14025 -0.0444015 0.998376 -0.0356853 -0.11766 0.146863 0.0418557 0.988271 -1.22032 0 0 0 1 
1807261650014;0.402811;0.139699;0.943464 0.205364 -0.260195 0.282509 -0.172062 0.974338 0.145121 0.53838 0.283321 -0.0921467 0.954588 -1.40343 0 0 0 1 
1807261650015;0.62098;0.0889573;0.889606 -0.416019 0.188492 0.274685 0.412916 0.908961 0.0573642 -1.23691 -0.195196 0.0267997 0.980398 1.26683 0 0 0 1 
1807261650016;0.314215;0.129644;0.988699 0.141097 -0.0506519 -0.10586 -0.138552 0.989058 0.0506741 0.685926 0.0572476 -0.0430835 0.99743 -0.0135663 0 0 0 1 
1807261650017;0.544853;0.16068;0.947997 0.111618 -0.298064 0.16744 -0.210131 0.922871 -0.322729 0.892513 0.239052 0.368579 0.898334 -1.10387 0 0 0 1 
1807261650018;0.870541;0.14564;0.878381 0.463845 0.115304 0.164467 -0.45709 0.885724 -0.0810052 2.09961 -0.139702 0.018449 0.990022 1.18267 0 0 0 1 
1807261650019;0.408282;0.133898;0.964513 0.263928 -0.00748043 -0.2946 -0.263914 0.964542 0.00287435 0.796909 0.00797381 -0.000798154 0.999968 0.296546 0 0 0 1 
1807261650020;0.378251;0.140647;0.964136 0.0184054 -0.264771 0.033876 -0.110849 0.934344 -0.338694 0.393321 0.241153 0.355897 0.902875 -0.908875 0 0 0 1 
1807261650021;0.0584465;0.112808;0.998562 0.047229 -0.0253777 -0.0696774 -0.0469997 0.998849 0.00955638 0.0324375 0.0257999 -0.00834989 0.999632 -0.0622763 0 0 0 1 
1807261650022;0.492617;0.0884706;0.97112 -0.1695 -0.167913 0.126384 0.155472 0.983402 -0.0935311 -0.542849 0.18098 0.0647242 0.981355 -1.19261 0 0 0 1 
1807261650023;0.436303;0.147683;0.93395 0.356259 0.0285844 0.0756068 -0.357016 0.933673 0.0281936 1.38029 -0.0166442 -0.0365365 0.999194 0.149391 0 0 0 1 
1807261650024;0.611538;0.12469;0.995558 -0.0193219 0.092145 0.179603 0.0264204 0.996723 -0.0764501 0.334958 -0.0903659 0.078545 0.992806 -0.375629 0 0 0 1 
1807261650025;0.222007;0.0765206;0.983743 -0.160719 -0.0801144 -0.185361 0.147946 0.9782 -0.145728 -0.661984 0.101789 0.131506 0.986076 -0.171505 0 0 0 1 
1807261650026;0.125003;0.0953977;0.997437 -0.0229483 -0.0677727 -0.257429 0.0154866 0.993961 -0.10864 -0.0817666 0.0698565 0.107312 0.991768 -0.129634 0 0 0 1 
1807261650027;0.446617;0.0857403;0.896789 -0.439961 0.0469459 0.13539 0.434346 0.895602 0.096131 -1.6495 -0.0843387 -0.0658184 0.994261 0.354161 0 0 0 1 
1807261650028;0.18577;0.147292;0.977118 0.201936 -0.0668023 0.0708388 -0.203564 0.978887 -0.018472 0.440356 0.0616618 0.0316479 0.997595 -0.208672 0 0 0 1 
1807261650029;0.503137;0.160118;0.985389 0.0979944 -0.139306 0.128323 -0.126831 0.968088 -0.216149 0.906462 0.113679 0.230659 0.966371 -0.276216 0 0 0 1 
1807261650031;0.869936;0.891369;0.995247 0.0969495 0.00912865 0.378323 -0.0970869 0.980652 0.169987 0.162191 0.00752813 -0.170065 0.985404 -0.821618 0 0 0 1 
1807261650032;0.361529;0.577022;0.940619 0.222169 -0.256667 0.710063 -0.27337 0.944009 -0.184706 0.770911 0.20126 0.243903 0.948686 0.478442 0 0 0 1 
1807261650033;0.495733;0.395089;0.990128 0.123077 0.0670652 0.21365 -0.121873 0.992307 -0.0217628 0.215347 -0.0692278 0.0133745 0.997511 0.062743 0 0 0 1 
1807261650034;1.09057;1.01504;0.996551 0.0745282 -0.0364975 0.740845 -0.0783461 0.989951 -0.117724 0.883234 0.027357 0.120177 0.992375 0.871365 0 0 0 1 
1807261650035;0.885672;0.967852;0.989903 0.0565685 -0.129971 0.354086 -0.0464273 0.995731 0.0797751 0.395596 0.133929 -0.0729354 0.988303 0.0546251 0 0 0 1 
1807261650036;0.893017;0.506108;0.987679 0.0290257 0.153778 0.0336983 -0.0326166 0.99925 0.0208797 0.400338 -0.153056 -0.0256382 0.987885 0.870005 0 0 0 1 
1807261650037;0.513994;0.769459;0.999719 0.0221881 0.0083314 0.254514 -0.0223016 0.999656 0.0137773 0.649117 -0.00802285 -0.0139592 0.99987 -0.339586 0 0 0 1 
1807261650038;0.984234;0.613369;0.921079 0.0358884 0.387719 -0.2266 0.00710592 0.994028 -0.108891 0.567764 -0.389312 0.103052 0.915323 -0.0895143 0 0 0 1 
1807261650039;0.787771;0.58183;0.987483 0.0245216 0.155809 -0.00403199 0.00796464 0.978828 -0.204528 0.545148 -0.157526 0.203209 0.966381 0.0369844 0 0 0 1 
1807261650040;0.449489;0.523954;0.971934 0.010203 0.235032 -0.0532138 -0.00322379 0.999543 -0.0300599 0.436161 -0.235231 0.0284586 0.971523 0.698751 0 0 0 1 
1807261650041;0.636202;0.644184;0.999268 0.037924 -0.00502363 0.422243 -0.0381808 0.996877 -0.069132 0.946825 0.00238618 0.0692732 0.997595 -0.119468 0 0 0 1 
1807261650042;0.394001;0.393999;0.999957 -0.00726907 -0.00575569 -0.289574 0.00682756 0.997284 -0.0733292 0.370593 0.0062731 0.0732867 0.997291 0.216852 0 0 0 1 
1807261650043;0.493104;0.54;0.94738 0.209111 0.242372 0.743493 -0.187285 0.976115 -0.110104 0.945802 -0.259607 0.058918 0.963915 0.493791 0 0 0 1 
1807261650044;0.603128;0.55952;0.999645 -0.0135685 -0.0229216 -0.370578 0.0123449 0.998534 -0.0527046 0.323657 0.0236031 0.0524029 0.998347 -0.309351 0 0 0 1 
1807261650045;0.822026;0.601144;0.988425 -0.0766298 -0.130937 -0.189893 0.11511 0.940996 0.31824 -0.0816664 0.0988245 -0.329629 0.938924 -1.75589 0 0 0 1 
1807261650046;0.726796;1.11872;0.959987 -0.280034 -0.00229925 -1.11054 0.274462 0.942453 -0.190927 0.266529 0.0556329 0.182657 0.981602 0.882646 0 0 0 1 
1807261650047;0.841796;0.758955;0.989117 0.133455 -0.0619456 0.516711 -0.13741 0.988399 -0.0647001 0.571767 0.0525924 0.0725079 0.99598 0.781471 0 0 0 1 
1807261650048;0.923373;0.552742;0.983027 0.0286116 0.181216 0.132511 -0.0521454 0.990599 0.126467 0.625158 -0.175894 -0.13377 0.975278 0.605735 0 0 0 1 
1807261650049;0.894299;0.662467;0.964604 -0.115568 0.23703 -0.676238 0.103896 0.992703 0.0612003 -0.0764579 -0.242373 -0.0344076 0.969573 0.622799 0 0 0 1 
1807261650050;0.776112;0.686506;0.938602 -0.266663 0.218899 -1.27198 0.320953 0.907646 -0.270496 0.0814465 -0.126552 0.324145 0.937505 1.38518 0 0 0 1 
1807261650051;0.472646;0.856082;0.974931 -0.156628 0.158039 -0.508883 0.162852 0.986277 -0.0271526 0.507797 -0.151618 0.052209 0.987059 0.640136 0 0 0 1 
1807261650052;0.367213;0.638738;0.967232 0.237745 0.0891074 0.715231 -0.246192 0.964022 0.100252 0.641711 -0.0620671 -0.118905 0.990964 -0.184524 0 0 0 1 
1807261650053;0.543637;0.693275;0.904258 0.0326486 -0.425737 0.387611 -0.156715 0.952864 -0.259788 0.929347 0.397188 0.301635 0.866752 0.513969 0 0 0 1 
1807261650054;0.296591;0.611015;0.976513 -0.202153 -0.07454 -0.684739 0.176239 0.948454 -0.263391 0.280242 0.123943 0.244068 0.961805 0.383641 0 0 0 1 
1807261650055;0.546573;0.827721;0.932156 -0.177771 -0.31541 -0.748383 0.252837 0.943172 0.215639 0.283755 0.259151 -0.280756 0.92413 -0.781246 0 0 0 1 
1807261650056;0.638977;0.514557;0.9967 0.070106 -0.0409145 0.0222679 -0.0739207 0.992167 -0.100696 0.931663 0.0335346 0.103388 0.994076 0.548935 0 0 0 1 
1807261650057;0.733154;0.69111;0.955083 -0.293696 0.0394829 -1.44559 0.293844 0.921347 -0.254509 0.175532 0.0383709 0.254679 0.966264 0.614203 0 0 0 1 
1807261650058;1.00454;0.999251;0.962676 0.163982 -0.215326 1.07694 -0.163762 0.986317 0.0189855 0.998454 0.215493 0.0169855 0.976358 0.118179 0 0 0 1 
1807261650059;0.328863;0.589332;0.960318 -0.105755 0.258079 -0.337868 0.0083415 0.935801 0.35243 0.225252 -0.278782 -0.336293 0.899549 -0.576383 0 0 0 1 
1807261650060;0.479524;0.355057;0.997658 0.0654812 0.0197814 -0.00861841 -0.0641378 0.995997 -0.0622562 0.0480473 -0.0237789 0.0608417 0.997864 -0.0261665 0 0 0 1 
1807261650062;0.610394;0.294652;0.996475 0.0788535 -0.0286333 0.567403 -0.0819392 0.988042 -0.13061 0.437909 0.0179918 0.132496 0.99102 -0.266354 0 0 0 1 
1807261650063;0.0702684;0.292656;0.999588 0.00302385 0.0285298 0.138023 0.000580264 0.992096 -0.125482 0.287622 -0.0286837 0.125447 0.991686 0.42046 0 0 0 1 
1807261650064;0.431381;0.295223;0.972164 -0.123896 -0.198863 -0.192906 0.0901249 0.98119 -0.170716 0.0694531 0.216273 0.148042 0.965044 -0.00757918 0 0 0 1 
1807261650065;0.67345;0.308824;0.983039 0.0147977 -0.1828 0.0739066 0.054097 0.928994 0.366119 0.523576 0.175237 -0.369798 0.912437 -1.59151 0 0 0 1 
1807261650066;0.179936;0.315214;0.988319 -0.151621 -0.015371 -0.486954 0.148721 0.981575 -0.119967 0.230639 0.0332774 0.11628 0.992659 0.447108 0 0 0 1 
1807261650067;0.697139;0.335101;0.911574 -0.406908 -0.0588144 -1.42986 0.405923 0.913467 -0.0283725 -0.19153 0.06527 0.00198956 0.997866 -0.718652 0 0 0 1 
1807261650068;0.609754;0.324829;0.893801 -0.447385 -0.0310925 -2.1098 0.443471 0.89204 -0.0871686 -0.218661 0.0667337 0.0641228 0.995708 0.320462 0 0 0 1 
1807261650069;0.14606;0.279075;0.994104 -0.102374 -0.0357417 -0.349555 0.0987021 0.990795 -0.0926475 0.21843 0.0448974 0.0885734 0.995057 0.285486 0 0 0 1 
1807261650070;0.531087;0.289637;0.982194 0.0793442 -0.170293 0.716005 -0.0318064 0.963583 0.265511 0.405778 0.185158 -0.255367 0.948949 -1.53616 0 0 0 1 
1807261650071;0.140553;0.300412;0.993284 -0.0033037 -0.115656 0.222078 -0.0153996 0.986924 -0.160448 0.424219 0.114674 0.161151 0.980245 0.493965 0 0 0 1 
1807261650072;0.380476;0.271761;0.996395 0.0830864 -0.0171633 0.260963 -0.0847074 0.985595 -0.146381 0.221703 0.00475374 0.147307 0.989079 0.387009 0 0 0 1 
1807261650073;0.531138;0.364381;0.980797 -0.148809 0.126066 -0.111583 0.113476 0.961134 0.251683 -0.0300211 -0.158619 -0.232545 0.959564 -0.455946 0 0 0 1 
1807261650074;0.56209;0.278238;0.947919 0.188128 0.257015 0.810675 -0.155913 0.97771 -0.140621 0.875391 -0.27774 0.0932256 0.956122 0.740157 0 0 0 1 
1807261650075;0.57785;0.295474;0.999669 -0.0257108 0.000271645 0.125404 0.0256224 0.995237 -0.0940545 0.922027 0.00214787 0.0940303 0.995567 -0.0597743 0 0 0 1 
1807261650076;0.523862;0.323866;0.978031 -0.193072 -0.0786003 -0.832413 0.167505 0.952325 -0.254988 0.417449 0.124084 0.236221 0.963744 1.33041 0 0 0 1 
1807261650077;0.611234;0.378127;0.97338 0.214343 0.0811671 0.559603 -0.181375 0.936872 -0.298955 -0.0874078 -0.140122 0.276275 0.950809 0.787376 0 0 0 1 
1807261650078;0.330727;0.310643;0.948291 0.0648906 -0.310699 0.624787 -0.0804364 0.996055 -0.0374719 0.369145 0.307042 0.0605257 0.949769 0.418645 0 0 0 1 
1807261650079;0.421945;0.328602;0.948495 -0.0767612 -0.307353 -0.301794 0.0140944 0.979464 -0.201125 -0.00478264 0.316479 0.186434 0.930098 0.939792 0 0 0 1 
1807261650080;0.560936;0.300032;0.939563 0.266818 -0.214543 1.3667 -0.332273 0.861708 -0.383476 0.40404 0.0825553 0.431586 0.898286 1.49904 0 0 0 1 
1807261650081;0.503671;0.316713;0.981338 0.117272 0.15239 0.620894 -0.127495 0.990076 0.059109 0.379475 -0.143946 -0.0774349 0.986551 -0.922158 0 0 0 1 
1807261650082;0.722741;0.307564;0.954938 0.296617 -0.0106164 1.21949 -0.295071 0.944884 -0.141868 0.319392 -0.0320493 0.138608 0.989829 -0.262945 0 0 0 1 
1807261650083;0.552134;0.276915;0.996626 -0.0739196 -0.0356629 0.0571014 0.0675676 0.985641 -0.154744 -0.273511 0.0465895 0.151813 0.987311 0.237405 0 0 0 1 
1807261650084;0.867721;0.29434;0.923152 0.372721 -0.0941757 2.62843 -0.362628 0.925587 0.108574 0.615878 0.127636 -0.0660799 0.989617 -0.594141 0 0 0 1 
1807261650085;0.404997;0.313789;0.977682 -0.16592 -0.128877 -0.462825 0.088068 0.880597 -0.46561 -0.0538837 0.190743 0.443868 0.875556 1.31311 0 0 0 1 
1807261650086;0.258185;0.299362;0.998879 -0.0472959 0.00210565 0.14994 0.0468062 0.979904 -0.193902 0.315613 0.00710746 0.193784 0.981019 0.94382 0 0 0 1 
1807261650087;0.211815;0.279448;0.975045 0.221233 0.0185502 0.959383 -0.216295 0.965464 -0.145246 0.356041 -0.0500426 0.137609 0.989222 0.544362 0 0 0 1 
1807261650088;0.669831;0.269731;0.934022 -0.356615 0.0207091 -1.48649 0.337242 0.861198 -0.380272 -0.0438456 0.117776 0.362166 0.924643 0.82481 0 0 0 1 
1807261650089;0.143654;0.316757;0.99282 0.041155 0.112311 0.344459 -0.0360405 0.998235 -0.0471954 0.198988 -0.114055 0.0428088 0.992552 0.264699 0 0 0 1 
1807261650090;0.732491;0.308649;0.988525 0.126069 -0.0832113 0.227105 -0.139809 0.972164 -0.188016 0.981411 0.0571921 0.197493 0.978635 0.858353 0 0 0 1 
1807261650091;0.403612;0.304574;0.975061 0.214224 -0.0580017 1.06366 -0.194667 0.95104 0.240059 0.235365 0.106588 -0.222781 0.969024 -0.59912 0 0 0 1 
1807261650093;1.16071;0.422363;0.902512 0.315011 0.293668 -0.327951 -0.289149 0.948568 -0.128885 0.14328 -0.319164 0.0314067 0.947179 -0.275759 0 0 0 1 
1807261650094;0.696816;0.419517;0.975513 0.216762 -0.0372641 -0.118146 -0.219811 0.96668 -0.131202 -0.0486964 0.00758299 0.13618 0.990655 -0.110348 0 0 0 1 
1807261650095;0.832378;0.375246;0.942351 0.131019 0.30791 0.427533 -0.124525 0.99138 -0.0407387 0.209552 -0.310594 4.7664e-05 0.950543 -0.0314613 0 0 0 1 
1807261650096;1.24922;0.409731;0.976321 0.211706 0.0444834 0.083696 -0.164101 0.858769 -0.485372 -0.499074 -0.140957 0.466579 0.873175 0.675998 0 0 0 1 
1807261650097;1.57732;0.371286;0.965427 0.179903 0.188642 0.321011 -0.20557 0.97042 0.126593 0.020053 -0.160287 -0.160996 0.973852 0.9323 0 0 0 1 
1807261650098;0.431654;0.461266;0.948168 -0.296545 0.114187 0.0320247 0.309619 0.943006 -0.121965 -0.320277 -0.0715108 0.150998 0.985944 0.275206 0 0 0 1 
1807261650099;1.43162;0.325935;0.978904 -0.196947 -0.0543917 0.630278 0.162814 0.912734 -0.374711 0.324373 0.123444 0.35795 0.925545 0.664676 0 0 0 1 
1807261650100;0.198846;0.393425;0.996445 -0.0747794 -0.0387939 0.214528 0.0801711 0.983191 0.164036 -0.301391 0.0258753 -0.166564 0.985691 -0.0737126 0 0 0 1 
1807261650101;0.403364;0.313168;0.995836 -0.0905177 0.0107848 0.201991 0.0910759 0.99297 -0.0755975 -0.173297 -0.00386606 0.076265 0.99708 -0.184836 0 0 0 1 
1807261650102;0.400187;0.38451;0.99773 -0.0536887 0.0406504 -0.10491 0.056134 0.99652 -0.0616164 -0.236288 -0.0372008 0.0637584 0.997272 -0.0254704 0 0 0 1 
1807261650103;1.02195;0.367302;0.957757 0.268051 0.104163 0.00580539 -0.276042 0.958473 0.0716332 -0.29109 -0.0806356 -0.0973604 0.991977 0.520782 0 0 0 1 
1807261650104;1.18672;0.372019;0.999296 -0.0358949 -0.0108732 -0.00305623 0.0371306 0.987713 0.151804 -0.677378 0.00529057 -0.152101 0.988351 -0.621068 0 0 0 1 
1807261650105;1.18857;0.367653;0.995545 0.0731302 0.0595221 -0.451624 -0.072131 0.997219 -0.0187691 -0.520463 -0.0607292 0.0143921 0.998051 0.0914638 0 0 0 1 
1807261650106;0.708535;0.400498;0.999543 -0.0301566 -0.00219603 -0.161233 0.0299474 0.997391 -0.0656845 -0.362223 0.00417112 0.0655887 0.997838 0.177027 0 0 0 1 
1807261650107;0.503291;0.327061;0.992436 0.0120805 -0.122171 0.149077 -0.0100383 0.9998 0.0173184 -0.160643 0.122356 -0.015961 0.992358 0.221742 0 0 0 1 
1807261650108;1.52224;0.433913;0.961704 -0.215855 0.168912 0.175332 0.243004 0.956542 -0.161174 0.578984 -0.126781 0.196048 0.972364 -0.279053 0 0 0 1 
1807261650109;0.339127;0.385389;0.926436 -0.137731 0.350351 0.0291037 0.113034 0.989498 0.0900984 -0.163671 -0.359081 -0.043869 0.932275 0.20965 0 0 0 1 
1807261650110;0.998065;0.299463;0.945348 -0.264279 0.190979 0.102184 0.234563 0.958051 0.164675 -0.303498 -0.226487 -0.110879 0.967682 -0.530775 0 0 0 1 
1807261650111;0.873902;0.387421;0.976481 0.139538 0.164359 0.223496 -0.138425 0.990204 -0.0182649 -0.5034 -0.165297 -0.00491608 0.986232 0.390397 0 0 0 1 
1807261650112;0.213542;0.3772;0.997088 -0.07617 0.00364365 0.170556 0.0747274 0.985494 0.152373 -0.271693 -0.015197 -0.151657 0.988316 -0.163512 0 0 0 1 
1807261650113;1.08553;0.412967;0.975285 -0.219721 0.023262 -0.130393 0.217415 0.935596 -0.278191 -0.659518 0.0393606 0.276373 0.960244 -0.200205 0 0 0 1 
1807261650114;0.757919;0.459039;0.949662 0.311818 -0.0301812 0.310236 -0.304273 0.895151 -0.325764 -0.0777954 -0.0745625 0.318549 0.944969 0.558841 0 0 0 1 
1807261650115;1.40826;0.373457;0.967422 0.250167 -0.0388812 -0.414785 -0.250619 0.96806 -0.00712513 0.375859 0.0358569 0.0166374 0.999218 0.223198 0 0 0 1 
1807261650116;0.547781;0.281468;0.985475 0.143973 0.0900585 0.0868772 -0.156078 0.976861 0.146227 -0.206036 -0.0669219 -0.158159 0.985143 0.26857 0 0 0 1 
1807261650117;1.14474;0.368522;0.965335 0.259357 -0.0293603 -0.206622 -0.243111 0.934358 0.260523 0.231072 0.0950015 -0.244354 0.965021 -0.413244 0 0 0 1 
1807261650118;1.22447;0.437324;0.933139 0.237099 -0.27025 0.0223105 -0.312148 0.907268 -0.281832 0.108871 0.178367 0.347346 0.920617 -0.553764 0 0 0 1 
1807261650119;1.49971;0.37029;0.991473 0.103221 -0.0795401 0.162135 -0.10968 0.990609 -0.0816341 0.489806 0.0703668 0.089662 0.993483 -0.728466 0 0 0 1 
1807261650120;0.30517;0.440454;0.947155 0.221391 0.232129 0.22616 -0.224779 0.974335 -0.0120975 0.0134379 -0.228849 -0.0407195 0.97261 0.178059 0 0 0 1 
1807261650121;1.42718;0.380179;0.951607 0.264607 0.156293 0.582054 -0.293979 0.931997 0.212032 -0.853492 -0.0895592 -0.247718 0.964684 0.276335 0 0 0 1 
1807261650122;1.45607;0.39565;0.963505 -0.206819 0.169954 -0.0466988 0.242711 0.942745 -0.228741 -0.361691 -0.112915 0.261643 0.958537 -0.712823 0 0 0 1 
1807261650124;1.36594;6.77937;0.416188 0.854564 0.310657 -2.35979 -0.492004 -0.0756713 0.867298 -0.0474499 0.76467 -0.513803 0.388956 1.83546 0 0 0 1 
1807261650125;0.804333;10.1049;-0.0111302 -0.933453 0.358527 4.87867 0.935609 0.116805 0.333155 0.430922 -0.352862 0.339149 0.872047 0.176835 0 0 0 1 
1807261650126;0.880272;10.3178;0.123625 -0.990545 0.0594692 4.99175 0.926975 0.136665 0.349343 0.802973 -0.354167 0.0119388 0.935106 0.393713 0 0 0 1 
1807261650127;1.55898;10.145;-0.177462 -0.984096 -0.0079003 5.10576 0.983473 -0.177045 -0.0378998 0.723553 0.0358984 -0.0144955 0.99925 -1.13519 0 0 0 1 
1807261650128;0.837192;9.87262;0.0646329 -0.997674 -0.0216786 4.5437 0.993503 0.0622931 0.0952455 0.527581 -0.0936735 -0.0276938 0.995218 -0.375498 0 0 0 1 
1807261650129;0.284015;10.1633;-0.0968803 -0.993099 -0.0660921 5.15776 0.995055 -0.0981037 0.0155159 0.871861 -0.0218927 -0.0642621 0.997693 -0.340504 0 0 0 1 
1807261650130;0.193395;6.78718;0.395392 0.867801 0.300975 -2.57476 -0.508697 -0.0659456 0.858416 -0.510858 0.764783 -0.492516 0.415373 1.6348 0 0 0 1 
1807261650131;0.6404;10.1416;-0.0348482 -0.996329 -0.0781969 5.08073 0.993532 -0.042999 0.105098 1.0657 -0.108075 -0.0740286 0.991383 -0.101881 0 0 0 1 
1807261650132;1.48669;10.2487;-0.0862452 -0.990805 -0.104246 5.7357 0.989534 -0.0973423 0.106525 1.30962 -0.115693 -0.0939672 0.98883 -0.413042 0 0 0 1 
1807261650133;0.878362;9.70423;0.17191 -0.983313 -0.0595241 4.7067 0.978715 0.163606 0.123894 0.491629 -0.112088 -0.0795558 0.990508 -0.0320765 0 0 0 1 
1807261650134;0.764145;7.18549;0.520676 0.785564 0.334343 -2.79444 -0.603603 0.0617595 0.794889 -0.352513 0.603788 -0.61569 0.506326 2.19979 0 0 0 1 
1807261650135;0.938287;10.1048;-0.182073 -0.982822 -0.0301611 5.03853 0.983198 -0.181565 -0.0188418 0.782741 0.0130419 -0.033085 0.999367 0.0799797 0 0 0 1 
1807261650136;0.165136;9.96587;0.113157 -0.986204 -0.120823 4.99621 0.992409 0.106291 0.0618544 0.771294 -0.0481586 -0.126905 0.990745 -0.214079 0 0 0 1 
1807261650137;0.685906;6.72052;0.318176 -0.932347 0.171738 3.1928 0.947919 0.31008 -0.0727994 0.0523446 0.0146218 0.185956 0.982449 -0.166118 0 0 0 1 
1807261650138;1.14592;10.2538;0.354535 -0.932884 0.063499 5.05649 0.905454 0.359472 0.225685 0.318934 -0.233364 -0.0225176 0.972129 -0.279413 0 0 0 1 
1807261650139;0.608764;10.1885;-0.0843268 -0.99332 -0.0787718 5.36215 0.994247 -0.0891179 0.0594241 0.683048 -0.0660471 -0.0733076 0.99512 -0.523274 0 0 0 1 
1807261650140;1.51409;10.2605;0.112049 -0.991464 -0.0666646 4.51723 0.99182 0.107457 0.0688953 1.24163 -0.0611437 -0.0738389 0.995394 -0.00727263 0 0 0 1 
1807261650141;0.713806;3.39423;0.84507 -0.204302 0.494083 0.370867 0.52112 0.521369 -0.675728 -0.741658 -0.119546 0.828514 0.547059 -0.692678 0 0 0 1 
1807261650142;1.81337;10.0566;-0.0755247 -0.988648 -0.129887 4.49222 0.997081 -0.0763438 0.0013316 0.871852 -0.0112325 -0.129407 0.991528 0.428457 0 0 0 1 
1807261650143;1.33398;9.93992;-0.0836757 -0.996486 0.00367762 4.76252 0.990345 -0.0827496 0.111221 1.27896 -0.110526 0.0129486 0.993789 0.0373878 0 0 0 1 
1807261650144;0.523192;10.1392;0.214845 -0.976039 -0.0344998 4.93112 0.945794 0.199119 0.256563 0.78033 -0.243546 -0.0877512 0.965911 -0.482676 0 0 0 1 
1807261650145;1.32014;10.1411;-0.109725 -0.986992 -0.117503 5.81227 0.986054 -0.122971 0.11214 0.734353 -0.12513 -0.10356 0.986721 -0.0899775 0 0 0 1 
1807261650146;0.396214;10.1061;0.354454 -0.922385 0.153519 4.87793 0.932228 0.361379 0.0188808 0.771455 -0.0728939 0.136422 0.987965 -0.224797 0 0 0 1 
1807261650147;1.75836;10.1366;-0.193809 -0.980876 -0.0178847 4.93689 0.977736 -0.194619 0.0784645 0.512695 -0.0804446 -0.00227939 0.996756 -1.23295 0 0 0 1 
1807261650148;1.81564;10.0313;0.138285 -0.988645 -0.0588153 5.1345 0.989028 0.134734 0.0605901 0.151413 -0.0519776 -0.0665487 0.996428 0.361435 0 0 0 1 
1807261650149;1.27562;10.0572;-0.115391 -0.985483 -0.124529 5.41873 0.987862 -0.126976 0.0894739 0.513627 -0.103987 -0.112693 0.988174 -0.868927 0 0 0 1 
1807261650150;1.69552;10.2113;-0.0376801 -0.996762 0.0710294 5.27436 0.999085 -0.0390157 -0.0175096 0.774588 0.0202242 0.0703047 0.997321 0.648613 0 0 0 1 
1807261650151;1.06641;10.139;-0.0606709 -0.986732 -0.150594 5.30144 0.971129 -0.0932243 0.219585 0.645475 -0.230711 -0.132924 0.9639 -0.705669 0 0 0 1 
1807261650152;1.1455;10.0124;-0.0414811 -0.990294 -0.132651 5.29934 0.997734 -0.0480963 0.0470596 0.606622 -0.0529828 -0.130398 0.990045 0.134924 0 0 0 1 
1807261650153;0.956413;10.1396;0.0641467 -0.9952 -0.0739013 5.45093 0.990481 0.0544551 0.126417 0.671204 -0.121786 -0.0813071 0.989221 -0.0470601 0 0 0 1 
1807261650155;0.606131;0.257852;0.946605 -0.314887 -0.0691697 -0.878127 0.318642 0.94644 0.0521463 -0.35739 0.0490447 -0.0714024 0.996241 -0.663409 0 0 0 1 
1807261650156;0.187806;0.143376;0.997872 -0.0650958 0.00383018 -0.273492 0.064857 0.996871 0.0451965 -0.225466 -0.0067603 -0.0448519 0.998971 0.0521872 0 0 0 1 
1807261650157;0.551788;0.190025;0.89983 -0.42612 0.0934241 -1.68616 0.434241 0.895405 -0.0984091 -0.808501 -0.0417183 0.12912 0.990751 0.830623 0 0 0 1 
1807261650158;0.699792;0.136297;0.894413 -0.442453 -0.0652698 -2.16865 0.4461 0.892997 0.0595869 -0.939119 0.0319214 -0.0824122 0.996087 -0.670514 0 0 0 1 
1807261650159;0.309546;0.156218;0.987166 0.127469 -0.096199 0.4564 -0.14315 0.973336 -0.179236 -0.10009 0.0707869 0.190707 0.979091 0.928257 0 0 0 1 
1807261650160;0.485518;0.174393;0.916446 -0.387516 -0.0997867 -1.76068 0.400155 0.888268 0.225511 -0.83859 0.00124848 -0.246599 0.969117 -0.94068 0 0 0 1 
1807261650161;0.330335;0.165497;0.998948 -0.045761 0.00290693 -0.390939 0.0437311 0.931737 -0.360492 -0.382076 0.013788 0.36024 0.932758 1.18514 0 0 0 1 
1807261650162;0.550603;0.152667;0.935434 0.353501 -0.000149331 0.883192 -0.353013 0.934164 0.0521549 0.0482516 0.0185763 -0.0487347 0.998639 -0.230204 0 0 0 1 
1807261650163;0.739956;0.192471;0.957503 0.273499 0.0915711 1.11845 -0.271562 0.961847 -0.0332319 -0.868467 -0.0971663 0.00695245 0.995244 0.48061 0 0 0 1 
1807261650164;0.228506;0.177596;0.954988 0.133225 0.265046 0.404823 -0.150941 0.987399 0.0475404 -0.209178 -0.255373 -0.0854069 0.963063 -0.369105 0 0 0 1 
1807261650165;0.0638727;0.117565;0.999786 0.0178686 0.0104367 0.032382 -0.0180071 0.999749 0.0133279 -0.123965 -0.010196 -0.013513 0.999857 0.0255321 0 0 0 1 
1807261650166;0.691573;0.15804;0.938306 -0.343877 -0.0364747 -1.42951 0.345773 0.931527 0.112692 -1.18243 -0.004775 -0.118351 0.99296 -0.0733162 0 0 0 1 
1807261650167;0.645574;0.242452;0.953015 -0.00588204 0.302864 0.206662 -0.064245 0.973142 0.221058 0.158239 -0.296031 -0.230129 0.927042 -1.07331 0 0 0 1 
1807261650168;0.448255;0.173154;0.94669 0.316756 -0.0586889 1.15062 -0.31825 0.891337 -0.322853 -0.330965 -0.0499541 0.32432 0.944628 1.27046 0 0 0 1 
1807261650169;0.539907;0.150157;0.93372 0.355939 -0.0383978 1.14273 -0.343863 0.921511 0.180485 -0.59404 0.0996259 -0.155319 0.982828 -0.987702 0 0 0 1 
1807261650170;0.652735;0.204063;0.953048 0.111843 0.28141 0.757254 -0.126768 0.991303 0.0353423 0.0464498 -0.27501 -0.0693566 0.958937 0.353552 0 0 0 1 
1807261650171;0.437786;0.158542;0.942601 0.220124 0.251096 0.518013 -0.277296 0.934943 0.221333 -0.0691724 -0.18604 -0.278256 0.942318 -0.711412 0 0 0 1 
1807261650172;0.513271;0.15665;0.938851 0.314056 -0.141164 0.664631 -0.303342 0.948385 0.0924647 -0.528018 0.162917 -0.0439898 0.985659 -0.0890238 0 0 0 1 
1807261650173;0.421662;0.182119;0.925476 -0.112266 -0.361789 -0.471096 0.126792 0.991791 0.0165795 0.0343011 0.356958 -0.0612157 0.932113 -0.572105 0 0 0 1 
1807261650174;0.342158;0.16324;0.99225 0.106735 -0.06362 0.354851 -0.122245 0.930287 -0.345864 -0.18375 0.0222691 0.350961 0.936125 1.15367 0 0 0 1 
1807261650175;0.695425;0.293784;0.977983 -0.208292 0.0128113 -0.72902 0.206691 0.975278 0.0781712 0.49047 -0.028777 -0.0738021 0.996858 -0.493117 0 0 0 1 
1807261650176;0.628882;0.194354;0.926155 0.377139 0.00165196 1.49922 -0.37663 0.925116 -0.0480725 -0.291804 -0.0196583 0.0439004 0.998842 -0.365735 0 0 0 1 
1807261650177;0.385778;0.152666;0.999619 -0.025804 -0.00979467 -0.200648 0.0261746 0.998864 0.0398142 -0.056999 0.00875618 -0.0400554 0.999159 0.310347 0 0 0 1 
1807261650178;0.865032;0.208712;0.932139 -0.334631 0.138341 -1.1876 0.335101 0.941957 0.0205818 -0.791055 -0.137198 0.027173 0.990171 1.03931 0 0 0 1 
1807261650179;0.799283;0.137395;0.904937 -0.223682 -0.362015 -1.29367 0.230945 0.972678 -0.0236999 -0.315442 0.357425 -0.0621585 0.931871 0.405332 0 0 0 1 
1807261650180;0.951142;0.151084;0.908352 0.398696 0.126242 1.68494 -0.358491 0.897777 -0.25589 0.0812202 -0.21536 0.187181 0.958428 1.69661 0 0 0 1 
1807261650181;0.58947;0.117004;0.985345 -0.168904 0.023802 -0.983832 0.166926 0.983544 0.0691171 -0.849286 -0.0350845 -0.064131 0.997325 -0.0383844 0 0 0 1 
1807261650182;0.51362;0.121198;0.992356 0.023877 -0.121075 -0.320977 -0.026802 0.999386 -0.0225874 0.178366 0.120462 0.0256598 0.992386 -0.287643 0 0 0 1 
1807261650183;0.518467;0.175551;0.953572 0.185692 -0.237104 0.966978 -0.198576 0.979581 -0.0314474 0.254794 0.226423 0.0770706 0.970975 0.271349 0 0 0 1 
1807261650184;0.540083;0.131402;0.970907 -0.239039 0.0141136 -1.06086 0.237312 0.968412 0.0765581 -0.857812 -0.0319682 -0.0709815 0.996965 -0.543428 0 0 0 1 
1807261650186;0.453969;0.17215;0.998417 -0.0368026 -0.0425397 0.273313 0.0394134 0.997282 0.0622581 0.40542 0.0401328 -0.0638362 0.997153 0.015586 0 0 0 1 
1807261650187;0.217396;0.172248;0.995114 0.0671211 -0.0724143 -0.0899012 -0.0651659 0.997452 0.0290351 0.320875 0.0741787 -0.0241743 0.996952 -0.495553 0 0 0 1 
1807261650188;0.833964;0.169168;0.983137 0.0356946 0.179354 0.0280023 -0.0746934 0.973605 0.21567 0.537016 -0.166922 -0.22543 0.959853 1.28216 0 0 0 1 
1807261650189;0.543168;0.237035;0.83494 0.438525 -0.332523 0.267861 -0.424578 0.897698 0.117782 0.945155 0.350155 0.0428408 0.935711 -1.14174 0 0 0 1 
1807261650190;0.468639;0.203065;0.926491 -0.24963 0.281602 -0.0262125 0.276145 0.959358 -0.058101 -0.690134 -0.255653 0.131593 0.957771 1.0418 0 0 0 1 
1807261650191;0.203867;0.229034;0.986698 0.124469 0.10457 -0.193977 -0.116716 0.990155 -0.0772665 0.438477 -0.113158 0.0640337 0.991511 0.46176 0 0 0 1 
1807261650192;0.50492;0.177655;0.979452 0.200708 0.0197363 0.625278 -0.194868 0.96706 -0.163774 0.508968 -0.0519568 0.156563 0.9863 0.0237432 0 0 0 1 
1807261650193;0.791638;0.201948;0.979577 -0.198382 -0.0327655 0.0377437 0.197941 0.98008 -0.0162223 -0.282265 0.035331 0.00940537 0.999331 -1.02458 0 0 0 1 
1807261650194;0.736741;0.190362;0.96012 0.271854 -0.0653078 0.530013 -0.279299 0.94323 -0.179746 0.549513 0.0127355 0.190818 0.981543 -0.701468 0 0 0 1 
1807261650195;0.187863;0.162834;0.969353 0.0225907 -0.24463 0.102935 -0.00835978 0.99822 0.0590561 0.103212 0.245529 -0.0552012 0.967816 -0.704575 0 0 0 1 
1807261650196;0.587609;0.171532;0.986398 0.158757 -0.0426103 -0.132991 -0.163507 0.974259 -0.155191 0.118395 0.0168758 0.160047 0.986965 0.69514 0 0 0 1 
1807261650197;0.541762;0.22448;0.935824 0.352324 -0.0100064 -0.237421 -0.351897 0.93555 0.0302463 1.42343 0.020018 -0.024784 0.999492 -0.240845 0 0 0 1 
1807261650198;0.789459;0.181906;0.990416 0.0839392 -0.109685 0.627758 -0.0978211 0.986937 -0.12801 0.379548 0.0975072 0.137513 0.985689 -0.928628 0 0 0 1 
1807261650199;0.344499;0.164025;0.988731 -0.0840045 -0.123913 0.102829 0.069105 0.990366 -0.119996 0.0692885 0.1328 0.110081 0.985011 -0.550476 0 0 0 1 
1807261650200;0.665434;0.207893;0.992838 0.119046 -0.0100775 0.296149 -0.118763 0.992605 0.0251039 -0.31029 0.0129915 -0.0237273 0.999634 -0.0637015 0 0 0 1 
1807261650201;0.637949;0.181467;0.995977 0.0861866 -0.0245204 -0.697234 -0.086235 0.996274 -0.000920615 -0.0314913 0.0243497 0.00303143 0.999699 -0.347834 0 0 0 1 
1807261650202;0.360138;0.234162;0.987274 0.158568 -0.0121008 -0.292307 -0.158882 0.986773 -0.0321764 0.607945 0.00683858 0.0336896 0.999409 -0.374202 0 0 0 1 
1807261650203;0.394841;0.162397;0.888921 -0.146598 -0.433968 0.248593 0.181044 0.982706 0.0388779 -0.471913 0.420763 -0.113127 0.900089 -1.21269 0 0 0 1 
1807261650204;0.612524;0.153111;0.997757 -0.0603878 -0.0288903 -0.0981449 0.0606563 0.998122 0.00850811 -0.209491 0.0283223 -0.0102414 0.999546 0.670262 0 0 0 1 
1807261650205;0.404722;0.182387;0.85138 0.291832 -0.435875 0.42673 -0.348781 0.935598 -0.0548497 1.16933 0.391797 0.198723 0.898334 -0.960175 0 0 0 1 
1807261650206;0.626556;0.172459;0.959377 -0.277352 -0.051697 -0.533575 0.268365 0.953656 -0.13609 -0.869885 0.0870459 0.116688 0.989347 0.37559 0 0 0 1 
1807261650207;0.542445;0.184058;0.99959 0.0270995 0.00926159 -0.159167 -0.0269368 0.999488 -0.0172582 -0.0137563 -0.00972454 0.0170016 0.999808 0.690604 0 0 0 1 
1807261650208;0.417306;0.152371;0.942808 -0.0337514 -0.331622 -0.030431 -0.014527 0.989755 -0.142035 0.211421 0.333019 0.138729 0.932659 -1.15297 0 0 0 1 
1807261650209;0.115948;0.182026;0.995932 -0.0110946 -0.0894217 -0.101544 0.00292367 0.995847 -0.0909927 0.239654 0.0900599 0.0903611 0.991829 -0.215854 0 0 0 1 
1807261650210;0.290494;0.180076;0.956012 0.292997 0.0139199 0.171632 -0.281921 0.930906 -0.23224 1.07948 -0.0810036 0.218099 0.972559 0.344745 0 0 0 1 
1807261650211;0.634223;0.175752;0.963629 0.214938 -0.15881 0.874848 -0.239435 0.958327 -0.155818 0.881288 0.1187 0.188175 0.974936 -0.313898 0 0 0 1 
1807261650212;0.518398;0.199356;0.908263 0.315428 -0.274887 0.12551 -0.285816 0.947564 0.142939 1.11844 0.30556 -0.0512591 0.950792 -1.26638 0 0 0 1 
1807261650213;0.562773;0.158004;0.996297 -0.0858517 0.00458619 0.352528 0.0821757 0.966605 0.242738 0.281809 -0.0252725 -0.241462 0.970081 -0.170801 0 0 0 1 
1807261650214;0.522212;0.179323;0.919513 -0.388678 -0.0585293 -0.0417353 0.393059 0.908877 0.139452 -1.23756 -0.00100613 -0.151234 0.988498 -0.0182749 0 0 0 1 
1807261650215;0.876402;0.199287;0.907976 -0.354157 -0.223948 0.587417 0.344173 0.935185 -0.0835088 -1.3412 0.239008 -0.00125292 0.971017 -0.861407 0 0 0 1 
1807261650217;0.532131;1.421;0.976654 0.06576 0.204506 -1.1806 -0.121348 0.954441 0.27261 -0.0560876 -0.177263 -0.291062 0.940139 -1.02011 0 0 0 1 
1807261650218;0.499155;1.4587;0.996954 -0.0334331 -0.0704602 -1.48896 0.0460175 0.981595 0.185346 -0.0844211 0.0629667 -0.188024 0.980144 -0.435518 0 0 0 1 
1807261650219;0.721512;1.55879;0.889625 0.456543 -0.0116452 -0.114194 -0.449834 0.880383 0.150249 -0.667843 0.0788473 -0.128427 0.98858 -0.840359 0 0 0 1 
1807261650220;0.121853;1.49108;0.971264 0.211906 0.108357 -0.643991 -0.223089 0.969207 0.10426 -0.222558 -0.0829275 -0.125437 0.98863 -0.360059 0 0 0 1 
1807261650221;0.995809;1.51603;0.968315 0.249259 0.0153842 -0.812814 -0.249497 0.962883 0.102994 -0.105381 0.0108591 -0.103569 0.994563 -1.16581 0 0 0 1 
1807261650222;1.09618;1.53941;0.993124 0.11462 0.0238156 -0.682131 -0.116795 0.983977 0.134711 -0.65746 -0.00799333 -0.136567 0.990599 -1.23987 0 0 0 1 
1807261650223;0.826304;1.39548;0.998753 -0.0401384 0.0296872 -1.10102 0.0354198 0.988763 0.145238 -1.02288 -0.0351832 -0.144005 0.988951 -0.593802 0 0 0 1 
1807261650224;0.375842;1.42786;0.99046 0.134361 -0.0305942 -0.939799 -0.114385 0.925447 0.361197 -0.592588 0.0768442 -0.354251 0.931988 -1.31396 0 0 0 1 
1807261650225;0.55112;1.64018;0.981706 0.180159 -0.0616133 -0.622374 -0.181047 0.983432 -0.0091027 -1.04932 0.0589526 0.0200911 0.998059 0.257997 0 0 0 1 
1807261650226;0.761509;1.44177;0.951993 0.305672 -0.0165681 -0.2104 -0.304019 0.950402 0.0656327 0.46124 0.0358085 -0.0574448 0.997706 0.148078 0 0 0 1 
1807261650227;0.75985;1.37106;0.999381 0.0338072 -0.00969324 -1.11941 -0.0323288 0.991595 0.125274 0.284329 0.0138469 -0.124883 0.992075 -0.606351 0 0 0 1 
1807261650228;0.464961;1.46109;0.997056 0.0745167 -0.0180703 -0.722884 -0.0698799 0.980087 0.185869 -0.404438 0.0315608 -0.184059 0.982408 -0.757149 0 0 0 1 
1807261650229;0.961907;1.44971;0.969706 0.0706337 0.233839 -1.11425 -0.136125 0.95112 0.277201 0.152229 -0.202829 -0.300635 0.931922 -0.00949583 0 0 0 1 
1807261650230;1.24871;1.44654;0.96426 -0.0507343 -0.260056 -1.18792 0.089628 0.986093 0.139954 -0.577548 0.249339 -0.15826 0.955397 -1.80086 0 0 0 1 
1807261650231;0.35278;1.44417;0.979924 -0.0356158 -0.196164 -1.33375 0.0159379 0.994759 -0.100993 -0.292433 0.198733 0.095839 0.975356 -0.080255 0 0 0 1 
1807261650232;0.725754;1.47328;0.967532 -0.117839 -0.223599 -1.12277 0.167838 0.961 0.219795 -0.776392 0.188978 -0.250187 0.949576 -0.970397 0 0 0 1 
1807261650233;0.807473;1.43272;0.98791 0.112548 0.106613 -0.708923 -0.127517 0.981038 0.145957 0.419787 -0.0881643 -0.157788 0.983529 -0.513585 0 0 0 1 
1807261650234;0.330571;1.48363;0.989932 0.139046 -0.02649 -0.89419 -0.135845 0.985852 0.0981983 -0.29287 0.0397692 -0.0936111 0.994814 -0.0630727 0 0 0 1 
1807261650235;0.476097;1.49395;0.926702 0.375754 0.00565703 -0.148335 -0.360019 0.883379 0.300045 -0.37246 0.107746 -0.280089 0.953908 -0.53656 0 0 0 1 
1807261650236;0.451212;1.50237;0.902432 0.0917678 -0.420946 -0.507938 -0.0856466 0.995763 0.0334693 -0.599343 0.422234 0.0058488 0.906468 -0.293268 0 0 0 1 
1807261650237;0.797582;1.40924;0.945795 -0.0125689 0.324522 -1.58585 -0.0659619 0.970989 0.229847 -0.483015 -0.317996 -0.238795 0.917527 -0.873893 0 0 0 1 
1807261650238;1.08583;1.77669;0.972204 0.220941 -0.0774914 -0.268958 -0.210979 0.97019 0.119249 -0.961015 0.101528 -0.099585 0.989836 0.515395 0 0 0 1 
1807261650239;1.02135;1.69496;0.949037 0.252077 0.189175 -0.388948 -0.235239 0.966019 -0.1071 -0.714215 -0.209743 0.0571404 0.976085 -0.213069 0 0 0 1 
1807261650240;0.859825;1.48573;0.960525 0.276998 0.0257756 -0.56768 -0.278032 0.952667 0.122977 0.126478 0.00950883 -0.125289 0.992075 0.272702 0 0 0 1 
1807261650241;0.991567;1.44384;0.994546 0.0179095 0.102753 -0.517889 -0.0539744 0.931356 0.360087 -0.769104 -0.0892504 -0.363669 0.927243 -0.786644 0 0 0 1 
1807261650242;0.558163;1.48949;0.907309 0.399243 -0.13189 0.327938 -0.351217 0.892086 0.284304 -0.225996 0.231164 -0.211629 0.949619 -1.19905 0 0 0 1 
1807261650243;0.371812;1.49956;0.987274 0.111117 0.113766 -0.550975 -0.153767 0.849497 0.504689 -1.23643 -0.0405643 -0.51576 0.855772 -1.32536 0 0 0 1 
1807261650244;0.711238;1.46242;0.983825 0.169705 -0.057355 -0.956404 -0.171776 0.984573 -0.0333107 -0.348026 0.0508172 0.0426241 0.997798 -0.500042 0 0 0 1 
1807261650245;0.732714;1.42047;0.989277 -0.114856 -0.0902126 -1.6669 0.101081 0.984296 -0.144721 -0.0395566 0.105418 0.13405 0.985352 -0.133011 0 0 0 1 
1807261650246;1.2033;1.52596;0.790495 0.588533 0.169547 0.756138 -0.60794 0.787587 0.100575 0.0584909 -0.074341 -0.182579 0.980377 0.497531 0 0 0 1 
1807261650248;0.419559;1.7461;0.954445 0.294855 -0.0457678 -0.912906 -0.295136 0.955455 0.000656007 -0.450122 0.0439225 0.0128816 0.998952 -0.00637989 0 0 0 1 
1807261650249;0.496114;1.68296;0.915531 0.388431 -0.104519 -0.773082 -0.394497 0.917811 -0.044668 -0.574233 0.078578 0.0821274 0.993519 0.491908 0 0 0 1 
1807261650250;0.34812;1.54766;0.953697 0.27503 -0.121737 -0.571552 -0.284399 0.956331 -0.0674458 -0.275937 0.0978714 0.0989448 0.990268 0.584906 0 0 0 1 
1807261650251;0.451728;1.72317;0.814904 0.56307 -0.137422 0.0938732 -0.568036 0.822996 0.00370912 -0.52523 0.115186 0.0750378 0.990506 0.422227 0 0 0 1 
1807261650252;0.33029;1.52349;0.899612 0.0644112 -0.431913 -1.52106 -0.104689 0.992031 -0.0701107 0.0722753 0.423955 0.108289 0.899186 0.581907 0 0 0 1 
1807261650253;0.249687;1.6624;0.983031 0.182503 0.0185041 -1.36716 -0.182938 0.982797 0.0253871 -0.0205556 -0.0135525 -0.0283414 0.999506 -0.47213 0 0 0 1 
1807261650254;0.24129;1.53342;0.926618 0.375482 -0.0198098 -0.486063 -0.374416 0.916587 -0.140292 -0.116716 -0.0345197 0.137414 0.989912 0.574872 0 0 0 1 
1807261650255;0.565737;1.49051;0.91513 0.386627 0.114269 -0.441326 -0.311313 0.857763 -0.409056 -0.55163 -0.256168 0.338766 0.905326 1.88978 0 0 0 1 
1807261650256;0.73595;1.48312;0.794794 0.460921 0.394785 -0.0516528 -0.511413 0.858918 0.0267856 -0.223984 -0.326741 -0.223187 0.918383 -1.65196 0 0 0 1 
1807261650257;0.0754684;1.73552;0.952613 0.302847 -0.0284993 -0.918047 -0.300943 0.951957 0.0566748 -0.0353338 0.0442939 -0.0454125 0.997986 -0.291044 0 0 0 1 
1807261650258;0.796962;1.63198;0.921518 0.387735 -0.0215873 0.211137 -0.382292 0.915542 0.125043 0.487951 0.0682478 -0.106977 0.991916 -0.343028 0 0 0 1 
1807261650259;0.200045;1.66087;0.964963 0.262286 -0.00718352 -0.877801 -0.261563 0.963746 0.0527071 0.172465 0.0207474 -0.0489815 0.998584 -0.196769 0 0 0 1 
1807261650260;0.602384;1.56188;0.984573 0.125388 -0.12204 -1.48568 -0.0752441 0.9331 0.351658 -0.0524428 0.15797 -0.337051 0.928139 -0.769933 0 0 0 1 
1807261650261;0.61809;1.54949;0.920536 0.177961 -0.347768 -1.08596 -0.133022 0.979806 0.149282 0.0353918 0.367312 -0.0911589 0.92562 0.205809 0 0 0 1 
1807261650262;0.377489;1.46762;0.98609 -0.0500806 0.158486 -2.1244 0.0777325 0.981777 -0.173412 -0.0538769 -0.146913 0.183319 0.972014 0.745449 0 0 0 1 
1807261650263;0.214707;1.64702;0.998533 0.0111168 -0.0530006 -2.04225 -0.00775981 0.997975 0.0631294 0.0266522 0.0535951 -0.0626255 0.996597 -0.349202 0 0 0 1 
