#;prob_registration_l1 -r /home/probabilistic_point_clouds_registration/build/tester /home/point_clouds_registration_benchmark//devel/registration_pairs/plain_local.txt /home/point_clouds_registration_benchmark//eth/plain -s 0.2 -t 0.2 -p 0.3 -r 1000 -m 25 -i 40 
id;initial_error;final_error;transformation
4215528470000;0.567788;0.436174;0.965301 -0.0481895 0.256653 0.460498 0.0315363 0.997145 0.0686135 -0.245265 -0.259227 -0.0581388 0.964065 1.88528 0 0 0 1 
4215528470001;0.547226;0.276586;0.992029 0.0913293 -0.0868144 -0.596266 -0.048277 0.91187 0.40763 0.529029 0.116392 -0.40019 0.909011 1.00616 0 0 0 1 
4215528470002;0.032832;0.0869312;0.99999 0.00326 0.00306794 -0.0406149 -0.00327272 0.999986 0.00414992 -0.0896044 -0.00305436 -0.00415992 0.999987 0.00134163 0 0 0 1 
4215528470003;0.731607;0.0542575;0.995467 -0.0413825 0.0856379 -0.121318 0.0394453 0.998929 0.0241919 -0.919585 -0.0865473 -0.0207042 0.996033 0.382927 0 0 0 1 
4215528470004;0.518474;0.167561;0.95721 -0.0198424 -0.288714 0.311845 0.0827579 0.974752 0.207386 -0.521319 0.27731 -0.222405 0.934685 -0.315518 0 0 0 1 
4215528470005;0.0948906;0.194245;0.999536 0.0228236 0.0201593 -0.136034 -0.0209937 0.99601 -0.086737 0.0521447 -0.0220585 0.0862736 0.996027 -0.342544 0 0 0 1 
4215528470006;0.93827;0.205776;0.998721 0.0393558 -0.0317272 -0.940559 -0.0476735 0.942013 -0.332172 0.241062 0.0168145 0.33326 0.942685 -1.35493 0 0 0 1 
4215528470007;0.649378;0.725502;0.99441 0.0112116 -0.10499 -0.251505 -0.047083 0.937098 -0.345876 0.456386 0.0945078 0.348885 0.932388 -2.00685 0 0 0 1 
4215528470008;0.524363;0.59837;0.95139 0.156568 -0.265224 -0.736611 -0.188045 0.977297 -0.09762 0.926961 0.243919 0.142749 0.959232 -2.32025 0 0 0 1 
4215528470009;0.400063;0.239309;0.954754 -0.19273 0.226496 0.900898 0.197935 0.980215 -0.000275112 -1.09805 -0.221962 0.0450942 0.974012 1.27244 0 0 0 1 
4215528470010;0.581956;0.11743;0.975124 -0.208691 -0.0747071 1.07753 0.182563 0.947288 -0.26328 -1.32646 0.125713 0.243092 0.961823 -2.14536 0 0 0 1 
4215528470011;0.358216;0.146354;0.975547 -0.170026 0.139282 0.863976 0.195972 0.959799 -0.200952 -1.12223 -0.0995158 0.223333 0.969649 -0.217112 0 0 0 1 
4215528470012;0.581653;0.652175;0.974252 0.20746 -0.0882758 -0.936659 -0.172219 0.937466 0.302487 0.881807 0.14551 -0.279496 0.949057 -0.0680496 0 0 0 1 
4215528470013;0.612837;0.108955;0.982838 -0.0584965 0.174951 0.135038 0.0563552 0.998263 0.0171865 -0.428396 -0.175653 -0.00703206 0.984427 0.50879 0 0 0 1 
4215528470014;0.871128;0.369516;0.983596 -0.179773 0.0148615 1.09811 0.17966 0.983691 0.0086027 -1.25537 -0.0161656 -0.00579156 0.999853 0.709029 0 0 0 1 
4215528470015;0.0605696;0.124198;0.999937 -0.00630195 0.00928327 0.0399618 0.00640707 0.999915 -0.0113374 -0.184664 -0.00921104 0.0113961 0.999893 -0.0382205 0 0 0 1 
4215528470016;0.462589;0.321857;0.972248 0.0685713 0.22368 -0.375056 -0.01912 0.976173 -0.216149 -0.0469058 -0.233172 0.205873 0.950393 0.80356 0 0 0 1 
4215528470017;0.763704;0.494757;0.98518 0.105747 0.135046 -0.606357 -0.153566 0.894513 0.419837 1.03581 -0.0764039 -0.434354 0.897496 3.0693 0 0 0 1 
4215528470018;0.320962;0.390761;0.99743 -0.047452 0.0536794 -0.00762769 0.0412691 0.992969 0.110944 -0.444783 -0.0585665 -0.108444 0.992376 0.720867 0 0 0 1 
4215528470019;0.470754;0.437643;0.895154 0.259965 -0.3621 -0.802454 -0.192892 0.958242 0.211106 0.863183 0.40186 -0.119126 0.907919 -1.981 0 0 0 1 
4215528470020;0.901423;0.555342;0.98461 -0.0897109 0.149986 0.219311 0.103759 0.990647 -0.0886098 -0.69666 -0.140634 0.102808 0.984709 -0.0657524 0 0 0 1 
4215528470021;0.310289;0.121006;0.997465 -0.0580568 -0.0411554 0.131872 0.0620242 0.992768 0.102781 -0.568441 0.0348906 -0.105073 0.993852 0.448092 0 0 0 1 
4215528470022;0.501427;0.204593;0.974819 0.130251 -0.181005 -0.388624 -0.142297 0.988285 -0.0551836 0.613013 0.171697 0.0795505 0.981933 -1.89534 0 0 0 1 
4215528470023;0.509895;0.460022;0.993615 0.0576468 0.0969863 -0.410692 -0.0418747 0.986641 -0.157439 0.182309 -0.104766 0.152372 0.982755 -0.430898 0 0 0 1 
4215528470024;0.756959;0.239206;0.99008 -0.137639 0.0282165 0.828616 0.136404 0.98977 0.0418255 -1.05357 -0.0336846 -0.0375618 0.998726 0.941239 0 0 0 1 
4215528470025;0.187466;0.2191;0.989938 0.133862 -0.0458747 -0.662646 -0.129027 0.987005 0.0957761 0.722812 0.0580993 -0.0888933 0.994345 -0.0273673 0 0 0 1 
4215528470026;0.0729172;0.12163;0.999456 -0.0324003 -0.00612334 0.151093 0.0323789 0.999469 -0.00357223 -0.307957 0.00623583 0.00337202 0.999975 -0.138316 0 0 0 1 
4215528470027;0.80863;0.443644;0.976665 0.202527 -0.0714679 -1.13155 -0.209792 0.970876 -0.115699 0.878906 0.0459544 0.127992 0.99071 -0.300181 0 0 0 1 
4215528470028;0.511375;0.511256;0.996706 -0.00643527 -0.0808497 -0.115853 0.0220909 0.980698 0.194274 -0.355775 0.078039 -0.19542 0.97761 0.528637 0 0 0 1 
4215528470029;0.874225;0.278506;0.875656 -0.0111559 -0.482807 1.1507 0.028148 0.999213 0.0279631 0.219028 0.482115 -0.0380761 0.87528 -3.19813 0 0 0 1 
4215528470031;0.986719;0.114444;0.99934 -0.0351143 0.00929077 0.332254 0.0350798 0.999377 0.0038559 -0.588589 -0.00942038 -0.00352744 0.999949 0.866098 0 0 0 1 
4215528470032;1.06872;0.250676;0.996088 -0.0791236 0.0393412 0.388327 0.0882964 0.873766 -0.478264 -0.365534 0.003467 0.479867 0.877334 -2.56175 0 0 0 1 
4215528470033;0.525088;0.218371;0.99548 -0.0949719 3.28135e-05 0.61372 0.0949517 0.99526 -0.0210025 -0.9231 0.00196199 0.0209106 0.999779 -0.492418 0 0 0 1 
4215528470034;0.461314;0.24079;0.999789 0.0198664 0.00525186 -0.0398824 -0.0199851 0.999521 0.0236219 0.0201546 -0.00478006 -0.0237219 0.999707 -0.164748 0 0 0 1 
4215528470035;0.980295;0.270449;0.998841 -0.0480236 -0.00319511 -0.319566 0.0480404 0.998831 0.00539401 -0.564334 0.00293234 -0.00554125 0.99998 0.118986 0 0 0 1 
4215528470036;1.14169;0.89603;0.993555 0.107241 0.0367126 -1.07873 -0.11312 0.958734 0.260832 0.656887 -0.00722579 -0.263304 0.964686 2.21031 0 0 0 1 
4215528470037;0.241412;0.134105;0.999785 -0.0204189 0.00346897 0.339114 0.0205022 0.999453 -0.025946 -0.139206 -0.00293729 0.0260116 0.999657 -0.0232631 0 0 0 1 
4215528470038;0.130156;0.271205;0.997991 0.0535936 0.0337928 -0.167965 -0.0538692 0.998521 0.00729888 0.382429 -0.0333517 -0.00910461 0.999402 0.363537 0 0 0 1 
4215528470039;0.797747;0.576764;0.995602 -0.0490675 -0.0798067 0.0812155 0.0267652 0.96534 -0.259619 -0.266801 0.0897795 0.256341 0.962408 -1.7678 0 0 0 1 
4215528470040;0.689028;0.0395975;0.939613 -0.309433 -0.146214 2.6782 0.326061 0.939187 0.107757 -2.43742 0.103979 -0.148924 0.983367 -0.33005 0 0 0 1 
4215528470041;0.231676;0.115039;0.943192 -0.13794 -0.302261 1.75656 0.0966956 0.984328 -0.147475 -0.658911 0.317867 0.10987 0.941748 -3.41163 0 0 0 1 
4215528470042;0.841266;0.0918159;0.979719 -0.186905 0.07223 1.65263 0.175851 0.974805 0.137226 -1.20853 -0.0960585 -0.121741 0.987903 1.32923 0 0 0 1 
4215528470043;0.639843;0.52793;0.995471 0.0603805 -0.0734255 -0.265875 -0.0586982 0.997966 0.0248601 0.595484 0.0747773 -0.0204375 0.996991 -0.647487 0 0 0 1 
4215528470044;0.994474;0.199908;0.99971 -0.0230416 0.00698918 0.317701 0.0231066 0.999689 -0.0093648 -0.207683 -0.00677123 0.00952358 0.999932 -0.816782 0 0 0 1 
4215528470045;0.386524;0.0894566;0.996796 -0.00907363 0.0794718 0.052025 -0.0299231 0.879104 0.47569 0.318382 -0.0741802 -0.476543 0.876016 3.38236 0 0 0 1 
4215528470046;1.07289;0.380606;0.976318 0.0581896 -0.208369 0.0820582 -0.0455722 0.996854 0.064854 0.224936 0.211487 -0.0538223 0.975898 -0.827418 0 0 0 1 
4215528470047;0.459821;0.392325;0.990569 0.0607197 0.122827 -0.521712 -0.0578612 0.997967 -0.0267106 0.490603 -0.124199 0.0193518 0.992069 0.891889 0 0 0 1 
4215528470048;0.649857;0.387044;0.999008 0.0410508 -0.0172371 -0.421285 -0.0408769 0.999111 0.0103263 0.314199 0.0176456 -0.00961144 0.999798 -0.0106986 0 0 0 1 
4215528470049;0.633618;0.144816;0.991191 -0.115065 -0.065574 1.03768 0.124306 0.979115 0.160879 -1.1442 0.045693 -0.167613 0.984793 1.01718 0 0 0 1 
4215528470050;0.671958;0.636343;0.993968 0.100882 -0.0430155 -0.870352 -0.10019 0.994806 0.0179709 0.706726 0.044605 -0.0135528 0.998913 -0.844307 0 0 0 1 
4215528470051;0.865997;0.777911;0.995062 -0.0717019 -0.0686269 0.608696 0.0584429 0.982155 -0.178765 -0.369725 0.08022 0.173872 0.981496 -2.19552 0 0 0 1 
4215528470052;0.470145;0.240686;0.994135 0.103217 -0.0322628 -0.657788 -0.104301 0.993967 -0.0339281 0.92097 0.0285662 0.0370941 0.998903 -0.53148 0 0 0 1 
4215528470053;1.01323;0.188584;0.993177 0.014913 0.11566 0.0816987 -0.00357817 0.99522 -0.0975964 -0.085335 -0.116562 0.0965167 0.988483 -0.259072 0 0 0 1 
4215528470054;0.877545;0.327828;0.982855 0.183954 -0.0125031 -0.90842 -0.183801 0.982885 0.012454 1.55064 0.0145801 -0.00994244 0.999844 -0.651075 0 0 0 1 
4215528470055;0.503431;0.291236;0.996278 -0.0500312 0.0701975 0.267231 0.0578029 0.991861 -0.113449 -0.19619 -0.0639502 0.117084 0.991061 0.115649 0 0 0 1 
4215528470056;0.338949;0.158315;0.953515 -0.292153 0.0738611 2.12776 0.300564 0.939673 -0.163327 -2.28256 -0.0216887 0.177935 0.983803 -0.828855 0 0 0 1 
4215528470057;0.60477;0.143542;0.999322 -0.0347184 0.0122591 0.30696 0.0343204 0.99892 0.0313101 -0.330821 -0.0133329 -0.0308681 0.999435 -0.212729 0 0 0 1 
4215528470058;0.117082;0.146878;0.991947 -0.126544 0.00535977 0.911017 0.126613 0.991833 -0.0153668 -1.10472 -0.00337142 0.0159217 0.999868 -0.0709917 0 0 0 1 
4215528470059;0.289428;0.449339;0.998817 0.00363323 -0.0484901 -0.19243 -0.00881939 0.994201 -0.107172 0.0880617 0.0478195 0.107473 0.993057 -1.13592 0 0 0 1 
4215528470060;0.876862;0.934059;0.960596 0.112566 -0.254134 -0.202369 -0.0911005 0.991324 0.0947461 0.610632 0.262594 -0.067861 0.962517 -2.52524 0 0 0 1 
4215528470062;1.03489;0.582412;0.948363 -0.185957 0.256957 0.784888 0.241182 0.948921 -0.203421 -2.77327 -0.206004 0.25489 0.944771 2.59179 0 0 0 1 
4215528470063;0.150783;0.386138;0.995545 0.0554943 0.0762257 -0.487277 -0.062219 0.994097 0.0888825 0.827889 -0.0708433 -0.0932292 0.993121 1.27547 0 0 0 1 
4215528470064;1.26892;0.480773;0.975486 0.156544 -0.154663 0.0946861 -0.139491 0.983451 0.115617 1.95187 0.170202 -0.0912092 0.981179 -2.82344 0 0 0 1 
4215528470065;0.672821;0.143847;0.998262 -0.0574887 0.0129614 -0.0491138 0.0579514 0.997569 -0.038713 -0.744266 -0.0107043 0.0393969 0.999166 -0.28236 0 0 0 1 
4215528470066;0.971407;0.513186;0.972733 -0.0698136 0.221171 -0.00681203 0.151422 0.913496 -0.37762 -1.10835 -0.175676 0.400814 0.899159 1.74834 0 0 0 1 
4215528470067;0.479383;1.36274;0.995894 0.0757676 0.0495505 -0.946802 -0.0658364 0.981813 -0.178072 1.44932 -0.0621413 0.174078 0.982769 0.207149 0 0 0 1 
4215528470068;1.75898;1.69174;0.986172 0.165718 0.0014881 -0.632043 -0.164369 0.97692 0.136417 2.78794 0.021153 -0.134775 0.99065 -0.123339 0 0 0 1 
4215528470069;1.1695;0.204342;0.968592 -0.246969 0.0289139 1.06276 0.242375 0.963692 0.112036 -3.43934 -0.0555334 -0.101509 0.993283 1.81134 0 0 0 1 
4215528470070;0.627154;0.0664238;0.999495 -0.0307928 0.00789221 0.0151487 0.030494 0.998903 0.0355337 -0.29652 -0.00897774 -0.035275 0.999337 -0.0385202 0 0 0 1 
4215528470071;1.13782;0.149201;0.980761 -0.079001 -0.178512 1.07962 0.0952719 0.99186 0.0844819 -1.17141 0.170385 -0.0998638 0.980304 -2.5853 0 0 0 1 
4215528470072;1.12233;0.245604;0.995793 0.0886078 -0.0233277 -0.694139 -0.0884568 0.996052 0.00742988 0.889568 0.023894 -0.00533514 0.9997 -0.0086674 0 0 0 1 
4215528470073;0.253366;0.196558;0.955643 -0.105799 0.274868 0.308775 0.181154 0.946989 -0.265321 -1.71935 -0.232226 0.303346 0.92415 2.42439 0 0 0 1 
4215528470074;0.891847;0.13303;0.925194 0.19859 -0.323385 1.00265 -0.122707 0.96292 0.240268 1.36611 0.359108 -0.182613 0.915256 -4.76381 0 0 0 1 
4215528470075;0.661748;0.647626;0.997188 0.038889 0.0640547 -0.516629 -0.0386253 0.999239 -0.00535024 0.700752 -0.064214 0.00286106 0.997932 1.18186 0 0 0 1 
4215528470076;1.55682;0.096641;0.999943 -0.0039426 -0.009968 -0.101046 0.00389932 0.999983 -0.00435718 0.16943 0.00998501 0.00431806 0.999941 -1.03206 0 0 0 1 
4215528470077;0.434483;0.873331;0.967109 -0.254068 -0.0122138 0.940457 0.253806 0.967056 -0.0196173 -3.07392 0.0167955 0.0158721 0.999733 -0.418414 0 0 0 1 
4215528470078;1.12372;0.906579;0.958927 -0.123272 0.255465 0.464434 0.116177 0.992308 0.0427404 -1.82426 -0.258769 -0.0113057 0.965873 3.84584 0 0 0 1 
4215528470079;1.36039;1.28916;0.992685 0.0283197 0.117368 -0.778364 -0.010414 0.988563 -0.15045 0.209259 -0.120286 0.148127 0.981626 1.42122 0 0 0 1 
4215528470080;1.57691;0.382588;0.976528 0.174496 -0.126269 -0.349487 -0.150464 0.972131 0.179783 2.76957 0.154121 -0.156564 0.975569 -1.50359 0 0 0 1 
4215528470081;1.29705;1.74756;0.967602 0.252439 0.00456773 -1.05705 -0.252186 0.965443 0.0657368 4.1994 0.0121846 -0.0647589 0.997827 0.000728226 0 0 0 1 
4215528470082;0.754436;0.382127;0.992499 -0.101249 -0.0685107 0.537125 0.0914269 0.986778 -0.133832 -1.18257 0.0811552 0.126565 0.988633 -1.32906 0 0 0 1 
4215528470083;1.36137;0.753828;0.994668 0.0153922 0.101973 -0.641811 -0.00766321 0.997097 -0.0757567 0.412772 -0.102843 0.0745713 0.991898 1.89458 0 0 0 1 
4215528470084;1.66015;0.139193;0.952302 -0.25856 -0.16207 1.14647 0.253755 0.965973 -0.0500407 -3.5221 0.169494 0.00652772 0.98551 -2.84897 0 0 0 1 
4215528470085;1.13067;0.167871;0.998403 -0.0492128 -0.0277509 -0.104552 0.0516408 0.994147 0.0948996 -1.10781 0.0229182 -0.0961811 0.9951 0.581862 0 0 0 1 
4215528470086;1.1632;1.41212;0.929212 -0.0163985 0.369182 0.0605667 0.0061617 0.999564 0.0288904 -0.15853 -0.369495 -0.0245706 0.928908 5.48429 0 0 0 1 
4215528470087;0.757202;0.983341;0.99682 0.0224148 0.0764658 -0.546148 -0.0136526 0.993473 -0.113245 0.424811 -0.0785051 0.111841 0.99062 0.928926 0 0 0 1 
4215528470088;1.28516;0.247222;0.986861 -0.160793 -0.0158595 0.842648 0.160846 0.986977 0.00214978 -2.4039 0.0153073 -0.00467248 0.999872 0.482532 0 0 0 1 
4215528470089;0.703952;0.683215;0.995407 0.0868028 -0.0403844 -0.527019 -0.0858478 0.995999 0.0248113 1.30573 0.0423765 -0.0212305 0.998876 -0.238378 0 0 0 1 
4215528470090;1.03548;0.150921;0.93694 -0.190361 0.293098 0.5743 0.283003 0.905332 -0.316677 -3.09239 -0.205068 0.379654 0.902114 1.35856 0 0 0 1 
4215528470091;1.49069;2.20526;0.97429 0.214566 0.0687005 -1.00923 -0.217947 0.97487 0.0461316 3.20765 -0.0570757 -0.0599186 0.99657 0.946691 0 0 0 1 
4215528470093;0.435815;0.274987;0.921634 -0.378701 -0.0847074 0.790457 0.387613 0.887909 0.247738 -0.980556 -0.0186061 -0.261157 0.965117 0.301207 0 0 0 1 
4215528470094;0.626818;0.139447;0.999631 0.0262647 0.0069665 0.0778079 -0.0259741 0.998903 -0.038962 0.211336 -0.00798219 0.0387667 0.999216 -0.653642 0 0 0 1 
4215528470095;0.64508;0.368514;0.916819 -0.398914 -0.0175969 1.09558 0.398002 0.9165 -0.0402746 -1.06847 0.0321937 0.0299209 0.999034 -0.34243 0 0 0 1 
4215528470096;0.715932;0.390295;0.995568 -0.0940294 -0.00146333 0.229924 0.0938963 0.994781 -0.0399224 -0.604465 0.00520958 0.0396081 0.999202 -0.367151 0 0 0 1 
4215528470097;0.899584;0.306947;0.899589 -0.42932 0.0801482 0.477795 0.436732 0.883371 -0.170063 -0.459113 0.00221071 0.18799 0.982169 0.405758 0 0 0 1 
4215528470098;0.598276;0.212367;0.985576 -0.129461 0.108992 0.44729 0.107274 0.976041 0.189306 -0.571459 -0.130889 -0.174883 0.97585 0.0888967 0 0 0 1 
4215528470099;0.333474;0.249052;0.968953 0.0434992 -0.243388 0.308956 0.0588709 0.915498 0.397992 -0.0113782 0.240134 -0.399964 0.884514 -0.461791 0 0 0 1 
4215528470100;0.645112;0.164209;0.9996 -0.0277222 -0.00559706 0.164645 0.0276858 0.999596 -0.00648183 0.0230756 0.00577449 0.00632428 0.999963 -0.706366 0 0 0 1 
4215528470101;0.802084;0.0830912;0.999356 -0.0196252 0.0300411 0.846708 0.0214433 0.99788 -0.0614459 0.181475 -0.0287715 0.0620505 0.997658 0.36628 0 0 0 1 
4215528470102;0.571321;0.158818;0.999713 -0.023924 -0.00122637 0.00672489 0.0238409 0.998628 -0.0466268 0.217489 0.00234019 0.0465841 0.998912 -0.553262 0 0 0 1 
4215528470103;0.118159;0.212534;0.989994 -0.140543 -0.0126052 0.289802 0.140581 0.990067 0.002224 -0.27039 0.0121674 -0.0039738 0.999918 -0.0253987 0 0 0 1 
4215528470104;0.483078;0.141644;0.960612 -0.0183977 0.277284 0.280224 -0.00657851 0.996021 0.0888758 -0.191893 -0.277816 -0.0871992 0.956668 1.15007 0 0 0 1 
4215528470105;0.856272;0.424849;0.959513 0.129296 0.250235 -0.384515 -0.0721108 0.97157 -0.225503 0.333476 -0.272277 0.198328 0.941558 0.625224 0 0 0 1 
4215528470106;0.960069;0.204879;0.993279 -0.0900562 0.0727096 0.832298 0.0870367 0.995247 0.0436867 -0.614121 -0.0762982 -0.0370646 0.996396 0.810431 0 0 0 1 
4215528470107;0.403602;0.327852;0.932635 0.199969 -0.300339 0.420625 -0.198536 0.979446 0.0356158 0.826592 0.301288 0.0264117 0.953167 -1.01362 0 0 0 1 
4215528470108;0.717513;0.263838;0.993968 0.109063 -0.0115458 0.729503 -0.109559 0.992202 -0.059428 -0.0165384 0.00497443 0.0603344 0.998166 0.0608047 0 0 0 1 
4215528470109;0.671253;0.196355;0.97588 -0.218284 -0.00314634 0.391194 0.218269 0.975878 -0.00462949 -0.529484 0.00408099 0.00383108 0.999984 0.628264 0 0 0 1 
4215528470110;0.085073;0.154014;0.999932 0.0113714 -0.00274715 0.148496 -0.0113958 0.999894 -0.00903887 0.0949056 0.00264407 0.00906955 0.999955 -0.0973131 0 0 0 1 
4215528470111;0.687198;0.155275;0.998774 -0.00336563 0.0493887 0.00404604 0.000418901 0.998225 0.0595534 0.0413417 -0.0495015 -0.0594597 0.997003 0.884644 0 0 0 1 
4215528470112;0.990082;0.24062;0.979604 0.200939 -0.000516852 0.227083 -0.198582 0.968501 0.150239 0.820893 0.0306894 -0.147072 0.98865 0.96167 0 0 0 1 
4215528470113;0.115928;0.137032;0.999183 0.0397896 -0.00702747 0.0508685 -0.0398203 0.999198 -0.00427395 0.229498 0.00685178 0.0045503 0.999966 -0.0412385 0 0 0 1 
4215528470114;0.310906;0.193961;0.999955 -0.0090189 -0.00302666 0.0123526 0.00900137 0.999943 -0.0057552 0.0240535 0.00307839 0.00572769 0.999979 -0.287153 0 0 0 1 
4215528470115;0.363564;0.182417;0.994978 0.100004 0.00423403 0.475053 -0.0992773 0.991375 -0.0855571 0.394407 -0.0127535 0.0847071 0.996324 -0.023364 0 0 0 1 
4215528470116;0.348278;0.232908;0.890421 -0.319612 0.324036 0.67847 0.251229 0.938808 0.235636 -0.635891 -0.379519 -0.128408 0.916229 1.00444 0 0 0 1 
4215528470117;0.290367;0.33701;0.989757 0.120632 -0.0763442 0.111941 -0.126916 0.98838 -0.0836481 0.380647 0.0653665 0.0924807 0.993567 -0.154005 0 0 0 1 
4215528470118;0.65787;0.223365;0.996869 0.0684657 0.0395666 0.340934 -0.0651253 0.994641 -0.0803041 -0.111247 -0.0448526 0.0774758 0.995985 -0.356848 0 0 0 1 
4215528470119;0.205525;0.15852;0.992299 -0.0879857 0.0871882 0.2267 0.0971343 0.98951 -0.106935 -0.0659905 -0.0768648 0.114581 0.990436 0.195619 0 0 0 1 
4215528470120;0.310799;0.199213;0.991078 -0.0418471 -0.126544 0.25066 0.081569 0.941304 0.327555 -0.251834 0.10541 -0.334955 0.936319 -0.0649056 0 0 0 1 
4215528470121;0.660347;0.180303;0.940154 -0.0407561 0.338303 0.419178 0.156699 0.933325 -0.323032 -0.43876 -0.302581 0.356711 0.883856 1.17861 0 0 0 1 
4215528470122;0.789381;0.416291;0.979538 0.0728451 0.187611 -0.0640687 -0.0940822 0.989809 0.106893 0.186552 -0.177913 -0.122357 0.97641 -0.00348903 0 0 0 1 
4215528470124;0.80876;0.458726;0.946628 0.0522697 0.318063 -0.0235235 0.00737623 0.982993 -0.183496 0.36838 -0.322245 0.176049 0.930143 0.751373 0 0 0 1 
4215528470125;0.139303;0.208185;0.991848 -0.0333706 -0.122982 -0.0522326 0.0169512 0.991076 -0.132213 -0.0993249 0.126296 0.129051 0.983563 -0.87495 0 0 0 1 
4215528470126;0.0966618;0.234369;0.997117 -0.0435755 -0.0621191 -0.0812189 0.0444309 0.998935 0.0124552 -0.148617 0.0615102 -0.0151793 0.997991 -0.284108 0 0 0 1 
4215528470127;0.789796;0.198683;0.998717 -0.0501446 0.00708312 -0.423935 0.0501484 0.998742 -0.000358019 -0.104764 -0.00705626 0.000712767 0.999975 0.658296 0 0 0 1 
4215528470128;0.207096;0.155922;0.998446 0.0474564 0.0292068 -0.272106 -0.0473788 0.998871 -0.00334255 0.248043 -0.0293325 0.00195357 0.999568 -0.0849244 0 0 0 1 
4215528470129;0.938911;0.234191;0.999835 0.0141782 0.011328 -0.286396 -0.0141621 0.999899 -0.0015007 0.233279 -0.0113482 0.00134002 0.999935 0.869529 0 0 0 1 
4215528470130;0.991785;0.524427;0.985972 -0.00346579 -0.166875 -0.392307 0.025135 0.991466 0.127917 -0.283692 0.165007 -0.130317 0.977645 -0.145998 0 0 0 1 
4215528470131;0.387282;0.214671;0.994035 -0.108847 0.00688561 -0.167077 0.108859 0.994056 -0.00138771 -0.254296 -0.00669363 0.00212899 0.999975 -0.089697 0 0 0 1 
4215528470132;0.92999;0.585869;0.997813 -0.0602612 0.0271499 -0.0195361 0.061259 0.997415 -0.0375542 -0.100783 -0.0248167 0.0391353 0.998926 -0.776279 0 0 0 1 
4215528470133;0.555582;0.318105;0.93531 0.350812 -0.0461161 -0.450806 -0.351402 0.905723 -0.237027 1.74012 -0.0413835 0.237899 0.970408 -0.528673 0 0 0 1 
4215528470134;0.99593;0.544764;0.962788 0.0647307 0.262393 -0.079062 -0.0827401 0.994872 0.0581658 0.520313 -0.257282 -0.0777117 0.963206 0.494106 0 0 0 1 
4215528470135;1.17319;0.28609;0.979934 0.17949 0.0866793 -1.14741 -0.126084 0.894996 -0.427884 1.07453 -0.154378 0.408369 0.899668 0.404235 0 0 0 1 
4215528470136;0.830588;0.709051;0.998394 -0.0360769 0.043684 -0.0826014 0.0214153 0.954153 0.298553 -0.182783 -0.0524521 -0.297138 0.953393 0.903772 0 0 0 1 
4215528470137;0.395265;0.360248;0.987432 -0.115021 0.108389 -0.0108787 0.0559137 0.8957 0.44113 -0.133319 -0.147823 -0.429526 0.890874 1.7544 0 0 0 1 
4215528470138;1.02893;0.535482;0.982473 0.17503 -0.0641224 0.107336 -0.165825 0.977783 0.128232 0.936401 0.0851421 -0.115351 0.989669 -0.37795 0 0 0 1 
4215528470139;0.649753;0.373952;0.987329 -0.0965459 -0.125934 -0.172808 0.0668353 0.9728 -0.221794 -0.412009 0.143922 0.210567 0.966927 -0.712204 0 0 0 1 
4215528470140;0.360307;0.418911;0.898392 -0.0323395 0.438002 0.0820626 0.0721516 0.994603 -0.0745556 -0.272779 -0.433227 0.0985827 0.895877 1.76835 0 0 0 1 
4215528470141;0.657293;0.123515;0.998282 0.00966663 -0.0577883 -0.608119 -0.0108263 0.999746 -0.0197883 0.0692733 0.0575823 0.02038 0.998133 -0.406228 0 0 0 1 
4215528470142;0.724166;0.242711;0.99297 0.118204 0.0062784 -0.410007 -0.117919 0.99242 -0.0346053 0.0669533 -0.0103213 0.0336217 0.999381 0.254236 0 0 0 1 
4215528470143;0.681426;0.124221;0.945932 0.117335 -0.302398 -0.52183 -0.0413238 0.968277 0.24644 0.392505 0.321721 -0.220619 0.920773 -1.207 0 0 0 1 
4215528470144;0.404104;0.189019;0.998326 -0.0576045 -0.00518053 -0.2722 0.0577784 0.997336 0.0445298 0.00546158 0.00260161 -0.0447546 0.998995 -0.00163274 0 0 0 1 
4215528470145;0.189223;0.21262;0.998435 -0.0397419 -0.0393566 -0.0763564 0.0270925 0.959232 -0.281317 -0.0661266 0.0489322 0.27981 0.958808 -0.889502 0 0 0 1 
4215528470146;0.235131;0.146179;0.99137 0.0427159 0.123939 -0.32463 -0.0413089 0.99905 -0.0139007 0.194735 -0.124415 0.00866092 0.992193 0.617136 0 0 0 1 
4215528470147;0.605051;0.166858;0.999502 0.00741484 -0.0306581 -0.481486 -0.00741883 0.999972 -1.62417e-05 -0.0239773 0.0306571 0.00024368 0.99953 -0.42629 0 0 0 1 
4215528470148;0.594371;0.317305;0.90868 -0.119206 0.400114 0.500226 0.0633202 0.986634 0.150144 -0.328995 -0.412665 -0.111098 0.904083 2.44527 0 0 0 1 
4215528470149;0.787506;0.451685;0.999769 0.00949675 0.0192812 -0.0210906 -0.00965272 0.999921 0.00801211 -0.358753 -0.0192036 -0.00819638 0.999782 0.0401429 0 0 0 1 
4215528470150;0.616542;0.334153;0.961657 0.201853 0.185664 -0.516463 -0.200083 0.979367 -0.0284212 0.89451 -0.18757 -0.00981688 0.982202 1.32972 0 0 0 1 
4215528470151;0.660847;0.792082;0.998615 -0.0452934 0.0267531 -0.232032 0.0473568 0.995479 -0.08233 -0.0859567 -0.0229032 0.0834829 0.996246 -0.436169 0 0 0 1 
4215528470152;0.936036;0.25789;0.965858 0.228075 0.122882 -0.589169 -0.230572 0.973035 0.00630248 1.09494 -0.118131 -0.0344204 0.992401 -0.287841 0 0 0 1 
4215528470153;0.43556;0.60751;0.993599 -0.0548784 -0.0987379 -0.208906 0.0388536 0.986761 -0.157457 -0.16826 0.106072 0.152613 0.982577 -0.90675 0 0 0 1 
4215528470155;0.767559;0.0868496;0.977088 0.21264 0.00907017 -0.408164 -0.212689 0.973962 0.0784897 1.59488 0.00785609 -0.0786205 0.996874 -0.197484 0 0 0 1 
4215528470156;0.534127;0.18256;0.954987 0.113665 -0.274007 -0.0120103 -0.085451 0.989933 0.112828 0.378051 0.284073 -0.0843355 0.955086 -1.39724 0 0 0 1 
4215528470157;0.770434;0.136369;0.908446 0.404839 0.104078 -0.129911 -0.391989 0.911546 -0.124214 1.59266 -0.145159 0.0720445 0.986782 1.16008 0 0 0 1 
4215528470158;0.945303;0.0967437;0.924943 0.369677 -0.0884284 -0.480951 -0.350445 0.919464 0.178255 2.01186 0.147203 -0.133886 0.980003 -1.05614 0 0 0 1 
4215528470159;0.28795;0.15923;0.990713 -0.132708 -0.0296166 -0.0180291 0.132056 0.990975 -0.0230017 -0.357885 0.0324019 0.018877 0.999297 0.122385 0 0 0 1 
4215528470160;0.771203;0.362238;0.998537 -0.0305106 -0.0446439 -0.34897 0.0291479 0.999099 -0.030863 -0.0316687 0.0455453 0.0295166 0.998526 -0.829078 0 0 0 1 
4215528470161;0.233784;0.0889767;0.980064 0.154189 0.125303 -0.303067 -0.152532 0.988036 -0.0227739 0.749165 -0.127316 0.00320712 0.991857 0.347723 0 0 0 1 
4215528470162;0.571431;0.127896;0.99632 0.0296843 0.0804086 -0.641437 -0.042728 0.985249 0.165708 0.211569 -0.0743036 -0.168534 0.982891 0.663537 0 0 0 1 
4215528470163;0.611739;0.107963;0.996612 -0.0689183 0.0448889 -0.173839 0.0702167 0.997138 -0.0280193 0.129778 -0.0428294 0.0310764 0.998599 0.785402 0 0 0 1 
4215528470164;0.552648;0.402243;0.99833 -0.0391936 0.0424483 0.0386713 0.0405505 0.998678 -0.0315908 -0.304981 -0.0411541 0.0332593 0.998599 0.16832 0 0 0 1 
4215528470165;0.294545;0.0604229;0.998558 0.038882 -0.0370183 -0.149475 -0.0381499 0.999066 0.0202832 0.499981 0.0377724 -0.0188417 0.999109 -0.218154 0 0 0 1 
4215528470166;0.624564;0.478125;0.997334 0.0653013 0.0325772 0.130548 -0.0637269 0.996849 -0.047228 0.159242 -0.0355586 0.045026 0.998353 -0.238953 0 0 0 1 
4215528470167;0.723593;0.0641078;0.995776 0.0918179 -0.000256851 -0.353269 -0.0916101 0.993326 -0.0700775 0.573933 -0.00617923 0.069805 0.997542 0.787484 0 0 0 1 
4215528470168;0.682452;0.142274;0.894863 0.283547 -0.344705 0.00165012 -0.247634 0.957926 0.145106 1.0631 0.371346 -0.0444898 0.927428 -0.489113 0 0 0 1 
4215528470169;0.452691;0.140425;0.983187 0.175322 -0.0510476 -0.305066 -0.168636 0.979012 0.114443 0.75878 0.0700406 -0.10391 0.992117 -0.593094 0 0 0 1 
4215528470170;0.927037;0.0492081;0.972837 0.193019 -0.1278 -0.566945 -0.123806 0.900295 0.417302 1.19059 0.195605 -0.390145 0.899737 -0.809868 0 0 0 1 
4215528470171;0.544194;0.18762;0.8878 0.139209 -0.438671 0.507975 -0.229101 0.960345 -0.158905 1.24941 0.399154 0.241576 0.884487 -1.74012 0 0 0 1 
4215528470172;0.700934;0.178774;0.889557 0.163455 0.42658 -0.40828 -0.131307 0.985877 -0.103947 0.283702 -0.437546 0.0364537 0.898457 1.72534 0 0 0 1 
4215528470173;0.534414;0.128094;0.971197 0.15951 -0.177008 -0.000581861 -0.163968 0.986407 -0.0107512 0.952566 0.172887 0.0394653 0.984151 -1.11212 0 0 0 1 
4215528470174;0.297039;0.107591;0.996067 0.0842784 0.0273334 -0.153269 -0.0877184 0.981467 0.170378 0.391967 -0.0124676 -0.172105 0.985 -0.0912774 0 0 0 1 
4215528470175;0.347703;0.133681;0.952749 0.228706 0.19991 -0.209371 -0.287565 0.891116 0.351025 1.05418 -0.097861 -0.391926 0.914777 0.544924 0 0 0 1 
4215528470176;0.75672;0.581667;0.9479 -0.00733141 0.318483 -0.29168 0.0746157 0.977035 -0.199587 0.11927 -0.309706 0.212953 0.926679 0.450267 0 0 0 1 
4215528470177;0.756848;0.108351;0.987188 0.159563 1.74475e-05 -0.0285675 -0.152595 0.944045 0.292393 0.795379 0.0466385 -0.288649 0.956298 -0.676389 0 0 0 1 
4215528470178;0.523311;0.45667;0.98463 -0.048483 -0.167791 -0.265672 0.0338501 0.995457 -0.0889973 -0.072441 0.171344 0.0819496 0.981797 -0.869438 0 0 0 1 
4215528470179;0.41696;0.149441;0.923147 0.328376 -0.199921 -0.0328491 -0.263774 0.91932 0.292016 1.21354 0.279682 -0.21684 0.935285 -0.738402 0 0 0 1 
4215528470180;0.591922;0.167518;0.932276 0.350183 -0.0907382 -0.171708 -0.347502 0.93663 0.0443534 1.57604 0.10052 -0.00981796 0.994887 -0.840212 0 0 0 1 
4215528470181;0.100371;0.117597;0.996836 0.0766932 -0.0208756 -0.152374 -0.0735981 0.989803 0.121959 0.376746 0.0300161 -0.120036 0.992316 0.00906546 0 0 0 1 
4215528470182;0.852078;0.440583;0.992322 -0.0195089 -0.122131 -0.0283571 0.0237323 0.999166 0.0332224 0.160426 0.121381 -0.0358657 0.991958 -1.29812 0 0 0 1 
4215528470183;0.165427;0.101403;0.999056 0.00305481 0.0433436 0.0168259 0.00183976 0.993657 -0.112438 0.102257 -0.0434121 0.112411 0.992713 0.129815 0 0 0 1 
4215528470184;0.841318;0.0958517;0.88442 -0.0742013 -0.460755 0.147051 0.0201035 0.99242 -0.121234 0.492021 0.466258 0.0979587 0.879208 -2.39639 0 0 0 1 
4215528470186;0.933251;0.567621;0.99948 -0.0303898 0.0107606 0.0180551 0.0292087 0.994883 0.0967193 -0.0263156 -0.0136448 -0.0963547 0.995254 -0.561002 0 0 0 1 
4215528470187;0.872934;0.119844;0.962216 -0.113363 -0.247566 -0.112676 0.0485556 0.966075 -0.253655 -0.117866 0.267923 0.23205 0.935078 -2.30772 0 0 0 1 
4215528470188;0.636802;0.153485;0.991941 0.125185 -0.0195307 -0.749992 -0.126669 0.976444 -0.174676 0.445857 -0.00279618 0.175742 0.984432 0.0525767 0 0 0 1 
4215528470189;0.616608;0.407136;0.909128 0.173188 0.378803 -0.0691864 -0.112105 0.977638 -0.177922 0.530906 -0.401146 0.119288 0.908214 1.76239 0 0 0 1 
4215528470190;0.721491;0.148216;0.997406 0.0687242 0.0214032 -0.593407 -0.0683445 0.9975 -0.017991 0.189639 -0.0225861 0.0164815 0.999609 -0.520914 0 0 0 1 
4215528470191;0.988569;0.29372;0.965223 0.258857 0.0365829 -0.813127 -0.260975 0.962308 0.0765153 1.34148 -0.0153976 -0.0834016 0.996397 1.06077 0 0 0 1 
4215528470192;0.483071;0.226703;0.957094 0.281908 0.067068 -0.614942 -0.27309 0.954896 -0.116597 0.84346 -0.0969126 0.0932786 0.990912 0.258459 0 0 0 1 
4215528470193;1.00219;0.712108;0.993475 -0.0410248 0.106416 0.166811 0.0323629 0.996116 0.0818833 -0.284798 -0.109362 -0.077905 0.990944 1.14129 0 0 0 1 
4215528470194;0.574823;0.291967;0.917712 0.268838 -0.292456 -0.582747 -0.338234 0.914903 -0.220343 1.87132 0.208332 0.30113 0.930547 -1.73679 0 0 0 1 
4215528470195;0.262201;0.203381;0.982786 0.184748 -0.000280048 -0.508549 -0.184613 0.982126 0.0367044 0.857564 0.00705611 -0.0360209 0.999326 0.116148 0 0 0 1 
4215528470196;0.705585;0.231452;0.996912 0.0686765 0.0380676 -0.338518 -0.0720143 0.992903 0.0946441 0.479668 -0.0312976 -0.0970933 0.994783 0.934442 0 0 0 1 
4215528470197;0.958351;0.5632;0.973999 -0.0559711 -0.219529 -0.353814 0.0412267 0.996611 -0.0711824 -0.255471 0.222769 0.0602811 0.973006 -0.469679 0 0 0 1 
4215528470198;0.657229;0.350538;0.991224 0.0390634 -0.126289 0.160959 -0.0324846 0.998026 0.05374 0.34281 0.128139 -0.0491659 0.990537 -0.643611 0 0 0 1 
4215528470199;0.280312;0.3657;0.954905 -0.00495941 0.29687 -0.0873158 -0.0678294 0.969776 0.234379 0.367278 -0.28906 -0.243946 0.925708 1.58922 0 0 0 1 
4215528470200;0.717676;0.229973;0.94619 0.28298 -0.156991 -1.00189 -0.262334 0.95478 0.139916 0.878712 0.189485 -0.0912033 0.977639 -0.453227 0 0 0 1 
4215528470201;0.269494;0.129048;0.998523 -0.015291 0.0521289 -0.141277 0.0162859 0.999692 -0.0187133 0.0794529 -0.0518268 0.0195346 0.998465 0.300493 0 0 0 1 
4215528470202;0.839096;0.660398;0.953872 -0.0698815 0.291966 -0.193533 0.048809 0.995691 0.0788543 -0.247858 -0.296218 -0.0609663 0.953173 0.671846 0 0 0 1 
4215528470203;0.446878;0.360984;0.905534 0.424118 0.0115198 -0.761296 -0.423907 0.905545 -0.0170472 1.98332 -0.0176617 0.0105535 0.999788 0.0878957 0 0 0 1 
4215528470204;0.245546;0.328085;0.999089 -0.0424238 -0.00463186 -0.179924 0.0423261 0.998914 -0.0194751 -0.0974284 0.00545304 0.0192613 0.9998 -0.0807218 0 0 0 1 
4215528470205;0.862633;0.161665;0.999561 0.0296116 -0.000437613 -0.277253 -0.0296104 0.999558 0.00265058 0.0039515 0.000515908 -0.00263646 0.999996 0.834391 0 0 0 1 
4215528470206;0.412937;0.204919;0.977786 0.207146 0.0320314 -0.54695 -0.207437 0.934358 0.289734 0.728761 0.0300884 -0.289942 0.956571 0.289766 0 0 0 1 
4215528470207;0.79837;0.231826;0.998039 0.0598942 -0.0182123 0.138344 -0.0453529 0.892305 0.449149 0.071464 0.0431523 -0.447442 0.893271 0.285266 0 0 0 1 
4215528470208;0.797346;0.460353;0.99733 -0.0595607 0.0422489 -0.235496 0.047903 0.970305 0.237094 -0.087228 -0.0551158 -0.234437 0.970568 1.38959 0 0 0 1 
4215528470209;0.744174;0.196196;0.999663 0.0224231 -0.0130687 -0.296377 -0.0227017 0.999509 -0.0215796 0.278862 0.0125784 0.021869 0.999682 0.570628 0 0 0 1 
4215528470210;0.00963021;0.104078;0.999965 -0.00204203 0.00813591 -0.094101 0.0020528 0.999997 -0.00131535 0.022966 -0.0081332 0.00133201 0.999966 0.00581952 0 0 0 1 
4215528470211;0.575999;0.284916;0.986015 0.141408 -0.0881949 -0.239689 -0.137781 0.989395 0.0459738 0.523615 0.0937607 -0.0331793 0.995042 -0.83122 0 0 0 1 
4215528470212;0.0961837;0.153143;0.999378 -0.0346635 -0.00653159 -0.0662393 0.0334995 0.990687 -0.131977 -0.0805612 0.0110455 0.131676 0.991231 -0.286115 0 0 0 1 
4215528470213;0.289621;0.278049;0.946789 0.139414 -0.290094 -0.361951 -0.220556 0.937457 -0.269312 0.983499 0.234405 0.318964 0.918323 -1.63414 0 0 0 1 
4215528470214;0.573067;0.25508;0.998924 -0.0293739 -0.035878 0.049977 0.0311937 0.998198 0.0512605 -0.103172 0.0343076 -0.0523245 0.998041 -0.579931 0 0 0 1 
4215528470215;0.890995;0.462052;0.999448 -0.032565 0.00652769 -0.11401 0.0326347 0.999408 -0.0108586 -0.0271619 -0.00617022 0.0110656 0.99992 -0.827085 0 0 0 1 
4215528470217;1.22438;0.0810977;0.999817 0.00950145 -0.0165867 0.342637 -0.00985988 0.999717 -0.0216634 0.225794 0.0163761 0.021823 0.999628 -0.965807 0 0 0 1 
4215528470218;0.463441;0.695181;0.999316 0.0245846 -0.027624 -0.362165 -0.0296404 0.97918 -0.200816 0.715229 0.0221119 0.201497 0.979239 -1.36347 0 0 0 1 
4215528470219;1.25639;0.125779;0.990163 -0.0927708 -0.104738 0.552751 0.120917 0.944008 0.306966 -1.88328 0.0703958 -0.316611 0.94594 0.442967 0 0 0 1 
4215528470220;0.864498;0.210323;0.989944 0.0317916 0.137844 -0.166254 -0.0868677 0.905679 0.41497 0.533801 -0.11165 -0.422771 0.899332 3.23525 0 0 0 1 
4215528470221;0.77456;0.985771;0.977251 0.0194547 0.21119 -0.361713 -0.0217996 0.999724 0.0087809 0.0426361 -0.210961 -0.013185 0.977406 2.14784 0 0 0 1 
4215528470222;0.34545;0.078819;0.958087 -0.286471 -0.0020808 1.85045 0.286337 0.957359 0.0384059 -2.85743 -0.00901013 -0.037392 0.99926 0.209001 0 0 0 1 
4215528470223;0.822643;0.12185;0.9231 -0.370852 -0.10176 2.93073 0.363126 0.927688 -0.086797 -3.42556 0.12659 0.0431707 0.991015 -1.94308 0 0 0 1 
4215528470224;0.61224;0.221626;0.998221 -0.0273246 0.0529945 0.238537 0.0350999 0.987781 -0.151842 -0.153741 -0.048198 0.153432 0.986983 -0.0565565 0 0 0 1 
4215528470225;0.96443;0.132704;0.999292 0.0233743 0.0294733 -0.293524 -0.0229172 0.999613 -0.0157537 0.741222 -0.0298301 0.0150671 0.999441 -0.00962075 0 0 0 1 
4215528470226;1.60186;0.144375;0.993553 -0.0777973 -0.0824637 0.359617 0.104942 0.906331 0.409331 -1.11044 0.0428946 -0.415346 0.908652 2.7066 0 0 0 1 
4215528470227;0.62327;0.128255;0.991155 0.0610594 0.117832 -0.402389 -0.0516293 0.995336 -0.0814892 0.705606 -0.122258 0.0746848 0.989684 0.560819 0 0 0 1 
4215528470228;0.76285;0.147853;0.949174 -0.133844 -0.284877 1.75193 0.160241 0.984495 0.0713554 -1.41769 0.270909 -0.113378 0.955905 -2.0956 0 0 0 1 
4215528470229;0.828483;0.181417;0.934754 -0.00574296 -0.355249 0.891876 -0.0176062 0.997892 -0.0624584 0.433573 0.354859 0.0646378 0.932683 -4.07937 0 0 0 1 
4215528470230;1.52282;0.303047;0.999988 -0.00470744 -0.000986484 -0.487349 0.00471251 0.999975 0.00520378 0.518767 0.000961963 -0.00520837 0.999986 -0.0811175 0 0 0 1 
4215528470231;1.36079;0.74148;0.950949 0.0716268 -0.30094 0.902553 -0.0668541 0.99742 0.0261419 0.921483 0.302036 -0.00474057 0.953285 -3.18354 0 0 0 1 
4215528470232;1.01124;0.188513;0.992413 0.0641398 0.104894 -0.462905 -0.0690118 0.996667 0.0434933 0.409801 -0.101754 -0.0504022 0.993532 0.849114 0 0 0 1 
4215528470233;0.360528;0.0477435;0.999662 -0.0238289 -0.0103725 0.162739 0.0239592 0.999633 0.0126204 -0.429592 0.0100679 -0.0128647 0.999867 0.101209 0 0 0 1 
4215528470234;0.247697;0.228351;0.999868 -0.0162433 -0.00055997 0.0842194 0.0162444 0.999866 0.00214184 -0.200808 0.000525105 -0.00215065 0.999998 -0.0327948 0 0 0 1 
4215528470235;1.12906;0.188414;0.918373 -0.361459 -0.161054 3.12655 0.321532 0.918853 -0.228752 -2.1799 0.230669 0.158295 0.96007 -3.21506 0 0 0 1 
4215528470236;0.421865;0.268402;0.9794 0.199785 -0.0293381 -0.825181 -0.182831 0.939044 0.29115 1.87766 0.0857172 -0.279789 0.956227 0.542145 0 0 0 1 
4215528470237;1.6174;1.24963;0.998746 0.0480882 -0.0139419 -0.566625 -0.0480893 0.998843 0.000254349 0.474 0.013938 0.000416425 0.999903 0.530991 0 0 0 1 
4215528470238;1.42655;0.138026;0.972134 -0.104109 0.210041 0.285446 0.131768 0.98371 -0.122276 -1.5635 -0.193889 0.146546 0.970016 2.0419 0 0 0 1 
4215528470239;1.23487;0.734146;0.990582 0.0782878 -0.112332 -0.672097 -0.0751972 0.996671 0.0314975 0.863944 0.114424 -0.0227538 0.993171 -0.509124 0 0 0 1 
4215528470240;1.31981;0.161551;0.961089 -0.27429 0.0327604 1.54377 0.274006 0.961641 0.0129501 -2.90839 -0.0350559 -0.00346967 0.999379 1.0832 0 0 0 1 
4215528470241;0.144224;0.0486639;0.993697 -0.0672925 0.0896502 0.264472 0.0730983 0.995325 -0.0631315 -0.669269 -0.0849828 0.0692869 0.99397 0.47262 0 0 0 1 
4215528470242;0.341886;0.088965;0.987608 -0.147679 0.0531076 0.874461 0.152446 0.983127 -0.101106 -1.51971 -0.0372802 0.107949 0.993457 -0.285234 0 0 0 1 
4215528470243;0.806737;0.186001;0.995386 -0.0894615 0.0346986 0.319814 0.091389 0.994087 -0.0586407 -0.506437 -0.0292473 0.0615412 0.997676 -0.131503 0 0 0 1 
4215528470244;0.044198;0.0499239;0.999649 0.0262945 0.00316121 -0.136065 -0.0263009 0.999652 0.00201135 0.260014 -0.00310723 -0.00209378 0.999993 0.0116623 0 0 0 1 
4215528470245;1.65415;0.275106;0.997081 0.0763247 0.0022271 -0.462267 -0.0757883 0.992785 -0.0929215 1.45801 -0.00930324 0.0924815 0.995671 -1.26028 0 0 0 1 
4215528470246;0.359411;0.0838443;0.920946 -0.385702 0.0556075 2.71678 0.385572 0.922579 0.0134853 -3.69358 -0.0565037 0.00902147 0.998362 0.536682 0 0 0 1 
4215528470248;1.05013;0.839717;0.991956 0.0498044 -0.116376 -0.418866 -0.054183 0.997926 -0.0347677 0.542669 0.114403 0.0407936 0.992596 -0.618598 0 0 0 1 
4215528470249;0.429566;0.150817;0.974801 -0.047093 0.218047 0.0900871 -0.0162738 0.959845 0.280058 0.0504941 -0.22248 -0.276549 0.934892 2.72666 0 0 0 1 
4215528470250;0.0803374;0.181073;0.9981 0.0608509 -0.00968085 -0.390835 -0.0599956 0.995576 0.0723162 0.286203 0.0140385 -0.071598 0.997335 0.149071 0 0 0 1 
4215528470251;0.907231;0.155782;0.990551 -0.0929116 0.100875 -0.393286 0.0846866 0.992947 0.0829728 -0.136671 -0.107873 -0.073646 0.991433 0.686814 0 0 0 1 
4215528470252;0.54782;0.131952;0.999725 0.0227527 -0.00570082 -0.145801 -0.0226303 0.99953 0.0206921 0.0450661 0.00616894 -0.0205574 0.99977 -0.515994 0 0 0 1 
4215528470253;0.780027;0.704829;0.972281 0.0712735 -0.22269 -0.104681 -0.0679808 0.997435 0.022427 0.55941 0.223717 -0.00666668 0.974631 -1.40389 0 0 0 1 
4215528470254;0.503441;0.328121;0.968825 0.0659985 0.238793 -0.433133 -0.106408 0.981283 0.160505 0.306573 -0.223731 -0.180911 0.957714 1.55369 0 0 0 1 
4215528470255;0.683372;0.153427;0.990269 0.112065 0.082521 -0.758195 -0.103878 0.98979 -0.0975952 0.156589 -0.0926155 0.0880734 0.991799 0.455292 0 0 0 1 
4215528470256;0.928983;0.377686;0.995781 0.0761477 -0.0512072 -0.669769 -0.0747526 0.996791 0.0286315 0.568933 0.0532231 -0.0246829 0.998278 0.41346 0 0 0 1 
4215528470257;0.749547;0.410985;0.992276 -0.0967075 -0.0776886 0.251383 0.0810188 0.979493 -0.184471 -0.30976 0.0939352 0.176752 0.979763 -1.91042 0 0 0 1 
4215528470258;0.0650151;0.156554;0.999733 -0.0216563 0.0080781 -0.0697074 0.021698 0.999752 -0.00510606 -0.158674 -0.00796551 0.00527997 0.999954 -0.0569442 0 0 0 1 
4215528470259;0.534376;0.43034;0.996321 -0.060319 0.0608751 -0.0125812 0.0616997 0.997873 -0.0210597 -0.437003 -0.0594753 0.0247382 0.997923 0.545866 0 0 0 1 
4215528470260;0.97684;0.33805;0.996738 -0.0743081 0.0314753 0.610027 0.0777548 0.988707 -0.128109 -0.694484 -0.0216004 0.130138 0.991261 0.151953 0 0 0 1 
4215528470261;0.793001;0.52313;0.986777 0.157935 0.0364251 -0.712731 -0.160848 0.98189 0.100098 0.95352 -0.0199566 -0.104633 0.994311 1.03179 0 0 0 1 
