#;prob_registration_l1 -r /home/probabilistic_point_clouds_registration/build/tester /home/point_clouds_registration_benchmark//devel/registration_pairs/planetary_map_local.txt /home/point_clouds_registration_benchmark//planetary/p2at_met -s 0.2 -t 0.2 -p 0.3 -r 1000 -m 25 -i 40 
id;initial_error;final_error;transformation
25528382210000;2.8561;0.369654;0.99692 -0.0781326 -0.00672126 -4.67032 0.0782884 0.996555 0.0273632 -1.936 0.00456015 -0.0278051 0.999603 0.701488 0 0 0 1 
25528382210001;2.11331;1.01381;0.999435 -0.0313849 -0.0120622 -2.05439 0.0329819 0.98484 0.170298 -1.59701 0.00653451 -0.1706 0.985319 -9.31368 0 0 0 1 
25528382210002;1.70145;1.24193;0.976738 0.0535823 0.207632 3.47912 0.00347438 0.964196 -0.265168 -2.33389 -0.214406 0.259722 0.941581 14.4325 0 0 0 1 
25528382210003;1.37022;0.268597;0.999995 -0.000906829 0.00294879 -0.633956 0.00088722 0.999978 0.00664417 0.0774351 -0.00295475 -0.00664152 0.999974 0.769938 0 0 0 1 
25528382210004;1.75339;1.30931;0.966603 -0.035657 0.253787 -1.46049 0.00409857 0.992298 0.123807 -0.153188 -0.256247 -0.118632 0.959304 -5.47852 0 0 0 1 
25528382210005;0.735848;0.746534;0.994847 0.02199 0.0989704 1.31408 0.0101856 0.949577 -0.31337 -2.5538 -0.100871 0.312763 0.94446 16.6763 0 0 0 1 
25528382210006;1.57164;0.457139;0.996635 -0.0436666 -0.0693616 -2.57296 0.0428402 0.998993 -0.013359 -0.361197 0.0698751 0.0103426 0.997502 -1.50478 0 0 0 1 
25528382210007;1.73822;1.22688;0.999946 -0.00774188 -0.00692275 0.0995827 0.00739269 0.998766 -0.049119 -0.660092 0.00729448 0.0490652 0.998769 1.96651 0 0 0 1 
25528382210008;0.906109;0.961188;0.994951 0.038944 0.0925003 2.33178 -0.0389797 0.999239 -0.00142122 0.363224 -0.0924853 -0.00219159 0.995712 0.406155 0 0 0 1 
25528382210009;0.490985;0.217314;0.970618 0.0669311 -0.23113 3.10046 -0.0433732 0.993468 0.105547 0.505065 0.236685 -0.0924213 0.967181 -6.20089 0 0 0 1 
25528382210010;2.17163;1.11521;0.991027 -0.0756259 -0.110208 -3.56235 0.020154 0.899661 -0.436124 -5.09898 0.132132 0.42999 0.893112 18.4421 0 0 0 1 
25528382210011;2.42393;0.655526;0.999684 -0.02298 -0.0102144 -2.1989 0.0241828 0.989892 0.13975 0.34089 0.00689969 -0.139952 0.990134 -8.64294 0 0 0 1 
25528382210012;1.04957;0.413051;0.997061 -0.0388541 -0.0660255 -1.91869 0.0350697 0.997727 -0.0575418 -1.08583 0.0681111 0.0550572 0.996157 2.92229 0 0 0 1 
25528382210013;1.47687;1.17535;0.999882 -0.0150872 0.00303265 -0.702399 0.015063 0.999856 0.00783619 -0.0361848 -0.00315044 -0.00778958 0.999965 0.271648 0 0 0 1 
25528382210014;2.77484;1.80605;0.979967 0.0259919 0.197459 2.34753 -0.092465 0.937495 0.33549 -2.34114 -0.176396 -0.347027 0.921117 -15.2273 0 0 0 1 
25528382210015;1.8346;1.86311;0.997336 0.023551 0.0690406 1.17881 -0.0183979 0.997063 -0.0743465 0.243241 -0.0705888 0.0728782 0.99484 4.73077 0 0 0 1 
25528382210016;0.567147;0.665432;0.993229 -0.0247972 -0.113498 -1.51156 0.0436016 0.985105 0.166334 -1.38275 0.107682 -0.170156 0.979516 -9.72415 0 0 0 1 
25528382210017;2.04883;1.40798;0.951226 -0.0121748 -0.308254 -1.41336 0.0772621 0.976777 0.199841 -2.07877 0.298662 -0.21391 0.930077 -11.4532 0 0 0 1 
25528382210018;2.95759;1.21156;0.99977 0.0154622 -0.0148557 -0.270075 -0.00857817 0.923384 0.383782 -2.12997 0.0196516 -0.383566 0.923304 -17.4207 0 0 0 1 
25528382210019;2.21355;1.77027;0.995212 0.0340982 0.0916004 2.10053 -0.0330859 0.999374 -0.012547 0.453586 -0.0919709 0.00945619 0.995717 0.232353 0 0 0 1 
25528382210020;0.308749;0.657662;0.977258 -0.087753 0.193046 -4.39576 0.12986 0.967346 -0.217665 -3.33686 -0.167642 0.237783 0.956742 12.8274 0 0 0 1 
25528382210021;1.80312;1.2453;0.999136 0.0407818 -0.00805237 2.24919 -0.0403127 0.997849 0.0516914 0.0221443 0.0101431 -0.0513221 0.998631 -1.77591 0 0 0 1 
25528382210022;2.94324;1.99034;0.870617 -0.0306086 -0.491008 -1.91502 -0.000469245 0.99801 -0.0630462 0.585775 0.491961 0.0551195 0.868871 -0.216772 0 0 0 1 
25528382210023;1.21687;0.564538;0.889587 -0.0367684 -0.455284 -2.16245 -0.00352769 0.996172 -0.0873429 -0.0710552 0.456753 0.0793052 0.886052 0.150402 0 0 0 1 
25528382210024;1.44022;1.12595;0.997026 -0.0626756 0.0448543 -3.66051 0.0636643 0.997751 -0.0209633 -1.0075 -0.0434396 0.0237565 0.998774 0.90282 0 0 0 1 
25528382210025;2.35204;1.91284;0.999975 -0.00361705 -0.00613154 0.346212 0.00367702 0.999945 0.00979898 -0.214444 0.00609576 -0.00982127 0.999933 -0.656658 0 0 0 1 
25528382210026;1.69358;0.321563;0.997523 0.0216878 0.0669132 0.938435 -0.022594 0.999663 0.0128159 0.633161 -0.0666127 -0.014296 0.997676 -1.8011 0 0 0 1 
25528382210027;2.42888;1.05794;0.996787 -0.0453612 0.0660203 -2.97165 0.0461142 0.998887 -0.00992518 -0.616641 -0.0654966 0.0129378 0.997769 2.66759 0 0 0 1 
25528382210028;0.814222;0.363772;0.969007 0.0257385 -0.245688 1.47151 -0.0463855 0.995825 -0.0786233 0.402427 0.242638 0.0875829 0.966155 1.94713 0 0 0 1 
25528382210029;0.390701;0.636953;0.972947 -0.10078 -0.207889 -5.50133 0.0375672 0.956877 -0.288053 -3.1392 0.227954 0.272451 0.934777 11.7444 0 0 0 1 
25528382210031;1.54457;0.813475;0.999138 0.0381541 -0.0163315 0.910846 -0.0373028 0.998073 0.0495954 -0.00646308 0.0181923 -0.0489434 0.998636 -3.14528 0 0 0 1 
25528382210032;0.49374;0.127833;0.998844 0.0478098 0.00490002 1.00159 -0.0480531 0.991723 0.119066 0.241001 0.000833075 -0.119164 0.992874 -3.64339 0 0 0 1 
25528382210033;0.496545;0.617967;0.997607 0.0292084 0.0626738 0.592467 -0.0301714 0.99944 0.0144752 0.0630172 -0.0622159 -0.0163315 0.997929 -0.468727 0 0 0 1 
25528382210034;1.67751;1.56645;0.99957 0.0116172 -0.0269149 0.159518 -0.0142944 0.994731 -0.101514 -0.15252 0.0255937 0.101856 0.99447 1.80518 0 0 0 1 
25528382210035;1.14274;0.713996;0.996562 0.037735 -0.0737629 0.91276 -0.0341656 0.998211 0.0490679 0.163857 0.0754826 -0.046379 0.996068 -3.2872 0 0 0 1 
25528382210036;0.657758;0.350406;0.997638 0.0383678 0.0569853 0.891574 -0.0449436 0.991876 0.119001 0.399389 -0.0519566 -0.121281 0.991257 -2.73046 0 0 0 1 
25528382210037;0.42747;0.598909;0.943938 0.0484719 -0.326546 1.24577 -0.0268284 0.997154 0.0704636 0.0428064 0.329032 -0.0577526 0.942551 -5.06663 0 0 0 1 
25528382210038;2.16463;1.37874;0.994742 -0.0284958 -0.0983656 -0.970873 0.0253063 0.999118 -0.0335218 -0.573505 0.099234 0.0308563 0.994586 1.67316 0 0 0 1 
25528382210039;1.45509;1.1868;0.999791 -0.000164453 0.0204491 -0.0674259 -0.000974852 0.998448 0.0556917 -0.0742799 -0.0204265 -0.0557 0.998239 -0.823252 0 0 0 1 
25528382210040;1.05221;1.07015;0.995225 -0.0362773 -0.090614 -1.07671 0.0320057 0.998327 -0.048157 -0.410626 0.0922094 0.0450269 0.994721 0.317604 0 0 0 1 
25528382210041;1.71424;0.867736;0.910093 -0.0384817 0.412614 0.159293 0.00936088 0.997334 0.0723674 -0.0600685 -0.414299 -0.0619986 0.908027 3.25748 0 0 0 1 
25528382210042;0.574012;0.437077;0.989316 0.0288501 0.142907 0.540115 0.0205601 0.942819 -0.33267 -2.34703 -0.144333 0.332054 0.932153 11.6651 0 0 0 1 
25528382210043;0.513876;0.193166;0.999807 -0.0195982 -0.00113362 -0.280418 0.0194114 0.978362 0.205987 -0.667971 -0.00292789 -0.205969 0.978554 -6.75302 0 0 0 1 
25528382210044;0.355334;0.443129;0.911554 0.0145264 0.410924 1.25767 -0.0679345 0.990962 0.115668 0.252171 -0.40553 -0.133354 0.904302 -0.782753 0 0 0 1 
25528382210045;1.15928;0.90443;0.99903 0.0265525 -0.0351145 0.431446 -0.0281297 0.998581 -0.0452137 0.183222 0.0338642 0.0461577 0.99836 0.815434 0 0 0 1 
25528382210046;2.5411;0.674826;0.995256 0.0190954 0.0953966 0.429809 -0.0556074 0.916246 0.396739 -2.82353 -0.0798308 -0.400161 0.912961 -13.8663 0 0 0 1 
25528382210047;2.63214;2.21665;0.961773 -0.068615 -0.265111 -2.40999 -0.0298067 0.93612 -0.350416 -2.2686 0.27222 0.344922 0.89829 8.95556 0 0 0 1 
25528382210048;0.0550198;0.244284;0.999577 0.0201325 -0.0209792 0.348449 -0.0204544 0.999675 -0.0152403 0.120115 0.0206655 0.015663 0.999664 0.217141 0 0 0 1 
25528382210049;0.624254;0.429288;0.997174 0.0540196 0.0522162 1.24698 -0.0637345 0.97622 0.207203 0.237343 -0.0397814 -0.209946 0.976903 -5.72746 0 0 0 1 
25528382210050;1.7141;0.262107;0.999587 0.016475 0.0235335 0.148518 -0.0152996 0.998668 -0.0492812 0.149571 -0.024314 0.0489008 0.998508 3.53046 0 0 0 1 
25528382210051;0.731618;0.894405;0.99878 0.0202828 -0.0450298 0.334126 -0.0162445 0.995961 0.0883014 -0.0372552 0.0466389 -0.0874621 0.995075 -3.12195 0 0 0 1 
25528382210052;0.501673;0.537907;0.94412 0.00573392 -0.329553 0.760172 0.0329614 0.993194 0.11171 -0.318403 0.327951 -0.11633 0.937505 -6.36628 0 0 0 1 
25528382210053;0.245766;0.326062;0.996449 0.00396639 0.0841049 0.0705489 0.00831695 0.989368 -0.145195 -0.569129 -0.0837867 0.145379 0.985822 5.04639 0 0 0 1 
25528382210054;2.27774;1.4426;0.997532 -0.0399597 0.0577265 -0.87368 0.04238 0.998246 -0.0413296 -0.208105 -0.0559737 0.0436741 0.997477 3.28125 0 0 0 1 
25528382210055;0.613367;0.958938;0.996561 0.0390446 -0.0730815 0.684647 -0.0367139 0.998782 0.0329692 0.122658 0.0742798 -0.0301728 0.996781 -1.48517 0 0 0 1 
25528382210056;2.21606;1.81753;0.992426 0.0590923 -0.1077 1.5944 -0.0351273 0.976605 0.212151 -0.365346 0.117717 -0.206761 0.971284 -8.24127 0 0 0 1 
25528382210057;2.17431;1.73217;0.999843 -0.00537137 -0.0169148 -0.562545 0.00471697 0.999248 -0.0384929 -0.409291 0.0171089 0.038407 0.999116 1.70192 0 0 0 1 
25528382210058;0.777574;0.381757;0.944004 0.0839769 -0.319069 2.24111 0.0412918 0.929392 0.366777 -2.2792 0.327341 -0.359414 0.873882 -13.821 0 0 0 1 
25528382210059;0.655634;0.568151;0.997745 0.0507521 -0.0439306 1.16836 -0.0463675 0.994335 0.0956429 0.223197 0.0485358 -0.0933902 0.994446 -4.03334 0 0 0 1 
25528382210060;1.3379;0.604186;0.943186 -0.0711927 -0.324547 -1.99753 0.00289232 0.978498 -0.206238 -0.952151 0.332251 0.193582 0.923112 4.33064 0 0 0 1 
25528382210062;1.314;0.775979;0.996181 0.0148981 -0.0860364 0.899587 -0.0106237 0.998696 0.0499271 0.207198 0.086668 -0.0488224 0.99504 -2.06987 0 0 0 1 
25528382210063;2.15505;1.46756;0.999976 -0.00617972 -0.00320613 -0.304958 0.00600535 0.998639 -0.05181 0.125776 0.00352194 0.0517895 0.998652 3.151 0 0 0 1 
25528382210064;0.553066;0.509545;0.984753 0.00541617 0.173873 0.614658 0.0209973 0.988507 -0.149713 -0.736294 -0.172686 0.151081 0.973321 10.0562 0 0 0 1 
25528382210065;1.61508;0.741798;0.994491 0.0334004 -0.0993598 2.66501 -0.0159978 0.985135 0.171038 -0.913405 0.103596 -0.168506 0.980242 -12.4249 0 0 0 1 
25528382210066;1.78743;0.967728;0.99998 -0.00158057 0.00616892 -0.201138 0.00143622 0.999727 0.0233343 0.0868233 -0.00620412 -0.0233249 0.999709 -0.736906 0 0 0 1 
25528382210067;0.672032;0.537327;0.993524 -0.019329 -0.111964 -2.52502 0.0088932 0.995629 -0.0929671 -0.50128 0.113271 0.0913693 0.989354 11.9462 0 0 0 1 
25528382210068;1.84994;0.519381;0.997864 0.0102884 -0.0645121 0.371732 -0.0070283 0.998696 0.0505589 0.388882 0.0649482 -0.0499974 0.996635 -1.5755 0 0 0 1 
25528382210069;2.23987;0.304047;0.980967 -0.0329355 -0.191361 -3.25769 -0.0126413 0.972587 -0.232197 -2.59127 0.193762 0.230196 0.953659 25.0131 0 0 0 1 
25528382210070;2.2156;0.864747;0.999915 -0.00389005 -0.0124467 -0.72166 0.00394213 0.999984 0.00416303 0.173355 0.0124303 -0.00421174 0.999914 2.24972 0 0 0 1 
25528382210071;1.44584;1.3353;0.998993 -0.0448465 0.00102094 -4.42692 0.0404443 0.890619 -0.452949 -10.4864 0.0194039 0.452534 0.891536 44.4541 0 0 0 1 
25528382210072;1.6175;1.35887;0.998241 -0.0389121 -0.0447338 -4.11808 0.020368 0.933644 -0.357624 -6.78295 0.0556813 0.356084 0.932794 36.9233 0 0 0 1 
25528382210073;2.148;0.34774;0.998993 0.0203872 -0.0399598 1.60351 -0.0185027 0.998725 0.0469763 0.0663178 0.0408665 -0.0461897 0.998096 -1.14767 0 0 0 1 
25528382210074;1.21241;0.592215;0.991658 -0.00796558 0.128653 -0.341057 0.00571411 0.999824 0.01786 0.326524 -0.128772 -0.0169759 0.991529 -6.49874 0 0 0 1 
25528382210075;0.469924;0.223898;0.967276 -0.0202601 -0.252916 -3.38974 -0.021356 0.986769 -0.160722 -2.04803 0.252826 0.160864 0.954045 21.6283 0 0 0 1 
25528382210076;1.94829;1.26512;0.999875 0.00357975 -0.0154134 0.0364891 -0.00233822 0.996806 0.0798262 0.212709 0.0156499 -0.0797802 0.99669 -5.60608 0 0 0 1 
25528382210077;1.55351;0.782027;0.999814 0.0132363 -0.0140384 1.46043 -0.0123008 0.997826 0.0647511 -0.0480173 0.014865 -0.0645663 0.997803 -7.92105 0 0 0 1 
25528382210078;1.78754;1.37509;0.999828 0.0040524 0.0181162 0.37757 -0.0046421 0.999457 0.0326284 0.118852 -0.0179741 -0.0327069 0.999303 -2.76612 0 0 0 1 
25528382210079;0.52952;0.460313;0.966042 -0.0207195 -0.257553 -3.54031 -0.00690536 0.994353 -0.105894 -0.898521 0.258293 0.104077 0.960444 16.3183 0 0 0 1 
25528382210080;0.579865;0.176113;0.999937 0.00121221 -0.0111318 0.0291986 -0.00121288 0.999999 -5.35193e-05 0.0442314 0.0111317 6.70175e-05 0.999938 0.861145 0 0 0 1 
25528382210081;1.6725;1.7116;0.999675 -0.00843433 0.0240399 -0.830025 0.0100457 0.997654 -0.0677146 0.0344627 -0.0234124 0.0679341 0.997415 5.92414 0 0 0 1 
25528382210082;1.80785;0.180404;0.960259 -0.0112534 0.278884 -0.716666 -0.0287839 0.989867 0.139052 -0.921144 -0.277623 -0.141553 0.950204 -19.204 0 0 0 1 
25528382210083;0.928935;0.392922;0.981293 -0.0338359 -0.189523 -4.53644 -0.00611834 0.978456 -0.206365 -2.84562 0.192422 0.203664 0.959945 25.8526 0 0 0 1 
25528382210084;1.83208;1.42074;0.99869 -0.0206649 -0.0468052 -2.14019 0.0144505 0.991485 -0.129418 -0.714867 0.0490811 0.128572 0.990485 12.4042 0 0 0 1 
25528382210085;0.401662;0.394962;0.993793 0.0572953 -0.0953532 5.38682 -0.025886 0.952739 0.302686 -4.22145 0.108189 -0.298339 0.948308 -27.5389 0 0 0 1 
25528382210086;1.45129;0.813502;0.996611 0.0117646 -0.0814071 0.945809 -0.0139092 0.99957 -0.0258276 0.0791325 0.0810682 0.0268724 0.996346 5.48219 0 0 0 1 
25528382210087;0.345605;0.157199;0.939326 -0.00980667 0.342884 -1.45365 0.0392061 0.99611 -0.0789153 0.421184 -0.340777 0.0875704 0.936057 0.0881144 0 0 0 1 
25528382210088;0.167837;0.116559;0.999878 -0.0108239 -0.0112761 -1.1805 0.0108437 0.99994 0.00169258 0.399116 0.0112571 -0.00181464 0.999935 -0.20497 0 0 0 1 
25528382210089;1.83562;1.79365;0.9999 -0.00436854 0.0134512 -0.405899 0.00480536 0.999456 -0.0326154 0.0872738 -0.0133014 0.0326768 0.999377 2.52968 0 0 0 1 
25528382210090;2.15758;0.175006;0.999978 0.00425392 -0.00517235 0.208652 -0.00439715 0.999598 -0.0280021 -0.176507 0.00505115 0.0280243 0.999594 5.47201 0 0 0 1 
25528382210091;0.893388;0.528288;0.999872 -0.0128515 0.00950419 -1.30582 0.0139217 0.992336 -0.12278 -0.75033 -0.00785345 0.122896 0.992388 12.6497 0 0 0 1 
25528382210093;1.89713;0.183452;0.978835 0.0326087 -0.202038 -1.0817 -0.0110034 0.994182 0.107151 -0.251227 0.204356 -0.10266 0.973499 4.33646 0 0 0 1 
25528382210094;0.825331;0.203331;0.997959 0.020667 -0.0604145 -0.0983135 0.000195008 0.945179 0.326554 0.463284 0.0638514 -0.325899 0.943246 -1.93092 0 0 0 1 
25528382210095;0.858473;0.742726;0.956438 0.10925 0.270721 0.637098 -0.144176 0.983122 0.112621 -2.23013 -0.253848 -0.146747 0.956047 -4.34058 0 0 0 1 
25528382210096;0.8797;0.316082;0.943459 0.119122 0.309347 0.919916 -0.224831 0.9157 0.333084 -3.73903 -0.243592 -0.383801 0.890707 -7.03022 0 0 0 1 
25528382210097;2.1961;0.255211;0.993244 0.0658174 0.0955734 0.396084 -0.0741465 0.993499 0.0863843 -2.56693 -0.0892665 -0.0928871 0.991667 -3.22327 0 0 0 1 
25528382210098;1.08082;0.188629;0.9996 0.0281793 0.00230157 0.402547 -0.0279795 0.997638 -0.0627357 -1.225 -0.00406398 0.0626462 0.998028 -0.288991 0 0 0 1 
25528382210099;0.565162;0.281805;0.94759 -0.049503 -0.315631 -1.95414 0.0103346 0.992156 -0.124581 0.0716556 0.319322 0.11479 0.940668 5.84696 0 0 0 1 
25528382210100;1.81678;1.77538;0.993768 0.103476 0.0414531 1.15667 -0.110786 0.957979 0.26458 -1.60137 -0.0123335 -0.267523 0.963472 -1.76705 0 0 0 1 
25528382210101;0.708323;0.41073;0.997644 -0.0608388 -0.0316972 -0.663268 0.0595834 0.997455 -0.0391487 1.05951 0.0339983 0.0371678 0.998731 1.2921 0 0 0 1 
25528382210102;2.25601;1.46012;0.997413 0.0190275 -0.0693219 0.025079 -0.0254007 0.995412 -0.0922485 -1.0592 0.0672485 0.0937707 0.99332 0.434929 0 0 0 1 
25528382210103;0.72475;0.426879;0.99556 0.09376 -0.0083541 0.840179 -0.0928112 0.992535 0.0791237 -1.41386 0.0157104 -0.077997 0.99683 0.432246 0 0 0 1 
25528382210104;2.73972;1.40254;0.988741 0.082619 -0.124765 0.100068 -0.047639 0.964178 0.260945 0.0973933 0.141855 -0.252063 0.957257 2.65651 0 0 0 1 
25528382210105;1.37462;0.168784;0.98506 0.0549023 0.163228 0.522157 0.0291424 0.881009 -0.472201 -2.12655 -0.16973 0.469903 0.866246 -0.773013 0 0 0 1 
25528382210106;1.98093;0.124323;0.994673 -0.0425305 -0.0938969 -0.165568 0.00484441 0.929195 -0.369559 -0.52019 0.102966 0.367136 0.924451 2.0298 0 0 0 1 
25528382210107;2.7132;1.86799;0.999389 0.012993 0.0324571 0.0824336 -0.0149089 0.998117 0.0595039 -0.216547 -0.0316228 -0.0599514 0.9977 -2.52803 0 0 0 1 
25528382210108;2.24596;1.12425;0.981428 0.0417413 -0.187237 0.234329 -0.037219 0.998926 0.0276052 -1.25905 0.188188 -0.0201238 0.981927 1.73214 0 0 0 1 
25528382210109;1.35089;0.22312;0.996896 0.0234288 0.0751677 0.626812 -0.0161435 0.99524 -0.0961034 -0.399725 -0.0770615 0.0945916 0.992529 -1.7564 0 0 0 1 
25528382210110;1.54595;0.851016;0.996844 0.0712886 -0.0349273 0.183303 -0.0455653 0.874093 0.483616 0.266642 0.065006 -0.480498 0.874583 -2.03881 0 0 0 1 
25528382210111;0.364366;0.23376;0.985166 -0.00943007 -0.171347 -0.79863 0.00178841 0.998999 -0.0446973 -0.1437 0.171597 0.0437278 0.984196 3.27273 0 0 0 1 
25528382210112;2.44837;2.32094;0.994165 0.0197545 0.10605 0.103431 -0.0405726 0.979379 0.197914 0.25621 -0.099953 -0.201062 0.974466 -1.1325 0 0 0 1 
25528382210113;0.357128;0.380151;0.99431 0.103938 0.0233221 0.827361 -0.105325 0.992019 0.0693185 -1.80844 -0.0159311 -0.0713805 0.997322 -0.292955 0 0 0 1 
25528382210114;2.52967;0.673187;0.948515 -0.0192652 0.316145 -0.786445 0.119231 0.946443 -0.300049 1.151 -0.293433 0.322295 0.900013 -4.78403 0 0 0 1 
25528382210115;1.99023;0.283152;0.997901 -0.00796647 -0.0642694 -0.593655 0.00887067 0.999865 0.0137958 0.337791 0.0641508 -0.014337 0.997837 2.98144 0 0 0 1 
25528382210116;0.274109;0.226063;0.998383 0.00692629 -0.05643 -0.225318 0.00726873 0.968855 0.24752 0.546981 0.0563869 -0.24753 0.967238 -0.580622 0 0 0 1 
25528382210117;0.456139;0.286954;0.968613 0.0857635 0.233309 0.654986 -0.129755 0.975019 0.180283 -1.98977 -0.212019 -0.204898 0.955544 -4.73427 0 0 0 1 
25528382210118;1.00279;0.167608;0.998513 0.000877774 0.0545015 0.0646339 -0.00171184 0.999882 0.0152587 -0.0646443 -0.0544817 -0.0153293 0.998397 -1.83474 0 0 0 1 
25528382210119;1.53716;0.791839;0.99372 0.0473612 0.101377 0.105197 -0.0255876 0.978181 -0.206171 -1.73291 -0.108929 0.202282 0.97325 0.246937 0 0 0 1 
25528382210120;1.16367;0.493858;0.99964 0.0111335 0.0243968 0.181537 -0.0116762 0.999685 0.0222151 0.264876 -0.0241418 -0.022492 0.999455 0.394892 0 0 0 1 
25528382210121;1.92017;0.414745;0.999258 -0.0375901 0.00843887 -0.163716 0.0362558 0.991622 0.123979 2.09737 -0.0130286 -0.123581 0.992249 -1.87326 0 0 0 1 
25528382210122;1.42171;0.451485;0.994392 0.0450221 -0.0956977 0.228877 -0.0485486 0.998213 -0.0348459 -0.731322 0.0939578 0.0392964 0.9948 0.435129 0 0 0 1 
25528382210124;1.41534;0.483168;0.999596 0.0251695 -0.0131747 2.03511 -0.02448 0.998444 0.0501067 -0.464769 0.0144153 -0.0497639 0.998657 -5.4739 0 0 0 1 
25528382210125;0.633729;0.281499;0.991761 -0.0409437 -0.121383 -3.40513 0.0236747 0.989806 -0.140438 -0.960252 0.125896 0.136407 0.982621 12.0029 0 0 0 1 
25528382210126;0.445145;0.252061;0.95152 0.00462085 -0.307551 -0.483866 0.0028126 0.999715 0.0237222 -0.0162518 0.307573 -0.0234372 0.951236 -0.164962 0 0 0 1 
25528382210127;0.670288;0.720641;0.998153 -0.0159846 -0.0586037 -1.19177 0.0124389 0.998098 -0.0603767 -0.139841 0.0594574 0.0595362 0.996454 5.20651 0 0 0 1 
25528382210128;2.24311;1.71536;0.999887 -0.0150555 0.000214342 -0.864359 0.0150568 0.999703 -0.0191758 -0.0144036 7.4423e-05 0.0191769 0.999816 -0.443467 0 0 0 1 
25528382210129;1.80511;1.44122;0.985735 0.0137894 0.167738 1.331 -0.0154081 0.999846 0.00835287 0.20066 -0.167597 -0.0108182 0.985796 -0.468921 0 0 0 1 
25528382210130;0.986557;0.224114;0.998939 0.0139496 0.0438968 1.15759 -0.0173513 0.996795 0.0780928 0.0686337 -0.0426667 -0.0787716 0.995979 -5.33662 0 0 0 1 
25528382210131;2.11864;1.8863;0.983678 -0.102277 -0.148045 -8.17833 0.0274779 0.898486 -0.438142 -8.30345 0.177828 0.426922 0.886631 34.0808 0 0 0 1 
25528382210132;0.163045;0.17915;0.999811 0.0153377 -0.0119712 1.08213 -0.0157217 0.999343 -0.0326691 -0.15706 0.0114623 0.0328511 0.999395 2.45781 0 0 0 1 
25528382210133;1.8377;0.877199;0.999768 -0.0134313 -0.0168677 -1.32089 0.0133028 0.999882 -0.00770674 0.176757 0.0169692 0.00748056 0.999828 2.60967 0 0 0 1 
25528382210134;1.18998;0.862677;0.999985 -0.00540881 -0.000251336 -0.524087 0.00539855 0.999515 -0.0306743 -0.0635376 0.000417125 0.0306725 0.999529 3.30565 0 0 0 1 
25528382210135;0.879278;0.618268;0.998754 0.0306175 0.039396 2.26503 -0.0320768 0.998802 0.0369587 -0.248431 -0.0382172 -0.0381764 0.99854 -2.65139 0 0 0 1 
25528382210136;1.20454;0.797999;0.939084 0.0407693 0.34126 3.20626 0.0159757 0.986688 -0.161839 -0.876132 -0.343315 0.157432 0.925932 11.2008 0 0 0 1 
25528382210137;0.490225;0.530784;0.999921 -0.0101595 0.00743724 -0.731044 0.0105998 0.998034 -0.061767 -0.161135 -0.00679509 0.061841 0.998063 4.52185 0 0 0 1 
25528382210138;0.898047;0.919636;0.999881 -0.0130803 0.00816207 -0.881062 0.0137015 0.99659 -0.0813711 -0.26411 -0.00706988 0.0814733 0.99665 6.02431 0 0 0 1 
25528382210139;0.258844;0.14835;0.998032 -0.0240667 0.0579088 -1.7577 0.0267487 0.998584 -0.045993 -0.176889 -0.0567199 0.0474515 0.997262 3.48048 0 0 0 1 
25528382210140;1.51354;1.20241;0.999587 -0.0105648 0.0267065 -0.898754 0.0134827 0.993667 -0.111553 -0.420606 -0.0253588 0.111867 0.9934 7.79656 0 0 0 1 
25528382210141;0.177514;0.150622;0.969119 0.0212907 0.245672 1.85669 -0.0369473 0.997556 0.059297 -0.303074 -0.24381 -0.0665428 0.967538 -6.75921 0 0 0 1 
25528382210142;1.7221;1.39176;0.990745 0.00875852 -0.135451 0.295352 0.0106356 0.989839 0.141798 -0.260047 0.135317 -0.141926 0.980585 -9.93452 0 0 0 1 
25528382210143;1.74732;1.54352;0.993188 -0.00738178 -0.116287 -0.748054 0.00290045 0.999248 -0.0386591 0.186085 0.116485 0.0380585 0.992463 3.72532 0 0 0 1 
25528382210144;0.62636;0.623277;0.984882 -0.0130725 -0.172732 -1.30774 0.0137317 0.999902 0.00262194 0.0642662 0.172681 -0.00495421 0.984965 0.493209 0 0 0 1 
25528382210145;2.23099;1.52671;0.981962 0.0319584 0.186358 2.90594 -0.0411495 0.998109 0.0456606 -0.452645 -0.184546 -0.0525055 0.98142 -3.59042 0 0 0 1 
25528382210146;0.123351;0.136183;0.987641 -0.0119665 0.156276 -0.649341 0.0109988 0.999915 0.00705526 0.0482631 -0.156347 -0.00524922 0.987688 -1.36496 0 0 0 1 
25528382210147;2.1323;0.339068;0.999864 -0.0128772 0.010342 -1.24693 0.0129967 0.999849 -0.0115766 0.0518921 -0.0101914 0.0117094 0.99988 3.48339 0 0 0 1 
25528382210148;1.17842;0.482193;0.999922 -0.00674246 -0.0105548 -0.567829 0.00632101 0.999201 -0.0394667 -0.023039 0.0108124 0.0393968 0.999165 4.30925 0 0 0 1 
25528382210149;1.8032;1.4456;0.9743 0.0303658 -0.223197 1.58738 0.0252662 0.969886 0.242245 -1.59837 0.223831 -0.241658 0.944193 -18.4394 0 0 0 1 
25528382210150;1.89528;1.73816;0.992345 0.00460334 0.12341 0.414856 0.00762767 0.995112 -0.098453 -0.294383 -0.12326 0.0986407 0.98746 6.98367 0 0 0 1 
25528382210151;1.38396;0.390767;0.999923 0.0122621 0.00206373 1.12574 -0.0122555 0.99992 -0.00316436 -0.386232 -0.00210237 0.00313883 0.999993 -1.55968 0 0 0 1 
25528382210152;1.90731;1.75094;0.999324 0.00430893 -0.0365134 0.327478 -0.00116149 0.996313 0.085786 -0.0993972 0.0367485 -0.0856856 0.995644 -7.59494 0 0 0 1 
25528382210153;0.627318;0.171679;0.968564 -0.065755 -0.239915 -5.8006 0.0256553 0.985694 -0.166582 -1.3517 0.247436 0.15519 0.956395 14.259 0 0 0 1 
25528382210155;0.972428;0.679884;0.996332 -0.0515516 -0.0682972 -3.26366 0.0167366 0.900139 -0.43528 -6.95669 0.0839164 0.432541 0.897701 27.2009 0 0 0 1 
25528382210156;1.01473;0.690515;0.991817 0.0301407 -0.124061 1.47608 -0.0235999 0.99827 0.0538588 -0.422901 0.12547 -0.0504902 0.990812 -1.80779 0 0 0 1 
25528382210157;0.233342;0.19692;0.998336 0.016974 -0.0551105 0.882362 -0.0202811 0.997991 -0.0600145 -0.664602 0.0539812 0.0610323 0.996675 4.73302 0 0 0 1 
25528382210158;0.218897;0.165674;0.999764 -0.0189199 -0.0106386 -1.20103 0.0190036 0.999789 0.00782351 0.513205 0.0104883 -0.00802384 0.999913 -0.580259 0 0 0 1 
25528382210159;0.424214;0.211012;0.968283 -0.0164119 0.249316 -1.11871 0.099758 0.94025 -0.325542 -2.05854 -0.229076 0.340088 0.912066 14.4625 0 0 0 1 
25528382210160;0.944861;0.621059;0.999122 -0.00823656 -0.0410675 -0.401432 0.000286109 0.981794 -0.18995 -2.31821 0.0418843 0.189771 0.980935 11.8003 0 0 0 1 
25528382210161;0.607772;0.443212;0.983735 -0.0230626 0.17814 -1.36705 0.0438487 0.992553 -0.113645 0.349283 -0.174192 0.119608 0.977421 1.63494 0 0 0 1 
25528382210162;0.465464;0.264156;0.990817 0.025826 0.13272 1.7653 -0.0439174 0.989837 0.135252 -1.18018 -0.127878 -0.139838 0.981882 -12.0234 0 0 0 1 
25528382210163;0.301031;0.153889;0.999775 0.0174481 -0.0120891 0.975413 -0.0170579 0.999353 0.0316605 -0.05778 0.0126337 -0.0314471 0.999426 -1.1535 0 0 0 1 
25528382210164;0.262538;0.230095;0.999772 -0.0213206 -0.000911879 -1.35822 0.0213271 0.999741 0.00790579 0.573909 0.000743087 -0.00792344 0.999968 -0.691245 0 0 0 1 
25528382210165;0.165591;0.150233;0.999834 -0.0110232 -0.0145237 -0.831578 0.0124007 0.995065 0.098448 0.353288 0.0133668 -0.0986118 0.995036 -5.44108 0 0 0 1 
25528382210166;1.12952;0.715022;0.972301 -0.00301564 -0.233712 -1.06868 0.0125897 0.999141 0.0394844 0.268136 0.233392 -0.0413331 0.971504 0.772369 0 0 0 1 
25528382210167;0.708722;0.251816;0.994464 -0.0277855 -0.101337 -2.20375 0.0215657 0.997845 -0.0619647 0.133366 0.102841 0.0594363 0.99292 7.30536 0 0 0 1 
25528382210168;1.1418;0.219251;0.999766 0.0117978 0.0181449 0.489987 -0.0112492 0.999485 -0.0300445 -0.219445 -0.01849 0.0298334 0.999384 4.10386 0 0 0 1 
25528382210169;0.757933;0.702247;0.994614 0.00818519 0.103325 0.782549 -0.0053493 0.999602 -0.0276935 -0.381754 -0.103511 0.0269916 0.994262 -1.12023 0 0 0 1 
25528382210170;0.338329;0.112056;0.989322 0.0223747 0.144019 1.42295 0.0374087 0.91606 -0.399292 -4.95713 -0.140865 0.400416 0.905441 19.8602 0 0 0 1 
25528382210171;0.814741;0.659641;0.994918 0.03328 -0.0950283 1.36861 -0.0289356 0.998488 0.0467349 -0.469056 0.09644 -0.0437477 0.994377 0.820397 0 0 0 1 
25528382210172;0.85032;0.368442;0.99117 0.0505311 -0.122588 1.67696 -0.00494623 0.937983 0.346647 -1.40396 0.132502 -0.34298 0.929951 -15.1144 0 0 0 1 
25528382210173;0.630488;0.563802;0.999672 -0.00310084 -0.025415 -0.247039 0.00492154 0.9974 0.0718923 0.311073 0.025126 -0.0719939 0.997089 -4.58853 0 0 0 1 
25528382210174;0.36066;0.235787;0.961383 0.107843 -0.253204 4.25643 -0.00942367 0.932388 0.361337 -2.55456 0.275052 -0.344998 0.897398 -14.4053 0 0 0 1 
25528382210175;0.400793;0.254019;0.999503 0.0248152 0.0194452 1.51419 -0.0225493 0.993769 -0.109152 -0.839443 -0.0220326 0.108659 0.993835 5.99117 0 0 0 1 
25528382210176;0.342834;0.167017;0.983861 0.0181772 0.178006 1.32805 -0.0484257 0.984751 0.167096 -1.30095 -0.172255 -0.17302 0.969738 -14.7145 0 0 0 1 
25528382210177;0.260067;0.114824;0.996875 -0.0493219 -0.0617115 -3.11479 0.030921 0.962441 -0.269724 -2.29116 0.072697 0.266973 0.960958 17.0065 0 0 0 1 
25528382210178;0.926206;0.18719;0.999624 -0.0212389 0.0173598 -1.53371 0.0210294 0.999705 0.0121628 0.637898 -0.017613 -0.0117931 0.999775 1.1002 0 0 0 1 
25528382210179;0.695785;0.210044;0.999977 0.00422049 -0.00540137 0.457075 -0.00505207 0.986347 -0.164605 -0.761074 0.00463291 0.164628 0.986345 7.94888 0 0 0 1 
25528382210180;0.109455;0.125655;0.99945 0.0238836 0.0229982 1.51567 -0.0253599 0.997484 0.0661993 -0.302487 -0.0213592 -0.0667462 0.997541 -4.50275 0 0 0 1 
25528382210181;0.971587;0.543735;0.944706 0.0218139 0.327193 0.99491 -0.00207099 0.998162 -0.0605678 -0.110856 -0.327913 0.0565411 0.943014 -6.38691 0 0 0 1 
25528382210182;0.540657;0.263885;0.998304 0.0153355 0.056153 1.16933 -0.0147077 0.999825 -0.0115771 -0.630422 -0.0563207 0.0107315 0.998355 -1.78115 0 0 0 1 
25528382210183;0.488607;0.329516;0.970037 0.0192608 0.242191 1.30829 -0.0171431 0.999794 -0.0108485 -0.240767 -0.24235 0.00637153 0.970168 -4.73254 0 0 0 1 
25528382210184;0.107925;0.0618036;0.999881 0.0108025 -0.0110388 0.565164 -0.0106478 0.999846 0.0139722 -0.193282 0.011188 -0.013853 0.999841 -0.365287 0 0 0 1 
25528382210186;2.61464;0.256098;0.90788 0.0464451 -0.41665 -0.00579293 0.0405122 0.979473 0.19746 -0.125035 0.417269 -0.19615 0.887362 -5.40506 0 0 0 1 
25528382210187;2.55948;0.236876;0.999925 0.0117789 0.00323125 0.702044 -0.0117413 0.999866 -0.0114267 -0.321488 -0.00336541 0.0113879 0.999929 -1.96785 0 0 0 1 
25528382210188;2.1137;0.773996;0.995017 0.00235789 -0.0996748 0.18772 -0.0144638 0.992559 -0.120907 -0.244424 0.098648 0.121746 0.987647 4.05163 0 0 0 1 
25528382210189;3.03095;1.43967;0.932503 -0.0474979 0.358026 -1.24376 0.0626876 0.997554 -0.0309327 1.02642 -0.355681 0.0512886 0.933199 -0.552352 0 0 0 1 
25528382210190;2.58604;2.35244;0.941675 0.050648 0.33269 2.25185 0.0162865 0.980592 -0.195382 -1.1949 -0.336129 0.189405 0.922574 4.25199 0 0 0 1 
25528382210191;2.29839;1.10467;0.994585 -0.0250385 0.100862 -1.05224 -0.0132443 0.932089 0.361988 -1.00676 -0.103076 -0.361364 0.92671 -13.9821 0 0 0 1 
25528382210192;1.26077;1.14863;0.996812 0.0547358 -0.058053 2.27487 -0.0525759 0.99789 0.0381024 -0.806988 0.0600161 -0.0349288 0.997586 -1.51608 0 0 0 1 
25528382210193;1.94741;1.27469;0.976065 -0.0376599 0.214191 -1.32948 0.0656998 0.989936 -0.125338 0.368667 -0.207316 0.136411 0.968717 1.03376 0 0 0 1 
25528382210194;0.500481;0.295194;0.991289 0.0617493 -0.116331 2.01822 -0.0108154 0.918461 0.395364 -2.17157 0.131259 -0.390662 0.911128 -14.2437 0 0 0 1 
25528382210195;0.447325;0.0490295;0.993672 0.00968729 0.111903 0.501269 0.0200247 0.965035 -0.261356 -1.6623 -0.110522 0.261943 0.958734 8.9139 0 0 0 1 
25528382210196;0.672791;0.407208;0.999291 -0.0374334 -0.00396775 -1.70412 0.0375686 0.998386 0.0425887 0.745339 0.00236711 -0.0427076 0.999085 -1.48756 0 0 0 1 
25528382210197;1.68816;1.57431;0.99919 0.0307722 0.0259156 1.22558 -0.0316286 0.998944 0.0333113 -0.238016 -0.0248632 -0.034104 0.999109 -1.68347 0 0 0 1 
25528382210198;0.0806703;0.091819;0.998806 -0.0488438 7.34056e-05 -1.97373 0.0488407 0.998723 -0.0128873 0.568886 0.000556152 0.0128755 0.999917 0.460374 0 0 0 1 
25528382210199;2.04506;0.724192;0.985246 -0.0461588 0.164803 -1.54325 0.048195 0.998803 -0.00837623 0.747084 -0.164219 0.0161953 0.986291 -3.24578 0 0 0 1 
25528382210200;1.86353;0.554126;0.986363 -0.0786217 -0.144594 -4.07381 0.027829 0.945547 -0.324295 -1.75742 0.162217 0.315848 0.93484 14.8984 0 0 0 1 
25528382210201;1.69978;1.38062;0.978838 -0.0420639 0.200267 -1.11474 0.0191875 0.9932 0.114828 0.637679 -0.203736 -0.108556 0.972989 -7.73181 0 0 0 1 
25528382210202;3.09717;0.351025;0.999502 -0.021454 0.0231237 -1.10057 0.0225188 0.99865 -0.0468171 -0.0396186 -0.022088 0.0473146 0.998636 4.35444 0 0 0 1 
25528382210203;2.66545;0.36323;0.999693 0.0223941 0.0106203 0.774606 -0.0231247 0.996949 0.0745579 0.025261 -0.00891823 -0.0747806 0.99716 -0.759379 0 0 0 1 
25528382210204;2.12678;1.69877;0.999958 0.00818476 0.00417976 0.164227 -0.00818816 0.999966 0.000798138 0.559023 -0.00417309 -0.000832328 0.999991 -0.0331229 0 0 0 1 
25528382210205;2.17534;0.574894;0.9715 0.0582052 -0.229784 2.16301 -0.049214 0.997789 0.0446728 -1.0155 0.231876 -0.032091 0.972216 -0.479341 0 0 0 1 
25528382210206;0.615844;0.253461;0.998983 0.028889 0.0346231 1.30033 -0.0260075 0.996377 -0.0809669 -0.876053 -0.0368367 0.0799841 0.996115 3.11967 0 0 0 1 
25528382210207;2.70191;2.46864;0.998559 -0.0219425 0.048977 -0.60523 0.0264013 0.995378 -0.0923331 0.0103377 -0.0467246 0.0934931 0.994523 1.74021 0 0 0 1 
25528382210208;0.254784;0.226976;0.996616 0.0679371 -0.0462737 2.52584 -0.0666788 0.997375 0.0282161 -0.957819 0.0480692 -0.0250351 0.99853 -0.428236 0 0 0 1 
25528382210209;0.401221;0.415029;0.999877 0.0148082 0.00524266 0.538187 -0.0150309 0.998859 0.0453352 -0.048365 -0.00456534 -0.0454084 0.998958 -1.85323 0 0 0 1 
25528382210210;3.26762;3.015;0.997855 0.0549875 0.0355225 2.34997 -0.0641779 0.928721 0.365182 -2.46344 -0.01291 -0.366678 0.930258 -16.1631 0 0 0 1 
25528382210211;2.11433;0.715104;0.99689 0.0608776 0.0500404 2.723 -0.0686987 0.982459 0.173365 -0.615504 -0.0386086 -0.176263 0.983586 -5.8282 0 0 0 1 
25528382210212;0.939666;0.415616;0.978906 0.0147285 0.203782 0.57836 0.0222496 0.983782 -0.177984 -0.601843 -0.203098 0.178764 0.962702 3.72402 0 0 0 1 
25528382210213;1.20317;0.881594;0.997629 -0.0143682 0.0672998 -0.469708 0.00785529 0.995345 0.0960574 0.485948 -0.0683667 -0.095301 0.993098 -4.41527 0 0 0 1 
25528382210214;2.77469;0.851815;0.985217 0.0585317 0.161001 2.72834 -0.0225475 0.975949 -0.216829 -2.27416 -0.16982 0.209994 0.962841 8.34434 0 0 0 1 
25528382210215;2.52413;2.24068;0.999437 0.00117937 -0.0335448 -0.0202973 0.00699747 0.970104 0.24259 -0.591342 0.0328281 -0.242688 0.969549 -9.83117 0 0 0 1 
25528382210217;1.06109;1.06049;0.970978 -0.0189244 -0.238419 -1.56072 0.010176 0.999231 -0.0378706 -0.0179365 0.238953 0.0343454 0.970424 3.97572 0 0 0 1 
25528382210218;0.551084;0.550762;0.999698 0.0230925 0.00841038 2.19183 -0.0235662 0.997834 0.0614232 -0.244915 -0.00697374 -0.0616028 0.998076 -5.3367 0 0 0 1 
25528382210219;0.422673;0.548709;0.975616 -0.0136248 0.21906 -0.856359 0.00358715 0.998928 0.0461539 0.122347 -0.219454 -0.0442427 0.974619 -4.75767 0 0 0 1 
25528382210220;1.03905;0.891819;0.961398 0.0640797 -0.267595 5.6325 -0.0263443 0.989473 0.142296 -1.13783 0.273896 -0.129754 0.952966 -10.9114 0 0 0 1 
25528382210221;1.31298;0.621947;0.997737 -0.00749848 -0.0668115 -0.922179 -0.00186011 0.990301 -0.138923 -1.20938 0.0672052 0.138733 0.988047 14.2076 0 0 0 1 
25528382210222;1.56771;0.976863;0.986974 0.0322272 -0.15762 2.97532 -0.0142204 0.993372 0.114062 -0.644459 0.160252 -0.110334 0.98089 -11.0994 0 0 0 1 
25528382210223;0.395381;0.290238;0.998198 0.00106037 -0.0600001 -0.126662 0.00231244 0.998422 0.0561161 0.0318407 0.0599649 -0.0561537 0.99662 -4.55908 0 0 0 1 
25528382210224;1.45898;1.12072;0.994677 -0.00615854 -0.102854 -1.01126 0.00802652 0.99981 0.0177574 0.0420344 0.102725 -0.0184884 0.994538 -0.146498 0 0 0 1 
25528382210225;0.647882;0.274391;0.954558 0.0317074 -0.296335 2.11294 0.0146642 0.988123 0.152964 -0.893351 0.297666 -0.150358 0.942755 -11.7152 0 0 0 1 
25528382210226;0.247807;0.222829;0.994082 0.0201681 -0.106746 1.75498 -0.0183286 0.999667 0.0181855 -0.20563 0.107078 -0.0161214 0.99412 -1.06064 0 0 0 1 
25528382210227;1.67052;0.35799;0.999844 0.00905743 0.0151593 0.630863 -0.00903257 0.999958 -0.00170733 -0.139899 -0.0151741 0.00157014 0.999884 2.37777 0 0 0 1 
25528382210228;0.941077;0.340014;0.999805 0.00298595 -0.0195204 0.580607 -0.00425954 0.997841 -0.0655319 -0.110012 0.0192826 0.0656023 0.99766 4.50818 0 0 0 1 
25528382210229;1.84373;1.74081;0.999304 -0.0257551 -0.0270009 -2.55425 0.0239241 0.997528 -0.0660708 -0.0988969 0.0286358 0.0653788 0.99745 6.07755 0 0 0 1 
25528382210230;0.815476;0.690193;0.999884 -0.0102063 -0.0113035 -1.07056 0.0101486 0.999935 -0.00514197 0.0546337 0.0113553 0.00502666 0.999923 0.866033 0 0 0 1 
25528382210231;0.945073;0.477603;0.999926 0.00552905 -0.0108672 0.347242 -0.00565362 0.999918 -0.0114658 -0.113386 0.010803 0.0115264 0.999875 2.16006 0 0 0 1 
25528382210232;0.385786;0.281055;0.995063 0.00280972 0.0992041 0.235418 -0.011703 0.995947 0.0891784 -0.343821 -0.0985514 -0.0898991 0.991063 -8.87375 0 0 0 1 
25528382210233;0.215723;0.147622;0.999854 0.0149057 0.0083914 1.2479 -0.0168483 0.942924 0.332582 -4.87059 -0.00295507 -0.332675 0.943037 -29.9176 0 0 0 1 
25528382210234;1.80049;1.32113;0.999864 -0.0162401 0.00298364 -1.15468 0.0164029 0.99764 -0.0666725 0.100833 -0.00189383 0.0667123 0.99777 3.94851 0 0 0 1 
25528382210235;1.841;2.03785;0.982 -0.00489908 0.188817 -0.194602 -0.033397 0.979409 0.199103 -1.52708 -0.185904 -0.201826 0.961616 -18.2946 0 0 0 1 
25528382210236;0.783834;0.612625;0.992789 0.00967798 0.119482 1.25482 -0.0151452 0.998875 0.044935 -0.0855658 -0.118913 -0.0464205 0.991819 -3.88056 0 0 0 1 
25528382210237;0.646121;0.46614;0.995434 -0.0114755 -0.0947552 -0.988439 0.0113892 0.999934 -0.00145141 0.0778626 0.0947656 0.000365595 0.9955 -0.286481 0 0 0 1 
25528382210238;0.978297;0.779608;0.994923 -0.0118517 0.0999374 -1.08617 0.023293 0.993195 -0.114108 -0.593929 -0.097905 0.115857 0.988429 10.5936 0 0 0 1 
25528382210239;1.51578;0.111941;0.99573 -0.0024437 0.0922784 -0.574869 0.00810684 0.998102 -0.0610453 -0.214374 -0.0919541 0.0615328 0.99386 7.24328 0 0 0 1 
25528382210240;0.466545;0.385806;0.999955 0.00514353 -0.00792932 0.330558 -0.00345421 0.979798 0.199962 -1.6108 0.00879764 -0.199926 0.979772 -17.8373 0 0 0 1 
25528382210241;1.93577;1.78544;0.989519 -0.00119064 0.144401 0.0706374 -0.019678 0.989526 0.143005 -0.82181 -0.143058 -0.144347 0.979131 -13.505 0 0 0 1 
25528382210242;0.86252;0.631113;0.996778 -0.0255981 0.0760169 -2.54092 0.0399334 0.980282 -0.193528 -1.50928 -0.0695641 0.19594 0.978145 18.0644 0 0 0 1 
25528382210243;0.905546;0.30857;0.971081 -0.0100452 0.23854 -0.439021 -0.0023881 0.998656 0.0517765 0.088098 -0.238739 -0.0508488 0.969752 -4.41852 0 0 0 1 
25528382210244;0.219604;0.180402;0.9998 0.00513251 -0.019322 0.390316 -0.00551065 0.999793 -0.0195679 -0.0840718 0.0192176 0.0196705 0.999622 1.70625 0 0 0 1 
25528382210245;0.165948;0.120694;0.981138 -0.0137794 0.192818 -1.09378 0.0101536 0.999753 0.0197802 0.07399 -0.193043 -0.0174493 0.981035 -2.6873 0 0 0 1 
25528382210246;1.5805;1.41209;0.998661 0.000605766 0.0517285 -0.0476609 -0.00143057 0.999872 0.0159094 -0.00690484 -0.0517123 -0.0159621 0.998534 -0.626091 0 0 0 1 
25528382210248;1.80404;1.22529;0.996384 0.0185704 0.0829105 1.01612 -0.00427783 0.985549 -0.169335 -0.28454 -0.0848569 0.168368 0.982065 8.82102 0 0 0 1 
25528382210249;2.65063;0.72316;0.999154 -0.0269648 0.0310479 -1.39199 0.0264725 0.999519 0.0161601 0.180525 -0.0314687 -0.0153245 0.999387 -3.82588 0 0 0 1 
25528382210250;0.988386;0.192296;0.988023 -0.0472003 -0.146912 -3.06557 0.0382408 0.997266 -0.0632247 -0.156035 0.149495 0.0568494 0.987127 3.68932 0 0 0 1 
25528382210251;1.96971;0.393558;0.999403 0.0111013 -0.032704 0.564497 -0.0101464 0.999521 0.0292215 1.00954 0.0330128 -0.0288722 0.999038 -3.7545 0 0 0 1 
25528382210252;1.48555;0.791422;0.997815 0.0660171 -0.00269027 4.18375 -0.0660144 0.997818 0.00111108 -0.714334 0.00275775 -0.000931052 0.999996 0.338755 0 0 0 1 
25528382210253;1.51489;0.364824;0.998878 0.0239495 0.0408628 1.4136 -0.0220118 0.998642 -0.0472292 0.122589 -0.0419384 0.0462768 0.998048 0.90052 0 0 0 1 
25528382210254;2.5409;1.62891;0.999401 -0.00763278 0.0337487 -0.312015 0.00259952 0.989172 0.146737 0.4955 -0.0345033 -0.146561 0.9886 -10.0167 0 0 0 1 
25528382210255;0.438009;0.164686;0.994905 0.0332572 -0.0951696 1.68019 -0.0419942 0.994935 -0.0913256 -0.354242 0.0916504 0.0948569 0.991263 5.36837 0 0 0 1 
25528382210256;0.895108;0.374122;0.960149 -0.00502729 0.279443 0.490084 0.0824439 0.960443 -0.265994 -3.24556 -0.267052 0.278432 0.922583 16.5609 0 0 0 1 
25528382210257;0.887196;0.71441;0.999374 -0.011307 0.0335157 -0.379377 0.0109007 0.999865 0.0122814 -0.0828104 -0.0336501 -0.0119083 0.999363 -0.870746 0 0 0 1 
25528382210258;2.46932;0.539312;0.998038 0.0559754 -0.0280352 3.5519 -0.0574403 0.99686 -0.0545004 0.0151717 0.0248965 0.0560038 0.99812 0.306956 0 0 0 1 
25528382210259;0.355498;0.197439;0.995679 0.0124691 0.0920241 0.818022 0.0317076 0.885746 -0.463085 -7.28846 -0.0872843 0.464002 0.881523 25.749 0 0 0 1 
25528382210260;0.270887;0.263946;0.999821 -0.0188976 0.000909216 -1.16886 0.0188973 0.999821 0.000366708 0.0680146 -0.000915983 -0.000349461 1 0.0638603 0 0 0 1 
25528382210261;0.508814;0.565629;0.98918 -0.026223 0.144344 -1.38968 0.0502491 0.984942 -0.165419 -1.0449 -0.137833 0.170882 0.975603 9.54939 0 0 0 1 
