#;prob_registration_l1 -r /home/probabilistic_point_clouds_registration/build/tester /home/point_clouds_registration_benchmark//devel/registration_pairs/stairs_local.txt /home/point_clouds_registration_benchmark//eth/stairs -s 0.2 -t 0.2 -p 0.3 -r 1000 -m 25 -i 40 
id;initial_error;final_error;transformation
5494384560000;0.832403;0.119626;0.987789 0.15336 -0.0274621 0.936541 -0.149827 0.983387 0.102477 0.586892 0.0427217 -0.0971109 0.994356 0.202505 0 0 0 1 
5494384560001;0.315086;0.127418;0.895447 0.286813 -0.340459 1.78957 -0.235558 0.954221 0.184321 1.3717 0.377739 -0.0848521 0.922016 -2.52217 0 0 0 1 
5494384560002;0.630491;0.121798;0.99857 0.0205114 -0.0493591 0.836917 -0.017072 0.997462 0.0691215 -0.144582 0.0506517 -0.06818 0.996386 -0.0809721 0 0 0 1 
5494384560003;0.317466;0.128541;0.969962 -0.00986678 -0.243055 0.997485 0.100244 0.926605 0.36243 -1.7142 0.22164 -0.375908 0.899761 -1.45853 0 0 0 1 
5494384560004;0.657978;0.141842;0.99525 0.0973538 0.000460474 -0.0124267 -0.0960859 0.981506 0.165573 0.86117 0.0156672 -0.164831 0.986197 0.341428 0 0 0 1 
5494384560005;0.751618;0.121455;0.996446 -0.0485202 -0.0688599 -0.350389 0.0607258 0.980289 0.188007 -1.38006 0.0583804 -0.19152 0.979751 -0.553238 0 0 0 1 
5494384560006;0.696898;0.120872;0.908444 0.356645 -0.218022 1.55032 -0.367053 0.930167 -0.00783025 2.38279 0.200004 0.0871389 0.975912 -0.885181 0 0 0 1 
5494384560007;0.399045;0.113511;0.939341 -0.336522 -0.0662741 0.851099 0.341882 0.934163 0.102258 -3.02287 0.0274988 -0.118713 0.992548 -0.177025 0 0 0 1 
5494384560008;0.231215;0.131896;0.977007 -0.167372 -0.132073 0.516462 0.162543 0.9856 -0.0466068 -1.06448 0.137971 0.0240677 0.990144 -0.90944 0 0 0 1 
5494384560009;0.454804;0.131976;0.986332 0.0139715 -0.164177 0.81745 0.00850561 0.990753 0.135413 -0.6131 0.164551 -0.134958 0.977092 -0.842617 0 0 0 1 
5494384560010;0.83506;0.141091;0.998902 0.0387905 -0.0262606 0.124793 -0.0362329 0.995127 0.0917081 0.222054 0.02969 -0.0906559 0.99544 0.667123 0 0 0 1 
5494384560011;0.300381;0.15808;0.995299 0.0937012 0.0245079 -0.0159706 -0.0857128 0.969975 -0.227599 1.13203 -0.0450983 0.224428 0.973447 0.349271 0 0 0 1 
5494384560012;0.513405;0.117283;0.929576 0.0973403 -0.355547 1.34507 -0.145068 0.983279 -0.110083 1.34074 0.338886 0.153909 0.928153 -1.90611 0 0 0 1 
5494384560013;0.592232;0.105022;0.9883 0.0611247 -0.13974 0.637561 -0.0556456 0.997533 0.042789 0.945608 0.14201 -0.0345124 0.989263 -1.06479 0 0 0 1 
5494384560014;0.784839;0.123102;0.938106 0.257952 0.231121 0.63658 -0.305654 0.930428 0.202188 1.63024 -0.162887 -0.260317 0.951684 1.73866 0 0 0 1 
5494384560015;1.02961;0.123073;0.918686 0.371142 -0.135166 0.645465 -0.392588 0.895645 -0.209033 4.17118 0.0434796 0.2451 0.968522 0.365896 0 0 0 1 
5494384560016;0.692498;0.149845;0.982452 0.161991 -0.0924482 0.454497 -0.184658 0.914539 -0.359889 2.76744 0.0262488 0.370645 0.928404 -0.442212 0 0 0 1 
5494384560017;0.125802;0.115021;0.998678 0.0423765 -0.0291008 0.178012 -0.04027 0.996768 0.0695094 0.0790831 0.0319523 -0.0682456 0.997157 -0.126074 0 0 0 1 
5494384560018;0.697368;0.110017;0.991772 0.0867439 -0.0941459 0.914702 -0.101334 0.981359 -0.163296 1.28165 0.0782261 0.171492 0.982075 -0.0426154 0 0 0 1 
5494384560019;0.372102;0.130218;0.939955 0.33218 0.0783702 0.386268 -0.340571 0.927879 0.151829 2.18628 -0.0222833 -0.169403 0.985295 -0.0936323 0 0 0 1 
5494384560020;0.725979;0.152605;0.929919 0.36162 0.0669429 0.410265 -0.362285 0.869458 0.335846 2.3652 0.0632445 -0.336562 0.939535 0.16508 0 0 0 1 
5494384560021;0.810082;0.11077;0.990145 0.128587 -0.0554875 -0.0455737 -0.125369 0.99041 0.0580523 0.8897 0.0624202 -0.0505238 0.99677 0.330643 0 0 0 1 
5494384560022;1.01164;0.119465;0.88813 -0.266718 -0.374281 1.60925 0.326905 0.939032 0.106544 -3.61488 0.323045 -0.21698 0.921174 -1.90918 0 0 0 1 
5494384560023;0.527542;0.145561;0.971372 0.133484 -0.196516 1.06175 -0.116905 0.98871 0.0937303 0.5303 0.206809 -0.0680733 0.97601 -1.98695 0 0 0 1 
5494384560024;0.419936;0.131694;0.918779 0.378638 -0.111705 1.27035 -0.374404 0.925479 0.057538 2.71399 0.125167 -0.0110418 0.992074 -1.15454 0 0 0 1 
5494384560025;0.495752;0.126123;0.916514 0.357404 -0.179624 1.24339 -0.346167 0.933697 0.0915286 2.49853 0.200427 -0.0217072 0.979468 -1.04508 0 0 0 1 
5494384560026;0.350666;0.148558;0.978435 0.129502 0.16092 -0.102426 -0.0928733 0.971682 -0.217276 1.20065 -0.1845 0.197645 0.962754 1.73314 0 0 0 1 
5494384560027;0.90423;0.12984;0.985983 0.105375 -0.129356 1.48515 -0.0738139 0.970811 0.228206 0.15325 0.149627 -0.215459 0.964981 -0.894311 0 0 0 1 
5494384560028;0.914969;0.128478;0.998712 -0.0382667 -0.0333022 -0.75288 0.0409575 0.995601 0.0842722 -0.372052 0.0299309 -0.0855277 0.995886 -0.47417 0 0 0 1 
5494384560029;0.844853;0.161924;0.997645 0.0680694 -0.0084771 0.176201 -0.0671635 0.994451 0.0809687 -0.389588 0.0139415 -0.0802087 0.996681 -0.687892 0 0 0 1 
5494384560031;0.314572;0.264031;0.926139 -0.351299 -0.137317 0.395449 0.357234 0.933791 0.0204493 -1.46446 0.121041 -0.067993 0.990316 -0.278398 0 0 0 1 
5494384560032;0.143255;0.278205;0.989281 0.0757661 0.12483 -0.0505624 -0.0693692 0.996083 -0.054824 0.240092 -0.128495 0.045577 0.990662 0.7539 0 0 0 1 
5494384560033;0.256973;0.260932;0.996502 0.0261005 0.0793917 0.126565 -0.0183882 0.995176 -0.0963665 0.22541 -0.081524 0.0945696 0.992175 0.636129 0 0 0 1 
5494384560034;0.872658;0.261824;0.962508 -0.220294 0.158269 -0.0253043 0.191592 0.965155 0.178236 -1.75884 -0.192018 -0.14123 0.971176 0.397001 0 0 0 1 
5494384560035;0.383527;0.268606;0.992344 -0.0654743 0.104725 -0.0038572 0.0594092 0.996427 0.0600243 0.0731231 -0.108281 -0.0533431 0.992688 0.736569 0 0 0 1 
5494384560036;0.699819;0.24257;0.951417 0.286108 -0.113789 0.532033 -0.306358 0.91662 -0.256812 0.903913 0.0308252 0.279196 0.959739 0.77665 0 0 0 1 
5494384560037;0.785083;0.242343;0.960986 -0.0762772 0.265871 -0.388985 0.149993 0.951328 -0.269214 -0.250554 -0.232396 0.29859 0.925654 0.512498 0 0 0 1 
5494384560038;1.00964;0.262013;0.897284 -0.43355 0.083159 -0.912905 0.436066 0.899806 -0.0139995 -1.3393 -0.0687575 0.0488243 0.996438 0.241509 0 0 0 1 
5494384560039;0.16472;0.251983;0.989402 -0.0703293 -0.127031 0.133669 0.07782 0.995449 0.0549949 -0.400015 0.122585 -0.0642977 0.990373 -0.314968 0 0 0 1 
5494384560040;0.656318;0.250884;0.892832 0.355586 0.276423 0.603351 -0.36577 0.930573 -0.0156569 0.801196 -0.262799 -0.0871282 0.960909 1.43144 0 0 0 1 
5494384560041;0.496934;0.230934;0.867245 -0.287902 0.4062 -0.140039 0.284906 0.956045 0.0693367 -1.09703 -0.408308 0.0555969 0.91115 2.29885 0 0 0 1 
5494384560042;0.516103;0.246333;0.977225 -0.0082856 -0.212044 0.226934 0.0439791 0.98545 0.164176 -0.562611 0.207598 -0.169762 0.963371 -1.0546 0 0 0 1 
5494384560043;0.0787389;0.250747;0.998863 -0.0027627 0.0475884 -0.0603176 0.000848004 0.999191 0.0402078 -0.191886 -0.047661 -0.0401217 0.998057 0.477374 0 0 0 1 
5494384560044;0.670233;0.264017;0.995248 0.0540678 0.0809765 0.158527 -0.0576759 0.997413 0.0429013 0.274729 -0.0784474 -0.0473679 0.995792 1.28279 0 0 0 1 
5494384560045;0.454928;0.208664;0.90326 -0.25565 0.344623 -0.435285 0.139406 0.934411 0.327785 -1.11129 -0.405818 -0.248032 0.879654 1.82609 0 0 0 1 
5494384560046;0.663952;0.249335;0.981928 0.154814 -0.108857 0.345826 -0.151463 0.987715 0.0384594 1.18217 0.113474 -0.0212766 0.993313 -0.312536 0 0 0 1 
5494384560047;0.60701;0.233542;0.988466 0.0423358 -0.145407 -0.194196 -0.0612813 0.989828 -0.128393 0.691718 0.138492 0.135823 0.981006 -0.550271 0 0 0 1 
5494384560048;0.280379;0.246446;0.997851 0.00822456 0.0650073 -0.104211 -0.0110158 0.999027 0.0426969 -0.178821 -0.0645929 -0.0433212 0.996971 0.812748 0 0 0 1 
5494384560049;0.480826;0.252977;0.912005 0.345234 0.221494 0.558446 -0.343692 0.937919 -0.046739 1.41206 -0.223879 -0.0334995 0.974041 1.09082 0 0 0 1 
5494384560050;0.519994;0.240501;0.968629 0.222246 0.111193 -0.189853 -0.218547 0.974808 -0.0445715 0.310784 -0.118298 0.0188723 0.992799 0.779619 0 0 0 1 
5494384560051;0.245903;0.278286;0.997738 -0.0142391 0.0656967 -0.0702047 0.0126921 0.999634 0.0239039 -0.291807 -0.066013 -0.023016 0.997553 0.33584 0 0 0 1 
5494384560052;0.581213;0.236107;0.93376 0.174407 0.312529 -0.380725 -0.221883 0.967265 0.123148 0.101785 -0.280821 -0.184335 0.941892 1.11851 0 0 0 1 
5494384560053;0.543864;0.266722;0.952461 -0.219901 0.210857 -0.486559 0.198004 0.972812 0.120133 -1.29822 -0.231542 -0.0726712 0.970107 0.830854 0 0 0 1 
5494384560054;0.812423;0.231738;0.982627 -0.0149452 -0.18499 0.228985 0.0274516 0.997493 0.0652308 -0.48628 0.183551 -0.0691758 0.980573 -1.33964 0 0 0 1 
5494384560055;0.804846;0.260325;0.904796 0.0142203 0.425607 0.50623 -0.0665353 0.991889 0.108306 0.551195 -0.420615 -0.126313 0.898403 1.94329 0 0 0 1 
5494384560056;0.404608;0.264309;0.97317 0.168737 0.156421 -0.203364 -0.168379 0.985598 -0.0156343 0.198231 -0.156807 -0.0111232 0.987567 0.811304 0 0 0 1 
5494384560057;0.241612;0.225913;0.972297 0.221782 -0.0738311 0.349603 -0.20841 0.965548 0.155827 0.414027 0.105847 -0.136123 0.985021 -0.145277 0 0 0 1 
5494384560058;0.361634;0.243352;0.988849 -0.101714 0.108775 0.0782902 0.114569 0.986224 -0.119318 -0.074524 -0.0951406 0.13045 0.986879 0.686011 0 0 0 1 
5494384560059;0.672349;0.253931;0.996665 0.00314913 0.0815418 -0.129942 -0.00622256 0.999279 0.0374648 -0.114259 -0.081365 -0.0378473 0.995966 -0.203034 0 0 0 1 
5494384560060;0.435775;0.279318;0.953274 -0.293995 -0.0695388 -0.114868 0.301703 0.91453 0.269463 -1.60925 -0.0156254 -0.277852 0.960497 0.150564 0 0 0 1 
5494384560062;0.821662;0.169861;0.968273 -0.186808 -0.165981 0.382556 0.186919 0.982259 -0.0150955 -1.57072 0.165857 -0.0164085 0.986013 -1.19442 0 0 0 1 
5494384560063;1.2461;0.163178;0.941987 0.109008 -0.317456 1.80911 -0.107805 0.993942 0.02141 0.751146 0.317867 0.0140554 0.948031 -2.40456 0 0 0 1 
5494384560064;0.351118;0.151982;0.921799 -0.387643 0.00453311 0.270852 0.387159 0.921123 0.0405008 -2.54564 -0.0198754 -0.0355785 0.999169 0.19405 0 0 0 1 
5494384560065;1.02628;0.180736;0.996821 0.0786393 0.0128343 -0.00329511 -0.0783706 0.996719 -0.0202458 0.361617 -0.0143843 0.0191756 0.999713 0.958374 0 0 0 1 
5494384560066;0.385602;0.187897;0.892278 0.444782 -0.0775174 1.12155 -0.443524 0.895629 0.0337013 2.68233 0.0844166 0.00430989 0.996421 -0.343933 0 0 0 1 
5494384560067;1.09812;0.167338;0.978731 -0.128706 0.159748 -0.352818 0.149033 0.98121 -0.122538 -0.927087 -0.140975 0.143739 0.979523 0.327556 0 0 0 1 
5494384560068;0.284277;0.165515;0.988698 0.141876 -0.0484498 0.287627 -0.122144 0.949681 0.288422 0.0826904 0.0869321 -0.279244 0.956277 -0.473899 0 0 0 1 
5494384560069;0.305684;0.178827;0.987463 0.156277 -0.0222312 0.428838 -0.155711 0.98748 0.02526 0.995439 0.0259004 -0.0214816 0.999434 -0.00143366 0 0 0 1 
5494384560070;1.06788;0.168329;0.998459 0.0551047 0.00656468 0.761184 -0.055457 0.986442 0.154455 0.0200707 0.00203552 -0.154581 0.987978 -0.257101 0 0 0 1 
5494384560071;0.199717;0.159441;0.99992 -0.00698943 0.0104995 0.030893 0.00686106 0.999902 0.0122128 -0.0842896 -0.0105839 -0.0121398 0.99987 0.297957 0 0 0 1 
5494384560072;1.02349;0.159532;0.962868 -0.00806662 -0.269852 1.16642 -0.064531 0.963702 -0.259063 1.71337 0.262147 0.266857 0.927398 -1.29425 0 0 0 1 
5494384560073;0.123206;0.151886;0.994038 -0.108648 0.00920195 -0.0119782 0.107989 0.992644 0.0547298 -0.788576 -0.0150806 -0.0534098 0.998459 0.20723 0 0 0 1 
5494384560074;0.700296;0.51974;0.965747 0.257854 0.0290485 0.234727 -0.258982 0.964784 0.0460382 1.84833 -0.0161544 -0.0519843 0.998517 -0.109031 0 0 0 1 
5494384560075;0.186882;0.175965;0.999858 0.0128258 0.0109335 0.0899581 -0.0128371 0.999917 0.000957707 0.12309 -0.0109203 -0.00109793 0.99994 0.0633374 0 0 0 1 
5494384560076;1.00141;0.15194;0.992896 -0.0878905 0.0801991 -0.269902 0.0800751 0.99216 0.09595 -0.520297 -0.0880034 -0.0888464 0.99215 1.37305 0 0 0 1 
5494384560077;0.605922;0.17926;0.898277 -0.32379 -0.297084 1.36052 0.353214 0.934216 0.0497972 -2.31055 0.261417 -0.149666 0.953552 -1.74483 0 0 0 1 
5494384560078;0.686652;0.158655;0.92228 -0.384111 0.0431038 0.102674 0.383022 0.893256 -0.235345 -1.80324 0.051896 0.233564 0.970956 0.348719 0 0 0 1 
5494384560079;0.330281;0.363248;0.947868 0.316357 -0.0382831 0.767233 -0.305456 0.936228 0.173705 1.54925 0.0907944 -0.152956 0.984053 -0.470229 0 0 0 1 
5494384560080;0.779401;0.15237;0.915869 0.393715 -0.0785702 1.32663 -0.380142 0.913376 0.145726 2.29859 0.129138 -0.103598 0.9862 -0.609637 0 0 0 1 
5494384560081;0.603531;0.181287;0.977039 0.208877 -0.0420229 0.55496 -0.212019 0.972654 -0.0948319 1.81178 0.0210655 0.101564 0.994606 0.340261 0 0 0 1 
5494384560082;0.617118;0.157579;0.893415 -0.271481 -0.357921 1.47134 0.332959 0.93503 0.121893 -2.16838 0.301575 -0.228074 0.925762 -1.9654 0 0 0 1 
5494384560083;0.290683;0.158607;0.944266 0.307704 0.116961 0.222414 -0.29615 0.949209 -0.106288 2.13296 -0.143726 0.0657259 0.987432 0.987498 0 0 0 1 
5494384560084;0.175327;0.148788;0.987443 -0.112564 -0.110836 0.331889 0.0995376 0.988157 -0.11678 -0.296309 0.122669 0.104281 0.986954 -0.615476 0 0 0 1 
5494384560085;0.943472;0.151838;0.993106 -0.11333 -0.0299488 0.10242 0.0998737 0.951815 -0.289955 -0.247592 0.0613662 0.284964 0.956572 0.55971 0 0 0 1 
5494384560086;0.821732;0.158773;0.992022 -0.0141742 0.125265 -0.449101 -0.000773567 0.992956 0.118483 -0.477877 -0.126062 -0.117635 0.985023 1.40129 0 0 0 1 
5494384560087;0.12902;0.156731;0.999428 0.0193465 -0.0277558 0.0400124 -0.0185875 0.999453 0.0273451 0.0917807 0.0282697 -0.0268135 0.999241 -0.009888 0 0 0 1 
5494384560088;1.25698;0.442635;0.887687 0.0706472 -0.454995 1.92587 -0.0577914 0.99744 0.0421226 -0.473911 0.456806 -0.0110969 0.889497 -2.38413 0 0 0 1 
5494384560089;1.3654;0.748502;0.94098 0.332366 0.0639475 0.310909 -0.332313 0.943096 -0.0117728 2.64229 -0.0642215 -0.0101727 0.997884 -0.293796 0 0 0 1 
5494384560090;0.736364;0.160563;0.961134 -0.275876 -0.0106763 0.549875 0.254854 0.901436 -0.349946 -0.504969 0.106166 0.333624 0.936709 -0.159558 0 0 0 1 
5494384560091;0.484121;0.172903;0.94566 -0.138396 -0.294234 1.1111 0.206467 0.95464 0.214555 -1.79969 0.251193 -0.263646 0.931339 -1.08658 0 0 0 1 
5494384560093;0.0553842;0.328752;0.985949 0.122966 -0.113063 0.260511 -0.132736 0.98764 -0.0833621 1.09853 0.101415 0.0971983 0.990085 -0.424989 0 0 0 1 
5494384560094;0.672056;0.550452;0.882568 0.087223 -0.462024 1.855 -0.0531592 0.994853 0.0862672 0.0212741 0.46717 -0.0515759 0.882662 -2.39459 0 0 0 1 
5494384560095;0.854827;0.310203;0.847779 0.515027 -0.12656 1.51337 -0.524913 0.848927 -0.0615519 3.13436 0.0757392 0.118615 0.990047 0.119002 0 0 0 1 
5494384560096;0.268636;0.427732;0.969782 -0.127377 -0.208081 0.374033 0.10797 0.988893 -0.102147 -0.63932 0.218781 0.0765934 0.972763 -1.3465 0 0 0 1 
5494384560097;0.745786;0.389965;0.987181 0.121482 -0.103515 -0.217644 -0.124927 0.991786 -0.027447 0.37589 0.0993305 0.040027 0.994249 -0.262822 0 0 0 1 
5494384560098;0.365154;0.381808;0.938768 -0.253408 -0.23345 0.732535 0.262362 0.96494 0.00759957 -1.93919 0.223339 -0.0683827 0.972339 -1.33256 0 0 0 1 
5494384560099;0.345567;0.337685;0.997852 0.0652401 -0.00600212 -0.309474 -0.0655155 0.993471 -0.0933927 0.797348 -0.000130015 0.0935853 0.995611 0.177663 0 0 0 1 
5494384560100;0.37298;0.372123;0.942059 -0.110668 -0.316666 0.706384 0.107461 0.993825 -0.0276326 -0.613621 0.317769 -0.00799767 0.948134 -1.71018 0 0 0 1 
5494384560101;0.595346;0.54834;0.880418 0.460894 0.111538 0.348138 -0.452953 0.886995 -0.0898547 3.42744 -0.140347 0.0285882 0.98969 1.65344 0 0 0 1 
5494384560102;0.240088;0.367071;0.995536 -0.0931256 -0.0153489 -0.195963 0.0892927 0.981997 -0.166462 -0.32053 0.0305744 0.164348 0.985928 0.0549353 0 0 0 1 
5494384560103;0.65911;0.373804;0.98869 0.116061 -0.0949863 0.160584 -0.125571 0.986914 -0.101161 0.94556 0.0820025 0.111944 0.990325 -0.833295 0 0 0 1 
5494384560104;0.317417;0.379925;0.993816 0.0123286 -0.110349 0.0785485 0.0197887 0.958241 0.285276 -0.98272 0.109258 -0.285696 0.952072 -0.508488 0 0 0 1 
5494384560105;0.561217;0.417757;0.924041 0.162629 -0.345978 0.887678 -0.225538 0.962637 -0.149876 1.92245 0.308677 0.216523 0.926195 -1.30095 0 0 0 1 
5494384560106;0.669368;0.557442;0.987137 0.127525 0.0964278 -0.340295 -0.118204 0.98825 -0.0968961 0.576028 -0.107652 0.0842516 0.990612 1.17464 0 0 0 1 
5494384560107;0.196586;0.349741;0.95701 0.256771 -0.134912 0.576235 -0.259927 0.965609 -0.00602435 1.78367 0.128725 0.0408325 0.990839 -0.717977 0 0 0 1 
5494384560108;0.588165;0.462301;0.951562 0.27046 -0.146219 0.68459 -0.235541 0.946939 0.218693 1.11261 0.197608 -0.173659 0.964776 -1.38416 0 0 0 1 
5494384560109;0.964218;0.400452;0.965132 0.259759 0.0323475 0.0559533 -0.259453 0.965663 -0.0133894 1.87807 -0.0347148 0.00452989 0.999387 1.17701 0 0 0 1 
5494384560110;0.522946;0.37173;0.939025 -0.322177 -0.120147 0.0729536 0.32695 0.944789 0.0218517 -2.56691 0.106473 -0.0598012 0.992516 -0.665348 0 0 0 1 
5494384560111;0.382633;0.300254;0.992557 0.120822 -0.0152249 -0.199303 -0.121683 0.979085 -0.163051 1.25401 -0.00479363 0.16369 0.9865 0.0325247 0 0 0 1 
5494384560112;1.20633;0.392755;0.982916 -0.123056 -0.136867 -0.366428 0.113794 0.990775 -0.0735861 -0.158443 0.144659 0.0567544 0.987853 -0.104459 0 0 0 1 
5494384560113;0.493118;0.304335;0.959078 0.245739 -0.14065 0.638561 -0.262104 0.958434 -0.112716 2.03108 0.107105 0.144969 0.983622 -0.818946 0 0 0 1 
5494384560114;0.011633;0.304645;0.98906 0.101055 -0.107459 0.226659 -0.107791 0.992432 -0.0588254 0.873734 0.100701 0.069765 0.992468 -0.446214 0 0 0 1 
5494384560115;0.837027;0.366527;0.938363 0.0286966 -0.344457 0.619961 0.0181045 0.991099 0.131888 -0.885325 0.345176 -0.129995 0.929492 -1.81814 0 0 0 1 
5494384560116;0.753813;0.32216;0.986388 0.0448953 -0.158189 -0.140044 -0.0533124 0.997357 -0.0493722 0.572104 0.155554 0.0571335 0.986174 -1.0691 0 0 0 1 
5494384560117;0.39392;0.37211;0.922966 0.379636 -0.0633281 0.64536 -0.383712 0.920436 -0.074575 2.81392 0.0299781 0.09313 0.995203 0.287308 0 0 0 1 
5494384560118;0.486867;0.460752;0.973994 0.183463 -0.132958 0.487126 -0.217244 0.922854 -0.318034 1.99907 0.0643531 0.338648 0.93871 -0.268992 0 0 0 1 
5494384560119;0.307339;0.410667;0.908256 0.412763 -0.068542 0.768596 -0.407067 0.909579 0.0834424 2.537 0.0967863 -0.0478858 0.994153 -0.399844 0 0 0 1 
5494384560120;1.07013;0.440566;0.969729 -0.129334 -0.20712 0.470118 0.0832566 0.97251 -0.217467 0.159737 0.229553 0.19364 0.953839 -2.0465 0 0 0 1 
5494384560121;0.937742;0.371953;0.827792 0.494796 -0.264457 1.36885 -0.524759 0.8496 -0.0529872 3.00255 0.198465 0.182639 0.962941 -1.19831 0 0 0 1 
5494384560122;0.448809;0.4213;0.880514 0.464324 0.0953839 0.354333 -0.44952 0.881779 -0.142823 3.54654 -0.150424 0.082881 0.985141 1.35969 0 0 0 1 
5494384560124;0.180601;0.529516;0.990249 -0.102063 0.0948196 -0.294189 0.106994 0.993079 -0.0484496 0.237671 -0.0892184 0.0581223 0.994315 0.498847 0 0 0 1 
5494384560125;0.336264;0.43778;0.953515 -0.125521 0.273961 -0.52336 0.171043 0.973919 -0.149087 -0.0384613 -0.248102 0.189016 0.950115 1.08921 0 0 0 1 
5494384560126;0.158937;0.418102;0.992531 0.111866 0.0486619 -0.232398 -0.102404 0.980794 -0.166002 1.11892 -0.0662972 0.159779 0.984924 0.380154 0 0 0 1 
5494384560127;0.459182;0.385039;0.989818 -0.112199 -0.0875871 0.47304 0.101472 0.987747 -0.11857 0.536476 0.0998173 0.108475 0.989075 -0.256218 0 0 0 1 
5494384560128;0.768681;0.344893;0.96804 -0.118741 0.220904 -0.728435 0.18379 0.935193 -0.302712 0.392806 -0.170644 0.333637 0.927128 0.307003 0 0 0 1 
5494384560129;0.8631;0.567139;0.919439 0.00416546 0.39321 -0.989032 -0.0292863 0.997892 0.0579087 -0.115399 -0.39214 -0.0647591 0.917623 1.95175 0 0 0 1 
5494384560130;0.294138;0.485532;0.990293 -0.136141 -0.0280136 0.18943 0.136012 0.990686 -0.00648578 -0.0400601 0.0286357 0.00261264 0.999586 -0.206419 0 0 0 1 
5494384560131;0.331415;0.380522;0.996612 -0.02797 -0.0773389 -0.00191409 0.0188389 0.993027 -0.116369 0.522968 0.0800545 0.114518 0.99019 0.100614 0 0 0 1 
5494384560132;0.299743;0.642317;0.933751 -0.009812 -0.35779 0.821231 -0.00542095 0.999122 -0.0415473 0.741451 0.357883 0.0407344 0.932877 -1.23385 0 0 0 1 
5494384560133;0.275606;0.499446;0.917175 0.120809 -0.379731 1.00757 -0.164549 0.982718 -0.084793 1.31981 0.362925 0.140254 0.921203 -1.17825 0 0 0 1 
5494384560134;0.715759;0.395405;0.971215 0.237985 0.010169 0.123589 -0.235134 0.96466 -0.118924 1.582 -0.0381118 0.11311 0.992851 1.04236 0 0 0 1 
5494384560135;0.221863;0.460871;0.949642 0.295516 0.104168 0.066511 -0.288359 0.954302 -0.0784684 1.91881 -0.122596 0.0444791 0.991459 0.664248 0 0 0 1 
5494384560136;0.513605;0.430844;0.963069 0.269155 0.00735871 -0.175639 -0.265503 0.953839 -0.140355 2.18876 -0.0447963 0.133218 0.990074 0.159413 0 0 0 1 
5494384560137;0.0725673;0.393578;0.999523 0.0275536 -0.0139475 -0.00445932 -0.0285194 0.996807 -0.0745778 0.688154 0.0118481 0.07494 0.997118 0.118246 0 0 0 1 
5494384560138;0.458946;0.391095;0.994936 -0.0106955 -0.0999394 0.0721913 -0.0141779 0.969446 -0.244896 0.875576 0.0995051 0.245073 0.964385 0.235203 0 0 0 1 
5494384560139;0.373858;0.440543;0.975595 0.192244 0.1061 0.129595 -0.173431 0.970988 -0.164635 1.16304 -0.134672 0.142216 0.980631 0.578125 0 0 0 1 
5494384560140;0.407687;0.548468;0.936045 0.328069 -0.127243 0.371818 -0.339323 0.9373 -0.0795483 2.01242 0.0931676 0.117637 0.988677 0.058789 0 0 0 1 
5494384560141;0.827786;0.393331;0.998078 0.0341372 0.0517231 -0.238987 -0.0268878 0.990496 -0.134885 0.847252 -0.0558361 0.133235 0.98951 1.29429 0 0 0 1 
5494384560142;0.791925;0.465537;0.998467 -0.0274343 0.0480798 -0.815985 0.0355183 0.983694 -0.176307 0.523316 -0.042459 0.177744 0.98316 -0.306077 0 0 0 1 
5494384560143;0.413054;0.412341;0.867123 0.422002 0.264599 0.138298 -0.413277 0.906075 -0.0907176 2.13435 -0.27803 -0.0306896 0.960082 1.18402 0 0 0 1 
5494384560144;0.460909;0.476071;0.991408 0.083984 -0.100286 0.17289 -0.0977923 0.985048 -0.141832 1.15223 0.0868749 0.15042 0.984798 0.297718 0 0 0 1 
5494384560145;0.514439;0.6139;0.9926 -0.0848369 0.0868797 -0.458342 0.0870391 0.995965 -0.0218746 0.745939 -0.0846734 0.0292746 0.995979 0.707526 0 0 0 1 
5494384560146;0.876277;0.398945;0.952711 0.303871 -0.0020628 1.01195 -0.302137 0.946505 -0.113322 1.66725 -0.0324829 0.108586 0.993556 -0.315095 0 0 0 1 
5494384560147;0.0882485;0.379016;0.98978 0.0429593 -0.135977 0.204541 -0.0554414 0.994453 -0.0893809 0.802033 0.131383 0.0960062 0.986672 -0.463085 0 0 0 1 
5494384560148;0.565514;0.395739;0.887214 0.340634 0.311157 0.251829 -0.260446 0.926489 -0.271637 2.39824 -0.380812 0.15996 0.910711 1.81875 0 0 0 1 
5494384560149;0.651367;0.466406;0.993742 -0.103499 0.0420096 -0.505617 0.107683 0.987623 -0.114044 0.195754 -0.0296861 0.117854 0.992587 0.879829 0 0 0 1 
5494384560150;0.389377;0.44042;0.954559 -0.242234 0.173611 -0.409575 0.269717 0.94997 -0.157513 -0.511053 -0.12677 0.197181 0.972136 0.755923 0 0 0 1 
5494384560151;0.428451;0.484711;0.942553 -0.33016 -0.0508817 -0.00537205 0.32052 0.936726 -0.140756 -0.559259 0.094134 0.116361 0.988736 -0.576519 0 0 0 1 
5494384560152;0.492131;0.654772;0.936772 -0.349819 -0.00924408 -0.0269334 0.348811 0.935542 -0.0555987 -1.0081 0.0280977 0.0488588 0.99841 -0.120629 0 0 0 1 
5494384560153;0.585822;0.402956;0.997662 0.0576126 -0.0367661 0.0461083 -0.0659434 0.952796 -0.296365 1.45494 0.0179562 0.298096 0.954367 -0.472716 0 0 0 1 
5494384560155;0.510199;0.437878;0.999251 -0.0385503 0.00340624 0.40903 0.0370749 0.978806 0.201408 -0.113302 -0.0110984 -0.201131 0.979502 0.416674 0 0 0 1 
5494384560156;0.606536;0.446359;0.99869 0.0479011 -0.0180109 0.568293 -0.0452965 0.991189 0.124472 -0.202816 0.0238146 -0.123493 0.99206 -0.679314 0 0 0 1 
5494384560157;0.698949;1.40445;0.870506 0.466142 0.157894 1.33131 -0.423144 0.54504 0.723796 -0.403694 0.251334 -0.696881 0.671705 -0.548122 0 0 0 1 
5494384560158;0.932434;0.701928;0.973162 0.134491 0.186727 0.478231 -0.165607 0.972714 0.162489 0.272928 -0.159779 -0.189052 0.968881 0.898101 0 0 0 1 
5494384560159;0.588127;0.515417;0.944404 0.245776 0.218392 0.860063 -0.271451 0.957639 0.0961317 0.128461 -0.185514 -0.15007 0.971115 0.617206 0 0 0 1 
5494384560160;0.813406;0.423032;0.95141 0.165605 -0.259605 1.45935 -0.107967 0.968954 0.222423 0.026402 0.288379 -0.183586 0.939752 -0.848214 0 0 0 1 
5494384560161;0.869163;0.508319;0.995494 0.0911427 -0.0261547 0.69426 -0.0822976 0.9675 0.239105 -1.10516 0.0470973 -0.235875 0.970641 -0.0305876 0 0 0 1 
5494384560162;0.520155;0.405682;0.996325 -0.0054413 -0.0854751 0.386237 0.0205123 0.984096 0.176451 0.278942 0.0831555 -0.177556 0.980591 0.385732 0 0 0 1 
5494384560163;0.884248;0.566857;0.934452 0.35408 -0.0377835 1.57789 -0.352528 0.934852 0.0421413 0.618243 0.0502434 -0.0260593 0.998397 0.111545 0 0 0 1 
5494384560164;0.069281;0.352802;0.99899 0.0262407 -0.0364667 0.40891 -0.0223308 0.99435 0.103772 -0.035749 0.0389837 -0.102853 0.993932 -0.0678858 0 0 0 1 
5494384560165;0.359877;0.644741;0.911479 0.387432 0.13821 0.691948 -0.402256 0.909763 0.102575 0.355375 -0.0859981 -0.149091 0.985077 0.183938 0 0 0 1 
5494384560166;0.617506;0.52752;0.958269 0.0763153 -0.275493 0.988227 0.000550337 0.963213 0.268737 -0.380877 0.285868 -0.257674 0.922976 -0.0968268 0 0 0 1 
5494384560167;0.359577;2.04376;0.837459 0.51144 0.192593 1.42467 -0.457444 0.463199 0.759073 -1.43048 0.299011 -0.723792 0.621866 -0.935486 0 0 0 1 
5494384560168;0.367236;0.640858;0.986308 0.0704908 0.149087 0.647843 -0.0610236 0.995875 -0.0671548 0.156971 -0.153206 0.0571375 0.986541 0.394591 0 0 0 1 
5494384560169;0.299703;0.408483;0.989998 0.125423 -0.0646045 0.543918 -0.114006 0.980937 0.157367 0.0220859 0.0831105 -0.148428 0.985425 0.0212282 0 0 0 1 
5494384560170;0.388752;0.441051;0.998764 0.0469299 -0.0163649 0.7933 -0.0439625 0.987772 0.149579 0.099826 0.0231845 -0.148675 0.988614 -0.163981 0 0 0 1 
5494384560171;0.436725;0.458341;0.999825 0.010356 0.015549 0.68592 -0.0121916 0.992328 0.123029 0.150627 -0.0141556 -0.123197 0.992281 -0.219816 0 0 0 1 
5494384560172;0.743415;0.482047;0.977496 0.210101 -0.0189692 1.25088 -0.202072 0.95836 0.201773 0.122294 0.0605721 -0.193399 0.979249 -0.0365498 0 0 0 1 
5494384560173;0.766137;0.957182;0.997805 0.062189 -0.0227601 0.76851 -0.0625602 0.997913 -0.015976 1.33824 0.0217191 0.0173648 0.999613 0.0602536 0 0 0 1 
5494384560174;0.152675;0.390212;0.997472 -0.0204779 -0.0680481 0.300824 0.0301418 0.989093 0.144178 -0.03343 0.0643534 -0.145865 0.987209 -0.117075 0 0 0 1 
5494384560175;0.731473;0.66137;0.989626 0.113881 -0.0875899 0.891129 -0.107422 0.991363 0.0752323 -0.112405 0.0954009 -0.0650427 0.993312 -0.909918 0 0 0 1 
5494384560176;0.458408;0.607432;0.937713 0.0543581 0.343132 0.38427 -0.0701421 0.996966 0.0337477 0.608254 -0.340257 -0.0557137 0.938681 0.635802 0 0 0 1 
5494384560177;0.329052;0.531364;0.974976 0.0557668 -0.215202 0.669875 -0.0240217 0.988785 0.1474 -0.129197 0.221008 -0.138542 0.965381 -0.23185 0 0 0 1 
5494384560178;0.128329;0.384474;0.990614 0.0908419 -0.102138 0.511111 -0.0699651 0.978888 0.19205 -0.014251 0.117428 -0.183102 0.976056 -0.187815 0 0 0 1 
5494384560179;0.884119;0.560968;0.968045 0.00686676 0.250681 0.148139 -0.0625551 0.974638 0.214869 -0.413317 -0.242848 -0.223684 0.943923 -0.501062 0 0 0 1 
5494384560180;0.395688;0.407075;0.999144 0.0040962 -0.0411735 0.263504 0.000821167 0.992929 0.11871 0.146936 0.0413686 -0.118642 0.992075 -0.327057 0 0 0 1 
5494384560181;0.929561;0.883672;0.997276 -0.067024 -0.0307908 0.234742 0.0699843 0.991677 0.10807 -0.232092 0.0232913 -0.10993 0.993666 -0.658558 0 0 0 1 
5494384560182;0.699324;2.00699;0.850219 0.509745 0.131481 1.07153 -0.435991 0.541869 0.718533 -1.59889 0.295024 -0.668235 0.682952 -1.21721 0 0 0 1 
5494384560183;0.638253;0.496047;0.929762 -0.0458425 0.365297 -0.0385819 -0.0225826 0.983248 0.180869 -0.173534 -0.367469 -0.176415 0.913151 1.00089 0 0 0 1 
5494384560184;0.208766;0.596037;0.976945 0.211356 -0.0301088 0.719184 -0.205489 0.969181 0.135876 -0.0600793 0.0578991 -0.126557 0.990268 -0.128839 0 0 0 1 
5494384560186;0.36111;0.400104;0.995144 -0.0286118 0.094182 0.0486443 0.0277908 0.999564 0.010018 0.0649831 -0.0944275 -0.007352 0.995505 1.16683 0 0 0 1 
5494384560187;0.496451;0.464975;0.9838 0.174645 -0.0404656 0.805142 -0.157515 0.949877 0.270042 0.174242 0.0855987 -0.259293 0.961998 0.0343733 0 0 0 1 
5494384560188;0.447898;0.484905;0.912824 -0.358403 0.195701 -0.292363 0.313908 0.922392 0.225064 -1.72974 -0.261177 -0.144012 0.954488 1.47495 0 0 0 1 
5494384560189;0.616026;0.434821;0.971198 -0.209822 -0.11291 0.519594 0.212149 0.977197 0.00886081 -0.388976 0.108476 -0.0325592 0.993566 0.320221 0 0 0 1 
5494384560190;0.219844;0.474699;0.985306 -0.170322 0.0127453 -0.0374265 0.169355 0.983938 0.0564312 -0.753497 -0.0221521 -0.0534435 0.998325 0.598152 0 0 0 1 
5494384560191;0.269957;0.475379;0.973472 0.18115 0.139775 0.277601 -0.181279 0.98336 -0.0119131 0.761204 -0.139607 -0.0137413 0.990112 1.07934 0 0 0 1 
5494384560192;0.563983;0.472309;0.996964 0.0610291 0.0483583 0.00954281 -0.0753165 0.913423 0.399982 -0.0748972 -0.019761 -0.40241 0.915246 0.956774 0 0 0 1 
5494384560193;0.714742;0.439409;0.989899 -0.136789 0.0372627 0.343447 0.14173 0.948351 -0.283801 -0.525299 0.00348268 0.286216 0.958159 0.0802472 0 0 0 1 
5494384560194;0.621903;0.418475;0.986009 -0.15137 0.0698116 -0.0594189 0.152458 0.988254 -0.0105043 -0.710397 -0.0674016 0.0210007 0.997505 1.44545 0 0 0 1 
5494384560195;0.355585;0.471124;0.939426 -0.282084 0.194696 -0.306427 0.285845 0.958233 0.00910006 -1.18093 -0.189131 0.0471041 0.980821 1.57757 0 0 0 1 
5494384560196;0.150749;0.451004;0.992127 0.0439977 0.117252 -0.0196563 -0.0473314 0.998546 0.0257993 0.0547638 -0.115947 -0.0311459 0.992767 1.11955 0 0 0 1 
5494384560197;0.514288;0.439913;0.896451 -0.441479 -0.0383533 0.653488 0.443053 0.891176 0.0975181 -1.88709 -0.00887265 -0.104413 0.994494 0.794591 0 0 0 1 
5494384560198;0.530599;0.412848;0.980751 -0.00563636 0.195179 -0.378278 0.0706207 0.942155 -0.327654 -0.0443817 -0.182042 0.33513 0.924418 1.17368 0 0 0 1 
5494384560199;0.148187;0.428741;0.989124 0.113797 0.093187 0.170282 -0.109098 0.992559 -0.0540752 0.505541 -0.0986472 0.0433205 0.994179 0.904932 0 0 0 1 
5494384560200;0.674054;0.502984;0.989447 -0.0726825 0.125347 -0.596875 0.0677856 0.996777 0.042905 -0.707766 -0.128062 -0.0339555 0.991185 0.737791 0 0 0 1 
5494384560201;0.851959;0.453236;0.924987 -0.231168 0.301598 -0.184879 0.157285 0.955409 0.249911 -1.04488 -0.34592 -0.183728 0.9201 1.0783 0 0 0 1 
5494384560202;0.0584502;0.475563;0.996781 -0.0250921 0.0761432 -0.00327266 0.0254396 0.99967 -0.00359814 -0.0979133 -0.0760278 0.00552362 0.99709 0.828594 0 0 0 1 
5494384560203;0.443983;0.399237;0.981987 -0.00246731 0.188932 -0.229937 0.0745676 0.923815 -0.375506 0.521239 -0.173612 0.382831 0.907359 1.21447 0 0 0 1 
5494384560204;0.212563;0.435631;0.991824 0.0221551 0.125672 -0.127316 -0.0224446 0.999748 0.000887706 0.0584466 -0.125621 -0.0037011 0.992071 0.787657 0 0 0 1 
5494384560205;0.664348;0.470338;0.816933 -0.301984 0.491351 0.00419052 0.271835 0.953003 0.133756 -1.15537 -0.508651 0.0242963 0.86063 3.49588 0 0 0 1 
5494384560206;0.578856;0.426505;0.988309 -0.088297 0.124294 0.0512237 0.0869633 0.996081 0.0161256 -0.291002 -0.125231 -0.00512809 0.992114 1.64243 0 0 0 1 
5494384560207;0.371227;0.477438;0.956547 -0.0772602 0.281157 -0.344044 -0.00785337 0.95708 0.289718 -0.599065 -0.291473 -0.279337 0.914885 1.85827 0 0 0 1 
5494384560208;0.803964;0.466888;0.983405 0.0218046 0.180111 0.122309 -0.0273997 0.999214 0.0286357 0.181193 -0.179345 -0.0330954 0.983229 2.15898 0 0 0 1 
5494384560209;0.402561;0.419344;0.915402 -0.395409 -0.0754338 0.362139 0.380087 0.910742 -0.161505 -1.32698 0.132561 0.119171 0.983985 0.0712443 0 0 0 1 
5494384560210;0.831689;0.450883;0.970486 0.132234 0.201672 -0.207789 -0.0867656 0.971721 -0.219612 1.39752 -0.225009 0.195633 0.954515 0.989831 0 0 0 1 
5494384560211;0.793568;0.398506;0.999013 -0.043587 0.00851488 0.804544 0.0435795 0.999049 0.00106889 0.0992127 -0.00855338 -0.000696761 0.999963 0.0869807 0 0 0 1 
5494384560212;0.459124;0.458622;0.993132 -0.0195756 0.115347 0.200551 0.020551 0.999762 -0.00727251 0.0616493 -0.115177 0.00959306 0.993299 1.4278 0 0 0 1 
5494384560213;0.436091;0.407311;0.966254 -0.0551889 -0.25161 0.762462 0.00532609 0.980851 -0.194689 0.371063 0.257536 0.186779 0.948045 -0.156329 0 0 0 1 
5494384560214;0.701608;0.45593;0.993751 -0.0182633 0.110116 -0.0473303 0.0162543 0.999685 0.0191148 0.604737 -0.110431 -0.0172055 0.993735 0.626433 0 0 0 1 
5494384560215;0.568246;0.479983;0.984528 0.00989985 -0.174949 1.00111 0.0334786 0.969384 0.243256 -0.577096 0.172001 -0.245349 0.954054 -0.156386 0 0 0 1 
5494384560217;0.781012;0.248589;0.966136 0.257609 -0.014794 0.85995 -0.258021 0.963951 -0.0649852 1.37943 -0.00248004 0.0666018 0.997777 0.422441 0 0 0 1 
5494384560218;0.673342;0.239777;0.865041 -0.0388618 -0.500194 1.91293 0.062443 0.997583 0.0304839 -0.444538 0.4978 -0.0576034 0.865377 -1.98281 0 0 0 1 
5494384560219;0.333437;0.148431;0.948288 -0.292951 -0.122186 0.468863 0.290444 0.956127 -0.0382537 -1.53965 0.128032 0.000787353 0.99177 -0.624589 0 0 0 1 
5494384560220;0.675306;0.173168;0.956023 -0.0503663 -0.288934 0.812943 0.0344498 0.997609 -0.0599135 0.00501108 0.291261 0.0473249 0.955472 -0.884944 0 0 0 1 
5494384560221;0.374554;0.22383;0.871141 0.491009 -0.00481371 1.05508 -0.476239 0.842468 -0.251881 3.43269 -0.11962 0.221716 0.967746 1.04247 0 0 0 1 
5494384560222;1.07278;0.251309;0.934753 0.206845 -0.28888 0.681929 -0.250219 0.960481 -0.121929 2.55944 0.252243 0.186257 0.949569 -0.853283 0 0 0 1 
5494384560223;0.406435;0.19543;0.907783 0.419228 -0.0133024 0.589957 -0.418173 0.902127 -0.106295 2.63786 -0.0325615 0.102056 0.994246 0.541833 0 0 0 1 
5494384560224;0.20751;0.221113;0.991276 0.029481 0.128465 -0.398378 -0.0290404 0.999564 -0.00530183 0.289917 -0.128565 0.00152491 0.9917 0.831103 0 0 0 1 
5494384560225;0.828158;0.183632;0.983841 0.128428 -0.124755 0.34406 -0.111623 0.984747 0.133466 0.573498 0.139993 -0.117383 0.98317 0.0215322 0 0 0 1 
5494384560226;0.429538;0.211414;0.86249 0.150237 -0.48326 1.92428 -0.101844 0.98691 0.125049 0.686528 0.495721 -0.0586369 0.8665 -2.61757 0 0 0 1 
5494384560227;0.623994;0.150316;0.94655 -0.305944 0.102185 -0.286184 0.290067 0.945926 0.145205 -1.56839 -0.141084 -0.107803 0.984111 0.6485 0 0 0 1 
5494384560228;0.349478;0.189868;0.984591 -0.0561868 -0.165603 0.476719 0.101817 0.954104 0.281637 -0.964406 0.142178 -0.294158 0.945122 -0.770056 0 0 0 1 
5494384560229;0.390705;0.234442;0.985148 0.160208 -0.0617862 0.332408 -0.161597 0.98669 -0.0181393 1.33251 0.0580578 0.0278543 0.997925 0.0251935 0 0 0 1 
5494384560230;0.944473;0.250602;0.980378 0.167666 0.103672 -0.637523 -0.163314 0.985347 -0.0491919 1.31674 -0.110401 0.0312955 0.993394 0.284478 0 0 0 1 
5494384560231;0.749473;0.18823;0.946192 -0.168756 0.27612 -0.811084 0.1488 0.984592 0.0918526 -0.838111 -0.287366 -0.0458235 0.956724 1.32422 0 0 0 1 
5494384560232;0.1939;0.238458;0.999375 -0.000300346 0.0353476 -0.114585 -0.00356492 0.994009 0.109236 -0.0932031 -0.0351686 -0.109294 0.993387 0.211395 0 0 0 1 
5494384560233;0.634182;0.238795;0.902205 0.32275 0.286108 -0.0741249 -0.378198 0.910893 0.165046 1.96611 -0.207346 -0.257111 0.943876 0.861741 0 0 0 1 
5494384560234;0.39885;0.202619;0.931376 -0.279925 -0.232767 0.808262 0.284983 0.958453 -0.0123213 -1.54169 0.226545 -0.0548588 0.972455 -1.36245 0 0 0 1 
5494384560235;0.0516956;0.255914;0.984976 0.170705 -0.0261111 0.332521 -0.171596 0.984478 -0.0368617 1.23682 0.0194133 0.0407885 0.998979 -0.00411911 0 0 0 1 
5494384560236;0.391323;0.237411;0.996617 -0.0698224 -0.0433529 0.176539 0.0672498 0.996037 -0.0582075 0.248921 0.0472453 0.0550951 0.997363 -0.131097 0 0 0 1 
5494384560237;1.02921;0.218022;0.99367 0.110016 0.0227409 0.589083 -0.101488 0.96589 -0.238239 1.53733 -0.0481751 0.234423 0.97094 1.26546 0 0 0 1 
5494384560238;0.757061;0.240927;0.928605 0.355135 -0.107571 1.09889 -0.359463 0.932868 -0.0232939 2.67653 0.0920772 0.0602987 0.993924 -0.868907 0 0 0 1 
5494384560239;0.288361;0.256876;0.894383 0.371381 0.24931 0.0831875 -0.338282 0.92625 -0.16621 2.48485 -0.292651 0.0643187 0.954054 1.96386 0 0 0 1 
5494384560240;0.0978136;0.185013;0.973034 0.167599 -0.158479 0.659606 -0.162751 0.985722 0.0431858 0.928348 0.163454 -0.0162286 0.986418 -0.845118 0 0 0 1 
5494384560241;0.673589;0.181788;0.88496 0.437825 -0.158602 1.15427 -0.461344 0.870624 -0.170808 3.63142 0.0632986 0.224328 0.972456 -0.0293562 0 0 0 1 
5494384560242;1.04802;0.230621;0.971018 0.200084 0.130729 -0.317687 -0.171752 0.964521 -0.200503 2.16129 -0.166208 0.172239 0.970932 1.9734 0 0 0 1 
5494384560243;0.111566;0.198211;0.997238 0.0559233 -0.0488799 0.204715 -0.0566622 0.998297 -0.013863 0.550477 0.0480214 0.0165944 0.998708 -0.267887 0 0 0 1 
5494384560244;1.00468;0.178655;0.988805 -0.149199 -0.00228167 0.434626 0.149215 0.98875 0.0104535 -0.635201 0.000696355 -0.0106769 0.999943 -0.752499 0 0 0 1 
5494384560245;0.648612;0.169858;0.999542 -0.02985 0.00505793 -0.00782825 0.0300054 0.998969 -0.0340751 0.297358 -0.00403557 0.0342113 0.999406 0.617027 0 0 0 1 
5494384560246;0.310363;0.218857;0.988349 0.145727 0.0439366 0.121703 -0.150639 0.977851 0.145312 0.694037 -0.0217876 -0.150237 0.98841 0.412511 0 0 0 1 
5494384560248;0.548689;0.544236;0.983869 -0.173793 0.0423969 0.150124 0.169667 0.981675 0.0867581 -2.81428 -0.0566979 -0.0781653 0.995327 1.28618 0 0 0 1 
5494384560249;0.350307;0.380674;0.950583 0.285117 0.122887 0.0586906 -0.265218 0.951483 -0.156012 2.81385 -0.161406 0.11571 0.980081 1.32642 0 0 0 1 
5494384560250;0.482059;0.380866;0.984199 0.108776 0.139711 0.486419 -0.0987681 0.992151 -0.0766919 0.0577489 -0.146957 0.0616811 0.987218 1.45392 0 0 0 1 
5494384560251;0.346948;0.393215;0.931728 0.283511 0.226948 -0.0379789 -0.304948 0.950149 0.0649958 2.22251 -0.197207 -0.129766 0.971736 2.46553 0 0 0 1 
5494384560252;0.590914;0.359538;0.937805 -0.169757 -0.302826 1.82794 0.12623 0.979326 -0.158071 -2.06755 0.323399 0.110014 0.939846 -3.2431 0 0 0 1 
5494384560253;0.449485;0.499992;0.930964 0.0847158 -0.355147 1.93583 -0.117793 0.990386 -0.0725338 1.0384 0.345588 0.10936 0.931992 -3.44244 0 0 0 1 
5494384560254;0.682288;0.536914;0.966898 -0.241176 0.0833216 1.13409 0.227042 0.962199 0.150414 -3.80958 -0.116448 -0.126517 0.985106 2.04132 0 0 0 1 
5494384560255;0.468787;0.372552;0.997653 0.0427064 0.0535152 -0.312659 -0.0362798 0.992611 -0.115785 0.227104 -0.0580646 0.113572 0.991832 -0.284657 0 0 0 1 
5494384560256;0.445109;0.429676;0.896222 0.400921 0.189866 -0.0489524 -0.423789 0.900296 0.0993418 3.2691 -0.131108 -0.169496 0.976771 1.06105 0 0 0 1 
5494384560257;0.358958;0.478616;0.97418 -0.0347988 0.223076 -0.346405 0.00216193 0.989443 0.144907 -1.15085 -0.225764 -0.140683 0.96397 2.77642 0 0 0 1 
5494384560258;0.299214;0.501529;0.970291 -0.215009 0.110938 0.467642 0.232591 0.955197 -0.183032 -2.42126 -0.066614 0.203397 0.976828 0.274903 0 0 0 1 
5494384560259;0.232186;0.433445;0.996346 -0.0830271 0.0200135 0.334974 0.0803983 0.990876 0.108174 -1.87789 -0.0288123 -0.106169 0.993931 0.130007 0 0 0 1 
5494384560260;0.561418;0.328437;0.942546 0.311457 0.120839 -0.103604 -0.321197 0.944316 0.0714125 2.49452 -0.091868 -0.106123 0.9901 1.8397 0 0 0 1 
5494384560261;0.428236;0.463161;0.851397 0.313332 0.420649 0.044898 -0.285275 0.949597 -0.129934 2.47907 -0.44016 -0.00937499 0.897871 4.6091 0 0 0 1 
5494384560262;0.264025;0.387344;0.996115 0.02704 0.0838117 0.295572 -0.0137656 0.987805 -0.155087 0.00201879 -0.0869832 0.153331 0.984339 0.317947 0 0 0 1 
5494384560263;0.26212;0.333897;0.993032 0.117136 -0.0129372 0.301497 -0.116225 0.991592 0.0568911 0.235064 0.0194924 -0.054991 0.998297 0.217717 0 0 0 1 
5494384560264;0.617641;0.458201;0.992737 -0.0501539 -0.109351 1.00043 0.0023985 0.917026 -0.398821 1.10299 0.12028 0.395662 0.910486 -2.09652 0 0 0 1 
