#;prob_registration_l1 -r /home/probabilistic_point_clouds_registration/build/tester /home/point_clouds_registration_benchmark//devel/registration_pairs/urban05_local.txt /home/point_clouds_registration_benchmark//kaist/urban05 -s 0.2 -t 0.2 -p 0.3 -r 1000 -m 25 -i 40 
id;initial_error;final_error;transformation
34562489690000;0.13992;0.624571;1 -1.23649e-07 7.97139e-07 -0.868914 1.23649e-07 1 2.88753e-08 4.45183 -7.97139e-07 -2.88752e-08 1 -0.093624 0 0 0 1 
34562489690001;0.182436;0.251803;1 -8.82008e-08 5.22625e-07 -0.774478 8.82008e-08 1 4.19477e-08 0.641867 -5.22625e-07 -4.19476e-08 1 -0.313366 0 0 0 1 
34562489690002;0.400034;0.51661;0.999978 -1.37697e-07 -0.00661669 16.5209 3.95189e-06 1 0.000576436 -2.58439 0.00661669 -0.00057645 0.999978 -9.54934 0 0 0 1 
34562489690003;0.381518;0.465843;0.999218 6.50428e-05 -0.0395441 30.9552 7.14694e-05 0.999994 0.00345073 -4.00867 0.0395441 -0.00345086 0.999212 -11.3965 0 0 0 1 
34562489690004;0.467995;0.694817;1 -1.12815e-07 4.81367e-07 -0.838617 1.12815e-07 1 5.56098e-08 2.14311 -4.81367e-07 -5.56098e-08 1 -0.39648 0 0 0 1 
34562489690005;0.423309;0.702004;1 -1.43705e-07 7.74308e-07 -1.0971 1.43705e-07 1 7.67715e-08 2.50461 -7.74308e-07 -7.67713e-08 1 -0.555865 0 0 0 1 
34562489690006;0.190415;0.421172;0.999851 7.68702e-06 0.0172903 39.4388 1.83879e-05 0.999999 -0.00150791 -6.4255 -0.0172903 0.001508 0.999849 11.2585 0 0 0 1 
34562489690007;0.167146;0.415085;1 -2.0021e-08 7.46234e-07 0.0331042 2.00209e-08 1 1.09481e-08 2.62337 -7.46234e-07 -1.09481e-08 1 0.0300141 0 0 0 1 
34562489690008;0.102809;0.104305;1 -2.83016e-08 7.19554e-08 -0.185692 2.83016e-08 1 5.75811e-09 -0.326582 -7.19554e-08 -5.75811e-09 1 -0.0237742 0 0 0 1 
34562489690009;0.0509686;0.114583;1 -3.65729e-06 9.53758e-06 28.9443 3.65731e-06 1 -2.20905e-06 -3.43081 -9.53757e-06 2.20909e-06 1 -11.1527 0 0 0 1 
34562489690010;0.0869115;0.1928;0.999945 0.000161602 -0.0104566 -1261.09 -0.000151687 1 0.000949075 111.349 0.0104567 -0.000947437 0.999945 277.445 0 0 0 1 
34562489690011;0.0782188;0.224255;0.999476 0.000458311 -0.0323501 -3316.54 -0.000366443 0.999996 0.00284569 290.74 0.0323513 -0.00283234 0.999473 63.9193 0 0 0 1 
34562489690012;0.0495854;0.934341;1 -2.43834e-08 2.30512e-07 -0.972053 2.43834e-08 1 1.10144e-08 -8.07899 -2.30512e-07 -1.10144e-08 1 -0.354543 0 0 0 1 
34562489690013;0.0622498;0.109096;1 1.12556e-07 9.58431e-07 -1.42132 -1.12556e-07 1 -6.0288e-08 0.791552 -9.58431e-07 6.02879e-08 1 0.169827 0 0 0 1 
34562489690014;0.30978;0.621439;1 -1.21921e-07 9.32718e-08 -0.624706 1.21921e-07 1 2.91791e-08 3.56847 -9.32718e-08 -2.91791e-08 1 -0.121304 0 0 0 1 
34562489690015;0.264634;0.338304;1 -4.21255e-08 1.53499e-07 -0.367365 4.21255e-08 1 9.81118e-09 -0.897136 -1.53499e-07 -9.81117e-09 1 -0.0746755 0 0 0 1 
34562489690016;0.0384264;0.189177;1 2.26639e-06 0.00019404 -18.8892 -2.26347e-06 1 -1.50644e-05 3.03395 -0.00019404 1.50639e-05 1 14.8329 0 0 0 1 
34562489690017;0.317284;0.505157;1 -1.2843e-07 2.30613e-07 -1.20871 1.2843e-07 1 3.5764e-08 -2.90882 -2.30613e-07 -3.57639e-08 1 -0.262554 0 0 0 1 
34562489690018;0.287954;0.447612;1 -3.32118e-08 1.61304e-07 -0.123884 3.32118e-08 1 8.90724e-09 2.6711 -1.61304e-07 -8.90724e-09 1 -0.0298855 0 0 0 1 
34562489690019;0.362659;0.57064;0.9978 0.00018694 0.066295 29.9806 0.00019697 0.999983 -0.00578435 -6.04177 -0.0662949 0.00578468 0.997783 24.2931 0 0 0 1 
34562489690020;0.112961;0.0730118;1 -4.73715e-07 2.32973e-05 3.09729 4.73721e-07 1 -2.46111e-07 -0.68571 -2.32973e-05 2.46122e-07 1 13.3685 0 0 0 1 
34562489690021;0.197833;0.32896;1 -2.79027e-08 -4.0382e-07 -0.307581 2.79027e-08 1 -1.33482e-08 -2.06288 4.0382e-07 1.33482e-08 1 0.0750348 0 0 0 1 
34562489690022;0.278308;1.29755;1 -6.57383e-08 1.06408e-06 -1.14486 6.57383e-08 1 -5.6285e-08 -9.98879 -1.06408e-06 5.62851e-08 1 0.186209 0 0 0 1 
34562489690023;0.193536;0.295846;0.999876 6.53417e-06 -0.015726 35.201 1.5039e-05 0.999999 0.0013717 -2.49186 0.015726 -0.00137177 0.999875 -9.40021 0 0 0 1 
34562489690024;0.347959;0.361493;0.999951 2.24235e-06 0.00994034 14.2258 6.36949e-06 1 -0.000866322 -3.53596 -0.00994034 0.000866342 0.99995 10.2625 0 0 0 1 
34562489690025;0.302077;0.617219;0.999674 2.4096e-05 -0.0255428 36.6236 3.28542e-05 0.999998 0.00222918 -1.07775 0.0255428 -0.00222929 0.999671 -6.0217 0 0 0 1 
34562489690026;0.218188;0.250459;1 -7.51933e-08 5.21176e-07 -0.627777 7.51933e-08 1 2.5584e-08 1.03757 -5.21176e-07 -2.55839e-08 1 -0.178451 0 0 0 1 
34562489690027;0.18191;0.307489;0.999901 3.90867e-06 -0.0140942 39.1448 1.34216e-05 0.999999 0.00122951 -2.73425 0.0140942 -0.00122957 0.9999 -7.54238 0 0 0 1 
34562489690028;0.340963;0.457052;1 -6.59027e-08 3.33903e-07 -0.625298 6.59027e-08 1 1.27214e-08 -1.65576 -3.33903e-07 -1.27214e-08 1 -0.105918 0 0 0 1 
34562489690029;0.238574;0.247789;0.999697 2.86268e-05 0.0246336 -21.3795 2.43246e-05 0.999998 -0.00214926 0.54839 -0.0246336 0.00214921 0.999694 10.8632 0 0 0 1 
34562489690031;0.530935;0.679536;1 5.46683e-08 -3.29631e-07 0.45718 -5.46683e-08 1 -2.1917e-08 0.374865 3.29631e-07 2.1917e-08 1 0.176312 0 0 0 1 
34562489690032;0.306555;0.478232;0.990211 0.000849856 0.139574 17.9823 0.000858123 0.999925 -0.0121765 -2.56735 -0.139574 0.012177 0.990137 62.2668 0 0 0 1 
34562489690033;0.46032;0.747968;0.999508 3.07448e-05 -0.0313635 103.415 5.51598e-05 0.999996 0.00273813 -7.99631 0.0313634 -0.00273851 0.999504 3.96224 0 0 0 1 
34562489690034;0.385219;1.52088;0.998701 0.00012962 -0.0509584 -119.325 9.68702e-05 0.99999 0.0044421 12.5653 0.0509585 -0.00444127 0.998691 -59.5347 0 0 0 1 
34562489690035;0.341621;0.39639;1 2.74244e-08 3.09822e-07 0.190794 -2.74244e-08 1 -4.42723e-09 -0.434886 -3.09822e-07 4.42722e-09 1 0.0394186 0 0 0 1 
34562489690036;0.158469;0.401301;0.992417 0.00066794 -0.122911 -30.1504 0.000655627 0.999942 0.0107277 1.75003 0.122911 -0.010727 0.99236 -23.4376 0 0 0 1 
34562489690037;0.364175;0.550518;0.999952 6.57508e-07 -0.00983556 30.4753 7.86046e-06 1 0.000865999 -3.91502 0.00983556 -0.000866034 0.999951 58.3004 0 0 0 1 
34562489690038;0.437441;1.19163;0.996103 0.000351365 0.0882012 -99.0003 0.000328957 0.99997 -0.00769863 10.7453 -0.0882013 0.00769764 0.996073 19.0675 0 0 0 1 
34562489690039;0.392147;0.350442;1 1.47002e-08 -1.83564e-07 0.10318 -1.47002e-08 1 -1.6228e-08 -0.281452 1.83564e-07 1.6228e-08 1 0.111545 0 0 0 1 
34562489690040;0.283513;0.521822;0.997653 0.000212885 -0.0684767 -53.2379 0.000196902 0.999982 0.00597752 3.99189 0.0684767 -0.00597697 0.997635 -8.02695 0 0 0 1 
34562489690041;0.287266;0.886741;0.995447 0.000680552 -0.0953118 -2262.41 0.000151851 0.999962 0.00872595 199.458 0.0953141 -0.0087007 0.995409 3056.47 0 0 0 1 
34562489690042;0.329992;1.15586;0.996218 0.000345694 0.0868911 -134.201 0.000314957 0.999971 -0.00758938 12.8748 -0.0868912 0.00758804 0.996189 -19.6414 0 0 0 1 
34562489690043;0.516204;0.910237;1 8.13657e-08 -2.65975e-07 0.669604 -8.13657e-08 1 -1.34819e-09 0.416035 2.65975e-07 1.34821e-09 1 0.000835171 0 0 0 1 
34562489690044;0.236329;0.46803;0.999264 6.55449e-05 -0.0383695 -4.24955 6.29478e-05 0.999994 0.0033476 -0.344563 0.0383695 -0.00334755 0.999258 -17.0392 0 0 0 1 
34562489690045;0.316589;0.722648;0.999961 -1.27517e-05 -0.00883165 131.63 1.97533e-05 1 0.000792703 -13.255 0.00883163 -0.000792846 0.999961 175.415 0 0 0 1 
34562489690046;0.376135;0.338533;0.998353 0.000142977 -0.0573619 15.1055 0.000144473 0.999987 0.00500697 -2.10395 0.0573619 -0.00500702 0.998341 -5.55016 0 0 0 1 
34562489690047;0.485231;0.46313;0.998073 0.000171096 -0.0620491 -13.6205 0.000165272 0.999985 0.00541583 1.75378 0.0620492 -0.00541565 0.998058 -10.1269 0 0 0 1 
34562489690048;0.199981;0.217401;0.999986 1.80457e-06 -0.00532194 -3.23656 6.61452e-07 1 0.000463366 0.265645 0.00532194 -0.000463363 0.999986 -9.84896 0 0 0 1 
34562489690049;0.208318;0.216862;1 -2.75914e-09 -2.15428e-07 -0.0242193 2.75914e-09 1 6.63301e-09 -0.169374 2.15428e-07 -6.63301e-09 1 -0.0636278 0 0 0 1 
34562489690050;0.378047;0.896507;0.973828 0.00230219 -0.227275 -105.909 0.00226707 0.999801 0.0198415 9.03048 0.227276 -0.0198374 0.973628 -25.6531 0 0 0 1 
34562489690051;0.381473;0.794851;1 9.22624e-08 2.23693e-07 0.79094 -9.22624e-08 1 7.62334e-09 0.821324 -2.23693e-07 -7.62336e-09 1 -0.0562419 0 0 0 1 
34562489690052;0.123011;0.750058;0.999502 5.38916e-05 -0.0315514 -77.2228 3.29373e-05 0.999996 0.00275146 6.58402 0.0315514 -0.00275113 0.999498 -26.4274 0 0 0 1 
34562489690053;0.447449;0.959958;1 1.95204e-06 0.000570805 -13.8058 -1.92407e-06 1 -4.90054e-05 2.35993 -0.000570805 4.90043e-05 1 6.47397 0 0 0 1 
34562489690054;0.341689;0.712647;0.97076 0.00287467 -0.240033 -2555.78 0.00240928 0.999761 0.0217171 225.809 0.240038 -0.0216604 0.970522 5678.12 0 0 0 1 
34562489690055;0.435439;0.846942;0.999985 6.7897e-06 -0.00546905 -41.5388 -4.20462e-06 1 0.000472686 3.44522 0.00546905 -0.000472656 0.999985 -38.1135 0 0 0 1 
34562489690056;0.453077;0.220376;0.926728 0.00628718 -0.375679 933.192 0.00638761 0.999452 0.0324833 -80.2892 0.375678 -0.0325029 0.92618 -2350.5 0 0 0 1 
34562489690057;0.243925;0.541483;0.999761 2.1866e-05 0.0218666 -10.1748 1.98927e-05 0.999998 -0.00190948 -0.812399 -0.0218666 0.00190946 0.999759 -4.03437 0 0 0 1 
34562489690058;0.299623;0.662995;0.987054 0.00113671 0.160383 -73.6852 0.00112233 0.999901 -0.013994 6.48123 -0.160383 0.0139928 0.986956 69.2375 0 0 0 1 
34562489690059;0.121954;0.243038;0.999996 1.0498e-06 -0.00289004 -4.58217 -3.21234e-07 1 0.000252096 -0.0721347 0.00289004 -0.000252094 0.999996 -2.20775 0 0 0 1 
34562489690060;0.336224;1.04244;0.999509 4.86055e-05 0.0313181 -47.6834 3.69934e-05 0.999996 -0.00273263 4.35585 -0.0313181 0.00273244 0.999506 13.114 0 0 0 1 
34562489690062;0.450678;0.29023;0.992311 0.000669987 0.123771 -5.6245 0.000672464 0.999941 -0.0108041 -0.483575 -0.123771 0.0108043 0.992252 27.6032 0 0 0 1 
34562489690063;0.504888;0.590907;1 1.12132e-08 1.63154e-07 0.0716069 -1.12132e-08 1 -5.29822e-09 -0.324126 -1.63154e-07 5.29822e-09 1 0.0596585 0 0 0 1 
34562489690064;0.452148;0.407575;1 -2.01011e-08 1.27405e-08 -0.19546 2.01011e-08 1 -4.03249e-09 -0.362505 -1.27405e-08 4.03249e-09 1 0.00784821 0 0 0 1 
34562489690065;0.324911;0.424949;0.99999 7.20609e-07 -0.00449755 1.81031 1.04647e-06 1 0.000392896 -0.839475 0.00449755 -0.000392897 0.99999 1.25435 0 0 0 1 
34562489690066;0.34336;0.380139;0.997918 0.00011274 0.0645022 547.018 0.000247236 0.999984 -0.00557282 -48.197 -0.0645018 0.00557717 0.997902 442.951 0 0 0 1 
34562489690067;0.18061;0.404243;1 -2.82772e-08 4.40079e-07 -0.0565189 2.82772e-08 1 -4.60807e-08 -0.812267 -4.40079e-07 4.60807e-08 1 0.106126 0 0 0 1 
34562489690068;0.143206;1.04427;0.999918 1.30688e-05 0.0128282 -47.4184 1.28619e-06 0.999999 -0.00111901 1.78825 -0.0128282 0.00111893 0.999917 9.77383 0 0 0 1 
34562489690069;0.265071;0.351097;1 1.17455e-06 0.000904175 -9.25654 -1.10524e-06 1 -7.66529e-05 0.0297199 -0.000904175 7.66519e-05 1 17.7154 0 0 0 1 
34562489690070;0.337998;0.366981;0.963287 0.00321303 -0.268454 -20.8358 0.00319816 0.99972 0.0234412 1.09424 0.268454 -0.0234391 0.963007 -11.0425 0 0 0 1 
34562489690071;0.291767;0.361063;1 2.03541e-07 -0.00088897 -1.03407 -1.34959e-07 1 7.71481e-05 -0.713615 0.00088897 -7.71479e-05 1 -3.16539 0 0 0 1 
34562489690072;0.432542;0.46865;0.961944 0.0032652 0.273227 427.4 0.00340777 0.999707 -0.0239446 -38.3237 -0.273226 0.0239645 0.961651 -852.915 0 0 0 1 
34562489690073;0.333627;0.478095;0.997584 0.000214258 -0.0694645 -16.7478 0.000207464 0.999982 0.00606379 0.669193 0.0694645 -0.00606355 0.997566 -16.5043 0 0 0 1 
34562489690074;0.333091;1.51576;0.959867 0.00352593 0.280433 -210.418 0.00348174 0.999694 -0.0244866 15.0044 -0.280434 0.0244803 0.959561 60.9326 0 0 0 1 
34562489690075;0.300984;0.398639;0.968984 0.00271236 -0.247109 1.80294 0.0027031 0.999764 0.0215734 -1.08239 0.247109 -0.0215722 0.968748 -37.0455 0 0 0 1 
34562489690076;0.255405;0.384324;0.999281 6.11382e-05 0.037905 7.47084 6.44002e-05 0.999995 -0.00331069 -1.32756 -0.037905 0.00331076 0.999276 -6.97821 0 0 0 1 
34562489690077;0.37018;0.37884;0.953238 0.0040904 -0.302192 -15.3831 0.00407506 0.999644 0.0263853 0.194874 0.302192 -0.026383 0.952882 -27.2202 0 0 0 1 
34562489690078;0.123389;0.216526;0.996388 0.000278042 -0.0849145 312.306 0.000346959 0.999973 0.00734551 -27.8761 0.0849143 -0.00734844 0.996361 -532.128 0 0 0 1 
34562489690079;0.437756;0.72092;0.997959 0.000190539 -0.0638508 -89.4013 0.000165783 0.999984 0.00557519 6.85478 0.0638509 -0.00557439 0.997944 -7.83181 0 0 0 1 
34562489690080;0.248888;0.71529;0.994866 0.000456504 -0.101202 -51.3275 0.000440694 0.999961 0.00884288 3.24785 0.101202 -0.00884208 0.994827 42.4428 0 0 0 1 
34562489690081;0.238106;0.274011;1 -4.00018e-09 2.06273e-07 -0.071793 4.00018e-09 1 1.16785e-08 -0.597484 -2.06273e-07 -1.16785e-08 1 -0.0875201 0 0 0 1 
34562489690082;0.176775;0.415201;0.980074 0.00174431 0.198626 -62.87 0.00173511 0.999848 -0.0173421 4.46136 -0.198626 0.0173412 0.979922 24.0564 0 0 0 1 
34562489690083;0.334152;0.180742;0.999997 1.72388e-06 0.00248434 -12.2475 -1.18438e-06 1 -0.000217162 0.0211911 -0.00248434 0.000217159 0.999997 -1.13803 0 0 0 1 
34562489690084;0.376441;0.373826;1 1.31819e-07 -0.000130755 -0.871035 -1.30339e-07 1 1.13185e-05 0.0080984 0.000130755 -1.13185e-05 1 -0.771563 0 0 0 1 
34562489690085;0.162081;0.637021;0.992739 0.000634812 -0.120285 10.3314 0.000633065 0.999945 0.0105021 -2.22463 0.120285 -0.010502 0.992684 -8.96895 0 0 0 1 
34562489690086;0.435379;0.431469;0.999898 8.17841e-06 0.0142922 3.91037 9.66255e-06 0.999999 -0.00124823 -0.817495 -0.0142922 0.00124824 0.999897 -1.34961 0 0 0 1 
34562489690087;0.326485;0.392528;0.999724 2.47202e-05 0.0234881 -8.25958 2.34518e-05 0.999998 -0.00205064 -0.0600688 -0.0234881 0.00205062 0.999722 2.86214 0 0 0 1 
34562489690088;0.343468;0.331346;1 -7.38809e-09 -8.49479e-06 0.173514 7.39331e-09 1 6.14956e-07 -0.231589 8.49479e-06 -6.14957e-07 1 -0.843172 0 0 0 1 
34562489690089;0.181879;0.280508;0.998574 0.000126917 -0.0533838 -11.5796 0.000122081 0.999989 0.00466101 0.335595 0.0533838 -0.00466088 0.998563 -4.13224 0 0 0 1 
34562489690090;0.274172;0.509151;0.985077 0.00130788 -0.172108 -14.984 0.00129804 0.999886 0.0150278 0.405878 0.172108 -0.0150269 0.984963 -9.28291 0 0 0 1 
34562489690091;0.516972;1.13337;0.999998 8.69228e-06 -0.00209108 -65.7624 -8.31641e-06 1 0.000179759 3.97112 0.00209108 -0.000179741 0.999998 -23.757 0 0 0 1 
34562489690093;0.4248;0.517382;0.999963 9.97223e-07 0.00859042 15.1912 5.42107e-06 1 -0.000747122 0.321063 -0.00859041 0.000747141 0.999963 24.2944 0 0 0 1 
34562489690094;0.0934313;0.167391;0.999036 8.79194e-05 0.0439026 -36.496 8.024e-05 0.999993 -0.00382851 4.68332 -0.0439026 0.00382834 0.999028 37.5942 0 0 0 1 
34562489690095;0.144672;0.255585;0.999923 9.76891e-06 0.0123958 -26.3454 3.62296e-06 0.999999 -0.00108033 4.06982 -0.0123958 0.0010803 0.999923 16.2808 0 0 0 1 
34562489690096;0.228702;0.325052;0.998566 -0.000157957 -0.0535267 2284.32 0.000423467 0.999988 0.00494903 -198.42 0.0535253 -0.0049646 0.998554 2343.17 0 0 0 1 
34562489690097;0.121961;0.133276;0.999373 4.6768e-05 0.0354133 57.5401 6.27082e-05 0.999995 -0.00309027 -5.40927 -0.0354132 0.00309056 0.999368 10.9084 0 0 0 1 
34562489690098;0.286027;0.307655;0.999992 -6.42396e-07 0.00407847 10.0743 2.09477e-06 1 -0.000356102 -0.218618 -0.00407847 0.000356108 0.999992 0.313951 0 0 0 1 
34562489690099;0.0245713;0.0556378;0.999785 1.65468e-05 0.0207288 14.343 2.09436e-05 0.999998 -0.0018084 -1.38864 -0.0207288 0.00180844 0.999784 10.7838 0 0 0 1 
34562489690100;0.214406;0.212959;1 -2.32072e-08 9.08103e-08 -0.172769 2.32072e-08 1 3.83394e-08 0.692434 -9.08103e-08 -3.83394e-08 1 -0.331451 0 0 0 1 
34562489690101;0.290539;0.323435;1 -3.79209e-08 3.48683e-07 -0.254619 3.79209e-08 1 -6.38184e-09 0.100607 -3.48683e-07 6.38185e-09 1 0.035334 0 0 0 1 
34562489690102;0.160438;0.143117;0.992647 0.000674345 -0.121041 -243.346 0.00059871 0.999945 0.0104809 20.6077 0.121041 -0.0104763 0.992592 -737.806 0 0 0 1 
34562489690103;0.385248;0.420287;1 -1.24382e-08 1.87477e-07 -0.131264 1.24382e-08 1 -2.84678e-08 -0.472828 -1.87477e-07 2.84678e-08 1 0.155163 0 0 0 1 
34562489690104;0.150227;0.231235;0.999639 2.86685e-05 0.0268641 17.9523 3.43315e-05 0.999997 -0.00234467 -2.61098 -0.0268641 0.00234475 0.999636 5.54337 0 0 0 1 
34562489690105;0.212702;0.277434;0.999503 3.88458e-05 0.0315389 31.3776 4.79372e-05 0.999996 -0.00275086 -4.4246 -0.0315389 0.002751 0.999499 19.9443 0 0 0 1 
34562489690106;0.369761;0.430945;0.999995 -1.75088e-06 0.00306944 16.1814 2.57112e-06 1 -0.000267224 -0.459699 -0.00306944 0.000267231 0.999995 6.13181 0 0 0 1 
34562489690107;0.232667;0.211565;0.999994 -8.84498e-07 0.0036048 9.9682 2.01501e-06 1 -0.00031361 -0.177003 -0.0036048 0.000313615 0.999993 8.42629 0 0 0 1 
34562489690108;0.240619;0.265532;1 -2.58826e-08 -1.35372e-08 -0.15451 2.58826e-08 1 1.52696e-08 0.207702 1.35372e-08 -1.52696e-08 1 -0.0961564 0 0 0 1 
34562489690109;0.185949;0.218185;1 -3.09405e-08 -2.66375e-07 -0.159853 3.09405e-08 1 1.65128e-08 0.177202 2.66375e-07 -1.65128e-08 1 -0.105882 0 0 0 1 
34562489690110;0.265953;0.298279;0.994606 0.000454776 -0.103721 144.088 0.000486946 0.999959 0.00905386 -12.6277 0.103721 -0.00905553 0.994565 -1.80831 0 0 0 1 
34562489690111;0.165425;0.253084;0.999868 1.3302e-05 0.0162301 -16.381 9.67442e-06 0.999999 -0.00141559 3.02975 -0.0162301 0.00141556 0.999867 11.5313 0 0 0 1 
34562489690112;0.350609;0.388583;0.997808 0.00019445 0.0661723 -33.7666 0.000187942 0.999983 -0.00577245 4.79845 -0.0661723 0.00577223 0.997792 40.9361 0 0 0 1 
34562489690113;0.399049;0.428765;1 -2.0808e-08 1.41253e-07 -0.133347 2.0808e-08 1 1.74038e-09 0.359242 -1.41253e-07 -1.74038e-09 1 -0.00948892 0 0 0 1 
34562489690114;0.0997142;0.205445;1 9.65225e-09 2.38979e-07 0.1253 -9.65225e-09 1 1.05668e-08 1.27276 -2.38979e-07 -1.05668e-08 1 -0.0519807 0 0 0 1 
34562489690115;0.280795;0.339273;1 -1.83903e-06 -4.06653e-05 13.9787 1.8391e-06 1 1.53207e-06 -1.67632 4.06653e-05 -1.53215e-06 1 -16.5166 0 0 0 1 
34562489690116;0.37279;0.409737;1 -3.6539e-08 3.01287e-07 -0.240225 3.6539e-08 1 3.83751e-08 0.268193 -3.01287e-07 -3.83751e-08 1 -0.318779 0 0 0 1 
34562489690117;0.26675;0.421806;1 -2.99297e-08 -3.56854e-08 -0.0961322 2.99297e-08 1 1.76377e-08 1.84814 3.56854e-08 -1.76377e-08 1 -0.0252202 0 0 0 1 
34562489690118;0.0989808;0.180691;0.998308 -0.000944272 -0.0581471 8793.7 0.00121911 0.999988 0.00469139 -763.72 0.058142 -0.00475433 0.998297 -2590.57 0 0 0 1 
34562489690119;0.386067;0.648203;0.999825 5.13269e-06 -0.0186835 80.6583 2.52717e-05 0.999999 0.0016271 -6.31798 0.0186835 -0.00162729 0.999824 -31.6463 0 0 0 1 
34562489690120;0.309421;0.368506;1 9.01598e-09 1.74817e-07 0.139829 -9.01598e-09 1 -1.44153e-08 1.19022 -1.74817e-07 1.44153e-08 1 0.182233 0 0 0 1 
34562489690121;0.382301;0.433837;1 -4.18359e-08 1.22137e-07 -0.261902 4.18359e-08 1 1.04154e-08 0.532585 -1.22137e-07 -1.04154e-08 1 -0.020742 0 0 0 1 
34562489690122;0.179762;0.251561;1 -8.58207e-09 1.54268e-07 -0.138682 8.58207e-09 1 -2.78524e-08 -0.992578 -1.54268e-07 2.78524e-08 1 0.170993 0 0 0 1 
34562489690124;0.346704;0.493035;0.999974 -1.50984e-06 -0.0071852 29.921 6.0132e-06 1 0.000626733 -2.24618 0.00718519 -0.00062676 0.999974 -5.19415 0 0 0 1 
34562489690125;0.12865;0.301315;0.999605 0.0003279 -0.0281153 -2355.92 -0.000256008 0.999997 0.00256062 207.424 0.0281161 -0.00255241 0.999601 785.446 0 0 0 1 
34562489690126;0.441684;0.680239;0.99948 5.10875e-05 0.0322314 -50.0509 3.95046e-05 0.999996 -0.00281003 6.96227 -0.0322314 0.00280985 0.999476 34.7993 0 0 0 1 
34562489690127;0.210546;0.246199;1 1.9965e-08 4.96191e-07 0.139862 -1.9965e-08 1 2.20014e-08 0.469841 -4.96191e-07 -2.20014e-08 1 -0.202471 0 0 0 1 
34562489690128;0.0334274;0.206027;0.999817 -1.44174e-05 -0.0191498 247.038 4.61596e-05 0.999999 0.00165713 -23.0049 0.0191498 -0.00165771 0.999815 -114.558 0 0 0 1 
34562489690129;0.0803559;0.114932;1 -4.73785e-06 9.51213e-06 37.6242 4.73785e-06 1 3.1234e-07 -3.01425 -9.51214e-06 -3.12295e-07 1 8.5737 0 0 0 1 
34562489690130;0.355847;0.391192;1 -3.64902e-08 -3.33237e-08 -0.260562 3.64902e-08 1 2.73179e-08 0.144715 3.33237e-08 -2.73179e-08 1 -0.236368 0 0 0 1 
34562489690131;0.103607;0.0793218;1 9.73096e-07 4.04662e-05 -7.14934 -9.7297e-07 1 -3.1244e-06 1.0114 -4.04662e-05 3.12436e-06 1 2.72272 0 0 0 1 
34562489690132;0.232394;0.312442;0.999715 1.88362e-05 -0.0238803 51.0479 3.09449e-05 0.999998 0.00208424 -2.96096 0.0238803 -0.00208438 0.999713 -5.56088 0 0 0 1 
34562489690133;0.372111;0.404484;0.999996 -9.89892e-07 -0.00288596 10.4897 1.71682e-06 1 0.000251882 -0.643241 0.00288596 -0.000251886 0.999996 -1.2032 0 0 0 1 
34562489690134;0.23228;0.246806;1 -4.46633e-08 2.36661e-08 -0.31038 4.46633e-08 1 1.96285e-08 0.380641 -2.36661e-08 -1.96285e-08 1 -0.179575 0 0 0 1 
34562489690135;0.171644;1.13455;1 -8.46452e-08 -1.04061e-06 -0.37031 8.46452e-08 1 2.61191e-08 7.84614 1.04061e-06 -2.61192e-08 1 0.0414782 0 0 0 1 
34562489690136;0.200279;0.207524;1 -3.61993e-08 3.32674e-08 -0.243435 3.61993e-08 1 1.41383e-08 0.1823 -3.32674e-08 -1.41383e-08 1 -0.118738 0 0 0 1 
34562489690137;0.062551;0.119332;0.998361 0.00239132 -0.0571891 -18079.9 -0.00216564 0.99999 0.00400776 1603.23 0.057198 -0.00387733 0.998355 -8983.25 0 0 0 1 
34562489690138;0.126833;0.171774;1 3.26579e-08 -2.53617e-08 0.286213 -3.26579e-08 1 -8.72132e-09 0.803627 2.53617e-08 8.72132e-09 1 0.0795922 0 0 0 1 
34562489690139;0.334771;0.428422;1 1.09008e-08 1.13687e-07 0.133051 -1.09008e-08 1 1.34299e-08 0.987353 -1.13687e-07 -1.34299e-08 1 -0.0703201 0 0 0 1 
34562489690140;0.169798;0.286598;1 -7.19301e-08 -6.42367e-08 -0.167483 7.19301e-08 1 2.88571e-08 1.41418 6.42367e-08 -2.88571e-08 1 -0.125928 0 0 0 1 
34562489690141;0.269667;0.410834;1 3.42725e-08 -2.14906e-07 0.365852 -3.42725e-08 1 2.58209e-08 1.62329 2.14906e-07 -2.58209e-08 1 -0.158982 0 0 0 1 
34562489690142;0.0756236;0.208253;0.999342 4.96518e-05 -0.0362839 67.067 6.52504e-05 0.999995 0.00316557 -6.33948 0.0362839 -0.00316585 0.999337 -16.947 0 0 0 1 
34562489690143;0.273373;0.391365;0.999986 2.99065e-06 0.005206 -14.2178 -6.33852e-07 1 -0.00045271 2.523 -0.005206 0.0004527 0.999986 14.1562 0 0 0 1 
34562489690144;0.115892;1.14667;1 8.07792e-08 1.82927e-06 0.947557 -8.07792e-08 1 -2.01154e-08 8.63109 -1.82927e-06 2.01153e-08 1 0.441001 0 0 0 1 
34562489690145;0.160443;0.192836;0.99935 7.84678e-05 0.0360387 -180.09 3.99887e-05 0.999995 -0.00328619 14.9578 -0.0360388 0.0032855 0.999345 -1118.79 0 0 0 1 
34562489690146;0.0878609;0.254333;1 6.09678e-09 9.53099e-08 0.114569 -6.09678e-09 1 -1.30255e-09 1.32849 -9.53099e-08 1.30255e-09 1 0.0678277 0 0 0 1 
34562489690147;0.0902058;0.201405;0.999239 -0.000173547 -0.0390082 1935.49 0.000308374 0.999994 0.00345038 -168.299 0.0390073 -0.00345979 0.999233 434.871 0 0 0 1 
34562489690148;0.253989;0.402967;1 9.76226e-09 -1.90073e-07 0.156281 -9.76226e-09 1 -1.59491e-09 1.28461 1.90073e-07 1.59492e-09 1 0.0630183 0 0 0 1 
34562489690149;0.415878;0.415685;1 -2.28336e-08 1.7567e-07 -0.176267 2.28336e-08 1 2.94584e-08 0.00327104 -1.7567e-07 -2.94584e-08 1 -0.263609 0 0 0 1 
34562489690150;0.323952;0.364163;1 -4.35894e-08 -1.72801e-07 -0.341817 4.35895e-08 1 1.61834e-08 0.0151856 1.72801e-07 -1.61834e-08 1 -0.125465 0 0 0 1 
34562489690151;0.0908205;0.259022;1 3.87717e-08 1.09483e-07 0.33581 -3.87717e-08 1 5.11937e-10 1.35144 -1.09483e-07 -5.11941e-10 1 0.00257443 0 0 0 1 
34562489690152;0.416208;0.429134;0.997602 0.00020716 -0.0692042 26.8383 0.000211284 0.999982 0.00603913 -1.78007 0.0692042 -0.00603927 0.997584 -22.2595 0 0 0 1 
34562489690153;0.0988573;0.190252;0.999965 5.59133e-06 -0.0083445 -18.9198 4.48957e-07 1 0.000723862 -0.309392 0.0083445 -0.000723841 0.999965 -37.428 0 0 0 1 
34562489690155;0.259195;0.484749;0.999841 1.33394e-05 -0.0178414 7.02017 1.44489e-05 0.999999 0.00155739 1.47216 0.0178414 -0.0015574 0.99984 -3.21195 0 0 0 1 
34562489690156;0.172496;0.152687;0.999599 3.35123e-05 -0.0283292 16.5758 3.65062e-05 0.999997 0.00247108 -0.794684 0.0283292 -0.00247113 0.999596 -18.836 0 0 0 1 
34562489690157;0.159263;0.43103;0.999959 8.32574e-06 0.00904158 -37.2133 -1.20822e-06 1 -0.000787204 3.36497 -0.00904158 0.00078716 0.999959 17.5334 0 0 0 1 
34562489690158;0.105511;0.23072;0.999994 3.22528e-06 0.00360501 -20.3736 -2.09495e-06 1 -0.000313546 1.46962 -0.00360501 0.000313537 0.999993 9.36338 0 0 0 1 
34562489690159;0.266866;0.323766;1 -3.25596e-09 3.49025e-07 0.0364535 3.25594e-09 1 3.6513e-08 0.87109 -3.49025e-07 -3.6513e-08 1 -0.271501 0 0 0 1 
34562489690160;0.0473697;0.119168;0.999971 4.22898e-06 0.00760475 -14.2811 8.06759e-07 1 -0.00066218 1.63236 -0.00760475 0.000662167 0.999971 13.8093 0 0 0 1 
34562489690161;0.216211;0.251821;1 -1.64844e-09 4.79291e-08 0.235424 1.64844e-09 1 -6.16827e-09 0.562652 -4.79291e-08 6.16827e-09 1 0.0454396 0 0 0 1 
34562489690162;0.156911;0.300133;0.999991 3.19549e-06 0.00413439 -18.4805 -1.70739e-06 1 -0.000359936 2.1016 -0.0041344 0.000359926 0.999991 7.7387 0 0 0 1 
34562489690163;0.149607;0.137449;1 4.37498e-08 7.08731e-07 0.474865 -4.37498e-08 1 9.3528e-09 0.520313 -7.08731e-07 -9.35283e-09 1 -0.134725 0 0 0 1 
34562489690164;0.334807;0.390554;1 4.35465e-08 5.13872e-07 0.333807 -4.35465e-08 1 -1.85463e-08 -0.131854 -5.13872e-07 1.85463e-08 1 0.101207 0 0 0 1 
34562489690165;0.385816;0.46932;1 2.519e-08 4.50988e-07 0.292991 -2.519e-08 1 -1.61363e-08 0.889679 -4.50988e-07 1.61363e-08 1 0.0871005 0 0 0 1 
34562489690166;0.333068;0.411144;0.999991 2.70353e-06 0.0043134 -14.3725 -1.08424e-06 1 -0.000375412 1.52404 -0.0043134 0.000375404 0.999991 8.98597 0 0 0 1 
34562489690167;0.363242;0.466769;1 1.50698e-08 3.00809e-07 0.232376 -1.50698e-08 1 2.8574e-08 0.808432 -3.00809e-07 -2.8574e-08 1 -0.222866 0 0 0 1 
34562489690168;0.405801;0.292927;0.999672 2.71657e-05 -0.0255909 15.4656 3.00026e-05 0.999998 0.00223354 -0.206074 0.0255909 -0.00223358 0.99967 -7.16628 0 0 0 1 
34562489690169;0.233383;0.404613;0.999958 2.66673e-06 -0.00912063 8.93254 4.59826e-06 1 0.000796523 0.459176 0.00912063 -0.000796532 0.999958 0.856083 0 0 0 1 
34562489690170;0.111556;0.137515;1 1.90523e-08 3.71226e-07 0.245154 -1.90523e-08 1 1.1812e-08 0.414734 -3.71226e-07 -1.1812e-08 1 -0.135061 0 0 0 1 
34562489690171;0.0960451;0.306384;0.999762 2.11686e-05 -0.0218222 0.47385 2.03984e-05 0.999998 0.00190458 2.05806 0.0218222 -0.00190457 0.99976 -6.46911 0 0 0 1 
34562489690172;0.321124;0.455509;0.99998 4.97974e-06 0.00630754 -24.6138 -1.51546e-06 1 -0.000549233 2.70433 -0.00630754 0.000549212 0.99998 10.5803 0 0 0 1 
34562489690173;0.268086;0.333815;1 9.63366e-09 3.10963e-07 0.515377 -9.63366e-09 1 -1.29154e-08 0.795137 -3.10963e-07 1.29154e-08 1 0.654488 0 0 0 1 
34562489690174;0.189053;0.223697;1 2.47805e-08 4.23571e-07 0.265161 -2.47805e-08 1 -1.52609e-09 0.261251 -4.23571e-07 1.52608e-09 1 -0.0206427 0 0 0 1 
34562489690175;0.133957;0.255685;0.999989 3.90602e-06 0.00477893 -22.7205 -1.91782e-06 1 -0.000416038 2.23303 -0.00477893 0.000416024 0.999988 9.55815 0 0 0 1 
34562489690176;0.144022;0.35889;0.999973 5.85485e-06 0.00733921 -27.6437 -1.15998e-06 1 -0.0006397 1.76546 -0.00733922 0.000639674 0.999973 8.62207 0 0 0 1 
34562489690177;0.320514;0.421734;0.99995 5.22558e-06 0.0100145 -7.75823 3.52569e-06 1 -0.000873838 1.47549 -0.0100145 0.00087383 0.999949 4.04241 0 0 0 1 
34562489690178;0.353901;0.596808;0.99616 0.000333998 -0.087549 22.5423 0.000336256 0.999971 0.0076409 1.00617 0.087549 -0.007641 0.996131 -22.2777 0 0 0 1 
34562489690179;0.0142393;0.069355;1 2.52908e-08 1.94208e-07 0.253321 -2.52908e-08 1 -1.48923e-09 0.0643306 -1.94208e-07 1.48923e-09 1 -0.0117481 0 0 0 1 
34562489690180;0.106434;0.12971;1 -5.82269e-09 -3.06604e-08 -0.0320556 5.82269e-09 1 2.01378e-08 0.176052 3.06604e-08 -2.01378e-08 1 -0.16557 0 0 0 1 
34562489690181;0.139987;0.141764;1 3.24909e-09 6.71412e-08 0.103013 -3.24908e-09 1 -8.49342e-09 0.0808916 -6.71412e-08 8.49342e-09 1 0.126702 0 0 0 1 
34562489690182;0.247912;0.473881;0.999474 4.35418e-05 -0.0324283 23.7722 4.8305e-05 0.999996 0.00283152 -0.30093 0.0324283 -0.00283159 0.99947 1.72287 0 0 0 1 
34562489690183;0.115667;0.31375;1 2.29324e-08 7.27856e-07 0.271172 -2.29325e-08 1 4.01991e-08 1.2857 -7.27856e-07 -4.01992e-08 1 -0.277379 0 0 0 1 
34562489690184;0.228068;0.270167;1 3.27749e-08 3.87742e-07 0.317868 -3.27749e-08 1 -1.00798e-08 0.236868 -3.87742e-07 1.00798e-08 1 0.0348315 0 0 0 1 
34562489690186;0.0711037;0.124293;1 2.79497e-08 2.13323e-07 0.0837946 -2.79498e-08 1 1.41252e-08 -1.06656 -2.13323e-07 -1.41252e-08 1 -0.162948 0 0 0 1 
34562489690187;0.0441165;0.0519886;0.999423 2.04732e-05 0.0339791 235.805 8.15474e-05 0.999995 -0.00300107 -20.8313 -0.033979 0.0030021 0.999418 -287.813 0 0 0 1 
34562489690188;0.231973;0.222571;0.999407 5.30228e-05 -0.034446 -4.64019 5.05718e-05 0.999995 0.00300657 1.36864 0.034446 -0.00300653 0.999402 -5.70584 0 0 0 1 
34562489690189;0.393005;0.51253;0.998338 0.000137234 -0.0576223 70.1744 0.000152776 0.999987 0.00502852 -2.60705 0.0576223 -0.00502897 0.998326 -12.5962 0 0 0 1 
34562489690190;0.219538;0.439718;0.999836 9.60913e-06 -0.0180849 39.6226 1.89547e-05 0.999999 0.00157926 0.849339 0.0180849 -0.00157934 0.999835 2.57937 0 0 0 1 
34562489690191;0.389147;0.928294;1 1.79789e-07 3.34723e-07 0.879112 -1.79789e-07 1 -6.19951e-08 -8.86694 -3.34723e-07 6.1995e-08 1 0.21175 0 0 0 1 
34562489690192;0.192134;0.327239;0.999938 8.88724e-06 0.0111737 -28.609 2.00839e-06 1 -0.000975103 -0.126082 -0.0111737 0.000975065 0.999937 2.86964 0 0 0 1 
34562489690193;0.281462;0.282268;1 -2.74725e-08 5.36191e-07 -0.127794 2.74725e-08 1 7.24306e-08 0.190859 -5.36191e-07 -7.24305e-08 1 -0.578656 0 0 0 1 
34562489690194;0.204314;0.195123;0.998719 0.00010401 0.0506034 55.2454 0.000119715 0.99999 -0.00441811 -5.70079 -0.0506033 0.00441851 0.998709 -6.12702 0 0 0 1 
34562489690195;0.157469;0.375143;0.999628 5.36581e-05 -0.027271 -166.657 1.25565e-05 0.999997 0.00242785 18.3462 0.027271 -0.00242729 0.999625 372.82 0 0 0 1 
34562489690196;0.0529904;0.0811132;1 -3.70455e-07 -0.000648033 3.11924 4.06821e-07 1 5.61172e-05 0.477938 0.000648033 -5.61174e-05 1 -4.68241 0 0 0 1 
34562489690197;0.438295;1.14947;1 1.7641e-07 9.42202e-08 0.285753 -1.7641e-07 1 -1.46654e-08 -12.0593 -9.42202e-08 1.46654e-08 1 -0.283394 0 0 0 1 
34562489690198;0.0525853;0.0431032;0.999998 5.46877e-07 -0.00173702 -2.7314 -2.83572e-07 1 0.000151584 1.35786 0.00173702 -0.000151584 0.999998 -0.818904 0 0 0 1 
34562489690199;0.186435;0.285744;1 -2.10177e-08 1.4574e-07 -0.0551774 2.10177e-08 1 2.11983e-08 1.77276 -1.4574e-07 -2.11983e-08 1 -0.106881 0 0 0 1 
34562489690200;0.246291;0.226686;1 9.12615e-08 -2.31538e-05 -0.514132 -9.12177e-08 1 1.89384e-06 0.400445 2.31538e-05 -1.89384e-06 1 -0.742588 0 0 0 1 
34562489690201;0.100046;0.520042;1 6.2814e-08 5.27773e-07 0.259951 -6.2814e-08 1 -2.55533e-08 -6.57892 -5.27773e-07 2.55533e-08 1 0.000928512 0 0 0 1 
34562489690202;0.155088;0.157853;1 9.8282e-09 1.43678e-07 0.0488466 -9.8282e-09 1 1.02743e-08 0.306829 -1.43678e-07 -1.02743e-08 1 -0.0710436 0 0 0 1 
34562489690203;0.0877176;0.107107;1 5.09069e-06 0.000429364 -40.5556 -5.07469e-06 1 -3.72611e-05 4.92598 -0.000429364 3.72589e-05 1 2.39412 0 0 0 1 
34562489690204;0.244178;0.339483;0.99965 3.45417e-05 0.0264595 -35.6321 2.66005e-05 0.999997 -0.00231043 0.627982 -0.0264595 0.00231033 0.999647 -2.21716 0 0 0 1 
34562489690205;0.481854;0.385831;0.996277 0.000335962 -0.0862119 -73.2385 0.000314059 0.999972 0.00752613 5.59405 0.0862119 -0.00752519 0.996248 -10.5626 0 0 0 1 
34562489690206;0.097924;0.180633;0.998731 2.41224e-05 0.0503682 689.648 0.000204188 0.99999 -0.00452767 -62.1766 -0.0503678 0.00453221 0.99872 -1087.11 0 0 0 1 
34562489690207;0.417969;0.459475;0.998857 9.92073e-05 -0.0477944 10.7733 0.000100271 0.999991 0.00417127 1.41952 0.0477944 -0.00417129 0.998848 -10.7855 0 0 0 1 
34562489690208;0.41666;0.417355;1 3.08535e-08 2.04199e-08 0.138967 -3.08535e-08 1 1.83195e-08 -0.735004 -2.04199e-08 -1.83195e-08 1 -0.152677 0 0 0 1 
34562489690209;0.102897;0.07165;0.999867 0.000289724 -0.0163286 -2234.66 -0.000266349 0.999999 0.00143369 195.793 0.016329 -0.00142915 0.999866 28.2021 0 0 0 1 
34562489690210;0.0465566;0.22023;0.999859 3.50974e-05 0.0167782 -185.853 -8.87375e-06 0.999999 -0.00156303 13.8021 -0.0167782 0.00156266 0.999858 -788.623 0 0 0 1 
34562489690211;0.156365;0.184318;1 3.36812e-08 -9.17827e-08 0.0952788 -3.36812e-08 1 -3.50606e-09 -1.26257 9.17827e-08 3.50606e-09 1 -0.0132396 0 0 0 1 
34562489690212;0.249667;0.278364;0.999986 3.58456e-06 0.0053167 -19.2011 -1.11932e-06 1 -0.000463682 0.771012 -0.00531671 0.000463669 0.999986 3.68146 0 0 0 1 
34562489690213;0.302086;0.319942;0.999992 2.39701e-06 0.00398348 -13.9185 -1.01245e-06 1 -0.000347579 0.0926096 -0.00398348 0.000347572 0.999992 1.59985 0 0 0 1 
34562489690214;0.0408606;0.0920609;1 -8.88036e-09 1.47532e-07 0.0487278 8.88036e-09 1 2.07371e-08 0.765379 -1.47532e-07 -2.07371e-08 1 -0.154919 0 0 0 1 
34562489690215;0.322976;0.32846;0.999959 6.98973e-07 0.00904574 21.424 6.42565e-06 1 -0.000787592 -0.907658 -0.00904574 0.000787618 0.999959 16.4122 0 0 0 1 
34562489690217;0.345856;3.4991;0.999912 0.000506571 0.0132453 -4022.14 -0.000499391 1 -0.000545398 346.137 -0.0132455 0.000538736 0.999912 4971.19 0 0 0 1 
34562489690218;0.369096;0.310707;0.999851 1.13389e-05 -0.0172565 15.1781 1.46429e-05 0.999999 0.0015055 -2.18169 0.0172565 -0.00150553 0.99985 -9.64838 0 0 0 1 
34562489690219;0.344434;0.50572;0.999998 -1.76248e-06 -0.00183309 14.7777 2.05549e-06 1 0.000159842 -0.810852 0.00183309 -0.000159846 0.999998 -1.33078 0 0 0 1 
34562489690220;0.281678;0.317553;1 2.04653e-08 -3.88847e-07 0.148653 -2.04653e-08 1 4.9806e-09 -0.185186 3.88847e-07 -4.98059e-09 1 -0.0528422 0 0 0 1 
34562489690221;0.2479;1.72253;0.998278 0.000169023 -0.0586609 -145.752 0.000139006 0.999986 0.00524689 10.1094 0.0586609 -0.005246 0.998264 997.689 0 0 0 1 
34562489690222;0.309448;0.767091;0.999341 4.94048e-05 -0.0362998 68.5339 6.56476e-05 0.999995 0.00316831 -5.44876 0.0362997 -0.0031686 0.999336 -7.94097 0 0 0 1 
34562489690223;0.503992;0.570922;0.99998 -9.0778e-07 -0.00630307 20.7722 4.36754e-06 1 0.000548887 -2.23063 0.00630307 -0.000548904 0.99998 -11.4041 0 0 0 1 
34562489690224;0.505738;0.38672;0.99616 0.000327634 -0.08755 72.6662 0.000342818 0.999971 0.0076428 -6.74375 0.0875499 -0.00764346 0.996131 -7.8162 0 0 0 1 
34562489690225;0.255572;0.863083;0.992914 0.000611764 0.118832 37.6776 0.000625443 0.999946 -0.0103738 -5.01837 -0.118832 0.0103746 0.99286 10.6809 0 0 0 1 
34562489690226;0.59187;0.663709;0.989045 0.00104181 -0.147608 -666.598 0.000999589 0.999905 0.0137551 60.3149 0.147608 -0.0137519 0.98895 6950.07 0 0 0 1 
34562489690227;0.535961;0.682324;0.994321 0.000487801 -0.106421 77.9236 0.00050391 0.999957 0.00929165 -7.66768 0.106421 -0.00929251 0.994278 3.0803 0 0 0 1 
34562489690228;0.492348;1.77112;0.958369 0.00362385 -0.28551 125.91 0.00364697 0.999683 0.0249303 -11.8474 0.28551 -0.0249336 0.958051 41.0345 0 0 0 1 
34562489690229;0.377629;0.352176;0.99994 5.13803e-06 -0.0109858 2.20478 5.37959e-06 1 0.000957352 -0.887767 0.0109858 -0.000957353 0.999939 -14.7358 0 0 0 1 
34562489690230;0.309344;0.737196;0.992233 0.000519538 -0.124389 1292.08 0.000842067 0.99994 0.0108935 -111.676 0.124388 -0.0109136 0.992174 425.365 0 0 0 1 
34562489690231;0.422227;0.934128;0.999417 4.27885e-05 0.0341344 58.4447 5.89032e-05 0.999996 -0.00297814 -4.70541 -0.0341344 0.00297842 0.999413 16.9779 0 0 0 1 
34562489690232;0.215127;0.757146;0.99843 0.000124941 0.0560087 87.9093 0.000148785 0.999988 -0.00488301 -7.81998 -0.0560086 0.00488368 0.998418 53.665 0 0 0 1 
34562489690233;0.420689;0.515987;1 -4.31137e-08 8.45189e-08 -0.312732 4.31137e-08 1 1.37035e-08 0.353114 -8.45189e-08 -1.37035e-08 1 -0.104733 0 0 0 1 
34562489690234;0.244511;0.458326;1 -6.06629e-08 1.17856e-07 -0.434726 6.06629e-08 1 1.97196e-08 0.448279 -1.17856e-07 -1.97196e-08 1 -0.127142 0 0 0 1 
34562489690235;0.305129;0.386698;0.999988 -2.80951e-07 0.00495519 9.20344 2.42399e-06 1 -0.000432477 -0.815674 -0.00495519 0.000432484 0.999988 2.01195 0 0 0 1 
34562489690236;0.196522;1.13991;0.995095 0.000415711 0.0989188 84.1261 0.000440047 0.999963 -0.00862913 -6.40311 -0.0989187 0.00863034 0.995058 54.6654 0 0 0 1 
34562489690237;0.236663;1.79963;0.996133 0.000334325 -0.0878595 35.3264 0.000342626 0.99997 0.00768973 -5.90337 0.0878594 -0.0076901 0.996103 150.507 0 0 0 1 
34562489690238;0.36003;1.19529;0.999309 4.94405e-05 0.0371776 79.6811 7.12026e-05 0.999995 -0.00324371 -8.13168 -0.0371776 0.00324412 0.999303 15.9315 0 0 0 1 
34562489690239;0.243492;0.399829;0.999969 3.8302e-07 -0.00785016 18.3978 4.98348e-06 1 0.000683598 -2.44676 0.00785016 -0.000683616 0.999969 -14.1277 0 0 0 1 
34562489690240;0.35283;0.361526;0.999935 3.58157e-06 -0.0113933 17.4854 7.74606e-06 1 0.000994193 -2.32406 0.0113933 -0.000994216 0.999935 -5.12017 0 0 0 1 
34562489690241;0.379757;1.81533;0.959402 0.00352776 0.282022 94.4703 0.00356394 0.99969 -0.024629 -10.9696 -0.282021 0.0246343 0.959092 -71.4997 0 0 0 1 
34562489690242;0.378853;0.642193;0.948653 0.00446568 0.316288 96.9257 0.00450091 0.999609 -0.0276132 -9.14778 -0.316288 0.0276189 0.948261 -10.5547 0 0 0 1 
34562489690243;0.301434;0.806752;1 -9.71972e-07 -0.000143751 6.1105 9.73525e-07 1 1.08057e-05 -0.0471698 0.000143751 -1.08058e-05 1 -13.8916 0 0 0 1 
34562489690244;0.500189;0.548942;1 -2.35738e-08 -3.17418e-07 -0.166398 2.35738e-08 1 1.92284e-09 0.213301 3.17418e-07 -1.92284e-09 1 -0.0173065 0 0 0 1 
34562489690245;0.271456;0.495007;0.999866 1.02215e-05 0.0163679 8.62928 1.31463e-05 0.999999 -0.00142755 -1.40213 -0.0163679 0.00142757 0.999865 13.1611 0 0 0 1 
34562489690246;0.262584;0.416106;1 -4.77784e-08 -5.46586e-08 -0.345717 4.77784e-08 1 1.60796e-08 0.355917 5.46586e-08 -1.60796e-08 1 -0.10966 0 0 0 1 
34562489690248;0.122472;0.210307;0.998939 -0.000345827 0.0460483 3522.18 0.000515955 0.999993 -0.00368272 -306.19 -0.0460467 0.00370257 0.998932 2559.93 0 0 0 1 
34562489690249;0.236877;0.466827;0.980481 0.00172373 -0.196607 -125.988 0.00169067 0.999851 0.0171975 13.435 0.196607 -0.0171942 0.980332 219.726 0 0 0 1 
34562489690250;0.361013;0.411982;0.999997 1.11859e-06 0.00231967 -6.65972 -6.50117e-07 1 -0.000201959 -0.107444 -0.00231967 0.000201957 0.999997 4.35156 0 0 0 1 
34562489690251;0.0844088;0.071349;0.999465 4.83718e-05 -0.0327065 -8.09918 4.50408e-05 0.999996 0.00285534 0.955055 0.0327065 -0.00285529 0.999461 -4.22026 0 0 0 1 
34562489690252;0.195046;0.446106;0.999985 -1.16618e-05 -0.00552289 106.67 1.44308e-05 1 0.00050134 -7.38707 0.00552289 -0.000501412 0.999985 154.371 0 0 0 1 
34562489690253;0.120903;0.218416;0.995417 0.000407023 0.0956294 -67.2607 0.000393016 0.999965 -0.00834705 5.37012 -0.0956294 0.00834638 0.995382 30.507 0 0 0 1 
34562489690254;0.246774;0.36455;1 -3.1606e-06 -4.33042e-05 27.1695 3.16059e-06 1 -1.90731e-07 -2.78534 4.33042e-05 1.90594e-07 1 -31.4162 0 0 0 1 
34562489690255;0.134202;0.119425;0.999928 -3.90627e-05 0.0119895 363.574 5.17322e-05 0.999999 -0.00105641 -31.8824 -0.0119895 0.00105695 0.999928 -81.5201 0 0 0 1 
34562489690256;0.130561;0.207303;0.999261 -0.000281455 0.0384433 2780.26 0.000409592 0.999994 -0.00332531 -241.89 -0.0384422 0.00333859 0.999255 145.93 0 0 0 1 
34562489690257;0.163799;0.176296;1 -1.92138e-09 4.20148e-08 -0.0411516 1.92138e-09 1 3.50004e-08 0.457131 -4.20148e-08 -3.50004e-08 1 -0.264178 0 0 0 1 
34562489690258;0.294851;0.349329;0.999162 7.3007e-05 -0.0409406 7.61827 7.32724e-05 0.999994 0.00357146 -1.71111 0.0409406 -0.00357146 0.999155 -25.7318 0 0 0 1 
34562489690259;0.334686;0.875923;1 1.95408e-07 1.37517e-07 1.29353 -1.95408e-07 1 -3.88087e-08 -4.78387 -1.37517e-07 3.88087e-08 1 0.185376 0 0 0 1 
34562489690260;0.32082;0.62231;0.993406 0.00057802 -0.114645 0.0617835 0.000573182 0.99995 0.0100082 3.14336 0.114645 -0.0100079 0.993356 -19.7135 0 0 0 1 
34562489690261;0.124973;0.235775;0.999995 2.18933e-06 0.00331639 -13.3605 -1.23237e-06 1 -0.000288555 0.876158 -0.00331639 0.000288549 0.999994 7.85384 0 0 0 1 
