#;prob_registration_l1 -r /home/probabilistic_point_clouds_registration/build/tester /home/point_clouds_registration_benchmark//devel/registration_pairs/wood_autumn_local.txt /home/point_clouds_registration_benchmark//eth/wood_autumn -s 0.2 -t 0.2 -p 0.3 -r 1000 -m 25 -i 40 
id;initial_error;final_error;transformation
26875431820000;0.498992;0.0624343;0.884668 0.463116 0.0537286 0.418921 -0.465905 0.873924 0.138526 0.971195 0.017199 -0.147582 0.9889 -0.373367 0 0 0 1 
26875431820001;0.336145;0.0463237;0.908664 0.329559 -0.25636 0.70244 -0.295007 0.941253 0.164359 0.921649 0.295466 -0.073719 0.952505 -0.76066 0 0 0 1 
26875431820002;0.60541;0.0519061;0.887481 0.392024 -0.24227 0.920076 -0.388063 0.91927 0.0659489 1.04541 0.248565 0.0354878 0.967965 -1.41398 0 0 0 1 
26875431820003;0.366204;0.0640898;0.992424 0.111803 -0.0509297 -0.177106 -0.109032 0.992555 0.0542771 -0.0207072 0.0566189 -0.048313 0.997226 -0.527195 0 0 0 1 
26875431820004;0.698046;0.0514718;0.958231 -0.285993 -0.000782172 0.824613 0.285752 0.957307 0.0436933 -1.22425 -0.0117472 -0.0420918 0.999045 0.435341 0 0 0 1 
26875431820005;0.325213;0.0505359;0.923112 -0.231404 0.307109 -0.380533 0.261049 0.963543 -0.0586423 -0.615598 -0.282343 0.134304 0.949866 1.00429 0 0 0 1 
26875431820006;0.554876;0.0380702;0.99996 0.00858593 0.00257581 -0.270823 -0.00860301 0.999941 0.00669459 0.749954 -0.00251818 -0.00671648 0.999974 0.550939 0 0 0 1 
26875431820007;0.383756;0.0419062;0.988533 -0.0411216 -0.145299 0.199047 0.100717 0.896469 0.431508 -0.787492 0.112512 -0.441194 0.890331 -0.390402 0 0 0 1 
26875431820008;0.203498;0.0436971;0.965406 0.0604861 -0.253639 0.116259 -0.0350921 0.994013 0.103477 0.149422 0.25838 -0.0909962 0.961748 -0.996323 0 0 0 1 
26875431820009;0.180609;0.0562782;0.980226 -0.145686 -0.133915 0.0949504 0.143805 0.989323 -0.023661 -0.278547 0.135932 0.00393538 0.99071 -0.377102 0 0 0 1 
26875431820010;0.462102;0.0545045;0.961205 -0.131825 -0.242297 0.699383 0.140213 0.989964 0.0176282 -0.679838 0.237542 -0.0509174 0.970042 -0.92856 0 0 0 1 
26875431820011;0.575398;0.0378956;0.909107 0.0547398 0.41295 0.100924 -0.146722 0.969879 0.194443 0.374876 -0.389868 -0.237359 0.889755 1.87895 0 0 0 1 
26875431820012;0.688058;0.0508617;0.941717 0.325711 -0.0841557 0.297631 -0.27567 0.890535 0.361876 -0.308309 0.192811 -0.317586 0.92842 -0.698952 0 0 0 1 
26875431820013;0.421251;0.0671003;0.945118 -0.326703 0.00414309 -0.327523 0.326613 0.945043 0.0147565 -0.695661 -0.00873639 -0.0125934 0.999883 -0.303 0 0 0 1 
26875431820014;0.330264;0.0661188;0.955146 -0.288429 0.0671242 -0.470742 0.288533 0.957434 0.00834514 -1.03692 -0.0666739 0.0113967 0.99771 0.176703 0 0 0 1 
26875431820015;0.226693;0.0575454;0.979048 0.201327 0.0305296 0.0532443 -0.191954 0.962519 -0.1916 0.898354 -0.0679597 0.181725 0.980998 0.330048 0 0 0 1 
26875431820016;0.538469;0.0394261;0.903255 -0.00813912 0.429027 0.316293 -0.0491224 0.991286 0.122226 0.482805 -0.426283 -0.131476 0.894984 0.809382 0 0 0 1 
26875431820017;0.524419;0.0542215;0.984306 -0.151575 -0.0903729 -0.0460208 0.135561 0.977318 -0.162705 -0.358807 0.112985 0.147901 0.982527 0.562954 0 0 0 1 
26875431820018;0.579586;0.0531838;0.979254 0.0483705 -0.196779 0.37716 -0.0689223 0.992701 -0.0989684 0.0154141 0.190556 0.110478 0.97544 0.358697 0 0 0 1 
26875431820019;0.351798;0.0500692;0.978406 0.0996114 -0.181108 0.248821 -0.101054 0.99488 0.00126808 0.637556 0.180307 0.017061 0.983462 -0.945915 0 0 0 1 
26875431820020;0.0809749;0.0477852;0.995741 -0.0919148 0.00711823 -0.106133 0.0919919 0.995695 -0.0113847 -0.248409 -0.00604116 0.011991 0.99991 0.00513213 0 0 0 1 
26875431820021;0.644904;0.0565279;0.947368 0.0954401 -0.30559 1.16027 -0.0117377 0.964243 0.264759 0.141324 0.319932 -0.247237 0.914613 -0.633224 0 0 0 1 
26875431820022;0.0317767;0.0483314;0.999246 0.0362964 0.0137772 -0.0317296 -0.0363472 0.999333 0.00345376 0.177535 -0.0136427 -0.00395191 0.999899 0.0823049 0 0 0 1 
26875431820023;0.284901;0.0433271;0.998001 -0.0631776 -0.00178682 0.363038 0.0632024 0.997495 0.0317606 -0.253185 -0.000224215 -0.0318101 0.999494 -0.0380566 0 0 0 1 
26875431820024;0.398113;0.0451006;0.997189 0.0123365 -0.0739037 0.336532 -0.0129692 0.999883 -0.0080876 0.495156 0.0737952 0.00902334 0.997233 -0.563135 0 0 0 1 
26875431820025;0.5828;0.0487841;0.899625 -0.421702 -0.113324 0.151466 0.41496 0.90642 -0.0788041 -1.19383 0.135951 0.0238694 0.990428 0.300073 0 0 0 1 
26875431820026;0.630426;0.0613869;0.978637 0.205151 0.0134953 -0.280742 -0.205306 0.978633 0.0113006 0.631392 -0.0108886 -0.0138299 0.999845 0.930212 0 0 0 1 
26875431820027;0.464713;0.0604487;0.993155 0.116664 0.00565327 0.203995 -0.1168 0.991775 0.0523501 0.560683 0.000500631 -0.0526521 0.998613 0.662283 0 0 0 1 
26875431820028;0.337162;0.043513;0.999983 -0.00572818 -0.000860966 -0.45984 0.00576543 0.998609 0.0524148 -0.295577 0.000559527 -0.0524189 0.998625 0.245762 0 0 0 1 
26875431820029;0.206492;0.0501726;0.999493 0.0176542 0.0264909 -0.323365 -0.0161579 0.998318 -0.0556712 -0.0132992 -0.0274292 0.0552149 0.998098 0.246073 0 0 0 1 
26875431820031;0.22611;0.068872;0.972097 0.0924524 0.215593 -0.18405 -0.111779 0.99057 0.079222 0.293908 -0.206236 -0.10111 0.973264 0.789557 0 0 0 1 
26875431820032;0.537519;0.320191;0.975251 -0.18182 -0.125804 0.500034 0.182366 0.983204 -0.00726425 -0.689798 0.125012 -0.015858 0.992028 -0.706854 0 0 0 1 
26875431820033;0.515263;0.0673488;0.998941 0.0339631 -0.0310302 -0.216383 -0.025059 0.967377 0.2521 -0.641133 0.03858 -0.251055 0.967204 -0.965513 0 0 0 1 
26875431820034;0.18246;0.0553008;0.996552 0.0306241 -0.0771114 -0.248582 -0.0300888 0.999514 0.00809485 0.126771 0.0773219 -0.00574674 0.99699 -0.281923 0 0 0 1 
26875431820035;0.31218;0.229028;0.971725 0.0758302 0.223607 0.11392 -0.106473 0.986001 0.128321 -0.110381 -0.210746 -0.148501 0.966195 1.02242 0 0 0 1 
26875431820036;0.352511;0.0787821;0.97492 -0.194967 0.107325 -0.153192 0.21796 0.933926 -0.28333 -0.589515 -0.0449938 0.299617 0.952998 -0.0837906 0 0 0 1 
26875431820037;0.447509;0.0582964;0.999124 -0.0350239 0.0229021 0.197585 0.0348384 0.999357 0.0084473 -0.592173 -0.0231832 -0.00764202 0.999702 -0.741405 0 0 0 1 
26875431820038;0.350569;0.070646;0.995112 -0.0954002 -0.0255301 0.111521 0.0822365 0.943616 -0.320666 0.15649 0.0546822 0.316999 0.946848 -0.73833 0 0 0 1 
26875431820039;0.337073;0.116131;0.976392 -0.155374 0.150059 -0.0334353 0.114316 0.961124 0.251342 -0.95015 -0.183277 -0.228254 0.956195 1.2075 0 0 0 1 
26875431820040;0.229197;0.0650498;0.99125 -0.131862 0.00601719 0.147026 0.129995 0.967265 -0.217946 -0.273342 0.0229187 0.216821 0.975942 -0.250163 0 0 0 1 
26875431820041;0.10838;0.0484646;0.996908 0.0745032 0.0249653 -0.0672344 -0.0742196 0.997169 -0.0120999 0.25073 -0.025796 0.0102096 0.999615 0.168621 0 0 0 1 
26875431820042;0.455772;0.144902;0.932312 -0.339038 0.125888 0.330005 0.356335 0.920637 -0.15954 -1.85781 -0.0618066 0.193599 0.979132 0.422139 0 0 0 1 
26875431820043;0.274946;0.0561713;0.977356 0.108428 0.18171 -0.169941 -0.128944 0.986061 0.105151 0.281154 -0.167775 -0.1262 0.977714 1.0252 0 0 0 1 
26875431820044;0.287192;0.0707575;0.998436 0.0238901 0.0505395 0.0484843 -0.0231622 0.99962 -0.0149392 0.618755 -0.0508772 0.0137452 0.99861 0.218836 0 0 0 1 
26875431820045;0.572084;0.0630244;0.990115 0.079673 -0.115428 0.588451 -0.0322304 0.930213 0.365603 -0.737624 0.136502 -0.358269 0.923586 -1.12837 0 0 0 1 
26875431820046;0.148614;0.0623726;0.998993 -0.0443585 0.0067637 -0.000100476 0.0422245 0.98033 0.192797 -0.468866 -0.0151828 -0.192317 0.981215 0.0448865 0 0 0 1 
26875431820047;0.191966;0.0498004;0.986403 0.161925 0.02811 -0.0942938 -0.154646 0.972397 -0.174726 0.935653 -0.0556265 0.168003 0.984216 0.29962 0 0 0 1 
26875431820048;0.552949;0.0571099;0.900239 0.41927 0.117395 -0.0676157 -0.398072 0.901809 -0.168162 2.05523 -0.176373 0.104654 0.978744 -0.0591429 0 0 0 1 
26875431820049;0.452544;0.160196;0.93834 0.297906 0.175415 0.0589611 -0.29652 0.954397 -0.0346831 0.945769 -0.177748 -0.0194696 0.983883 0.979933 0 0 0 1 
26875431820050;0.381287;0.177842;0.979946 0.138715 0.143053 0.0130346 -0.145129 0.98878 0.0353716 0.220374 -0.136542 -0.0554235 0.989083 0.956455 0 0 0 1 
26875431820051;0.357531;0.0725732;0.98319 -0.0320594 -0.179747 0.621706 0.0252899 0.998886 -0.0398279 0.0404844 0.180824 0.0346126 0.982906 -0.56445 0 0 0 1 
26875431820052;0.469273;0.0478777;0.965806 0.171433 -0.194497 0.472837 -0.220492 0.937751 -0.268339 1.93174 0.136388 0.302048 0.943486 -0.998409 0 0 0 1 
26875431820053;0.393672;0.0552401;0.991081 0.0366086 0.128135 0.649759 -0.0557732 0.987212 0.149337 -0.0154275 -0.121029 -0.155152 0.980449 0.486119 0 0 0 1 
26875431820054;0.384531;0.0564682;0.936852 0.242265 -0.252223 0.621161 -0.172326 0.947353 0.269864 0.487694 0.304323 -0.209358 0.929277 -1.40936 0 0 0 1 
26875431820055;0.28566;0.0899235;0.991424 -0.130425 -0.0082738 0.317062 0.13064 0.990778 0.0359472 -0.857209 0.00350907 -0.0367198 0.999319 0.181706 0 0 0 1 
26875431820056;0.596591;0.0699076;0.930077 -0.230145 0.286341 -0.141324 0.282252 0.946573 -0.155991 -1.03711 -0.235142 0.225904 0.945344 0.0963401 0 0 0 1 
26875431820057;0.446113;0.242405;0.965506 -0.23676 0.108362 0.449277 0.237588 0.971351 0.00539411 -1.03626 -0.106535 0.0205374 0.994097 0.49581 0 0 0 1 
26875431820058;0.224686;0.0715896;0.99992 0.0126687 0.000688518 -0.136672 -0.0126855 0.997363 0.0714588 -0.0616092 0.00021859 -0.0714618 0.997443 0.321308 0 0 0 1 
26875431820059;0.444316;0.0531835;0.953834 -0.137581 0.266967 -0.527363 0.142269 0.989826 0.0017985 -0.467658 -0.264499 0.0362659 0.963704 0.800325 0 0 0 1 
26875431820060;0.410765;0.0661936;0.981395 0.103066 0.161988 0.2965 -0.154097 0.926113 0.344338 0.413265 -0.11453 -0.362894 0.924765 1.12076 0 0 0 1 
26875431820062;0.368904;0.075202;0.951357 0.179924 0.250094 0.580254 -0.230824 0.953905 0.191793 0.482954 -0.204058 -0.240192 0.949036 0.418293 0 0 0 1 
26875431820063;0.231158;0.0719019;0.958607 -0.0755795 -0.274518 0.553848 0.114008 0.985351 0.126827 -0.637261 0.260911 -0.152875 0.953181 -1.08867 0 0 0 1 
26875431820064;0.204838;0.0749079;0.997066 -0.00401773 0.0764417 0.208928 -0.00643397 0.990689 0.135991 0.257699 -0.0762763 -0.136084 0.987757 0.15098 0 0 0 1 
26875431820065;0.171053;0.0653418;0.998012 0.0545027 0.0316585 0.0264778 -0.0533441 0.997914 -0.0363556 -0.0215571 -0.0335739 0.0345945 0.998837 0.0436581 0 0 0 1 
26875431820066;0.341828;0.0630573;0.884856 0.462873 -0.0527107 1.01169 -0.4606 0.8862 0.0499677 1.87718 0.0698409 -0.0199357 0.997359 -0.288701 0 0 0 1 
26875431820067;0.359104;0.0712142;0.999843 0.015017 -0.00940902 -0.0755789 -0.0149984 0.999885 0.00204129 0.345529 0.0094386 -0.00189985 0.999954 0.635181 0 0 0 1 
26875431820068;0.231956;0.0689443;0.999662 -0.0195438 0.0171349 0.176204 0.0194737 0.999801 0.00424772 -0.106642 -0.0172145 -0.00391261 0.999844 0.578412 0 0 0 1 
26875431820069;0.168442;0.07133;0.984078 -0.15088 0.0939428 0.205162 0.154095 0.987662 -0.027918 -0.753038 -0.0885714 0.0419496 0.995186 0.525977 0 0 0 1 
26875431820070;0.120851;0.0587966;0.988386 0.135316 -0.0691538 0.345551 -0.130795 0.989197 0.0661975 0.48952 0.0773643 -0.0563837 0.995407 -0.36878 0 0 0 1 
26875431820071;0.559761;0.0709947;0.941328 -0.336391 0.0272392 1.12896 0.336252 0.941722 0.00967293 -1.26766 -0.0289056 5.38234e-05 0.999582 0.449117 0 0 0 1 
26875431820072;0.11141;0.0764541;0.998826 -0.0455397 0.0164861 -0.0173307 0.0464028 0.997328 -0.0564315 -0.262567 -0.0138722 0.0571303 0.99827 0.0465124 0 0 0 1 
26875431820073;0.298534;0.0672958;0.954175 -0.29913 0.00844251 0.373734 0.299056 0.954193 0.00907707 -1.51686 -0.010771 -0.00613633 0.999923 0.205263 0 0 0 1 
26875431820074;0.511902;0.0673694;0.948495 -0.231625 -0.216119 0.938809 0.18282 0.95736 -0.223691 -0.67667 0.258716 0.172659 0.950397 -1.63783 0 0 0 1 
26875431820075;0.368729;0.0785823;0.935855 -0.232874 0.264473 -0.0459336 0.151158 0.943254 0.295674 -1.1184 -0.31832 -0.236731 0.917949 1.5356 0 0 0 1 
26875431820076;0.104083;0.0729938;0.999571 -0.0272501 -0.0107559 0.123442 0.0262953 0.996394 -0.080675 0.0833065 0.0129155 0.0803575 0.996682 0.0459186 0 0 0 1 
26875431820077;0.334061;0.0662996;0.959825 0.277866 -0.039064 0.568936 -0.274586 0.958777 0.0731357 1.25701 0.0577756 -0.0594711 0.996557 -0.74582 0 0 0 1 
26875431820078;0.46154;0.0703291;0.9651 0.259923 0.031961 -0.104132 -0.251757 0.954461 -0.160073 1.56139 -0.0721121 0.14644 0.986588 -0.0605239 0 0 0 1 
26875431820079;0.388175;0.0727042;0.882495 -0.203718 0.423911 -0.0932584 0.12159 0.969504 0.212788 -0.866352 -0.454332 -0.136241 0.880353 1.78066 0 0 0 1 
26875431820080;0.446652;0.0656754;0.968579 0.247214 0.027218 0.338669 -0.246555 0.968796 -0.0253956 1.19923 -0.0326468 0.0178869 0.999307 -0.649851 0 0 0 1 
26875431820081;0.390076;0.0681438;0.917022 0.398795 0.00573918 0.829587 -0.386906 0.892993 -0.22993 1.98709 -0.09682 0.208631 0.97319 0.748016 0 0 0 1 
26875431820082;0.269988;0.0607089;0.991926 0.126708 -0.00538166 -0.0159185 -0.124439 0.980597 0.151474 0.102108 0.0244701 -0.149581 0.988447 -0.269697 0 0 0 1 
26875431820083;0.397996;0.0759911;0.917618 -0.322783 0.231924 0.585527 0.321204 0.94591 0.0456226 -1.51459 -0.234106 0.0326309 0.971663 1.41945 0 0 0 1 
26875431820084;0.431462;0.069743;0.985248 0.0985528 -0.139903 0.540931 -0.139358 0.936537 -0.32168 0.974367 0.0993218 0.336431 0.936456 0.485252 0 0 0 1 
26875431820085;0.0561572;0.0686661;0.999366 -0.0333968 0.0123581 0.0398718 0.0334107 0.999441 -0.000917848 -0.116648 -0.0123206 0.00133016 0.999923 0.10697 0 0 0 1 
26875431820086;0.263745;0.0599187;0.97291 0.223671 0.0584582 0.441486 -0.225927 0.973506 0.0352694 0.595673 -0.0490206 -0.0475212 0.997667 -0.0114023 0 0 0 1 
26875431820087;0.254275;0.0735853;0.974587 -0.0848131 -0.207333 0.456811 0.122696 0.976479 0.177298 -0.767289 0.187419 -0.198232 0.96207 -1.14851 0 0 0 1 
26875431820088;0.2679;0.0638139;0.966312 0.257366 -0.00170225 0.576087 -0.257328 0.966003 -0.0249217 1.26583 -0.00476963 0.0245202 0.999688 -0.225759 0 0 0 1 
26875431820089;0.093436;0.0590088;0.999245 0.0382769 -0.00670993 0.171026 -0.0385427 0.998225 -0.0454065 0.335832 0.00496 0.0456308 0.998946 0.0640419 0 0 0 1 
26875431820090;0.279476;0.063388;0.998989 0.0409387 0.0185501 0.305118 -0.0404324 0.99882 -0.0268946 -0.212014 -0.0196293 0.0261174 0.999466 0.474836 0 0 0 1 
26875431820091;0.394578;0.0638264;0.992976 0.116051 0.0230365 0.34371 -0.116169 0.993222 0.00383143 0.459293 -0.0224357 -0.00648064 0.999727 -0.720812 0 0 0 1 
26875431820093;0.345934;0.0258955;0.935379 -0.313552 -0.16356 2.61792 0.306321 0.94947 -0.0683681 -1.12562 0.176732 0.0138482 0.984162 -0.571081 0 0 0 1 
26875431820094;0.529735;0.0232934;0.937203 0.283845 0.202689 -2.54757 -0.269885 0.958286 -0.0940721 1.92618 -0.220936 0.0334619 0.974714 0.733496 0 0 0 1 
26875431820095;0.39088;0.0166431;0.964239 -0.0149036 -0.264614 0.35901 0.00896324 0.99968 -0.0236426 -0.136512 0.264882 0.0204253 0.964065 -0.757121 0 0 0 1 
26875431820096;0.29099;0.0228681;0.9714 0.158818 -0.176516 -0.505218 -0.194204 0.959138 -0.205767 1.2592 0.136624 0.234162 0.96255 -2.19644 0 0 0 1 
26875431820097;0.411668;0.0309068;0.959319 0.279349 0.0408903 -1.78553 -0.279019 0.960188 -0.013691 2.38227 -0.0430869 0.00172486 0.99907 0.215973 0 0 0 1 
26875431820098;0.305728;0.0196857;0.962103 -0.198174 0.187308 0.981878 0.20797 0.977545 -0.0339839 -0.868795 -0.176367 0.0716505 0.981713 0.282475 0 0 0 1 
26875431820099;0.324227;0.019215;0.907082 -0.420779 0.0121406 3.27816 0.419562 0.90605 0.055144 -1.62567 -0.0342034 -0.0449264 0.998405 0.450151 0 0 0 1 
26875431820100;0.476247;0.0368996;0.971624 -0.236483 -0.00473224 1.95067 0.236529 0.971497 0.0157569 -0.52144 0.000871124 -0.0164291 0.999865 -0.468541 0 0 0 1 
26875431820101;0.325622;0.0215844;0.951541 0.257431 0.168223 -1.77895 -0.191093 0.923568 -0.332425 1.83616 -0.240942 0.28417 0.928006 -0.600312 0 0 0 1 
26875431820102;0.315339;0.0215621;0.974766 0.222551 0.0173746 -1.21859 -0.216464 0.961377 -0.169993 1.26343 -0.0545356 0.161943 0.985292 -1.13833 0 0 0 1 
26875431820103;0.395286;0.0274415;0.996622 -0.0795078 0.0205521 0.316811 0.0796849 0.996788 -0.00794223 -0.312876 -0.0198546 0.0095531 0.999757 -0.667744 0 0 0 1 
26875431820104;0.491587;0.0305859;0.998648 0.0418584 0.0308239 0.396262 -0.0399689 0.997424 -0.0595559 0.617663 -0.0332375 0.0582434 0.997749 -0.754474 0 0 0 1 
26875431820105;0.296198;0.025375;0.98994 -0.0355283 0.136958 0.159288 0.076519 0.948628 -0.307001 0.282341 -0.119015 0.314393 0.941803 -0.956048 0 0 0 1 
26875431820106;0.351999;0.0167569;0.9539 -0.290631 -0.0748894 1.96599 0.295952 0.952347 0.0738062 -1.66784 0.0498703 -0.0925674 0.994457 0.500578 0 0 0 1 
26875431820107;0.398745;0.0230258;0.892358 0.450489 -0.0274908 -2.43096 -0.44667 0.872781 -0.196822 3.51763 -0.0646726 0.187915 0.980054 -0.811112 0 0 0 1 
26875431820108;0.476963;0.0380281;0.962939 0.253808 0.0912685 -1.74524 -0.259759 0.96378 0.0604471 2.3159 -0.0726207 -0.0819147 0.99399 1.21594 0 0 0 1 
26875431820109;0.419848;0.31685;0.993042 -0.11741 -0.00911496 0.973593 0.117753 0.991021 0.0633387 -0.569376 0.0015965 -0.0639713 0.99795 0.656726 0 0 0 1 
26875431820110;0.205033;0.0255711;0.995662 0.0152472 0.0917869 0.0138961 -0.00798336 0.996843 -0.0789914 0.407801 -0.0927016 0.077916 0.992641 -0.114388 0 0 0 1 
26875431820111;0.333895;0.0274732;0.986815 -0.160928 0.0172809 1.29773 0.161339 0.98656 -0.0258614 -0.565929 -0.0128868 0.0283085 0.999516 0.472832 0 0 0 1 
26875431820112;0.392948;0.0206508;0.874759 -0.450436 -0.178616 3.55188 0.457246 0.889334 -0.00339915 -1.6896 0.160381 -0.0786983 0.983913 -0.207945 0 0 0 1 
26875431820113;0.35267;0.0231849;0.940485 -0.161378 0.299075 0.893914 0.240341 0.938042 -0.249628 -0.38421 -0.24026 0.306651 0.921 -0.683105 0 0 0 1 
26875431820114;0.433722;0.0204059;0.907909 -0.378065 0.181022 3.18229 0.391443 0.91917 -0.043581 -0.982951 -0.149913 0.110427 0.982513 -0.130187 0 0 0 1 
26875431820115;0.334392;0.0395201;0.972463 -0.226897 0.0532366 1.9511 0.198063 0.924979 0.324322 -0.870127 -0.12283 -0.304847 0.944447 2.60056 0 0 0 1 
26875431820116;0.39563;0.0201385;0.95005 -0.254036 0.181305 2.39228 0.262067 0.964812 -0.0213992 -1.30188 -0.169489 0.0678442 0.983194 0.546876 0 0 0 1 
26875431820117;0.505945;0.0299543;0.967728 0.251893 0.00723925 -2.15256 -0.25114 0.966405 -0.0546737 0.961657 -0.020768 0.0510912 0.998478 -0.423213 0 0 0 1 
26875431820118;0.542637;0.03144;0.907204 0.187654 0.37652 -1.00065 -0.277002 0.940056 0.198906 0.829144 -0.316625 -0.284745 0.904803 3.4176 0 0 0 1 
26875431820119;0.33961;0.0210762;0.961518 -0.0541953 -0.269344 0.946715 -0.0090291 0.973589 -0.22813 0.11438 0.274594 0.221783 0.935634 -2.54015 0 0 0 1 
26875431820120;0.431883;0.0418269;0.989626 0.126507 -0.0680989 -0.111227 -0.0922531 0.922901 0.373823 0.384991 0.11014 -0.363663 0.924997 1.99389 0 0 0 1 
26875431820121;0.296141;0.024507;0.935169 -0.352346 -0.0362094 2.75483 0.351215 0.935673 -0.0341083 -1.37752 0.0458981 0.0191797 0.998762 -0.508295 0 0 0 1 
26875431820122;0.699318;0.0245873;0.896208 0.0497211 0.44084 -1.12586 -0.0823745 0.99507 0.0552326 -0.0961279 -0.43592 -0.0858138 0.895885 3.34626 0 0 0 1 
26875431820124;0.463953;0.113713;0.983819 0.062966 -0.167738 -0.102703 -0.092879 0.979829 -0.176944 0.935161 0.153213 0.18966 0.969822 -3.13592 0 0 0 1 
26875431820125;0.172503;0.118193;0.976922 0.210604 -0.0356192 -1.77105 -0.209785 0.977418 0.0253934 1.07996 0.0401628 -0.017335 0.999043 -0.0447844 0 0 0 1 
26875431820126;0.469661;0.134236;0.999613 -0.0273649 0.00491812 -0.295188 0.0276005 0.998001 -0.0568591 0.146803 -0.00335234 0.0569729 0.99837 0.140359 0 0 0 1 
26875431820127;0.198437;0.128215;0.99489 -0.100893 -0.00390895 0.79584 0.100882 0.994894 -0.00282242 -0.359658 0.00417375 0.00241365 0.999988 -0.0518882 0 0 0 1 
26875431820128;0.38452;0.146535;0.944674 -0.327959 0.00572299 3.28645 0.327974 0.944685 -0.00178224 -1.19088 -0.00482192 0.00356063 0.999982 -0.389333 0 0 0 1 
26875431820129;0.474436;0.120342;0.934063 -0.345721 0.0894609 3.45267 0.354416 0.928165 -0.113572 -1.36527 -0.0437702 0.13779 0.989494 -1.63161 0 0 0 1 
26875431820130;0.313572;0.113168;0.99305 -0.11769 -6.71405e-05 0.930792 0.11767 0.99289 -0.0180009 -0.806438 0.00218519 0.0178679 0.999838 -0.732034 0 0 0 1 
26875431820131;0.549583;0.123309;0.9946 0.101671 -0.02083 -1.49076 -0.098706 0.988704 0.112793 0.111354 0.0320624 -0.110128 0.9934 1.60594 0 0 0 1 
26875431820132;0.557397;0.111086;0.900345 0.433916 -0.0330983 -2.80129 -0.432373 0.883333 -0.181045 3.67673 -0.0493217 0.177314 0.982918 -0.899647 0 0 0 1 
26875431820133;0.523064;0.144799;0.98442 -0.0719601 0.160431 0.514763 0.0126536 0.939046 0.343558 0.156569 -0.175374 -0.336176 0.925327 4.81165 0 0 0 1 
26875431820134;0.28355;0.114254;0.983529 0.1771 0.0361352 -1.79267 -0.177 0.984193 -0.00597451 1.12546 -0.0366221 -0.000519832 0.999329 -0.0326317 0 0 0 1 
26875431820135;0.398345;0.113083;0.980627 -0.0610088 -0.186143 0.587269 0.0895203 0.984802 0.148834 -0.816354 0.174234 -0.162614 0.971184 1.16379 0 0 0 1 
26875431820136;0.188337;0.115;0.997024 0.0537919 0.0552141 -0.698727 -0.0527456 0.998403 -0.0202356 0.398516 -0.0562144 0.0172631 0.998269 0.162405 0 0 0 1 
26875431820137;0.314888;0.113023;0.936459 -0.0296904 0.349517 0.00694873 0.054124 0.996709 -0.0603467 -0.435213 -0.346576 0.0754295 0.934984 1.31202 0 0 0 1 
26875431820138;0.521003;0.0892612;0.999848 0.002939 0.0171866 -0.400678 -0.00289441 0.999992 -0.00261869 -0.584643 -0.0171942 0.00256855 0.999849 0.875565 0 0 0 1 
26875431820139;0.534563;0.0882877;0.960625 -0.233353 -0.150817 3.0908 0.21286 0.966954 -0.140326 -1.36485 0.178578 0.102698 0.978551 -1.73274 0 0 0 1 
26875431820140;0.635129;0.127391;0.934015 0.106742 -0.340914 0.450457 -0.102463 0.994266 0.0305873 0.978721 0.342224 0.00636206 0.939597 -1.6121 0 0 0 1 
26875431820141;0.451247;0.134208;0.932816 -0.358364 -0.0378023 3.49153 0.355539 0.898187 0.258559 -1.80905 -0.0587047 -0.254628 0.965256 3.03561 0 0 0 1 
26875431820142;0.45211;0.131393;0.968755 0.0387605 -0.244972 -0.558029 -0.0628677 0.993831 -0.0913655 0.468951 0.239919 0.103912 0.965216 -1.70792 0 0 0 1 
26875431820143;0.371493;0.127962;0.927681 0.028089 0.372316 -0.517007 -0.120223 0.966532 0.226634 0.353282 -0.35349 -0.255004 0.90001 4.30841 0 0 0 1 
26875431820144;0.382734;0.124743;0.972403 0.00161633 0.233303 -0.16997 0.0782794 0.939751 -0.332778 0.620053 -0.219784 0.341857 0.91369 -1.86099 0 0 0 1 
26875431820145;0.502979;0.135964;0.972608 0.226688 0.0514487 -2.19656 -0.225323 0.973791 -0.0310046 1.75323 -0.0571286 0.0185627 0.998194 -0.460562 0 0 0 1 
26875431820146;0.275674;0.125813;0.961468 0.27317 0.0309321 -2.11084 -0.274774 0.958483 0.0762253 1.66564 -0.00882547 -0.0817875 0.996611 0.614883 0 0 0 1 
26875431820147;0.238197;0.103655;0.992778 0.0280386 -0.116646 0.0878599 -0.0415559 0.992482 -0.115118 0.430693 0.112541 0.119134 0.986479 -1.47266 0 0 0 1 
26875431820148;0.24302;0.0827937;0.983534 -0.145334 0.107416 1.12351 0.162366 0.971608 -0.172091 -0.857271 -0.0793557 0.186699 0.979207 -1.40699 0 0 0 1 
26875431820149;0.23664;0.107464;0.939217 -0.334257 0.0783837 3.10725 0.339857 0.937543 -0.0742315 -1.41337 -0.0486757 0.0963587 0.994156 -0.603087 0 0 0 1 
26875431820150;0.324251;0.0886017;0.982608 -0.183576 -0.0279572 1.72802 0.17974 0.978084 -0.105099 -0.99114 0.046638 0.0982459 0.994069 -0.597281 0 0 0 1 
26875431820151;0.348638;0.132995;0.954668 -0.205865 -0.21501 2.31893 0.254049 0.939917 0.228066 -1.50176 0.155141 -0.27235 0.949609 1.81002 0 0 0 1 
26875431820152;0.39459;0.106578;0.992488 -0.0953111 0.0767011 0.510792 0.0998404 0.993338 -0.0575525 -0.43332 -0.0707047 0.0647781 0.995392 -0.848156 0 0 0 1 
26875431820153;0.461448;0.120472;0.96532 0.257916 -0.0404612 -1.94065 -0.256022 0.965546 0.046627 1.33549 0.051093 -0.034651 0.998093 -0.669006 0 0 0 1 
26875431820155;0.281618;0.0376211;0.995267 0.062488 -0.0744248 0.480973 -0.0629749 0.998006 -0.00421105 0.159397 0.0740132 0.00887801 0.997218 -0.130766 0 0 0 1 
26875431820156;0.544215;0.0601605;0.975003 0.214884 -0.0565246 -0.0652637 -0.213034 0.976344 0.0370038 0.285245 0.0631389 -0.0240371 0.997715 0.592519 0 0 0 1 
26875431820157;0.2633;0.0655638;0.985449 -0.168892 -0.019104 0.0991485 0.159085 0.956078 -0.246184 0.0165261 0.0598433 0.239563 0.969035 -0.155224 0 0 0 1 
26875431820158;0.308459;0.0526749;0.934721 0.354956 -0.0173923 0.094439 -0.35501 0.934862 -2.93547e-05 0.910346 0.016249 0.00620187 0.999849 0.166379 0 0 0 1 
26875431820159;0.600497;0.0532437;0.997466 0.0699323 0.0130953 0.787561 -0.0678219 0.99021 -0.122002 0.128352 -0.021499 0.120805 0.992443 0.530885 0 0 0 1 
26875431820160;0.450407;0.0400941;0.909303 -0.198248 0.365877 -0.17071 0.270788 0.9495 -0.158503 -0.13412 -0.315977 0.243202 0.917067 0.713712 0 0 0 1 
26875431820161;0.500041;0.0530365;0.978321 -0.200376 -0.0523167 -0.25955 0.198722 0.979425 -0.0351571 -0.471142 0.058285 0.0239985 0.998011 0.433417 0 0 0 1 
26875431820162;0.266888;0.0545444;0.978663 0.160917 0.127768 -0.0998794 -0.135692 0.973095 -0.186208 0.241602 -0.154295 0.164897 0.974167 0.459705 0 0 0 1 
26875431820163;0.112835;0.0518032;0.995004 0.0185162 0.0981065 0.0131063 -0.0238295 0.998296 0.0532668 0.108706 -0.096953 -0.0553385 0.993749 0.314971 0 0 0 1 
26875431820164;0.259006;0.0481275;0.986621 -0.16022 -0.0301316 0.0516995 0.16105 0.986564 0.0274597 -0.539706 0.0253272 -0.031945 0.999169 -0.286203 0 0 0 1 
26875431820165;0.440579;0.0713516;0.916572 0.399813 -0.0067133 0.122846 -0.387157 0.891507 0.235211 0.637684 0.100025 -0.212989 0.971921 -0.479016 0 0 0 1 
26875431820166;0.350624;0.062655;0.946936 -0.272102 -0.171093 0.0656527 0.25165 0.958772 -0.132019 -0.510193 0.199962 0.0819582 0.97637 -0.66683 0 0 0 1 
26875431820167;0.350308;0.047454;0.983371 -0.173338 0.0541759 0.431814 0.180057 0.969474 -0.166434 -0.048065 -0.0236728 0.173421 0.984563 0.00210728 0 0 0 1 
26875431820168;0.226339;0.0647914;0.981834 -0.0392515 -0.185637 0.364151 0.0319512 0.9986 -0.0421564 -0.147906 0.187032 0.0354593 0.981714 -0.477804 0 0 0 1 
26875431820169;0.436398;0.0467448;0.9993 -0.0284076 -0.0243407 0.292821 0.028692 0.999523 0.0114179 0.307101 0.0240048 -0.0121083 0.999639 0.477123 0 0 0 1 
26875431820170;0.561995;0.0622705;0.979378 0.0520872 0.195204 -0.438257 -0.0375673 0.996295 -0.0773627 -0.345429 -0.198511 0.0684341 0.977707 -0.0587879 0 0 0 1 
26875431820171;0.275385;0.0539348;0.996293 0.0858942 -0.00479171 -0.00837339 -0.0857428 0.995981 0.0258972 0.233276 0.00699687 -0.0253903 0.999653 0.391164 0 0 0 1 
26875431820172;0.126727;0.0422965;0.999955 0.00801717 -0.00506622 0.0216767 -0.00835673 0.997441 -0.0709978 0.0857638 0.00448406 0.071037 0.997464 0.132602 0 0 0 1 
26875431820173;0.248339;0.0461382;0.991607 -0.0889459 0.0938263 -0.0892153 0.0850601 0.995375 0.0446394 0.126125 -0.0973629 -0.0362839 0.994587 0.279387 0 0 0 1 
26875431820174;0.442063;0.0439737;0.927951 -0.175512 0.32879 -0.315776 0.150905 0.983565 0.0991372 -0.568486 -0.340786 -0.0423783 0.939185 0.592613 0 0 0 1 
26875431820175;0.573407;0.0721816;0.904989 0.268831 -0.329735 0.828899 -0.352855 0.907288 -0.228739 0.900924 0.237672 0.323355 0.915944 -0.925277 0 0 0 1 
26875431820176;0.270556;0.0732408;0.987852 0.146683 -0.0513148 -0.286057 -0.152372 0.97914 -0.134418 0.459657 0.0305275 0.140604 0.989595 -0.0909223 0 0 0 1 
26875431820177;0.516211;0.0708472;0.992462 0.0732375 -0.0982583 -0.446862 -0.0894244 0.981026 -0.17202 -0.13095 0.0837956 0.17951 0.980181 -0.109092 0 0 0 1 
26875431820178;0.516876;0.0602319;0.912058 -0.34464 -0.222201 0.603766 0.380174 0.913761 0.14321 -0.875719 0.153683 -0.215091 0.964426 0.265909 0 0 0 1 
26875431820179;0.506678;0.443435;0.940226 0.320861 0.114118 -0.543207 -0.315294 0.946808 -0.0643786 1.13375 -0.128705 0.0245497 0.991379 0.202236 0 0 0 1 
26875431820180;0.166082;0.0359108;0.998559 0.0105023 0.0526254 -0.170219 -0.0156237 0.995076 0.0978743 0.13264 -0.0513384 -0.0985554 0.993806 0.0594735 0 0 0 1 
26875431820181;0.220973;0.0499171;0.985129 -0.171088 0.0158082 0.242466 0.166224 0.972303 0.164308 -0.351178 -0.0434815 -0.159236 0.986282 0.249685 0 0 0 1 
26875431820182;0.311591;0.0399346;0.999537 0.0223013 -0.0207045 0.514763 -0.0223815 0.999743 -0.00365098 0.13658 0.0206178 0.00411269 0.999779 -0.173148 0 0 0 1 
26875431820183;0.378261;0.0711903;0.894912 0.442733 -0.0558591 -0.00947833 -0.43037 0.88938 0.154224 1.28271 0.11796 -0.113977 0.986456 -0.328114 0 0 0 1 
26875431820184;0.707951;0.0484307;0.959362 -0.276976 0.0539417 -0.0523148 0.28108 0.954862 -0.0960907 -0.308256 -0.024892 0.107348 0.99391 -0.94447 0 0 0 1 
26875431820186;0.0232744;0.0783991;0.999946 -0.00957283 0.00402907 -0.0331413 0.00973816 0.999017 -0.0432399 0.027428 -0.00361118 0.0432768 0.999057 0.107451 0 0 0 1 
26875431820187;0.469951;0.0881792;0.997677 -0.0515513 0.0445339 0.115057 0.0537959 0.997261 -0.0507665 0.174245 -0.0417948 0.0530443 0.997717 -0.646805 0 0 0 1 
26875431820188;0.333415;0.12733;0.977726 0.0692736 0.198124 -0.11183 -0.04852 0.992993 -0.107755 0.645428 -0.2042 0.0957423 0.974236 0.180867 0 0 0 1 
26875431820189;0.215891;0.0731361;0.999503 -0.023043 0.0214973 -0.0127172 0.0270023 0.977922 -0.20722 0.387545 -0.0162477 0.207697 0.978058 0.154561 0 0 0 1 
26875431820190;0.353199;0.0759175;0.999202 -0.00938677 -0.0388257 0.107811 0.00726639 0.998493 -0.0543976 -0.000265464 0.0392778 0.0540721 0.997764 0.619804 0 0 0 1 
26875431820191;0.375035;0.0756467;0.883535 0.100227 -0.457515 0.610123 -0.0767763 0.994615 0.0696213 0.00791458 0.462029 -0.0263866 0.886472 -0.43129 0 0 0 1 
26875431820192;0.269163;0.0656092;0.998877 -0.0378221 0.028542 -0.153741 0.0397787 0.996653 -0.0714217 0.404428 -0.0257451 0.0724768 0.997038 0.306016 0 0 0 1 
26875431820193;0.42369;0.133714;0.929015 -0.172818 0.327207 -0.214983 0.270487 0.920567 -0.281768 0.0732096 -0.252521 0.350272 0.901966 0.526098 0 0 0 1 
26875431820194;0.276623;0.155995;0.963743 0.217852 0.154079 -0.211205 -0.199041 0.97151 -0.128648 0.545376 -0.177715 0.0933156 0.979648 0.56885 0 0 0 1 
26875431820195;0.12753;0.0750545;0.998201 0.059546 0.00696534 -0.172194 -0.0592576 0.99759 -0.0361038 0.148898 -0.00909839 0.0356261 0.999324 -0.0570034 0 0 0 1 
26875431820196;0.182656;0.0837387;0.998291 -0.0583745 0.00282898 -0.14672 0.0584038 0.99468 -0.0848604 -0.228218 0.00213976 0.0848806 0.996389 -0.0736306 0 0 0 1 
26875431820197;0.141522;0.0822148;0.999359 0.0268228 -0.0237061 -0.222343 -0.0274913 0.99922 -0.0283369 0.181334 0.0229275 0.0289705 0.999317 -0.0264298 0 0 0 1 
26875431820198;0.296595;0.0829176;0.962136 -0.261858 -0.0756647 0.381288 0.257786 0.964368 -0.059496 -0.128261 0.0885481 0.0377379 0.995357 -0.266529 0 0 0 1 
26875431820199;0.374604;0.071651;0.899608 -0.41151 -0.146166 0.540694 0.425154 0.901762 0.0779116 -0.641562 0.0997455 -0.132233 0.986187 0.0120125 0 0 0 1 
26875431820200;0.14975;0.0769581;0.999024 0.00610379 -0.0437478 -0.19475 -0.00560249 0.999917 0.0115722 0.146531 0.0438148 -0.0113158 0.998976 0.045322 0 0 0 1 
26875431820201;0.180431;0.075533;0.995907 -0.0423611 -0.0798414 0.313436 0.0395201 0.99854 -0.0368343 -0.0700968 0.0812851 0.0335282 0.996127 -0.0807474 0 0 0 1 
26875431820202;0.0568232;0.078238;0.99926 -0.0366103 -0.0118043 -0.0214994 0.0352401 0.994301 -0.100613 0.102617 0.0154205 0.100123 0.994856 0.0199191 0 0 0 1 
26875431820203;0.370175;0.123439;0.989477 -0.127386 -0.0686156 -0.0468543 0.14087 0.956391 0.255875 -0.137236 0.0330287 -0.262848 0.964272 0.106481 0 0 0 1 
26875431820204;0.336699;0.243044;0.937166 0.344777 -0.0533758 -0.0727587 -0.348134 0.914121 -0.207811 1.08178 -0.0228566 0.213336 0.976712 0.0234035 0 0 0 1 
26875431820205;0.579018;0.17811;0.970163 0.00693166 0.242356 0.329188 -0.0199742 0.998478 0.0514002 -0.395324 -0.241631 -0.0547074 0.968825 -0.0657953 0 0 0 1 
26875431820206;0.454909;0.0862031;0.952028 0.0166002 0.30556 -0.239044 0.0720986 0.958249 -0.276696 -0.0296428 -0.297396 0.285453 0.911083 1.07781 0 0 0 1 
26875431820207;0.201469;0.125347;0.99635 0.0797697 0.0303816 -0.09017 -0.0819203 0.993602 0.0777429 0.0791643 -0.0239856 -0.079948 0.99651 0.238066 0 0 0 1 
26875431820208;0.418791;0.181672;0.995577 -0.0939486 0.000346646 -0.132373 0.090272 0.957625 0.273505 -0.160297 -0.0260274 -0.272264 0.961871 0.0910742 0 0 0 1 
26875431820209;0.261543;0.0746838;0.94167 -0.336334 0.011676 0.268317 0.336385 0.941721 -0.00258275 -0.417781 -0.0101269 0.00635974 0.999928 0.0751599 0 0 0 1 
26875431820210;0.579052;0.0901287;0.962609 -0.265541 -0.0535876 -0.393619 0.270067 0.925266 0.266357 -1.00681 -0.0211459 -0.27087 0.962384 -0.0102533 0 0 0 1 
26875431820211;0.254845;0.0700895;0.972697 -0.230389 -0.0279599 0.259961 0.228456 0.971742 -0.0593763 -0.361804 0.0408495 0.0513675 0.997844 0.26142 0 0 0 1 
26875431820212;0.320883;0.0823058;0.971106 -0.127653 0.201637 0.035947 0.163229 0.971658 -0.170988 -0.168218 -0.174096 0.198961 0.96442 0.700892 0 0 0 1 
26875431820213;0.233658;0.0720372;0.998135 -0.0604007 0.00887024 -0.120116 0.0610486 0.987474 -0.145494 0.0194713 2.88015e-05 0.145764 0.989319 -0.321692 0 0 0 1 
26875431820214;0.442932;0.0793656;0.984486 0.026471 -0.173452 0.321437 -0.0760419 0.955263 -0.285816 0.590553 0.158127 0.294572 0.942456 0.372933 0 0 0 1 
26875431820215;0.292551;0.0844172;0.973592 0.0471432 0.223372 0.0408055 0.0144507 0.963758 -0.266388 -0.0854987 -0.227835 0.262581 0.937626 0.372599 0 0 0 1 
26875431820217;0.53888;0.214796;0.970759 -0.144713 0.191533 0.800155 0.203072 0.920533 -0.333738 -0.653532 -0.128016 0.362874 0.923003 -0.297507 0 0 0 1 
26875431820218;0.132212;0.117523;0.999779 0.0174162 0.0117451 -0.0306837 -0.0172717 0.999775 -0.0122949 0.104369 -0.0119566 0.0120893 0.999855 0.0851505 0 0 0 1 
26875431820219;0.276971;0.11113;0.990634 -0.0190167 0.135211 0.336317 0.0190927 0.999817 0.000734841 -0.655651 -0.135201 0.00185359 0.990816 0.342181 0 0 0 1 
26875431820220;0.346183;0.392355;0.99727 0.0610854 0.0414745 -0.205608 -0.062252 0.997683 0.0274423 0.103981 -0.0397021 -0.0299493 0.998763 0.141207 0 0 0 1 
26875431820221;0.22686;0.113352;0.999569 0.0213741 0.0201433 0.349682 -0.0216971 0.999637 0.0159549 -0.125091 -0.019795 -0.016385 0.99967 -0.298261 0 0 0 1 
26875431820222;0.271182;0.303271;0.979614 0.157606 0.124565 -0.211743 -0.153541 0.987264 -0.0416484 0.210774 -0.129542 0.0216736 0.991337 0.282851 0 0 0 1 
26875431820223;0.173034;0.0993645;0.999423 0.0163669 0.0297776 -0.221685 -0.0169812 0.999646 0.020495 -0.251861 -0.0294316 -0.0209889 0.999346 -0.230734 0 0 0 1 
26875431820224;0.421446;0.0989473;0.992466 0.0715652 0.0994433 -0.732428 -0.0780925 0.99493 0.0633707 -0.350475 -0.094404 -0.0706591 0.993023 0.595903 0 0 0 1 
26875431820225;0.149136;0.150447;0.989617 0.142491 0.018851 -0.176737 -0.1433 0.988282 0.0525714 0.433285 -0.0111392 -0.0547268 0.998439 -0.157698 0 0 0 1 
26875431820226;0.0692592;0.106476;0.999691 -6.00659e-05 0.0248679 0.109042 -6.76217e-05 0.999987 0.00513376 -0.149407 -0.0248679 -0.00513385 0.999678 -0.0579477 0 0 0 1 
26875431820227;0.394953;0.378745;0.986392 0.118214 0.114261 -0.460985 -0.130432 0.985761 0.106125 -0.0813109 -0.100089 -0.119585 0.987766 -0.214033 0 0 0 1 
26875431820228;0.385763;0.182708;0.999544 0.0176425 0.0245025 -0.297895 -0.015576 0.996502 -0.0821081 0.537447 -0.0258654 0.081689 0.996322 0.098427 0 0 0 1 
26875431820229;0.236316;0.160832;0.97917 -0.0598678 0.194017 0.116138 0.0546856 0.997992 0.031962 -0.207696 -0.195541 -0.0206864 0.980477 0.747086 0 0 0 1 
26875431820230;0.353557;0.361525;0.963674 0.248583 0.0976635 -0.425826 -0.242286 0.967533 -0.0719559 0.777192 -0.11238 0.0456795 0.992615 0.114533 0 0 0 1 
26875431820231;0.448584;0.13108;0.997338 0.0453184 0.0571327 -0.325671 -0.0446943 0.998927 -0.0121562 0.203196 -0.0576223 0.00957031 0.998293 -0.727387 0 0 0 1 
26875431820232;0.290281;0.291164;0.964088 -0.121322 0.236251 0.380665 0.0495794 0.95614 0.288684 -0.784256 -0.260913 -0.266604 0.927818 1.16854 0 0 0 1 
26875431820233;0.217224;0.140731;0.999622 -0.0225475 -0.015724 0.440457 0.0227079 0.999691 0.010098 -0.330306 0.0154915 -0.0104513 0.999825 -0.256772 0 0 0 1 
26875431820234;0.288361;0.113404;0.995804 -0.0904979 -0.0136109 0.115971 0.0914646 0.989148 0.114984 -1.16693 0.00305735 -0.115747 0.993274 -0.194173 0 0 0 1 
26875431820235;0.189456;0.156146;0.996559 -0.0481032 -0.067501 0.15649 0.0511894 0.997685 0.0447612 -0.49268 0.0651916 -0.0480625 0.996715 -0.411595 0 0 0 1 
26875431820236;0.315102;0.344504;0.958642 0.15315 0.239896 -0.189321 -0.144267 0.98805 -0.0542676 0.270953 -0.24534 0.0174141 0.969281 1.03947 0 0 0 1 
26875431820237;0.012092;0.0971762;0.999584 0.0195429 0.0212247 -0.0189054 -0.0198605 0.999692 0.0148565 -0.085371 -0.0209278 -0.0152718 0.999664 0.0029831 0 0 0 1 
26875431820238;0.26454;0.180902;0.967579 -0.203605 0.149454 0.346599 0.188238 0.975857 0.110768 -1.36547 -0.168398 -0.0790439 0.982545 0.934331 0 0 0 1 
26875431820239;0.246987;0.101854;0.9972 0.0531717 0.0525758 -0.350183 -0.0580042 0.993774 0.095122 -0.34142 -0.0471907 -0.0979053 0.994076 0.178145 0 0 0 1 
26875431820240;0.363487;0.311241;0.95298 0.279361 -0.117413 -0.29527 -0.260699 0.953331 0.152305 0.76574 0.154482 -0.114534 0.981334 -1.1032 0 0 0 1 
26875431820241;0.468508;0.17024;0.925833 -0.375392 0.043756 0.368654 0.37469 0.92685 0.0235732 -2.1338 -0.0494044 -0.00542991 0.998764 0.510391 0 0 0 1 
26875431820242;0.496458;0.250342;0.991355 -0.121285 -0.0500495 0.398459 0.131206 0.915439 0.380469 -1.82024 -0.000328002 -0.383747 0.923438 -0.0224938 0 0 0 1 
26875431820243;0.419239;0.255943;0.92472 0.20587 0.320171 -0.414228 -0.173282 0.976588 -0.127473 0.598396 -0.338918 0.0623966 0.938744 1.10414 0 0 0 1 
26875431820244;0.327061;0.131969;0.99911 0.0320464 0.027426 -0.526926 -0.0292161 0.994756 -0.0980161 0.457879 -0.0304232 0.0971276 0.994807 -0.0229679 0 0 0 1 
26875431820245;0.440644;0.1571;0.908031 0.0635825 0.414049 -0.405154 -0.116773 0.987654 0.104423 0.0584547 -0.402298 -0.14317 0.904245 1.79916 0 0 0 1 
26875431820246;0.33651;0.111728;0.986585 -0.0267302 0.161042 -0.133782 0.0102012 0.99467 0.102603 -0.675342 -0.162927 -0.0995835 0.9816 0.254856 0 0 0 1 
26875431820248;0.482971;0.055955;0.948098 -0.0850801 -0.306383 0.834172 0.115077 0.990034 0.0811799 -0.398692 0.296423 -0.112224 0.94844 -2.2328 0 0 0 1 
26875431820249;0.481186;0.0535317;0.975215 -0.190044 -0.113311 0.422495 0.181194 0.979858 -0.083951 -0.731161 0.126983 0.0613389 0.990006 0.401595 0 0 0 1 
26875431820250;0.362957;0.0668292;0.963508 0.222045 0.149493 0.22944 -0.204285 0.97085 -0.12537 1.45092 -0.172973 0.0902553 0.980782 0.577481 0 0 0 1 
26875431820251;0.294996;0.0488653;0.996137 0.0871133 0.0110752 0.682958 -0.0876384 0.994184 0.0625943 0.0547201 -0.00555797 -0.0633231 0.997978 -0.232249 0 0 0 1 
26875431820252;0.28587;0.0535833;0.999226 -0.0269172 0.0286793 0.382846 0.0270298 0.999628 -0.00354397 -0.627201 -0.0285732 0.00431642 0.999582 0.356863 0 0 0 1 
26875431820253;0.612372;0.0613875;0.966489 0.0806352 -0.243717 1.21338 -0.0235239 0.973211 0.228706 -0.942881 0.25563 -0.215309 0.942494 -1.04309 0 0 0 1 
26875431820254;0.431445;0.298982;0.993391 0.108407 0.0377177 -0.0319473 -0.105035 0.991069 -0.0821574 0.518714 -0.0462873 0.0776528 0.995905 -0.00798673 0 0 0 1 
26875431820255;0.351175;0.0573134;0.999046 -0.0247795 0.0359593 -0.187549 0.0244674 0.999659 0.0090935 -0.00657377 -0.0361723 -0.00820499 0.999312 0.907942 0 0 0 1 
26875431820256;0.151421;0.0475533;0.983014 0.181884 0.0245285 0.185567 -0.181641 0.983294 -0.0118061 0.825626 -0.026266 0.00715014 0.999629 0.119153 0 0 0 1 
26875431820257;0.412483;0.0525911;0.987492 -0.154922 -0.0293185 -0.0602222 0.157194 0.981796 0.106613 -1.63397 0.012268 -0.109889 0.993868 -0.218107 0 0 0 1 
26875431820258;0.238327;0.0503304;0.982909 0.183917 0.00806451 0.239341 -0.18257 0.968216 0.170957 0.588449 0.0236337 -0.169507 0.985246 0.030236 0 0 0 1 
26875431820259;0.330266;0.0623498;0.945973 -0.279329 0.164651 -0.288912 0.285193 0.958387 -0.0126317 -1.46537 -0.154271 0.0589064 0.986271 0.687038 0 0 0 1 
