#;prob_registration_l1 -r /home/probabilistic_point_clouds_registration/build/tester /home/point_clouds_registration_benchmark//devel/registration_pairs/wood_summer_local.txt /home/point_clouds_registration_benchmark//eth/wood_summer -s 0.2 -t 0.2 -p 0.3 -r 1000 -m 25 -i 40 
id;initial_error;final_error;transformation
2318808360000;0.0774618;0.0579419;0.998144 0.0367566 0.0485456 -0.492726 -0.0370725 0.999297 0.00562261 0.380753 -0.0483048 -0.00741189 0.998805 0.42119 0 0 0 1 
2318808360001;0.306883;0.0680057;0.997737 0.0650645 -0.0169486 -0.170735 -0.0651142 0.997875 -0.00239727 0.490764 0.0167566 0.00349544 0.999853 -0.32137 0 0 0 1 
2318808360002;0.495258;0.0747816;0.915207 -0.387171 -0.111784 4.73367 0.387418 0.921679 -0.0203869 -1.85655 0.110923 -0.0246491 0.993523 -0.0272748 0 0 0 1 
2318808360003;0.524546;0.0597672;0.911613 -0.407051 -0.0571841 4.37483 0.41084 0.897862 0.158285 -2.70264 -0.0130866 -0.167788 0.985736 1.41788 0 0 0 1 
2318808360004;0.20511;0.0605982;0.997427 -0.0669235 0.0257177 0.571547 0.0666145 0.997698 0.0126891 -0.594703 -0.0265077 -0.0109432 0.999589 -0.0883434 0 0 0 1 
2318808360005;0.440296;0.077877;0.984154 0.0626764 -0.165869 -0.123728 -0.012713 0.957979 0.286558 0.0821538 0.176859 -0.279908 0.943595 0.925574 0 0 0 1 
2318808360006;0.169359;0.0546142;0.995801 -0.0898029 0.0177526 1.02128 0.0899614 0.99591 -0.00834097 -0.505468 -0.016931 0.009903 0.999808 0.15078 0 0 0 1 
2318808360007;0.299345;0.0502357;0.927258 -0.369826 0.0584997 4.26413 0.368175 0.92901 0.0372416 -2.29164 -0.0681197 -0.0129944 0.997593 0.573635 0 0 0 1 
2318808360008;0.34518;0.0684624;0.929639 0.269181 0.251622 -2.48904 -0.302971 0.947064 0.106198 2.85585 -0.209716 -0.17496 0.961982 3.84309 0 0 0 1 
2318808360009;0.553788;0.354103;0.995246 0.0852909 0.0470147 -0.783668 -0.0850853 0.996353 -0.00636052 0.12543 -0.0473857 0.00233003 0.998874 0.54592 0 0 0 1 
2318808360010;0.296129;0.042101;0.991397 -0.130676 -0.00748813 1.25335 0.130891 0.989855 0.0552652 -1.31317 0.000190313 -0.0557698 0.998444 0.117373 0 0 0 1 
2318808360011;0.267088;0.0515754;0.973481 -0.197908 0.114745 2.16748 0.183913 0.975348 0.121951 -1.32141 -0.136052 -0.0976143 0.985881 2.4087 0 0 0 1 
2318808360012;0.117207;0.0589655;0.996657 -0.00826925 -0.0812853 0.0455877 0.0128851 0.998324 0.0564258 -0.264559 0.0806824 -0.0572845 0.995092 -0.198387 0 0 0 1 
2318808360013;0.297157;0.0469068;0.996835 -0.0534619 0.0588396 -0.0374483 0.0549048 0.998222 -0.0231839 -0.679045 -0.0574956 0.0263411 0.997998 0.0236163 0 0 0 1 
2318808360014;0.320442;0.0698671;0.999956 0.00089234 0.00931756 -0.0819399 -0.000945413 0.999983 0.00569309 -0.011229 -0.00931232 -0.00570165 0.99994 -0.530133 0 0 0 1 
2318808360015;0.329054;0.0518334;0.963853 0.233348 -0.12859 -2.08032 -0.24544 0.96543 -0.0877719 2.33448 0.103664 0.11616 0.987806 -2.48825 0 0 0 1 
2318808360016;0.335073;0.0461081;0.999558 0.0297248 -0.000116643 -0.273889 -0.0297198 0.999449 0.0148064 -0.110401 0.000556695 -0.0147963 0.99989 -0.441842 0 0 0 1 
2318808360017;0.483715;0.037305;0.973266 0.223208 -0.0541495 -2.51897 -0.222908 0.974771 0.0115975 1.72792 0.055372 0.000782859 0.998465 0.236528 0 0 0 1 
2318808360018;0.313611;0.0613661;0.90688 -0.409255 -0.100399 4.95119 0.401058 0.911382 -0.092389 -2.14732 0.129312 0.0435199 0.990648 -1.45505 0 0 0 1 
2318808360019;0.502137;0.0473805;0.948955 0.310588 -0.0549465 -2.44884 -0.315383 0.932035 -0.17845 2.78772 -0.00421246 0.18667 0.982414 -2.33309 0 0 0 1 
2318808360020;0.421809;0.0577031;0.964769 0.0209017 0.262266 -0.614093 0.000551466 0.996676 -0.0814601 0.222886 -0.263097 0.0787349 0.961551 0.58638 0 0 0 1 
2318808360021;0.393879;0.046833;0.908096 -0.302263 -0.289827 4.31539 0.210655 0.927883 -0.307666 -0.916422 0.361921 0.218336 0.906279 -4.97659 0 0 0 1 
2318808360022;0.404256;0.0675583;0.995138 0.0301567 -0.0937631 -0.307665 -0.0357507 0.997643 -0.058565 1.00031 0.091776 0.0616323 0.993871 -1.70031 0 0 0 1 
2318808360023;0.175152;0.0608865;0.978568 -0.192406 0.073377 1.9041 0.195575 0.979924 -0.0387105 -1.29749 -0.0644558 0.0522316 0.996553 -0.0162008 0 0 0 1 
2318808360024;0.438639;0.0431674;0.992608 0.00618936 -0.121209 -0.797546 -0.0180753 0.9951 -0.0972091 0.335434 0.120014 0.0986814 0.987856 -2.05065 0 0 0 1 
2318808360025;0.493149;0.0638757;0.984427 -0.175622 -0.00770887 1.70198 0.175425 0.984261 -0.0213776 -0.739548 0.0113419 0.0196924 0.999742 0.425157 0 0 0 1 
2318808360026;0.26214;0.0485941;0.980477 0.00926213 -0.196416 -0.133194 0.00468021 0.997508 0.070401 -0.145941 0.196578 -0.0699458 0.97799 -0.493302 0 0 0 1 
2318808360027;0.301824;0.0573276;0.971719 0.235986 -0.00857911 -2.28156 -0.230132 0.938219 -0.258426 2.85969 -0.0529359 0.253092 0.965993 -2.15643 0 0 0 1 
2318808360028;0.111442;0.0713142;0.999145 -0.0335119 -0.0242071 0.271291 0.036446 0.990422 0.133179 -0.425884 0.0195122 -0.133947 0.990796 1.18833 0 0 0 1 
2318808360029;0.556383;0.0615552;0.993982 -0.0661236 -0.0873408 0.132936 0.0940968 0.923598 0.371635 -0.496941 0.056094 -0.377617 0.924261 4.24718 0 0 0 1 
2318808360031;0.47988;0.0596051;0.903864 0.371337 -0.21246 -2.48529 -0.359009 0.928445 0.0954081 3.77793 0.232686 -0.00996065 0.972501 -2.17009 0 0 0 1 
2318808360032;0.536016;0.063942;0.923507 0.0273502 -0.382605 1.06457 -0.138025 0.954336 -0.264936 2.59108 0.357888 0.297479 0.885112 -6.25371 0 0 0 1 
2318808360033;0.38485;0.0727382;0.991508 0.129668 0.00986284 -1.04342 -0.129599 0.991539 -0.0073552 1.01131 -0.0107331 0.00601453 0.999924 -0.716567 0 0 0 1 
2318808360034;0.495664;0.0725134;0.878086 0.475596 0.05267 -4.22007 -0.476415 0.879214 0.00346663 5.51681 -0.0446594 -0.0281367 0.998606 0.151877 0 0 0 1 
2318808360035;0.329409;0.0696352;0.993079 0.0923133 -0.0726067 -0.539438 -0.0931623 0.995616 -0.0083879 0.965742 0.0715141 0.0150941 0.997325 -1.36234 0 0 0 1 
2318808360036;0.430313;0.081808;0.898485 0.230647 -0.373533 -0.815492 -0.220783 0.972834 0.069635 1.86638 0.379446 0.0199038 0.925 -3.39449 0 0 0 1 
2318808360037;0.120765;0.0642946;0.991165 -0.00417683 -0.132568 0.352873 -0.0119238 0.992651 -0.120426 0.365224 0.132097 0.120942 0.983831 -2.41403 0 0 0 1 
2318808360038;0.516165;0.08329;0.977053 -0.196229 0.0828395 2.07165 0.194276 0.980454 0.0311004 -2.09447 -0.0873231 -0.014293 0.996078 1.45739 0 0 0 1 
2318808360039;0.413132;0.0744533;0.976144 -0.13746 0.16807 1.26825 0.131245 0.990207 0.0475961 -0.696238 -0.172966 -0.0244023 0.984625 2.07534 0 0 0 1 
2318808360040;0.306491;0.0616181;0.987756 0.110268 -0.110355 -0.601712 -0.0927314 0.983855 0.15307 0.740047 0.125452 -0.140963 0.982034 0.0394163 0 0 0 1 
2318808360041;0.475776;0.0696622;0.869675 -0.49279 -0.028679 6.66778 0.491386 0.869796 -0.0446584 -2.67575 0.0469521 0.0247459 0.998591 -0.250491 0 0 0 1 
2318808360042;0.392346;0.0869306;0.997436 0.0303734 0.0648006 -0.3018 -0.0301143 0.999534 -0.0049728 0.2698 -0.0649215 0.00300862 0.997886 1.18022 0 0 0 1 
2318808360043;0.212163;0.0701712;0.988479 0.0579186 -0.139836 -0.231953 -0.0230303 0.970685 0.239251 0.168338 0.149593 -0.233274 0.960836 1.30927 0 0 0 1 
2318808360044;0.216595;0.0790965;0.987696 0.101239 -0.119194 -1.02027 -0.0936003 0.993282 0.0680403 0.520282 0.125282 -0.0560465 0.990537 -0.365456 0 0 0 1 
2318808360045;0.469606;0.0927101;0.921062 0.219221 -0.321849 -1.43872 -0.311946 0.910081 -0.272839 3.94786 0.233097 0.351702 0.906627 -5.27693 0 0 0 1 
2318808360046;0.276896;0.0724685;0.999958 0.00379236 0.00838574 0.27664 -0.00374438 0.999977 -0.00573087 -0.41896 -0.00840728 0.00569923 0.999948 -0.231783 0 0 0 1 
2318808360047;0.219223;0.0630781;0.956936 -0.144432 -0.251821 2.28604 0.139627 0.989515 -0.0369478 -0.881698 0.254517 0.00019579 0.967068 -2.18946 0 0 0 1 
2318808360048;0.2746;0.0663063;0.955895 -0.0364903 0.291433 0.375592 0.0169135 0.997445 0.0694141 -0.145203 -0.293221 -0.0614235 0.95407 3.02767 0 0 0 1 
2318808360049;0.475244;0.067103;0.909707 -0.307131 -0.279471 4.83368 0.327892 0.944251 0.0296183 -2.25292 0.254794 -0.11858 0.959697 -1.35392 0 0 0 1 
2318808360050;0.266943;0.076373;0.949389 -0.312338 -0.0332347 3.9949 0.312686 0.949839 0.00571424 -2.1798 0.0297829 -0.0158171 0.999431 -0.331609 0 0 0 1 
2318808360051;0.316495;0.0569228;0.979725 -0.0680532 0.188436 0.776993 0.0417043 0.989213 0.140421 -0.526733 -0.195959 -0.129715 0.971995 3.50945 0 0 0 1 
2318808360052;0.442125;0.0657955;0.913134 0.379415 0.149098 -3.5115 -0.373401 0.925207 -0.0675524 3.53242 -0.163577 0.00601093 0.986512 1.54673 0 0 0 1 
2318808360053;0.502153;0.0721576;0.999048 -0.0416008 -0.0131454 1.25317 0.0429599 0.990565 0.130137 -0.586493 0.00760756 -0.130578 0.991409 1.98777 0 0 0 1 
2318808360054;0.189299;0.067977;0.96309 -0.265556 -0.0440175 3.36491 0.261194 0.961474 -0.0857016 -1.69734 0.0650803 0.0710412 0.995348 -1.40194 0 0 0 1 
2318808360055;0.56348;0.0563262;0.949035 0.125022 -0.289314 0.110915 -0.160078 0.981947 -0.100768 2.2443 0.271493 0.141945 0.951915 -3.78149 0 0 0 1 
2318808360056;0.0419399;0.0706167;0.99846 0.0350574 -0.0429947 -0.223816 -0.0349234 0.999383 0.00386502 0.243956 0.0431036 -0.00235754 0.999068 -0.39968 0 0 0 1 
2318808360057;0.467263;0.0853691;0.99593 -0.0844578 -0.031466 1.27523 0.0835893 0.996108 -0.0279649 -1.39867 0.0337054 0.0252208 0.999114 -1.12564 0 0 0 1 
2318808360058;0.291617;0.0803763;0.99974 -0.00164928 -0.022759 0.183966 0.00485673 0.989911 0.141606 0.358322 0.0222959 -0.14168 0.989661 1.5257 0 0 0 1 
2318808360059;0.25976;0.0609312;0.970775 0.0117874 -0.2397 0.682621 -0.0302573 0.996835 -0.0735207 0.367656 0.238075 0.0786247 0.968059 -2.58885 0 0 0 1 
2318808360060;0.11731;0.0653513;0.994441 0.0850175 0.0621183 -0.890284 -0.0816736 0.995167 -0.0545251 0.827006 -0.0664536 0.0491486 0.996578 -0.0454697 0 0 0 1 
2318808360062;0.468711;0.0513482;0.909446 0.409771 -0.0706792 -0.974062 -0.368172 0.872519 0.321185 2.12115 0.193281 -0.266078 0.944375 0.19852 0 0 0 1 
2318808360063;0.468392;0.0533817;0.993541 -0.113213 0.00770132 -0.362765 0.111636 0.987357 0.112532 -1.17731 -0.020344 -0.110945 0.993618 -0.113549 0 0 0 1 
2318808360064;0.317402;0.0499935;0.94317 0.332306 -0.00160472 -0.464791 -0.332309 0.943166 -0.0029657 1.99855 0.000528002 0.00333043 0.999994 -0.43553 0 0 0 1 
2318808360065;0.263432;0.0520776;0.976283 -0.206437 0.0652403 0.786072 0.198659 0.973978 0.109096 -1.52101 -0.0860641 -0.0935484 0.991888 0.991199 0 0 0 1 
2318808360066;0.238324;0.0464242;0.999759 -0.0217561 -0.0029701 -0.325681 0.0218162 0.999521 0.0219567 -0.387294 0.00249099 -0.0220162 0.999755 0.131821 0 0 0 1 
2318808360067;0.429905;0.0636999;0.991743 0.105048 -0.0735644 0.801521 -0.100346 0.992831 0.0649357 0.51535 0.0798584 -0.0570176 0.995174 -0.604239 0 0 0 1 
2318808360068;0.55967;0.0472962;0.884306 -0.137118 -0.44632 2.07235 0.22041 0.965286 0.140151 -1.54557 0.411609 -0.22231 0.88383 -2.26064 0 0 0 1 
2318808360069;0.324897;0.0469007;0.997409 0.0696649 0.017967 0.252942 -0.0699945 0.997377 0.0184197 0.0662879 -0.0166367 -0.0196296 0.999669 -0.448628 0 0 0 1 
2318808360070;0.327797;0.0540137;0.996172 0.0644304 0.0590732 0.551119 -0.0614689 0.996823 -0.0506508 0.270674 -0.062149 0.0468258 0.996968 0.00103465 0 0 0 1 
2318808360071;0.127608;0.0575733;0.989237 0.129717 0.0676987 -0.362091 -0.130364 0.991453 0.00520255 0.726883 -0.0664452 -0.013972 0.997692 0.342539 0 0 0 1 
2318808360072;0.27755;0.0637701;0.964885 -0.252314 -0.0730363 0.783074 0.252386 0.96759 -0.0084036 -1.19687 0.0727895 -0.0103248 0.997294 -0.618036 0 0 0 1 
2318808360073;0.377754;0.0491668;0.993813 -0.0561708 0.0958144 0.0519312 0.0710986 0.984506 -0.160292 0.0250954 -0.0853262 0.166112 0.982408 -0.724119 0 0 0 1 
2318808360074;0.367604;0.050715;0.890397 -0.454426 -0.0262726 1.98143 0.448323 0.885497 -0.122076 -2.22174 0.0787387 0.0969173 0.992173 -0.549873 0 0 0 1 
2318808360075;0.223733;0.0558135;0.966879 -0.00690747 0.255143 0.114745 0.00407739 0.999924 0.0116194 -0.27967 -0.255204 -0.0101942 0.966833 1.56286 0 0 0 1 
2318808360076;0.344651;0.0537156;0.993805 -0.108539 -0.023901 0.882896 0.111094 0.964003 0.24157 -0.882125 -0.00317918 -0.242729 0.970089 1.16944 0 0 0 1 
2318808360077;0.167206;0.0615277;0.995925 0.0368344 0.0823233 0.0477152 -0.0393222 0.998811 0.0288052 0.396806 -0.0811644 -0.0319249 0.996189 0.429293 0 0 0 1 
2318808360078;0.455663;0.0603769;0.924301 0.37552 0.0682141 -0.461083 -0.380614 0.920168 0.0917853 1.94559 -0.0283012 -0.1108 0.99344 -0.244135 0 0 0 1 
2318808360079;0.349782;0.056219;0.990903 0.0889591 0.100981 -0.169225 -0.103006 0.984244 0.14371 0.468461 -0.0866059 -0.152804 0.984454 1.6404 0 0 0 1 
2318808360080;0.31557;0.0513506;0.991371 0.0582563 -0.117426 0.0674139 -0.00841761 0.92226 0.386479 -0.451345 0.130812 -0.382156 0.914793 0.401047 0 0 0 1 
2318808360081;0.265138;0.0459081;0.992366 0.0857413 -0.088643 -0.00907015 -0.104457 0.966469 -0.234578 1.1666 0.0655577 0.242047 0.968047 -0.831602 0 0 0 1 
2318808360082;0.291619;0.0452643;0.977956 0.136092 -0.158369 0.0798059 -0.178656 0.937946 -0.297221 1.6317 0.108092 0.318963 0.941583 -1.53187 0 0 0 1 
2318808360083;0.406111;0.0550212;0.99101 -0.133431 0.00971994 0.0251273 0.132287 0.988168 0.0776201 -0.943718 -0.0199618 -0.0756365 0.996936 -0.426419 0 0 0 1 
2318808360084;0.25521;0.042992;0.999103 0.0384372 -0.017797 0.149821 -0.0421426 0.944298 -0.326382 0.830337 0.00426048 0.326839 0.945071 -0.955266 0 0 0 1 
2318808360085;0.097134;0.0568368;0.999618 -0.00241689 0.0275151 0.0284844 0.00159985 0.999558 0.0296776 -0.0287697 -0.0275747 -0.0296223 0.999181 0.391781 0 0 0 1 
2318808360086;0.630308;0.0662386;0.956375 0.144618 -0.253835 0.715168 -0.0219286 0.901963 0.431256 -0.694579 0.291317 -0.406876 0.865786 -1.21338 0 0 0 1 
2318808360087;0.164964;0.053499;0.988585 0.148596 0.024888 -0.2635 -0.145441 0.984315 -0.0998511 1.04822 -0.0393351 0.0950916 0.994691 -0.0823814 0 0 0 1 
2318808360088;0.426784;0.064734;0.925486 0.213377 0.312964 -0.236679 -0.14792 0.964224 -0.21998 1.06163 -0.348706 0.157294 0.923939 2.12209 0 0 0 1 
2318808360089;0.0156956;0.0499361;0.99986 -0.00535997 -0.0158389 0.114619 0.00564953 0.999817 0.018294 -0.12542 0.015738 -0.0183809 0.999707 -0.0694695 0 0 0 1 
2318808360090;0.105965;0.0594481;0.999486 0.0126226 -0.0294663 -0.0646532 -0.0127457 0.999911 -0.00399191 0.153305 0.0294133 0.00436543 0.999558 -0.133834 0 0 0 1 
2318808360091;0.471367;0.0556653;0.938032 -0.0812678 -0.336885 1.03593 0.00446448 0.974868 -0.222739 0.88066 0.34652 0.207432 0.91482 -2.87957 0 0 0 1 
2318808360093;0.358587;0.0372377;0.991817 0.0996809 0.0797625 -0.162117 -0.100264 0.994955 0.00332562 1.00083 -0.0790286 -0.0112957 0.996808 -0.276805 0 0 0 1 
2318808360094;0.104341;0.0374177;0.996061 0.080744 0.0366336 0.107503 -0.079327 0.9961 -0.0386145 0.340772 -0.0396087 0.0355564 0.998582 0.344067 0 0 0 1 
2318808360095;0.369651;0.0483044;0.958988 -0.281916 0.0294107 0.398592 0.282975 0.958205 -0.0420384 -1.17429 -0.0163302 0.0486368 0.998683 -0.523907 0 0 0 1 
2318808360096;0.316121;0.0330367;0.999078 0.0349572 0.0249303 0.675378 -0.0349607 0.999389 -0.000296971 0.315261 -0.0249254 -0.000574882 0.999689 0.523203 0 0 0 1 
2318808360097;0.369151;0.0346832;0.903523 0.285551 0.31954 0.146021 -0.272081 0.958328 -0.0870635 1.111 -0.331085 -0.00827681 0.943565 1.30727 0 0 0 1 
2318808360098;0.287285;0.0423969;0.954687 -0.293338 0.0502591 0.0683053 0.29176 0.955797 0.036444 -1.50216 -0.0587279 -0.020129 0.998071 0.0732692 0 0 0 1 
2318808360099;0.367143;0.0496275;0.935269 -0.350155 0.0516116 0.469472 0.351438 0.936038 -0.0180272 -2.20105 -0.041998 0.0349986 0.998505 -0.0188189 0 0 0 1 
2318808360100;0.403666;0.0421507;0.991625 -0.12886 -0.00860865 0.921096 0.129141 0.988714 0.0759408 -0.602051 -0.00127425 -0.0764166 0.997075 -0.376618 0 0 0 1 
2318808360101;0.302239;0.0418992;0.935068 -0.151237 0.320585 -0.192148 0.170107 0.984921 -0.0315221 -0.866316 -0.310983 0.0840091 0.946695 1.66963 0 0 0 1 
2318808360102;0.281834;0.0364063;0.987518 0.156732 0.0155789 0.099681 -0.155403 0.953463 0.258377 0.211509 0.0256419 -0.257573 0.965919 -0.152758 0 0 0 1 
2318808360103;0.378578;0.0379354;0.941665 0.195996 -0.273592 0.716677 -0.122867 0.957022 0.262702 0.215293 0.313322 -0.213762 0.925276 -1.33473 0 0 0 1 
2318808360104;0.557659;0.0406628;0.878713 -0.476969 -0.0190709 0.274393 0.475294 0.877935 -0.0576712 -2.2679 0.0442503 0.0416122 0.998153 -0.978082 0 0 0 1 
2318808360105;0.460355;0.0420725;0.905281 -0.423986 -0.0264819 0.729496 0.424154 0.898652 0.111885 -2.3542 -0.0236398 -0.11252 0.993368 -0.438034 0 0 0 1 
2318808360106;0.53681;0.0418494;0.935207 -0.0664733 -0.347807 1.35922 0.0570759 0.997676 -0.0372077 0.489394 0.349472 0.0149456 0.936828 -1.38477 0 0 0 1 
2318808360107;0.116161;0.0380678;0.990126 -0.0011328 0.140172 -0.0446812 0.0159227 0.994404 -0.104436 0.0361505 -0.13927 0.105637 0.984604 0.859851 0 0 0 1 
2318808360108;0.426496;0.0349023;0.970283 0.239839 0.0320577 0.698475 -0.238439 0.970245 -0.0420953 1.2206 -0.0412 0.0332006 0.998599 -0.41407 0 0 0 1 
2318808360109;0.361092;0.0385688;0.988294 0.143469 0.0518845 -0.819682 -0.140806 0.988681 -0.0517953 1.1088 -0.0587283 0.0438833 0.997309 0.172845 0 0 0 1 
2318808360110;0.188673;0.0473309;0.994624 -0.0189216 -0.101808 0.402713 0.00930312 0.995516 -0.0941353 0.269698 0.103132 0.0926821 0.99034 -0.58436 0 0 0 1 
2318808360111;0.302097;0.0444128;0.980099 0.184081 -0.0743021 -0.434521 -0.161314 0.95669 0.242325 0.733592 0.115692 -0.225516 0.967346 -0.336152 0 0 0 1 
2318808360112;0.226828;0.0421104;0.965726 -0.250863 -0.0666416 0.472796 0.252241 0.967577 0.0129951 -1.23627 0.0612209 -0.0293594 0.997692 -0.204232 0 0 0 1 
2318808360113;0.311079;0.047385;0.928604 -0.31296 -0.199377 0.525923 0.257309 0.930212 -0.26172 -0.975774 0.267371 0.191733 0.944326 -1.23445 0 0 0 1 
2318808360114;0.267587;0.0360484;0.986433 -0.0413387 0.158872 -0.0322203 0.0422395 0.999105 -0.00229594 0.0731021 -0.158635 0.00897548 0.987296 1.40726 0 0 0 1 
2318808360115;0.283003;0.0403901;0.994903 -0.0951181 0.0334808 -0.0667978 0.0823214 0.957886 0.275097 -0.81027 -0.0582375 -0.270939 0.960833 0.911518 0 0 0 1 
2318808360116;0.15967;0.0370671;0.999323 0.0125544 0.0345803 0.191465 -0.0122221 0.999877 -0.00980296 0.0840065 -0.0346991 0.00937368 0.999354 -0.111592 0 0 0 1 
2318808360117;0.274094;0.044516;0.969628 0.182882 -0.162404 0.509869 -0.210404 0.962253 -0.172623 1.3393 0.124704 0.20155 0.971507 -0.736359 0 0 0 1 
2318808360118;0.309171;0.0355841;0.994016 -0.0464486 0.0988654 0.19978 0.0579571 0.991449 -0.116915 0.00499258 -0.0925895 0.121945 0.988209 1.16447 0 0 0 1 
2318808360119;0.136528;0.0394216;0.999946 0.00664541 0.00798666 0.00930753 -0.00790214 0.985525 0.169344 -0.146628 -0.00674569 -0.169398 0.985525 0.332832 0 0 0 1 
2318808360120;0.394337;0.0421187;0.966645 -0.253775 0.0345733 0.324583 0.254724 0.96665 -0.026506 -1.20131 -0.0266937 0.0344286 0.999051 -0.622983 0 0 0 1 
2318808360121;0.407083;0.0479895;0.891704 -0.450841 0.0400793 0.643998 0.451487 0.892238 -0.00836923 -2.18947 -0.0319871 0.0255582 0.999161 -0.208473 0 0 0 1 
2318808360122;0.325576;0.0476551;0.971354 0.031124 -0.235591 0.805014 -0.0208496 0.998725 0.045978 0.029716 0.236722 -0.0397489 0.970764 -0.784321 0 0 0 1 
2318808360124;0.330187;0.0558129;0.952276 -0.166577 0.25578 1.61717 0.115703 0.972419 0.202521 -1.1365 -0.282461 -0.163261 0.945284 3.53892 0 0 0 1 
2318808360125;0.152771;0.0418801;0.988793 -0.149268 -0.00285577 1.49064 0.14929 0.988406 0.0276644 -1.24901 -0.00130675 -0.0277807 0.999613 0.361357 0 0 0 1 
2318808360126;0.0910746;0.0502899;0.998067 -0.00208688 -0.0621119 -0.0843774 0.000967413 0.999837 -0.018048 0.0450448 0.0621394 0.017953 0.997906 -0.677042 0 0 0 1 
2318808360127;0.146509;0.0525928;0.992468 -0.113358 0.0464573 1.03237 0.110611 0.992173 0.0579489 -0.891385 -0.0526626 -0.0523737 0.997238 1.10738 0 0 0 1 
2318808360128;0.288596;0.0448558;0.941932 0.119912 -0.313666 -0.367176 -0.143295 0.988287 -0.0524972 1.2264 0.303697 0.0943954 0.948081 -3.20304 0 0 0 1 
2318808360129;0.489639;0.0538432;0.978379 -0.141778 -0.150579 2.14033 0.072948 0.917831 -0.390211 1.06369 0.193529 0.37079 0.908329 -5.19449 0 0 0 1 
2318808360130;0.532869;0.0786512;0.945245 -0.0550484 0.321686 0.0391406 -0.0714767 0.926824 0.36863 1.09547 -0.318439 -0.371438 0.872141 6.78998 0 0 0 1 
2318808360131;0.255773;0.0463703;0.998276 -0.0216036 0.0545763 -0.0194808 0.0158334 0.994448 0.10403 -0.293541 -0.0565207 -0.102986 0.993076 0.971649 0 0 0 1 
2318808360132;0.368015;0.0641487;0.918589 0.394815 0.0177603 -3.352 -0.38752 0.908619 -0.155695 4.1218 -0.0776082 0.136137 0.987645 -0.804925 0 0 0 1 
2318808360133;0.203483;0.0495489;0.988041 0.122828 -0.0932083 -1.03533 -0.105569 0.979482 0.171671 0.670444 0.112382 -0.159778 0.980735 0.598426 0 0 0 1 
2318808360134;0.215895;0.0419131;0.997184 -0.0256782 -0.0704601 0.603451 0.0235505 0.999246 -0.0308627 -0.304497 0.0711995 0.0291165 0.997037 -0.637978 0 0 0 1 
2318808360135;0.357096;0.0570565;0.956817 0.0855657 -0.277813 -0.0738459 -0.0881694 0.996101 0.0031321 0.938731 0.276998 0.0214978 0.96063 -2.02493 0 0 0 1 
2318808360136;0.39267;0.0565185;0.989414 -0.0956681 0.109125 0.875068 0.109032 0.986285 -0.123914 -0.16324 -0.0957733 0.134501 0.986274 -0.0861932 0 0 0 1 
2318808360137;0.205186;0.0551108;0.981903 -0.0222267 -0.188077 0.672047 0.029651 0.998884 0.0367534 -0.329745 0.18705 -0.0416649 0.981466 -1.03991 0 0 0 1 
2318808360138;0.524941;0.0505154;0.985044 -0.165037 0.0495033 1.33614 0.164141 0.986199 0.0216607 -1.44123 -0.0523949 -0.0132112 0.998539 -0.392669 0 0 0 1 
2318808360139;0.224459;0.0471588;0.992368 0.116265 -0.0410997 -1.15345 -0.122509 0.96756 -0.220951 1.62794 0.0140776 0.2243 0.974418 -2.27331 0 0 0 1 
2318808360140;0.242736;0.0554105;0.992862 0.0595126 0.103361 -0.774016 -0.0519528 0.995878 -0.0743538 0.587829 -0.10736 0.0684532 0.991861 -0.239922 0 0 0 1 
2318808360141;0.27546;0.056599;0.968013 0.239218 0.0756739 -2.05878 -0.236267 0.970602 -0.0459354 2.15816 -0.0844378 0.0265869 0.996074 0.12633 0 0 0 1 
2318808360142;0.19755;0.0596208;0.992797 -0.109012 0.0496973 0.911373 0.108143 0.993937 0.0198719 -0.687112 -0.0515623 -0.0143543 0.998567 0.231235 0 0 0 1 
2318808360143;0.359468;0.0377156;0.971242 -0.0807951 -0.223967 1.1293 0.0876262 0.995938 0.0207145 -0.752558 0.221384 -0.0397442 0.974376 -0.697489 0 0 0 1 
2318808360144;0.260225;0.0627509;0.981786 -0.182609 0.0524471 1.58611 0.187375 0.976299 -0.108307 -1.05254 -0.0314261 0.116162 0.992733 -1.18693 0 0 0 1 
2318808360145;0.465801;0.0509899;0.90633 -0.236714 0.350047 2.64432 0.250011 0.968214 0.00741917 -1.62442 -0.340677 0.0807916 0.936703 2.50943 0 0 0 1 
2318808360146;0.208847;0.0531398;0.983579 -0.180462 0.00242231 1.80835 0.17636 0.958202 -0.225268 -0.662004 0.0383313 0.221996 0.974294 -2.56755 0 0 0 1 
2318808360147;0.522631;0.0494133;0.949859 0.249186 0.188878 -2.72016 -0.221819 0.962748 -0.154635 2.33285 -0.220375 0.104985 0.969749 -0.0655785 0 0 0 1 
2318808360148;0.348601;0.0502776;0.962717 0.187876 0.194623 -1.94093 -0.217951 0.964873 0.146686 1.90466 -0.160228 -0.183635 0.969848 3.55783 0 0 0 1 
2318808360149;0.220362;0.0496928;0.986671 0.159947 -0.02995 -1.58984 -0.160501 0.986888 -0.017093 1.38547 0.0268233 0.0216721 0.999405 -0.748468 0 0 0 1 
2318808360150;0.310305;0.0658893;0.997684 0.0595289 0.0329079 -0.975829 -0.0617293 0.995602 0.0704744 0.374722 -0.0285679 -0.0723425 0.996971 0.40708 0 0 0 1 
2318808360151;0.0639999;0.0416358;0.999325 0.0135541 -0.034133 -0.12356 -0.0121098 0.999037 0.0421717 0.00444119 0.0346717 -0.0417299 0.998527 0.201852 0 0 0 1 
2318808360152;0.508923;0.0622066;0.975131 0.221409 -0.0099223 -1.31065 -0.221375 0.975179 0.00439515 1.89945 0.0106491 -0.00208929 0.999941 0.495882 0 0 0 1 
2318808360153;0.520442;0.049378;0.926955 0.375094 -0.00766191 -3.39407 -0.372136 0.921856 0.108152 3.32558 0.0476304 -0.097401 0.994105 1.35355 0 0 0 1 
2318808360155;0.242296;0.0799214;0.966994 -0.00498227 0.25475 0.177166 0.0512773 0.983159 -0.175413 -0.17736 -0.249586 0.182686 0.950964 0.103218 0 0 0 1 
2318808360156;0.545461;0.0892981;0.954444 -0.25405 0.156511 2.50985 0.237716 0.964409 0.115786 -2.09006 -0.180356 -0.0733065 0.980866 1.21698 0 0 0 1 
2318808360157;0.417219;0.0919637;0.954892 -0.229832 -0.18804 2.56783 0.17782 0.9497 -0.25778 -0.184647 0.237828 0.212715 0.947729 -3.43756 0 0 0 1 
2318808360158;0.428586;0.11883;0.906941 0.203193 -0.369012 -0.659714 -0.2329 0.971785 -0.0373094 1.99401 0.351019 0.119781 0.928675 -3.43876 0 0 0 1 
2318808360159;0.360686;0.082374;0.946065 -0.171385 0.274932 1.75443 0.260966 0.906014 -0.33322 -0.669308 -0.191984 0.386996 0.901874 -2.12799 0 0 0 1 
2318808360160;0.334724;0.0865687;0.925972 0.0487201 0.374435 -0.561452 -0.0237625 0.997194 -0.0709869 0.176434 -0.376843 0.0568343 0.924532 2.41505 0 0 0 1 
2318808360161;0.319806;0.213536;0.937174 0.263049 0.229151 -2.50701 -0.279462 0.959247 0.0417868 1.99984 -0.20882 -0.1032 0.972494 2.58548 0 0 0 1 
2318808360162;0.00881013;0.0492244;0.99994 -0.00936502 0.00566322 0.0243521 0.00934272 0.999949 0.00395098 -0.147531 -0.00569993 -0.00389784 0.999976 0.103911 0 0 0 1 
2318808360163;0.15049;0.0511043;0.996229 0.0863663 0.00827799 -0.925217 -0.0862893 0.996227 -0.00924399 0.416507 -0.00904513 0.00849483 0.999923 0.167138 0 0 0 1 
2318808360164;0.34564;0.3411;0.99911 0.0400818 0.0131159 -0.502687 -0.0393774 0.997965 -0.0501598 0.193427 -0.0150997 0.0495987 0.998655 -0.296053 0 0 0 1 
2318808360165;0.629483;0.0493396;0.928576 -0.15426 0.337565 0.82219 0.197482 0.975448 -0.0974759 -1.82109 -0.31424 0.157177 0.936242 0.546257 0 0 0 1 
2318808360166;0.356263;0.0562111;0.997894 0.0590169 -0.0269209 -0.160872 -0.0606632 0.996033 -0.0651047 0.195901 0.0229718 0.0666007 0.997515 -0.289553 0 0 0 1 
2318808360167;0.348773;0.0811499;0.974952 -0.0404575 0.218703 0.14095 0.121175 0.921185 -0.369777 0.272456 -0.186506 0.387016 0.903014 -2.04865 0 0 0 1 
2318808360168;0.491205;0.0801181;0.968537 -0.122441 -0.216664 1.1174 0.15118 0.981021 0.121415 -0.851848 0.197686 -0.15035 0.968667 0.724497 0 0 0 1 
2318808360169;0.364685;0.12013;0.999616 -0.0276713 -0.00121141 0.279293 0.0276451 0.999456 -0.0179765 0.0568979 0.00170819 0.0179361 0.999838 -0.70142 0 0 0 1 
2318808360170;0.293853;0.0621397;0.99897 0.0188244 0.0412912 -0.498844 -0.0187755 0.999822 -0.0015728 -0.029081 -0.0413135 0.000795913 0.999146 -0.212704 0 0 0 1 
2318808360171;0.404455;0.0856357;0.995035 0.039403 0.0913986 -0.939738 -0.0601983 0.96955 0.23738 -0.14672 -0.079262 -0.241703 0.967108 2.65697 0 0 0 1 
2318808360172;0.214721;0.0965455;0.987571 -0.048256 0.149582 0.31231 0.0328437 0.994051 0.103845 -0.405655 -0.153704 -0.0976418 0.983281 2.45336 0 0 0 1 
2318808360173;0.439959;0.0918097;0.995797 -0.0748012 -0.0528514 1.0318 0.0565004 0.95587 -0.288306 0.707464 0.0720846 0.284108 0.956079 -3.43012 0 0 0 1 
2318808360174;0.284722;0.0697183;0.98004 -0.133647 0.147173 1.26823 0.164936 0.959912 -0.226639 -1.03159 -0.110983 0.246389 0.962795 -1.67567 0 0 0 1 
2318808360175;0.207536;0.0499259;0.997301 -0.056114 -0.0473546 0.475002 0.0546386 0.997997 -0.0318974 -0.794344 0.0490496 0.0292239 0.998369 -0.734419 0 0 0 1 
2318808360176;0.417626;0.123732;0.968704 -0.183169 -0.167517 1.65559 0.222292 0.94047 0.257106 -1.49827 0.11045 -0.286297 0.951753 1.31694 0 0 0 1 
2318808360177;0.414555;0.0834688;0.958291 -0.0610044 -0.279209 1.4142 0.0285429 0.992497 -0.118887 0.0619729 0.284366 0.105959 0.952842 -2.54762 0 0 0 1 
2318808360178;0.192544;0.0918274;0.993923 -0.105414 0.0316968 0.791361 0.105325 0.994428 0.00446818 -0.773679 -0.0319912 -0.00110255 0.999488 -0.0433928 0 0 0 1 
2318808360179;0.369856;0.120351;0.954264 0.286423 0.0856878 -2.46205 -0.279161 0.956249 -0.0875105 2.45622 -0.107004 0.0595875 0.992471 0.767775 0 0 0 1 
2318808360180;0.269585;0.0671852;0.999676 9.89013e-05 0.0254512 -0.103165 -0.000223066 0.999988 0.00487576 -0.0336521 -0.0254504 -0.00487985 0.999664 0.784687 0 0 0 1 
2318808360181;0.159003;0.0628902;0.998605 -0.0527932 -0.00071961 0.271712 0.0527973 0.998573 0.00797738 -0.463842 0.000297432 -0.00800425 0.999968 0.364249 0 0 0 1 
2318808360182;0.250033;0.0919885;0.991513 0.128758 -0.0179719 -1.56458 -0.124344 0.979578 0.158004 0.689374 0.037949 -0.154428 0.987275 1.24059 0 0 0 1 
2318808360183;0.583654;0.09488;0.941425 -0.326074 -0.0859896 3.67393 0.329829 0.943448 0.0334344 -1.93127 0.0702247 -0.0598378 0.995735 -0.873587 0 0 0 1 
2318808360184;0.254669;0.106405;0.990408 0.137482 -0.0137893 -1.13464 -0.137152 0.990293 0.022576 1.00168 0.0167593 -0.0204682 0.99965 0.478137 0 0 0 1 
2318808360186;0.32371;0.0216888;0.928362 -0.0112952 -0.371507 0.460726 -0.0208274 0.996387 -0.0823399 0.153913 0.371094 0.0841787 0.924772 -2.5382 0 0 0 1 
2318808360187;0.391738;0.0284604;0.923145 -0.352511 -0.153424 1.4312 0.382493 0.882364 0.274103 -1.79952 0.0387519 -0.31172 0.949383 0.462367 0 0 0 1 
2318808360188;0.250929;0.0306915;0.963706 -0.266921 0.00490186 1.01853 0.259885 0.942189 0.211516 -1.55356 -0.0610765 -0.202565 0.977362 0.858312 0 0 0 1 
2318808360189;0.35413;0.0180867;0.947174 0.237505 -0.21553 0.0627822 -0.18908 0.956329 0.222899 1.15588 0.259057 -0.170372 0.950717 -0.657593 0 0 0 1 
2318808360190;0.38404;0.0294108;0.971602 0.0836499 0.221343 -0.549942 -0.0727453 0.995721 -0.0569817 0.532713 -0.225163 0.0392618 0.97353 0.523699 0 0 0 1 
2318808360191;0.142007;0.0340217;0.993162 -0.0710889 0.0925994 0.352991 0.0684112 0.997151 0.0317807 -0.439614 -0.0945949 -0.0252286 0.995196 0.463141 0 0 0 1 
2318808360192;0.308225;0.0312071;0.997588 -0.0509609 0.0471357 -0.539587 0.0526705 0.997971 -0.0357691 -0.232155 -0.0452173 0.0381655 0.998248 0.20898 0 0 0 1 
2318808360193;0.19468;0.027998;0.988372 0.0807682 -0.128829 -0.10241 -0.0716797 0.994702 0.073695 0.629475 0.134099 -0.0636036 0.988925 -0.629676 0 0 0 1 
2318808360194;0.35362;0.0232718;0.994389 -0.0403957 0.0977698 -0.128562 0.0386137 0.999053 0.0200512 -0.858113 -0.0984872 -0.0161634 0.995007 0.236045 0 0 0 1 
2318808360195;0.220312;0.0325433;0.993742 -0.111177 0.0107512 0.382125 0.109003 0.986294 0.123865 -0.673024 -0.0243748 -0.121918 0.992241 0.130081 0 0 0 1 
2318808360196;0.321597;0.031308;0.994971 0.041092 0.0913446 -0.439535 -0.0355162 0.997453 -0.0618504 0.575144 -0.0936536 0.0582952 0.993897 0.971428 0 0 0 1 
2318808360197;0.117422;0.0261567;0.999738 -0.0142586 0.0179123 0.206041 0.0138137 0.999599 0.0247209 -0.114622 -0.0182576 -0.024467 0.999534 0.41577 0 0 0 1 
2318808360198;0.145591;0.0213322;0.995942 -0.0745017 -0.0504896 0.153693 0.0739595 0.997183 -0.0125251 -0.466201 0.0512805 0.00874008 0.998646 -0.537539 0 0 0 1 
2318808360199;0.334769;0.0225102;0.999974 -0.006405 0.0031615 -0.201113 0.00643237 0.999941 -0.00872183 -0.0418116 -0.00310545 0.00874194 0.999957 0.751242 0 0 0 1 
2318808360200;0.307694;0.0264994;0.969825 0.242435 -0.0257657 -0.297802 -0.240598 0.9688 0.0594981 1.87189 0.0393862 -0.0515036 0.997896 0.10628 0 0 0 1 
2318808360201;0.28708;0.026322;0.993956 -0.109554 0.00708666 0.902154 0.109617 0.993931 -0.00919335 -0.544765 -0.00603648 0.0099146 0.999933 0.348406 0 0 0 1 
2318808360202;0.140274;0.0239261;0.991839 0.127456 -0.00318989 -0.240105 -0.127495 0.991592 -0.022139 0.836679 0.000341334 0.022365 0.99975 0.116908 0 0 0 1 
2318808360203;0.354364;0.0212771;0.994983 0.0839886 -0.0543574 -0.17154 -0.0738883 0.983231 0.166724 -0.243262 0.0674488 -0.161871 0.984504 0.608329 0 0 0 1 
2318808360204;0.41534;0.0293615;0.905605 -0.0781044 0.416868 0.0201664 0.022327 0.990314 0.137042 -0.40958 -0.423534 -0.114798 0.898577 2.68455 0 0 0 1 
2318808360205;0.260883;0.0231877;0.988502 -0.138793 -0.0600061 0.36463 0.135458 0.989171 -0.056489 -1.11118 0.0671966 0.0477112 0.996598 -0.182882 0 0 0 1 
2318808360206;0.381649;0.0214302;0.902283 -0.308844 0.300834 0.948069 0.340444 0.938499 -0.057597 -1.71783 -0.264544 0.154386 0.951936 1.21467 0 0 0 1 
2318808360207;0.376035;0.0277446;0.903465 0.295058 0.310952 -0.760265 -0.276726 0.955456 -0.102596 1.91706 -0.327373 0.00664356 0.944872 2.04493 0 0 0 1 
2318808360208;0.370049;0.0202265;0.993862 0.00377538 0.110567 -0.346854 -0.0138001 0.995842 0.0900423 -0.0691143 -0.109767 -0.0910154 0.989781 1.69164 0 0 0 1 
2318808360209;0.193142;0.0252472;0.975651 0.191278 -0.107323 -0.172433 -0.190863 0.981514 0.0142201 1.10818 0.108059 0.00661022 0.994122 -0.562404 0 0 0 1 
2318808360210;0.416709;0.0321658;0.947285 -0.288374 0.139611 1.02927 0.209229 0.886801 0.412077 -1.67133 -0.242639 -0.361144 0.900389 2.64725 0 0 0 1 
2318808360211;0.229662;0.0310257;0.978727 -0.197104 -0.0569532 0.808523 0.204651 0.957569 0.202929 -1.40803 0.0145387 -0.210267 0.977536 0.526833 0 0 0 1 
2318808360212;0.235303;0.0241077;0.959856 0.279859 0.0188703 -0.680852 -0.278999 0.959512 -0.0386802 1.4732 -0.0289313 0.0318626 0.999073 0.0962136 0 0 0 1 
2318808360213;0.418371;0.0242294;0.971089 0.23842 0.0119023 -0.811344 -0.238587 0.970998 0.0154518 1.33584 -0.00787311 -0.0178448 0.99981 0.903875 0 0 0 1 
2318808360214;0.104638;0.0244102;0.994231 0.107259 0.000689483 -0.214273 -0.107214 0.993582 0.0360429 0.52893 0.00318087 -0.0359089 0.99935 0.0353963 0 0 0 1 
2318808360215;0.379457;0.0214695;0.923568 -0.00901742 -0.383328 1.06674 -0.0879838 0.968064 -0.234756 0.929214 0.373203 0.25054 0.89328 -2.53639 0 0 0 1 
2318808360217;0.475077;0.0923802;0.872244 0.217821 -0.437886 0.17759 -0.259988 0.964867 -0.0379198 1.66643 0.414242 0.146921 0.89823 -3.05271 0 0 0 1 
2318808360218;0.538469;0.106585;0.941761 -0.331863 -0.0543518 2.71011 0.336271 0.927948 0.160727 -1.90765 -0.00290356 -0.169643 0.985501 1.75161 0 0 0 1 
2318808360219;0.26223;0.0940571;0.975936 -0.0648885 -0.208178 0.613811 0.0778531 0.995464 0.0546913 -0.400764 0.203685 -0.0695825 0.976561 -1.18715 0 0 0 1 
2318808360220;0.178884;0.102037;0.995955 0.0649356 0.0621106 -0.420218 -0.0584943 0.993223 -0.10043 0.471544 -0.0682112 0.0963909 0.993004 -0.0398218 0 0 0 1 
2318808360221;0.32248;0.100973;0.927174 -0.310097 0.210209 2.04032 0.300038 0.950651 0.078997 -1.83259 -0.224332 -0.0101733 0.97446 1.33658 0 0 0 1 
2318808360222;0.547442;0.341083;0.990509 0.128526 -0.0487089 -0.58669 -0.133851 0.982519 -0.129382 0.729056 0.0312285 0.134674 0.990398 -0.650466 0 0 0 1 
2318808360223;0.279763;0.126556;0.944444 0.325826 0.0431536 -1.471 -0.327158 0.944543 0.0283964 2.15913 -0.0315082 -0.0409368 0.998665 0.189781 0 0 0 1 
2318808360224;0.19078;0.108966;0.986912 -0.161069 0.00778567 1.07693 0.161234 0.984807 -0.0644917 -0.824254 0.00272023 0.064903 0.997888 -0.589115 0 0 0 1 
2318808360225;0.382191;0.0966225;0.945389 0.325826 -0.0087616 -1.49338 -0.321881 0.929037 -0.182437 2.51409 -0.0513029 0.175294 0.983178 -1.16802 0 0 0 1 
2318808360226;0.232462;0.123053;0.978389 -0.200285 -0.0513842 1.37168 0.206136 0.964249 0.166529 -1.27639 0.0161938 -0.173523 0.984697 1.05244 0 0 0 1 
2318808360227;0.121258;0.0887824;0.999909 -0.00550235 -0.0122959 0.140871 0.00575528 0.999771 0.0206305 -0.175669 0.0121795 -0.0206994 0.999712 -0.250815 0 0 0 1 
2318808360228;0.342472;0.327362;0.997727 0.0605585 -0.029551 -0.195587 -0.0621994 0.996366 -0.0581911 0.336988 0.0259197 0.0598969 0.997868 -0.51978 0 0 0 1 
2318808360229;0.411101;0.13196;0.989191 -0.0141735 0.145945 -0.255958 0.0291012 0.994495 -0.100663 -0.256722 -0.143715 0.103822 0.984158 0.790684 0 0 0 1 
2318808360230;0.270984;0.104252;0.93865 -0.342801 -0.0377369 2.54244 0.340611 0.938633 -0.0543309 -1.81026 0.0540458 0.0381441 0.99781 -0.755457 0 0 0 1 
2318808360231;0.448163;0.0879718;0.993502 -0.0461582 -0.104035 -0.146482 -0.00141935 0.908975 -0.416848 0.775191 0.113806 0.414287 0.903003 -3.19003 0 0 0 1 
2318808360232;0.480703;0.0851737;0.992426 -0.110213 -0.0542605 1.05232 0.108439 0.9935 -0.0346132 -0.564573 0.0577227 0.0284671 0.997927 -1.45134 0 0 0 1 
2318808360233;0.538633;0.103455;0.982956 0.161196 0.088389 -1.12352 -0.116961 0.919284 -0.375815 2.07725 -0.141835 0.359072 0.92247 -1.30078 0 0 0 1 
2318808360234;0.46577;0.233162;0.997459 -0.0692935 -0.016561 0.495873 0.0694884 0.997516 0.0115005 0.0274326 0.0157229 -0.012622 0.999797 -0.0112154 0 0 0 1 
2318808360235;0.501727;0.0937015;0.997997 0.0286526 -0.0564032 0.0242245 -0.0268845 0.999131 0.0318593 -0.0357042 0.057267 -0.0302791 0.9979 -1.20835 0 0 0 1 
2318808360236;0.219286;0.0895704;0.974341 0.183631 -0.130147 -0.637988 -0.183466 0.982935 0.0133629 1.18652 0.13038 0.0108575 0.991405 -1.18106 0 0 0 1 
2318808360237;0.1427;0.0869737;0.997776 -0.0628735 -0.0221495 0.374763 0.0620432 0.997411 -0.0363685 -0.405218 0.0243788 0.0349134 0.999093 -0.625485 0 0 0 1 
2318808360238;0.478527;0.100125;0.888024 -0.166233 -0.428696 2.44592 0.0689984 0.969979 -0.233196 0.0629658 0.454591 0.177505 0.872834 -4.21737 0 0 0 1 
2318808360239;0.07712;0.0911632;0.99824 0.0170733 -0.056789 0.0414766 -0.0179999 0.999712 -0.0158457 0.0149584 0.0565021 0.01684 0.99826 -0.643257 0 0 0 1 
2318808360240;0.277432;0.117019;0.973088 0.0267903 0.228872 -0.247768 -0.0557326 0.991093 0.120945 -0.033158 -0.223594 -0.130446 0.965914 2.30979 0 0 0 1 
2318808360241;0.414755;0.102146;0.898844 0.189445 -0.39521 0.248122 -0.143353 0.979233 0.143364 0.670284 0.414162 -0.0722074 0.907335 -2.08107 0 0 0 1 
2318808360242;0.207147;0.100819;0.986633 -0.158206 -0.0390674 1.27595 0.159411 0.986759 0.0299207 -1.35655 0.0338164 -0.0357485 0.998789 -0.00112575 0 0 0 1 
2318808360243;0.526989;0.408518;0.995244 -0.0944832 0.0237199 0.364955 0.0905273 0.98697 0.133024 -1.0614 -0.0359793 -0.130244 0.990829 0.680169 0 0 0 1 
2318808360244;0.293823;0.119448;0.997819 0.0620591 0.0225128 -0.231855 -0.0641813 0.991778 0.110712 0.157351 -0.0154571 -0.111915 0.993598 1.18874 0 0 0 1 
2318808360245;0.161157;0.0827849;0.998739 -0.0487727 -0.0118637 0.396431 0.0485827 0.998694 -0.015808 -0.506688 0.0126192 0.0152117 0.999805 -0.506653 0 0 0 1 
2318808360246;0.48133;0.14506;0.958379 -0.0118614 0.285253 0.219835 -0.0475221 0.97857 0.200354 -0.491663 -0.281516 -0.20557 0.937278 2.41297 0 0 0 1 
2318808360248;0.277285;0.0908382;0.999883 -0.00394378 0.0147678 0.0929741 0.00424234 0.999786 -0.0202405 0.201722 -0.0146849 0.0203008 0.999686 0.53003 0 0 0 1 
2318808360249;0.346523;0.150604;0.956089 0.258936 0.137283 0.000805002 -0.270848 0.959589 0.0763539 1.12055 -0.111965 -0.110184 0.987585 0.67386 0 0 0 1 
2318808360250;0.347649;0.0840766;0.966144 -0.151379 0.208925 0.0812267 0.170664 0.982277 -0.077491 -1.49931 -0.193492 0.110523 0.974857 1.12127 0 0 0 1 
2318808360251;0.136295;0.088806;0.999044 0.0229885 -0.0371746 0.0648545 -0.0197022 0.99606 0.0864699 -0.0949891 0.0390159 -0.0856549 0.995561 -0.511571 0 0 0 1 
2318808360252;0.263745;0.207827;0.995086 -0.0974262 -0.0176877 0.128894 0.0974527 0.99524 0.000638613 -0.753579 0.0175413 -0.00235919 0.999843 -0.205026 0 0 0 1 
2318808360253;0.38952;0.141409;0.968464 -0.232542 0.0894518 -0.390272 0.237783 0.969867 -0.0530873 -1.47546 -0.0744113 0.0726832 0.994575 0.235983 0 0 0 1 
2318808360254;0.304973;0.0762291;0.996244 -0.0825859 0.0260403 0.658575 0.0828926 0.996499 -0.0109251 -0.41453 -0.0250469 0.0130427 0.999601 -0.450018 0 0 0 1 
2318808360255;0.467336;0.232235;0.98227 -0.186288 -0.0210519 0.207256 0.184786 0.98101 -0.0589366 -1.11324 0.0316312 0.0540015 0.99804 0.409527 0 0 0 1 
2318808360256;0.501332;0.148238;0.99576 0.0919564 0.00240923 -0.155526 -0.0879502 0.94405 0.317859 -0.608854 0.0269548 -0.316723 0.948135 0.124309 0 0 0 1 
2318808360257;0.448145;0.155797;0.926767 0.331198 0.177234 0.663778 -0.335915 0.941885 -0.00358406 1.28924 -0.168121 -0.0562141 0.984162 0.549907 0 0 0 1 
2318808360258;0.160463;0.0931473;0.996037 -0.0697278 -0.0552195 0.265855 0.0695284 0.997565 -0.00552596 -0.484468 0.0554703 0.00166474 0.998459 -0.591609 0 0 0 1 
2318808360259;0.461634;0.129205;0.920309 0.353375 -0.167801 0.105713 -0.334224 0.933184 0.132144 2.12189 0.203285 -0.0655305 0.976924 -1.08156 0 0 0 1 
2318808360260;0.337574;0.0829302;0.949218 0.296875 -0.104162 0.31415 -0.312447 0.928331 -0.201442 2.08279 0.0368934 0.223757 0.973946 -0.488845 0 0 0 1 
2318808360261;0.307288;0.0663385;0.994302 0.0701827 -0.080239 0.75041 -0.0811434 0.986434 -0.142705 0.374915 0.069135 0.148403 0.986507 -0.482144 0 0 0 1 
