#;prob_registration_l1 -r /home/probabilistic_point_clouds_registration/build/tester /home/point_clouds_registration_benchmark//devel/registration_pairs/apartment_local.txt /home/point_clouds_registration_benchmark//eth/apartment -s 0.2 -t 0.2 -p 0.3 -r 1000 -m 25 -i 40 
id;initial_error;final_error;transformation
13001298760000;0.820981;1.08361;0.888128 -0.443406 0.120913 -0.484813 0.436399 0.89612 0.0807766 -3.07684 -0.144169 -0.0189737 0.989371 0.237051 0 0 0 1 
13001298760001;0.68771;0.864719;0.93955 -0.340674 0.0344591 0.117988 0.334723 0.934996 0.117231 -2.02928 -0.0721565 -0.0986098 0.992507 0.704321 0 0 0 1 
13001298760002;0.636186;0.329107;0.984039 0.131936 -0.119419 0.294259 -0.0988156 0.963213 0.249911 -0.273749 0.147998 -0.234121 0.960877 -0.923649 0 0 0 1 
13001298760003;0.411513;0.938637;0.946257 -0.307013 0.101691 0.0617096 0.304323 0.95167 0.0413721 -1.88511 -0.109478 -0.0082017 0.993955 -0.0514744 0 0 0 1 
13001298760004;0.857932;1.24614;0.916435 -0.371783 -0.148066 0.36166 0.355816 0.926335 -0.123685 -2.221 0.183143 0.060665 0.981213 0.388539 0 0 0 1 
13001298760005;0.460674;1.22928;0.989992 0.127184 0.0611584 0.04821 -0.127684 0.991806 0.00431219 -1.29954 -0.0601088 -0.012078 0.998119 0.52196 0 0 0 1 
13001298760006;0.655521;0.571718;0.946538 0.322221 -0.0154756 -0.130194 -0.321941 0.946586 0.0181551 0.729462 0.0204989 -0.0122022 0.999715 0.161563 0 0 0 1 
13001298760007;0.308888;0.313848;0.893004 0.295078 0.339813 0.0615263 -0.353644 0.927082 0.124314 0.623851 -0.278352 -0.231186 0.932241 0.876318 0 0 0 1 
13001298760008;0.466988;0.262658;0.953493 0.280962 0.10914 -0.195433 -0.282601 0.959237 -0.000466173 0.26424 -0.104823 -0.0303987 0.994026 0.0567343 0 0 0 1 
13001298760009;0.423945;0.416552;0.954042 0.263366 0.142974 -0.22488 -0.238413 0.956112 -0.170323 0.500972 -0.181556 0.128408 0.974961 0.0995199 0 0 0 1 
13001298760010;0.258498;0.432403;0.971896 0.231115 -0.0447712 0.300932 -0.233684 0.970154 -0.0647585 0.58263 0.0284683 0.0734008 0.996896 -0.00269291 0 0 0 1 
13001298760011;0.784351;1.12562;0.998685 0.0468088 -0.0208946 -0.207822 -0.0392543 0.960494 0.27552 -1.21212 0.0329659 -0.274337 0.961068 -0.720824 0 0 0 1 
13001298760012;0.622128;0.283046;0.978022 0.20576 -0.0337023 0.215267 -0.205423 0.978584 0.0132295 -0.155375 0.0357026 -0.00601551 0.999344 0.155391 0 0 0 1 
13001298760013;0.398004;0.353368;0.899941 0.414267 0.135978 0.30205 -0.38332 0.900342 -0.206034 0.905115 -0.20778 0.133295 0.969051 0.929057 0 0 0 1 
13001298760014;0.755219;0.966706;0.982442 0.102882 -0.15564 0.644066 -0.0919299 0.99286 0.0760179 -0.44124 0.162349 -0.0603753 0.984885 -1.1506 0 0 0 1 
13001298760015;0.388158;1.14779;0.984264 0.0844513 -0.155215 0.0288051 -0.0918206 0.994934 -0.0409262 -0.627827 0.150972 0.0545341 0.987033 -0.182948 0 0 0 1 
13001298760016;0.851768;0.971335;0.99938 -0.0341799 0.00846972 0.139109 0.0345347 0.998342 -0.0460432 -0.434535 -0.00688193 0.0463071 0.998904 0.623169 0 0 0 1 
13001298760017;0.399547;0.292956;0.933898 0.356911 0.0211968 0.455785 -0.355062 0.932762 -0.0623337 0.745646 -0.0420191 0.0506871 0.99783 0.511747 0 0 0 1 
13001298760018;0.820633;0.2936;0.938991 0.318326 -0.130246 0.196003 -0.322793 0.946363 -0.014189 0.688118 0.118743 0.0553658 0.99138 0.58555 0 0 0 1 
13001298760019;0.329854;0.269017;0.992049 0.103506 -0.071593 0.147927 -0.100852 0.994107 0.0397581 -0.193496 0.0752863 -0.0322217 0.996641 -0.259878 0 0 0 1 
13001298760020;0.847185;0.566136;0.947638 0.318533 0.0227925 0.201226 -0.31839 0.94791 -0.00974004 1.00108 -0.0247077 0.00197314 0.999693 0.860359 0 0 0 1 
13001298760021;0.886722;1.03327;0.866051 -0.354682 -0.352359 0.880279 0.422069 0.896452 0.135027 -2.56555 0.267981 -0.26566 0.926073 -1.27865 0 0 0 1 
13001298760022;0.59893;0.3741;0.97016 0.219762 -0.102438 0.0886097 -0.188815 0.949808 0.249425 0.203347 0.152111 -0.22264 0.962961 -0.789304 0 0 0 1 
13001298760023;0.367247;0.29699;0.990984 0.133566 0.0104923 0.11378 -0.133871 0.990278 0.0377893 -0.111503 -0.00534293 -0.0388532 0.999231 -0.219714 0 0 0 1 
13001298760024;0.0968236;0.336566;0.979588 0.198874 0.0292515 0.118797 -0.199638 0.979524 0.0260252 0.303135 -0.0234768 -0.0313337 0.999233 0.110813 0 0 0 1 
13001298760025;0.689632;0.532916;0.984417 0.136788 0.110506 -0.0491237 -0.108432 0.966908 -0.230935 0.400494 -0.138438 0.215354 0.966673 0.676108 0 0 0 1 
13001298760026;0.452516;1.02525;0.974369 -0.21334 0.07135 -0.137158 0.207659 0.974974 0.0793967 -1.26324 -0.0865029 -0.0625453 0.994286 0.255018 0 0 0 1 
13001298760027;0.353163;1.00725;0.898003 -0.342957 0.275629 -0.0766186 0.262535 0.920364 0.289837 -1.89328 -0.35308 -0.187913 0.916528 0.814288 0 0 0 1 
13001298760028;0.770166;0.384445;0.995858 -0.0714622 0.0562076 -0.558069 0.0764816 0.992733 -0.0929036 -0.105867 -0.0491601 0.0968177 0.994087 -0.119529 0 0 0 1 
13001298760029;0.444231;0.344628;0.903401 0.393656 0.170002 0.610497 -0.407318 0.911729 0.0533165 0.630251 -0.134007 -0.117411 0.984 0.611528 0 0 0 1 
13001298760031;1.0814;0.662336;0.984792 0.0704646 0.158809 -0.00828049 -0.0584682 0.995159 -0.0789911 0.476116 -0.163606 0.0685045 0.984144 0.808649 0 0 0 1 
13001298760032;0.762366;0.161061;0.976176 -0.200222 -0.0836162 -0.639253 0.203082 0.978785 0.0271447 -0.622759 0.0764073 -0.043479 0.996128 -0.750857 0 0 0 1 
13001298760033;0.562268;0.136845;0.973341 -0.204603 -0.103655 -0.595741 0.196212 0.976814 -0.0856438 -0.574332 0.118774 0.0630223 0.990919 0.0564635 0 0 0 1 
13001298760034;0.913227;0.219971;0.985458 -0.157601 -0.0635165 -0.581479 0.125445 0.926924 -0.353659 -0.156994 0.114612 0.340548 0.933215 0.929531 0 0 0 1 
13001298760035;0.190074;0.160939;0.987047 0.118556 -0.108089 0.270741 -0.110011 0.990552 0.0818757 0.34844 0.116775 -0.0689241 0.990764 -0.560481 0 0 0 1 
13001298760036;1.3176;0.110689;0.928729 -0.365413 -0.0627332 -1.36422 0.370664 0.911279 0.179386 -0.867726 -0.00838271 -0.189854 0.981776 -0.388771 0 0 0 1 
13001298760037;0.408209;0.171734;0.991398 0.121459 -0.0487617 0.0654781 -0.126643 0.984276 -0.123135 0.719763 0.0330392 0.128251 0.991191 0.0688975 0 0 0 1 
13001298760038;0.799177;0.221506;0.999906 0.0115176 -0.00741592 0.419337 -0.0101738 0.986904 0.160989 -0.245395 0.009173 -0.160898 0.986928 -0.276354 0 0 0 1 
13001298760039;0.512139;0.161797;0.999804 0.0120584 -0.0156985 -0.0218224 -0.0121404 0.999913 -0.00514374 0.0940621 0.0156351 0.00533332 0.999864 0.337121 0 0 0 1 
13001298760040;0.790161;0.178136;0.999956 0.0090535 0.00249869 0.142435 -0.00903828 0.999941 -0.00603659 0.317324 -0.0025532 0.00601374 0.999979 -0.437779 0 0 0 1 
13001298760041;0.304867;0.176976;0.985124 -0.124054 0.118919 -0.353364 0.132108 0.989269 -0.0623985 -0.135588 -0.109903 0.0771805 0.990941 0.456604 0 0 0 1 
13001298760042;0.323258;0.228294;0.998198 0.059913 0.00345028 0.0751675 -0.0600106 0.99695 0.0498885 0.0622417 -0.000450788 -0.0500057 0.998749 -0.00268075 0 0 0 1 
13001298760043;1.1294;0.188246;0.942856 -0.323565 -0.0795529 -0.565615 0.332535 0.898672 0.286021 -1.96818 -0.0210545 -0.296131 0.954915 -0.877698 0 0 0 1 
13001298760044;0.672602;0.141983;0.989267 -0.0683118 0.129168 -0.578038 0.0732645 0.996733 -0.0339827 -0.0201575 -0.126425 0.0430815 0.99104 0.198 0 0 0 1 
13001298760045;0.603165;0.396944;0.993028 0.0467128 0.108225 0.191494 -0.0478889 0.998818 0.00829172 0.136804 -0.10771 -0.0134167 0.994092 0.0690535 0 0 0 1 
13001298760046;0.435224;0.192039;0.900612 0.112785 -0.419736 0.747698 -0.133096 0.990915 -0.0193134 0.595101 0.413744 0.0732589 0.907441 -1.06727 0 0 0 1 
13001298760047;1.03472;0.184233;0.998998 -0.0254085 0.0368375 -0.287566 0.0158017 0.970439 0.240828 -0.440256 -0.0418677 -0.240004 0.969869 -0.967061 0 0 0 1 
13001298760048;1.38851;0.199017;0.992611 0.0773334 0.0935065 0.16234 -0.111212 0.888036 0.44612 -0.714456 -0.0485372 -0.453223 0.890075 -1.33324 0 0 0 1 
13001298760049;0.308211;0.169594;0.990829 0.115121 -0.070739 0.0568102 -0.105719 0.986543 0.124725 0.19193 0.0841455 -0.116102 0.989666 -0.489582 0 0 0 1 
13001298760050;0.383404;0.197452;0.998862 -0.0419644 0.0226841 -0.435243 0.0423979 0.99892 -0.0189828 -0.144721 -0.021863 0.0199229 0.999562 0.239314 0 0 0 1 
13001298760051;1.39486;0.183359;0.914129 -0.37844 0.145434 -1.63425 0.388413 0.920306 -0.0466116 -1.40961 -0.116204 0.0990975 0.988269 0.675596 0 0 0 1 
13001298760052;0.390791;0.188918;0.999995 -0.00257585 0.00181816 -0.327233 0.00254583 0.999863 0.0163268 -0.0911206 -0.00185996 -0.016322 0.999865 -0.0801721 0 0 0 1 
13001298760053;0.738841;0.654443;0.986874 0.161401 -0.00534818 0.466923 -0.159366 0.978718 0.129278 0.504313 0.0261 -0.126729 0.991594 -0.132825 0 0 0 1 
13001298760054;0.290741;0.173332;0.987237 -0.159248 -0.00176573 -0.469435 0.159225 0.987197 -0.00943149 -0.361654 0.00324507 0.00902997 0.999954 -0.0992655 0 0 0 1 
13001298760055;0.983527;0.348191;0.982429 0.126498 0.137224 -0.539166 -0.107279 0.984405 -0.139419 0.654391 -0.15272 0.122248 0.980679 0.977004 0 0 0 1 
13001298760056;0.893456;0.17021;0.987127 -0.159842 0.00548248 0.215428 0.159864 0.987132 -0.0038302 -0.650623 -0.0047997 0.00465735 0.999978 -0.186149 0 0 0 1 
13001298760057;1.32906;0.145857;0.99653 0.0683373 0.0475139 0.51384 -0.0690299 0.997529 0.0130899 0.848985 -0.0465019 -0.0163243 0.998785 -0.481524 0 0 0 1 
13001298760058;1.04418;0.195976;0.938148 -0.311439 0.151277 -0.716027 0.305648 0.950206 0.0607363 -0.879323 -0.16266 -0.0107422 0.986624 -0.203939 0 0 0 1 
13001298760059;1.02726;0.177746;0.9969 0.0637347 -0.0461379 0.49982 -0.0507599 0.968997 0.241802 -0.08569 0.0601186 -0.23871 0.969228 -1.21665 0 0 0 1 
13001298760060;1.18019;0.697744;0.981753 -0.177185 -0.069041 -0.321187 0.187199 0.964348 0.187057 -1.5127 0.0334358 -0.196568 0.97992 -0.313153 0 0 0 1 
13001298760062;0.42647;0.787822;0.989756 -0.140114 0.0274155 -0.373277 0.13728 0.986721 0.0868049 -0.162821 -0.039214 -0.082152 0.995848 0.130837 0 0 0 1 
13001298760063;0.820769;0.754882;0.981798 -0.189204 0.0165652 -0.036682 0.188736 0.981675 0.0263292 -0.159269 -0.0212432 -0.0227235 0.999516 0.565817 0 0 0 1 
13001298760064;0.637796;0.879253;0.999381 0.0291528 -0.0196916 0.135714 -0.0294407 0.999461 -0.0144956 0.767079 0.0192584 0.0150664 0.999701 0.335455 0 0 0 1 
13001298760065;1.32441;0.809419;0.954113 -0.204231 -0.218993 0.091176 0.277384 0.878304 0.38941 -1.16277 0.112813 -0.432286 0.894652 -2.37083 0 0 0 1 
13001298760066;0.832986;0.847344;0.945338 -0.32604 -0.00588493 -0.45403 0.325673 0.944882 -0.0336889 -0.223206 0.0165445 0.0299309 0.999415 0.235945 0 0 0 1 
13001298760067;0.500971;0.78324;0.927938 -0.372674 -0.00675146 -0.437707 0.370248 0.923684 -0.0986068 -0.90695 0.0429844 0.0890013 0.995104 -0.188739 0 0 0 1 
13001298760068;1.1413;0.823989;0.928805 -0.335343 0.157693 -0.915297 0.305626 0.933854 0.18577 -0.186477 -0.209559 -0.124349 0.969857 0.703262 0 0 0 1 
13001298760069;0.277143;0.847645;0.989028 -0.0652726 -0.132528 0.186029 0.0901169 0.97742 0.191124 0.0307195 0.117061 -0.20097 0.972578 -0.913482 0 0 0 1 
13001298760070;1.31041;0.775884;0.981136 -0.181672 0.0660928 -0.333855 0.184765 0.981792 -0.0441091 -0.205897 -0.056876 0.0554886 0.996838 -0.515482 0 0 0 1 
13001298760071;0.311671;0.825513;0.862536 -0.459033 -0.212888 -0.348066 0.490904 0.861131 0.132159 -1.77145 0.122659 -0.2185 0.968097 -1.08114 0 0 0 1 
13001298760072;0.364438;0.802412;0.937256 -0.348123 0.0190168 -0.469128 0.348472 0.937108 -0.0198807 -0.690988 -0.0108998 0.0252601 0.999621 0.209341 0 0 0 1 
13001298760073;1.33186;0.837857;0.878957 -0.384951 0.281509 -0.722751 0.453156 0.858101 -0.241479 -0.656097 -0.148605 0.339817 0.928677 1.04655 0 0 0 1 
13001298760074;0.375476;0.867269;0.846766 -0.348892 -0.401574 0.1046 0.291461 0.935775 -0.198432 -0.560312 0.445014 0.0509826 0.894071 -1.41743 0 0 0 1 
13001298760075;0.892832;0.794242;0.966691 -0.180355 0.181606 -0.147366 0.203909 0.971537 -0.120568 -0.34927 -0.154692 0.153583 0.975952 1.6083 0 0 0 1 
13001298760076;0.49285;0.891991;0.940356 -0.339699 0.0183282 -0.679096 0.340117 0.937646 -0.0716966 -0.756853 0.0071699 0.0736541 0.997258 0.0335827 0 0 0 1 
13001298760077;1.25077;0.838683;0.987231 -0.159104 -0.00774476 -0.537991 0.159271 0.986732 0.0315016 0.282633 0.00262997 -0.0323329 0.999474 0.598375 0 0 0 1 
13001298760078;0.873453;0.809035;0.980278 -0.103333 -0.168454 0.0859307 0.12048 0.988165 0.0949424 0.252626 0.156649 -0.113365 0.981127 -1.38166 0 0 0 1 
13001298760079;0.135451;0.821667;0.987365 -0.148579 -0.0550887 -0.000188282 0.146003 0.98811 -0.048179 -0.0565049 0.061592 0.0395271 0.997318 -0.0797759 0 0 0 1 
13001298760080;0.477523;0.805141;0.779102 -0.535454 0.32602 -0.677424 0.478083 0.843886 0.243503 -1.90905 -0.405508 -0.0338489 0.913464 1.37319 0 0 0 1 
13001298760081;0.486196;0.838163;0.951726 0.0317634 -0.305302 0.707812 -0.0172988 0.998601 0.0499679 0.385753 0.306462 -0.0422743 0.950944 -1.14038 0 0 0 1 
13001298760082;0.60999;1.88372;0.882422 0.469197 -0.0344476 1.00763 -0.467287 0.865628 -0.179808 2.06893 -0.0545467 0.174764 0.983098 0.528034 0 0 0 1 
13001298760083;0.578912;0.893034;0.848706 -0.528486 -0.0200031 -0.434601 0.501319 0.791879 0.348721 -2.17957 -0.168454 -0.30599 0.937013 -0.224572 0 0 0 1 
13001298760084;0.295038;0.809179;0.99749 0.0697337 0.0122517 0.47525 -0.0691585 0.996706 -0.0423695 0.704928 -0.0151659 0.0414159 0.999027 0.172866 0 0 0 1 
13001298760085;0.331689;0.7906;0.991773 -0.125132 -0.0269942 -0.0857903 0.127984 0.973591 0.189054 -0.271655 0.00262464 -0.190953 0.981596 -0.44226 0 0 0 1 
13001298760086;0.698459;0.854577;0.970469 -0.240498 0.0187314 -0.5468 0.240989 0.970029 -0.0311165 -0.622003 -0.0106865 0.0347117 0.99934 0.540994 0 0 0 1 
13001298760087;0.67213;1.04706;0.871521 -0.361454 -0.331364 0.114156 0.347034 0.932071 -0.103975 -0.647228 0.346437 -0.0243782 0.937756 -1.61178 0 0 0 1 
13001298760088;0.268562;0.897976;0.883576 -0.353751 -0.306845 -0.120244 0.350323 0.934145 -0.0681707 -0.86036 0.310753 -0.0472607 0.949315 -1.13226 0 0 0 1 
13001298760089;1.15866;0.970841;0.808351 -0.493687 0.32069 -1.05923 0.542015 0.836729 -0.0781302 -1.68029 -0.229759 0.236976 0.943956 2.01172 0 0 0 1 
13001298760090;0.714198;0.870842;0.970659 -0.236469 -0.043636 -0.547957 0.239573 0.966604 0.0910079 -0.513212 0.0206581 -0.0987916 0.994894 0.122918 0 0 0 1 
13001298760091;1.1529;0.834375;0.974446 -0.209891 -0.0800015 -0.302452 0.209483 0.977718 -0.0135527 -0.621439 0.0810635 -0.00355255 0.996703 -1.0398 0 0 0 1 
13001298760093;1.04775;0.252278;0.895879 -0.339099 0.287075 -0.843712 0.337896 0.939555 0.0553452 -1.15489 -0.28849 0.0474187 0.956308 0.244946 0 0 0 1 
13001298760094;1.11373;0.199573;0.99454 -0.104119 -0.00700976 -0.157628 0.10421 0.987389 0.119174 -0.88452 -0.00548686 -0.119253 0.992849 -1.20285 0 0 0 1 
13001298760095;0.293853;0.272351;0.991706 0.0690665 0.108396 0.291611 -0.0480018 0.981353 -0.186124 -0.00688962 -0.119229 0.179377 0.976529 1.0672 0 0 0 1 
13001298760096;0.895384;0.190186;0.99324 -0.106255 0.0467364 0.492881 0.107985 0.993493 -0.0362066 -0.752613 -0.0425851 0.0410087 0.998251 0.247524 0 0 0 1 
13001298760097;0.339617;0.22506;0.990157 -0.121271 -0.0698774 -0.0470365 0.127168 0.988038 0.0872343 -0.582518 0.0584625 -0.0952618 0.993734 -0.613365 0 0 0 1 
13001298760098;0.188558;0.210867;0.989671 -0.0291836 -0.140352 0.199096 0.0336947 0.998986 0.0298726 -0.24021 0.139338 -0.0342932 0.989651 -0.623475 0 0 0 1 
13001298760099;0.958706;0.242617;0.966564 0.184236 0.178358 0.473019 -0.172606 0.981834 -0.0787965 -0.338194 -0.189635 0.0453761 0.980806 0.404929 0 0 0 1 
13001298760100;0.754489;0.367228;0.972141 0.0835317 -0.219008 0.31849 -0.150991 0.937832 -0.312528 0.157508 0.179287 0.336889 0.924317 0.887539 0 0 0 1 
13001298760101;0.427244;0.270264;0.971743 0.229316 0.0559503 1.06889 -0.229195 0.973342 -0.0086593 0.369459 -0.0564445 -0.00440889 0.998396 -0.0350704 0 0 0 1 
13001298760102;0.55757;0.452618;0.995482 0.0865575 -0.0390221 0.475433 -0.0873653 0.995986 -0.0194908 0.158239 0.0371784 0.0228119 0.999048 0.111447 0 0 0 1 
13001298760103;0.502682;0.338312;0.996599 -0.0752795 -0.0335216 0.0793043 0.0736065 0.996101 -0.0486214 0.0747 0.0370511 0.0459886 0.998255 0.095415 0 0 0 1 
13001298760104;0.301846;0.257641;0.913938 -0.403852 -0.0402501 -0.724936 0.405191 0.91361 0.0337079 -1.55828 0.0231599 -0.0471159 0.998621 -0.156839 0 0 0 1 
13001298760105;0.905526;0.280805;0.980967 0.137313 -0.137293 0.792087 -0.151283 0.983713 -0.0970657 0.323609 0.121729 0.115988 0.985763 -0.710976 0 0 0 1 
13001298760106;0.994487;0.242349;0.908696 -0.417073 -0.017909 -0.861085 0.410052 0.899799 -0.149061 -2.24725 0.0782839 0.128108 0.988666 0.579076 0 0 0 1 
13001298760107;0.0362635;0.243515;0.993148 -0.103514 -0.0542443 -0.110808 0.10177 0.994227 -0.0339887 -0.398771 0.0574494 0.0282354 0.997949 -0.0989526 0 0 0 1 
13001298760108;1.01768;0.274214;0.95987 -0.234388 -0.153984 -0.180109 0.245998 0.96735 0.0609874 -1.02159 0.134662 -0.0964198 0.986189 -1.47091 0 0 0 1 
13001298760109;0.830454;0.206525;0.972768 -0.209741 -0.0986449 -0.154155 0.202162 0.975954 -0.0815125 -0.655734 0.113369 0.0593505 0.991779 -0.76838 0 0 0 1 
13001298760110;0.923517;0.54816;0.982356 -0.185775 -0.0215288 -0.541566 0.179019 0.967394 -0.179166 -0.602056 0.0541115 0.172151 0.983583 0.80502 0 0 0 1 
13001298760111;0.26829;0.282228;0.91934 -0.393152 0.0156829 -0.730653 0.392209 0.912495 -0.1163 -1.46046 0.0314128 0.11307 0.99309 0.22307 0 0 0 1 
13001298760112;0.495558;0.549504;0.979808 0.0743648 -0.185599 0.667837 -0.058234 0.994155 0.090906 0.396391 0.191274 -0.0782622 0.978412 -0.942571 0 0 0 1 
13001298760113;0.269314;0.194801;0.993054 0.117649 -0.00121944 0.436892 -0.117609 0.992898 0.0179499 0.20385 0.00332257 -0.0176818 0.999838 -0.207501 0 0 0 1 
13001298760114;0.734561;0.213099;0.90925 -0.415296 0.0281605 -1.05908 0.415601 0.909529 -0.00573951 -1.03183 -0.0232292 0.0169222 0.999587 0.128279 0 0 0 1 
13001298760115;0.321726;0.247914;0.994762 -0.099545 -0.0232216 -0.156402 0.100165 0.994598 0.0272504 -0.510951 0.0203835 -0.0294337 0.999359 -0.353875 0 0 0 1 
13001298760116;1.15818;0.264545;0.99497 0.0928151 -0.0376708 1.27628 -0.0994965 0.959233 -0.264524 0.439828 0.0115833 0.266942 0.963643 1.17218 0 0 0 1 
13001298760117;0.977589;0.252681;0.972351 -0.166782 -0.163456 -0.312334 0.16126 0.985812 -0.0465837 -0.748555 0.168906 0.0189367 0.98545 0.332425 0 0 0 1 
13001298760118;0.349631;0.196162;0.956027 0.282342 0.0793482 0.966657 -0.28375 0.958874 0.00683175 0.561529 -0.074156 -0.0290463 0.996824 0.123185 0 0 0 1 
13001298760119;0.966956;0.443246;0.859233 -0.421924 -0.289309 -0.119535 0.423278 0.903933 -0.0611671 -1.47606 0.287323 -0.0699013 0.95528 -1.77285 0 0 0 1 
13001298760120;0.820899;0.337744;0.996429 0.0787372 0.0304903 0.760428 -0.0730243 0.984905 -0.156938 -0.0202254 -0.0423869 0.154151 0.987138 0.935271 0 0 0 1 
13001298760121;0.247186;0.196691;0.995147 -0.0955406 -0.0235365 -0.124159 0.0963362 0.99472 0.0353697 -0.27264 0.020033 -0.0374655 0.999097 0.00103117 0 0 0 1 
13001298760122;0.958553;0.162266;0.998096 0.0230226 -0.057221 0.437664 -0.0175963 0.995455 0.0935888 -0.81238 0.0591156 -0.0924037 0.993965 -0.177506 0 0 0 1 
13001298760124;1.10954;0.113265;0.881648 -0.471532 0.0188066 -0.625655 0.468547 0.879423 0.0841345 -3.31871 -0.0562111 -0.0653652 0.996277 -0.309285 0 0 0 1 
13001298760125;0.573277;0.0707781;0.941305 0.0199562 -0.336967 0.624428 0.106715 0.929461 0.35315 -0.857808 0.320245 -0.368381 0.872776 -2.91968 0 0 0 1 
13001298760126;0.254431;0.0693383;0.966335 0.191969 -0.171303 0.862413 -0.181222 0.980465 0.0764634 0.757265 0.182635 -0.0428455 0.982247 -0.862154 0 0 0 1 
13001298760127;0.992788;0.108996;0.909892 -0.362609 -0.20152 -0.680004 0.364024 0.930862 -0.0313461 -2.68002 0.198954 -0.0448366 0.978983 -1.16345 0 0 0 1 
13001298760128;0.0799235;0.0909958;0.999586 0.0285946 -0.00315757 0.0803677 -0.0287176 0.998314 -0.0504328 0.148735 0.00171014 0.0505026 0.998722 0.236999 0 0 0 1 
13001298760129;0.127861;0.105586;0.998244 -0.0407751 -0.0429685 -0.0446858 0.0400286 0.999035 -0.0180929 -0.0318482 0.0436647 0.0163411 0.998913 -0.0921281 0 0 0 1 
13001298760130;0.557579;0.083083;0.968031 -0.234641 -0.0886491 -0.683211 0.232304 0.971978 -0.0359699 -1.29515 0.094605 0.0142265 0.995413 0.082753 0 0 0 1 
13001298760131;0.697726;0.0953561;0.987011 -0.156312 -0.0370974 0.0619318 0.148492 0.97577 -0.160692 -1.09026 0.0613167 0.153096 0.986307 0.358291 0 0 0 1 
13001298760132;0.915785;0.110106;0.976274 0.0173069 0.215846 0.0683518 -0.010031 0.999345 -0.0347589 0.224987 -0.216306 0.0317691 0.975809 0.348558 0 0 0 1 
13001298760133;0.526097;0.0990486;0.988515 0.127672 0.0808532 0.364308 -0.129923 0.991252 0.023204 0.69317 -0.0771834 -0.0334423 0.996456 0.781351 0 0 0 1 
13001298760134;0.640051;0.10235;0.993755 -0.0290341 -0.107737 0.195744 0.024821 0.998882 -0.040242 0.0943473 0.108785 0.0373166 0.993365 0.209907 0 0 0 1 
13001298760135;0.744448;0.0856752;0.902172 0.407819 -0.1406 1.88881 -0.411814 0.911268 0.000747361 1.82897 0.128429 0.0572269 0.990066 0.159662 0 0 0 1 
13001298760136;0.470128;0.109114;0.992503 0.112494 -0.047773 0.0691954 -0.113595 0.993306 -0.0209838 0.552525 0.0450926 0.0262533 0.998638 -0.343229 0 0 0 1 
13001298760137;0.306436;0.0970238;0.964518 0.0601868 0.257063 0.0800252 -0.000913358 0.974424 -0.224717 0.0270278 -0.264014 0.216509 0.939905 2.09828 0 0 0 1 
13001298760138;0.926249;0.117112;0.999128 -0.019871 -0.0367218 -0.418761 0.01694 0.996772 -0.078473 -0.390933 0.0381626 0.0777825 0.99624 -0.535694 0 0 0 1 
13001298760139;0.738974;0.124671;0.97875 0.204907 -0.00785877 0.613053 -0.204942 0.976196 -0.0709999 1.07993 -0.00687667 0.0711018 0.997445 0.94814 0 0 0 1 
13001298760140;1.02616;0.105187;0.98854 0.127238 -0.0812415 0.16248 -0.12719 0.991862 0.00578802 0.453345 0.0813168 0.00461139 0.996678 -1.16555 0 0 0 1 
13001298760141;0.897713;0.0988457;0.953959 -0.228862 0.193869 -0.841271 0.259631 0.95372 -0.151687 -1.68344 -0.150182 0.195038 0.969229 2.00007 0 0 0 1 
13001298760142;0.158181;0.0914856;0.998461 0.00282362 0.0553896 -0.00631434 0.0042298 0.991918 -0.126812 0.185019 -0.0553 0.126851 0.990379 0.733917 0 0 0 1 
13001298760143;0.631582;0.101121;0.932183 0.352593 -0.0819332 1.43193 -0.360833 0.887032 -0.288053 1.63237 -0.028888 0.298082 0.954103 1.54146 0 0 0 1 
13001298760144;0.855274;0.112519;0.984376 -0.107197 -0.139688 0.522028 0.110415 0.993765 0.015474 -0.472214 0.137158 -0.030656 0.990075 -0.291454 0 0 0 1 
13001298760145;0.0426315;0.0865707;0.999194 -0.0309267 -0.0256005 -0.0906886 0.02964 0.998349 -0.0491995 -0.0701863 0.0270798 0.048401 0.998461 0.12307 0 0 0 1 
13001298760146;0.950154;0.0967137;0.994181 0.0139557 -0.106817 0.12263 -0.014849 0.999861 -0.00757179 -0.00533593 0.106697 0.00911386 0.99425 0.481269 0 0 0 1 
13001298760147;0.397392;0.114028;0.954473 0.0455905 -0.294794 0.558097 -0.132341 0.950388 -0.28151 0.730591 0.267335 0.307707 0.913153 -0.174899 0 0 0 1 
13001298760148;0.554781;0.13054;0.995708 -0.0880801 0.0284 -0.279087 0.0919607 0.97612 -0.196809 -0.48257 -0.0103868 0.198576 0.980031 0.25696 0 0 0 1 
13001298760149;0.73823;0.089758;0.998906 -0.0421034 -0.0203327 -0.0518688 0.0414432 0.998633 -0.0318675 0.207512 0.0216467 0.03099 0.999285 0.656615 0 0 0 1 
13001298760150;0.886242;0.148315;0.969727 -0.244151 0.00449713 -0.27364 0.243882 0.967398 -0.0682834 -1.49965 0.012321 0.067313 0.997656 -0.370226 0 0 0 1 
13001298760151;1.10427;0.131388;0.952562 0.258052 0.161351 1.73879 -0.280367 0.950302 0.135355 1.5844 -0.118404 -0.174172 0.977571 0.154345 0 0 0 1 
13001298760152;0.722566;0.106602;0.954895 0.206866 0.213031 0.234549 -0.138272 0.944649 -0.297521 0.489577 -0.262787 0.254645 0.930644 2.35153 0 0 0 1 
13001298760153;0.343462;0.0989192;0.953717 0.274007 -0.12387 1.15981 -0.29378 0.936924 -0.189383 1.35157 0.0641648 0.217008 0.974059 0.403227 0 0 0 1 
13001298760155;0.0682714;0.230411;0.998256 0.0589112 -0.00384042 -0.219678 -0.0588869 0.998246 0.00614816 0.199637 0.00419588 -0.00591129 0.999974 0.0885922 0 0 0 1 
13001298760156;0.228778;0.350467;0.999396 -0.00527983 -0.0343581 -0.286794 0.000619699 0.990947 -0.134254 0.170014 0.0347558 0.134152 0.990351 -0.0813607 0 0 0 1 
13001298760157;0.606065;0.291142;0.989738 0.130232 -0.0588072 -0.658827 -0.133754 0.989163 -0.0605569 -0.056043 0.0502834 0.0678012 0.996431 0.108962 0 0 0 1 
13001298760158;0.344682;0.284557;0.951844 0.0846963 -0.294651 0.312777 -0.104089 0.993273 -0.0507375 0.412238 0.288372 0.0789641 0.954257 -1.11675 0 0 0 1 
13001298760159;0.780294;0.430214;0.987952 0.133248 -0.0787157 0.502563 -0.129056 0.990046 0.0561606 0.359676 0.0854155 -0.0453252 0.995314 -0.700953 0 0 0 1 
13001298760160;0.374691;0.332461;0.99061 0.0987068 -0.0946008 -0.257186 -0.0655855 0.950199 0.304665 0.0278507 0.119962 -0.295599 0.94775 -0.0738909 0 0 0 1 
13001298760161;0.829311;0.281699;0.908635 0.117296 0.40078 -0.852456 -0.12496 0.992137 -0.00706282 0.407706 -0.398457 -0.0436641 0.916147 1.98909 0 0 0 1 
13001298760162;0.477774;0.312266;0.967926 0.110271 -0.225743 -0.217113 -0.159601 0.963813 -0.213523 0.498206 0.194028 0.242704 0.950499 -0.319277 0 0 0 1 
13001298760163;0.737936;0.419524;0.995013 -0.0134021 0.0988414 -0.0158097 0.0206193 0.997165 -0.0723623 -0.74165 -0.0975914 0.0740395 0.992469 0.708388 0 0 0 1 
13001298760164;0.306679;0.314564;0.988958 0.0137451 -0.147555 -0.192215 -0.0535147 0.961626 -0.269093 0.299839 0.138194 0.274018 0.951744 -0.394961 0 0 0 1 
13001298760165;0.655134;0.2855;0.980999 -0.190913 -0.0345299 -0.603558 0.192524 0.979929 0.0517008 -0.989281 0.0239665 -0.0573664 0.998065 -0.527085 0 0 0 1 
13001298760166;0.142166;0.291705;0.998498 0.0353053 0.0418965 -0.298834 -0.0323949 0.997144 -0.0682216 0.0561884 -0.0441855 0.0667619 0.99679 0.207954 0 0 0 1 
13001298760167;0.73402;0.944338;0.980578 0.0834525 0.177488 -0.443202 -0.0695241 0.994096 -0.0833069 -0.396692 -0.183392 0.0693492 0.980591 1.20416 0 0 0 1 
13001298760168;0.457979;0.969513;0.989719 0.141376 -0.0216757 -0.581138 -0.143028 0.978261 -0.150159 -0.0596016 -2.44121e-05 0.151715 0.988424 -0.140737 0 0 0 1 
13001298760169;0.0971797;0.260204;0.995718 0.0812293 0.0441232 -0.237077 -0.0860076 0.989022 0.120158 0.0987787 -0.0338785 -0.123438 0.991774 0.089437 0 0 0 1 
13001298760170;0.865636;0.960828;0.98943 -0.0328577 -0.141239 -1.06507 0.0139762 0.991064 -0.132652 -0.334463 0.144336 0.129275 0.981048 0.0605688 0 0 0 1 
13001298760171;0.53187;0.386078;0.995764 -0.0915749 -0.0082734 -0.468937 0.0891018 0.938814 0.332701 -0.746042 -0.0226999 -0.332028 0.942996 0.523675 0 0 0 1 
13001298760172;0.399772;0.553414;0.984313 0.168128 0.0534834 -0.160399 -0.176035 0.956158 0.234036 0.225989 -0.0117905 -0.23978 0.970756 0.243915 0 0 0 1 
13001298760173;0.409814;0.94383;0.979897 0.164802 0.112439 -0.611218 -0.165441 0.986213 -0.00368462 -0.114913 -0.111496 -0.0149914 0.993652 0.470062 0 0 0 1 
13001298760174;0.230776;0.313229;0.997566 0.0560437 -0.0414907 -0.324484 -0.0570523 0.998094 -0.0235369 0.0389415 0.0400925 0.0258467 0.998862 0.135522 0 0 0 1 
13001298760175;0.184973;0.284894;0.982429 0.102325 -0.156089 -0.173862 -0.112628 0.991906 -0.0586367 0.299757 0.148825 0.0751864 0.986001 -0.670393 0 0 0 1 
13001298760176;0.684651;0.949706;0.993819 -0.100348 -0.0474731 -0.763604 0.110486 0.935648 0.335195 -1.82912 0.0107819 -0.338368 0.940952 -0.524554 0 0 0 1 
13001298760177;0.712892;0.85574;0.998894 0.034139 -0.0323423 -0.512273 -0.0423746 0.951662 -0.304209 -0.0349277 0.0203935 0.305243 0.952056 -0.350236 0 0 0 1 
13001298760178;0.372998;0.899998;0.995766 0.000418407 0.0919237 -0.91511 0.0072612 0.996507 -0.083193 -0.292473 -0.0916374 0.0835082 0.992285 0.270463 0 0 0 1 
13001298760179;0.364497;0.30067;0.996623 0.0349566 0.0742951 -0.337671 -0.0613008 0.918761 0.390027 -0.22955 -0.0546254 -0.393264 0.917801 0.308598 0 0 0 1 
13001298760180;0.444705;0.378524;0.981624 0.0588047 -0.181539 -0.219611 0.0418416 0.861856 0.505424 -0.45409 0.186182 -0.503732 0.843558 -0.938368 0 0 0 1 
13001298760181;0.327893;0.308148;0.976415 -0.0384289 0.212454 -0.481484 0.0544009 0.996073 -0.06985 -0.323905 -0.208936 0.0797603 0.974671 0.754406 0 0 0 1 
13001298760182;0.549357;0.350138;0.995673 0.0304461 -0.0877917 -0.219615 -0.0257469 0.9982 0.0541712 -0.447238 0.089283 -0.0516765 0.994665 0.0330423 0 0 0 1 
13001298760183;0.363905;0.290656;0.975323 -0.0312093 -0.218565 -0.0870517 0.0823172 0.96998 0.228827 -0.553656 0.204862 -0.241172 0.948614 -0.486639 0 0 0 1 
13001298760184;0.185151;0.255278;0.980662 0.188193 -0.0537227 -0.125507 -0.187296 0.982072 0.0213217 0.491828 0.0567722 -0.0108473 0.998328 -0.159276 0 0 0 1 
13001298760186;0.752269;0.577365;0.982327 -0.186707 0.0131941 -0.379529 0.186882 0.982289 -0.0135416 -0.65058 -0.0104321 0.015768 0.999821 0.488079 0 0 0 1 
13001298760187;1.11885;0.475136;0.849131 -0.522604 0.0765595 -0.382167 0.526178 0.84959 -0.0365089 -2.41944 -0.0459645 0.0712848 0.996396 0.511892 0 0 0 1 
13001298760188;1.47853;0.462;0.986341 -0.164114 -0.0140396 -0.368593 0.144519 0.903158 -0.404253 -0.268182 0.0790236 0.396702 0.91454 -0.0188804 0 0 0 1 
13001298760189;0.694353;0.510196;0.993678 0.0809181 0.0778211 0.372918 -0.0775827 0.995971 -0.0449723 -0.378777 -0.0811467 0.0386504 0.995952 0.0338092 0 0 0 1 
13001298760190;1.04867;0.342849;0.935389 -0.335045 -0.113105 -0.564825 0.334451 0.942088 -0.0247557 -1.82072 0.114849 -0.0146717 0.993275 -0.544191 0 0 0 1 
13001298760191;0.608395;0.530024;0.998878 0.0336444 0.033342 0.0243974 -0.0327414 0.999092 -0.0272692 -0.220401 -0.0342291 0.026147 0.999072 -0.185131 0 0 0 1 
13001298760192;0.728377;0.511487;0.968791 -0.230187 0.0919718 -0.533165 0.231608 0.972797 -0.00494096 -0.683661 -0.0883325 0.0260881 0.995749 0.654947 0 0 0 1 
13001298760193;0.223967;0.481404;0.970562 -0.240779 0.00590898 -0.451729 0.240293 0.969691 0.0442504 -0.893141 -0.0163844 -0.0415278 0.999003 -0.0895614 0 0 0 1 
13001298760194;0.894476;0.4559;0.992997 -0.00293379 0.118107 -0.2666 -0.0131201 0.99077 0.13492 -0.561132 -0.117412 -0.135525 0.983792 -0.556374 0 0 0 1 
13001298760195;0.58478;1.08061;0.988492 0.151159 -0.00585997 0.417953 -0.151112 0.988487 0.00769867 -0.284745 0.00695622 -0.00672456 0.999953 0.22375 0 0 0 1 
13001298760196;0.904607;0.462561;0.988494 -0.149632 0.0221229 -0.611149 0.149587 0.988742 0.00371047 -0.336415 -0.022429 -0.000358491 0.999748 -0.300344 0 0 0 1 
13001298760197;0.286883;0.395083;0.961365 -0.275217 0.00574756 -0.473914 0.275148 0.961345 0.0104933 -1.18868 -0.0084133 -0.00850643 0.999928 0.041491 0 0 0 1 
13001298760198;1.24998;1.30024;0.983116 0.171859 0.0628323 0.267003 -0.172415 0.985018 0.00350635 0.0926825 -0.0612884 -0.0142804 0.998018 -0.330425 0 0 0 1 
13001298760199;1.55468;0.652178;0.914869 -0.207788 -0.346177 0.385184 0.190494 0.978117 -0.0836667 -0.690622 0.355986 0.0105996 0.934431 -1.78656 0 0 0 1 
13001298760200;0.663257;0.387334;0.992286 -0.119853 0.03169 -0.516321 0.11963 0.992779 0.00882829 -0.933242 -0.0325193 -0.0049691 0.999459 0.00881905 0 0 0 1 
13001298760201;0.427557;1.3223;0.998638 -0.0445559 -0.0271543 0.0255865 0.0503522 0.959383 0.277578 -1.25211 0.0136836 -0.278567 0.960319 -0.884131 0 0 0 1 
13001298760202;1.14516;0.640428;0.956205 -0.274616 -0.101279 -0.249819 0.280817 0.958305 0.0528516 -1.31044 0.0825423 -0.0789779 0.993453 -1.03684 0 0 0 1 
13001298760203;0.345194;0.825701;0.997975 0.0345929 -0.0533724 0.160159 -0.0298919 0.995804 0.086492 -0.394871 0.0561404 -0.0847215 0.994822 -0.23032 0 0 0 1 
13001298760204;0.987501;0.500661;0.951256 -0.305402 0.0429266 -0.856472 0.305479 0.952186 0.00491209 -0.899417 -0.0423743 0.00844052 0.999066 -0.436584 0 0 0 1 
13001298760205;1.27725;0.62602;0.953062 -0.301866 -0.0234616 0.117885 0.302431 0.952813 0.0261252 -1.29707 0.0144682 -0.0319945 0.999383 0.477512 0 0 0 1 
13001298760206;0.732057;1.24929;0.994793 -0.00146788 0.101906 -0.103547 0.0291895 0.962112 -0.271086 -0.763294 -0.0976468 0.27265 0.957145 1.33083 0 0 0 1 
13001298760207;0.280311;0.421963;0.936936 -0.317313 -0.146507 -0.465162 0.320975 0.947087 0.00142936 -1.1603 0.138301 -0.0483642 0.989209 -0.402032 0 0 0 1 
13001298760208;0.976835;0.446397;0.99082 -0.132745 0.0255749 -0.0611634 0.133051 0.991052 -0.0106432 -1.05352 -0.0239332 0.0139482 0.999616 0.499993 0 0 0 1 
13001298760209;0.510095;0.485507;0.981281 -0.187929 -0.0420829 -0.119746 0.187093 0.982072 -0.0230317 -0.882683 0.0456568 0.0147271 0.998849 -0.254131 0 0 0 1 
13001298760210;0.786915;0.535556;0.944001 -0.26646 0.194579 -0.683892 0.271628 0.962402 0.00012701 -0.663497 -0.187297 0.0527332 0.980887 0.379295 0 0 0 1 
13001298760211;0.331308;0.489609;0.98865 -0.110663 0.101614 -0.300414 0.0912439 0.979596 0.179073 -0.648438 -0.119357 -0.167769 0.978574 0.0588888 0 0 0 1 
13001298760212;0.525518;0.619468;0.996418 -0.0647542 0.0543881 -0.330412 0.062316 0.997024 0.0453896 -0.577564 -0.0571654 -0.0418378 0.997488 -0.0938969 0 0 0 1 
13001298760213;1.26584;1.18614;0.955825 -0.289028 0.0534957 -0.104072 0.293417 0.949019 -0.115189 -1.40077 -0.0174755 0.125797 0.991902 1.11926 0 0 0 1 
13001298760214;1.19532;1.44998;0.97094 -0.0755088 0.227098 -0.16766 0.0468086 0.990511 0.129213 -0.514911 -0.234699 -0.114828 0.965262 0.616331 0 0 0 1 
13001298760215;0.473246;0.668096;0.997674 0.0665755 0.0146592 0.155696 -0.0674615 0.995132 0.0718423 -0.470819 -0.00980486 -0.0726641 0.997308 -0.156891 0 0 0 1 
13001298760217;0.222897;0.0961465;0.994838 -0.0820567 -0.0596971 -0.136541 0.0854734 0.994701 0.0571267 -0.406542 0.0546932 -0.0619343 0.996581 -0.271889 0 0 0 1 
13001298760218;0.56062;0.0933986;0.977778 0.11376 0.176092 0.599275 -0.154359 0.959035 0.237539 0.192491 -0.141855 -0.259442 0.955284 -0.149207 0 0 0 1 
13001298760219;1.35156;0.0925265;0.99597 -0.088926 -0.0116376 -0.326156 0.0887127 0.9959 -0.0177133 -0.0364908 0.013165 0.0166095 0.999775 0.930666 0 0 0 1 
13001298760220;0.477483;0.193563;0.91834 -0.19039 0.346991 -0.171899 0.142384 0.976925 0.159198 -0.429031 -0.369294 -0.0967915 0.924258 1.34937 0 0 0 1 
13001298760221;0.489369;0.157951;0.949119 -0.111721 0.294434 -0.177706 0.0670807 0.985222 0.1576 -0.449157 -0.30769 -0.12983 0.942587 1.04537 0 0 0 1 
13001298760222;1.04527;0.1022;0.995771 0.0595994 0.0699161 -0.23519 -0.0770677 0.956147 0.282568 -0.400689 -0.0500092 -0.286761 0.956696 -0.899402 0 0 0 1 
13001298760223;0.25956;0.071407;0.971596 0.100342 0.214318 0.180652 -0.11535 0.99159 0.0586778 0.404624 -0.206628 -0.0817328 0.975 0.521519 0 0 0 1 
13001298760224;0.137794;0.0670275;0.999054 0.00218099 -0.0434244 0.0328443 -0.00239792 0.999985 -0.00494406 0.0288734 0.0434129 0.00504352 0.999044 -0.0395286 0 0 0 1 
13001298760225;1.05742;0.117135;0.910035 -0.00175255 0.414528 -0.471026 0.0182344 0.999192 -0.0358065 -0.188916 -0.414131 0.0401438 0.909332 1.82082 0 0 0 1 
13001298760226;1.15936;0.111569;0.984396 0.175824 -0.00705036 -0.03047 -0.17593 0.98421 -0.0194926 0.597444 0.00351176 0.0204289 0.999785 0.627269 0 0 0 1 
13001298760227;0.324156;0.0998148;0.93559 0.339044 -0.0985934 1.29482 -0.349001 0.930341 -0.112538 1.24213 0.0535701 0.139699 0.988744 0.253401 0 0 0 1 
13001298760228;1.39459;0.0636083;0.935174 -0.12082 0.332945 -0.665955 0.22879 0.923651 -0.307447 -0.0699155 -0.270379 0.363691 0.891417 1.84089 0 0 0 1 
13001298760229;0.664996;0.0647937;0.968031 -0.0348771 0.248393 -0.224838 -0.0299885 0.96709 0.25266 0.0158398 -0.249031 -0.252032 0.935128 0.667613 0 0 0 1 
13001298760230;0.977712;0.165515;0.960007 -0.277647 0.0360264 -0.492825 0.271846 0.955167 0.117287 -1.43817 -0.0669755 -0.102802 0.992444 -0.54065 0 0 0 1 
13001298760231;0.367575;0.0353933;0.898828 0.359114 0.251289 1.22026 -0.36733 0.929968 -0.0151121 1.16866 -0.239118 -0.078723 0.967794 0.559441 0 0 0 1 
13001298760232;0.090517;0.0834371;0.99624 0.0488879 -0.0715265 0.235853 -0.0499764 0.998659 -0.0135071 0.253487 0.0707702 0.017031 0.997347 -0.216848 0 0 0 1 
13001298760233;0.668099;0.0562055;0.968928 -0.247306 -0.00433275 -0.186898 0.247134 0.967232 0.0581913 -0.68467 -0.0102003 -0.057454 0.998296 -0.0701961 0 0 0 1 
13001298760234;0.755306;0.0871686;0.991652 0.120657 -0.0454862 0.253007 -0.111426 0.979361 0.16863 0.0743535 0.0648938 -0.162154 0.984629 -0.215717 0 0 0 1 
13001298760235;0.973297;0.116607;0.9982 0.0535939 -0.0269155 0.184584 -0.0522916 0.997527 0.0469564 -0.430679 0.0293655 -0.0454644 0.998534 -0.436278 0 0 0 1 
13001298760236;0.97211;0.14077;0.961763 -0.117775 -0.247267 0.223597 0.168641 0.966032 0.195812 -0.891954 0.215806 -0.230024 0.948956 -1.96823 0 0 0 1 
13001298760237;0.48343;0.10717;0.997445 0.0579069 0.041847 0.141494 -0.0573385 0.998247 -0.014658 -0.0352535 -0.0426224 0.0122211 0.999017 0.061899 0 0 0 1 
13001298760238;0.245894;0.0985025;0.997358 0.0726258 -0.00181205 0.232152 -0.0725664 0.994738 -0.0723195 0.225476 -0.00344974 0.0722599 0.99738 0.354867 0 0 0 1 
13001298760239;0.597612;0.0648027;0.937229 0.347354 -0.0307693 1.28683 -0.344053 0.935474 0.0807249 1.02268 0.0568239 -0.0650715 0.996261 -0.721374 0 0 0 1 
13001298760240;0.379328;0.0869484;0.998529 -0.0527859 0.012385 -0.0989001 0.0519236 0.996733 0.0618677 -0.0809528 -0.0156102 -0.0611336 0.998008 0.153934 0 0 0 1 
13001298760241;0.905295;0.116246;0.998955 -0.028394 -0.035814 0.527646 0.0350202 0.979045 0.200608 0.0849534 0.0293674 -0.201653 0.979017 -0.800162 0 0 0 1 
13001298760242;0.886526;0.0459639;0.921126 -0.339908 0.189706 -1.02841 0.311892 0.936065 0.162804 -1.40243 -0.232916 -0.0907952 0.968249 0.172009 0 0 0 1 
13001298760243;0.836676;0.14805;0.944831 0.271103 0.183842 1.06631 -0.254319 0.960857 -0.109888 0.650986 -0.206437 0.0570715 0.976794 0.475246 0 0 0 1 
13001298760244;1.22657;0.0600699;0.993224 0.116181 -0.00273096 0.929541 -0.116184 0.993228 -0.00068575 0.614577 0.00263279 0.000998395 0.999996 0.640278 0 0 0 1 
13001298760245;1.14759;0.144782;0.999599 -0.0276295 0.00613721 -0.776543 0.0280038 0.996945 -0.072908 0.22108 -0.00410405 0.0730506 0.99732 0.0132445 0 0 0 1 
13001298760246;0.304771;0.104223;0.938909 0.277038 -0.204207 1.1534 -0.284661 0.958592 -0.00834757 1.00277 0.193439 0.0659675 0.978892 -0.622902 0 0 0 1 
13001298760248;0.0489943;0.525312;0.992366 -0.118062 -0.0356391 -0.469021 0.118821 0.992714 0.0199946 -0.789996 0.0330189 -0.0240767 0.999165 -0.256717 0 0 0 1 
13001298760249;0.420407;0.364699;0.997254 -0.0715342 -0.0191833 -0.539027 0.0721001 0.996927 0.0306358 -0.588208 0.0169328 -0.0319348 0.999347 -0.559498 0 0 0 1 
13001298760250;0.517589;0.496098;0.98992 -0.141577 0.00385523 -0.682612 0.141278 0.989014 0.0435049 -0.735576 -0.00997215 -0.0425217 0.999046 0.301408 0 0 0 1 
13001298760251;0.918817;0.513799;0.991991 -0.102743 0.0734683 0.219637 0.0974121 0.992578 0.0727971 -0.539215 -0.0804024 -0.0650574 0.994637 -0.299958 0 0 0 1 
13001298760252;0.624083;0.487646;0.998297 0.0142793 -0.0565636 -0.0778383 -0.0185474 0.996961 -0.0756662 0.185276 0.0553112 0.0765865 0.995528 0.104191 0 0 0 1 
13001298760253;0.848575;1.0559;0.967006 -0.233399 0.102098 -0.760428 0.222903 0.969225 0.104482 -1.38017 -0.123342 -0.0782767 0.989272 0.685367 0 0 0 1 
13001298760254;0.316984;0.638405;0.98246 -0.132827 -0.130879 -0.280216 0.12259 0.988945 -0.0834237 -0.762824 0.140513 0.0659159 0.987882 -0.190052 0 0 0 1 
13001298760255;0.292142;0.999529;0.984275 -0.110817 -0.137555 -0.63041 0.104926 0.993253 -0.0493857 -1.01988 0.1421 0.034176 0.989262 -0.404244 0 0 0 1 
13001298760256;0.288912;0.492782;0.99917 -0.0299471 -0.0275997 -0.0985394 0.0303471 0.999439 0.0141883 -0.659619 0.0271593 -0.0150141 0.999518 -0.0515713 0 0 0 1 
13001298760257;0.0896223;0.557521;0.997283 -0.066576 0.0315236 -0.30465 0.0623793 0.990899 0.119285 -0.708218 -0.0391782 -0.116994 0.992359 -0.346941 0 0 0 1 
13001298760258;0.918056;0.582571;0.997287 -0.0501811 0.053847 -0.175183 0.0448798 0.994416 0.0955088 0.103528 -0.0583391 -0.0928331 0.993971 -0.146382 0 0 0 1 
13001298760259;0.628443;0.615382;0.991424 -0.124577 0.0394817 -0.863775 0.121183 0.989475 0.0790763 -0.617837 -0.0489173 -0.0736136 0.996086 -0.642832 0 0 0 1 
