#;prob_registration_l1 -r /home/probabilistic_point_clouds_registration/build/tester /home/point_clouds_registration_benchmark//devel/registration_pairs/box_met_local.txt /home/point_clouds_registration_benchmark//planetary/box_met -s 0.2 -t 0.2 -p 0.3 -r 1000 -m 25 -i 40 
id;initial_error;final_error;transformation
7680147070000;1.79635;2.27659;0.877122 0.202454 0.435511 -8.59587 -0.143332 0.97583 -0.164959 -6.14355 -0.458381 0.0822666 0.88494 -31.8906 0 0 0 1 
7680147070001;0.811107;1.80812;0.977737 0.199063 0.0663687 -5.34553 -0.179004 0.956298 -0.231198 -7.81193 -0.109491 0.21417 0.97064 -11.4274 0 0 0 1 
7680147070002;1.49386;1.85658;0.96301 -0.0246265 -0.268337 -3.3017 -0.0485589 0.963653 -0.262708 -0.91687 0.265053 0.266021 0.926812 8.64786 0 0 0 1 
7680147070003;0.946768;2.1088;0.997387 0.0714886 0.0103952 -2.29036 -0.0682281 0.979476 -0.18966 -2.25419 -0.0237403 0.188455 0.981795 -4.25531 0 0 0 1 
7680147070004;1.43077;1.85943;0.998322 -0.0132295 -0.0563729 -0.572129 0.00589081 0.991704 -0.128409 0.203251 0.057604 0.127861 0.990118 0.701889 0 0 0 1 
7680147070005;0.312811;2.21755;0.987068 0.153805 0.0451826 -4.32247 -0.154542 0.987897 0.0132879 -5.74302 -0.042592 -0.0200987 0.99889 -3.07161 0 0 0 1 
7680147070006;1.56238;1.76677;0.999673 -0.021587 -0.0137144 -0.263955 0.0218315 0.999601 0.0179311 2.64548 0.0133219 -0.0182247 0.999745 -1.38509 0 0 0 1 
7680147070007;1.77223;2.62697;0.962475 0.16882 0.212466 -4.94975 -0.214944 0.952187 0.217114 -7.18123 -0.165654 -0.254635 0.952743 -8.63761 0 0 0 1 
7680147070008;0.368314;2.73255;0.986628 0.138806 0.0854298 -3.93909 -0.139594 0.990203 0.0032921 -4.26204 -0.0841359 -0.0151736 0.996339 -5.52782 0 0 0 1 
7680147070009;2.02654;2.77036;0.999726 -0.0150419 0.0179193 -1.9508 0.0164146 0.996732 -0.0790963 3.74934 -0.016671 0.0793688 0.996706 -6.15184 0 0 0 1 
7680147070010;1.67484;1.41304;0.990889 -0.0250378 -0.132334 -1.39707 0.0227149 0.999561 -0.0190336 2.58884 0.132753 0.0158542 0.991022 9.17401 0 0 0 1 
7680147070011;1.58383;2.22777;0.977527 0.0982372 0.186521 -3.33156 -0.0266736 0.935311 -0.352819 -0.719217 -0.209115 0.339915 0.916912 -17.5158 0 0 0 1 
7680147070012;1.55669;2.09123;0.9953 -0.018565 0.0950439 -1.83095 0.0372698 0.97929 -0.199005 4.34566 -0.089381 0.201612 0.975379 -7.78994 0 0 0 1 
7680147070013;1.90796;2.43901;0.995591 0.0938023 -0.000648379 -2.97239 -0.0920146 0.977914 0.187663 -1.27194 0.0182373 -0.186776 0.982233 0.852823 0 0 0 1 
7680147070014;1.7784;2.05938;0.991248 0.127794 -0.0331053 -3.73105 -0.130224 0.987712 -0.0864084 -4.33284 0.0216561 0.0899633 0.99571 -3.39234 0 0 0 1 
7680147070015;0.363704;2.65363;0.997459 0.0391144 -0.0595443 -3.79673 -0.0143496 0.928976 0.369862 5.67948 0.0697821 -0.368068 0.927177 9.44715 0 0 0 1 
7680147070016;0.265959;1.63417;0.998546 0.0509582 0.0175996 -2.13015 -0.0517434 0.997531 0.0474908 -0.535614 -0.0151361 -0.0483324 0.998717 -0.939372 0 0 0 1 
7680147070017;0.994504;1.83035;0.99928 0.0202965 -0.0320429 -1.81497 -0.0195802 0.999555 0.0225128 1.28722 0.0324856 -0.0218692 0.999233 0.44335 0 0 0 1 
7680147070018;1.14391;2.39172;0.915995 0.108308 -0.386292 -11.1385 -0.109757 0.993789 0.018376 -2.5713 0.385883 0.0255659 0.922193 21.2852 0 0 0 1 
7680147070019;1.59901;1.86632;0.999403 0.0322178 0.0124742 -0.738722 -0.0322339 0.99948 0.00108978 2.10814 -0.0124326 -0.00149122 0.999922 -1.0527 0 0 0 1 
7680147070020;1.99055;2.5079;0.976648 0.0267124 0.213177 -3.76015 -0.0500258 0.993242 0.104729 1.48106 -0.208938 -0.112948 0.971384 -9.85492 0 0 0 1 
7680147070021;1.30849;2.21193;0.9654 0.0191308 -0.260072 -5.30778 0.0365942 0.977499 0.207744 7.34686 0.258194 -0.210073 0.942977 16.5566 0 0 0 1 
7680147070022;0.490232;2.73977;0.99818 -0.0402553 0.0449006 -1.04672 0.0381987 0.998222 0.0457591 5.85047 -0.0466628 -0.0439606 0.997943 -2.30429 0 0 0 1 
7680147070023;1.93092;1.41052;0.98613 0.162687 0.0328597 -4.28732 -0.156108 0.976398 -0.149256 -5.32268 -0.0563662 0.142057 0.988252 -5.61385 0 0 0 1 
7680147070024;2.01577;2.96127;0.988526 0.0699913 -0.133858 -3.10459 -0.0429783 0.979869 0.194961 1.25954 0.144809 -0.186971 0.971634 9.47156 0 0 0 1 
7680147070025;1.53658;2.16522;0.955964 -0.108474 -0.272702 -2.72934 0.0690528 0.986236 -0.150235 5.06023 0.285246 0.124788 0.950296 11.6128 0 0 0 1 
7680147070026;1.23157;2.58138;0.993769 0.0997239 0.0497747 -2.63586 -0.103473 0.991449 0.0795072 -1.12843 -0.0414203 -0.0841622 0.995591 -0.338972 0 0 0 1 
7680147070027;1.05263;2.54261;0.940812 0.0395449 0.336613 -4.61261 -0.0943198 0.984485 0.147962 -1.0924 -0.325539 -0.170954 0.929946 -17.3404 0 0 0 1 
7680147070028;0.137424;1.56269;0.999687 0.0214039 0.0129238 -1.36207 -0.0215387 0.999714 0.0103873 0.597954 -0.0126977 -0.0106624 0.999863 -1.00757 0 0 0 1 
7680147070029;1.81513;1.58857;0.996969 0.0352185 -0.0693685 -3.51515 -0.0371034 0.998971 -0.0260731 1.88473 0.0683789 0.0285679 0.99725 3.42668 0 0 0 1 
7680147070031;0.429088;0.559744;0.97228 -0.0418532 -0.230044 -1.56907 0.0443287 0.999001 0.00560107 0.778027 0.22958 -0.0156433 0.973164 1.85044 0 0 0 1 
7680147070032;0.91489;0.886324;0.996044 0.00334 0.0888005 -0.196788 -0.01181 0.995404 0.0950288 0.981078 -0.088075 -0.0957015 0.991506 0.807716 0 0 0 1 
7680147070033;0.415478;0.372794;0.979927 0.0318002 0.196802 -0.573663 0.0285149 0.954686 -0.296246 -0.169751 -0.197305 0.295911 0.934616 -9.23486 0 0 0 1 
7680147070034;0.600344;0.741762;0.983747 -0.0522781 -0.171779 -1.24239 0.0224968 0.985024 -0.170941 -0.1791 0.178143 0.164298 0.970191 -1.50449 0 0 0 1 
7680147070035;0.44843;0.507677;0.997081 0.0216311 0.0732252 -1.01246 -0.0363752 0.977777 0.206467 1.22751 -0.0671318 -0.208528 0.97571 2.99633 0 0 0 1 
7680147070036;0.879785;0.457301;0.999837 -0.0134861 -0.0119732 -2.40736 0.0131458 0.99952 -0.0280626 1.0421 0.0123459 0.0279006 0.999534 -1.02468 0 0 0 1 
7680147070037;0.82527;0.479624;0.999752 0.00974549 0.0200174 -0.952849 -0.0103621 0.999468 0.0309357 0.742167 -0.0197053 -0.0311355 0.999321 2.04292 0 0 0 1 
7680147070038;0.802274;0.418071;0.977932 0.00588845 0.208839 -0.512481 -0.0662733 0.95672 0.283363 2.99178 -0.198132 -0.290951 0.935998 4.48923 0 0 0 1 
7680147070039;1.33952;0.673924;0.998216 0.0595289 0.00464137 -4.763 -0.0596295 0.997885 0.0258868 0.279658 -0.00309054 -0.0261174 0.999654 1.29808 0 0 0 1 
7680147070040;0.158831;0.435003;0.99963 -0.00499966 -0.0267232 -0.897511 0.00189972 0.993388 -0.114791 -0.300619 0.0271204 0.114698 0.99303 -2.31303 0 0 0 1 
7680147070041;1.36617;0.533726;0.999305 0.000235395 0.0372752 -1.09175 -0.00167962 0.999249 0.0387183 0.522513 -0.0372381 -0.038754 0.998555 -2.5766 0 0 0 1 
7680147070042;0.46675;0.556074;0.996928 0.0140643 0.077049 -0.768593 0.00186069 0.979215 -0.202819 -0.4706 -0.0783001 0.202339 0.97618 -5.99509 0 0 0 1 
7680147070043;1.14629;0.966066;0.964545 0.058642 0.257322 -0.256098 0.000718264 0.974415 -0.224755 -0.733613 -0.263919 0.216971 0.939825 -7.37412 0 0 0 1 
7680147070044;0.702038;0.438633;0.999308 -0.00641219 -0.0366441 -1.01941 0.00925437 0.996916 0.0779264 1.14127 0.0360314 -0.0782116 0.996285 3.31836 0 0 0 1 
7680147070045;0.887978;0.675218;0.999535 -0.008751 0.029219 -0.806917 0.00879932 0.99996 -0.00152548 0.674589 -0.0292045 0.00178188 0.999572 -1.64257 0 0 0 1 
7680147070046;0.520495;0.428562;0.995094 -0.00247814 0.0989043 -0.174578 0.0195863 0.984835 -0.172386 -0.181975 -0.0969772 0.173477 0.980052 -5.90743 0 0 0 1 
7680147070047;1.3778;0.65752;0.995038 0.0628299 -0.0771501 -4.87993 -0.0382043 0.957225 0.286812 2.92099 0.0918704 -0.282441 0.954875 8.08365 0 0 0 1 
7680147070048;1.12108;1.15628;0.99999 0.00310328 0.00324535 -0.25681 -0.00295291 0.998967 -0.0453544 -0.238571 -0.00338275 0.0453444 0.998966 -0.819915 0 0 0 1 
7680147070049;0.932757;0.556092;0.996842 -0.0465346 -0.0643476 -0.87324 0.0370436 0.98924 -0.141532 0.809052 0.0702414 0.138702 0.98784 -1.00509 0 0 0 1 
7680147070050;1.2993;0.606984;0.955992 -0.0543946 -0.288305 -4.10352 0.0192684 0.992182 -0.123303 0.435952 0.292758 0.112321 0.949566 -0.129609 0 0 0 1 
7680147070051;0.92457;0.613022;0.99793 0.0114714 0.0632756 -0.426106 -0.0275434 0.965384 0.259375 1.28082 -0.0581098 -0.260581 0.963702 3.18097 0 0 0 1 
7680147070052;0.840224;0.749269;0.963837 -0.0305281 -0.264738 -1.68461 0.0736669 0.985229 0.154589 2.45433 0.256108 -0.168501 0.951849 7.02016 0 0 0 1 
7680147070053;0.82655;0.55844;0.999988 0.00421472 0.00248 -0.579442 -0.00419011 0.999943 -0.00984506 0.291215 -0.00252136 0.00983455 0.999948 1.14515 0 0 0 1 
7680147070054;0.270576;0.586613;0.998428 0.0198545 0.0524219 -1.44877 -0.0224694 0.998508 0.0497723 0.363135 -0.0513555 -0.0508719 0.997384 0.394448 0 0 0 1 
7680147070055;0.73698;0.483468;0.983931 -0.107827 -0.142316 0.643363 0.0364675 0.901618 -0.430994 0.274329 0.174787 0.418878 0.891062 -6.80508 0 0 0 1 
7680147070056;0.896614;0.487687;0.998947 -0.038703 -0.0246567 -0.28559 0.0381387 0.999009 -0.0229603 0.575439 0.0255209 0.0219958 0.999432 -2.38342 0 0 0 1 
7680147070057;0.403726;0.580411;0.998122 0.0201764 0.0578415 -2.01 -0.0177513 0.998954 -0.0421383 0.279998 -0.0586312 0.0410324 0.997436 -1.62509 0 0 0 1 
7680147070058;0.771956;0.558916;0.993118 0.0197415 0.115439 -1.20875 -0.00019157 0.985963 -0.166964 -0.256066 -0.117115 0.165793 0.979182 -6.51448 0 0 0 1 
7680147070059;0.054331;0.553088;0.999788 0.00201302 0.020509 -0.971742 -0.00182875 0.999958 -0.00900002 0.314711 -0.0205262 0.0089606 0.999749 -0.712672 0 0 0 1 
7680147070060;0.252286;0.330747;0.999586 0.0257273 0.012889 -1.2056 -0.0282884 0.960636 0.276367 2.08567 -0.00527148 -0.276618 0.960966 5.35926 0 0 0 1 
7680147070062;0.694613;1.16087;0.99636 0.015517 0.0838197 0.890466 -0.0184362 0.999246 0.0341663 -0.674854 -0.0832264 -0.0355873 0.995895 -1.72946 0 0 0 1 
7680147070063;0.642429;1.19596;0.99976 -0.0178194 -0.0127652 1.64299 0.0177906 0.999839 -0.00236784 -0.305045 0.0128053 0.00214017 0.999916 -0.148215 0 0 0 1 
7680147070064;1.73702;2.24155;0.996305 -0.0758462 -0.0402882 1.92647 0.0656822 0.975159 -0.211543 0.132208 0.0553321 0.208115 0.976538 -3.30535 0 0 0 1 
7680147070065;2.03958;2.36812;0.982698 -0.00599952 -0.185117 -0.80999 0.0330929 0.98908 0.143619 1.72392 0.182234 -0.14726 0.972165 6.21529 0 0 0 1 
7680147070066;1.4044;2.1891;0.996125 -0.0179189 0.0860997 1.50156 0.0294035 0.990541 -0.134033 -0.404695 -0.0828835 0.136046 0.987229 -4.12295 0 0 0 1 
7680147070067;2.44929;0.82303;0.998479 -0.0248387 -0.0492259 1.24875 0.0254539 0.999605 0.0119102 -0.14134 0.0489106 -0.0131451 0.998717 -1.23134 0 0 0 1 
7680147070068;0.72785;1.19818;0.998233 -0.0282749 -0.0522662 1.41614 0.0261402 0.998814 -0.0410855 -0.106077 0.0533659 0.0396467 0.997788 1.54825 0 0 0 1 
7680147070069;0.403431;1.36925;0.994938 -0.0467303 0.0889625 2.45565 0.0797091 0.906096 -0.415495 0.334449 -0.0611924 0.420483 0.905235 -9.15203 0 0 0 1 
7680147070070;2.46104;2.50603;0.931018 -0.128029 -0.341781 0.831201 0.049867 0.972295 -0.228377 -0.697417 0.361551 0.19558 0.911608 3.42753 0 0 0 1 
7680147070071;1.40642;1.52849;0.943645 0.0650281 0.324509 1.17573 -0.104983 0.988684 0.107159 -1.89374 -0.313869 -0.135188 0.939793 -6.87944 0 0 0 1 
7680147070072;0.468235;0.979468;0.998423 -0.0210554 -0.0520423 0.963384 0.0206028 0.999745 -0.00921906 0.132491 0.0522231 0.0081323 0.998602 0.881133 0 0 0 1 
7680147070073;0.953779;1.61927;0.994326 -0.000840569 0.106373 2.07941 0.022211 0.979569 -0.199878 -0.788865 -0.104032 0.201106 0.97403 -5.16741 0 0 0 1 
7680147070074;0.189263;0.772155;0.999592 -0.0284233 -0.00277511 1.13992 0.027494 0.984062 -0.175689 -0.696353 0.00772454 0.175541 0.984442 -2.89679 0 0 0 1 
7680147070075;2.44638;2.20219;0.96391 -0.119108 -0.238097 4.23031 0.0418571 0.951017 -0.306291 -1.17774 0.262916 0.285271 0.921681 1.78669 0 0 0 1 
7680147070076;2.31741;1.78033;0.997129 -0.0147289 -0.0742759 1.57023 0.0120755 0.999277 -0.0360464 -0.357293 0.0747531 0.035046 0.996586 3.32459 0 0 0 1 
7680147070077;2.21484;0.772022;0.998178 -0.0572204 0.019162 3.16342 0.0589631 0.992396 -0.108045 0.246883 -0.012834 0.108978 0.993961 -0.205425 0 0 0 1 
7680147070078;0.226189;1.40752;0.993281 0.0112563 -0.115176 0.55566 0.0276404 0.943377 0.330568 3.12137 0.112376 -0.331531 0.936728 8.09435 0 0 0 1 
7680147070079;1.94297;2.10891;0.993611 0.0181872 0.111385 1.06151 0.00918702 0.970621 -0.240438 -0.747136 -0.112485 0.239926 0.964252 -7.38753 0 0 0 1 
7680147070080;2.14298;1.41555;0.999091 -0.0423647 0.00475643 1.43323 0.0424714 0.979502 -0.196908 -0.102439 0.00368301 0.196931 0.98041 -0.820702 0 0 0 1 
7680147070081;1.69906;1.45522;0.997732 0.000570455 0.0673103 2.47275 0.00782239 0.992206 -0.124359 -1.21187 -0.0668566 0.124604 0.989952 -2.32568 0 0 0 1 
7680147070082;2.0972;1.48574;0.961566 -0.0952009 -0.25754 0.0297631 0.0215486 0.96124 -0.274871 -0.671678 0.273726 0.258757 0.926347 3.58933 0 0 0 1 
7680147070083;0.59076;0.884825;0.999078 -0.0182237 0.0388606 1.33121 0.0298332 0.945767 -0.323472 -0.387884 -0.0308582 0.324333 0.945439 -6.87032 0 0 0 1 
7680147070084;0.946739;0.788312;0.999554 -0.0273668 -0.0119259 1.93248 0.0274898 0.999569 0.0102739 0.108692 0.0116396 -0.0105971 0.999876 1.26493 0 0 0 1 
7680147070085;1.67199;1.44854;0.965243 0.0245141 -0.260202 -0.963319 0.0661226 0.940296 0.333874 4.37054 0.252852 -0.339475 0.905993 12.8756 0 0 0 1 
7680147070086;1.58068;1.31699;0.999913 0.0072215 -0.0109966 0.976656 -0.00700574 0.999785 0.0195342 -0.766597 0.0111353 -0.0194555 0.999749 -1.08649 0 0 0 1 
7680147070087;0.945675;1.1488;0.99505 -0.0459785 -0.0881018 0.797478 0.0267647 0.977765 -0.207986 -0.725021 0.0957058 0.204599 0.974156 -1.62789 0 0 0 1 
7680147070088;1.00125;1.44972;0.979189 0.0247716 0.201435 1.47931 -0.02082 0.999547 -0.0217124 -1.20031 -0.201881 0.0170667 0.979261 -5.65696 0 0 0 1 
7680147070089;1.42162;0.833918;0.997878 0.00967922 0.0643888 0.887089 -0.0111337 0.99969 0.0222682 -0.34906 -0.0641533 -0.0229378 0.997676 0.174211 0 0 0 1 
7680147070090;0.678915;0.867292;0.999295 -0.0245092 -0.0284255 1.0126 0.0254732 0.999095 0.0340595 0.342136 0.027565 -0.0347596 0.999015 1.05899 0 0 0 1 
7680147070091;1.30647;2.08954;0.987738 -0.0702495 -0.139425 1.0615 0.0551712 0.992486 -0.109212 0.645635 0.14605 0.100181 0.984192 1.83073 0 0 0 1 
7680147070093;0.528987;0.54821;0.995407 -0.0203252 -0.0935473 -0.698262 0.0258655 0.997958 0.0583988 2.04719 0.0921693 -0.0605502 0.993901 7.6248 0 0 0 1 
7680147070094;0.750267;0.705171;0.975384 -0.0308202 -0.218349 -2.50858 0.0584243 0.990917 0.121118 5.03654 0.212632 -0.130893 0.968326 17.7452 0 0 0 1 
7680147070095;1.32662;1.06806;0.995744 0.0599299 0.0700216 -1.56774 -0.0384128 0.960453 -0.27578 -4.36129 -0.0837799 0.271917 0.958667 -12.9295 0 0 0 1 
7680147070096;1.72861;0.134392;0.999584 0.0194624 0.0213049 -0.426842 -0.0183734 0.998572 -0.0501718 -1.54288 -0.0222509 0.0497595 0.998513 0.339529 0 0 0 1 
7680147070097;1.58172;1.62004;0.997186 -0.00968182 -0.0743342 -0.548402 0.0141761 0.998087 0.0601736 1.46703 0.0736094 -0.061058 0.995416 6.92042 0 0 0 1 
7680147070098;0.811119;0.520404;0.979122 -0.0386757 -0.199558 -2.2045 0.0168066 0.993774 -0.110139 0.377569 0.202576 0.104486 0.973676 12.7505 0 0 0 1 
7680147070099;0.734807;0.376293;0.999938 -0.00415654 0.0103089 -0.192543 0.00422779 0.999967 -0.00689957 -0.126131 -0.0102799 0.00694272 0.999923 -1.40802 0 0 0 1 
7680147070100;0.613699;0.149457;0.937475 0.0864756 0.337139 -4.29724 -0.0653044 0.995143 -0.073662 -5.27773 -0.341872 0.0470396 0.938569 -26.5289 0 0 0 1 
7680147070101;0.463274;0.400093;0.998867 -0.00763353 -0.0469821 -0.287435 0.00181616 0.99245 -0.122638 -0.911503 0.0475635 0.122414 0.991339 0.249024 0 0 0 1 
7680147070102;1.71997;1.17759;0.991149 0.0550302 0.120809 -1.52917 -0.0319136 0.982118 -0.185541 -3.64389 -0.128859 0.180043 0.975182 -15.7726 0 0 0 1 
7680147070103;0.768405;0.417217;0.984948 0.0341952 0.169432 -0.552583 -0.041132 0.998446 0.0376014 -2.47314 -0.167883 -0.0440045 0.984824 -9.73139 0 0 0 1 
7680147070104;1.11988;0.817716;0.999934 0.00714343 0.00903883 -0.33941 -0.00661525 0.998342 -0.0571736 -1.33945 -0.00943226 0.05711 0.998323 -2.37592 0 0 0 1 
7680147070105;0.792054;0.570428;0.970314 0.0552382 0.235454 -1.94464 -0.0552108 0.998452 -0.0067141 -4.24843 -0.235461 -0.00648483 0.971862 -17.5696 0 0 0 1 
7680147070106;0.562855;0.298556;0.998274 0.00301878 -0.0586581 -0.733832 -0.00669651 0.998016 -0.0626029 -0.806952 0.0583527 0.0628876 0.996313 3.55262 0 0 0 1 
7680147070107;0.610731;0.52519;0.999862 -0.0153478 0.00634031 0.14611 0.0143585 0.990851 0.134193 1.99963 -0.00834187 -0.134084 0.990935 3.38724 0 0 0 1 
7680147070108;1.42716;1.15815;0.999103 0.0062701 -0.0418745 -0.619984 -0.00825803 0.998839 -0.0474705 -1.04342 0.0415282 0.0477738 0.997995 0.637346 0 0 0 1 
7680147070109;0.474796;0.252673;0.900823 0.041379 0.432211 -4.985 -0.102365 0.987628 0.118797 -6.30852 -0.421948 -0.151258 0.893913 -27.6046 0 0 0 1 
7680147070110;0.941477;0.660939;0.99996 -0.00141039 0.00882096 -0.18794 0.00202874 0.99751 -0.0704891 -0.748707 -0.00869959 0.0705042 0.997474 -2.49639 0 0 0 1 
7680147070111;1.47967;1.25823;0.999956 0.00448605 0.00825037 0.0342086 -0.00433923 0.999833 -0.0177279 -0.355465 -0.00832853 0.0176913 0.999809 0.402169 0 0 0 1 
7680147070112;1.75011;1.1264;0.994542 -0.0129506 -0.103527 -1.27709 0.0478203 0.938485 0.341992 6.29055 0.0927293 -0.345076 0.933983 12.6885 0 0 0 1 
7680147070113;1.0332;0.953492;0.99761 0.0165021 0.0671001 -0.26762 -0.0124485 0.998097 -0.060386 -1.32991 -0.0679689 0.0594063 0.995917 -5.76758 0 0 0 1 
7680147070114;0.426388;0.175128;0.982911 -0.0400028 0.179683 0.952641 -0.0328099 0.922402 0.384834 2.33816 -0.181134 -0.384153 0.905327 -3.96975 0 0 0 1 
7680147070115;1.70185;1.55711;0.994186 -0.0103718 -0.107173 -1.08549 -0.0300423 0.929102 -0.368602 -3.52834 0.103397 0.369679 0.923389 -2.29154 0 0 0 1 
7680147070116;1.08478;0.239633;0.998053 0.0473552 0.0405888 -1.55115 -0.0301678 0.936124 -0.350375 -3.23982 -0.0545882 0.348468 0.93573 -13.8725 0 0 0 1 
7680147070117;0.562653;0.550122;0.997068 0.0214564 0.0734442 -0.188442 -0.0286585 0.994728 0.0984586 -1.27675 -0.0709445 -0.100275 0.992427 -2.56149 0 0 0 1 
7680147070118;0.421204;0.490628;0.992212 -0.0253253 -0.121957 -1.00295 0.0131794 0.994962 -0.0993872 0.178586 0.123859 0.0970059 0.987547 6.686 0 0 0 1 
7680147070119;1.56631;0.416393;0.998175 0.0106939 0.0594302 -0.290136 -0.00712935 0.998181 -0.0598704 -1.4502 -0.0599623 0.0593375 0.996435 -8.10199 0 0 0 1 
7680147070120;0.829004;0.486626;0.999309 0.0212913 -0.0304606 -1.06453 -0.0261477 0.985243 -0.169152 -2.98672 0.0264097 0.169831 0.985119 -1.25515 0 0 0 1 
7680147070121;0.0967963;0.146718;0.997568 -0.00139594 0.0696797 0.236747 -0.00120723 0.999303 0.0373032 -0.0137237 -0.0696832 -0.0372966 0.996872 -3.89219 0 0 0 1 
7680147070122;0.194803;0.240844;0.999513 -0.0175795 -0.0257717 -0.00992738 0.0165753 0.999114 -0.0386743 0.722715 0.0264288 0.0382283 0.998919 1.24114 0 0 0 1 
7680147070124;1.64617;0.299196;0.997028 0.0228009 0.0735902 -0.197693 -0.0122397 0.989949 -0.140893 -1.13987 -0.076063 0.139574 0.987286 -6.60868 0 0 0 1 
7680147070125;1.40625;0.389931;0.999895 -0.00169252 0.0143959 -0.330911 0.0016491 0.999994 0.00302759 0.410617 -0.0144009 -0.00300353 0.999892 -2.81123 0 0 0 1 
7680147070126;1.2267;0.147495;0.998669 -0.00635662 -0.0511775 -1.23921 0.00723811 0.999828 0.0170574 1.87031 0.0510603 -0.0174051 0.998544 3.51212 0 0 0 1 
7680147070127;1.9725;1.09792;0.986326 -0.0568773 -0.154677 -1.35966 0.0374025 0.991322 -0.126021 2.6011 0.160503 0.118513 0.979895 8.92546 0 0 0 1 
7680147070128;1.62499;0.823864;0.964224 -0.0570249 -0.258884 -3.42125 0.0604044 0.998161 0.00511163 4.49233 0.258117 -0.0205665 0.965895 14.1933 0 0 0 1 
7680147070129;0.486275;0.49744;0.998615 -0.0130108 -0.0509723 -0.38563 0.0106184 0.998842 -0.0469274 1.09253 0.0515238 0.0463212 0.997597 3.76486 0 0 0 1 
7680147070130;1.63305;0.845708;0.997637 -0.000872387 0.0687025 -0.277769 -0.00698556 0.99345 0.114053 0.916356 -0.068352 -0.114263 0.991096 -3.08273 0 0 0 1 
7680147070131;2.14793;1.06991;0.937474 0.0956258 0.334661 -3.17132 -0.010059 0.96856 -0.248577 -0.983722 -0.347909 0.229669 0.908962 -23.8568 0 0 0 1 
7680147070132;1.4581;0.865863;0.994784 -0.0248145 -0.0989438 -0.89105 0.0250448 0.999686 0.00108592 1.84436 0.0988858 -0.00355828 0.995092 4.41454 0 0 0 1 
7680147070133;1.07349;1.26712;0.999106 -0.00712912 -0.0416599 -0.445986 0.00696162 0.999967 -0.00416442 0.740172 0.0416882 0.00387068 0.999123 2.82531 0 0 0 1 
7680147070134;1.69636;0.83765;0.992675 -0.0293785 -0.117186 -1.20116 0.0143926 0.991832 -0.126733 1.19927 0.119952 0.124118 0.98499 10.1322 0 0 0 1 
7680147070135;0.51747;0.307937;0.935999 -0.0561168 -0.347502 -5.30192 0.0585777 0.998277 -0.00342863 3.94319 0.347095 -0.0171467 0.937673 21.3138 0 0 0 1 
7680147070136;0.646267;0.63276;0.912327 -0.103472 -0.396174 -7.66036 0.0540536 0.989511 -0.133963 3.58601 0.40588 0.100803 0.90835 26.8282 0 0 0 1 
7680147070137;2.04694;1.26636;0.991921 -0.00991408 -0.12647 -1.38007 0.0288945 0.988394 0.149142 2.99716 0.123524 -0.151591 0.980695 9.37939 0 0 0 1 
7680147070138;0.720049;0.534195;0.999168 -0.0212498 -0.0348072 -0.333186 0.0175822 0.99458 -0.102479 1.2516 0.0367962 0.101782 0.994126 2.02006 0 0 0 1 
7680147070139;1.74647;0.229179;0.999715 -0.00407634 0.0235049 -0.240535 0.00469275 0.999645 -0.0262295 0.418808 -0.0233897 0.0263323 0.99938 -3.8407 0 0 0 1 
7680147070140;0.663015;0.845149;0.999954 -0.000313054 -0.00954899 -0.380409 -0.000431618 0.996962 -0.0778827 0.0459898 0.00954437 0.0778833 0.996917 0.413219 0 0 0 1 
7680147070141;0.53013;0.580294;0.999979 -0.00644687 -0.00106505 0.0203254 0.00643688 0.999938 -0.0091296 0.545571 0.00112384 0.00912255 0.999958 0.127345 0 0 0 1 
7680147070142;1.96977;0.290506;0.9798 -0.0694946 -0.187519 -4.20286 0.0282497 0.976373 -0.214238 2.66545 0.197977 0.204613 0.958613 14.7024 0 0 0 1 
7680147070143;0.856847;0.610961;0.985784 -0.00278204 0.167995 -1.36179 -0.0259036 0.985392 0.16832 -0.497556 -0.166009 -0.170278 0.971312 -11.6228 0 0 0 1 
7680147070144;1.63732;1.61758;0.997159 0.0113247 0.0744706 0.0355712 -0.0122978 0.999845 0.012622 -0.661885 -0.0743161 -0.0135019 0.997143 -6.0509 0 0 0 1 
7680147070145;0.140484;0.259875;0.999881 -0.0130038 -0.00831639 -0.27163 0.012954 0.999898 -0.0060238 1.06982 0.00839388 0.00591535 0.999947 0.617905 0 0 0 1 
7680147070146;1.19743;0.538031;0.995647 -0.0527871 -0.0768135 -1.37802 0.0545009 0.998306 0.0203875 4.18527 0.0756071 -0.0244852 0.996837 3.5222 0 0 0 1 
7680147070147;0.293378;0.510752;0.998344 0.0133098 0.0559583 -0.161138 -0.00793413 0.995425 -0.0952131 -0.387431 -0.0569695 0.0946115 0.993883 -3.39539 0 0 0 1 
7680147070148;2.08491;1.10183;0.993601 -0.0247317 -0.110205 -0.88752 0.0433166 0.984563 0.169589 4.05755 0.10431 -0.173277 0.979334 8.18399 0 0 0 1 
7680147070149;2.16398;1.74513;0.986138 -0.0473356 -0.159032 -1.80295 0.0209576 0.986302 -0.163615 1.77089 0.164598 0.158014 0.973621 10.9706 0 0 0 1 
7680147070150;0.570326;0.848979;0.999736 -0.0032068 0.0227452 -0.350832 0.0125279 0.90609 -0.422899 -0.210773 -0.019253 0.423072 0.905891 0.294624 0 0 0 1 
7680147070151;0.700204;0.486712;0.993422 -0.0309845 -0.110238 -1.38208 0.0337096 0.999168 0.0229421 2.964 0.109435 -0.0265072 0.99364 6.68846 0 0 0 1 
7680147070152;0.196422;0.335884;0.99926 -0.0163642 -0.0348076 -0.34899 0.0159162 0.999787 -0.0131096 1.30212 0.0350147 0.0125459 0.999308 2.39343 0 0 0 1 
7680147070153;0.328459;0.521068;0.998969 -0.0273274 -0.0362559 -0.594329 0.0153858 0.95508 -0.29595 0.455561 0.0427148 0.295087 0.954515 3.89592 0 0 0 1 
7680147070155;0.140686;1.52873;0.999766 -0.0174933 -0.012743 2.17471 0.0172069 0.999604 -0.0222501 2.54512 0.0131272 0.0220256 0.999671 1.25931 0 0 0 1 
7680147070156;0.73666;1.06867;0.999766 -0.0134142 -0.0169508 2.145 0.0130232 0.999651 -0.0229722 1.6719 0.0172531 0.0227461 0.999592 1.91842 0 0 0 1 
7680147070157;1.89722;2.06597;0.998358 -0.0167308 -0.0547896 1.01184 0.0194956 0.998543 0.050322 3.22315 0.0538678 -0.0513075 0.997229 7.68663 0 0 0 1 
7680147070158;1.79956;2.06881;0.998079 -0.0448347 -0.0427656 2.03911 0.0363807 0.982764 -0.181248 4.5456 0.0501547 0.179344 0.982507 6.70221 0 0 0 1 
7680147070159;1.65931;1.73371;0.999483 -0.00319763 -0.0320033 0.482213 0.0024848 0.999748 -0.0222884 0.249793 0.0320665 0.0221974 0.999239 1.98315 0 0 0 1 
7680147070160;0.0621527;1.24233;0.999652 -0.000580377 -0.0263613 1.69717 -2.09416e-06 0.999756 -0.0220903 0.554693 0.0263677 0.0220827 0.999408 2.9231 0 0 0 1 
7680147070161;0.430207;1.89261;0.997412 -0.0560418 -0.0450334 2.47456 0.0530348 0.996449 -0.065401 6.40582 0.0485386 0.0628435 0.996842 5.491 0 0 0 1 
7680147070162;0.473536;1.07138;0.965384 0.0621906 0.25331 -1.33077 -0.0674486 0.997649 0.012117 -6.77201 -0.251961 -0.028783 0.967309 -28.2691 0 0 0 1 
7680147070163;0.736349;1.11288;0.98912 0.0175581 0.146062 0.146895 -0.0386326 0.989008 0.142728 -3.57739 -0.141951 -0.146818 0.978925 -15.7008 0 0 0 1 
7680147070164;0.540732;2.09147;0.996704 -0.0708197 -0.039562 2.29599 0.0637641 0.985443 -0.157595 7.15774 0.0501469 0.154553 0.986711 6.52786 0 0 0 1 
7680147070165;1.76832;1.15826;0.999918 0.00590245 -0.0114081 1.41087 -0.00619448 0.99965 -0.0257352 -0.0699988 0.0112522 0.0258038 0.999604 3.93975 0 0 0 1 
7680147070166;0.877488;1.11067;0.996644 0.00736354 -0.0815304 1.24735 0.00432845 0.989813 0.142308 1.1534 0.0817478 -0.142183 0.986459 6.84474 0 0 0 1 
7680147070167;0.355143;1.8072;0.997174 -0.0539548 -0.0522754 1.95168 0.0526297 0.998265 -0.0264017 6.37695 0.0536092 0.0235759 0.998284 6.16688 0 0 0 1 
7680147070168;0.458362;1.30841;0.999144 0.00252551 0.0412789 2.34967 -0.00681591 0.99454 0.10413 0.324987 -0.0407905 -0.104322 0.993707 -5.33454 0 0 0 1 
7680147070169;1.52541;1.51977;0.963255 -0.0723904 -0.258651 -1.20795 0.0924008 0.993529 0.0660489 10.8529 0.252196 -0.0875215 0.96371 25.8804 0 0 0 1 
7680147070170;1.71122;1.8474;0.995931 0.0318116 0.084313 0.817905 -0.0270997 0.998037 -0.0564533 -2.60682 -0.0859434 0.0539388 0.994839 -8.49316 0 0 0 1 
7680147070171;1.73488;1.16908;0.994906 -0.0582109 -0.0823041 3.03806 0.0346698 0.964211 -0.26286 4.21976 0.0946598 0.258667 0.961317 10.0887 0 0 0 1 
7680147070172;1.09968;1.46305;0.999957 -0.00879145 -0.00281148 2.78395 0.00873239 0.999754 -0.0203733 1.20963 0.0029899 0.0203479 0.999788 0.454268 0 0 0 1 
7680147070173;0.591876;1.10565;0.964649 -0.00651056 -0.263458 -3.43036 0.0237612 0.997772 0.0623444 3.37744 0.262465 -0.0664005 0.962654 28.6379 0 0 0 1 
7680147070174;1.36958;1.82988;0.997825 -0.019925 0.0628293 1.50794 0.0292826 0.987988 -0.151733 2.68568 -0.0590512 0.153243 0.986423 -7.42511 0 0 0 1 
7680147070175;0.533565;1.33154;0.999597 0.00241816 -0.0282864 1.96666 -0.0030771 0.999724 -0.023275 0.628546 0.0282223 0.0233527 0.999329 3.58036 0 0 0 1 
7680147070176;0.79171;1.1465;0.989948 0.0330827 0.137508 1.19862 -0.0194457 0.994862 -0.0993578 -2.05801 -0.140088 0.0956851 0.985505 -14.2608 0 0 0 1 
7680147070177;1.74498;2.03029;0.955421 0.049119 0.291132 -2.0758 -0.0230643 0.995468 -0.0922613 -2.68886 -0.294344 0.0814336 0.952224 -32.1877 0 0 0 1 
7680147070178;1.38005;1.88943;0.994565 -0.019625 0.102249 1.25637 0.0313335 0.992964 -0.114195 3.42631 -0.099288 0.116778 0.988183 -11.9437 0 0 0 1 
7680147070179;1.66284;1.63125;0.99767 0.0339455 0.0591795 2.73574 -0.0360939 0.998713 0.0356205 -3.43721 -0.0578942 -0.0376735 0.997612 -5.40677 0 0 0 1 
7680147070180;1.25183;1.1871;0.97424 0.0194806 -0.224672 -2.4821 0.0143933 0.98886 0.148154 1.96688 0.225055 -0.147571 0.963106 22.1216 0 0 0 1 
7680147070181;1.00094;1.28534;0.997511 0.0254737 0.0657505 1.46011 -0.038134 0.979226 0.199155 -3.18538 -0.0593114 -0.201166 0.97776 -8.62727 0 0 0 1 
7680147070182;1.8528;1.27457;0.977121 0.0353013 0.209733 -0.00520677 -0.0619333 0.99062 0.121804 -6.10199 -0.203465 -0.132007 0.970142 -25.6727 0 0 0 1 
7680147070183;0.963883;1.16555;0.987831 0.0222603 0.153928 1.99332 -0.0501733 0.982401 0.179917 -4.71683 -0.147214 -0.185451 0.971564 -17.8785 0 0 0 1 
7680147070184;0.147928;1.11548;0.999314 0.00664453 -0.0364324 1.55395 -0.00644078 0.999963 0.00570706 -0.0838118 0.036469 -0.00546849 0.99932 3.9969 0 0 0 1 
7680147070186;1.27351;2.59329;0.997989 0.0538211 0.0334705 2.34699 -0.050892 0.995254 -0.082939 -3.05546 -0.0377755 0.0810688 0.995992 -3.35272 0 0 0 1 
7680147070187;0.700101;2.49174;0.951529 0.0602349 0.301602 -1.6602 -0.113308 0.980315 0.161692 -8.65992 -0.285925 -0.188028 0.939623 -30.852 0 0 0 1 
7680147070188;1.39118;2.95721;0.998626 0.018989 0.0488469 2.95533 -0.0201721 0.999512 0.0238432 0.736347 -0.0483703 -0.0247957 0.998522 -7.33603 0 0 0 1 
7680147070189;1.30828;2.76518;0.958651 -0.0190908 -0.283943 -1.88082 0.117623 0.935116 0.334248 18.8975 0.259139 -0.353826 0.898696 30.0866 0 0 0 1 
7680147070190;1.12112;2.93157;0.99494 -0.004162 0.10038 2.84151 -0.0297508 0.942123 0.333943 1.87468 -0.0959606 -0.33524 0.937233 -9.56068 0 0 0 1 
7680147070191;1.94775;2.53187;0.996676 -0.03708 -0.0725456 4.37699 0.050272 0.980602 0.189455 10.1674 0.0641133 -0.192472 0.979206 7.76307 0 0 0 1 
7680147070192;1.68036;3.16521;0.987354 -0.0256505 0.156443 2.70135 0.0305225 0.999119 -0.02882 7.00731 -0.155566 0.0332305 0.987266 -17.1912 0 0 0 1 
7680147070193;1.11849;2.72633;0.997881 -0.0271511 0.0591354 3.81773 0.042342 0.961005 -0.27327 7.10985 -0.0494098 0.275195 0.960118 -6.87822 0 0 0 1 
7680147070194;0.766853;3.02378;0.999857 0.00975143 0.0138184 2.31926 -0.0098851 0.999905 0.00963785 1.80488 -0.0137231 -0.00977307 0.999858 -2.1309 0 0 0 1 
7680147070195;0.416426;2.68605;0.997445 0.0148412 0.069879 2.99982 -0.00877719 0.996231 -0.0862989 1.78732 -0.0708963 0.0854651 0.993816 -9.03944 0 0 0 1 
7680147070196;0.748225;2.95082;0.999694 -0.0066073 0.023832 2.47899 0.00489067 0.997437 0.0713825 3.53709 -0.0242426 -0.0712441 0.997164 -2.1065 0 0 0 1 
7680147070197;0.500793;2.53715;0.999218 0.0220037 0.0328475 2.83031 -0.0140113 0.973976 -0.226218 0.465815 -0.0369703 0.225581 0.973523 -6.04601 0 0 0 1 
7680147070198;0.104802;2.74055;0.999977 0.0041981 0.00538328 2.81003 -0.00465771 0.996072 0.0884204 3.07908 -0.00499094 -0.0884434 0.996069 -0.0683926 0 0 0 1 
7680147070199;1.797;2.79335;0.982317 0.0668976 0.174867 1.37972 -0.0574664 0.996635 -0.0584572 -4.71993 -0.17819 0.0473744 0.982855 -22.6226 0 0 0 1 
7680147070200;0.574851;2.68029;0.999472 0.0239973 -0.0219027 2.46507 -0.0226997 0.998077 0.057684 0.778173 0.0232449 -0.0571564 0.998095 2.24469 0 0 0 1 
7680147070201;1.66238;3.34826;0.969878 -0.0499595 -0.238413 -1.49085 0.0470778 0.998733 -0.0177693 7.20772 0.238999 0.00601004 0.971001 25.3643 0 0 0 1 
7680147070202;0.856075;3.24585;0.999766 -0.00495934 0.0210553 2.96187 0.00132906 0.985608 0.169041 3.80696 -0.0215906 -0.168974 0.985384 -0.904325 0 0 0 1 
7680147070203;0.151635;2.78769;0.999048 -0.0377349 0.0218734 3.40886 0.0375709 0.999263 0.00786111 7.42161 -0.0221539 -0.00703183 0.99973 -2.53159 0 0 0 1 
7680147070204;1.87474;3.24831;0.999766 -0.0114271 0.0183679 1.93467 0.0116631 0.99985 -0.0127934 3.61215 -0.0182189 0.0130047 0.999749 -0.636881 0 0 0 1 
7680147070205;1.34644;2.3996;0.999695 -0.0201135 0.014304 4.07985 0.0186885 0.995435 0.0935982 6.73388 -0.0161212 -0.0933024 0.995507 -1.52058 0 0 0 1 
7680147070206;0.882492;2.75618;0.905714 -0.136549 -0.401292 -7.77365 0.0848588 0.985938 -0.143963 12.4264 0.415308 0.0963361 0.904566 44.5428 0 0 0 1 
7680147070207;1.16879;2.89934;0.994962 0.0642991 0.0769119 1.27105 -0.0694564 0.995375 0.0663723 -4.71101 -0.0722885 -0.07138 0.994826 -6.4378 0 0 0 1 
7680147070208;1.24601;3.06047;0.996252 0.0747922 0.0434411 1.62689 -0.0792555 0.990516 0.112235 -5.45233 -0.0346348 -0.115257 0.992732 -3.18231 0 0 0 1 
7680147070209;1.20929;2.70323;0.997078 0.00621994 -0.076142 2.96211 0.024138 0.919973 0.391238 8.55523 0.0724821 -0.391932 0.917134 9.4698 0 0 0 1 
7680147070210;1.69015;2.5288;0.999543 -0.0197301 0.0228945 3.79951 0.019409 0.999711 0.0141657 6.87902 -0.0231674 -0.0137148 0.999638 -1.10403 0 0 0 1 
7680147070211;0.940014;3.02102;0.98687 -0.0302955 -0.158652 0.923605 0.0594912 0.981375 0.182656 10.5899 0.150164 -0.189696 0.970292 18.9332 0 0 0 1 
7680147070212;1.74535;2.88519;0.99964 -0.0238482 0.012287 3.60826 0.0239174 0.999699 -0.00551884 6.63418 -0.0121516 0.00581072 0.999909 -2.5955 0 0 0 1 
7680147070213;0.400202;2.77136;0.999002 -0.0213634 0.0392217 3.41997 0.0200654 0.999247 0.033194 5.54632 -0.0399013 -0.0323738 0.998679 -4.50855 0 0 0 1 
7680147070214;0.315659;3.10898;0.997569 0.00487828 -0.0695179 2.48489 0.00052895 0.996988 0.077552 3.88185 0.0696868 -0.0774003 0.994562 8.06199 0 0 0 1 
7680147070215;0.611277;2.91954;0.997889 0.0117412 0.0638785 2.70607 -0.0133454 0.999605 0.0247448 1.69161 -0.0635627 -0.0255451 0.997651 -7.83176 0 0 0 1 
7680147070217;0.89674;1.27978;0.998216 0.0109417 0.0586902 -1.37761 -0.0118447 0.999816 0.0150612 -0.651444 -0.0585146 -0.0157295 0.998163 -2.07026 0 0 0 1 
7680147070218;1.73564;1.40927;0.999936 0.00798875 0.0080615 -2.10683 -0.00798518 0.999968 -0.00047578 -0.159671 -0.00806504 0.000411377 0.999967 1.70418 0 0 0 1 
7680147070219;1.39452;1.45029;0.961358 -0.0544568 -0.269862 -2.81502 0.0279467 0.994481 -0.101124 -0.0682329 0.273879 0.0896744 0.957574 6.17992 0 0 0 1 
7680147070220;0.267296;1.57816;0.99981 -0.00631722 -0.0184242 -2.00393 -0.00172303 0.913544 -0.406735 -1.67575 0.0194008 0.40669 0.91336 4.09453 0 0 0 1 
7680147070221;1.27015;1.598;0.999823 0.0034666 0.0184793 -0.405974 -0.00752555 0.974476 0.224365 -0.291221 -0.0172298 -0.224464 0.97433 -2.72052 0 0 0 1 
7680147070222;1.97297;1.35426;0.99602 -0.000284333 0.0891252 -3.56915 -0.00252638 0.999503 0.0314223 -0.908742 -0.0890899 -0.0315224 0.995525 -1.0772 0 0 0 1 
7680147070223;1.53331;1.54127;0.997818 -0.000213231 -0.0660315 -2.33617 0.00044629 0.999994 0.00351477 -0.958807 0.0660303 -0.00353657 0.997811 -0.070754 0 0 0 1 
7680147070224;2.30376;1.25303;0.911631 -0.079003 -0.403346 -3.44753 0.0352116 0.992757 -0.114866 -0.421629 0.4095 0.0905129 0.907809 4.13025 0 0 0 1 
7680147070225;1.4585;1.74301;0.998753 -0.0175126 -0.0467621 -1.64605 0.0149722 0.998421 -0.0541332 0.275008 0.0476363 0.0533655 0.997438 2.28086 0 0 0 1 
7680147070226;1.86707;1.41028;0.998257 -0.0274319 -0.0522528 -2.18295 0.0266801 0.999531 -0.0150306 0.55651 0.0526406 0.0136103 0.998521 2.91591 0 0 0 1 
7680147070227;0.781577;1.05999;0.999818 -0.00645737 -0.0179393 -0.999262 0.00645715 0.999979 -7.04528e-05 -0.273416 0.0179394 -4.53967e-05 0.999839 -0.658502 0 0 0 1 
7680147070228;0.400914;1.05486;0.998341 0.00638844 0.0572312 -0.939122 -0.00795503 0.999599 0.0271872 -0.359243 -0.0570346 -0.0275974 0.997991 -1.13443 0 0 0 1 
7680147070229;0.955663;1.37693;0.999726 -0.00910284 -0.021577 -2.19096 0.00819228 0.999087 -0.0419195 -0.162676 0.0219389 0.0417313 0.998888 0.957235 0 0 0 1 
7680147070230;0.317185;0.947003;0.980901 -0.0449801 -0.189237 -2.06674 0.0363504 0.998145 -0.0488306 0.274957 0.191083 0.0410192 0.980716 3.36211 0 0 0 1 
7680147070231;1.12926;1.47616;0.999981 0.00180607 0.00582219 -1.05181 -0.00184971 0.99997 0.00749976 -0.266458 -0.00580847 -0.00751039 0.999955 -0.974302 0 0 0 1 
7680147070232;1.51388;1.39024;0.999964 -0.000691706 0.00840686 -2.1979 0.00053085 0.999817 0.0191211 -0.929527 -0.00841855 -0.019116 0.999782 -1.44752 0 0 0 1 
7680147070233;1.97376;1.61529;0.990773 -0.0218601 -0.133759 -3.15005 0.0640164 0.945361 0.319679 0.580313 0.119463 -0.325292 0.938037 -2.48431 0 0 0 1 
7680147070234;1.9935;1.19212;0.999739 -0.0121616 -0.0193438 -1.29473 0.0102531 0.995341 -0.0958731 -0.352675 0.0204197 0.0956497 0.995206 -1.29437 0 0 0 1 
7680147070235;1.53051;1.47476;0.986964 -0.0206876 -0.159607 -1.57328 0.0192757 0.99976 -0.0103892 -0.322358 0.159784 0.00717724 0.987126 1.04283 0 0 0 1 
7680147070236;0.104269;1.23651;0.999922 0.000989832 0.0124327 -1.49765 -0.00102121 0.999996 0.00251791 -0.348694 -0.0124302 -0.00253041 0.99992 -0.152187 0 0 0 1 
7680147070237;2.06657;1.3852;0.997471 -0.00660629 -0.0707617 -3.84574 -0.00570038 0.985025 -0.172315 -0.787499 0.0708404 0.172283 0.982497 4.09575 0 0 0 1 
7680147070238;1.4657;1.60939;0.916616 0.0236175 0.39907 -1.02461 -0.124898 0.965201 0.229754 -2.04763 -0.379756 -0.260439 0.887669 -8.78118 0 0 0 1 
7680147070239;0.672786;0.974255;0.992378 0.0145119 0.122376 -0.906886 -0.0227812 0.99753 0.0664467 -0.329028 -0.12111 -0.068728 0.990257 -1.91776 0 0 0 1 
7680147070240;1.69401;1.10775;0.998845 0.00269321 0.0479627 -1.0923 -0.00637708 0.997025 0.0768206 0.189648 -0.0476131 -0.0770378 0.995891 0.479184 0 0 0 1 
7680147070241;1.89764;1.06801;0.996447 -0.00843439 -0.0837937 -0.836383 0.0261108 0.976884 0.212171 -0.260172 0.0800671 -0.213605 0.973633 -3.10803 0 0 0 1 
7680147070242;1.04234;0.951536;0.997946 -0.00515307 -0.0638534 -1.96052 0.00569305 0.99995 0.00827756 -0.101435 0.0638075 -0.00862408 0.997925 1.5804 0 0 0 1 
7680147070243;1.63774;1.43425;0.969719 0.0401494 0.240899 -2.59946 -0.0484822 0.99841 0.0287613 -1.66233 -0.239362 -0.0395698 0.970124 -3.98126 0 0 0 1 
7680147070244;2.23994;1.7541;0.996471 -0.00229233 -0.0839089 -0.846456 0.0200777 0.97712 0.211741 0.594647 0.0815036 -0.212678 0.973717 1.19197 0 0 0 1 
7680147070245;0.410551;1.24744;0.999749 0.00131333 -0.0223875 -1.43678 -0.0012213 0.999991 0.0041242 -0.517022 0.0223927 -0.00409582 0.999741 -0.178475 0 0 0 1 
7680147070246;0.921508;1.08825;0.994609 -0.0184935 -0.102031 -1.43483 0.0134031 0.998642 -0.0503528 -0.248061 0.102823 0.0487139 0.993506 0.885838 0 0 0 1 
7680147070248;1.50847;1.0965;0.973488 -0.00413743 -0.2287 0.153342 0.0726035 0.953722 0.291791 8.78694 0.216909 -0.30066 0.928738 22.8013 0 0 0 1 
7680147070249;1.33018;0.931096;0.997247 0.0496834 0.0550387 2.78242 -0.050037 0.998735 0.00506462 -2.79877 -0.0547174 -0.00780465 0.998471 -3.47129 0 0 0 1 
7680147070250;0.124558;0.688268;0.999819 0.0117082 0.0149707 1.23213 -0.0116975 0.999931 -0.000800305 -0.291747 -0.014979 0.00062504 0.999888 -1.59198 0 0 0 1 
7680147070251;0.53556;1.06971;0.985064 0.0727791 0.156052 -0.0465133 -0.0885417 0.991382 0.0965528 -6.66383 -0.14768 -0.108928 0.983018 -12.1664 0 0 0 1 
7680147070252;1.1295;0.792043;0.989037 0.0867973 0.119462 -0.066983 -0.0783963 0.994222 -0.0733202 -6.20159 -0.125136 0.0631511 0.990128 -9.70542 0 0 0 1 
7680147070253;0.578449;0.661196;0.99853 0.00593938 -0.0538747 1.17328 -0.0055422 0.999956 0.00751882 0.429966 0.053917 -0.00720918 0.998519 5.49203 0 0 0 1 
7680147070254;1.15198;0.656514;0.999849 0.0167061 0.00473992 2.15262 -0.0167195 0.999856 0.00279605 0.0984714 -0.00469253 -0.00287488 0.999985 -2.0199 0 0 0 1 
7680147070255;0.370863;1.02894;0.995286 0.0758307 0.0604598 0.853323 -0.0956133 0.871621 0.480765 -4.91541 -0.0162413 -0.484279 0.874763 2.37925 0 0 0 1 
7680147070256;1.32328;0.96635;0.966509 0.120569 0.226548 -2.27985 -0.0739662 0.97618 -0.203966 -6.19463 -0.245743 0.180378 0.952404 -26.0114 0 0 0 1 
7680147070257;0.807316;0.873395;0.971568 -0.0401027 -0.233339 -0.49272 -0.00861264 0.978912 -0.204101 -0.535956 0.236603 0.200308 0.950734 20.0249 0 0 0 1 
7680147070258;0.260139;0.784337;0.955972 0.142842 0.256348 -3.05497 -0.106528 0.982868 -0.150408 -8.92424 -0.273441 0.116478 0.95481 -25.9997 0 0 0 1 
7680147070259;0.965988;0.883035;0.989487 0.0323965 0.140948 0.427858 -0.0431069 0.996355 0.0736113 -3.04348 -0.138049 -0.0789133 0.987277 -11.6805 0 0 0 1 
7680147070260;0.831214;0.846998;0.998529 0.0492931 -0.0225765 1.4883 -0.0451095 0.98634 0.158424 -1.50447 0.0300774 -0.157173 0.987113 3.63305 0 0 0 1 
7680147070261;1.06706;1.10207;0.984854 0.0650973 0.160704 0.603623 -0.0248111 0.970218 -0.240961 -1.63857 -0.171603 0.233324 0.957138 -19.3347 0 0 0 1 
7680147070262;1.52451;1.4617;0.989831 0.0487135 0.133644 1.81798 -0.0500684 0.998723 0.00679437 -4.17616 -0.133142 -0.0134166 0.991006 -13.8118 0 0 0 1 
7680147070263;1.15131;0.968118;0.997028 0.0644707 0.0421651 0.109091 -0.0632156 0.997535 -0.0304528 -5.59144 -0.0440245 0.0276968 0.998646 -6.26513 0 0 0 1 
7680147070264;1.15529;0.977369;0.998027 0.0614359 0.0129394 0.475232 -0.0613456 0.99809 -0.00726496 -4.43275 -0.013361 0.00645685 0.99989 0.7578 0 0 0 1 
