#;prob_registration_l1 -r /home/probabilistic_point_clouds_registration/build/tester /home/point_clouds_registration_benchmark//devel/registration_pairs/gazebo_winter_local.txt /home/point_clouds_registration_benchmark//eth/gazebo_winter -s 0.2 -t 0.2 -p 0.3 -r 1000 -m 25 -i 40 
id;initial_error;final_error;transformation
38591597440000;0.538033;0.0260274;0.993735 -0.0989475 -0.0519614 -0.394426 0.100618 0.994455 0.0305779 -0.43546 0.0486477 -0.0356146 0.998181 0.549908 0 0 0 1 
38591597440001;0.518725;0.212326;0.980637 0.100163 0.168281 -0.129377 -0.116391 0.989164 0.0894867 0.10796 -0.157494 -0.10734 0.981669 -0.0194105 0 0 0 1 
38591597440002;0.466312;0.032466;0.984055 -0.13298 0.118115 0.0618354 0.137424 0.99005 -0.0302761 -0.297477 -0.112914 0.0460252 0.992538 -0.214547 0 0 0 1 
38591597440003;0.369171;0.0221518;0.979245 0.202675 -0.00164696 -0.170163 -0.202674 0.979246 0.000570257 0.758477 0.00172835 -0.000224625 0.999998 0.384963 0 0 0 1 
38591597440004;0.566929;0.246571;0.942302 0.211119 -0.2598 0.936956 -0.204756 0.97745 0.0516408 0.673821 0.264844 0.00453445 0.964281 -1.60479 0 0 0 1 
38591597440005;0.214626;0.0284957;0.994872 -0.081678 -0.0596587 0.0149595 0.0812604 0.996649 -0.00939653 -0.283397 0.0602262 0.00450045 0.998175 -0.596343 0 0 0 1 
38591597440006;0.296525;0.0283135;0.960603 -0.21786 -0.172563 0.171445 0.239106 0.96433 0.11356 -0.996576 0.141668 -0.150347 0.97843 -0.357565 0 0 0 1 
38591597440007;0.55939;0.0287851;0.989588 0.143891 -0.00321642 0.0779683 -0.143303 0.987132 0.0709575 0.186162 0.0133851 -0.0697578 0.997474 -0.87424 0 0 0 1 
38591597440008;0.573696;0.0254263;0.909561 0.00772962 0.415498 0.311774 -0.111597 0.967645 0.226294 0.473532 -0.400305 -0.252196 0.880995 2.45467 0 0 0 1 
38591597440009;0.226381;0.0188318;0.999413 -0.0291269 0.0180306 0.0542388 0.0284316 0.998885 0.0376852 0.0803548 -0.0191081 -0.0371504 0.999127 -0.25005 0 0 0 1 
38591597440010;0.405479;0.037563;0.934435 -0.111828 0.33812 0.085025 0.225594 0.920511 -0.31901 -0.759431 -0.275568 0.374372 0.885386 1.66781 0 0 0 1 
38591597440011;0.432428;0.186929;0.987481 -0.14685 -0.0575932 0.20876 0.156825 0.953238 0.258348 -0.986137 0.0169617 -0.264146 0.964334 -0.268383 0 0 0 1 
38591597440012;0.493861;0.0462386;0.996241 -0.00519716 -0.0864719 0.340371 0.000531766 0.998547 -0.0538884 -0.236864 0.0866263 0.0536399 0.994796 0.324424 0 0 0 1 
38591597440013;0.489902;0.214316;0.96353 0.194764 0.183512 0.0475933 -0.202849 0.97886 0.0261818 0.364902 -0.174533 -0.0624522 0.982669 0.380845 0 0 0 1 
38591597440014;0.265078;0.0395305;0.950293 -0.0576207 0.305978 -0.0704581 0.0902513 0.991513 -0.0935801 -0.254534 -0.297989 0.116543 0.947428 1.44667 0 0 0 1 
38591597440015;0.50504;0.19445;0.984976 -0.143338 0.0963107 0.0559279 0.124452 0.975844 0.179554 -0.922559 -0.119721 -0.16487 0.979022 0.146762 0 0 0 1 
38591597440016;0.306367;0.0261175;0.961085 0.118202 -0.249687 0.278924 -0.0706614 0.978955 0.191453 0.00635598 0.267062 -0.16636 0.949211 -1.3568 0 0 0 1 
38591597440017;0.306001;0.0272658;0.991979 -0.125832 0.0120368 -0.197551 0.126372 0.989425 -0.0711854 -0.892473 -0.00295214 0.0721355 0.99739 0.108696 0 0 0 1 
38591597440018;0.310987;0.151588;0.994176 0.106675 -0.0152927 0.263477 -0.1069 0.99416 -0.0147902 0.382825 0.0136257 0.0163389 0.999774 -0.29417 0 0 0 1 
38591597440019;0.565481;0.0114791;0.985839 -0.160941 0.0471089 -0.567487 0.145206 0.959783 0.240275 -0.251368 -0.0838845 -0.230032 0.969561 -0.148828 0 0 0 1 
38591597440020;0.471158;0.0355404;0.947529 -0.319276 -0.0158734 -0.0124845 0.310263 0.930468 -0.194847 -1.29698 0.0769796 0.179698 0.980705 0.275511 0 0 0 1 
38591597440021;0.264772;0.193652;0.981107 0.087026 0.172786 -0.0876255 -0.0970603 0.993997 0.0504843 0.200296 -0.167355 -0.0663012 0.983665 0.592266 0 0 0 1 
38591597440022;0.382739;0.0359415;0.994494 -0.0268633 -0.101294 -0.29163 0.0332619 0.997521 0.062018 -0.451184 0.0993772 -0.0650458 0.992922 -0.0711919 0 0 0 1 
38591597440023;0.504596;0.277273;0.992573 0.11739 -0.0319068 0.0595144 -0.118897 0.991628 -0.0503805 0.591202 0.0257256 0.0537999 0.99822 -0.62202 0 0 0 1 
38591597440024;0.223621;0.0255385;0.99722 -0.0535778 0.0517806 -0.0235202 0.0651334 0.964326 -0.25658 0.0593452 -0.0361864 0.25924 0.965135 0.319012 0 0 0 1 
38591597440025;0.497841;0.0236079;0.937584 -0.23114 0.259827 -0.352381 0.265568 0.958265 -0.105835 -1.35168 -0.224521 0.168231 0.959838 0.620246 0 0 0 1 
38591597440026;0.507307;0.013206;0.919151 -0.323195 -0.225181 0.453861 0.332508 0.943093 0.00365288 -0.89111 0.211186 -0.078232 0.97431 -0.603695 0 0 0 1 
38591597440027;0.37107;0.0200963;0.995871 0.0047577 0.0906537 -0.233721 -0.0465408 0.884155 0.464869 0.111559 -0.0779403 -0.467169 0.880726 0.351779 0 0 0 1 
38591597440028;0.144155;0.0295354;0.985988 -0.15794 -0.0536831 0.0383277 0.156512 0.987224 -0.029862 -0.576706 0.0577136 0.0210415 0.998111 -0.152519 0 0 0 1 
38591597440029;0.386592;0.0169874;0.933009 -0.325919 0.152545 0.0537588 0.277422 0.921458 0.27194 -1.45879 -0.229195 -0.211403 0.950147 0.865845 0 0 0 1 
38591597440031;0.613756;0.272562;0.961241 -0.0627975 -0.268462 0.293515 0.0413053 0.995527 -0.0849738 -0.677205 0.272597 0.0705914 0.959535 -1.25287 0 0 0 1 
38591597440032;0.317715;0.0406907;0.935297 0.297283 -0.191942 1.02769 -0.316905 0.945032 -0.0805353 1.44773 0.15745 0.136152 0.978096 -0.426088 0 0 0 1 
38591597440033;0.586776;0.051582;0.92592 -0.100495 0.364105 0.46193 0.0835256 0.994569 0.0621011 0.113908 -0.368369 -0.0270886 0.929285 1.46642 0 0 0 1 
38591597440034;0.22655;0.0455305;0.986303 -0.142099 0.0837572 -0.351359 0.156231 0.967665 -0.198034 -0.958733 -0.0529085 0.208407 0.97661 0.620895 0 0 0 1 
38591597440035;0.489052;0.0298661;0.986773 -0.0889801 0.135506 -0.0182706 0.101768 0.990678 -0.0905581 -1.22482 -0.126185 0.10315 0.986629 0.73212 0 0 0 1 
38591597440036;0.235684;0.042652;0.986395 -0.16435 0.00367347 -0.141739 0.164391 0.986154 -0.0218336 -0.540023 -3.42654e-05 0.0221404 0.999755 -0.0286101 0 0 0 1 
38591597440037;0.200232;0.0365362;0.994558 0.101546 0.0232771 0.156579 -0.101611 0.994823 0.00162979 0.40301 -0.0229911 -0.00398614 0.999728 -0.224784 0 0 0 1 
38591597440038;0.419626;0.205114;0.990762 0.127606 -0.0458964 0.198009 -0.133505 0.977216 -0.165001 0.602576 0.0237956 0.169604 0.985225 0.61582 0 0 0 1 
38591597440039;0.360484;0.0296814;0.998666 -0.0189305 0.0480371 -0.0731327 0.025931 0.98841 -0.149578 -0.250058 -0.0446487 0.150625 0.987582 -0.0776082 0 0 0 1 
38591597440040;0.46013;0.0266843;0.879598 0.236233 -0.412918 1.39697 -0.245131 0.968956 0.0321673 0.941794 0.407699 0.0729249 0.9102 -1.93473 0 0 0 1 
38591597440041;0.266595;0.0331739;0.998431 0.0550587 0.0101755 -0.345428 -0.0551986 0.998377 0.0140254 0.164128 -0.00938675 -0.0145651 0.99985 0.0520907 0 0 0 1 
38591597440042;0.263344;0.0365322;0.966375 0.214607 -0.141643 0.59623 -0.199196 0.973142 0.115393 0.470736 0.162603 -0.0832977 0.983169 -0.724137 0 0 0 1 
38591597440043;0.518284;0.047456;0.962067 0.267802 -0.0520542 1.01416 -0.260744 0.958736 0.113309 1.07322 0.0802505 -0.0954379 0.992195 -1.28171 0 0 0 1 
38591597440044;0.328581;0.0353779;0.963418 0.251807 0.0917547 0.551277 -0.243858 0.965661 -0.0896211 1.24399 -0.111171 0.0639674 0.99174 0.920763 0 0 0 1 
38591597440045;0.358212;0.0445292;0.978095 0.163214 0.129194 0.108744 -0.167237 0.985696 0.0208547 0.913379 -0.123943 -0.042004 0.9914 0.867344 0 0 0 1 
38591597440046;0.061941;0.0502059;0.9994 -0.00852172 0.0335711 -0.0125675 0.00764992 0.999632 0.0260122 -0.0527504 -0.0337804 -0.0257398 0.999098 0.0687264 0 0 0 1 
38591597440047;0.281023;0.0346405;0.983205 0.167407 -0.0726817 0.550505 -0.158879 0.981095 0.1105 0.409806 0.0898061 -0.0970965 0.991215 -0.946577 0 0 0 1 
38591597440048;0.595102;0.0405417;0.987209 0.0473779 -0.152228 -0.0065401 0.00151979 0.951985 0.306142 -0.878636 0.159423 -0.302458 0.939736 -2.03548 0 0 0 1 
38591597440049;0.461067;0.0383785;0.898144 0.124964 -0.42157 0.956327 -0.206971 0.966058 -0.154583 0.821158 0.387943 0.22609 0.893523 -1.62614 0 0 0 1 
38591597440050;0.266343;0.0328892;0.998812 0.0118775 -0.0472654 0.0433172 -0.025752 0.952019 -0.304954 0.191792 0.0413754 0.305809 0.951193 0.140796 0 0 0 1 
38591597440051;0.432966;0.0477244;0.925804 0.191314 -0.326015 1.11016 -0.190081 0.98111 0.0359552 1.07367 0.326735 0.0286817 0.944681 -1.20745 0 0 0 1 
38591597440052;0.0767887;0.0426758;0.994952 -0.0132463 0.0994729 -0.0502948 0.0159175 0.999532 -0.0261078 -0.110424 -0.0990805 0.0275593 0.994698 0.430355 0 0 0 1 
38591597440053;0.465189;0.236365;0.988897 0.123688 -0.0823602 0.461569 -0.117113 0.989859 0.0803923 0.764951 0.0914686 -0.0698543 0.993355 -0.434468 0 0 0 1 
38591597440054;0.503874;0.0469238;0.9971 0.0493949 0.0578897 -0.746562 -0.0539559 0.995328 0.0800712 0.147378 -0.0536641 -0.0829625 0.995107 0.223945 0 0 0 1 
38591597440055;0.362809;0.0495678;0.994765 -0.101772 0.0092471 -0.213524 0.10178 0.994807 -0.000395676 -0.573497 -0.00915881 0.00133477 0.999957 -0.561072 0 0 0 1 
38591597440056;0.349297;0.0479769;0.953126 0.27867 0.117874 0.607037 -0.30203 0.899594 0.315451 0.842098 -0.0181325 -0.336266 0.941593 -0.361757 0 0 0 1 
38591597440057;0.335627;0.0464044;0.926505 -0.0181369 -0.375845 0.542662 0.0358524 0.998548 0.0401945 -0.149125 0.37457 -0.0507154 0.925811 -1.68441 0 0 0 1 
38591597440058;0.689618;0.507149;0.995554 0.0869685 -0.0361641 -0.0136035 -0.0870815 0.9962 -0.00155836 0.413036 0.0358912 0.00470065 0.999345 -0.503604 0 0 0 1 
38591597440059;0.45308;0.037204;0.999951 0.0079926 0.00589254 -0.378001 -0.00794126 0.999931 -0.00868645 -0.373262 -0.00596156 0.00863923 0.999945 -0.549443 0 0 0 1 
38591597440060;0.265486;0.0520534;0.995845 -0.0883225 0.022191 -0.0175653 0.0867703 0.994222 0.0631975 -0.67616 -0.0276445 -0.0610093 0.997754 0.29021 0 0 0 1 
38591597440062;0.128316;0.0523505;0.997028 -0.0769019 0.00454041 -0.262187 0.0753979 0.986222 0.147245 -0.51507 -0.0158013 -0.146466 0.98909 -0.41836 0 0 0 1 
38591597440063;0.451456;0.0508712;0.996208 -0.0347025 0.0797782 -0.271481 0.00763787 0.948347 0.317143 -0.524242 -0.0866631 -0.315331 0.945016 0.191437 0 0 0 1 
38591597440064;0.130373;0.0457131;0.997789 0.0664608 -0.000615388 0.00967043 -0.0662637 0.994026 -0.0867304 0.185644 -0.00515246 0.0865794 0.996232 0.166939 0 0 0 1 
38591597440065;0.480669;0.0575488;0.950635 0.0786926 0.300167 -0.100096 -0.0567898 0.995093 -0.0810219 0.376038 -0.30507 0.0599758 0.950439 0.864057 0 0 0 1 
38591597440066;0.373674;0.0489663;0.918261 0.0298064 0.394851 0.0918367 -0.0713708 0.99329 0.0909977 0.3787 -0.38949 -0.11174 0.914227 1.66451 0 0 0 1 
38591597440067;0.212733;0.0707951;0.984662 0.139472 0.104824 0.234291 -0.162577 0.951512 0.261141 0.405981 -0.063319 -0.274177 0.959592 -0.393048 0 0 0 1 
38591597440068;0.0642751;0.0381937;0.998376 -0.0391714 -0.0413757 -0.122953 0.0366952 0.997583 -0.059001 -0.106481 0.0435869 0.0573868 0.9974 -0.0409339 0 0 0 1 
38591597440069;0.225205;0.0399253;0.994037 -0.0498638 -0.0969763 -0.110956 0.0420466 0.995823 -0.0810473 -0.157572 0.100613 0.0764865 0.991981 -0.64375 0 0 0 1 
38591597440070;0.596655;0.0428674;0.983097 -0.136244 0.122304 -1.06003 0.1487 0.983891 -0.0992356 -0.00742798 -0.106814 0.115745 0.987519 0.473493 0 0 0 1 
38591597440071;0.538974;0.0518539;0.968156 0.203537 0.145764 0.2378 -0.23109 0.950519 0.207632 1.20194 -0.0962901 -0.234705 0.967286 0.429803 0 0 0 1 
38591597440072;0.398938;0.0373728;0.98626 0.0846174 -0.141882 0.373996 -0.130728 0.924852 -0.357154 0.921221 0.100998 0.370795 0.923207 0.190245 0 0 0 1 
38591597440073;0.454646;0.0434484;0.97166 0.235784 0.0168419 0.156529 -0.235774 0.971805 -0.00260037 0.73965 -0.0169802 -0.00144421 0.999855 -0.322919 0 0 0 1 
38591597440074;0.403252;0.0477774;0.995168 -0.0981709 0.00180326 0.329915 0.0981639 0.994359 -0.0401644 -0.363194 0.0021499 0.0401474 0.999191 0.265502 0 0 0 1 
38591597440075;0.606683;0.0795169;0.998669 -0.0440639 -0.0268208 0.281041 0.0301639 0.920609 -0.38932 0.0149628 0.0418464 0.387992 0.920712 1.51633 0 0 0 1 
38591597440076;0.528752;0.0415754;0.9993 0.0222378 -0.0300703 -0.617154 -0.0214975 0.999463 0.0247204 0.234963 0.0306039 -0.0240567 0.999242 0.309031 0 0 0 1 
38591597440077;0.46683;0.429786;0.970589 0.0791073 0.227374 -0.551185 -0.121878 0.975956 0.180707 0.398155 -0.207612 -0.203105 0.956894 0.320545 0 0 0 1 
38591597440078;0.164495;0.0327077;0.999948 -0.00883538 0.00511102 -0.298533 0.00888347 0.999916 -0.00946578 -0.0915998 -0.00502696 0.00951069 0.999942 0.0816694 0 0 0 1 
38591597440079;0.383028;0.0566185;0.935496 0.0710368 0.346122 0.462592 -0.125224 0.982655 0.136777 0.369142 -0.330402 -0.171297 0.928166 0.6125 0 0 0 1 
38591597440080;0.593423;0.331326;0.997421 -0.0503643 -0.0511404 0.0139719 0.0526308 0.997645 0.0439833 -0.361852 0.0488048 -0.0465614 0.997722 0.325544 0 0 0 1 
38591597440081;0.611108;0.0510736;0.939232 -0.010033 -0.343137 0.928041 -0.105082 0.943187 -0.315208 0.463693 0.326805 0.332111 0.884817 -1.17783 0 0 0 1 
38591597440082;0.502695;0.384891;0.997734 0.0592727 0.0318224 -0.434244 -0.0624971 0.991704 0.112328 0.0719598 -0.0249004 -0.114062 0.993161 -0.70443 0 0 0 1 
38591597440083;0.715049;0.184685;0.962711 -0.22059 0.156613 -0.415349 0.242103 0.960828 -0.13489 -1.12837 -0.120723 0.167776 0.978405 1.88427 0 0 0 1 
38591597440084;0.378082;0.0509034;0.988499 -0.0085286 0.150985 -0.242216 -0.0206737 0.981414 0.190788 -0.0471439 -0.149806 -0.191715 0.96995 -0.419251 0 0 0 1 
38591597440085;0.428084;0.45019;0.998867 0.0338976 0.0334011 -0.115982 -0.0347233 0.999098 0.0244591 0.0117399 -0.0325419 -0.0255912 0.999143 0.135616 0 0 0 1 
38591597440086;0.348552;0.220452;0.987974 0.111839 -0.106767 0.174783 -0.129783 0.975166 -0.179463 0.662926 0.0840444 0.191161 0.977954 0.284471 0 0 0 1 
38591597440087;0.456571;0.0438046;0.971393 -0.235713 -0.0289019 -0.993822 0.236412 0.971363 0.0237275 -1.2736 0.0224813 -0.0298814 0.999301 -0.680245 0 0 0 1 
38591597440088;0.581918;0.0430828;0.991691 0.0448868 0.120557 -0.443365 -0.0475314 0.998686 0.0191502 0.548149 -0.119539 -0.0247213 0.992522 -0.313344 0 0 0 1 
38591597440089;0.343578;0.0387321;0.974972 -0.184111 -0.124634 -0.275155 0.14015 0.944122 -0.298315 -0.461871 0.172593 0.273381 0.946295 -0.413906 0 0 0 1 
38591597440090;0.290589;0.0468002;0.99422 -0.104352 0.0252407 -0.26488 0.10413 0.994514 0.00997699 -0.133919 -0.0261433 -0.00729102 0.999632 0.35405 0 0 0 1 
38591597440091;0.344699;0.345578;0.99939 -0.00393515 0.034695 -0.168709 0.0045922 0.999811 -0.0188784 -0.0952271 -0.0346142 0.0190262 0.99922 0.163231 0 0 0 1 
38591597440093;0.395285;0.0375175;0.922129 -0.324384 0.210839 -0.047294 0.335896 0.941681 -0.0202685 -0.101712 -0.191969 0.0895103 0.977311 -0.211626 0 0 0 1 
38591597440094;0.48271;0.0201115;0.899903 0.0986114 0.424795 0.0420516 -0.133005 0.98975 0.0520029 0.45657 -0.415312 -0.103297 0.903795 -0.122418 0 0 0 1 
38591597440095;0.208258;0.0215097;0.966495 0.256621 -0.00569832 -0.124751 -0.256319 0.966065 0.0319201 0.25553 0.0136963 -0.0293901 0.999474 0.00535125 0 0 0 1 
38591597440096;0.348707;0.031357;0.904817 0.36673 -0.216368 0.0281805 -0.32596 0.923512 0.20218 0.312 0.273964 -0.112409 0.955148 -0.0519667 0 0 0 1 
38591597440097;0.0996698;0.0199571;0.9959 -0.0845557 -0.0321509 0.0504066 0.0843961 0.996412 -0.00629223 -0.137398 0.0325676 0.00355303 0.999463 0.0857617 0 0 0 1 
38591597440098;0.341585;0.0295355;0.91878 -0.297308 0.259714 0.179038 0.26626 0.952418 0.148343 -0.451791 -0.29146 -0.0671427 0.954224 0.426515 0 0 0 1 
38591597440099;0.517514;0.0239638;0.867733 0.254398 0.42699 -0.637251 -0.281392 0.959593 0.000128415 0.575584 -0.409704 -0.120263 0.904256 0.511121 0 0 0 1 
38591597440100;0.554576;0.0222424;0.899744 0.240956 0.363869 -0.816631 -0.226274 0.970507 -0.0831643 -0.320655 -0.373176 -0.00750749 0.92773 0.371832 0 0 0 1 
38591597440101;0.308911;0.0188413;0.997393 0.0114636 -0.0712515 0.418224 -0.0127252 0.99977 -0.0172763 -0.198591 0.0710371 0.0181379 0.997309 -0.67546 0 0 0 1 
38591597440102;0.281264;0.0247907;0.965265 0.22781 0.127927 -0.117298 -0.250332 0.946603 0.203168 0.488122 -0.0748125 -0.228136 0.970751 0.057283 0 0 0 1 
38591597440103;0.458862;0.0311428;0.941133 -0.323601 0.0977274 0.715118 0.304349 0.936973 0.171622 -0.797003 -0.147105 -0.131776 0.980304 -0.0606502 0 0 0 1 
38591597440104;0.179607;0.0267771;0.980269 0.0458454 -0.192278 0.138945 -0.0355726 0.997766 0.0565451 -0.149177 0.194441 -0.0485896 0.97971 -0.247942 0 0 0 1 
38591597440105;0.407802;0.271829;0.988657 -0.131874 -0.0718774 0.229458 0.132346 0.991202 0.00182521 -0.299468 0.0710043 -0.0113172 0.997412 -0.145374 0 0 0 1 
38591597440106;0.119513;0.020707;0.997987 -0.00765144 0.0629564 -0.128652 0.0113309 0.998235 -0.0582974 0.0796846 -0.0623992 0.0588934 0.996312 -0.130941 0 0 0 1 
38591597440107;0.268114;0.0287058;0.957374 -0.288466 -0.0149444 0.015106 0.286546 0.954983 -0.0768023 -0.127297 0.0364264 0.0692462 0.996934 0.0673515 0 0 0 1 
38591597440108;0.407271;0.0245075;0.924558 0.358861 -0.128108 -0.338697 -0.33866 0.927987 0.155402 0.37368 0.17465 -0.100293 0.979509 0.326405 0 0 0 1 
38591597440109;0.443389;0.0186696;0.975158 0.161337 0.151783 -0.719621 -0.185185 0.969764 0.158946 -0.526936 -0.121549 -0.183105 0.97555 0.0970597 0 0 0 1 
38591597440110;0.432632;0.0272281;0.973336 -0.0712161 0.218048 -0.612615 0.128011 0.957433 -0.258718 0.426434 -0.190342 0.279732 0.941021 0.0407682 0 0 0 1 
38591597440111;0.338245;0.0240692;0.911276 0.348215 -0.219825 0.0673725 -0.342588 0.937269 0.0645025 0.149786 0.228496 0.0165299 0.973405 -0.0139322 0 0 0 1 
38591597440112;0.277197;0.0202651;0.97078 0.135782 0.197861 -0.335517 -0.0993635 0.977964 -0.183614 -0.0665021 -0.218433 0.158589 0.962879 0.244662 0 0 0 1 
38591597440113;0.357829;0.220244;0.996038 0.0888869 0.0028334 -0.314242 -0.0889212 0.994914 0.0473251 -0.170767 0.0013876 -0.0473896 0.998876 -0.517681 0 0 0 1 
38591597440114;0.246214;0.0173204;0.974297 0.221446 0.0413211 -0.156582 -0.214448 0.967927 -0.130883 0.48154 -0.0689793 0.118658 0.990536 -0.0440027 0 0 0 1 
38591597440115;0.388473;0.0254863;0.881576 -0.355942 0.310047 0.161614 0.379696 0.924941 -0.0177563 -0.397122 -0.280455 0.133377 0.950555 0.331999 0 0 0 1 
38591597440116;0.336493;0.0277909;0.94231 -0.298857 0.150789 0.284809 0.333002 0.882792 -0.331342 6.33498e-05 -0.0340915 0.36244 0.931383 -0.207053 0 0 0 1 
38591597440117;0.374866;0.0227302;0.999703 0.0230734 -0.00780136 0.826317 -0.0228577 0.999382 0.0266868 -0.212499 0.00841229 -0.0265005 0.999613 0.233379 0 0 0 1 
38591597440118;0.178075;0.0179964;0.985613 -0.136107 0.100212 0.0568373 0.156198 0.959999 -0.232388 0.0195987 -0.0645743 0.244697 0.967447 -0.0198853 0 0 0 1 
38591597440119;0.473817;0.0222561;0.983908 -0.176218 0.0295371 1.04826 0.176538 0.984256 -0.0085906 -0.377565 -0.0275582 0.0136668 0.999527 0.38091 0 0 0 1 
38591597440120;0.215098;0.021622;0.969075 -0.246419 0.0130808 0.228614 0.246286 0.969135 0.0109751 -0.326569 -0.0153815 -0.00741409 0.999854 0.0134263 0 0 0 1 
38591597440121;0.418127;0.0232634;0.992052 0.0918849 0.0859696 0.0337963 -0.0975254 0.993181 0.0638822 -0.0182629 -0.0795136 -0.0717586 0.994248 1.06745 0 0 0 1 
38591597440122;0.192825;0.0245519;0.971976 0.233107 0.030402 -0.142963 -0.235072 0.964863 0.117386 0.15936 -0.00197039 -0.121243 0.992621 0.108446 0 0 0 1 
38591597440124;0.0779043;0.0416116;0.999394 0.0159979 -0.0309056 0.045945 -0.0165045 0.999732 -0.0162071 0.086305 0.0306381 0.0167074 0.999391 0.136623 0 0 0 1 
38591597440125;0.14453;0.0420852;0.998831 0.0103576 -0.0472169 0.128928 0.00101044 0.972088 0.234613 -0.181808 0.048329 -0.234387 0.970941 -0.569932 0 0 0 1 
38591597440126;0.34028;0.0455695;0.951775 -0.159647 0.261985 -0.683414 0.193465 0.975071 -0.108662 -0.23089 -0.238107 0.154107 0.958935 0.291089 0 0 0 1 
38591597440127;0.280733;0.0317939;0.974902 -0.111991 0.192419 -0.506191 0.107928 0.993659 0.0315038 0.241138 -0.194727 -0.00994577 0.980807 0.267576 0 0 0 1 
38591597440128;0.300881;0.0503689;0.934222 0.354284 -0.0413815 0.963994 -0.338847 0.917725 0.207276 0.058357 0.111412 -0.17962 0.977407 -0.551652 0 0 0 1 
38591597440129;0.231531;0.0383624;0.958185 0.087848 -0.272332 0.512429 -0.0268351 0.975102 0.220127 0.00196529 0.284889 -0.203615 0.936685 -0.71466 0 0 0 1 
38591597440130;0.346361;0.220822;0.998631 -0.0480641 0.0206214 -0.128457 0.0479924 0.99884 0.0039542 -0.267874 -0.0207876 -0.00295912 0.99978 -0.193088 0 0 0 1 
38591597440131;0.336968;0.381721;0.990253 -0.123591 0.0642137 -0.0302507 0.123997 0.99228 -0.00236537 0.383346 -0.0634256 0.0103046 0.997933 0.161531 0 0 0 1 
38591597440132;0.344656;0.0626096;0.90301 0.353851 -0.243644 1.16517 -0.369776 0.928873 -0.0214626 0.192291 0.21872 0.109475 0.969627 0.222612 0 0 0 1 
38591597440133;0.350181;0.044439;0.98876 0.148521 0.0171775 0.238857 -0.145904 0.9836 -0.106038 -0.405265 -0.0326447 0.10234 0.994214 0.487226 0 0 0 1 
38591597440134;0.561974;0.261568;0.944199 -0.226991 0.238669 -0.0190793 0.232397 0.972605 0.00563161 0.286749 -0.233409 0.0501486 0.971085 0.964496 0 0 0 1 
38591597440135;0.216019;0.0371376;0.97905 -0.0335317 -0.200842 0.184085 0.05992 0.990118 0.126787 -0.238784 0.194606 -0.136166 0.971384 -0.570073 0 0 0 1 
38591597440136;0.499684;0.287754;0.994712 -0.102482 0.00667698 0.170888 0.102172 0.994092 0.0366447 -0.0581131 -0.010393 -0.0357687 0.999306 -0.745972 0 0 0 1 
38591597440137;0.297035;0.0455948;0.995039 0.0981412 0.0162864 0.109688 -0.0970746 0.993654 -0.0568165 0.723605 -0.0217591 0.0549536 0.998252 0.124129 0 0 0 1 
38591597440138;0.314957;0.0449617;0.939648 0.268102 0.212563 0.728305 -0.276097 0.961094 0.00829146 0.345962 -0.20207 -0.066479 0.977112 -0.10889 0 0 0 1 
38591597440139;0.155913;0.0377804;0.994617 -0.00617412 0.103436 0.151473 0.0227217 0.986924 -0.159578 0.154531 -0.101098 0.161069 0.981752 0.620128 0 0 0 1 
38591597440140;0.442404;0.0439904;0.983641 -0.0665506 0.167394 -0.133816 0.0144245 0.955369 0.295064 -0.223758 -0.179559 -0.287822 0.9407 0.172022 0 0 0 1 
38591597440141;0.257242;0.0401407;0.976865 0.168705 -0.131432 0.768317 -0.107742 0.919114 0.378973 -0.363471 0.184736 -0.356045 0.916027 -1.08962 0 0 0 1 
38591597440142;0.222719;0.0341347;0.978132 0.119694 0.170094 0.247217 -0.122465 0.992456 0.00585576 0.163891 -0.168109 -0.0265583 0.985411 0.284406 0 0 0 1 
38591597440143;0.482302;0.0383396;0.94166 0.177092 -0.286206 0.825367 -0.0923893 0.953721 0.286147 -0.799182 0.323635 -0.243011 0.914443 -0.771932 0 0 0 1 
38591597440144;0.255934;0.0355202;0.99708 0.0744211 -0.0171315 0.319945 -0.0741605 0.997128 0.0153766 0.323649 0.0182266 -0.0140613 0.999735 -0.534771 0 0 0 1 
38591597440145;0.370694;0.401995;0.966747 -0.105052 -0.233163 0.29175 0.0903731 0.993243 -0.0728024 0.564445 0.239236 0.0493098 0.969709 -0.102875 0 0 0 1 
38591597440146;0.299941;0.0502376;0.996079 0.064693 -0.0603399 0.251174 -0.0701746 0.993129 -0.0936517 -0.104454 0.0538667 0.0975188 0.993775 0.769241 0 0 0 1 
38591597440147;0.410512;0.0485518;0.983631 -0.177467 0.0312338 -0.746515 0.177527 0.984115 0.000854474 0.167428 -0.0308893 0.00470438 0.999512 -0.614173 0 0 0 1 
38591597440148;0.471802;0.424054;0.969882 -0.188697 -0.154018 0.203689 0.196861 0.979637 0.0394642 0.319045 0.143435 -0.0685959 0.98728 -0.132165 0 0 0 1 
38591597440149;0.337741;0.031336;0.999964 0.00247702 -0.00809159 0.133528 -0.00250499 0.999991 -0.00344775 0.256411 0.00808297 0.00346789 0.999961 -0.692583 0 0 0 1 
38591597440150;0.131256;0.0492796;0.998656 -0.0517688 -0.00232818 -0.169437 0.0517544 0.998643 -0.00585686 0.0948125 0.00262822 0.0057285 0.99998 -0.206747 0 0 0 1 
38591597440151;0.387023;0.336669;0.993035 -0.0683587 -0.0959599 0.152964 0.0703566 0.997367 0.0175893 0.0340253 0.0945049 -0.0242182 0.99523 0.270999 0 0 0 1 
38591597440152;0.263342;0.233165;0.988067 -0.153938 -0.00520915 -0.186154 0.154009 0.987898 0.0184013 0.189902 0.00231345 -0.018984 0.999817 0.0240186 0 0 0 1 
38591597440153;0.441403;0.0506534;0.989748 0.132243 -0.0539504 0.438157 -0.122973 0.981158 0.149018 0.588474 0.0726404 -0.140856 0.987362 0.246599 0 0 0 1 
38591597440155;0.258376;0.00659764;0.998798 0.042038 0.0252024 -0.593296 -0.0431154 0.998107 0.0438515 0.25068 -0.0233113 -0.0448854 0.99872 0.514967 0 0 0 1 
38591597440156;0.221561;0.00937716;0.999772 0.010246 -0.0187502 0.0443103 -0.0116417 0.997047 -0.0759076 0.0141075 0.0179171 0.0761086 0.996939 -0.701998 0 0 0 1 
38591597440157;0.430412;0.267815;0.988725 -0.117439 -0.0929067 0.423961 0.101322 0.981509 -0.162401 0.0943599 0.110261 0.151156 0.982341 -0.435244 0 0 0 1 
38591597440158;0.209175;0.00571391;0.987539 0.0359343 0.153214 -0.101965 -0.0422926 0.998365 0.0384431 0.194742 -0.151582 -0.0444439 0.987445 0.639487 0 0 0 1 
38591597440159;0.222826;0.00815029;0.963453 -0.223111 -0.148258 -0.00342243 0.213182 0.973732 -0.0799911 -0.233332 0.162211 0.0454616 0.985708 -0.229587 0 0 0 1 
38591597440160;0.348174;0.00832975;0.997836 0.0480553 -0.0448777 -0.252163 -0.0512294 0.996053 -0.0724834 0.912309 0.0412174 0.0746256 0.996359 -0.550435 0 0 0 1 
38591597440161;0.528254;0.365214;0.995287 -0.085221 -0.0462758 0.368789 0.0835489 0.995819 -0.0369436 -0.405228 0.0492306 0.0329032 0.998245 0.0989858 0 0 0 1 
38591597440162;0.274646;0.00652574;0.997574 -0.0688528 -0.0102215 -0.728452 0.0689235 0.997599 0.00672512 -0.0223842 0.0097339 -0.00741331 0.999925 -0.135021 0 0 0 1 
38591597440163;0.298037;0.00884162;0.962217 -0.269816 -0.0365665 0.584926 0.271406 0.961198 0.0493744 -0.157386 0.0218257 -0.0574333 0.998111 -0.267774 0 0 0 1 
38591597440164;0.263298;0.00645311;0.976455 0.183867 -0.112825 -0.26766 -0.179289 0.982548 0.0495484 0.0824127 0.119966 -0.0281535 0.992379 0.539331 0 0 0 1 
38591597440165;0.352749;0.00861881;0.978048 0.206406 -0.0286039 -0.59549 -0.207806 0.955964 -0.207243 0.608993 -0.0154319 0.208638 0.977871 -0.419846 0 0 0 1 
38591597440166;0.206209;0.0138068;0.982997 -0.181065 0.0305208 0.323149 0.182443 0.981898 -0.0509057 0.181495 -0.020751 0.0556084 0.998237 -0.197535 0 0 0 1 
38591597440167;0.319448;0.0088154;0.999943 -0.00360084 0.0100802 0.335115 0.0036299 0.999989 -0.00286612 -0.454426 -0.0100698 0.00290255 0.999945 -0.755467 0 0 0 1 
38591597440168;0.116047;0.00711796;0.99978 0.0161603 -0.0133856 -0.0129688 -0.0177884 0.991075 -0.132116 0.13508 0.0111311 0.132325 0.991144 -0.212597 0 0 0 1 
38591597440169;0.218803;0.010718;0.997564 -0.0258 0.0648039 -0.00645924 0.00930191 0.969986 0.242984 -0.220276 -0.0691279 -0.24179 0.967863 0.477341 0 0 0 1 
38591597440170;0.167043;0.00921051;0.999652 0.00788538 -0.0251931 0.0615527 -0.0077711 0.999959 0.00463073 -0.0917571 0.0252285 -0.00443334 0.999672 -0.484404 0 0 0 1 
38591597440171;0.339075;0.00866494;0.962361 -0.253098 0.0990099 0.454834 0.254816 0.966977 -0.0048983 0.0743223 -0.0945006 0.0299432 0.995074 0.671807 0 0 0 1 
38591597440172;0.374586;0.00680917;0.976432 -0.0878769 -0.197123 1.05505 0.0513647 0.981729 -0.183221 0.0976622 0.209622 0.168778 0.963106 -0.0371743 0 0 0 1 
38591597440173;0.118391;0.00630708;0.997765 0.0259698 0.0615698 -0.301797 -0.023718 0.999033 -0.0370262 0.0237049 -0.0624718 0.0354831 0.997416 0.169826 0 0 0 1 
38591597440174;0.158802;0.00901306;0.992951 -0.0384344 0.112124 -0.123735 0.015459 0.979881 0.198985 -0.0916729 -0.117516 -0.195849 0.973567 0.19768 0 0 0 1 
38591597440175;0.263758;0.0101048;0.963586 0.182937 0.195026 -0.544985 -0.198183 0.978228 0.0615906 0.0732666 -0.179513 -0.0979987 0.978862 0.358688 0 0 0 1 
38591597440176;0.174741;0.00795771;0.998599 -0.0523201 0.00795793 0.0789084 0.0501029 0.98308 0.176191 -0.353949 -0.0170416 -0.175546 0.984324 0.156499 0 0 0 1 
38591597440177;0.253101;0.0109482;0.99269 0.118226 0.0242597 -0.595745 -0.117565 0.992696 -0.0270818 -0.31787 -0.0272843 0.0240317 0.999339 -0.193532 0 0 0 1 
38591597440178;0.247175;0.00643218;0.996593 0.0770787 0.0293479 -0.35592 -0.0755519 0.995888 -0.0499941 -0.555539 -0.0330807 0.0476065 0.998318 -0.167732 0 0 0 1 
38591597440179;0.388374;0.344884;0.996998 -0.0730088 0.0257858 -0.0825244 0.0739824 0.996494 -0.0390705 0.0713335 -0.0228429 0.0408609 0.998904 0.0618273 0 0 0 1 
38591597440180;0.287474;0.00835422;0.90661 0.29014 -0.306394 -0.0502073 -0.275038 0.956984 0.0923865 0.218145 0.320019 0.000511587 0.947411 -0.338457 0 0 0 1 
38591597440181;0.269146;0.00780308;0.998841 -0.0338185 0.0342523 0.222531 0.0303389 0.994777 0.0974591 -0.749083 -0.0373694 -0.0963069 0.99465 -0.129973 0 0 0 1 
38591597440182;0.36237;0.00704329;0.950685 0.284164 0.124289 -0.742772 -0.30002 0.94416 0.136198 0.102806 -0.0786459 -0.16677 0.982854 -0.155103 0 0 0 1 
38591597440183;0.418551;0.214814;0.991323 -0.130645 -0.0145356 0.532731 0.126681 0.979009 -0.159669 -0.264922 0.0350903 0.156442 0.987064 -0.13798 0 0 0 1 
38591597440184;0.369769;0.00771584;0.999582 -0.0225345 0.0181288 -0.806606 0.0249709 0.98869 -0.147878 -0.0662648 -0.0145914 0.148269 0.988839 -0.694688 0 0 0 1 
38591597440186;0.226268;0.0503071;0.999965 -0.00625892 0.00559603 -0.106975 0.00618583 0.999897 0.0129837 -0.294907 -0.00567671 -0.0129486 0.9999 0.0630906 0 0 0 1 
38591597440187;0.539163;0.215585;0.976097 -0.198572 0.0883443 0.379076 0.19753 0.980083 0.0204688 -1.02792 -0.0906493 -0.00252892 0.99588 0.747598 0 0 0 1 
38591597440188;0.243538;0.0437268;0.972123 0.175899 0.155034 -0.22238 -0.198589 0.96921 0.145583 0.524549 -0.124653 -0.172312 0.977123 0.458557 0 0 0 1 
38591597440189;0.327282;0.0727562;0.998512 -0.0110071 -0.0534013 0.17045 0.0139433 0.998393 0.0549261 -0.180423 0.0527109 -0.055589 0.997061 -0.585381 0 0 0 1 
38591597440190;0.477387;0.0392966;0.944148 0.109652 0.310743 -0.110765 -0.187725 0.954005 0.233737 0.424249 -0.270821 -0.279017 0.921307 1.39382 0 0 0 1 
38591597440191;0.452785;0.0517568;0.992454 0.00410853 0.122552 -0.0485568 -0.0587218 0.893307 0.445595 -0.0915181 -0.107646 -0.449429 0.886807 0.937013 0 0 0 1 
38591597440192;0.627235;0.403721;0.9988 -0.0481561 0.00887171 0.274071 0.0471865 0.994969 0.0883712 -0.492843 -0.0130827 -0.0878466 0.996048 0.689665 0 0 0 1 
38591597440193;0.3706;0.0479983;0.999919 0.00134743 0.0126886 -0.111179 0.000499828 0.98951 -0.144466 0.202219 -0.0127502 0.144461 0.989428 -0.486353 0 0 0 1 
38591597440194;0.358294;0.162132;0.992203 0.0737407 0.100478 0.0936352 -0.0759344 0.996947 0.0181807 -0.0833845 -0.0988307 -0.0256687 0.994773 0.147079 0 0 0 1 
38591597440195;0.380792;0.0371185;0.932573 0.297192 -0.2049 0.0517162 -0.298638 0.95405 0.0245668 0.813872 0.202786 0.0382806 0.978475 -0.287029 0 0 0 1 
38591597440196;0.614704;0.59638;0.993647 -0.0790167 -0.0801356 0.0208015 0.0924333 0.979203 0.180602 -0.373781 0.0641984 -0.186862 0.980286 0.28531 0 0 0 1 
38591597440197;0.540834;0.163824;0.975689 0.199513 -0.0906993 0.386625 -0.203018 0.97868 -0.0311269 0.641501 0.0825554 0.0487838 0.995392 0.00322277 0 0 0 1 
38591597440198;0.653732;0.0432193;0.97274 0.229989 -0.0296809 0.0719386 -0.22942 0.935784 -0.267721 0.300378 -0.033798 0.267232 0.963039 0.523522 0 0 0 1 
38591597440199;0.0659977;0.0396586;0.999738 -0.0193603 0.0122098 -0.0513963 0.0194605 0.999777 -0.00814312 -0.0720112 -0.0120494 0.00837859 0.999892 0.0020651 0 0 0 1 
38591597440200;0.599375;0.0544911;0.998228 0.0576864 -0.0145727 0.504237 -0.0576622 0.998334 0.00207769 0.709337 0.0146683 -0.00123371 0.999892 0.112257 0 0 0 1 
38591597440201;0.617035;0.0328911;0.995598 0.0532093 0.0771577 0.40249 -0.0336773 0.971339 -0.2353 0.20146 -0.0874664 0.231666 0.968855 -0.524994 0 0 0 1 
38591597440202;0.728849;0.268883;0.922269 0.0253417 -0.385716 0.739944 0.0699956 0.970404 0.231119 -0.677165 0.380158 -0.240153 0.8932 0.0647818 0 0 0 1 
38591597440203;0.628996;0.0271886;0.95911 0.281035 -0.0335688 0.735207 -0.279989 0.959446 0.0327041 0.903016 0.0413984 -0.021968 0.998901 0.118145 0 0 0 1 
38591597440204;0.361491;0.0835761;0.973039 -0.229426 -0.0236187 0.0382006 0.230218 0.972339 0.0394436 -0.686818 0.013916 -0.0438176 0.998943 0.259424 0 0 0 1 
38591597440205;0.426394;0.0387898;0.979994 0.147042 0.134131 -0.413505 -0.173054 0.962412 0.20932 0.272406 -0.0983104 -0.228344 0.968604 0.719193 0 0 0 1 
38591597440206;0.39785;0.0375748;0.982191 0.0964144 0.161258 -0.0137809 -0.149452 0.921064 0.35959 0.260691 -0.113859 -0.377286 0.919071 0.842461 0 0 0 1 
38591597440207;0.654746;0.0507923;0.98828 0.147259 0.0402219 -0.556685 -0.149435 0.987077 0.0578712 -0.210641 -0.03118 -0.0632035 0.997513 0.45219 0 0 0 1 
38591597440208;0.405729;0.0520969;0.963227 -0.0321165 0.266761 -0.147993 -0.0233711 0.979053 0.202261 -0.455533 -0.267669 -0.201058 0.9423 0.611514 0 0 0 1 
38591597440209;0.302589;0.0384335;0.944699 0.327936 -0.000857188 -0.16592 -0.327789 0.944347 0.0276434 0.919562 0.00987476 -0.0258337 0.999617 0.0453713 0 0 0 1 
38591597440210;0.290612;0.0378762;0.995842 0.0888845 -0.0199456 -0.105336 -0.0910927 0.973186 -0.211212 0.410857 0.000637288 0.212151 0.977237 0.0704028 0 0 0 1 
38591597440211;0.669792;0.0566898;0.982397 0.149359 0.112195 -0.246709 -0.163552 0.977896 0.130273 -0.447836 -0.0902575 -0.14633 0.98511 0.561529 0 0 0 1 
38591597440212;0.674895;0.0387803;0.923617 0.107923 0.367811 0.709153 -0.22631 0.927992 0.295999 0.62313 -0.30938 -0.356629 0.881533 1.15756 0 0 0 1 
38591597440213;0.74739;0.0633543;0.989846 0.0617298 -0.12804 0.129453 -0.0307771 0.972486 0.230919 -0.997258 0.138771 -0.224634 0.964511 -0.0200393 0 0 0 1 
38591597440214;0.177349;0.0431666;0.999803 0.00336239 -0.0195754 0.100951 -0.00687099 0.983267 -0.18204 0.0412033 0.0186357 0.182139 0.983096 -0.240887 0 0 0 1 
38591597440215;0.720627;0.0645637;0.991727 0.0590302 -0.113988 0.00251776 -0.0668812 0.995554 -0.0663245 0.50156 0.109566 0.0733994 0.991266 -1.31586 0 0 0 1 
38591597440217;0.284412;0.0248736;0.999894 -0.0142934 -0.00284077 0.247063 0.0143226 0.999842 0.0105587 0.0460237 0.0026894 -0.0105983 0.99994 0.608141 0 0 0 1 
38591597440218;0.175507;0.0281856;0.980629 0.192928 -0.0338471 -0.159256 -0.194147 0.980258 -0.0374419 0.229064 0.0259553 0.0432879 0.998725 -0.0387928 0 0 0 1 
38591597440219;0.263573;0.0272703;0.983445 0.18116 0.0042131 -0.175659 -0.181161 0.983453 -0.000235887 0.343217 -0.00418613 -0.000531269 0.999991 0.401079 0 0 0 1 
38591597440220;0.260161;0.0332147;0.99874 0.03368 -0.0372091 0.0397263 -0.0324957 0.99896 0.0319875 0.497138 0.0382478 -0.030738 0.998795 0.221419 0 0 0 1 
38591597440221;0.443483;0.0343536;0.994179 -0.0892879 -0.0602948 0.905715 0.0994527 0.975777 0.194854 0.0737401 0.0414362 -0.199717 0.978977 0.379041 0 0 0 1 
38591597440222;0.400675;0.0311493;0.995295 0.0924735 0.0289098 -0.25226 -0.0932054 0.995331 0.0250837 0.306211 -0.0264553 -0.0276602 0.999267 -0.820638 0 0 0 1 
38591597440223;0.500048;0.0318137;0.898666 0.431875 0.0766986 -0.483816 -0.436189 0.898325 0.0524621 0.965836 -0.0462432 -0.0806009 0.995673 0.410072 0 0 0 1 
38591597440224;0.319063;0.0303614;0.999628 0.0246907 -0.0115723 0.156547 -0.0246741 0.999694 0.00157522 0.138579 0.0116076 -0.0012891 0.999932 -0.74503 0 0 0 1 
38591597440225;0.246702;0.0408433;0.986604 -0.097646 0.130685 0.104427 0.0743482 0.982185 0.172585 0.113423 -0.145209 -0.160557 0.976287 -0.06018 0 0 0 1 
38591597440226;0.422905;0.0248022;0.885721 0.402412 0.231439 -0.2779 -0.353265 0.907728 -0.22635 0.536577 -0.301169 0.118723 0.946151 0.307875 0 0 0 1 
38591597440227;0.114525;0.0260215;0.998723 0.00238973 0.0504628 -0.0839447 -0.00708071 0.995642 0.0929865 -0.280882 -0.0500206 -0.0932251 0.994388 0.037174 0 0 0 1 
38591597440228;0.227089;0.0295892;0.96396 -0.262865 0.041036 0.114455 0.264494 0.963509 -0.0411529 -0.151519 -0.0287209 0.0505235 0.99831 0.0704375 0 0 0 1 
38591597440229;0.366377;0.0278703;0.961967 0.271266 0.0321697 -0.541144 -0.26933 0.961524 -0.0541563 0.599181 -0.0456227 0.0434323 0.998014 -0.221008 0 0 0 1 
38591597440230;0.40791;0.0252409;0.999887 0.00817803 0.0126395 -0.0514198 -0.00909609 0.997189 0.0743706 -0.0629511 -0.0119958 -0.0744772 0.997151 1.00395 0 0 0 1 
38591597440231;0.122929;0.022674;0.997367 0.0632162 -0.0355221 0.0669208 -0.0597427 0.994007 0.0915485 -0.216851 0.0410965 -0.0891853 0.995167 0.0532853 0 0 0 1 
38591597440232;0.235296;0.0348819;0.96489 -0.260508 0.0335034 0.277179 0.260071 0.965442 0.0168617 -0.319256 -0.0367382 -0.00755643 0.999296 -0.0264264 0 0 0 1 
38591597440233;0.450082;0.0303553;0.909191 -0.00369822 -0.416363 0.649613 0.119031 0.960538 0.251391 -0.436945 0.399003 -0.278123 0.873753 -0.398978 0 0 0 1 
38591597440234;0.442338;0.0376915;0.891662 -0.449768 -0.0514475 0.505887 0.440468 0.888187 -0.130813 -0.0015144 0.104531 0.0939801 0.990071 -0.236715 0 0 0 1 
38591597440235;0.600621;0.0333948;0.906769 0.421098 -0.0211098 -0.578743 -0.419653 0.906231 0.0513425 1.11918 0.0407506 -0.037697 0.998458 0.556366 0 0 0 1 
38591597440236;0.098733;0.0252063;0.996021 0.060337 -0.0655929 0.131009 -0.0599094 0.998168 0.00846884 -0.000311214 0.0659837 -0.00450552 0.997811 -0.158277 0 0 0 1 
38591597440237;0.391996;0.0320319;0.992971 -0.116188 -0.0225725 0.485718 0.117638 0.989833 0.0799547 0.279369 0.0130532 -0.082048 0.996543 0.601529 0 0 0 1 
38591597440238;0.352561;0.0301723;0.91851 0.219499 0.328878 -0.322548 -0.262994 0.960244 0.0936218 0.10325 -0.295253 -0.172485 0.93972 0.561999 0 0 0 1 
38591597440239;0.273596;0.0315437;0.949513 -0.299422 0.0936611 0.267478 0.302087 0.953156 -0.0153734 -0.334221 -0.0846705 0.0428911 0.995485 -0.0799261 0 0 0 1 
38591597440240;0.59112;0.0333133;0.91212 -0.392048 -0.119727 0.972678 0.403269 0.910599 0.0904631 -0.867631 0.0735571 -0.130795 0.988677 0.574388 0 0 0 1 
38591597440241;0.457943;0.0305553;0.923993 0.38237 0.00551638 -0.0973118 -0.381569 0.922823 -0.0529439 0.481782 -0.0253348 0.046815 0.998582 -0.656363 0 0 0 1 
38591597440242;0.307705;0.0273061;0.981797 0.188085 0.0264538 0.226833 -0.188427 0.982025 0.0110659 -0.388732 -0.0238969 -0.015849 0.999589 -0.0218604 0 0 0 1 
38591597440243;0.105317;0.0336003;0.998201 -0.0598024 0.00426628 0.0937991 0.0597701 0.998185 0.00734709 -0.124416 -0.00469791 -0.00707888 0.999964 -0.177343 0 0 0 1 
38591597440244;0.562292;0.0309741;0.916374 -0.380642 -0.123974 0.895792 0.349735 0.911906 -0.21474 -0.0537134 0.194791 0.153425 0.968771 -0.964043 0 0 0 1 
38591597440245;0.374359;0.0353312;0.99292 -0.109356 -0.0463743 -0.500665 0.111751 0.992342 0.0526238 0.251456 0.0402644 -0.0574336 0.997537 0.31629 0 0 0 1 
38591597440246;0.451519;0.383939;0.997072 0.0763208 0.00465341 -0.372947 -0.0761365 0.996595 -0.0316508 0.113049 -0.00705318 0.0312038 0.999488 -0.297047 0 0 0 1 
38591597440248;0.275634;0.00645027;0.951265 0.308243 0.00895939 -0.415639 -0.307988 0.951127 -0.0223644 0.411291 -0.0154152 0.0185151 0.99971 0.0335034 0 0 0 1 
38591597440249;0.256114;0.00617121;0.958042 -0.182984 -0.220617 0.59406 0.169855 0.982437 -0.0772476 -0.0424822 0.230877 0.0365337 0.972297 -0.375981 0 0 0 1 
38591597440250;0.238063;0.0117477;0.922246 -0.014923 -0.386316 0.233078 -0.040714 0.989949 -0.135437 0.28993 0.384455 0.140634 0.912369 -0.496552 0 0 0 1 
38591597440251;0.292932;0.00769777;0.999984 0.00125016 0.00544802 -0.043789 -0.00128328 0.999981 0.0060797 -0.0239949 -0.00544031 -0.00608659 0.999967 0.861842 0 0 0 1 
38591597440252;0.40515;0.00861483;0.995057 0.000985257 0.0993032 -0.221893 0.0474584 0.873658 -0.48422 0.494306 -0.0872341 0.486539 0.869293 -0.304488 0 0 0 1 
38591597440253;0.264249;0.011812;0.999756 -0.0147297 0.016431 -0.660619 0.0145049 0.999801 0.013714 0.00922757 -0.0166297 -0.0134723 0.999771 -0.305232 0 0 0 1 
38591597440254;0.377732;0.0112212;0.908411 -0.390433 0.149506 0.595605 0.349974 0.905772 0.238945 -0.520874 -0.22871 -0.164737 0.959455 0.255525 0 0 0 1 
38591597440255;0.159826;0.00623955;0.976662 0.0816711 0.198648 0.111768 -0.0694369 0.995279 -0.0678042 0.11975 -0.203248 0.0524282 0.977723 0.376403 0 0 0 1 
38591597440256;0.0516293;0.00665223;0.999092 0.0278078 0.0322856 -0.0619287 -0.0269957 0.999315 -0.0253238 0.134186 -0.0329677 0.0244292 0.999158 0.0427486 0 0 0 1 
38591597440257;0.294004;0.012605;0.986773 -0.123235 -0.105315 0.118356 0.115135 0.990137 -0.0798293 0.491747 0.114114 0.0666479 0.99123 0.285173 0 0 0 1 
