#;prob_registration_l1 -r /home/probabilistic_point_clouds_registration/build/tester /home/point_clouds_registration_benchmark//devel/registration_pairs/gazebo_summer_local.txt /home/point_clouds_registration_benchmark//eth/gazebo_summer -s 0.2 -t 0.2 -p 0.3 -r 1000 -m 25 -i 40 
id;initial_error;final_error;transformation
36535719080000;0.0805842;0.0693999;0.999647 -0.00653766 0.0257433 -0.141608 0.00410764 0.995626 0.0933398 -0.0746864 -0.0262409 -0.0932011 0.995301 0.0801882 0 0 0 1 
36535719080001;0.11249;0.0594877;0.989257 0.0107964 0.145785 -0.270237 -0.000498524 0.997512 -0.0704896 0.0524882 -0.146184 0.0696597 0.986802 0.263232 0 0 0 1 
36535719080002;0.259114;0.0794497;0.991357 0.0404646 0.124798 0.0371442 -0.0628564 0.981457 0.181083 -0.448621 -0.115156 -0.187363 0.975517 0.159243 0 0 0 1 
36535719080003;0.441289;0.59485;0.962784 -0.218534 0.159026 -0.935516 0.228301 0.972515 -0.0457602 -0.280438 -0.144655 0.0803629 0.986213 0.0239197 0 0 0 1 
36535719080004;0.424931;0.563571;0.953946 -0.0630939 0.293269 -1.00258 0.086809 0.993864 -0.0685524 0.230042 -0.287145 0.0908537 0.953569 -0.0344388 0 0 0 1 
36535719080005;0.508351;0.0727876;0.986117 -0.117661 0.117173 0.464671 0.153475 0.915209 -0.372609 0.834721 -0.0633966 0.38542 0.920561 -0.329533 0 0 0 1 
36535719080006;0.482532;0.467538;0.992518 -0.063119 -0.104516 -0.96288 0.0456876 0.985817 -0.161487 0.15352 0.113227 0.155503 0.981325 -1.28421 0 0 0 1 
36535719080007;0.407429;0.0811295;0.947417 -0.319965 -0.00487919 0.136301 0.30932 0.919592 -0.242224 -0.750916 0.08199 0.227978 0.970208 -1.11411 0 0 0 1 
36535719080008;0.494873;0.452486;0.971778 -0.0500124 0.230533 -1.09167 0.117443 0.950115 -0.288944 0.218714 -0.204582 0.307864 0.929175 -0.503724 0 0 0 1 
36535719080009;0.260051;0.0731848;0.988969 -0.0843718 0.121747 -0.274626 0.0791311 0.995743 0.0472663 -0.784296 -0.125216 -0.0371109 0.991435 -0.239261 0 0 0 1 
36535719080010;0.367096;0.0747705;0.979875 -0.162463 0.11598 0.522343 0.167034 0.98547 -0.0307832 -0.11675 -0.109294 0.0495364 0.992774 0.81138 0 0 0 1 
36535719080011;0.379627;0.0769418;0.970439 -0.20767 0.122967 0.0641202 0.199379 0.976939 0.0764078 0.396549 -0.135999 -0.0496322 0.989465 -0.17307 0 0 0 1 
36535719080012;0.1676;0.0723412;0.999049 0.0395424 0.0183934 -0.357853 -0.0397441 0.999152 0.0107322 0.229711 -0.0179534 -0.011453 0.999773 -0.484507 0 0 0 1 
36535719080013;0.445602;0.0770329;0.947867 -0.271858 0.166256 1.12078 0.26211 0.961846 0.0784297 -0.890327 -0.181234 -0.0307635 0.982959 0.494078 0 0 0 1 
36535719080014;0.45281;0.467737;0.997315 0.0596265 0.0425054 -1.21949 -0.0601008 0.998143 0.00996807 0.0997268 -0.041832 -0.0124959 0.999047 0.101934 0 0 0 1 
36535719080015;0.366192;0.452389;0.994964 -0.0149176 0.0991208 -1.23389 0.0103535 0.998869 0.0464014 -0.0463283 -0.0997009 -0.0451415 0.993993 0.326445 0 0 0 1 
36535719080016;0.0775968;0.0694836;0.993046 -0.000279057 0.117731 -0.282706 -0.00500738 0.998992 0.0446047 0.0134058 -0.117624 -0.044884 0.992043 0.209687 0 0 0 1 
36535719080017;0.294515;0.0573069;0.959434 0.0717885 0.27264 -0.287056 0.00838227 0.959348 -0.282103 0.228979 -0.281808 0.272944 0.919829 0.258237 0 0 0 1 
36535719080018;0.425335;0.46859;0.998318 -0.0135664 0.056361 -0.917187 0.0171729 0.997802 -0.0640062 -0.421595 -0.0553688 0.0648665 0.996357 -0.411427 0 0 0 1 
36535719080019;0.389784;0.461636;0.999209 -0.0160609 -0.0363875 -0.763304 0.0136595 0.997772 -0.065306 -0.241911 0.0373553 0.0647573 0.997202 -0.427215 0 0 0 1 
36535719080020;0.317608;0.0616075;0.979408 0.191244 -0.064703 -0.264658 -0.187363 0.98036 0.0615612 0.970874 0.0752054 -0.0481705 0.996004 0.0365351 0 0 0 1 
36535719080021;0.423824;0.0952814;0.91316 -0.306787 0.268368 0.407699 0.376675 0.886724 -0.268023 -0.4062 -0.155743 0.345835 0.92528 0.155646 0 0 0 1 
36535719080022;0.154215;0.0643338;0.999729 0.0166788 0.0162553 -0.469691 -0.0168956 0.999769 0.0132924 -0.0535175 -0.0160298 -0.0135634 0.99978 -0.319602 0 0 0 1 
36535719080023;0.35143;0.0677889;0.973264 0.0104057 -0.229452 -0.127137 0.0134092 0.994695 0.101987 0.21883 0.229296 -0.102337 0.967962 0.340691 0 0 0 1 
36535719080024;0.34005;0.0743839;0.961546 -0.23455 -0.142884 0.25392 0.170769 0.918047 -0.35781 -0.200141 0.215098 0.31965 0.922798 -1.04195 0 0 0 1 
36535719080025;0.273677;0.0677513;0.992539 0.0801898 -0.0918526 -0.246234 -0.06231 0.981096 0.183215 0.537028 0.104808 -0.176125 0.978772 0.0606931 0 0 0 1 
36535719080026;0.254446;0.0752102;0.999046 -0.0175551 0.0399825 0.331132 0.0173296 0.999832 0.00597975 0.502399 -0.0400807 -0.00528117 0.999182 0.013357 0 0 0 1 
36535719080027;0.274443;0.0726148;0.966194 0.237528 0.10025 -0.693782 -0.237923 0.97125 -0.00817531 0.434962 -0.0993092 -0.0159527 0.994929 0.0952567 0 0 0 1 
36535719080028;0.110223;0.0697174;0.992413 -0.0227717 0.120824 -0.327193 0.0305559 0.997548 -0.0629699 -0.188883 -0.119094 0.066184 0.990675 0.0792179 0 0 0 1 
36535719080029;0.464721;0.587084;0.972666 -0.0834189 0.216706 -0.984769 0.0855394 0.996335 -0.000406784 0.155013 -0.215877 0.0189325 0.976237 -0.22472 0 0 0 1 
36535719080031;0.562593;0.528618;0.993559 -0.0788669 0.081368 -0.78687 0.0801845 0.996695 -0.0130495 0.532399 -0.0800699 0.0194899 0.996599 -0.151647 0 0 0 1 
36535719080032;0.49885;0.698962;0.999741 0.0149372 0.0171891 -0.960608 -0.0168692 0.992826 0.118376 0.357779 -0.0152976 -0.118636 0.99282 -0.358882 0 0 0 1 
36535719080033;0.471869;0.704134;0.985072 0.0278947 0.169867 -1.07949 -0.0684203 0.968935 0.237661 0.448781 -0.157961 -0.245736 0.95638 1.23783 0 0 0 1 
36535719080034;0.28376;0.586445;0.995257 0.0419407 -0.0877711 -0.614282 -0.0374321 0.997924 0.0523985 0.805388 0.0897866 -0.0488646 0.994762 -0.340576 0 0 0 1 
36535719080035;0.587922;1.55869;0.98171 -0.118767 0.148792 -2.76681 0.132124 0.987725 -0.0833235 -0.243049 -0.137069 0.101459 0.985352 -0.699795 0 0 0 1 
36535719080036;0.406933;0.28311;0.999071 -0.0410005 0.0132406 -0.69796 0.0408674 0.999113 0.0101703 0.197922 -0.0136459 -0.00961977 0.999861 0.439437 0 0 0 1 
36535719080037;0.0919718;0.246544;0.996629 0.0253375 0.078024 -0.362777 -0.0261162 0.999619 0.0089757 0.147386 -0.0777668 -0.0109831 0.996911 0.0917682 0 0 0 1 
36535719080038;0.581548;0.642333;0.990594 -0.12691 0.0511639 -1.79799 0.121641 0.987968 0.0955125 -0.411024 -0.0626698 -0.0883905 0.994112 0.518028 0 0 0 1 
36535719080039;0.434512;0.226344;0.995591 0.0749437 0.0564074 -0.788716 -0.0728839 0.996626 -0.0377315 0.751373 -0.0590448 0.0334539 0.997695 -0.573965 0 0 0 1 
36535719080040;0.566995;0.671749;0.963619 -0.0808413 0.25476 -0.608025 0.0381874 0.985025 0.168129 0.294904 -0.264537 -0.152284 0.952276 0.469884 0 0 0 1 
36535719080041;0.142283;0.287649;0.993966 0.0944043 0.0558536 -0.344821 -0.095085 0.995422 0.00965167 0.65146 -0.0546868 -0.0149043 0.998392 -0.10274 0 0 0 1 
36535719080042;0.307724;0.283741;0.994082 -0.0975764 -0.0477556 -0.371734 0.0843434 0.970277 -0.226821 -0.174167 0.0684685 0.221451 0.972765 -0.187185 0 0 0 1 
36535719080043;0.210302;0.637592;0.976893 -0.0112064 0.213435 -1.07402 -0.0220385 0.98802 0.152747 0.393564 -0.212589 -0.153921 0.964943 0.623421 0 0 0 1 
36535719080044;0.594242;0.927949;0.994154 -0.0677927 0.0840388 -1.31746 0.0580064 0.991801 0.113871 -0.70549 -0.0910693 -0.108331 0.989935 0.459525 0 0 0 1 
36535719080045;0.55307;0.26584;0.980849 0.189084 0.0467223 -1.0757 -0.181127 0.973709 -0.138143 1.42372 -0.0716145 0.127034 0.98931 0.38422 0 0 0 1 
36535719080046;0.383937;0.437282;0.988171 0.129668 0.0818775 -0.613414 -0.126506 0.991046 -0.0427062 1.04263 -0.086682 0.031843 0.995727 -0.427876 0 0 0 1 
36535719080047;0.507113;0.260322;0.999466 -0.0226248 0.0235847 -0.0662845 0.0225367 0.999738 0.00399501 -0.141467 -0.0236689 -0.00346136 0.999714 0.725846 0 0 0 1 
36535719080048;0.299943;0.80491;0.973256 -0.0578733 0.222313 -1.39882 0.120582 0.952409 -0.279958 -0.153558 -0.195531 0.299278 0.933917 0.303562 0 0 0 1 
36535719080049;0.398366;1.22976;0.973187 -0.0606538 0.221875 -2.06689 0.00730104 0.972266 0.233764 -0.14521 -0.2299 -0.225876 0.946639 0.697301 0 0 0 1 
36535719080050;0.499825;0.303507;0.918254 0.0579129 -0.391734 -0.290245 -0.0397548 0.997732 0.0543137 0.503474 0.393991 -0.0343004 0.918474 -2.08907 0 0 0 1 
36535719080051;0.440086;1.43449;0.990729 -0.10422 0.0871486 -2.40401 0.111068 0.990762 -0.0778072 0.118151 -0.0782344 0.0867653 0.993152 -0.26703 0 0 0 1 
36535719080052;0.307637;0.955414;0.975734 -0.0109239 0.218688 -1.73614 -0.0402643 0.972772 0.228241 0.0987482 -0.215227 -0.231508 0.948726 0.48867 0 0 0 1 
36535719080053;0.461332;1.30158;0.960754 -0.109494 0.254877 -2.03424 0.0925163 0.992674 0.0777087 -0.302893 -0.261519 -0.0510787 0.963846 1.12272 0 0 0 1 
36535719080054;0.521749;0.552805;0.940893 -0.00527509 0.338662 -0.595303 -0.0388735 0.99159 0.123446 1.1548 -0.336465 -0.129315 0.932775 0.896965 0 0 0 1 
36535719080055;0.319357;1.39543;0.968904 -0.071255 0.236957 -2.35829 0.0901565 0.993472 -0.0698996 -0.191854 -0.230429 0.0890892 0.969002 0.303127 0 0 0 1 
36535719080056;0.611624;1.51434;0.978431 -0.0997902 0.18087 -2.74476 0.117604 0.988921 -0.0905763 0.091517 -0.169827 0.109894 0.979327 -0.480092 0 0 0 1 
36535719080057;0.403587;0.264686;0.991595 0.108725 -0.0701313 -0.363796 -0.11588 0.987413 -0.107645 -0.0236584 0.0575449 0.114867 0.991713 -0.535575 0 0 0 1 
36535719080058;0.354702;0.702016;0.971931 -0.0812643 0.220788 -0.940976 0.105092 0.989583 -0.0983941 -0.272525 -0.210492 0.118835 0.970346 -0.0584235 0 0 0 1 
36535719080059;0.377989;0.282628;0.979663 0.1813 0.085968 -0.540154 -0.164576 0.971143 -0.172613 1.08424 -0.114782 0.154954 0.981231 -0.32853 0 0 0 1 
36535719080060;0.383603;0.607352;0.996143 0.0382819 0.0789511 -0.818121 -0.0460359 0.994036 0.0988551 0.669404 -0.0746959 -0.102108 0.991965 -0.171043 0 0 0 1 
36535719080062;0.362158;0.16346;0.987871 0.153718 -0.0219327 -0.173498 -0.154611 0.986835 -0.0474547 0.188157 0.0143493 0.0502702 0.998633 -1.23045 0 0 0 1 
36535719080063;0.299523;0.249954;0.989635 -0.131836 0.0569291 0.0771675 0.123416 0.983512 0.132186 -0.944679 -0.0734174 -0.12379 0.989589 -0.749127 0 0 0 1 
36535719080064;0.461382;0.212185;0.991929 -0.0880847 -0.0912033 0.542239 0.0527584 0.940801 -0.33483 0.1468 0.115297 0.327315 0.937855 -1.63302 0 0 0 1 
36535719080065;0.4807;0.665604;0.966985 0.141379 0.212021 -0.34147 -0.170804 0.97702 0.12751 -1.81856 -0.189121 -0.159514 0.968911 0.829125 0 0 0 1 
36535719080066;0.231893;0.189368;0.992862 -0.0892908 0.0790725 0.402343 0.0822049 0.992657 0.0887406 -1.15179 -0.0864155 -0.081607 0.992911 0.23436 0 0 0 1 
36535719080067;0.276753;0.176948;0.978557 0.195099 0.0660514 -0.0855074 -0.203844 0.871255 0.4465 -0.386153 0.0295642 -0.45039 0.892342 0.281682 0 0 0 1 
36535719080068;0.41506;0.458186;0.989627 -0.129982 0.0611792 0.415006 0.126459 0.990255 0.0583319 -1.56894 -0.0681651 -0.0499902 0.996421 -0.900216 0 0 0 1 
36535719080069;0.168667;0.191236;0.997822 0.0225193 0.0620083 -0.0218545 -0.0334048 0.982998 0.18055 -0.703777 -0.0568882 -0.182228 0.981609 0.370963 0 0 0 1 
36535719080070;0.366766;0.203922;0.95838 0.260106 -0.117701 0.0136246 -0.187797 0.884866 0.426314 -0.534599 0.215036 -0.386467 0.896885 -0.968571 0 0 0 1 
36535719080071;0.314881;0.25421;0.99292 -0.117482 -0.0175613 -0.284784 0.116866 0.992608 -0.0327384 -0.510479 0.0212777 0.0304542 0.99931 -0.0970425 0 0 0 1 
36535719080072;0.205179;0.235284;0.996992 -0.0701523 0.0329401 0.196122 0.0663431 0.992239 0.105169 -0.486533 -0.0400622 -0.102667 0.993909 0.302659 0 0 0 1 
36535719080073;0.364246;0.333978;0.933579 -0.206825 0.292667 -0.0710094 0.0766427 0.912989 0.40072 -1.60124 -0.350081 -0.351673 0.868199 1.04609 0 0 0 1 
36535719080074;0.343501;0.799386;0.990193 0.103884 0.0934147 0.0413935 -0.12656 0.950175 0.28487 -2.49695 -0.0591669 -0.293899 0.954004 0.187432 0 0 0 1 
36535719080075;0.45993;0.882764;0.98094 0.117212 -0.154976 0.27386 -0.140508 0.978791 -0.149085 -1.64814 0.134214 0.168019 0.976604 -1.04593 0 0 0 1 
36535719080076;0.347563;0.180595;0.961665 0.272951 0.026411 0.315593 -0.270941 0.930865 0.245114 -0.536154 0.0423192 -0.242874 0.969134 0.0488169 0 0 0 1 
36535719080077;0.245685;0.184943;0.956594 0.252823 -0.14494 0.165299 -0.215857 0.948841 0.230449 -0.021514 0.195788 -0.189159 0.96223 -0.391702 0 0 0 1 
36535719080078;0.322722;0.188786;0.995811 0.0913155 0.00476539 -0.503939 -0.0910079 0.984702 0.148589 -0.0213676 0.00887596 -0.1484 0.988888 -0.832558 0 0 0 1 
36535719080079;0.340882;0.40688;0.976805 0.183912 0.109673 -0.251447 -0.211721 0.906136 0.366185 -1.06523 -0.0320324 -0.380912 0.924056 -0.412461 0 0 0 1 
36535719080080;0.326117;0.213858;0.972235 0.149103 0.180353 0.224643 -0.196458 0.938811 0.282912 0.383779 -0.127134 -0.310488 0.942037 0.922876 0 0 0 1 
36535719080081;0.410409;0.478958;0.984441 -0.16948 0.0463848 -0.168788 0.164709 0.982008 0.0923666 -1.66225 -0.0612046 -0.0832895 0.994644 -0.769788 0 0 0 1 
36535719080082;0.216435;0.194691;0.995111 0.0961903 -0.0223885 0.387102 -0.0932997 0.989948 0.106294 0.0455884 0.032388 -0.103686 0.994083 0.189292 0 0 0 1 
36535719080083;0.161862;0.186179;0.980395 0.194549 0.0312514 0.00421098 -0.196853 0.974015 0.111999 0.0200884 -0.00865008 -0.115955 0.993217 -0.338707 0 0 0 1 
36535719080084;0.439577;0.88437;0.991169 -0.132603 0.00111257 0.0943526 0.132245 0.989048 0.0655379 -3.17698 -0.00979088 -0.064812 0.997849 -0.0682639 0 0 0 1 
36535719080085;0.124875;0.180951;0.986287 0.13716 0.0917849 -0.0242091 -0.151254 0.97373 0.170212 -0.135037 -0.0660275 -0.181761 0.981124 0.105669 0 0 0 1 
36535719080086;0.392366;0.208277;0.950984 0.190406 -0.243668 1.07617 -0.160135 0.977301 0.138707 -0.0769506 0.264548 -0.0928886 0.959889 -1.2741 0 0 0 1 
36535719080087;0.41425;0.460029;0.991784 -0.121722 -0.039339 0.27118 0.126559 0.8889 0.440272 -1.72496 -0.0186225 -0.441633 0.897002 -0.449293 0 0 0 1 
36535719080088;0.317089;0.191818;0.973925 0.183267 0.133727 -0.116869 -0.198565 0.9737 0.111719 -0.181635 -0.109735 -0.135359 0.984701 -0.63515 0 0 0 1 
36535719080089;0.0976208;0.186083;0.999516 0.00643492 -0.0304385 0.186381 -0.00464817 0.998282 0.0584108 -0.363247 0.0307621 -0.058241 0.997828 -0.0769718 0 0 0 1 
36535719080090;0.312576;0.192405;0.995678 0.0523226 -0.0767353 0.485037 -0.0497074 0.998129 0.0356056 -1.05701 0.0784547 -0.0316373 0.996416 -0.110902 0 0 0 1 
36535719080091;0.378116;0.295685;0.964685 -0.113737 0.237587 0.844843 0.142711 0.9838 -0.108496 -1.27305 -0.221398 0.138571 0.965288 0.161862 0 0 0 1 
36535719080093;0.290482;0.0332402;0.989691 0.0328571 -0.139402 0.448822 -0.0498032 0.991539 -0.119874 0.476008 0.134284 0.125581 0.982953 -0.345219 0 0 0 1 
36535719080094;0.395592;0.464655;0.999614 0.00749945 -0.026766 0.50338 -0.00799526 0.999798 -0.0184652 -0.0655375 0.0266221 0.018672 0.999471 -0.175742 0 0 0 1 
36535719080095;0.347587;0.0392507;0.904038 0.246338 -0.349332 0.330748 -0.215457 0.968437 0.12533 0.576792 0.369179 -0.0380368 0.92858 -1.18502 0 0 0 1 
36535719080096;0.508705;0.0266373;0.95178 -0.217722 0.216128 0.274161 0.169896 0.960686 0.219587 -0.545311 -0.25544 -0.172279 0.951352 1.84983 0 0 0 1 
36535719080097;0.390373;0.0256214;0.896982 -0.337193 0.285873 0.298156 0.383001 0.915703 -0.121651 -1.36226 -0.220755 0.218609 0.950514 0.866129 0 0 0 1 
36535719080098;0.177167;0.0335824;0.959664 0.0230615 0.280203 0.0405518 -0.0176712 0.999607 -0.0217485 0.124877 -0.280595 0.0159197 0.959694 0.922602 0 0 0 1 
36535719080099;0.46993;0.0291365;0.97149 -0.226946 -0.0685733 0.530095 0.236438 0.906184 0.350611 -1.14779 -0.0174298 -0.356829 0.934007 -0.178621 0 0 0 1 
36535719080100;0.314307;0.0268148;0.999964 -0.00779688 -0.00330091 -0.256148 0.00818028 0.990244 0.139105 -0.410974 0.00218412 -0.139127 0.990272 -0.412311 0 0 0 1 
36535719080101;0.365934;0.0284744;0.914543 0.401478 -0.0492522 0.136958 -0.399578 0.915635 0.0441667 1.59298 0.062829 -0.0207123 0.997809 -0.0770303 0 0 0 1 
36535719080102;0.240105;0.0228837;0.988804 -0.134079 0.0654907 -0.104176 0.136842 0.989798 -0.0396845 -0.483077 -0.0595016 0.0482021 0.997064 -0.13991 0 0 0 1 
36535719080103;0.352767;0.0310196;0.993545 0.0762538 0.0839852 0.0421259 -0.0787802 0.996521 0.027185 -0.0911316 -0.0816201 -0.0336259 0.996096 0.810137 0 0 0 1 
36535719080104;0.495293;0.298914;0.884993 0.0359482 -0.464214 0.165687 -0.00354536 0.997506 0.0704868 -0.191817 0.46559 -0.0607346 0.882914 -1.65369 0 0 0 1 
36535719080105;0.433787;0.0217983;0.998435 0.0214107 0.0516686 0.0893482 -0.0208019 0.999708 -0.012292 0.0937023 -0.0519167 0.0111979 0.998589 1.02878 0 0 0 1 
36535719080106;0.129754;0.023084;0.9955 0.00187275 0.0947434 0.107367 -0.00970589 0.996562 0.0822845 0.0771456 -0.0942635 -0.0828338 0.992095 0.27478 0 0 0 1 
36535719080107;0.262145;0.231322;0.989252 0.129076 -0.0687072 0.0669111 -0.130779 0.991192 -0.0208742 0.296553 0.0654076 0.0296353 0.997418 -0.506495 0 0 0 1 
36535719080108;0.397924;0.303797;0.98413 0.177418 -0.0032293 -0.305834 -0.17176 0.956997 0.233786 0.302141 0.0445684 -0.229521 0.972283 -0.271356 0 0 0 1 
36535719080109;0.398301;0.231296;0.932017 0.245616 0.26649 0.171486 -0.257211 0.966314 0.00893914 0.824915 -0.255317 -0.0768754 0.963796 0.976471 0 0 0 1 
36535719080110;0.208018;0.033868;0.988648 0.150128 0.00602927 0.0149292 -0.150236 0.988289 0.0267237 0.363541 -0.00194669 -0.0273261 0.999625 -0.20828 0 0 0 1 
36535719080111;0.465339;0.0254643;0.948501 -0.208561 0.238428 -0.0730226 0.230335 0.970794 -0.0671176 -0.23457 -0.217466 0.118579 0.968838 1.1847 0 0 0 1 
36535719080112;0.541337;0.0410701;0.899436 0.345884 -0.267168 1.23047 -0.329062 0.938241 0.10687 1.34261 0.287633 -0.00820742 0.957706 -1.14271 0 0 0 1 
36535719080113;0.28814;0.024918;0.999737 0.021519 0.00788496 0.00287709 -0.0215664 0.999749 0.00598909 0.623346 -0.0077541 -0.00615757 0.999951 0.150956 0 0 0 1 
36535719080114;0.343577;0.0244231;0.962425 -0.27151 -0.00446733 0.377091 0.271546 0.962333 0.0133582 -1.11284 0.000672174 -0.0140693 0.999901 0.376258 0 0 0 1 
36535719080115;0.500998;0.8254;0.999594 -0.014114 -0.0247396 0.650964 0.0146027 0.9997 0.019683 -0.889392 0.0244544 -0.0200363 0.9995 -0.180009 0 0 0 1 
36535719080116;0.41433;0.0274314;0.954813 -0.225383 0.193739 0.47028 0.164675 0.943844 0.286428 -0.834339 -0.247415 -0.241581 0.938309 1.49055 0 0 0 1 
36535719080117;0.508343;0.0219864;0.996639 -0.0344623 0.0743113 0.0487571 0.0215677 0.985583 0.167811 0.0100097 -0.0790231 -0.165645 0.983014 1.30431 0 0 0 1 
36535719080118;0.0642213;0.0305813;0.997186 0.0745265 -0.00811339 -0.0439488 -0.074657 0.997061 -0.0171828 0.37425 0.00680897 0.0177401 0.999819 -0.0622359 0 0 0 1 
36535719080119;0.384568;0.347873;0.966253 0.239559 0.0946956 0.308211 -0.251046 0.958118 0.137789 0.453969 -0.0577209 -0.156912 0.985924 0.0400346 0 0 0 1 
36535719080120;0.113108;0.0268207;0.999218 -0.0312451 0.0242285 0.061398 0.0303846 0.998922 0.0351061 -0.203448 -0.0252992 -0.0343425 0.99909 0.246776 0 0 0 1 
36535719080121;0.423482;0.0419226;0.972889 0.225175 -0.0527499 0.33221 -0.188782 0.904972 0.381296 0.291376 0.133596 -0.361001 0.922947 -0.316837 0 0 0 1 
36535719080122;0.427092;0.0300797;0.971391 -0.225104 0.0756822 0.147851 0.217371 0.971114 0.0984214 -1.48893 -0.0956511 -0.0791545 0.992263 0.745785 0 0 0 1 
36535719080124;0.190705;0.04198;0.983582 0.17362 0.0492125 0.0171739 -0.176058 0.983085 0.0504809 0.458263 -0.0396156 -0.0583163 0.997512 0.256112 0 0 0 1 
36535719080125;0.422416;0.0562968;0.881113 0.4207 -0.21599 0.309235 -0.38963 0.904654 0.172597 1.23813 0.268007 -0.0679216 0.96102 -0.956559 0 0 0 1 
36535719080126;0.446714;0.0449623;0.992122 0.118851 -0.0395914 0.292543 -0.121708 0.989343 -0.0799243 -0.22711 0.0296704 0.0841132 0.996014 -0.349521 0 0 0 1 
36535719080127;0.355012;0.530085;0.999694 -0.00227618 0.0246413 0.697603 0.00471726 0.99503 -0.0994646 0.183228 -0.0242924 0.0995504 0.994736 -0.0686706 0 0 0 1 
36535719080128;0.249905;0.0222676;0.999986 0.00407178 -0.00328445 0.0342711 -0.00406818 0.999991 0.00109992 0.446605 0.0032889 -0.00108655 0.999994 -0.0235766 0 0 0 1 
36535719080129;0.526113;0.58233;0.999053 -0.00711714 -0.0429291 0.856616 0.00572225 0.999454 -0.0325286 -0.105529 0.0431372 0.0322522 0.998548 0.0784712 0 0 0 1 
36535719080130;0.433817;0.0470441;0.938939 0.0882841 0.332565 -0.129588 -0.0382027 0.987296 -0.154233 -0.290398 -0.341957 0.13211 0.930383 1.0755 0 0 0 1 
36535719080131;0.251532;0.400184;0.998535 -0.0523496 -0.0136672 0.729878 0.05239 0.998623 0.00261255 -0.104071 0.0135116 -0.00332475 0.999903 0.0434673 0 0 0 1 
36535719080132;0.431426;0.0637389;0.98264 0.0447186 -0.18005 -0.0524067 -0.0353493 0.997865 0.0549149 -0.434199 0.182122 -0.0475969 0.982123 -0.952901 0 0 0 1 
36535719080133;0.541591;0.0447865;0.937691 0.229141 0.261208 0.127102 -0.274876 0.949028 0.154235 0.638228 -0.212552 -0.216425 0.952881 1.5851 0 0 0 1 
36535719080134;0.252306;0.0430728;0.996519 -0.08029 0.022423 -0.123623 0.0812851 0.995549 -0.0476967 -0.459469 -0.0184936 0.0493534 0.99861 -0.22036 0 0 0 1 
36535719080135;0.472023;0.471162;0.973016 -0.0504302 0.225159 0.400308 0.0298048 0.995118 0.0940825 -0.219678 -0.228804 -0.0848329 0.969769 0.887865 0 0 0 1 
36535719080136;0.302061;0.0533399;0.973786 0.201449 -0.105633 0.0690714 -0.213414 0.969828 -0.117847 1.04176 0.0787059 0.137302 0.987397 -0.513839 0 0 0 1 
36535719080137;0.328535;0.0553177;0.968254 0.231898 0.0933129 -0.290079 -0.21633 0.964415 -0.152 0.766388 -0.125241 0.126988 0.983966 0.0916068 0 0 0 1 
36535719080138;0.576365;0.0346117;0.99687 0.0640905 0.0462955 0.627564 -0.0413834 0.921914 -0.385178 0.381083 -0.0673667 0.382056 0.921681 -0.452336 0 0 0 1 
36535719080139;0.521512;0.0541;0.964501 -0.263499 0.0175026 0.400213 0.259651 0.958328 0.119113 -1.65247 -0.0481595 -0.11034 0.992726 0.237858 0 0 0 1 
36535719080140;0.470285;0.0346328;0.890288 0.43192 0.144337 -0.162154 -0.427566 0.901886 -0.061557 1.50971 -0.156763 -0.00691025 0.987612 0.181043 0 0 0 1 
36535719080141;0.30287;0.0450363;0.971606 0.132537 0.195999 -0.381258 -0.148042 0.986734 0.0666362 0.194306 -0.184567 -0.0937603 0.978337 0.650642 0 0 0 1 
36535719080142;0.480003;0.0576196;0.971736 0.203601 0.119477 -0.133703 -0.235164 0.879144 0.414492 0.409691 -0.0206465 -0.430873 0.902176 0.0917412 0 0 0 1 
36535719080143;0.628053;0.502026;0.941864 0.323272 -0.0915837 0.10722 -0.331967 0.937415 -0.105127 1.2617 0.0518673 0.129418 0.990233 -0.278755 0 0 0 1 
36535719080144;0.602003;0.0615119;0.942621 0.240946 -0.231106 0.430023 -0.287276 0.938052 -0.193731 1.3236 0.170111 0.249006 0.953445 -1.50583 0 0 0 1 
36535719080145;0.170435;0.0586478;0.99372 0.111765 0.00538771 -0.00239719 -0.111794 0.993717 0.0052793 0.400852 -0.00476381 -0.00584846 0.999972 0.214799 0 0 0 1 
36535719080146;0.207536;0.0446089;0.980948 0.190729 0.0369291 -0.00768741 -0.18624 0.977341 -0.100598 0.714883 -0.0552793 0.091804 0.994242 0.0697834 0 0 0 1 
36535719080147;0.436345;0.0324124;0.983785 0.174885 -0.0397705 0.397887 -0.171764 0.982528 0.0716659 1.05314 0.0516089 -0.0636727 0.996635 -0.408909 0 0 0 1 
36535719080148;0.640142;0.0334102;0.96477 -0.259755 -0.0417833 1.16751 0.24727 0.949484 -0.193228 -0.0209054 0.0898645 0.176089 0.980264 -0.647362 0 0 0 1 
36535719080149;0.408897;0.036058;0.997325 -0.0562894 -0.0466257 0.202716 0.054054 0.997389 -0.0478926 -0.47511 0.0491998 0.0452442 0.997764 0.432911 0 0 0 1 
36535719080150;0.385378;0.0464132;0.995761 -0.00605789 0.0917767 0.000303388 -0.0104661 0.983885 0.178498 0.434815 -0.091379 -0.178702 0.979651 0.0183164 0 0 0 1 
36535719080151;0.147734;0.0368784;0.991806 0.0211654 0.125984 -0.0932741 -0.0101504 0.996118 -0.0874394 0.092664 -0.127346 0.0854441 0.988171 0.240501 0 0 0 1 
36535719080152;0.417728;0.0487627;0.89627 0.410083 -0.168913 0.169059 -0.387127 0.909207 0.153215 1.11663 0.216408 -0.0719315 0.97365 -0.429413 0 0 0 1 
36535719080153;0.136308;0.0456771;0.989188 -0.127562 0.0723598 0.130987 0.124747 0.991291 0.0421876 -0.365654 -0.0771112 -0.0327047 0.996486 0.255229 0 0 0 1 
36535719080155;0.377066;0.270739;0.99386 -0.0408277 -0.102838 0.484014 0.065649 0.965747 0.251043 -0.0836446 0.0890659 -0.256253 0.962498 0.239112 0 0 0 1 
36535719080156;0.280014;0.194224;0.99189 -0.0729262 -0.104097 0.511196 0.0904863 0.980326 0.175423 -0.0229744 0.089256 -0.18342 0.978974 -0.263545 0 0 0 1 
36535719080157;0.357849;0.144091;0.988629 -0.147966 -0.0267897 0.924957 0.148518 0.932937 0.327979 -0.101049 -0.0235368 -0.328229 0.944305 0.662529 0 0 0 1 
36535719080158;0.214487;0.0715872;0.999225 -0.0382988 -0.00911438 0.379752 0.0387631 0.997572 0.0578518 0.250512 0.00687659 -0.0581603 0.998284 0.279861 0 0 0 1 
36535719080159;0.313033;0.0750067;0.99086 -0.0546595 -0.123327 0.333876 0.026777 0.975734 -0.217315 -0.6608 0.132213 0.212027 0.968279 -0.965936 0 0 0 1 
36535719080160;0.477856;0.173838;0.93733 0.168794 -0.30483 -0.505946 -0.166196 0.985484 0.0346513 0.434394 0.306254 0.0181819 0.951776 -0.819379 0 0 0 1 
36535719080161;0.262671;0.0731925;0.989638 0.139972 0.031997 -0.202196 -0.142484 0.984889 0.0984464 -0.0113198 -0.0177337 -0.101985 0.994628 0.479363 0 0 0 1 
36535719080162;0.249715;0.0648036;0.985254 0.171097 0.000710457 -0.349384 -0.164605 0.94672 0.276815 0.0545796 0.0466896 -0.27285 0.960923 0.0122717 0 0 0 1 
36535719080163;0.453936;0.196508;0.930268 0.165839 -0.32726 0.942945 -0.189942 0.980858 -0.0428781 0.319636 0.313885 0.102049 0.943961 -1.18908 0 0 0 1 
36535719080164;0.466141;0.279862;0.984562 -0.116199 0.1309 0.788416 0.0899255 0.97741 0.191269 0.126674 -0.150168 -0.176545 0.97277 1.09484 0 0 0 1 
36535719080165;0.321246;0.0852583;0.953217 -0.0527026 0.297657 0.00978746 -0.0542784 0.93884 0.34005 -0.198946 -0.297374 -0.340298 0.892057 0.930525 0 0 0 1 
36535719080166;0.389384;0.200586;0.93212 -0.135902 0.335682 0.691426 0.168988 0.983039 -0.0712566 -0.234634 -0.320305 0.123146 0.939276 0.519616 0 0 0 1 
36535719080167;0.40197;0.326715;0.999906 -0.00942867 -0.00991644 0.561726 0.0125477 0.920881 0.389641 0.0178732 0.00545806 -0.389729 0.920913 0.435132 0 0 0 1 
36535719080168;0.210711;0.196227;0.995976 0.0157778 0.0882239 -0.135173 -0.0120304 0.999009 -0.0428475 -0.158652 -0.0888125 0.0416137 0.995179 0.231388 0 0 0 1 
36535719080169;0.371812;0.0632075;0.961251 0.0654089 -0.267801 0.714992 0.00643224 0.965858 0.258993 -0.571238 0.275598 -0.25068 0.928011 -1.0829 0 0 0 1 
36535719080170;0.32738;0.0777125;0.991508 0.106296 0.0749147 -0.19019 -0.100183 0.991657 -0.081117 0.368794 -0.0829121 0.0729231 0.993885 -0.759656 0 0 0 1 
36535719080171;0.334438;0.306407;0.997545 -0.0671011 0.0200175 0.354653 0.0680984 0.996206 -0.0541835 -0.256962 -0.0163058 0.0554136 0.99833 0.181929 0 0 0 1 
36535719080172;0.359248;0.148495;0.984202 0.166877 -0.0591496 0.0966445 -0.154369 0.972416 0.174861 0.696073 0.0866982 -0.162967 0.982815 0.18416 0 0 0 1 
36535719080173;0.299017;0.0645282;0.995171 -0.0733848 -0.0651808 0.188324 0.0651072 0.9905 -0.121122 -0.578196 0.0734501 0.116294 0.990495 -1.09574 0 0 0 1 
36535719080174;0.332371;0.0754263;0.994252 -0.0903605 -0.0574273 0.995136 0.0886937 0.995578 -0.0309441 0.319483 0.0599695 0.0256728 0.99787 -0.466461 0 0 0 1 
36535719080175;0.258801;0.0786287;0.981575 -0.111862 -0.154909 0.321028 0.102344 0.992413 -0.068137 -0.0183897 0.161355 0.0510277 0.985576 -1.07354 0 0 0 1 
36535719080176;0.244373;0.0590679;0.96974 0.0880479 0.22771 -0.268381 -0.108494 0.990964 0.0788683 0.182064 -0.218708 -0.101187 0.97053 0.580954 0 0 0 1 
36535719080177;0.307368;0.270243;0.996661 -0.0572713 0.0581972 0.305694 0.0411663 0.967989 0.247592 -0.0654825 -0.0705141 -0.244369 0.967115 0.866796 0 0 0 1 
36535719080178;0.333626;0.0729548;0.92444 0.0557084 -0.377238 0.661641 -0.0103272 0.992566 0.121269 -0.0897472 0.381189 -0.10821 0.918142 -0.656452 0 0 0 1 
36535719080179;0.112272;0.0745038;0.996789 -0.019126 -0.0777535 0.162066 0.0223303 0.998928 0.0405525 0.0677079 0.0768946 -0.0421585 0.996148 -0.366051 0 0 0 1 
36535719080180;0.447488;0.397965;0.995675 0.0918852 -0.0137173 0.799123 -0.089589 0.988716 0.120057 -0.314375 0.024594 -0.118309 0.992672 -0.218165 0 0 0 1 
36535719080181;0.181751;0.160256;0.985889 -0.0540542 0.158436 -0.0554656 0.0636424 0.996396 -0.0560789 -0.295567 -0.154833 0.0653708 0.985775 0.164752 0 0 0 1 
36535719080182;0.227052;0.110075;0.977778 -0.0767561 0.195085 0.238755 0.108923 0.981103 -0.159915 -0.195103 -0.179124 0.177611 0.967662 0.0270736 0 0 0 1 
36535719080183;0.271702;0.0707526;0.984555 -0.0811528 -0.155131 0.979168 0.0992839 0.988629 0.11294 -0.28169 0.144202 -0.126597 0.981417 -0.41861 0 0 0 1 
36535719080184;0.317465;0.0824478;0.959671 0.183699 -0.212805 0.398093 -0.0793958 0.903264 0.421675 -0.303265 0.26968 -0.387773 0.881422 -0.469622 0 0 0 1 
36535719080186;0.390645;0.172939;0.907241 -0.0680444 0.415072 -0.0238335 0.187115 0.949094 -0.253396 -0.51231 -0.3767 0.307557 0.873788 1.58435 0 0 0 1 
36535719080187;0.111223;0.141627;0.99955 0.0184907 0.0236316 -0.0177527 -0.018578 0.999821 0.00347823 -0.0733835 -0.0235631 -0.00391569 0.999715 -0.0117526 0 0 0 1 
36535719080188;0.65823;0.204086;0.874666 0.476454 0.0891715 0.0462755 -0.479732 0.877219 0.0185155 1.90993 -0.0694012 -0.0589733 0.995844 1.11313 0 0 0 1 
36535719080189;0.357007;0.173419;0.999567 0.00654382 0.0286988 -0.766921 -0.00691773 0.999892 0.012949 0.329699 -0.028611 -0.0131419 0.999504 -0.468578 0 0 0 1 
36535719080190;0.473164;0.964624;0.92311 -0.383083 0.0334032 -1.46521 0.383323 0.923614 -0.00083799 -2.46015 -0.0305307 0.0135778 0.999442 0.0823208 0 0 0 1 
36535719080191;0.28216;0.168285;0.980274 0.196796 -0.0182886 -0.330358 -0.193348 0.97404 0.117738 0.748948 0.0409842 -0.111879 0.992876 -0.721199 0 0 0 1 
36535719080192;0.431029;0.156282;0.984612 -0.162329 0.0647221 -0.916686 0.167077 0.982987 -0.0763018 -0.440139 -0.0512351 0.0859412 0.994982 0.492555 0 0 0 1 
36535719080193;0.312078;0.168566;0.990915 -0.134334 0.00642396 -0.11533 0.129912 0.968463 0.212609 -1.11544 -0.0347819 -0.209843 0.977116 -0.389439 0 0 0 1 
36535719080194;0.164987;0.173021;0.984346 0.175966 0.00992145 -0.208586 -0.176078 0.984305 0.0118499 0.659485 -0.00768055 -0.0134113 0.999881 -0.0521388 0 0 0 1 
36535719080195;0.354366;0.174657;0.979641 -0.036016 0.1975 -0.0307383 0.035304 0.999351 0.00712577 -0.570752 -0.197629 -8.14609e-06 0.980277 0.203667 0 0 0 1 
36535719080196;0.523582;0.156027;0.985596 0.158186 0.0598058 -0.582354 -0.168326 0.883504 0.437134 0.796501 0.0163099 -0.440905 0.897406 -0.708406 0 0 0 1 
36535719080197;0.379637;0.163651;0.978296 -0.179964 -0.102717 0.0636697 0.186241 0.980957 0.0551202 -1.06324 0.0908418 -0.073054 0.993182 -1.19939 0 0 0 1 
36535719080198;0.253973;0.167978;0.982061 -0.149848 0.114463 -0.242056 0.159733 0.983692 -0.0826766 -0.842368 -0.100207 0.099477 0.989981 0.758312 0 0 0 1 
36535719080199;0.451651;0.168212;0.989468 0.14182 0.0289886 -0.778862 -0.141892 0.989882 0.000438603 0.91135 -0.0286331 -0.00454725 0.99958 0.657119 0 0 0 1 
36535719080200;0.601292;1.13691;0.932703 -0.297569 0.203758 -1.27286 0.310522 0.949954 -0.0341019 -2.41603 -0.183413 0.0950783 0.978427 1.27735 0 0 0 1 
36535719080201;0.316883;0.185883;0.875765 0.084138 0.47535 -0.0611428 0.00507903 0.983033 -0.183357 -0.0595727 -0.482712 0.162991 0.860478 2.30003 0 0 0 1 
36535719080202;0.389074;0.16461;0.97175 0.226054 0.067839 -0.339278 -0.227945 0.973438 0.0214546 1.34075 -0.0611872 -0.036312 0.997466 -0.371816 0 0 0 1 
36535719080203;0.247825;0.168239;0.970835 -0.237997 0.0289226 -0.224684 0.236222 0.970184 0.0542488 -1.25992 -0.0409713 -0.0458345 0.998108 0.269347 0 0 0 1 
36535719080204;0.323434;0.15446;0.997598 -0.0523247 0.0454009 -0.333749 0.0514791 0.998482 0.0195989 -1.02256 -0.0463575 -0.0172147 0.998777 -0.129836 0 0 0 1 
36535719080205;0.326801;0.173444;0.957336 -0.0633868 0.28194 0.0399313 0.15386 0.937664 -0.311629 -0.626454 -0.244612 0.341713 0.907413 1.02163 0 0 0 1 
36535719080206;0.360649;0.15519;0.994164 0.101293 0.0371178 -0.365045 -0.101067 0.994848 -0.00791396 1.11052 -0.0377282 0.00411638 0.99928 0.000284382 0 0 0 1 
36535719080207;0.378318;0.165811;0.999422 -0.02832 0.0188093 0.505239 0.0282347 0.99959 0.00478341 -0.311322 -0.018937 -0.00424957 0.999812 0.106718 0 0 0 1 
36535719080208;0.281021;0.156791;0.978807 -0.0605153 0.195637 -0.446583 0.0527471 0.997608 0.0446809 -0.553444 -0.197873 -0.0334146 0.979658 1.32343 0 0 0 1 
36535719080209;0.41046;0.163439;0.95276 -0.291176 0.0863982 -0.412788 0.27072 0.943105 0.193038 -2.01894 -0.137691 -0.160529 0.97738 0.707709 0 0 0 1 
36535719080210;0.243944;0.169876;0.974347 0.151716 0.166222 0.0897501 -0.159506 0.986595 0.03448 0.404335 -0.158762 -0.0601088 0.985485 0.656535 0 0 0 1 
36535719080211;0.419439;0.154892;0.927141 0.37469 0.00412161 -0.269374 -0.374694 0.927148 0.000435462 1.24971 -0.00365818 -0.00194808 0.999991 -0.0341192 0 0 0 1 
36535719080212;0.411637;0.178232;0.953853 0.271015 0.129289 0.22622 -0.268896 0.962572 -0.03391 0.569859 -0.13364 -0.00242015 0.991027 0.781523 0 0 0 1 
36535719080213;0.271077;0.161658;0.971787 -0.186997 -0.143746 -0.260162 0.159661 0.970128 -0.182646 -0.966107 0.173607 0.154543 0.972614 -1.0646 0 0 0 1 
36535719080214;0.356981;0.14178;0.949856 0.154324 -0.27195 -0.171584 -0.162547 0.98667 -0.00783244 0.373697 0.267117 0.0516446 0.962279 -0.954613 0 0 0 1 
36535719080215;0.558879;0.167487;0.962028 0.214264 0.169094 -0.26056 -0.160056 0.94465 -0.286388 0.767408 -0.221097 0.248448 0.943074 1.9688 0 0 0 1 
36535719080217;0.267916;0.0314438;0.967718 -0.178997 -0.177431 0.549941 0.156318 0.978497 -0.134566 -0.274672 0.197702 0.102486 0.97489 -0.934841 0 0 0 1 
36535719080218;0.403611;0.0272963;0.997225 0.0744415 -5.22823e-05 -0.316998 -0.0744168 0.996912 0.0250827 0.700662 0.00191932 -0.0250093 0.999685 0.459626 0 0 0 1 
36535719080219;0.612805;0.505126;0.998304 -0.0129657 0.0567479 -0.129422 0.0126617 0.999904 0.00571273 0.0647932 -0.0568165 -0.00498451 0.998372 0.71312 0 0 0 1 
36535719080220;0.465305;0.0332619;0.970783 -0.120044 -0.207773 0.429561 0.0994988 0.989301 -0.106693 0.147516 0.218358 0.0829026 0.972341 -1.44237 0 0 0 1 
36535719080221;0.397154;0.026184;0.978217 -0.202436 0.0459439 -0.183349 0.192591 0.967643 0.163022 -0.825468 -0.0774588 -0.150622 0.985552 -0.108915 0 0 0 1 
36535719080222;0.388852;0.0266151;0.984169 -0.104783 0.142943 -0.434788 0.139139 0.956363 -0.256926 -0.249683 -0.109784 0.272748 0.955801 0.21452 0 0 0 1 
36535719080223;0.332061;0.0276881;0.928879 -0.191492 -0.31704 0.862372 0.168488 0.980747 -0.0987264 -0.653486 0.329842 0.0382875 0.943259 -0.874271 0 0 0 1 
36535719080224;0.591626;0.0370258;0.99432 0.0971616 0.0434532 -0.391634 -0.0793063 0.948606 -0.306361 1.2002 -0.0709865 0.301174 0.950923 0.420537 0 0 0 1 
36535719080225;0.418431;0.309064;0.990714 -0.0465716 0.127735 -0.152135 0.0450414 0.998875 0.0148437 0.00509664 -0.128282 -0.00895255 0.991697 0.704145 0 0 0 1 
36535719080226;0.434396;0.0287488;0.924479 0.336408 -0.179357 -0.0460909 -0.342813 0.93939 -0.00504394 1.39413 0.16679 0.066149 0.983771 -0.347127 0 0 0 1 
36535719080227;0.258425;0.0284436;0.980718 0.171314 0.0940415 -0.0726027 -0.175801 0.983545 0.0416436 0.40024 -0.0853598 -0.0573732 0.994697 0.58012 0 0 0 1 
36535719080228;0.348273;0.0330189;0.957539 -0.200765 0.206912 0.142955 0.209718 0.977513 -0.0220497 -0.313989 -0.197833 0.0645066 0.978111 0.857464 0 0 0 1 
36535719080229;0.349476;0.027635;0.99465 0.0562983 0.0866168 -0.1975 -0.0418534 0.98617 -0.160364 0.126969 -0.0944471 0.155881 0.98325 -0.429092 0 0 0 1 
36535719080230;0.507963;0.543124;0.941496 -0.0241245 0.336159 -0.137618 0.0342971 0.999115 -0.0243559 0.0895004 -0.335274 0.0344603 0.94149 0.662624 0 0 0 1 
36535719080231;0.499847;0.0285655;0.99995 0.000946146 -0.00994422 -0.299482 -0.000692769 0.999676 0.0254525 -0.429017 0.00996508 -0.0254443 0.999627 -0.85747 0 0 0 1 
36535719080232;0.400636;0.0333484;0.974641 -0.205165 0.0893402 0.202007 0.173847 0.945603 0.274975 -0.476833 -0.140896 -0.252471 0.957291 1.02513 0 0 0 1 
36535719080233;0.232565;0.0304936;0.984772 0.058516 -0.163709 0.0673561 -0.0403378 0.992862 0.112241 0.0360414 0.169108 -0.103928 0.980103 -0.110772 0 0 0 1 
36535719080234;0.243089;0.0259239;0.999981 0.00585238 0.00206307 0.197811 -0.00582477 0.999897 -0.0131466 0.121094 -0.00213979 0.0131343 0.999911 -0.448916 0 0 0 1 
36535719080235;0.336455;0.282028;0.997844 -0.0254612 -0.060484 0.0426313 0.0298824 0.996858 0.0733535 0.0521952 0.0584263 -0.0750028 0.99547 0.0261097 0 0 0 1 
36535719080236;0.526732;0.0243678;0.959043 -0.131529 0.250872 0.569697 0.0744964 0.971597 0.224609 -0.553433 -0.27329 -0.196721 0.941602 1.66675 0 0 0 1 
36535719080237;0.707625;0.487363;0.999938 0.00421908 -0.0103292 0.0713776 -0.00440304 0.999831 -0.0178519 0.127579 0.0102521 0.0178963 0.999787 0.701273 0 0 0 1 
36535719080238;0.378354;0.0287441;0.980944 0.180229 -0.0725717 0.363441 -0.162479 0.965765 0.202232 0.729388 0.106535 -0.186587 0.976645 -0.181724 0 0 0 1 
36535719080239;0.260619;0.0266395;0.999352 -0.0303452 0.0193489 0.410235 0.03015 0.999492 0.0102997 -0.166967 -0.0196516 -0.00970963 0.99976 0.370004 0 0 0 1 
36535719080240;0.347346;0.0254439;0.997446 0.00494055 0.0712506 -0.0304315 0.0218827 0.928487 -0.37072 0.338212 -0.0679868 0.371332 0.926008 -0.313679 0 0 0 1 
36535719080241;0.461675;0.022603;0.945057 0.145605 0.292689 -0.21546 -0.0692621 0.964187 -0.256018 -0.208822 -0.319485 0.221679 0.921297 0.678698 0 0 0 1 
36535719080242;0.184835;0.0276566;0.992324 0.10209 0.0697856 -0.148176 -0.103396 0.994522 0.0153511 0.0187233 -0.0678361 -0.0224489 0.997444 0.138028 0 0 0 1 
36535719080243;0.50255;0.5261;0.99981 -0.00612236 0.0185001 0.0122871 0.00672765 0.999438 -0.0328351 0.0847927 -0.0182887 0.0329534 0.99929 -0.197236 0 0 0 1 
36535719080244;0.3548;0.0373614;0.920469 0.256896 0.294517 -0.237511 -0.274873 0.96126 0.0206026 0.622237 -0.277815 -0.0999187 0.955424 1.11588 0 0 0 1 
36535719080245;0.421326;0.0332246;0.969609 0.121884 -0.212137 0.485194 -0.142764 0.986012 -0.0860132 0.569496 0.198687 0.113685 0.973447 -1.28845 0 0 0 1 
36535719080246;0.428678;0.0335789;0.967638 0.252341 -0.000644207 0.121388 -0.251381 0.96373 -0.0896252 1.09026 -0.0219952 0.0868867 0.995975 -0.499897 0 0 0 1 
36535719080248;0.279109;0.0184403;0.99991 -0.0102838 -0.00861942 0.776285 0.0102837 0.999947 -5.53769e-05 0.223943 0.00861954 -3.32676e-05 0.999963 -0.369497 0 0 0 1 
36535719080249;0.148582;0.0400144;0.997515 -0.0696978 -0.0102593 -0.200006 0.0697145 0.997566 0.00127024 -0.196488 0.0101458 -0.00198231 0.999947 -0.181872 0 0 0 1 
36535719080250;0.310686;0.0410197;0.996944 -0.00869484 0.0776334 -0.20895 0.00866648 0.999962 0.000702251 0.232802 -0.0776366 -2.72958e-05 0.996982 -0.676947 0 0 0 1 
36535719080251;0.298484;0.066942;0.9995 0.0199634 -0.0245353 -0.388848 -0.0186672 0.998474 0.0519695 0.591729 0.0255354 -0.0514854 0.998347 0.175352 0 0 0 1 
36535719080252;0.364884;0.270967;0.975764 -0.153836 -0.155625 1.29089 0.153735 0.98803 -0.0127551 -0.529155 0.155725 -0.0114791 0.987734 -0.316412 0 0 0 1 
36535719080253;0.298099;0.249865;0.996787 -0.0735659 -0.0316923 0.707201 0.0717146 0.995849 -0.0560522 -0.145908 0.0356843 0.0535993 0.997925 -0.579043 0 0 0 1 
36535719080254;0.413793;0.340093;0.995637 -0.0883034 -0.0301431 0.281706 0.0799821 0.974065 -0.21166 0.237068 0.0480517 0.208326 0.976878 -0.412711 0 0 0 1 
36535719080255;0.265645;0.0361263;0.995362 -0.0708116 0.0651104 -0.0654543 0.0859486 0.958637 -0.271345 -0.234132 -0.0432029 0.275682 0.960277 0.245177 0 0 0 1 
36535719080256;0.228269;0.0781771;0.971331 0.237542 -0.00946919 -0.0152121 -0.237523 0.971377 0.00317274 0.471044 0.00995181 -0.000832636 0.99995 -0.0665313 0 0 0 1 
36535719080257;0.266234;0.038284;0.999167 -0.0404216 -0.00560281 -0.60727 0.0405783 0.998681 0.0314465 -0.29028 0.00432431 -0.0316476 0.99949 -0.0826185 0 0 0 1 
36535719080258;0.327944;0.036287;0.998618 -0.0463323 -0.0248096 0.680018 0.0467151 0.998794 0.01508 -0.66647 0.024081 -0.0162181 0.999578 0.531295 0 0 0 1 
36535719080259;0.241821;0.0391936;0.983438 0.159422 -0.0862238 0.263403 -0.158655 0.987209 0.0157231 0.158043 0.0876275 -0.00178282 0.996152 -0.630437 0 0 0 1 
