#;prob_registration_l1 -r /home/probabilistic_point_clouds_registration/build/tester /home/point_clouds_registration_benchmark//devel/registration_pairs/hauptgebaude_local.txt /home/point_clouds_registration_benchmark//eth/hauptgebaude -s 0.2 -t 0.2 -p 0.3 -r 1000 -m 25 -i 40 
id;initial_error;final_error;transformation
3394309160000;0.248226;0.0170068;0.999293 -0.00322305 0.0374698 0.527461 0.00168971 0.999163 0.0408818 -0.0487813 -0.0375702 -0.0407896 0.998461 -0.0167148 0 0 0 1 
3394309160001;0.28369;0.0125197;0.993024 0.115132 -0.0254474 -0.400792 -0.113414 0.991676 0.0609556 0.845995 0.0322535 -0.0576443 0.997816 -0.624853 0 0 0 1 
3394309160002;0.278932;0.0149211;0.976841 -0.00745642 0.213837 -0.124306 0.00525808 0.999927 0.0108474 -0.0897984 -0.213903 -0.00947178 0.976809 0.750232 0 0 0 1 
3394309160003;0.0682056;0.0143772;0.995398 -0.0915816 0.028201 0.0368289 0.0920134 0.995653 -0.0144113 -0.599234 -0.0267587 0.0169399 0.999498 0.199446 0 0 0 1 
3394309160004;0.286924;0.017621;0.999077 0.038987 -0.0180077 0.541035 -0.0387951 0.999188 0.0108864 0.726203 0.0184175 -0.0101777 0.999779 -0.278703 0 0 0 1 
3394309160005;0.492031;0.0806046;0.909521 0.38122 0.165657 -0.44107 -0.404474 0.903551 0.141408 2.54872 -0.0957714 -0.195617 0.975993 0.246964 0 0 0 1 
3394309160006;0.393899;0.0148685;0.987971 0.023796 0.152798 -0.244547 -0.0249957 0.99967 0.00593482 0.539921 -0.152607 -0.00968273 0.98824 1.92009 0 0 0 1 
3394309160007;0.411602;0.0152998;0.884305 -0.338269 0.321836 0.371094 0.344391 0.937991 0.0396063 -2.09477 -0.315276 0.0758131 0.945967 1.44094 0 0 0 1 
3394309160008;0.42721;0.32026;0.955543 -0.293077 -0.0322992 1.30283 0.293617 0.955829 0.0133903 -1.91894 0.0269482 -0.0222786 0.999389 0.779171 0 0 0 1 
3394309160009;0.395375;0.0168027;0.97823 -0.200247 -0.0544682 0.438962 0.194976 0.976743 -0.0892098 -1.46651 0.0710655 0.0766478 0.994522 0.431224 0 0 0 1 
3394309160010;0.216746;0.0145029;0.991877 -0.00547175 -0.127084 -0.108221 -0.0164771 0.98513 -0.171018 0.488984 0.12613 0.171723 0.977038 -0.556392 0 0 0 1 
3394309160011;0.228138;0.781832;0.949485 -0.221603 -0.222193 2.5051 0.244199 0.966449 0.0796391 -1.74353 0.19709 -0.129875 0.971745 -1.08662 0 0 0 1 
3394309160012;0.324315;0.841225;0.944515 -0.326417 -0.0366625 1.93953 0.328056 0.931839 0.155095 -2.32694 -0.016462 -0.158517 0.987219 -0.163656 0 0 0 1 
3394309160013;0.268523;0.0172695;0.997762 0.0599477 -0.0296049 0.612308 -0.0600555 0.998191 -0.00276734 0.0896894 0.0293855 0.00453908 0.999558 -0.415553 0 0 0 1 
3394309160014;0.217364;0.013771;0.999767 0.0181262 0.0117039 0.00190454 -0.0201579 0.978116 0.20708 -0.321503 -0.00769423 -0.207268 0.978254 0.31251 0 0 0 1 
3394309160015;0.198549;0.0140097;0.97199 0.108212 0.208628 -0.26063 -0.103253 0.994055 -0.0345471 0.722287 -0.211126 0.0120379 0.977385 1.47378 0 0 0 1 
3394309160016;0.362241;0.01572;0.888022 -0.221602 0.402877 0.525496 0.218531 0.974322 0.054237 -1.68185 -0.40455 0.0398775 0.913646 3.20081 0 0 0 1 
3394309160017;0.403444;0.0183286;0.924473 -0.27263 0.266501 -0.482542 0.265159 0.962054 0.0643628 -1.26435 -0.273935 0.0111634 0.961683 1.83097 0 0 0 1 
3394309160018;0.415951;0.0172277;0.959044 0.267197 0.0940193 -0.648826 -0.271683 0.961618 0.0384448 1.94368 -0.0801383 -0.0624138 0.994828 0.40997 0 0 0 1 
3394309160019;0.389264;0.0176853;0.967346 0.253215 -0.0111635 0.0512556 -0.253189 0.96741 0.00377316 1.30428 0.0117551 -0.000823477 0.999931 -0.827785 0 0 0 1 
3394309160020;0.355901;0.0141797;0.944083 -0.158974 -0.288849 0.846926 0.0649581 0.948591 -0.309766 0.00589553 0.323244 0.273682 0.905876 -1.65516 0 0 0 1 
3394309160021;0.307009;0.0135686;0.99121 -0.120616 -0.0543497 0.629439 0.12989 0.965261 0.226717 -1.13883 0.0251159 -0.231783 0.972443 -0.286019 0 0 0 1 
3394309160022;0.159878;0.0143887;0.979282 -0.0363652 0.199211 -0.265323 0.0519017 0.995956 -0.0733304 -0.263095 -0.195739 0.0821505 0.977209 1.28717 0 0 0 1 
3394309160023;0.179015;0.0101475;0.995429 -0.0433305 0.085107 -0.154435 0.0452687 0.998755 -0.020977 -0.33326 -0.0840921 0.0247338 0.996151 0.141106 0 0 0 1 
3394309160024;0.448507;0.295359;0.977104 -0.20308 0.0634542 0.654377 0.201648 0.97905 0.0282738 -0.9908 -0.0678667 -0.0148311 0.997584 1.3119 0 0 0 1 
3394309160025;0.259237;0.016802;0.986993 0.160697 -0.0045985 -0.101244 -0.160336 0.986055 0.0445943 1.03843 0.0117005 -0.0432769 0.998995 -0.58525 0 0 0 1 
3394309160026;0.300277;0.0184762;0.994592 0.0810955 0.0648847 0.328272 -0.0773803 0.995321 -0.0578602 -0.0740376 -0.0692733 0.0525265 0.996214 0.780719 0 0 0 1 
3394309160027;0.421694;0.556522;0.958299 -0.221709 -0.180303 1.84668 0.257529 0.943486 0.208598 -2.54498 0.123865 -0.246332 0.961238 -0.276858 0 0 0 1 
3394309160028;0.443835;0.0164316;0.924488 0.107472 0.365747 -0.0841272 0.00511948 0.95585 -0.29381 0.787498 -0.381176 0.273496 0.883122 2.3492 0 0 0 1 
3394309160029;0.512116;0.0140649;0.998885 -0.0232348 0.0410929 0.279436 0.0361953 0.935779 -0.350725 0.47444 -0.0303049 0.351821 0.935576 -0.627849 0 0 0 1 
3394309160031;0.426851;0.486614;0.966946 -0.197024 -0.161852 1.36758 0.216214 0.970028 0.110896 -0.717346 0.135152 -0.142225 0.980564 -0.833664 0 0 0 1 
3394309160032;0.353703;0.147686;0.932323 -0.350135 -0.0904396 0.234416 0.351639 0.936135 0.000747838 0.106786 0.0844019 -0.0324994 0.995902 -0.0410734 0 0 0 1 
3394309160033;0.139215;0.0176;0.994153 -0.029066 -0.103999 0.0338499 0.0243398 0.998625 -0.0464284 -0.198299 0.105205 0.0436256 0.993493 0.135302 0 0 0 1 
3394309160034;0.389775;0.0431779;0.930737 0.363535 -0.0396299 -0.329413 -0.360868 0.930597 0.0613538 0.323941 0.0591837 -0.0428031 0.997329 -0.584344 0 0 0 1 
3394309160035;0.19696;0.0146933;0.977127 0.171691 -0.125479 0.0660271 -0.185866 0.976213 -0.111636 0.445087 0.103327 0.132404 0.985795 -0.0746698 0 0 0 1 
3394309160036;0.370886;0.0209409;0.937416 -0.346272 -0.0366946 -0.27498 0.345682 0.912749 0.217699 -0.457184 -0.0418901 -0.216759 0.975326 0.380207 0 0 0 1 
3394309160037;0.384635;0.0116166;0.912208 -0.250912 0.323914 -0.245307 0.187156 0.958433 0.215356 -0.783561 -0.364486 -0.135827 0.92125 0.082606 0 0 0 1 
3394309160038;0.368064;0.0239019;0.94959 0.313071 -0.0163116 -0.646822 -0.313199 0.945138 -0.0928441 0.635844 -0.0136501 0.0932725 0.995547 -0.029806 0 0 0 1 
3394309160039;0.0746977;0.0112666;0.999524 0.00650316 0.0301585 -0.123415 -0.00672692 0.999951 0.00732417 -0.0202431 -0.0301094 -0.00752356 0.999518 -0.101702 0 0 0 1 
3394309160040;0.279481;0.0166578;0.92807 -0.330868 0.170915 0.100555 0.312534 0.941558 0.125666 -0.563242 -0.202505 -0.0632099 0.977239 0.394731 0 0 0 1 
3394309160041;0.389623;0.0889707;0.905559 -0.424156 0.00743854 0.704311 0.422542 0.903395 0.0730514 -0.543433 -0.0377051 -0.0630093 0.9973 0.0271264 0 0 0 1 
3394309160042;0.283783;0.0187119;0.986097 -0.166024 0.00704567 -0.456766 0.166029 0.986121 -0.000140041 -0.0935794 -0.00692464 0.00130788 0.999975 -0.338534 0 0 0 1 
3394309160043;0.314339;0.0119079;0.9983 0.0580703 0.0050385 0.217009 -0.0579654 0.979961 0.190568 -0.0700245 0.00612882 -0.190536 0.981661 0.675405 0 0 0 1 
3394309160044;0.531805;0.040344;0.893269 0.42547 -0.145072 -0.571383 -0.409765 0.903392 0.126393 0.672473 0.184833 -0.0534575 0.981315 0.443763 0 0 0 1 
3394309160045;0.395186;0.376232;0.990004 0.0839108 0.11336 -0.222013 -0.0739439 0.993244 -0.0894404 -0.0819612 -0.120099 0.0801641 0.98952 0.117422 0 0 0 1 
3394309160046;0.217132;0.0134879;0.990093 -0.140402 0.00172349 0.170876 0.140376 0.990041 0.0106097 -0.599863 -0.00319595 -0.0102626 0.999942 0.145817 0 0 0 1 
3394309160047;0.371665;0.0108362;0.975781 -0.153399 0.155951 -0.0704555 0.168824 0.981442 -0.0909402 0.0952485 -0.139107 0.115066 0.98357 -0.592329 0 0 0 1 
3394309160048;0.441321;0.0667017;0.916259 0.333613 0.221749 -0.475478 -0.282287 0.930484 -0.23348 0.708169 -0.284226 0.151331 0.946739 0.67298 0 0 0 1 
3394309160049;0.529697;0.335393;0.96894 -0.239868 -0.0601606 0.0921969 0.244211 0.966414 0.0800304 -0.722892 0.0389433 -0.0922365 0.994975 -0.0980012 0 0 0 1 
3394309160050;0.242722;0.00871802;0.984033 -0.123121 0.12853 -0.00192844 0.124045 0.992276 0.000818133 -0.202341 -0.127638 0.0151384 0.991705 0.668954 0 0 0 1 
3394309160051;0.288745;0.0174403;0.976772 -0.0180712 0.213517 -0.22923 -0.00442916 0.994522 0.104434 -0.0771342 -0.214235 -0.102954 0.971341 0.872523 0 0 0 1 
3394309160052;0.346607;0.0196022;0.995873 0.0892115 0.0166927 0.0548453 -0.0893836 0.995948 0.00986773 0.00662848 -0.0157447 -0.0113191 0.999812 -0.794176 0 0 0 1 
3394309160053;0.177457;0.0157321;0.992847 -0.00655529 0.11921 -0.329104 0.00648145 0.999978 0.00100706 -0.214943 -0.119214 -0.000227203 0.992869 0.403967 0 0 0 1 
3394309160054;0.393365;0.0125669;0.997631 -0.03663 -0.0582363 0.657766 0.0464314 0.983108 0.177039 -0.69324 0.0507677 -0.179323 0.982479 0.430838 0 0 0 1 
3394309160055;0.395101;0.0155056;0.998353 -0.0555794 0.0142197 0.716707 0.0565338 0.995264 -0.0790821 0.189225 -0.00975698 0.0797558 0.996767 -0.544248 0 0 0 1 
3394309160056;0.394726;0.0116114;0.984926 0.17227 0.0156333 -0.586473 -0.172619 0.973036 0.152983 0.433696 0.0111426 -0.153376 0.988105 -0.47517 0 0 0 1 
3394309160057;0.649395;0.0148791;0.928181 0.365575 0.0695352 -0.95045 -0.330931 0.896342 -0.295052 1.37006 -0.170191 0.25085 0.952948 0.538024 0 0 0 1 
3394309160058;0.444142;0.0181197;0.973854 0.226943 0.0102948 -0.359394 -0.226134 0.972726 -0.0516583 0.657327 -0.0217375 0.0479796 0.998612 0.86652 0 0 0 1 
3394309160059;0.406193;0.370473;0.985451 0.005212 0.16988 0.485321 0.000639517 0.999409 -0.034372 -0.525399 -0.169959 0.0339806 0.984865 0.625776 0 0 0 1 
3394309160060;0.43448;0.0979734;0.929584 0.366626 -0.0381987 0.00159954 -0.367933 0.916595 -0.156456 0.585484 -0.0223482 0.159494 0.986946 -0.49561 0 0 0 1 
3394309160062;0.235158;0.00698587;0.951747 -0.262993 0.158151 0.45987 0.277869 0.957251 -0.0803733 -6.10618 -0.130252 0.12044 0.984138 2.90203 0 0 0 1 
3394309160063;0.42419;0.031447;0.976293 0.216097 -0.0124376 0.746089 -0.215809 0.976207 0.0211119 4.4451 0.0167039 -0.0179272 0.9997 0.608478 0 0 0 1 
3394309160064;0.439802;0.9497;0.893953 0.406661 0.188346 -0.459633 -0.410642 0.911595 -0.0191946 9.04842 -0.179501 -0.0601836 0.981915 3.66106 0 0 0 1 
3394309160065;0.350677;0.0251667;0.987515 0.0835647 0.133531 0.254808 -0.0860591 0.996205 0.0130085 1.30483 -0.131937 -0.0243376 0.990959 2.19661 0 0 0 1 
3394309160066;0.242534;0.0202269;0.999283 0.0103995 -0.036412 -0.183894 -0.0179053 0.977031 -0.212342 0.182614 0.0333674 0.212841 0.976517 -0.198445 0 0 0 1 
3394309160067;0.392633;0.237154;0.993456 0.109329 0.0330413 -0.281862 -0.106702 0.991615 -0.0728944 2.46848 -0.0407337 0.0688919 0.996792 0.756022 0 0 0 1 
3394309160068;0.328762;0.0205961;0.989071 0.146312 0.0182196 0.222009 -0.147438 0.982433 0.1144 3.69687 -0.00116136 -0.115836 0.993268 -0.451232 0 0 0 1 
3394309160069;0.0998438;0.0295212;0.999809 0.0177739 -0.00807501 0.200735 -0.0177741 0.999842 4.78059e-05 0.409981 0.00807458 9.57292e-05 0.999967 -0.253839 0 0 0 1 
3394309160070;0.429464;0.0438077;0.91735 0.289146 0.273612 1.36179 -0.348746 0.91516 0.202135 7.50144 -0.191952 -0.280849 0.940361 4.25161 0 0 0 1 
3394309160071;0.0989399;0.0248152;0.99832 0.0566832 -0.0120356 0.0471988 -0.0566224 0.998381 0.00533994 1.20776 0.0123188 -0.00464949 0.999913 -0.466237 0 0 0 1 
3394309160072;0.334886;0.00889515;0.937408 -0.347444 -0.0234262 1.08635 0.344561 0.91568 0.206901 -7.95247 -0.0504354 -0.202022 0.978081 0.680983 0 0 0 1 
3394309160073;0.372916;0.0100149;0.989588 -0.143931 -0.000256898 0.841867 0.143932 0.989585 0.00229785 -3.23572 -7.65107e-05 -0.0023109 0.999997 0.367034 0 0 0 1 
3394309160074;0.236373;0.0156008;0.983283 -0.177077 -0.0424104 0.282138 0.179683 0.981332 0.0685623 -4.06126 0.0294778 -0.0750365 0.996745 -1.12878 0 0 0 1 
3394309160075;0.259352;0.0185684;0.979116 0.0761965 -0.188483 0.723418 -0.123498 0.959367 -0.2537 2.94984 0.161494 0.271679 0.948741 -3.25968 0 0 0 1 
3394309160076;0.21267;0.0302018;0.974532 0.174005 0.141458 0.415374 -0.160543 0.98178 -0.101655 3.78828 -0.156569 0.0763561 0.984711 3.62919 0 0 0 1 
3394309160077;0.259302;0.0230842;0.989158 0.140502 -0.0427363 0.236937 -0.145498 0.977097 -0.15528 3.26263 0.0199403 0.159815 0.986946 0.315653 0 0 0 1 
3394309160078;0.466153;0.199596;0.955004 -0.233903 0.182364 0.552801 0.257048 0.959476 -0.115469 -5.53427 -0.147965 0.157149 0.976427 4.12328 0 0 0 1 
3394309160079;0.423773;0.0116928;0.967173 -0.160352 0.197139 -0.330754 0.184348 0.976688 -0.109987 -3.86001 -0.174907 0.142719 0.974186 3.29768 0 0 0 1 
3394309160080;0.255153;0.0245104;0.992691 0.00796442 0.120423 0.0710745 0.00999283 0.98897 -0.147781 -0.01841 -0.120272 0.147905 0.981661 2.31437 0 0 0 1 
3394309160081;0.296072;0.02561;0.997353 -0.066591 0.0291914 0.284758 0.066662 0.997775 -0.00146257 -0.829156 -0.029029 0.00340466 0.999573 0.548855 0 0 0 1 
3394309160082;0.355531;0.218077;0.975899 -0.196545 -0.0948197 0.752775 0.191667 0.979735 -0.0581565 -4.4799 0.104329 0.0385811 0.993794 -2.25237 0 0 0 1 
3394309160083;0.180325;0.0132588;0.997476 -0.0697446 -0.0132827 -0.0585103 0.0709975 0.979004 0.191079 -1.92622 -0.00032294 -0.19154 0.981485 -0.0766362 0 0 0 1 
3394309160084;0.188147;0.00938262;0.99791 -0.0250876 -0.0595575 -0.0920797 0.0240734 0.999554 -0.0176859 -0.329085 0.0599746 0.0162152 0.998068 -1.65115 0 0 0 1 
3394309160085;0.149775;0.0244311;0.997272 0.0130633 0.0726556 -0.141294 -0.0249155 0.986028 0.164705 0.221039 -0.0694888 -0.166066 0.983663 1.33646 0 0 0 1 
3394309160086;0.360181;0.018723;0.976267 0.0318941 -0.214207 1.27853 -0.0491408 0.995921 -0.0756769 1.23501 0.21092 0.0844072 0.973852 -3.7029 0 0 0 1 
3394309160087;0.069233;0.010567;0.996712 -0.0784482 -0.0202517 0.0567314 0.078721 0.996811 0.0130406 -1.74734 0.0191641 -0.0145919 0.99971 -0.419496 0 0 0 1 
3394309160088;0.334175;0.0142211;0.957728 -0.244197 0.152069 -0.291186 0.221152 0.963054 0.153686 -5.02108 -0.18398 -0.113559 0.976348 3.60463 0 0 0 1 
3394309160089;0.384231;0.0115336;0.968095 -0.216308 0.126504 0.074436 0.204608 0.973796 0.0992807 -4.91445 -0.144664 -0.0702295 0.986985 2.30078 0 0 0 1 
3394309160090;0.357505;0.0119041;0.94809 -0.295683 0.117032 0.712659 0.311949 0.936232 -0.161732 -6.25263 -0.0617474 0.189844 0.979871 1.91732 0 0 0 1 
3394309160091;0.460987;0.0230022;0.971623 0.230214 0.0543203 0.366947 -0.232409 0.971867 0.0382277 4.08972 -0.0439916 -0.0497674 0.997792 0.484847 0 0 0 1 
3394309160093;0.186714;0.037582;0.981576 -0.0754177 -0.17556 0.470863 0.080412 0.99653 0.0214993 -1.40753 0.17333 -0.0352204 0.984234 -3.42412 0 0 0 1 
3394309160094;0.310812;0.0492231;0.985893 -0.129487 0.106061 0.330778 0.12989 0.991523 0.00313444 -1.72339 -0.105568 0.010686 0.994355 1.99168 0 0 0 1 
3394309160095;0.222858;0.043696;0.998686 -0.0350253 -0.0374084 0.203428 0.0343772 0.99925 -0.0178295 -0.708414 0.0380048 0.0165201 0.999141 -0.154572 0 0 0 1 
3394309160096;0.38163;0.0385765;0.995854 -0.0755141 -0.0507247 0.248297 0.0806191 0.990924 0.107563 -1.74319 0.0421418 -0.111206 0.992903 0.0174115 0 0 0 1 
3394309160097;0.257713;0.0446258;0.99983 0.00762745 -0.016776 -0.124801 -0.00745134 0.999917 0.0105354 0.148608 0.016855 -0.0104086 0.999804 0.387469 0 0 0 1 
3394309160098;0.436886;0.28909;0.985394 0.168809 0.0224203 -0.277036 -0.165539 0.980444 -0.106422 2.91011 -0.0399469 0.101156 0.994068 0.740073 0 0 0 1 
3394309160099;0.352112;0.0541409;0.991111 0.0976789 0.0903252 0.573366 -0.079738 0.979608 -0.184421 1.99465 -0.106497 0.175579 0.978688 1.73734 0 0 0 1 
3394309160100;0.383134;0.0364429;0.99642 -0.018171 -0.0825655 0.303159 0.0236151 0.997577 0.0654458 -0.374529 0.0811762 -0.0671613 0.994434 -0.558012 0 0 0 1 
3394309160101;0.349174;0.0520093;0.999819 0.0060071 0.0180324 -0.0264692 -0.00190879 0.97568 -0.219192 0.74131 -0.0189106 0.219118 0.975515 1.35326 0 0 0 1 
3394309160102;0.328612;0.0465179;0.989731 0.0973045 -0.104711 0.261969 -0.0844331 0.989052 0.12103 1.47743 0.115342 -0.110946 0.987111 -1.39657 0 0 0 1 
3394309160103;0.353684;0.0418045;0.997603 -0.00643225 0.0688997 -0.883186 0.00281588 0.998619 0.0524565 -0.206544 -0.069142 -0.0521367 0.996244 1.72716 0 0 0 1 
3394309160104;0.220681;0.0443508;0.980163 -0.14001 0.140276 -0.379608 0.134958 0.989831 0.0449469 -2.09402 -0.145142 -0.0251239 0.989092 2.54385 0 0 0 1 
3394309160105;0.408456;0.450562;0.930415 0.357329 0.0815068 0.259427 -0.363426 0.928264 0.0790393 6.75098 -0.0474169 -0.103161 0.993534 1.37185 0 0 0 1 
3394309160106;0.441483;0.0411479;0.895809 -0.419525 0.146716 1.43621 0.370929 0.887575 0.27317 -7.22495 -0.244823 -0.190287 0.950712 4.67592 0 0 0 1 
3394309160107;0.532391;0.0373746;0.916041 -0.371 -0.152407 2.04935 0.355568 0.926991 -0.119413 -6.29244 0.185582 0.0551963 0.981077 -3.79381 0 0 0 1 
3394309160108;0.223867;0.0399961;0.999946 0.0103016 0.001305 -0.175861 -0.0103127 0.999908 0.0087622 0.118472 -0.00121462 -0.00877519 0.999961 0.614407 0 0 0 1 
3394309160109;0.0784344;0.0372963;0.994672 -0.102973 -0.00492179 -0.0917711 0.103051 0.994473 0.0200821 -1.8789 0.00282669 -0.0204823 0.999786 -0.0667399 0 0 0 1 
3394309160110;0.305364;0.0496165;0.985484 -0.160418 0.0555581 -0.368059 0.16802 0.968459 -0.184002 -2.87806 -0.0242886 0.190666 0.981354 1.36746 0 0 0 1 
3394309160111;0.289575;0.867097;0.94761 0.248087 0.201216 -0.825833 -0.231493 0.967415 -0.102567 4.34311 -0.220105 0.0506139 0.974162 4.3312 0 0 0 1 
3394309160112;0.386373;0.0367196;0.968087 -0.246385 0.0458393 0.117784 0.246053 0.969171 0.0128433 -4.57637 -0.0475905 -0.00115458 0.998866 1.70938 0 0 0 1 
3394309160113;0.347639;0.0497504;0.999185 0.0403313 0.00131619 -0.209096 -0.0403305 0.999186 -0.000620942 1.01897 -0.00134017 0.000567353 0.999999 0.90669 0 0 0 1 
3394309160114;0.578959;0.414264;0.997857 0.0654091 0.00188156 -0.163009 -0.0654128 0.997856 0.00197507 0.745254 -0.00174834 -0.00209392 0.999996 -0.0536287 0 0 0 1 
3394309160115;0.373208;0.0557938;0.996297 -0.00888431 0.0855222 -0.413142 0.0165877 0.995822 -0.089791 -0.137872 -0.0843672 0.0908771 0.992282 0.756895 0 0 0 1 
3394309160116;0.177223;0.0454303;0.999677 -0.0251787 -0.00357741 0.205449 0.0251439 0.999639 -0.00944974 -0.100627 0.00381405 0.00935673 0.999949 -0.134208 0 0 0 1 
3394309160117;0.448363;0.0419953;0.978836 -0.199667 -0.0448628 0.226938 0.17955 0.943099 -0.279867 -2.53947 0.0981903 0.265889 0.95899 -2.16873 0 0 0 1 
3394309160118;0.307421;0.0672986;0.955592 0.19129 0.224168 0.467791 -0.137667 0.962354 -0.234357 2.97294 -0.260559 0.193089 0.945952 4.87698 0 0 0 1 
3394309160119;0.336676;0.0344169;0.932894 -0.353717 -0.0677765 0.959751 0.354672 0.934988 0.0022091 -6.31537 0.0625889 -0.0260993 0.997698 -0.714039 0 0 0 1 
3394309160120;0.390228;0.0391593;0.88131 -0.440823 0.170201 1.35817 0.455755 0.888099 -0.0597356 -8.0575 -0.124823 0.130216 0.983597 2.79855 0 0 0 1 
3394309160121;0.364275;0.0554893;0.933798 -0.104334 0.342251 0.236946 0.176271 0.966553 -0.186288 -2.48953 -0.311368 0.234284 0.920957 6.02058 0 0 0 1 
3394309160122;0.150012;0.0649791;0.981904 0.185566 -0.0378007 0.60336 -0.186509 0.982181 -0.0231323 3.31482 0.0328346 0.0297638 0.999018 -0.518085 0 0 0 1 
3394309160124;0.265891;0.0181274;0.970737 -0.228591 0.073596 -0.077835 0.230653 0.972815 -0.0207379 -5.72194 -0.0668548 0.0371062 0.997073 1.43571 0 0 0 1 
3394309160125;0.0924407;0.0443284;0.991137 0.0254255 0.130385 0.000839261 -0.0337899 0.997482 0.0623456 0.732052 -0.128471 -0.0661987 0.989501 2.86449 0 0 0 1 
3394309160126;0.454214;0.0406461;0.91861 0.298269 -0.259213 3.1666 -0.300075 0.953326 0.0335447 7.52408 0.257119 0.0469688 0.965238 -5.7777 0 0 0 1 
3394309160127;0.391085;0.0428719;0.916371 0.396526 -0.0550614 2.17464 -0.382609 0.907951 0.170984 8.93421 0.117793 -0.135618 0.983734 -3.10897 0 0 0 1 
3394309160128;0.398984;0.0584176;0.940212 0.338794 0.0349205 1.2222 -0.329651 0.930997 -0.156761 8.18613 -0.0856206 0.135877 0.987019 2.08755 0 0 0 1 
3394309160129;0.0588853;0.02742;0.999993 -0.00315529 0.0017756 -0.130657 0.00314502 0.999978 0.00575739 -0.159338 -0.00179373 -0.00575176 0.999982 0.170515 0 0 0 1 
3394309160130;0.354684;0.40581;0.985022 -0.119183 0.124604 0.249531 0.119894 0.992785 0.00180707 -3.60215 -0.12392 0.0131592 0.992205 2.96459 0 0 0 1 
3394309160131;0.385569;0.114087;0.892418 0.44725 0.0596468 2.66895 -0.447515 0.894225 -0.00958612 10.5355 -0.0576251 -0.018138 0.998174 1.40837 0 0 0 1 
3394309160132;0.356548;0.0185863;0.906969 -0.41749 0.0557613 1.7233 0.421186 0.897991 -0.127336 -9.85197 0.00308839 0.138976 0.990291 0.101902 0 0 0 1 
3394309160133;0.361702;0.0334522;0.949659 -0.181206 -0.255562 1.48892 0.249331 0.931076 0.266329 -6.09561 0.189688 -0.316641 0.929385 -4.75957 0 0 0 1 
3394309160134;0.414145;0.0211564;0.977732 -0.208197 0.0263449 1.0181 0.209578 0.975181 -0.0714109 -4.5913 -0.0108235 0.075342 0.997099 0.347491 0 0 0 1 
3394309160135;0.292331;0.026872;0.999228 0.01202 -0.0374137 0.0661067 -0.00849169 0.995623 0.0930747 -0.275976 0.0383687 -0.0926851 0.994956 -1.61004 0 0 0 1 
3394309160136;0.443471;0.0415856;0.969675 0.244119 -0.0116671 0.91521 -0.243945 0.96968 0.0145474 5.96468 0.0148646 -0.0112601 0.999826 -1.20445 0 0 0 1 
3394309160137;0.250953;0.0238313;0.981955 -0.180441 -0.0566096 0.330555 0.185527 0.977178 0.103451 -4.48185 0.0366508 -0.112087 0.993022 -1.39431 0 0 0 1 
3394309160138;0.370395;0.0228361;0.927802 -0.26617 -0.261414 1.79203 0.244104 0.963006 -0.114162 -5.28511 0.28213 0.042108 0.958452 -6.05042 0 0 0 1 
3394309160139;0.0858104;0.0346046;0.997621 0.0686523 -0.00630989 0.0825902 -0.0679629 0.994697 0.077192 1.43645 0.0115758 -0.0765795 0.996996 -0.41646 0 0 0 1 
3394309160140;0.322515;0.0250022;0.904202 -0.0481866 -0.424378 2.92445 0.0512379 0.998678 -0.00422614 -1.25245 0.42402 -0.017923 0.905475 -9.99942 0 0 0 1 
3394309160141;0.361297;0.0482043;0.940744 0.338983 0.00954265 1.23109 -0.339108 0.940554 0.019055 8.07915 -0.00251604 -0.0211619 0.999773 -0.0534302 0 0 0 1 
3394309160142;0.193657;0.0473628;0.966575 0.0198324 0.255617 0.208109 -0.0304396 0.998829 0.0376071 0.666947 -0.254572 -0.044131 0.966046 6.0475 0 0 0 1 
3394309160143;0.448915;0.0443432;0.972426 0.232913 -0.0118152 0.0302134 -0.232476 0.972134 0.0301691 5.09126 0.0185128 -0.0265905 0.999475 -0.801873 0 0 0 1 
3394309160144;0.382267;0.0229368;0.927828 -0.336968 -0.159962 0.962137 0.323064 0.940315 -0.106948 -7.99778 0.186453 0.0475515 0.981312 -4.51662 0 0 0 1 
3394309160145;0.390824;0.0319776;0.909408 0.124861 -0.396721 2.83813 -0.214144 0.958287 -0.189282 5.30175 0.356539 0.25709 0.898212 -8.25174 0 0 0 1 
3394309160146;0.519843;0.0382446;0.987117 0.0505157 0.151816 0.129612 -0.0853444 0.968835 0.232541 1.74692 -0.135338 -0.242502 0.960665 4.04603 0 0 0 1 
3394309160147;0.314525;0.0247017;0.954653 -0.188625 -0.230344 0.667936 0.229813 0.958737 0.16736 -5.44384 0.189271 -0.212707 0.95861 -4.32149 0 0 0 1 
3394309160148;0.159477;0.040792;0.996183 0.00510907 0.0871355 0.138658 -0.0141522 0.99453 0.103483 -0.00186889 -0.0861302 -0.104322 0.990807 1.86685 0 0 0 1 
3394309160149;0.32406;0.404152;0.997955 -0.0638536 -0.00277933 0.331297 0.0635873 0.996306 -0.0577197 -0.694872 0.00645468 0.057425 0.998329 -0.0235293 0 0 0 1 
3394309160150;0.0510986;0.0442909;0.998516 0.0516446 0.0172966 -0.0533661 -0.0517324 0.99865 0.00466651 1.21441 -0.0170322 -0.00555438 0.99984 0.442771 0 0 0 1 
3394309160151;0.610087;0.0266453;0.928209 -0.339654 -0.151866 2.53167 0.326381 0.939287 -0.105902 -7.28658 0.178615 0.0487332 0.982711 -3.86977 0 0 0 1 
3394309160152;0.362678;0.0427035;0.923405 0.287636 -0.254142 2.62142 -0.31337 0.947303 -0.0664577 7.48348 0.221634 0.141008 0.964881 -5.30125 0 0 0 1 
3394309160153;0.287468;0.0429013;0.956699 0.283804 -0.0646753 1.23586 -0.263103 0.938178 0.224944 5.75811 0.124517 -0.198187 0.972223 -2.93817 0 0 0 1 
3394309160155;0.447786;0.379132;0.968562 -0.228681 -0.097938 0.516249 0.234936 0.97029 0.0578174 -2.04688 0.0818065 -0.0790089 0.993512 -0.70202 0 0 0 1 
3394309160156;0.233355;0.0316158;0.927721 0.0703966 -0.366576 1.16633 -0.0608317 0.99744 0.0375954 0.538586 0.368284 -0.0125786 0.929628 -3.21795 0 0 0 1 
3394309160157;0.264959;0.0723291;0.975501 0.0365903 0.216933 -0.174957 -0.0849921 0.972194 0.21821 0.345734 -0.202916 -0.231301 0.951485 1.48004 0 0 0 1 
3394309160158;0.276214;0.0354539;0.98587 -0.16362 0.0358862 0.0535714 0.163869 0.986474 -0.00407088 -1.66442 -0.0347347 0.00989398 0.999348 -0.204121 0 0 0 1 
3394309160159;0.327677;0.0420318;0.999433 0.0277094 0.0191294 -0.268317 -0.0289226 0.997376 0.0663617 0.180098 -0.0172404 -0.0668773 0.997612 0.999092 0 0 0 1 
3394309160160;0.133668;0.0567845;0.985199 0.000714657 0.171413 -0.295598 0.0100983 0.998013 -0.0622011 0.0206045 -0.171116 0.0630115 0.983234 1.62778 0 0 0 1 
3394309160161;0.30505;0.831341;0.946883 0.321272 -0.0140199 -1.82623 -0.320831 0.946756 0.0268246 3.09875 0.0218914 -0.0209018 0.999542 0.126366 0 0 0 1 
3394309160162;0.0502853;0.0442706;0.999944 -0.0106002 -0.000795222 -0.00259526 0.0105976 0.999939 -0.00320049 -0.155302 0.000829099 0.00319188 0.999995 0.0943542 0 0 0 1 
3394309160163;0.250016;0.053896;0.994352 -0.0740408 -0.0760382 0.00447356 0.0910728 0.963139 0.25312 -1.27215 0.0544941 -0.258616 0.964442 -0.300688 0 0 0 1 
3394309160164;0.523579;0.900615;0.902241 0.429983 -0.0328135 -2.13831 -0.430135 0.902761 0.00262592 3.75716 0.0307519 0.011745 0.999458 0.144291 0 0 0 1 
3394309160165;0.368871;0.0815504;0.962923 0.268083 0.0301783 0.130318 -0.251253 0.931914 -0.26155 2.45834 -0.0982407 0.24427 0.964718 1.73997 0 0 0 1 
3394309160166;0.306131;0.0386466;0.999492 -0.0130356 -0.0290867 0.0559959 0.0129909 0.999914 -0.00172508 -0.118871 0.0291067 0.00134634 0.999575 -1.00163 0 0 0 1 
3394309160167;0.598213;0.0348201;0.895738 -0.142719 -0.421053 1.99605 0.218381 0.966188 0.137081 -2.83575 0.387252 -0.214739 0.896618 -2.89108 0 0 0 1 
3394309160168;0.1742;0.0511264;0.999354 0.0353925 -0.00629526 -0.123615 -0.0353959 0.999373 -0.000437672 0.315083 0.00627583 0.000660216 0.99998 0.447018 0 0 0 1 
3394309160169;0.457369;0.0422381;0.942271 -0.331587 0.0466314 0.119217 0.330247 0.943274 0.0342076 -3.9221 -0.055329 -0.016833 0.998326 1.03858 0 0 0 1 
3394309160170;0.210774;0.0550483;0.985593 -0.102537 0.13451 -0.323056 0.124077 0.978791 -0.163011 -0.940529 -0.114943 0.177352 0.977412 0.965087 0 0 0 1 
3394309160171;0.312176;0.0492359;0.979247 -0.199711 0.0345154 0.364408 0.182292 0.94234 0.280652 -2.0102 -0.0885746 -0.268536 0.959189 0.716866 0 0 0 1 
3394309160172;0.347442;0.0486599;0.991492 -0.0557018 -0.117651 0.065063 0.0400004 0.990464 -0.131835 -0.353957 0.123873 0.126007 0.984265 -0.132744 0 0 0 1 
3394309160173;0.513361;0.38714;0.967032 -0.237762 0.0912027 0.551055 0.241261 0.970018 -0.029311 -2.29536 -0.0814992 0.0503483 0.995401 0.669909 0 0 0 1 
3394309160174;0.158617;0.0464121;0.997592 0.0495601 -0.0485195 -0.28129 -0.0550968 0.991199 -0.120368 0.634213 0.0421271 0.122751 0.991543 -0.0963766 0 0 0 1 
3394309160175;0.423765;0.0471776;0.985495 -0.0369201 -0.165637 1.0238 0.00080621 0.977055 -0.212987 0.498069 0.1697 0.209764 0.962913 -1.57113 0 0 0 1 
3394309160176;0.19621;0.0605154;0.9959 -0.0380605 0.0820627 -0.0363703 0.0346979 0.998514 0.0420204 -0.0713191 -0.0835401 -0.0390007 0.995741 0.441935 0 0 0 1 
3394309160177;0.557777;0.0458761;0.955485 0.178863 -0.234643 0.509651 -0.0773732 0.919359 0.385737 0.297989 0.284715 -0.350411 0.892272 -1.49146 0 0 0 1 
3394309160178;0.217629;0.0636541;0.999975 -0.00699511 0.000555468 0.239243 0.00699622 0.999973 -0.00203466 -0.338096 -0.00054122 0.00203849 0.999998 0.365556 0 0 0 1 
3394309160179;0.268847;0.613378;0.959772 -0.280678 -0.00765209 1.39233 0.280782 0.959439 0.0252579 -2.98473 0.000252393 -0.0263904 0.999652 -0.0325704 0 0 0 1 
3394309160180;0.363436;0.0495094;0.997326 -0.00513426 0.0728975 -0.135317 0.00951432 0.998161 -0.0598656 0.343826 -0.0724561 0.0603991 0.995541 1.62948 0 0 0 1 
3394309160181;0.481709;0.0364004;0.902564 -0.430245 -0.016354 1.04202 0.430196 0.902712 -0.00658743 -3.99292 0.0175972 -0.00108985 0.999845 0.626228 0 0 0 1 
3394309160182;0.293983;0.0384506;0.998244 -0.0460467 -0.0372556 -0.0324376 0.0457531 0.998915 -0.0086957 -0.929477 0.0376156 0.00697587 0.999268 0.274481 0 0 0 1 
3394309160183;0.436918;0.0444121;0.97223 -0.233776 0.0108235 0.405366 0.221875 0.935473 0.275065 -2.98329 -0.0744287 -0.265025 0.961365 0.297237 0 0 0 1 
3394309160184;0.141133;0.0415211;0.999802 -0.0107088 -0.0167448 -0.393457 0.0103115 0.999667 -0.0236373 -0.15974 0.0169924 0.02346 0.99958 0.0789493 0 0 0 1 
3394309160186;0.458534;0.0323027;0.917303 0.396521 -0.036412 1.97525 -0.397777 0.916676 -0.0384455 7.89553 0.0181335 0.0497501 0.998597 -1.0036 0 0 0 1 
3394309160187;0.388653;0.152511;0.899651 -0.436454 0.011638 1.91758 0.435939 0.896475 -0.0793106 -8.61287 0.0241823 0.0764254 0.996782 -0.173188 0 0 0 1 
3394309160188;0.269366;0.0156727;0.986333 -0.164766 -0.000256238 0.199708 0.162662 0.973492 0.16079 -3.42667 -0.0262432 -0.158634 0.986989 0.812995 0 0 0 1 
3394309160189;0.483079;0.00903834;0.968154 -0.202009 -0.147885 0.998312 0.149783 0.940694 -0.3044 -2.0341 0.200607 0.272555 0.940995 -4.02571 0 0 0 1 
3394309160190;0.0786131;0.00578287;0.997979 0.0611538 -0.017269 0.127041 -0.0612394 0.998113 -0.0044708 1.16156 0.016963 0.00551931 0.999841 -0.454701 0 0 0 1 
3394309160191;0.461554;0.019789;0.949855 -0.312177 -0.0179439 0.834841 0.312512 0.949691 0.0205638 -6.88417 0.0106216 -0.0251402 0.999628 0.428471 0 0 0 1 
3394309160192;0.432023;0.00959912;0.987529 -0.0279496 -0.154934 1.12476 -0.0135556 0.965365 -0.260552 1.07667 0.15685 0.259403 0.952947 -2.44413 0 0 0 1 
3394309160193;0.353577;0.00809302;0.952504 0.30452 0.00196845 1.45817 -0.304364 0.952185 -0.0265749 5.97395 -0.00996693 0.0247136 0.999645 -0.37649 0 0 0 1 
3394309160194;0.352735;0.268951;0.957877 -0.210297 0.195569 0.272344 0.194083 0.975988 0.098889 -3.77026 -0.211669 -0.0567669 0.975691 4.32908 0 0 0 1 
3394309160195;0.362433;0.328719;0.999395 0.0332878 0.0100834 0.0338884 -0.0331692 0.999381 -0.0117123 0.806109 -0.0104671 0.0113708 0.999881 0.0739926 0 0 0 1 
3394309160196;0.182053;0.0147056;0.992852 -0.108179 0.050425 -0.0174681 0.0992557 0.982988 0.154541 -2.32788 -0.0662853 -0.148431 0.986699 0.920844 0 0 0 1 
3394309160197;0.398636;0.0121205;0.920803 0.377921 -0.0964238 2.38495 -0.389705 0.901542 -0.188021 7.82091 0.0158729 0.210708 0.97742 0.510399 0 0 0 1 
3394309160198;0.114611;0.0140585;0.991233 -0.131954 -0.00667689 0.067108 0.131944 0.991255 -0.00198108 -2.68775 0.00687991 0.00108274 0.999976 -0.0651158 0 0 0 1 
3394309160199;0.260161;0.00649085;0.949 0.31497 0.0138691 1.28771 -0.314222 0.948507 -0.0399774 6.24164 -0.0257467 0.0335806 0.999104 0.571311 0 0 0 1 
3394309160200;0.239388;0.013879;0.999109 -0.0317022 -0.0278477 0.0194051 0.0320764 0.9994 0.013094 -0.713947 0.0274158 -0.0139756 0.999526 0.0775436 0 0 0 1 
3394309160201;0.340496;0.00682069;0.968764 -0.0750741 0.236347 0.614453 0.120202 0.975785 -0.182743 -1.70851 -0.216905 0.205444 0.95433 4.23003 0 0 0 1 
3394309160202;0.373558;0.00993234;0.985985 -0.0821356 0.145213 -0.663854 0.0827078 0.996572 0.00210262 -1.39514 -0.144888 0.00993713 0.989398 2.20197 0 0 0 1 
3394309160203;0.451354;0.0614937;0.932996 0.356629 0.0483186 1.4122 -0.322598 0.888267 -0.326975 6.95844 -0.159529 0.289479 0.943797 3.34735 0 0 0 1 
3394309160204;0.469117;0.0739228;0.895321 0.44514 -0.0158568 2.29478 -0.445094 0.89546 0.00651158 8.74983 0.0170977 0.00122783 0.999853 -0.840501 0 0 0 1 
3394309160205;0.327235;0.0127312;0.978409 -0.199055 -0.055614 0.727262 0.201634 0.97841 0.0453692 -4.40969 0.0453823 -0.0556033 0.997421 -1.2741 0 0 0 1 
3394309160206;0.165571;0.0104989;0.998299 -0.0120123 -0.0570589 -0.0964739 0.00510065 0.992789 -0.119766 0.160224 0.0580861 0.119271 0.991161 -0.678646 0 0 0 1 
3394309160207;0.420271;0.00757993;0.971031 0.106963 0.213679 0.488528 -0.117265 0.992444 0.0360966 2.1528 -0.208203 -0.0601079 0.976237 5.0123 0 0 0 1 
3394309160208;0.487381;0.0111571;0.924729 0.308334 -0.223175 1.34907 -0.251252 0.934919 0.250599 4.17785 0.285918 -0.175663 0.942016 -5.29907 0 0 0 1 
3394309160209;0.287731;0.0127937;0.995839 0.0705224 0.0577146 -0.106271 -0.0779973 0.987129 0.139619 1.48907 -0.0471255 -0.143539 0.988522 0.12489 0 0 0 1 
3394309160210;0.372686;0.0270515;0.950997 -0.306906 0.0376066 0.70265 0.309192 0.944832 -0.108129 -5.7393 -0.00234643 0.114458 0.993425 0.81436 0 0 0 1 
3394309160211;0.423056;0.0878354;0.919134 -0.323923 -0.2242 1.94304 0.351279 0.931513 0.0942642 -7.02365 0.178311 -0.165398 0.969973 -3.09457 0 0 0 1 
3394309160212;0.468609;0.0193055;0.96064 -0.276968 0.0214394 1.16265 0.277338 0.960627 -0.0167193 -5.90219 -0.0159645 0.0220072 0.99963 0.933033 0 0 0 1 
3394309160213;0.266849;0.0103837;0.978577 -0.148548 0.142548 -0.301795 0.173937 0.966952 -0.186412 -3.04454 -0.110147 0.207213 0.972075 2.50058 0 0 0 1 
3394309160214;0.475344;0.396506;0.993667 -0.0970842 0.0565704 0.362304 0.100338 0.993271 -0.0578413 -1.9324 -0.0505743 0.0631512 0.996722 1.81094 0 0 0 1 
3394309160215;0.281079;0.0261129;0.873409 0.0826181 -0.479928 3.06675 -0.0553456 0.995959 0.0707292 1.13051 0.483832 -0.0352137 0.874452 -9.43715 0 0 0 1 
3394309160217;0.276984;0.0126511;1 0.000755416 0.000507249 -0.585156 -0.000755792 0.999999 0.000741082 0.370648 -0.000506689 -0.000741465 1 0.356642 0 0 0 1 
3394309160218;0.423487;0.465129;0.97208 0.234647 -0.00131035 -0.812391 -0.232944 0.965667 0.115001 2.6431 0.0282501 -0.111485 0.993364 -0.0140581 0 0 0 1 
3394309160219;0.217232;0.0515927;0.985495 0.161682 -0.0515593 0.388062 -0.168592 0.967482 -0.188559 2.52405 0.0193961 0.194516 0.980708 0.0524852 0 0 0 1 
3394309160220;0.375115;0.0199428;0.92118 0.182045 -0.343928 1.5783 -0.103024 0.96638 0.235576 0.561291 0.37525 -0.181575 0.908965 -5.23902 0 0 0 1 
3394309160221;0.326953;0.0443337;0.981026 0.18282 -0.0645405 -0.144338 -0.179526 0.982289 0.0536454 1.96049 0.0732049 -0.0410408 0.996472 -0.405246 0 0 0 1 
3394309160222;0.142051;0.022862;0.999238 -0.0346958 0.0178513 -0.302538 0.0351945 0.998976 -0.028425 -0.730053 -0.0168468 0.0290316 0.999437 0.348407 0 0 0 1 
3394309160223;0.261461;0.0410626;0.959101 0.273866 -0.0715811 0.282851 -0.270205 0.961126 0.0567978 3.4242 0.0843534 -0.0351333 0.995816 -1.18057 0 0 0 1 
3394309160224;0.0854273;0.0466718;0.993494 0.113367 -0.0108199 0.0574764 -0.113261 0.993515 0.00997093 1.37624 0.0118801 -0.00868058 0.999892 -0.139044 0 0 0 1 
3394309160225;0.231107;0.0265084;0.999943 0.00423397 -0.00977542 -0.27999 -0.00406812 0.999849 0.0169239 0.572753 0.00984559 -0.0168832 0.999809 0.080904 0 0 0 1 
3394309160226;0.061528;0.027827;0.999997 0.00193369 -0.00178157 -0.0687613 -0.00193814 0.999995 -0.00249552 0.0736327 0.00177674 0.00249896 0.999995 -0.152577 0 0 0 1 
3394309160227;0.376137;1.31039;0.89534 0.4425 -0.0505917 -1.78416 -0.443083 0.89648 -0.000349204 5.552 0.0452 0.022729 0.998719 -0.355334 0 0 0 1 
3394309160228;0.303595;0.0311881;0.965494 -0.248525 0.0778226 0.24562 0.260203 0.932903 -0.248969 -2.97312 -0.0107262 0.260628 0.96538 0.202601 0 0 0 1 
3394309160229;0.401686;0.0329343;0.931052 -0.315605 0.18313 1.0111 0.319778 0.947466 0.0070729 -3.64723 -0.175742 0.0519757 0.983063 2.44821 0 0 0 1 
3394309160230;0.10387;0.0497256;0.991183 0.127982 -0.0343098 0.0298428 -0.129141 0.991042 -0.0340254 1.68642 0.0296478 0.0381562 0.998832 -0.344137 0 0 0 1 
3394309160231;0.26477;0.0471655;0.926318 -0.227483 0.300309 0.238877 0.191089 0.970675 0.145861 -2.78666 -0.324683 -0.0777286 0.942623 4.25381 0 0 0 1 
3394309160232;0.456423;0.0404927;0.869859 0.285334 -0.402406 2.79038 -0.283448 0.956736 0.0656788 3.89235 0.403737 0.0569299 0.913102 -5.52834 0 0 0 1 
3394309160233;0.155497;0.043214;0.999135 0.033462 0.0247015 -0.244896 -0.0341099 0.999072 0.0262921 0.386487 -0.0237988 -0.0271119 0.999349 0.675599 0 0 0 1 
3394309160234;0.449685;0.201775;0.99783 -0.0604057 0.0262166 0.122649 0.0614833 0.997205 -0.0424536 -0.691915 -0.0235789 0.0439733 0.998754 -0.545182 0 0 0 1 
3394309160235;0.164832;0.0209348;0.972661 0.125378 -0.195476 0.317715 -0.115335 0.991391 0.0619859 1.49759 0.201565 -0.037746 0.978748 -2.57322 0 0 0 1 
3394309160236;0.330502;0.054759;0.972318 0.225402 0.0615758 0.0803947 -0.21023 0.958912 -0.190503 3.28104 -0.101986 0.172285 0.979753 1.85822 0 0 0 1 
3394309160237;0.197559;0.040393;0.99996 -0.00875286 0.00199296 0.217675 0.00874075 0.999944 0.00600746 0.14019 -0.00204543 -0.0059898 0.99998 -0.275793 0 0 0 1 
3394309160238;0.37956;0.0387125;0.982596 -0.137683 0.12469 0.793329 0.123308 0.985507 0.116492 -1.47862 -0.138922 -0.0990891 0.985333 1.87698 0 0 0 1 
3394309160239;0.353533;0.0305927;0.995835 -0.0426569 0.080574 -0.824053 0.0418108 0.999052 0.0121595 -0.378442 -0.0810162 -0.00873995 0.996674 0.461627 0 0 0 1 
3394309160240;0.540644;0.834708;0.93804 0.299665 0.174018 -1.895 -0.220353 0.903393 -0.367866 4.09652 -0.267443 0.306728 0.913451 3.61044 0 0 0 1 
3394309160241;0.23847;0.789794;0.97836 0.0820581 0.189943 -1.65548 -0.0929863 0.994444 0.0493405 1.06264 -0.184839 -0.0659349 0.980555 1.90861 0 0 0 1 
3394309160242;0.249114;0.0277666;0.999363 -0.0233812 0.0269508 -0.347501 0.0228708 0.999556 0.0190947 -0.289636 -0.0273853 -0.0184662 0.999454 -0.252272 0 0 0 1 
3394309160243;0.309141;0.0513917;0.957581 0.162923 0.237687 -0.0680275 -0.1167 0.973418 -0.197075 1.90321 -0.263476 0.160977 0.95114 3.35519 0 0 0 1 
3394309160244;0.346424;0.0436715;0.999996 -0.00135541 -0.00234799 0.476696 0.0013619 0.999995 0.00276258 -0.404804 0.00234424 -0.00276577 0.999993 0.615819 0 0 0 1 
3394309160245;0.222213;0.317907;0.982787 0.141637 0.118609 -0.653096 -0.147093 0.988372 0.0385415 2.04464 -0.111771 -0.0553247 0.992193 1.01026 0 0 0 1 
3394309160246;0.394505;0.33059;0.990002 0.140157 0.0159004 -0.854288 -0.141056 0.983973 0.109086 1.14003 -0.000356288 -0.110239 0.993905 9.94537e-05 0 0 0 1 
3394309160248;0.387346;0.37048;0.992917 0.0959462 -0.0700772 0.303971 -0.0909976 0.993339 0.0706929 1.77612 0.0763931 -0.0638153 0.995034 -0.686041 0 0 0 1 
3394309160249;0.0790091;0.0317528;0.996166 -0.0871388 0.00776447 -0.00519407 0.0871332 0.996196 0.00106482 -1.47115 -0.00782772 -0.000384191 0.999969 0.123938 0 0 0 1 
3394309160250;0.489213;0.0337821;0.931207 0.266851 -0.248283 1.71839 -0.225051 0.956768 0.184246 3.2697 0.286715 -0.115695 0.951004 -3.97586 0 0 0 1 
3394309160251;0.37181;0.0413402;0.884429 0.440094 -0.155251 2.31822 -0.400295 0.886428 0.232399 6.50285 0.239896 -0.143394 0.96015 -4.08871 0 0 0 1 
3394309160252;0.374908;0.0274097;0.932257 -0.361691 -0.00877423 1.2581 0.36173 0.932277 0.00334614 -6.40199 0.00696974 -0.00629336 0.999956 -0.403553 0 0 0 1 
3394309160253;0.217625;0.034792;0.971164 -0.152777 0.183027 0.211807 0.16162 0.986256 -0.034325 -2.61281 -0.175268 0.0629161 0.982508 3.45645 0 0 0 1 
3394309160254;0.306431;0.0274436;0.999786 -0.0206762 6.51369e-05 -0.75942 0.0206761 0.999786 0.000421032 -0.0284488 -7.38283e-05 -0.000419595 1 0.351663 0 0 0 1 
3394309160255;0.470321;0.0350655;0.972828 -0.227061 -0.045262 -0.365269 0.199986 0.922588 -0.329905 -2.47883 0.116667 0.311889 0.942929 -1.76508 0 0 0 1 
3394309160256;0.293686;0.0249915;0.999327 0.0315539 -0.0187079 -0.518314 -0.0312432 0.999373 0.016676 0.0325928 0.0192224 -0.0160802 0.999686 -0.0659387 0 0 0 1 
3394309160257;0.406176;0.0430021;0.988423 0.0706162 0.13429 -0.05429 -0.0423189 0.978276 -0.202943 1.83454 -0.145704 0.19491 0.969938 3.08051 0 0 0 1 
3394309160258;0.344851;0.0418354;0.970545 0.0647434 0.232056 -0.134758 -0.0142943 0.976992 -0.212796 0.999284 -0.240494 0.203211 0.949141 4.36524 0 0 0 1 
3394309160259;0.414136;0.0104721;0.878389 -0.45988 -0.130167 2.14874 0.467519 0.883324 0.0341164 -8.1983 0.0992901 -0.0908229 0.990905 -1.73998 0 0 0 1 
3394309160260;0.148826;0.0246723;0.971397 0.0983669 -0.216129 0.857561 -0.08389 0.993634 0.0751874 1.32866 0.222149 -0.0549058 0.973465 -3.89977 0 0 0 1 
3394309160261;0.341319;0.0208873;0.985247 -0.169356 -0.0246329 0.31385 0.168255 0.984871 -0.0414538 -2.39089 0.0312807 0.0366976 0.998837 0.14544 0 0 0 1 
