#;prob_registration_l1 -r /home/probabilistic_point_clouds_registration/build/tester /home/point_clouds_registration_benchmark//devel/registration_pairs/p2at_met_local.txt /home/point_clouds_registration_benchmark//planetary/p2at_met -s 0.2 -t 0.2 -p 0.3 -r 1000 -m 25 -i 40 
id;initial_error;final_error;transformation
27844314100000;0.368279;0.339477;0.999516 -0.000867532 0.0310915 0.00934424 -0.00348696 0.990184 0.139726 -0.0514812 -0.0309075 -0.139767 0.989702 -8.33494 0 0 0 1 
27844314100001;0.325629;0.12011;0.987472 0.025517 -0.155719 0.686195 0.00372818 0.98279 0.184688 -0.288341 0.157752 -0.182955 0.970382 -7.76182 0 0 0 1 
27844314100002;0.342132;0.125614;0.931121 -0.0382571 0.362699 -2.58661 -0.0671868 0.95947 0.273686 -2.96524 -0.358469 -0.279203 0.890812 -24.708 0 0 0 1 
27844314100003;0.135271;0.110985;0.995147 -0.0137052 0.0974406 -0.599799 -0.00347908 0.984733 0.174036 -0.263619 -0.0983382 -0.17353 0.979907 -12.5698 0 0 0 1 
27844314100004;0.89077;0.696561;0.985617 0.040834 -0.163987 1.5025 0.00241176 0.966871 0.255254 -0.946221 0.168978 -0.251978 0.952866 -12.1939 0 0 0 1 
27844314100005;0.300669;0.247533;0.935086 0.0534019 -0.350375 0.383908 -0.00810741 0.991548 0.129488 -0.158769 0.354329 -0.118242 0.927615 1.08699 0 0 0 1 
27844314100006;0.461976;0.410659;0.999847 0.0157209 0.00765341 1.00682 -0.0159579 0.999362 0.0319636 -0.214067 -0.00714603 -0.0320808 0.99946 -1.86186 0 0 0 1 
27844314100007;1.17629;0.972611;0.999116 0.0226625 0.0354193 1.49558 -0.0257258 0.995737 0.0885721 -0.410641 -0.033261 -0.089405 0.99544 -4.69306 0 0 0 1 
27844314100008;0.519074;0.411305;0.999846 0.0165125 0.00594829 1.0161 -0.0167122 0.999238 0.0352661 -0.329636 -0.00536143 -0.0353601 0.99936 -1.57544 0 0 0 1 
27844314100009;0.482706;0.462071;0.993 -0.0195239 0.116493 -0.996426 0.0249461 0.998663 -0.0452703 0.329679 -0.115454 0.0478594 0.992159 0.0322159 0 0 0 1 
27844314100010;0.848926;0.069557;0.998921 0.0309455 -0.0346294 1.87245 -0.0245112 0.984644 0.172845 -0.925561 0.0394464 -0.17181 0.98434 -11.2928 0 0 0 1 
27844314100011;0.370547;0.296767;0.981459 0.00257384 -0.191656 -1.04993 -0.0138371 0.998252 -0.0574529 -0.674557 0.191173 0.0590396 0.979779 8.36644 0 0 0 1 
27844314100012;1.02719;0.405475;0.991745 0.00960373 -0.127867 -0.297459 -0.0149067 0.999065 -0.0405801 -0.517247 0.127358 0.0421512 0.990961 7.69513 0 0 0 1 
27844314100013;0.818365;0.703002;0.99879 0.0214708 -0.044234 1.23867 -0.0170827 0.995109 0.0972943 -0.467625 0.0461066 -0.096421 0.994272 -5.41854 0 0 0 1 
27844314100014;0.722224;0.254008;0.998388 0.00115852 -0.0567415 -0.0732691 -0.000778462 0.999977 0.00671969 -0.014336 0.056748 -0.00666469 0.998366 -0.889387 0 0 0 1 
27844314100015;1.11358;0.604897;0.999546 -0.00166261 -0.0300841 0.0955794 0.00091558 0.999691 -0.024828 -0.192659 0.0301161 0.0247892 0.999239 -0.322625 0 0 0 1 
27844314100016;0.370882;0.0543319;0.992568 -0.0182755 0.120311 -0.884087 0.0665936 0.909059 -0.411311 -5.076 -0.101853 0.416266 0.90352 21.7513 0 0 0 1 
27844314100017;0.341055;0.234653;0.99542 -0.00291266 -0.0955523 -0.704803 0.0066262 0.999234 0.0385697 0.424845 0.0953667 -0.0390262 0.994677 0.0413272 0 0 0 1 
27844314100018;0.853373;0.263915;0.999549 0.00638862 0.0293298 0.539905 -0.00646842 0.999976 0.00262684 -0.0817789 -0.0293123 -0.00281537 0.999566 -2.99313 0 0 0 1 
27844314100019;0.871961;0.102814;0.999954 0.00803004 0.00517708 0.711529 -0.00789388 0.999636 -0.0258066 -0.234029 -0.00538242 0.0257646 0.999654 -0.967295 0 0 0 1 
27844314100020;0.613803;0.617568;0.996337 0.0263763 -0.0813475 1.15959 -0.00667311 0.972325 0.233537 -0.852549 0.085256 -0.232138 0.968939 -12.0403 0 0 0 1 
27844314100021;0.300355;0.0880871;0.948257 -0.0240918 -0.316589 -3.85099 0.00459662 0.998054 -0.062182 -0.305955 0.317471 0.0575093 0.946522 10.8364 0 0 0 1 
27844314100022;0.628187;0.0764058;0.999933 0.00948032 0.0067086 0.718168 -0.00933079 0.999715 -0.0219799 -0.266462 -0.00691507 0.0219158 0.999736 -0.595725 0 0 0 1 
27844314100023;0.278091;0.0825003;0.996411 0.00964755 0.0840959 0.79332 -0.00603506 0.999052 -0.0431056 -0.367497 -0.0844321 0.0424434 0.995525 -0.242468 0 0 0 1 
27844314100024;0.416131;0.262617;0.969166 0.00496634 -0.24636 -1.1999 -0.0144304 0.999225 -0.0366252 -0.332241 0.245987 0.039051 0.968486 7.25419 0 0 0 1 
27844314100025;0.365706;0.318382;0.991807 -0.0109882 -0.127274 -1.25681 0.0108646 0.99994 -0.00166578 0.279724 0.127284 0.000269359 0.991866 2.57863 0 0 0 1 
27844314100026;0.38807;0.16376;0.98321 -0.0109887 0.182146 -0.553167 0.0020081 0.998776 0.0494157 0.0268102 -0.182466 -0.0482202 0.982029 -7.953 0 0 0 1 
27844314100027;0.827287;0.717038;0.980687 -0.0242503 -0.194075 -2.50879 -0.00130264 0.991452 -0.130468 -1.1127 0.19558 0.128201 0.972272 11.6798 0 0 0 1 
27844314100028;0.216847;0.157361;0.993434 -0.0221966 0.112231 -1.17528 0.0362497 0.991523 -0.124771 0.0273352 -0.10851 0.128021 0.985818 4.93301 0 0 0 1 
27844314100029;0.528223;0.376988;0.996785 0.0134509 0.0789828 1.12417 -0.0117502 0.99969 -0.0219578 -0.358459 -0.0792537 0.0209591 0.996634 -1.34045 0 0 0 1 
27844314100031;1.32944;0.621295;0.999588 -0.0252114 -0.013747 -0.0392976 0.025141 0.99967 -0.00527219 0.0486487 0.0138754 0.0049244 0.999892 2.60937 0 0 0 1 
27844314100032;1.35252;0.984801;0.949442 0.0445911 -0.31076 -1.50304 0.0502898 0.955477 0.290749 1.88919 0.309889 -0.291677 0.904927 6.17443 0 0 0 1 
27844314100033;0.908498;0.521456;0.974457 0.0214208 -0.22355 -0.984606 0.0312662 0.972805 0.229505 1.06445 0.222387 -0.230632 0.947287 4.95995 0 0 0 1 
27844314100034;0.315932;0.2632;0.999902 0.0129005 0.00546076 -0.102511 -0.0129929 0.999767 0.017238 -0.215748 -0.00523711 -0.0173072 0.999837 -0.155491 0 0 0 1 
27844314100035;0.38412;0.165851;0.999554 -0.00585088 -0.0292987 0.0544903 0.00449533 0.998926 -0.0461204 -0.124559 0.0295371 0.0459681 0.998506 -0.4751 0 0 0 1 
27844314100036;0.255516;0.144923;0.996903 0.0245135 0.0747164 -0.0993267 -0.0367926 0.985153 0.167689 -0.076705 -0.0694965 -0.169919 0.983004 -0.130081 0 0 0 1 
27844314100037;0.704806;0.420266;0.999607 -0.0212553 0.0182758 0.24597 0.023723 0.988766 -0.147578 -0.127558 -0.0149336 0.147954 0.988882 0.162144 0 0 0 1 
27844314100038;1.02577;0.625232;0.996353 0.0178777 0.0834333 0.0217706 -0.0151185 0.999321 -0.0335865 0.0888232 -0.0839771 0.0322027 0.995947 0.655536 0 0 0 1 
27844314100039;0.646323;0.20142;0.998264 -0.0137584 0.0572772 -0.00441901 0.025481 0.977521 -0.209291 -0.0862017 -0.0531101 0.210387 0.976174 0.11574 0 0 0 1 
27844314100040;0.526776;0.377824;0.957333 0.00279088 0.288974 -0.242858 0.00673225 0.999467 -0.0319558 -0.337056 -0.288909 0.0325378 0.956803 -4.02926 0 0 0 1 
27844314100041;0.240913;0.181358;0.986815 -0.0306327 -0.158929 -0.286165 0.0212245 0.997939 -0.0605608 -0.0195266 0.160457 0.0563891 0.985431 1.87265 0 0 0 1 
27844314100042;1.10623;0.705772;0.999625 -0.0153839 -0.0226537 0.154227 0.0164605 0.998705 0.0481306 -0.304396 0.0218839 -0.0484854 0.998584 -0.903204 0 0 0 1 
27844314100043;0.537176;0.396679;0.950603 0.0328514 0.308667 -0.411621 -0.118315 0.957665 0.26245 -1.21673 -0.286978 -0.286006 0.914245 -3.40088 0 0 0 1 
27844314100044;0.682374;0.374959;0.990713 -0.0154648 0.135088 0.254531 0.0341093 0.990009 -0.136817 0.060903 -0.131622 0.140154 0.981342 -1.10745 0 0 0 1 
27844314100045;0.577329;0.337082;0.996592 -0.0182239 -0.0804463 -0.0484307 0.014365 0.99873 -0.0482894 0.261756 0.0812242 0.0469692 0.995589 -0.0414074 0 0 0 1 
27844314100046;0.842689;0.502766;0.97828 0.0278563 -0.205409 -0.82574 0.00111228 0.99021 0.139583 -0.306615 0.207287 -0.13678 0.968671 3.4794 0 0 0 1 
27844314100047;0.331521;0.321305;0.999732 0.00619098 0.022293 -0.0258997 -0.00553924 0.999559 -0.0291792 -0.054105 -0.0224638 0.0290479 0.999326 -0.256113 0 0 0 1 
27844314100048;0.326512;0.243411;0.999711 -0.00494878 0.0235074 0.0987844 0.00635241 0.998177 -0.0600156 -0.028934 -0.0231676 0.0601476 0.997921 -0.0649355 0 0 0 1 
27844314100049;0.286094;0.159304;0.986971 0.00943165 -0.160623 -0.40677 -0.00384928 0.999379 0.0350303 -0.0734013 0.160853 -0.0339556 0.986394 1.62681 0 0 0 1 
27844314100050;1.23172;0.815877;0.99977 0.00785539 -0.0199442 -0.206213 -0.00747713 0.999792 0.0189702 0.36713 0.0200891 -0.0188167 0.999621 1.83565 0 0 0 1 
27844314100051;0.428034;0.17306;0.999726 -0.00273421 -0.0232354 -0.0489181 0.00233758 0.999851 -0.0170801 -0.0359231 0.0232786 0.0170211 0.999584 1.11252 0 0 0 1 
27844314100052;1.33827;0.823765;0.999441 -0.0167664 -0.0289361 0.331308 0.019987 0.99318 0.114863 -0.282427 0.026813 -0.115377 0.99296 -1.05712 0 0 0 1 
27844314100053;1.32669;0.641419;0.970716 -0.00620188 0.240149 0.253024 -0.0310905 0.988016 0.151188 -0.613342 -0.238209 -0.154227 0.95889 -0.292281 0 0 0 1 
27844314100054;0.560805;0.173352;0.990605 -0.00411826 0.136691 0.0279172 -0.00296849 0.998663 0.0516006 -0.299654 -0.136721 -0.0515216 0.989269 -0.431188 0 0 0 1 
27844314100055;0.956315;0.811699;0.999148 -0.00268307 0.0411815 0.0651163 0.00520098 0.998115 -0.0611567 0.263478 -0.0409398 0.0613188 0.997278 0.27993 0 0 0 1 
27844314100056;1.36899;0.970756;0.997953 -0.0191805 0.0610022 0.198314 0.0271478 0.990799 -0.132589 -0.333112 -0.0578978 0.133973 0.989292 -0.0162836 0 0 0 1 
27844314100057;0.0905846;0.0496575;0.990777 -0.00322935 0.135465 -0.00823958 0.0041459 0.99997 -0.00648441 -0.045354 -0.13544 0.00698623 0.990761 -1.6499 0 0 0 1 
27844314100058;0.707405;0.169771;0.999649 0.0235414 0.0121931 0.0629716 -0.0235083 0.99972 -0.0028503 -0.00611638 -0.0122567 0.00256266 0.999922 -1.49678 0 0 0 1 
27844314100059;0.65531;0.245451;0.892884 -0.00837708 0.450209 -1.01887 -0.049073 0.992061 0.115784 -0.748081 -0.447604 -0.125475 0.885385 -6.20651 0 0 0 1 
27844314100060;1.27536;0.384328;0.981635 0.0185213 0.189866 -0.172077 -0.00723854 0.998175 -0.0599473 -0.677116 -0.19063 0.057472 0.979978 -4.86804 0 0 0 1 
27844314100062;0.6633;0.475562;0.999941 -0.0108787 -0.000762903 -0.336325 0.0108445 0.999304 -0.035702 0.0384478 0.00115076 0.0356916 0.999362 0.530544 0 0 0 1 
27844314100063;1.6099;0.10454;0.994411 0.00802097 -0.105275 0.276585 -0.00927086 0.999892 -0.0113887 -0.099517 0.105172 0.012301 0.994378 -0.4012 0 0 0 1 
27844314100064;1.94982;1.77707;0.998621 0.00270981 0.0524207 0.146853 -0.000229382 0.998882 -0.047266 0.0502668 -0.0524901 0.0471888 0.997506 1.38766 0 0 0 1 
27844314100065;1.77485;0.733859;0.988415 0.0333026 0.148077 1.26449 -0.0890627 0.917261 0.388202 -3.27257 -0.122897 -0.396892 0.9096 -15.9467 0 0 0 1 
27844314100066;1.08018;0.522517;0.997094 0.0248111 0.0720226 1.09468 -0.0287573 0.998111 0.0542813 -0.379747 -0.0705398 -0.0561948 0.995925 -3.91814 0 0 0 1 
27844314100067;1.0783;0.489348;0.999496 -0.00791402 0.0307265 -0.298539 0.00752434 0.99989 0.0127771 0.244369 -0.0308242 -0.0125394 0.999446 0.416334 0 0 0 1 
27844314100068;0.329721;0.292875;0.999873 0.0135106 0.00846074 0.448278 -0.0137225 0.999581 0.0255039 -0.0701567 -0.00811262 -0.0256168 0.999639 -1.04234 0 0 0 1 
27844314100069;0.992581;0.75174;0.917645 -0.0154252 0.397103 -0.5942 0.0441356 0.997021 -0.0632622 0.387974 -0.394944 0.0755786 0.915591 -4.0257 0 0 0 1 
27844314100070;1.68809;1.11756;0.999757 0.00755124 -0.0207183 0.0378221 -0.00704706 0.99968 0.0243013 -0.0555155 0.0208952 -0.0241494 0.99949 1.25876 0 0 0 1 
27844314100071;2.20263;0.957778;0.986857 0.0334288 -0.158101 0.830642 0.00772283 0.967495 0.252771 -0.500507 0.161412 -0.25067 0.954521 -8.10056 0 0 0 1 
27844314100072;0.844195;0.209716;0.919191 -0.024417 -0.393055 -3.23264 -0.027244 0.991742 -0.12532 -1.11441 0.39287 0.125901 0.910935 9.95416 0 0 0 1 
27844314100073;1.02691;0.51209;0.999363 0.0102246 0.0341865 0.187299 -0.0156939 0.986374 0.163767 0.132793 -0.0320462 -0.1642 0.985906 -4.33102 0 0 0 1 
27844314100074;0.384882;0.326825;0.998325 0.00560212 0.0575889 0.265603 -0.0151234 0.985966 0.166257 -0.105815 -0.0558493 -0.166849 0.984399 -6.07226 0 0 0 1 
27844314100075;1.31596;0.598066;0.997832 0.00465107 -0.0656417 0.185713 -0.00653699 0.999571 -0.0285451 -0.153523 0.0654808 0.0289123 0.997435 0.176657 0 0 0 1 
27844314100076;1.20785;1.17052;0.999919 -0.00290853 0.0123851 -0.0898648 0.00267236 0.999815 0.0190428 0.158271 -0.0124382 -0.0190081 0.999742 -0.749817 0 0 0 1 
27844314100077;1.66098;0.446581;0.997976 0.0280254 -0.0570888 1.03341 -0.0232458 0.996301 0.082731 -0.411952 0.0591962 -0.0812365 0.994935 -3.82526 0 0 0 1 
27844314100078;1.89852;1.62433;0.999991 -0.00159849 -0.00387976 0.0091978 0.00158146 0.999989 -0.00438725 0.183988 0.00388673 0.00438108 0.999983 -0.834903 0 0 0 1 
27844314100079;1.7021;1.48663;0.996454 0.004849 0.0840049 0.418803 -0.0142543 0.993637 0.111727 -0.151138 -0.0829285 -0.112528 0.990182 -3.83717 0 0 0 1 
27844314100080;1.10438;0.467776;0.972105 -0.0144154 0.234102 -0.323176 -0.00409561 0.996914 0.0783944 0.0652837 -0.23451 -0.0771664 0.969046 -6.92254 0 0 0 1 
27844314100081;0.430079;0.371093;0.999946 -0.0104177 -0.000497518 -0.402103 0.0104114 0.999882 -0.011291 0.174906 0.000615086 0.0112852 0.999936 0.368225 0 0 0 1 
27844314100082;1.95213;1.44747;0.999305 0.0186316 0.0322858 0.457458 -0.0287066 0.937167 0.347697 -0.924557 -0.023779 -0.348383 0.937051 -9.6491 0 0 0 1 
27844314100083;0.583263;0.246169;0.965862 0.00381501 0.259029 0.291282 -0.0246582 0.996706 0.0772652 -0.100816 -0.257881 -0.0810147 0.962774 -6.68643 0 0 0 1 
27844314100084;0.503644;0.437959;0.990806 0.00115854 0.135284 0.275615 -0.035666 0.966826 0.252934 -0.758387 -0.130503 -0.255433 0.957978 -9.99537 0 0 0 1 
27844314100085;0.720603;0.410843;0.997524 0.0304474 0.0633958 1.20592 -0.0448217 0.969871 0.239459 -1.00045 -0.0541949 -0.241707 0.968835 -8.84019 0 0 0 1 
27844314100086;1.70425;1.41282;0.995897 0.0481849 -0.0765963 1.22646 -0.0210897 0.946724 0.321355 -0.97164 0.088 -0.318422 0.943856 -9.57543 0 0 0 1 
27844314100087;1.08193;0.846835;0.978236 -0.036974 -0.204172 -1.8984 0.00972503 0.991084 -0.132882 -0.461467 0.207265 0.128005 0.969874 5.88202 0 0 0 1 
27844314100088;1.41218;0.82008;0.998085 -0.0163212 0.0596675 -0.536891 0.0216503 0.995726 -0.0897867 0.0164637 -0.057947 0.0909065 0.994172 3.49882 0 0 0 1 
27844314100089;0.394008;0.308841;0.998539 0.00949208 -0.0531983 0.0200466 -0.0101849 0.999867 -0.0127668 -0.125984 0.05307 0.0132899 0.998502 1.08489 0 0 0 1 
27844314100090;1.35838;0.711148;0.990649 -0.0377726 -0.131102 -1.26527 0.00216504 0.965143 -0.261715 -1.4681 0.136417 0.258983 0.9562 8.34283 0 0 0 1 
27844314100091;1.04859;1.02708;0.99941 -0.00128539 -0.0343259 -0.209954 0.0037685 0.997371 0.072373 0.217892 0.0341426 -0.0724596 0.996787 -1.85152 0 0 0 1 
27844314100093;0.967031;0.409469;0.994719 -0.051568 -0.088739 -5.29833 0.0392 0.989951 -0.135869 -0.165595 0.0948537 0.131672 0.986745 16.9557 0 0 0 1 
27844314100094;1.92323;0.200173;0.972162 0.058814 -0.226808 3.58803 -0.0124466 0.979581 0.200667 -0.987341 0.233979 -0.192258 0.953043 -8.37618 0 0 0 1 
27844314100095;0.873202;0.566507;0.992487 -0.0117164 0.121786 -0.375332 -0.0298426 0.942157 0.333841 -5.0723 -0.118653 -0.334967 0.934729 -36.1448 0 0 0 1 
27844314100096;0.430323;0.487912;0.990053 0.01501 -0.139891 0.727413 -0.0139827 0.999868 0.00832359 -0.40763 0.139997 -0.00628475 0.990132 4.20138 0 0 0 1 
27844314100097;1.73872;0.752427;0.99981 -0.0194048 0.00177585 -1.14957 0.0193772 0.999708 0.0144186 1.17407 -0.00205512 -0.0143814 0.999894 -0.0686054 0 0 0 1 
27844314100098;0.721991;0.466672;0.999684 0.0235886 0.00870976 2.56754 -0.0246122 0.988859 0.146805 -1.45811 -0.0051498 -0.146973 0.989127 -13.6647 0 0 0 1 
27844314100099;0.836004;0.742017;0.998874 -0.0295382 -0.0371172 -3.09092 0.0317093 0.997734 0.059334 1.20971 0.0352805 -0.0604441 0.997548 -4.83218 0 0 0 1 
27844314100100;2.4061;0.2598;0.999561 -0.0272877 -0.0115644 -2.3474 0.0294161 0.961019 0.274911 -0.687688 0.00361186 -0.275131 0.9614 -23.8825 0 0 0 1 
27844314100101;0.366989;0.345682;0.999788 -0.00211923 -0.0204963 -0.0431357 0.0101591 0.916097 0.400827 -6.36946 0.0179272 -0.40095 0.915924 -38.5453 0 0 0 1 
27844314100102;1.52564;1.25924;0.974947 -0.0367597 0.21938 -3.50305 0.0884709 0.968968 -0.230812 -1.30285 -0.204087 0.244438 0.947944 16.5985 0 0 0 1 
27844314100103;2.09748;0.302968;0.999935 0.00287306 -0.0110147 0.862173 -0.00279455 0.999971 0.0071365 -0.270897 0.0110349 -0.00710526 0.999914 -2.68319 0 0 0 1 
27844314100104;0.507469;0.353212;0.998505 0.0543151 -0.00618282 5.41703 -0.0542307 0.998443 0.0130829 -1.91185 0.00688379 -0.012728 0.999895 -1.5444 0 0 0 1 
27844314100105;1.7041;1.89092;0.999305 -0.0232845 0.0290952 -1.87563 0.0276973 0.986423 -0.161872 -0.904933 -0.024931 0.162566 0.986383 14.6626 0 0 0 1 
27844314100106;0.621555;0.318645;0.975342 0.0276731 -0.218957 1.55034 -0.00671446 0.995369 0.095891 -0.443866 0.220597 -0.0920564 0.971011 -1.61819 0 0 0 1 
27844314100107;0.153647;0.276213;0.997292 -0.0730719 -0.00833496 -7.07957 0.0730766 0.997326 0.000267204 2.52209 0.00829315 -0.000875572 0.999965 0.200327 0 0 0 1 
27844314100108;1.53872;0.269667;0.998945 0.0259474 -0.0378845 3.61059 -0.0308125 0.990492 -0.134073 -1.37969 0.0340454 0.135099 0.990247 15.6186 0 0 0 1 
27844314100109;1.60611;0.52575;0.999453 -0.00918488 -0.0317592 -1.51135 0.011346 0.997583 0.0685509 0.0684825 0.0310528 -0.0688738 0.997142 -7.09847 0 0 0 1 
27844314100110;2.36031;0.778042;0.998939 0.0455121 -0.00705725 5.62449 -0.0459699 0.994662 -0.0923766 -3.32549 0.00281533 0.092603 0.995699 11.1092 0 0 0 1 
27844314100111;0.227132;0.164109;0.968233 0.0538575 -0.244179 3.32347 -0.00585033 0.98114 0.193208 -1.21931 0.24998 -0.185642 0.950288 -9.37409 0 0 0 1 
27844314100112;2.20462;1.96108;0.998891 -0.0450022 -0.0138255 -4.38058 0.038899 0.954377 -0.29606 -4.02413 0.0265181 0.295194 0.955069 28.3312 0 0 0 1 
27844314100113;2.4063;0.270069;0.993867 -0.0720186 0.0839095 -6.64844 0.0845106 0.984077 -0.156364 0.593029 -0.0713123 0.162497 0.984129 16.1392 0 0 0 1 
27844314100114;0.335195;0.162814;0.979875 -0.0491301 0.193472 -4.79076 0.0657106 0.994608 -0.0802336 1.52484 -0.188487 0.0913321 0.97782 1.95295 0 0 0 1 
27844314100115;1.83608;1.40328;0.999935 -0.0111319 0.00242688 -0.643376 0.0110838 0.999758 0.0190273 0.714393 -0.00263811 -0.0189991 0.999816 -1.60422 0 0 0 1 
27844314100116;1.89876;1.58007;0.977103 -0.0104559 0.212508 -0.507033 -0.00761268 0.996434 0.08403 0.0539114 -0.212628 -0.0837237 0.97354 -14.2406 0 0 0 1 
27844314100117;2.29451;0.714448;0.9917 0.0287143 -0.125323 2.14024 0.00451406 0.966364 0.257137 -1.78401 0.128491 -0.255569 0.958214 -17.8582 0 0 0 1 
27844314100118;2.1601;2.26619;0.999706 -0.0174758 0.0168128 -1.39926 0.0177944 0.999661 -0.0189898 0.555336 -0.0164753 0.0192834 0.999678 1.6471 0 0 0 1 
27844314100119;1.47956;0.63221;0.999907 0.0136531 -0.000683197 1.99297 -0.0136049 0.998764 0.0478099 -0.658325 0.00133511 -0.0477962 0.998856 -5.80839 0 0 0 1 
27844314100120;0.852594;0.524359;0.978215 -0.0224051 -0.206384 -3.31313 -0.021214 0.978166 -0.20674 -3.49194 0.20651 0.206614 0.956381 28.0479 0 0 0 1 
27844314100121;1.87824;0.65064;0.998076 0.000699943 0.0620065 0.710052 -0.00206115 0.999758 0.0218915 -0.240107 -0.0619761 -0.0219771 0.997836 -6.38718 0 0 0 1 
27844314100122;1.73464;0.240702;0.96907 -0.0209572 -0.245896 -2.14047 0.0187405 0.99976 -0.0113518 1.72988 0.246075 0.00639246 0.96923 8.34737 0 0 0 1 
27844314100124;0.405551;0.1754;0.997417 -0.0547433 -0.0465045 -4.77152 0.0594269 0.992572 0.106157 1.91261 0.0403477 -0.108646 0.993261 -7.84324 0 0 0 1 
27844314100125;0.438401;0.174391;0.9071 -0.095657 0.409901 -10.7877 0.142923 0.985974 -0.0861925 3.29458 -0.395906 0.136769 0.908049 -2.03772 0 0 0 1 
27844314100126;1.24567;0.360172;0.995812 -0.0720321 -0.0562955 -7.83826 0.0673751 0.994463 -0.08065 0.486216 0.0617932 0.0765194 0.995151 8.20187 0 0 0 1 
27844314100127;1.48846;1.47352;0.999052 -0.03333 -0.0280014 -5.35838 0.0352992 0.996703 0.0730549 -0.284837 0.0254742 -0.0739741 0.996935 -3.401 0 0 0 1 
27844314100128;1.19785;0.171264;0.996844 -0.0153497 -0.0778896 -1.9721 0.010912 0.99831 -0.0570832 0.282122 0.0786342 0.0560531 0.995326 5.78831 0 0 0 1 
27844314100129;1.23822;0.163041;0.989375 0.144984 0.0107621 10.5964 -0.143916 0.987194 -0.0688183 -7.0733 -0.0206018 0.0665383 0.997571 6.38301 0 0 0 1 
27844314100130;0.532996;0.190671;0.9822 0.00899292 -0.187622 -0.421454 -0.0485743 0.977038 -0.207456 -3.9789 0.181448 0.212877 0.960083 24.5998 0 0 0 1 
27844314100131;0.768744;0.169029;0.98412 0.176371 -0.0200388 14.8756 -0.168405 0.963378 0.208668 -8.94174 0.0561078 -0.201979 0.977781 -14.8177 0 0 0 1 
27844314100132;0.304449;0.173046;0.990102 0.0532559 -0.129854 3.55419 -0.0282339 0.981876 0.187412 -2.17564 0.137481 -0.181891 0.97366 -11.6051 0 0 0 1 
27844314100133;0.242712;0.162687;0.971534 -0.101797 -0.213913 -11.0307 0.026366 0.943823 -0.329399 -5.36632 0.235427 0.314382 0.91964 35.9326 0 0 0 1 
27844314100134;1.30166;0.174794;0.971207 0.0406657 0.234741 3.10693 -0.0374178 0.999133 -0.0182754 -1.26546 -0.235281 0.0089657 0.971886 -9.43207 0 0 0 1 
27844314100135;0.261851;0.18046;0.993276 -0.101041 0.0565144 -8.93535 0.0988969 0.994312 0.039537 3.22559 -0.0601878 -0.0336821 0.997619 -4.85974 0 0 0 1 
27844314100136;1.42144;0.168886;0.990509 0.137237 0.00764194 11.5982 -0.135852 0.985931 -0.0973833 -8.0516 -0.0208991 0.0954209 0.995218 9.51033 0 0 0 1 
27844314100137;1.20547;0.459095;0.995837 -0.0690061 0.0595559 -6.67908 0.0852962 0.935867 -0.341874 -4.65456 -0.032145 0.34553 0.937857 30.8417 0 0 0 1 
27844314100138;0.244336;0.175301;0.993879 0.0287284 -0.106669 1.77661 -0.0480843 0.981826 -0.183593 -3.98972 0.0994564 0.187598 0.977198 19.7791 0 0 0 1 
27844314100139;1.59431;0.178567;0.998934 -0.0461646 0.000254786 -3.24724 0.0461604 0.998893 0.009085 -0.625506 -0.00067391 -0.00906355 0.999959 -1.8393 0 0 0 1 
27844314100140;0.22734;0.174097;0.995601 -0.0925556 0.0145927 -8.41052 0.092806 0.99553 -0.0175313 2.96216 -0.0129049 0.0188084 0.99974 1.35652 0 0 0 1 
27844314100141;0.358346;0.177448;0.952961 -0.215861 -0.212766 -21.6552 0.172866 0.9637 -0.203469 2.22728 0.248964 0.157118 0.955683 22.2627 0 0 0 1 
27844314100142;0.117962;0.1706;0.994364 0.104356 0.0187326 8.94875 -0.103229 0.993219 -0.0534843 -4.45865 -0.024187 0.0512491 0.998393 3.84138 0 0 0 1 
27844314100143;1.8568;1.68806;0.999776 0.0151384 0.0148184 1.44791 -0.0133672 0.993495 -0.113085 -2.72681 -0.016434 0.112862 0.993475 9.50951 0 0 0 1 
27844314100144;0.573265;0.167226;0.98758 0.00167603 -0.157109 -1.57847 0.00156564 0.999788 0.0205073 0.726054 0.15711 -0.0204986 0.987368 3.63586 0 0 0 1 
27844314100145;0.564902;0.52524;0.99317 -0.0598598 -0.100153 -6.15854 0.0460034 0.989729 -0.13535 0.166373 0.107226 0.129819 0.985723 15.411 0 0 0 1 
27844314100146;0.457208;0.164863;0.999646 0.0175623 0.0199859 1.31914 -0.0182147 0.999291 0.0329408 -0.694751 -0.0193932 -0.0332932 0.999257 -2.66737 0 0 0 1 
27844314100147;0.839697;0.164741;0.994476 -0.0452627 -0.0947037 -5.59651 0.0555965 0.992432 0.109491 1.76973 0.0890311 -0.114152 0.989466 -8.03647 0 0 0 1 
27844314100148;1.27087;0.172836;0.999343 0.00195085 0.0361856 -1.40232 0.00406227 0.986225 -0.165358 -3.24566 -0.0360097 0.165397 0.98557 13.4832 0 0 0 1 
27844314100149;0.814525;0.202575;0.993438 0.00443529 0.114283 -0.286719 0.0535997 0.864662 -0.499487 -11.2431 -0.101032 0.502335 0.85875 41.1658 0 0 0 1 
27844314100150;1.30625;0.996888;0.996923 -0.00249432 0.0783524 -2.32937 0.0262667 0.952346 -0.303888 -6.301 -0.0738606 0.305011 0.94948 23.265 0 0 0 1 
27844314100151;1.21483;0.865503;0.987194 -0.0688458 0.143907 -6.11594 0.0707486 0.997461 -0.00814146 2.4171 -0.142981 0.0182184 0.989558 -2.01723 0 0 0 1 
27844314100152;0.850848;1.13638;0.97847 -0.0223032 0.205179 -2.92044 0.0749447 0.96468 -0.25254 -1.87181 -0.192299 0.26248 0.945582 16.1573 0 0 0 1 
27844314100153;1.33869;0.182975;0.985973 0.143025 0.0860239 10.3659 -0.14491 0.989315 0.0160512 -7.04887 -0.082809 -0.0282918 0.996164 -5.86409 0 0 0 1 
27844314100155;1.31103;1.26118;0.997706 -0.044507 -0.0509989 -2.33139 0.0337142 0.980073 -0.195755 -1.0334 0.0586951 0.193586 0.979326 10.3322 0 0 0 1 
27844314100156;0.173499;0.222338;0.999624 -0.0151453 -0.0228671 -1.05244 0.0155642 0.999712 0.0182522 0.611086 0.0225841 -0.0186012 0.999572 -0.475616 0 0 0 1 
27844314100157;1.77732;0.616691;0.994492 0.0332795 -0.0993934 0.747423 -0.0229177 0.994352 0.10363 0.305223 0.102281 -0.100781 0.989637 -3.77407 0 0 0 1 
27844314100158;2.31932;0.231232;0.97538 0.0811158 -0.205072 1.34507 0.0214768 0.890539 0.4544 -0.807373 0.219484 -0.447617 0.866871 -14.8344 0 0 0 1 
27844314100159;1.17995;0.224706;0.995594 0.0700624 -0.0623226 2.78796 -0.0652386 0.994946 0.0763307 -1.38848 0.0673555 -0.0719285 0.995133 -3.13598 0 0 0 1 
27844314100160;1.94121;0.688363;0.98145 -0.0360371 -0.188299 -3.05138 0.0411391 0.998883 0.0232562 1.42881 0.18725 -0.0305712 0.981836 4.66342 0 0 0 1 
27844314100161;0.541664;0.483932;0.992301 0.0137687 -0.123078 -0.268292 -0.0279514 0.993057 -0.114262 -1.23225 0.12065 0.116823 0.985797 8.53861 0 0 0 1 
27844314100162;1.51732;1.39792;0.999366 -0.00942609 -0.0343183 -0.923173 0.00934749 0.999953 -0.00244996 0.324222 0.0343398 0.00212762 0.999408 1.50167 0 0 0 1 
27844314100163;1.36524;1.04401;0.997979 -0.051127 -0.0377221 -2.81553 0.049215 0.997537 -0.049983 0.72879 0.0401847 0.0480255 0.998037 2.59812 0 0 0 1 
27844314100164;0.587208;0.309317;0.999301 -0.0360661 -0.00984915 -1.92622 0.0365592 0.997784 0.0555853 1.28163 0.00782258 -0.0559065 0.998405 -1.89713 0 0 0 1 
27844314100165;1.53313;0.254688;0.999292 0.0374254 -0.00392778 2.12682 -0.0373179 0.999001 0.0245882 -1.75728 0.00484408 -0.0244242 0.99969 0.0646301 0 0 0 1 
27844314100166;0.330265;0.380005;0.99727 -0.0468866 -0.0570492 -2.63126 0.0408087 0.993803 -0.103397 0.317265 0.0615436 0.100786 0.993003 6.20601 0 0 0 1 
27844314100167;0.903395;0.414936;0.997618 -0.0421785 0.0545908 -1.75737 0.0516364 0.981296 -0.185449 -0.702535 -0.0457477 0.187826 0.981136 6.86707 0 0 0 1 
27844314100168;2.432;0.261682;0.9951 -0.0383471 0.0911327 -1.65583 0.0360563 0.998994 0.0266525 0.23506 -0.0920631 -0.023236 0.995482 -0.582094 0 0 0 1 
27844314100169;1.16953;0.807797;0.940428 0.0463204 0.336822 2.44691 0.0631085 0.949678 -0.306804 -2.45206 -0.334084 0.309784 0.890181 6.67567 0 0 0 1 
27844314100170;0.524881;0.238919;0.981447 -0.0501964 -0.185048 -3.38389 0.0721641 0.990861 0.113957 1.40713 0.177637 -0.125196 0.9761 -1.86605 0 0 0 1 
27844314100171;2.35705;0.318586;0.961833 0.0853134 0.259998 3.29812 -0.0462973 0.987194 -0.152658 -1.41218 -0.269692 0.134794 0.953466 -2.408 0 0 0 1 
27844314100172;0.422262;0.205895;0.997255 0.019252 -0.0715038 0.172299 -0.0146911 0.997856 0.063773 0.405609 0.0725783 -0.0625475 0.9954 -1.32808 0 0 0 1 
27844314100173;0.404553;0.281604;0.997338 -0.0282003 -0.0672383 -1.72541 0.0356863 0.992969 0.112871 0.833819 0.0635826 -0.11497 0.991332 -3.80863 0 0 0 1 
27844314100174;0.99992;0.714371;0.999412 0.0286792 -0.0187988 0.995174 -0.027732 0.998421 0.0488423 -0.488555 0.0201699 -0.0482923 0.99863 -2.25372 0 0 0 1 
27844314100175;0.837078;0.246967;0.99869 0.0497551 -0.0119576 1.94762 -0.049468 0.998506 0.0232101 -0.0949191 0.0130945 -0.0225881 0.999659 -1.03417 0 0 0 1 
27844314100176;0.793248;0.585909;0.997808 -0.00142534 -0.0661631 -0.655332 -0.0199093 0.946987 -0.320654 -4.19313 0.0631127 0.321268 0.944883 16.8408 0 0 0 1 
27844314100177;2.13358;0.21974;0.999942 -0.00314546 -0.0102854 -0.18202 0.0032981 0.999884 0.0148573 0.431149 0.0102375 -0.0148904 0.999837 -2.8155 0 0 0 1 
27844314100178;1.06641;1.14727;0.998326 -0.0146529 -0.055942 -1.06694 0.0141964 0.999863 -0.00854913 0.15031 0.0560596 0.00774065 0.998397 1.48317 0 0 0 1 
27844314100179;2.46162;0.704218;0.964842 -0.0228697 -0.261834 -2.66438 -0.0160624 0.989214 -0.145591 -0.767253 0.26234 0.144678 0.954068 10.1576 0 0 0 1 
27844314100180;2.13141;1.57356;0.965669 0.044226 0.255982 1.9479 -0.0995126 0.973211 0.207261 -2.92773 -0.239958 -0.225619 0.944201 -16.682 0 0 0 1 
27844314100181;0.683715;0.430904;0.999603 0.0237132 0.0152363 1.02656 -0.0244313 0.998509 0.0488186 -0.17469 -0.0140559 -0.0491715 0.998691 -1.96754 0 0 0 1 
27844314100182;1.078;0.223873;0.982391 -0.0719573 0.172426 -3.05068 0.0600656 0.995505 0.0732256 1.21103 -0.17692 -0.0615792 0.982297 -5.7742 0 0 0 1 
27844314100183;1.04239;0.490809;0.909703 -0.0617417 0.410645 -3.22787 -0.0341335 0.974421 0.222123 -0.692236 -0.413855 -0.216083 0.884326 -18.876 0 0 0 1 
27844314100184;1.3844;0.250249;0.98383 -0.0317211 0.176272 -0.981502 0.014822 0.995235 0.0963712 -0.761783 -0.178489 -0.0922002 0.979613 -8.61794 0 0 0 1 
27844314100186;0.793481;0.210642;0.97231 0.108581 -0.206936 5.64992 -0.0568309 0.968784 0.241303 -2.57206 0.226678 -0.222861 0.94813 -7.2447 0 0 0 1 
27844314100187;1.90684;0.781986;0.999602 0.0272963 0.00709709 2.08151 -0.02723 0.999586 -0.00928114 -0.766395 -0.0073475 0.0090842 0.999932 1.7514 0 0 0 1 
27844314100188;0.899725;0.486992;0.912632 0.00646948 0.408732 -0.354475 -0.0275727 0.998572 0.0457599 -0.892707 -0.407852 -0.0530318 0.911507 -18.5084 0 0 0 1 
27844314100189;2.92803;2.79126;0.996327 -0.0210128 -0.0830104 -1.94913 0.0119494 0.994057 -0.108208 -0.772002 0.0847907 0.106818 0.990657 10.307 0 0 0 1 
27844314100190;2.25734;1.63057;0.998911 0.0294213 -0.0362086 2.07372 -0.0347438 0.987074 -0.156453 -3.07993 0.0311375 0.157541 0.987021 12.5576 0 0 0 1 
27844314100191;2.96618;1.15749;0.988506 -0.0190078 0.149979 -0.757906 0.074302 0.92506 -0.372483 -5.25783 -0.131659 0.379346 0.91584 23.2306 0 0 0 1 
27844314100192;2.51273;1.40307;0.929342 -0.0408761 -0.36695 -5.58274 0.0129894 0.996857 -0.078147 -1.22284 0.368991 0.0678588 0.926952 16.7255 0 0 0 1 
27844314100193;1.47826;0.856167;0.995004 0.0322103 -0.0944985 1.73689 -0.0263378 0.997682 0.0627457 -0.665843 0.0963005 -0.0599433 0.993546 -0.0700816 0 0 0 1 
27844314100194;2.31253;1.45983;0.969208 0.0357728 -0.24363 -0.143432 -0.0279159 0.998975 0.035627 -0.690336 0.244655 -0.0277288 0.969214 7.51667 0 0 0 1 
27844314100195;2.39108;0.290286;0.99162 -0.0593608 -0.114744 -3.94462 0.0231241 0.955396 -0.29442 -3.19469 0.127103 0.289299 0.948763 21.6817 0 0 0 1 
27844314100196;0.463067;0.445089;0.995924 0.014677 0.0889966 1.56913 -0.0209497 0.99733 0.0699633 -0.710048 -0.0877321 -0.0715426 0.993572 -8.0625 0 0 0 1 
27844314100197;2.03095;1.99733;0.995674 -0.0127997 -0.0920309 -1.24457 0.00172916 0.992847 -0.119378 -0.984578 0.0929007 0.118703 0.988574 10.198 0 0 0 1 
27844314100198;1.85236;0.770552;0.986218 -0.0267729 -0.163268 -2.38328 0.034404 0.998435 0.0440924 0.971624 0.161832 -0.0491018 0.985596 3.04399 0 0 0 1 
27844314100199;0.504668;0.403504;0.998277 -0.0335878 -0.0481089 -2.31229 0.0395725 0.990802 0.129403 1.1188 0.04332 -0.131084 0.990424 -8.062 0 0 0 1 
27844314100200;2.93423;1.29555;0.999666 -0.0235915 0.0105632 -1.23823 0.0245065 0.994976 -0.0970641 0.284502 -0.00822026 0.0972905 0.995222 3.63064 0 0 0 1 
27844314100201;1.21539;0.482959;0.988983 0.0188854 0.146819 1.74936 -0.0464342 0.981347 0.186553 -2.37906 -0.140557 -0.191315 0.971412 -18.8213 0 0 0 1 
27844314100202;1.66781;0.537273;0.948109 0.0712972 -0.309849 1.41437 -0.0324932 0.991159 0.128642 -0.879147 0.316281 -0.111899 0.942043 3.99112 0 0 0 1 
27844314100203;0.429271;0.631409;0.930561 -0.0305698 0.364859 -2.22779 -0.0572462 0.972105 0.227452 -2.86344 -0.361634 -0.232545 0.902853 -28.6475 0 0 0 1 
27844314100204;0.64969;0.811234;0.922236 0.0353984 -0.385003 -1.79735 0.0435058 0.979974 0.194316 0.827724 0.384171 -0.195955 0.902227 -1.35081 0 0 0 1 
27844314100205;2.89316;2.43226;0.995971 -0.0124882 -0.0887993 -0.953829 0.00962348 0.999422 -0.0326154 -0.124499 0.0891553 0.0316294 0.995515 3.80918 0 0 0 1 
27844314100206;1.28236;0.828511;0.997841 -0.0157985 0.0637546 -0.349607 0.027493 0.981982 -0.186963 -1.6248 -0.0596521 0.188312 0.980296 10.5513 0 0 0 1 
27844314100207;1.92404;0.777802;0.976762 0.0815332 -0.198212 3.7984 -0.0609644 0.992307 0.107755 -1.94906 0.205472 -0.0931668 0.974218 1.97646 0 0 0 1 
27844314100208;1.88311;0.344381;0.918328 0.00733494 0.395753 -0.409594 0.0535501 0.988334 -0.142578 0.433835 -0.392182 0.152126 0.907221 -5.1223 0 0 0 1 
27844314100209;2.33052;0.340425;0.998942 0.0416665 0.0194816 3.36194 -0.0421718 0.998764 0.026291 -1.20721 -0.018362 -0.0270848 0.999464 -4.70864 0 0 0 1 
27844314100210;0.530209;0.570641;0.995442 -0.0185988 0.0935423 -0.569946 0.0266044 0.996019 -0.0850783 0.12913 -0.0915876 0.0871791 0.991974 2.44989 0 0 0 1 
27844314100211;2.44996;1.03613;0.997963 0.0179632 -0.061221 0.863503 -0.018546 0.999788 -0.00896469 -0.56045 0.061047 0.0100818 0.998084 4.70413 0 0 0 1 
27844314100212;2.84301;0.762792;0.996265 0.0632823 -0.0587534 4.60183 -0.0669308 0.995807 -0.0623588 -1.88896 0.0545608 0.0660583 0.996323 3.67984 0 0 0 1 
27844314100213;1.50297;0.947863;0.998747 -0.0179814 0.046697 -0.611162 0.0252616 0.98674 -0.160331 -1.1617 -0.0431948 0.16131 0.985958 9.65434 0 0 0 1 
27844314100214;0.564234;0.31282;0.986796 -0.1013 0.126379 -6.57379 0.102034 0.994781 0.000666908 2.9421 -0.125787 0.0122369 0.991982 -3.03219 0 0 0 1 
27844314100215;0.386204;0.491296;0.99438 0.00281008 -0.105833 -0.235832 -0.00836053 0.99861 -0.0520384 -0.681729 0.105539 0.0526308 0.993021 6.88246 0 0 0 1 
27844314100217;0.459527;0.913026;0.996045 0.0118756 -0.0880565 0.305784 -0.0133267 0.999785 -0.0159087 -0.778383 0.0878486 0.0170193 0.995988 2.82781 0 0 0 1 
27844314100218;2.20727;0.314903;0.995645 0.0902174 -0.0235061 1.73103 -0.0904774 0.995846 -0.0102384 -3.18176 0.0224848 0.0123206 0.999671 3.61002 0 0 0 1 
27844314100219;2.19715;0.510407;0.998155 -0.0571478 -0.0205076 -1.15876 0.0563857 0.99776 -0.0359915 1.65023 0.0225185 0.0347687 0.999142 4.00821 0 0 0 1 
27844314100220;1.31114;0.0844388;0.997697 -0.0172765 -0.0655883 0.640591 0.0156249 0.99955 -0.0256103 -0.659665 0.0660013 0.0245265 0.997518 2.32137 0 0 0 1 
27844314100221;1.65894;1.75721;0.99966 0.0157607 0.0207536 0.592012 -0.0163511 0.999457 0.0285914 -0.375336 -0.0202917 -0.028921 0.999376 -0.619587 0 0 0 1 
27844314100222;1.73745;0.686955;0.977628 0.0885574 -0.190789 1.10808 -0.0681657 0.991489 0.110923 -2.39851 0.198989 -0.095436 0.975344 4.97713 0 0 0 1 
27844314100223;2.40198;1.55288;0.998402 0.0265322 -0.0498991 0.918158 -0.0267789 0.999632 -0.00428156 -0.613476 0.0497672 0.00561096 0.998745 3.16305 0 0 0 1 
27844314100224;0.843273;1.00169;0.998991 0.0342131 -0.0291089 0.897758 -0.0317718 0.996244 0.0805521 -0.887434 0.0317555 -0.0795459 0.996325 -0.221776 0 0 0 1 
27844314100225;1.09219;1.36581;0.999888 0.00397315 0.014453 0.57216 -0.00308578 0.998139 -0.0609091 -0.0153265 -0.0146681 0.0608577 0.998039 0.746037 0 0 0 1 
27844314100226;2.28577;0.116451;0.928167 0.259058 -0.267199 1.81672 -0.187548 0.945716 0.265419 -6.74376 0.321454 -0.19624 0.926368 8.40842 0 0 0 1 
27844314100227;0.739768;1.02487;0.98987 0.0489009 -0.133293 0.784562 -0.0448728 0.998446 0.03306 -1.32222 0.134703 -0.0267438 0.990525 3.83379 0 0 0 1 
27844314100228;0.965544;0.0748802;0.989818 0.0886205 -0.111389 1.37659 -0.0845611 0.995588 0.0406634 -3.03513 0.114501 -0.0308302 0.992945 3.85732 0 0 0 1 
27844314100229;0.882458;0.973486;0.964625 0.0237741 0.262551 1.14776 0.0232251 0.984389 -0.174467 -0.255711 -0.2626 0.174393 0.949014 -5.7653 0 0 0 1 
27844314100230;0.333053;0.110937;0.951802 0.158641 -0.262498 0.286196 -0.0672284 0.942942 0.3261 -1.84545 0.299253 -0.292735 0.908159 3.08433 0 0 0 1 
27844314100231;2.08116;0.120296;0.995125 -0.0461032 0.0871798 -0.305389 0.0480466 0.998638 -0.020325 1.06693 -0.086124 0.0244146 0.995985 0.321612 0 0 0 1 
27844314100232;2.3687;2.10653;0.999707 0.00901371 -0.0224737 0.217073 -0.0096788 0.999513 -0.0296633 0.0932443 0.0221954 0.0298721 0.999307 0.079293 0 0 0 1 
27844314100233;0.91161;0.785808;0.998725 0.0461263 -0.0205191 1.50784 -0.0458754 0.998869 0.0125333 -1.4471 0.021074 -0.011576 0.999711 -0.491747 0 0 0 1 
27844314100234;2.15311;0.951452;0.997348 0.00490696 0.0726093 1.37903 -0.00552888 0.99995 0.00836676 0.295887 -0.0725646 -0.00874602 0.997325 -4.99051 0 0 0 1 
27844314100235;1.5865;1.33035;0.940391 0.00734114 -0.340016 -3.45815 -0.0231388 0.998831 -0.0424302 -0.84213 0.339307 0.0477686 0.939462 10.7424 0 0 0 1 
27844314100236;0.801975;0.841921;0.999965 0.000304092 -0.00841835 0.609694 -0.000920493 0.997308 -0.0733145 -0.112989 0.00837339 0.0733196 0.997273 1.55151 0 0 0 1 
27844314100237;0.36254;0.224421;0.988284 0.137777 -0.0656671 1.82197 -0.134571 0.989591 0.0509907 -4.13349 0.0720089 -0.0415564 0.996538 1.59404 0 0 0 1 
27844314100238;0.509991;0.496735;0.99569 -0.0203152 -0.0904951 -0.201838 -0.0141337 0.931085 -0.364528 -3.15731 0.0916641 0.364236 0.926785 8.93132 0 0 0 1 
27844314100239;2.45541;1.58463;0.998814 0.0388175 -0.0294051 0.596669 -0.0382298 0.999063 0.0202892 -1.07566 0.0301651 -0.019141 0.999362 3.05458 0 0 0 1 
27844314100240;0.531694;0.173101;0.996243 -0.0824252 0.0265533 -1.70145 0.0818103 0.996372 0.0234668 2.29999 -0.0283912 -0.0212063 0.999372 -0.75846 0 0 0 1 
27844314100241;1.90316;0.157184;0.978544 -0.204916 0.0214498 -2.39298 0.20261 0.975952 0.0804166 7.05667 -0.0374126 -0.0743453 0.996531 -3.67976 0 0 0 1 
27844314100242;0.857743;0.162958;0.98744 0.0322689 0.154664 1.2068 -0.0365028 0.99903 0.0246132 -0.680119 -0.15372 -0.0299498 0.987661 -4.52723 0 0 0 1 
27844314100243;1.52979;1.70792;0.989719 0.0104977 -0.142639 -0.437422 -0.016905 0.998898 -0.0437818 -0.355795 0.142022 0.045743 0.988806 4.74352 0 0 0 1 
27844314100244;1.45043;0.811489;0.987183 0.0880834 -0.133081 0.459781 -0.0423626 0.948604 0.313617 -0.782977 0.153866 -0.30396 0.940177 0.0901147 0 0 0 1 
27844314100245;0.353496;0.656436;0.997916 0.0442614 0.0469529 1.54736 -0.0531148 0.976638 0.208224 -1.16007 -0.0366398 -0.210284 0.976954 -4.9776 0 0 0 1 
27844314100246;0.304746;0.0604782;0.994426 0.0999471 0.0335861 1.69988 -0.0915813 0.976593 -0.194627 -4.38224 -0.0522524 0.190467 0.980302 1.82011 0 0 0 1 
27844314100248;1.91005;1.60432;0.999898 -0.0101877 0.00998349 -0.652468 0.00985025 0.999397 0.0332864 0.56881 -0.0103166 -0.0331847 0.999396 -2.30344 0 0 0 1 
27844314100249;1.74539;0.755734;0.919208 0.00617898 0.393724 0.69427 0.0250914 0.996926 -0.0742253 0.282469 -0.392972 0.0781076 0.916227 4.32083 0 0 0 1 
27844314100250;2.4193;1.86413;0.888593 0.0342088 -0.457419 1.3021 -0.0302586 0.999415 0.0159618 -0.508516 0.457697 -0.000342661 0.889108 0.535879 0 0 0 1 
27844314100251;0.382775;0.206078;0.997988 0.0278954 0.0569343 1.68771 -0.0361583 0.98807 0.149698 -0.464805 -0.0520792 -0.151455 0.987091 -8.37026 0 0 0 1 
27844314100252;0.517763;0.728365;0.995036 -0.00129445 -0.0995113 0.0674621 -0.024101 0.967017 -0.253571 -2.3664 0.0965573 0.25471 0.962185 13.2827 0 0 0 1 
27844314100253;0.421961;0.337598;0.995706 0.0143419 0.0914532 1.01378 -0.00791317 0.997496 -0.0702738 -0.55097 -0.0922321 0.0692483 0.993327 3.38676 0 0 0 1 
27844314100254;1.06506;0.318927;0.998249 0.0532498 -0.0257454 2.99635 -0.0460008 0.97258 0.227976 -1.18453 0.0371791 -0.226392 0.973326 -12.8955 0 0 0 1 
27844314100255;0.41574;0.328903;0.945501 0.00601332 -0.325565 -0.411119 -0.0189837 0.999147 -0.0366775 -0.408429 0.325067 0.040859 0.944808 2.9326 0 0 0 1 
27844314100256;0.221269;0.0996497;0.99974 0.00405524 -0.022434 0.181891 -0.00285849 0.998584 0.0531224 0.12841 0.0226177 -0.0530445 0.998336 -3.03141 0 0 0 1 
27844314100257;0.472366;0.28532;0.996259 0.0497383 0.0706739 2.89753 -0.0740654 0.912781 0.401678 -4.02414 -0.044531 -0.40541 0.91305 -21.5732 0 0 0 1 
27844314100258;0.965959;0.604266;0.96179 0.0140805 -0.273428 -0.255917 -0.00235055 0.999065 0.04318 0.103041 0.27378 -0.0408874 0.960923 -1.21121 0 0 0 1 
27844314100259;0.701583;0.647224;0.99954 0.0264963 -0.0147429 1.62302 -0.0266478 0.999593 -0.0101704 -0.235748 0.0144674 0.0105586 0.99984 0.0869276 0 0 0 1 
27844314100260;1.49458;0.999631;0.99133 0.0182149 -0.130128 0.386238 0.0194707 0.959048 0.282574 -0.627037 0.129946 -0.282657 0.950378 -14.0366 0 0 0 1 
27844314100261;0.461097;0.118575;0.980941 -0.0266952 -0.192464 -2.09203 0.0157201 0.998174 -0.0583277 -0.133638 0.19367 0.0541904 0.979569 3.48098 0 0 0 1 
