#;prob_registration_l1 -r /home/probabilistic_point_clouds_registration/build/tester /home/point_clouds_registration_benchmark//devel/registration_pairs/pioneer_slam_local.txt /home/point_clouds_registration_benchmark//tum/pioneer_slam -s 0.1 -t 0.1 -p 0.3 -r 1000 -m 25 -i 40 
id;initial_error;final_error;transformation
1807261650000;0.252801;0.0973376;0.995892 0.041958 0.0802405 -0.201461 -0.0389749 0.998503 -0.0383889 0.271348 -0.081731 0.0351039 0.996036 0.167949 0 0 0 1 
1807261650001;0.370505;0.106326;0.971189 0.122413 0.204468 -0.0691089 -0.16147 0.969037 0.186801 0.511404 -0.17527 -0.214434 0.960884 0.873657 0 0 0 1 
1807261650002;0.611698;0.17053;0.999897 0.0142927 -0.00150667 0.167273 -0.0143273 0.999554 -0.0262059 -0.620684 0.00113144 0.0262248 0.999655 0.573661 0 0 0 1 
1807261650003;0.65444;0.276981;0.964538 0.257864 -0.0563359 0.295104 -0.253325 0.964331 0.0767677 0.836373 0.0741221 -0.0597741 0.995456 -0.993233 0 0 0 1 
1807261650004;0.70178;0.25885;0.918378 0.351103 0.182508 0.0192318 -0.324516 0.932189 -0.160352 1.25238 -0.226432 0.0880369 0.97004 1.3892 0 0 0 1 
1807261650005;0.564667;0.105189;0.992248 -0.124032 0.00774964 0.108827 0.124108 0.992217 -0.0101609 -0.0608241 -0.00642904 0.0110439 0.999918 0.756978 0 0 0 1 
1807261650006;0.456118;0.107472;0.997009 -0.0382702 -0.0671406 -0.233301 0.0280217 0.988675 -0.147435 0.257016 0.0720226 0.145112 0.98679 -0.685913 0 0 0 1 
1807261650007;0.0911852;0.0344562;0.997336 0.0135075 0.0716837 -0.0964855 -0.0147984 0.999737 0.0175081 0.0166443 -0.0714283 -0.0185222 0.997274 0.293795 0 0 0 1 
1807261650008;0.628711;0.20216;0.957765 -0.0399899 0.284758 0.661309 0.00389424 0.991996 0.126212 -0.224435 -0.287526 -0.119773 0.950254 0.741989 0 0 0 1 
1807261650009;0.268333;0.250922;0.984701 -0.174144 -0.00621614 0.0345975 0.174105 0.984707 -0.00630131 -0.383409 0.00721841 0.00512264 0.999961 -0.108523 0 0 0 1 
1807261650010;0.71038;0.21679;0.948054 0.31791 0.0112666 0.0893258 -0.317976 0.948088 0.00457668 0.995176 -0.00922675 -0.00792144 0.999926 -0.858916 0 0 0 1 
1807261650011;0.818748;0.172901;0.907918 0.419128 -0.00412599 0.095926 -0.41914 0.907918 -0.00260178 1.61119 0.00265558 0.00409157 0.999988 -0.875826 0 0 0 1 
1807261650012;0.646177;0.059685;0.999967 0.00656352 0.00473199 0.143446 -0.00633987 0.998929 -0.0458229 -0.576159 -0.00502769 0.0457914 0.998938 -0.701595 0 0 0 1 
1807261650013;0.5425;0.0775386;0.989188 0.0341199 -0.142629 0.0429129 -0.0406126 0.998255 -0.0428607 -0.0506498 0.140917 0.0481898 0.988848 -1.1912 0 0 0 1 
1807261650014;0.402811;0.134138;0.948316 0.183191 -0.25911 0.316104 -0.153031 0.979324 0.132307 0.431734 0.27799 -0.0858172 0.956743 -1.37897 0 0 0 1 
1807261650015;0.62098;0.191687;0.914323 -0.350369 0.203115 0.343621 0.350557 0.935839 0.0362665 -0.755951 -0.202789 0.0380441 0.978483 1.31105 0 0 0 1 
1807261650016;0.314215;0.170052;0.992854 0.10793 -0.0509183 -0.09169 -0.105805 0.993468 0.0427405 0.475903 0.0551987 -0.0370477 0.997788 -0.0036331 0 0 0 1 
1807261650017;0.544853;0.173211;0.953092 0.0953013 -0.287287 0.182267 -0.192094 0.923949 -0.330783 0.77688 0.233915 0.370453 0.898915 -1.07656 0 0 0 1 
1807261650018;0.870541;0.279234;0.900455 0.416584 0.125059 0.0493614 -0.409559 0.908886 -0.0786626 1.70049 -0.146434 0.0196132 0.989026 1.21622 0 0 0 1 
1807261650019;0.408282;0.169229;0.972123 0.234413 -0.00531906 -0.259505 -0.234427 0.972131 -0.00214107 0.581695 0.00466893 0.00332832 0.999984 0.310851 0 0 0 1 
1807261650020;0.378251;0.118914;0.965095 0.0108909 -0.261673 0.0936791 -0.103284 0.933985 -0.342058 0.355187 0.240673 0.357146 0.90251 -0.90549 0 0 0 1 
1807261650021;0.0584465;0.101348;0.998989 0.0354016 -0.0277159 -0.0256252 -0.0351599 0.99934 0.00915833 -0.034726 0.0280218 -0.00817458 0.999574 -0.0692088 0 0 0 1 
1807261650022;0.492617;0.154821;0.980073 -0.11041 -0.165123 0.203585 0.0970711 0.991485 -0.0868049 -0.156877 0.173301 0.0690466 0.982446 -1.1545 0 0 0 1 
1807261650023;0.436303;0.25663;0.950105 0.310238 0.0324474 0.00279666 -0.311125 0.949981 0.0271522 1.02693 -0.0224008 -0.0358927 0.999105 0.17321 0 0 0 1 
1807261650024;0.611538;0.145667;0.995919 -0.0201391 0.0879728 0.15154 0.0268417 0.996771 -0.0756839 0.32137 -0.0861645 0.0777364 0.993244 -0.391056 0 0 0 1 
1807261650025;0.222007;0.151261;0.992031 -0.0986235 -0.0784077 -0.122264 0.0872314 0.986669 -0.137389 -0.234308 0.0909123 0.129455 0.987409 -0.115989 0 0 0 1 
1807261650026;0.125003;0.0301206;0.997734 -0.0200753 -0.0642172 -0.169321 0.0127306 0.993536 -0.112801 -0.0246542 0.0660666 0.111728 0.99154 -0.106126 0 0 0 1 
1807261650027;0.446617;0.287536;0.939329 -0.337114 0.0633575 0.19915 0.330854 0.939183 0.0920408 -0.941829 -0.0905325 -0.0654946 0.993738 0.389588 0 0 0 1 
1807261650028;0.18577;0.169864;0.982591 0.175248 -0.0616663 0.101791 -0.17733 0.983693 -0.0300334 0.268709 0.0553974 0.0404458 0.997645 -0.181103 0 0 0 1 
1807261650029;0.503137;0.203014;0.988993 0.0712541 -0.129676 0.15331 -0.0993989 0.969146 -0.225557 0.701666 0.109603 0.235964 0.965561 -0.256559 0 0 0 1 
1807261650031;0.869936;0.824388;0.999933 0.00754389 -0.00881367 0.0670175 -0.00524409 0.971581 0.23665 -0.0610134 0.0103485 -0.236588 0.971555 -0.94476 0 0 0 1 
1807261650032;0.361529;0.268379;0.975826 -0.0213946 -0.2175 -0.0224947 -0.0193853 0.982801 -0.183648 0.13382 0.217688 0.183424 0.958628 0.297055 0 0 0 1 
1807261650033;0.495733;0.447874;0.998269 0.0342851 0.0477768 0.0640443 -0.0338583 0.999379 -0.0097142 0.127118 -0.0480802 0.00807975 0.998811 0.0525512 0 0 0 1 
1807261650034;1.09057;0.908092;0.991094 0.127682 -0.0378096 0.60558 -0.129751 0.989818 -0.0585313 0.630121 0.0299512 0.0629158 0.997569 0.720079 0 0 0 1 
1807261650035;0.885672;0.906765;0.986814 0.112955 -0.115926 0.36823 -0.094838 0.983913 0.151394 0.289553 0.131162 -0.138404 0.981652 -0.0818299 0 0 0 1 
1807261650036;0.893017;0.25035;0.986678 0.05994 0.151242 0.147099 -0.0715175 0.994815 0.0723054 0.24664 -0.146124 -0.0821585 0.985849 0.724822 0 0 0 1 
1807261650037;0.513994;0.360787;0.99994 -0.00292246 0.0105905 0.146389 0.00208783 0.996953 0.07798 0.181457 -0.0107861 -0.0779532 0.996899 -0.496895 0 0 0 1 
1807261650038;0.984234;0.470612;0.921316 0.0439235 0.386325 -0.0891442 -0.0220079 0.997897 -0.0609717 0.435944 -0.38819 0.047672 0.920345 -0.227231 0 0 0 1 
1807261650039;0.787771;0.324852;0.986622 0.062663 0.150499 0.145173 -0.0402615 0.988238 -0.147529 0.351614 -0.157974 0.139496 0.97754 -0.119491 0 0 0 1 
1807261650040;0.449489;0.130001;0.972508 -0.009683 0.232667 -0.04852 0.00360474 0.999641 0.0265353 0.0849516 -0.23284 -0.0249671 0.972194 0.564544 0 0 0 1 
1807261650041;0.636202;0.208204;0.9999 0.0131836 -0.00506132 0.215419 -0.0131716 0.99991 0.00238416 0.37174 0.00509229 -0.00231725 0.999984 -0.323599 0 0 0 1 
1807261650042;0.394001;0.327491;0.999887 -0.0111966 -0.010043 -0.089722 0.0110317 0.999806 -0.0163354 0.0505575 0.010224 0.0162228 0.999816 0.081965 0 0 0 1 
1807261650043;0.493104;0.194934;0.96644 0.0799824 0.244125 0.268274 -0.0805238 0.996722 -0.00777839 0.340646 -0.243947 -0.0121405 0.969713 0.274391 0 0 0 1 
1807261650044;0.603128;0.447793;0.999152 0.0349873 -0.0216995 -0.00889928 -0.034819 0.999361 0.00808454 0.200467 0.0219685 -0.00732213 0.999732 -0.437189 0 0 0 1 
1807261650045;0.822026;0.363375;0.992594 -0.0412028 -0.114274 -0.064506 0.0817148 0.922541 0.377148 -0.3514 0.0898831 -0.383693 0.919076 -1.84643 0 0 0 1 
1807261650046;0.726796;0.940429;0.99924 -0.0286976 -0.0263972 -0.11694 0.0252519 0.992123 -0.122698 0.546981 0.0297104 0.121938 0.992093 0.791424 0 0 0 1 
1807261650047;0.841796;0.488495;0.998223 -0.0059073 -0.0593023 -0.0113121 0.00469716 0.999778 -0.0205249 0.144964 0.0594104 0.0202099 0.998029 0.651495 0 0 0 1 
1807261650048;0.923373;0.099418;0.983912 0.0220026 0.177296 0.0884515 -0.0562891 0.980022 0.190757 0.217777 -0.169557 -0.197668 0.965494 0.429866 0 0 0 1 
1807261650049;0.894299;0.763286;0.967581 0.0118971 0.252279 0.0149517 -0.0356932 0.995306 0.0899592 0.153967 -0.250025 -0.0960475 0.963464 0.514716 0 0 0 1 
1807261650050;0.776112;0.717092;0.988081 0.013069 0.153377 0.00384164 0.026248 0.967493 -0.251534 0.55697 -0.151678 0.252562 0.955618 1.24201 0 0 0 1 
1807261650051;0.472646;0.60915;0.983132 0.0834969 0.162725 0.294637 -0.0836085 0.99648 -0.00617477 0.540842 -0.162668 -0.00753457 0.986652 0.503434 0 0 0 1 
1807261650052;0.367213;0.316881;0.998879 0.0178811 0.0438265 0.0438633 -0.0262901 0.979536 0.199547 0.0643804 -0.0393615 -0.200475 0.978908 -0.416012 0 0 0 1 
1807261650053;0.543637;0.177921;0.910006 -0.0193871 -0.414142 0.156619 -0.0799052 0.971977 -0.221079 0.344999 0.406823 0.234275 0.882956 0.311395 0 0 0 1 
1807261650054;0.296591;0.459232;0.987662 0.0834345 -0.132523 0.280633 -0.104737 0.981065 -0.162918 0.478333 0.116421 0.174788 0.977699 0.215845 0 0 0 1 
1807261650055;0.546573;0.572061;0.968807 0.05624 -0.241352 0.125189 0.0282334 0.942519 0.332957 0.298946 0.246205 -0.329385 0.911531 -0.882254 0 0 0 1 
1807261650056;0.638977;0.122241;0.998738 0.033464 -0.03745 -0.0770572 -0.0348563 0.998701 -0.0371656 0.40167 0.0361576 0.0384241 0.998607 0.363795 0 0 0 1 
1807261650057;0.733154;0.820241;0.999613 0.0149363 -0.0234881 -0.0739887 -0.0191475 0.981447 -0.190774 0.809771 0.0202029 0.19115 0.981353 0.473504 0 0 0 1 
1807261650058;1.00454;0.880575;0.974267 0.0558131 -0.218379 0.239897 -0.0447978 0.997477 0.0550754 0.299611 0.220902 -0.0438753 0.974309 -0.0511239 0 0 0 1 
1807261650059;0.328863;0.26897;0.960191 -0.0795397 0.267781 -0.223561 -0.0336734 0.918659 0.393615 -0.0597846 -0.277308 -0.386962 0.879409 -0.697774 0 0 0 1 
1807261650060;0.479524;0.392032;0.999626 0.0273476 -0.000619043 0.0171777 -0.0273509 0.998863 -0.0390427 0.101333 -0.000449384 0.039045 0.999237 -0.0766391 0 0 0 1 
1807261650062;0.610394;0.158773;0.995082 0.0918843 -0.0369898 0.315438 -0.093594 0.994477 -0.0474965 0.283545 0.0324213 0.0507249 0.998186 -0.597656 0 0 0 1 
1807261650063;0.0702684;0.161522;0.999611 0.0141543 0.0240415 -0.0214292 -0.0128528 0.998487 -0.0534563 0.194005 -0.0247617 0.0531265 0.998281 0.142647 0 0 0 1 
1807261650064;0.431381;0.159621;0.972697 -0.130771 -0.191725 -0.431771 0.114763 0.989087 -0.0923953 -0.0971351 0.201716 0.0678698 0.97709 -0.288841 0 0 0 1 
1807261650065;0.67345;0.18632;0.983877 0.0308086 -0.176174 0.0409247 0.048221 0.902875 0.42719 0.305256 0.172225 -0.428797 0.886832 -1.8436 0 0 0 1 
1807261650066;0.179936;0.200907;0.991598 -0.128575 -0.0142096 -0.562264 0.127767 0.990652 -0.0477934 0.170822 0.0202218 0.0455763 0.998756 0.179642 0 0 0 1 
1807261650067;0.697139;0.523868;0.986521 -0.154675 -0.0534015 -0.324316 0.15766 0.985841 0.0571111 0.260094 0.0438117 -0.0647605 0.996939 -0.959485 0 0 0 1 
1807261650068;0.609754;0.576175;0.9905 -0.133957 -0.031083 -0.453576 0.134659 0.990654 0.0217282 0.440403 0.0278819 -0.0257074 0.999281 0.010503 0 0 0 1 
1807261650069;0.14606;0.174664;0.996431 -0.0731301 -0.0421676 -0.375184 0.0724508 0.99722 -0.0174211 0.174526 0.0433244 0.0143038 0.998959 0.00766974 0 0 0 1 
1807261650070;0.531087;0.141305;0.982124 0.079682 -0.170539 0.455323 -0.0169561 0.939752 0.341437 0.113785 0.187471 -0.332442 0.924304 -1.84394 0 0 0 1 
1807261650071;0.140553;0.134907;0.992529 -0.0112517 -0.121485 -0.0880507 0.00165687 0.99689 -0.078793 0.27943 0.121994 0.0780031 0.989461 0.16432 0 0 0 1 
1807261650072;0.380476;0.313915;0.995518 0.0346141 -0.0880101 0.231644 -0.0392846 0.997879 -0.0519006 0.0705474 0.0860269 0.0551255 0.994767 -0.0252577 0 0 0 1 
1807261650073;0.531138;0.262199;0.982658 -0.132233 0.129989 -0.384312 0.0840826 0.94258 0.323224 -0.184151 -0.165266 -0.306689 0.937352 -0.715111 0 0 0 1 
1807261650074;0.56209;0.193374;0.945205 0.212718 0.247667 0.854248 -0.192946 0.975911 -0.101829 0.81676 -0.263362 0.0484631 0.963479 0.533047 0 0 0 1 
1807261650075;0.57785;0.158117;0.999553 -0.0298627 -0.00120424 -0.130157 0.0298486 0.9995 -0.0104383 0.742849 0.00151536 0.0103977 0.999945 -0.423708 0 0 0 1 
1807261650076;0.523862;0.276417;0.98575 -0.139345 -0.0942346 -0.621939 0.120507 0.975818 -0.182368 0.514945 0.117368 0.168414 0.978704 1.04963 0 0 0 1 
1807261650077;0.611234;0.487122;0.999462 0.00671137 0.0321023 0.0360273 0.000223654 0.97742 -0.211305 -0.165342 -0.0327956 0.211198 0.976893 0.469827 0 0 0 1 
1807261650078;0.330727;0.166757;0.948995 0.0606974 -0.309394 0.379383 -0.0527596 0.998029 0.0339672 0.246787 0.310846 -0.0159112 0.950327 0.124965 0 0 0 1 
1807261650079;0.421945;0.34061;0.916929 -0.135838 -0.375219 -0.338068 0.0878453 0.985924 -0.142259 -0.0963818 0.389261 0.0974803 0.915955 0.57614 0 0 0 1 
1807261650080;0.560936;0.24085;0.975614 0.144096 -0.165571 0.815546 -0.195255 0.914334 -0.354781 0.302414 0.100264 0.378458 0.920172 1.26547 0 0 0 1 
1807261650081;0.503671;0.14673;0.982743 0.10794 0.150215 0.401175 -0.128488 0.982537 0.134579 0.139855 -0.133065 -0.151558 0.979451 -1.20371 0 0 0 1 
1807261650082;0.722741;0.327325;0.998107 0.061337 -0.00446393 0.37584 -0.0614992 0.99547 -0.0725083 0.00137233 -3.7276e-06 0.0726456 0.997358 -0.535311 0 0 0 1 
1807261650083;0.552134;0.224385;0.997807 -0.0575469 -0.0327144 -0.0583237 0.0545282 0.994742 -0.0866842 -0.347895 0.0375308 0.0847102 0.995699 0.0340633 0 0 0 1 
1807261650084;0.867721;0.175474;0.92729 0.361207 -0.0983011 2.2618 -0.340867 0.923276 0.177118 0.427383 0.154735 -0.130732 0.979268 -0.877425 0 0 0 1 
1807261650085;0.404997;0.180863;0.978101 -0.146461 -0.147876 -0.602081 0.0761179 0.913 -0.400795 -0.0234956 0.193711 0.380762 0.904155 1.05983 0 0 0 1 
1807261650086;0.258185;0.179112;0.998133 -0.0604035 0.00905261 -0.185127 0.0610222 0.992543 -0.105522 0.212857 -0.0026112 0.105878 0.994376 0.625986 0 0 0 1 
1807261650087;0.211815;0.170365;0.99377 0.104136 0.0397116 0.479134 -0.100335 0.991055 -0.0879953 0.161688 -0.0485198 0.0834626 0.995329 0.354964 0 0 0 1 
1807261650088;0.669831;0.451143;0.986395 -0.149424 -0.0685391 -0.518472 0.121328 0.943029 -0.3098 0.544869 0.110926 0.29727 0.948328 0.555557 0 0 0 1 
1807261650089;0.143654;0.169146;0.993277 0.0512017 0.103821 0.143219 -0.054394 0.998123 0.0281522 0.0843441 -0.102184 -0.0336102 0.994198 -0.0276756 0 0 0 1 
1807261650090;0.732491;0.408023;0.995717 0.0646421 -0.0661054 0.178132 -0.0725909 0.98938 -0.125926 0.818243 0.0572632 0.130186 0.989835 0.577068 0 0 0 1 
1807261650091;0.403612;0.149113;0.986363 0.148931 -0.0700524 0.644946 -0.125713 0.956469 0.263368 0.0725391 0.106227 -0.25097 0.962149 -0.701782 0 0 0 1 
1807261650093;1.16071;0.379249;0.885782 0.30263 0.35186 -0.360802 -0.298564 0.95202 -0.0672049 0.153136 -0.355316 -0.0455238 0.933637 -0.24215 0 0 0 1 
1807261650094;0.696816;0.417258;0.980239 0.191661 0.0489603 -0.141987 -0.189431 0.98078 -0.0467564 -0.061048 -0.0569807 0.0365578 0.997706 -0.0800158 0 0 0 1 
1807261650095;0.832378;0.319272;0.919514 0.113231 0.376395 0.391614 -0.128567 0.991575 0.0157875 0.248694 -0.371436 -0.0629087 0.926325 -0.062521 0 0 0 1 
1807261650096;1.24922;0.357823;0.973949 0.216619 0.0670726 0.0738035 -0.170512 0.894564 -0.413136 -0.439799 -0.149494 0.390936 0.908196 0.724219 0 0 0 1 
1807261650097;1.57732;0.310327;0.962148 0.157445 0.222445 0.328511 -0.199958 0.962433 0.183682 0.0970527 -0.185169 -0.221209 0.957486 0.924925 0 0 0 1 
1807261650098;0.431654;0.336265;0.946174 -0.302949 0.113919 0.00070178 0.310525 0.94894 -0.0555615 -0.250094 -0.0912699 0.0879454 0.991935 0.282214 0 0 0 1 
1807261650099;1.43162;0.308149;0.983023 -0.183216 0.00989921 0.6153 0.177917 0.938629 -0.295501 0.342127 0.0448488 0.292246 0.955291 0.609631 0 0 0 1 
1807261650100;0.198846;0.178158;0.991413 -0.0326447 -0.126624 0.179789 0.0448794 0.994465 0.0950058 -0.14393 0.122822 -0.0998729 0.987391 -0.0849876 0 0 0 1 
1807261650101;0.403364;0.250418;0.994166 -0.0983471 0.0442932 0.144455 0.100023 0.994283 -0.0373605 -0.175169 -0.0403657 0.0415729 0.99832 -0.176796 0 0 0 1 
1807261650102;0.400187;0.292694;0.995498 -0.05446 0.0775811 -0.138013 0.0569202 0.997932 -0.0298593 -0.181161 -0.0757945 0.0341408 0.996539 -0.00684601 0 0 0 1 
1807261650103;1.02195;0.353595;0.956147 0.243169 0.163253 0.0276257 -0.26268 0.958505 0.110755 -0.260578 -0.129547 -0.148782 0.980348 0.552033 0 0 0 1 
1807261650104;1.18672;0.129485;0.995879 0.00985717 -0.0901598 -0.0378938 -0.00246566 0.996652 0.0817289 -0.463291 0.0906635 -0.0811698 0.992568 -0.673799 0 0 0 1 
1807261650105;1.18857;0.459143;0.99214 0.041194 0.118157 -0.3684 -0.044236 0.998751 0.0232379 -0.515425 -0.117052 -0.028282 0.992723 0.145705 0 0 0 1 
1807261650106;0.708535;0.367831;0.996621 -0.0513806 0.0640792 -0.180113 0.050961 0.998667 0.00816646 -0.35637 -0.0644134 -0.00487332 0.997911 0.21908 0 0 0 1 
1807261650107;0.503291;0.234531;0.998344 0.00329721 -0.057438 0.103692 6.75254e-06 0.99835 0.0574273 -0.115385 0.0575325 -0.0573326 0.996696 0.245045 0 0 0 1 
1807261650108;1.52224;0.293346;0.955728 -0.200888 0.215006 0.0986375 0.230174 0.965603 -0.120956 0.630918 -0.183312 0.16509 0.969094 -0.305706 0 0 0 1 
1807261650109;0.339127;0.230733;0.905143 -0.128839 0.405113 -0.0564302 0.099162 0.990668 0.0935061 -0.0895123 -0.41338 -0.0444645 0.909472 0.233113 0 0 0 1 
1807261650110;0.998065;0.138939;0.96995 -0.231338 0.075367 0.154832 0.223951 0.969952 0.0950748 -0.121057 -0.0950968 -0.0753393 0.992613 -0.532696 0 0 0 1 
1807261650111;0.873902;0.296229;0.967026 0.134364 0.21635 0.196506 -0.147755 0.987912 0.0468849 -0.442914 -0.207435 -0.0773057 0.97519 0.43001 0 0 0 1 
1807261650112;0.213542;0.177664;0.990601 0.00518266 -0.136683 0.047375 0.0042904 0.997613 0.0689213 -0.0648336 0.136714 -0.0688599 0.988214 -0.175879 0 0 0 1 
1807261650113;1.08553;0.363697;0.967145 -0.214236 0.136867 -0.212813 0.237855 0.952604 -0.18966 -0.688638 -0.0897476 0.215983 0.972264 -0.12233 0 0 0 1 
1807261650114;0.757919;0.427792;0.948292 0.310464 0.0659936 0.310248 -0.288633 0.929993 -0.227607 -0.0235144 -0.132037 0.196789 0.971514 0.541655 0 0 0 1 
1807261650115;1.40826;0.470042;0.97587 0.212196 0.0514849 -0.404429 -0.214683 0.975464 0.0488071 0.309655 -0.0398649 -0.0586823 0.99748 0.264119 0 0 0 1 
1807261650116;0.547781;0.185495;0.987379 0.154296 0.0357008 0.0789978 -0.15722 0.982111 0.103634 -0.131823 -0.0190718 -0.107939 0.993975 0.267095 0 0 0 1 
1807261650117;1.14474;0.156343;0.936477 0.312957 -0.15833 -0.146391 -0.286019 0.942721 0.17167 0.461259 0.202987 -0.11548 0.972348 -0.408139 0 0 0 1 
1807261650118;1.22447;0.42377;0.952358 0.242389 -0.185098 -0.0567558 -0.278207 0.939121 -0.201626 0.0573517 0.124958 0.243515 0.961814 -0.530394 0 0 0 1 
1807261650119;1.49971;0.346812;0.99454 0.100599 -0.0277649 0.12085 -0.102432 0.991888 -0.0752685 0.547218 0.0199677 0.0777015 0.996777 -0.717608 0 0 0 1 
1807261650120;0.30517;0.337215;0.93931 0.217656 0.265185 0.185266 -0.234785 0.971442 0.0343003 0.0661686 -0.250146 -0.09448 0.963587 0.173013 0 0 0 1 
1807261650121;1.42718;0.131221;0.943471 0.325207 0.0640463 0.433424 -0.331009 0.934458 0.131229 -0.727855 -0.017172 -0.145011 0.989281 0.24194 0 0 0 1 
1807261650122;1.45607;0.316314;0.958657 -0.200201 0.202228 -0.115961 0.23492 0.95784 -0.165393 -0.392762 -0.16059 0.206063 0.965271 -0.679847 0 0 0 1 
1807261650124;1.36594;3.97848;0.115912 -0.958861 0.259133 2.01974 0.941336 0.0227997 -0.336701 -0.552885 0.316941 0.282958 0.905253 0.248047 0 0 0 1 
1807261650125;0.804333;3.88393;0.302241 -0.870479 0.38848 1.5429 -0.29037 0.304096 0.907309 0.196446 -0.907929 -0.387029 -0.160851 0.732271 0 0 0 1 
1807261650126;0.880272;4.10007;0.266156 -0.812672 0.518387 1.89837 0.901844 0.399823 0.163765 -0.351553 -0.340351 0.423917 0.839318 0.350412 0 0 0 1 
1807261650127;1.55898;4.33323;0.00445897 -0.999965 -0.0071094 2.09566 0.401145 -0.0047237 0.916002 -1.13293 -0.916004 -0.00693633 0.40111 0.0620969 0 0 0 1 
1807261650128;0.837192;4.12088;0.363457 -0.871049 0.330413 1.45211 0.931137 0.328343 -0.158664 -0.389129 0.0297155 0.365327 0.930405 -0.138802 0 0 0 1 
1807261650129;0.284015;4.09821;0.233976 -0.928033 0.289844 1.95969 0.964814 0.184848 -0.186991 -0.257397 0.119957 0.323396 0.938629 -0.244123 0 0 0 1 
1807261650130;0.193395;4.33198;0.039026 -0.965105 0.258937 2.09425 0.983137 -0.00924642 -0.182638 -0.342246 0.178659 0.261698 0.94847 -0.334333 0 0 0 1 
1807261650131;0.6404;4.12834;0.282529 -0.89319 0.349843 1.99954 0.958146 0.245204 -0.147752 -0.0760531 0.0461871 0.376945 0.925083 -0.122524 0 0 0 1 
1807261650132;1.48669;4.50474;0.15128 -0.943437 0.295028 2.6628 0.986051 0.164984 0.0219718 0.0672684 -0.0694038 0.287589 0.955236 -0.670493 0 0 0 1 
1807261650133;0.878362;4.44001;0.381707 -0.872861 0.303997 1.94422 0.915377 0.402546 0.00644755 -0.445803 -0.128 0.27581 0.952651 0.0708144 0 0 0 1 
1807261650134;0.764145;3.46789;0.439938 0.893255 -0.0924624 -1.18701 -0.497021 0.327948 0.80338 -0.822245 0.747947 -0.307482 0.588244 0.629661 0 0 0 1 
1807261650135;0.938287;4.13152;0.180743 -0.930367 0.318981 2.01079 0.961369 0.0986613 -0.256973 -0.41372 0.207608 0.353105 0.912259 0.154868 0 0 0 1 
1807261650136;0.165136;4.22082;0.430408 -0.865158 0.257392 1.9158 0.9025 0.40755 -0.139274 -0.34077 0.0155944 0.292241 0.956218 -0.268777 0 0 0 1 
1807261650137;0.685906;3.99118;0.542361 -0.772969 0.329187 1.76383 0.835208 0.453643 -0.310862 -0.321562 0.0909533 0.443539 0.891628 0.0530489 0 0 0 1 
1807261650138;1.14592;4.23748;0.488976 -0.735433 0.469086 1.70184 0.802205 0.590332 0.0893039 -0.730711 -0.342594 0.332636 0.878626 -0.266983 0 0 0 1 
1807261650139;0.608764;4.58495;0.178246 -0.948455 0.262033 2.25824 0.983643 0.164719 -0.0728998 -0.396068 0.0259803 0.270742 0.962301 -0.583392 0 0 0 1 
1807261650140;1.51409;4.284;0.373207 -0.870416 0.32108 1.63219 0.923256 0.382465 -0.0363228 0.221219 -0.0911858 0.309995 0.946355 0.230343 0 0 0 1 
1807261650141;0.713806;3.79106;0.156729 -0.98758 -0.011038 1.67894 0.824136 0.136933 -0.549591 -0.406819 0.544276 0.07704 0.835361 -0.375665 0 0 0 1 
1807261650142;1.81337;3.95665;0.346443 -0.902709 0.255134 1.583 0.911144 0.259115 -0.320432 -0.308254 0.223148 0.343475 0.912266 0.590674 0 0 0 1 
1807261650143;1.33398;3.83182;0.311167 -0.857157 0.410434 1.86756 0.941331 0.218613 -0.257106 0.0419962 0.130654 0.466358 0.874894 0.23891 0 0 0 1 
1807261650144;0.523192;4.12796;0.37658 -0.851652 0.364521 1.71871 0.877515 0.454052 0.154285 -0.216562 -0.296909 0.261772 0.918325 -0.28717 0 0 0 1 
1807261650145;1.32014;4.45614;0.144762 -0.950909 0.273526 2.75855 0.98668 0.117995 -0.111983 -0.468959 0.0742112 0.286093 0.955324 -0.360968 0 0 0 1 
1807261650146;0.396214;4.04061;0.544578 -0.658629 0.519271 1.65672 0.808814 0.576237 -0.117349 -0.235187 -0.221934 0.483899 0.846515 -0.13933 0 0 0 1 
1807261650147;1.75836;4.22627;0.0109133 -0.950403 0.31083 1.51482 0.963802 0.0928114 0.249943 -0.720154 -0.266395 0.296851 0.917013 -0.819754 0 0 0 1 
1807261650148;1.81564;3.97678;0.503385 -0.78641 0.357998 1.82982 0.852395 0.384104 -0.354806 -1.09519 0.141515 0.483759 0.863684 0.000283749 0 0 0 1 
1807261650149;1.27562;4.24667;0.0265896 -0.99526 -0.0935456 2.36881 0.234547 -0.0847551 0.968403 -1.00416 -0.971741 -0.0476903 0.231181 0.319191 0 0 0 1 
1807261650150;1.69552;4.19352;0.263107 -0.866259 0.424699 2.34732 0.964766 0.235981 -0.116356 -0.443403 0.000573553 0.44035 0.897826 0.475306 0 0 0 1 
1807261650151;1.06641;4.16873;0.238913 -0.918289 0.3157 1.82528 0.970966 0.221867 -0.0894472 -0.373491 0.0120949 0.327904 0.944634 -0.801238 0 0 0 1 
1807261650152;1.1455;3.87867;0.340098 -0.90207 0.265713 2.05272 0.933086 0.288558 -0.214672 -0.73042 0.116976 0.320942 0.939847 -0.0231412 0 0 0 1 
1807261650153;0.956413;4.10185;0.418626 -0.846568 0.328748 2.17974 0.908146 0.392142 -0.146612 -0.688642 -0.00479921 0.359927 0.932968 -0.266122 0 0 0 1 
1807261650155;0.606131;0.408144;0.997375 -0.0350362 -0.063368 0.01899 0.0381849 0.99806 0.0491802 0.0588133 0.061522 -0.0514708 0.996778 -0.596764 0 0 0 1 
1807261650156;0.187806;0.072796;0.997098 -0.0760888 -0.00244784 -0.286374 0.0760991 0.99709 0.00443319 -0.150527 0.0021034 -0.00460661 0.999987 0.190891 0 0 0 1 
1807261650157;0.551788;0.359679;0.995935 -0.0860785 0.0265367 -0.382898 0.0893114 0.981961 -0.166659 -0.110354 -0.0117122 0.168352 0.985657 0.94688 0 0 0 1 
1807261650158;0.699792;0.478681;0.992831 -0.0990478 -0.0668986 -0.493935 0.103098 0.992856 0.0600681 -0.0787694 0.060471 -0.0665346 0.99595 -0.639249 0 0 0 1 
1807261650159;0.309546;0.0976944;0.989799 0.109539 -0.0911037 0.444497 -0.126599 0.969532 -0.209717 -0.0646909 0.0653557 0.219111 0.973509 1.03935 0 0 0 1 
1807261650160;0.485518;0.376199;0.998006 -0.0520513 -0.0357008 -0.260044 0.0583723 0.976316 0.208325 -0.132707 0.0240117 -0.209994 0.977408 -0.820909 0 0 0 1 
1807261650161;0.330335;0.0977633;0.998288 -0.0572677 0.0118931 -0.322961 0.0572647 0.915566 -0.39807 -0.349386 0.0119076 0.39807 0.917278 1.32689 0 0 0 1 
1807261650162;0.550603;0.525546;0.995898 0.0903576 0.00466728 0.275951 -0.090353 0.995909 -0.00119157 -0.104826 -0.00475585 0.000764983 0.999988 -0.0127467 0 0 0 1 
1807261650163;0.739956;0.169884;0.974116 0.204025 0.0973227 0.96394 -0.198154 0.977899 -0.0666936 -0.832327 -0.108779 0.0456824 0.993016 0.600407 0 0 0 1 
1807261650164;0.228506;0.0887389;0.957556 0.116438 0.263682 0.425123 -0.123793 0.992243 0.0113911 -0.110792 -0.26031 -0.0435496 0.964542 -0.219244 0 0 0 1 
1807261650165;0.0638727;0.0688415;0.999892 0.00813033 0.0122136 0.0289276 -0.0079465 0.999856 -0.0150252 -0.0718686 -0.012334 0.0149265 0.999813 0.133804 0 0 0 1 
1807261650166;0.691573;0.325014;0.994356 -0.102484 -0.0274472 -0.527389 0.104271 0.991762 0.0744071 -0.452346 0.0195955 -0.0768491 0.99685 0.0222144 0 0 0 1 
1807261650167;0.645574;0.247023;0.951421 0.0244514 0.30692 0.289065 -0.085878 0.978355 0.188271 0.290083 -0.295673 -0.205482 0.932928 -0.972843 0 0 0 1 
1807261650168;0.448255;0.109463;0.95366 0.297447 -0.045375 1.16242 -0.293655 0.887226 -0.355805 -0.28951 -0.065575 0.352641 0.933458 1.3909 0 0 0 1 
1807261650169;0.539907;0.37546;0.997224 0.0368412 -0.0647015 0.112297 -0.0301498 0.994377 0.101512 -0.504454 0.0680775 -0.099279 0.992728 -0.787728 0 0 0 1 
1807261650170;0.652735;0.307581;0.954569 0.104179 0.279186 0.539853 -0.109464 0.993985 0.00336116 0.119125 -0.277157 -0.0337692 0.960231 0.486352 0 0 0 1 
1807261650171;0.437786;0.172163;0.94414 0.211008 0.253131 0.665829 -0.26329 0.94494 0.194336 0.0364151 -0.198188 -0.250127 0.947712 -0.587732 0 0 0 1 
1807261650172;0.513271;0.463193;0.989654 -0.0402605 -0.137709 -0.427524 0.0409314 0.99916 0.00204265 -0.779355 0.137511 -0.00765813 0.990471 0.0472541 0 0 0 1 
1807261650173;0.421662;0.0859938;0.925303 -0.124201 -0.358314 -0.413883 0.120777 0.992163 -0.0320174 0.16397 0.359483 -0.0136504 0.933052 -0.387044 0 0 0 1 
1807261650174;0.342158;0.106841;0.994572 0.0902515 -0.0517817 0.361039 -0.103178 0.919754 -0.37869 -0.156962 0.0134491 0.381977 0.924074 1.27729 0 0 0 1 
1807261650175;0.695425;0.309795;0.998647 -0.0514161 0.00776835 0.0603859 0.0512348 0.998445 0.0219636 0.629797 -0.00888556 -0.0215359 0.999729 -0.263869 0 0 0 1 
1807261650176;0.628882;0.108257;0.93134 0.364144 0.00241545 1.51336 -0.362421 0.927537 -0.0912478 -0.16177 -0.0354678 0.0841073 0.995825 -0.215274 0 0 0 1 
1807261650177;0.385778;0.0808503;0.999351 -0.0340309 -0.011816 -0.152592 0.0341084 0.999397 0.00642564 0.0140263 0.0115902 -0.0068245 0.99991 0.427786 0 0 0 1 
1807261650178;0.865032;0.253994;0.953557 -0.27242 0.128514 -1.11025 0.276406 0.96094 -0.0139275 -0.567428 -0.1197 0.0488027 0.99161 1.09371 0 0 0 1 
1807261650179;0.799283;0.0682922;0.9025 -0.24047 -0.357307 -1.34264 0.232541 0.970365 -0.0657001 -0.276354 0.362517 -0.0237943 0.931673 0.547229 0 0 0 1 
1807261650180;0.951142;0.10581;0.913721 0.38225 0.137839 1.68258 -0.335204 0.900802 -0.276033 0.115269 -0.229679 0.206013 0.951213 1.78618 0 0 0 1 
1807261650181;0.58947;0.0914748;0.983932 -0.176813 0.024784 -0.924679 0.175747 0.983619 0.0400801 -0.788914 -0.0314647 -0.0350804 0.998889 0.0563355 0 0 0 1 
1807261650182;0.51362;0.165038;0.992504 0.0203636 -0.1205 -0.135046 -0.0270797 0.998154 -0.0543629 0.261257 0.119171 0.0572185 0.991224 -0.154879 0 0 0 1 
1807261650183;0.518467;0.12915;0.960731 0.154713 -0.230348 0.867604 -0.176017 0.981535 -0.0748801 0.315303 0.21451 0.112485 0.970223 0.424508 0 0 0 1 
1807261650184;0.540083;0.0511852;0.967351 -0.253054 0.0140073 -1.03756 0.252358 0.966847 0.0390179 -0.773076 -0.0234165 -0.0342091 0.99914 -0.424033 0 0 0 1 
1807261650186;0.453969;0.239532;0.996228 -0.0786479 -0.0366529 0.0916859 0.0817529 0.992326 0.0927699 0.0163462 0.0290755 -0.0954165 0.995013 0.0190708 0 0 0 1 
1807261650187;0.217396;0.0854829;0.997043 0.037695 -0.0669613 -0.0879952 -0.0353612 0.998737 0.0357038 0.0747332 0.0682226 -0.0332305 0.997117 -0.47853 0 0 0 1 
1807261650188;0.833964;0.109232;0.984322 -0.0139297 0.175827 -0.0257624 -0.025049 0.975732 0.217531 0.210072 -0.17459 -0.218525 0.960086 1.31571 0 0 0 1 
1807261650189;0.543168;0.116845;0.862672 0.375356 -0.338977 0.197658 -0.365734 0.925908 0.0945105 0.518146 0.349337 0.0424441 0.936035 -1.14478 0 0 0 1 
1807261650190;0.468639;0.139796;0.923402 -0.239673 0.299808 0.00376839 0.262178 0.964325 -0.036599 -0.774732 -0.28034 0.112399 0.953297 1.1104 0 0 0 1 
1807261650191;0.203867;0.0890609;0.992761 0.0470723 0.110495 -0.177621 -0.0399036 0.997007 -0.0662167 -0.0772601 -0.113281 0.0613282 0.991668 0.457243 0 0 0 1 
1807261650192;0.50492;0.276579;0.988081 0.149969 0.034709 0.379667 -0.142753 0.977081 -0.157905 0.122722 -0.0575944 0.151068 0.986844 0.0425338 0 0 0 1 
1807261650193;0.791638;0.162006;0.976381 -0.215158 -0.0196826 -0.0363703 0.215569 0.976243 0.021919 -0.622894 0.014499 -0.0256443 0.999566 -0.992495 0 0 0 1 
1807261650194;0.736741;0.241537;0.971297 0.233347 -0.0461713 0.299298 -0.237785 0.957718 -0.161971 0.197212 0.00642347 0.168301 0.985715 -0.678863 0 0 0 1 
1807261650195;0.187863;0.160094;0.974235 0.0216365 -0.224494 0.0165003 0.000934244 0.994992 0.0999507 -0.0864092 0.225532 -0.0975852 0.969336 -0.656308 0 0 0 1 
1807261650196;0.587609;0.152123;0.99377 0.107149 -0.0306729 -0.170813 -0.11062 0.981846 -0.154087 -0.202945 0.0136057 0.15652 0.987581 0.704096 0 0 0 1 
1807261650197;0.541762;0.074519;0.959753 0.280692 -0.009327 -0.286788 -0.280356 0.95951 0.0272365 0.906325 0.0165944 -0.0235254 0.999586 -0.224778 0 0 0 1 
1807261650198;0.789459;0.256767;0.994521 0.0424385 -0.0955362 0.40331 -0.0530428 0.992365 -0.111347 0.0717391 0.0900813 0.115805 0.989179 -0.921138 0 0 0 1 
1807261650199;0.344499;0.172671;0.989345 -0.0982246 -0.107461 -0.00326713 0.0879323 0.991426 -0.0966589 -0.181274 0.116034 0.0861798 0.989499 -0.513833 0 0 0 1 
1807261650200;0.665434;0.195724;0.997278 0.0737269 -0.000659725 0.166737 -0.0736893 0.996986 0.0242578 -0.642559 0.00244619 -0.0241432 0.999706 -0.0290275 0 0 0 1 
1807261650201;0.637949;0.0886477;0.998947 0.0416406 -0.0192636 -0.520871 -0.04189 0.999041 -0.0127253 -0.31256 0.0187152 0.0135189 0.999733 -0.317882 0 0 0 1 
1807261650202;0.360138;0.105419;0.996207 0.086156 -0.012229 -0.325456 -0.0865428 0.995607 -0.0357271 0.112803 0.00909722 0.0366499 0.999287 -0.386932 0 0 0 1 
1807261650203;0.394841;0.132719;0.898705 -0.13671 -0.4167 0.234035 0.186555 0.979089 0.0811287 -0.610401 0.396895 -0.150648 0.905417 -1.15071 0 0 0 1 
1807261650204;0.612524;0.143269;0.998495 -0.0547014 -0.004043 -0.122739 0.0548075 0.997917 0.0340278 -0.281533 0.00217321 -0.0341982 0.999413 0.751433 0 0 0 1 
1807261650205;0.404722;0.149485;0.874064 0.230113 -0.427855 0.316331 -0.29294 0.952227 -0.0863106 0.786765 0.387554 0.200777 0.899717 -0.943205 0 0 0 1 
1807261650206;0.626556;0.108798;0.964876 -0.259178 -0.0429084 -0.484098 0.254019 0.962097 -0.0992126 -0.950956 0.0669958 0.0848283 0.994141 0.439127 0 0 0 1 
1807261650207;0.542445;0.0961137;0.999763 -0.00766434 0.0203857 -0.126539 0.00794489 0.999874 -0.0137165 -0.262404 -0.020278 0.0138752 0.999698 0.735197 0 0 0 1 
1807261650208;0.417306;0.0674924;0.95093 -0.0380395 -0.307058 0.0330683 0.000787532 0.992708 -0.120542 0.0512659 0.309404 0.114385 0.944026 -1.07649 0 0 0 1 
1807261650209;0.115948;0.0688621;0.997662 -0.0277293 -0.0624582 -0.0679915 0.0241329 0.998047 -0.057618 -0.013429 0.0639339 0.055976 0.996383 -0.149023 0 0 0 1 
1807261650210;0.290494;0.152988;0.973214 0.227511 0.0330563 0.0336781 -0.214841 0.951201 -0.221496 0.659713 -0.0818358 0.208461 0.974601 0.341523 0 0 0 1 
1807261650211;0.634223;0.35866;0.97926 0.145728 -0.140757 0.539083 -0.166977 0.973968 -0.153311 0.330651 0.114752 0.173634 0.978102 -0.315146 0 0 0 1 
1807261650212;0.518398;0.118679;0.922938 0.262633 -0.281442 0.0580844 -0.237214 0.963828 0.121514 0.750977 0.303175 -0.0453879 0.951853 -1.25938 0 0 0 1 
1807261650213;0.562773;0.272398;0.992059 -0.125489 0.0084792 0.172278 0.118366 0.954294 0.27443 -0.147568 -0.0425295 -0.271247 0.96157 -0.145191 0 0 0 1 
1807261650214;0.522212;0.121503;0.919654 -0.3903 -0.043614 -0.0460148 0.391905 0.904851 0.166299 -1.41687 -0.0254426 -0.17003 0.98511 0.0644645 0 0 0 1 
1807261650215;0.876402;0.149224;0.914218 -0.344828 -0.212835 0.626799 0.339138 0.938565 -0.0638883 -1.39668 0.22179 -0.0137725 0.974997 -0.806079 0 0 0 1 
1807261650217;0.532131;0.447231;0.981628 0.00938539 0.190572 -0.148373 -0.0511958 0.97512 0.215683 -0.151262 -0.183807 -0.221478 0.957686 -0.755964 0 0 0 1 
1807261650218;0.499155;0.391132;0.995548 -0.0398338 -0.085424 -0.285166 0.0486406 0.993426 0.103625 -0.122823 0.0807347 -0.107319 0.990941 -0.168234 0 0 0 1 
1807261650219;0.721512;0.783358;0.998885 0.0244458 -0.0403778 -0.332524 -0.0220478 0.998026 0.0588016 -1.03649 0.0417355 -0.0578458 0.997453 -0.600807 0 0 0 1 
1807261650220;0.121853;0.168818;0.991516 -0.0867091 0.0968357 -0.330097 0.0834677 0.995822 0.0370447 -0.251753 -0.0996432 -0.0286477 0.994611 -0.0470058 0 0 0 1 
1807261650221;0.995809;0.330748;0.995432 -0.0954311 0.00286191 -0.55053 0.0954055 0.995406 0.0080283 -0.36293 -0.00361491 -0.00771859 0.999964 -0.866845 0 0 0 1 
1807261650222;1.09618;0.521824;0.999367 -0.0354946 0.00257879 -0.183813 0.0353246 0.99816 0.0492807 -0.436717 -0.00432324 -0.0491584 0.998782 -1.01647 0 0 0 1 
1807261650223;0.826304;0.556581;0.99659 -0.0818174 0.0107035 -0.404203 0.0813735 0.996003 0.0368416 -0.484495 -0.013675 -0.035845 0.999264 -0.376059 0 0 0 1 
1807261650224;0.375842;0.221496;0.982173 -0.153208 -0.108918 -0.573299 0.176458 0.951164 0.253276 -0.716125 0.0647947 -0.267981 0.961243 -1.0465 0 0 0 1 
1807261650225;0.55112;1.22581;0.994806 -0.0985445 -0.0255051 -1.05257 0.0951762 0.989337 -0.110247 -1.17235 0.0360974 0.107247 0.993577 0.49606 0 0 0 1 
1807261650226;0.761509;0.821245;0.989471 -0.143908 -0.0153858 -0.641438 0.143812 0.989579 -0.00715803 -0.390143 0.0162556 0.00487 0.999856 0.42761 0 0 0 1 
1807261650227;0.75985;0.601626;0.999497 -0.0199592 -0.0246445 -0.218352 0.0211124 0.99865 0.0474552 0.0883308 0.0236641 -0.0479516 0.998569 -0.322978 0 0 0 1 
1807261650228;0.464961;0.445941;0.998989 -0.00328941 -0.0448346 -0.0565644 0.0061239 0.99798 0.0632311 -0.0570056 0.044536 -0.0634417 0.996991 -0.426933 0 0 0 1 
1807261650229;0.961907;0.463923;0.976887 0.00942958 0.213546 -0.106781 -0.0593758 0.971681 0.228713 0.0232096 -0.205342 -0.236107 0.949783 0.241804 0 0 0 1 
1807261650230;1.24871;0.458692;0.959538 -0.0836804 -0.268859 -0.170378 0.10884 0.990831 0.0800516 -0.59786 0.259695 -0.106075 0.959847 -1.64038 0 0 0 1 
1807261650231;0.35278;0.32831;0.975899 -0.117565 -0.183846 -0.445785 0.0828141 0.978971 -0.186432 -0.390751 0.201898 0.166714 0.965113 0.154922 0 0 0 1 
1807261650232;0.725754;0.761458;0.966057 -0.103745 -0.236582 -0.407794 0.138703 0.98092 0.136227 -0.661279 0.217935 -0.164418 0.962014 -0.746902 0 0 0 1 
1807261650233;0.807473;0.729672;0.995535 0.0123857 0.0935752 -0.039987 -0.0211008 0.995468 0.0927277 0.0864949 -0.0920026 -0.0942882 0.991285 -0.249568 0 0 0 1 
1807261650234;0.330571;0.20631;0.98578 -0.165414 -0.0296014 -0.591214 0.164309 0.985732 -0.0365402 -0.452988 0.0352233 0.0311568 0.998894 0.317361 0 0 0 1 
1807261650235;0.476097;0.28171;0.995888 0.0614783 -0.0665452 0.0500012 -0.0472555 0.97918 0.197417 -0.350433 0.0772966 -0.193461 0.978058 -0.245403 0 0 0 1 
1807261650236;0.451212;0.499132;0.915423 -0.0516297 -0.399167 -0.142681 0.0136394 0.995148 -0.0974362 -0.235622 0.402261 0.083751 0.911686 -0.0373376 0 0 0 1 
1807261650237;0.797582;0.398363;0.948837 -0.0354564 0.313768 -0.457072 -0.0228752 0.983347 0.180295 -0.501754 -0.314936 -0.178248 0.932225 -0.687497 0 0 0 1 
1807261650238;1.08583;1.03613;0.993365 -0.0927131 -0.06804 -0.694772 0.0919545 0.995662 -0.014204 -0.753899 0.0690618 0.00785321 0.997581 0.818761 0 0 0 1 
1807261650239;1.02135;1.20409;0.968586 0.113546 0.221245 -0.250949 -0.0756693 0.982058 -0.172733 -0.611827 -0.236889 0.150565 0.959799 0.0923652 0 0 0 1 
1807261650240;0.859825;0.336512;0.997647 -0.0677458 0.0105541 -0.428267 0.0677162 0.9977 0.00314224 -0.16424 -0.0107427 -0.00242016 0.999939 0.714272 0 0 0 1 
1807261650241;0.991567;0.977406;0.996303 -0.0280007 0.0812145 -0.186777 0.00158131 0.951206 0.308553 -0.338236 -0.0858914 -0.307284 0.947734 -0.635269 0 0 0 1 
1807261650242;0.558163;0.468663;0.981835 0.0213478 -0.188534 0.111387 -0.00121122 0.994335 0.106282 -0.104656 0.189735 -0.104123 0.976299 -0.812282 0 0 0 1 
1807261650243;0.371812;0.437147;0.989693 0.0999233 0.102581 0.0980856 -0.134876 0.891138 0.433222 -0.43198 -0.0481251 -0.442593 0.89543 -1.14105 0 0 0 1 
1807261650244;0.711238;0.11449;0.992021 -0.123663 -0.0245173 -0.51513 0.118623 0.981449 -0.150622 -0.483106 0.042689 0.146512 0.988287 -0.194567 0 0 0 1 
1807261650245;0.732714;0.514838;0.990505 -0.0534306 -0.126665 -0.256148 0.026775 0.978715 -0.203469 -0.0746755 0.134841 0.198146 0.970853 0.0735349 0 0 0 1 
1807261650246;1.2033;0.860273;0.978042 0.141875 0.152661 0.0236338 -0.151231 0.987158 0.0514706 -0.247501 -0.143398 -0.0734274 0.986937 0.946575 0 0 0 1 
1807261650248;0.419559;0.688606;0.996481 -0.0838016 0.00166299 -0.954357 0.0838181 0.99629 -0.0195385 -0.607256 -1.94592e-05 0.0196091 0.999808 0.0850116 0 0 0 1 
1807261650249;0.496114;0.610797;0.995167 0.0904117 -0.038329 -0.508271 -0.0941186 0.989511 -0.109587 -0.598774 0.0280191 0.112665 0.993238 0.674607 0 0 0 1 
1807261650250;0.34812;0.492849;0.995817 0.0287586 -0.0867232 -0.204776 -0.0404508 0.98985 -0.136236 -0.240146 0.081925 0.139174 0.986873 0.766514 0 0 0 1 
1807261650251;0.451728;0.614324;0.958348 0.271855 -0.0875457 0.277588 -0.279658 0.955443 -0.0944431 -0.233457 0.0579702 0.114992 0.991673 0.662253 0 0 0 1 
1807261650252;0.33029;0.569507;0.895826 -0.264291 -0.357276 -1.65914 0.181947 0.951593 -0.247721 -0.312876 0.405452 0.15691 0.900549 0.814629 0 0 0 1 
1807261650253;0.249687;0.669298;0.994698 -0.0970934 0.0338914 -1.25307 0.0976999 0.995076 -0.0167172 -0.138028 -0.0321013 0.0199398 0.999286 -0.231586 0 0 0 1 
1807261650254;0.24129;0.575404;0.99311 0.108452 0.0443908 -0.399327 -0.099133 0.979516 -0.175273 -0.0951436 -0.0624902 0.169664 0.983519 0.754519 0 0 0 1 
1807261650255;0.565737;0.446586;0.960377 0.0911357 0.263384 -0.277149 0.0176325 0.923265 -0.38376 -0.598523 -0.278148 0.373198 0.885075 2.06548 0 0 0 1 
1807261650256;0.73595;0.553451;0.90616 0.172371 0.386214 -0.15324 -0.226641 0.9689 0.0993284 0.0331728 -0.357082 -0.177539 0.917046 -1.39789 0 0 0 1 
1807261650257;0.0754684;0.48949;0.999796 -0.00270558 -0.0200253 -0.600421 0.00290176 0.999948 0.00977397 -0.0857486 0.0199978 -0.00983008 0.999752 -0.0859684 0 0 0 1 
1807261650258;0.796962;1.04241;0.965693 -0.25686 -0.0382103 -2.02652 0.258256 0.965343 0.0376295 0.0777839 0.0272206 -0.0462065 0.998561 0.0114257 0 0 0 1 
1807261650259;0.200045;0.561644;0.999172 -0.0404104 0.00466416 -0.789207 0.0402993 0.998949 0.0218557 0.100769 -0.00554245 -0.0216496 0.99975 -0.0317633 0 0 0 1 
1807261650260;0.602384;0.565734;0.966414 -0.155465 -0.204632 -1.39616 0.207375 0.942062 0.263656 -0.271623 0.151787 -0.297237 0.942662 -0.56681 0 0 0 1 
1807261650261;0.61809;0.572499;0.926771 -0.142283 -0.347635 -1.14814 0.147509 0.988993 -0.0115347 -0.157741 0.34545 -0.0405894 0.937559 0.461571 0 0 0 1 
