#;prob_registration_l1 -r /home/probabilistic_point_clouds_registration/build/tester /home/point_clouds_registration_benchmark//devel/registration_pairs/pioneer_slam3_local.txt /home/point_clouds_registration_benchmark//tum/pioneer_slam3 -s 0.1 -t 0.1 -p 0.3 -r 1000 -m 25 -i 40 
id;initial_error;final_error;transformation
39885980090000;0.518509;0.135604;0.994004 0.0338366 -0.10398 0.046482 -0.0206146 0.991854 0.125697 0.0187382 0.107386 -0.1228 0.986604 -0.443841 0 0 0 1 
39885980090001;1.1366;0.722012;0.998056 -0.0283172 -0.0555131 0.20128 0.0303382 0.998894 0.0359086 -0.45725 0.0544349 -0.037523 0.997812 0.274598 0 0 0 1 
39885980090002;0.639436;0.509339;0.999776 0.00859111 0.0193479 0.115946 -0.00445322 0.978851 -0.204528 -0.00568206 -0.0206958 0.204396 0.978669 -0.110663 0 0 0 1 
39885980090003;0.346141;0.0821413;0.955817 -0.0600402 -0.287765 0.17352 -0.0278683 0.956004 -0.292028 0.0971501 0.292638 0.287145 0.912091 -0.829039 0 0 0 1 
39885980090004;1.0895;0.69476;0.969435 -0.0625741 -0.237235 0.134572 0.00974763 0.97599 -0.217598 0.273501 0.245155 0.208635 0.946768 -1.11766 0 0 0 1 
39885980090005;0.90722;0.653869;0.999111 0.0376694 -0.0189522 0.0211903 -0.0389488 0.996614 -0.0724059 0.215565 0.0161605 0.0730797 0.997195 -0.442699 0 0 0 1 
39885980090006;0.367469;0.0563994;0.978568 -0.0258219 -0.204297 0.0363154 -0.0210116 0.974408 -0.223804 0.0623326 0.204848 0.2233 0.952982 -0.987047 0 0 0 1 
39885980090007;0.500039;0.241213;0.99691 -0.0753879 0.0220552 0.0417599 0.0784362 0.940483 -0.330666 -0.249646 0.00418566 0.331374 0.94349 -0.338327 0 0 0 1 
39885980090008;1.30544;0.769192;0.985451 0.000424339 -0.169962 0.155915 -0.0123845 0.997518 -0.0693159 0.248485 0.169511 0.0704123 0.98301 -1.07521 0 0 0 1 
39885980090009;1.07285;0.958974;0.999472 -0.000248475 -0.0325029 -0.0780992 5.34418e-05 0.999982 -0.00600122 -0.0289624 0.0325038 0.00599631 0.999454 -0.0449459 0 0 0 1 
39885980090010;0.993349;0.835642;0.999553 0.0287438 -0.00822228 0.00751106 -0.0292098 0.997543 -0.0636734 0.0504958 0.00637186 0.0638851 0.997937 0.302479 0 0 0 1 
39885980090011;1.19076;0.792184;0.998199 0.00726318 0.0595451 -0.121094 0.00796979 0.967785 -0.251652 0.210931 -0.0594546 0.251673 0.965984 -0.617204 0 0 0 1 
39885980090012;1.08018;0.46961;0.990659 0.105717 -0.0861331 0.122581 -0.115119 0.986936 -0.112715 -0.0176177 0.073092 0.121578 0.989887 -0.935279 0 0 0 1 
39885980090013;0.734434;0.0884625;0.995944 0.07503 -0.0496524 -0.250696 -0.084609 0.968723 -0.233273 0.265319 0.030597 0.236528 0.971143 0.124708 0 0 0 1 
39885980090014;1.32795;0.868367;0.92764 0.0594144 -0.36872 0.278569 0.0160049 0.980034 0.198185 0.0212832 0.373133 -0.189746 0.908167 -1.14115 0 0 0 1 
39885980090015;0.724355;0.0425494;0.999775 0.00136341 0.0211598 0.0307379 -0.00139958 0.999998 0.00169472 0.0620304 -0.0211575 -0.00172395 0.999775 -0.499001 0 0 0 1 
39885980090016;0.348273;0.0251711;0.980192 0.0177707 -0.19725 0.0808925 0.0240399 0.977926 0.207565 -0.0138791 0.196584 -0.208195 0.958128 -0.400296 0 0 0 1 
39885980090017;0.847163;0.479054;0.997285 -0.0418202 -0.060613 0.188989 0.0281927 0.977215 -0.210371 0.202339 0.0680296 0.208091 0.975741 -0.844372 0 0 0 1 
39885980090018;0.98085;0.464539;0.987281 0.013896 -0.158376 -0.150396 -0.0396375 0.98623 -0.160559 0.224417 0.153964 0.164795 0.974237 -0.0314428 0 0 0 1 
39885980090019;1.01873;0.279748;0.994387 0.0962734 0.0438876 -0.343213 -0.0984349 0.993883 0.0500807 -0.0731905 -0.0387977 -0.0541197 0.99778 0.778804 0 0 0 1 
39885980090020;0.349842;0.240463;0.977015 0.108889 0.183262 -0.159084 -0.0787015 0.983212 -0.164621 0.188834 -0.198111 0.146414 0.969183 0.358719 0 0 0 1 
39885980090021;0.142777;0.0165246;0.97757 -0.0198332 -0.209674 0.0981569 -0.000470909 0.995348 -0.0963462 0.0165551 0.210609 0.0942839 0.973013 -0.552451 0 0 0 1 
39885980090022;0.343863;0.15454;0.990172 0.0451023 0.132384 -0.0167675 -0.0401133 0.99839 -0.0401149 0.0951413 -0.133981 0.0344103 0.990386 0.4671 0 0 0 1 
39885980090023;0.973502;0.862614;0.950954 0.0420485 -0.306462 0.133961 0.0208141 0.979775 0.199018 -0.0250741 0.308632 -0.195635 0.930845 -0.549678 0 0 0 1 
39885980090024;1.13358;0.0886293;0.998058 0.0558609 0.0275743 -0.119914 -0.0544946 0.997358 -0.0480365 0.0196258 -0.0301849 0.0464405 0.998465 -0.84826 0 0 0 1 
39885980090025;0.64818;0.34988;0.998216 -0.0566761 -0.0188046 -0.00901539 0.0552991 0.996215 -0.0670654 -0.278566 0.0225344 0.0659059 0.997571 0.115924 0 0 0 1 
39885980090026;1.25567;0.233387;0.989584 -0.0909616 0.111577 0.147127 0.073601 0.985806 0.150892 -0.243933 -0.123719 -0.141109 0.982233 1.41496 0 0 0 1 
39885980090027;0.709211;0.109358;0.997666 0.0586954 0.0348948 -0.125265 -0.0583777 0.998244 -0.0100561 0.401957 -0.0354237 0.00799557 0.99934 0.493267 0 0 0 1 
39885980090028;1.02062;0.574403;0.999221 0.0386465 0.00799688 0.0101725 -0.0386321 0.999252 -0.00194904 0.206695 -0.00806622 0.00163859 0.999966 0.566836 0 0 0 1 
39885980090029;0.737875;0.223477;0.98058 0.176795 -0.0848898 -0.0878872 -0.157752 0.968199 0.194178 0.306567 0.11652 -0.177015 0.977286 0.428844 0 0 0 1 
39885980090031;0.500388;0.278873;0.967937 0.0425655 -0.24756 0.434921 -0.0151262 0.993627 0.111702 0.327845 0.250736 -0.104376 0.962412 -1.46364 0 0 0 1 
39885980090032;0.490152;0.657562;0.951586 -0.290763 -0.0997027 0.214099 0.293835 0.955699 0.0173209 -0.376458 0.0902496 -0.0457784 0.994866 -0.355497 0 0 0 1 
39885980090033;0.259006;0.40052;0.959169 -0.179557 -0.218525 0.288684 0.191629 0.980837 0.0351849 -0.112127 0.20802 -0.0756241 0.975197 -0.768219 0 0 0 1 
39885980090034;0.13399;0.272347;0.996868 -0.0330653 -0.0718332 0.117484 0.0293782 0.998226 -0.0517932 0.172649 0.0734183 0.0495206 0.996071 -0.256442 0 0 0 1 
39885980090035;0.310003;0.263245;0.987158 0.107537 -0.118134 0.616691 -0.135925 0.953935 -0.267456 0.580819 0.0839307 0.280078 0.956301 0.265277 0 0 0 1 
39885980090036;0.791909;0.255782;0.895729 0.0809699 -0.437166 1.58954 0.0142627 0.977537 0.210279 -0.139337 0.444372 -0.194588 0.874454 -1.98887 0 0 0 1 
39885980090037;0.326129;0.376457;0.999741 0.0106074 0.0201546 0.082554 -0.00968524 0.998926 -0.0453117 0.205805 -0.0206136 0.0451047 0.99877 0.347108 0 0 0 1 
39885980090038;0.582863;0.581288;0.999647 0.0263998 0.00300377 0.0683102 -0.026197 0.99817 -0.0544923 0.0451899 -0.00443685 0.0543944 0.99851 -0.0282979 0 0 0 1 
39885980090039;0.172583;0.283988;0.99943 -0.0110089 -0.031908 0.0811882 0.00990885 0.999358 -0.0344324 0.288759 0.0322665 0.0340967 0.998898 0.0821099 0 0 0 1 
39885980090040;0.259945;0.286415;0.995788 -0.0270719 0.0875977 0.303418 0.0104195 0.982639 0.185236 0.39552 -0.0910916 -0.183543 0.978782 -0.0903512 0 0 0 1 
39885980090041;0.477445;0.577827;0.993346 -0.0960245 0.0635853 0.191654 0.0949634 0.99529 0.0195114 -0.152362 -0.0651593 -0.0133433 0.997786 -0.121796 0 0 0 1 
39885980090042;0.418217;0.318376;0.990585 0.136792 -0.00536255 0.641201 -0.13689 0.990161 -0.0290076 0.8038 0.00134179 0.0294686 0.999565 0.309431 0 0 0 1 
39885980090043;0.341309;0.451189;0.991423 -0.0810766 -0.102503 0.309325 0.104951 0.961297 0.254742 -0.146039 0.0778818 -0.263314 0.961561 -0.718699 0 0 0 1 
39885980090044;0.352045;0.387206;0.930421 -0.12799 0.343418 0.186283 0.0599357 0.977561 0.201947 0.0377618 -0.361559 -0.167313 0.917214 0.513428 0 0 0 1 
39885980090045;0.207777;0.382653;0.979229 -0.0789291 0.186766 0.172516 0.0811288 0.996695 -0.00415172 0.121031 -0.185821 0.0192176 0.982396 0.562569 0 0 0 1 
39885980090046;0.379302;0.380272;0.95014 0.0151693 0.311456 0.419368 0.05926 0.971829 -0.228113 0.116945 -0.306142 0.235196 0.922475 1.02526 0 0 0 1 
39885980090047;0.227046;0.243016;0.970927 0.0753451 0.22721 0.404688 -0.0894061 0.994625 0.052228 0.40158 -0.222053 -0.0710234 0.972444 0.214042 0 0 0 1 
39885980090048;0.266999;0.221167;0.989749 0.0626745 0.128334 0.465751 -0.0357954 0.978746 -0.201927 0.32284 -0.138262 0.195263 0.970956 0.978176 0 0 0 1 
39885980090049;0.523967;0.270528;0.946664 0.018044 0.321716 0.692766 -0.0931999 0.971087 0.21978 0.397427 -0.308449 -0.238042 0.920975 1.03596 0 0 0 1 
39885980090050;0.207409;0.37038;0.999579 -0.0232304 -0.0174023 0.269795 0.0231889 0.999728 -0.0025845 0.0328959 0.0174576 0.00217987 0.999845 -0.0185602 0 0 0 1 
39885980090051;0.499446;0.220546;0.991485 0.0821579 0.101029 0.703208 -0.0645344 0.983881 -0.166771 0.58551 -0.113102 0.158831 0.980806 0.00779442 0 0 0 1 
39885980090052;0.316512;0.323196;0.987512 0.107514 0.11516 0.376857 -0.0867587 0.981247 -0.172128 0.660174 -0.131506 0.159987 0.97832 0.355986 0 0 0 1 
39885980090053;0.450592;0.296003;0.99482 -0.0906145 0.046067 0.0809356 0.0932256 0.993948 -0.0581022 0.163112 -0.0405234 0.0620958 0.997247 -0.399367 0 0 0 1 
39885980090054;0.48513;0.507185;0.978008 -0.204108 -0.0428927 0.14575 0.205895 0.912041 0.354667 -0.368614 -0.0332704 -0.355698 0.934008 -0.652209 0 0 0 1 
39885980090055;0.127893;0.321202;0.994915 -0.0909399 -0.0432861 0.241303 0.0883955 0.994427 -0.0574553 0.0906813 0.0482698 0.0533368 0.997409 0.0307624 0 0 0 1 
39885980090056;0.526201;0.472335;0.960265 -0.279087 -0.000959801 0.253524 0.276617 0.951297 0.136078 -0.254611 -0.0370647 -0.130937 0.990698 0.438269 0 0 0 1 
39885980090057;0.593626;0.328747;0.975823 0.0451513 -0.213848 1.10108 0.0295306 0.94222 0.33369 0.026422 0.216559 -0.331937 0.918107 -0.743372 0 0 0 1 
39885980090058;0.12749;0.243682;0.9857 0.034042 -0.165036 0.319603 -0.0431351 0.997724 -0.05183 0.372331 0.162896 0.0582076 0.984925 -0.309609 0 0 0 1 
39885980090059;0.597495;0.335195;0.937284 -0.111678 -0.330193 0.137557 0.0340253 0.972075 -0.232192 0.0590239 0.346903 0.206395 0.91491 0.240453 0 0 0 1 
39885980090060;0.466612;0.379162;0.981168 -0.193037 0.00679968 0.130917 0.189566 0.955573 -0.225709 -0.028359 0.0370727 0.222747 0.974171 0.777901 0 0 0 1 
39885980090062;0.722072;0.621197;0.987957 0.00466249 -0.154661 -0.0351351 0.000353115 0.999475 0.0323863 0.0373169 0.154731 -0.0320508 0.987437 -0.305078 0 0 0 1 
39885980090063;0.21414;0.0748008;0.998103 0.041624 0.0453624 -0.00716777 -0.0204563 0.919172 -0.393324 0.167588 -0.0580675 0.39165 0.91828 -0.336 0 0 0 1 
39885980090064;0.937509;0.631228;0.999691 0.00831908 0.0234033 -0.0663859 -0.00370974 0.981682 -0.19049 -0.0147144 -0.0245593 0.190345 0.98141 -0.70516 0 0 0 1 
39885980090065;0.614008;0.2311;0.941261 0.160251 0.297233 -0.144555 -0.066071 0.950607 -0.303284 0.448801 -0.331153 0.265831 0.905357 0.448045 0 0 0 1 
39885980090066;0.857809;0.123283;0.998874 0.0221984 0.0419176 0.0473024 -0.0182534 0.995568 -0.0922582 -0.377104 -0.0437798 0.0913892 0.994852 0.60702 0 0 0 1 
39885980090067;0.711929;0.639304;0.993722 -0.022319 -0.109633 0.114852 0.00715661 0.990574 -0.136792 -0.0441087 0.111653 0.135148 0.984514 -0.579716 0 0 0 1 
39885980090068;0.589386;0.134146;0.999999 0.00129725 0.000982527 0.0128921 -0.00130193 0.999988 0.00477801 0.0565131 -0.000976316 -0.00477928 0.999988 0.487761 0 0 0 1 
39885980090069;0.410197;0.170294;0.998825 -0.0165636 -0.0455368 0.114181 0.0174402 0.999669 0.018922 -0.100963 0.0452083 -0.019694 0.998783 -0.353353 0 0 0 1 
39885980090070;0.483885;0.200689;0.934906 0.0950132 0.34194 -0.0583392 -0.103832 0.994566 0.00753412 0.235968 -0.339366 -0.042548 0.939692 1.10342 0 0 0 1 
39885980090071;0.64931;0.593451;0.976253 -0.0540738 -0.209778 0.0761649 -0.0195663 0.94238 -0.333971 0.123576 0.21575 0.330144 0.918943 -0.836056 0 0 0 1 
39885980090072;0.398606;0.34223;0.999108 -0.0202425 0.0370505 -0.0129536 0.0117506 0.976215 0.216487 -0.058121 -0.0405515 -0.215859 0.975582 0.386093 0 0 0 1 
39885980090073;0.928997;0.668209;0.954266 0.0918509 -0.2845 0.0331925 -0.0850201 0.995718 0.0362946 0.4083 0.286616 -0.0104465 0.957989 -0.444722 0 0 0 1 
39885980090074;0.42064;0.246793;0.912694 0.0192048 0.408191 0.149838 0.0155256 0.996544 -0.0816003 -0.0720564 -0.408348 0.0808135 0.909242 1.05565 0 0 0 1 
39885980090075;0.428471;0.0957686;0.928313 0.160414 0.335413 -0.0707516 -0.213417 0.968616 0.12742 0.685096 -0.304446 -0.189869 0.933414 1.19036 0 0 0 1 
39885980090076;0.878954;0.667694;0.993233 -0.0156857 0.115073 0.0844296 0.0162672 0.999859 -0.00411622 -0.0847403 -0.114992 0.00596028 0.993349 0.709042 0 0 0 1 
39885980090077;0.395145;0.321361;0.983808 0.176447 -0.0314502 -0.296125 -0.179117 0.961784 -0.207094 0.377659 -0.00629281 0.209374 0.977815 -0.231968 0 0 0 1 
39885980090078;1.1758;0.161596;0.999589 -0.020334 0.0202026 -0.0465001 0.0213033 0.998572 -0.0489845 -0.0829337 -0.0191777 0.0493948 0.998595 -0.991954 0 0 0 1 
39885980090079;1.02505;0.745844;0.963112 -0.0129357 -0.268791 -0.0727609 -0.05684 0.96653 -0.250179 0.154718 0.263031 0.256229 0.930141 -0.512319 0 0 0 1 
39885980090080;0.475546;0.0596371;0.999493 -0.0315978 -0.004024 0.0769425 0.031526 0.999362 -0.0167901 -0.124402 0.00455196 0.0166547 0.999851 -0.410767 0 0 0 1 
39885980090081;0.321616;0.0656416;0.945996 0.000241943 0.324178 0.178221 0.0077556 0.999697 -0.023378 -0.0263898 -0.324085 0.0246297 0.945707 0.945755 0 0 0 1 
39885980090082;1.0641;0.240139;0.970647 0.0636453 0.231936 -0.402333 -0.0712545 0.997155 0.0245703 0.269144 -0.229713 -0.0403756 0.972421 -0.0176993 0 0 0 1 
39885980090083;0.893927;0.182387;0.948039 0.00967086 0.318007 -0.154229 -0.117101 0.939978 0.320514 -0.00959151 -0.29582 -0.341099 0.892268 0.77083 0 0 0 1 
39885980090084;0.543877;0.530308;0.995876 -0.0305309 -0.0854306 0.0680754 0.0167795 0.987412 -0.157277 -0.453641 0.089157 0.155195 0.983852 -0.338955 0 0 0 1 
39885980090085;0.738131;0.599912;0.87796 0.0894727 0.470298 0.0921268 -0.107156 0.994182 0.0109015 0.140784 -0.466587 -0.0599666 0.88244 0.986355 0 0 0 1 
39885980090086;0.60161;0.0443835;0.999277 0.0377946 0.00417207 -0.0320961 -0.0379223 0.998609 0.0366412 0.10419 -0.00278143 -0.036773 0.99932 0.562283 0 0 0 1 
39885980090087;0.217577;0.0851881;0.999264 0.0258073 -0.0283971 -0.105589 -0.0252058 0.999454 0.0213398 -0.0487158 0.0289323 -0.0206083 0.999369 -0.118947 0 0 0 1 
39885980090088;0.201974;0.108616;0.998645 -0.0251995 0.0455248 0.0137886 0.0347457 0.974214 -0.222933 -0.0359057 -0.0387331 0.224213 0.97377 -0.234159 0 0 0 1 
39885980090089;0.645809;0.270991;0.915455 0.0398987 -0.400437 0.242684 -0.00205558 0.995523 0.0944925 -0.11547 0.402414 -0.0856805 0.911439 -1.30889 0 0 0 1 
39885980090090;0.450371;0.31186;0.962811 0.0555708 0.264398 -0.00281629 -0.0704098 0.996411 0.0469745 0.147356 -0.260839 -0.0638438 0.963269 0.931075 0 0 0 1 
39885980090091;0.498519;0.229304;0.99663 0.0312618 -0.0758403 -0.0242748 -0.0234914 0.994582 0.101267 -0.0958861 0.0785952 -0.0991441 0.991964 0.308657 0 0 0 1 
39885980090093;0.227552;0.175796;0.980553 -0.00240901 0.19624 -0.122101 -0.00697369 0.998865 0.0471074 0.152521 -0.196131 -0.0475598 0.979424 0.453354 0 0 0 1 
39885980090094;0.336698;0.35742;0.983684 -0.12453 0.129842 0.472333 0.129063 0.991267 -0.0270684 0.124943 -0.125337 0.0433845 0.991165 -0.132949 0 0 0 1 
39885980090095;0.148785;0.170223;0.987679 -0.00535301 -0.156402 -0.0722428 -0.00475979 0.997925 -0.0642132 0.161436 0.156421 0.0641665 0.985604 -0.195243 0 0 0 1 
39885980090096;0.662123;0.422685;0.97384 0.111311 -0.198104 -0.204397 -0.0522246 0.958105 0.281615 0.139977 0.221152 -0.263902 0.938854 0.17409 0 0 0 1 
39885980090097;0.657715;0.402866;0.966766 0.0496889 0.250787 -0.261833 -0.0666693 0.995989 0.0596686 -0.357457 -0.246816 -0.0744054 0.966202 0.29223 0 0 0 1 
39885980090098;0.630821;0.28247;0.999564 0.0285229 -0.00757269 -0.330422 -0.0294526 0.948028 -0.31682 0.0235673 -0.00185751 0.316905 0.948456 -0.30522 0 0 0 1 
39885980090099;0.628543;0.511222;0.954997 0.0594595 0.290595 -0.181762 -0.0587936 0.998209 -0.0110301 0.816074 -0.29073 -0.00655145 0.956783 0.699332 0 0 0 1 
39885980090100;0.425699;0.31763;0.953409 0.257409 0.157328 -1.2478 -0.229403 0.957278 -0.176048 0.749157 -0.195923 0.131754 0.971728 -0.558393 0 0 0 1 
39885980090101;0.696606;0.467046;0.999548 -0.00875536 -0.0287693 -0.0445168 0.0142619 0.980262 0.197187 -0.119347 0.0264751 -0.197508 0.979944 1.09504 0 0 0 1 
39885980090102;0.122477;0.0862996;0.999567 0.0286045 0.00688163 -0.208373 -0.0286389 0.999578 0.00495253 0.14649 -0.00673706 -0.00514747 0.999964 0.088475 0 0 0 1 
39885980090103;0.717527;0.496821;0.964167 0.174276 0.200024 -0.938826 -0.159443 0.983264 -0.0881418 0.383216 -0.212037 0.0530912 0.975818 0.123101 0 0 0 1 
39885980090104;0.685443;0.539148;0.999357 -0.0343964 -0.0101364 0.254386 0.0344911 0.999361 0.00932534 -0.145764 0.00980914 -0.00966895 0.999905 -0.220058 0 0 0 1 
39885980090105;0.47354;0.44627;0.99982 -0.00688888 0.0176966 0.0131777 0.00648286 0.999717 0.0228993 -0.0418927 -0.0178493 -0.0227804 0.999581 0.130201 0 0 0 1 
39885980090106;0.459683;0.197463;0.953788 0.162288 -0.252885 -0.579805 -0.136045 0.983635 0.118131 0.309386 0.267917 -0.0782678 0.960258 -0.452691 0 0 0 1 
39885980090107;0.891834;0.814117;0.976304 -0.202201 0.0771059 0.635827 0.201698 0.979343 0.0143481 -0.0298471 -0.0784143 0.00154392 0.99692 0.106551 0 0 0 1 
39885980090108;0.424446;0.287348;0.896213 -0.158998 0.414152 0.370541 0.122056 0.985911 0.114376 0.260762 -0.426502 -0.0519552 0.902993 0.45723 0 0 0 1 
39885980090109;0.495711;0.237302;0.955087 0.296315 -0.00262195 -1.39481 -0.295919 0.9542 0.0439851 0.839803 0.0155353 -0.0412337 0.999029 0.357088 0 0 0 1 
39885980090110;0.968235;0.568886;0.990129 -0.017129 0.139111 0.0940337 -0.0145744 0.974542 0.223731 -0.0885869 -0.139402 -0.22355 0.964672 1.85024 0 0 0 1 
39885980090111;0.425117;0.161194;0.998189 0.0547404 0.0249295 -0.387765 -0.0554388 0.998063 0.0282442 0.280184 -0.0233351 -0.0295751 0.99929 0.665348 0 0 0 1 
39885980090112;0.465914;0.26197;0.994122 0.105555 0.0240637 -0.468776 -0.0946139 0.955091 -0.280801 0.481611 -0.052623 0.276874 0.959464 -0.989532 0 0 0 1 
39885980090113;0.34947;0.149835;0.99331 0.110533 0.0334303 -0.612987 -0.115213 0.929039 0.351586 0.561094 0.00780367 -0.353085 0.935559 1.49519 0 0 0 1 
39885980090114;0.0961654;0.109583;0.996449 0.0689456 -0.0483258 -0.368222 -0.0686828 0.997613 0.00708127 0.173493 0.0486987 -0.00373698 0.998807 -0.126303 0 0 0 1 
39885980090115;0.726185;0.383438;0.984865 -0.0904304 -0.147861 0.100541 0.0848474 0.995437 -0.0436526 0.360099 0.151134 0.0304463 0.988044 0.719354 0 0 0 1 
39885980090116;0.788969;0.856607;0.999437 -0.0107604 -0.0317703 -0.0643225 0.0102414 0.999812 -0.0164535 0.794963 0.0319413 0.0161188 0.99936 0.699348 0 0 0 1 
39885980090117;0.478045;0.207743;0.994929 0.0522298 0.0859574 -0.318008 -0.0535676 0.998475 0.0133296 0.231525 -0.0851301 -0.0178665 0.99621 0.729968 0 0 0 1 
39885980090118;0.326438;0.371143;0.995195 -0.0954399 0.0218495 0.311918 0.0950405 0.995299 0.0186408 0.280906 -0.0235259 -0.0164747 0.999587 0.277533 0 0 0 1 
39885980090119;0.735474;0.383318;0.982505 -0.0961299 0.159509 0.367077 0.101874 0.994397 -0.0282141 0.0835488 -0.155903 0.0439703 0.986793 0.801517 0 0 0 1 
39885980090120;0.723848;0.0922187;0.992474 -0.0116995 0.121896 -0.215203 0.0231318 0.995416 -0.0927995 0.628817 -0.120251 0.0949207 0.988195 0.516278 0 0 0 1 
39885980090121;0.394688;0.305115;0.998666 0.0498784 -0.0133557 -0.286994 -0.0512653 0.988684 -0.140982 -0.106094 0.00617263 0.141479 0.989922 -0.210687 0 0 0 1 
39885980090122;0.722168;0.293937;0.982988 0.177817 0.046004 -0.879933 -0.176813 0.983925 -0.0250813 0.335012 -0.0497244 0.0165205 0.998626 0.905835 0 0 0 1 
39885980090124;0.340489;0.0196615;0.996177 0.0868209 0.00972185 0.210165 -0.0867711 0.996213 -0.00543326 -0.635022 -0.0101568 0.00456891 0.999938 -0.364738 0 0 0 1 
39885980090125;0.370091;0.0176685;0.913872 0.0105357 0.405866 -0.439021 -0.0476929 0.995528 0.0815458 -0.265989 -0.403191 -0.0938793 0.910288 -0.998728 0 0 0 1 
39885980090126;0.34208;0.0133474;0.887012 0.252934 0.386307 0.602068 -0.267746 0.963357 -0.0159774 -0.556892 -0.376193 -0.0892601 0.922232 -0.63071 0 0 0 1 
39885980090127;0.0863411;0.0307779;0.996006 -0.0135538 -0.088255 -0.0276429 0.018619 0.998211 0.0568249 0.00257539 0.0873269 -0.0582411 0.994476 -0.0186289 0 0 0 1 
39885980090128;0.358883;0.0133745;0.972884 0.166642 0.160395 0.679656 -0.173875 0.984245 0.0320716 -0.00197339 -0.152523 -0.0590906 0.986532 0.196517 0 0 0 1 
39885980090129;0.382249;0.0438242;0.938794 0.344476 0.00125074 1.3528 -0.344477 0.938795 0.000730767 -0.773414 -0.000922456 -0.00111689 0.999999 -0.0207454 0 0 0 1 
39885980090130;0.323168;0.0328439;0.973418 0.182872 -0.137899 0.89519 -0.199011 0.97334 -0.11403 -0.10565 0.11337 0.138442 0.98386 0.33758 0 0 0 1 
39885980090131;0.505537;0.0359551;0.995515 -0.0939909 -0.0107734 -0.791005 0.0932473 0.994064 -0.0560589 -0.641031 0.0159784 0.0548029 0.998369 -0.216976 0 0 0 1 
39885980090132;0.44134;0.341308;0.999322 -0.0187714 -0.0316861 -0.149097 0.0152034 0.993891 -0.109312 0.127362 0.0335445 0.108756 0.993502 0.813508 0 0 0 1 
39885980090133;0.275576;0.0504886;0.999433 -0.0315549 -0.0117059 -0.523026 0.0316418 0.999473 0.00730817 -0.105894 0.0114691 -0.00767443 0.999905 -0.16094 0 0 0 1 
39885980090134;0.264805;0.0257661;0.983628 -0.129325 0.125502 -0.457466 0.156584 0.958065 -0.239985 0.0872243 -0.0892027 0.255707 0.96263 0.965668 0 0 0 1 
39885980090135;0.321182;0.0170088;0.982127 0.186466 0.0256367 0.264462 -0.181563 0.974466 -0.132104 -0.21452 -0.0496149 0.125088 0.990904 0.703234 0 0 0 1 
39885980090136;0.536598;0.0115973;0.990751 0.0702004 -0.11612 -0.162144 -0.0844438 0.988848 -0.122677 0.0929854 0.106213 0.131348 0.98563 1.48497 0 0 0 1 
39885980090137;0.239766;0.0199838;0.998818 0.0371818 0.0313047 -0.0431114 -0.0387999 0.997853 0.0527717 0.0404241 -0.0292753 -0.053924 0.998116 -0.639197 0 0 0 1 
39885980090138;0.366462;0.0289303;0.936504 -0.334768 -0.104358 -1.26469 0.326638 0.941078 -0.0876349 0.239508 0.127546 0.0479832 0.990671 0.106017 0 0 0 1 
39885980090139;0.522118;0.337535;0.992831 0.114896 0.0329583 0.356816 -0.116832 0.991053 0.0645364 -0.630166 -0.0252485 -0.0679243 0.997371 0.180093 0 0 0 1 
39885980090140;0.328612;0.0223557;0.978078 -0.0384081 -0.204665 -0.175687 0.0219206 0.996373 -0.0822253 0.0365747 0.207081 0.0759364 0.975372 1.08104 0 0 0 1 
39885980090141;0.0802768;0.0130282;0.999029 -0.0139187 0.0417963 -0.164714 0.0118139 0.99867 0.0501896 -0.0579041 -0.0424392 -0.0496471 0.997865 -0.157122 0 0 0 1 
39885980090142;0.374391;0.0432575;0.940666 0.24296 -0.236893 1.0705 -0.169776 0.941422 0.291376 -0.619391 0.293809 -0.233869 0.926813 -0.631791 0 0 0 1 
39885980090143;0.228673;0.0394046;0.985042 0.165183 -0.0490506 0.659505 -0.165455 0.986216 -0.00150343 -0.149906 0.0481261 0.00959659 0.998795 -0.144986 0 0 0 1 
39885980090144;0.446317;0.0307511;0.924334 0.381487 0.0086588 1.4063 -0.381581 0.92399 0.0252646 -0.879704 0.00163748 -0.026657 0.999643 0.244463 0 0 0 1 
39885980090145;0.0431272;0.00889394;0.999673 0.0120669 0.0225258 0.0104118 -0.0128708 0.999273 0.0358878 -0.0209604 -0.0220764 -0.036166 0.999102 -0.164248 0 0 0 1 
39885980090146;0.329175;0.0271515;0.994632 -0.095376 -0.0401307 -0.198249 0.0941584 0.995068 -0.0312134 0.410454 0.0429098 0.0272672 0.998707 0.631155 0 0 0 1 
39885980090147;0.155218;0.0104251;0.998582 0.0481555 0.0227028 0.0346992 -0.0494345 0.996996 0.0596222 -0.11146 -0.0197634 -0.0606599 0.997963 0.00118562 0 0 0 1 
39885980090148;0.427209;0.0155151;0.98678 0.145661 0.0710477 0.328137 -0.124962 0.963007 -0.238752 -0.459462 -0.103196 0.226717 0.968478 1.46734 0 0 0 1 
39885980090149;0.211483;0.019397;0.985631 -0.110267 0.127956 -0.605448 0.109198 0.993901 0.0153582 0.160127 -0.128869 -0.00116494 0.991661 0.0723081 0 0 0 1 
39885980090150;0.560906;0.0565094;0.935326 0.198433 -0.292898 1.1056 -0.225745 0.972196 -0.0622413 0.341991 0.272404 0.124336 0.954116 0.287518 0 0 0 1 
39885980090151;0.283425;0.0296648;0.951785 0.274721 0.136507 0.884843 -0.228969 0.932336 -0.279864 -0.436196 -0.204155 0.235114 0.950285 0.626809 0 0 0 1 
39885980090152;0.461176;0.0396208;0.910421 -0.394799 0.123564 -1.7049 0.388309 0.918566 0.0738463 0.192253 -0.142656 -0.0192502 0.989585 -0.399807 0 0 0 1 
39885980090153;0.364593;0.0102198;0.993132 0.10462 0.0523766 0.00985958 -0.108053 0.991839 0.0676701 -0.585625 -0.0448695 -0.0728648 0.996332 -0.714992 0 0 0 1 
39885980090155;0.220386;0.620571;0.998892 -0.046864 -0.00431237 0.00692966 0.0468025 0.998814 -0.0133935 0.384265 0.00493493 0.0131768 0.999901 -0.00579695 0 0 0 1 
39885980090156;0.547565;0.794444;0.962652 -0.0550364 0.265089 0.300095 0.0185985 0.99025 0.138051 0.464813 -0.270102 -0.127965 0.95429 1.30586 0 0 0 1 
39885980090157;0.178395;0.199898;0.999768 0.0163496 0.014053 -0.0308011 -0.0163081 0.999862 -0.00306309 0.106127 -0.0141012 0.0028332 0.999897 -0.0540493 0 0 0 1 
39885980090158;0.913519;0.700977;0.908915 0.0290972 0.415966 0.653226 -0.0902755 0.987635 0.128172 0.87686 -0.407093 -0.154049 0.900302 2.06322 0 0 0 1 
39885980090159;0.31181;0.345343;0.996826 0.0592328 -0.0531962 -0.280639 -0.0765797 0.896081 -0.437235 0.478056 0.0217694 0.439921 0.897772 -0.200211 0 0 0 1 
39885980090160;0.529179;0.292787;0.999724 0.0124211 -0.0199558 -0.196242 -0.0118645 0.999544 0.0277706 0.28884 0.0202917 -0.0275261 0.999415 0.478709 0 0 0 1 
39885980090161;0.588623;0.700861;0.981947 -0.109294 0.154385 0.0765462 0.0887614 0.986977 0.134154 0.356999 -0.167037 -0.118029 0.97886 1.09749 0 0 0 1 
39885980090162;0.825722;0.795058;0.98086 -0.184604 -0.0619237 0.351691 0.184057 0.982809 -0.0144703 0.206057 0.0635305 0.00279589 0.997976 -0.942933 0 0 0 1 
39885980090163;0.504725;0.342581;0.99882 0.0485508 0.0014722 0.015195 -0.0485649 0.997637 0.0486017 0.815391 0.000890927 -0.0486158 0.998817 0.0539299 0 0 0 1 
39885980090164;0.244441;0.183598;0.996837 0.0243405 -0.0756538 -0.104624 -0.0140985 0.991006 0.133076 0.0969145 0.0782125 -0.131588 0.988214 -0.393551 0 0 0 1 
39885980090165;0.707584;0.305514;0.998468 0.0526336 0.0170715 -0.348108 -0.0526837 0.998608 0.00249577 0.64497 -0.0169163 -0.00339133 0.999851 -0.60694 0 0 0 1 
39885980090166;0.507941;0.715056;0.980062 0.127271 0.152577 -0.157915 -0.11137 0.987826 -0.108613 1.31777 -0.164543 0.0894552 0.982305 0.808412 0 0 0 1 
39885980090167;0.79424;0.740335;0.986686 -0.138763 -0.0848262 0.218311 0.13031 0.9866 -0.0981837 0.46759 0.0973137 0.0858228 0.991547 0.363866 0 0 0 1 
39885980090168;0.994365;0.581871;0.995165 0.097353 -0.0130123 0.293533 -0.097784 0.994478 -0.0380932 1.2507 0.009232 0.0391814 0.999189 0.732066 0 0 0 1 
39885980090169;0.602224;0.712119;0.959895 0.224103 -0.168463 0.00160206 -0.238646 0.968475 -0.071449 1.99974 0.14714 0.108786 0.983115 -0.708965 0 0 0 1 
39885980090170;0.878287;0.86299;0.979897 -0.0714667 -0.186263 -0.00914222 0.110438 0.971851 0.20811 0.322738 0.166147 -0.224497 0.960207 0.374295 0 0 0 1 
39885980090171;0.174618;0.175289;0.991571 0.0694411 -0.10938 -0.0669664 -0.0672518 0.997457 0.0235836 0.413021 0.110739 -0.0160289 0.99372 -0.410762 0 0 0 1 
39885980090172;0.809772;0.114552;0.999656 0.0260001 -0.00347158 -0.397427 -0.0259348 0.999507 0.0176813 0.355637 0.00392959 -0.0175852 0.999838 0.75243 0 0 0 1 
39885980090173;0.12527;0.453976;0.998436 0.0187998 -0.0526469 -0.0244436 -0.0248822 0.992776 -0.117373 0.589364 0.05006 0.118499 0.991691 -0.217821 0 0 0 1 
39885980090174;1.08358;0.734826;0.957955 0.0345935 0.284826 -0.0245712 -0.0508219 0.997466 0.049782 0.896428 -0.282382 -0.0621643 0.957286 1.88053 0 0 0 1 
39885980090175;0.382051;0.222705;0.999747 0.0224859 0.000720036 -0.183017 -0.0224926 0.999685 0.0111719 0.245415 -0.000468599 -0.0111852 0.999937 0.408345 0 0 0 1 
39885980090176;1.01834;1.13848;0.957143 -0.0284791 0.288211 -0.158831 0.0416476 0.998345 -0.0396611 0.416146 -0.286605 0.0499647 0.956745 1.39618 0 0 0 1 
39885980090177;0.304463;0.294139;0.998676 -0.0193476 0.0476692 0.00316446 0.018512 0.999668 0.0179074 0.194558 -0.0479998 -0.0170012 0.998703 -0.0487072 0 0 0 1 
39885980090178;0.543046;0.522649;0.995 0.0411563 0.0909959 -0.297708 -0.0368857 0.99816 -0.0481259 0.500488 -0.0928092 0.0445289 0.994688 0.686306 0 0 0 1 
39885980090179;0.361753;0.325319;0.989861 0.0273851 -0.139377 -0.205227 -0.0308549 0.999264 -0.0227951 0.372963 0.13865 0.0268644 0.989977 -0.0873348 0 0 0 1 
39885980090180;0.25283;0.647179;0.998099 -0.0254016 -0.0561547 -0.0355182 0.0262705 0.999545 0.0147894 0.583215 0.0557535 -0.0162365 0.998313 0.0086035 0 0 0 1 
39885980090181;0.881259;0.991788;0.981375 -0.0124282 -0.191697 -0.00557238 0.0335688 0.993646 0.107432 0.197544 0.189144 -0.111866 0.975557 -0.0296047 0 0 0 1 
39885980090182;0.669254;0.465474;0.998927 0.0454635 0.00882076 -0.0334009 -0.0457467 0.998336 0.035115 0.270721 -0.00720963 -0.0354808 0.999344 -0.518617 0 0 0 1 
39885980090183;0.198594;0.51881;0.968166 0.0505587 0.245151 0.0482639 -0.0598946 0.99773 0.0307726 0.717933 -0.243039 -0.0444762 0.968996 0.899863 0 0 0 1 
39885980090184;0.838159;0.194575;0.995361 0.0916185 -0.0293852 0.00734433 -0.0960375 0.927477 -0.361335 0.907408 -0.00585092 0.362481 0.931973 -0.767361 0 0 0 1 
39885980090186;1.03403;0.772369;0.998912 0.0269927 0.0380417 0.00797229 -0.0258041 0.999174 -0.0313952 -0.795026 -0.0388577 0.0303794 0.998783 -0.601115 0 0 0 1 
39885980090187;0.391456;0.201202;0.998725 -0.00183576 0.0504448 -0.107305 -0.00245736 0.996385 0.0849116 -0.238567 -0.0504184 -0.0849273 0.995111 -0.111499 0 0 0 1 
39885980090188;0.19321;0.177715;0.99499 0.0164265 -0.0986171 -0.0791368 -0.0258495 0.995137 -0.0950482 -0.0124694 0.0965762 0.0971212 0.990576 -0.545111 0 0 0 1 
39885980090189;0.694654;0.37403;0.974263 -0.0193919 0.224578 0.0715065 0.00494115 0.997891 0.0647302 -0.0709065 -0.22536 -0.0619546 0.972304 1.25162 0 0 0 1 
39885980090190;0.710931;0.197465;0.999274 0.0037347 -0.0379105 -0.125347 0.00549259 0.970658 0.240401 -0.0216134 0.037696 -0.240435 0.969933 0.726348 0 0 0 1 
39885980090191;0.303973;0.282578;0.998238 0.0525918 0.0274694 -0.241087 -0.0528004 0.998581 0.00692248 0.0211375 -0.0270664 -0.00836068 0.999599 -0.0916176 0 0 0 1 
39885980090192;0.937341;0.337352;0.999675 -0.0105878 0.0231979 -0.0625188 0.0104504 0.999927 0.00603701 -0.67637 -0.0232602 -0.00579262 0.999713 0.812218 0 0 0 1 
39885980090193;0.0973903;0.226625;0.999884 -0.0051835 0.0142872 -0.0933518 0.00505244 0.999945 0.00919447 -0.132193 -0.0143341 -0.00912122 0.999856 0.0747508 0 0 0 1 
39885980090194;0.330993;0.176109;0.999278 -0.0313758 0.0214478 -0.0669193 0.032296 0.99851 -0.0439961 -0.372923 -0.0200355 0.044657 0.998801 0.118529 0 0 0 1 
39885980090195;0.913121;0.24159;0.999235 0.0385686 -0.00641118 -0.143028 -0.0388924 0.997319 -0.061991 0.158931 0.00400308 0.062193 0.998056 -0.882256 0 0 0 1 
39885980090196;0.843835;0.292111;0.993606 0.0804201 0.0792407 -0.16821 -0.0832866 0.995961 0.0335547 0.101801 -0.0762221 -0.0399399 0.996291 -0.479547 0 0 0 1 
39885980090197;0.709255;0.226444;0.999517 -0.00302074 0.0309159 -0.111022 -0.00146318 0.989577 0.143995 -0.326995 -0.0310286 -0.14397 0.989095 -0.411644 0 0 0 1 
39885980090198;1.04503;0.619981;0.998776 -0.0230386 -0.0437701 -0.0940961 0.0180986 0.993758 -0.110084 -0.159744 0.046033 0.109157 0.992958 0.64605 0 0 0 1 
39885980090199;0.0833687;0.181346;0.998691 -0.0231283 0.0456195 -0.0480021 0.0227636 0.999705 0.00849843 -0.263504 -0.0458026 -0.00744884 0.998923 0.129215 0 0 0 1 
39885980090200;1.06244;0.640282;0.999572 -0.0255114 -0.0142989 -0.0646822 0.0253058 0.999576 -0.0143808 -0.0902581 0.0146597 0.0140128 0.999794 0.765502 0 0 0 1 
39885980090201;0.454509;0.329158;0.975036 -0.0765968 -0.208419 -0.020698 0.0701084 0.996802 -0.0383542 -0.255633 0.21069 0.0227848 0.977287 -0.417773 0 0 0 1 
39885980090202;0.602175;0.445741;0.924092 0.05768 -0.377793 -0.145424 -0.0299543 0.996435 0.0788629 -0.0811925 0.380995 -0.06156 0.922525 -0.902854 0 0 0 1 
39885980090203;0.367742;0.261747;0.912722 -0.00411058 0.40856 0.162 -0.0645825 0.985927 0.154196 0.14554 -0.403445 -0.167124 0.899612 1.55171 0 0 0 1 
39885980090204;1.06319;0.297267;0.972271 0.0860223 0.217463 0.000884882 -0.0654078 0.992806 -0.10029 -0.0352214 -0.224526 0.0832852 0.970903 1.62838 0 0 0 1 
39885980090205;0.675409;0.241667;0.998228 0.0593624 0.00406765 -0.583189 -0.0589345 0.995817 -0.0698194 -0.313292 -0.00819528 0.069456 0.997551 -0.272664 0 0 0 1 
39885980090206;0.947378;0.268479;0.995345 0.0499157 0.0824378 -0.303503 -0.0568395 0.994852 0.0838963 -0.270277 -0.0778257 -0.0881915 0.993059 1.15656 0 0 0 1 
39885980090207;0.975527;0.317547;0.997843 -0.047998 -0.0447873 -0.101897 0.0487066 0.998703 0.0148644 -0.121778 0.0440157 -0.0170138 0.998886 -0.968988 0 0 0 1 
39885980090208;0.357335;0.507226;0.968846 0.0809547 0.234061 -0.214072 -0.0632072 0.994596 -0.082368 -0.107729 -0.239464 0.0650075 0.968726 0.493151 0 0 0 1 
39885980090209;0.567849;0.212242;0.988395 0.151531 0.0106444 -0.643735 -0.15163 0.988394 0.00922021 0.179626 -0.00912369 -0.0107272 0.999901 0.157762 0 0 0 1 
39885980090210;0.29383;0.251365;0.975793 0.00957324 0.218485 0.000589766 -0.0291147 0.995835 0.0863974 -0.0858664 -0.216748 -0.0906671 0.972008 1.00597 0 0 0 1 
39885980090211;0.573799;0.562507;0.99703 0.0425825 0.0641701 -0.416241 -0.0131615 0.915188 -0.402813 -0.314287 -0.0758805 0.400772 0.91303 0.055262 0 0 0 1 
39885980090212;0.324919;0.324901;0.991684 0.123372 -0.036645 -0.218313 -0.11965 0.988675 0.0905881 0.147854 0.047406 -0.0854502 0.995214 0.184668 0 0 0 1 
39885980090213;0.920265;0.312667;0.99289 -0.0411954 -0.11168 -0.0555869 0.0494948 0.996133 0.0725899 -0.578336 0.108258 -0.0776014 0.991089 0.497968 0 0 0 1 
39885980090214;0.527822;0.871535;0.998899 0.00345404 0.0467763 -0.397471 -0.00437664 0.999798 0.0196356 -0.444968 -0.046699 -0.0198187 0.998712 0.472691 0 0 0 1 
39885980090215;0.58213;0.497054;0.99596 -0.0301039 0.084596 0.022548 0.0332101 0.998816 -0.0355543 -0.202803 -0.0834255 0.0382202 0.995781 0.26849 0 0 0 1 
39885980090217;1.03417;1.11176;0.997598 0.0664602 -0.0195218 0.118207 -0.0674209 0.996286 -0.0535579 0.457603 0.0158898 0.0547454 0.998374 -0.572483 0 0 0 1 
39885980090218;0.202378;0.263488;0.998612 0.0437683 -0.0293094 -0.0365887 -0.0435323 0.999015 0.00864125 0.224855 0.0296588 -0.00735334 0.999533 -0.168103 0 0 0 1 
39885980090219;0.470141;0.990658;0.993459 -0.0393385 0.107198 0.145801 0.0321955 0.997195 0.0675684 0.449889 -0.109556 -0.0636751 0.991939 0.420227 0 0 0 1 
39885980090220;1.3181;0.320696;0.965163 0.157165 -0.20919 -0.0319161 -0.170782 0.98411 -0.0485922 1.63658 0.198229 0.0826254 0.976667 -0.434316 0 0 0 1 
39885980090221;1.15923;0.959353;0.926626 -0.103674 0.36141 -0.058202 0.158016 0.979603 -0.124133 -0.39405 -0.341169 0.172134 0.924107 0.735623 0 0 0 1 
39885980090222;0.407338;0.385661;0.97521 0.0464587 0.21635 0.0264843 -0.0701172 0.992208 0.102992 0.384518 -0.20988 -0.115608 0.970868 0.881363 0 0 0 1 
39885980090223;0.517255;0.591945;0.978711 0.0573564 0.197068 0.0222798 -0.0745438 0.993928 0.0809298 0.506862 -0.191229 -0.093897 0.977044 0.799616 0 0 0 1 
39885980090224;1.08029;0.955762;0.988013 -0.0995934 0.117944 -0.0535963 0.0874016 0.990689 0.104389 -0.287119 -0.127243 -0.0928289 0.987518 0.539414 0 0 0 1 
39885980090225;0.715361;0.48339;0.995793 -0.00217316 -0.0916019 0.0969249 -0.0215787 0.966038 -0.257498 0.381461 0.0890505 0.258391 0.961927 0.139077 0 0 0 1 
39885980090226;0.549209;0.534667;0.955379 -0.00547367 0.295332 0.0113247 -0.0246929 0.994849 0.0983185 0.166766 -0.294348 -0.101224 0.950322 1.00112 0 0 0 1 
39885980090227;1.15995;1.23095;0.946986 0.321267 -0.00221752 0.723676 -0.32074 0.945786 0.0511396 1.87204 0.0185268 -0.0477172 0.998689 -0.506597 0 0 0 1 
39885980090228;0.215505;0.363301;0.992825 0.109021 0.0491135 0.0389084 -0.107904 0.993851 -0.0248554 0.565348 -0.0515213 0.0193776 0.998484 -0.0185327 0 0 0 1 
39885980090229;0.121617;0.288547;0.998962 0.0455375 -0.0013238 0.000456029 -0.0453998 0.99751 0.0539717 0.264042 0.00377825 -0.0538556 0.998542 -0.0297051 0 0 0 1 
39885980090230;1.03093;0.938555;0.998928 0.0462602 -0.00164951 0.1873 -0.0462585 0.998929 0.00101697 0.323379 0.00169479 -0.000939579 0.999998 0.503699 0 0 0 1 
39885980090231;0.888653;0.74754;0.993383 0.00565455 0.114712 -0.0309785 -0.0198201 0.992243 0.122727 0.194212 -0.113128 -0.124188 0.985789 0.520345 0 0 0 1 
39885980090232;0.59802;0.910923;0.978274 0.0310995 -0.204973 0.357349 -0.0948606 0.946264 -0.309169 0.748657 0.184343 0.321896 0.928655 -0.426761 0 0 0 1 
39885980090233;0.0427632;0.262833;0.996416 0.084541 0.00286228 -0.00751451 -0.0845382 0.99642 -0.00108612 0.453698 -0.00294385 0.000840256 0.999995 0.000627046 0 0 0 1 
39885980090234;0.404716;0.435589;0.987938 0.0756168 -0.135135 0.107863 -0.0164499 0.918977 0.393967 0.336762 0.153976 -0.386992 0.909136 -0.443804 0 0 0 1 
39885980090235;0.881271;0.824024;0.98888 0.0848547 -0.122129 0.54944 -0.105554 0.978988 -0.174472 1.0199 0.104758 0.185423 0.977059 -0.623816 0 0 0 1 
39885980090236;1.0378;0.948461;0.96643 0.256839 -0.00688489 0.16307 -0.256859 0.966446 -0.00226831 1.43759 0.00607129 0.0039606 0.999974 -0.846025 0 0 0 1 
39885980090237;0.452033;0.301754;0.977426 0.0553532 -0.203896 0.120532 0.00702725 0.956018 0.293224 0.132777 0.211159 -0.288038 0.934048 -0.769567 0 0 0 1 
39885980090238;0.922552;0.389241;0.947959 0.0552771 -0.313557 0.216126 -0.122199 0.972558 -0.197984 1.11401 0.294009 0.225997 0.9287 -0.365867 0 0 0 1 
39885980090239;0.393854;0.397872;0.995552 -0.0344995 -0.0876709 0.0408883 0.00942086 0.962333 -0.27171 0.1878 0.0937425 0.269675 0.958378 -0.273035 0 0 0 1 
39885980090240;0.68439;0.617381;0.988935 0.148316 0.00314925 0.0318141 -0.147482 0.985223 -0.087093 1.32107 -0.01602 0.0856649 0.996195 -0.265664 0 0 0 1 
39885980090241;0.655728;0.334011;0.961273 0.145613 0.23399 0.0969185 -0.0725503 0.952779 -0.294869 0.717151 -0.265878 0.266474 0.926445 0.299122 0 0 0 1 
39885980090242;0.353633;0.438015;0.908884 0.147747 0.390001 0.339564 -0.0368294 0.959925 -0.277825 0.506187 -0.41542 0.238147 0.877902 1.1867 0 0 0 1 
39885980090243;1.27115;0.976096;0.998728 -0.0356602 0.0356494 0.271768 0.0349509 0.999182 0.0203262 0.69901 -0.0363451 -0.0190544 0.999158 0.850104 0 0 0 1 
39885980090244;0.554019;0.879605;0.987931 -0.0949682 0.122366 0.194282 0.0669939 0.97426 0.215243 0.191293 -0.139658 -0.204447 0.968864 0.315481 0 0 0 1 
39885980090245;0.651828;0.310288;0.99728 0.0453953 -0.0580661 0.0624369 -0.0476332 0.998151 -0.0377542 0.512034 0.0562449 0.0404173 0.997599 0.274338 0 0 0 1 
39885980090246;0.546588;0.894873;0.995266 0.0206852 -0.0949656 0.201646 -0.0102293 0.993957 0.109296 0.526521 0.0966525 -0.107807 0.989462 -0.541267 0 0 0 1 
39885980090248;0.37448;0.336169;0.967422 -0.159567 0.196554 -0.0200688 0.149392 0.986596 0.0656467 0.309477 -0.204395 -0.0341444 0.978293 0.0161779 0 0 0 1 
39885980090249;0.482365;0.339875;0.983311 -0.178658 -0.0343708 0.15047 0.179122 0.983767 0.0108942 0.0933769 0.0318666 -0.0168689 0.99935 -0.331784 0 0 0 1 
39885980090250;0.869457;0.111616;0.938969 0.0359843 0.342113 -0.0504452 -0.103525 0.977969 0.181272 -0.664145 -0.328053 -0.205626 0.922008 0.329132 0 0 0 1 
39885980090251;0.521745;0.114771;0.994993 -0.0930339 -0.0365236 0.0409299 0.092608 0.995615 -0.0131873 -0.251666 0.0375903 0.00973889 0.999246 0.313191 0 0 0 1 
39885980090252;1.01023;0.0995642;0.995291 0.0948517 0.0199667 0.33157 -0.0968302 0.963572 0.249305 -0.123903 0.00440767 -0.250065 0.968219 -0.942515 0 0 0 1 
39885980090253;0.430197;0.101046;0.978719 0.14185 -0.148284 0.0699216 -0.102274 0.963654 0.246803 0.287914 0.177904 -0.226385 0.957654 -0.0945663 0 0 0 1 
39885980090254;0.437029;0.149527;0.997065 -0.067935 0.0352884 -0.0020176 0.0692521 0.996892 -0.0375466 0.180699 -0.032628 0.0398803 0.998672 0.390781 0 0 0 1 
39885980090255;0.581357;0.1104;0.995921 0.048534 0.0760595 0.122551 -0.0529297 0.996977 0.0568831 -0.256918 -0.0730688 -0.0606769 0.995479 0.397613 0 0 0 1 
39885980090256;0.383432;0.24556;0.953886 -0.297178 0.0422727 -0.0818837 0.29905 0.953009 -0.0484037 0.297433 -0.0259017 0.0588133 0.997933 0.0107232 0 0 0 1 
39885980090257;0.931685;0.0859889;0.979538 0.187628 -0.0728075 -0.138857 -0.192689 0.978752 -0.0701094 0.129748 0.058106 0.082704 0.994879 -0.839789 0 0 0 1 
