#;prob_registration_l1 -r /home/probabilistic_point_clouds_registration/build/tester /home/point_clouds_registration_benchmark//devel/registration_pairs/plain_local.txt /home/point_clouds_registration_benchmark//eth/plain -s 0.2 -t 0.2 -p 0.3 -r 1000 -m 25 -i 40 
id;initial_error;final_error;transformation
4215528470000;0.567788;0.38958;0.963035 -0.0202851 0.268612 0.342806 0.00436758 0.998205 0.0597241 -0.0254788 -0.269341 -0.0563432 0.961395 1.96773 0 0 0 1 
4215528470001;0.547226;0.084284;0.992382 0.0962517 -0.0769015 -0.653269 -0.0573638 0.913407 0.402986 0.773778 0.10903 -0.395504 0.91197 1.07094 0 0 0 1 
4215528470002;0.032832;0.0219006;0.999996 0.00143257 0.0024586 0.00338167 -0.0014393 0.999995 0.00273622 -0.0154037 -0.00245467 -0.00273975 0.999993 0.0167886 0 0 0 1 
4215528470003;0.731607;0.0513619;0.995421 -0.0408125 0.0864366 -0.104195 0.0389965 0.998984 0.0225959 -0.83867 -0.0872709 -0.0191217 0.996001 0.408432 0 0 0 1 
4215528470004;0.518474;0.212032;0.962119 0.00799343 -0.272511 0.13797 0.0532297 0.974825 0.216525 -0.39933 0.267382 -0.222829 0.937472 -0.255724 0 0 0 1 
4215528470005;0.0948906;0.0942944;0.999387 0.0247179 0.0247751 -0.154414 -0.0224168 0.995761 -0.0892038 0.169654 -0.026875 0.0885938 0.995705 -0.290833 0 0 0 1 
4215528470006;0.93827;0.392353;0.999394 -0.0176437 -0.0299982 -0.294777 0.00645441 0.940976 -0.338413 0.14356 0.0341985 0.338014 0.940519 -1.42363 0 0 0 1 
4215528470007;0.649378;0.489825;0.994577 -0.012451 -0.103251 0.0315155 -0.0249752 0.935159 -0.353348 0.599041 0.100955 0.354011 0.929777 -2.00225 0 0 0 1 
4215528470008;0.524363;0.407692;0.963227 0.0308137 -0.266918 0.117931 -0.0660755 0.990061 -0.124152 0.46381 0.260439 0.137223 0.955689 -2.31389 0 0 0 1 
4215528470009;0.400063;0.382365;0.966845 -0.0617773 0.247779 0.262001 0.0740339 0.996435 -0.0404485 -0.52152 -0.244397 0.0574515 0.967972 1.33115 0 0 0 1 
4215528470010;0.581956;0.325652;0.991083 -0.100499 -0.0874949 0.596621 0.0731327 0.959145 -0.2733 -0.320022 0.111387 0.264464 0.957941 -2.09195 0 0 0 1 
4215528470011;0.358216;0.191081;0.983661 -0.109006 0.143278 0.472997 0.137878 0.967883 -0.210221 -0.806771 -0.115761 0.226541 0.967098 -0.125626 0 0 0 1 
4215528470012;0.581653;0.392362;0.983926 0.121205 -0.131149 -0.430805 -0.0790073 0.954068 0.288986 0.516791 0.160151 -0.273979 0.948308 -0.123531 0 0 0 1 
4215528470013;0.612837;0.0317089;0.982384 -0.0579057 0.177673 0.126804 0.0560031 0.998307 0.0157093 -0.344875 -0.178282 -0.00548233 0.983964 0.544216 0 0 0 1 
4215528470014;0.871128;0.612202;0.998654 -0.0282951 0.0434651 0.0445531 0.0290796 0.999423 -0.0175235 -0.311188 -0.0429443 0.0187639 0.998901 0.732368 0 0 0 1 
4215528470015;0.0605696;0.0443785;0.999922 -0.001605 0.0124109 0.00615448 0.00178474 0.999893 -0.0144854 -0.0477611 -0.0123863 0.0145065 0.999818 -0.0108882 0 0 0 1 
4215528470016;0.462589;0.213962;0.972651 0.0350994 0.229605 -0.259776 0.0139498 0.977905 -0.208585 -0.124912 -0.231853 0.206083 0.95067 0.824595 0 0 0 1 
4215528470017;0.763704;0.400383;0.993011 0.0568431 0.103428 -0.421609 -0.0956459 0.901019 0.423104 0.76024 -0.06914 -0.430039 0.900159 3.02673 0 0 0 1 
4215528470018;0.320962;0.405064;0.998228 -0.00904753 0.058817 -0.184917 0.00293624 0.994659 0.10317 -0.178657 -0.0594363 -0.102815 0.992923 0.704758 0 0 0 1 
4215528470019;0.470754;0.183028;0.904622 0.150022 -0.398939 -0.112771 -0.091249 0.982472 0.162547 0.527414 0.416332 -0.110641 0.902456 -2.04079 0 0 0 1 
4215528470020;0.901423;0.53882;0.988485 -0.0243541 0.149346 -0.123279 0.0409515 0.993188 -0.109087 -0.15639 -0.145672 0.113947 0.982749 -0.0549985 0 0 0 1 
4215528470021;0.310289;0.085015;0.99793 -0.0534212 -0.035802 0.0900353 0.0568597 0.99304 0.10314 -0.491269 0.030043 -0.104962 0.994022 0.492156 0 0 0 1 
4215528470022;0.501427;0.105766;0.979789 0.0706213 -0.187152 -0.0886779 -0.0854593 0.993706 -0.072429 0.451903 0.180859 0.0869591 0.979657 -1.96157 0 0 0 1 
4215528470023;0.509895;0.357217;0.99445 0.00243509 0.105182 -0.0133649 0.0134384 0.988604 -0.149942 0.0586494 -0.104349 0.150523 0.983084 -0.348968 0 0 0 1 
4215528470024;0.756959;0.490676;0.997413 -0.0382227 0.0608759 0.0504419 0.0367352 0.999003 0.0253701 -0.387967 -0.0617849 -0.0230682 0.997823 1.02831 0 0 0 1 
4215528470025;0.187466;0.0757465;0.990074 0.133219 -0.0447908 -0.619343 -0.128715 0.987431 0.0917156 0.860472 0.0564462 -0.08504 0.994777 -0.000512298 0 0 0 1 
4215528470026;0.0729172;0.0431358;0.999469 -0.0322551 -0.0045091 0.163228 0.0322233 0.999456 -0.00696463 -0.210989 0.00473129 0.00681564 0.999966 -0.127822 0 0 0 1 
4215528470027;0.80863;0.210229;0.997362 0.0131924 -0.0713735 -0.289789 -0.0222102 0.991645 -0.12707 -0.0405699 0.0691008 0.12832 0.989323 -0.397143 0 0 0 1 
4215528470028;0.511375;0.489535;0.996757 0.0263323 -0.0760435 -0.239387 -0.0115306 0.981932 0.188883 -0.0165709 0.0796432 -0.187394 0.979051 0.500111 0 0 0 1 
4215528470029;0.874225;0.496929;0.882961 0.0576166 -0.465897 0.712764 -0.0329079 0.997595 0.0610043 0.385731 0.468291 -0.0385327 0.882734 -3.15466 0 0 0 1 
4215528470031;0.986719;0.142423;0.999777 -0.0123402 0.0171451 0.0453995 0.0122839 0.999919 0.00338819 -0.415415 -0.0171855 -0.00317683 0.999847 0.907493 0 0 0 1 
4215528470032;1.06872;0.046171;0.998488 -0.0451627 0.0313234 -0.00103667 0.0546943 0.872653 -0.485268 0.0488668 -0.00541846 0.486248 0.873804 -2.54083 0 0 0 1 
4215528470033;0.525088;0.0699327;0.997537 -0.0698158 0.00668761 0.292941 0.0699525 0.997284 -0.0230406 -0.706515 -0.00506085 0.0234517 0.999712 -0.470677 0 0 0 1 
4215528470034;0.461314;0.0637656;0.998607 0.0513111 0.0123226 -0.356102 -0.0515185 0.998525 0.0171443 0.388374 -0.0114247 -0.0177553 0.999777 -0.158885 0 0 0 1 
4215528470035;0.980295;0.0781313;0.99977 -0.0207919 0.00534833 -0.651705 0.0207898 0.999784 0.000458574 -0.270936 -0.0053567 -0.000347277 0.999986 0.144618 0 0 0 1 
4215528470036;1.14169;0.575908;0.997551 0.0654896 0.0245595 -0.614356 -0.069693 0.960363 0.269899 0.448044 -0.00591052 -0.270949 0.962575 2.31499 0 0 0 1 
4215528470037;0.241412;0.116375;0.999911 0.00489323 0.0123752 0.0493619 -0.00452928 0.999561 -0.0292687 0.0918536 -0.012513 0.0292101 0.999495 0.0268213 0 0 0 1 
4215528470038;0.130156;0.172334;0.996046 0.0775798 0.0432819 -0.535942 -0.0778017 0.996963 0.00346481 0.630137 -0.0428816 -0.00681851 0.999057 0.400098 0 0 0 1 
4215528470039;0.797747;0.504868;0.994954 -0.0663251 -0.0752813 0.197625 0.0443856 0.963886 -0.262591 -0.345302 0.089979 0.257925 0.961966 -1.7637 0 0 0 1 
4215528470040;0.689028;0.662527;0.996816 -0.0180333 -0.0776722 0.175536 0.0257451 0.994708 0.0994602 -0.319764 0.0754676 -0.101143 0.992005 -0.474733 0 0 0 1 
4215528470041;0.231676;0.0545906;0.946768 -0.120627 -0.298462 1.49181 0.0804186 0.98637 -0.143552 -0.513173 0.31171 0.111909 0.943564 -3.38862 0 0 0 1 
4215528470042;0.841266;0.760571;0.988841 -0.044015 0.142325 0.0985586 0.0288184 0.993828 0.107125 -0.177375 -0.146161 -0.101828 0.984006 1.51904 0 0 0 1 
4215528470043;0.639843;0.647105;0.996367 0.0259952 -0.0811017 -0.0118453 -0.0236733 0.999286 0.0294604 0.177457 0.0818096 -0.0274334 0.99627 -0.673773 0 0 0 1 
4215528470044;0.994474;0.0328264;0.999888 0.00474752 0.0141884 0.00225542 -0.00457177 0.999913 -0.012394 0.0470681 -0.014246 0.0123278 0.999823 -0.796896 0 0 0 1 
4215528470045;0.386524;0.107935;0.994821 0.0149776 0.100536 -0.220097 -0.0605641 0.881682 0.467941 0.658423 -0.0816321 -0.471606 0.878023 3.41493 0 0 0 1 
4215528470046;1.07289;0.479006;0.976059 0.0914487 -0.197349 -0.235245 -0.0794101 0.994514 0.0680931 0.56557 0.202494 -0.0507913 0.977966 -0.785927 0 0 0 1 
4215528470047;0.459821;0.438623;0.99398 0.0180736 0.10806 -0.197337 -0.0164406 0.999737 -0.0159832 0.107029 -0.10832 0.0141105 0.994016 0.801606 0 0 0 1 
4215528470048;0.649857;0.14324;0.997748 0.0665126 -0.00861117 -0.767804 -0.0664552 0.997766 0.00679385 0.581791 0.00904382 -0.00620629 0.99994 0.0146541 0 0 0 1 
4215528470049;0.633618;0.340216;0.998574 -0.0461358 -0.0268555 0.167529 0.049741 0.986765 0.154337 -0.515443 0.0193796 -0.155452 0.987653 1.10606 0 0 0 1 
4215528470050;0.671958;0.35346;0.99797 0.038035 -0.0510889 -0.201764 -0.0366163 0.998925 0.0284251 0.250126 0.0521151 -0.0264967 0.99829 -0.74609 0 0 0 1 
4215528470051;0.865997;0.746348;0.997288 -0.0131489 -0.0724072 0.184509 -0.000664568 0.982259 -0.187528 0.261161 0.0735884 0.187067 0.979587 -2.19774 0 0 0 1 
4215528470052;0.470145;0.346059;0.997581 0.0496606 -0.0486477 -0.280684 -0.051021 0.998329 -0.0271341 0.450118 0.0472189 0.0295505 0.998447 -0.634552 0 0 0 1 
4215528470053;1.01323;0.0407583;0.992104 0.0373051 0.119742 -0.17146 -0.0249212 0.994338 -0.103301 0.154702 -0.122917 0.0995016 0.987416 -0.235496 0 0 0 1 
4215528470054;0.877545;0.602936;0.998859 0.0241717 -0.0411925 0.0369435 -0.0230748 0.999372 0.0268974 0.205896 0.0418168 -0.0259162 0.998789 -0.747205 0 0 0 1 
4215528470055;0.503431;0.145704;0.996867 -0.0239769 0.0753685 -0.0364344 0.0328595 0.99236 -0.118921 0.104766 -0.0719413 0.121025 0.990039 0.148818 0 0 0 1 
4215528470056;0.338949;0.398219;0.986142 -0.140481 0.0882586 0.540418 0.155335 0.968673 -0.193764 -1.10293 -0.0582734 0.204789 0.97707 -0.728313 0 0 0 1 
4215528470057;0.60477;0.0568585;0.999713 -0.0169059 0.016967 0.125343 0.0164202 0.999463 0.0283685 -0.144516 -0.0174374 -0.0280817 0.999454 -0.200969 0 0 0 1 
4215528470058;0.117082;0.0523247;0.994212 -0.106558 0.0137289 0.611075 0.106797 0.994117 -0.0180259 -0.933567 -0.0117273 0.0193878 0.999743 -0.0378306 0 0 0 1 
4215528470059;0.289428;0.360869;0.998097 -0.0227997 -0.0572887 0.121176 0.0164408 0.993893 -0.109114 -0.0986555 0.0594266 0.107965 0.992377 -1.22209 0 0 0 1 
4215528470060;0.876862;0.578236;0.962576 0.0881207 -0.256287 0.264399 -0.0664446 0.993534 0.0920569 0.496176 0.262742 -0.0715828 0.962207 -2.43436 0 0 0 1 
4215528470062;1.03489;0.82219;0.959184 -0.11569 0.258035 0.250426 0.179506 0.954165 -0.239472 -1.826 -0.218504 0.276017 0.935987 2.6611 0 0 0 1 
4215528470063;0.150783;0.235101;0.996353 0.0471679 0.0711091 -0.378503 -0.0537583 0.994138 0.0938114 0.64439 -0.0662673 -0.0972919 0.993047 1.23831 0 0 0 1 
4215528470064;1.26892;0.226728;0.978875 0.101387 -0.177552 0.484339 -0.0797806 0.98896 0.124876 0.908469 0.188252 -0.108073 0.976156 -2.98894 0 0 0 1 
4215528470065;0.672821;0.109581;0.99828 -0.0575305 0.0113205 0.0303872 0.0579133 0.997635 -0.0370326 -0.820054 -0.00916323 0.0376245 0.99925 -0.295604 0 0 0 1 
4215528470066;0.971407;0.321905;0.973793 -0.0636863 0.218338 0.0527112 0.144909 0.91365 -0.379796 -1.10525 -0.175297 0.401482 0.898935 1.76378 0 0 0 1 
4215528470067;0.479383;0.649201;0.998848 -0.0227895 0.04224 -0.165644 0.0289776 0.987921 -0.152226 -0.0517346 -0.0382606 0.153275 0.987443 0.0412413 0 0 0 1 
4215528470068;1.75898;1.49618;0.996022 0.0858713 -0.0237767 -0.165588 -0.0807175 0.982585 0.167365 1.09801 0.0377345 -0.16478 0.985608 -0.228979 0 0 0 1 
4215528470069;1.1695;0.480323;0.995422 -0.0681636 0.0669974 -0.108415 0.0643257 0.99625 0.0578641 -0.859153 -0.0706903 -0.0532896 0.996074 1.80387 0 0 0 1 
4215528470070;0.627154;0.176769;0.99981 -0.0173141 0.00891942 0.0266307 0.0170133 0.999318 0.0327627 -0.142473 -0.0094806 -0.0326047 0.999423 -0.0279095 0 0 0 1 
4215528470071;1.13782;0.258792;0.98708 0.0084457 -0.160006 0.764677 0.00452031 0.996745 0.0804979 -0.0623817 0.160164 -0.0801812 0.983828 -2.5107 0 0 0 1 
4215528470072;1.12233;0.536385;0.998763 0.0234588 -0.0438314 -0.272029 -0.0227581 0.999606 0.0164174 0.120167 0.0441993 -0.0153995 0.998904 -0.196474 0 0 0 1 
4215528470073;0.253366;0.025229;0.95776 -0.0956099 0.271208 0.319863 0.170523 0.948233 -0.267911 -1.66557 -0.231553 0.302842 0.924484 2.41412 0 0 0 1 
4215528470074;0.891847;0.0683937;0.925379 0.195327 -0.32484 1.08247 -0.118524 0.963137 0.241495 1.22239 0.360036 -0.184972 0.914417 -4.76103 0 0 0 1 
4215528470075;0.661748;0.460694;0.998475 0.0125395 0.0537603 -0.304888 -0.0127996 0.999908 0.00449519 0.308617 -0.0536989 -0.00517645 0.998544 1.08486 0 0 0 1 
4215528470076;1.55682;0.260272;0.999913 0.0055198 -0.0119424 -0.0207362 -0.00561343 0.999954 -0.00782127 0.31188 0.0118987 0.00788763 0.999898 -1.05436 0 0 0 1 
4215528470077;0.434483;0.411112;0.99772 -0.0674093 0.00330474 0.126036 0.0674838 0.995747 -0.0627162 -0.690572 0.000936965 0.0627962 0.998026 -0.319085 0 0 0 1 
4215528470078;1.12372;1.10153;0.961423 -0.0603675 0.268368 0.0528507 0.0603162 0.998144 0.00844374 -0.924067 -0.26838 0.00806894 0.963279 3.88122 0 0 0 1 
4215528470079;1.36039;1.17368;0.993584 -0.00514304 0.112978 -0.457233 0.0212896 0.989612 -0.142182 -0.148016 -0.111073 0.143675 0.983372 1.37645 0 0 0 1 
4215528470080;1.57691;1.03066;0.98203 0.121557 -0.144362 0.0848697 -0.0912928 0.975463 0.200341 1.27098 0.165173 -0.183562 0.969032 -1.58333 0 0 0 1 
4215528470081;1.29705;1.30582;0.993969 0.0999382 -0.045133 -0.438506 -0.0940945 0.988669 0.11696 1.32542 0.0563104 -0.112008 0.992111 -0.447428 0 0 0 1 
4215528470082;0.754436;0.0985573;0.994189 -0.081084 -0.0708085 0.590692 0.0709236 0.988195 -0.135794 -0.986823 0.0809833 0.129983 0.988204 -1.31931 0 0 0 1 
4215528470083;1.36137;0.538871;0.995448 0.00241034 0.095276 -0.46867 0.00436765 0.997476 -0.070868 0.233162 -0.0952064 0.0709616 0.992925 1.82845 0 0 0 1 
4215528470084;1.66015;0.959032;0.98593 -0.0389678 -0.162555 0.36207 0.0281487 0.997265 -0.0683376 -0.22498 0.164773 0.0628004 0.98433 -2.8639 0 0 0 1 
4215528470085;1.13067;0.162799;0.999694 -0.00337632 -0.0245003 -0.186272 0.00545247 0.996351 0.0851747 -0.443917 0.0241233 -0.0852822 0.996065 0.541767 0 0 0 1 
4215528470086;1.1632;1.16313;0.928653 -0.0124964 0.370738 0.196708 0.00336521 0.999675 0.0252663 -0.149802 -0.370933 -0.022216 0.928394 5.53219 0 0 0 1 
4215528470087;0.757202;0.78358;0.997254 -0.00192759 0.0740282 -0.337478 0.00976372 0.994357 -0.105638 0.0429076 -0.0734068 0.106071 0.991645 0.896492 0 0 0 1 
4215528470088;1.28516;0.726284;0.999693 -0.0247905 0.000473308 -0.131119 0.0247938 0.999271 -0.0290295 -0.404794 0.000246691 0.0290323 0.999578 0.500845 0 0 0 1 
4215528470089;0.703952;0.438308;0.997687 0.0460613 -0.0499809 -0.24817 -0.044366 0.998419 0.034513 0.623702 0.0514916 -0.0322157 0.998154 -0.2981 0 0 0 1 
4215528470090;1.03548;0.29937;0.953384 -0.12628 0.274067 0.284748 0.221981 0.908718 -0.353491 -2.09354 -0.204411 0.39785 0.894389 1.34377 0 0 0 1 
4215528470091;1.49069;1.61217;0.998381 0.0503664 0.0264231 -0.31989 -0.0527417 0.993727 0.0986202 0.640732 -0.0212902 -0.0998542 0.994774 0.67201 0 0 0 1 
4215528470093;0.435815;0.348671;0.998946 -0.0389205 0.0243284 0.151672 0.0320359 0.970815 0.237682 -0.131446 -0.0328691 -0.236652 0.971038 0.266266 0 0 0 1 
4215528470094;0.626818;0.0577055;0.999448 0.0315794 0.0103037 -0.0104831 -0.0311593 0.998767 -0.0386591 0.191147 -0.0115118 0.0383167 0.999199 -0.645178 0 0 0 1 
4215528470095;0.64508;0.445283;0.998419 -0.0548927 -0.0120677 0.200718 0.0540998 0.996828 -0.058366 -0.229934 0.0152333 0.0576208 0.998222 -0.38503 0 0 0 1 
4215528470096;0.715932;0.510781;0.99907 -0.0430861 0.00132075 0.143694 0.0431022 0.998078 -0.0445242 -0.293391 0.000600168 0.0445398 0.999007 -0.350873 0 0 0 1 
4215528470097;0.899584;0.868247;0.997339 -0.0710139 0.0164728 0.239752 0.0728771 0.976844 -0.20116 -0.336044 -0.00180624 0.201825 0.97942 0.316747 0 0 0 1 
4215528470098;0.598276;0.316405;0.989565 -0.0458849 0.136584 0.140882 0.0218174 0.984725 0.172745 -0.187697 -0.142425 -0.167963 0.975451 0.108566 0 0 0 1 
4215528470099;0.333474;0.0226422;0.970614 0.0454456 -0.236311 0.116092 0.0552426 0.9137 0.402618 -0.157847 0.234214 -0.403841 0.884339 -0.452659 0 0 0 1 
4215528470100;0.645112;0.0160119;0.999772 -0.0213317 -0.000340249 0.00475307 0.0213297 0.99976 -0.00506427 -0.0431015 0.000448197 0.00505586 0.999987 -0.698082 0 0 0 1 
4215528470101;0.802084;0.064848;0.999375 -0.0108992 0.0336312 0.719397 0.0128992 0.998125 -0.0598365 0.131487 -0.032916 0.060233 0.997641 0.367175 0 0 0 1 
4215528470102;0.571321;0.0449516;0.999893 -0.0137533 0.00504814 -0.154624 0.0139695 0.998861 -0.0456218 0.198545 -0.00441494 0.0456874 0.998946 -0.531408 0 0 0 1 
4215528470103;0.118159;0.113405;0.999862 -0.0164355 -0.00257719 0.0176311 0.0164367 0.999865 0.000427763 -0.0361845 0.00256981 -0.000470064 0.999997 -0.0274166 0 0 0 1 
4215528470104;0.483078;0.0639245;0.959609 -0.0130496 0.281036 0.19388 -0.0124054 0.995989 0.0886065 -0.228607 -0.281065 -0.0885139 0.955598 1.15456 0 0 0 1 
4215528470105;0.856272;0.740099;0.962575 -0.016941 0.270485 0.0482073 0.0665753 0.982243 -0.175402 -0.230181 -0.26271 0.186845 0.946611 0.627587 0 0 0 1 
4215528470106;0.960069;0.0343235;0.993301 -0.0848778 0.0784164 0.661746 0.0813596 0.995575 0.0470262 -0.754146 -0.0820609 -0.0403313 0.995811 0.818433 0 0 0 1 
4215528470107;0.403602;0.218768;0.950907 0.058348 -0.303928 0.189026 -0.0600591 0.998188 0.0037234 0.316119 0.303595 0.014713 0.952688 -1.02418 0 0 0 1 
4215528470108;0.717513;0.46266;0.999997 -0.00222099 -0.000450249 0.215451 0.00218985 0.998184 -0.0602013 -0.169174 0.000583138 0.0602002 0.998186 0.054905 0 0 0 1 
4215528470109;0.671253;0.190004;0.999579 -0.0289652 0.00169622 0.108817 0.0289839 0.999504 -0.0123529 -0.123859 -0.00133757 0.0123969 0.999922 0.594749 0 0 0 1 
4215528470110;0.085073;0.0109494;0.999703 0.0240671 0.00393102 -0.00803858 -0.0240397 0.999687 -0.00686381 0.0723615 -0.00409498 0.00676727 0.999969 -0.0752811 0 0 0 1 
4215528470111;0.687198;0.0247165;0.998531 0.00056002 0.0541885 -0.121282 -0.00389768 0.998099 0.0615075 -0.0361241 -0.054051 -0.0616283 0.996635 0.896197 0 0 0 1 
4215528470112;0.990082;0.186406;0.998766 0.0425511 -0.0256184 0.0151949 -0.0378749 0.986166 0.161378 0.232104 0.0321308 -0.160208 0.98656 0.946751 0 0 0 1 
4215528470113;0.115928;0.0327585;0.99865 0.0519234 -0.00170668 -0.0879727 -0.0519268 0.998649 -0.00204438 0.185262 0.00159822 0.00213025 0.999996 -0.0275843 0 0 0 1 
4215528470114;0.310906;0.0354071;0.999992 -0.00300533 0.00277696 -0.146902 0.0030157 0.999988 -0.00373786 -0.0323217 -0.0027657 0.0037462 0.999989 -0.271265 0 0 0 1 
4215528470115;0.363564;0.268423;0.999844 0.0118669 0.0130596 0.105809 -0.0107865 0.996745 -0.0798995 0.0125902 -0.0139653 0.0797462 0.996717 -0.050976 0 0 0 1 
4215528470116;0.348278;0.278551;0.921066 -0.0739863 0.382313 0.342113 0.0254299 0.991117 0.130538 -0.0469051 -0.388575 -0.110512 0.914766 0.986208 0 0 0 1 
4215528470117;0.290367;0.292961;0.997344 0.0148902 -0.0712982 0.0383019 -0.0210843 0.995991 -0.0869287 0.0834682 0.069718 0.0882011 0.99366 -0.165611 0 0 0 1 
4215528470118;0.65787;0.3397;0.999112 0.00027853 0.0421289 0.331287 0.00311006 0.996762 -0.080347 -0.121329 -0.0420149 0.0804066 0.995876 -0.356818 0 0 0 1 
4215528470119;0.205525;0.0235204;0.99225 -0.0829005 0.0925599 0.0728324 0.0925302 0.990146 -0.105116 -0.119501 -0.0829337 0.112866 0.990143 0.213472 0 0 0 1 
4215528470120;0.310799;0.215573;0.99355 -0.0165008 -0.112187 0.175753 0.0529127 0.942504 0.32998 -0.100263 0.100291 -0.333788 0.937298 -0.043543 0 0 0 1 
4215528470121;0.660347;0.0511045;0.939299 -0.0359417 0.341212 0.283065 0.152803 0.934247 -0.322231 -0.515601 -0.307195 0.35481 0.883029 1.18372 0 0 0 1 
4215528470122;0.789381;0.50137;0.983871 0.00808239 0.178697 -0.0436425 -0.0304339 0.991977 0.122696 0.0994501 -0.176272 -0.126156 0.976224 -0.00213799 0 0 0 1 
4215528470124;0.80876;0.528242;0.947168 0.0142056 0.320424 0.11075 0.0414806 0.985203 -0.166294 0.048583 -0.318045 0.170799 0.932564 0.725736 0 0 0 1 
4215528470125;0.139303;0.0746233;0.991313 -0.0375276 -0.126057 0.137488 0.0203866 0.990689 -0.134611 -0.0655279 0.129935 0.130872 0.982848 -0.874185 0 0 0 1 
4215528470126;0.0966618;0.135688;0.997716 -0.019755 -0.0645998 0.0141201 0.0206306 0.999704 0.0129155 -0.0201782 0.0643255 -0.0142187 0.997828 -0.287113 0 0 0 1 
4215528470127;0.789796;0.0351898;0.998152 -0.0607108 0.00266857 -0.185301 0.06071 0.998155 0.000378476 -0.150286 -0.00268663 -0.000215767 0.999996 0.661711 0 0 0 1 
4215528470128;0.207096;0.0123081;0.998717 0.043941 0.0251643 -0.116718 -0.0438891 0.999033 -0.00261268 0.202257 -0.0252547 0.0015049 0.99968 -0.0910111 0 0 0 1 
4215528470129;0.938911;0.127336;0.99994 0.00451499 0.00997833 -0.149393 -0.00449523 0.999988 -0.00200184 0.205712 -0.00998725 0.00195686 0.999948 0.880747 0 0 0 1 
4215528470130;0.991785;0.661368;0.985998 0.0356782 -0.162896 -0.308099 -0.0145639 0.991536 0.129016 -0.0166191 0.16612 -0.124837 0.978172 -0.141913 0 0 0 1 
4215528470131;0.387282;0.2786;0.999853 -0.0167886 0.00334988 -0.0809411 0.0168017 0.999851 -0.00391065 -0.0346602 -0.00328373 0.00396636 0.999987 -0.113853 0 0 0 1 
4215528470132;0.92999;0.469404;0.999408 -0.0270967 0.0212082 0.0642096 0.0280012 0.998657 -0.0435849 -0.00739495 -0.0199987 0.044153 0.998825 -0.804754 0 0 0 1 
4215528470133;0.555582;0.486611;0.999501 0.0271805 0.0160824 -0.0645069 -0.023003 0.975457 -0.218987 0.152216 -0.0216399 0.218508 0.975595 -0.590144 0 0 0 1 
4215528470134;0.99593;0.603619;0.966304 0.0145081 0.256995 0.0063898 -0.0350554 0.996525 0.0755522 0.213647 -0.255006 -0.0820154 0.963455 0.479199 0 0 0 1 
4215528470135;1.17319;0.837873;0.98813 -0.0358389 0.149384 -0.0483857 0.0913648 0.918839 -0.383909 -0.34523 -0.123501 0.393001 0.911207 0.308071 0 0 0 1 
4215528470136;0.830588;0.756972;0.998753 -0.0118919 0.0484906 -0.0327646 -0.00292984 0.955587 0.294695 0.032871 -0.0498414 -0.29447 0.95436 0.916664 0 0 0 1 
4215528470137;0.395265;0.291497;0.988464 -0.0460948 0.144274 -0.0511383 -0.0196209 0.905566 0.423752 0.283871 -0.150182 -0.421694 0.894214 1.75557 0 0 0 1 
4215528470138;1.02893;0.877586;0.994917 0.0598903 -0.0809527 0.013531 -0.0491445 0.990456 0.128767 0.246208 0.087892 -0.124134 0.988365 -0.409707 0 0 0 1 
4215528470139;0.649753;0.268287;0.988318 -0.0642984 -0.138182 -0.0211498 0.0328432 0.9752 -0.218873 -0.16623 0.148828 0.211778 0.965919 -0.71031 0 0 0 1 
4215528470140;0.360307;0.0490668;0.901021 -0.0612362 0.429431 0.499757 0.09572 0.99365 -0.0591443 -0.439296 -0.423083 0.0943954 0.901161 1.75597 0 0 0 1 
4215528470141;0.657293;0.120894;0.998014 0.0134494 -0.0615359 -0.531219 -0.0146712 0.999703 -0.0194458 0.0315176 0.0612561 0.02031 0.997915 -0.419519 0 0 0 1 
4215528470142;0.724166;0.527278;0.999877 0.0147251 0.00543616 -0.193802 -0.0145104 0.999186 -0.0376284 -0.102201 -0.00598582 0.0375449 0.999277 0.234713 0 0 0 1 
4215528470143;0.681426;0.0724606;0.945226 0.117203 -0.304651 -0.415229 -0.0407858 0.968408 0.246014 0.363876 0.32386 -0.220114 0.920144 -1.21339 0 0 0 1 
4215528470144;0.404104;0.114408;0.999984 0.00522632 -0.00226967 -0.221929 -0.00512202 0.999029 0.0437534 0.250464 0.00249614 -0.0437411 0.99904 0.00575121 0 0 0 1 
4215528470145;0.189223;0.0191325;0.997826 -0.0515802 -0.0410292 0.13394 0.0377804 0.957725 -0.285195 -0.0211028 0.0540051 0.283025 0.957591 -0.903333 0 0 0 1 
4215528470146;0.235131;0.0372399;0.991602 0.043302 0.121865 -0.203077 -0.0419881 0.999029 -0.0133304 0.146888 -0.122323 0.00810158 0.992457 0.608149 0 0 0 1 
4215528470147;0.605051;0.0609962;0.999507 -0.000717141 -0.0313966 -0.437929 0.000737767 1 0.000645353 -0.16778 0.0313961 -0.000668198 0.999507 -0.430311 0 0 0 1 
4215528470148;0.594371;0.305257;0.910035 -0.0554507 0.410805 0.39964 0.00599546 0.99267 0.12071 -0.0869353 -0.414487 -0.107387 0.903697 2.44923 0 0 0 1 
4215528470149;0.787506;0.154798;0.999886 -0.00931123 0.0118518 0.269109 0.00916257 0.999879 0.0125368 -0.603601 -0.0119671 -0.0124268 0.999851 0.0300471 0 0 0 1 
4215528470150;0.616542;0.247729;0.984963 0.0203796 0.171558 -0.0722364 -0.0230177 0.999645 0.0134019 0.0797185 -0.171224 -0.0171492 0.985083 1.27511 0 0 0 1 
4215528470151;0.660847;0.633285;0.999582 -0.0232636 0.0171395 -0.0386435 0.0246224 0.996172 -0.0838744 0.0154636 -0.0151227 0.0842614 0.996329 -0.446989 0 0 0 1 
4215528470152;0.936036;0.214849;0.993725 0.0415253 0.103857 -0.14853 -0.0458627 0.998157 0.0397289 0.186145 -0.102015 -0.0442428 0.993798 -0.335824 0 0 0 1 
4215528470153;0.43556;0.474936;0.99382 -0.0360098 -0.104999 -0.0631462 0.0193971 0.987702 -0.155142 -0.0683936 0.109294 0.152147 0.982296 -0.887223 0 0 0 1 
4215528470155;0.767559;0.558382;0.998524 0.0518617 -0.0161022 -0.136403 -0.0500489 0.993956 0.0977029 0.348804 0.0210719 -0.0967529 0.995085 -0.25174 0 0 0 1 
4215528470156;0.534127;0.0385328;0.955038 0.0985925 -0.27961 0.166824 -0.0699565 0.991397 0.11063 0.198205 0.288111 -0.0860951 0.953719 -1.40405 0 0 0 1 
4215528470157;0.770434;0.38088;0.990451 0.0401883 0.131881 -0.111605 -0.0339743 0.998219 -0.0490359 0.0571111 -0.133616 0.0440871 0.990052 1.1462 0 0 0 1 
4215528470158;0.945303;0.493366;0.982315 0.110307 -0.15129 -0.0650375 -0.0847122 0.982434 0.166274 0.566949 0.166974 -0.150517 0.974405 -1.10896 0 0 0 1 
4215528470159;0.28795;0.189826;0.99928 -0.0233113 -0.0299454 -0.139939 0.0226168 0.999472 -0.0233256 -0.017488 0.0304733 0.0226315 0.999279 0.112653 0 0 0 1 
4215528470160;0.771203;0.442891;0.998442 -0.0241862 -0.0502771 -0.145438 0.0226798 0.999283 -0.0303203 -0.0374423 0.0509744 0.0291328 0.998275 -0.841635 0 0 0 1 
4215528470161;0.233784;0.167438;0.992025 0.0356457 0.120893 -0.0655596 -0.0360102 0.999351 0.000830917 0.123595 -0.120785 -0.00517767 0.992665 0.33267 0 0 0 1 
4215528470162;0.571431;0.0782908;0.99676 0.0199288 0.0779228 -0.606453 -0.0328239 0.985259 0.167891 0.0823413 -0.0734283 -0.169905 0.982721 0.665906 0 0 0 1 
4215528470163;0.611739;0.128323;0.998737 -0.0278509 0.0418132 -0.110858 0.0289912 0.999217 -0.0269173 0.0373921 -0.0410308 0.0280955 0.998763 0.770574 0 0 0 1 
4215528470164;0.552648;0.442488;0.999033 -0.021419 0.0384093 0.0638484 0.0227889 0.999107 -0.0355906 -0.195908 -0.0376127 0.0364315 0.998628 0.149621 0 0 0 1 
4215528470165;0.294545;0.0775105;0.998912 0.0278171 -0.0374264 -0.104617 -0.026969 0.999372 0.0229782 0.334913 0.0380421 -0.0219439 0.999035 -0.219589 0 0 0 1 
4215528470166;0.624564;0.561167;0.999133 0.00728834 0.0409918 0.0527403 -0.00576823 0.999296 -0.0370801 -0.0464454 -0.0412331 0.0368115 0.998471 -0.201019 0 0 0 1 
4215528470167;0.723593;0.0472527;0.996975 0.0777226 -0.00056362 -0.288281 -0.0775806 0.994661 -0.068054 0.412735 -0.00472872 0.0678919 0.997681 0.784522 0 0 0 1 
4215528470168;0.682452;0.371962;0.923445 0.125747 -0.362543 -0.181216 -0.0969722 0.99059 0.0965826 0.324726 0.371276 -0.0540321 0.926949 -0.492835 0 0 0 1 
4215528470169;0.452691;0.108832;0.995609 0.059282 -0.0724446 -0.0721805 -0.0507955 0.9922 0.11384 0.163244 0.0786281 -0.109661 0.990854 -0.617059 0 0 0 1 
4215528470170;0.927037;0.0644833;0.97353 0.18946 -0.127844 -0.573065 -0.120061 0.899869 0.41931 1.03491 0.194486 -0.392862 0.898796 -0.79893 0 0 0 1 
4215528470171;0.544194;0.298456;0.908957 0.0107335 -0.416751 0.438854 -0.105498 0.973052 -0.205035 0.510523 0.40332 0.230334 0.885595 -1.7682 0 0 0 1 
4215528470172;0.700934;0.402027;0.903066 0.0185637 0.429101 0.194861 -0.00309872 0.999321 -0.036711 -0.178327 -0.429492 0.0318228 0.90251 1.74786 0 0 0 1 
4215528470173;0.534414;0.220779;0.981699 0.0585262 -0.181221 0.0329082 -0.0631937 0.997799 -0.020085 0.321941 0.179646 0.0311694 0.983237 -1.14906 0 0 0 1 
4215528470174;0.297039;0.048724;0.996921 0.0743564 0.0248796 -0.128231 -0.0775252 0.982244 0.170842 0.285241 -0.0117347 -0.172245 0.984984 -0.0966259 0 0 0 1 
4215528470175;0.347703;0.186376;0.992285 0.043519 0.116091 -0.120487 -0.0859875 0.916132 0.391546 0.298874 -0.0893151 -0.398507 0.912806 0.529247 0 0 0 1 
4215528470176;0.75672;0.534005;0.950952 -0.0177121 0.308831 0.0243399 0.0809267 0.977834 -0.193108 -0.032403 -0.298565 0.208629 0.931307 0.421809 0 0 0 1 
4215528470177;0.756848;0.19385;0.99649 0.079252 -0.0269456 -0.0577343 -0.0676843 0.952258 0.297697 0.272731 0.0492522 -0.294828 0.95428 -0.693034 0 0 0 1 
4215528470178;0.523311;0.502318;0.98339 -0.0312956 -0.178786 0.0966058 0.0161162 0.996188 -0.0857326 0.0362685 0.180787 0.0814272 0.980146 -0.874764 0 0 0 1 
4215528470179;0.41696;0.235706;0.957127 0.121929 -0.262757 -0.0252571 -0.0536609 0.966028 0.252807 0.413088 0.284655 -0.227868 0.931154 -0.744572 0 0 0 1 
4215528470180;0.591922;0.259082;0.99214 0.0622879 -0.108527 -0.104748 -0.0585552 0.997589 0.037251 0.292762 0.110585 -0.0306035 0.993395 -0.855024 0 0 0 1 
4215528470181;0.100371;0.0291249;0.99695 0.0748828 -0.0219862 -0.0846562 -0.0716163 0.989747 0.123583 0.277849 0.031015 -0.121631 0.992091 0.01225 0 0 0 1 
4215528470182;0.852078;0.389419;0.992358 0.00554786 -0.123271 0.0335042 -0.000843002 0.99927 0.0381862 0.0760792 0.123393 -0.0377905 0.991638 -1.30305 0 0 0 1 
4215528470183;0.165427;0.026631;0.99898 -0.00779089 0.0444724 0.090469 0.0126334 0.993888 -0.109669 -0.0367116 -0.0433462 0.110119 0.992973 0.132062 0 0 0 1 
4215528470184;0.841318;0.258476;0.881173 -0.0281745 -0.471953 0.486551 -0.0195726 0.995193 -0.0959541 0.429468 0.472388 0.0937896 0.876386 -2.40545 0 0 0 1 
4215528470186;0.933251;0.550224;0.999867 -2.36768e-05 0.0162878 -0.00922382 -0.00154021 0.995381 0.0959961 -0.00890877 -0.0162149 -0.0960085 0.995248 -0.559952 0 0 0 1 
4215528470187;0.872934;0.199629;0.962754 -0.0877082 -0.255759 0.0185883 0.0220257 0.968221 -0.249124 0.0776692 0.269481 0.234212 0.93409 -2.29777 0 0 0 1 
4215528470188;0.636802;0.257249;0.999835 0.0113487 -0.0141498 -0.207144 -0.0136509 0.984474 -0.174996 -0.0175867 0.0119441 0.175161 0.984467 0.00349948 0 0 0 1 
4215528470189;0.616608;0.378566;0.920021 0.0291344 0.390784 0.264142 0.0174335 0.993202 -0.115091 -0.0633595 -0.391481 0.112699 0.913259 1.73627 0 0 0 1 
4215528470190;0.721491;0.0492377;0.997711 0.0648244 0.0192335 -0.486451 -0.0644976 0.99777 -0.0171505 0.0979371 -0.0203023 0.0158708 0.999668 -0.528759 0 0 0 1 
4215528470191;0.988569;0.369509;0.99893 0.0462296 -0.000861914 -0.225253 -0.0459515 0.994647 0.0925566 0.201399 0.00513616 -0.092418 0.995707 0.982954 0 0 0 1 
4215528470192;0.483071;0.408924;0.996519 0.0104087 0.0827145 -0.0351378 -0.00292424 0.995929 -0.0900959 -0.0438499 -0.0833155 0.0895403 0.992492 0.22239 0 0 0 1 
4215528470193;1.00219;0.749748;0.993492 -0.00750444 0.113656 0.0841309 -0.000823709 0.997328 0.0730518 -0.0788325 -0.1139 -0.07267 0.990831 1.15599 0 0 0 1 
4215528470194;0.574823;0.349345;0.971579 -0.00765798 -0.236593 0.0931665 -0.0604331 0.958332 -0.27919 0.483004 0.228873 0.285553 0.930632 -1.78222 0 0 0 1 
4215528470195;0.262201;0.178719;0.998654 0.0501903 -0.0131026 -0.207721 -0.049562 0.997778 0.0445304 0.248506 0.0153085 -0.043821 0.998922 0.0993373 0 0 0 1 
4215528470196;0.705585;0.0666944;0.996824 0.0722076 0.0335988 -0.157036 -0.0750559 0.992824 0.0931026 0.533333 -0.026635 -0.0953287 0.995089 0.927826 0 0 0 1 
4215528470197;0.958351;0.583456;0.972768 -0.016446 -0.231198 -0.123883 0.00140794 0.99788 -0.0650589 -0.0177229 0.231778 0.0629617 0.970729 -0.497054 0 0 0 1 
4215528470198;0.657229;0.272802;0.991186 0.0333685 -0.128204 0.289438 -0.0266344 0.998192 0.0538867 0.283944 0.129771 -0.0499971 0.990283 -0.636069 0 0 0 1 
4215528470199;0.280312;0.086952;0.955918 0.00724556 0.293543 0.160038 -0.077642 0.970351 0.228889 0.48887 -0.283181 -0.24159 0.928139 1.58485 0 0 0 1 
4215528470200;0.717676;0.497847;0.977864 0.0744912 -0.19553 -0.290183 -0.0547181 0.993002 0.104654 0.185323 0.201958 -0.0916381 0.975098 -0.471951 0 0 0 1 
4215528470201;0.269494;0.0540009;0.998537 -0.0240683 0.0484159 -0.00833689 0.0249967 0.999513 -0.0186633 0.0566169 -0.0479431 0.0198463 0.998653 0.291106 0 0 0 1 
4215528470202;0.839096;0.497513;0.956435 -0.0386274 0.289377 -0.00471141 0.019709 0.99749 0.0680082 -0.127858 -0.291278 -0.0593421 0.954796 0.661495 0 0 0 1 
4215528470203;0.446878;0.40588;0.998356 0.0565946 -0.00908733 -0.18193 -0.0565218 0.998369 0.0080817 0.210797 0.00952988 -0.00755479 0.999926 -0.00491334 0 0 0 1 
4215528470204;0.245546;0.267664;0.999922 -0.0113084 -0.00526646 -0.128669 0.0112011 0.999738 -0.0199862 -0.000538725 0.00549109 0.0199257 0.999786 -0.0710299 0 0 0 1 
4215528470205;0.862633;0.0377141;0.999593 0.0283024 -0.00359635 -0.128493 -0.0282936 0.999597 0.0024839 -0.0261329 0.0036652 -0.00238114 0.99999 0.831101 0 0 0 1 
4215528470206;0.412937;0.27055;0.997986 0.0612112 -0.0166554 -0.259931 -0.0536504 0.954517 0.293289 0.171853 0.0338505 -0.291804 0.955879 0.290367 0 0 0 1 
4215528470207;0.79837;0.109192;0.997838 0.0631496 -0.0182107 0.25117 -0.048273 0.892242 0.44897 0.0469901 0.0446006 -0.44712 0.893361 0.293698 0 0 0 1 
4215528470208;0.797346;0.399249;0.998514 -0.00684137 0.0540665 -0.232992 -0.00570726 0.973507 0.228587 0.174029 -0.0541979 -0.228556 0.972021 1.38023 0 0 0 1 
4215528470209;0.744174;0.0831312;0.999589 0.0229929 -0.0171199 -0.145692 -0.023367 0.999485 -0.0219818 0.286669 0.0166056 0.0223728 0.999612 0.573997 0 0 0 1 
4215528470210;0.00963021;0.0111668;0.999983 -0.00218793 0.00546784 0.00855192 0.00219403 0.999997 -0.00111139 -0.0166566 -0.00546539 0.00112337 0.999984 0.00341655 0 0 0 1 
4215528470211;0.575999;0.268501;0.993945 0.0423225 -0.101404 -0.0183455 -0.0384471 0.998465 0.039872 0.097499 0.102936 -0.0357318 0.994046 -0.866974 0 0 0 1 
4215528470212;0.0961837;0.032185;0.99943 -0.0323115 -0.00973494 0.0510991 0.0307426 0.990742 -0.132232 -0.0882916 0.0139174 0.131858 0.991171 -0.286554 0 0 0 1 
4215528470213;0.289621;0.170263;0.967425 -0.0263335 -0.251785 0.0812882 -0.0550388 0.948908 -0.310717 0.399776 0.247103 0.314453 0.916548 -1.67462 0 0 0 1 
4215528470214;0.573067;0.165308;0.998859 -0.0284903 -0.0383227 0.154497 0.030397 0.99828 0.050129 -0.0964206 0.0368286 -0.0512367 0.998007 -0.575964 0 0 0 1 
4215528470215;0.890995;0.369945;0.999767 -0.0214401 0.00263003 0.00369081 0.0214654 0.99972 -0.00999773 -0.0247597 -0.00241494 0.0100519 0.999947 -0.833016 0 0 0 1 
4215528470217;1.22438;0.166397;0.999707 0.0175382 -0.0166714 0.251223 -0.0178878 0.999618 -0.021053 0.274073 0.0162958 0.021345 0.999639 -0.987157 0 0 0 1 
4215528470218;0.463441;0.740042;0.999532 -0.0130464 -0.0276846 -0.151789 0.00730029 0.980113 -0.198308 0.242562 0.0297212 0.198013 0.979749 -1.42556 0 0 0 1 
4215528470219;1.25639;0.145524;0.995253 -0.0534467 -0.0813331 0.11449 0.075886 0.94942 0.304702 -1.38237 0.0609339 -0.309428 0.948969 0.46464 0 0 0 1 
4215528470220;0.864498;0.0732144;0.987609 0.0469587 0.149744 -0.388789 -0.105307 0.905764 0.41049 0.722232 -0.116356 -0.421173 0.899486 3.23085 0 0 0 1 
4215528470221;0.77456;0.858473;0.97718 -0.0114224 0.212105 -0.089186 0.00823195 0.999839 0.0159186 -0.16848 -0.212253 -0.0138093 0.977117 2.19395 0 0 0 1 
4215528470222;0.34545;0.585554;0.986208 -0.16125 0.0373195 0.546978 0.160691 0.986849 0.0175461 -1.71083 -0.039658 -0.0113072 0.999149 0.297079 0 0 0 1 
4215528470223;0.822643;0.646916;0.990617 -0.110743 -0.0800889 0.713296 0.101855 0.988958 -0.107649 -0.683426 0.0911259 0.0984811 0.990958 -1.89674 0 0 0 1 
4215528470224;0.61224;0.352138;0.998329 -0.011733 0.0565847 0.0653241 0.0204507 0.987538 -0.156046 0.000737074 -0.0540487 0.156942 0.986128 -0.0337014 0 0 0 1 
4215528470225;0.96443;0.125402;0.998702 0.039708 0.0318996 -0.442541 -0.0391382 0.999066 -0.0182924 0.898241 -0.0325962 0.0170201 0.999324 -0.0162268 0 0 0 1 
4215528470226;1.60186;0.511458;0.99927 -0.0209489 -0.0319551 -0.309569 0.032023 0.915394 0.401284 -0.295561 0.020845 -0.402015 0.915396 2.80133 0 0 0 1 
4215528470227;0.62327;0.11517;0.990473 0.0693987 0.118946 -0.563773 -0.0597303 0.994757 -0.0830095 0.836786 -0.124083 0.075114 0.989425 0.545018 0 0 0 1 
4215528470228;0.76285;0.714351;0.966522 -0.0491103 -0.251839 0.798354 0.0730255 0.993571 0.0865086 -0.684678 0.245971 -0.102003 0.963895 -2.01391 0 0 0 1 
4215528470229;0.828483;0.143402;0.935106 0.0136672 -0.354105 0.720556 -0.036314 0.997691 -0.0573891 0.60253 0.352503 0.0665239 0.933443 -4.09148 0 0 0 1 
4215528470230;1.52282;0.990858;0.999915 -0.0113721 -0.00632243 -0.210223 0.0114914 0.99975 0.0191696 0.0451251 0.00610285 -0.0192406 0.999796 -0.0778557 0 0 0 1 
4215528470231;1.36079;1.07882;0.952429 0.065855 -0.29756 0.710254 -0.0605581 0.9978 0.0269956 0.786541 0.298683 -0.00769179 0.954322 -3.19487 0 0 0 1 
4215528470232;1.01124;0.0578345;0.990614 0.0808972 0.110183 -0.653734 -0.0855617 0.995597 0.0382778 0.607639 -0.106601 -0.0473459 0.993174 0.853191 0 0 0 1 
4215528470233;0.360528;0.132355;0.999715 -0.0220715 -0.00907516 0.100014 0.0221897 0.999667 0.0131418 -0.431147 0.00878208 -0.0133395 0.999872 0.100071 0 0 0 1 
4215528470234;0.247697;0.0784521;0.999976 0.00643828 0.00272873 -0.134859 -0.00643456 0.999978 -0.00136957 0.054789 -0.00273749 0.00135198 0.999995 -0.0494841 0 0 0 1 
4215528470235;1.12906;1.33075;0.97494 -0.166724 -0.147294 1.13305 0.133067 0.96762 -0.214488 -0.987437 0.178285 0.189513 0.965556 -3.01642 0 0 0 1 
4215528470236;0.421865;0.2598;0.984066 0.170389 -0.05081 -0.672579 -0.148073 0.943543 0.296312 1.52058 0.0984297 -0.284067 0.953739 0.432683 0 0 0 1 
4215528470237;1.6174;1.08001;0.999581 0.025556 -0.0136059 -0.316086 -0.0254748 0.999657 0.0061093 0.170395 0.0137574 -0.00576013 0.999889 0.589937 0 0 0 1 
4215528470238;1.42655;0.0724896;0.972813 -0.0964788 0.210541 0.205527 0.124587 0.984356 -0.124585 -1.52185 -0.195227 0.147428 0.969614 2.03064 0 0 0 1 
4215528470239;1.23487;0.644842;0.992911 0.0463605 -0.109442 -0.409663 -0.0422382 0.998319 0.0396902 0.337587 0.111098 -0.0347862 0.9932 -0.390563 0 0 0 1 
4215528470240;1.31981;0.512413;0.988376 -0.138673 0.0623109 0.33197 0.14007 0.989967 -0.0186162 -1.47455 -0.0591042 0.0271277 0.997883 1.12524 0 0 0 1 
4215528470241;0.144224;0.109683;0.994166 -0.057962 0.0909589 0.170656 0.0639364 0.995887 -0.0642028 -0.597628 -0.0868635 0.0696438 0.993783 0.477504 0 0 0 1 
4215528470242;0.341886;0.280779;0.993754 -0.0914732 0.0639165 0.291511 0.0982861 0.988705 -0.113151 -0.960109 -0.0528442 0.118726 0.99152 -0.236385 0 0 0 1 
4215528470243;0.806737;0.267591;0.996917 -0.0668053 0.0411575 0.0918606 0.0692465 0.995729 -0.0610599 -0.305268 -0.0369026 0.0637217 0.997285 -0.0924955 0 0 0 1 
4215528470244;0.044198;0.0640252;0.999401 0.0343184 0.0045477 -0.207294 -0.0343204 0.999411 0.000366487 0.36559 -0.00453244 -0.000522347 0.99999 0.0115055 0 0 0 1 
4215528470245;1.65415;0.44536;0.999079 0.0428857 0.00140782 -0.266573 -0.0426336 0.995847 -0.0804371 0.847162 -0.00485157 0.080303 0.996759 -1.26742 0 0 0 1 
4215528470246;0.359411;0.492577;0.968195 -0.233115 0.0908628 1.16129 0.236338 0.971314 -0.0263433 -2.24762 -0.0821153 0.0469798 0.995515 0.538712 0 0 0 1 
4215528470248;1.05013;0.829469;0.992121 0.0211066 -0.123492 -0.191012 -0.0253742 0.99913 -0.0330879 0.329224 0.122686 0.0359607 0.991794 -0.635712 0 0 0 1 
4215528470249;0.429566;0.024493;0.976032 -0.0543795 0.210725 0.258405 -0.00781333 0.958898 0.283642 0.0183921 -0.217488 -0.27849 0.93549 2.72759 0 0 0 1 
4215528470250;0.0803374;0.0634345;0.998426 0.0545505 -0.01304 -0.257468 -0.0533981 0.995634 0.076559 0.272032 0.0171594 -0.0757421 0.99698 0.176671 0 0 0 1 
4215528470251;0.907231;0.568611;0.994229 -0.012109 0.10659 -0.26683 0.00341249 0.996676 0.0813958 0.0752331 -0.107221 -0.0805623 0.990966 0.723621 0 0 0 1 
4215528470252;0.54782;0.0334921;0.999747 0.0200084 -0.0103153 -0.0324447 -0.0197603 0.999526 0.0236179 0.0309973 0.010783 -0.023408 0.999668 -0.509073 0 0 0 1 
4215528470253;0.780027;0.648669;0.971961 0.0413497 -0.231478 0.16043 -0.0373649 0.999069 0.0215746 0.293836 0.232155 -0.0123205 0.972601 -1.41676 0 0 0 1 
4215528470254;0.503441;0.140849;0.975702 0.0187946 0.218292 -0.119152 -0.0574952 0.983362 0.172321 0.115951 -0.211422 -0.180684 0.960549 1.51373 0 0 0 1 
4215528470255;0.683372;0.349352;0.997171 -0.0178642 0.0730151 0.0162693 0.0241924 0.995938 -0.0867259 -0.328906 -0.0711692 0.0882469 0.993553 0.38497 0 0 0 1 
4215528470256;0.928983;0.309695;0.996229 0.0658515 -0.0564977 -0.476955 -0.0640133 0.997378 0.0337533 0.508808 0.0585723 -0.0300094 0.997832 0.435242 0 0 0 1 
4215528470257;0.749547;0.266308;0.994912 -0.041976 -0.0915906 0.331339 0.0240146 0.981675 -0.189041 0.163339 0.0978475 0.18588 0.977688 -1.92741 0 0 0 1 
4215528470258;0.0650151;0.0389182;0.999672 -0.0250609 0.00531531 0.0697479 0.0250763 0.999681 -0.00284983 -0.145322 -0.00524219 0.00298219 0.999982 -0.0355796 0 0 0 1 
