#;prob_registration_l1 -r /home/probabilistic_point_clouds_registration/build/tester /home/point_clouds_registration_benchmark//devel/registration_pairs/planetary_map_local.txt /home/point_clouds_registration_benchmark//planetary/p2at_met -s 0.2 -t 0.2 -p 0.3 -r 1000 -m 25 -i 40 
id;initial_error;final_error;transformation
25528382210000;2.8561;1.33242;0.999282 -0.0376995 0.00381197 -2.02144 0.0376293 0.999146 0.0170577 -0.81429 -0.00445178 -0.016902 0.999847 1.39526 0 0 0 1 
25528382210001;2.11331;1.48023;0.999903 -0.0126228 -0.0058608 -0.771475 0.0134273 0.985734 0.167774 -1.10378 0.00365941 -0.167837 0.985808 -9.12165 0 0 0 1 
25528382210002;1.70145;1.40174;0.976105 0.0176042 0.216584 1.55986 0.0384282 0.967019 -0.25179 -2.39432 -0.213873 0.254096 0.943236 14.1112 0 0 0 1 
25528382210003;1.37022;0.360092;1 -0.000315836 0.000756491 -0.430021 0.000310251 0.999973 0.0073711 0.0634338 -0.000758798 -0.00737086 0.999973 0.723901 0 0 0 1 
25528382210004;1.75339;1.26772;0.96668 -0.0467748 0.251677 -1.98186 0.015066 0.991856 0.126471 -0.229184 -0.255543 -0.118465 0.959512 -5.4726 0 0 0 1 
25528382210005;0.735848;0.438105;0.995173 0.0124646 0.0973373 0.880437 0.0183365 0.950811 -0.309229 -3.03231 -0.0964038 0.309521 0.945993 16.4628 0 0 0 1 
25528382210006;1.57164;0.522903;0.997143 -0.0265311 -0.0707308 -1.51755 0.0256011 0.999574 -0.0140235 -0.227641 0.0710727 0.0121726 0.997397 -1.41142 0 0 0 1 
25528382210007;1.73822;1.33503;0.999984 -0.00373295 -0.00425215 0.171577 0.00350651 0.998637 -0.0520686 -0.484893 0.00444072 0.0520529 0.998634 2.12203 0 0 0 1 
25528382210008;0.906109;0.890648;0.99496 0.0236773 0.0974327 1.53526 -0.0239803 0.999711 0.00193928 0.201657 -0.0973586 -0.00426598 0.99524 0.335779 0 0 0 1 
25528382210009;0.490985;0.204584;0.970437 0.0487657 -0.236377 2.27274 -0.024154 0.994081 0.10592 0.279495 0.240144 -0.0970795 0.965871 -6.47645 0 0 0 1 
25528382210010;2.17163;1.23166;0.990843 -0.0390935 -0.129235 -1.93553 -0.0210461 0.900746 -0.433835 -4.78099 0.133368 0.432583 0.891675 18.5254 0 0 0 1 
25528382210011;2.42393;1.55186;0.999731 0.0174678 -0.0152631 0.751035 -0.0150051 0.988761 0.148749 0.0380484 0.0176899 -0.14848 0.988757 -9.13957 0 0 0 1 
25528382210012;1.04957;0.44036;0.9976 -0.0228907 -0.0653479 -1.1757 0.0189839 0.99803 -0.0597924 -0.83242 0.0665878 0.0584084 0.99607 3.10235 0 0 0 1 
25528382210013;1.47687;1.17226;0.999957 -0.00898685 0.0021397 -0.365768 0.00896906 0.999926 0.00818351 -0.0194838 -0.00221309 -0.00816397 0.999964 0.244904 0 0 0 1 
25528382210014;2.77484;2.12847;0.983284 -0.0100492 0.181802 0.205847 -0.054923 0.935598 0.348768 -2.6824 -0.173599 -0.352923 0.919407 -15.6023 0 0 0 1 
25528382210015;1.8346;1.76225;0.997086 0.00787135 0.0758831 0.524034 -0.00248816 0.997489 -0.0707757 -0.125087 -0.0762496 0.0703806 0.994602 4.67491 0 0 0 1 
25528382210016;0.567147;0.503138;0.994101 -0.00644449 -0.108262 -0.489162 0.0243088 0.986075 0.164514 -1.06946 0.105694 -0.166175 0.980415 -9.49434 0 0 0 1 
25528382210017;2.04883;1.4198;0.952569 0.0335881 -0.302462 1.14173 0.0333095 0.976411 0.213334 -1.33557 0.302493 -0.21329 0.928981 -11.4736 0 0 0 1 
25528382210018;2.95759;1.48788;0.999403 0.029249 -0.0184151 0.796214 -0.0198051 0.921268 0.388425 -2.67559 0.0283263 -0.387828 0.921296 -17.723 0 0 0 1 
25528382210019;2.21355;1.81053;0.99568 0.0244242 0.0895768 1.60219 -0.023734 0.99968 -0.00876192 0.341399 -0.0897621 0.00659805 0.995941 0.0625455 0 0 0 1 
25528382210020;0.308749;0.431288;0.981524 -0.0428923 0.186468 -1.94536 0.0871098 0.967867 -0.235893 -2.86597 -0.170358 0.247778 0.953721 13.3742 0 0 0 1 
25528382210021;1.80312;1.34711;0.999692 0.0239668 -0.00642187 1.31947 -0.0235923 0.998309 0.0531365 0.0480848 0.00768452 -0.0529686 0.998567 -1.86093 0 0 0 1 
25528382210022;2.94324;2.42029;0.869741 -0.0259709 -0.492824 -1.32766 -0.00513217 0.998084 -0.0616545 0.170124 0.493481 0.0561528 0.867942 -0.150631 0 0 0 1 
25528382210023;1.21687;0.838223;0.888486 -0.00919186 -0.458811 -0.498069 -0.0286312 0.996741 -0.075413 0.188176 0.458009 0.0801397 0.885328 0.194763 0 0 0 1 
25528382210024;1.44022;1.3257;0.998709 -0.0255736 0.0438855 -1.34178 0.0271364 0.999005 -0.0353942 -0.515141 -0.0429367 0.0365394 0.998409 1.64319 0 0 0 1 
25528382210025;2.35204;2.09694;0.999988 -0.000276431 -0.00486339 0.304098 0.000309658 0.999977 0.00683267 -0.158738 0.00486139 -0.00683409 0.999965 -0.517999 0 0 0 1 
25528382210026;1.69358;0.39977;0.997871 0.0097248 0.0644893 0.397617 -0.010758 0.999819 0.0156942 0.50488 -0.064325 -0.0163545 0.997795 -1.92813 0 0 0 1 
25528382210027;2.42888;1.50084;0.997461 -0.0227614 0.067483 -1.39909 0.0240516 0.999542 -0.0183688 -0.438712 -0.067034 0.0199452 0.997551 3.10098 0 0 0 1 
25528382210028;0.814222;0.302755;0.969038 0.0208892 -0.246027 1.25259 -0.0413071 0.996088 -0.0781241 0.285558 0.243433 0.0858679 0.966109 1.8474 0 0 0 1 
25528382210029;0.390701;0.45553;0.972584 -0.0820298 -0.217604 -4.35385 0.0172887 0.958638 -0.284104 -2.81933 0.231908 0.272553 0.933774 11.7288 0 0 0 1 
25528382210031;1.54457;0.778449;0.99945 0.0280749 -0.0176499 0.720926 -0.0271686 0.998397 0.0496433 -0.0191611 0.0190153 -0.0491364 0.998611 -3.15263 0 0 0 1 
25528382210032;0.49374;0.293048;0.999551 0.0299574 -0.000529477 0.684211 -0.0296848 0.992545 0.118212 0.00278972 0.00406684 -0.118143 0.992988 -3.63286 0 0 0 1 
25528382210033;0.496545;0.447742;0.998186 0.0165969 0.0578745 0.400672 -0.0173082 0.99978 0.0118118 0.0389624 -0.0576657 -0.012792 0.998254 -0.395907 0 0 0 1 
25528382210034;1.67751;1.39702;0.999574 -0.00212636 -0.0290981 -0.0307622 -0.00097781 0.994339 -0.106251 -0.241528 0.0291593 0.106235 0.993913 1.93246 0 0 0 1 
25528382210035;1.14274;0.5602;0.996827 0.0263793 -0.0751036 0.74187 -0.0227761 0.998567 0.0484354 0.0189349 0.0762737 -0.0465712 0.995999 -3.29108 0 0 0 1 
25528382210036;0.657758;0.268631;0.998456 0.0183116 0.0524515 0.445838 -0.0245037 0.992476 0.11996 0.185868 -0.0498602 -0.12106 0.991392 -2.73493 0 0 0 1 
25528382210037;0.42747;0.384686;0.943247 0.0292518 -0.330802 0.965482 -0.00912789 0.99802 0.0622247 -0.151738 0.331967 -0.0556737 0.941647 -5.01394 0 0 0 1 
25528382210038;2.16463;1.44241;0.994874 -0.0235918 -0.0983324 -0.825851 0.0202635 0.999192 -0.0347092 -0.418888 0.0990718 0.0325387 0.994548 1.7203 0 0 0 1 
25528382210039;1.45509;1.22683;0.999827 0.00177988 0.018512 0.0102406 -0.00293929 0.998022 0.0627927 0.0276362 -0.0183637 -0.0628363 0.997855 -1.01514 0 0 0 1 
25528382210040;1.05221;1.07362;0.995478 -0.0224932 -0.0922921 -0.635953 0.0180169 0.998634 -0.0490512 -0.266523 0.0932693 0.0471666 0.994523 0.374707 0 0 0 1 
25528382210041;1.71424;0.936879;0.909701 -0.0235792 0.414595 0.730581 -0.00439526 0.997784 0.0663908 0.0921199 -0.415242 -0.062218 0.907581 3.27189 0 0 0 1 
25528382210042;0.574012;0.31259;0.988955 0.00277613 0.148189 0.0954337 0.0465104 0.943509 -0.328068 -2.44864 -0.140728 0.331337 0.932959 11.6521 0 0 0 1 
25528382210043;0.513876;0.185692;0.999982 0.00201579 0.0056929 0.282523 -0.00314697 0.978482 0.20631 -0.410726 -0.00515452 -0.206324 0.97847 -6.75343 0 0 0 1 
25528382210044;0.355334;0.325089;0.914334 -0.005919 0.404917 0.752989 -0.0482354 0.991183 0.123408 0.152782 -0.402077 -0.132368 0.905987 -0.777598 0 0 0 1 
25528382210045;1.15928;1.01984;0.999267 0.0114325 -0.0365249 0.153301 -0.0131137 0.998849 -0.0461272 0.0288125 0.0359556 0.0465724 0.998268 0.817466 0 0 0 1 
25528382210046;2.5411;1.0724;0.995271 0.0209231 0.0948544 0.664452 -0.0567503 0.917779 0.393015 -2.32968 -0.0788323 -0.396539 0.914627 -13.7584 0 0 0 1 
25528382210047;2.63214;2.49237;0.962525 -0.0756114 -0.26044 -2.32958 -0.0197975 0.938193 -0.345545 -2.04417 0.27047 0.337752 0.901537 8.83577 0 0 0 1 
25528382210048;0.0550198;0.14872;0.999663 0.0143646 -0.0216006 0.271903 -0.014695 0.999776 -0.0152182 0.101338 0.0213771 0.0155305 0.999651 0.213672 0 0 0 1 
25528382210049;0.624254;0.264921;0.998784 0.0265765 0.0415119 0.662147 -0.034768 0.976837 0.211141 -0.248577 -0.0349389 -0.212328 0.976574 -5.82279 0 0 0 1 
25528382210050;1.7141;0.257265;0.999625 0.0151616 0.0227924 0.258264 -0.014011 0.99866 -0.0498225 0.171207 -0.0235172 0.0494845 0.998498 3.54943 0 0 0 1 
25528382210051;0.731618;0.769597;0.998782 0.0128452 -0.0476496 0.279304 -0.00855896 0.995987 0.0890894 -0.0286102 0.0486027 -0.0885731 0.994883 -3.14746 0 0 0 1 
25528382210052;0.501673;0.461493;0.944942 -0.00404018 -0.327213 0.319299 0.0429741 0.992796 0.111845 -0.444926 0.324403 -0.119748 0.938308 -6.44884 0 0 0 1 
25528382210053;0.245766;0.301221;0.996445 0.00394019 0.0841595 0.0987894 0.00834363 0.98938 -0.145109 -0.554556 -0.0838375 0.145295 0.98583 5.04407 0 0 0 1 
25528382210054;2.27774;1.73114;0.998337 -0.0155031 0.0555218 -0.405563 0.0182457 0.998621 -0.0492344 -0.156562 -0.0546819 0.0501656 0.997243 3.42246 0 0 0 1 
25528382210055;0.613367;0.716117;0.996791 0.0176658 -0.0780805 0.327522 -0.0155606 0.999501 0.0274884 0.0470862 0.0785271 -0.0261852 0.996568 -1.38047 0 0 0 1 
25528382210056;2.21606;2.01774;0.992877 0.0390273 -0.112574 1.24408 -0.0136201 0.975816 0.218171 -0.555769 0.118366 -0.215083 0.969396 -8.43552 0 0 0 1 
25528382210057;2.17431;1.83575;0.999883 -0.00198578 -0.015136 -0.352824 0.00141339 0.999287 -0.0377335 -0.295579 0.0152001 0.0377077 0.999173 1.71633 0 0 0 1 
25528382210058;0.777574;0.382184;0.943944 0.0918333 -0.317074 2.79127 0.0331842 0.929261 0.36793 -2.28603 0.328433 -0.357828 0.874123 -13.7549 0 0 0 1 
25528382210059;0.655634;0.35578;0.998299 0.0302812 -0.0498239 0.806272 -0.025522 0.995289 0.0935297 -0.00917004 0.0524214 -0.092099 0.994369 -4.0163 0 0 0 1 
25528382210060;1.3379;0.45537;0.944763 -0.0633847 -0.321566 -1.98555 -0.00278446 0.979534 -0.20126 -0.977782 0.327741 0.191038 0.925251 4.29252 0 0 0 1 
25528382210062;1.314;0.897175;0.996195 0.0126381 -0.0862276 0.665953 -0.00828671 0.998683 0.0506369 0.0300368 0.086754 -0.0497296 0.994988 -2.16913 0 0 0 1 
25528382210063;2.15505;1.45067;0.999978 -0.00629285 -0.00218884 -0.344975 0.0061675 0.998565 -0.0532051 0.0228648 0.00252051 0.0531904 0.998581 3.26173 0 0 0 1 
25528382210064;0.553066;0.46001;0.98478 0.00127787 0.173798 0.196957 0.0249712 0.988558 -0.148761 -0.745428 -0.172 0.150837 0.97348 10.0443 0 0 0 1 
25528382210065;1.61508;0.717606;0.994558 0.0284554 -0.100227 2.13009 -0.0109524 0.985205 0.171028 -0.860488 0.103611 -0.169 0.980155 -12.4806 0 0 0 1 
25528382210066;1.78743;0.967082;0.999973 0.000761525 0.00733692 -0.019752 -0.000930083 0.999735 0.0229979 -0.013257 -0.00731746 -0.0230041 0.999709 -0.73732 0 0 0 1 
25528382210067;0.672032;0.537668;0.99362 -0.0184818 -0.111253 -2.41123 0.00811432 0.99564 -0.0929295 -0.540759 0.112486 0.0914338 0.989438 11.9409 0 0 0 1 
25528382210068;1.84994;0.760314;0.997869 0.00801658 -0.0647514 0.144807 -0.00471805 0.998691 0.0509345 0.137655 0.065075 -0.0505205 0.996601 -1.64058 0 0 0 1 
25528382210069;2.23987;0.311334;0.981081 -0.0291436 -0.19139 -3.21299 -0.0162238 0.97275 -0.231289 -3.01527 0.192915 0.230018 0.953874 24.9415 0 0 0 1 
25528382210070;2.2156;0.849382;0.999911 -0.0055272 -0.0121375 -0.892798 0.0055757 0.999977 0.0039657 0.0853249 0.0121153 -0.00403302 0.999918 2.25506 0 0 0 1 
25528382210071;1.44584;1.25693;0.998823 -0.0481398 0.00593306 -4.75999 0.0455709 0.889484 -0.454688 -10.9291 0.0166112 0.454423 0.890631 44.5685 0 0 0 1 
25528382210072;1.6175;1.54892;0.998214 -0.0403762 -0.0440199 -4.24428 0.0220275 0.933833 -0.357031 -6.97395 0.0555228 0.355424 0.933055 36.8502 0 0 0 1 
25528382210073;2.148;0.348298;0.999123 0.00846555 -0.0410069 0.389335 -0.00653658 0.998876 0.0469478 0.132516 0.0413582 -0.0466386 0.998055 -1.18712 0 0 0 1 
25528382210074;1.21241;0.366923;0.991408 -0.00805867 0.130558 -0.670929 0.00610942 0.999864 0.0153238 0.237979 -0.130664 -0.0143945 0.991322 -6.30614 0 0 0 1 
25528382210075;0.469924;0.155741;0.967437 -0.0232515 -0.252044 -3.7529 -0.0181882 0.986812 -0.160848 -2.09675 0.252459 0.160195 0.954255 21.5401 0 0 0 1 
25528382210076;1.94829;1.2261;0.999886 0.00301592 -0.014804 -0.0186158 -0.00183167 0.996844 0.0793666 0.175438 0.0149966 -0.0793305 0.996736 -5.57663 0 0 0 1 
25528382210077;1.55351;0.707549;0.999846 0.0116141 -0.0131553 1.24647 -0.0107276 0.997791 0.0655576 -0.136204 0.0138877 -0.0654064 0.997762 -8.04426 0 0 0 1 
25528382210078;1.78754;1.46407;0.999822 0.000722517 0.0188334 0.0227652 -0.00132147 0.999493 0.0318097 0.0875524 -0.0188009 -0.031829 0.999316 -2.70568 0 0 0 1 
25528382210079;0.52952;0.329346;0.966167 -0.0170668 -0.257353 -3.29741 -0.010481 0.994386 -0.105293 -1.10301 0.257705 0.104428 0.960564 16.3283 0 0 0 1 
25528382210080;0.579865;0.171372;0.999938 0.0011546 -0.0110617 0.0147036 -0.00115072 0.999999 0.000356306 -0.0288559 0.0110621 -0.000343555 0.999939 0.816566 0 0 0 1 
25528382210081;1.6725;1.68386;0.999578 -0.0127476 0.0260939 -1.20093 0.0145189 0.997521 -0.0688572 -0.0755557 -0.0251515 0.0692071 0.997285 6.013 0 0 0 1 
25528382210082;1.80785;0.214075;0.95996 -0.0103133 0.279946 -0.897208 -0.0298468 0.989869 0.138815 -1.13952 -0.278541 -0.141612 0.949927 -19.2596 0 0 0 1 
25528382210083;0.928935;0.237926;0.981651 -0.0390018 -0.186653 -5.16727 -0.00074225 0.97807 -0.208275 -3.01892 0.190683 0.204592 0.960095 25.8907 0 0 0 1 
25528382210084;1.83208;1.47658;0.99874 -0.0172987 -0.0471116 -1.76812 0.0110792 0.991555 -0.129212 -0.730039 0.048949 0.128527 0.990497 12.3955 0 0 0 1 
25528382210085;0.401662;0.277227;0.993883 0.0535368 -0.0965973 4.98519 -0.021895 0.952805 0.302794 -4.32903 0.108249 -0.298826 0.948148 -27.5925 0 0 0 1 
25528382210086;1.45129;1.15317;0.996694 0.00336042 -0.0811742 -0.0731534 -0.00544761 0.99966 -0.0255047 -0.0833274 0.0810609 0.0258626 0.996374 5.34795 0 0 0 1 
25528382210087;0.345605;0.130751;0.939171 -0.0114065 0.343261 -1.63885 0.0407271 0.996095 -0.07833 0.378371 -0.341028 0.0875452 0.935968 0.0799949 0 0 0 1 
25528382210088;0.167837;0.129886;0.999919 -0.00639797 -0.0110037 -0.709804 0.00641877 0.999978 0.00185604 0.18301 0.0109915 -0.00192652 0.999938 -0.221714 0 0 0 1 
25528382210089;1.83562;1.80428;0.999879 -0.00475634 0.0148425 -0.430982 0.0052437 0.999443 -0.0329713 0.0616347 -0.0146774 0.0330452 0.999346 2.5441 0 0 0 1 
25528382210090;2.15758;0.164116;0.999983 0.00249152 -0.00523351 0.0123839 -0.0026367 0.999607 -0.027919 -0.253392 0.00516189 0.0279324 0.999596 5.46065 0 0 0 1 
25528382210091;0.893388;0.504425;0.999868 -0.0123134 0.0106414 -1.23579 0.0135411 0.992155 -0.124281 -0.852468 -0.00902756 0.124409 0.99219 12.7768 0 0 0 1 
25528382210093;1.89713;0.207106;0.978186 0.0381205 -0.204201 -1.07809 -0.0178028 0.994785 0.100427 -0.342928 0.206965 -0.0946009 0.973764 4.41072 0 0 0 1 
25528382210094;0.825331;0.195964;0.997891 0.0171753 -0.0626039 -0.129678 0.00420533 0.945237 0.326357 0.499482 0.0647808 -0.325932 0.943171 -1.92363 0 0 0 1 
25528382210095;0.858473;0.792488;0.960147 0.0739112 0.269547 0.515936 -0.111423 0.985673 0.126621 -1.70326 -0.256327 -0.151608 0.954626 -4.41105 0 0 0 1 
25528382210096;0.8797;0.269969;0.955957 0.0626617 0.286741 0.654775 -0.166546 0.920243 0.354141 -2.62646 -0.24168 -0.386299 0.890148 -7.032 0 0 0 1 
25528382210097;2.1961;0.495168;0.99546 0.0457758 0.083446 0.423846 -0.0515589 0.996317 0.0685191 -1.97872 -0.0800021 -0.0725104 0.994154 -2.96741 0 0 0 1 
25528382210098;1.08082;0.251844;0.999568 0.0293077 0.00223718 0.332862 -0.0290887 0.997275 -0.067794 -1.20337 -0.00421797 0.0676996 0.997697 -0.287931 0 0 0 1 
25528382210099;0.565162;0.316579;0.949142 -0.0616179 -0.308761 -1.9965 0.0246944 0.992211 -0.122099 0.21469 0.313879 0.108265 0.94327 5.7167 0 0 0 1 
25528382210100;1.81678;1.74395;0.997663 0.0606761 0.0314219 0.725354 -0.0666878 0.964829 0.254279 -0.768252 -0.0148881 -0.25578 0.96662 -1.72579 0 0 0 1 
25528382210101;0.708323;0.431305;0.998317 -0.0428798 -0.0390475 -0.565083 0.0411247 0.998154 -0.0446942 0.720426 0.0408919 0.0430131 0.998237 1.41871 0 0 0 1 
25528382210102;2.25601;1.68664;0.997174 0.00699102 -0.0747966 -0.0164203 -0.014348 0.995055 -0.0982801 -0.652592 0.0737397 0.0990756 0.992344 0.590886 0 0 0 1 
25528382210103;0.72475;0.461387;0.998677 0.0511515 -0.00535767 0.460206 -0.0506992 0.996619 0.0646609 -0.83072 0.00864706 -0.0643037 0.997893 0.39584 0 0 0 1 
25528382210104;2.73972;1.50294;0.990335 0.0512867 -0.128865 -0.14292 -0.0158234 0.964833 0.262388 0.50941 0.13779 -0.257813 0.956319 2.54851 0 0 0 1 
25528382210105;1.37462;0.251599;0.985643 0.0480339 0.161865 0.427649 0.0361658 0.876364 -0.480289 -1.96231 -0.164922 0.479248 0.862045 -0.680434 0 0 0 1 
25528382210106;1.98093;0.187989;0.994856 -0.0556838 -0.084616 -0.166278 0.0215355 0.932522 -0.36047 -0.290214 0.0989786 0.356794 0.928925 1.92043 0 0 0 1 
25528382210107;2.7132;2.08574;0.999335 0.0150131 0.0332158 0.317036 -0.0168541 0.998296 0.0558605 -0.330741 -0.0323206 -0.0563832 0.997886 -2.51635 0 0 0 1 
25528382210108;2.24596;0.997038;0.980431 0.0733638 -0.182682 0.192412 -0.0678586 0.997037 0.0362145 -1.94734 0.184798 -0.0231093 0.982505 1.62689 0 0 0 1 
25528382210109;1.35089;0.293502;0.996818 0.0106418 0.0789982 0.468179 -0.00339324 0.995815 -0.0913291 -0.212368 -0.0796395 0.0907704 0.992682 -1.83529 0 0 0 1 
25528382210110;1.54595;0.837702;0.997083 0.0695492 -0.0314261 0.138504 -0.0453022 0.870729 0.489672 0.250285 0.0614199 -0.48682 0.87134 -2.15657 0 0 0 1 
25528382210111;0.364366;0.263678;0.9854 -0.0146473 -0.169623 -0.864465 0.00729708 0.99901 -0.0438751 -0.0602243 0.170098 0.0419968 0.984532 3.21949 0 0 0 1 
25528382210112;2.44837;2.26918;0.99477 -0.0204236 0.100075 -0.255579 -0.000631223 0.978556 0.205982 0.777869 -0.102135 -0.204968 0.973425 -1.20992 0 0 0 1 
25528382210113;0.357128;0.361862;0.997191 0.0717491 0.0215017 0.646857 -0.0732139 0.994292 0.0776038 -1.2448 -0.0158109 -0.07896 0.996752 -0.345923 0 0 0 1 
25528382210114;2.52967;0.760364;0.947535 -0.0344365 0.317792 -0.812546 0.134708 0.944605 -0.29929 1.42632 -0.289881 0.326397 0.899686 -4.70863 0 0 0 1 
25528382210115;1.99023;0.250744;0.997814 -0.0120235 -0.0649856 -0.580038 0.0128371 0.999844 0.0121162 0.379926 0.0648298 -0.0129239 0.997813 2.99989 0 0 0 1 
25528382210116;0.274109;0.263231;0.998373 0.010521 -0.0560458 -0.209936 0.00337752 0.970197 0.242293 0.541007 0.0569247 -0.242088 0.968583 -0.547312 0 0 0 1 
25528382210117;0.456139;0.311251;0.970115 0.0685804 0.232752 0.594518 -0.114751 0.974851 0.191043 -1.75481 -0.213797 -0.212042 0.953587 -4.8147 0 0 0 1 
25528382210118;1.00279;0.169918;0.998449 -0.00247031 0.0556218 -0.018658 0.00154122 0.999859 0.0167405 0.016894 -0.0556553 -0.0166288 0.998312 -1.8731 0 0 0 1 
25528382210119;1.53716;0.897219;0.994135 0.0417279 0.0997712 0.145086 -0.019637 0.976877 -0.2129 -1.56894 -0.106348 0.209692 0.971967 0.325898 0 0 0 1 
25528382210120;1.16367;0.481831;0.999684 -0.00607195 0.0244079 0.0554965 0.00552773 0.999736 0.0223028 0.551786 -0.0245368 -0.0221609 0.999453 0.374756 0 0 0 1 
25528382210121;1.92017;1.47692;0.998758 0.0150496 0.0474977 0.318919 -0.0236373 0.982305 0.185791 0.0632417 -0.0438611 -0.186683 0.981441 -2.8723 0 0 0 1 
25528382210122;1.42171;0.457401;0.995284 0.0326637 -0.0913394 0.172007 -0.0353796 0.998974 -0.0282745 -0.541634 0.0903221 0.0313728 0.995418 0.316285 0 0 0 1 
25528382210124;1.41534;0.490281;0.999736 0.0202827 -0.0107902 1.65014 -0.019693 0.998442 0.0522004 -0.44236 0.0118321 -0.0519742 0.998578 -5.64223 0 0 0 1 
25528382210125;0.633729;0.316522;0.991614 -0.0427253 -0.121971 -3.6696 0.0255059 0.989908 -0.139396 -0.935044 0.126695 0.135116 0.982696 11.8965 0 0 0 1 
25528382210126;0.445145;0.284863;0.952104 -0.00432406 -0.305743 -1.17619 0.0109476 0.999741 0.0199525 0.0692565 0.305577 -0.022344 0.951905 -0.100438 0 0 0 1 
25528382210127;0.670288;0.641848;0.998191 -0.0141899 -0.0584196 -1.20385 0.0106726 0.998136 -0.060086 -0.237581 0.0591633 0.0593538 0.996482 5.17914 0 0 0 1 
25528382210128;2.24311;1.74144;0.999941 -0.0108039 0.00142875 -0.565498 0.0108289 0.999764 -0.0188486 -0.0332877 -0.00122477 0.0188629 0.999821 -0.467527 0 0 0 1 
25528382210129;1.80511;1.43848;0.985275 0.0138015 0.170417 1.32205 -0.015123 0.999865 0.00645867 0.190626 -0.170305 -0.00894078 0.985351 -0.342317 0 0 0 1 
25528382210130;0.986557;0.177502;0.99896 0.0134704 0.0435663 1.03886 -0.0168839 0.996735 0.0789578 -0.0215085 -0.0423605 -0.0796112 0.995926 -5.40383 0 0 0 1 
25528382210131;2.11864;1.76687;0.983397 -0.117593 -0.138209 -9.36796 0.0453621 0.896744 -0.440219 -8.1815 0.175705 0.42664 0.88719 34.0394 0 0 0 1 
25528382210132;0.163045;0.163274;0.999876 0.00844167 -0.0133218 0.557133 -0.00886144 0.999456 -0.0317717 -0.134341 0.0130463 0.0318858 0.999406 2.39331 0 0 0 1 
25528382210133;1.8377;0.895458;0.999861 -0.00324392 -0.0163783 -0.552605 0.0031068 0.99996 -0.00839116 0.103196 0.0164049 0.0083391 0.999831 2.66799 0 0 0 1 
25528382210134;1.18998;0.86924;0.999986 -0.00529523 0.000632085 -0.502859 0.0053118 0.999537 -0.0299744 -0.0663022 -0.000473071 0.0299773 0.99955 3.25093 0 0 0 1 
25528382210135;0.879278;0.694542;0.999012 0.018217 0.0405359 1.37964 -0.019767 0.999076 0.0381729 -0.0504785 -0.039803 -0.0389365 0.998449 -2.70319 0 0 0 1 
25528382210136;1.20454;0.831335;0.938594 0.0334236 0.3434 2.56905 0.0228618 0.987084 -0.158561 -0.889718 -0.344264 0.156675 0.925708 11.1271 0 0 0 1 
25528382210137;0.490225;0.514844;0.999899 -0.0118477 0.0078672 -0.824632 0.012309 0.998036 -0.0614295 -0.203949 -0.00712395 0.0615201 0.99808 4.50437 0 0 0 1 
25528382210138;0.898047;0.911023;0.99989 -0.0114708 0.00944262 -0.806481 0.0122063 0.996564 -0.0819228 -0.319027 -0.00847046 0.082029 0.996594 6.05827 0 0 0 1 
25528382210139;0.258844;0.177411;0.998303 -0.0111008 0.0571572 -0.726522 0.0138724 0.998735 -0.0483256 -0.173952 -0.0565485 0.0490365 0.997195 3.59213 0 0 0 1 
25528382210140;1.51354;1.28119;0.999633 -0.00634145 0.0263475 -0.472164 0.00924296 0.993721 -0.111507 -0.503012 -0.0254749 0.11171 0.993414 7.79889 0 0 0 1 
25528382210141;0.177514;0.163888;0.968605 0.0201007 0.247792 1.77947 -0.0355017 0.997694 0.0578419 -0.276803 -0.246058 -0.064823 0.967085 -6.64455 0 0 0 1 
25528382210142;1.7221;1.39516;0.990838 0.0097716 -0.134702 0.334335 0.00936757 0.990005 0.140723 -0.262265 0.134731 -0.140695 0.980843 -9.85631 0 0 0 1 
25528382210143;1.74732;1.60682;0.993401 -0.0121704 -0.114047 -1.1991 0.00765219 0.999172 -0.0399716 0.0982262 0.114439 0.0388351 0.992671 3.77189 0 0 0 1 
25528382210144;0.62636;0.624489;0.985145 -0.0127386 -0.171252 -1.28485 0.013264 0.99991 0.00192383 0.0671691 0.171212 -0.00416674 0.985225 0.548991 0 0 0 1 
25528382210145;2.23099;1.636;0.981962 0.0192836 0.188094 1.92973 -0.0286839 0.998465 0.0473833 -0.190596 -0.186892 -0.0519239 0.981007 -3.55205 0 0 0 1 
25528382210146;0.123351;0.12759;0.9877 -0.00742744 0.156186 -0.335884 0.00661254 0.999962 0.00573642 1.64505e-05 -0.156222 -0.00463307 0.987711 -1.32603 0 0 0 1 
25528382210147;2.1323;0.325779;0.999948 -0.00308788 0.009678 -0.498862 0.00321542 0.999908 -0.0131906 0.0638698 -0.00963637 0.013221 0.999866 3.59225 0 0 0 1 
25528382210148;1.17842;0.489378;0.999923 -0.00764215 -0.00979845 -0.665778 0.00725154 0.999201 -0.0392984 -0.0300588 0.0100909 0.0392243 0.999179 4.29792 0 0 0 1 
25528382210149;1.8032;1.67804;0.974282 0.036198 -0.222407 2.38194 0.0201022 0.969115 0.245789 -1.99744 0.224435 -0.243939 0.943463 -18.5511 0 0 0 1 
25528382210150;1.89528;1.78421;0.991904 0.00378966 0.126935 0.416586 0.00906233 0.994894 -0.100518 -0.340672 -0.126668 0.100854 0.986805 7.14083 0 0 0 1 
25528382210151;1.38396;0.445698;0.999949 0.00988832 0.00187251 0.942709 -0.00988295 0.999947 -0.00285181 -0.291038 -0.00190061 0.00283316 0.999994 -1.58364 0 0 0 1 
25528382210152;1.90731;1.81398;0.999396 0.00546021 -0.0343079 0.502304 -0.00256071 0.996463 0.0839963 -0.322853 0.0346452 -0.0838577 0.995875 -7.44648 0 0 0 1 
25528382210153;0.627318;0.152295;0.96832 -0.0661364 -0.240797 -5.71596 0.0258516 0.985659 -0.16676 -1.19775 0.248372 0.155252 0.956142 14.2691 0 0 0 1 
25528382210155;0.972428;0.594832;0.99649 -0.0460992 -0.0698728 -3.03893 0.0111891 0.900563 -0.434581 -7.28874 0.0829587 0.432274 0.897918 27.1639 0 0 0 1 
25528382210156;1.01473;0.719831;0.991823 0.0216846 -0.125763 0.937902 -0.0154609 0.998617 0.0502539 -0.333484 0.126679 -0.0478986 0.990787 -1.56781 0 0 0 1 
25528382210157;0.233342;0.239205;0.99853 0.00518457 -0.0539625 0.107405 -0.00840404 0.998187 -0.0596066 -0.491432 0.0535556 0.0599725 0.996762 4.67412 0 0 0 1 
25528382210158;0.218897;0.190534;0.999911 -0.00755992 -0.0109519 -0.466687 0.00761991 0.999956 0.00544613 0.206795 0.0109102 -0.0055291 0.999925 -0.404484 0 0 0 1 
25528382210159;0.424214;0.218017;0.968483 -0.0159319 0.24857 -1.02077 0.0994253 0.939727 -0.327152 -2.08511 -0.228376 0.341555 0.911693 14.578 0 0 0 1 
25528382210160;0.944861;0.735264;0.999109 -0.0106034 -0.0408438 -0.651901 0.00257087 0.981412 -0.191894 -2.01574 0.0421194 0.191618 0.980565 11.9152 0 0 0 1 
25528382210161;0.607772;0.406112;0.984204 -0.0178188 0.176138 -0.887987 0.0383875 0.992731 -0.114069 0.0973073 -0.172825 0.119029 0.977734 1.66401 0 0 0 1 
25528382210162;0.465464;0.252082;0.991315 0.0112716 0.131026 0.885832 -0.0294363 0.990059 0.137539 -0.747272 -0.128173 -0.140201 0.981792 -12.0439 0 0 0 1 
25528382210163;0.301031;0.178927;0.999865 0.0114226 -0.0118111 0.598877 -0.0110412 0.999431 0.0318664 0.0192591 0.0121683 -0.0317317 0.999422 -1.17751 0 0 0 1 
25528382210164;0.262538;0.243188;0.999953 -0.00971112 -0.000704236 -0.618336 0.00971501 0.999936 0.00574784 0.267432 0.000648373 -0.00575441 0.999983 -0.536712 0 0 0 1 
25528382210165;0.165591;0.154616;0.999912 -0.00248305 -0.0130532 -0.269168 0.00374863 0.995195 0.0978448 0.143123 0.0127475 -0.0978851 0.995116 -5.40328 0 0 0 1 
25528382210166;1.12952;0.741104;0.972704 -3.00928e-05 -0.232048 -0.95431 0.00949133 0.999168 0.0396564 0.213824 0.231854 -0.0407764 0.971896 0.775587 0 0 0 1 
25528382210167;0.708722;0.19934;0.994678 -0.0186214 -0.101334 -1.82349 0.012446 0.998046 -0.0612355 -0.134996 0.102276 0.0596484 0.992966 7.30033 0 0 0 1 
25528382210168;1.1418;0.259667;0.999809 0.00588922 0.0186465 0.190249 -0.00533531 0.999547 -0.0296177 -0.187028 -0.0188124 0.0295126 0.999387 4.08632 0 0 0 1 
25528382210169;0.757933;0.703954;0.994657 0.00840242 0.102888 0.804692 -0.0053266 0.999532 -0.0301332 -0.388653 -0.103093 0.0294241 0.994236 -0.950045 0 0 0 1 
25528382210170;0.338329;0.0806962;0.988463 0.00860679 0.151219 0.667096 0.0525801 0.916797 -0.395876 -4.69112 -0.142045 0.39926 0.905767 19.777 0 0 0 1 
25528382210171;0.814741;0.695131;0.995032 0.0217341 -0.0971506 0.613489 -0.017559 0.998894 0.0436258 -0.244658 0.0979913 -0.0417032 0.994313 1.01222 0 0 0 1 
25528382210172;0.85032;0.261685;0.991016 0.0612088 -0.118917 2.43228 -0.0161403 0.937366 0.347972 -2.03629 0.132768 -0.342926 0.929932 -15.0776 0 0 0 1 
25528382210173;0.630488;0.563937;0.999632 -0.00289438 -0.026981 -0.242747 0.00483418 0.997385 0.0721097 0.309077 0.0267018 -0.0722136 0.997032 -4.54971 0 0 0 1 
25528382210174;0.36066;0.26123;0.961482 0.105484 -0.253821 4.06012 -0.00708531 0.932635 0.36075 -2.45163 0.274776 -0.345057 0.89746 -14.4164 0 0 0 1 
25528382210175;0.400793;0.357281;0.999737 0.00700082 0.0218272 0.499522 -0.00462389 0.994237 -0.107104 -0.703776 -0.0224512 0.106975 0.994008 5.89869 0 0 0 1 
25528382210176;0.342834;0.180142;0.984213 0.00697582 0.176849 0.712937 -0.0375329 0.984722 0.170038 -1.0547 -0.172961 -0.173991 0.969439 -14.7753 0 0 0 1 
25528382210177;0.260067;0.153223;0.997238 -0.0337352 -0.0661625 -2.18023 0.0146388 0.962689 -0.270215 -2.54421 0.0728096 0.2685 0.960524 17.0967 0 0 0 1 
25528382210178;0.926206;0.228818;0.999787 -0.010279 0.0179089 -0.792314 0.0100836 0.999889 0.0109683 0.351909 -0.0180197 -0.0107854 0.999779 1.16106 0 0 0 1 
25528382210179;0.695785;0.261183;0.999984 0.000842665 -0.00555239 0.211549 -0.0017473 0.986292 -0.165002 -1.14248 0.00533724 0.165009 0.986278 8.00414 0 0 0 1 
25528382210180;0.109455;0.0926164;0.999549 0.0185369 0.0236203 1.15775 -0.0200819 0.997555 0.0669455 -0.304597 -0.0223216 -0.0673896 0.997477 -4.5605 0 0 0 1 
25528382210181;0.971587;0.588234;0.94401 0.00667037 0.32985 -0.0157067 0.0118772 0.99846 -0.0541831 0.227224 -0.329704 0.0550671 0.942477 -6.51676 0 0 0 1 
25528382210182;0.540657;0.293748;0.998353 0.00953192 0.0565721 0.813836 -0.00885142 0.999886 -0.0122673 -0.403731 -0.0566826 0.0117464 0.998323 -1.71714 0 0 0 1 
25528382210183;0.488607;0.339009;0.97001 0.0103351 0.242846 0.810335 -0.00849182 0.999927 -0.00863599 -0.0400851 -0.242917 0.00631479 0.970026 -4.7376 0 0 0 1 
25528382210184;0.107925;0.0616248;0.999904 0.00827723 -0.0111047 0.41366 -0.0081198 0.999867 0.0141476 -0.132194 0.0112203 -0.0140561 0.999838 -0.373413 0 0 0 1 
25528382210186;2.61464;0.479011;0.906673 0.0424029 -0.419697 0.189519 0.0461471 0.978993 0.198602 -0.106698 0.419301 -0.199435 0.88567 -5.46405 0 0 0 1 
25528382210187;2.55948;0.274664;0.999961 0.00853465 0.00239355 0.634551 -0.00850937 0.99991 -0.0103832 -0.290502 -0.00248195 0.0103624 0.999943 -1.99128 0 0 0 1 
25528382210188;2.1137;0.652657;0.993671 -0.00508231 -0.112212 -0.14764 -0.0089859 0.992178 -0.124511 -0.362347 0.111967 0.124731 0.985853 4.37328 0 0 0 1 
25528382210189;3.03095;1.68439;0.932508 -0.0138441 0.360884 -0.0551978 0.0319289 0.998512 -0.0441984 0.457791 -0.359735 0.052738 0.931563 -0.572724 0 0 0 1 
25528382210190;2.58604;2.38505;0.942653 0.0475597 0.33037 2.16964 0.0193013 0.980373 -0.196206 -1.15534 -0.333217 0.191331 0.923233 4.35664 0 0 0 1 
25528382210191;2.29839;1.29055;0.9944 -0.0133168 0.104835 -0.422374 -0.0253605 0.932968 0.359065 -1.03988 -0.10259 -0.359713 0.927406 -13.9057 0 0 0 1 
25528382210192;1.26077;1.10726;0.997384 0.036541 -0.0623663 1.52014 -0.0344718 0.998829 0.0339391 -0.536433 0.0635334 -0.0317004 0.997476 -1.37321 0 0 0 1 
25528382210193;1.94741;1.30241;0.975796 -0.0295822 0.216671 -1.00776 0.0582373 0.99018 -0.127087 0.316805 -0.210784 0.136629 0.967937 1.00171 0 0 0 1 
25528382210194;0.500481;0.410676;0.991399 0.0644154 -0.113927 2.06709 -0.0144182 0.918949 0.394113 -2.11418 0.13008 -0.389081 0.911973 -14.2147 0 0 0 1 
25528382210195;0.447325;0.112637;0.993763 0.010218 0.111047 0.54095 0.0191008 0.965481 -0.259773 -1.7315 -0.109868 0.260274 0.959264 8.8586 0 0 0 1 
25528382210196;0.672791;0.475073;0.99952 -0.0307129 -0.0039641 -1.36865 0.0308537 0.998622 0.0424631 0.661353 0.00265447 -0.042565 0.99909 -1.47375 0 0 0 1 
25528382210197;1.68816;1.5762;0.999764 0.0159497 0.014777 0.597858 -0.0164812 0.999195 0.0365768 -0.0403854 -0.0141817 -0.0368117 0.999222 -1.6163 0 0 0 1 
25528382210198;0.0806703;0.102897;0.999379 -0.0351974 -0.00163823 -1.4385 0.0351718 0.999288 -0.0136558 0.422733 0.00211771 0.0135897 0.999905 0.49911 0 0 0 1 
25528382210199;2.04506;0.658819;0.985484 -0.0341377 0.166303 -1.08147 0.0359029 0.999326 -0.00761895 0.556929 -0.165931 0.0134791 0.986045 -3.36446 0 0 0 1 
25528382210200;1.86353;1.27656;0.985592 -0.0846635 -0.146423 -4.28336 0.034775 0.94864 -0.31444 -2.29292 0.165524 0.304818 0.937917 14.5413 0 0 0 1 
25528382210201;1.69978;1.61516;0.978136 -0.0253313 0.206418 -0.696219 0.00181116 0.993554 0.113345 0.335552 -0.207958 -0.110493 0.971877 -7.87517 0 0 0 1 
25528382210202;3.09717;0.475934;0.999565 -0.0172915 0.0238995 -0.988825 0.0184682 0.998582 -0.0499257 0.0279966 -0.0230024 0.0503454 0.998467 4.44164 0 0 0 1 
25528382210203;2.66545;0.370112;0.999884 0.0151604 -0.00123122 0.400925 -0.0150308 0.997238 0.0727338 0.119072 0.0023305 -0.0727069 0.997351 -0.508823 0 0 0 1 
25528382210204;2.12678;1.85502;0.99998 -0.00501569 0.00382392 -0.32613 0.00498965 0.999965 0.00678883 0.485966 -0.00385783 -0.00676962 0.99997 -0.258838 0 0 0 1 
25528382210205;2.17534;0.461792;0.971863 0.022792 -0.234442 0.652221 -0.0145637 0.999218 0.036769 -0.391879 0.235097 -0.0323201 0.971434 -0.476262 0 0 0 1 
25528382210206;0.615844;0.291057;0.999566 0.00309231 0.0293012 0.169191 -0.000755879 0.996841 -0.0794162 -0.366337 -0.0294542 0.0793596 0.996411 3.17554 0 0 0 1 
25528382210207;2.70191;2.46081;0.998201 -0.0257819 0.0541277 -0.737623 0.0305451 0.995554 -0.0891023 0.0831383 -0.0515898 0.0905954 0.994551 1.58041 0 0 0 1 
25528382210208;0.254784;0.29981;0.998023 0.0415086 -0.0471992 1.543 -0.0400575 0.998707 0.0312864 -0.63762 0.0484369 -0.0293339 0.998395 -0.60151 0 0 0 1 
25528382210209;0.401221;0.391205;0.999958 0.00731859 -0.00558327 0.240817 -0.00707825 0.999096 0.041915 0.0129832 0.00588498 -0.0418737 0.999106 -1.55772 0 0 0 1 
25528382210210;3.26762;2.73765;0.997553 0.0648927 0.0260236 2.72922 -0.0699142 0.928767 0.364011 -2.97351 -0.000548221 -0.364939 0.931031 -15.8869 0 0 0 1 
25528382210211;2.11433;0.963184;0.998459 0.036426 0.0418598 1.48815 -0.043319 0.983119 0.177765 -0.529631 -0.0346779 -0.179305 0.983182 -5.92466 0 0 0 1 
25528382210212;0.939666;0.357529;0.981236 0.0132462 0.192357 0.794483 0.0220962 0.98334 -0.18043 -0.827305 -0.191542 0.181295 0.964595 4.03534 0 0 0 1 
25528382210213;1.20317;1.03788;0.996784 -0.00105904 0.0801333 0.069752 -0.00672147 0.995285 0.0967625 0.129687 -0.0798579 -0.0969899 0.992076 -4.65779 0 0 0 1 
25528382210214;2.77469;1.0186;0.984963 0.0478505 0.166009 2.21171 -0.0111348 0.976464 -0.215392 -1.92429 -0.172408 0.210305 0.962314 8.28911 0 0 0 1 
25528382210215;2.52413;2.36416;0.999638 0.0110163 -0.0245303 0.406146 -0.0046524 0.969328 0.245726 -0.628212 0.0264849 -0.245523 0.969029 -9.99858 0 0 0 1 
25528382210217;1.06109;1.03101;0.971143 -0.0136532 -0.238108 -1.45629 0.00486498 0.999286 -0.0374573 -0.0888831 0.23845 0.035218 0.970516 3.99211 0 0 0 1 
25528382210218;0.551084;0.51535;0.999799 0.0173865 0.0099513 1.6097 -0.0179715 0.99791 0.0620698 -0.265408 -0.00885132 -0.0622362 0.998022 -5.4352 0 0 0 1 
25528382210219;0.422673;0.40082;0.97516 -0.00831579 0.221346 -0.705406 -0.00131176 0.999061 0.043313 0.0448284 -0.221498 -0.0425274 0.974233 -4.66651 0 0 0 1 
25528382210220;1.03905;0.896677;0.961249 0.0669883 -0.26742 5.90328 -0.0289641 0.9892 0.143681 -1.11573 0.274157 -0.130367 0.952808 -10.9715 0 0 0 1 
25528382210221;1.31298;0.643729;0.997773 -0.0113661 -0.0657208 -1.22631 0.00217946 0.990402 -0.138197 -1.09953 0.0666608 0.137746 0.988222 14.1097 0 0 0 1 
25528382210222;1.56771;1.16288;0.98673 0.0402571 -0.157297 3.96812 -0.0224294 0.993284 0.113511 -0.773389 0.16081 -0.108477 0.981006 -10.8904 0 0 0 1 
25528382210223;0.395381;0.302752;0.998137 0.00586277 -0.0607294 0.376002 -0.00259088 0.998548 0.0538157 -0.0815353 0.0609567 -0.0535581 0.996702 -4.30061 0 0 0 1 
25528382210224;1.45898;1.10516;0.994733 -0.007883 -0.102201 -1.17832 0.00965113 0.999812 0.0168176 0.0669051 0.102049 -0.0177154 0.994622 -0.0876451 0 0 0 1 
25528382210225;0.647882;0.281212;0.955055 0.0408456 -0.2936 2.80506 0.00559606 0.9878 0.155626 -0.820637 0.296375 -0.150274 0.943175 -11.7411 0 0 0 1 
25528382210226;0.247807;0.25334;0.994302 0.0135789 -0.105734 1.1372 -0.0114961 0.999728 0.0202831 -0.096654 0.10598 -0.018952 0.994188 -1.34369 0 0 0 1 
25528382210227;1.67052;0.397615;0.999879 -0.000483639 0.015577 -0.270141 0.000485283 1 -0.000101761 -0.0365744 -0.0155769 0.000109308 0.999879 2.22335 0 0 0 1 
25528382210228;0.941077;0.317833;0.999844 -0.00394015 -0.0172222 -0.0666768 0.00284581 0.998002 -0.0631114 -0.142688 0.0174365 0.0630525 0.997858 4.24425 0 0 0 1 
25528382210229;1.84373;1.78927;0.999434 -0.0170552 -0.0290102 -1.66079 0.0150058 0.997472 -0.0694515 -0.163301 0.0301213 0.0689769 0.997163 6.44392 0 0 0 1 
25528382210230;0.815476;0.71431;0.999921 -0.00658468 -0.0106681 -0.706024 0.00653476 0.999968 -0.00470721 0.0444918 0.0106987 0.00463713 0.999932 0.821739 0 0 0 1 
25528382210231;0.945073;0.479587;0.999938 0.00288436 -0.0107741 0.10969 -0.00299469 0.999943 -0.0102377 -0.0686891 0.010744 0.0102693 0.99989 2.02943 0 0 0 1 
25528382210232;0.385786;0.324779;0.994999 0.00532661 0.0997399 0.528185 -0.0142859 0.9959 0.0893296 -0.35985 -0.0988551 -0.0903077 0.990996 -8.91701 0 0 0 1 
25528382210233;0.215723;0.141005;0.999252 0.0354185 0.0154977 3.10007 -0.0385539 0.942693 0.331428 -5.10113 -0.00287085 -0.331778 0.943353 -29.8467 0 0 0 1 
25528382210234;1.80049;1.31854;0.999898 -0.0134795 0.00470466 -0.912435 0.0137755 0.997458 -0.0699086 -0.035055 -0.00375037 0.0699663 0.997542 4.21641 0 0 0 1 
25528382210235;1.841;1.82869;0.981489 0.00409383 0.191477 0.358243 -0.0426852 0.9793 0.197862 -1.8762 -0.186703 -0.202372 0.961347 -18.4024 0 0 0 1 
25528382210236;0.783834;0.531408;0.992586 0.00290256 0.121509 0.356096 -0.00885432 0.998785 0.0484707 -0.111274 -0.121221 -0.0491872 0.991406 -4.20374 0 0 0 1 
25528382210237;0.646121;0.466114;0.995626 -0.00604625 -0.0932287 -0.500133 0.00590737 0.999981 -0.00176559 0.0632054 0.0932376 0.00120713 0.995643 -0.230839 0 0 0 1 
25528382210238;0.978297;0.799331;0.99464 -0.0152814 0.102266 -1.43637 0.0270595 0.993021 -0.114796 -0.588283 -0.0997978 0.116948 0.988111 10.6622 0 0 0 1 
25528382210239;1.51578;0.110494;0.995569 -0.00862703 0.0936409 -1.18515 0.0142129 0.998148 -0.0591505 -0.175829 -0.0929571 0.0602193 0.993847 7.09898 0 0 0 1 
25528382210240;0.466545;0.388219;0.99986 0.0155414 -0.0061243 1.29216 -0.0140549 0.980825 0.194384 -1.5643 0.00902786 -0.19427 0.980906 -17.309 0 0 0 1 
25528382210241;1.93577;1.76118;0.989176 0.00845413 0.146491 0.981469 -0.0293148 0.989599 0.140837 -0.846351 -0.143776 -0.143607 0.979135 -13.4369 0 0 0 1 
25528382210242;0.86252;0.471734;0.996701 -0.0282261 0.0760966 -2.63093 0.042759 0.979527 -0.196721 -1.86067 -0.068986 0.199325 0.977502 18.3925 0 0 0 1 
25528382210243;0.905546;0.243918;0.970323 -0.00498988 0.241763 -0.350045 -0.00741021 0.998704 0.0503539 -0.038636 -0.241701 -0.050651 0.969028 -4.48379 0 0 0 1 
25528382210244;0.219604;0.207661;0.999823 0.000842386 -0.0187781 0.0499754 -0.00121683 0.9998 -0.0199379 -0.0650501 0.0187575 0.0199572 0.999625 1.72079 0 0 0 1 
25528382210245;0.165948;0.0977309;0.980891 -0.00983019 0.194308 -0.838785 0.00638331 0.999811 0.0183575 0.0742632 -0.194451 -0.0167664 0.980769 -2.66027 0 0 0 1 
25528382210246;1.5805;1.3978;0.998683 -0.000768739 0.0512931 -0.189206 -0.000141988 0.999842 0.0177494 0.011131 -0.0512986 -0.0177333 0.998526 -0.801814 0 0 0 1 
25528382210248;1.80404;1.52832;0.997586 0.00568785 0.0692077 0.461709 0.0052569 0.987594 -0.156941 -0.635467 -0.0692417 0.156926 0.98518 8.15076 0 0 0 1 
25528382210249;2.65063;0.655326;0.999366 -0.0157411 0.0319424 -0.670419 0.0154612 0.99984 0.00899133 0.149141 -0.0320788 -0.00849176 0.999449 -3.41121 0 0 0 1 
25528382210250;0.988386;0.223003;0.988401 -0.0340147 -0.148009 -2.40016 0.0248412 0.997679 -0.0633928 -0.203997 0.149821 0.0589808 0.986952 3.79122 0 0 0 1 
25528382210251;1.96971;0.43027;0.999352 0.00893487 -0.0348735 0.5443 -0.00776839 0.99941 0.0334422 0.789588 0.0351517 -0.0331496 0.998832 -4.01155 0 0 0 1 
25528382210252;1.48555;0.905808;0.998417 0.0562272 -0.00112215 3.51819 -0.0562269 0.998418 0.000243383 -0.639703 0.00113406 -0.000179903 0.999999 0.368558 0 0 0 1 
25528382210253;1.51489;0.406167;0.998994 0.0232382 0.0383434 1.44609 -0.0216712 0.998933 -0.0407894 0.046702 -0.0392503 0.0399175 0.998432 0.559145 0 0 0 1 
25528382210254;2.5409;1.8271;0.999388 0.00636295 0.0343855 0.419679 -0.0113759 0.988978 0.147623 0.198358 -0.0330672 -0.147924 0.988446 -10.1289 0 0 0 1 
25528382210255;0.438009;0.179445;0.995464 0.00563906 -0.0949696 0.119689 -0.0141342 0.99593 -0.089018 -0.448322 0.094081 0.0899566 0.991492 5.07674 0 0 0 1 
25528382210256;0.895108;0.444757;0.961045 0.00438162 0.276356 0.941761 0.0739121 0.959385 -0.272245 -3.2398 -0.266325 0.282066 0.921689 16.7495 0 0 0 1 
25528382210257;0.887196;0.769453;0.999384 -0.00678988 0.0344457 -0.187875 0.00640629 0.999916 0.011234 -0.0679516 -0.0345191 -0.0110064 0.999343 -0.830458 0 0 0 1 
25528382210258;2.46932;0.575204;0.998633 0.0444881 -0.0274546 2.86799 -0.0459453 0.997431 -0.0549494 0.0311536 0.0249395 0.0561357 0.998112 0.306433 0 0 0 1 
25528382210259;0.355498;0.22684;0.994722 -0.0119535 0.101905 -0.441507 0.0569737 0.890351 -0.451696 -7.1575 -0.0853321 0.455118 0.886333 25.2675 0 0 0 1 
