#;prob_registration_l1 -r /home/probabilistic_point_clouds_registration/build/tester /home/point_clouds_registration_benchmark//devel/registration_pairs/stairs_local.txt /home/point_clouds_registration_benchmark//eth/stairs -s 0.2 -t 0.2 -p 0.3 -r 1000 -m 25 -i 40 
id;initial_error;final_error;transformation
5494384560000;0.832403;0.0898248;0.995418 0.0942087 -0.0163497 0.862443 -0.0933376 0.994491 0.0476963 0.323524 0.020753 -0.0459517 0.998728 0.338476 0 0 0 1 
5494384560001;0.315086;0.0592218;0.912724 0.242444 -0.328871 1.5477 -0.213595 0.969303 0.121776 1.38068 0.3483 -0.0409031 0.93649 -2.34673 0 0 0 1 
5494384560002;0.630491;0.0448874;0.999434 -0.017186 -0.0289147 0.717927 0.0175934 0.999749 0.0138959 -0.27075 0.0286686 -0.0143967 0.999485 0.062999 0 0 0 1 
5494384560003;0.317466;0.0334599;0.968855 -0.052253 -0.242054 0.879398 0.131508 0.936822 0.324146 -1.8976 0.209824 -0.345882 0.914516 -1.41216 0 0 0 1 
5494384560004;0.657978;0.0375018;0.998382 0.0549143 0.0147626 -0.186337 -0.056271 0.991491 0.117386 0.638505 -0.00819075 -0.118027 0.992977 0.544633 0 0 0 1 
5494384560005;0.751618;0.0511253;0.994469 -0.0891063 -0.0556097 -0.407316 0.0957036 0.986862 0.130168 -1.53895 0.0432802 -0.134771 0.989931 -0.446924 0 0 0 1 
5494384560006;0.696898;0.0846458;0.931845 0.304573 -0.197232 1.33944 -0.323275 0.94371 -0.0700323 2.21086 0.1648 0.129019 0.977852 -0.649036 0 0 0 1 
5494384560007;0.399045;0.0389976;0.926831 -0.372473 -0.0474079 0.834692 0.374582 0.925937 0.0482538 -3.15873 0.0259235 -0.0624813 0.997709 -0.186014 0 0 0 1 
5494384560008;0.231215;0.0510865;0.974987 -0.194102 -0.108281 0.36433 0.183418 0.977806 -0.101256 -1.12853 0.125532 0.0788622 0.98895 -0.815641 0 0 0 1 
5494384560009;0.454804;0.0395736;0.990073 -0.0274668 -0.137843 0.67634 0.0336672 0.998514 0.0428535 -0.599775 0.136461 -0.0470689 0.989527 -0.652742 0 0 0 1 
5494384560010;0.83506;0.0675856;0.999961 -0.00370574 -0.0080615 0.0240816 0.00394242 0.999556 0.0295443 0.0256193 0.00794844 -0.0295749 0.999531 0.829545 0 0 0 1 
5494384560011;0.300381;0.062849;0.996483 0.0519808 0.0657305 -0.209149 -0.0300246 0.953758 -0.299072 0.93516 -0.0782369 0.296046 0.951964 0.661959 0 0 0 1 
5494384560012;0.513405;0.0308728;0.942579 0.0654975 -0.327497 1.1142 -0.130162 0.975088 -0.179612 1.3681 0.307574 0.211927 0.927623 -1.66663 0 0 0 1 
5494384560013;0.592232;0.0324899;0.993201 0.00626902 -0.116241 0.469521 -0.0102559 0.999378 -0.0337323 0.791053 0.115957 0.0346951 0.992648 -0.809244 0 0 0 1 
5494384560014;0.784839;0.05556;0.94633 0.210153 0.245552 0.493004 -0.253256 0.954177 0.159396 1.34856 -0.200802 -0.213029 0.956189 1.99742 0 0 0 1 
5494384560015;1.02961;0.112817;0.949105 0.301371 -0.0915132 0.274802 -0.314957 0.906992 -0.279584 3.72476 -0.00125689 0.294178 0.95575 0.805604 0 0 0 1 
5494384560016;0.692498;0.0817089;0.990915 0.122431 -0.0556545 0.205215 -0.13448 0.897903 -0.419147 2.5749 -0.00134424 0.422824 0.906211 -0.155857 0 0 0 1 
5494384560017;0.125802;0.0459771;0.999872 0.00539911 -0.0150694 0.0668597 -0.00491502 0.999476 0.0319784 -0.111298 0.0152342 -0.0319003 0.999375 -0.0197733 0 0 0 1 
5494384560018;0.697368;0.0503572;0.997233 0.0390106 -0.0632869 0.757029 -0.0519158 0.974742 -0.217215 1.0607 0.0532147 0.219899 0.97407 0.177685 0 0 0 1 
5494384560019;0.372102;0.0788873;0.955946 0.277725 0.0950599 0.157058 -0.286513 0.95322 0.0963445 1.98346 -0.0638557 -0.119336 0.990798 0.215569 0 0 0 1 
5494384560020;0.725979;0.0613191;0.946414 0.314039 0.0753606 0.166144 -0.321853 0.897892 0.300334 2.10767 0.0266508 -0.308495 0.950852 0.427776 0 0 0 1 
5494384560021;0.810082;0.0682464;0.995842 0.0804802 -0.0426895 -0.143972 -0.0802378 0.996749 0.00736549 0.638534 0.0431435 -0.00390955 0.999061 0.468426 0 0 0 1 
5494384560022;1.01164;0.0339428;0.883424 -0.304635 -0.356035 1.58387 0.333786 0.942395 0.0218751 -3.51125 0.328861 -0.138164 0.934217 -2.02885 0 0 0 1 
5494384560023;0.527542;0.0777986;0.97814 0.0971057 -0.183883 0.897131 -0.0926588 0.995163 0.0326439 0.585093 0.186164 -0.0148919 0.982406 -1.86705 0 0 0 1 
5494384560024;0.419936;0.0656652;0.936618 0.338216 -0.0914158 1.03127 -0.339941 0.94044 -0.00353475 2.60971 0.0847756 0.0343867 0.995807 -0.860144 0 0 0 1 
5494384560025;0.495752;0.112157;0.948646 0.269313 -0.165954 0.920147 -0.266795 0.963015 0.0377165 2.09827 0.169974 0.00849604 0.985412 -0.821557 0 0 0 1 
5494384560026;0.350666;0.0551476;0.974797 0.0899493 0.204156 -0.246423 -0.0316219 0.961585 -0.272678 0.897172 -0.220841 0.25935 0.940195 2.08033 0 0 0 1 
5494384560027;0.90423;0.0501214;0.990546 0.0739654 -0.115529 1.32664 -0.0518763 0.981617 0.183675 0.0932533 0.12699 -0.175946 0.976174 -0.746742 0 0 0 1 
5494384560028;0.914969;0.0323273;0.995283 -0.0968046 -0.00637273 -0.907241 0.0968536 0.995267 0.00787872 -0.603376 0.00557988 -0.00845878 0.999949 -0.253309 0 0 0 1 
5494384560029;0.844853;0.0907855;0.999811 0.0156037 0.0115814 0.0722257 -0.0158375 0.999667 0.0203828 -0.608967 -0.0112595 -0.0205623 0.999725 -0.542552 0 0 0 1 
5494384560031;0.314572;0.0865209;0.917524 -0.352256 -0.18457 0.493605 0.361559 0.93217 0.0182944 -1.47282 0.165606 -0.0835186 0.982649 -0.656037 0 0 0 1 
5494384560032;0.143255;0.0753763;0.995967 0.0550281 0.0708637 0.0128381 -0.0497623 0.996013 -0.0740444 0.213338 -0.0746557 0.0702194 0.994734 0.3091 0 0 0 1 
5494384560033;0.256973;0.0826411;0.999493 0.0112897 0.029782 0.195998 -0.00848544 0.995662 -0.0926595 0.179764 -0.0306989 0.0923598 0.995252 0.215954 0 0 0 1 
5494384560034;0.872658;0.0810154;0.966401 -0.226106 0.122249 0.0124503 0.20345 0.963536 0.173803 -1.77001 -0.157089 -0.143091 0.977163 0.0295809 0 0 0 1 
5494384560035;0.383527;0.0861145;0.996349 -0.0670083 0.0528988 0.0552362 0.0637159 0.996062 0.0616493 0.062757 -0.0568215 -0.0580537 0.996695 0.331648 0 0 0 1 
5494384560036;0.699819;0.0849714;0.952428 0.267927 -0.145242 0.550607 -0.298411 0.916654 -0.265889 0.898673 0.0618982 0.296582 0.952999 0.470984 0 0 0 1 
5494384560037;0.785083;0.0716829;0.967503 -0.0998529 0.232309 -0.341717 0.163465 0.947926 -0.273343 -0.272462 -0.192918 0.302434 0.933443 0.135131 0 0 0 1 
5494384560038;1.00964;0.0888492;0.899483 -0.4341 0.0498843 -0.858778 0.433675 0.900856 0.019609 -1.42045 -0.0534508 0.00399565 0.998562 -0.112822 0 0 0 1 
5494384560039;0.16472;0.101059;0.983375 -0.0776438 -0.164151 0.211558 0.0827461 0.99627 0.0244665 -0.343431 0.16164 -0.0376426 0.986132 -0.621537 0 0 0 1 
5494384560040;0.656318;0.0613203;0.911538 0.336445 0.236436 0.586964 -0.332282 0.941365 -0.0584947 0.78267 -0.242253 -0.0252432 0.969885 1.13595 0 0 0 1 
5494384560041;0.496934;0.0456441;0.877552 -0.309347 0.366343 -0.149584 0.312669 0.948443 0.0519058 -1.15209 -0.363513 0.0689941 0.929031 1.89647 0 0 0 1 
5494384560042;0.516103;0.342997;0.994609 -0.0613333 -0.0836116 -0.215954 0.072113 0.988531 0.13269 -0.606958 0.0745143 -0.138004 0.987625 -0.509683 0 0 0 1 
5494384560043;0.0787389;0.0783154;0.999774 -0.0169113 0.012887 -0.0557206 0.0166944 0.99972 0.0167544 -0.203203 -0.0131667 -0.0165355 0.999777 0.14564 0 0 0 1 
5494384560044;0.670233;0.0698058;0.998684 0.0461332 0.0223934 0.214253 -0.0472206 0.997595 0.0507409 0.232507 -0.0199987 -0.0517316 0.998461 0.837593 0 0 0 1 
5494384560045;0.454928;0.0667783;0.908258 -0.26999 0.319646 -0.472846 0.175508 0.93933 0.294713 -1.15652 -0.379823 -0.211575 0.900539 1.55107 0 0 0 1 
5494384560046;0.663952;0.0833513;0.981278 0.125564 -0.146035 0.377888 -0.126321 0.991981 0.00411923 1.16151 0.145381 0.0144052 0.989271 -0.582674 0 0 0 1 
5494384560047;0.60701;0.102974;0.985385 0.00747039 -0.170178 -0.189939 -0.0410709 0.979984 -0.194795 0.765316 0.165316 0.198938 0.965968 -0.745252 0 0 0 1 
5494384560048;0.280379;0.062245;0.999879 0.00237746 0.0153699 -0.0634662 -0.00291001 0.999393 0.0347199 -0.199176 -0.015278 -0.0347604 0.999279 0.385533 0 0 0 1 
5494384560049;0.480826;0.0694442;0.92564 0.332074 0.18143 0.571285 -0.329024 0.943123 -0.0475592 1.37182 -0.186904 -0.015672 0.982253 0.738628 0 0 0 1 
5494384560050;0.519994;0.102336;0.977007 0.196134 0.0835986 -0.219455 -0.191195 0.979492 -0.0635567 0.225774 -0.0943498 0.0461117 0.994471 0.494055 0 0 0 1 
5494384560051;0.245903;0.0730017;0.999665 -0.0230101 0.0118884 0.0358999 0.0226092 0.999205 0.0328216 -0.326552 -0.0126342 -0.0325418 0.999391 -0.106199 0 0 0 1 
5494384560052;0.581213;0.0731699;0.947739 0.155527 0.278573 -0.391208 -0.190645 0.976177 0.1036 0.047983 -0.255824 -0.151294 0.954811 0.808297 0 0 0 1 
5494384560053;0.543864;0.080818;0.963672 -0.204451 0.17186 -0.471874 0.17888 0.971878 0.153151 -1.28956 -0.198339 -0.116845 0.973144 0.421762 0 0 0 1 
5494384560054;0.812423;0.335581;0.996123 -0.0393533 -0.0786842 -0.220125 0.0425109 0.99834 0.0388652 -0.462094 0.077024 -0.0420594 0.996142 -0.86098 0 0 0 1 
5494384560055;0.804846;0.0683402;0.92424 0.00544868 0.381773 0.486249 -0.0471014 0.993888 0.0998437 0.527367 -0.378896 -0.110262 0.918847 1.57685 0 0 0 1 
5494384560056;0.404608;0.0706263;0.981555 0.157589 0.108241 -0.178064 -0.157658 0.987462 -0.00797815 0.158432 -0.108142 -0.00923411 0.994093 0.374614 0 0 0 1 
5494384560057;0.241612;0.106839;0.976073 0.196741 -0.0925934 0.315673 -0.187369 0.977089 0.100948 0.468802 0.110333 -0.0811837 0.990574 -0.285994 0 0 0 1 
5494384560058;0.361634;0.0815452;0.99184 -0.109824 0.064749 0.141186 0.116519 0.986991 -0.110777 -0.106273 -0.0517408 0.117417 0.991734 0.287462 0 0 0 1 
5494384560059;0.672349;0.126988;0.998122 -0.0275359 0.0547179 -0.113942 0.0272926 0.999614 0.00518873 -0.149555 -0.0548396 -0.0036856 0.998488 -0.446732 0 0 0 1 
5494384560060;0.435775;0.0922153;0.954517 -0.279934 -0.102641 -0.0714798 0.297814 0.911677 0.283112 -1.61799 0.0143229 -0.300803 0.953579 -0.190406 0 0 0 1 
5494384560062;0.821662;0.0673214;0.965434 -0.19248 -0.175754 0.359337 0.189327 0.981301 -0.0347001 -1.57907 0.179146 0.000225716 0.983822 -1.34845 0 0 0 1 
5494384560063;1.2461;0.0478399;0.943795 0.0992652 -0.315273 1.74813 -0.110983 0.993633 -0.0193857 0.847691 0.311341 0.053286 0.948803 -2.42014 0 0 0 1 
5494384560064;0.351118;0.0794442;0.922654 -0.38562 0.00245737 0.197666 0.385626 0.922651 -0.00274912 -2.48009 -0.00120718 0.00348411 0.999993 0.0260592 0 0 0 1 
5494384560065;1.02628;0.0773303;0.99727 0.0719518 0.0165694 -0.0645217 -0.0707415 0.995394 -0.0646962 0.324841 -0.0211481 0.0633475 0.997767 0.955076 0 0 0 1 
5494384560066;0.385602;0.075914;0.902767 0.423148 -0.0771843 1.04355 -0.426376 0.904019 -0.0308854 2.67339 0.056707 0.0607919 0.996538 -0.228919 0 0 0 1 
5494384560067;1.09812;0.075129;0.980212 -0.133149 0.146476 -0.3478 0.151277 0.981121 -0.120488 -1.0194 -0.127667 0.140262 0.981849 0.180725 0 0 0 1 
5494384560068;0.284277;0.0576289;0.988334 0.140252 -0.0593721 0.28723 -0.118108 0.951932 0.282624 0.00937772 0.0961568 -0.272314 0.957392 -0.591444 0 0 0 1 
5494384560069;0.305684;0.0664273;0.988931 0.145501 -0.0290776 0.399147 -0.145472 0.989357 0.00311505 0.924101 0.0292214 0.0011494 0.999572 -0.0758931 0 0 0 1 
5494384560070;1.06788;0.0803566;0.998693 0.0510754 -0.00171237 0.741527 -0.0502668 0.987819 0.147263 -0.0515104 0.00921304 -0.146985 0.989096 -0.366901 0 0 0 1 
5494384560071;0.199717;0.0596598;0.999961 -0.00588495 0.00658895 -0.0425192 0.00598557 0.999864 -0.0153579 -0.060963 -0.00649767 0.0153968 0.99986 0.22236 0 0 0 1 
5494384560072;1.02349;0.053977;0.963376 -0.0254706 -0.266943 1.08908 -0.0533561 0.957366 -0.283906 1.64754 0.262794 0.287751 0.920945 -1.33494 0 0 0 1 
5494384560073;0.123206;0.0673338;0.992769 -0.119786 0.00785052 -0.0551286 0.119507 0.992393 0.0295799 -0.858502 -0.0113341 -0.0284278 0.999532 0.134984 0 0 0 1 
5494384560074;0.700296;0.062757;0.935243 0.352288 0.0348393 0.121765 -0.351762 0.935867 -0.0204282 2.4442 -0.0398015 0.00685023 0.999184 0.01821 0 0 0 1 
5494384560075;0.186882;0.0772296;0.999937 0.00897223 0.00667241 0.0595397 -0.00883611 0.999758 -0.0201576 0.0973793 -0.00685165 0.0200974 0.999775 -0.0202374 0 0 0 1 
5494384560076;1.00141;0.0651726;0.992225 -0.0970363 0.0779295 -0.313608 0.091283 0.993051 0.0742799 -0.586799 -0.0845958 -0.0665887 0.994188 1.29217 0 0 0 1 
5494384560077;0.605922;0.0789664;0.89213 -0.334714 -0.303431 1.37698 0.358708 0.933105 0.0253478 -2.31761 0.274648 -0.131457 0.952516 -1.89485 0 0 0 1 
5494384560078;0.686652;0.0748918;0.918968 -0.392117 0.0417363 0.0850549 0.38883 0.88344 -0.261429 -1.83889 0.0656391 0.256473 0.96432 0.222514 0 0 0 1 
5494384560079;0.330281;0.0641233;0.92829 0.371058 -0.0243455 0.650127 -0.36444 0.920836 0.138725 1.88173 0.0738933 -0.119905 0.990032 -0.432779 0 0 0 1 
5494384560080;0.779401;0.0599092;0.915946 0.392469 -0.0837357 1.29332 -0.382126 0.91671 0.116712 2.33427 0.122567 -0.0749042 0.98963 -0.611028 0 0 0 1 
5494384560081;0.603531;0.0612092;0.981379 0.188186 -0.0385012 0.489026 -0.191881 0.96965 -0.151529 1.76284 0.00881714 0.156095 0.987703 0.383159 0 0 0 1 
5494384560082;0.617118;0.0852693;0.890473 -0.281109 -0.357821 1.41907 0.327222 0.942025 0.0742564 -2.01607 0.316203 -0.18321 0.930833 -2.1012 0 0 0 1 
5494384560083;0.290683;0.0761441;0.945382 0.305176 0.114547 0.173675 -0.290376 0.948118 -0.129442 2.11288 -0.148107 0.0891099 0.984949 0.989575 0 0 0 1 
5494384560084;0.175327;0.0402034;0.985915 -0.11718 -0.119334 0.315316 0.101183 0.986034 -0.132281 -0.286581 0.133168 0.118343 0.984003 -0.752259 0 0 0 1 
5494384560085;0.943472;0.0509216;0.992306 -0.119738 -0.0314791 0.072463 0.103977 0.944005 -0.31312 -0.253629 0.0672088 0.307438 0.949192 0.472702 0 0 0 1 
5494384560086;0.821732;0.0669098;0.991518 -0.0331856 0.125659 -0.481042 0.0238438 0.996889 0.0751298 -0.597724 -0.127761 -0.0714963 0.989225 1.34833 0 0 0 1 
5494384560087;0.12902;0.0572053;0.99925 0.0146684 -0.0358414 0.019431 -0.0148247 0.999882 -0.00409994 0.11236 0.035777 0.0046282 0.999349 -0.111607 0 0 0 1 
5494384560088;1.25698;0.0483217;0.879506 0.151753 -0.451044 1.64407 -0.141835 0.988308 0.0559445 -0.135101 0.45426 0.0147704 0.890747 -2.44119 0 0 0 1 
5494384560089;1.3654;1.09374;0.980887 0.180349 0.0730381 0.250214 -0.182676 0.982816 0.0264871 1.13689 -0.0670061 -0.0393232 0.996977 -0.217006 0 0 0 1 
5494384560090;0.736364;0.065934;0.957334 -0.288741 -0.0118307 0.539841 0.263633 0.88939 -0.373474 -0.538179 0.11836 0.354421 0.927565 -0.269305 0 0 0 1 
5494384560091;0.484121;0.0703675;0.940434 -0.151576 -0.304316 1.1392 0.21169 0.96149 0.175284 -1.77703 0.266028 -0.229263 0.936305 -1.25326 0 0 0 1 
5494384560093;0.0553842;0.156278;0.998946 0.0062716 -0.0454692 0.0290357 -0.00743244 0.99965 -0.0254064 0.159806 0.0452939 0.0257175 0.998643 -0.201176 0 0 0 1 
5494384560094;0.672056;0.353905;0.908792 -0.0424879 -0.415081 1.6717 0.113207 0.982595 0.147279 -1.12809 0.401599 -0.180836 0.897784 -2.15665 0 0 0 1 
5494384560095;0.854827;1.04536;0.931804 0.36213 -0.0245524 0.100505 -0.361364 0.931917 0.0307612 1.8501 0.0340204 -0.0197911 0.999225 0.0444623 0 0 0 1 
5494384560096;0.268636;0.158369;0.957796 -0.264688 -0.1121 0.403031 0.249336 0.959076 -0.134184 -1.3859 0.143029 0.10057 0.984595 -0.870662 0 0 0 1 
5494384560097;0.745786;0.221554;0.999012 -0.038875 -0.0215223 -0.350386 0.038845 0.999244 -0.00180742 -0.671918 0.0215762 0.000969605 0.999767 0.187574 0 0 0 1 
5494384560098;0.365154;0.697534;0.963919 -0.196204 -0.179898 0.150057 0.187654 0.980178 -0.0635434 -1.27327 0.1888 0.0274921 0.981631 -1.27544 0 0 0 1 
5494384560099;0.345567;0.17036;0.996904 -0.0443328 0.0649381 -0.464693 0.0462501 0.998528 -0.0283259 -0.103193 -0.0635868 0.0312416 0.997487 0.476332 0 0 0 1 
5494384560100;0.37298;0.261724;0.937689 -0.243997 -0.247394 0.560443 0.241647 0.969527 -0.0403082 -1.50615 0.249691 -0.0219855 0.968076 -1.38025 0 0 0 1 
5494384560101;0.595346;0.244761;0.932605 0.32502 0.156875 -0.103823 -0.348866 0.923194 0.161262 2.13157 -0.0924124 -0.205122 0.974364 1.02131 0 0 0 1 
5494384560102;0.240088;0.216616;0.96877 -0.230275 0.0919698 -0.244714 0.242644 0.956776 -0.160323 -1.26856 -0.0510761 0.177632 0.982771 0.546896 0 0 0 1 
5494384560103;0.65911;0.191227;0.998852 -0.0425702 -0.0219512 -0.0415248 0.0420177 0.998803 -0.0250439 -0.297135 0.0229911 0.0240929 0.999445 -0.564926 0 0 0 1 
5494384560104;0.317417;0.338991;0.992905 -0.0971933 -0.06851 -0.0579883 0.115488 0.925452 0.360834 -1.83424 0.0283321 -0.366186 0.93011 -0.0279423 0 0 0 1 
5494384560105;0.561217;0.222158;0.962475 0.0472765 -0.26722 0.53492 -0.0758403 0.992332 -0.0975989 0.801659 0.260557 0.114203 0.95868 -1.17377 0 0 0 1 
5494384560106;0.669368;0.490348;0.977576 0.00769748 0.210444 -0.458326 0.00173308 0.999004 -0.0445916 -0.318038 -0.210578 0.0439564 0.976588 1.83334 0 0 0 1 
5494384560107;0.196586;0.19248;0.987794 0.140557 -0.0671266 0.192155 -0.137981 0.989561 0.0416032 0.897395 0.0722735 -0.0318332 0.996877 -0.518825 0 0 0 1 
5494384560108;0.588165;0.225032;0.97483 0.183291 -0.126929 0.436241 -0.119434 0.910059 0.396898 -0.265005 0.18826 -0.371749 0.909044 -1.41794 0 0 0 1 
5494384560109;0.964218;0.215169;0.988915 0.0993519 0.110344 -0.203958 -0.10622 0.992638 0.0582055 0.789969 -0.103749 -0.069281 0.992188 1.52279 0 0 0 1 
5494384560110;0.522946;0.205663;0.894616 -0.445971 -0.0277737 0.243495 0.446173 0.894946 0.00121155 -3.27059 0.0243156 -0.0134757 0.999614 -0.0968116 0 0 0 1 
5494384560111;0.382633;0.1893;0.996524 -0.00309979 0.0832488 -0.494864 0.0110424 0.995405 -0.095118 0.174504 -0.0825714 0.0957066 0.991979 0.461198 0 0 0 1 
5494384560112;1.20633;0.20689;0.967943 -0.242485 -0.0654818 -0.355507 0.243255 0.969954 0.00393575 -1.22295 0.06256 -0.0197383 0.997846 0.334367 0 0 0 1 
5494384560113;0.493118;0.167138;0.988774 0.13656 -0.0606483 0.168654 -0.13837 0.990021 -0.0266965 1.01274 0.0563974 0.0347887 0.997802 -0.686161 0 0 0 1 
5494384560114;0.011633;0.222281;0.999426 -0.00830212 -0.0328389 -0.0779307 0.00830332 0.999966 -9.99113e-05 -0.0353397 0.0328386 -0.000172818 0.999461 -0.133836 0 0 0 1 
5494384560115;0.837027;0.218948;0.949849 -0.117369 -0.289846 0.47569 0.171439 0.97063 0.168779 -1.99544 0.261524 -0.210005 0.942074 -1.35383 0 0 0 1 
5494384560116;0.753813;0.2076;0.994028 -0.0725462 -0.0815225 -0.484756 0.075475 0.996587 0.0334335 -0.562292 0.0788188 -0.0393868 0.996111 -0.70318 0 0 0 1 
5494384560117;0.39392;0.210231;0.971505 0.236879 0.00817144 0.147694 -0.236856 0.971538 -0.00374491 1.71481 -0.00882595 0.00170274 0.99996 0.364148 0 0 0 1 
5494384560118;0.486867;0.233212;0.994015 0.106076 -0.0261047 0.184729 -0.108523 0.931516 -0.347131 1.51279 -0.0125054 0.347887 0.937453 0.161854 0 0 0 1 
5494384560119;0.307339;0.232194;0.956726 0.28957 -0.0287339 0.305028 -0.277899 0.938499 0.204918 1.38426 0.0863048 -0.188065 0.978357 -0.511513 0 0 0 1 
5494384560120;1.07013;0.183002;0.964103 -0.235117 -0.123388 0.400696 0.218914 0.966808 -0.131756 -1.09322 0.15027 0.100015 0.983573 -1.70907 0 0 0 1 
5494384560121;0.937742;0.174025;0.899759 0.390704 -0.194381 0.866108 -0.40435 0.913948 -0.0346453 2.19546 0.164118 0.10977 0.980314 -1.08163 0 0 0 1 
5494384560122;0.448809;0.222528;0.908511 0.386202 0.159548 0.0827974 -0.393661 0.919101 0.0168439 2.77419 -0.140135 -0.0781107 0.987047 1.10828 0 0 0 1 
5494384560124;0.180601;0.114427;0.991302 -0.101329 0.0839824 -0.280628 0.0868599 0.983135 0.160936 -0.527967 -0.0988735 -0.152241 0.983385 0.324227 0 0 0 1 
5494384560125;0.336264;0.119194;0.944639 -0.17171 0.279595 -0.528393 0.191985 0.980291 -0.0466068 -0.709469 -0.266081 0.0977046 0.958986 1.06507 0 0 0 1 
5494384560126;0.158937;0.100966;0.992768 0.108213 0.0519802 -0.220218 -0.110538 0.992891 0.0441501 0.354244 -0.046833 -0.0495766 0.997672 0.109131 0 0 0 1 
5494384560127;0.459182;0.148796;0.988956 -0.120709 -0.0859957 0.47217 0.117397 0.992171 -0.042611 0.0583056 0.090466 0.0320448 0.995384 -0.36774 0 0 0 1 
5494384560128;0.768681;0.124908;0.965769 -0.126921 0.226235 -0.685655 0.182905 0.951615 -0.246929 -0.0610864 -0.183948 0.279856 0.942255 0.282271 0 0 0 1 
5494384560129;0.8631;0.396773;0.926566 -0.0362315 0.374383 -0.911323 0.0311324 0.999322 0.019661 -0.572905 -0.374841 -0.00656174 0.927066 1.83036 0 0 0 1 
5494384560130;0.294138;0.126823;0.989645 -0.140069 -0.0313568 0.18939 0.143313 0.9764 0.161567 -0.838235 0.00798636 -0.164388 0.986363 -0.281952 0 0 0 1 
5494384560131;0.331415;0.114872;0.99494 -0.0649594 -0.076644 0.0686436 0.0632775 0.997703 -0.024175 -0.092321 0.0780384 0.0192028 0.996765 0.0084583 0 0 0 1 
5494384560132;0.299743;0.109658;0.928664 0.0281675 -0.369851 0.954416 0.0863747 0.953279 0.289481 -0.833163 0.360725 -0.300776 0.882843 -1.4974 0 0 0 1 
5494384560133;0.275606;0.0954605;0.913842 0.12616 -0.385974 1.13658 -0.0788592 0.987554 0.136084 0.156445 0.398338 -0.0939213 0.912417 -1.53241 0 0 0 1 
5494384560134;0.715759;0.0955198;0.977429 0.211197 0.00537469 0.0773778 -0.211142 0.977411 -0.00929347 0.995618 -0.00721604 0.00794888 0.999942 0.763072 0 0 0 1 
5494384560135;0.221863;0.0919873;0.95788 0.271766 0.0927876 0.0561315 -0.279573 0.956347 0.0850877 1.15541 -0.0656132 -0.107445 0.992044 0.195431 0 0 0 1 
5494384560136;0.513605;0.0846352;0.972257 0.233888 -0.0037036 -0.217496 -0.233915 0.972194 -0.0110413 1.38257 0.00101819 0.0116013 0.999932 -0.268576 0 0 0 1 
5494384560137;0.0725673;0.112255;0.999685 0.00897568 -0.0234452 0.00388961 -0.0087013 0.999893 0.0117788 0.132759 0.0235484 -0.0115711 0.999656 -0.054431 0 0 0 1 
5494384560138;0.458946;0.131893;0.994971 -0.043476 -0.0902362 0.0665701 0.0348239 0.994836 -0.0953354 0.0811626 0.093915 0.0917136 0.991347 0.0851959 0 0 0 1 
5494384560139;0.373858;0.0904336;0.982369 0.154072 0.105894 0.0834159 -0.153421 0.988057 -0.0143226 0.378705 -0.106836 -0.00217622 0.994274 0.315617 0 0 0 1 
5494384560140;0.407687;0.0639369;0.930113 0.337329 -0.145255 0.445018 -0.301004 0.92675 0.22479 0.862525 0.210443 -0.165357 0.96352 -0.637197 0 0 0 1 
5494384560141;0.827786;0.111473;0.998628 0.00281838 0.0522813 -0.253821 -0.00297353 0.999991 0.00289003 0.249789 -0.0522727 -0.00304153 0.998628 1.10363 0 0 0 1 
5494384560142;0.791925;0.11203;0.998165 -0.0299798 0.0526165 -0.830912 0.0288063 0.999322 0.0229208 -0.346321 -0.053268 -0.0213631 0.998352 -0.40907 0 0 0 1 
5494384560143;0.413054;0.088636;0.88473 0.390832 0.253974 0.0977129 -0.410409 0.911502 0.0269994 1.52262 -0.220946 -0.12812 0.966834 0.826101 0 0 0 1 
5494384560144;0.460909;0.126644;0.990149 0.100723 -0.0972618 0.171172 -0.0956686 0.993875 0.0553145 0.474114 0.102237 -0.0454647 0.993721 0.0183282 0 0 0 1 
5494384560145;0.514439;0.145171;0.994841 -0.0637402 0.0789255 -0.387435 0.0423039 0.967753 0.248324 0.000943488 -0.0922086 -0.243704 0.965456 0.36207 0 0 0 1 
5494384560146;0.876277;0.0900655;0.958122 0.286273 -0.007058 1.04672 -0.285194 0.956151 0.0666353 0.800996 0.0258244 -0.0618319 0.997752 -0.711119 0 0 0 1 
5494384560147;0.0882485;0.119833;0.989587 0.0301986 -0.140734 0.261547 -0.0247147 0.998872 0.040553 0.139472 0.1418 -0.0366525 0.989217 -0.629398 0 0 0 1 
5494384560148;0.565514;0.0836622;0.900067 0.296167 0.319631 0.178253 -0.25151 0.952093 -0.17396 1.82369 -0.35584 0.0761857 0.931436 1.52209 0 0 0 1 
5494384560149;0.651367;0.132512;0.994534 -0.0958842 0.0413221 -0.510502 0.0923838 0.992536 0.0796105 -0.349097 -0.048647 -0.0753579 0.995969 0.772408 0 0 0 1 
5494384560150;0.389377;0.231164;0.960656 -0.212803 0.178481 -0.417631 0.210476 0.977072 0.0320976 -0.972317 -0.181219 0.00673123 0.98342 0.852434 0 0 0 1 
5494384560151;0.428451;0.14095;0.948942 -0.310227 -0.057167 0.0280791 0.313372 0.94785 0.058118 -1.3429 0.036156 -0.0730651 0.996672 -0.522 0 0 0 1 
5494384560152;0.492131;0.112648;0.939475 -0.342411 -0.0118823 -0.0151178 0.334799 0.910118 0.244122 -2.16627 -0.0727759 -0.233325 0.969672 0.152806 0 0 0 1 
5494384560153;0.585822;0.100469;0.999683 0.00222531 -0.0250919 -0.00637228 -0.00712826 0.980367 -0.19705 0.584854 0.0241608 0.197167 0.980072 -0.680387 0 0 0 1 
5494384560155;0.510199;0.451301;0.993762 -0.110479 -0.0152419 0.118467 0.111465 0.979431 0.168199 -0.53188 -0.00365405 -0.168848 0.985635 0.376267 0 0 0 1 
5494384560156;0.606536;0.297807;0.999554 0.0197118 -0.0224481 0.272749 -0.0175066 0.995369 0.0945159 -0.391419 0.0242072 -0.0940807 0.99527 -0.752576 0 0 0 1 
5494384560157;0.698949;0.230703;0.969002 -0.245297 -0.0293857 0.507847 0.247005 0.964253 0.0959429 -0.707661 0.00480068 -0.100227 0.994953 0.467281 0 0 0 1 
5494384560158;0.932434;0.437138;0.977068 0.0168174 0.212264 0.0935702 -0.00244556 0.997697 -0.0677893 -0.116226 -0.212915 0.0657156 0.974858 1.24892 0 0 0 1 
5494384560159;0.588127;0.408207;0.95587 0.179516 0.232564 0.475597 -0.186268 0.982473 0.00721692 -0.219748 -0.227193 -0.0502176 0.972554 0.710369 0 0 0 1 
5494384560160;0.813406;0.225217;0.955518 0.137557 -0.260888 1.09399 -0.0947295 0.980844 0.170212 -0.0625179 0.279304 -0.137927 0.950245 -0.888894 0 0 0 1 
5494384560161;0.869163;0.269429;0.997687 0.059378 -0.0330903 0.38706 -0.0553999 0.992347 0.110359 -1.10593 0.0393899 -0.10827 0.993341 -0.121938 0 0 0 1 
5494384560162;0.520155;0.256361;0.993813 -0.0485464 -0.0998989 0.10699 0.0758175 0.953792 0.290746 -0.323164 0.081168 -0.296521 0.951571 0.193649 0 0 0 1 
5494384560163;0.884248;0.46229;0.914234 0.405138 -0.00631277 1.22952 -0.404419 0.913348 0.0473329 0.3765 0.0249421 -0.0407203 0.998859 0.0447773 0 0 0 1 
5494384560164;0.069281;0.28968;0.998209 -0.0380101 -0.0461865 0.152461 0.0418429 0.995496 0.0850706 -0.429677 0.042745 -0.0868508 0.995304 -0.112068 0 0 0 1 
5494384560165;0.359877;0.723625;0.959194 0.242162 0.145959 0.170469 -0.254944 0.963957 0.0760989 -0.438764 -0.12227 -0.110205 0.986359 0.213152 0 0 0 1 
5494384560166;0.617506;0.283755;0.95135 0.0505898 -0.303931 0.768349 -0.023826 0.995554 0.0911328 -0.215914 0.30719 -0.0794577 0.948325 -0.0721688 0 0 0 1 
5494384560167;0.359577;0.378694;0.95848 -0.172051 0.22741 0.0063767 0.199918 0.974102 -0.10563 -0.565733 -0.203347 0.146708 0.968053 0.160277 0 0 0 1 
5494384560168;0.367236;0.395187;0.954849 0.213982 0.206097 0.237893 -0.242381 0.962237 0.123902 -0.295014 -0.171801 -0.168262 0.970656 0.218971 0 0 0 1 
5494384560169;0.299703;0.303702;0.995235 0.0627502 -0.0746291 0.218309 -0.0473294 0.980076 0.192901 -0.559871 0.0852468 -0.18845 0.978376 -0.0913671 0 0 0 1 
5494384560170;0.388752;0.317509;0.999601 0.0102405 -0.0263087 0.456024 -0.00735644 0.994181 0.107469 -0.118797 0.0272561 -0.107233 0.99386 -0.216464 0 0 0 1 
5494384560171;0.436725;0.159328;0.999603 0.0179058 0.0217605 0.373809 -0.0225705 0.97106 0.237768 -0.30003 -0.0168733 -0.238165 0.971078 -0.374858 0 0 0 1 
5494384560172;0.743415;0.398495;0.985596 0.167651 -0.0222176 0.886807 -0.163635 0.978559 0.125088 -0.052994 0.0427123 -0.11965 0.991897 0.00702592 0 0 0 1 
5494384560173;0.766137;0.393383;0.996993 0.0773663 -0.00429936 0.465349 -0.0680599 0.900888 0.428682 -0.249171 0.0370388 -0.427101 0.903445 -0.747691 0 0 0 1 
5494384560174;0.152675;0.306488;0.989389 -0.117794 -0.0850568 0.0675782 0.125432 0.987933 0.0908532 -0.52911 0.0733285 -0.100558 0.992225 -0.162006 0 0 0 1 
5494384560175;0.731473;0.442208;0.996226 0.0220769 -0.0839436 0.450398 -0.034425 0.988293 -0.148631 -0.022855 0.0796795 0.15096 0.985323 -0.778752 0 0 0 1 
5494384560176;0.458408;0.38833;0.919864 0.0645315 0.386894 -0.0157644 -0.165946 0.957775 0.234794 -0.00520051 -0.355406 -0.280182 0.891731 0.344354 0 0 0 1 
5494384560177;0.329052;0.397849;0.969968 -0.0485354 -0.238342 0.374029 0.0365112 0.99784 -0.05461 -0.30916 0.240477 0.0442678 0.969645 -0.169198 0 0 0 1 
5494384560178;0.128329;0.255371;0.99195 0.0524438 -0.115256 0.242713 -0.0321748 0.984719 0.171156 -0.313918 0.12247 -0.16607 0.978479 -0.283245 0 0 0 1 
5494384560179;0.884119;0.367831;0.949697 -0.217618 0.225207 -0.138321 0.193903 0.973303 0.122816 -1.11582 -0.245922 -0.0729698 0.966539 -0.406656 0 0 0 1 
5494384560180;0.395688;0.352596;0.99779 -0.0514995 -0.0419873 -0.0489018 0.0558628 0.992315 0.110406 -0.259322 0.0359788 -0.112508 0.992999 -0.386416 0 0 0 1 
5494384560181;0.929561;0.374808;0.965511 -0.258379 -0.0320743 -0.463651 0.259221 0.965478 0.0256349 -1.04327 0.0243435 -0.0330652 0.999157 -0.76669 0 0 0 1 
5494384560182;0.699324;0.444514;0.942659 -0.274291 0.190156 -0.193641 0.293296 0.95269 -0.0797412 -1.12533 -0.159287 0.130941 0.97851 -0.230143 0 0 0 1 
5494384560183;0.638253;0.47174;0.918098 -0.144426 0.369103 -0.344437 0.0816606 0.980194 0.18042 -0.803073 -0.387849 -0.135502 0.911708 1.08805 0 0 0 1 
5494384560184;0.208766;0.485429;0.969963 0.242402 -0.0203281 0.337299 -0.238338 0.963756 0.119873 -0.189996 0.0486489 -0.111428 0.992581 -0.180103 0 0 0 1 
5494384560186;0.36111;0.0377725;0.999485 -0.0316294 0.00549796 0.0283538 0.0316639 0.999479 -0.00629245 0.0991584 -0.00529607 0.0064633 0.999965 0.40179 0 0 0 1 
5494384560187;0.496451;0.073864;0.954148 0.270175 -0.12887 0.954791 -0.216704 0.920458 0.325264 0.289602 0.206497 -0.282423 0.936801 -0.799081 0 0 0 1 
5494384560188;0.447898;0.0715546;0.934874 -0.345128 0.083052 -0.25798 0.318524 0.918857 0.232903 -1.74437 -0.156694 -0.191281 0.968947 0.49916 0 0 0 1 
5494384560189;0.616026;0.0646037;0.950903 -0.214104 -0.223479 0.62121 0.217757 0.975966 -0.00846863 -0.378603 0.219921 -0.0406113 0.974672 -0.502317 0 0 0 1 
5494384560190;0.219844;0.0658904;0.981498 -0.165318 -0.0966016 0.046197 0.172166 0.982758 0.0674204 -0.766463 0.0837902 -0.0828045 0.993037 -0.31804 0 0 0 1 
5494384560191;0.269957;0.0770708;0.977812 0.20744 0.0292019 0.326004 -0.208472 0.977276 0.0383454 0.747557 -0.0205839 -0.0435823 0.998838 0.110385 0 0 0 1 
5494384560192;0.563983;0.0693368;0.993996 0.104245 -0.0332525 -0.0871389 -0.0821227 0.911565 0.402871 -0.0418089 0.072309 -0.397721 0.914653 0.148131 0 0 0 1 
5494384560193;0.714742;0.0587476;0.978627 -0.194591 -0.0665037 0.502716 0.16277 0.930621 -0.327796 -0.510674 0.125676 0.309966 0.942405 -0.789692 0 0 0 1 
5494384560194;0.621903;0.059759;0.986016 -0.164605 -0.0260397 -0.100618 0.164471 0.986356 -0.00720579 -0.774296 0.0268705 0.00282225 0.999635 0.636195 0 0 0 1 
5494384560195;0.355585;0.0625112;0.954995 -0.285428 0.0807247 -0.272495 0.28152 0.957892 0.0564698 -1.25572 -0.0934436 -0.0312027 0.995136 0.622849 0 0 0 1 
5494384560196;0.150749;0.0660886;0.99794 0.0628053 0.0130765 0.0124965 -0.0632894 0.997167 0.0406611 0.0962924 -0.0104858 -0.041405 0.999087 0.234904 0 0 0 1 
5494384560197;0.514288;0.0865021;0.891873 -0.428314 -0.145291 0.731776 0.44436 0.889678 0.104965 -1.90084 0.0843044 -0.158177 0.983805 0.0296336 0 0 0 1 
5494384560198;0.530599;0.0602551;0.994773 0.00925948 0.101689 -0.419951 0.0346808 0.906041 -0.421766 0.330627 -0.0960399 0.423088 0.900984 0.488854 0 0 0 1 
5494384560199;0.148187;0.0781761;0.994119 0.108289 -3.36588e-05 0.131329 -0.108175 0.993054 -0.0462901 0.501033 -0.00497931 0.0460215 0.998928 0.134653 0 0 0 1 
5494384560200;0.674054;0.0669074;0.997752 -0.062657 0.0237743 -0.659364 0.061507 0.997029 0.0463583 -0.679293 -0.0266084 -0.0447917 0.998642 -0.213146 0 0 0 1 
5494384560201;0.851959;0.0482792;0.958071 -0.185949 0.217997 -0.210696 0.119874 0.951154 0.284492 -0.982432 -0.26025 -0.246432 0.933564 0.221687 0 0 0 1 
5494384560202;0.0584502;0.084139;0.999662 -0.0158496 -0.0205864 0.0301396 0.0163101 0.999616 0.0223972 -0.0996355 0.0202235 -0.0227254 0.999537 -0.0355678 0 0 0 1 
5494384560203;0.443983;0.0745627;0.994404 -0.0467473 0.0947392 -0.225705 0.0830672 0.900061 -0.427774 0.592558 -0.0652737 0.43325 0.898907 0.453193 0 0 0 1 
5494384560204;0.212563;0.0746299;0.99942 0.0285 0.0186391 0.0029703 -0.0286616 0.999553 0.00845653 0.0673556 -0.0183898 -0.00898586 0.999791 -0.0933012 0 0 0 1 
5494384560205;0.664348;0.0705132;0.87419 -0.29001 0.389468 -0.188419 0.227739 0.953246 0.198638 -1.07138 -0.428866 -0.0849503 0.899365 2.58563 0 0 0 1 
5494384560206;0.578856;0.0663214;0.995497 -0.0898125 0.0303176 -0.0390974 0.090004 0.995929 -0.00501002 -0.263409 -0.0297442 0.00771617 0.999528 0.858791 0 0 0 1 
5494384560207;0.371227;0.0732826;0.980655 -0.0418595 0.191218 -0.490502 -0.0187161 0.952341 0.304462 -0.57459 -0.194849 -0.302151 0.933134 0.972408 0 0 0 1 
5494384560208;0.803964;0.0556347;0.996089 0.0393892 0.0790863 -0.0565595 -0.0426086 0.998313 0.0394406 0.24021 -0.0773994 -0.0426561 0.996087 1.29018 0 0 0 1 
5494384560209;0.402561;0.0673598;0.894331 -0.412419 -0.173445 0.486309 0.382414 0.905863 -0.18213 -1.29112 0.232231 0.0965568 0.967856 -0.721374 0 0 0 1 
5494384560210;0.831689;0.0745542;0.983834 0.152531 0.0938312 -0.191604 -0.12532 0.960697 -0.247703 1.63886 -0.127926 0.231939 0.964282 0.201628 0 0 0 1 
5494384560211;0.793568;0.0579228;0.994657 -0.0433282 -0.0937073 0.970341 0.043106 0.999061 -0.0043951 0.128636 0.0938098 0.00033227 0.99559 -0.63597 0 0 0 1 
5494384560212;0.459124;0.0586008;0.999941 -0.00980359 0.0047115 0.276858 0.00969677 0.999707 0.0221835 0.062281 -0.0049276 -0.0221365 0.999743 0.503118 0 0 0 1 
5494384560213;0.436091;0.0914434;0.939239 -0.0785029 -0.334168 0.86032 0.00390871 0.975881 -0.218268 0.428772 0.343243 0.2037 0.916892 -0.794035 0 0 0 1 
5494384560214;0.701608;0.071494;0.999911 -0.0115174 0.00677261 0.0197085 0.0114076 0.999806 0.0160301 0.650374 -0.00695592 -0.0159514 0.999849 -0.235537 0 0 0 1 
5494384560215;0.568246;0.0636883;0.957776 0.0612442 -0.280916 1.2256 0.0231433 0.957457 0.287648 -0.617587 0.286582 -0.282003 0.915612 -0.992465 0 0 0 1 
5494384560217;0.781012;0.128608;0.99101 0.133632 0.00643527 0.708005 -0.132968 0.989118 -0.0629654 0.663452 -0.0147794 0.0615437 0.997995 0.446494 0 0 0 1 
5494384560218;0.673342;0.0996394;0.862235 -0.133347 -0.48864 1.98702 0.166258 0.985781 0.0243573 -1.09403 0.478444 -0.102242 0.872145 -1.94274 0 0 0 1 
5494384560219;0.333437;0.102171;0.928818 -0.356537 -0.100888 0.503144 0.356055 0.934173 -0.023365 -1.96793 0.102577 -0.0142199 0.994623 -0.508826 0 0 0 1 
5494384560220;0.675306;0.120011;0.950686 -0.175604 -0.255654 0.802479 0.135978 0.976823 -0.165309 -0.359885 0.278758 0.122394 0.95253 -0.800224 0 0 0 1 
5494384560221;0.374554;0.145038;0.912721 0.407281 0.0325917 0.721314 -0.391737 0.894971 -0.213471 2.84798 -0.116111 0.182072 0.976406 0.946074 0 0 0 1 
5494384560222;1.07278;0.12686;0.958566 0.107309 -0.263888 0.323869 -0.150617 0.977185 -0.149744 1.97716 0.241798 0.183286 0.952859 -0.890823 0 0 0 1 
5494384560223;0.406435;0.105106;0.931327 0.364178 0.00188709 0.469743 -0.363207 0.929197 -0.0683628 2.17667 -0.0266497 0.0629828 0.997659 0.428604 0 0 0 1 
5494384560224;0.20751;0.181212;0.989775 -0.0213811 0.141025 -0.269798 0.0160671 0.999121 0.0387134 -0.15661 -0.141729 -0.0360517 0.989249 0.871818 0 0 0 1 
5494384560225;0.828158;0.107551;0.993648 0.0188199 -0.110944 0.234547 -0.0112583 0.997595 0.0683933 0.0838167 0.111964 -0.0667098 0.991471 0.177381 0 0 0 1 
5494384560226;0.429538;0.13659;0.8716 0.0907644 -0.481742 1.92815 0.0134508 0.977912 0.208583 -0.240651 0.490033 -0.188281 0.851127 -2.68836 0 0 0 1 
5494384560227;0.623994;0.150925;0.946458 -0.304911 0.106053 -0.215805 0.282166 0.94094 0.187121 -1.65409 -0.156845 -0.147177 0.976595 0.69721 0 0 0 1 
5494384560228;0.349478;0.108345;0.96993 -0.162063 -0.181579 0.530844 0.199397 0.956926 0.21103 -1.37944 0.139557 -0.240891 0.960466 -0.801133 0 0 0 1 
5494384560229;0.390705;0.10434;0.995772 0.0747813 -0.0533443 0.0917682 -0.0760506 0.996857 -0.0221713 0.794865 0.0515187 0.0261344 0.99833 0.0230725 0 0 0 1 
5494384560230;0.944473;0.125473;0.989279 0.0738842 0.125969 -0.885733 -0.0746504 0.997209 0.00136614 0.602364 -0.125516 -0.0107551 0.992033 0.238081 0 0 0 1 
5494384560231;0.749473;0.137904;0.929171 -0.235356 0.285042 -0.715214 0.210261 0.970725 0.116116 -1.35165 -0.304026 -0.0479584 0.951456 1.4208 0 0 0 1 
5494384560232;0.1939;0.17796;0.997281 -0.0562037 0.0476687 -0.0428149 0.0481468 0.98659 0.155953 -0.585286 -0.0557946 -0.153234 0.986614 0.293132 0 0 0 1 
5494384560233;0.634182;0.158977;0.931506 0.243014 0.270629 -0.138351 -0.311263 0.917543 0.247449 1.32208 -0.18818 -0.314737 0.930338 0.706276 0 0 0 1 
5494384560234;0.39885;0.108905;0.907308 -0.357141 -0.221908 0.993081 0.364369 0.931212 -0.00892234 -2.07766 0.20983 -0.0727609 0.975027 -1.29272 0 0 0 1 
5494384560235;0.0516956;0.125494;0.998245 0.058629 -0.00833284 0.136054 -0.0586788 0.99826 -0.00586757 0.451354 0.00797433 0.00634623 0.999948 -0.0377679 0 0 0 1 
5494384560236;0.391323;0.130329;0.991 -0.128524 -0.0374201 0.195346 0.128646 0.99169 0.000866745 -0.351667 0.0369978 -0.00567289 0.999299 -0.207604 0 0 0 1 
5494384560237;1.02921;0.081932;0.99866 0.0229995 0.046369 0.49631 -0.015845 0.988689 -0.149142 0.84213 -0.0492747 0.148207 0.987728 1.09603 0 0 0 1 
5494384560238;0.757061;0.124875;0.959405 0.265944 -0.0938912 0.792311 -0.263951 0.963962 0.033271 1.93116 0.0993558 -0.00713773 0.995026 -1.04845 0 0 0 1 
5494384560239;0.288361;0.168209;0.916057 0.307108 0.257924 0.0993133 -0.297625 0.951648 -0.0760567 1.97159 -0.268811 -0.00709259 0.963167 1.75793 0 0 0 1 
5494384560240;0.0978136;0.108708;0.983802 0.10366 -0.146248 0.564236 -0.0964876 0.993795 0.0553315 0.477835 0.151076 -0.0403242 0.987699 -0.842952 0 0 0 1 
5494384560241;0.673589;0.113446;0.93046 0.340424 -0.135481 0.77873 -0.361258 0.914086 -0.184228 3.09027 0.0611259 0.220361 0.973501 -0.0573352 0 0 0 1 
5494384560242;1.04802;0.116987;0.981788 0.11016 0.154781 -0.477916 -0.0826687 0.981267 -0.174012 1.50198 -0.17105 0.158048 0.972503 1.9186 0 0 0 1 
5494384560243;0.111566;0.103073;0.999327 -0.0146801 -0.0336099 0.09549 0.0140573 0.999726 -0.0186927 0.0847293 0.0338751 0.0182077 0.99926 -0.208856 0 0 0 1 
5494384560244;1.00468;0.202934;0.990812 -0.134966 0.00875944 0.461624 0.133838 0.987745 0.0802956 -0.814644 -0.0194893 -0.0783855 0.996733 -0.735098 0 0 0 1 
5494384560245;0.648612;0.129305;0.996816 -0.069788 0.0385726 -0.0699645 0.0708371 0.997135 -0.0265346 0.0409145 -0.0366103 0.0291825 0.998903 0.755314 0 0 0 1 
5494384560246;0.310363;0.123458;0.998935 0.0151764 0.0435656 0.0827443 -0.020885 0.990798 0.133731 -0.0550261 -0.0411351 -0.134498 0.99006 0.493212 0 0 0 1 
5494384560248;0.548689;0.0495717;0.964076 -0.26508 0.0170067 0.2376 0.263023 0.961613 0.0782214 -2.89963 -0.0370888 -0.0709382 0.996791 1.1225 0 0 0 1 
5494384560249;0.350307;0.0359562;0.967485 0.223515 0.118379 -0.260166 -0.203914 0.966195 -0.157756 2.77027 -0.149638 0.128488 0.980357 1.2305 0 0 0 1 
5494384560250;0.482059;0.0525625;0.992525 0.0366696 0.116402 0.340226 -0.0284527 0.997036 -0.0714836 -0.0889007 -0.118679 0.0676373 0.990626 1.20231 0 0 0 1 
5494384560251;0.346948;0.060955;0.952211 0.223124 0.208592 -0.389838 -0.242834 0.96725 0.0738886 2.08988 -0.185274 -0.121011 0.975208 2.34504 0 0 0 1 
5494384560252;0.590914;0.0457111;0.914918 -0.243566 -0.32187 2.00583 0.190892 0.963704 -0.186643 -2.10588 0.355647 0.109321 0.928205 -3.50812 0 0 0 1 
5494384560253;0.449485;0.0469776;0.928742 -0.00914631 -0.370615 1.74263 -0.0334004 0.993566 -0.10822 1.04199 0.36922 0.112887 0.92246 -3.61717 0 0 0 1 
5494384560254;0.682288;0.0709024;0.946867 -0.319808 0.0341339 1.32974 0.311073 0.937593 0.155411 -3.78275 -0.0817052 -0.136535 0.98726 1.76225 0 0 0 1 
5494384560255;0.468787;0.0630183;0.998517 -0.0186392 0.0511457 -0.467739 0.0248171 0.992103 -0.122949 0.128362 -0.0484501 0.124036 0.991094 -0.344438 0 0 0 1 
5494384560256;0.445109;0.0389285;0.922634 0.34555 0.171296 -0.438717 -0.36574 0.924859 0.104261 3.27914 -0.122398 -0.158844 0.979687 0.972765 0 0 0 1 
5494384560257;0.358958;0.0649168;0.975116 -0.102527 0.196565 -0.465192 0.0732335 0.985831 0.15091 -1.20051 -0.209252 -0.13276 0.968808 2.6157 0 0 0 1 
5494384560258;0.299214;0.0604643;0.943775 -0.31181 0.10983 0.589004 0.32733 0.927925 -0.178354 -2.59652 -0.0463015 0.204277 0.977817 0.122031 0 0 0 1 
5494384560259;0.232186;0.0668502;0.988449 -0.151214 -0.010127 0.352726 0.151464 0.983375 0.10016 -1.93962 -0.00518694 -0.100537 0.99492 -0.0686421 0 0 0 1 
5494384560260;0.561418;0.037351;0.961331 0.258026 0.0962558 -0.415364 -0.26511 0.96169 0.0697847 2.36331 -0.0745619 -0.0926046 0.992907 1.65917 0 0 0 1 
5494384560261;0.428236;0.0523279;0.87553 0.245421 0.416191 -0.367735 -0.216659 0.969351 -0.11583 2.4032 -0.431863 0.0112412 0.901869 4.52219 0 0 0 1 
5494384560262;0.264025;0.0609589;0.995192 -0.0445194 0.0872457 0.145415 0.0581789 0.985258 -0.160879 -0.135096 -0.0787973 0.165181 0.98311 0.275136 0 0 0 1 
