#;prob_registration_l1 -r /home/probabilistic_point_clouds_registration/build/tester /home/point_clouds_registration_benchmark//devel/registration_pairs/urban05_local.txt /home/point_clouds_registration_benchmark//kaist/urban05 -s 0.2 -t 0.2 -p 0.3 -r 1000 -m 25 -i 40 
id;initial_error;final_error;transformation
34562489690000;0.13992;0.293192;1 8.41082e-06 0.000151201 -68.8327 -8.4099e-06 1 -6.09392e-06 7.54236 -0.000151201 6.09265e-06 1 56.5615 0 0 0 1 
34562489690001;0.182436;0.237727;1 -7.97218e-08 4.74474e-07 -0.66908 7.97218e-08 1 3.85809e-08 0.435773 -4.74474e-07 -3.85809e-08 1 -0.288131 0 0 0 1 
34562489690002;0.400034;0.614222;0.999596 2.8051e-05 -0.028433 60.8692 4.24362e-05 0.999997 0.00247846 -7.37117 0.028433 -0.00247866 0.999593 -28.9542 0 0 0 1 
34562489690003;0.381518;0.793002;0.986806 0.00251118 -0.161886 -10915.4 -0.000297793 0.999906 0.0136953 957.26 0.161905 -0.0134664 0.986714 -5375.96 0 0 0 1 
34562489690004;0.467995;0.698231;1 -1.16694e-07 5.63998e-07 -0.886089 1.16694e-07 1 5.36253e-08 1.87067 -5.63998e-07 -5.36252e-08 1 -0.383554 0 0 0 1 
34562489690005;0.423309;0.669774;1 -1.51043e-07 8.38199e-07 -1.17608 1.51043e-07 1 7.52403e-08 1.99953 -8.38199e-07 -7.52402e-08 1 -0.55703 0 0 0 1 
34562489690006;0.190415;0.36296;0.997355 -0.000307154 0.0726836 4317.32 0.000799328 0.999977 -0.00674247 -377.499 -0.0726799 0.00678273 0.997332 -3520.48 0 0 0 1 
34562489690007;0.167146;0.31264;0.99975 5.22119e-05 0.0223693 -247.366 -1.51915e-05 0.999999 -0.00165513 23.435 -0.0223693 0.00165438 0.999748 2401.4 0 0 0 1 
34562489690008;0.102809;0.105515;1 -1.68768e-08 9.30906e-08 -0.10969 1.68768e-08 1 6.66675e-09 -0.187015 -9.30906e-08 -6.66675e-09 1 -0.0458766 0 0 0 1 
34562489690009;0.0509686;0.161307;1 -5.38882e-06 1.79262e-05 42.9644 5.38887e-06 1 -2.35025e-06 -5.10519 -1.79262e-05 2.35035e-06 1 -6.30288 0 0 0 1 
34562489690010;0.0869115;0.360999;0.999955 0.000294446 -0.00952495 -2336.73 -0.000285319 0.999999 0.00095958 207.196 0.00952523 -0.000956818 0.999954 1007.38 0 0 0 1 
34562489690011;0.0782188;0.247934;0.999444 0.00042184 -0.0333337 -2999.89 -0.000321124 0.999995 0.00302675 264.097 0.0333348 -0.00301436 0.99944 837.668 0 0 0 1 
34562489690012;0.0495854;0.065654;0.999977 2.168e-06 0.00678612 -2.54001 1.84904e-06 1 -0.000591943 0.154156 -0.00678612 0.000591942 0.999977 3.78918 0 0 0 1 
34562489690013;0.0622498;0.857916;1 2.51354e-05 0.000700046 -201.675 -2.51012e-05 1 -4.88785e-05 25.331 -0.000700047 4.88609e-05 1 98.8043 0 0 0 1 
34562489690014;0.30978;1.10003;1 -2.11429e-07 -1.84425e-07 -0.985185 2.11429e-07 1 3.44122e-08 7.70182 1.84425e-07 -3.44122e-08 1 -0.0831298 0 0 0 1 
34562489690015;0.264634;0.341904;1 -5.14129e-08 1.74973e-07 -0.462229 5.14129e-08 1 8.16575e-09 -1.08574 -1.74973e-07 -8.16574e-09 1 -0.0547412 0 0 0 1 
34562489690016;0.0384264;0.177187;1 4.48808e-06 0.000527575 -36.3418 -4.46623e-06 1 -4.14258e-05 4.46436 -0.000527575 4.14234e-05 1 37.1301 0 0 0 1 
34562489690017;0.317284;0.417996;1 -1.14479e-07 2.42876e-07 -1.03486 1.14479e-07 1 4.46699e-08 -1.89069 -2.42876e-07 -4.46699e-08 1 -0.340863 0 0 0 1 
34562489690018;0.287954;0.4959;1 5.07014e-07 0.000405709 -4.67941 -4.92966e-07 1 -3.46265e-05 3.45361 -0.000405709 3.46263e-05 1 6.22852 0 0 0 1 
34562489690019;0.362659;0.452473;0.992213 0.000349498 0.124554 2638.21 0.0010391 0.999938 -0.0110834 -232.426 -0.12455 0.0111265 0.992151 -2034.49 0 0 0 1 
34562489690020;0.112961;0.0643993;0.99998 -1.802e-06 -0.006254 28.5298 5.23881e-06 1 0.000549522 -3.17519 0.00625399 -0.000549544 0.99998 27.5693 0 0 0 1 
34562489690021;0.197833;0.324649;1 -1.66017e-08 -4.57284e-07 -0.236126 1.66017e-08 1 -1.91778e-08 -2.11465 4.57284e-07 1.91777e-08 1 0.128052 0 0 0 1 
34562489690022;0.278308;0.561947;0.99942 4.55255e-05 0.0340491 34.9938 5.56493e-05 0.999996 -0.00297048 -5.9712 -0.0340491 0.00297066 0.999416 15.9715 0 0 0 1 
34562489690023;0.193536;0.240435;0.997465 0.00022909 -0.0711599 -53.1999 0.000213745 0.999981 0.00621542 4.56717 0.0711599 -0.00621488 0.997446 19.4972 0 0 0 1 
34562489690024;0.347959;0.365799;0.999982 3.3266e-07 0.00605537 8.61659 2.86264e-06 1 -0.000527672 -2.97585 -0.00605536 0.000527679 0.999982 5.94637 0 0 0 1 
34562489690025;0.302077;0.505125;0.99811 0.000357398 -0.0614451 -1541.11 -1.96895e-05 0.999985 0.00549662 135.923 0.0614462 -0.00548502 0.998095 969.416 0 0 0 1 
34562489690026;0.218188;0.204835;1 -6.37948e-08 3.99249e-07 -0.529824 6.37948e-08 1 2.67086e-08 0.562609 -3.99249e-07 -2.67085e-08 1 -0.188148 0 0 0 1 
34562489690027;0.18191;0.414761;0.993863 0.00051841 -0.110614 154.637 0.000552923 0.999953 0.00965446 -10.6798 0.110613 -0.00965637 0.993817 -4.2142 0 0 0 1 
34562489690028;0.340963;0.417849;1 -6.51361e-08 3.02796e-07 -0.598998 6.51361e-08 1 1.1408e-08 -1.22725 -3.02796e-07 -1.14079e-08 1 -0.0921902 0 0 0 1 
34562489690029;0.238574;0.302512;0.999787 3.59885e-05 0.020641 -143.244 1.3635e-06 0.999998 -0.00180959 10.6641 -0.020641 0.00180923 0.999785 -58.0624 0 0 0 1 
34562489690031;0.530935;0.685131;0.999883 1.42517e-05 -0.0152932 -29.4618 6.11152e-06 0.999999 0.00133148 2.92638 0.0152932 -0.00133141 0.999882 -28.9282 0 0 0 1 
34562489690032;0.306555;0.618916;0.991093 0.000780644 0.133171 -42.3847 0.000773655 0.999932 -0.0116193 2.91942 -0.133171 0.0116189 0.991025 55.7149 0 0 0 1 
34562489690033;0.46032;0.647957;0.99969 2.66125e-05 -0.0248908 7.23644 2.74341e-05 0.999998 0.002171 0.174684 0.0248908 -0.00217101 0.999688 -15.749 0 0 0 1 
34562489690034;0.385219;1.56198;0.998992 9.98039e-05 -0.0448838 -85.1565 7.5549e-05 0.999992 0.0039051 10.4672 0.0448839 -0.00390456 0.998985 -111.205 0 0 0 1 
34562489690035;0.341621;0.457556;0.985482 0.00127093 0.169776 -51.4353 0.00126321 0.999889 -0.0148175 3.76809 -0.169776 0.0148168 0.985371 38.0648 0 0 0 1 
34562489690036;0.158469;0.249642;0.993426 0.000579321 -0.114474 -26.8692 0.000568006 0.99995 0.00998972 1.90158 0.114474 -0.00998907 0.993376 -34.2415 0 0 0 1 
34562489690037;0.364175;0.437107;0.999969 9.5971e-08 -0.00782772 22.539 5.29322e-06 1 0.000688455 -2.81137 0.00782772 -0.000688475 0.999969 40.1027 0 0 0 1 
34562489690038;0.437441;1.42033;0.993418 0.000585075 0.114543 -97.4098 0.000563735 0.99995 -0.00999684 11.5538 -0.114543 0.00999561 0.993368 32.5539 0 0 0 1 
34562489690039;0.392147;0.395442;0.999991 1.59465e-06 0.00413675 -7.00442 -1.01564e-07 1 -0.000360933 0.311025 -0.00413675 0.00036093 0.999991 1.57226 0 0 0 1 
34562489690040;0.283513;0.538596;0.998988 8.87431e-05 -0.0449775 4.25489 8.7531e-05 0.999992 0.00391718 -1.04392 0.0449775 -0.00391715 0.99898 -75.9051 0 0 0 1 
34562489690041;0.287266;0.812125;0.994011 0.000539348 -0.109278 -116.071 0.000506191 0.999954 0.00953973 11.9012 0.109278 -0.00953792 0.993965 -15.4043 0 0 0 1 
34562489690042;0.329992;1.2254;0.993318 0.000599936 0.115406 -147.128 0.000566848 0.999949 -0.0100772 14.6276 -0.115406 0.0100753 0.993267 -2.42892 0 0 0 1 
34562489690043;0.516204;1.0097;0.999445 5.72258e-05 -0.0333203 -64.2604 3.95539e-05 0.999996 0.00290386 6.68495 0.0333203 -0.00290357 0.999441 -42.1161 0 0 0 1 
34562489690044;0.236329;0.176378;0.999659 3.14248e-05 -0.0261105 -9.44575 2.80849e-05 0.999997 0.00227878 0.690212 0.0261105 -0.00227873 0.999656 -5.90576 0 0 0 1 
34562489690045;0.316589;0.457381;0.99975 -1.61261e-05 -0.0223677 308.915 6.19734e-05 0.999998 0.00204902 -27.8134 0.0223676 -0.00204989 0.999748 781.951 0 0 0 1 
34562489690046;0.376135;0.364533;0.999139 -9.04437e-06 -0.0414806 683.596 0.000168985 0.999993 0.00385229 -59.4263 0.0414803 -0.00385598 0.999132 1888.57 0 0 0 1 
34562489690047;0.485231;0.417278;0.997867 0.000185188 -0.0652844 18.2012 0.000186867 0.999984 0.00569285 -0.992089 0.0652844 -0.0056929 0.99785 -51.8334 0 0 0 1 
34562489690048;0.199981;0.10766;0.999976 2.47677e-06 -0.00690707 -1.74813 1.67645e-06 1 0.000601294 0.471714 0.00690707 -0.000601291 0.999976 -13.4878 0 0 0 1 
34562489690049;0.208318;0.211936;1 2.61514e-10 -1.13432e-07 0.00596516 -2.61514e-10 1 2.62523e-09 -0.00910086 1.13432e-07 -2.62523e-09 1 -0.0265702 0 0 0 1 
34562489690050;0.378047;0.752852;0.973535 0.00232724 -0.228527 -101.755 0.00229278 0.999798 0.0199489 8.85377 0.228528 -0.0199449 0.973333 -39.9013 0 0 0 1 
34562489690051;0.381473;0.714271;0.999763 2.67142e-05 0.0217488 -50.4225 1.44939e-05 0.999998 -0.00189457 4.90008 -0.0217488 0.00189444 0.999762 33.711 0 0 0 1 
34562489690052;0.123011;0.745838;0.999127 8.82423e-05 -0.041787 -88.3736 6.40759e-05 0.999993 0.00364376 8.26893 0.041787 -0.00364326 0.99912 -37.9168 0 0 0 1 
34562489690053;0.447449;1.81709;0.999973 2.41131e-05 -0.00741165 -170.398 -1.93257e-05 1 0.000645999 19.3873 0.00741167 -0.000645838 0.999972 -9.75191 0 0 0 1 
34562489690054;0.341689;0.825285;0.998161 0.000174652 -0.0606237 -102.718 0.000146415 0.999986 0.00529159 8.64848 0.0606238 -0.00529073 0.998147 -13.5569 0 0 0 1 
34562489690055;0.435439;0.904029;0.999646 3.85417e-05 -0.026612 -55.6919 2.307e-05 0.999997 0.00231488 4.80408 0.026612 -0.00231467 0.999643 -68.1516 0 0 0 1 
34562489690056;0.453077;0.524715;0.919307 0.00703423 -0.393477 138.469 0.00703358 0.999387 0.0342991 -10.5986 0.393477 -0.034299 0.918694 -401.052 0 0 0 1 
34562489690057;0.243925;0.552579;0.99964 3.00431e-05 0.0268149 8.05018 3.28834e-05 0.999997 -0.00234626 -2.61537 -0.0268148 0.0023463 0.999638 -43.1288 0 0 0 1 
34562489690058;0.299623;0.60904;0.986907 0.0011529 0.161288 -100.557 0.00113147 0.9999 -0.0140707 9.30673 -0.161288 0.014069 0.986807 92.76 0 0 0 1 
34562489690059;0.121954;0.210727;0.999919 5.28224e-06 -0.0127412 16.6677 8.86415e-06 0.999999 0.00111023 -1.76882 0.0127412 -0.00111025 0.999918 -17.038 0 0 0 1 
34562489690060;0.336224;0.864653;0.998785 0.00011549 0.0492764 -80.3178 9.66869e-05 0.999991 -0.00430345 7.67741 -0.0492764 0.00430298 0.998776 -9.16057 0 0 0 1 
34562489690062;0.450678;0.527583;0.987948 0.00104971 0.154782 -0.26192 0.00105479 0.999908 -0.0135137 -1.92767 -0.154782 0.0135141 0.987856 11.6745 0 0 0 1 
34562489690063;0.504888;0.922745;0.99564 0.000148288 0.0932786 1856.97 0.000536024 0.999973 -0.00731111 -161.333 -0.0932772 0.00732923 0.995613 6563.69 0 0 0 1 
34562489690064;0.452148;0.435771;1 -1.14398e-08 8.95314e-08 -0.109412 1.14398e-08 1 6.36283e-09 -0.209974 -8.95314e-08 -6.36283e-09 1 -0.0638717 0 0 0 1 
34562489690065;0.324911;0.528769;0.999768 2.02754e-05 -0.0215338 2.58653 2.02111e-05 0.999998 0.00187992 -1.21502 0.0215338 -0.00187992 0.999766 -2.66176 0 0 0 1 
34562489690066;0.34336;0.510166;0.996243 0.000329105 0.0866044 -19.9216 0.000326618 0.999971 -0.00755719 1.01991 -0.0866044 0.00755709 0.996214 41.4163 0 0 0 1 
34562489690067;0.18061;0.560075;0.999956 -3.28904e-05 0.00938871 294.27 4.0887e-05 1 -0.00085154 -27.048 -0.00938867 0.000851886 0.999956 -257.844 0 0 0 1 
34562489690068;0.143206;3.24737;0.999941 3.32733e-05 0.0108833 -225.643 -2.24636e-05 1 -0.00099336 11.1228 -0.0108833 0.000993056 0.99994 -343.818 0 0 0 1 
34562489690069;0.265071;0.17583;0.999959 5.25212e-06 0.00905253 -14.697 1.87022e-06 1 -0.000786771 0.610644 -0.00905253 0.000786755 0.999959 29.0327 0 0 0 1 
34562489690070;0.337998;0.403156;1 1.19478e-08 -8.72329e-08 0.0710449 -1.19478e-08 1 2.45413e-08 -0.367375 8.72329e-08 -2.45413e-08 1 -0.200357 0 0 0 1 
34562489690071;0.291767;0.18274;1 -8.98771e-08 0.000648768 1.15851 1.26371e-07 1 -5.6251e-05 -0.709462 -0.000648768 5.62511e-05 1 3.90569 0 0 0 1 
34562489690072;0.432542;0.344007;0.968653 0.00274022 0.248402 -58.7276 0.0027331 0.999761 -0.0216866 4.60754 -0.248402 0.0216857 0.968414 40.7414 0 0 0 1 
34562489690073;0.333627;0.51246;0.996642 0.000298465 -0.0818836 -30.0828 0.000287755 0.999974 0.00714729 1.7457 0.0818837 -0.00714685 0.996616 -25.5374 0 0 0 1 
34562489690074;0.333091;2.93004;0.95689 0.00385011 0.290425 -728.778 0.00374914 0.999665 -0.0256051 56.0318 -0.290426 0.0255901 0.956555 -1847.62 0 0 0 1 
34562489690075;0.300984;0.720075;0.970055 0.00259303 -0.242871 208.672 0.00262506 0.999773 0.021159 -20.4261 0.24287 -0.0211629 0.969828 -352.346 0 0 0 1 
34562489690076;0.255405;0.545769;0.999373 -2.19042e-05 0.0353927 611.339 0.000146857 0.999994 -0.00352787 -53.4075 -0.0353924 0.00353086 0.999367 -3543.01 0 0 0 1 
34562489690077;0.37018;0.176941;0.89864 0.00840727 -0.438607 3629.2 0.00925453 0.999231 0.0381145 -316.685 0.43859 -0.0383103 0.89787 119.424 0 0 0 1 
34562489690078;0.123389;0.38899;0.995859 0.000297303 -0.0909162 530.296 0.000415173 0.999969 0.00781761 -47.3903 0.0909157 -0.00782298 0.995828 -930.306 0 0 0 1 
34562489690079;0.437756;1.63446;0.997846 0.000204015 -0.065605 -116.241 0.000172325 0.999984 0.00573073 6.9892 0.0656051 -0.00572969 0.997829 9.11077 0 0 0 1 
34562489690080;0.248888;0.348727;0.999914 8.15008e-06 -0.0130946 -3.39798 6.81805e-06 0.999999 0.00114303 -0.134974 0.0130946 -0.00114303 0.999914 -2.63853 0 0 0 1 
34562489690081;0.238106;0.564429;0.999833 1.0587e-05 0.0182668 29.0196 1.84846e-05 0.999999 -0.00159133 -3.87622 -0.0182668 0.0015914 0.999832 29.0366 0 0 0 1 
34562489690082;0.176775;0.586677;0.976056 0.0022021 0.21751 -926.049 0.00204965 0.999811 -0.0193199 79.6974 -0.217511 0.0193031 0.975867 -2492.56 0 0 0 1 
34562489690083;0.334152;0.361922;0.999996 1.80486e-05 0.00296349 -142.601 -1.72729e-05 1 -0.000261757 11.1222 -0.0029635 0.000261705 0.999996 -22.8825 0 0 0 1 
34562489690084;0.376441;0.214804;0.998614 0.000125594 -0.0526327 -28.9335 0.000116384 0.999989 0.0045944 2.89156 0.0526327 -0.00459416 0.998603 -13.2645 0 0 0 1 
34562489690085;0.162081;0.289879;1 -1.73187e-08 -3.21435e-05 0.278186 1.7406e-08 1 2.71493e-06 -0.41938 3.21435e-05 -2.71493e-06 1 -0.929986 0 0 0 1 
34562489690086;0.435379;0.319342;0.999999 -8.95408e-08 0.00142289 1.10512 2.66341e-07 1 -0.000124254 -0.240216 -0.00142289 0.000124254 0.999999 0.546637 0 0 0 1 
34562489690087;0.326485;0.41087;0.999893 1.11447e-05 0.0146406 -16.2548 7.56956e-06 0.999999 -0.00127819 0.399483 -0.0146406 0.00127816 0.999892 1.80123 0 0 0 1 
34562489690088;0.343468;0.375686;0.99948 4.56352e-05 -0.0322581 3.23834 4.5164e-05 0.999996 0.00281404 -0.910596 0.0322581 -0.00281403 0.999476 -21.6831 0 0 0 1 
34562489690089;0.181879;0.562634;0.994996 0.00049712 -0.0999169 -469.812 0.000407461 0.999959 0.00903272 39.8155 0.0999173 -0.00902823 0.994955 2443.16 0 0 0 1 
34562489690090;0.274172;0.856945;0.977709 0.00195351 -0.209957 -27.5605 0.00193876 0.99983 0.018331 0.483494 0.209957 -0.0183295 0.977539 -27.0827 0 0 0 1 
34562489690091;0.516972;2.51915;0.999918 3.18219e-05 -0.0128137 -193.444 -1.75504e-05 0.999999 0.00111388 10.6136 0.0128137 -0.00111356 0.999917 -43.6673 0 0 0 1 
34562489690093;0.4248;0.689695;1 3.14627e-06 0.000323809 -26.4182 -3.14415e-06 1 -6.56453e-06 6.03174 -0.000323809 6.56351e-06 1 176.275 0 0 0 1 
34562489690094;0.0934313;0.12202;0.999034 0.00083375 0.0439293 -6036.06 -0.000668541 0.999993 -0.00377535 530.293 -0.0439322 0.00374234 0.999028 750.268 0 0 0 1 
34562489690095;0.144672;0.20396;0.999968 0.000197033 0.00804571 -1563.98 -0.000191955 1 -0.00063194 138.019 -0.00804583 0.000630376 0.999967 580.562 0 0 0 1 
34562489690096;0.228702;0.354676;0.999635 2.57834e-05 -0.027014 50.9257 3.7946e-05 0.999997 0.00235861 -4.49083 0.027014 -0.00235877 0.999632 0.466528 0 0 0 1 
34562489690097;0.121961;0.159528;0.999313 -0.000298646 0.037055 2878.27 0.0004266 0.999994 -0.00344521 -251.014 -0.0370537 0.00345865 0.999307 -1798.3 0 0 0 1 
34562489690098;0.286027;0.354844;0.999148 -0.000326078 0.0412592 3214.88 0.000487769 0.999992 -0.00390892 -278.411 -0.0412576 0.00392572 0.999141 -2602.59 0 0 0 1 
34562489690099;0.0245713;0.062182;0.999868 -6.59583e-05 0.0162691 620.985 8.89754e-05 0.999999 -0.00141405 -54.5246 -0.0162689 0.00141531 0.999867 40.9082 0 0 0 1 
34562489690100;0.214406;0.332774;0.996615 0.000642237 -0.0822098 -2777.3 -8.08828e-05 0.999977 0.00683147 246.181 0.0822122 -0.00680169 0.996592 -3027.64 0 0 0 1 
34562489690101;0.290539;0.33174;1 -4.23681e-07 0.000205837 2.72758 4.27343e-07 1 -1.77887e-05 -0.237182 -0.000205837 1.77887e-05 1 1.4134 0 0 0 1 
34562489690102;0.160438;0.212213;0.99234 0.00125857 -0.123533 -4727.43 -0.000106431 0.999956 0.00933271 422.545 0.123539 -0.00924807 0.992297 -12374.5 0 0 0 1 
34562489690103;0.385248;0.419182;1 -1.80892e-08 1.05401e-07 -0.17975 1.80892e-08 1 -2.44357e-08 -0.576779 -1.05401e-07 2.44357e-08 1 0.136216 0 0 0 1 
34562489690104;0.150227;0.23337;0.999697 1.95363e-05 0.0246127 50.9575 3.33491e-05 0.999998 -0.00214829 -5.48928 -0.0246126 0.00214846 0.999695 3.14 0 0 0 1 
34562489690105;0.212702;0.245507;0.999846 1.10643e-05 0.0175319 15.4281 1.57458e-05 0.999999 -0.00152908 -2.33402 -0.0175319 0.00152912 0.999845 11.5015 0 0 0 1 
34562489690106;0.369761;0.400145;1 -8.13968e-08 8.77293e-06 0.225819 8.14026e-08 1 -6.68884e-07 0.541101 -8.77293e-06 6.68885e-07 1 0.881564 0 0 0 1 
34562489690107;0.232667;0.203665;1 6.8027e-08 1.43719e-06 -1.22644 -6.8027e-08 1 4.13546e-08 0.653677 -1.43719e-06 -4.13547e-08 1 0.840679 0 0 0 1 
34562489690108;0.240619;0.246698;1 -7.80305e-09 -4.93565e-08 -0.0255719 7.80305e-09 1 1.19203e-08 0.135332 4.93565e-08 -1.19203e-08 1 -0.0702031 0 0 0 1 
34562489690109;0.185949;0.210755;1 -1.0744e-07 -9.44262e-06 0.474598 1.07448e-07 1 7.6728e-07 -0.0842874 9.44262e-06 -7.67281e-07 1 -0.403318 0 0 0 1 
34562489690110;0.265953;0.277399;0.994185 -0.000222902 -0.107682 5893.01 0.00126873 0.999953 0.00964379 -511.761 0.107675 -0.00972433 0.994139 2601.66 0 0 0 1 
34562489690111;0.165425;0.345588;0.999461 0.000146246 0.0328348 -803.11 -5.34055e-05 0.999996 -0.00282836 73.0496 -0.0328351 0.00282508 0.999457 335.426 0 0 0 1 
34562489690112;0.350609;0.320558;0.966315 0.00455623 0.257321 -13033.4 0.00148433 0.999728 -0.0232756 1151.57 -0.257357 0.0228736 0.966046 -3245.58 0 0 0 1 
34562489690113;0.399049;0.436158;0.999997 -6.86835e-07 0.00230299 6.63489 1.14899e-06 1 -0.000200675 -0.279639 -0.00230299 0.000200677 0.999997 3.0885 0 0 0 1 
34562489690114;0.0997142;0.204783;1 5.94246e-06 0.000174861 -47.7906 -5.94065e-06 1 -1.0358e-05 5.61051 -0.000174861 1.03569e-05 1 39.1794 0 0 0 1 
34562489690115;0.280795;0.331229;1 -3.33644e-06 -0.000111673 26.1558 3.33716e-06 1 6.47892e-06 -2.599 0.000111673 -6.47929e-06 1 -26.4826 0 0 0 1 
34562489690116;0.37279;0.413002;0.999972 1.2941e-06 -0.00746679 9.55976 3.56642e-06 1 0.000650938 -0.943999 0.00746679 -0.000650946 0.999972 -8.63548 0 0 0 1 
34562489690117;0.26675;1.14839;1 -1.14717e-07 -1.65495e-07 -0.152544 1.14717e-07 1 6.67195e-08 9.80339 1.65495e-07 -6.67195e-08 1 -0.0617905 0 0 0 1 
34562489690118;0.0989808;0.165297;0.998125 -0.00176048 -0.0611822 15489.4 0.00204125 0.999988 0.00452691 -1336.14 0.0611734 -0.00464331 0.998116 -5613.32 0 0 0 1 
34562489690119;0.386067;0.536727;0.979222 0.00179595 -0.202782 172.768 0.00183137 0.999842 0.0176987 -15.5906 0.202782 -0.0177023 0.979064 -16.0104 0 0 0 1 
34562489690120;0.309421;0.398278;0.999979 2.98136e-06 0.0064647 -10.0619 6.5442e-07 1 -0.000562403 2.40782 -0.0064647 0.000562396 0.999979 16.5327 0 0 0 1 
34562489690121;0.382301;0.423201;1 -3.86343e-08 2.11267e-08 -0.251092 3.86343e-08 1 -6.63897e-10 0.41541 -2.11267e-08 6.63898e-10 1 0.0588047 0 0 0 1 
34562489690122;0.179762;0.282213;0.997883 0.000182166 0.0650326 11.4679 0.000187772 0.999984 -0.00568235 -2.39155 -0.0650326 0.00568253 0.997867 -36.3452 0 0 0 1 
34562489690124;0.346704;0.449388;0.999998 -1.00871e-06 -0.00198502 8.92041 1.35258e-06 1 0.000173234 -0.468867 0.00198502 -0.000173236 0.999998 -1.14066 0 0 0 1 
34562489690125;0.12865;0.298747;0.99952 4.91565e-05 -0.0309719 -53.6753 3.45541e-05 0.999996 0.00270225 6.38512 0.0309719 -0.00270202 0.999517 -16.8392 0 0 0 1 
34562489690126;0.441684;0.709967;0.998921 9.82745e-05 0.0464346 -39.3974 8.98079e-05 0.999992 -0.00404838 6.39521 -0.0464346 0.00404818 0.998913 48.7474 0 0 0 1 
34562489690127;0.210546;0.239289;0.999905 1.07696e-05 0.0137574 -21.9654 5.73266e-06 0.999999 -0.00119948 2.30832 -0.0137574 0.00119944 0.999905 13.0077 0 0 0 1 
34562489690128;0.0334274;0.124384;0.999857 -0.000243419 -0.0169359 2061 0.000267055 0.999999 0.00139336 -180.386 0.0169356 -0.00139768 0.999856 -651.238 0 0 0 1 
34562489690129;0.0803559;0.0709586;1 -1.26052e-06 5.06599e-07 9.75076 1.26052e-06 1 2.68584e-07 -0.688549 -5.06599e-07 -2.68584e-07 1 1.88612 0 0 0 1 
34562489690130;0.355847;0.399787;0.999996 -1.27632e-06 -0.00295517 13.0921 2.03783e-06 1 0.000257682 -1.00061 0.00295517 -0.000257687 0.999996 -3.00037 0 0 0 1 
34562489690131;0.103607;0.0839538;1 3.23558e-06 -3.14074e-05 -25.2516 -3.23548e-06 1 3.36076e-06 2.6057 3.14075e-05 -3.36066e-06 1 4.41258 0 0 0 1 
34562489690132;0.232394;0.386252;0.997044 0.00024927 -0.0768321 81.2695 0.000266953 0.999977 0.00670851 -4.39541 0.076832 -0.00670919 0.997021 7.68476 0 0 0 1 
34562489690133;0.372111;0.369415;0.993294 0.000580563 -0.115618 56.1279 0.000590499 0.999949 0.0100942 -4.27044 0.115618 -0.0100948 0.993242 2.35843 0 0 0 1 
34562489690134;0.23228;0.283502;0.999963 -6.9353e-07 -0.00862727 31.7811 7.17985e-06 1 0.000751809 -1.92491 0.00862727 -0.000751843 0.999963 -11.6441 0 0 0 1 
34562489690135;0.171644;0.442131;0.999807 0.000182223 -0.0196418 -1327.72 -0.000145054 0.999998 0.00189372 118.464 0.0196421 -0.00189051 0.999805 1413.22 0 0 0 1 
34562489690136;0.200279;0.225816;1 -6.0097e-08 -4.37735e-09 -0.432345 6.0097e-08 1 2.08189e-08 0.290841 4.37735e-09 -2.08189e-08 1 -0.171781 0 0 0 1 
34562489690137;0.062551;0.182242;0.998536 0.00122471 -0.0540787 -8817.34 -0.00098946 0.99999 0.00437679 773.867 0.0540836 -0.00431687 0.998527 -3259.09 0 0 0 1 
34562489690138;0.126833;0.12894;1 2.65618e-08 -6.32531e-08 0.249886 -2.65618e-08 1 -7.42362e-09 0.71639 6.32531e-08 7.42362e-09 1 0.0663369 0 0 0 1 
34562489690139;0.334771;0.389052;1 1.71482e-08 1.09178e-07 0.17318 -1.71482e-08 1 1.39158e-08 0.738472 -1.09178e-07 -1.39158e-08 1 -0.0789176 0 0 0 1 
34562489690140;0.169798;0.341701;1 -8.35681e-06 0.000268339 66.332 8.36059e-06 1 -1.40706e-05 -3.80617 -0.000268339 1.40728e-05 1 74.9577 0 0 0 1 
34562489690141;0.269667;0.413724;0.999021 0.000217708 -0.0442451 -1056.4 -4.06785e-05 0.999992 0.00400197 93.9762 0.0442456 -0.00399625 0.999013 1071.35 0 0 0 1 
34562489690142;0.0756236;0.249408;0.999838 6.94387e-06 -0.0180136 59.3397 2.13493e-05 0.999999 0.00157046 -6.09409 0.0180136 -0.00157059 0.999837 -17.6146 0 0 0 1 
34562489690143;0.273373;0.443641;0.999954 7.49147e-06 0.00954523 -28.3336 4.43694e-07 1 -0.00083132 4.14985 -0.00954523 0.000831287 0.999954 16.2177 0 0 0 1 
34562489690144;0.115892;0.510789;0.998906 0.00106821 0.046747 -7832.26 -0.000919127 0.999994 -0.00321062 694.348 -0.0467502 0.00316414 0.998902 7382.29 0 0 0 1 
34562489690145;0.160443;0.195952;0.999704 2.94983e-05 0.0243356 -32.5484 2.23237e-05 0.999998 -0.0021292 1.80255 -0.0243356 0.00212911 0.999702 -35.9732 0 0 0 1 
34562489690146;0.0878609;0.939752;1 3.95307e-08 5.93134e-07 0.63283 -3.95307e-08 1 -1.37575e-08 6.84213 -5.93134e-07 1.37574e-08 1 0.403452 0 0 0 1 
34562489690147;0.0902058;0.286366;0.997105 -4.11067e-05 -0.0760343 2374.57 0.000553858 0.999977 0.00672261 -205.036 0.0760323 -0.00674526 0.997083 860.129 0 0 0 1 
34562489690148;0.253989;0.351386;1 2.02395e-08 -1.47536e-07 0.230751 -2.02395e-08 1 2.40064e-09 0.918455 1.47536e-07 -2.40064e-09 1 0.0221711 0 0 0 1 
34562489690149;0.415878;0.42321;1 -3.08331e-08 2.15883e-07 -0.230781 3.08331e-08 1 2.78051e-08 0.0897691 -2.15883e-07 -2.78051e-08 1 -0.246471 0 0 0 1 
34562489690150;0.323952;0.367827;0.999629 2.80702e-05 -0.0272306 37.7786 3.66546e-05 0.999997 0.00237641 -3.1374 0.0272306 -0.00237653 0.999626 -7.80612 0 0 0 1 
34562489690151;0.0908205;0.253798;1 2.87215e-08 2.13326e-08 0.266898 -2.87215e-08 1 3.17467e-09 1.67127 -2.13326e-08 -3.17467e-09 1 -0.0091693 0 0 0 1 
34562489690152;0.416208;0.410527;0.99685 0.000273456 -0.0793139 23.9002 0.000276387 0.999976 0.00692144 -1.71012 0.0793139 -0.00692156 0.996826 -25.3266 0 0 0 1 
34562489690153;0.0988573;0.0170821;0.999966 4.9737e-06 -0.00819242 -14.8504 8.62856e-07 1 0.000712431 0.798876 0.00819242 -0.000712414 0.999966 -22.5603 0 0 0 1 
34562489690155;0.259195;0.420979;0.999093 7.73054e-05 -0.0425754 21.1559 8.11149e-05 0.999993 0.00371919 -0.321925 0.0425754 -0.00371928 0.999086 16.2652 0 0 0 1 
34562489690156;0.172496;0.176979;0.99964 1.59703e-05 -0.0268405 128.589 4.58947e-05 0.999997 0.0023043 -10.0398 0.0268404 -0.0023047 0.999637 -312.037 0 0 0 1 
34562489690157;0.159263;0.186451;0.997558 -0.000486085 0.0698414 5616.74 0.000929072 0.99998 -0.00631042 -487.962 -0.0698369 0.0063599 0.997538 -2112.58 0 0 0 1 
34562489690158;0.105511;0.191698;0.999521 0.000317211 0.0309539 -2218.89 -0.000218811 0.999995 -0.00318226 194.789 -0.0309547 0.00317396 0.999516 -3792.68 0 0 0 1 
34562489690159;0.266866;0.390901;0.999349 0.000104234 0.0360898 -386.153 3.55312e-06 0.999996 -0.00298655 35.8939 -0.0360899 0.00298473 0.999344 1336.89 0 0 0 1 
34562489690160;0.0473697;0.0951503;0.99987 0.000406232 0.0161112 -3179.21 -0.000381495 0.999999 -0.00153848 278.749 -0.0161118 0.00153213 0.999869 -1009.66 0 0 0 1 
34562489690161;0.216211;0.211558;1 -7.32751e-07 -3.90757e-05 5.46184 7.32838e-07 1 2.22145e-06 -0.121248 3.90757e-05 -2.22148e-06 1 -9.34613 0 0 0 1 
34562489690162;0.156911;0.305314;0.999495 5.36539e-05 0.0317758 -79.812 3.4391e-05 0.999996 -0.00277027 8.16392 -0.0317758 0.00276996 0.999491 34.1938 0 0 0 1 
34562489690163;0.149607;0.112025;0.999266 -2.40874e-05 0.0383136 704.271 0.000155209 0.999994 -0.00341937 -60.0898 -0.0383133 0.0034228 0.99926 -626.118 0 0 0 1 
34562489690164;0.334807;0.379079;1 3.5605e-08 4.0423e-07 0.278801 -3.5605e-08 1 -1.34713e-08 -0.047905 -4.0423e-07 1.34713e-08 1 0.0724821 0 0 0 1 
34562489690165;0.385816;0.519174;0.999991 2.52245e-06 0.00420905 -13.6286 -9.7719e-07 1 -0.00036713 2.33225 -0.00420905 0.000367122 0.999991 3.03701 0 0 0 1 
34562489690166;0.333068;0.399733;0.999995 1.84125e-06 0.00317526 -10.4037 -9.64564e-07 1 -0.000276099 1.32084 -0.00317526 0.000276095 0.999995 8.52613 0 0 0 1 
34562489690167;0.363242;0.415597;1 -1.34747e-09 1.98188e-07 0.0624266 1.34746e-09 1 2.4873e-08 0.606829 -1.98188e-07 -2.4873e-08 1 -0.188392 0 0 0 1 
34562489690168;0.405801;0.274455;0.99903 0.000162248 -0.0440455 -616.161 1.24178e-06 0.999993 0.00371178 55.9544 0.0440458 -0.00370824 0.999023 -1106.54 0 0 0 1 
34562489690169;0.233383;0.334625;0.998861 9.65533e-05 -0.0477135 30.0918 0.00010234 0.999991 0.00416603 -1.39696 0.0477135 -0.00416617 0.998852 2.73229 0 0 0 1 
34562489690170;0.111556;0.127125;1 7.68608e-09 2.41012e-07 0.123168 -7.68608e-09 1 1.14054e-08 0.33776 -2.41012e-07 -1.14054e-08 1 -0.117032 0 0 0 1 
34562489690171;0.0960451;0.29856;0.999265 6.41278e-05 -0.038343 6.50177 6.42025e-05 0.999994 0.00334566 1.43275 0.038343 -0.00334566 0.999259 -16.8045 0 0 0 1 
34562489690172;0.321124;0.393669;0.997238 0.000285244 0.0742767 -363.474 0.000205348 0.999978 -0.0065972 32.9761 -0.0742769 0.00659422 0.997216 -879.772 0 0 0 1 
34562489690173;0.268086;0.299998;1 1.63252e-08 4.7016e-07 0.410086 -1.63252e-08 1 -1.99434e-08 0.349862 -4.7016e-07 1.99434e-08 1 0.797629 0 0 0 1 
34562489690174;0.189053;0.196714;1 5.15923e-09 3.2105e-07 0.0878584 -5.15923e-09 1 -2.41711e-09 0.218037 -3.2105e-07 2.41711e-09 1 -0.00582367 0 0 0 1 
34562489690175;0.133957;0.238627;0.999796 2.28461e-05 0.0201836 -42.358 1.26958e-05 0.999998 -0.0017608 3.82381 -0.0201836 0.00176069 0.999795 11.9656 0 0 0 1 
34562489690176;0.144022;0.240568;0.999017 5.49316e-05 0.0443246 242.829 0.000140277 0.99999 -0.00440094 -20.5652 -0.0443244 0.00440283 0.999007 -4288.08 0 0 0 1 
34562489690177;0.320514;0.34113;1 1.43857e-08 9.4963e-08 0.158631 -1.43857e-08 1 -1.9787e-09 0.202759 -9.4963e-08 1.9787e-09 1 0.0130558 0 0 0 1 
34562489690178;0.353901;0.531078;0.993651 0.000550144 -0.112504 49.8365 0.000558032 0.999952 0.00981838 -1.69193 0.112504 -0.00981882 0.993603 -29.58 0 0 0 1 
34562489690179;0.0142393;0.0402908;1 1.45687e-07 0.000188814 -0.908999 -1.42588e-07 1 -1.64131e-05 0.130584 -0.000188814 1.64131e-05 1 0.543903 0 0 0 1 
34562489690180;0.106434;0.103909;0.999809 1.45633e-05 -0.0195685 20.1123 1.88631e-05 0.999999 0.00170799 -1.8991 0.0195685 -0.00170803 0.999807 -3.65741 0 0 0 1 
34562489690181;0.139987;0.111611;0.999989 3.05415e-07 0.00477316 4.77002 1.68432e-06 1 -0.000416856 -0.131871 -0.00477315 0.000416859 0.999989 -0.788206 0 0 0 1 
34562489690182;0.247912;0.447067;0.994825 0.000225284 -0.101605 1837.67 0.000683285 0.99996 0.0089073 -158.449 0.101603 -0.00893063 0.994785 481.95 0 0 0 1 
34562489690183;0.115667;0.244508;1 2.15187e-08 5.72045e-07 0.23226 -2.15187e-08 1 3.41576e-08 0.861299 -5.72045e-07 -3.41576e-08 1 -0.23366 0 0 0 1 
34562489690184;0.228068;0.259115;1 2.64346e-08 3.10485e-07 0.241289 -2.64346e-08 1 -1.07831e-08 0.0647519 -3.10485e-07 1.07831e-08 1 0.0469805 0 0 0 1 
34562489690186;0.0711037;0.189464;0.999994 9.32715e-06 0.00332979 -70.9814 -8.34587e-06 1 -0.000294711 4.29594 -0.00332979 0.000294681 0.999994 -32.4613 0 0 0 1 
34562489690187;0.0441165;0.0613479;0.999675 2.8129e-05 0.0254847 -1.90461 2.85472e-05 0.999998 -0.00222356 -0.157787 -0.0254847 0.00222357 0.999673 9.82786 0 0 0 1 
34562489690188;0.231973;0.221417;0.99868 0.000234323 -0.0513723 -949.844 1.67208e-06 0.999989 0.00459374 84.3076 0.0513728 -0.00458776 0.998669 827.183 0 0 0 1 
34562489690189;0.393005;0.461367;0.99204 0.000591939 -0.125918 846.334 0.000889298 0.999931 0.011707 -68.2001 0.125916 -0.0117258 0.991972 5899.29 0 0 0 1 
34562489690190;0.219538;0.285919;0.99995 2.09488e-06 -0.00996474 19.21 6.57814e-06 1 0.000870339 0.25494 0.00996473 -0.000870361 0.99995 2.918 0 0 0 1 
34562489690191;0.389147;0.787112;0.999762 1.41121e-05 0.0217985 51.9607 2.74555e-05 0.999998 -0.0019066 -11.5186 -0.0217984 0.00190675 0.999761 -29.5003 0 0 0 1 
34562489690192;0.192134;0.235084;0.999991 3.66904e-06 0.00416631 -23.0708 -2.15487e-06 1 -0.000363435 0.915269 -0.00416631 0.000363423 0.999991 2.12515 0 0 0 1 
34562489690193;0.281462;0.298986;0.999201 6.28059e-05 -0.0399621 61.1621 7.66465e-05 0.999994 0.00348807 -4.31836 0.0399621 -0.00348835 0.999195 -4.3322 0 0 0 1 
34562489690194;0.204314;0.221952;0.999553 -0.000263769 0.0298933 2431.42 0.000348175 0.999996 -0.00281841 -213.156 -0.0298924 0.00282756 0.999549 -1752.88 0 0 0 1 
34562489690195;0.157469;0.2387;0.999857 1.82802e-05 -0.0169285 -43.9895 6.87003e-06 0.999999 0.00148562 5.8429 0.0169285 -0.00148552 0.999856 60.9901 0 0 0 1 
34562489690196;0.0529904;0.0465232;0.999989 -1.00475e-06 -0.00464601 16.2857 2.88642e-06 1 0.000405 -0.688607 0.00464601 -0.000405009 0.999989 -5.7132 0 0 0 1 
34562489690197;0.438295;1.11399;1 1.73042e-07 -6.06619e-07 0.321785 -1.73042e-07 1 -2.8355e-08 -11.2881 6.06619e-07 2.83551e-08 1 -0.147744 0 0 0 1 
34562489690198;0.0525853;0.0405912;0.99996 4.05939e-06 -0.00894372 -2.81521 2.9248e-06 1 0.000780891 1.28245 0.00894372 -0.000780886 0.99996 0.524392 0 0 0 1 
34562489690199;0.186435;0.254452;0.999966 1.65525e-05 -0.00830323 -108.028 -1.03313e-05 1 0.000749297 11.0502 0.00830324 -0.000749186 0.999965 194.979 0 0 0 1 
34562489690200;0.246291;0.21555;0.99999 4.00287e-06 -0.0045022 -23.8198 -2.23903e-06 1 0.000391777 2.35485 0.0045022 -0.000391763 0.99999 -9.98525 0 0 0 1 
34562489690201;0.100046;0.106111;0.999999 -2.13163e-06 0.00132143 17.1742 2.28381e-06 1 -0.000115165 -2.08819 -0.00132143 0.000115168 0.999999 1.69803 0 0 0 1 
34562489690202;0.155088;0.152885;1 2.95524e-06 -2.3618e-05 -23.2656 -2.95518e-06 1 2.69891e-06 2.67819 2.3618e-05 -2.69884e-06 1 4.77212 0 0 0 1 
34562489690203;0.0877176;0.515872;1 1.9396e-05 0.000221416 -155.324 -1.93938e-05 1 -9.69494e-06 20.5136 -0.000221416 9.69065e-06 1 78.1677 0 0 0 1 
34562489690204;0.244178;0.300504;0.998574 0.000148872 0.0533762 -204.276 0.000103225 0.999989 -0.00472023 15.7468 -0.0533763 0.00471901 0.998563 -475.379 0 0 0 1 
34562489690205;0.481854;0.39487;0.99478 0.000474438 -0.102037 -133.695 0.000436606 0.99996 0.00890603 10.3814 0.102037 -0.00890409 0.994741 -31.6783 0 0 0 1 
34562489690206;0.097924;0.17855;0.998823 9.67637e-05 0.0485107 40.9623 0.000108804 0.999991 -0.00423492 -5.55519 -0.0485107 0.00423522 0.998814 -1.88919 0 0 0 1 
34562489690207;0.417969;0.383849;0.998565 0.000133218 -0.0535444 -56.1541 0.000117735 0.999989 0.00468364 6.20603 0.0535445 -0.00468323 0.998554 69.2738 0 0 0 1 
34562489690208;0.41666;0.380595;1 7.23689e-07 -6.5056e-05 -4.5628 -7.23338e-07 1 5.392e-06 -0.50376 6.5056e-05 -5.39195e-06 1 -2.65797 0 0 0 1 
34562489690209;0.102897;0.0672699;0.999923 2.05366e-05 -0.0124354 -108.628 -7.02527e-06 0.999999 0.00108656 10.0943 0.0124355 -0.00108639 0.999922 5.29937 0 0 0 1 
34562489690210;0.0465566;0.14825;0.999846 2.37468e-05 0.0175527 -85.2723 3.44206e-06 0.999999 -0.00154895 5.97417 -0.0175527 0.00154877 0.999845 -132.805 0 0 0 1 
34562489690211;0.156365;0.151034;1 4.20125e-06 -0.000467503 -32.804 -4.18364e-06 1 3.76682e-05 1.95375 0.000467503 -3.76663e-05 1 -25.0878 0 0 0 1 
34562489690212;0.249667;0.278151;0.999623 3.94407e-05 0.0274458 -55.9847 2.62991e-05 0.999997 -0.00239489 3.85551 -0.0274458 0.00239471 0.99962 10.5133 0 0 0 1 
34562489690213;0.302086;0.320532;0.999599 4.19269e-05 0.0283076 -59.4963 2.80341e-05 0.999997 -0.00247105 4.0888 -0.0283076 0.00247086 0.999596 3.52307 0 0 0 1 
34562489690214;0.0408606;0.0921981;0.999971 -3.05871e-06 -0.00762678 46.0644 8.13716e-06 1 0.000665839 -2.8428 0.00762678 -0.000665882 0.999971 0.165442 0 0 0 1 
34562489690215;0.322976;0.335389;1 -1.16339e-06 5.82219e-05 9.14953 1.16347e-06 1 -1.46515e-06 0.14085 -5.82219e-05 1.46522e-06 1 28.6312 0 0 0 1 
34562489690217;0.345856;0.317895;0.99991 5.58385e-06 0.0133895 15.0778 1.00574e-05 0.999999 -0.00116811 -1.23646 -0.0133895 0.00116814 0.99991 8.30828 0 0 0 1 
34562489690218;0.369096;0.25179;0.999978 7.12432e-07 -0.00664831 10.2869 3.14297e-06 1 0.000579896 -1.3919 0.00664831 -0.000579904 0.999978 -4.80686 0 0 0 1 
34562489690219;0.344434;0.616177;0.999836 1.13867e-05 -0.0181019 25.2502 1.72158e-05 0.999999 0.00157992 -1.34317 0.0181019 -0.00157998 0.999835 -4.04794 0 0 0 1 
34562489690220;0.281678;0.645449;0.94789 0.00434044 -0.318569 1730.21 0.00430927 0.999641 0.026442 -144.809 0.318569 -0.0264369 0.947531 -11086.4 0 0 0 1 
34562489690221;0.2479;1.74789;0.994938 0.000430153 -0.100488 104.907 0.000454104 0.999961 0.00877662 -11.6333 0.100488 -0.00877783 0.9949 30.8047 0 0 0 1 
34562489690222;0.309448;0.767133;0.998563 0.000114771 -0.0535873 91.4529 0.000136036 0.999989 0.00467667 -7.56676 0.0535872 -0.00467724 0.998552 -14.373 0 0 0 1 
34562489690223;0.503992;0.469589;0.974544 0.00220569 -0.224184 166.433 0.00223887 0.999806 0.0195694 -14.4793 0.224183 -0.0195732 0.97435 -7.62697 0 0 0 1 
34562489690224;0.505738;2.83907;0.989321 0.00092216 -0.145752 98.6732 0.000937858 0.999919 0.0126923 -15.746 0.145752 -0.0126935 0.98924 -263.728 0 0 0 1 
34562489690225;0.255572;0.59181;0.994333 0.000484861 0.106309 63.954 0.000504624 0.999957 -0.00928054 -6.40664 -0.106309 0.0092816 0.99429 6.77848 0 0 0 1 
34562489690226;0.59187;0.693989;0.981427 0.0016128 -0.19183 97.4807 0.00162982 0.999858 0.0167446 -9.01568 0.19183 -0.0167462 0.981285 -24.0377 0 0 0 1 
34562489690227;0.535961;0.565239;0.992807 0.000618561 -0.119727 91.8606 0.000637585 0.999945 0.0104532 -8.13979 0.119727 -0.0104543 0.992752 3.81259 0 0 0 1 
34562489690228;0.492348;1.92369;0.954463 0.00394734 -0.298303 268.378 0.00400329 0.999653 0.0260371 -23.7001 0.298303 -0.0260457 0.954116 1.52691 0 0 0 1 
34562489690229;0.377629;0.361742;0.998801 0.000104306 -0.0489581 9.68155 0.000104918 0.999991 0.00427096 -1.1936 0.0489581 -0.00427098 0.998792 -29.8806 0 0 0 1 
34562489690230;0.309344;1.34136;0.9883 0.00100317 -0.152517 166.79 0.0010398 0.999911 0.0133147 -12.0627 0.152516 -0.0133176 0.988211 6.47775 0 0 0 1 
34562489690231;0.422227;0.791032;0.999248 5.72904e-05 0.0387718 60.7216 7.39021e-05 0.999994 -0.00338227 -4.64871 -0.0387718 0.00338259 0.999242 23.4288 0 0 0 1 
34562489690232;0.215127;0.689207;0.996483 0.00029026 0.0837903 121.87 0.00032176 0.999973 -0.00729058 -11.1664 -0.0837902 0.0072919 0.996457 195.58 0 0 0 1 
34562489690233;0.420689;0.440383;0.999951 3.71108e-06 -0.00993649 5.70252 4.90439e-06 1 0.000867029 -0.575799 0.00993649 -0.000867035 0.99995 -4.77381 0 0 0 1 
34562489690234;0.244511;0.770882;0.999141 6.97655e-05 -0.0414344 45.9755 8.01785e-05 0.999993 0.00361715 -3.61276 0.0414344 -0.00361737 0.999135 -3.92194 0 0 0 1 
34562489690235;0.305129;0.273871;0.999866 1.04836e-05 0.0163912 7.12023 1.29861e-05 0.999999 -0.00143174 0.129223 -0.0163912 0.00143176 0.999865 -3.92257 0 0 0 1 
34562489690236;0.196522;0.877314;0.995849 0.000349633 0.0910201 88.0702 0.000374679 0.999968 -0.00794051 -7.22084 -0.09102 0.00794166 0.995817 46.5868 0 0 0 1 
34562489690237;0.236663;1.32287;0.994309 0.000487596 -0.106537 86.9561 0.000507195 0.999957 0.00931019 -8.69711 0.106537 -0.00931123 0.994265 72.7537 0 0 0 1 
34562489690238;0.36003;1.65383;0.997745 0.000184571 0.0671123 85.487 0.000209415 0.999983 -0.00586346 -9.84653 -0.0671123 0.00586429 0.997728 -35.9411 0 0 0 1 
34562489690239;0.243492;0.440642;0.999971 -8.57687e-07 -0.00767475 27.2893 5.97241e-06 1 0.000666412 -3.1875 0.00767475 -0.000666438 0.99997 -29.0637 0 0 0 1 
34562489690240;0.35283;2.85404;0.99767 0.000217553 -0.0682312 -107.383 0.000184168 0.999983 0.00588129 1.41276 0.0682313 -0.00588015 0.997652 -623.825 0 0 0 1 
34562489690241;0.379757;2.67962;0.954283 0.00412559 0.298876 -1122.86 0.00393615 0.999645 -0.0263665 92.957 -0.298878 0.0263375 0.953928 -1932.77 0 0 0 1 
34562489690242;0.378853;0.696784;0.94774 0.00459533 0.319009 -306.024 0.00457953 0.999597 -0.0280045 27.5508 -0.31901 0.0280019 0.947338 -1179.98 0 0 0 1 
34562489690243;0.301434;1.48076;1 -4.19914e-06 -0.000985524 30.5733 4.26305e-06 1 6.48461e-05 -2.57577 0.000985523 -6.48503e-05 1 -170.662 0 0 0 1 
34562489690244;0.500189;0.922739;0.976985 0.00200187 -0.213297 90.3251 0.00201643 0.999825 0.0186198 -7.1824 0.213297 -0.0186214 0.97681 -17.3612 0 0 0 1 
34562489690245;0.271456;0.341221;0.999817 1.37452e-05 0.0191062 14.2057 1.81181e-05 0.999999 -0.00166752 -1.07441 -0.0191062 0.00166756 0.999816 6.03396 0 0 0 1 
34562489690246;0.262584;0.607366;1 -9.81155e-07 -0.000265294 6.58241 9.87319e-07 1 2.3235e-05 -0.183507 0.000265294 -2.32353e-05 1 0.143105 0 0 0 1 
34562489690248;0.122472;0.197308;0.998103 -0.000367959 0.0615651 4285.21 0.000699433 0.999985 -0.00536267 -372.407 -0.0615623 0.00539555 0.998089 -160.927 0 0 0 1 
34562489690249;0.236877;0.37734;1 -1.66943e-08 -2.02064e-07 -0.0421175 1.66943e-08 1 1.91329e-08 1.60514 2.02064e-07 -1.91329e-08 1 -0.0813011 0 0 0 1 
34562489690250;0.361013;0.662784;0.994936 0.000452582 0.100505 -94.5949 0.000431349 0.999961 -0.008773 6.93346 -0.100505 0.00877193 0.994898 32.1409 0 0 0 1 
34562489690251;0.0844088;0.0659395;0.999629 3.29095e-05 -0.0272417 0.194871 3.18646e-05 0.999997 0.00237732 0.189404 0.0272417 -0.0023773 0.999626 -10.7136 0 0 0 1 
34562489690252;0.195046;0.410802;0.999964 8.60404e-07 -0.00851739 21.218 5.48376e-06 1 0.000744824 -0.0271066 0.00851739 -0.000744844 0.999963 9.32455 0 0 0 1 
34562489690253;0.120903;0.264581;0.99552 0.000399523 0.0945521 -78.9192 0.000382579 0.999966 -0.00825338 6.08989 -0.0945522 0.00825258 0.995486 28.4077 0 0 0 1 
34562489690254;0.246774;0.444083;1 -2.84186e-06 -0.000325272 25.312 2.849e-06 1 2.19488e-05 -3.06988 0.000325272 -2.19497e-05 1 -51.2498 0 0 0 1 
34562489690255;0.134202;0.157757;0.999885 9.46967e-06 0.0151874 3.1503 1.064e-05 0.999999 -0.00132402 -0.559647 -0.0151874 0.00132403 0.999884 16.374 0 0 0 1 
34562489690256;0.130561;0.229398;0.99926 -4.99599e-05 0.0384659 918.413 0.000176792 0.999995 -0.00329387 -79.4126 -0.0384655 0.00329824 0.999254 487.007 0 0 0 1 
34562489690257;0.163799;0.297195;0.999852 1.55114e-05 -0.0172325 -17.0718 1.04208e-05 0.999999 0.00150475 2.83725 0.0172325 -0.00150471 0.99985 -0.361485 0 0 0 1 
34562489690258;0.294851;0.323838;0.959144 0.00160568 -0.282913 15825.8 0.00523542 0.999712 0.0234232 -1366.38 0.282869 -0.0239474 0.958859 -6043.24 0 0 0 1 
