#;prob_registration_l1 -r /home/probabilistic_point_clouds_registration/build/tester /home/point_clouds_registration_benchmark//devel/registration_pairs/wood_autumn_local.txt /home/point_clouds_registration_benchmark//eth/wood_autumn -s 0.2 -t 0.2 -p 0.3 -r 1000 -m 25 -i 40 
id;initial_error;final_error;transformation
26875431820000;0.498992;0.500223;0.988387 0.127787 -0.0822329 0.494065 -0.126272 0.99172 0.023387 0.533245 0.0845405 -0.0127317 0.996339 -0.666331 0 0 0 1 
26875431820001;0.336145;0.0223548;0.909771 0.324232 -0.259212 0.719337 -0.291589 0.943593 0.156872 0.883418 0.295453 -0.0671338 0.952996 -0.77462 0 0 0 1 
26875431820002;0.60541;0.0212004;0.891232 0.381295 -0.245599 0.9391 -0.379328 0.923491 0.0572218 0.988892 0.248627 0.0421648 0.967681 -1.41894 0 0 0 1 
26875431820003;0.366204;0.0201957;0.993437 0.10052 -0.0545812 -0.142425 -0.0979827 0.994062 0.0473357 -0.119621 0.0590153 -0.0416771 0.997387 -0.538609 0 0 0 1 
26875431820004;0.698046;0.0295481;0.955712 -0.294287 -0.00296681 0.857187 0.294213 0.955125 0.0342886 -1.26662 -0.00725703 -0.0336429 0.999408 0.415528 0 0 0 1 
26875431820005;0.325213;0.0348883;0.920206 -0.240234 0.309044 -0.379237 0.271629 0.960387 -0.0622492 -0.706443 -0.281847 0.141227 0.949008 1.00112 0 0 0 1 
26875431820006;0.554876;0.0257346;0.999994 -0.000976973 0.00336436 -0.266212 0.000979248 0.999999 -0.000674627 0.69391 -0.0033637 0.000677918 0.999994 0.567055 0 0 0 1 
26875431820007;0.383756;0.315207;0.997417 0.0120844 -0.0708052 0.131295 0.000649935 0.984188 0.177127 -0.00744984 0.0718261 -0.176716 0.981638 -0.126868 0 0 0 1 
26875431820008;0.203498;0.0262827;0.965725 0.0499277 -0.254722 0.118837 -0.0270072 0.995328 0.0927006 0.0888737 0.25816 -0.0826439 0.962561 -0.994658 0 0 0 1 
26875431820009;0.180609;0.0321568;0.978921 -0.155071 -0.132915 0.104411 0.151613 0.987791 -0.0358182 -0.342528 0.136846 0.0149116 0.99048 -0.385446 0 0 0 1 
26875431820010;0.462102;0.0305028;0.959857 -0.140542 -0.24274 0.723792 0.147304 0.989042 0.00984145 -0.749754 0.238697 -0.0452029 0.970042 -0.93284 0 0 0 1 
26875431820011;0.575398;0.294067;0.976005 0.0497382 0.211991 0.206614 -0.0631055 0.996392 0.0567598 0.166654 -0.208403 -0.0687757 0.975622 1.17604 0 0 0 1 
26875431820012;0.688058;0.416153;0.983952 0.110372 -0.140203 0.511016 -0.0858473 0.981646 0.170298 -0.247877 0.156426 -0.155529 0.975367 -0.681952 0 0 0 1 
26875431820013;0.421251;0.286306;0.988186 -0.150763 0.0275491 -0.206329 0.150301 0.988474 0.0181578 -0.546174 -0.0299691 -0.0138026 0.999456 -0.293016 0 0 0 1 
26875431820014;0.330264;0.0265311;0.95165 -0.299949 0.0662788 -0.42577 0.300398 0.953808 0.00331745 -1.1463 -0.0642124 0.016753 0.997796 0.167413 0 0 0 1 
26875431820015;0.226693;0.0263874;0.980648 0.193368 0.0306283 0.0598697 -0.183583 0.962591 -0.199289 0.819347 -0.0680187 0.18981 0.979462 0.321712 0 0 0 1 
26875431820016;0.538469;0.0148386;0.906038 -0.0158981 0.422898 0.339252 -0.0375734 0.992326 0.117804 0.416806 -0.421526 -0.122624 0.898487 0.797572 0 0 0 1 
26875431820017;0.524419;0.0272538;0.982944 -0.160925 -0.0890166 -0.0158314 0.144121 0.974727 -0.170696 -0.437646 0.114236 0.154955 0.981295 0.550203 0 0 0 1 
26875431820018;0.579586;0.0341243;0.979388 0.0392711 -0.198132 0.389065 -0.0614988 0.992322 -0.10731 -0.0576412 0.192396 0.117283 0.974283 0.345984 0 0 0 1 
26875431820019;0.351798;0.0275791;0.978744 0.094253 -0.182142 0.260155 -0.0969122 0.995276 -0.00573442 0.578612 0.180741 0.0232643 0.983256 -0.951117 0 0 0 1 
26875431820020;0.0809749;0.02479;0.994551 -0.104003 0.00712005 -0.0861887 0.104126 0.994368 -0.0197676 -0.334495 -0.00502405 0.0204012 0.999779 -0.00379874 0 0 0 1 
26875431820021;0.644904;0.026975;0.946249 0.0879159 -0.311261 1.1827 -0.00584624 0.966841 0.255312 0.0688064 0.323386 -0.239769 0.915386 -0.656257 0 0 0 1 
26875431820022;0.0317767;0.0258287;0.999549 0.0283041 0.0100686 -0.017675 -0.028269 0.999594 -0.00361672 0.0937047 -0.0101669 0.00333046 0.999943 0.0674576 0 0 0 1 
26875431820023;0.284901;0.0306997;0.997583 -0.0694859 -0.000622534 0.370853 0.0694814 0.997308 0.0234264 -0.291785 -0.00100694 -0.023413 0.999725 -0.0314057 0 0 0 1 
26875431820024;0.398113;0.0325531;0.997255 0.00554484 -0.0738348 0.345809 -0.00664154 0.999871 -0.0146161 0.442012 0.0737442 0.0150664 0.997163 -0.560579 0 0 0 1 
26875431820025;0.5828;0.298889;0.973206 -0.226546 -0.0393415 0.212391 0.22688 0.973914 0.00418161 -0.999336 0.0373679 -0.0129954 0.999217 0.484152 0 0 0 1 
26875431820026;0.630426;0.0237146;0.980721 0.195144 0.0102165 -0.273024 -0.195168 0.980769 0.00138678 0.513367 -0.00974942 -0.00335399 0.999947 0.922863 0 0 0 1 
26875431820027;0.464713;0.0260861;0.994487 0.104772 0.00417254 0.224758 -0.104853 0.993429 0.0458792 0.451528 0.00066174 -0.0460638 0.998938 0.680353 0 0 0 1 
26875431820028;0.337162;0.0212441;0.999923 -0.0123405 -0.00132656 -0.43966 0.0123878 0.998904 0.0451443 -0.356725 0.000768001 -0.0451572 0.99898 0.23715 0 0 0 1 
26875431820029;0.206492;0.0294593;0.999587 0.00921914 0.0272359 -0.320554 -0.0075241 0.998067 -0.0616952 -0.0995951 -0.0277521 0.0614648 0.997723 0.247151 0 0 0 1 
26875431820031;0.22611;0.0102418;0.972085 0.0966319 0.213807 -0.190378 -0.117764 0.9891 0.0883881 0.36118 -0.202935 -0.1111 0.972869 0.910191 0 0 0 1 
26875431820032;0.537519;0.341912;0.974834 -0.157021 -0.158251 0.612408 0.156967 0.987519 -0.0129197 -0.732746 0.158304 -0.0122455 0.987314 -0.723636 0 0 0 1 
26875431820033;0.515263;0.0122914;0.99691 0.0280865 -0.0733652 -0.107954 -0.00765143 0.964178 0.265147 -0.758957 0.0781841 -0.263766 0.961413 -1.0125 0 0 0 1 
26875431820034;0.18246;0.012774;0.995098 0.0149823 -0.0977523 -0.214684 -0.0141895 0.999861 0.00880039 0.0470263 0.0978705 -0.00737019 0.995172 -0.27623 0 0 0 1 
26875431820035;0.31218;0.0179085;0.941743 0.192646 0.275694 0.0666442 -0.230553 0.966577 0.112136 0.814351 -0.244877 -0.169166 0.954682 1.44406 0 0 0 1 
26875431820036;0.352511;0.014141;0.958749 -0.271342 0.0847037 -0.0160227 0.284251 0.916806 -0.280479 -0.91407 -0.00155119 0.292986 0.956115 -0.213963 0 0 0 1 
26875431820037;0.447509;0.0141108;0.996975 -0.0776932 -0.00233467 0.304762 0.0777055 0.99696 0.00579338 -0.790306 0.00187747 -0.00595727 0.99998 -0.766485 0 0 0 1 
26875431820038;0.350569;0.327752;0.998928 -0.0434239 -0.0160317 0.0505396 0.0427106 0.998186 -0.0424314 -0.159391 0.0178451 0.0417012 0.998971 -0.0671092 0 0 0 1 
26875431820039;0.337073;0.00777701;0.970382 -0.218389 0.103275 0.0610436 0.182181 0.942304 0.280844 -1.20351 -0.15865 -0.253711 0.954181 1.27947 0 0 0 1 
26875431820040;0.229197;0.00796792;0.981808 -0.188138 -0.0256354 0.235852 0.177551 0.957519 -0.227228 -0.492635 0.0672967 0.218542 0.973504 -0.369744 0 0 0 1 
26875431820041;0.10838;0.0100991;0.998229 0.0586186 0.0100903 -0.0552324 -0.0586122 0.99828 -0.000927146 0.158417 -0.0101273 0.00033409 0.999949 0.199361 0 0 0 1 
26875431820042;0.455772;0.0995696;0.910119 -0.399677 0.10928 0.479069 0.411797 0.90171 -0.13169 -2.15896 -0.0459052 0.164854 0.985249 0.516874 0 0 0 1 
26875431820043;0.274946;0.0118766;0.978555 0.102445 0.178701 -0.171576 -0.124627 0.985204 0.117653 0.26427 -0.164004 -0.137401 0.976844 1.14583 0 0 0 1 
26875431820044;0.287192;0.0119593;0.999216 0.00102273 0.0395815 0.0562643 -0.000652572 0.999956 -0.00936359 0.572734 -0.0395893 0.00933041 0.999172 0.286338 0 0 0 1 
26875431820045;0.572084;0.0107907;0.986288 0.0667631 -0.150923 0.692612 -0.00637531 0.929247 0.369404 -0.871129 0.164907 -0.363377 0.916931 -1.13436 0 0 0 1 
26875431820046;0.148614;0.00716719;0.997968 -0.0605015 -0.019984 0.0348325 0.0632691 0.97806 0.198483 -0.550152 0.00753702 -0.199344 0.979901 0.0535097 0 0 0 1 
26875431820047;0.191966;0.0136748;0.989099 0.146853 0.0108157 -0.0783479 -0.143037 0.975645 -0.166302 0.872814 -0.0349743 0.162942 0.986016 0.31451 0 0 0 1 
26875431820048;0.552949;0.0103293;0.907276 0.4092 0.0969797 -0.0505617 -0.392333 0.906646 -0.155136 2.02515 -0.151408 0.102703 0.983121 -0.0817636 0 0 0 1 
26875431820049;0.452544;0.24771;0.978238 0.182355 0.0989819 -0.208917 -0.1775 0.982532 -0.0558939 0.761349 -0.107445 0.0371082 0.993518 0.811374 0 0 0 1 
26875431820050;0.381287;0.0127324;0.957051 0.235307 0.169362 -0.0960125 -0.243004 0.969678 0.0259552 0.883569 -0.158119 -0.0659962 0.985212 1.29902 0 0 0 1 
26875431820051;0.357531;0.013717;0.973086 -0.0749701 -0.217908 0.717038 0.0669368 0.996785 -0.0440273 -0.119498 0.220508 0.0282563 0.974976 -0.604118 0 0 0 1 
26875431820052;0.469273;0.0145036;0.964385 0.147306 -0.219687 0.519483 -0.205055 0.941006 -0.269184 1.87357 0.167074 0.304645 0.937698 -1.03961 0 0 0 1 
26875431820053;0.393672;0.0073782;0.993133 0.0277095 0.113659 0.680322 -0.046298 0.985319 0.164328 -0.0478866 -0.107437 -0.168462 0.979836 0.547102 0 0 0 1 
26875431820054;0.384531;0.0130223;0.933204 0.221661 -0.282836 0.691975 -0.144053 0.951835 0.270664 0.35731 0.329209 -0.211841 0.920187 -1.39774 0 0 0 1 
26875431820055;0.28566;0.00989101;0.979831 -0.192332 -0.0542153 0.467512 0.194691 0.979957 0.0421833 -1.14411 0.0450155 -0.0518877 0.997638 0.127609 0 0 0 1 
26875431820056;0.596591;0.0105328;0.917997 -0.2909 0.269553 -0.0212928 0.33493 0.932645 -0.134143 -1.33853 -0.212375 0.213424 0.953597 0.0787561 0 0 0 1 
26875431820057;0.446113;0.257516;0.966284 -0.245763 0.0767876 0.453135 0.244579 0.969317 0.0246161 -1.24733 -0.0804813 -0.0050055 0.996744 0.594098 0 0 0 1 
26875431820058;0.224686;0.0112242;0.999646 -0.0121719 -0.023665 -0.107705 0.0140541 0.996609 0.0810685 -0.200607 0.022598 -0.0813724 0.996428 0.345097 0 0 0 1 
26875431820059;0.444316;0.0138312;0.953791 -0.172597 0.245953 -0.486415 0.175218 0.984464 0.0113591 -0.647384 -0.244093 0.0322613 0.969215 0.785856 0 0 0 1 
26875431820060;0.410765;0.268741;0.999453 0.0102977 0.0314309 0.118406 -0.012746 0.996815 0.0787184 -0.198447 -0.0305202 -0.079076 0.996401 0.368333 0 0 0 1 
26875431820062;0.368904;0.0167497;0.953521 0.179328 0.242153 0.452214 -0.22874 0.953903 0.194287 0.509274 -0.19615 -0.240647 0.950586 0.392787 0 0 0 1 
26875431820063;0.231158;0.00989316;0.956654 -0.0731401 -0.281893 0.429114 0.112717 0.9855 0.126827 -0.606715 0.268529 -0.153104 0.951026 -1.11623 0 0 0 1 
26875431820064;0.204838;0.0168881;0.997703 -0.00703141 0.067376 0.0820833 -0.00222199 0.990666 0.13629 0.260705 -0.0677054 -0.136127 0.988375 0.115047 0 0 0 1 
26875431820065;0.171053;0.0134716;0.998306 0.053841 0.0220308 -0.0819216 -0.0530681 0.998002 -0.0342785 -0.0430296 -0.0238324 0.0330513 0.999169 0.0190006 0 0 0 1 
26875431820066;0.341828;0.0121948;0.885385 0.460679 -0.0622019 0.900337 -0.458152 0.887411 0.0509704 1.88003 0.0786796 -0.0166305 0.996761 -0.311387 0 0 0 1 
26875431820067;0.359104;0.0141924;0.999808 0.00977675 -0.0169975 -0.20476 -0.00973152 0.999949 0.00274145 0.363011 0.0170234 -0.00257551 0.999852 0.605737 0 0 0 1 
26875431820068;0.231956;0.00850203;0.999764 -0.0213008 0.0043326 0.0435049 0.0212866 0.999768 0.00329662 -0.111483 -0.00440182 -0.00320361 0.999985 0.521085 0 0 0 1 
26875431820069;0.168442;0.0140698;0.98401 -0.156564 0.0849221 0.0760962 0.159193 0.986929 -0.0250822 -0.776205 -0.0798851 0.0382002 0.996072 0.504772 0 0 0 1 
26875431820070;0.120851;0.0102738;0.987785 0.133938 -0.0796354 0.246686 -0.129071 0.989605 0.0634249 0.49739 0.0873026 -0.0523715 0.994804 -0.407573 0 0 0 1 
26875431820071;0.559761;0.0101038;0.939865 -0.341195 0.015508 1.00047 0.341096 0.939988 0.00868582 -1.29516 -0.0175409 -0.00287375 0.999842 0.415258 0 0 0 1 
26875431820072;0.11141;0.014734;0.998592 -0.05282 0.00491766 -0.147262 0.0530035 0.997264 -0.0515209 -0.322024 -0.00218287 0.051709 0.99866 0.0133555 0 0 0 1 
26875431820073;0.298534;0.0089778;0.95327 -0.302119 0.000101064 0.240759 0.302108 0.953237 0.00843841 -1.51689 -0.00264574 -0.00801355 0.999964 0.182631 0 0 0 1 
26875431820074;0.511902;0.0117637;0.945343 -0.235793 -0.22523 0.8329 0.185192 0.956755 -0.224331 -0.679052 0.268386 0.170359 0.948128 -1.67284 0 0 0 1 
26875431820075;0.368729;0.0145798;0.937775 -0.236334 0.254408 -0.192347 0.156972 0.942043 0.296504 -1.14214 -0.309737 -0.238119 0.920523 1.4968 0 0 0 1 
26875431820076;0.104083;0.00883611;0.999418 -0.0287659 -0.0183166 -0.0183064 0.027223 0.99646 -0.0795378 0.0747265 0.0205398 0.0789929 0.996664 0.0352219 0 0 0 1 
26875431820077;0.334061;0.00749848;0.958088 0.282227 -0.0491368 0.463247 -0.278153 0.957514 0.0761379 1.30473 0.0685373 -0.0592793 0.995886 -0.775759 0 0 0 1 
26875431820078;0.46154;0.0140782;0.964928 0.261112 0.0270921 -0.226798 -0.253733 0.954142 -0.158845 1.57452 -0.0673259 0.146399 0.986932 -0.0821625 0 0 0 1 
26875431820079;0.388175;0.0110428;0.884249 -0.214982 0.414593 -0.235236 0.133144 0.966953 0.217428 -0.926139 -0.447635 -0.13706 0.88365 1.74714 0 0 0 1 
26875431820080;0.446652;0.00974983;0.969135 0.245706 0.020144 0.220717 -0.245192 0.969154 -0.0249417 1.22295 -0.025651 0.0192327 0.999486 -0.672076 0 0 0 1 
26875431820081;0.390076;0.0135881;0.91736 0.398052 -0.00234329 0.71188 -0.387971 0.892779 -0.228965 2.01227 -0.089048 0.210953 0.973432 0.719924 0 0 0 1 
26875431820082;0.269988;0.0124386;0.991954 0.124709 -0.0217955 -0.109344 -0.119966 0.980941 0.152847 0.0774596 0.0404415 -0.149003 0.988009 -0.34246 0 0 0 1 
26875431820083;0.397996;0.0100201;0.917444 -0.328128 0.225008 0.437261 0.326083 0.944157 0.0472923 -1.55364 -0.227961 0.0299834 0.973208 1.39929 0 0 0 1 
26875431820084;0.431462;0.0138779;0.984776 0.0926866 -0.147053 0.414156 -0.136271 0.936854 -0.322079 0.96526 0.107915 0.337215 0.935222 0.461262 0 0 0 1 
26875431820085;0.0561572;0.0105658;0.999318 -0.0367072 0.0040384 -0.0927164 0.0367049 0.999326 0.000633502 -0.149478 -0.00405893 -0.000484841 0.999992 0.0917121 0 0 0 1 
26875431820086;0.263745;0.0114059;0.973688 0.223275 0.0456137 0.341656 -0.225034 0.973612 0.0379345 0.612328 -0.0359403 -0.047201 0.998239 -0.0573925 0 0 0 1 
26875431820087;0.254275;0.0125958;0.972525 -0.0887583 -0.215215 0.336519 0.128069 0.975985 0.176213 -0.806619 0.194406 -0.198934 0.960537 -1.16121 0 0 0 1 
26875431820088;0.2679;0.0122075;0.966592 0.255931 -0.0141081 0.471448 -0.256221 0.966281 -0.0255355 1.28056 0.00709711 0.0282972 0.999574 -0.257634 0 0 0 1 
26875431820089;0.093436;0.0124939;0.999338 0.0329512 -0.0153914 0.0697714 -0.0335965 0.998478 -0.0437458 0.331736 0.0139265 0.044234 0.998924 0.0388437 0 0 0 1 
26875431820090;0.279476;0.0135205;0.999269 0.0374528 0.00767778 0.188356 -0.0372567 0.999011 -0.0242672 -0.235043 -0.00857906 0.0239634 0.999676 0.456133 0 0 0 1 
26875431820091;0.394578;0.0117003;0.992946 0.117687 0.014392 0.242777 -0.117779 0.993024 0.00568936 0.50043 -0.013622 -0.0073443 0.99988 -0.757006 0 0 0 1 
26875431820093;0.345934;0.0160215;0.93311 -0.312432 -0.17802 2.62031 0.305198 0.949902 -0.0673851 -1.13872 0.190155 0.00854623 0.981717 -0.643482 0 0 0 1 
26875431820094;0.529735;0.0189021;0.939703 0.281651 0.193989 -2.55187 -0.268524 0.958919 -0.091485 1.88461 -0.211787 0.0338779 0.976729 0.64032 0 0 0 1 
26875431820095;0.39088;0.0134259;0.962334 -0.0115973 -0.271623 0.313175 0.00577711 0.999736 -0.0222174 -0.129951 0.271809 0.0198113 0.962147 -0.804525 0 0 0 1 
26875431820096;0.29099;0.2564;0.999222 0.0290333 -0.026706 -0.134072 -0.0302395 0.998487 -0.0459272 0.202009 0.0253322 0.0466991 0.998588 -0.365785 0 0 0 1 
26875431820097;0.411668;0.0243622;0.959308 0.280575 0.0317158 -1.79182 -0.280279 0.959824 -0.013512 2.38329 -0.0342327 0.00407292 0.999406 0.119359 0 0 0 1 
26875431820098;0.305728;0.0215379;0.963907 -0.201223 0.174333 0.994596 0.20996 0.977152 -0.0330217 -0.916153 -0.163705 0.0684328 0.984133 0.201454 0 0 0 1 
26875431820099;0.324227;0.322051;0.999505 -0.0309524 -0.005692 0.285577 0.0309657 0.999518 0.00225525 -0.0285605 0.00561945 -0.00243039 0.999981 -0.0435908 0 0 0 1 
26875431820100;0.476247;0.0284926;0.972422 -0.232472 -0.0187441 1.93611 0.232791 0.972376 0.0171199 -0.517898 0.0142464 -0.0210113 0.999678 -0.541822 0 0 0 1 
26875431820101;0.325622;0.0182342;0.954366 0.254322 0.156542 -1.78024 -0.192008 0.924028 -0.330613 1.78965 -0.228731 0.285468 0.930693 -0.698456 0 0 0 1 
26875431820102;0.315339;0.0156527;0.975153 0.221472 0.00525599 -1.21423 -0.217486 0.96158 -0.167522 1.24174 -0.0421554 0.162216 0.985854 -1.23604 0 0 0 1 
26875431820103;0.395286;0.0261451;0.996705 -0.08069 0.00825444 0.332674 0.0807591 0.996698 -0.00841425 -0.34376 -0.00754824 0.00905314 0.999931 -0.764911 0 0 0 1 
26875431820104;0.491587;0.0271848;0.998898 0.0414117 0.0220712 0.39585 -0.0400382 0.997431 -0.0594071 0.603062 -0.0244746 0.058458 0.99799 -0.83232 0 0 0 1 
26875431820105;0.296198;0.0173826;0.990805 -0.0405482 0.129079 0.181782 0.0786067 0.949019 -0.305261 0.224133 -0.110121 0.312601 0.94348 -1.03589 0 0 0 1 
26875431820106;0.351999;0.0168184;0.953464 -0.289391 -0.0846115 1.9412 0.29573 0.952286 0.0754608 -1.6971 0.0587367 -0.0969714 0.993552 0.457654 0 0 0 1 
26875431820107;0.398745;0.330843;0.99745 0.0625981 0.0342846 -0.591865 -0.0612514 0.99736 -0.0390139 0.461445 -0.0366363 0.0368145 0.99865 0.0316413 0 0 0 1 
26875431820108;0.476963;0.0249909;0.963771 0.255859 0.0753824 -1.74755 -0.260544 0.963557 0.0606196 2.31894 -0.0571252 -0.0780638 0.99531 1.06218 0 0 0 1 
26875431820109;0.419848;0.387845;0.99931 -0.0280842 -0.0243036 0.274385 0.0284611 0.999478 0.015303 -0.115139 0.0238611 -0.0159842 0.999587 0.13926 0 0 0 1 
26875431820110;0.205033;0.0228551;0.996287 0.016658 0.0844708 -0.0161106 -0.00990681 0.996768 -0.0797216 0.408003 -0.0855258 0.0785888 0.993232 -0.180867 0 0 0 1 
26875431820111;0.333895;0.0215109;0.986661 -0.162627 0.00731427 1.29111 0.162763 0.986324 -0.0259262 -0.583332 -0.00299795 0.0267709 0.999637 0.399182 0 0 0 1 
26875431820112;0.392948;0.0391312;0.882045 -0.432028 -0.18801 3.42913 0.440043 0.897976 0.000994895 -1.61893 0.168399 -0.0836101 0.982167 -0.236604 0 0 0 1 
26875431820113;0.35267;0.0189966;0.943677 -0.162867 0.288009 0.869424 0.238062 0.938744 -0.249172 -0.422878 -0.229784 0.303702 0.924643 -0.76194 0 0 0 1 
26875431820114;0.433722;0.373656;0.997382 -0.0495189 0.0526882 0.321853 0.0502883 0.998645 -0.0133779 -0.0762188 -0.0519543 0.0159925 0.998521 0.10228 0 0 0 1 
26875431820115;0.334392;0.0277586;0.974516 -0.220259 0.0424934 1.89226 0.195049 0.925574 0.324451 -0.85728 -0.110794 -0.307894 0.944948 2.5213 0 0 0 1 
26875431820116;0.39563;0.0150636;0.952657 -0.253176 0.168366 2.36848 0.260127 0.965362 -0.0202265 -1.33409 -0.157413 0.0630655 0.985517 0.492217 0 0 0 1 
26875431820117;0.505945;0.0100869;0.967933 0.251158 -0.00500003 -2.15437 -0.251064 0.966511 -0.0531331 0.900322 -0.00851223 0.0526846 0.998575 -0.538063 0 0 0 1 
26875431820118;0.542637;0.0181665;0.911128 0.194963 0.363092 -1.05476 -0.279831 0.939462 0.197752 0.841651 -0.302557 -0.281782 0.910526 3.27457 0 0 0 1 
26875431820119;0.33961;0.226985;0.995859 0.00462574 -0.090796 0.098832 -0.00672269 0.999717 -0.022803 -0.127351 0.0906648 0.0233189 0.995608 -0.292925 0 0 0 1 
26875431820120;0.431883;0.0179156;0.988118 0.132201 -0.078394 -0.133776 -0.0939034 0.92306 0.373017 0.416312 0.121676 -0.361223 0.924507 1.8746 0 0 0 1 
26875431820121;0.296141;0.0156259;0.935236 -0.350746 -0.0480658 2.73595 0.349373 0.936338 -0.0347725 -1.39728 0.0572022 0.0157276 0.998239 -0.580314 0 0 0 1 
26875431820122;0.699318;0.0150639;0.900533 0.0518457 0.431686 -1.18084 -0.0841826 0.994868 0.0561277 -0.128873 -0.42656 -0.0868853 0.900276 3.25841 0 0 0 1 
26875431820124;0.463953;0.0390444;0.980803 0.0731827 -0.180749 -0.122089 -0.105258 0.978963 -0.174795 1.14244 0.164154 0.190464 0.967872 -3.22281 0 0 0 1 
26875431820125;0.172503;0.0265743;0.973355 0.225879 -0.039478 -1.8544 -0.224994 0.974022 0.0256505 1.37558 0.0442464 -0.0160847 0.998891 -0.0884991 0 0 0 1 
26875431820126;0.469661;0.0472116;0.999959 -0.00707073 -0.00565343 -0.426222 0.00677919 0.998725 -0.0500238 0.419755 0.00599993 0.0499834 0.998732 0.115908 0 0 0 1 
26875431820127;0.198437;0.0537602;0.996561 -0.0826571 -0.00575612 0.667481 0.0826432 0.996576 -0.00261459 -0.138891 0.00595253 0.00212989 0.99998 -0.0583911 0 0 0 1 
26875431820128;0.38452;0.0500172;0.948198 -0.317635 0.00543198 3.18324 0.317651 0.948205 -0.00245744 -0.967749 -0.00437006 0.00405561 0.999982 -0.424388 0 0 0 1 
26875431820129;0.474436;0.0432426;0.938547 -0.334534 0.0849455 3.39982 0.342836 0.932031 -0.117393 -1.20345 -0.0398999 0.139301 0.989446 -1.66995 0 0 0 1 
26875431820130;0.313572;0.043167;0.995109 -0.0983674 -0.00902355 0.805728 0.0981292 0.994888 -0.0238545 -0.585575 0.0113239 0.0228523 0.999675 -0.830059 0 0 0 1 
26875431820131;0.549583;0.0276453;0.992292 0.12136 -0.0250496 -1.62378 -0.117815 0.986601 0.112863 0.423418 0.038411 -0.109041 0.993295 1.57012 0 0 0 1 
26875431820132;0.557397;0.510072;0.999299 0.0368011 0.0069357 -0.313894 -0.0362689 0.997193 -0.0655058 0.257017 -0.00932692 0.0652083 0.997828 -0.379594 0 0 0 1 
26875431820133;0.523064;0.273283;0.998365 -0.0399046 0.0409231 0.380881 0.0318999 0.98308 0.18038 -0.4109 -0.0474286 -0.178779 0.982745 2.47001 0 0 0 1 
26875431820134;0.28355;0.0402701;0.980901 0.190728 0.0381468 -1.89808 -0.190659 0.981641 -0.00548484 1.37683 -0.0384926 -0.00189293 0.999257 -0.0339564 0 0 0 1 
26875431820135;0.398345;0.0427881;0.981839 -0.0446498 -0.184388 0.448766 0.0736372 0.985403 0.153491 -0.591531 0.174843 -0.164281 0.970794 1.16267 0 0 0 1 
26875431820136;0.188337;0.0485175;0.996815 0.0656499 0.0452727 -0.780658 -0.0648026 0.997699 -0.0199374 0.598462 -0.0464774 0.0169401 0.998776 0.106126 0 0 0 1 
26875431820137;0.314888;0.0395196;0.937134 -0.0170707 0.348552 -0.0857698 0.0420975 0.997039 -0.0643544 -0.225443 -0.346421 0.0749818 0.935078 1.29714 0 0 0 1 
26875431820138;0.521003;0.018928;0.999768 0.0208895 0.00533858 -0.516674 -0.0208572 0.999764 -0.00602989 -0.358164 -0.00546328 0.00591714 0.999968 0.801508 0 0 0 1 
26875431820139;0.534563;0.0276103;0.962739 -0.220306 -0.156842 2.98954 0.199349 0.970036 -0.138889 -1.21146 0.18274 0.102448 0.977809 -1.7435 0 0 0 1 
26875431820140;0.635129;0.0468613;0.932474 0.118706 -0.341177 0.371043 -0.11229 0.992927 0.0385694 1.19639 0.343342 0.0023458 0.939207 -1.61241 0 0 0 1 
26875431820141;0.451247;0.0445893;0.937862 -0.345367 -0.033727 3.36789 0.342003 0.903502 0.258299 -1.61093 -0.0587356 -0.253784 0.965476 3.03479 0 0 0 1 
26875431820142;0.45211;0.0324695;0.966017 0.0559599 -0.252347 -0.666428 -0.0808661 0.992705 -0.089426 0.772074 0.245502 0.106793 0.963496 -1.77277 0 0 0 1 
26875431820143;0.371493;0.304409;0.997835 0.0152046 0.063979 -0.190108 -0.0182864 0.998687 0.0478619 -0.106765 -0.0631672 -0.0489282 0.996803 0.771399 0 0 0 1 
26875431820144;0.382734;0.0330849;0.974792 0.0146217 0.222636 -0.2447 0.0635382 0.938341 -0.339822 0.892595 -0.213877 0.345402 0.913758 -1.94346 0 0 0 1 
26875431820145;0.502979;0.046646;0.969667 0.239655 0.048079 -2.26608 -0.238223 0.970627 -0.0336494 2.03143 -0.054731 0.0211752 0.998277 -0.516194 0 0 0 1 
26875431820146;0.275674;0.049063;0.956813 0.289456 0.0269006 -2.17847 -0.290683 0.95374 0.0767037 1.92699 -0.00345383 -0.0812107 0.996691 0.580343 0 0 0 1 
26875431820147;0.238197;0.0337935;0.991071 0.0455918 -0.125296 -0.0317846 -0.0595469 0.992147 -0.109991 0.657907 0.119298 0.11647 0.986004 -1.49487 0 0 0 1 
26875431820148;0.24302;0.0364368;0.985479 -0.133206 0.105295 1.00457 0.1503 0.972855 -0.175961 -0.700916 -0.0789981 0.189232 0.97875 -1.43321 0 0 0 1 
26875431820149;0.23664;0.038742;0.944683 -0.319289 0.0750256 2.97765 0.324725 0.942667 -0.0770198 -1.24397 -0.0461326 0.097122 0.994203 -0.627968 0 0 0 1 
26875431820150;0.324251;0.0259004;0.984462 -0.171069 -0.0396352 1.64319 0.166489 0.981056 -0.099053 -0.825412 0.0558292 0.090915 0.994292 -0.606496 0 0 0 1 
26875431820151;0.348638;0.0412694;0.959303 -0.183095 -0.214973 2.12634 0.232795 0.943685 0.235085 -1.2555 0.159824 -0.275562 0.947904 1.81592 0 0 0 1 
26875431820152;0.39459;0.0346179;0.993806 -0.0815137 0.0755309 0.425882 0.0861651 0.994441 -0.0605156 -0.231623 -0.0701781 0.0666489 0.995305 -0.885291 0 0 0 1 
26875431820153;0.461448;0.0438252;0.961053 0.272701 -0.0448513 -2.03568 -0.270626 0.961521 0.0473095 1.59815 0.0560268 -0.033329 0.997873 -0.733187 0 0 0 1 
26875431820155;0.281618;0.0198943;0.997369 0.0465524 -0.0555714 0.456027 -0.0475067 0.998743 -0.0159752 0.0930702 0.0547579 0.0185732 0.998327 -0.0512186 0 0 0 1 
26875431820156;0.544215;0.0168839;0.980013 0.194695 -0.0408419 -0.0575229 -0.193868 0.980749 0.0233603 0.167693 0.0446038 -0.0149754 0.998893 0.679213 0 0 0 1 
26875431820157;0.2633;0.0199957;0.983169 -0.18268 0.00240486 0.0716621 0.177404 0.951463 -0.251486 -0.0983295 0.0436535 0.24768 0.967858 -0.0869954 0 0 0 1 
26875431820158;0.308459;0.23053;0.996755 0.0789813 -0.0155607 0.0790914 -0.0788074 0.996824 0.0114903 0.285399 0.0164187 -0.0102267 0.999813 0.109903 0 0 0 1 
26875431820159;0.600497;0.00894756;0.99801 0.055016 0.0308077 0.764636 -0.050501 0.989974 -0.131914 0.0349058 -0.0377562 0.130095 0.990782 0.580844 0 0 0 1 
26875431820160;0.450407;0.035342;0.905945 -0.207835 0.368873 -0.185288 0.275535 0.950903 -0.14094 -0.216318 -0.32147 0.229321 0.918732 0.756785 0 0 0 1 
26875431820161;0.500041;0.0142028;0.974093 -0.223729 -0.0329796 -0.264631 0.222117 0.973915 -0.0464086 -0.583897 0.0425023 0.037881 0.998378 0.505239 0 0 0 1 
26875431820162;0.266888;0.200023;0.999334 0.0247846 0.0267979 -0.0206792 -0.0240477 0.999333 -0.0274788 0.00804952 -0.0274611 0.0268161 0.999263 0.146766 0 0 0 1 
26875431820163;0.112835;0.00964859;0.993066 -0.0068956 0.117358 -0.0069189 0.0021623 0.999181 0.0404118 -0.00318114 -0.11754 -0.0398779 0.992267 0.389867 0 0 0 1 
26875431820164;0.259006;0.0213304;0.982629 -0.184585 -0.0191974 0.0325484 0.185045 0.982389 0.0259037 -0.641951 0.0140779 -0.0290061 0.99948 -0.23229 0 0 0 1 
26875431820165;0.440579;0.232537;0.974993 0.213176 -0.0628078 0.159933 -0.200899 0.966286 0.161028 0.397809 0.0950176 -0.144383 0.984949 -0.526807 0 0 0 1 
26875431820166;0.350624;0.295016;0.999017 -0.0258349 -0.0360329 -0.03601 0.0247115 0.999205 -0.0312804 0.0180996 0.0368124 0.0303593 0.998861 -0.129324 0 0 0 1 
26875431820167;0.350308;0.0148854;0.978596 -0.19027 0.0784031 0.404958 0.201461 0.963494 -0.176333 -0.138143 -0.04199 0.188354 0.981203 0.0576079 0 0 0 1 
26875431820168;0.226339;0.0296983;0.984171 -0.0563393 -0.16803 0.340634 0.048008 0.997427 -0.0532424 -0.226142 0.170597 0.0443328 0.984343 -0.423305 0 0 0 1 
26875431820169;0.436398;0.015224;0.998876 -0.0465191 -0.00906323 0.24345 0.0465792 0.998893 0.00653832 0.21886 0.00874904 -0.00695313 0.999938 0.548012 0 0 0 1 
26875431820170;0.561995;0.0168433;0.976578 0.0335689 0.212527 -0.479266 -0.0171113 0.996743 -0.0788088 -0.461922 -0.214481 0.0733263 0.973972 0.0025742 0 0 0 1 
26875431820171;0.275385;0.00419812;0.99762 0.0667406 0.017341 -0.0565725 -0.066962 0.997677 0.0125164 0.141249 -0.0164654 -0.0136478 0.999771 0.468201 0 0 0 1 
26875431820172;0.126727;0.0132016;0.999911 -0.00455854 0.0125481 -0.0137095 0.00557897 0.996573 -0.082527 0.0158001 -0.0121289 0.0825897 0.99651 0.201371 0 0 0 1 
26875431820173;0.248339;0.00963537;0.988155 -0.107328 0.109681 -0.110758 0.104004 0.993939 0.0356047 0.040993 -0.112838 -0.0237756 0.993329 0.355403 0 0 0 1 
26875431820174;0.442063;0.243828;0.968892 -0.145888 0.199911 -0.110555 0.144679 0.989262 0.0207234 -0.540294 -0.200788 0.00884421 0.979595 0.42213 0 0 0 1 
26875431820175;0.573407;0.0722611;0.921031 0.231623 -0.313133 0.819929 -0.31201 0.919987 -0.237219 0.812627 0.233133 0.316187 0.919606 -0.881558 0 0 0 1 
26875431820176;0.270556;0.0185187;0.991099 0.129937 -0.0289776 -0.318565 -0.132787 0.98044 -0.145274 0.325513 0.0095343 0.147829 0.988967 -0.0044017 0 0 0 1 
26875431820177;0.516211;0.0244776;0.99494 0.0565453 -0.0830463 -0.453469 -0.0707373 0.981237 -0.179358 -0.254416 0.0713463 0.184325 0.980272 -0.0382718 0 0 0 1 
26875431820178;0.516876;0.245114;0.988686 -0.0925305 -0.118063 0.279343 0.108599 0.98448 0.137857 -0.515244 0.103475 -0.149119 0.98339 0.389572 0 0 0 1 
26875431820179;0.506678;0.485823;0.997912 0.0623563 0.0168243 -0.0603034 -0.0624284 0.998042 0.0037961 0.201738 -0.0165546 -0.00483849 0.999851 -0.00593976 0 0 0 1 
26875431820180;0.166082;0.0110689;0.997612 -0.0107093 0.0682261 -0.193786 0.00430335 0.995623 0.0933572 0.0530142 -0.0689273 -0.0928407 0.993292 0.140991 0 0 0 1 
26875431820181;0.220973;0.13924;0.996465 -0.0802976 0.024713 0.129186 0.0774498 0.991952 0.100166 -0.304381 -0.0325572 -0.0978979 0.994664 0.169692 0 0 0 1 
26875431820182;0.311591;0.018294;0.999987 0.00489165 -0.00107228 0.475842 -0.00490385 0.99992 -0.011687 0.0773119 0.00101503 0.0116921 0.999931 -0.0876302 0 0 0 1 
26875431820183;0.378261;0.224128;0.973 0.213278 -0.0882234 0.0486477 -0.202075 0.971884 0.120862 0.570117 0.11152 -0.0997714 0.988741 -0.351696 0 0 0 1 
26875431820184;0.707951;0.230454;0.989448 -0.13596 0.0500805 -0.0806103 0.137567 0.990034 -0.0301497 -0.320235 -0.0454822 0.036721 0.99829 -0.734458 0 0 0 1 
26875431820186;0.0232744;0.0288525;0.999995 -0.00291754 0.000892158 -0.0180241 0.00291473 0.999991 0.0031287 -0.0568645 -0.000901278 -0.00312608 0.999995 0.0303871 0 0 0 1 
26875431820187;0.469951;0.0316929;0.997873 -0.0483404 0.0437408 0.121475 0.0482501 0.99883 0.00311767 0.0454187 -0.0438404 -0.00100054 0.999038 -0.724453 0 0 0 1 
26875431820188;0.333415;0.235612;0.999401 0.0101236 0.0330929 0.0523559 -0.00925386 0.99961 -0.0263311 0.186527 -0.0333466 0.0260091 0.999105 -0.0606652 0 0 0 1 
26875431820189;0.215891;0.0284254;0.999585 -0.0214455 0.0192081 0.00495894 0.024291 0.986351 -0.162854 0.306832 -0.0154534 0.163253 0.986463 0.076266 0 0 0 1 
26875431820190;0.353199;0.027521;0.999149 -0.00431481 -0.0410275 0.122257 0.00426081 0.99999 -0.00140353 -0.0565359 0.0410331 0.00122752 0.999157 0.571359 0 0 0 1 
26875431820191;0.375035;0.0286155;0.882257 0.107133 -0.458417 0.632463 -0.0601615 0.991435 0.115917 -0.0939606 0.466909 -0.0746891 0.881146 -0.466376 0 0 0 1 
26875431820192;0.269163;0.0362398;0.998898 -0.0334273 0.0329313 -0.162073 0.0339997 0.999278 -0.0169782 0.33032 -0.03234 0.0180792 0.999313 0.235077 0 0 0 1 
26875431820193;0.42369;0.0339645;0.911467 -0.170305 0.374465 -0.310855 0.260276 0.943661 -0.204353 -0.0966957 -0.318566 0.283725 0.904442 0.512361 0 0 0 1 
26875431820194;0.276623;0.21009;0.995694 0.0672978 0.0637499 -0.0951246 -0.0643813 0.99683 -0.0467504 0.250336 -0.066694 0.0424448 0.99687 0.207625 0 0 0 1 
26875431820195;0.12753;0.0279732;0.997545 0.0698724 0.00458125 -0.186472 -0.0699289 0.997459 0.0136137 0.0521363 -0.00361839 -0.0139006 0.999897 -0.118325 0 0 0 1 
26875431820196;0.182656;0.0243926;0.998365 -0.0571209 -0.00204398 -0.118258 0.0569961 0.997595 -0.0394352 -0.321044 0.00429164 0.0392543 0.99922 -0.127428 0 0 0 1 
26875431820197;0.141522;0.0268569;0.999268 0.0323627 -0.0204181 -0.262278 -0.031736 0.999037 0.0303027 0.0606162 0.0213792 -0.0296326 0.999332 -0.0783564 0 0 0 1 
26875431820198;0.296595;0.205619;0.998282 -0.0405383 -0.0423163 0.142366 0.0396431 0.998976 -0.0217828 0.0914157 0.043156 0.0200679 0.998867 -0.201681 0 0 0 1 
26875431820199;0.374604;0.352508;0.998844 -0.0209458 -0.0432621 0.0959313 0.0219047 0.999522 0.0218101 -0.0495595 0.0427846 -0.0227325 0.998826 0.069033 0 0 0 1 
26875431820200;0.14975;0.0310953;0.998998 0.0160702 -0.0417722 -0.218772 -0.0127001 0.996736 0.0797254 0.0492336 0.042917 -0.079115 0.995941 0.00389543 0 0 0 1 
26875431820201;0.180431;0.0352182;0.99559 -0.0390352 -0.0853094 0.329251 0.0402466 0.999111 0.0125255 -0.179719 0.0847447 -0.0159037 0.996276 -0.137558 0 0 0 1 
26875431820202;0.0568232;0.0336683;0.999504 -0.0305742 -0.00758629 -0.0230253 0.0301692 0.998356 -0.0487317 -0.016382 0.00906375 0.0484787 0.998783 -0.032241 0 0 0 1 
26875431820203;0.370175;0.341678;0.999735 -0.0194663 -0.0123129 -0.0170328 0.0199006 0.999147 0.0361941 -0.0356587 0.0115979 -0.0364295 0.999269 -0.0442421 0 0 0 1 
26875431820204;0.336699;0.292691;0.994976 0.0990104 -0.0148425 -0.0574528 -0.0999912 0.990169 -0.0978114 0.418745 0.00501219 0.0988041 0.995094 -0.0248974 0 0 0 1 
26875431820205;0.579018;0.185017;0.981121 0.0109579 0.193087 0.435032 -0.0246752 0.997327 0.0687814 -0.426006 -0.191817 -0.0722473 0.978768 -0.147272 0 0 0 1 
26875431820206;0.454909;0.0212199;0.945078 0.028966 0.325558 -0.241091 0.046969 0.973691 -0.222981 -0.0698277 -0.323451 0.226026 0.918853 1.07151 0 0 0 1 
26875431820207;0.201469;0.14642;0.999341 0.0351754 0.00893993 -0.0473581 -0.0355042 0.998579 0.0397512 -0.0173485 -0.00752896 -0.0400424 0.99917 0.0879024 0 0 0 1 
26875431820208;0.418791;0.365876;0.99985 -0.0151401 0.00846466 -0.0695924 0.01453 0.997579 0.0680139 -0.0878508 -0.00947391 -0.0678806 0.997648 -0.0562336 0 0 0 1 
26875431820209;0.261543;0.235568;0.999118 -0.0419728 0.000865879 0.0419205 0.0419783 0.999088 -0.00777616 -0.0165519 -0.000538702 0.00780565 0.999969 0.0387813 0 0 0 1 
26875431820210;0.579052;0.347126;0.998393 -0.0562525 0.00680167 -0.37953 0.0554136 0.994394 0.0900584 -0.301958 -0.0118295 -0.0895368 0.995913 -0.0454157 0 0 0 1 
26875431820211;0.254845;0.121701;0.996784 -0.0762772 -0.0245447 0.136545 0.0755647 0.996726 -0.0287573 -0.185851 0.0266579 0.0268102 0.999285 0.219435 0 0 0 1 
26875431820212;0.320883;0.0286706;0.965949 -0.120476 0.22897 0.00511528 0.1475 0.983497 -0.10477 -0.235316 -0.212569 0.134976 0.967779 0.715021 0 0 0 1 
26875431820213;0.233658;0.0271717;0.998724 -0.0502848 0.00475924 -0.106633 0.0504996 0.992213 -0.113853 -0.009375 0.00100292 0.113948 0.993486 -0.396065 0 0 0 1 
26875431820214;0.442932;0.0272655;0.98196 0.0388569 -0.185054 0.346172 -0.0832532 0.96754 -0.23861 0.531704 0.169776 0.249712 0.953321 0.260131 0 0 0 1 
26875431820215;0.292551;0.0284675;0.969734 0.0670544 0.234776 0.0206474 -0.0149364 0.976041 -0.217073 -0.162004 -0.243707 0.206996 0.947502 0.352427 0 0 0 1 
26875431820217;0.53888;0.0141262;0.943511 -0.26947 0.1928 1.04805 0.322006 0.882856 -0.341873 -0.725966 -0.0780903 0.384644 0.919756 -0.398749 0 0 0 1 
26875431820218;0.132212;0.012991;0.999952 -0.00698545 -0.00685151 -0.00275726 0.00681123 0.999661 -0.0251305 0.172558 0.00702473 0.0250826 0.999661 0.119258 0 0 0 1 
26875431820219;0.276971;0.00941946;0.99135 -0.0567352 0.118349 0.409807 0.0593661 0.998059 -0.018822 -0.635494 -0.117052 0.0256851 0.992794 0.349879 0 0 0 1 
26875431820220;0.346183;0.30769;0.997718 0.0666291 0.0109241 -0.143079 -0.0666044 0.997776 -0.00261205 0.232574 -0.0110739 0.0018785 0.999937 0.207335 0 0 0 1 
26875431820221;0.22686;0.00857414;0.999985 -0.00270328 0.00472732 0.407655 0.00270211 0.999996 0.000253612 -0.0305859 -0.00472799 -0.000240835 0.999989 -0.245417 0 0 0 1 
26875431820222;0.271182;0.240629;0.998476 0.0405274 0.037472 -0.0846645 -0.0402784 0.999161 -0.00737683 0.168344 -0.0377395 0.00585627 0.99927 0.152052 0 0 0 1 
26875431820223;0.173034;0.00745464;0.999962 -0.00693679 0.00537287 -0.17762 0.00693001 0.999975 0.00127883 -0.187358 -0.00538161 -0.00124155 0.999985 -0.268142 0 0 0 1 
26875431820224;0.421446;0.0236733;0.995912 0.0516721 0.0740863 -0.688487 -0.0564163 0.99639 0.0634421 -0.330473 -0.0705406 -0.0673624 0.995232 0.617351 0 0 0 1 
26875431820225;0.149136;0.0130993;0.983574 0.180355 -0.00741708 -0.135624 -0.179574 0.981835 0.0612673 0.799116 0.0183322 -0.058929 0.998094 -0.0650166 0 0 0 1 
26875431820226;0.0692592;0.00843503;0.999393 -0.0343533 0.00580852 0.166009 0.0344064 0.999365 -0.00931376 -0.125387 -0.00548487 0.00950795 0.99994 -0.0466539 0 0 0 1 
26875431820227;0.394953;0.249144;0.991556 0.108028 0.0717448 -0.430141 -0.112193 0.992062 0.0567928 0.18603 -0.0650401 -0.0643625 0.995805 -0.0538061 0 0 0 1 
26875431820228;0.385763;0.0170366;0.999569 -0.0292649 0.00222688 -0.251562 0.0293393 0.994346 -0.102054 0.636152 0.000772309 0.102075 0.994776 0.116487 0 0 0 1 
26875431820229;0.236316;0.0116314;0.979401 -0.0995827 0.175662 0.174573 0.0975182 0.995025 0.0203683 -0.110105 -0.176817 -0.00281843 0.98424 0.815227 0 0 0 1 
26875431820230;0.353557;0.262005;0.985454 0.162753 0.0489044 -0.44284 -0.15985 0.985415 -0.0583613 0.892232 -0.0576896 0.049695 0.997097 0.150947 0 0 0 1 
26875431820231;0.448584;0.0158155;0.999308 0.00616617 0.0366928 -0.254229 -0.00472006 0.999214 -0.0393682 0.271375 -0.0369067 0.0391678 0.998551 -0.772061 0 0 0 1 
26875431820232;0.290281;0.0155473;0.964364 -0.195579 0.178188 0.559918 0.134492 0.942342 0.306438 -0.633111 -0.227847 -0.271553 0.935064 1.27117 0 0 0 1 
26875431820233;0.217224;0.0155785;0.995953 -0.0766522 -0.0469241 0.575745 0.076183 0.997025 -0.0117092 -0.323921 0.047682 0.00808704 0.99883 -0.296577 0 0 0 1 
26875431820234;0.288361;0.0112323;0.984809 -0.163498 -0.058481 0.3524 0.167951 0.982403 0.0817155 -1.33531 0.0440916 -0.0902961 0.994938 -0.33547 0 0 0 1 
26875431820235;0.189456;0.0155321;0.977743 -0.151405 -0.145243 0.52699 0.155216 0.987764 0.0152071 -0.771352 0.141164 -0.0374126 0.989279 -0.655197 0 0 0 1 
26875431820236;0.315102;0.0136608;0.935548 0.235653 0.263093 -0.156755 -0.213124 0.970637 -0.11154 1.30831 -0.281652 0.0482796 0.958301 1.50782 0 0 0 1 
26875431820237;0.012092;0.010615;0.999967 -0.00487338 0.00656009 0.0171183 0.00487476 0.999988 -0.000194857 -0.0491657 -0.00655906 0.000226829 0.999978 0.04323 0 0 0 1 
26875431820238;0.26454;0.0087075;0.953899 -0.276258 0.117299 0.511404 0.265428 0.958937 0.0999347 -1.39887 -0.14009 -0.0641933 0.988056 0.956772 0 0 0 1 
26875431820239;0.246987;0.0156458;0.999349 0.029868 0.0202545 -0.291721 -0.0316716 0.994924 0.0955142 -0.321142 -0.0172989 -0.0960935 0.995222 0.170771 0 0 0 1 
26875431820240;0.363487;0.145294;0.949829 0.272438 -0.153632 -0.180041 -0.256554 0.959601 0.115526 1.08956 0.178899 -0.0703154 0.981352 -0.984593 0 0 0 1 
26875431820241;0.468508;0.0101368;0.89003 -0.45586 0.00614939 0.666029 0.455829 0.890048 0.00582001 -2.23749 -0.00812637 -0.00237691 0.999964 0.434269 0 0 0 1 
26875431820242;0.496458;0.0131364;0.962823 -0.206795 -0.173801 0.914015 0.260036 0.883779 0.388994 -1.9787 0.0731592 -0.419727 0.904697 -0.0230625 0 0 0 1 
26875431820243;0.419239;0.0155872;0.908041 0.260637 0.327916 -0.389214 -0.21806 0.962529 -0.161208 1.34485 -0.357646 0.0748781 0.930851 1.42799 0 0 0 1 
26875431820244;0.327061;0.014454;0.999956 -0.00294376 0.00885627 -0.503897 0.00391194 0.993771 -0.111373 0.487309 -0.00847325 0.111402 0.993739 0.0158807 0 0 0 1 
26875431820245;0.440644;0.0148204;0.912506 0.0501273 0.405981 -0.376023 -0.0953463 0.991191 0.0919215 0.245579 -0.397797 -0.122588 0.909247 1.92648 0 0 0 1 
26875431820246;0.33651;0.0105926;0.988762 -0.0581224 0.137735 -0.0720074 0.0461533 0.995001 0.0885561 -0.649788 -0.142193 -0.0812041 0.986502 0.23305 0 0 0 1 
26875431820248;0.482971;0.0227992;0.939115 -0.0831992 -0.333379 0.841823 0.116765 0.989776 0.0819098 -0.3953 0.323156 -0.11585 0.939228 -2.3281 0 0 0 1 
26875431820249;0.481186;0.0181657;0.971339 -0.192314 -0.139703 0.351453 0.181611 0.979619 -0.0858142 -0.722133 0.153358 0.0579832 0.986468 0.306181 0 0 0 1 
26875431820250;0.362957;0.0221001;0.965256 0.226849 0.129693 0.145689 -0.210577 0.969168 -0.127945 1.53774 -0.154719 0.0961897 0.983265 0.512512 0 0 0 1 
26875431820251;0.294996;0.023904;0.995529 0.0933093 -0.014704 0.65293 -0.0922362 0.993818 0.0617966 0.100104 0.0203793 -0.0601641 0.99798 -0.325231 0 0 0 1 
26875431820252;0.28587;0.0169046;0.999693 -0.0247615 0.000224349 0.309389 0.0247606 0.999688 0.00334034 -0.634582 -0.00030699 -0.00333377 0.999994 0.250972 0 0 0 1 
26875431820253;0.612372;0.0223495;0.959337 0.0891252 -0.267824 1.16346 -0.0259732 0.97269 0.230652 -0.934172 0.281067 -0.214317 0.935452 -1.12604 0 0 0 1 
26875431820254;0.431445;0.365852;0.998826 0.0432624 0.0217797 -0.0660277 -0.0418375 0.997193 -0.0621009 0.369269 -0.0244052 0.0611168 0.997832 0.0202576 0 0 0 1 
26875431820255;0.351175;0.0186919;0.999664 -0.0237358 0.0104527 -0.275617 0.023651 0.999687 0.00816295 0.00198171 -0.0106432 -0.00791299 0.999912 0.790745 0 0 0 1 
26875431820256;0.151421;0.0208905;0.982442 0.186524 -0.00398829 0.148409 -0.186555 0.982398 -0.00953135 0.864601 0.00214026 0.010108 0.999947 0.0076237 0 0 0 1 
26875431820257;0.412483;0.0166309;0.987119 -0.15114 -0.0524582 -0.124703 0.15602 0.981984 0.106608 -1.63996 0.0354004 -0.113419 0.992916 -0.319395 0 0 0 1 
