#;prob_registration_l1 -r /home/probabilistic_point_clouds_registration/build/tester /home/point_clouds_registration_benchmark//devel/registration_pairs/wood_summer_local.txt /home/point_clouds_registration_benchmark//eth/wood_summer -s 0.2 -t 0.2 -p 0.3 -r 1000 -m 25 -i 40 
id;initial_error;final_error;transformation
2318808360000;0.0774618;0.029691;0.997882 0.0431489 0.0486867 -0.495172 -0.0430122 0.999067 -0.00385237 0.452886 -0.0488075 0.00175009 0.998807 0.333172 0 0 0 1 
2318808360001;0.306883;0.0304474;0.997349 0.071485 -0.0135895 -0.177044 -0.071726 0.997259 -0.0181636 0.618424 0.0122538 0.0190902 0.999743 -0.434224 0 0 0 1 
2318808360002;0.495258;0.295794;0.974617 -0.211036 -0.0747407 2.30617 0.212512 0.977081 0.0122918 -1.436 0.0704337 -0.0278631 0.997127 0.312911 0 0 0 1 
2318808360003;0.524546;0.409493;0.999044 -0.0432819 0.00615253 0.271733 0.0429287 0.997871 0.0490965 -0.527217 -0.00826442 -0.0487855 0.998775 0.390476 0 0 0 1 
2318808360004;0.20511;0.0215631;0.997734 -0.0632502 0.0229416 0.610307 0.0632051 0.997997 0.00268311 -0.54018 -0.0230654 -0.001227 0.999733 -0.190476 0 0 0 1 
2318808360005;0.440296;0.290011;0.998386 -0.0329094 -0.0462956 0.371521 0.0380105 0.992752 0.114012 -0.544371 0.042208 -0.115588 0.9924 0.411388 0 0 0 1 
2318808360006;0.169359;0.0334834;0.996568 -0.0788457 0.0252026 0.943628 0.0793269 0.996673 -0.0186998 -0.419413 -0.0236444 0.0206348 0.999507 0.106207 0 0 0 1 
2318808360007;0.299345;0.259479;0.998522 -0.0446947 0.0309098 0.278869 0.0441636 0.998868 0.0176576 -0.437094 -0.0316641 -0.0162664 0.999366 0.345442 0 0 0 1 
2318808360008;0.34518;0.250603;0.990185 0.0923171 0.104936 -1.1202 -0.0979325 0.993953 0.0496725 0.558959 -0.0997161 -0.0594617 0.993238 1.61772 0 0 0 1 
2318808360009;0.553788;0.433455;0.99837 0.0503887 0.0267995 -0.45915 -0.0498167 0.998525 -0.0215982 0.220962 -0.0278483 0.020228 0.999407 0.143738 0 0 0 1 
2318808360010;0.296129;0.0179263;0.992045 -0.125882 0.00122016 1.22116 0.125727 0.991223 0.0408661 -1.26442 -0.00635374 -0.0403875 0.999164 0.0321978 0 0 0 1 
2318808360011;0.267088;0.0262724;0.974821 -0.18497 0.124536 2.06353 0.171639 0.978945 0.110482 -1.24568 -0.14235 -0.0863254 0.986045 2.35971 0 0 0 1 
2318808360012;0.117207;0.0253994;0.996805 -0.00134962 -0.0798604 0.048836 0.00530124 0.99877 0.0492902 -0.197163 0.0796957 -0.0495561 0.995587 -0.274244 0 0 0 1 
2318808360013;0.297157;0.0173673;0.99678 -0.0478048 0.0643712 -0.0491015 0.0501901 0.998092 -0.0359629 -0.606952 -0.0625292 0.0390779 0.997278 -0.0413095 0 0 0 1 
2318808360014;0.320442;0.0239027;0.999918 0.0112355 0.006211 -0.0865357 -0.0112422 0.999936 0.00104708 0.0879924 -0.00619884 -0.00111682 0.99998 -0.585225 0 0 0 1 
2318808360015;0.329054;0.0190843;0.962866 0.237445 -0.128487 -2.06215 -0.250635 0.963059 -0.0984888 2.44344 0.100355 0.127035 0.986809 -2.55455 0 0 0 1 
2318808360016;0.335073;0.022577;0.999419 0.0336074 0.00561272 -0.273765 -0.0336164 0.999434 0.0015073 -0.0383227 -0.00555889 -0.0016951 0.999983 -0.521825 0 0 0 1 
2318808360017;0.483715;0.0228365;0.972571 0.227988 -0.0461096 -2.54497 -0.228392 0.973563 -0.00360703 1.79285 0.0440682 0.0140391 0.99893 0.202669 0 0 0 1 
2318808360018;0.313611;0.292425;0.998717 -0.0469827 -0.0188788 0.394517 0.0468162 0.998861 -0.00916822 -0.376011 0.0192881 0.00827263 0.99978 -0.2027 0 0 0 1 
2318808360019;0.502137;0.45041;0.999705 0.0133367 0.0203056 -0.188117 -0.0129034 0.999689 -0.0213208 -0.0447461 -0.0205837 0.0210525 0.999566 -0.224048 0 0 0 1 
2318808360020;0.421809;0.0214515;0.965609 0.0251657 0.258779 -0.585812 -0.00285883 0.996272 -0.0862181 0.260114 -0.259984 0.0825131 0.962081 0.543045 0 0 0 1 
2318808360021;0.393879;0.0203808;0.909586 -0.294148 -0.293481 4.28213 0.20027 0.929199 -0.310614 -0.841286 0.364069 0.223754 0.904095 -5.04491 0 0 0 1 
2318808360022;0.404256;0.0281197;0.99521 0.0381183 -0.0900252 -0.329837 -0.044567 0.996498 -0.0707441 1.15582 0.0870133 0.0744174 0.993424 -1.78566 0 0 0 1 
2318808360023;0.175152;0.020767;0.978939 -0.191623 0.0704142 1.97789 0.195055 0.979734 -0.045551 -1.28256 -0.0602586 0.0583263 0.996477 -0.107958 0 0 0 1 
2318808360024;0.438639;0.0190794;0.992979 0.0123919 -0.117642 -0.817665 -0.0245541 0.994429 -0.102506 0.384907 0.115716 0.104674 0.987752 -2.06767 0 0 0 1 
2318808360025;0.493149;0.0307566;0.98536 -0.170347 -0.00691401 1.70776 0.170091 0.985022 -0.0282908 -0.682137 0.0116297 0.0267006 0.999576 0.36591 0 0 0 1 
2318808360026;0.26214;0.0261587;0.981346 0.022518 -0.190928 -0.232575 -0.00974675 0.997667 0.0675678 -0.033758 0.192004 -0.0644464 0.979276 -0.50274 0 0 0 1 
2318808360027;0.301824;0.0250966;0.970077 0.242674 -0.00772313 -2.26678 -0.235819 0.934153 -0.267859 2.97971 -0.0577876 0.261665 0.963427 -2.20405 0 0 0 1 
2318808360028;0.111442;0.0295907;0.999178 -0.0266719 -0.0305261 0.294062 0.0303971 0.99119 0.128912 -0.382587 0.0268188 -0.129734 0.991186 1.1086 0 0 0 1 
2318808360029;0.556383;0.0269891;0.994941 -0.0607139 -0.0800394 0.131039 0.0857276 0.928481 0.361349 -0.447331 0.0523761 -0.366383 0.928989 4.16574 0 0 0 1 
2318808360031;0.47988;0.348803;0.998344 0.0447177 -0.0361876 -0.0881566 -0.0444621 0.99898 0.0078363 0.496295 0.0365011 -0.00621434 0.999314 -0.375579 0 0 0 1 
2318808360032;0.536016;0.0103927;0.930872 0.047942 -0.362186 0.676624 -0.151268 0.952963 -0.26264 2.7514 0.332558 0.299271 0.894339 -6.02051 0 0 0 1 
2318808360033;0.38485;0.00630084;0.988597 0.144669 0.0418036 -1.35252 -0.144326 0.989468 -0.0111276 1.18657 -0.0429731 0.00496735 0.999064 -0.372103 0 0 0 1 
2318808360034;0.495664;0.354263;0.998728 0.0467309 0.0189145 -0.522941 -0.0464535 0.99881 -0.0148496 0.639741 -0.0195859 0.0139521 0.999711 -0.454899 0 0 0 1 
2318808360035;0.329409;0.0096067;0.993554 0.104094 -0.0448851 -0.810728 -0.104423 0.99452 -0.00503224 1.10032 0.0441154 0.00968683 0.998979 -1.01291 0 0 0 1 
2318808360036;0.430313;0.208141;0.975075 0.0961235 -0.199975 -0.299018 -0.0987584 0.995106 -0.00321899 0.792163 0.198687 0.0228879 0.979796 -1.81085 0 0 0 1 
2318808360037;0.120765;0.0103237;0.994017 0.0111588 -0.108653 0.0464738 -0.0240186 0.992749 -0.117779 0.464183 0.106551 0.119684 0.987078 -2.12618 0 0 0 1 
2318808360038;0.516165;0.0143086;0.97591 -0.185322 0.115129 1.81576 0.183061 0.982644 0.0300014 -2.01018 -0.118691 -0.00820292 0.992897 1.74977 0 0 0 1 
2318808360039;0.413132;0.0148845;0.972477 -0.127261 0.195177 1.09062 0.120884 0.991678 0.0442942 -0.568642 -0.199189 -0.0194813 0.979767 2.32267 0 0 0 1 
2318808360040;0.306491;0.0104921;0.989901 0.115967 -0.0815383 -0.810067 -0.102376 0.982645 0.154686 0.840526 0.0980617 -0.144776 0.984593 0.36382 0 0 0 1 
2318808360041;0.475776;0.328117;0.99601 -0.0834959 -0.0315017 0.906077 0.0840893 0.996296 0.018004 -0.598248 0.0298817 -0.0205811 0.999342 0.420407 0 0 0 1 
2318808360042;0.392346;0.0104488;0.994226 0.045794 0.0970453 -0.578724 -0.0455205 0.998951 -0.00503156 0.407489 -0.0971739 0.000584952 0.995267 1.56629 0 0 0 1 
2318808360043;0.212163;0.00575616;0.992039 0.0632274 -0.108906 -0.458811 -0.0353287 0.969824 0.241235 0.284443 0.120872 -0.235467 0.964337 1.64031 0 0 0 1 
2318808360044;0.216595;0.0102613;0.989085 0.115674 -0.091276 -1.3376 -0.109622 0.991593 0.068755 0.669352 0.0984618 -0.0579987 0.993449 -0.0510771 0 0 0 1 
2318808360045;0.469606;0.298246;0.976893 0.0862749 -0.195542 -0.386632 -0.142674 0.944449 -0.296074 2.62266 0.159136 0.317131 0.934935 -4.20218 0 0 0 1 
2318808360046;0.276896;0.003783;0.99915 0.018633 0.0367601 -0.024144 -0.0184057 0.999809 -0.00651068 -0.322005 -0.0368744 0.00582856 0.999303 0.0782071 0 0 0 1 
2318808360047;0.219223;0.0151758;0.964018 -0.134329 -0.2294 2.00839 0.129637 0.990927 -0.035476 -0.796331 0.232084 0.00446071 0.972685 -1.98696 0 0 0 1 
2318808360048;0.2746;0.0121505;0.947209 -0.0251989 0.319625 0.204935 0.00413013 0.997783 0.0664246 -0.018111 -0.32059 -0.0615979 0.945213 3.34616 0 0 0 1 
2318808360049;0.475244;0.375158;0.998129 -0.0472851 -0.0387579 0.620311 0.0482119 0.998564 0.0233383 -0.39183 0.0375987 -0.0251633 0.998976 -0.205171 0 0 0 1 
2318808360050;0.266943;0.0169439;0.953603 -0.300999 -0.0063759 3.70366 0.301037 0.953593 0.00614941 -2.08189 0.00422904 -0.00778348 0.999961 -0.136565 0 0 0 1 
2318808360051;0.316495;0.0122976;0.975811 -0.0573173 0.210966 0.583361 0.0274527 0.989506 0.141858 -0.406368 -0.216883 -0.132635 0.967145 3.76536 0 0 0 1 
2318808360052;0.442125;0.367406;0.989432 0.116491 0.0863396 -1.00191 -0.112103 0.992226 -0.0540462 1.17126 -0.0919642 0.0437961 0.994799 0.475213 0 0 0 1 
2318808360053;0.502153;0.0105502;0.999267 -0.035601 0.0140643 1.10154 0.0335121 0.991206 0.128014 -0.462047 -0.0184981 -0.127449 0.991673 2.22329 0 0 0 1 
2318808360054;0.189299;0.0139908;0.967118 -0.253846 -0.0156387 3.077 0.251744 0.964226 -0.0830192 -1.63339 0.0361533 0.0763524 0.996425 -1.16035 0 0 0 1 
2318808360055;0.56348;0.0124384;0.952954 0.138829 -0.269452 -0.164635 -0.171039 0.980188 -0.0998838 2.39413 0.250247 0.141272 0.95782 -3.56235 0 0 0 1 
2318808360056;0.0419399;0.00663761;0.998681 0.0489349 -0.015523 -0.495214 -0.0488493 0.998789 0.00584531 0.385188 0.0157903 -0.00507931 0.999862 -0.0580163 0 0 0 1 
2318808360057;0.467263;0.00382415;0.997687 -0.0679595 -0.00119155 0.880887 0.0679002 0.997305 -0.0277954 -1.27748 0.0030773 0.0276502 0.999613 -0.822844 0 0 0 1 
2318808360058;0.291617;0.0118028;0.999948 0.00596167 0.00832223 -0.0266954 -0.0070611 0.990262 0.13904 0.510903 -0.00741228 -0.139091 0.990252 1.82042 0 0 0 1 
2318808360059;0.25976;0.0088718;0.975816 0.025623 -0.217086 0.385993 -0.0416803 0.996696 -0.0697138 0.47366 0.214583 0.0770761 0.97366 -2.32187 0 0 0 1 
2318808360060;0.11731;0.00578592;0.991551 0.0988761 0.0839707 -1.13716 -0.0945484 0.994052 -0.0540483 0.945407 -0.0888153 0.0456523 0.995001 0.25597 0 0 0 1 
2318808360062;0.468711;0.0622076;0.935584 0.342904 -0.0842614 -1.0215 -0.307067 0.907914 0.28531 1.67322 0.174336 -0.241057 0.954724 0.275275 0 0 0 1 
2318808360063;0.468392;0.0100356;0.992849 -0.118076 0.0175672 -0.434939 0.115542 0.987499 0.107221 -1.1254 -0.0300077 -0.104424 0.99408 -0.0363529 0 0 0 1 
2318808360064;0.317402;0.0110785;0.946283 0.32326 0.00712693 -0.542361 -0.323217 0.946302 -0.00651877 2.00037 -0.00885149 0.00386506 0.999953 -0.357108 0 0 0 1 
2318808360065;0.263432;0.0130014;0.973291 -0.217461 0.0735884 0.750121 0.208957 0.971903 0.108361 -1.52568 -0.0950851 -0.0900903 0.991384 1.04872 0 0 0 1 
2318808360066;0.238324;0.0166529;0.999473 -0.0323984 0.00184445 -0.361041 0.0323641 0.999343 0.0163076 -0.406561 -0.00237158 -0.0162393 0.999865 0.161741 0 0 0 1 
2318808360067;0.429905;0.0131142;0.993329 0.0950953 -0.0652302 0.74229 -0.0910056 0.993853 0.0630429 0.571195 0.0708243 -0.056686 0.995877 -0.533416 0 0 0 1 
2318808360068;0.55967;0.396173;0.991171 -0.0529568 -0.121558 0.428598 0.0584013 0.997423 0.0416699 -0.552704 0.119038 -0.0484012 0.991709 -0.771404 0 0 0 1 
2318808360069;0.324897;0.0111134;0.997668 0.0624879 0.0274443 0.197008 -0.0629172 0.997905 0.0150646 0.090334 -0.0264455 -0.0167562 0.99951 -0.38458 0 0 0 1 
2318808360070;0.327797;0.0111224;0.995774 0.0591509 0.0702484 0.492824 -0.0552832 0.996911 -0.0557835 0.316716 -0.073331 0.0516642 0.995969 0.0734127 0 0 0 1 
2318808360071;0.127608;0.00941039;0.989032 0.122447 0.0825944 -0.439242 -0.122982 0.992408 0.00140853 0.765199 -0.0817948 -0.0115507 0.996582 0.45345 0 0 0 1 
2318808360072;0.27755;0.0102497;0.96333 -0.261285 -0.0610375 0.719474 0.261106 0.965247 -0.0110425 -1.14398 0.0618015 -0.00529964 0.998074 -0.540358 0 0 0 1 
2318808360073;0.377754;0.0119501;0.992672 -0.0629767 0.103136 -0.00323798 0.0793854 0.983321 -0.163642 0.0496798 -0.0911099 0.17063 0.981114 -0.68754 0 0 0 1 
2318808360074;0.367604;0.33753;0.994325 -0.105554 -0.0132414 0.528091 0.10563 0.994392 0.00521915 -0.893825 0.0126162 -0.00658823 0.999899 0.0379437 0 0 0 1 
2318808360075;0.223733;0.0166762;0.964365 -0.0153914 0.264129 0.0547174 0.0131429 0.999861 0.0102778 -0.282377 -0.264251 -0.00644015 0.964433 1.6238 0 0 0 1 
2318808360076;0.344651;0.0113519;0.993372 -0.114132 -0.0136407 0.834677 0.114071 0.964254 0.239168 -0.816431 -0.0141436 -0.239139 0.970882 1.23912 0 0 0 1 
2318808360077;0.167206;0.0161562;0.994915 0.02845 0.0966124 -0.0189932 -0.0312816 0.999121 0.027922 0.422209 -0.0957331 -0.0308022 0.99493 0.541944 0 0 0 1 
2318808360078;0.455663;0.349139;0.998489 0.052357 0.0166851 -0.415701 -0.0529561 0.997883 0.03776 0.0763398 -0.0146728 -0.0385865 0.999148 -0.380474 0 0 0 1 
2318808360079;0.349782;0.0134217;0.990984 0.0777697 0.1091 -0.202533 -0.0930872 0.98531 0.143177 0.485238 -0.0963627 -0.152042 0.983665 1.71761 0 0 0 1 
2318808360080;0.31557;0.18565;0.995277 0.0309135 -0.0920255 -0.0637953 -0.0171056 0.988957 0.147213 -0.139021 0.0955601 -0.144943 0.984815 -0.104159 0 0 0 1 
2318808360081;0.265138;0.0117279;0.99391 0.0757274 -0.0800564 -0.074667 -0.0929781 0.96622 -0.240362 1.14794 0.0591501 0.246342 0.967376 -0.787559 0 0 0 1 
2318808360082;0.291619;0.160028;0.987477 0.133968 -0.083312 -0.168463 -0.145545 0.977376 -0.153471 1.02527 0.0608669 0.163675 0.984635 -0.796296 0 0 0 1 
2318808360083;0.406111;0.00959848;0.989079 -0.146472 0.016361 -0.0143806 0.144852 0.986571 0.0754707 -0.929925 -0.0271956 -0.0722766 0.997014 -0.376823 0 0 0 1 
2318808360084;0.25521;0.0127013;0.999418 0.0328782 -0.0090935 0.0742779 -0.0340397 0.943776 -0.328828 0.815435 -0.00222904 0.328946 0.944346 -0.910004 0 0 0 1 
2318808360085;0.097134;0.0116464;0.999285 -0.0116876 0.03596 -0.0313286 0.0108248 0.999651 0.0240951 -0.012611 -0.0362291 -0.0236887 0.999063 0.448005 0 0 0 1 
2318808360086;0.630308;0.597314;0.998907 0.00954933 -0.0457529 0.0330519 -0.0080273 0.999412 0.0333354 -0.0212885 0.0460443 -0.0329317 0.998396 -0.17531 0 0 0 1 
2318808360087;0.164964;0.012806;0.988969 0.143682 0.0359911 -0.339458 -0.139237 0.984676 -0.105001 1.08099 -0.0505264 0.0988319 0.993821 -0.00384425 0 0 0 1 
2318808360088;0.426784;0.0149952;0.921582 0.205262 0.329475 -0.283216 -0.13661 0.965961 -0.219677 1.07066 -0.363351 0.157441 0.918253 2.22996 0 0 0 1 
2318808360089;0.0156956;0.00964536;0.999842 -0.0153434 -0.00892151 0.0622642 0.0155058 0.99971 0.0184209 -0.123374 0.00863628 -0.0185563 0.999791 0.000415557 0 0 0 1 
2318808360090;0.105965;0.0136412;0.999877 0.00766954 -0.013671 -0.160095 -0.00779826 0.999926 -0.00938733 0.184901 0.0135979 0.00949279 0.999862 -0.0283936 0 0 0 1 
2318808360091;0.471367;0.0107664;0.941752 -0.0885041 -0.324452 0.925496 0.0120859 0.973034 -0.230344 0.914851 0.33609 0.213005 0.917427 -2.81041 0 0 0 1 
2318808360093;0.358587;0.00755725;0.994483 0.095036 0.0444142 -0.12113 -0.0958253 0.99527 0.0159879 0.950921 -0.0426847 -0.0201557 0.998885 -0.516606 0 0 0 1 
2318808360094;0.104341;0.00965223;0.997042 0.0766277 0.0058729 0.116518 -0.0764208 0.996631 -0.0297625 0.304418 -0.00813375 0.0292257 0.99954 0.144088 0 0 0 1 
2318808360095;0.369651;0.00984889;0.95413 -0.299239 -0.00956355 0.482357 0.298882 0.953883 -0.0278549 -1.28738 0.0174578 0.0237189 0.999566 -0.745929 0 0 0 1 
2318808360096;0.316121;0.00557072;0.99955 0.0295158 -0.00542299 0.701778 -0.0294504 0.999497 0.0117699 0.293588 0.00576765 -0.0116049 0.999916 0.353048 0 0 0 1 
2318808360097;0.369151;0.00961138;0.915412 0.281777 0.28744 0.14215 -0.271023 0.959454 -0.0774228 1.10933 -0.297602 -0.00702914 0.954664 1.06818 0 0 0 1 
2318808360098;0.287285;0.00859389;0.952968 -0.302768 0.0135311 0.133628 0.301869 0.952216 0.0464748 -1.57601 -0.0269556 -0.0402044 0.998828 -0.143685 0 0 0 1 
2318808360099;0.367143;0.0178895;0.931597 -0.363212 0.0142824 0.541109 0.363336 0.93163 -0.00728396 -2.29224 -0.0106603 0.011975 0.999871 -0.208417 0 0 0 1 
2318808360100;0.403666;0.0100271;0.989222 -0.140084 -0.0426055 0.994635 0.14338 0.985754 0.0879283 -0.684478 0.0296811 -0.0930894 0.995215 -0.541742 0 0 0 1 
2318808360101;0.302239;0.00675387;0.944605 -0.16513 0.283642 -0.196666 0.177054 0.984059 -0.0167388 -0.915684 -0.276357 0.0660315 0.958784 1.42505 0 0 0 1 
2318808360102;0.281834;0.00905034;0.988322 0.15108 -0.0198816 0.173289 -0.140237 0.952818 0.269203 0.131156 0.0596148 -0.263271 0.962878 -0.353322 0 0 0 1 
2318808360103;0.378578;0.00857566;0.932962 0.192676 -0.304068 0.790189 -0.109144 0.95634 0.27111 0.134077 0.343028 -0.219749 0.913259 -1.51198 0 0 0 1 
2318808360104;0.557659;0.309385;0.994034 -0.102629 0.0369351 -0.442994 0.103665 0.994236 -0.0273376 -0.446939 -0.0339166 0.0310034 0.998944 -0.489963 0 0 0 1 
2318808360105;0.460355;0.29937;0.995488 -0.0907154 0.0278257 -0.0788284 0.0906266 0.995875 0.00444124 -0.499555 -0.0281138 -0.00189945 0.999603 -0.37145 0 0 0 1 
2318808360106;0.53681;0.0125087;0.922811 -0.075114 -0.377858 1.44609 0.0692507 0.997175 -0.029102 0.428145 0.378977 0.000688695 0.925406 -1.54496 0 0 0 1 
2318808360107;0.116161;0.0107256;0.993663 -0.0160792 0.111244 -0.0433241 0.0265429 0.995291 -0.0932292 -0.0426035 -0.109221 0.0955912 0.98941 0.663556 0 0 0 1 
2318808360108;0.426496;0.00375112;0.972611 0.232422 0.0026707 0.741971 -0.23223 0.972167 -0.0309961 1.17719 -0.00980052 0.029527 0.999516 -0.616043 0 0 0 1 
2318808360109;0.361092;0.00935863;0.990207 0.138499 0.0175541 -0.807998 -0.137714 0.989664 -0.0399883 1.06287 -0.022911 0.0371792 0.999046 -0.0905718 0 0 0 1 
2318808360110;0.188673;0.00966284;0.990307 -0.0317923 -0.13521 0.446135 0.0206166 0.996314 -0.0832659 0.16501 0.137359 0.0796712 0.987312 -0.797882 0 0 0 1 
2318808360111;0.302097;0.00857498;0.977218 0.179084 -0.113905 -0.364796 -0.146016 0.956769 0.251541 0.602661 0.154028 -0.229179 0.96112 -0.595134 0 0 0 1 
2318808360112;0.226828;0.0109312;0.960679 -0.259238 -0.0994563 0.529979 0.26275 0.964571 0.0237712 -1.29846 0.0897703 -0.0489686 0.994758 -0.3844 0 0 0 1 
2318808360113;0.311079;0.278465;0.99836 -0.0236496 -0.0521264 0.0430942 0.0230684 0.999665 -0.0117231 -0.0984755 0.0523862 0.0105014 0.998572 -0.179253 0 0 0 1 
2318808360114;0.267587;0.0076217;0.990645 -0.0474798 0.127938 -0.0454297 0.0468967 0.998871 0.00756855 0.0840221 -0.128153 -0.00149787 0.991753 1.20783 0 0 0 1 
2318808360115;0.283003;0.00849442;0.994839 -0.101458 -0.00142967 -0.0490005 0.097559 0.952543 0.288346 -0.89643 -0.0278932 -0.286997 0.957525 0.713338 0 0 0 1 
2318808360116;0.15967;0.0103503;0.999977 0.00373326 0.00572847 0.21313 -0.00373811 0.999993 0.000837364 0.0366758 -0.0057253 -0.000858759 0.999983 -0.302588 0 0 0 1 
2318808360117;0.274094;0.0100022;0.965987 0.165578 -0.198629 0.578186 -0.199599 0.965779 -0.165623 1.25344 0.164408 0.199635 0.965979 -0.968768 0 0 0 1 
2318808360118;0.309171;0.0121693;0.996012 -0.0572744 0.0684048 0.211713 0.064335 0.992291 -0.105923 -0.0149912 -0.0618108 0.109902 0.992019 0.966841 0 0 0 1 
2318808360119;0.136528;0.00536706;0.999593 0.00370346 -0.028293 0.0237895 0.001482 0.983465 0.181091 -0.221046 0.0284959 -0.181059 0.983059 0.110467 0 0 0 1 
2318808360120;0.394337;0.0106295;0.96444 -0.264299 -0.00143278 0.399368 0.264253 0.964349 -0.0141874 -1.26793 0.00513141 0.0133043 0.999898 -0.832348 0 0 0 1 
2318808360121;0.407083;0.325226;0.996266 -0.0653436 0.056432 -0.209908 0.0650659 0.997858 0.00674657 -0.433134 -0.056752 -0.00304958 0.998384 -0.0107175 0 0 0 1 
2318808360122;0.325576;0.00985094;0.961623 0.0220327 -0.27349 0.882261 -0.0069584 0.998408 0.0559664 -0.0699434 0.274288 -0.0519155 0.960245 -1.00236 0 0 0 1 
2318808360124;0.330187;0.0259221;0.95234 -0.163634 0.257435 1.63219 0.11607 0.974848 0.190262 -1.11266 -0.282094 -0.151314 0.947379 3.41176 0 0 0 1 
2318808360125;0.152771;0.0221003;0.989223 -0.146419 -0.000428508 1.49284 0.146406 0.989085 0.016602 -1.21482 -0.00200701 -0.0164858 0.999862 0.266196 0 0 0 1 
2318808360126;0.0910746;0.0277835;0.998285 0.00752513 -0.0580589 -0.160791 -0.00924962 0.999522 -0.0294911 0.190131 0.0578093 0.0299775 0.997877 -0.775031 0 0 0 1 
2318808360127;0.146509;0.0179695;0.992811 -0.10884 0.0498108 1.04128 0.106791 0.99339 0.042106 -0.800995 -0.0540643 -0.036484 0.997871 0.962568 0 0 0 1 
2318808360128;0.288596;0.0277269;0.940446 0.132398 -0.3131 -0.458916 -0.158363 0.985624 -0.0588851 1.39463 0.300802 0.104962 0.947893 -3.27735 0 0 0 1 
2318808360129;0.489639;0.022202;0.979703 -0.133826 -0.14924 2.10461 0.0648673 0.916105 -0.395656 1.18813 0.189669 0.377944 0.906192 -5.2502 0 0 0 1 
2318808360130;0.532869;0.250342;0.990125 -0.0627905 0.12534 0.0559944 0.0503737 0.993723 0.0998892 -0.489264 -0.130825 -0.092589 0.987072 2.19305 0 0 0 1 
2318808360131;0.255773;0.0201892;0.998435 -0.00980947 0.0550542 -0.105375 0.00462051 0.995599 0.0935992 -0.162567 -0.05573 -0.0931983 0.994087 0.874172 0 0 0 1 
2318808360132;0.368015;0.318555;0.994359 0.0816644 0.067688 -1.08166 -0.0754476 0.993098 -0.0898054 0.663171 -0.0745547 0.0841918 0.993657 -0.305732 0 0 0 1 
2318808360133;0.203483;0.0254476;0.987218 0.132809 -0.0881001 -1.10653 -0.117335 0.979764 0.162155 0.834597 0.107853 -0.149745 0.982825 0.520903 0 0 0 1 
2318808360134;0.215895;0.0332434;0.997758 -0.0187564 -0.0642372 0.537207 0.0161513 0.999035 -0.0408368 -0.193599 0.0649412 0.0397078 0.997099 -0.712459 0 0 0 1 
2318808360135;0.357096;0.0275458;0.957069 0.0906215 -0.27533 -0.109194 -0.0966863 0.995279 -0.00850542 1.09416 0.273259 0.0347609 0.961312 -2.12877 0 0 0 1 
2318808360136;0.39267;0.0220035;0.990154 -0.0890443 0.108006 0.86107 0.103518 0.985176 -0.136791 -0.0569068 -0.0942249 0.146625 0.984694 -0.210147 0 0 0 1 
2318808360137;0.205186;0.0190922;0.982771 -0.0134977 -0.184336 0.640836 0.0190287 0.999419 0.0282691 -0.203236 0.183848 -0.0312897 0.982457 -1.1271 0 0 0 1 
2318808360138;0.524941;0.0346215;0.98543 -0.160934 0.0550229 1.31479 0.160626 0.986965 0.0100018 -1.38857 -0.0559153 -0.00101796 0.998435 -0.506519 0 0 0 1 
2318808360139;0.224459;0.0268093;0.9913 0.125833 -0.0386084 -1.2046 -0.131355 0.964448 -0.229317 1.75963 0.00838017 0.232394 0.972586 -2.32518 0 0 0 1 
2318808360140;0.242736;0.025364;0.991732 0.0646509 0.110851 -0.79735 -0.0543768 0.99415 -0.0933265 0.723837 -0.116236 0.0865272 0.989445 -0.338262 0 0 0 1 
2318808360141;0.27546;0.0187453;0.966882 0.243876 0.0752636 -2.05367 -0.23991 0.969061 -0.0580017 2.28764 -0.0870802 0.0380243 0.995475 0.0306411 0 0 0 1 
2318808360142;0.19755;0.0295406;0.993322 -0.102932 0.0521194 0.892682 0.102769 0.994688 0.00579544 -0.598357 -0.0524391 -0.000400466 0.998624 0.10506 0 0 0 1 
2318808360143;0.359468;0.0235151;0.972816 -0.0722174 -0.220031 1.05637 0.077323 0.996898 0.0146694 -0.665125 0.21829 -0.0312841 0.975382 -0.750833 0 0 0 1 
2318808360144;0.260225;0.0174799;0.983315 -0.175183 0.0490118 1.58735 0.179995 0.975979 -0.12275 -0.924954 -0.0263307 0.129524 0.991227 -1.35762 0 0 0 1 
2318808360145;0.465801;0.021907;0.909209 -0.228508 0.348026 2.59058 0.246933 0.968992 -0.00888164 -1.56165 -0.335205 0.0940143 0.937443 2.31924 0 0 0 1 
2318808360146;0.208847;0.0265662;0.984606 -0.174783 0.000884726 1.79735 0.170054 0.95677 -0.235951 -0.567018 0.0403939 0.232469 0.971765 -2.69609 0 0 0 1 
2318808360147;0.522631;0.0218872;0.946451 0.259797 0.191667 -2.76531 -0.229097 0.95875 -0.168266 2.50055 -0.227476 0.115345 0.966928 -0.123395 0 0 0 1 
2318808360148;0.348601;0.200224;0.994276 0.0574707 0.0900651 -0.715354 -0.0622364 0.996756 0.0510281 0.235259 -0.0868404 -0.0563414 0.994628 1.52768 0 0 0 1 
2318808360149;0.220362;0.0242493;0.986002 0.164772 -0.0255005 -1.59839 -0.165513 0.985739 -0.0303803 1.4974 0.020131 0.0341757 0.999213 -0.81199 0 0 0 1 
2318808360150;0.310305;0.0219689;0.997046 0.0677267 0.0362172 -1.01456 -0.0695583 0.996224 0.0519602 0.541817 -0.0325613 -0.0543259 0.997992 0.253427 0 0 0 1 
2318808360151;0.0639999;0.0305458;0.999343 0.0263045 -0.0249441 -0.242802 -0.0254726 0.999127 0.0331023 0.162644 0.025793 -0.0324451 0.999141 0.175038 0 0 0 1 
2318808360152;0.508923;0.0175288;0.974108 0.225951 -0.00768695 -1.30006 -0.22602 0.974073 -0.00978369 2.03932 0.00527702 0.0112678 0.999923 0.408429 0 0 0 1 
2318808360153;0.520442;0.266461;0.997798 0.0659958 0.00667521 -0.89095 -0.0659758 0.997816 -0.00316228 0.314434 -0.00686933 0.00271491 0.999973 0.691674 0 0 0 1 
2318808360155;0.242296;0.0250183;0.969821 0.00146361 0.243815 0.185989 0.0438824 0.982605 -0.180449 -0.035994 -0.239837 0.185703 0.952886 -0.0138506 0 0 0 1 
2318808360156;0.545461;0.0365102;0.959752 -0.242925 0.140936 2.50604 0.227594 0.966764 0.116487 -1.9938 -0.16455 -0.0797222 0.983142 1.10966 0 0 0 1 
2318808360157;0.417219;0.0396745;0.95627 -0.217536 -0.195513 2.55843 0.164392 0.952627 -0.255883 -0.0578747 0.241915 0.212553 0.94673 -3.51067 0 0 0 1 
2318808360158;0.428586;0.248169;0.949824 0.159965 -0.268786 -0.764817 -0.186192 0.979652 -0.0749307 1.48112 0.251331 0.121217 0.960281 -2.63243 0 0 0 1 
2318808360159;0.360686;0.033003;0.949852 -0.167423 0.264104 1.80278 0.253073 0.907679 -0.334774 -0.584462 -0.183673 0.384823 0.904531 -2.21977 0 0 0 1 
2318808360160;0.334724;0.0383035;0.927809 0.0589814 0.368364 -0.575659 -0.0343248 0.996731 -0.0731389 0.321305 -0.371473 0.0552149 0.9268 2.33652 0 0 0 1 
2318808360161;0.319806;0.276221;0.99763 0.0491494 0.0481575 -0.65852 -0.0495631 0.998743 0.00743377 0.0705376 -0.0477316 -0.00980299 0.998812 0.310451 0 0 0 1 
2318808360162;0.00881013;0.0187887;0.999985 -0.00139234 0.00536169 -0.000905663 0.00139073 0.999999 0.000304851 -0.0411235 -0.00536211 -0.00029739 0.999986 0.0445809 0 0 0 1 
2318808360163;0.15049;0.0260199;0.995619 0.0935021 0.000167874 -0.92534 -0.093497 0.995581 -0.00875879 0.501917 -0.000986097 0.00870472 0.999962 0.0672 0 0 0 1 
2318808360164;0.34564;0.331044;0.999436 0.0240523 0.0234503 -0.351831 -0.0232795 0.999194 -0.0326894 0.159666 -0.0242176 0.0321251 0.99919 -0.116627 0 0 0 1 
2318808360165;0.629483;0.022008;0.931915 -0.155187 0.327797 0.877391 0.195249 0.976348 -0.0928593 -1.80329 -0.305633 0.150539 0.940174 0.518783 0 0 0 1 
2318808360166;0.356263;0.0266107;0.997714 0.0578911 -0.0348487 -0.0890514 -0.0600287 0.996157 -0.063786 0.221979 0.0310221 0.0657321 0.997355 -0.376347 0 0 0 1 
2318808360167;0.348773;0.0275719;0.97842 -0.0417805 0.202357 0.229695 0.116229 0.920999 -0.371823 0.380414 -0.170836 0.387319 0.90598 -2.20082 0 0 0 1 
2318808360168;0.491205;0.0337099;0.969343 -0.110966 -0.219227 1.05797 0.139234 0.983207 0.117971 -0.699571 0.202455 -0.144879 0.968515 0.625051 0 0 0 1 
2318808360169;0.364685;0.0483646;0.999868 -0.013537 -0.00898083 0.245617 0.0133631 0.999727 -0.0191509 0.276732 0.00923763 0.0190283 0.999776 -0.831262 0 0 0 1 
2318808360170;0.293853;0.0276532;0.999251 0.0237407 0.0305595 -0.46964 -0.0236507 0.999715 -0.00330427 0.0491514 -0.0306292 0.00257905 0.999527 -0.340041 0 0 0 1 
2318808360171;0.404455;0.02572;0.995194 0.0490988 0.084729 -0.929112 -0.0682638 0.968182 0.240757 0.00100068 -0.0702122 -0.245384 0.96688 2.60431 0 0 0 1 
2318808360172;0.214721;0.0359368;0.989153 -0.0285941 0.144079 0.219036 0.0145937 0.995147 0.0973074 -0.193171 -0.146162 -0.0941493 0.98477 2.33062 0 0 0 1 
2318808360173;0.439959;0.0338574;0.995953 -0.0646067 -0.062484 1.03647 0.0440617 0.956891 -0.287086 0.863933 0.078338 0.28317 0.955865 -3.50902 0 0 0 1 
2318808360174;0.284722;0.0315937;0.982384 -0.125942 0.138059 1.2782 0.155168 0.961437 -0.227073 -0.950423 -0.104137 0.244495 0.964042 -1.74548 0 0 0 1 
2318808360175;0.207536;0.0152814;0.997336 -0.0496918 -0.0533961 0.499384 0.047999 0.998318 -0.0325308 -0.70838 0.0549228 0.0298812 0.998043 -0.824948 0 0 0 1 
2318808360176;0.417626;0.0463029;0.970106 -0.168624 -0.174528 1.63308 0.210513 0.942524 0.259486 -1.31845 0.120742 -0.28847 0.949846 1.22687 0 0 0 1 
2318808360177;0.414555;0.0441214;0.955101 -0.0606822 -0.290001 1.51541 0.0266324 0.992423 -0.119951 0.11516 0.295082 0.106841 0.94948 -2.68329 0 0 0 1 
2318808360178;0.192544;0.036519;0.994806 -0.10098 0.0127968 0.87429 0.100904 0.994875 0.0064738 -0.698083 -0.0133849 -0.00514894 0.999897 -0.188995 0 0 0 1 
2318808360179;0.369856;0.204376;0.99432 0.0905134 0.0559916 -0.92357 -0.0862316 0.993473 -0.0746678 0.658492 -0.0623846 0.0694155 0.995635 0.252453 0 0 0 1 
2318808360180;0.269585;0.0403304;0.999795 0.0066448 0.0191052 -0.106172 -0.00678653 0.99995 0.00736289 0.0470231 -0.0190553 -0.00749104 0.99979 0.723527 0 0 0 1 
2318808360181;0.159003;0.0267999;0.999204 -0.0390699 -0.0081119 0.23219 0.0391432 0.999192 0.00907847 -0.333405 0.00775065 -0.00938876 0.999926 0.282684 0 0 0 1 
2318808360182;0.250033;0.0489933;0.988871 0.147015 -0.0228246 -1.6675 -0.141345 0.976237 0.164267 0.917875 0.0464318 -0.159212 0.986152 1.20805 0 0 0 1 
2318808360183;0.583654;0.420714;0.989468 -0.142443 0.0257554 1.09117 0.139892 0.986706 0.0827073 -1.49325 -0.0371941 -0.0782332 0.996241 0.185721 0 0 0 1 
2318808360184;0.254669;0.035908;0.988549 0.149704 -0.0189843 -1.1509 -0.149277 0.988545 0.0222447 1.22295 0.022097 -0.0191561 0.999572 0.393122 0 0 0 1 
2318808360186;0.32371;0.320027;0.998726 -0.0099781 -0.0494564 -0.342322 0.00932497 0.999866 -0.0134194 0.0482859 0.0495837 0.0129411 0.998686 -0.0959444 0 0 0 1 
2318808360187;0.391738;0.257306;0.985265 -0.138404 -0.100486 0.602671 0.150683 0.980375 0.127123 -0.86293 0.0809199 -0.140391 0.986784 -0.148206 0 0 0 1 
2318808360188;0.250929;0.0175716;0.964632 -0.263396 0.010392 0.953547 0.255146 0.942869 0.21424 -1.51947 -0.0662284 -0.204012 0.976726 0.866422 0 0 0 1 
2318808360189;0.35413;0.0117385;0.944465 0.246767 -0.217008 0.0460632 -0.196684 0.953523 0.228272 1.1957 0.263252 -0.172913 0.949104 -0.692886 0 0 0 1 
2318808360190;0.38404;0.0148487;0.971298 0.0912331 0.219676 -0.592548 -0.0812781 0.99523 -0.0539556 0.580247 -0.223551 0.0345521 0.97408 0.488126 0 0 0 1 
2318808360191;0.142007;0.0137717;0.993888 -0.063916 0.0900098 0.308189 0.0611857 0.997588 0.0327755 -0.383282 -0.0918876 -0.0270679 0.995401 0.405563 0 0 0 1 
2318808360192;0.308225;0.0150933;0.997903 -0.0461212 0.0454163 -0.588527 0.0476242 0.998334 -0.0325857 -0.201316 -0.0438378 0.0346802 0.998437 0.168205 0 0 0 1 
2318808360193;0.19468;0.0183315;0.987727 0.0888832 -0.128432 -0.149374 -0.0793535 0.993828 0.0775122 0.670398 0.134529 -0.0663694 0.988684 -0.658733 0 0 0 1 
2318808360194;0.35362;0.0141686;0.994819 -0.0349068 0.0954786 -0.170341 0.0331408 0.99925 0.0200211 -0.855976 -0.0961058 -0.0167531 0.99523 0.190166 0 0 0 1 
2318808360195;0.220312;0.0166653;0.994471 -0.104551 0.00980085 0.347136 0.10248 0.986641 0.126639 -0.61998 -0.0229102 -0.124934 0.9919 0.100197 0 0 0 1 
2318808360196;0.321597;0.0163377;0.995194 0.0490684 0.0847373 -0.489278 -0.0439538 0.997157 -0.0612047 0.646686 -0.0874996 0.057186 0.994522 0.898894 0 0 0 1 
2318808360197;0.117422;0.0178056;0.999708 -0.00767778 0.0229136 0.148864 0.00703063 0.999578 0.0281913 -0.0719735 -0.0231204 -0.0280219 0.99934 0.430234 0 0 0 1 
2318808360198;0.145591;0.0126483;0.996147 -0.0714516 -0.0508528 0.126453 0.0710579 0.997427 -0.00951052 -0.451631 0.0514015 0.00586038 0.998661 -0.555858 0 0 0 1 
2318808360199;0.334769;0.0125029;0.999998 -0.00190273 -0.00107738 -0.246117 0.00189851 0.999991 -0.00390134 -0.0224967 0.00108479 0.00389929 0.999992 0.70951 0 0 0 1 
2318808360200;0.307694;0.017498;0.968066 0.249122 -0.0280323 -0.32917 -0.247019 0.966968 0.0628884 1.90233 0.0427732 -0.0539556 0.997627 0.0575233 0 0 0 1 
2318808360201;0.28708;0.0170706;0.994741 -0.10218 0.00703986 0.840094 0.10223 0.994735 -0.00717274 -0.505516 -0.00626988 0.00785471 0.999949 0.330778 0 0 0 1 
2318808360202;0.140274;0.0149406;0.990639 0.136386 -0.00573894 -0.280672 -0.136474 0.990452 -0.0194955 0.892014 0.00302522 0.0200962 0.999793 0.0807756 0 0 0 1 
2318808360203;0.354364;0.0127214;0.994061 0.0922844 -0.0576742 -0.218035 -0.0812112 0.98186 0.171333 -0.219193 0.0724393 -0.165631 0.983524 0.571661 0 0 0 1 
2318808360204;0.41534;0.0177336;0.906063 -0.0721754 0.416941 -0.0274123 0.0160617 0.990502 0.136559 -0.370279 -0.422837 -0.117034 0.898617 2.65366 0 0 0 1 
2318808360205;0.260883;0.00870209;0.989043 -0.13158 -0.0669405 0.317723 0.128256 0.99039 -0.0517556 -1.07689 0.0731072 0.0426029 0.996414 -0.226228 0 0 0 1 
2318808360206;0.381649;0.0115008;0.902447 -0.30826 0.30094 0.908744 0.3393 0.939033 -0.0556076 -1.71671 -0.265451 0.152292 0.952021 1.20375 0 0 0 1 
2318808360207;0.376035;0.00899795;0.904592 0.29881 0.304016 -0.779302 -0.281478 0.954298 -0.100426 1.9612 -0.320131 0.00527028 0.947359 1.95989 0 0 0 1 
2318808360208;0.370049;0.0116411;0.994244 0.0114874 0.106525 -0.387667 -0.0216216 0.995292 0.0944742 -0.0143803 -0.104938 -0.0962336 0.989812 1.66 0 0 0 1 
2318808360209;0.193142;0.0142855;0.974183 0.199335 -0.10599 -0.214796 -0.19859 0.979924 0.0176404 1.16505 0.107378 0.00386353 0.994211 -0.574388 0 0 0 1 
2318808360210;0.416709;0.252225;0.969994 -0.237869 0.0502979 0.922206 0.223804 0.954408 0.197527 -1.33494 -0.0949903 -0.180343 0.979006 1.06549 0 0 0 1 
2318808360211;0.229662;0.0159462;0.980379 -0.189476 -0.0543648 0.741327 0.196652 0.959125 0.203487 -1.36001 0.0135867 -0.210186 0.977567 0.501512 0 0 0 1 
2318808360212;0.235303;0.0107127;0.958493 0.284774 0.0139712 -0.700586 -0.284154 0.958132 -0.0352095 1.50875 -0.0234131 0.0297781 0.999282 0.0397678 0 0 0 1 
2318808360213;0.418371;0.0103382;0.97028 0.24161 0.0134293 -0.8363 -0.24184 0.970122 0.0194348 1.34676 -0.00833244 -0.0221049 0.999721 0.877916 0 0 0 1 
2318808360214;0.104638;0.012026;0.99358 0.113112 -0.0020315 -0.240688 -0.112949 0.992842 0.0388237 0.559783 0.0064084 -0.038345 0.999244 -0.0117912 0 0 0 1 
2318808360215;0.379457;0.326263;0.9981 0.00485851 -0.0614212 0.043124 -0.00725223 0.99922 -0.0388096 0.194956 0.0611848 0.0391813 0.997357 -0.350692 0 0 0 1 
2318808360217;0.475077;0.0073508;0.876975 0.230496 -0.421648 -0.0206222 -0.274874 0.960344 -0.0467268 1.93109 0.394157 0.156878 0.905555 -2.92177 0 0 0 1 
2318808360218;0.538469;0.0110582;0.944952 -0.325805 -0.0302693 2.55789 0.326562 0.933234 0.149771 -1.74068 -0.0205478 -0.151411 0.988257 1.82686 0 0 0 1 
2318808360219;0.26223;0.0114661;0.979601 -0.057743 -0.192479 0.448104 0.0673128 0.996781 0.0435502 -0.197057 0.189345 -0.0556181 0.980334 -1.12659 0 0 0 1 
2318808360220;0.178884;0.00718047;0.993871 0.0782098 0.07813 -0.607478 -0.0690277 0.991079 -0.114008 0.691278 -0.0863495 0.107916 0.990403 0.0987836 0 0 0 1 
2318808360221;0.32248;0.00486061;0.924694 -0.30252 0.231134 1.89405 0.295292 0.953117 0.0661169 -1.66038 -0.2403 0.00711417 0.970673 1.42474 0 0 0 1 
2318808360222;0.547442;0.375483;0.998549 0.0532666 -0.00786776 -0.482637 -0.0537824 0.99371 -0.0982207 0.247164 0.00258639 0.0985013 0.995134 -0.248843 0 0 0 1 
2318808360223;0.279763;0.220951;0.997369 0.0555603 0.0465587 -0.431927 -0.0556794 0.998448 0.00126457 0.233574 -0.0464162 -0.0038536 0.998915 0.0868777 0 0 0 1 
2318808360224;0.19078;0.00844381;0.987712 -0.153013 0.0318171 0.881651 0.155052 0.984924 -0.0767092 -0.629 -0.0196 0.0806999 0.996546 -0.476512 0 0 0 1 
2318808360225;0.382191;0.0105902;0.940671 0.339237 0.00751811 -1.65349 -0.331311 0.923028 -0.19558 2.75891 -0.0732874 0.181486 0.980659 -0.990311 0 0 0 1 
2318808360226;0.232462;0.00705964;0.980236 -0.197471 -0.0119058 1.2054 0.196836 0.967526 0.158587 -1.05093 -0.019797 -0.157796 0.987273 1.27588 0 0 0 1 
2318808360227;0.121258;0.012199;0.99998 -0.000321053 0.0062404 -0.0172614 0.00029105 0.999988 0.00480819 -0.00689526 -0.00624187 -0.00480628 0.999969 -0.156857 0 0 0 1 
2318808360228;0.342472;0.321785;0.999179 0.0331557 0.0232913 -0.299415 -0.0322949 0.998815 -0.0364101 0.241805 -0.0244709 0.0356281 0.999065 -0.0871648 0 0 0 1 
2318808360229;0.411101;0.0178556;0.984447 -0.00132581 0.175679 -0.449067 0.0218299 0.993145 -0.114832 -0.0404518 -0.174323 0.116881 0.977727 1.01146 0 0 0 1 
2318808360230;0.270984;0.00943908;0.940677 -0.338715 -0.0199699 2.39074 0.336738 0.939169 -0.0675907 -1.64776 0.0416492 0.0568564 0.997513 -0.699566 0 0 0 1 
2318808360231;0.448163;0.258519;0.999673 0.0139305 0.0214451 -0.626125 -0.0105474 0.988556 -0.150483 0.0529242 -0.023296 0.150208 0.98838 -0.888901 0 0 0 1 
2318808360232;0.480703;0.00904441;0.993582 -0.104811 -0.0425383 0.904906 0.102693 0.993494 -0.0492394 -0.40169 0.0474223 0.044555 0.997881 -1.41587 0 0 0 1 
2318808360233;0.538633;0.00712424;0.976966 0.182809 0.110086 -1.33714 -0.126452 0.911486 -0.391411 2.34406 -0.171896 0.368474 0.913607 -1.07885 0 0 0 1 
2318808360234;0.46577;0.0218765;0.998154 -0.0572591 0.0202721 0.337026 0.0572882 0.998357 -0.00085994 0.500348 -0.0201896 0.00201971 0.999794 0.245461 0 0 0 1 
2318808360235;0.501727;0.00777715;0.998481 0.0345559 -0.0429049 -0.138937 -0.0337416 0.999239 0.019562 0.151362 0.0435482 -0.0180846 0.998888 -1.13328 0 0 0 1 
2318808360236;0.219286;0.00794979;0.975266 0.188983 -0.114638 -0.798898 -0.190234 0.981739 2.76801e-05 1.37163 0.112549 0.021781 0.993407 -1.05027 0 0 0 1 
2318808360237;0.1427;0.0119029;0.998107 -0.0611946 -0.00608833 0.232643 0.06078 0.996699 -0.0538204 -0.251502 0.00936175 0.0533485 0.998532 -0.565651 0 0 0 1 
2318808360238;0.478527;0.427951;0.996504 -0.0375106 -0.0746563 0.217281 0.0341958 0.998393 -0.0451944 -0.195604 0.0762316 0.0424835 0.996185 -0.799833 0 0 0 1 
2318808360239;0.07712;0.00924367;0.998841 0.0254942 -0.0408341 -0.148952 -0.0269012 0.99905 -0.0342844 0.212186 0.0399213 0.0353432 0.998578 -0.568142 0 0 0 1 
2318808360240;0.277432;0.0148196;0.964861 0.0342359 0.26052 -0.389513 -0.06493 0.991793 0.11014 0.212162 -0.254611 -0.123185 0.959166 2.54409 0 0 0 1 
2318808360241;0.414755;0.00870918;0.906256 0.197965 -0.373511 0.0167899 -0.157507 0.978076 0.136228 0.91288 0.392291 -0.0646266 0.917568 -1.91208 0 0 0 1 
2318808360242;0.207147;0.0114039;0.987748 -0.154394 -0.0227025 1.1019 0.154867 0.987717 0.0207691 -1.22418 0.019217 -0.0240305 0.999527 0.084901 0 0 0 1 
2318808360243;0.526989;0.569144;0.999633 -0.00193445 -0.0270301 0.180976 0.00321731 0.998866 0.0474979 -0.220323 0.0269076 -0.0475674 0.998506 0.0709776 0 0 0 1 
2318808360244;0.293823;0.00798127;0.996265 0.0694956 0.0512395 -0.395379 -0.0742414 0.99247 0.097422 0.397165 -0.0440833 -0.100862 0.993923 1.40911 0 0 0 1 
2318808360245;0.161157;0.00972043;0.999051 -0.0428384 0.00783436 0.231097 0.043049 0.998651 -0.0290455 -0.359142 -0.00657953 0.0293553 0.999547 -0.404876 0 0 0 1 
2318808360246;0.48133;0.010922;0.94722 -0.00890164 0.32046 0.055513 -0.0533181 0.981318 0.184857 -0.266702 -0.316118 -0.192187 0.92905 2.65474 0 0 0 1 
2318808360248;0.277285;0.015404;0.999899 -0.0123661 -0.00707359 0.0472993 0.0125679 0.999494 0.0292284 0.258875 0.00670857 -0.0293143 0.999548 0.556726 0 0 0 1 
2318808360249;0.346523;0.0214402;0.926003 0.346659 0.149485 0.038626 -0.368323 0.916461 0.156327 1.67659 -0.082805 -0.199818 0.976328 0.802495 0 0 0 1 
2318808360250;0.347649;0.0126233;0.961946 -0.191272 0.195127 0.0536149 0.200142 0.979405 -0.0266116 -1.63896 -0.186019 0.0646521 0.980417 1.23985 0 0 0 1 
2318808360251;0.136295;0.0132605;0.997305 0.0305042 -0.0667285 0.0322589 -0.0209644 0.990035 0.139255 -0.0504985 0.0703114 -0.137481 0.988006 -0.507793 0 0 0 1 
2318808360252;0.263745;0.224032;0.998568 -0.0506224 -0.0172812 0.00169271 0.0507047 0.998704 0.00435902 -0.349605 0.0170382 -0.00522901 0.999841 -0.0851085 0 0 0 1 
2318808360253;0.38952;0.0142386;0.943927 -0.324926 0.0585153 -0.312511 0.324663 0.945723 0.0142133 -1.82909 -0.0599576 0.00558142 0.998185 0.327936 0 0 0 1 
2318808360254;0.304973;0.0137669;0.994139 -0.107892 0.00688574 0.669825 0.10768 0.993847 0.0259522 -0.444927 -0.0096434 -0.0250586 0.999639 -0.410581 0 0 0 1 
2318808360255;0.467336;0.21547;0.986932 -0.153255 -0.0497849 0.0136573 0.150284 0.986893 -0.0587899 -0.772393 0.0581422 0.0505397 0.997028 0.344941 0 0 0 1 
2318808360256;0.501332;0.189146;0.995866 0.0906607 -0.00561389 -0.220715 -0.0854531 0.956034 0.28053 -0.373748 0.0308001 -0.278891 0.959829 0.148191 0 0 0 1 
2318808360257;0.448145;0.0645308;0.91016 0.376158 0.173533 0.720899 -0.38818 0.920707 0.0401907 1.60976 -0.144655 -0.103942 0.984008 0.648622 0 0 0 1 
2318808360258;0.160463;0.0163313;0.9868 -0.121832 -0.10669 0.355509 0.12485 0.991931 0.0220495 -0.638919 0.103143 -0.0350787 0.994048 -0.695434 0 0 0 1 
2318808360259;0.461634;0.0551429;0.910056 0.371258 -0.184297 0.104149 -0.339233 0.922636 0.183479 2.22571 0.238157 -0.104457 0.965593 -1.10545 0 0 0 1 
