#;prob_registration_l1 -r /home/probabilistic_point_clouds_registration/build/tester /home/point_clouds_registration_benchmark//devel/registration_pairs/apartment_local.txt /home/point_clouds_registration_benchmark//eth/apartment -s 0.2 -t 0.2 -p 0.3 -r 1000 -m 20 -i 40 
id;initial_error;final_error;transformation
13001298760000;0.820981;1.00729;0.870184 -0.465893 0.160385 -0.37213 0.453095 0.884516 0.111071 -3.04399 -0.19361 -0.0239822 0.980785 0.409417 0 0 0 1 
13001298760001;0.68771;0.951958;0.928274 -0.365635 -0.0679619 -0.000106184 0.37185 0.915428 0.15401 -2.14974 0.00590275 -0.168235 0.985729 0.548689 0 0 0 1 
13001298760002;0.636186;0.351888;0.994277 0.0980726 -0.0423632 0.010679 -0.0858262 0.969425 0.229891 -0.300912 0.0636139 -0.22494 0.972294 -0.612237 0 0 0 1 
13001298760003;0.411513;0.884807;0.935532 -0.345588 0.07313 -0.00829696 0.345203 0.938351 0.0182506 -1.84961 -0.0749288 0.00817063 0.997155 -0.149288 0 0 0 1 
13001298760004;0.857932;1.32871;0.917325 -0.372887 -0.139534 0.387231 0.358554 0.926072 -0.117602 -2.32208 0.17307 0.0578489 0.983209 0.374812 0 0 0 1 
13001298760005;0.460674;0.952753;0.914905 -0.403192 0.0196136 0.423497 0.401912 0.914377 0.0488055 -2.1667 -0.0376122 -0.0367694 0.998616 0.384913 0 0 0 1 
13001298760006;0.655521;0.673234;0.934203 0.356726 0.00327794 0.0983453 -0.356705 0.93394 0.0227344 0.903323 0.00504855 -0.0224078 0.999736 0.198461 0 0 0 1 
13001298760007;0.308888;0.352807;0.886581 0.302425 0.35002 0.181246 -0.362435 0.924332 0.119383 0.621724 -0.28743 -0.232702 0.929104 0.940471 0 0 0 1 
13001298760008;0.466988;0.267416;0.954755 0.285015 0.0849031 -0.182689 -0.28466 0.958486 -0.0165187 0.277609 -0.0860865 -0.00839719 0.996252 0.00575725 0 0 0 1 
13001298760009;0.423945;0.418188;0.946783 0.259273 0.190734 -0.388606 -0.227931 0.958462 -0.171458 0.515419 -0.227266 0.11886 0.966552 0.310037 0 0 0 1 
13001298760010;0.258498;0.362707;0.97451 0.220855 -0.0394041 0.220405 -0.223256 0.971979 -0.0735807 0.612166 0.0220493 0.0805024 0.996511 0.0380367 0 0 0 1 
13001298760011;0.784351;1.15726;0.997888 0.0639448 -0.011429 -0.238385 -0.0590307 0.966113 0.25128 -1.15539 0.0271097 -0.250075 0.967847 -0.731286 0 0 0 1 
13001298760012;0.622128;0.308892;0.978923 0.203311 -0.019332 0.170094 -0.203486 0.979049 -0.00754983 -0.184294 0.017392 0.0113245 0.999785 0.212215 0 0 0 1 
13001298760013;0.398004;0.310712;0.906915 0.385159 0.170757 0.15429 -0.352953 0.915882 -0.191272 0.842945 -0.230063 0.113198 0.96657 0.981844 0 0 0 1 
13001298760014;0.755219;1.07166;0.982323 0.121535 -0.142375 0.654637 -0.115446 0.992039 0.0503057 -0.472924 0.147355 -0.03298 0.988534 -1.0609 0 0 0 1 
13001298760015;0.388158;0.913219;0.981615 0.0795378 -0.173509 0.0535253 -0.0826182 0.996525 -0.0105923 -0.403724 0.172064 0.0247326 0.984775 -0.297233 0 0 0 1 
13001298760016;0.851768;1.00862;0.998216 -0.0569594 0.0179206 0.14681 0.057504 0.997848 -0.0315009 -0.536535 -0.0160878 0.0324752 0.999343 0.651984 0 0 0 1 
13001298760017;0.399547;0.338982;0.934603 0.355189 0.0189443 0.509188 -0.354144 0.934177 -0.0435433 0.685085 -0.0331635 0.0339867 0.998872 0.432587 0 0 0 1 
13001298760018;0.820633;0.306682;0.946059 0.309336 -0.0963512 0.171392 -0.311309 0.950291 -0.00578108 0.643525 0.0897734 0.0354642 0.995331 0.662577 0 0 0 1 
13001298760019;0.329854;0.324965;0.995108 0.0564598 -0.0810685 -0.0667489 -0.0530226 0.997626 0.0439449 -0.336747 0.0833571 -0.0394315 0.995739 -0.259418 0 0 0 1 
13001298760020;0.847185;0.376097;0.967744 0.251629 -0.0124507 -0.224179 -0.251425 0.967746 0.0159342 0.759782 0.0160586 -0.0122898 0.999796 0.630616 0 0 0 1 
13001298760021;0.886722;0.951493;0.872799 -0.329763 -0.35983 1.04172 0.406704 0.898965 0.162645 -2.49575 0.26984 -0.288301 0.918732 -1.28358 0 0 0 1 
13001298760022;0.59893;0.331735;0.971654 0.208974 -0.110535 0.175042 -0.175412 0.950757 0.255523 0.137929 0.158489 -0.228891 0.960463 -0.874764 0 0 0 1 
13001298760023;0.367247;0.276144;0.994121 0.0995072 0.0426876 0.0268526 -0.101189 0.994093 0.0392418 -0.20521 -0.0385306 -0.0433306 0.998318 -0.135801 0 0 0 1 
13001298760024;0.0968236;0.341914;0.980094 0.191423 0.0526541 0.142605 -0.193281 0.980596 0.0327611 0.285588 -0.0453612 -0.042286 0.998075 0.192373 0 0 0 1 
13001298760025;0.689632;0.45255;0.980245 0.121324 0.156203 -0.329146 -0.0800966 0.96561 -0.247351 0.357164 -0.180841 0.229953 0.956252 0.919763 0 0 0 1 
13001298760026;0.452516;1.12975;0.981802 -0.18572 0.0396683 -0.0106149 0.183769 0.981786 0.0482205 -1.3373 -0.0479013 -0.0400531 0.998049 0.175288 0 0 0 1 
13001298760027;0.353163;1.05425;0.912893 -0.318758 0.254989 -0.0307456 0.24916 0.929929 0.270465 -1.926 -0.323334 -0.183372 0.928348 0.737113 0 0 0 1 
13001298760028;0.770166;0.518826;0.998732 -0.0302253 0.0402538 -0.271717 0.0337876 0.99528 -0.0909746 0.0343318 -0.0373141 0.0922193 0.995039 -0.180315 0 0 0 1 
13001298760029;0.444231;0.333545;0.912394 0.379742 0.152748 0.500995 -0.394976 0.914735 0.085174 0.573681 -0.10738 -0.138044 0.984588 0.492329 0 0 0 1 
13001298760031;1.0814;0.204537;0.928727 0.365891 0.05992 0.642762 -0.327711 0.885678 -0.328908 1.47028 -0.173415 0.28583 0.942459 1.70274 0 0 0 1 
13001298760032;0.762366;0.139393;0.974357 -0.203899 -0.0951456 -0.616269 0.206713 0.978184 0.020612 -0.626035 0.0888671 -0.0397513 0.99525 -0.824822 0 0 0 1 
13001298760033;0.562268;0.137092;0.971416 -0.211347 -0.108093 -0.606368 0.201988 0.975118 -0.0913504 -0.598823 0.12471 0.0669057 0.989935 0.0552273 0 0 0 1 
13001298760034;0.913227;0.171306;0.983618 -0.165129 -0.0723104 -0.550605 0.13124 0.930957 -0.340727 -0.199941 0.123582 0.325655 0.937377 0.819104 0 0 0 1 
13001298760035;0.190074;0.127571;0.987477 0.118072 -0.104631 0.296891 -0.109226 0.990237 0.0866009 0.338253 0.113834 -0.0740881 0.990733 -0.566474 0 0 0 1 
13001298760036;1.3176;0.337701;0.964091 -0.263111 -0.036065 -1.38328 0.265276 0.9477 0.177462 -0.372187 -0.0125133 -0.180656 0.983467 -0.308198 0 0 0 1 
13001298760037;0.408209;0.15294;0.989544 0.13252 -0.0569339 0.122962 -0.138682 0.98265 -0.123149 0.756205 0.0396264 0.129757 0.990754 0.0409523 0 0 0 1 
13001298760038;0.799177;0.21238;0.999975 0.00693385 0.00162316 0.39955 -0.00710583 0.986554 0.163278 -0.272696 -0.000469185 -0.163286 0.986579 -0.239537 0 0 0 1 
13001298760039;0.512139;0.160164;0.999724 0.0163509 -0.0168418 -0.0139485 -0.0165539 0.999791 -0.0119864 0.105205 0.0166423 0.0122619 0.999786 0.350572 0 0 0 1 
13001298760040;0.790161;0.165978;0.999994 0.0023943 -0.0025559 0.0998873 -0.0024091 0.99998 -0.00580412 0.244468 0.00254196 0.00581024 0.99998 -0.472118 0 0 0 1 
13001298760041;0.304867;0.152431;0.985223 -0.120753 0.121466 -0.315197 0.127712 0.990488 -0.0512117 -0.113629 -0.114127 0.0659677 0.991274 0.418194 0 0 0 1 
13001298760042;0.323258;0.137128;0.998099 0.0616187 0.00104162 0.122145 -0.0616019 0.997054 0.0457065 0.0125369 0.00177782 -0.0456838 0.998954 -0.00319707 0 0 0 1 
13001298760043;1.1294;0.131495;0.944064 -0.32168 -0.072558 -0.536118 0.328518 0.898362 0.291584 -1.98065 -0.0286133 -0.29911 0.953789 -0.864471 0 0 0 1 
13001298760044;0.672602;0.114267;0.989206 -0.0709661 0.128203 -0.572312 0.0749071 0.996847 -0.0261788 -0.0430979 -0.125941 0.0354995 0.991402 0.155461 0 0 0 1 
13001298760045;0.603165;0.350115;0.984609 0.132191 0.114326 0.38593 -0.130158 0.991175 -0.0251035 0.492641 -0.116636 0.00983666 0.993126 0.177298 0 0 0 1 
13001298760046;0.435224;0.209596;0.903486 0.105996 -0.415304 0.733818 -0.129158 0.991229 -0.0279956 0.614297 0.408694 0.0789336 0.909252 -1.03531 0 0 0 1 
13001298760047;1.03472;0.169837;0.998952 -0.0228719 0.0396376 -0.274851 0.0129881 0.972229 0.233671 -0.437784 -0.0438813 -0.232912 0.971507 -0.931897 0 0 0 1 
13001298760048;1.38851;0.18481;0.993159 0.0799325 0.0851277 0.206158 -0.109105 0.895004 0.432509 -0.689452 -0.0416181 -0.438838 0.897602 -1.32029 0 0 0 1 
13001298760049;0.308211;0.210666;0.989734 0.125881 -0.0676787 0.0666778 -0.116672 0.985132 0.126109 0.255091 0.0825472 -0.116918 0.989705 -0.487312 0 0 0 1 
13001298760050;0.383404;0.127817;0.998641 -0.0488332 0.018214 -0.420952 0.0489852 0.998767 -0.00799753 -0.206346 -0.017801 0.00887888 0.999802 0.171137 0 0 0 1 
13001298760051;1.39486;0.153456;0.908553 -0.393779 0.139531 -1.64312 0.403412 0.913756 -0.0480421 -1.51243 -0.10858 0.0999375 0.989052 0.627812 0 0 0 1 
13001298760052;0.390791;0.118345;0.999972 -0.00750557 0.000385628 -0.312693 0.00749736 0.999808 0.0180944 -0.164871 -0.000521362 -0.018091 0.999836 -0.0718025 0 0 0 1 
13001298760053;0.738841;0.700971;0.988433 0.151516 0.00660982 0.435904 -0.150996 0.979102 0.136236 0.517625 0.0141702 -0.135658 0.990654 -0.110587 0 0 0 1 
13001298760054;0.290741;0.109006;0.985461 -0.169894 0.00168241 -0.450084 0.1699 0.985452 -0.00428302 -0.435172 -0.000930279 0.00450659 0.999989 -0.0932637 0 0 0 1 
13001298760055;0.983527;0.145199;0.977398 0.178517 0.113243 -0.329777 -0.159907 0.974676 -0.156324 0.711404 -0.138282 0.134682 0.981193 0.946394 0 0 0 1 
13001298760056;0.893456;0.406362;0.998002 -0.0631757 -7.13402e-05 0.151159 0.0631696 0.99792 -0.0128227 -0.380461 0.000881278 0.0127926 0.999918 -0.145165 0 0 0 1 
13001298760057;1.32906;0.164086;0.997671 0.0526903 0.0433252 0.456137 -0.053115 0.99855 0.00871017 0.792372 -0.0428035 -0.0109911 0.999023 -0.459555 0 0 0 1 
13001298760058;1.04418;0.519659;0.970384 -0.186846 0.153115 -0.821451 0.184378 0.982389 0.0302902 -0.441129 -0.156078 -0.00116216 0.987744 -0.186043 0 0 0 1 
13001298760059;1.02726;0.142273;0.997147 0.0588631 -0.0472587 0.498762 -0.0461115 0.970647 0.236047 -0.120834 0.059766 -0.233195 0.970592 -1.19933 0 0 0 1 
13001298760060;1.18019;0.804399;0.984444 -0.171688 -0.0373129 -0.236539 0.175695 0.962695 0.205792 -1.4875 0.000588948 -0.209146 0.977884 -0.191287 0 0 0 1 
13001298760062;0.42647;0.791563;0.994148 -0.108001 -0.00224401 -0.228638 0.107498 0.98704 0.119149 -0.0685228 -0.0106533 -0.118693 0.992874 -0.121891 0 0 0 1 
13001298760063;0.820769;0.808042;0.982472 -0.181139 0.0440187 -0.0170591 0.179792 0.983155 0.0328723 -0.072606 -0.0492317 -0.0243819 0.99849 0.644414 0 0 0 1 
13001298760064;0.637796;0.779784;0.998707 0.0447346 -0.0241462 0.209897 -0.0447794 0.998996 -0.00131584 0.732789 0.0240631 0.00239539 0.999708 0.28927 0 0 0 1 
13001298760065;1.32441;0.836385;0.957775 -0.194535 -0.211716 0.0764711 0.264914 0.883275 0.386841 -1.07106 0.111749 -0.426593 0.897513 -2.33878 0 0 0 1 
13001298760066;0.832986;0.785791;0.953033 -0.302868 0.000241746 -0.401145 0.30265 0.952317 -0.0386778 -0.167351 0.011484 0.0369344 0.999252 0.291431 0 0 0 1 
13001298760067;0.500971;0.899938;0.910632 -0.412586 -0.0228379 -0.495936 0.408458 0.907132 -0.101363 -0.993761 0.0625378 0.0829757 0.994587 -0.250661 0 0 0 1 
13001298760068;1.1413;0.754275;0.932278 -0.322801 0.163271 -0.878571 0.296368 0.940371 0.166936 -0.186178 -0.207422 -0.107243 0.972355 0.777258 0 0 0 1 
13001298760069;0.277143;0.811939;0.985838 -0.108977 -0.127469 0.0295513 0.132517 0.972039 0.193853 -0.157426 0.102779 -0.207999 0.972714 -0.900536 0 0 0 1 
13001298760070;1.31041;0.849658;0.974891 -0.213776 0.0623472 -0.440055 0.216453 0.97548 -0.0398292 -0.271008 -0.0523039 0.0523243 0.997259 -0.575529 0 0 0 1 
13001298760071;0.311671;0.869785;0.850685 -0.485906 -0.200575 -0.453558 0.513301 0.850119 0.11756 -1.82094 0.11339 -0.202962 0.972599 -0.990272 0 0 0 1 
13001298760072;0.364438;0.701266;0.941768 -0.33625 -0.00297312 -0.437696 0.336243 0.941771 -0.00275085 -0.722889 0.00372497 0.00159097 0.999992 0.09531 0 0 0 1 
13001298760073;1.33186;0.862015;0.878069 -0.391188 0.27562 -0.749556 0.455771 0.85918 -0.232557 -0.644196 -0.145834 0.329821 0.932711 0.97774 0 0 0 1 
13001298760074;0.375476;0.804741;0.851308 -0.332788 -0.405619 0.171756 0.280308 0.942002 -0.184554 -0.571819 0.443511 0.043414 0.895217 -1.44876 0 0 0 1 
13001298760075;0.892832;0.842378;0.968422 -0.162095 0.189432 0.00856325 0.186577 0.975159 -0.119392 -0.278287 -0.165373 0.150966 0.974608 1.63862 0 0 0 1 
13001298760076;0.49285;0.774383;0.929948 -0.367678 0.002968 -0.832068 0.367269 0.928467 -0.0553333 -0.948939 0.0175892 0.0525472 0.998464 -0.0822757 0 0 0 1 
13001298760077;1.25077;0.778939;0.987251 -0.158831 -0.0104095 -0.576222 0.159065 0.986872 0.0279725 0.248563 0.00582994 -0.0292716 0.999554 0.613594 0 0 0 1 
13001298760078;0.873453;0.844883;0.978701 -0.124401 -0.163308 -0.0531211 0.137661 0.987821 0.0725177 0.255279 0.152298 -0.0934542 0.983906 -1.27511 0 0 0 1 
13001298760079;0.135451;0.74314;0.985983 -0.153691 -0.0649322 -0.042019 0.151683 0.987815 -0.034835 -0.131309 0.0694948 0.0244977 0.997281 -0.159708 0 0 0 1 
13001298760080;0.477523;1.02891;0.888092 -0.435419 0.147319 -0.398531 0.399795 0.889834 0.219906 -1.55184 -0.226841 -0.136399 0.964333 0.602182 0 0 0 1 
13001298760081;0.486196;0.864398;0.954169 0.0172072 -0.298772 0.66784 -0.00444955 0.999051 0.0433281 0.359345 0.299234 -0.040013 0.95334 -1.11746 0 0 0 1 
13001298760082;0.60999;3.04593;0.869157 -0.486969 0.0861778 -0.452076 0.494529 0.856782 -0.14617 0.0905877 -0.00265542 0.169662 0.985499 0.34199 0 0 0 1 
13001298760083;0.578912;0.802355;0.866562 -0.49883 -0.0154415 -0.483389 0.475043 0.814964 0.331915 -2.07304 -0.152985 -0.294961 0.943183 -0.239826 0 0 0 1 
13001298760084;0.295038;0.821696;0.997786 0.0463509 0.0476949 0.280837 -0.0442401 0.998034 -0.0443997 0.670539 -0.0496591 0.0421914 0.997875 0.29593 0 0 0 1 
13001298760085;0.331689;0.87415;0.990176 -0.139714 0.00561463 -0.134749 0.137098 0.97796 0.157478 -0.220553 -0.0274928 -0.155161 0.987507 -0.197808 0 0 0 1 
13001298760086;0.698459;0.800025;0.971362 -0.237559 0.004645 -0.592088 0.237604 0.971128 -0.0213145 -0.630865 0.00055256 0.0218078 0.999762 0.462038 0 0 0 1 
13001298760087;0.67213;0.889546;0.864599 -0.350614 -0.359914 0.185049 0.345246 0.934971 -0.0814508 -0.772187 0.365067 -0.0538364 0.929423 -1.77411 0 0 0 1 
13001298760088;0.268562;0.857337;0.888141 -0.341587 -0.307448 -0.0884356 0.3386 0.938697 -0.0647972 -0.842177 0.310734 -0.0465527 0.949356 -1.14256 0 0 0 1 
13001298760089;1.15866;0.839663;0.808544 -0.49854 0.312592 -1.13728 0.542139 0.837667 -0.0663238 -1.7601 -0.228783 0.223094 0.947569 1.9359 0 0 0 1 
13001298760090;0.714198;0.789037;0.976049 -0.214934 -0.0336544 -0.541984 0.216972 0.973022 0.0784265 -0.458363 0.01589 -0.0838501 0.996352 0.166764 0 0 0 1 
13001298760091;1.1529;0.905825;0.980111 -0.17557 -0.0925091 -0.111259 0.174679 0.984466 -0.0177114 -0.46029 0.0941816 0.00119977 0.995554 -1.06392 0 0 0 1 
13001298760093;1.04775;0.326198;0.90709 -0.326951 0.265123 -0.823123 0.303421 0.944417 0.126539 -1.15828 -0.291759 -0.0343382 0.955875 0.0941182 0 0 0 1 
13001298760094;1.11373;0.195273;0.993795 -0.108284 -0.025426 -0.150799 0.110093 0.990186 0.086089 -0.845603 0.0158544 -0.0883541 0.995963 -1.20031 0 0 0 1 
13001298760095;0.293853;0.235767;0.991463 0.0773176 0.104987 0.306338 -0.0534188 0.975402 -0.213864 0.0269124 -0.11894 0.20643 0.971205 1.11867 0 0 0 1 
13001298760096;0.895384;0.160658;0.993217 -0.0951386 0.0668519 0.457841 0.097207 0.994859 -0.0283936 -0.772948 -0.0638069 0.0346995 0.997359 0.302948 0 0 0 1 
13001298760097;0.339617;0.274281;0.990162 -0.109398 -0.0872398 0.0343412 0.118076 0.987809 0.101448 -0.600702 0.075078 -0.110751 0.991008 -0.695041 0 0 0 1 
13001298760098;0.188558;0.216703;0.98857 -0.00292527 -0.150731 0.317776 0.0135311 0.997498 0.0693854 -0.186071 0.150151 -0.0706319 0.986137 -0.709024 0 0 0 1 
13001298760099;0.958706;0.229368;0.962715 0.219545 0.158051 0.571915 -0.21295 0.975356 -0.0577327 -0.230877 -0.166831 0.0219232 0.985742 0.30183 0 0 0 1 
13001298760100;0.754489;0.326789;0.986363 0.0327359 -0.161294 0.0880885 -0.0720838 0.96695 -0.244565 0.049561 0.147957 0.252857 0.956124 0.750946 0 0 0 1 
13001298760101;0.427244;0.241478;0.969963 0.233879 0.0668792 1.06914 -0.235573 0.971679 0.0185664 0.390927 -0.0606428 -0.0337636 0.997588 -0.0920097 0 0 0 1 
13001298760102;0.55757;0.529998;0.994302 0.0748036 -0.0759422 0.517122 -0.0784285 0.995861 -0.0459255 0.128154 0.0721925 0.0516198 0.996054 0.0673436 0 0 0 1 
13001298760103;0.502682;0.368312;0.994615 -0.094481 -0.0426036 0.0420526 0.091484 0.993514 -0.0675277 0.0228615 0.0487073 0.0632665 0.996807 0.1072 0 0 0 1 
13001298760104;0.301846;0.25681;0.907753 -0.416321 -0.051584 -0.703238 0.416485 0.909107 -0.00803689 -1.55373 0.0502413 -0.0141884 0.998636 -0.165012 0 0 0 1 
13001298760105;0.905526;0.358101;0.9655 0.172821 -0.194789 0.99182 -0.17303 0.984785 0.0160773 0.232491 0.194604 0.0181817 0.980713 -1.07136 0 0 0 1 
13001298760106;0.994487;0.207891;0.924251 -0.380015 -0.036738 -0.852359 0.373241 0.919615 -0.122468 -2.08257 0.0803243 0.0994787 0.991792 0.537957 0 0 0 1 
13001298760107;0.0362635;0.184418;0.99377 -0.101246 -0.046581 -0.18164 0.102555 0.994371 0.0266155 -0.410105 0.0436241 -0.0312268 0.99856 -0.184282 0 0 0 1 
13001298760108;1.01768;0.252281;0.960472 -0.220902 -0.1694 -0.139247 0.230775 0.972154 0.0407451 -0.932531 0.155682 -0.0782277 0.984705 -1.48959 0 0 0 1 
13001298760109;0.830454;0.258426;0.96623 -0.224676 -0.126174 -0.114667 0.217576 0.973695 -0.0676657 -0.742061 0.138058 0.0379283 0.989698 -0.886111 0 0 0 1 
13001298760110;0.923517;0.48949;0.987978 -0.154324 -0.00919519 -0.535606 0.150365 0.97305 -0.174827 -0.492251 0.0359273 0.171342 0.984556 0.850468 0 0 0 1 
13001298760111;0.26829;0.25525;0.912608 -0.408577 0.0145796 -0.769804 0.408452 0.909623 -0.0758405 -1.49134 0.0177247 0.0751676 0.997013 0.167403 0 0 0 1 
13001298760112;0.495558;0.524602;0.981944 0.0508197 -0.182215 0.539788 -0.0324221 0.994198 0.102561 0.214946 0.18637 -0.0948012 0.977895 -0.969207 0 0 0 1 
13001298760113;0.269314;0.230376;0.995321 0.0966212 -0.00107076 0.418829 -0.0965915 0.995194 0.0161143 0.175081 0.0026226 -0.0159355 0.99987 -0.193222 0 0 0 1 
13001298760114;0.734561;0.272508;0.913456 -0.406851 -0.00835769 -1.05424 0.406109 0.910098 0.0824436 -1.11875 -0.0259359 -0.0787028 0.996561 -0.0756719 0 0 0 1 
13001298760115;0.321726;0.237677;0.991366 -0.130826 -0.00879732 -0.247439 0.130278 0.990369 -0.0468767 -0.53959 0.0148453 0.0453259 0.998862 -0.182688 0 0 0 1 
13001298760116;1.15818;0.284179;0.988011 0.139595 -0.0659343 1.46035 -0.151559 0.95834 -0.242105 0.466442 0.0293909 0.249196 0.968007 1.14779 0 0 0 1 
13001298760117;0.977589;0.305625;0.971296 -0.176027 -0.159993 -0.320752 0.150083 0.975322 -0.161934 -0.769065 0.18455 0.133273 0.973745 0.531092 0 0 0 1 
13001298760118;0.349631;0.291543;0.969998 0.228349 0.0834325 0.842172 -0.22664 0.973531 -0.0295365 0.423754 -0.0879687 0.00974125 0.996076 0.275292 0 0 0 1 
13001298760119;0.966956;0.323217;0.889384 -0.357118 -0.285417 -0.0773611 0.336247 0.933988 -0.120846 -0.938502 0.309733 0.0115073 0.950754 -1.61805 0 0 0 1 
13001298760120;0.820899;0.240017;0.996362 0.0816949 0.0242611 0.752046 -0.0828129 0.995343 0.0493467 -0.0292287 -0.0201167 -0.0511763 0.998487 0.439842 0 0 0 1 
13001298760121;0.247186;0.198865;0.995546 -0.0942672 -0.00122098 -0.126203 0.0941504 0.99348 0.0642972 -0.2877 -0.00484809 -0.0641258 0.99793 0.0110565 0 0 0 1 
13001298760122;0.958553;0.169003;0.99617 0.0447024 -0.0751457 0.494601 -0.0405307 0.997599 0.0561527 -0.761481 0.0774755 -0.0528919 0.99559 -0.111324 0 0 0 1 
13001298760124;1.10954;0.0718092;0.884329 -0.46551 0.0355265 -0.657357 0.459179 0.881 0.11399 -3.31832 -0.0843623 -0.0844915 0.992847 -0.247084 0 0 0 1 
13001298760125;0.573277;0.0952092;0.938967 0.0225184 -0.343269 0.659239 0.0967728 0.940268 0.326391 -0.738839 0.330114 -0.33969 0.880702 -2.86997 0 0 0 1 
13001298760126;0.254431;0.0968973;0.954785 0.226452 -0.192627 1.04789 -0.220827 0.974006 0.0504757 0.988423 0.19905 -0.00565621 0.979973 -0.814506 0 0 0 1 
13001298760127;0.992788;0.0798133;0.912518 -0.35647 -0.200599 -0.664216 0.360909 0.932476 -0.0152718 -2.69228 0.192498 -0.0584622 0.979554 -1.17354 0 0 0 1 
13001298760128;0.0799235;0.0835981;0.999582 0.0289057 -0.000569267 0.0632558 -0.0288949 0.998154 -0.0534189 0.159986 -0.000975898 0.053413 0.998572 0.234478 0 0 0 1 
13001298760129;0.127861;0.104395;0.997892 -0.0362881 -0.0537998 0.0199427 0.0341671 0.998622 -0.0398319 -0.0202225 0.0551711 0.0379097 0.997757 -0.066706 0 0 0 1 
13001298760130;0.557579;0.117456;0.969201 -0.225985 -0.0978774 -0.652915 0.220482 0.973293 -0.0639415 -1.22072 0.109713 0.0403919 0.993142 0.111786 0 0 0 1 
13001298760131;0.697726;0.116132;0.984392 -0.17433 -0.024107 0.0115818 0.168529 0.973239 -0.156215 -1.14197 0.0506949 0.149714 0.987429 0.390047 0 0 0 1 
13001298760132;0.915785;0.0710541;0.973636 0.0202452 0.227209 0.0808089 -0.020185 0.999793 -0.00258845 0.193849 -0.227215 -0.00206601 0.973843 0.279024 0 0 0 1 
13001298760133;0.526097;0.113173;0.988666 0.126316 0.0811421 0.380047 -0.128412 0.991496 0.0211351 0.696146 -0.0777823 -0.0313152 0.996478 0.798595 0 0 0 1 
13001298760134;0.640051;0.134495;0.992425 -0.031951 -0.118628 0.231117 0.0243601 0.997595 -0.0648972 0.113966 0.120417 0.0615158 0.990816 0.257948 0 0 0 1 
13001298760135;0.744448;0.105793;0.899802 0.41103 -0.146325 1.94573 -0.417107 0.908776 -0.0121618 1.86579 0.127978 0.0719766 0.989162 0.218208 0 0 0 1 
13001298760136;0.470128;0.0613919;0.99355 0.110033 -0.0274013 0.0572908 -0.10921 0.993568 0.0299251 0.480622 0.0305178 -0.0267396 0.999176 -0.472933 0 0 0 1 
13001298760137;0.306436;0.10045;0.96674 0.0679611 0.246567 0.137688 -0.0074859 0.971156 -0.238328 0.0576006 -0.255652 0.228556 0.939364 2.09885 0 0 0 1 
13001298760138;0.926249;0.117989;0.999506 -0.0163842 -0.0268302 -0.426622 0.0143418 0.997109 -0.0746213 -0.369729 0.0279753 0.0741996 0.996851 -0.506126 0 0 0 1 
13001298760139;0.738974;0.105981;0.983887 0.17868 -0.00633064 0.551909 -0.17875 0.982261 -0.0566815 0.962371 -0.00390953 0.0568998 0.998372 0.866262 0 0 0 1 
13001298760140;1.02616;0.0971121;0.986818 0.128901 -0.0978523 0.213028 -0.131266 0.991182 -0.0180971 0.481201 0.0946567 0.0307032 0.995036 -1.15905 0 0 0 1 
13001298760141;0.897713;0.0945698;0.951483 -0.234539 0.199175 -0.846389 0.265068 0.953496 -0.143471 -1.69783 -0.156263 0.189305 0.969405 2.00181 0 0 0 1 
13001298760142;0.158181;0.097249;0.998547 0.00207446 0.0538455 -0.002344 0.00504611 0.991268 -0.131768 0.185751 -0.0536486 0.131848 0.989817 0.744522 0 0 0 1 
13001298760143;0.631582;0.222648;0.979538 0.200576 -0.0165717 0.640987 -0.198288 0.947703 -0.25008 1.13757 -0.034455 0.248249 0.968083 1.37144 0 0 0 1 
13001298760144;0.855274;0.125014;0.983291 -0.115377 -0.140811 0.454732 0.117129 0.993108 0.00419094 -0.492616 0.139357 -0.020614 0.990028 -0.269303 0 0 0 1 
13001298760145;0.0426315;0.0871986;0.999322 -0.0269813 -0.0250695 -0.0538153 0.0252828 0.997515 -0.0657616 -0.0520075 0.0267815 0.0650832 0.99752 0.169201 0 0 0 1 
13001298760146;0.950154;0.0963317;0.994346 0.0142631 -0.105225 0.131331 -0.0168634 0.999573 -0.0238638 0.00577701 0.104839 0.0255033 0.994162 0.526582 0 0 0 1 
13001298760147;0.397392;0.103842;0.953294 0.0424999 -0.29904 0.532838 -0.138336 0.941543 -0.30718 0.688443 0.268504 0.334201 0.903446 -0.0989177 0 0 0 1 
13001298760148;0.554781;0.092349;0.996371 -0.0790477 0.0315759 -0.256051 0.0835684 0.978931 -0.186306 -0.468573 -0.0161836 0.188268 0.981984 0.226358 0 0 0 1 
13001298760149;0.73823;0.0865857;0.999088 -0.0347569 -0.0248139 -0.0162264 0.0338129 0.998724 -0.0374989 0.238954 0.0260855 0.0366256 0.998989 0.650958 0 0 0 1 
13001298760150;0.886242;0.123944;0.968012 -0.250899 0.00177225 -0.286097 0.250358 0.965413 -0.0727872 -1.54415 0.0165513 0.0709026 0.997346 -0.404032 0 0 0 1 
13001298760151;1.10427;0.0835855;0.927429 0.320842 0.192189 2.10522 -0.351781 0.922826 0.15698 1.79973 -0.126991 -0.213196 0.968721 0.0198244 0 0 0 1 
13001298760152;0.722566;0.0788747;0.955306 0.215568 0.202289 0.308396 -0.144437 0.937414 -0.316849 0.463171 -0.257931 0.27347 0.926653 2.38317 0 0 0 1 
13001298760153;0.343462;0.0921819;0.945284 0.301022 -0.125795 1.2989 -0.320117 0.930205 -0.179569 1.44134 0.0629608 0.210012 0.975669 0.392918 0 0 0 1 
13001298760155;0.0682714;0.228181;0.996953 0.0775572 0.00828354 -0.193322 -0.0776326 0.996939 0.00921109 0.224942 -0.0075438 -0.0098261 0.999923 0.156093 0 0 0 1 
13001298760156;0.228778;0.350033;0.998287 0.00497846 -0.0583011 -0.246599 -0.0112913 0.994037 -0.108458 0.134326 0.0574135 0.10893 0.99239 -0.179037 0 0 0 1 
13001298760157;0.606065;0.282344;0.99267 0.0747458 -0.0949687 -0.675276 -0.0789121 0.996042 -0.0408952 -0.206095 0.0915361 0.0480896 0.99464 -0.0766537 0 0 0 1 
13001298760158;0.344682;0.257112;0.948607 -0.0280825 -0.315208 0.249982 0.00794405 0.997854 -0.0649936 0.108654 0.316356 0.0591494 0.946795 -1.25004 0 0 0 1 
13001298760159;0.780294;0.496903;0.99295 0.0603337 -0.102026 0.422823 -0.0537166 0.996346 0.0664071 0.0188321 0.10566 -0.0604585 0.992563 -0.797089 0 0 0 1 
13001298760160;0.374691;0.359754;0.995976 0.0599383 -0.0666295 -0.341886 -0.0406349 0.964654 0.260369 0.00148578 0.0798805 -0.256614 0.963207 0.0803455 0 0 0 1 
13001298760161;0.829311;0.424641;0.978984 0.08066 0.18731 -1.02844 -0.114225 0.977748 0.175962 0.13936 -0.168949 -0.193659 0.966412 0.748539 0 0 0 1 
13001298760162;0.477774;0.372584;0.972043 0.166103 -0.165957 -0.387912 -0.206861 0.940207 -0.270591 0.73842 0.111088 0.297356 0.948282 0.0214351 0 0 0 1 
13001298760163;0.737936;0.563215;0.99482 -0.0505207 0.0882117 -0.192338 0.0562823 0.996355 -0.0640981 -0.806973 -0.0846519 0.0687308 0.994037 0.630377 0 0 0 1 
13001298760164;0.306679;0.297257;0.990868 0.0558194 -0.122735 -0.157783 -0.0884252 0.956213 -0.278995 0.421434 0.101788 0.2873 0.952417 -0.209615 0 0 0 1 
13001298760165;0.655134;0.278716;0.979906 -0.196721 -0.0329497 -0.658545 0.197422 0.980124 0.0195362 -0.91192 0.0284516 -0.0256486 0.999266 -0.580371 0 0 0 1 
13001298760166;0.142166;0.252376;0.999632 -0.0236913 0.013235 -0.296478 0.0244123 0.99806 -0.0572699 -0.0851706 -0.0118525 0.0575719 0.998271 0.0365987 0 0 0 1 
13001298760167;0.73402;1.01296;0.991516 -0.0586208 0.116015 -0.639888 0.0627915 0.997493 -0.0326248 -0.640305 -0.113812 0.0396327 0.992712 0.947328 0 0 0 1 
13001298760168;0.457979;0.885416;0.993103 0.0876042 0.0779182 -0.821626 -0.0706651 0.977565 -0.198427 0.156048 -0.0935531 0.191553 0.977014 0.240113 0 0 0 1 
13001298760169;0.0971797;0.250061;0.995561 0.0502498 0.0795859 -0.293063 -0.0580646 0.993378 0.0991359 0.0724775 -0.0740773 -0.103317 0.991886 0.261363 0 0 0 1 
13001298760170;0.865636;1.09103;0.987179 -0.0602063 -0.147826 -1.15758 0.0436082 0.992631 -0.113062 -0.590518 0.153544 0.105166 0.98253 -0.00513121 0 0 0 1 
13001298760171;0.53187;0.287071;0.981626 -0.184559 -0.0484508 -0.296869 0.190028 0.922548 0.335849 -1.14926 -0.0172857 -0.338885 0.940669 0.506881 0 0 0 1 
13001298760172;0.399772;0.565396;0.972208 0.0720606 0.222754 -0.386166 -0.104988 0.984612 0.139699 0.104204 -0.209259 -0.159203 0.964813 1.08043 0 0 0 1 
13001298760173;0.409814;0.944353;0.977002 0.00792185 0.213084 -0.952758 -0.000206671 0.999344 -0.0362051 -0.114249 -0.213231 0.0353284 0.976363 0.93088 0 0 0 1 
13001298760174;0.230776;0.292228;0.990423 0.111548 -0.0813581 -0.233763 -0.112499 0.993626 -0.00717987 0.222807 0.0800386 0.0162638 0.996659 -0.0457141 0 0 0 1 
13001298760175;0.184973;0.329852;0.986706 0.031571 -0.15942 -0.26641 -0.0438597 0.996281 -0.0741628 0.0229855 0.156486 0.080169 0.984421 -0.713336 0 0 0 1 
13001298760176;0.684651;0.877673;0.986559 -0.00331742 0.163373 -1.17841 -0.0447613 0.956066 0.289714 -0.649331 -0.157156 -0.293132 0.943067 0.27561 0 0 0 1 
13001298760177;0.712892;0.766708;0.995746 0.0790597 -0.0473239 -0.377276 -0.0897463 0.948508 -0.303772 0.378972 0.020871 0.306727 0.951569 -0.351526 0 0 0 1 
13001298760178;0.372998;0.971103;0.997621 0.0427169 0.0541014 -0.820761 -0.038462 0.996259 -0.0773853 -0.434024 -0.0572047 0.0751204 0.995532 0.116432 0 0 0 1 
13001298760179;0.364497;0.336295;0.996661 0.0282745 0.0766031 -0.381121 -0.0576442 0.908076 0.414818 -0.260067 -0.0578327 -0.417849 0.906674 0.339213 0 0 0 1 
13001298760180;0.444705;0.399719;0.989988 -0.120113 -0.0741417 -0.418795 0.139003 0.920915 0.364135 -0.631734 0.0245407 -0.370796 0.92839 -0.245734 0 0 0 1 
13001298760181;0.327893;0.32267;0.98768 -0.0758542 0.136871 -0.472108 0.0818355 0.995898 -0.0386076 -0.466932 -0.133381 0.0493329 0.989836 0.380354 0 0 0 1 
13001298760182;0.549357;0.320891;0.997717 -0.0111946 -0.066605 -0.178004 0.0149917 0.998274 0.0567864 -0.665449 0.0658543 -0.0576553 0.996162 0.142791 0 0 0 1 
13001298760183;0.363905;0.384183;0.985648 0.043786 -0.163037 -0.226295 -0.00624738 0.974576 0.223968 -0.154055 0.168698 -0.219735 0.960863 -0.329535 0 0 0 1 
13001298760184;0.185151;0.340969;0.982348 0.16234 -0.0929361 -0.212004 -0.158507 0.986225 0.0472932 0.345906 0.0993334 -0.0317274 0.994548 -0.337331 0 0 0 1 
13001298760186;0.752269;0.518274;0.992219 -0.109783 -0.05873 -0.133353 0.111007 0.993657 0.0179992 -0.356998 0.0563815 -0.0243786 0.998112 0.24569 0 0 0 1 
13001298760187;1.11885;0.584999;0.828195 -0.554894 0.0786543 -0.44183 0.558133 0.829344 -0.0259946 -2.60857 -0.0508073 0.0654281 0.996563 0.541677 0 0 0 1 
13001298760188;1.47853;0.390099;0.991282 -0.110993 0.070998 -0.441791 0.130733 0.895644 -0.425124 -0.155557 -0.0164031 0.4307 0.902346 0.36896 0 0 0 1 
13001298760189;0.694353;0.454513;0.994817 0.100384 0.0161964 0.489093 -0.099832 0.994492 -0.0319144 -0.301315 -0.0193109 0.0301321 0.999359 -0.12836 0 0 0 1 
13001298760190;1.04867;0.435619;0.933387 -0.325311 -0.151529 -0.482879 0.327077 0.944896 -0.01383 -1.8672 0.147678 -0.0366529 0.988356 -0.654491 0 0 0 1 
13001298760191;0.608395;0.563763;0.997819 -0.0104838 0.0651663 -0.211962 0.0130064 0.999178 -0.0384065 -0.334409 -0.06471 0.0391703 0.997135 -0.106988 0 0 0 1 
13001298760192;0.728377;0.521906;0.971092 -0.226805 0.074425 -0.464356 0.227712 0.973721 -0.00382205 -0.674384 -0.0716024 0.020659 0.997219 0.614506 0 0 0 1 
13001298760193;0.223967;0.5106;0.971067 -0.238346 0.0148201 -0.45954 0.237276 0.969998 0.0529489 -0.907962 -0.0269957 -0.0479005 0.998487 -0.0613559 0 0 0 1 
13001298760194;0.894476;0.462567;0.999268 -0.0236173 0.0300844 -0.0646112 0.0247048 0.999035 -0.0363033 -0.341478 -0.029198 0.0370199 0.998888 -0.208341 0 0 0 1 
13001298760195;0.58478;1.17616;0.992457 0.121618 0.0154443 0.417606 -0.121764 0.992519 0.00890231 -0.396899 -0.0142461 -0.0107157 0.999841 0.271495 0 0 0 1 
13001298760196;0.904607;0.531729;0.979481 -0.198757 0.0333714 -0.72843 0.19826 0.979991 0.0176287 -0.538394 -0.0362075 -0.0106508 0.999288 -0.256101 0 0 0 1 
13001298760197;0.286883;0.414602;0.959372 -0.282034 0.0079042 -0.483312 0.281906 0.959336 0.0142397 -1.22402 -0.0115989 -0.011433 0.999867 0.054468 0 0 0 1 
13001298760198;1.24998;1.31191;0.983038 0.179009 0.0398902 0.377359 -0.179592 0.983674 0.0115259 0.104043 -0.0371757 -0.0184943 0.999138 -0.396816 0 0 0 1 
13001298760199;1.55468;0.424212;0.923299 -0.101945 -0.370305 0.657279 0.106395 0.994288 -0.00844851 -0.424412 0.369051 -0.0315981 0.928872 -1.8223 0 0 0 1 
13001298760200;0.663257;0.379403;0.986846 -0.157681 0.035662 -0.523264 0.157869 0.987457 -0.00251855 -1.02985 -0.0348175 0.00811536 0.999361 -0.00223685 0 0 0 1 
13001298760201;0.427557;1.41924;0.998237 -0.0561856 -0.019157 0.0130482 0.0593313 0.954681 0.291656 -1.35762 0.00190197 -0.292279 0.956331 -0.882822 0 0 0 1 
13001298760202;1.14516;0.671343;0.946634 -0.30107 -0.115066 -0.277331 0.308895 0.949374 0.0572069 -1.41546 0.0920176 -0.0896975 0.991709 -1.04709 0 0 0 1 
13001298760203;0.345194;0.610365;0.999704 0.020759 -0.0126611 0.0737687 -0.0195144 0.995609 0.0915532 -0.268677 0.0145061 -0.091279 0.99572 -0.16219 0 0 0 1 
13001298760204;0.987501;0.385997;0.970804 -0.239775 0.00692463 -0.709229 0.239469 0.970435 0.0301709 -0.63313 -0.0139541 -0.0276318 0.999521 -0.566011 0 0 0 1 
13001298760205;1.27725;0.650035;0.942473 -0.332604 0.0334406 -0.122949 0.333285 0.942668 -0.0172694 -1.40486 -0.0257795 0.0274213 0.999291 0.619114 0 0 0 1 
13001298760206;0.732057;0.709812;0.997045 0.044525 0.062608 0.0571091 -0.0259385 0.962175 -0.271196 -0.224467 -0.0723148 0.26877 0.960486 1.2658 0 0 0 1 
13001298760207;0.280311;0.416159;0.936016 -0.298582 -0.186342 -0.362798 0.308503 0.950867 0.0260394 -1.12352 0.169412 -0.0818604 0.98214 -0.518579 0 0 0 1 
13001298760208;0.976835;0.482711;0.990148 -0.136987 -0.0289978 -0.052873 0.137606 0.990274 0.0205563 -1.08653 0.0258998 -0.024344 0.999368 0.340063 0 0 0 1 
13001298760209;0.510095;0.392924;0.99222 -0.116397 -0.0441655 0.0472386 0.116118 0.993196 -0.00882635 -0.64776 0.0448923 0.00362926 0.998985 -0.208536 0 0 0 1 
13001298760210;0.786915;0.582169;0.951988 -0.258248 0.164397 -0.619581 0.259943 0.965556 0.0114971 -0.656016 -0.161704 0.0317887 0.986327 0.313925 0 0 0 1 
13001298760211;0.331308;0.519226;0.992817 -0.0998981 0.0658376 -0.202931 0.0877268 0.98202 0.167158 -0.638981 -0.0813526 -0.160181 0.98373 -0.0489904 0 0 0 1 
13001298760212;0.525518;0.462902;0.990569 -0.0341904 0.132681 -0.372095 0.0303463 0.999062 0.0308879 -0.382844 -0.133613 -0.0265702 0.990677 0.186234 0 0 0 1 
13001298760213;1.26584;0.596616;0.978714 -0.195337 0.0629453 -0.0724856 0.201971 0.971185 -0.126518 -0.76283 -0.036418 0.136538 0.989965 1.15397 0 0 0 1 
13001298760214;1.19532;0.952019;0.988084 -0.0397759 0.14869 0.136436 0.0186264 0.989833 0.141012 -0.187768 -0.152787 -0.136562 0.978778 0.375988 0 0 0 1 
13001298760215;0.473246;0.370626;0.984329 0.175277 0.0193756 0.330116 -0.176214 0.981873 0.0698128 -0.0402026 -0.0067878 -0.072133 0.997372 -0.167997 0 0 0 1 
13001298760217;0.222897;0.134744;0.996743 -0.0632436 -0.0500306 -0.0907732 0.0668823 0.994957 0.0747503 -0.315634 0.0450508 -0.077853 0.995946 -0.28335 0 0 0 1 
13001298760218;0.56062;0.107057;0.97749 0.115415 0.176615 0.607774 -0.156107 0.958775 0.237447 0.208512 -0.141929 -0.259673 0.95521 -0.152157 0 0 0 1 
13001298760219;1.35156;0.0898953;0.996936 -0.0778325 0.00781231 -0.303467 0.077815 0.996965 0.00252382 0.0245292 -0.00798503 -0.00190817 0.999966 0.957344 0 0 0 1 
13001298760220;0.477483;0.0871522;0.922597 -0.211758 0.322449 -0.263173 0.16809 0.973018 0.158054 -0.605711 -0.347218 -0.0916197 0.933298 1.26523 0 0 0 1 
13001298760221;0.489369;0.080724;0.951221 -0.126696 0.281294 -0.224006 0.0815103 0.982594 0.166929 -0.565895 -0.297547 -0.135858 0.944991 0.974919 0 0 0 1 
13001298760222;1.04527;0.0922339;0.997942 0.0566636 0.0300134 -0.196039 -0.0625235 0.963741 0.259411 -0.433957 -0.014226 -0.260754 0.965301 -1.02576 0 0 0 1 
13001298760223;0.25956;0.0845258;0.972305 0.109106 0.206685 0.21745 -0.122277 0.991132 0.0520201 0.44068 -0.199176 -0.0758523 0.977024 0.502198 0 0 0 1 
13001298760224;0.137794;0.102312;0.999052 0.0148207 -0.0409278 0.0570597 -0.0151698 0.999851 -0.00823199 0.100191 0.0407997 0.00884506 0.999128 -0.00149372 0 0 0 1 
13001298760225;1.05742;0.0699737;0.906036 -0.0079745 0.423125 -0.503535 0.0228458 0.999286 -0.0300865 -0.240106 -0.422583 0.0369261 0.905572 1.86007 0 0 0 1 
13001298760226;1.15936;0.0709609;0.98606 0.166182 -0.00834926 -0.0724107 -0.166296 0.985952 -0.0156497 0.534197 0.00563127 0.01682 0.999843 0.599182 0 0 0 1 
13001298760227;0.324156;0.0641734;0.937527 0.333312 -0.0997313 1.28906 -0.343 0.933502 -0.104522 1.19556 0.058261 0.1322 0.989509 0.215538 0 0 0 1 
13001298760228;1.39459;0.0720987;0.934534 -0.11366 0.337236 -0.651653 0.220372 0.928904 -0.297613 -0.0186945 -0.279434 0.352447 0.893139 1.83234 0 0 0 1 
13001298760229;0.664996;0.0958094;0.965603 -0.0268299 0.258634 -0.210256 -0.0399562 0.967539 0.249545 0.0942572 -0.256933 -0.251295 0.933186 0.716077 0 0 0 1 
13001298760230;0.977712;0.109234;0.956471 -0.290548 0.0272923 -0.522606 0.285344 0.950728 0.121224 -1.53624 -0.0611689 -0.108159 0.99225 -0.582283 0 0 0 1 
13001298760231;0.367575;0.0686184;0.894516 0.366866 0.255441 1.26108 -0.37504 0.926838 -0.0177956 1.21151 -0.243281 -0.0798822 0.966661 0.5856 0 0 0 1 
13001298760232;0.090517;0.0246415;0.99688 0.0355459 -0.0704733 0.167719 -0.0373224 0.999014 -0.0240537 0.170072 0.0695487 0.0266089 0.997224 -0.180232 0 0 0 1 
13001298760233;0.668099;0.112676;0.974224 -0.22558 0.00133435 -0.139754 0.22529 0.973241 0.0452449 -0.56347 -0.011505 -0.0437781 0.998975 0.00664479 0 0 0 1 
13001298760234;0.755306;0.0776854;0.992159 0.119047 -0.0380693 0.240113 -0.110703 0.978416 0.174492 0.0613389 0.0580203 -0.16891 0.983922 -0.197231 0 0 0 1 
13001298760235;0.973297;0.0849427;0.999175 0.0354132 -0.0198806 0.128241 -0.0344286 0.998261 0.0478581 -0.515116 0.0215408 -0.0471341 0.998656 -0.408298 0 0 0 1 
13001298760236;0.97211;0.11429;0.959206 -0.124509 -0.253814 0.20685 0.173747 0.967858 0.181834 -0.903039 0.223016 -0.218515 0.950008 -1.96456 0 0 0 1 
13001298760237;0.48343;0.0909345;0.997453 0.0518238 0.0490015 0.123828 -0.0512574 0.998604 -0.0127463 -0.0729468 -0.0495936 0.0102021 0.998717 0.0901348 0 0 0 1 
13001298760238;0.245894;0.104251;0.997124 0.0737671 -0.0173707 0.272387 -0.0749914 0.993495 -0.0856914 0.235682 0.0109366 0.0867476 0.99617 0.333502 0 0 0 1 
13001298760239;0.597612;0.0891905;0.936205 0.350592 -0.0246199 1.30169 -0.347964 0.934476 0.0753378 1.04856 0.0494195 -0.0619648 0.996854 -0.657109 0 0 0 1 
13001298760240;0.379328;0.0854803;0.999118 -0.0389263 0.0157324 -0.0423027 0.0377252 0.996796 0.0705322 -0.0515016 -0.0184275 -0.0698765 0.997385 0.131713 0 0 0 1 
13001298760241;0.905295;0.0793811;0.99896 -0.0306252 -0.0337923 0.51359 0.036802 0.978956 0.200726 0.0453831 0.0269339 -0.201761 0.979064 -0.781438 0 0 0 1 
13001298760242;0.886526;0.105115;0.925094 -0.329857 0.188135 -1.00746 0.305992 0.940914 0.145088 -1.30173 -0.224877 -0.0766523 0.971367 0.200351 0 0 0 1 
13001298760243;0.836676;0.108752;0.94544 0.261546 0.194262 1.01364 -0.246875 0.964213 -0.0966778 0.598511 -0.212595 0.0434447 0.976174 0.469356 0 0 0 1 
13001298760244;1.22657;0.0837846;0.992224 0.123838 0.012458 0.965792 -0.123937 0.992262 0.00748435 0.645794 -0.0114347 -0.00897015 0.999894 0.684106 0 0 0 1 
13001298760245;1.14759;0.110669;0.998627 -0.0470387 -0.0230446 -0.818256 0.0443689 0.993465 -0.105159 0.137302 0.0278405 0.103992 0.994188 -0.062007 0 0 0 1 
13001298760246;0.304771;0.0613562;0.943737 0.266778 -0.195423 1.08741 -0.273529 0.961831 -0.00790073 0.942542 0.185856 0.0609102 0.980687 -0.598536 0 0 0 1 
13001298760248;0.0489943;0.565408;0.988975 -0.147608 -0.0118697 -0.647443 0.147551 0.989039 -0.00556873 -0.864124 0.0125616 0.00375596 0.999914 -0.0738034 0 0 0 1 
13001298760249;0.420407;0.279463;0.999069 -0.0322742 -0.0286422 -0.314263 0.0330405 0.999097 0.0266979 -0.457604 0.0277547 -0.0276193 0.999233 -0.565387 0 0 0 1 
13001298760250;0.517589;0.626156;0.981365 -0.182741 0.0594089 -0.81495 0.179387 0.982089 0.0576272 -0.97834 -0.0688757 -0.0458961 0.996569 0.447629 0 0 0 1 
13001298760251;0.918817;1.00793;0.981487 -0.19138 0.00758331 -0.50195 0.188696 0.972994 0.132952 -0.909047 -0.0328229 -0.12906 0.991093 -0.685177 0 0 0 1 
13001298760252;0.624083;0.48191;0.996015 0.0456457 -0.0766253 0.0907939 -0.0504 0.996846 -0.0613039 0.277048 0.0735853 0.0649215 0.995174 0.00732129 0 0 0 1 
13001298760253;0.848575;0.37449;0.988887 0.106522 0.103706 0.575489 -0.111565 0.992778 0.0440969 -0.0581375 -0.0982601 -0.0551769 0.99363 0.679164 0 0 0 1 
13001298760254;0.316984;0.600338;0.994844 -0.0761272 -0.067011 -0.165293 0.0673115 0.989846 -0.125199 -0.564527 0.0758616 0.120043 0.989866 0.177193 0 0 0 1 
13001298760255;0.292142;1.00619;0.981692 -0.127747 -0.141286 -0.657566 0.123301 0.99157 -0.0398233 -1.09617 0.145182 0.0216736 0.989168 -0.470109 0 0 0 1 
13001298760256;0.288912;0.457856;0.998815 -0.01697 -0.045616 -0.0389821 0.0176944 0.999723 0.0155224 -0.597011 0.0453399 -0.0163111 0.998838 -0.0773396 0 0 0 1 
13001298760257;0.0896223;0.55145;0.985926 -0.151252 0.071231 -0.702872 0.145756 0.986326 0.0769159 -0.893805 -0.0818907 -0.065451 0.99449 -0.0301883 0 0 0 1 
13001298760258;0.918056;1.08435;0.965227 0.241451 0.100189 1.22663 -0.248256 0.966708 0.0619974 0.475732 -0.0818843 -0.0847141 0.993035 -0.0425528 0 0 0 1 
13001298760259;0.628443;0.461746;0.998686 -0.043522 0.0270646 -0.396209 0.0416175 0.996862 0.0673414 -0.316417 -0.0299105 -0.0661265 0.997363 -0.64523 0 0 0 1 
