#;prob_registration_l1 -r /home/probabilistic_point_clouds_registration/build/tester /home/point_clouds_registration_benchmark//devel/registration_pairs/box_met_local.txt /home/point_clouds_registration_benchmark//planetary/box_met -s 0.2 -t 0.2 -p 0.3 -r 1000 -m 20 -i 40 
id;initial_error;final_error;transformation
7680147070000;1.79635;2.23586;0.880034 0.164143 0.445642 -7.52416 -0.108935 0.983121 -0.146993 -4.09097 -0.462248 0.0808124 0.883061 -32.0929 0 0 0 1 
7680147070001;0.811107;2.0078;0.986043 0.139126 0.0914502 -3.62297 -0.115677 0.967542 -0.22468 -3.95579 -0.119741 0.210965 0.970132 -12.0176 0 0 0 1 
7680147070002;1.49386;2.04364;0.959579 0.00379855 -0.281413 -4.22149 -0.0788956 0.963447 -0.256018 -2.46151 0.270154 0.267872 0.924803 8.86498 0 0 0 1 
7680147070003;0.946768;2.00361;0.995063 0.0992422 -0.000481082 -3.12484 -0.0974866 0.976529 -0.192061 -4.1223 -0.0185908 0.19116 0.981383 -3.98105 0 0 0 1 
7680147070004;1.43077;2.36756;0.998248 -0.00149826 -0.0591561 -1.0526 -0.00593539 0.992103 -0.125286 0.235171 0.0588766 0.125418 0.990355 0.687641 0 0 0 1 
7680147070005;0.312811;2.15204;0.986962 0.154859 0.0438621 -4.30087 -0.155593 0.987724 0.0138241 -5.87664 -0.0411829 -0.0204685 0.998942 -2.96152 0 0 0 1 
7680147070006;1.56238;2.33876;0.999651 -0.0228267 -0.013327 -0.40824 0.0230802 0.99955 0.0191858 3.61155 0.012883 -0.0194867 0.999727 -1.5353 0 0 0 1 
7680147070007;1.77223;2.26181;0.961305 0.172894 0.214475 -5.04001 -0.219698 0.950851 0.218208 -7.97615 -0.166207 -0.256884 0.952043 -8.54417 0 0 0 1 
7680147070008;0.368314;2.55332;0.987814 0.125619 0.0918901 -3.74315 -0.126974 0.991865 0.00902167 -3.86722 -0.0900093 -0.0205794 0.995728 -5.74318 0 0 0 1 
7680147070009;2.02654;2.44236;0.99917 -0.0339315 0.0225569 -1.38702 0.0355884 0.996346 -0.0776433 4.45458 -0.0198399 0.0783816 0.996726 -6.2386 0 0 0 1 
7680147070010;1.67484;1.94408;0.990921 -0.000755158 -0.134443 -2.20224 -0.00106029 0.999909 -0.0134313 1.92202 0.134441 0.0134519 0.99083 9.18402 0 0 0 1 
7680147070011;1.58383;2.22886;0.977077 0.0777585 0.198176 -2.82895 -0.00403039 0.937496 -0.347974 0.597905 -0.212847 0.339199 0.916319 -17.7292 0 0 0 1 
7680147070012;1.55669;1.96506;0.995904 -0.0126806 0.0895251 -1.82691 0.0304965 0.979208 -0.200554 3.80512 -0.0851206 0.202463 0.975584 -7.51926 0 0 0 1 
7680147070013;1.90796;2.22585;0.996181 0.0872722 -0.00278494 -2.68125 -0.0851871 0.978392 0.188392 -1.14982 0.0191661 -0.187435 0.98209 0.971715 0 0 0 1 
7680147070014;1.7784;1.99156;0.995958 0.0879622 -0.0181779 -2.7542 -0.0892057 0.992313 -0.0857706 -2.15327 0.0104936 0.0870455 0.996149 -3.98545 0 0 0 1 
7680147070015;0.363704;2.38823;0.996949 -0.00857813 -0.0775819 -2.5981 0.0365594 0.929492 0.367026 8.51881 0.0689634 -0.368743 0.92697 9.47474 0 0 0 1 
7680147070016;0.265959;1.68239;0.998054 0.0602677 0.0159927 -2.38189 -0.0609592 0.997033 0.0470005 -1.01071 -0.0131126 -0.047884 0.998767 -0.842548 0 0 0 1 
7680147070017;0.994504;2.25566;0.999389 0.0164474 -0.0308486 -2.19977 -0.0158311 0.999672 0.0201157 1.95411 0.0311693 -0.0196151 0.999322 0.227333 0 0 0 1 
7680147070018;1.14391;2.09602;0.914059 0.121214 -0.387045 -11.5815 -0.122114 0.992264 0.0223674 -3.6663 0.386762 0.0268184 0.92179 21.3789 0 0 0 1 
7680147070019;1.59901;1.80772;0.998686 0.0499228 0.0115986 -1.19591 -0.049937 0.998752 0.000934652 0.850813 -0.0115375 -0.00151262 0.999932 -0.978718 0 0 0 1 
7680147070020;1.99055;2.61056;0.977348 -0.00017718 0.211637 -3.09337 -0.0240061 0.993453 0.111693 3.14166 -0.210271 -0.114244 0.970945 -9.91832 0 0 0 1 
7680147070021;1.30849;1.89869;0.965692 0.0161399 -0.259187 -5.29527 0.0394378 0.977376 0.207802 6.81375 0.256677 -0.210894 0.943208 16.5953 0 0 0 1 
7680147070022;0.490232;2.56397;0.998955 -0.0147378 0.0432582 -1.3602 0.0128101 0.998927 0.044507 4.106 -0.0438677 -0.0439064 0.998072 -2.10407 0 0 0 1 
7680147070023;1.93092;1.44393;0.988688 0.14429 0.0409501 -3.78499 -0.136827 0.979504 -0.147821 -4.17225 -0.0614399 0.140545 0.988166 -5.90213 0 0 0 1 
7680147070024;2.01577;3.00353;0.988138 0.069731 -0.136827 -3.12507 -0.0426526 0.980531 0.191678 1.34152 0.147529 -0.183568 0.971873 9.56355 0 0 0 1 
7680147070025;1.53658;2.07908;0.956061 -0.105469 -0.273539 -2.85168 0.066003 0.986528 -0.149686 4.69964 0.285641 0.125055 0.950142 11.6561 0 0 0 1 
7680147070026;1.23157;2.30502;0.98869 0.141859 0.0486599 -3.88639 -0.145358 0.986294 0.078072 -4.03393 -0.0369178 -0.0842621 0.995759 -0.00484319 0 0 0 1 
7680147070027;1.05263;2.42722;0.941221 0.0389104 0.335544 -4.60889 -0.0936043 0.984487 0.148403 -1.23597 -0.324564 -0.171088 0.930262 -17.2427 0 0 0 1 
7680147070028;0.137424;1.52273;0.999561 0.0255748 0.0149671 -1.51781 -0.0257434 0.999606 0.0111776 0.229633 -0.0146753 -0.011558 0.999826 -1.10076 0 0 0 1 
7680147070029;1.81513;1.50414;0.997638 0.0167669 -0.0666081 -3.11974 -0.0185079 0.999501 -0.0256076 2.83178 0.0661455 0.0267799 0.997451 3.35842 0 0 0 1 
7680147070031;0.429088;0.540113;0.972392 -0.0421287 -0.229521 -1.55257 0.0444502 0.998999 0.00495123 0.681909 0.229082 -0.0150168 0.973291 1.83933 0 0 0 1 
7680147070032;0.91489;0.892994;0.996171 0.00485003 0.0872877 -0.219241 -0.0131728 0.995388 0.0950268 0.913187 -0.0864242 -0.0958127 0.99164 0.847015 0 0 0 1 
7680147070033;0.415478;0.315228;0.979937 0.0291699 0.197161 -0.347079 0.0309415 0.954973 -0.295074 -0.198631 -0.196891 0.295255 0.934911 -9.1838 0 0 0 1 
7680147070034;0.600344;0.575911;0.983082 -0.0589958 -0.173404 -0.607818 0.0292679 0.985141 -0.169237 -0.133615 0.180811 0.161299 0.970201 -1.34362 0 0 0 1 
7680147070035;0.44843;0.471733;0.997125 0.0208648 0.0728459 -0.886596 -0.0355858 0.977678 0.207074 1.21968 -0.0668993 -0.209071 0.97561 3.02283 0 0 0 1 
7680147070036;0.879785;0.364019;0.999889 -0.00626431 -0.0134847 -2.37384 0.00588968 0.9996 -0.0276444 0.927439 0.0136524 0.0275619 0.999527 -0.98707 0 0 0 1 
7680147070037;0.82527;0.323836;0.999768 0.012618 0.0174396 -0.740736 -0.0131852 0.999375 0.032795 0.555836 -0.0170149 -0.0330174 0.99931 2.17743 0 0 0 1 
7680147070038;0.802274;0.313609;0.978101 0.0168875 0.207444 -0.395789 -0.076483 0.95613 0.282782 2.6715 -0.193568 -0.292456 0.936484 4.65627 0 0 0 1 
7680147070039;1.33952;0.538891;0.99846 0.0554239 0.00244053 -4.22544 -0.0554711 0.998052 0.0285677 0.234018 -0.000852437 -0.0286591 0.999589 1.43984 0 0 0 1 
7680147070040;0.158831;0.253536;0.999555 -0.0140571 -0.0262914 -0.284295 0.0110005 0.993535 -0.112988 -0.293951 0.0277097 0.112648 0.993248 -2.19973 0 0 0 1 
7680147070041;1.36617;0.429495;0.999341 0.000530874 0.036302 -0.849621 -0.00197976 0.999202 0.0398876 0.330469 -0.0362519 -0.0399332 0.998545 -2.48239 0 0 0 1 
7680147070042;0.46675;0.460787;0.996999 0.0115741 0.076546 -0.465853 0.00413416 0.97939 -0.201935 -0.528901 -0.0773057 0.201645 0.976403 -5.92472 0 0 0 1 
7680147070043;1.14629;0.938161;0.96443 0.0582362 0.257842 -0.182688 0.00136656 0.974318 -0.225171 -0.743343 -0.264333 0.217514 0.939583 -7.39207 0 0 0 1 
7680147070044;0.702038;0.40577;0.999293 -0.000285266 -0.0375886 -1.09842 0.00323855 0.996906 0.0785314 1.05689 0.0374499 -0.0785976 0.996203 3.35415 0 0 0 1 
7680147070045;0.887978;0.60732;0.999388 -0.0169746 0.0305801 -0.47941 0.0170124 0.999855 -0.000977008 0.80832 -0.030559 0.00149665 0.999532 -1.64772 0 0 0 1 
7680147070046;0.520495;0.345674;0.99555 0.0056131 0.0940722 -0.103387 0.010658 0.985114 -0.171572 -0.464448 -0.0936349 0.171811 0.98067 -5.76075 0 0 0 1 
7680147070047;1.3778;0.648379;0.995348 0.0568645 -0.0777777 -4.66023 -0.0322519 0.957333 0.287182 2.98135 0.0907897 -0.283338 0.954713 8.09882 0 0 0 1 
7680147070048;1.12108;1.12057;0.999983 0.00531518 0.00249679 -0.27402 -0.00519624 0.998953 -0.0454453 -0.334664 -0.00273573 0.0454315 0.998964 -0.798617 0 0 0 1 
7680147070049;0.932757;0.489108;0.996545 -0.0533767 -0.0636316 -0.53671 0.0439932 0.989076 -0.140691 0.812682 0.070446 0.137405 0.988007 -0.937211 0 0 0 1 
7680147070050;1.2993;0.461805;0.95533 -0.0531811 -0.290716 -3.75931 0.0183086 0.992437 -0.121383 0.318302 0.294973 0.110639 0.949079 -0.0182002 0 0 0 1 
7680147070051;0.92457;0.584893;0.997836 0.0118421 0.0646702 -0.341086 -0.0282579 0.965402 0.259229 1.24079 -0.059363 -0.260495 0.963648 3.16673 0 0 0 1 
7680147070052;0.840224;0.707095;0.964294 -0.029968 -0.263132 -1.5873 0.0727682 0.985317 0.154454 2.40669 0.25464 -0.168087 0.952316 6.99374 0 0 0 1 
7680147070053;0.82655;0.511498;0.999988 0.00402233 0.00262831 -0.488254 -0.003997 0.999946 -0.00957283 0.237047 -0.00266668 0.00956221 0.999951 1.16263 0 0 0 1 
7680147070054;0.270576;0.389253;0.998486 0.0243529 0.0493178 -1.10858 -0.0269001 0.998302 0.0516608 0.185318 -0.047976 -0.0529093 0.997446 0.551127 0 0 0 1 
7680147070055;0.73698;0.445925;0.983836 -0.111022 -0.140504 0.805724 0.0401664 0.901439 -0.431039 0.323918 0.17451 0.418428 0.891327 -6.7909 0 0 0 1 
7680147070056;0.896614;0.288717;0.999229 -0.0263808 -0.0290636 -0.146267 0.0257804 0.99945 -0.0208418 0.190019 0.0295975 0.0200765 0.99936 -2.20475 0 0 0 1 
7680147070057;0.403726;0.41704;0.998193 0.0247899 0.0547457 -1.77685 -0.0225756 0.998916 -0.0407015 0.113374 -0.0556954 0.039392 0.99767 -1.50041 0 0 0 1 
7680147070058;0.771956;0.425142;0.993409 0.0174592 0.113286 -0.850845 0.0014381 0.986355 -0.164624 -0.305692 -0.114615 0.163702 0.979829 -6.38492 0 0 0 1 
7680147070059;0.054331;0.259298;0.999848 0.000499691 0.0174225 -0.371183 -0.000395499 0.999982 -0.00598325 0.104825 -0.0174252 0.00597545 0.99983 -0.505591 0 0 0 1 
7680147070060;0.252286;0.299843;0.999594 0.0256171 0.0124601 -1.13358 -0.0280635 0.960658 0.276313 2.0881 -0.00489161 -0.27655 0.960987 5.3668 0 0 0 1 
7680147070062;0.694613;1.15218;0.99655 0.0272962 0.0783827 0.662605 -0.0297958 0.999078 0.0308999 -0.844607 -0.077467 -0.0331287 0.996444 -1.66394 0 0 0 1 
7680147070063;0.642429;0.886503;0.99986 -0.0140014 -0.00912288 1.19123 0.0139771 0.999899 -0.00271969 -0.285623 0.00916004 0.00259179 0.999955 -0.289407 0 0 0 1 
7680147070064;1.73702;1.94022;0.997481 -0.0565384 -0.0428389 1.22856 0.0461564 0.975904 -0.213262 -0.23917 0.0538641 0.210748 0.976055 -3.42753 0 0 0 1 
7680147070065;2.03958;2.36698;0.982931 -0.017385 -0.183152 -0.65827 0.0443706 0.98854 0.144293 1.92357 0.178544 -0.149957 0.972438 6.18802 0 0 0 1 
7680147070066;1.4044;1.89988;0.996098 -0.0123461 0.0873827 1.17772 0.0241032 0.990579 -0.134802 -0.303206 -0.0848952 0.136382 0.987012 -4.22975 0 0 0 1 
7680147070067;2.44929;0.898356;0.997974 -0.0439059 -0.0460518 1.58055 0.0445488 0.998922 0.013028 0.258307 0.0454301 -0.0150532 0.998854 -1.26537 0 0 0 1 
7680147070068;0.72785;0.977164;0.998489 -0.0128627 -0.0534334 0.946796 0.0106036 0.999047 -0.0423497 -0.289913 0.0539272 0.0417191 0.997673 1.47634 0 0 0 1 
7680147070069;0.403431;0.896403;0.996209 -0.0275192 0.0825264 1.61445 0.0597331 0.906052 -0.41893 0.0697629 -0.0632446 0.422271 0.904261 -9.30836 0 0 0 1 
7680147070070;2.46104;2.46592;0.931672 -0.111307 -0.34583 0.213803 0.0327928 0.973789 -0.225075 -0.783519 0.361818 0.198355 0.910902 3.29929 0 0 0 1 
7680147070071;1.40642;1.3436;0.943946 0.0402827 0.327632 1.3361 -0.0827153 0.989726 0.116625 -1.31545 -0.319568 -0.137188 0.93758 -7.01425 0 0 0 1 
7680147070072;0.468235;0.817597;0.998661 -0.0138831 -0.0498269 0.665247 0.0134048 0.999861 -0.00991971 0.0406714 0.0499577 0.00923851 0.998709 0.783986 0 0 0 1 
7680147070073;0.953779;1.34483;0.994438 0.0214219 0.103124 1.33939 5.51935e-05 0.978992 -0.203899 -1.0431 -0.105325 0.202771 0.973545 -5.30237 0 0 0 1 
7680147070074;0.189263;1.04595;0.999065 -0.0432153 -0.00142081 1.74744 0.0423103 0.983859 -0.173869 -0.37869 0.0089117 0.173647 0.984768 -2.80554 0 0 0 1 
7680147070075;2.44638;1.40559;0.968546 -0.106704 -0.224797 2.74322 0.0342641 0.951978 -0.304243 -1.13163 0.246466 0.286971 0.92569 1.21562 0 0 0 1 
7680147070076;2.31741;1.53403;0.997267 0.00919237 -0.0733064 0.571872 -0.0120004 0.999207 -0.0379569 -0.69032 0.0728994 0.0387329 0.996587 3.13171 0 0 0 1 
7680147070077;2.21484;0.756152;0.99894 -0.0432197 0.0158178 2.89993 0.0447035 0.992904 -0.110198 -0.13041 -0.0109429 0.110788 0.993784 -0.195603 0 0 0 1 
7680147070078;0.226189;0.602384;0.994414 0.0221394 -0.1032 -0.46956 0.0132194 0.943931 0.329879 2.91279 0.104717 -0.3294 0.938365 7.80734 0 0 0 1 
7680147070079;1.94297;1.93284;0.993009 0.0154673 0.117022 0.760901 0.0130932 0.970827 -0.239423 -0.585796 -0.117311 0.239282 0.963837 -7.52581 0 0 0 1 
7680147070080;2.14298;1.22848;0.999432 -0.0334485 0.00419926 1.03175 0.0336185 0.979705 -0.197606 -0.248602 0.00249557 0.197635 0.980273 -0.889187 0 0 0 1 
7680147070081;1.69906;1.21272;0.997337 0.00601088 0.0726785 1.865 0.00310492 0.992194 -0.124667 -1.21029 -0.0728605 0.124561 0.989533 -2.5245 0 0 0 1 
7680147070082;2.0972;1.38478;0.962941 -0.0980294 -0.251268 -0.136121 0.0257764 0.960795 -0.27606 -0.426428 0.268479 0.259353 0.927715 3.42255 0 0 0 1 
7680147070083;0.59076;0.897878;0.999164 -0.0154557 0.0378528 1.32183 0.0268865 0.945846 -0.323499 -0.380723 -0.0308031 0.324247 0.945471 -6.87299 0 0 0 1 
7680147070084;0.946739;0.86591;0.999239 -0.0376574 -0.0101207 2.20886 0.0377756 0.999217 0.0117559 0.362682 0.00967007 -0.0121293 0.99988 1.25186 0 0 0 1 
7680147070085;1.67199;1.31603;0.964719 0.0104204 -0.263075 -0.833491 0.0800164 0.940346 0.330675 4.48325 0.250827 -0.340059 0.906336 12.8721 0 0 0 1 
7680147070086;1.58068;1.38425;0.999935 -0.00280609 -0.0110642 1.15501 0.0030243 0.9998 0.0197549 -0.667947 0.0110065 -0.0197871 0.999744 -1.05821 0 0 0 1 
7680147070087;0.945675;1.04091;0.994774 -0.0572633 -0.0845359 0.873234 0.0386504 0.977507 -0.20733 -0.480187 0.0945068 0.20298 0.974612 -1.62932 0 0 0 1 
7680147070088;1.00125;1.34384;0.97925 0.0317638 0.200153 1.19699 -0.0273267 0.999317 -0.0248932 -1.28853 -0.200807 0.0189072 0.979448 -5.69218 0 0 0 1 
7680147070089;1.42162;1.17902;0.997851 -0.0104377 0.0646911 1.74232 0.00876589 0.999622 0.0260731 -0.156438 -0.0649388 -0.02545 0.997565 0.294214 0 0 0 1 
7680147070090;0.678915;0.725313;0.999437 -0.0211559 -0.0260409 0.713801 0.0220313 0.999186 0.0338011 0.383821 0.0253046 -0.0343558 0.999089 0.960586 0 0 0 1 
7680147070091;1.30647;1.74242;0.9886 -0.0576711 -0.139086 0.461391 0.0426026 0.99313 -0.108983 0.416608 0.144415 0.101816 0.984265 1.72477 0 0 0 1 
7680147070093;0.528987;0.521616;0.995347 -0.0244657 -0.0931967 -0.587888 0.0300057 0.997836 0.0585146 2.38761 0.0915634 -0.0610388 0.993927 7.57822 0 0 0 1 
7680147070094;0.750267;0.691901;0.975572 -0.0304194 -0.217562 -2.57549 0.0579302 0.990935 0.121214 5.09576 0.211902 -0.130856 0.968491 17.6805 0 0 0 1 
7680147070095;1.32662;1.06741;0.995793 0.0582787 0.0707139 -1.46938 -0.036659 0.960614 -0.275457 -4.22985 -0.083982 0.271706 0.958709 -12.9543 0 0 0 1 
7680147070096;1.72861;0.159937;0.999662 0.0147795 0.0213995 -0.278515 -0.0136841 0.998632 -0.0504618 -1.16189 -0.0221161 0.0501519 0.998497 0.332782 0 0 0 1 
7680147070097;1.58172;1.61496;0.997119 -0.0104636 -0.0751335 -0.517762 0.0150579 0.998034 0.0608448 1.5229 0.0743491 -0.0618008 0.995315 6.97818 0 0 0 1 
7680147070098;0.811119;0.584542;0.9792 -0.037245 -0.19945 -2.12919 0.0155419 0.993888 -0.109294 0.393644 0.202301 0.103921 0.973794 12.7199 0 0 0 1 
7680147070099;0.734807;0.395831;0.999952 -0.00170782 0.00967883 -0.160342 0.00177621 0.999973 -0.00706271 -0.300587 -0.00966651 0.00707957 0.999928 -1.36838 0 0 0 1 
7680147070100;0.613699;0.140157;0.937463 0.0788879 0.339028 -4.07765 -0.0581316 0.995783 -0.0709648 -4.73531 -0.343197 0.0468187 0.938096 -26.6296 0 0 0 1 
7680147070101;0.463274;0.418747;0.998871 -0.00704207 -0.0469759 -0.338029 0.00126017 0.99253 -0.121993 -0.894001 0.0474841 0.121796 0.991419 0.247354 0 0 0 1 
7680147070102;1.71997;1.19797;0.991264 0.0500728 0.12202 -1.35263 -0.0268739 0.982403 -0.184828 -3.16837 -0.129127 0.179934 0.975167 -15.8249 0 0 0 1 
7680147070103;0.768405;0.417004;0.985084 0.0353772 0.168398 -0.540806 -0.0423442 0.998382 0.0379618 -2.54884 -0.166783 -0.0445262 0.984988 -9.64707 0 0 0 1 
7680147070104;1.11988;0.836021;0.999938 -0.000819145 0.0111243 -0.125289 0.00144865 0.99839 -0.0566982 -0.737936 -0.01106 0.0567108 0.998329 -2.49242 0 0 0 1 
7680147070105;0.792054;0.569009;0.970274 0.0513569 0.236497 -1.83328 -0.0513903 0.99866 -0.00602755 -3.98604 -0.23649 -0.00630528 0.971613 -17.6499 0 0 0 1 
7680147070106;0.562855;0.279999;0.99816 0.00620695 -0.0603243 -0.843033 -0.009915 0.998066 -0.061365 -0.998448 0.0598267 0.0618502 0.996291 3.66644 0 0 0 1 
7680147070107;0.610731;0.505255;0.999899 -0.0132452 0.00515429 0.177169 0.0124368 0.990933 0.133782 1.886 -0.00687952 -0.133704 0.990997 3.46828 0 0 0 1 
7680147070108;1.42716;1.14876;0.999116 0.00307134 -0.0419265 -0.579558 -0.00509649 0.998821 -0.0482812 -0.81517 0.0417288 0.0484522 0.997953 0.635704 0 0 0 1 
7680147070109;0.474796;0.232058;0.900871 0.0396895 0.432268 -4.926 -0.101045 0.98763 0.119902 -6.13833 -0.422162 -0.151695 0.893738 -27.6268 0 0 0 1 
7680147070110;0.941477;0.724703;0.999974 0.00127983 0.00705987 -0.227125 -0.000777737 0.9975 -0.0706692 -0.842636 -0.00713266 0.0706619 0.997475 -2.41121 0 0 0 1 
7680147070111;1.47967;1.25572;0.999965 0.000838679 0.00829883 0.121764 -0.000698203 0.999857 -0.0169156 -0.073454 -0.00831183 0.0169093 0.999822 0.402043 0 0 0 1 
7680147070112;1.75011;1.16631;0.994481 -0.0157625 -0.103723 -1.14876 0.0503978 0.938883 0.340526 6.68971 0.0920165 -0.343875 0.934496 12.5835 0 0 0 1 
7680147070113;1.0332;0.968753;0.997608 0.0167507 0.0670613 -0.220495 -0.0127001 0.998095 -0.0603788 -1.33175 -0.0679449 0.0593827 0.99592 -5.77024 0 0 0 1 
7680147070114;0.426388;0.170439;0.982925 -0.0384968 0.179932 0.938148 -0.03426 0.92248 0.384521 2.24956 -0.180786 -0.38412 0.905411 -3.94471 0 0 0 1 
7680147070115;1.70185;1.59989;0.994467 -0.0107667 -0.104496 -1.0537 -0.0286198 0.929336 -0.368124 -3.35566 0.101075 0.369078 0.923886 -2.45578 0 0 0 1 
7680147070116;1.08478;0.277416;0.998121 0.0456937 0.040813 -1.43831 -0.0285121 0.936053 -0.350702 -3.1019 -0.054228 0.348879 0.935597 -13.8653 0 0 0 1 
7680147070117;0.562653;0.552211;0.997119 0.0186092 0.0735389 -0.113491 -0.0258698 0.994746 0.0990478 -1.0343 -0.0713094 -0.100665 0.992362 -2.59093 0 0 0 1 
7680147070118;0.421204;0.495026;0.992238 -0.028777 -0.120979 -0.928391 0.0166093 0.994808 -0.100408 0.410426 0.12324 0.0976191 0.987564 6.63443 0 0 0 1 
7680147070119;1.56631;0.389089;0.998184 0.0104156 0.059326 -0.269748 -0.00686951 0.998195 -0.0596663 -1.38487 -0.0598403 0.0591504 0.996454 -8.09808 0 0 0 1 
7680147070120;0.829004;0.4929;0.999424 0.0180361 -0.0287359 -0.916745 -0.0226155 0.985529 -0.167992 -2.79254 0.0252902 0.168545 0.985369 -1.29591 0 0 0 1 
7680147070121;0.0967963;0.125566;0.997618 0.000157953 0.0689777 0.228624 -0.0027353 0.999301 0.0372721 -0.0883823 -0.0689236 -0.037372 0.996922 -3.84344 0 0 0 1 
7680147070122;0.194803;0.228652;0.999548 -0.0122188 -0.0274839 -0.0640302 0.0111685 0.999213 -0.0380485 0.353428 0.0279272 0.0377244 0.998898 1.34979 0 0 0 1 
7680147070124;1.64617;0.289693;0.997001 0.0255488 0.0730453 -0.230679 -0.0150212 0.989868 -0.141196 -1.3353 -0.0759126 0.139676 0.987283 -6.59587 0 0 0 1 
7680147070125;1.40625;0.426103;0.999905 0.000387904 0.0138106 -0.329851 -0.000433877 0.999994 0.00332602 0.206596 -0.0138093 -0.00333169 0.999899 -2.75967 0 0 0 1 
7680147070126;1.2267;0.189402;0.998561 -0.011941 -0.0522792 -1.1013 0.0128834 0.99976 0.0177266 2.1127 0.052055 -0.0183747 0.998475 3.59581 0 0 0 1 
7680147070127;1.9725;1.11545;0.986463 -0.0481249 -0.156761 -1.30481 0.0286062 0.991811 -0.124469 1.96771 0.161467 0.1183 0.979762 9.00066 0 0 0 1 
7680147070128;1.62499;0.690185;0.963921 -0.0530517 -0.260847 -3.28682 0.0568246 0.99836 0.00693798 4.08532 0.260051 -0.0215102 0.965355 14.351 0 0 0 1 
7680147070129;0.486275;0.481762;0.998593 -0.0086791 -0.0523169 -0.383225 0.00625847 0.99891 -0.0462562 0.772526 0.0526613 0.0458637 0.997559 3.84191 0 0 0 1 
7680147070130;1.63305;0.779132;0.997676 0.00191983 0.0681065 -0.210764 -0.00968025 0.993457 0.113799 0.652297 -0.0674424 -0.114194 0.991167 -3.00953 0 0 0 1 
7680147070131;2.14793;1.1061;0.93744 0.0933254 0.335405 -3.21322 -0.0079594 0.968895 -0.247346 -0.887561 -0.348055 0.229203 0.909023 -23.8594 0 0 0 1 
7680147070132;1.4581;0.836488;0.994897 -0.0284172 -0.0968073 -0.796561 0.0284558 0.999595 -0.000981486 1.99731 0.096796 -0.00177826 0.995303 4.29331 0 0 0 1 
7680147070133;1.07349;1.20253;0.99909 -0.0055401 -0.0422885 -0.434891 0.00537334 0.999977 -0.00405605 0.548061 0.04231 0.00382513 0.999097 2.88219 0 0 0 1 
7680147070134;1.69636;0.81956;0.992737 -0.0305998 -0.116347 -1.15026 0.0155763 0.991664 -0.127906 1.23655 0.119291 0.125165 0.984938 10.0998 0 0 0 1 
7680147070135;0.51747;0.297336;0.936008 -0.0562623 -0.347453 -5.29653 0.0585807 0.998275 -0.00383734 3.92634 0.34707 -0.0167623 0.937689 21.3118 0 0 0 1 
7680147070136;0.646267;0.541446;0.912316 -0.109381 -0.394608 -7.54398 0.0594383 0.988831 -0.136675 3.86433 0.40515 0.101236 0.908628 26.7939 0 0 0 1 
7680147070137;2.04694;1.27998;0.991885 -0.0150802 -0.126241 -1.28543 0.0339546 0.988295 0.148727 3.33477 0.12252 -0.151806 0.980787 9.31151 0 0 0 1 
7680147070138;0.720049;0.490089;0.999231 -0.0130093 -0.0369993 -0.304435 0.00918368 0.994768 -0.101748 0.60066 0.0381294 0.10133 0.994122 2.12615 0 0 0 1 
7680147070139;1.74647;0.239837;0.999739 0.00666718 0.0218698 -0.246251 -0.00609937 0.999645 -0.0259282 -0.434928 -0.0220349 0.0257881 0.999425 -3.72722 0 0 0 1 
7680147070140;0.663015;0.804673;0.99996 0.000664603 -0.00888976 -0.345108 -0.00135932 0.996923 -0.0783719 -0.0764415 0.00881032 0.0783808 0.996885 0.374328 0 0 0 1 
7680147070141;0.53013;0.50297;0.999991 -0.00356148 -0.00229194 0.0685091 0.00354059 0.999953 -0.00905287 0.254679 0.00232408 0.00904467 0.999956 0.224708 0 0 0 1 
7680147070142;1.96977;0.374237;0.979395 -0.0768528 -0.186759 -3.85603 0.0357239 0.976107 -0.214334 3.1319 0.198769 0.203246 0.95874 14.753 0 0 0 1 
7680147070143;0.856847;0.665234;0.985803 -0.00258277 0.167889 -1.31213 -0.026147 0.985323 0.168687 -0.44958 -0.165861 -0.170681 0.971266 -11.624 0 0 0 1 
7680147070144;1.63732;1.55995;0.99712 0.00819746 0.0753927 0.0284247 -0.00916695 0.99988 0.0125221 -0.553325 -0.0752809 -0.0131772 0.997075 -6.09601 0 0 0 1 
7680147070145;0.140484;0.218936;0.999908 -0.00979163 -0.0093471 -0.242351 0.00973557 0.999934 -0.00602428 0.805335 0.00940547 0.00593273 0.999938 0.694094 0 0 0 1 
7680147070146;1.19743;0.464488;0.995547 -0.0525906 -0.0782335 -1.248 0.0543923 0.998297 0.0210784 4.17989 0.0769917 -0.0252398 0.996712 3.6145 0 0 0 1 
7680147070147;0.293378;0.454437;0.99843 0.0121872 0.0546762 -0.127388 -0.00698305 0.995512 -0.0943809 -0.414853 -0.0555811 0.0938509 0.994034 -3.29434 0 0 0 1 
7680147070148;2.08491;1.08044;0.99337 -0.0239461 -0.112443 -0.904304 0.0430837 0.984329 0.170995 4.0146 0.106586 -0.174706 0.978835 8.33448 0 0 0 1 
7680147070149;2.16398;1.85191;0.98568 -0.039684 -0.163889 -1.67657 0.0126148 0.986543 -0.163012 0.915333 0.168153 0.15861 0.972917 11.2575 0 0 0 1 
7680147070150;0.570326;0.801767;0.999717 -0.00409005 0.0234244 -0.345057 0.0136197 0.905992 -0.423075 -0.20797 -0.0194919 0.423275 0.905792 0.29085 0 0 0 1 
7680147070151;0.700204;0.49469;0.993473 -0.0305162 -0.109912 -1.38832 0.0331551 0.999202 0.0222616 2.90476 0.109144 -0.0257605 0.993692 6.67438 0 0 0 1 
7680147070152;0.196422;0.29002;0.999308 -0.0109553 -0.0355379 -0.333379 0.0105031 0.999862 -0.0128873 0.869436 0.0356742 0.0125052 0.999285 2.44983 0 0 0 1 
7680147070153;0.328459;0.497506;0.998943 -0.0258967 -0.0379867 -0.63313 0.0135023 0.955081 -0.296036 0.260538 0.0439467 0.29521 0.954421 3.98965 0 0 0 1 
7680147070155;0.140686;1.3246;0.999635 -0.025347 -0.00931063 1.86372 0.025159 0.999488 -0.0197855 3.20963 0.00980736 0.019544 0.999761 0.905345 0 0 0 1 
7680147070156;0.73666;1.0962;0.999762 -0.0136429 -0.0170057 2.15763 0.013236 0.999629 -0.0238118 1.74484 0.0173243 0.023581 0.999572 1.92308 0 0 0 1 
7680147070157;1.89722;1.81998;0.998616 -0.00589441 -0.0522666 0.695343 0.00870847 0.998515 0.0537774 1.96001 0.051872 -0.0541581 0.997184 7.45753 0 0 0 1 
7680147070158;1.79956;2.01682;0.997576 -0.0595944 -0.0359195 1.71377 0.0522267 0.982386 -0.179416 6.10568 0.045979 0.177106 0.983117 6.25411 0 0 0 1 
7680147070159;1.65931;1.64831;0.999503 -0.00164582 -0.0314817 0.357702 0.00096349 0.999765 -0.0216767 0.0805224 0.03151 0.0216356 0.999269 1.91802 0 0 0 1 
7680147070160;0.0621527;1.14691;0.999701 7.28237e-05 -0.0244566 1.58759 -0.000581708 0.999783 -0.0208012 0.392959 0.0244498 0.0208092 0.999484 2.72158 0 0 0 1 
7680147070161;0.430207;1.55666;0.997872 -0.0519639 -0.0393781 2.01481 0.0495204 0.996928 -0.0606742 5.9564 0.0424101 0.0585951 0.997381 4.81159 0 0 0 1 
7680147070162;0.473536;1.16544;0.965407 0.0561295 0.254634 -1.16385 -0.0617466 0.997992 0.014114 -6.26059 -0.25333 -0.0293485 0.966935 -28.3934 0 0 0 1 
7680147070163;0.736349;1.11932;0.989332 0.0117916 0.145199 0.158174 -0.0329835 0.988966 0.144423 -2.95924 -0.141894 -0.147671 0.978805 -15.7027 0 0 0 1 
7680147070164;0.540732;1.54565;0.996412 -0.0797465 -0.0283405 1.47866 0.0745867 0.985682 -0.151219 7.99783 0.0399939 0.148563 0.988094 5.43541 0 0 0 1 
7680147070165;1.76832;1.03182;0.999799 0.0162974 -0.011702 1.23465 -0.0165824 0.999558 -0.0246837 -1.20396 0.0112945 0.0248728 0.999627 3.93739 0 0 0 1 
7680147070166;0.877488;1.07171;0.996707 0.00777507 -0.0807087 1.19404 0.00383046 0.989765 0.142653 1.10522 0.0809918 -0.142493 0.986477 6.76178 0 0 0 1 
7680147070167;0.355143;1.40716;0.997552 -0.0529403 -0.0456947 1.42109 0.0519408 0.99839 -0.0227898 6.11154 0.0468276 0.0203606 0.998695 5.43687 0 0 0 1 
7680147070168;0.458362;1.28383;0.9991 -0.000316706 0.0424185 2.30112 -0.00410732 0.994551 0.104167 0.593582 -0.0422204 -0.104247 0.993655 -5.48434 0 0 0 1 
7680147070169;1.52541;1.51172;0.964609 -0.0532427 -0.258252 -1.09556 0.0738553 0.994754 0.0707762 8.91184 0.253129 -0.0873447 0.963481 25.9725 0 0 0 1 
7680147070170;1.71122;1.96307;0.99605 0.0260404 0.0848927 1.00626 -0.0212835 0.998178 -0.0564663 -1.99631 -0.0862084 0.0544365 0.994789 -8.50755 0 0 0 1 
7680147070171;1.73488;1.01842;0.995329 -0.0357782 -0.0896704 2.95746 0.0112719 0.965511 -0.260119 1.52954 0.0958843 0.257893 0.961404 10.2326 0 0 0 1 
7680147070172;1.09968;1.20004;0.999929 -0.0118489 0.00115178 2.32574 0.0118669 0.999783 -0.0171386 1.43235 -0.00094846 0.017151 0.999852 0.0149404 0 0 0 1 
7680147070173;0.591876;1.07234;0.964448 -0.0024535 -0.264261 -3.50162 0.0199101 0.99779 0.0634002 3.02361 0.263521 -0.0664077 0.962365 28.7374 0 0 0 1 
7680147070174;1.36958;1.56223;0.997391 -0.0230037 0.0684233 1.04165 0.0329561 0.988425 -0.148088 2.98949 -0.0642247 0.149956 0.986604 -7.98556 0 0 0 1 
7680147070175;0.533565;1.14835;0.999709 -0.00682082 -0.023139 1.6935 0.00635105 0.999773 -0.0203151 1.45898 0.0232723 0.0201623 0.999526 3.05577 0 0 0 1 
7680147070176;0.79171;1.00712;0.990535 0.042442 0.130537 0.990566 -0.0292524 0.994421 -0.101348 -3.15098 -0.13411 0.0965702 0.98625 -13.632 0 0 0 1 
7680147070177;1.74498;1.9682;0.955569 0.0554708 0.289502 -2.37091 -0.0297544 0.995269 -0.0924899 -3.38443 -0.293263 0.0797665 0.952698 -32.085 0 0 0 1 
7680147070178;1.38005;1.53472;0.994226 -0.00803266 0.107009 0.716154 0.0201834 0.993395 -0.112956 2.09949 -0.105394 0.114463 0.987821 -12.6014 0 0 0 1 
7680147070179;1.66284;1.50338;0.997982 0.0350539 0.052942 2.33115 -0.036856 0.99876 0.033456 -3.53539 -0.0517036 -0.0353397 0.998037 -4.76567 0 0 0 1 
7680147070180;1.25183;1.14871;0.974446 0.0156298 -0.224078 -2.54355 0.0182128 0.988794 0.148172 2.34945 0.223883 -0.148466 0.963241 21.9926 0 0 0 1 
7680147070181;1.00094;1.13212;0.997057 0.0318874 0.0697194 1.11294 -0.045275 0.978788 0.199813 -4.01011 -0.061869 -0.202381 0.977351 -8.91149 0 0 0 1 
7680147070182;1.8528;1.19844;0.977235 0.0281035 0.210292 -0.119953 -0.055296 0.990669 0.124569 -5.46197 -0.204829 -0.133362 0.96967 -25.8203 0 0 0 1 
7680147070183;0.963883;0.915604;0.987361 0.0359337 0.15436 1.5851 -0.0638093 0.981662 0.179633 -6.24478 -0.145074 -0.187212 0.971548 -17.6694 0 0 0 1 
7680147070184;0.147928;0.901528;0.999435 0.00510901 -0.033226 1.25257 -0.0048563 0.999959 0.00768203 -0.0108565 0.0332639 -0.00751633 0.999418 3.64634 0 0 0 1 
7680147070186;1.27351;2.53864;0.998371 0.0424676 0.0380985 2.5339 -0.0392675 0.995929 -0.0811355 -1.92092 -0.041389 0.0795073 0.995975 -3.70688 0 0 0 1 
7680147070187;0.700101;2.38705;0.951846 0.0539012 0.3018 -1.86149 -0.107592 0.98054 0.164212 -7.98744 -0.287075 -0.188776 0.939123 -30.9921 0 0 0 1 
7680147070188;1.39118;2.77784;0.998657 0.00305679 0.0517095 2.89361 -0.00437789 0.999666 0.0254546 2.29391 -0.0516144 -0.0256468 0.998338 -7.66863 0 0 0 1 
7680147070189;1.30828;2.59187;0.958945 -0.0100625 -0.283415 -2.07558 0.109083 0.935571 0.335868 17.7205 0.261775 -0.352995 0.898259 30.3875 0 0 0 1 
7680147070190;1.12112;2.68977;0.995303 -0.0170601 0.0952933 2.84565 -0.0158391 0.942388 0.334146 2.98104 -0.0955039 -0.334086 0.937691 -9.4837 0 0 0 1 
7680147070191;1.94775;2.52064;0.996978 -0.0300355 -0.0716433 4.2514 0.0432484 0.980696 0.190694 9.41324 0.0645327 -0.193216 0.979032 7.81286 0 0 0 1 
7680147070192;1.68036;3.03172;0.987876 -0.0159001 0.154426 2.51457 0.0208517 0.999317 -0.0304974 5.80407 -0.153836 0.0333477 0.987533 -16.9886 0 0 0 1 
7680147070193;1.11849;2.65136;0.998927 -0.00145286 0.0462863 3.53445 0.0141716 0.961146 -0.275675 3.93482 -0.0440874 0.276036 0.960136 -6.29395 0 0 0 1 
7680147070194;0.766853;2.99403;0.999819 0.0138875 0.0129947 2.18592 -0.0140163 0.999853 0.00987335 1.38173 -0.0128556 -0.0100537 0.999867 -2.04209 0 0 0 1 
7680147070195;0.416426;2.63345;0.997111 0.0425585 0.0629144 2.38399 -0.0368062 0.995269 -0.0899203 -1.18756 -0.0664436 0.0873449 0.99396 -8.60559 0 0 0 1 
7680147070196;0.748225;2.95698;0.999678 0.00974358 0.0234228 2.26975 -0.0113967 0.997374 0.0715144 1.84909 -0.0226645 -0.0717583 0.997165 -1.92702 0 0 0 1 
7680147070197;0.500793;2.56508;0.999048 0.0312914 0.0303832 2.7019 -0.0236291 0.973843 -0.225991 -0.515562 -0.0366601 0.225058 0.973656 -6.00571 0 0 0 1 
7680147070198;0.104802;2.72675;0.999956 -0.0071754 0.00605372 2.79808 0.00660562 0.995974 0.0893959 4.38702 -0.0066708 -0.089352 0.995978 -0.259008 0 0 0 1 
7680147070199;1.797;2.78182;0.982292 0.062691 0.176555 1.38862 -0.0532211 0.996904 -0.0578757 -4.2395 -0.179636 0.0474544 0.982588 -22.7891 0 0 0 1 
7680147070200;0.574851;2.42812;0.999149 0.0325493 -0.0253452 2.07167 -0.0311375 0.998043 0.0542353 -0.441485 0.0270609 -0.0533999 0.998206 2.62435 0 0 0 1 
7680147070201;1.66238;3.34979;0.969773 -0.0582578 -0.236954 -1.34885 0.0553279 0.998287 -0.0190021 8.0888 0.237655 0.0053176 0.971335 25.2307 0 0 0 1 
7680147070202;0.856075;3.1109;0.999617 -0.0173542 0.0215386 3.00154 0.0134467 0.985374 0.169877 4.92691 -0.0241716 -0.169522 0.98523 -1.14459 0 0 0 1 
7680147070203;0.151635;2.73253;0.99987 0.0055065 0.0151307 2.93011 -0.00558896 0.99997 0.00541314 2.71475 -0.0151004 -0.005497 0.999871 -1.78056 0 0 0 1 
7680147070204;1.87474;3.10128;0.999912 0.00406927 0.0126135 1.54441 -0.00386204 0.999858 -0.0164104 1.85107 -0.0126785 0.0163603 0.999786 -0.10358 0 0 0 1 
7680147070205;1.34644;2.26395;0.999777 -0.0175244 0.0117506 3.96817 0.0163771 0.995671 0.0914929 6.26682 -0.0133031 -0.0912801 0.995736 -1.22305 0 0 0 1 
7680147070206;0.882492;2.73939;0.906077 -0.11412 -0.407431 -7.9361 0.063595 0.988732 -0.135513 10.0697 0.418305 0.0968746 0.903126 44.8762 0 0 0 1 
7680147070207;1.16879;2.53163;0.995679 0.0553331 0.0745715 1.07437 -0.0601274 0.996159 0.0636572 -4.17879 -0.0707627 -0.067866 0.995182 -6.27964 0 0 0 1 
7680147070208;1.24601;3.07068;0.994979 0.0894318 0.0449334 1.28203 -0.0939262 0.989418 0.110587 -7.02145 -0.0345679 -0.114252 0.99285 -3.18721 0 0 0 1 
7680147070209;1.20929;2.59953;0.996322 -0.0201482 -0.08329 3.1479 0.0512063 0.919329 0.390144 11.1405 0.0687102 -0.392974 0.916979 9.12806 0 0 0 1 
7680147070210;1.69015;2.36137;0.999821 0.00671286 0.0176877 3.37641 -0.0069128 0.999913 0.0112666 3.83474 -0.0176105 -0.0113869 0.99978 -0.511508 0 0 0 1 
7680147070211;0.940014;2.86988;0.986819 -0.0256681 -0.159781 0.598842 0.0547242 0.982105 0.180209 9.99459 0.152296 -0.186578 0.970564 19.1127 0 0 0 1 
7680147070212;1.74535;2.7721;0.999574 -0.0261038 0.0130858 3.48528 0.0261756 0.999643 -0.005344 6.74572 -0.0129416 0.00568425 0.9999 -2.66348 0 0 0 1 
7680147070213;0.400202;2.64758;0.99937 -0.000901439 0.0354706 2.96563 -0.000176043 0.999539 0.0303619 3.38241 -0.0354816 -0.030349 0.998909 -4.07756 0 0 0 1 
7680147070214;0.315659;2.94756;0.997592 -0.00365731 -0.0692586 2.31122 0.00904293 0.996943 0.0776081 4.70561 0.0687631 -0.0780475 0.994575 7.96992 0 0 0 1 
7680147070215;0.611277;2.74481;0.997851 0.0285786 0.0589607 2.1982 -0.029847 0.999339 0.020744 -0.18768 -0.0583289 -0.0224592 0.998045 -7.31733 0 0 0 1 
7680147070217;0.89674;0.75651;0.998152 0.000616438 0.0607716 -0.78605 -0.00150367 0.999893 0.0145548 -0.264262 -0.0607561 -0.0146193 0.998046 -2.12396 0 0 0 1 
7680147070218;1.73564;0.695081;0.999953 -0.000131081 0.00968943 -1.07242 0.000153281 0.999997 -0.00229044 0.165017 -0.00968911 0.00229182 0.99995 1.68057 0 0 0 1 
7680147070219;1.39452;1.15508;0.961405 -0.0636676 -0.267669 -2.31729 0.0366404 0.99382 -0.104785 0.382578 0.272686 0.0909338 0.957796 6.12753 0 0 0 1 
7680147070220;0.267296;0.65844;0.999817 -0.011735 -0.0151104 -0.946823 0.0045401 0.912764 -0.408462 -1.26219 0.0185855 0.408319 0.91265 4.05831 0 0 0 1 
7680147070221;1.27015;1.53144;0.999828 0.00149245 0.0184621 -0.343144 -0.00559262 0.974552 0.224091 -0.24162 -0.0176579 -0.224155 0.974393 -2.72672 0 0 0 1 
7680147070222;1.97297;0.950532;0.995989 0.000864414 0.08947 -2.95264 -0.00358125 0.999537 0.0302099 -0.758868 -0.0894025 -0.0304091 0.995531 -1.09075 0 0 0 1 
7680147070223;1.53331;1.15606;0.997754 0.00106204 -0.0669795 -1.62902 -0.000864874 0.999995 0.00297258 -0.752691 0.0669823 -0.00290797 0.99775 -0.0786822 0 0 0 1 
7680147070224;2.30376;0.585888;0.911791 -0.0865109 -0.401438 -2.62275 0.0417242 0.992016 -0.119013 -0.0194203 0.408529 0.0917654 0.908121 4.08677 0 0 0 1 
7680147070225;1.4585;1.25766;0.998782 -0.0118507 -0.0478906 -0.706418 0.00919155 0.998424 -0.0553692 0.242958 0.0484713 0.0548616 0.997317 2.31189 0 0 0 1 
7680147070226;1.86707;0.98674;0.998402 -0.0160879 -0.0541749 -1.41146 0.0152928 0.99977 -0.0150588 0.442579 0.0544047 0.0142062 0.998418 2.94672 0 0 0 1 
7680147070227;0.781577;1.02651;0.999802 -0.00994553 -0.0172131 -0.988335 0.00994807 0.999951 6.19081e-05 -0.156159 0.0172116 -0.000233133 0.999852 -0.680162 0 0 0 1 
7680147070228;0.400914;1.04993;0.998348 0.00358537 0.0573494 -0.957517 -0.00518821 0.999599 0.0278242 -0.308619 -0.0572267 -0.0280758 0.997966 -1.14328 0 0 0 1 
7680147070229;0.955663;0.959748;0.99974 -0.00754474 -0.0214951 -1.47636 0.00661241 0.999048 -0.04312 -0.0996695 0.0218 0.0429667 0.998839 0.961863 0 0 0 1 
7680147070230;0.317185;0.810881;0.9809 -0.0397127 -0.190413 -1.82444 0.0310715 0.998356 -0.0481551 0.128541 0.192013 0.0413189 0.980522 3.39416 0 0 0 1 
7680147070231;1.12926;1.26942;0.999976 0.00416273 0.00557542 -0.631629 -0.0042007 0.999968 0.00681617 -0.299376 -0.00554687 -0.00683942 0.999961 -0.959422 0 0 0 1 
7680147070232;1.51388;1.17191;0.99996 -0.00274339 0.00849129 -1.80734 0.00258776 0.999829 0.0182848 -0.70818 -0.00854001 -0.0182621 0.999797 -1.46768 0 0 0 1 
7680147070233;1.97376;1.32198;0.990876 -0.0187412 -0.133465 -2.51224 0.0609237 0.945616 0.319528 0.614097 0.120219 -0.324744 0.938131 -2.47136 0 0 0 1 
7680147070234;1.9935;0.723192;0.999766 -0.00848799 -0.0199136 -0.615228 0.00651643 0.995257 -0.0970611 -0.380647 0.020643 0.0969086 0.995079 -1.27487 0 0 0 1 
7680147070235;1.53051;1.2044;0.98704 -0.0262079 -0.158319 -1.1497 0.0246568 0.999627 -0.0117539 -0.11477 0.158568 0.00769797 0.987318 1.01313 0 0 0 1 
7680147070236;0.104269;0.82221;0.999924 0.00365304 0.0117684 -0.973059 -0.00367157 0.999992 0.00155389 -0.251425 -0.0117626 -0.00159698 0.99993 -0.147896 0 0 0 1 
7680147070237;2.06657;0.629111;0.997542 -0.010624 -0.06926 -2.88368 -0.00158888 0.984755 -0.173939 -0.52644 0.0700521 0.173621 0.982318 4.0772 0 0 0 1 
7680147070238;1.4657;1.53816;0.916348 0.0242445 0.399648 -0.934598 -0.12563 0.965166 0.229505 -2.07984 -0.380162 -0.260514 0.887474 -8.78583 0 0 0 1 
7680147070239;0.672786;0.776996;0.992371 0.0182982 0.121926 -0.603705 -0.0264436 0.9975 0.0655264 -0.412338 -0.120422 -0.0682506 0.990374 -1.89373 0 0 0 1 
7680147070240;1.69401;0.853118;0.99885 0.00538966 0.0476415 -0.74794 -0.00900895 0.997061 0.0760845 0.211914 -0.0470914 -0.0764262 0.995963 0.487957 0 0 0 1 
7680147070241;1.89764;1.0023;0.996504 -0.00882656 -0.0830772 -0.743067 0.0262877 0.977021 0.211514 -0.245147 0.0793012 -0.212959 0.973838 -3.11781 0 0 0 1 
7680147070242;1.04234;0.790532;0.997925 -0.00761177 -0.063934 -1.75824 0.00810773 0.999939 0.00750158 -0.069444 0.063873 -0.00800437 0.997926 1.5934 0 0 0 1 
7680147070243;1.63774;1.24805;0.96963 0.0155599 0.244082 -2.20846 -0.0246258 0.999114 0.0341351 -0.914434 -0.243335 -0.0391091 0.969154 -4.09327 0 0 0 1 
7680147070244;2.23994;1.74236;0.996489 -7.44e-05 -0.0837192 -0.787837 0.0178812 0.977113 0.211967 0.583991 0.0817873 -0.21272 0.973684 1.19244 0 0 0 1 
7680147070245;0.410551;0.824205;0.999758 -0.00604239 -0.0211387 -1.01206 0.00611049 0.999976 0.00315842 -0.188799 0.0211192 -0.00328683 0.999772 -0.220955 0 0 0 1 
7680147070246;0.921508;0.641673;0.994607 -0.0207214 -0.101623 -0.87255 0.0155453 0.998554 -0.0514649 -0.127284 0.102542 0.0496076 0.993491 0.882708 0 0 0 1 
7680147070248;1.50847;1.26569;0.973794 0.0125453 -0.227086 0.0354407 0.0562168 0.954217 0.293785 7.62466 0.220375 -0.298853 0.928505 23.0148 0 0 0 1 
7680147070249;1.33018;0.925679;0.997973 0.0182617 0.0609545 3.13678 -0.0186783 0.999806 0.00627157 0.0129576 -0.0608282 -0.00739739 0.998121 -4.02584 0 0 0 1 
7680147070250;0.124558;0.702548;0.999792 0.00950558 0.0180217 1.33366 -0.0094909 0.999955 -0.000899905 -0.164237 -0.0180295 0.000728676 0.999837 -1.84981 0 0 0 1 
7680147070251;0.53556;0.95288;0.98643 0.0455455 0.157736 0.241898 -0.0622617 0.992761 0.10271 -4.55808 -0.151916 -0.111137 0.982125 -12.46 0 0 0 1 
7680147070252;1.1295;0.715228;0.989444 0.0833391 0.118551 -0.165041 -0.075021 0.994508 -0.0729834 -5.90808 -0.123982 0.0633192 0.990262 -9.59994 0 0 0 1 
7680147070253;0.578449;0.433474;0.998333 -0.00162335 -0.0576949 0.444905 0.00217829 0.999952 0.00955704 0.910807 0.0576766 -0.00966679 0.998289 5.92426 0 0 0 1 
7680147070254;1.15198;0.728545;0.999881 0.013762 0.00696438 2.34273 -0.0137861 0.999899 0.00342095 0.333331 -0.0069166 -0.00351655 0.99997 -2.20403 0 0 0 1 
7680147070255;0.370863;0.738534;0.998064 0.0435083 0.0444375 0.828035 -0.0595771 0.87386 0.482514 -2.00225 -0.0178388 -0.484228 0.87476 2.30686 0 0 0 1 
7680147070256;1.32328;0.817405;0.967084 0.0983881 0.234666 -2.30333 -0.0521067 0.979252 -0.195832 -4.70226 -0.249065 0.177159 0.952146 -26.153 0 0 0 1 
7680147070257;0.807316;0.716098;0.972128 -0.0733708 -0.222673 -0.302332 0.0251439 0.976919 -0.212124 2.27543 0.233097 0.200613 0.951536 19.7629 0 0 0 1 
7680147070258;0.260139;0.644723;0.957281 0.120111 0.263033 -2.84259 -0.084581 0.986174 -0.142502 -7.31246 -0.276513 0.114167 0.954205 -26.1671 0 0 0 1 
7680147070259;0.965988;0.870385;0.989431 0.0281371 0.14225 0.0780505 -0.0392024 0.996368 0.0755934 -2.80587 -0.139606 -0.0803709 0.98694 -11.7618 0 0 0 1 
7680147070260;0.831214;0.684005;0.99918 0.0319005 -0.0249295 1.38774 -0.0275608 0.986999 0.158348 -0.194698 0.0296568 -0.157531 0.987069 3.65345 0 0 0 1 
7680147070261;1.06706;0.828064;0.985262 0.0720044 0.15516 0.0508302 -0.033568 0.970838 -0.237376 -2.69272 -0.167727 0.228669 0.958946 -18.8479 0 0 0 1 
7680147070262;1.52451;1.36287;0.990065 0.0464347 0.132723 1.69107 -0.0478117 0.99883 0.00720513 -4.10011 -0.132234 -0.0134793 0.991127 -13.6989 0 0 0 1 
7680147070263;1.15131;0.882367;0.99763 0.0537645 0.0429275 0.199791 -0.052461 0.998144 -0.0309353 -4.83237 -0.0445111 0.02861 0.998599 -6.27944 0 0 0 1 
