#;prob_registration_l1 -r /home/probabilistic_point_clouds_registration/build/tester /home/point_clouds_registration_benchmark//devel/registration_pairs/gazebo_summer_local.txt /home/point_clouds_registration_benchmark//eth/gazebo_summer -s 0.2 -t 0.2 -p 0.3 -r 1000 -m 20 -i 40 
id;initial_error;final_error;transformation
36535719080000;0.0805842;0.0601711;0.999546 -0.00707377 0.0292991 -0.0997706 0.00429026 0.995563 0.0939985 -0.0530337 -0.029834 -0.0938301 0.995141 0.0936968 0 0 0 1 
36535719080001;0.11249;0.0560987;0.989813 0.00872131 0.142104 -0.270134 0.00145848 0.997448 -0.0713751 0.0619205 -0.142364 0.0708553 0.987275 0.268263 0 0 0 1 
36535719080002;0.259114;0.0661269;0.991593 0.0390146 0.123376 0.103985 -0.0610224 0.981775 0.179986 -0.470011 -0.114105 -0.186001 0.975901 0.149479 0 0 0 1 
36535719080003;0.441289;0.590513;0.963361 -0.220209 0.153114 -0.928331 0.229341 0.972326 -0.04456 -0.304232 -0.139064 0.0780426 0.987203 0.0305133 0 0 0 1 
36535719080004;0.424931;0.499263;0.957201 -0.0507896 0.284932 -0.730532 0.0708397 0.995651 -0.0605029 -0.0138121 -0.28062 0.078098 0.956636 -0.0759965 0 0 0 1 
36535719080005;0.508351;0.0773576;0.986753 -0.119456 0.109763 0.436215 0.152232 0.91565 -0.372035 0.808949 -0.0560623 0.383816 0.921706 -0.318797 0 0 0 1 
36535719080006;0.482532;0.429469;0.992694 -0.0435359 -0.112528 -0.843011 0.0261093 0.988046 -0.151935 0.213063 0.117797 0.147887 0.981964 -1.31347 0 0 0 1 
36535719080007;0.407429;0.066987;0.948513 -0.316535 -0.0113517 0.158472 0.304338 0.920724 -0.244225 -0.705764 0.0877576 0.228196 0.969652 -1.10181 0 0 0 1 
36535719080008;0.494873;0.428154;0.978365 -0.032824 0.204265 -1.03377 0.0929036 0.95189 -0.292017 0.311647 -0.184853 0.304676 0.934346 -0.577035 0 0 0 1 
36535719080009;0.260051;0.058645;0.989618 -0.082633 0.117591 -0.220601 0.0777718 0.995939 0.0453527 -0.750602 -0.120861 -0.0357366 0.992026 -0.23939 0 0 0 1 
36535719080010;0.367096;0.0838731;0.980631 -0.159802 0.113249 0.479345 0.164776 0.985675 -0.0359554 -0.13566 -0.105881 0.0539198 0.992916 0.809173 0 0 0 1 
36535719080011;0.379627;0.0773337;0.971188 -0.204321 0.122669 0.0394792 0.196591 0.977821 0.0722412 0.409848 -0.134709 -0.046044 0.989815 -0.153122 0 0 0 1 
36535719080012;0.1676;0.0572401;0.999132 0.0396149 0.0128561 -0.31567 -0.0397201 0.999179 0.00803351 0.23055 -0.0125273 -0.00853719 0.999885 -0.467516 0 0 0 1 
36535719080013;0.445602;0.443976;0.965331 -0.127798 0.227606 -0.22602 0.125958 0.991777 0.0226523 -0.5085 -0.228629 0.00680178 0.97349 0.423318 0 0 0 1 
36535719080014;0.45281;0.455822;0.996338 0.0742719 0.0423586 -1.22734 -0.0742895 0.997236 -0.00116056 0.129664 -0.0423277 -0.00199048 0.999102 0.134795 0 0 0 1 
36535719080015;0.366192;0.447975;0.996634 -0.0188014 0.0797918 -1.19221 0.0151086 0.998798 0.0466349 -0.0139148 -0.0805727 -0.0452724 0.99572 0.306705 0 0 0 1 
36535719080016;0.0775968;0.0617681;0.993418 0.00247802 0.114516 -0.265718 -0.00756411 0.999003 0.0440007 0.024347 -0.114293 -0.0445773 0.992446 0.214154 0 0 0 1 
36535719080017;0.294515;0.0678275;0.960205 0.0757172 0.268838 -0.350767 0.00337568 0.959335 -0.28225 0.195493 -0.279277 0.271926 0.920902 0.258924 0 0 0 1 
36535719080018;0.425335;0.461129;0.998516 -0.019066 0.0510203 -0.861576 0.0221942 0.997862 -0.0614666 -0.477707 -0.0497394 0.0625077 0.996804 -0.404275 0 0 0 1 
36535719080019;0.389784;0.476941;0.998989 -0.0125994 -0.0431563 -0.85124 0.00960529 0.997578 -0.0688959 -0.218646 0.0439198 0.0684117 0.99669 -0.402357 0 0 0 1 
36535719080020;0.317608;0.0471785;0.978166 0.195068 -0.0716957 -0.223081 -0.191027 0.979778 0.0595314 0.996795 0.0818585 -0.0445357 0.995648 0.048374 0 0 0 1 
36535719080021;0.423824;0.0983326;0.91773 -0.297357 0.263343 0.381728 0.366916 0.888577 -0.275324 -0.434176 -0.152131 0.349298 0.924579 0.166535 0 0 0 1 
36535719080022;0.154215;0.0574146;0.999641 0.0209852 0.0166559 -0.470384 -0.0211682 0.999717 0.0108872 -0.0341165 -0.0164227 -0.0112358 0.999802 -0.302873 0 0 0 1 
36535719080023;0.35143;0.0590633;0.971532 0.0137301 -0.236509 -0.133408 0.0111499 0.994563 0.103539 0.243253 0.236645 -0.103229 0.966097 0.351997 0 0 0 1 
36535719080024;0.34005;0.0563376;0.96035 -0.233522 -0.152298 0.318453 0.166468 0.918504 -0.358662 -0.224162 0.223642 0.319088 0.92096 -1.03387 0 0 0 1 
36535719080025;0.273677;0.0673077;0.991103 0.0857113 -0.101823 -0.263508 -0.0661145 0.981024 0.182263 0.491946 0.115513 -0.17391 0.977963 0.0618847 0 0 0 1 
36535719080026;0.254446;0.064451;0.999397 -0.0150642 0.0312975 0.354702 0.0149578 0.999882 0.00363222 0.491323 -0.0313485 -0.00316189 0.999504 0.0273494 0 0 0 1 
36535719080027;0.274443;0.0680158;0.964778 0.242968 0.100845 -0.669626 -0.243368 0.969897 -0.0085071 0.42288 -0.0998766 -0.016335 0.994866 0.0933305 0 0 0 1 
36535719080028;0.110223;0.0591862;0.992991 -0.0198078 0.116516 -0.290256 0.0275298 0.997503 -0.0650424 -0.189291 -0.114937 0.0677942 0.991057 0.0794966 0 0 0 1 
36535719080029;0.464721;0.534794;0.977533 -0.0608031 0.201822 -0.753464 0.0633409 0.997973 -0.00613375 0.0115697 -0.20104 0.0187795 0.979403 -0.258916 0 0 0 1 
36535719080031;0.562593;0.537378;0.993328 -0.0841823 0.0788157 -0.808932 0.085556 0.996232 -0.0142115 0.50842 -0.0773224 0.0208598 0.996788 -0.144192 0 0 0 1 
36535719080032;0.49885;0.591776;0.993351 0.086232 0.0762694 -0.775018 -0.0939482 0.990114 0.104158 0.79201 -0.0665336 -0.110631 0.991632 -0.154178 0 0 0 1 
36535719080033;0.471869;0.678296;0.987617 0.00762874 0.156699 -1.00562 -0.0423925 0.974638 0.219735 0.450228 -0.151049 -0.223657 0.962892 1.36003 0 0 0 1 
36535719080034;0.28376;0.542737;0.987535 0.0453482 -0.150726 -0.581626 -0.0335739 0.996248 0.0797648 0.665238 0.153778 -0.0737101 0.985352 -0.650189 0 0 0 1 
36535719080035;0.587922;1.43317;0.990077 -0.126568 0.0610559 -2.46728 0.129202 0.990757 -0.0413176 -0.147875 -0.0552621 0.0487962 0.997279 -0.731585 0 0 0 1 
36535719080036;0.406933;0.280704;0.999476 -0.0323433 0.00126967 -0.725088 0.0323328 0.999449 0.00754242 0.22152 -0.00151291 -0.00749742 0.999971 0.441819 0 0 0 1 
36535719080037;0.0919718;0.192368;0.997051 0.0152913 0.0752041 -0.245701 -0.0161871 0.999805 0.0113169 0.084311 -0.0750164 -0.0125009 0.997104 0.101163 0 0 0 1 
36535719080038;0.581548;0.607476;0.989393 -0.139414 0.0407993 -1.73047 0.135071 0.986296 0.0947432 -0.501192 -0.0534487 -0.0882275 0.994665 0.491309 0 0 0 1 
36535719080039;0.434512;0.198008;0.996055 0.0750285 0.0473734 -0.756139 -0.0731364 0.9965 -0.0404879 0.705427 -0.0502453 0.0368635 0.998056 -0.58874 0 0 0 1 
36535719080040;0.566995;0.680896;0.965511 -0.0761494 0.248979 -0.614402 0.0342226 0.985094 0.168577 0.231949 -0.258105 -0.154242 0.953725 0.465538 0 0 0 1 
36535719080041;0.142283;0.208093;0.99409 0.0998907 0.042505 -0.235082 -0.100475 0.994869 0.0118429 0.572363 -0.0411039 -0.0160437 0.999026 -0.0979957 0 0 0 1 
36535719080042;0.307724;0.297852;0.994961 -0.0856352 -0.0521426 -0.437176 0.0716219 0.971009 -0.22806 -0.178883 0.0701609 0.223176 0.97225 -0.182028 0 0 0 1 
36535719080043;0.210302;0.552535;0.979987 -0.0325966 0.196374 -0.933071 -0.00187077 0.98495 0.17283 0.258127 -0.199052 -0.169739 0.965177 0.611373 0 0 0 1 
36535719080044;0.594242;0.947915;0.996542 -0.0679112 0.047882 -1.37089 0.0610762 0.989358 0.132064 -0.557808 -0.056341 -0.128683 0.990084 0.490318 0 0 0 1 
36535719080045;0.55307;0.216601;0.982298 0.183717 0.0365868 -0.983016 -0.176939 0.974098 -0.140801 1.40143 -0.0615066 0.131835 0.989362 0.384604 0 0 0 1 
36535719080046;0.383937;0.402872;0.987894 0.116356 0.102603 -0.59702 -0.112691 0.99279 -0.0408395 0.902462 -0.106615 0.0287828 0.993884 -0.374157 0 0 0 1 
36535719080047;0.507113;0.241641;0.999475 -0.026957 0.0179688 -0.0335353 0.0268711 0.999626 0.0050057 -0.169121 -0.018097 -0.00452023 0.999826 0.714497 0 0 0 1 
36535719080048;0.299943;0.763495;0.976428 -0.0712939 0.203728 -1.33239 0.125916 0.954769 -0.269371 -0.359661 -0.175309 0.288674 0.941241 0.295813 0 0 0 1 
36535719080049;0.398366;0.868501;0.971175 -0.12111 0.205306 -1.32333 0.0712354 0.96941 0.234883 -0.155974 -0.227472 -0.213488 0.950094 0.738586 0 0 0 1 
36535719080050;0.499825;0.28294;0.912122 0.0572836 -0.405896 -0.231582 -0.0389493 0.997819 0.0532947 0.534928 0.408064 -0.0328019 0.912364 -2.0886 0 0 0 1 
36535719080051;0.440086;1.41009;0.985997 -0.141793 0.0877783 -2.36935 0.147899 0.9867 -0.0674529 -0.140336 -0.0770465 0.0794907 0.993854 -0.197711 0 0 0 1 
36535719080052;0.307637;0.665542;0.985432 -0.0352283 0.166383 -1.18447 -0.00551469 0.971178 0.23829 0.132243 -0.169982 -0.235736 0.956836 0.478368 0 0 0 1 
36535719080053;0.461332;1.21948;0.96749 -0.123241 0.220852 -1.90863 0.106156 0.990477 0.0876741 -0.313091 -0.229553 -0.0613791 0.971359 1.10332 0 0 0 1 
36535719080054;0.521749;0.544115;0.940288 -0.0467006 0.337162 -0.536063 -0.000241372 0.990451 0.137862 0.980271 -0.340381 -0.129711 0.931298 0.913526 0 0 0 1 
36535719080055;0.319357;0.919522;0.967828 -0.0824473 0.237721 -1.40909 0.103865 0.991448 -0.0790068 0.0905092 -0.229174 0.101156 0.968115 0.326103 0 0 0 1 
36535719080056;0.611624;1.43728;0.982535 -0.107668 0.151764 -2.57433 0.119877 0.990049 -0.0737122 0.0970163 -0.142317 0.0906177 0.985664 -0.542484 0 0 0 1 
36535719080057;0.403587;0.291176;0.994508 0.0786144 -0.0690956 -0.264387 -0.086176 0.989701 -0.114305 0.0836446 0.059398 0.119632 0.99104 -0.516841 0 0 0 1 
36535719080058;0.354702;0.60198;0.969968 -0.102709 0.220482 -0.723837 0.126075 0.987497 -0.0946305 -0.120138 -0.208006 0.119586 0.97079 -0.0204773 0 0 0 1 
36535719080059;0.377989;0.231038;0.977392 0.19315 0.0860049 -0.460934 -0.176122 0.96882 -0.174267 1.04686 -0.116983 0.155179 0.980935 -0.333545 0 0 0 1 
36535719080060;0.383603;0.54223;0.996412 -0.0012487 0.0846267 -0.743291 -0.00800965 0.994012 0.108974 0.319348 -0.084256 -0.109261 0.990436 -0.180964 0 0 0 1 
36535719080062;0.362158;0.181817;0.987273 0.158576 -0.0121073 -0.219834 -0.158929 0.986546 -0.0383105 0.119534 0.00586924 0.0397471 0.999193 -1.23433 0 0 0 1 
36535719080063;0.299523;0.255018;0.990006 -0.125081 0.0651446 0.118935 0.115375 0.983978 0.135925 -0.931185 -0.0811025 -0.127051 0.988575 -0.699453 0 0 0 1 
36535719080064;0.461382;0.24317;0.993346 -0.0773414 -0.0853352 0.480305 0.0475577 0.950299 -0.307684 0.00118836 0.104891 0.301578 0.947654 -1.60916 0 0 0 1 
36535719080065;0.4807;0.744019;0.966442 0.137315 0.217106 -0.301482 -0.160637 0.982564 0.0936193 -2.13519 -0.200465 -0.125353 0.971648 0.923901 0 0 0 1 
36535719080066;0.231893;0.168592;0.992809 -0.0954379 0.0722643 0.457649 0.0910988 0.993963 0.0611377 -1.13142 -0.0776629 -0.0541148 0.99551 0.243654 0 0 0 1 
36535719080067;0.276753;0.178687;0.977217 0.201477 0.0667389 -0.0691211 -0.209538 0.865777 0.454449 -0.345719 0.0337801 -0.45808 0.888269 0.270468 0 0 0 1 
36535719080068;0.41506;0.406995;0.989267 -0.134705 0.0566095 0.422462 0.13195 0.99 0.0498916 -1.4023 -0.062764 -0.0418865 0.997149 -0.885705 0 0 0 1 
36535719080069;0.168667;0.180008;0.99802 0.0162253 0.0607758 -0.0794839 -0.0272357 0.982364 0.184984 -0.703591 -0.0567025 -0.186273 0.98086 0.376974 0 0 0 1 
36535719080070;0.366766;0.19382;0.95829 0.260793 -0.116911 -0.0123393 -0.192516 0.891368 0.410366 -0.493608 0.211231 -0.370742 0.904396 -0.982735 0 0 0 1 
36535719080071;0.314881;0.242388;0.992085 -0.123775 -0.0211382 -0.31827 0.122926 0.991703 -0.0376056 -0.506368 0.0256175 0.0347095 0.999069 -0.102218 0 0 0 1 
36535719080072;0.205179;0.243974;0.997651 -0.0618637 0.0294151 0.259975 0.0590119 0.994234 0.0895381 -0.493057 -0.0347847 -0.0875919 0.995549 0.285691 0 0 0 1 
36535719080073;0.364246;0.337279;0.936979 -0.195366 0.28966 -0.138337 0.0731459 0.920369 0.38415 -1.61161 -0.341644 -0.338753 0.876656 1.0253 0 0 0 1 
36535719080074;0.343501;0.832781;0.989711 0.107949 0.0939124 -0.149667 -0.129211 0.956227 0.262552 -2.61835 -0.0614593 -0.271985 0.960337 0.176609 0 0 0 1 
36535719080075;0.45993;0.87912;0.982044 0.113181 -0.150927 0.280254 -0.135883 0.979344 -0.149738 -1.64504 0.130861 0.167558 0.977139 -1.02141 0 0 0 1 
36535719080076;0.347563;0.195473;0.959778 0.278889 0.0323455 0.273868 -0.278054 0.928255 0.247038 -0.586895 0.0388714 -0.246096 0.968466 0.0438169 0 0 0 1 
36535719080077;0.245685;0.175613;0.956271 0.252318 -0.147925 0.157669 -0.214655 0.948974 0.231024 0.009088 0.198669 -0.189169 0.961637 -0.394204 0 0 0 1 
36535719080078;0.322722;0.166683;0.996153 0.0876352 0.000133229 -0.469125 -0.0868732 0.987288 0.1331 0.0707606 0.0115327 -0.132599 0.991103 -0.81525 0 0 0 1 
36535719080079;0.340882;0.204217;0.942642 0.305317 0.134935 -0.255028 -0.329883 0.91385 0.236761 -0.0334503 -0.051023 -0.267693 0.962152 -0.386153 0 0 0 1 
36535719080080;0.326117;0.196243;0.972186 0.14889 0.180792 0.248194 -0.197782 0.935356 0.293242 0.472787 -0.125444 -0.320843 0.938788 0.956536 0 0 0 1 
36535719080081;0.410409;0.465702;0.984091 -0.17315 0.0398042 -0.145361 0.169812 0.982554 0.0758427 -1.62307 -0.0522419 -0.0678769 0.996325 -0.77541 0 0 0 1 
36535719080082;0.216435;0.201111;0.99479 0.100945 -0.014235 0.380974 -0.0986209 0.988295 0.116393 0.026038 0.0258178 -0.114383 0.993101 0.246396 0 0 0 1 
36535719080083;0.161862;0.193768;0.981612 0.18796 0.0332975 -0.0144254 -0.190724 0.972943 0.13041 -0.0467196 -0.00788458 -0.134363 0.990901 -0.301778 0 0 0 1 
36535719080084;0.439577;0.847499;0.987023 -0.160553 -0.00294989 0.0483867 0.160273 0.983838 0.0798421 -3.14018 -0.00991666 -0.0792788 0.996803 -0.0160717 0 0 0 1 
36535719080085;0.124875;0.17661;0.985573 0.147022 0.0838409 0.0624327 -0.158129 0.976492 0.146484 -0.0926177 -0.0603335 -0.157629 0.985654 0.114057 0 0 0 1 
36535719080086;0.392366;0.182687;0.948325 0.193162 -0.251729 1.07574 -0.168389 0.978788 0.116702 0.0181548 0.268932 -0.068283 0.960736 -1.25121 0 0 0 1 
36535719080087;0.41425;0.463551;0.992006 -0.119181 -0.0414634 0.219822 0.125241 0.889739 0.438953 -1.72238 -0.0154231 -0.440637 0.897553 -0.48589 0 0 0 1 
36535719080088;0.317089;0.190022;0.974391 0.183117 0.130501 -0.140956 -0.197762 0.974084 0.109775 -0.201645 -0.107017 -0.132772 0.985352 -0.633563 0 0 0 1 
36535719080089;0.0976208;0.181852;0.999835 -0.00074157 -0.018172 0.148758 0.00223346 0.996612 0.0822165 -0.353394 0.0180495 -0.0822435 0.996449 -0.031612 0 0 0 1 
36535719080090;0.312576;0.175626;0.996068 0.0466977 -0.0752872 0.488234 -0.0442355 0.998441 0.0340469 -1.00751 0.0767597 -0.0305826 0.99658 -0.0881268 0 0 0 1 
36535719080091;0.378116;0.25472;0.963171 -0.124747 0.238203 0.835817 0.15904 0.978598 -0.130583 -1.18211 -0.216815 0.163658 0.962397 0.17845 0 0 0 1 
36535719080093;0.290482;0.039553;0.98995 0.0281714 -0.138583 0.439047 -0.0444626 0.992265 -0.115903 0.453116 0.134246 0.1209 0.983545 -0.357529 0 0 0 1 
36535719080094;0.395592;0.503894;0.998989 -0.0309566 -0.032605 0.783393 0.030514 0.999436 -0.0139871 -0.329345 0.0330196 0.012978 0.99937 -0.180912 0 0 0 1 
36535719080095;0.347587;0.0282072;0.903218 0.252195 -0.347269 0.366194 -0.221586 0.966977 0.125915 0.63935 0.367556 -0.0367785 0.929274 -1.16269 0 0 0 1 
36535719080096;0.508705;0.020925;0.951661 -0.215624 0.218742 0.287039 0.16735 0.961175 0.219402 -0.542909 -0.257558 -0.172189 0.950797 1.86323 0 0 0 1 
36535719080097;0.390373;0.23751;0.961167 -0.120645 0.248199 0.271105 0.17132 0.965942 -0.193921 -0.507058 -0.21635 0.228912 0.949101 0.847263 0 0 0 1 
36535719080098;0.177167;0.037313;0.960241 0.019818 0.278469 0.024755 -0.0155743 0.999727 -0.0174435 0.106312 -0.278739 0.012413 0.960287 0.905507 0 0 0 1 
36535719080099;0.46993;0.214121;0.999363 -0.028701 0.0211868 0.337397 0.0206057 0.949224 0.313926 -0.23501 -0.029121 -0.31329 0.949211 -0.0860878 0 0 0 1 
36535719080100;0.314307;0.029731;0.999953 -0.00966529 -0.000664485 -0.252097 0.00966513 0.990511 0.137095 -0.40059 -0.000666888 -0.137095 0.990558 -0.388296 0 0 0 1 
36535719080101;0.365934;0.296828;0.970264 0.229221 -0.0777593 0.204609 -0.223084 0.971494 0.0801992 0.422437 0.0939261 -0.0604675 0.993741 -0.332588 0 0 0 1 
36535719080102;0.240105;0.0160327;0.988522 -0.135964 0.0658593 -0.0962256 0.138679 0.989587 -0.0385403 -0.513432 -0.0599334 0.0472312 0.997084 -0.142424 0 0 0 1 
36535719080103;0.352767;0.0261836;0.993658 0.0773728 0.0815942 0.0324128 -0.0794898 0.99657 0.0230205 -0.10223 -0.0795332 -0.0293604 0.9964 0.804561 0 0 0 1 
36535719080104;0.495293;0.0235469;0.875331 0.214426 -0.433379 0.0765398 -0.185486 0.97663 0.108575 1.10764 0.446532 -0.0146531 0.894648 -1.42502 0 0 0 1 
36535719080105;0.433787;0.0276468;0.998466 0.01749 0.0525333 0.0675466 -0.016732 0.99975 -0.0148338 0.0671351 -0.0527796 0.013932 0.998509 1.03146 0 0 0 1 
36535719080106;0.129754;0.0286373;0.995669 -3.47232e-05 0.0929647 0.105624 -0.00784773 0.996399 0.0844229 0.0815549 -0.0926329 -0.0847868 0.992084 0.263765 0 0 0 1 
36535719080107;0.262145;0.0222917;0.960658 0.271018 -0.0607015 0.0869328 -0.274472 0.95982 -0.0583951 1.25185 0.0424364 0.0727586 0.996446 -0.295004 0 0 0 1 
36535719080108;0.397924;0.275093;0.984173 0.177207 0.000741346 -0.304255 -0.172911 0.959382 0.22291 0.368379 0.03879 -0.21951 0.974839 -0.200999 0 0 0 1 
36535719080109;0.398301;0.0252263;0.875373 0.398451 0.273786 0.265971 -0.391348 0.916528 -0.0826031 1.76292 -0.283846 -0.034837 0.958237 1.21791 0 0 0 1 
36535719080110;0.208018;0.0362834;0.988866 0.148786 0.00255095 0.0181514 -0.148801 0.988503 0.0268291 0.369422 0.00147017 -0.02691 0.999637 -0.220542 0 0 0 1 
36535719080111;0.465339;0.0244188;0.947373 -0.214843 0.237332 -0.0933404 0.235758 0.969752 -0.0632325 -0.285725 -0.216568 0.115858 0.969368 1.17023 0 0 0 1 
36535719080112;0.541337;0.028945;0.900569 0.345196 -0.264227 1.24109 -0.330546 0.938528 0.099521 1.37415 0.282339 -0.00228617 0.959312 -1.0997 0 0 0 1 
36535719080113;0.28814;0.0233127;0.999675 0.023946 0.00874957 0.0168229 -0.0239922 0.999698 0.00522347 0.67636 -0.00862185 -0.0054317 0.999948 0.15954 0 0 0 1 
36535719080114;0.343577;0.200758;0.997523 -0.0703318 0.000894562 0.133699 0.0703288 0.997519 0.00307524 -0.204491 -0.00110863 -0.00300471 0.999995 0.387809 0 0 0 1 
36535719080115;0.500998;0.84153;0.995835 -0.0893908 -0.0179538 0.252527 0.0892407 0.995969 -0.00899589 -1.23415 0.0186856 0.0073562 0.999798 -0.110778 0 0 0 1 
36535719080116;0.41433;0.0330829;0.954991 -0.224052 0.194403 0.468458 0.162624 0.943547 0.288572 -0.809233 -0.248083 -0.243969 0.937515 1.48392 0 0 0 1 
36535719080117;0.508343;0.0232321;0.996569 -0.0374311 0.0738168 0.0306138 0.0248364 0.986032 0.164692 -0.00589201 -0.0789504 -0.162294 0.983579 1.3204 0 0 0 1 
36535719080118;0.0642213;0.0256124;0.997513 0.0698484 -0.00940066 -0.0541993 -0.0699984 0.997407 -0.0167109 0.328954 0.00820905 0.0173274 0.999816 -0.0749814 0 0 0 1 
36535719080119;0.384568;0.0173516;0.895803 0.422402 0.13825 0.252269 -0.434143 0.898222 0.0686856 1.7548 -0.0951663 -0.121549 0.988013 0.326859 0 0 0 1 
36535719080120;0.113108;0.0295923;0.998993 -0.0336861 0.0296403 0.0411872 0.0326925 0.998908 0.0333901 -0.214134 -0.0307327 -0.0323874 0.999003 0.280369 0 0 0 1 
36535719080121;0.423482;0.0338572;0.973868 0.220516 -0.0543458 0.328254 -0.184075 0.906547 0.379854 0.257409 0.133031 -0.359924 0.923449 -0.303409 0 0 0 1 
36535719080122;0.427092;0.0243496;0.969855 -0.231682 0.0755324 0.14114 0.224215 0.969822 0.0957759 -1.53343 -0.0954426 -0.0759532 0.992533 0.753413 0 0 0 1 
36535719080124;0.190705;0.0304371;0.984543 0.168467 0.0478953 -0.00842745 -0.170875 0.983939 0.0516211 0.407676 -0.0384296 -0.0590074 0.997518 0.253334 0 0 0 1 
36535719080125;0.422416;0.0566995;0.886138 0.411483 -0.21317 0.290756 -0.380918 0.908723 0.170655 1.16751 0.263934 -0.0700239 0.961996 -0.939494 0 0 0 1 
36535719080126;0.446714;0.0318749;0.992264 0.118193 -0.0379713 0.272201 -0.120966 0.989286 -0.0817385 -0.24405 0.0279036 0.0856995 0.99593 -0.332798 0 0 0 1 
36535719080127;0.355012;0.552481;0.99964 -0.00413497 0.0265168 0.759985 0.00664176 0.99544 -0.0951569 0.177304 -0.0260025 0.0952987 0.995109 -0.0775276 0 0 0 1 
36535719080128;0.249905;0.0356626;0.999988 0.00286228 -0.00407235 0.0563188 -0.00285147 0.999992 0.00265657 0.431145 0.00407992 -0.00264492 0.999988 -0.0325417 0 0 0 1 
36535719080129;0.526113;0.648703;0.998576 0.0300772 -0.0440607 0.949368 -0.0317691 0.998764 -0.0382163 0.00544617 0.0428568 0.0395617 0.998298 0.094329 0 0 0 1 
36535719080130;0.433817;0.0285038;0.938508 0.0865885 0.334223 -0.157158 -0.0365322 0.987511 -0.153255 -0.315274 -0.343319 0.131621 0.929951 1.08893 0 0 0 1 
36535719080131;0.251532;0.354644;0.998255 -0.0566787 -0.0165491 0.634087 0.0568066 0.998358 0.00736736 -0.115462 0.0161044 -0.00829461 0.999836 0.0157497 0 0 0 1 
36535719080132;0.431426;0.0362177;0.982946 0.0436426 -0.178642 -0.103814 -0.0337883 0.997754 0.057839 -0.450363 0.180765 -0.0508166 0.982213 -0.94723 0 0 0 1 
36535719080133;0.541591;0.0572366;0.938266 0.228381 0.259806 0.151379 -0.273889 0.949238 0.154702 0.625953 -0.211287 -0.21631 0.953188 1.57441 0 0 0 1 
36535719080134;0.252306;0.0371292;0.996811 -0.0764095 0.0230132 -0.143908 0.0774496 0.995824 -0.0483267 -0.432433 -0.0192245 0.0499549 0.998566 -0.211462 0 0 0 1 
36535719080135;0.472023;0.414711;0.97343 -0.114992 0.198018 0.613745 0.0749688 0.977146 0.198908 -0.585116 -0.216365 -0.178778 0.959804 0.684561 0 0 0 1 
36535719080136;0.302061;0.051511;0.973696 0.201971 -0.105472 0.0681126 -0.213847 0.969832 -0.117032 1.05722 0.0786535 0.136508 0.987512 -0.503987 0 0 0 1 
36535719080137;0.328535;0.0559266;0.969502 0.225296 0.0964772 -0.300149 -0.209456 0.966065 -0.15115 0.713055 -0.127257 0.126333 0.983792 0.098907 0 0 0 1 
36535719080138;0.576365;0.0322178;0.996641 0.0671749 0.0468411 0.610775 -0.0439859 0.921564 -0.385726 0.411493 -0.0690782 0.38237 0.921424 -0.446153 0 0 0 1 
36535719080139;0.521512;0.0360718;0.963804 -0.265915 0.0192744 0.369417 0.261817 0.957642 0.119894 -1.65703 -0.0503396 -0.110508 0.9926 0.247295 0 0 0 1 
36535719080140;0.470285;0.0388482;0.891654 0.429251 0.143866 -0.156136 -0.424806 0.903166 -0.0618945 1.49904 -0.156503 -0.00592669 0.98766 0.186122 0 0 0 1 
36535719080141;0.30287;0.040856;0.971636 0.134091 0.194791 -0.391652 -0.149749 0.986386 0.0679535 0.228865 -0.183027 -0.0951958 0.978488 0.646281 0 0 0 1 
36535719080142;0.480003;0.0353865;0.971135 0.206401 0.119559 -0.176284 -0.237696 0.879254 0.412811 0.439172 -0.0199184 -0.429314 0.902936 0.0890118 0 0 0 1 
36535719080143;0.628053;0.645276;0.94933 0.299944 -0.0938363 0.345839 -0.309199 0.94485 -0.107958 1.30205 0.0562797 0.131502 0.989717 -0.295115 0 0 0 1 
36535719080144;0.602003;0.0386231;0.941442 0.245755 -0.23085 0.389179 -0.291609 0.93716 -0.191561 1.33947 0.169266 0.247662 0.953946 -1.49355 0 0 0 1 
36535719080145;0.170435;0.0203719;0.993496 0.113813 0.00340893 -0.0709125 -0.113834 0.993476 0.00685525 0.438347 -0.00260648 -0.00719872 0.999971 0.210152 0 0 0 1 
36535719080146;0.207536;0.0328583;0.981255 0.18917 0.0368033 -0.0322643 -0.184745 0.977711 -0.0997514 0.704187 -0.0548529 0.0910822 0.994332 0.0705232 0 0 0 1 
36535719080147;0.436345;0.0315578;0.984061 0.173498 -0.0390194 0.396262 -0.170409 0.982739 0.0720031 1.05256 0.0508382 -0.0642061 0.996641 -0.405569 0 0 0 1 
36535719080148;0.640142;0.0312674;0.964738 -0.259646 -0.0431897 1.15353 0.246934 0.949613 -0.193027 -0.00658757 0.0911323 0.175556 0.980242 -0.647212 0 0 0 1 
36535719080149;0.408897;0.0236228;0.997292 -0.0574232 -0.0459436 0.188863 0.0552439 0.997348 -0.0473779 -0.49643 0.0485424 0.0447115 0.99782 0.441414 0 0 0 1 
36535719080150;0.385378;0.024861;0.995644 -0.0102857 0.092667 -0.0397216 -0.00652977 0.983763 0.179352 0.41766 -0.0930072 -0.179176 0.979411 0.0278447 0 0 0 1 
36535719080151;0.147734;0.0381432;0.991864 0.0227686 0.12525 -0.0902463 -0.0117717 0.996064 -0.0878483 0.108299 -0.126757 0.0856591 0.988228 0.24148 0 0 0 1 
36535719080152;0.417728;0.0420601;0.894869 0.413357 -0.168358 0.158244 -0.390719 0.907843 0.152184 1.14723 0.215749 -0.0704041 0.973907 -0.420531 0 0 0 1 
36535719080153;0.136308;0.0279793;0.989384 -0.126927 0.0707739 0.0890697 0.124079 0.991328 0.0432876 -0.338965 -0.0756545 -0.0340464 0.996553 0.251252 0 0 0 1 
36535719080155;0.377066;0.286771;0.996002 -0.0356418 -0.0819125 0.482152 0.0550131 0.967175 0.248086 -0.179202 0.0703815 -0.2516 0.965269 0.287829 0 0 0 1 
36535719080156;0.280014;0.235715;0.996868 -0.0269689 -0.0743436 0.450707 0.0390656 0.985283 0.166406 0.099286 0.0687618 -0.168789 0.983251 -0.130594 0 0 0 1 
36535719080157;0.357849;0.144506;0.990025 -0.126804 -0.061403 0.996352 0.139579 0.942048 0.305063 -0.122173 0.0191613 -0.310591 0.950351 0.519978 0 0 0 1 
36535719080158;0.214487;0.0692057;0.999437 -0.03283 -0.00689489 0.423077 0.0331659 0.997872 0.0561392 0.277944 0.00503716 -0.0563363 0.998399 0.300114 0 0 0 1 
36535719080159;0.313033;0.0723973;0.99109 -0.04747 -0.124447 0.344046 0.019202 0.975496 -0.219177 -0.617409 0.131802 0.214834 0.967716 -0.970897 0 0 0 1 
36535719080160;0.477856;0.0836698;0.926095 0.233148 -0.296632 -0.584477 -0.24829 0.968587 -0.0138732 0.873973 0.284079 0.0864986 0.954891 -0.725187 0 0 0 1 
36535719080161;0.262671;0.0693011;0.989646 0.137315 0.0417846 -0.203924 -0.141013 0.984463 0.104634 -0.0335505 -0.0267677 -0.109443 0.993633 0.546583 0 0 0 1 
36535719080162;0.249715;0.0736321;0.986679 0.162678 -0.000427514 -0.302211 -0.156269 0.948532 0.275438 0.0407789 0.0452133 -0.271703 0.961319 0.0228745 0 0 0 1 
36535719080163;0.453936;0.200986;0.93232 0.155705 -0.326399 0.852425 -0.182915 0.981634 -0.0541983 0.298928 0.311965 0.110233 0.943677 -1.1952 0 0 0 1 
36535719080164;0.466141;0.305433;0.986591 -0.0884574 0.137163 0.795484 0.0634723 0.982185 0.176872 0.118869 -0.150365 -0.165794 0.974629 1.12017 0 0 0 1 
36535719080165;0.321246;0.0729172;0.952003 -0.0560038 0.300921 -0.0191206 -0.0515586 0.939731 0.338004 -0.186697 -0.301714 -0.337296 0.89174 0.96337 0 0 0 1 
36535719080166;0.389384;0.201414;0.920967 -0.141124 0.363185 0.765466 0.184174 0.979072 -0.0865881 -0.23348 -0.343364 0.146634 0.927685 0.646917 0 0 0 1 
36535719080167;0.40197;0.286816;0.997809 -0.0394262 -0.0531226 0.633317 0.0568907 0.921207 0.384892 -0.112184 0.033762 -0.387071 0.921432 0.355077 0 0 0 1 
36535719080168;0.210711;0.210053;0.996267 -6.58611e-05 0.0863246 -0.0834765 0.00310022 0.999382 -0.035017 -0.195441 -0.0862689 0.0351539 0.995651 0.199367 0 0 0 1 
36535719080169;0.371812;0.0689407;0.961781 0.0648551 -0.26603 0.786332 0.0031855 0.96883 0.247706 -0.533306 0.273803 -0.239086 0.931595 -1.08572 0 0 0 1 
36535719080170;0.32738;0.0708687;0.990625 0.10692 0.0850362 -0.20944 -0.100373 0.991898 -0.0778739 0.354561 -0.0926735 0.0686085 0.99333 -0.685169 0 0 0 1 
36535719080171;0.334438;0.284584;0.992394 -0.122273 -0.0142538 0.477672 0.121446 0.991391 -0.0489456 -0.523063 0.0201158 0.0468422 0.9987 0.0254198 0 0 0 1 
36535719080172;0.359248;0.160342;0.986205 0.159432 -0.0445174 0.0421105 -0.147971 0.969653 0.194623 0.644764 0.0741955 -0.18535 0.979867 0.229539 0 0 0 1 
36535719080173;0.299017;0.0651349;0.995017 -0.0760497 -0.0644756 0.147775 0.068047 0.990639 -0.118337 -0.589984 0.0728715 0.11336 0.990878 -1.11208 0 0 0 1 
36535719080174;0.332371;0.0688196;0.993881 -0.0960846 -0.0544877 0.93503 0.0944002 0.994997 -0.0326932 0.303075 0.0573564 0.0273495 0.997979 -0.444365 0 0 0 1 
36535719080175;0.258801;0.0881679;0.980857 -0.10383 -0.164739 0.377332 0.0927589 0.992968 -0.0735517 -0.0116859 0.171218 0.0568627 0.983591 -1.10609 0 0 0 1 
36535719080176;0.244373;0.0676829;0.96789 0.0881838 0.2354 -0.246701 -0.111607 0.989841 0.0880846 0.143463 -0.225241 -0.111528 0.967899 0.610588 0 0 0 1 
36535719080177;0.307368;0.258042;0.998119 -0.0514106 0.0334056 0.307193 0.0420541 0.970562 0.237153 0.0225238 -0.0446144 -0.235302 0.970898 0.771289 0 0 0 1 
36535719080178;0.333626;0.0677506;0.924888 0.0632523 -0.374942 0.738375 -0.0245207 0.993936 0.10719 -0.0530882 0.379448 -0.0899445 0.920831 -0.61065 0 0 0 1 
36535719080179;0.112272;0.0693094;0.996658 -0.0147822 -0.0803376 0.176689 0.0172262 0.999407 0.0298146 0.103256 0.0798492 -0.0310989 0.996322 -0.375173 0 0 0 1 
36535719080180;0.447488;0.434703;0.996073 0.087093 -0.0159184 0.953054 -0.084875 0.990493 0.108259 -0.247632 0.0251957 -0.106483 0.993995 -0.21253 0 0 0 1 
36535719080181;0.181751;0.185558;0.988252 -0.0687531 0.136496 0.120042 0.0787242 0.994503 -0.0690432 -0.401182 -0.130999 0.0789776 0.988232 0.0709576 0 0 0 1 
36535719080182;0.227052;0.152889;0.97281 -0.101144 0.208352 0.211819 0.125234 0.986464 -0.105852 -0.364627 -0.194825 0.129066 0.972309 0.0241386 0 0 0 1 
36535719080183;0.271702;0.0491821;0.986367 -0.0715063 -0.148215 0.907814 0.0882986 0.990002 0.109998 -0.226962 0.138868 -0.121586 0.982819 -0.400522 0 0 0 1 
36535719080184;0.317465;0.0694092;0.96129 0.185764 -0.203502 0.362887 -0.0870379 0.905467 0.415397 -0.28687 0.26143 -0.381604 0.886585 -0.434359 0 0 0 1 
36535719080186;0.390645;0.151565;0.909501 -0.0653902 0.410527 -0.00661931 0.184617 0.948355 -0.257951 -0.450744 -0.372458 0.310397 0.874602 1.57607 0 0 0 1 
36535719080187;0.111223;0.135668;0.999555 0.0182029 0.0236184 -0.0257578 -0.0182251 0.999834 0.000723693 -0.0454731 -0.0236013 -0.00115382 0.999721 0.00998035 0 0 0 1 
36535719080188;0.65823;0.163627;0.873011 0.481341 0.0785064 0.110194 -0.483987 0.874892 0.0178971 1.9747 -0.0600701 -0.0536205 0.996753 1.11081 0 0 0 1 
36535719080189;0.357007;0.17242;0.999696 0.00885509 0.0230007 -0.754232 -0.00917267 0.999864 0.0137391 0.29665 -0.0228759 -0.0139459 0.999641 -0.464806 0 0 0 1 
36535719080190;0.473164;0.977103;0.929729 -0.366413 0.0366799 -1.51029 0.366769 0.930306 -0.00325694 -2.42067 -0.0329302 0.0164811 0.999322 0.128429 0 0 0 1 
36535719080191;0.28216;0.153139;0.980387 0.196373 -0.0167055 -0.283088 -0.192989 0.973758 0.120629 0.726089 0.0399554 -0.115039 0.992557 -0.713546 0 0 0 1 
36535719080192;0.431029;0.142319;0.984236 -0.164049 0.0660825 -0.89077 0.168959 0.982595 -0.0772031 -0.420365 -0.0522672 0.0871514 0.994823 0.492506 0 0 0 1 
36535719080193;0.312078;0.150342;0.991236 -0.13209 0.00164613 -0.0820485 0.1287 0.968459 0.213361 -1.10521 -0.029777 -0.211279 0.976972 -0.376211 0 0 0 1 
36535719080194;0.164987;0.142912;0.983921 0.178579 0.00282234 -0.150144 -0.1786 0.983863 0.0107953 0.686494 -0.000848972 -0.0111258 0.999938 -0.0488292 0 0 0 1 
36535719080195;0.354366;0.14413;0.980701 -0.0359628 0.192176 0.025536 0.0352903 0.999353 0.00692207 -0.552989 -0.192301 -6.51175e-06 0.981336 0.215469 0 0 0 1 
36535719080196;0.523582;0.146534;0.985491 0.157279 0.0638106 -0.564552 -0.169298 0.884039 0.435676 0.814681 0.0121116 -0.440157 0.897839 -0.690725 0 0 0 1 
36535719080197;0.379637;0.141277;0.979143 -0.178436 -0.0971602 0.106735 0.184152 0.981448 0.0533717 -1.02584 0.0858342 -0.0701507 0.993837 -1.19626 0 0 0 1 
36535719080198;0.253973;0.150199;0.984197 -0.143031 0.104399 -0.212343 0.152228 0.984581 -0.0861763 -0.827657 -0.0904631 0.100707 0.990795 0.757474 0 0 0 1 
36535719080199;0.451651;0.150678;0.989001 0.145224 0.0280405 -0.723136 -0.145193 0.989398 -0.00312824 0.908837 -0.0281975 -0.000977452 0.999602 0.668986 0 0 0 1 
36535719080200;0.601292;1.05433;0.9677 -0.145862 0.205623 -0.888368 0.160286 0.985524 -0.055236 -1.9086 -0.19459 0.0864103 0.977071 1.26114 0 0 0 1 
36535719080201;0.316883;0.150655;0.88019 0.0877977 0.46643 0.0104276 -0.000518847 0.982919 -0.184039 -0.0530522 -0.474621 0.161747 0.865201 2.31143 0 0 0 1 
36535719080202;0.389074;0.13718;0.97227 0.224128 0.0667641 -0.28457 -0.225824 0.973984 0.0189413 1.34214 -0.0607819 -0.033493 0.997589 -0.346453 0 0 0 1 
36535719080203;0.247825;0.174535;0.971152 -0.237173 0.0247562 -0.245097 0.235519 0.970244 0.0561825 -1.26149 -0.0373446 -0.0487311 0.998114 0.263281 0 0 0 1 
36535719080204;0.323434;0.13298;0.997953 -0.053734 0.0346888 -0.28568 0.0530492 0.998384 0.0203698 -1.0558 -0.0357273 -0.0184879 0.999191 -0.133122 0 0 0 1 
36535719080205;0.326801;0.146723;0.958166 -0.0650844 0.278716 0.0944177 0.15433 0.937594 -0.31161 -0.615685 -0.241042 0.341588 0.908414 1.02226 0 0 0 1 
36535719080206;0.360649;0.134264;0.994409 0.102253 0.0263686 -0.312631 -0.102073 0.994744 -0.00808136 1.08434 -0.0270564 0.00534464 0.99962 -0.00116353 0 0 0 1 
36535719080207;0.378318;0.142847;0.999234 -0.0307405 0.0242273 0.548196 0.0306815 0.999525 0.00280189 -0.287966 -0.0243019 -0.00205641 0.999703 0.127155 0 0 0 1 
36535719080208;0.281021;0.143743;0.979907 -0.06008 0.190193 -0.428117 0.0527038 0.997657 0.0436105 -0.560598 -0.192367 -0.0327103 0.980778 1.3249 0 0 0 1 
36535719080209;0.41046;0.157709;0.954194 -0.287008 0.0845042 -0.396615 0.266778 0.944041 0.193947 -2.02183 -0.13544 -0.16252 0.977366 0.708651 0 0 0 1 
36535719080210;0.243944;0.159374;0.975572 0.149071 0.161362 0.109174 -0.156208 0.987192 0.0324171 0.395806 -0.154463 -0.0568312 0.986363 0.642164 0 0 0 1 
36535719080211;0.419439;0.141388;0.92589 0.377773 0.00389202 -0.233906 -0.377776 0.925897 5.25683e-05 1.26206 -0.00358375 -0.00151899 0.999992 -0.0200762 0 0 0 1 
36535719080212;0.411637;0.128985;0.953187 0.273062 0.129893 0.303824 -0.270318 0.961995 -0.0386564 0.649007 -0.135512 0.00173437 0.990774 0.820542 0 0 0 1 
36535719080213;0.271077;0.167763;0.97152 -0.190003 -0.141591 -0.283206 0.162994 0.969565 -0.182694 -0.959358 0.171994 0.154412 0.972921 -1.0718 0 0 0 1 
36535719080214;0.356981;0.148864;0.948897 0.156075 -0.27429 -0.190863 -0.16464 0.986319 -0.00833454 0.381361 0.269237 0.0530677 0.961611 -0.952083 0 0 0 1 
36535719080215;0.558879;0.141348;0.963518 0.21444 0.160153 -0.241975 -0.162385 0.944039 -0.287093 0.817821 -0.212755 0.250613 0.94442 1.96413 0 0 0 1 
36535719080217;0.267916;0.0208936;0.967419 -0.17703 -0.181 0.546171 0.153871 0.978833 -0.134943 -0.247618 0.201058 0.102696 0.974181 -0.934539 0 0 0 1 
36535719080218;0.403611;0.0313303;0.997235 0.0743045 -0.00103544 -0.312886 -0.0742512 0.996889 0.0264549 0.689528 0.00299793 -0.0263049 0.999649 0.459269 0 0 0 1 
36535719080219;0.612805;0.530166;0.998766 -0.0192276 0.0457926 -0.0679075 0.0195888 0.99978 -0.0074525 0.0906906 -0.0456392 0.00834032 0.998923 0.675286 0 0 0 1 
36535719080220;0.465305;0.022157;0.970499 -0.117544 -0.21051 0.410017 0.0966484 0.989554 -0.106972 0.161755 0.220885 0.0834705 0.971721 -1.44311 0 0 0 1 
36535719080221;0.397154;0.321352;0.995922 -0.0801978 -0.0413247 0.160725 0.0800249 0.996776 -0.00582399 -0.242805 0.0416586 0.00249323 0.999129 -0.745938 0 0 0 1 
36535719080222;0.388852;0.0204316;0.984251 -0.105641 0.141741 -0.446107 0.139644 0.956279 -0.256961 -0.241963 -0.108398 0.272708 0.955971 0.211946 0 0 0 1 
36535719080223;0.332061;0.0229294;0.928591 -0.18959 -0.319022 0.858704 0.165778 0.981031 -0.100474 -0.631797 0.33202 0.0404122 0.942406 -0.885178 0 0 0 1 
36535719080224;0.591626;0.022451;0.994356 0.0964489 0.0441922 -0.38662 -0.0784747 0.948984 -0.305404 1.22741 -0.0713936 0.300213 0.951197 0.436564 0 0 0 1 
36535719080225;0.418431;0.326219;0.990317 -0.0532253 0.128213 0.00174227 0.0514569 0.998529 0.0170686 -0.0265135 -0.128933 -0.0103059 0.9916 0.712523 0 0 0 1 
36535719080226;0.434396;0.41833;0.988497 0.062009 -0.137946 0.00464466 -0.0612659 0.998075 0.00963043 -0.0396984 0.138277 -0.00106829 0.990393 -0.194735 0 0 0 1 
36535719080227;0.258425;0.0182567;0.981084 0.171199 0.0903628 -0.0764099 -0.175407 0.983649 0.0408284 0.420716 -0.0818955 -0.0559063 0.995072 0.577596 0 0 0 1 
36535719080228;0.348273;0.0199467;0.957993 -0.199453 0.20608 0.128546 0.2083 0.977819 -0.0219407 -0.284713 -0.197132 0.0639455 0.978289 0.864743 0 0 0 1 
36535719080229;0.349476;0.0287716;0.994936 0.0556049 0.0837283 -0.185332 -0.04152 0.986008 -0.161442 0.131463 -0.0915337 0.157148 0.983324 -0.436489 0 0 0 1 
36535719080230;0.507963;0.554756;0.938587 -0.0404813 0.342659 -0.1373 0.043675 0.999045 -0.00160543 0.0517322 -0.342266 0.0164724 0.939459 0.753125 0 0 0 1 
36535719080231;0.499847;0.020693;0.999929 0.00247799 -0.0116817 -0.313243 -0.00216567 0.999642 0.0266728 -0.415069 0.0117436 -0.0266456 0.999576 -0.852927 0 0 0 1 
36535719080232;0.400636;0.0211808;0.975195 -0.202986 0.0882666 0.177491 0.171642 0.945272 0.27749 -0.464036 -0.139763 -0.255457 0.956665 1.03918 0 0 0 1 
36535719080233;0.232565;0.028766;0.984769 0.0569865 -0.164266 0.0778582 -0.0384276 0.992735 0.114024 0.0345832 0.169571 -0.105975 0.979804 -0.0971168 0 0 0 1 
36535719080234;0.243089;0.0202119;0.999985 0.00503324 0.0019608 0.203333 -0.00501088 0.999924 -0.0112427 0.127191 -0.00201724 0.0112327 0.999935 -0.436669 0 0 0 1 
36535719080235;0.336455;0.262832;0.997348 -0.0199149 -0.0699995 0.00277485 0.0254542 0.996537 0.0791539 0.0661762 0.0681808 -0.0807258 0.994402 -0.0396345 0 0 0 1 
36535719080236;0.526732;0.0208487;0.959213 -0.131461 0.250255 0.578478 0.074497 0.971549 0.224818 -0.542627 -0.27269 -0.197006 0.941716 1.67376 0 0 0 1 
36535719080237;0.707625;0.493118;0.999825 0.0173406 -0.0069668 -0.00170496 -0.017378 0.999835 -0.00534447 0.122543 0.00687297 0.0054646 0.999961 0.726426 0 0 0 1 
36535719080238;0.378354;0.0245812;0.980766 0.18195 -0.0706613 0.344647 -0.164434 0.965242 0.20315 0.732055 0.105168 -0.187624 0.976595 -0.179833 0 0 0 1 
36535719080239;0.260619;0.0227257;0.9994 -0.0287795 0.0192497 0.400234 0.0285764 0.999534 0.0107476 -0.153161 -0.01955 -0.0101911 0.999757 0.36953 0 0 0 1 
36535719080240;0.347346;0.0203179;0.997353 0.00631037 0.0724364 -0.0520946 0.020937 0.929108 -0.369215 0.326401 -0.0696311 0.369754 0.926517 -0.296307 0 0 0 1 
36535719080241;0.461675;0.0184309;0.945495 0.145463 0.291341 -0.223946 -0.069667 0.964327 -0.255383 -0.201682 -0.318097 0.221167 0.9219 0.679448 0 0 0 1 
36535719080242;0.184835;0.0240591;0.992484 0.101145 0.0688866 -0.139412 -0.102442 0.994617 0.0155556 0.0355253 -0.0669424 -0.0224956 0.997503 0.140943 0 0 0 1 
36535719080243;0.50255;0.514083;0.999867 -0.0131895 0.00963612 0.0427349 0.0136518 0.998676 -0.0495982 0.0312931 -0.00896918 0.0497231 0.998723 -0.241562 0 0 0 1 
36535719080244;0.3548;0.0258;0.921081 0.255348 0.293952 -0.232971 -0.273523 0.96162 0.021736 0.648555 -0.27712 -0.100423 0.955573 1.12408 0 0 0 1 
36535719080245;0.421326;0.0222288;0.969549 0.123572 -0.211436 0.459158 -0.143763 0.986135 -0.0828904 0.567262 0.198262 0.110763 0.973871 -1.2683 0 0 0 1 
36535719080246;0.428678;0.0203561;0.967772 0.251822 -0.00157969 0.113143 -0.25096 0.963901 -0.0889638 1.11818 -0.0208804 0.0864931 0.996034 -0.493881 0 0 0 1 
36535719080248;0.279109;0.0258219;0.999889 -0.01129 -0.00970054 0.808675 0.0112744 0.999935 -0.00165827 0.229747 0.00971863 0.00154872 0.999952 -0.35656 0 0 0 1 
36535719080249;0.148582;0.0347918;0.998103 -0.0602307 -0.0127203 -0.226194 0.0602565 0.998182 0.00165393 -0.181632 0.0125976 -0.00241727 0.999918 -0.176929 0 0 0 1 
36535719080250;0.310686;0.0444162;0.99691 -0.0130305 0.0774701 -0.201745 0.0127507 0.99991 0.00410452 0.193286 -0.0775166 -0.00310404 0.996986 -0.673502 0 0 0 1 
36535719080251;0.298484;0.0378794;0.999254 0.0284331 -0.0261518 -0.471865 -0.0270323 0.998258 0.0524406 0.65018 0.0275973 -0.0516945 0.998282 0.161502 0 0 0 1 
36535719080252;0.364884;0.263814;0.978134 -0.140398 -0.153433 1.19494 0.139935 0.990064 -0.0138704 -0.447262 0.153856 -0.00790352 0.988062 -0.321142 0 0 0 1 
36535719080253;0.298099;0.259043;0.997907 -0.0563542 -0.0317078 0.675994 0.0545619 0.997005 -0.0548035 -0.0456604 0.0347013 0.0529587 0.997994 -0.584382 0 0 0 1 
36535719080254;0.413793;0.356133;0.997353 -0.0661656 -0.0301612 0.291481 0.0582828 0.975414 -0.212536 0.275422 0.0434822 0.210215 0.976688 -0.403603 0 0 0 1 
36535719080255;0.265645;0.0337254;0.994658 -0.0774539 0.0682411 -0.0642642 0.0930773 0.958792 -0.26843 -0.245954 -0.0446381 0.273348 0.960879 0.243562 0 0 0 1 
36535719080256;0.228269;0.0484095;0.969616 0.244495 -0.00819955 -0.107574 -0.244492 0.96965 0.00139052 0.498304 0.00829067 0.000656452 0.999965 -0.0627862 0 0 0 1 
36535719080257;0.266234;0.0275732;0.999257 -0.0383487 -0.00389949 -0.642289 0.0384552 0.998734 0.0324358 -0.267938 0.00265069 -0.0325616 0.999466 -0.0758799 0 0 0 1 
36535719080258;0.327944;0.0179842;0.998803 -0.0414892 -0.0259018 0.618039 0.0418676 0.999022 0.0142422 -0.677866 0.0252856 -0.0153096 0.999563 0.526943 0 0 0 1 
