#;prob_registration_l1 -r /home/probabilistic_point_clouds_registration/build/tester /home/point_clouds_registration_benchmark//devel/registration_pairs/hauptgebaude_local.txt /home/point_clouds_registration_benchmark//eth/hauptgebaude -s 0.2 -t 0.2 -p 0.3 -r 1000 -m 20 -i 40 
id;initial_error;final_error;transformation
3394309160000;0.248226;0.0126028;0.999308 -0.00324919 0.0370617 0.538223 0.00175115 0.999183 0.0403813 -0.050384 -0.0371626 -0.0402884 0.998497 -0.0271051 0 0 0 1 
3394309160001;0.28369;0.010124;0.993011 0.115058 -0.0262954 -0.399818 -0.113317 0.991734 0.0601895 0.846783 0.0330033 -0.0567891 0.997841 -0.637031 0 0 0 1 
3394309160002;0.278932;0.0161524;0.977287 -0.00666779 0.211814 -0.136028 0.004751 0.999943 0.00955704 -0.0782042 -0.211866 -0.00833365 0.977263 0.720211 0 0 0 1 
3394309160003;0.0682056;0.0139757;0.995457 -0.0911778 0.0274256 0.0431518 0.0916165 0.995679 -0.0151866 -0.590796 -0.0259224 0.0176302 0.999508 0.188454 0 0 0 1 
3394309160004;0.286924;0.0128586;0.999027 0.039799 -0.0189796 0.550537 -0.0396144 0.999165 0.0100038 0.736415 0.0193619 -0.00924219 0.99977 -0.294995 0 0 0 1 
3394309160005;0.492031;0.347325;0.994932 0.0972761 -0.0254373 -0.11412 -0.0964774 0.994854 0.0309392 0.587392 0.028316 -0.0283283 0.999198 -0.644976 0 0 0 1 
3394309160006;0.393899;0.0150863;0.988043 0.0241335 0.152279 -0.253984 -0.0252108 0.999669 0.00514758 0.543443 -0.152104 -0.0089251 0.988324 1.90721 0 0 0 1 
3394309160007;0.411602;0.00992947;0.88537 -0.337432 0.319781 0.375981 0.34369 0.938293 0.0385187 -2.08583 -0.313046 0.0758023 0.946708 1.40635 0 0 0 1 
3394309160008;0.42721;0.314027;0.955404 -0.293592 -0.0317245 1.288 0.294112 0.955682 0.0130767 -1.92562 0.0264793 -0.0218241 0.999411 0.764535 0 0 0 1 
3394309160009;0.395375;0.0195226;0.978028 -0.201281 -0.0542899 0.451303 0.196021 0.976533 -0.0892147 -1.48055 0.0709731 0.0766125 0.994532 0.426814 0 0 0 1 
3394309160010;0.216746;0.0094078;0.991789 -0.00588174 -0.127753 -0.109696 -0.0163265 0.984945 -0.172096 0.486579 0.126841 0.172768 0.976761 -0.576191 0 0 0 1 
3394309160011;0.228138;0.819354;0.949555 -0.22034 -0.223152 2.60578 0.243142 0.966676 0.0801251 -1.74337 0.198061 -0.130341 0.971485 -1.09678 0 0 0 1 
3394309160012;0.324315;0.829874;0.94427 -0.327011 -0.0376545 1.91189 0.328798 0.931553 0.155242 -2.333 -0.0156886 -0.158971 0.987159 -0.176247 0 0 0 1 
3394309160013;0.268523;0.0198405;0.997742 0.0602622 -0.0296554 0.599276 -0.0603884 0.998169 -0.00337841 0.0942812 0.0293975 0.00516163 0.999554 -0.424522 0 0 0 1 
3394309160014;0.217364;0.0119228;0.999773 0.0182462 0.0110065 0.0025437 -0.0201322 0.978072 0.207291 -0.320191 -0.00698294 -0.207465 0.978217 0.302067 0 0 0 1 
3394309160015;0.198549;0.0141655;0.972098 0.108499 0.207977 -0.262033 -0.103433 0.994016 -0.0351142 0.722726 -0.210542 0.0126228 0.977503 1.46813 0 0 0 1 
3394309160016;0.362241;0.0222213;0.889885 -0.222165 0.398431 0.487327 0.219464 0.974178 0.0530343 -1.68214 -0.399925 0.0402467 0.915664 3.15 0 0 0 1 
3394309160017;0.403444;0.0197363;0.924687 -0.273294 0.265073 -0.471988 0.265991 0.961862 0.0638032 -1.27415 -0.272401 0.011509 0.962115 1.81132 0 0 0 1 
3394309160018;0.415951;0.016166;0.958711 0.268662 0.0932414 -0.644724 -0.273054 0.961254 0.0378363 1.95834 -0.0794635 -0.0617341 0.994924 0.40099 0 0 0 1 
3394309160019;0.389264;0.0144576;0.967351 0.253191 -0.0112079 0.0567129 -0.253172 0.967416 0.00314052 1.30419 0.0116379 -0.000200457 0.999932 -0.835602 0 0 0 1 
3394309160020;0.355901;0.0231844;0.946305 -0.157624 -0.282243 0.810369 0.0690325 0.951466 -0.299913 -0.0562449 0.315818 0.264325 0.911258 -1.62647 0 0 0 1 
3394309160021;0.307009;0.0106105;0.991415 -0.11894 -0.0543194 0.642667 0.128228 0.965676 0.225891 -1.1245 0.0255876 -0.230916 0.972637 -0.299591 0 0 0 1 
3394309160022;0.159878;0.014747;0.979336 -0.0356596 0.199069 -0.275829 0.0513486 0.99592 -0.0742128 -0.255344 -0.19561 0.0829012 0.977171 1.27635 0 0 0 1 
3394309160023;0.179015;0.0080734;0.995424 -0.0427653 0.0854557 -0.157463 0.0447008 0.998783 -0.0208651 -0.32566 -0.0844594 0.0245896 0.996123 0.137908 0 0 0 1 
3394309160024;0.448507;0.304539;0.976315 -0.204938 0.0693476 0.690218 0.203467 0.978689 0.0277231 -1.00692 -0.0735513 -0.0129566 0.997207 1.34696 0 0 0 1 
3394309160025;0.259237;0.0125614;0.986814 0.161784 -0.00501366 -0.101484 -0.161424 0.985952 0.0428968 1.05704 0.0118832 -0.0415218 0.999067 -0.609212 0 0 0 1 
3394309160026;0.300277;0.0131447;0.994561 0.0813948 0.0649813 0.336703 -0.0776489 0.995279 -0.0582305 -0.0696998 -0.0694142 0.052868 0.996186 0.767833 0 0 0 1 
3394309160027;0.421694;0.558519;0.958596 -0.22085 -0.179773 1.84905 0.256624 0.943606 0.209169 -2.54103 0.123439 -0.246643 0.961213 -0.268281 0 0 0 1 
3394309160028;0.443835;0.0520727;0.928432 0.104108 0.356617 -0.21419 0.00625211 0.955417 -0.295195 0.795917 -0.37145 0.276298 0.886389 2.24757 0 0 0 1 
3394309160029;0.512116;0.0177523;0.998841 -0.0220876 0.0427743 0.282534 0.0355041 0.938047 -0.344686 0.451682 -0.032511 0.345805 0.937743 -0.622212 0 0 0 1 
3394309160031;0.426851;0.12168;0.970113 -0.201419 -0.135319 0.370598 0.216857 0.969868 0.11104 -0.673039 0.108876 -0.137067 0.98456 -0.769941 0 0 0 1 
3394309160032;0.353703;0.215453;0.941101 -0.325163 -0.0927256 0.408895 0.326744 0.945111 0.00197815 0.185266 0.0869928 -0.0321591 0.99569 -0.0659865 0 0 0 1 
3394309160033;0.139215;0.0132823;0.994129 -0.0264965 -0.10491 0.0416819 0.021594 0.998633 -0.0475945 -0.182746 0.106028 0.0450497 0.993342 0.124124 0 0 0 1 
3394309160034;0.389775;0.0470261;0.932478 0.357844 -0.0493106 -0.297467 -0.354691 0.932886 0.0625955 0.284593 0.0684007 -0.040879 0.99682 -0.614034 0 0 0 1 
3394309160035;0.19696;0.0151355;0.976952 0.172054 -0.126342 0.0600725 -0.186432 0.976009 -0.112467 0.448014 0.10396 0.133429 0.985591 -0.0860795 0 0 0 1 
3394309160036;0.370886;0.0733969;0.93956 -0.341769 -0.0205346 -0.16289 0.337894 0.915883 0.216763 -0.415691 -0.0552756 -0.2106 0.976008 0.456205 0 0 0 1 
3394309160037;0.384635;0.0112963;0.912328 -0.251099 0.323431 -0.24487 0.187323 0.958341 0.215623 -0.78716 -0.364099 -0.136133 0.921357 0.0754704 0 0 0 1 
3394309160038;0.368064;0.0356399;0.950977 0.308262 -0.0248401 -0.662103 -0.309218 0.94643 -0.0930331 0.615384 -0.00516907 0.0961534 0.995353 -0.0764594 0 0 0 1 
3394309160039;0.0746977;0.00965383;0.999556 0.00647291 0.0290976 -0.122571 -0.00668121 0.999953 0.0070671 -0.0232556 -0.0290505 -0.00725836 0.999552 -0.116169 0 0 0 1 
3394309160040;0.279481;0.01104;0.928702 -0.32879 0.171495 0.0980226 0.310656 0.942351 0.124368 -0.551545 -0.202499 -0.0622249 0.977304 0.381464 0 0 0 1 
3394309160041;0.389623;0.118943;0.919817 -0.391984 0.0169046 0.682417 0.390003 0.918173 0.0696898 -0.422361 -0.0428386 -0.057509 0.997425 0.0271053 0 0 0 1 
3394309160042;0.283783;0.0459196;0.98619 -0.165223 0.0113934 -0.384221 0.165236 0.986254 -0.000249444 -0.0948816 -0.0111956 0.00212861 0.999935 -0.316918 0 0 0 1 
3394309160043;0.314339;0.00746163;0.998261 0.0588324 0.00375774 0.220289 -0.0584768 0.980118 0.189602 -0.0658812 0.00747172 -0.189492 0.981854 0.661607 0 0 0 1 
3394309160044;0.531805;0.0465662;0.896127 0.414809 -0.157764 -0.549312 -0.3981 0.908461 0.127337 0.610331 0.196143 -0.0513039 0.979232 0.422939 0 0 0 1 
3394309160045;0.395186;0.364203;0.989467 0.0899649 0.113404 -0.258558 -0.0795824 0.992482 -0.0929813 -0.0335685 -0.120916 0.082977 0.989189 0.0985798 0 0 0 1 
3394309160046;0.217132;0.0137366;0.990163 -0.139908 0.00169827 0.182026 0.139883 0.990114 0.0103276 -0.600929 -0.00312639 -0.00998841 0.999945 0.138546 0 0 0 1 
3394309160047;0.371665;0.00754298;0.976054 -0.152546 0.155073 -0.0636851 0.167873 0.981598 -0.0910217 0.0972836 -0.138334 0.114875 0.983701 -0.603318 0 0 0 1 
3394309160048;0.441321;0.123481;0.920858 0.293372 0.256813 -0.61817 -0.242061 0.946524 -0.213304 0.509742 -0.305657 0.134259 0.942628 0.753509 0 0 0 1 
3394309160049;0.529697;0.332264;0.968643 -0.241816 -0.0570656 0.0621453 0.246134 0.965271 0.0875767 -0.722454 0.0339064 -0.0988763 0.994522 -0.0755503 0 0 0 1 
3394309160050;0.242722;0.00367708;0.984503 -0.121399 0.126559 -0.00612932 0.122312 0.992492 0.000560525 -0.190086 -0.125676 0.0149278 0.991959 0.656803 0 0 0 1 
3394309160051;0.288745;0.0163065;0.976792 -0.0176821 0.21346 -0.22643 -0.00473232 0.994562 0.10404 -0.0785264 -0.214139 -0.102636 0.971396 0.869563 0 0 0 1 
3394309160052;0.346607;0.016177;0.995733 0.0907489 0.0167416 0.0607133 -0.0909196 0.995811 0.00973172 0.013951 -0.0157884 -0.0112123 0.999812 -0.800793 0 0 0 1 
3394309160053;0.177457;0.0111686;0.992942 -0.00468654 0.118509 -0.325111 0.00481064 0.999988 -0.000761066 -0.201426 -0.118504 0.0013258 0.992953 0.390501 0 0 0 1 
3394309160054;0.393365;0.0070639;0.99771 -0.0360532 -0.0572304 0.642725 0.0455806 0.983505 0.175043 -0.683065 0.0499755 -0.177251 0.982896 0.41948 0 0 0 1 
3394309160055;0.395101;0.0124647;0.998388 -0.0551055 0.0135776 0.724019 0.0560112 0.995285 -0.079191 0.189238 -0.00914968 0.0798239 0.996767 -0.553011 0 0 0 1 
3394309160056;0.394726;0.00900007;0.985024 0.171788 0.0147195 -0.581642 -0.172018 0.973344 0.151693 0.434232 0.0117319 -0.151953 0.988318 -0.487927 0 0 0 1 
3394309160057;0.649395;0.335796;0.9258 0.365568 0.096199 -0.996503 -0.368585 0.929472 0.0150834 0.752361 -0.0839002 -0.0494217 0.995248 0.253326 0 0 0 1 
3394309160058;0.444142;0.0187373;0.973868 0.226918 0.00943109 -0.363398 -0.226141 0.972697 -0.0521538 0.656924 -0.0210082 0.0486581 0.998595 0.855957 0 0 0 1 
3394309160059;0.406193;0.368442;0.985506 0.00261034 0.169622 0.455139 0.00397979 0.999251 -0.0385003 -0.531979 -0.169595 0.0386173 0.984757 0.604327 0 0 0 1 
3394309160060;0.43448;0.288641;0.995199 0.0977243 0.00541081 0.137818 -0.0956805 0.983046 -0.156415 0.215374 -0.0206047 0.155147 0.987677 -0.485503 0 0 0 1 
3394309160062;0.235158;0.0124526;0.951589 -0.263548 0.15818 0.436537 0.278546 0.956981 -0.0812417 -6.11821 -0.129964 0.121369 0.984063 2.89538 0 0 0 1 
3394309160063;0.42419;0.0146457;0.976462 0.215421 -0.0107591 0.783372 -0.215176 0.976364 0.0203089 4.43595 0.0148797 -0.0175158 0.999736 0.632309 0 0 0 1 
3394309160064;0.439802;0.883915;0.898472 0.396767 0.187947 -0.396095 -0.401586 0.915723 -0.013384 8.8753 -0.177418 -0.0634518 0.982088 3.64388 0 0 0 1 
3394309160065;0.350677;0.0280272;0.987504 0.0854837 0.132394 0.247495 -0.087753 0.996077 0.0113911 1.33544 -0.130901 -0.0228667 0.991132 2.1709 0 0 0 1 
3394309160066;0.242534;0.0126796;0.999278 0.013778 -0.0354102 -0.164639 -0.0210323 0.976718 -0.213496 0.246065 0.0316443 0.214086 0.976302 -0.16844 0 0 0 1 
3394309160067;0.392633;0.24286;0.994068 0.108656 0.00479653 -0.265179 -0.107856 0.990511 -0.0851792 2.54069 -0.0140062 0.0841565 0.996354 0.132227 0 0 0 1 
3394309160068;0.328762;0.0233843;0.989009 0.146746 0.0180532 0.211262 -0.147849 0.982434 0.113863 3.7043 -0.00102711 -0.115281 0.993332 -0.460643 0 0 0 1 
3394309160069;0.0998438;0.0240864;0.999807 0.0174963 -0.00895202 0.214076 -0.0175071 0.999846 -0.0011315 0.409743 0.00893085 0.00128801 0.999959 -0.277487 0 0 0 1 
3394309160070;0.429464;0.10542;0.923141 0.289772 0.252671 1.10927 -0.34383 0.916306 0.205341 7.42797 -0.172022 -0.276435 0.945512 3.86914 0 0 0 1 
3394309160071;0.0989399;0.0263092;0.998431 0.0547896 -0.0115508 0.0376418 -0.0547183 0.998481 0.00639947 1.16767 0.0118839 -0.00575739 0.999913 -0.458127 0 0 0 1 
3394309160072;0.334886;0.00840022;0.937964 -0.345993 -0.0226258 1.09281 0.343001 0.916346 0.206542 -7.92841 -0.0507292 -0.20149 0.978176 0.683065 0 0 0 1 
3394309160073;0.372916;0.0108963;0.989582 -0.143963 0.00145403 0.837607 0.143958 0.989579 0.00309171 -3.24093 -0.00188397 -0.00285018 0.999994 0.402807 0 0 0 1 
3394309160074;0.236373;0.00543589;0.983294 -0.17735 -0.0409868 0.314106 0.179845 0.98131 0.0684558 -4.06076 0.0280802 -0.0746835 0.996812 -1.1084 0 0 0 1 
3394309160075;0.259352;0.016787;0.979187 0.0768926 -0.187829 0.725402 -0.123979 0.959332 -0.253598 2.95877 0.16069 0.271606 0.948899 -3.24575 0 0 0 1 
3394309160076;0.21267;0.0284908;0.974246 0.174275 0.143081 0.421702 -0.16063 0.981728 -0.102024 3.78574 -0.158246 0.0764131 0.984438 3.66037 0 0 0 1 
3394309160077;0.259302;0.0236853;0.989238 0.139028 -0.0456031 0.232877 -0.144497 0.97727 -0.155126 3.24358 0.0229996 0.160046 0.986842 0.248204 0 0 0 1 
3394309160078;0.466153;0.190888;0.955488 -0.236362 0.176569 0.571831 0.258651 0.958989 -0.115929 -5.53917 -0.141926 0.156438 0.977437 3.99035 0 0 0 1 
3394309160079;0.423773;0.0134544;0.967398 -0.160638 0.195796 -0.343032 0.18472 0.976437 -0.111572 -3.8623 -0.173259 0.144102 0.974277 3.26259 0 0 0 1 
3394309160080;0.255153;0.0259821;0.992764 0.00957896 0.119699 0.0728129 0.00822554 0.989047 -0.14737 0.00662328 -0.1198 0.147288 0.981812 2.30992 0 0 0 1 
3394309160081;0.296072;0.0151175;0.997323 -0.0662787 0.0309008 0.309216 0.0663806 0.997792 -0.00228086 -0.823857 -0.0306814 0.00432597 0.99952 0.57435 0 0 0 1 
3394309160082;0.355531;0.228576;0.977906 -0.184835 -0.0976501 0.715169 0.180394 0.982188 -0.0525783 -4.25007 0.105629 0.0338012 0.993831 -2.23992 0 0 0 1 
3394309160083;0.180325;0.0126968;0.997371 -0.0715219 -0.011608 -0.0615477 0.0724191 0.978726 0.191968 -1.963 -0.00236883 -0.192304 0.981333 -0.0413048 0 0 0 1 
3394309160084;0.188147;0.00679187;0.997757 -0.0273277 -0.0611088 -0.115062 0.0261907 0.99947 -0.0193304 -0.362453 0.0616047 0.0176866 0.997944 -1.6801 0 0 0 1 
3394309160085;0.149775;0.0223063;0.997213 0.0142955 0.0732265 -0.139075 -0.0260701 0.98637 0.162466 0.252136 -0.0699059 -0.163922 0.983993 1.33488 0 0 0 1 
3394309160086;0.360181;0.0108349;0.976243 0.0344055 -0.213931 1.29799 -0.051821 0.995734 -0.0763383 1.28137 0.210392 0.0856109 0.973861 -3.706 0 0 0 1 
3394309160087;0.069233;0.010148;0.996568 -0.080462 -0.019444 0.0215149 0.0807412 0.996636 0.0140308 -1.78792 0.0182497 -0.0155525 0.999712 -0.398976 0 0 0 1 
3394309160088;0.334175;0.00455653;0.957695 -0.244683 0.151496 -0.259922 0.2219 0.963045 0.15266 -5.03071 -0.183251 -0.112585 0.976598 3.5821 0 0 0 1 
3394309160089;0.384231;0.00806021;0.967781 -0.217033 0.127655 0.0843633 0.205175 0.973621 0.0998248 -4.92488 -0.145953 -0.070417 0.986782 2.32191 0 0 0 1 
3394309160090;0.357505;0.00625623;0.947964 -0.296636 0.115634 0.719597 0.312705 0.935747 -0.163072 -6.26201 -0.0598313 0.190746 0.979814 1.86054 0 0 0 1 
3394309160091;0.460987;0.0277395;0.971439 0.230898 0.0547028 0.355527 -0.233075 0.97174 0.0373721 4.10242 -0.0445277 -0.0490545 0.997803 0.494731 0 0 0 1 
3394309160093;0.186714;0.0298443;0.981717 -0.0753138 -0.17481 0.486631 0.0802785 0.996541 0.0214954 -1.41066 0.172587 -0.0351359 0.984367 -3.41697 0 0 0 1 
3394309160094;0.310812;0.0451236;0.986073 -0.128448 0.105644 0.337936 0.128956 0.991648 0.00204296 -1.71119 -0.105024 0.0116088 0.994402 1.97761 0 0 0 1 
3394309160095;0.222858;0.0345426;0.998731 -0.034436 -0.0367426 0.229119 0.0338313 0.999284 -0.016956 -0.703801 0.0373002 0.0156914 0.999181 -0.142388 0 0 0 1 
3394309160096;0.38163;0.0338408;0.995988 -0.0741302 -0.05012 0.254721 0.0791468 0.991115 0.106899 -1.72369 0.0417502 -0.110437 0.993006 0.0131426 0 0 0 1 
3394309160097;0.257713;0.0331481;0.999829 0.00885011 -0.0162625 -0.0929426 -0.00867356 0.999903 0.0108949 0.164385 0.0163573 -0.010752 0.999808 0.391304 0 0 0 1 
3394309160098;0.436886;0.249564;0.988692 0.148177 0.0230755 -0.180128 -0.145658 0.985478 -0.0872775 2.84827 -0.0356729 0.0829294 0.995917 0.686542 0 0 0 1 
3394309160099;0.352112;0.0559077;0.990925 0.0995247 0.0903419 0.569889 -0.0815817 0.979494 -0.184216 2.01614 -0.106823 0.175174 0.978725 1.73933 0 0 0 1 
3394309160100;0.383134;0.0351787;0.996508 -0.0166364 -0.081822 0.303182 0.0220195 0.99762 0.0653346 -0.353793 0.0805404 -0.0669082 0.994503 -0.546807 0 0 0 1 
3394309160101;0.349174;0.0424545;0.999842 0.00837728 0.0156668 0.0040809 -0.00474427 0.975723 -0.218959 0.77815 -0.0171207 0.21885 0.975608 1.32853 0 0 0 1 
3394309160102;0.328612;0.037919;0.989635 0.0979198 -0.105047 0.286636 -0.0850641 0.989054 0.12057 1.48346 0.115704 -0.110385 0.987131 -1.40583 0 0 0 1 
3394309160103;0.353684;0.0344522;0.997705 -0.00412285 0.0675784 -0.865192 0.000629676 0.998666 0.0516307 -0.173486 -0.0677011 -0.0514697 0.996377 1.69621 0 0 0 1 
3394309160104;0.220681;0.0342865;0.980235 -0.139787 0.139994 -0.353931 0.134694 0.989853 0.0452674 -2.09279 -0.144902 -0.0255163 0.989117 2.53184 0 0 0 1 
3394309160105;0.408456;0.509875;0.929748 0.358494 0.0839724 0.114482 -0.364842 0.927714 0.0789717 6.7732 -0.0495915 -0.10406 0.993334 1.41297 0 0 0 1 
3394309160106;0.441483;0.0387501;0.895802 -0.419855 0.14581 1.44242 0.371623 0.887509 0.27244 -7.23423 -0.243793 -0.189866 0.95106 4.64954 0 0 0 1 
3394309160107;0.532391;0.033178;0.916059 -0.370886 -0.152578 2.05983 0.355392 0.927024 -0.119683 -6.29002 0.185832 0.0554115 0.981018 -3.80363 0 0 0 1 
3394309160108;0.223867;0.0382361;0.999949 0.00998154 0.0013499 -0.17407 -0.00999376 0.999906 0.00936776 0.107852 -0.00125627 -0.00938077 0.999955 0.610359 0 0 0 1 
3394309160109;0.0784344;0.0325813;0.994827 -0.101474 -0.00460818 -0.0871208 0.101547 0.994631 0.0199409 -1.86158 0.00255995 -0.0203057 0.999791 -0.0699993 0 0 0 1 
3394309160110;0.305364;0.0384876;0.98552 -0.160202 0.0555437 -0.339774 0.167804 0.968505 -0.183954 -2.88049 -0.0243246 0.19061 0.981364 1.36201 0 0 0 1 
3394309160111;0.289575;0.86825;0.947909 0.247632 0.200368 -0.834001 -0.231137 0.967529 -0.102287 4.338 -0.219191 0.0506465 0.974367 4.3117 0 0 0 1 
3394309160112;0.386373;0.0294953;0.96853 -0.244706 0.045477 0.131285 0.244346 0.969596 0.0133977 -4.5564 -0.0473727 -0.00186396 0.998876 1.71222 0 0 0 1 
3394309160113;0.347639;0.0397731;0.999254 0.0386157 0.000338391 -0.180071 -0.0386157 0.999254 -9.02734e-05 0.997371 -0.000341625 7.71389e-05 1 0.883067 0 0 0 1 
3394309160114;0.578959;0.62224;0.889229 0.375994 0.260576 -0.583527 -0.372758 0.925738 -0.0637229 6.4577 -0.265184 -0.0404677 0.963348 4.71088 0 0 0 1 
3394309160115;0.373208;0.0530855;0.996271 -0.0072936 0.0859646 -0.407944 0.0150529 0.995831 -0.0899623 -0.117427 -0.0849501 0.0909209 0.992228 0.763179 0 0 0 1 
3394309160116;0.177223;0.0391641;0.99968 -0.0249793 -0.0040021 0.222895 0.0249409 0.999645 -0.00935929 -0.101276 0.00423446 0.00925648 0.999948 -0.142511 0 0 0 1 
3394309160117;0.448363;0.0355541;0.978924 -0.1992 -0.0450138 0.240808 0.178985 0.94299 -0.280596 -2.53672 0.0983423 0.266625 0.95877 -2.17305 0 0 0 1 
3394309160118;0.307421;0.099735;0.961529 0.185813 0.202326 0.292994 -0.136889 0.962662 -0.233543 2.97772 -0.238167 0.196862 0.951063 4.44171 0 0 0 1 
3394309160119;0.336676;0.028619;0.933334 -0.352575 -0.0676635 0.964125 0.353491 0.935436 0.00169258 -6.29703 0.0626981 -0.0254982 0.997707 -0.729581 0 0 0 1 
3394309160120;0.390228;0.0307429;0.880621 -0.441687 0.171519 1.39364 0.45688 0.887479 -0.060343 -8.07075 -0.125567 0.131503 0.983331 2.80116 0 0 0 1 
3394309160121;0.364275;0.0496604;0.93414 -0.10474 0.341191 0.245136 0.176459 0.966492 -0.186426 -2.50044 -0.310232 0.234355 0.921322 5.99751 0 0 0 1 
3394309160122;0.150012;0.050467;0.981641 0.186664 -0.0392166 0.648395 -0.187666 0.981949 -0.0236277 3.32692 0.0340982 0.0305536 0.998951 -0.543736 0 0 0 1 
3394309160124;0.265891;0.0182262;0.971103 -0.22697 0.0737846 -0.0852367 0.229057 0.973185 -0.0210616 -5.69792 -0.0670257 0.0373539 0.997052 1.4374 0 0 0 1 
3394309160125;0.0924407;0.0368821;0.991057 0.027011 0.130676 0.0268449 -0.0352963 0.997482 0.0615087 0.764044 -0.128685 -0.065571 0.989515 2.87427 0 0 0 1 
3394309160126;0.454214;0.0374779;0.918347 0.299614 -0.258591 3.1727 -0.301771 0.952833 0.0322975 7.56038 0.256071 0.0483751 0.965447 -5.76786 0 0 0 1 
3394309160127;0.391085;0.0521326;0.91704 0.394899 -0.0556126 2.13685 -0.380903 0.908639 0.171138 8.90081 0.118114 -0.135757 0.983676 -3.10711 0 0 0 1 
3394309160128;0.398984;0.0677707;0.941436 0.335533 0.0334067 1.17321 -0.326819 0.932371 -0.154514 8.12262 -0.0829918 0.134547 0.987426 2.03722 0 0 0 1 
3394309160129;0.0588853;0.0217763;0.999999 -0.00126528 0.00100178 -0.113611 0.00126153 0.999992 0.00373538 -0.116804 -0.0010065 -0.00373411 0.999993 0.151633 0 0 0 1 
3394309160130;0.354684;0.412481;0.984863 -0.11688 0.127998 0.248521 0.116532 0.993134 0.0102359 -3.54219 -0.128315 0.00483482 0.991722 3.04856 0 0 0 1 
3394309160131;0.385569;0.158925;0.909113 0.411591 0.0640881 2.16873 -0.412162 0.911099 -0.00464358 9.84656 -0.0603018 -0.0221932 0.997933 1.4773 0 0 0 1 
3394309160132;0.356548;0.0136982;0.907185 -0.417135 0.0548966 1.73294 0.420709 0.898051 -0.128486 -9.83557 0.00429621 0.139656 0.990191 0.0716505 0 0 0 1 
3394309160133;0.361702;0.0182368;0.949401 -0.182129 -0.255863 1.53715 0.250311 0.93085 0.266199 -6.11683 0.189688 -0.316775 0.92934 -4.76289 0 0 0 1 
3394309160134;0.414145;0.0172855;0.977541 -0.208998 0.0270932 1.03182 0.210429 0.975025 -0.0710407 -4.60738 -0.0115691 0.0751464 0.997105 0.363231 0 0 0 1 
3394309160135;0.292331;0.0188999;0.99926 0.00992509 -0.0371598 0.0796362 -0.00644327 0.995676 0.0926718 -0.312771 0.0379189 -0.0923638 0.995003 -1.60578 0 0 0 1 
3394309160136;0.443471;0.0360985;0.969503 0.244793 -0.0118413 0.934531 -0.244629 0.969519 0.0137947 5.97913 0.0148572 -0.0104773 0.999835 -1.2049 0 0 0 1 
3394309160137;0.250953;0.0219931;0.982069 -0.179869 -0.0564626 0.336786 0.184963 0.977223 0.104038 -4.47649 0.0364633 -0.112616 0.992969 -1.38923 0 0 0 1 
3394309160138;0.370395;0.016917;0.927386 -0.267788 -0.261238 1.81377 0.245751 0.962571 -0.114299 -5.31567 0.282068 0.0417997 0.958483 -6.05315 0 0 0 1 
3394309160139;0.0858104;0.0411737;0.997563 0.0694836 -0.00636657 0.0683633 -0.0687764 0.994568 0.0781253 1.44585 0.0117604 -0.077497 0.996923 -0.418379 0 0 0 1 
3394309160140;0.322515;0.0209706;0.904384 -0.0495969 -0.423826 2.92513 0.0527933 0.998597 -0.00420423 -1.27828 0.42344 -0.018573 0.905734 -9.99193 0 0 0 1 
3394309160141;0.361297;0.0574914;0.941621 0.336583 0.00790741 1.19177 -0.336675 0.9414 0.0204141 8.032 -0.000572998 -0.0218846 0.99976 -0.0861037 0 0 0 1 
3394309160142;0.193657;0.0398528;0.966321 0.020369 0.256533 0.233584 -0.0306694 0.998873 0.0362153 0.675629 -0.255507 -0.0428633 0.965857 6.069 0 0 0 1 
3394309160143;0.448915;0.0358671;0.972433 0.232941 -0.0106447 0.0499149 -0.232539 0.972124 0.0300105 5.08104 0.0173386 -0.0267078 0.999493 -0.774637 0 0 0 1 
3394309160144;0.382267;0.020051;0.928276 -0.335703 -0.160023 0.962029 0.321619 0.940714 -0.107793 -7.97149 0.186722 0.0485955 0.98121 -4.52587 0 0 0 1 
3394309160145;0.390824;0.0239133;0.90934 0.127152 -0.396149 2.85459 -0.216349 0.95781 -0.189189 5.3428 0.35538 0.257743 0.898484 -8.24495 0 0 0 1 
3394309160146;0.519843;0.0327905;0.987112 0.0509424 0.151708 0.140172 -0.0855014 0.96922 0.230872 1.75618 -0.135277 -0.240868 0.961084 4.03748 0 0 0 1 
3394309160147;0.314525;0.0130389;0.954531 -0.189122 -0.230441 0.694724 0.230075 0.958902 0.166049 -5.4424 0.189567 -0.211518 0.958814 -4.34063 0 0 0 1 
3394309160148;0.159477;0.0387653;0.996137 0.00588565 0.0876134 0.141836 -0.0148811 0.994634 0.102376 0.0224459 -0.0865408 -0.103284 0.99088 1.87115 0 0 0 1 
3394309160149;0.32406;0.393557;0.997714 -0.0675184 0.00268369 0.32337 0.0675716 0.996995 -0.0378838 -0.800022 -0.000117775 0.0379786 0.999279 0.0774131 0 0 0 1 
3394309160150;0.0510986;0.0349214;0.998453 0.0525111 0.0182908 -0.0300842 -0.0526126 0.998602 0.00511135 1.22796 -0.0179968 -0.00606577 0.99982 0.455835 0 0 0 1 
3394309160151;0.610087;0.012989;0.928055 -0.3404 -0.151134 2.56619 0.326944 0.938948 -0.10716 -7.29764 0.178385 0.0500379 0.982688 -3.87605 0 0 0 1 
3394309160152;0.362678;0.0422512;0.923174 0.288053 -0.254509 2.63032 -0.313931 0.947093 -0.0667962 7.49663 0.221803 0.141563 0.964761 -5.30183 0 0 0 1 
3394309160153;0.287468;0.0375144;0.956071 0.28587 -0.0648594 1.26823 -0.265173 0.937745 0.224315 5.7974 0.124946 -0.197262 0.972356 -2.94632 0 0 0 1 
3394309160155;0.447786;0.381008;0.968985 -0.228751 -0.0934892 0.468816 0.23453 0.970481 0.0562402 -2.04199 0.0778644 -0.076422 0.994031 -0.672604 0 0 0 1 
3394309160156;0.233355;0.0324495;0.928728 0.0699368 -0.364105 1.15514 -0.0598035 0.997446 0.0390463 0.516659 0.365906 -0.0144887 0.930539 -3.19489 0 0 0 1 
3394309160157;0.264959;0.064712;0.974723 0.0364962 0.220414 -0.15309 -0.0860407 0.971792 0.219583 0.348916 -0.206183 -0.232997 0.950369 1.50783 0 0 0 1 
3394309160158;0.276214;0.0243271;0.986109 -0.162098 0.0362292 0.090537 0.16233 0.98673 -0.003548 -1.65977 -0.0351733 0.00937981 0.999337 -0.204985 0 0 0 1 
3394309160159;0.327677;0.0516216;0.999409 0.0271281 0.0211307 -0.294024 -0.0285238 0.997221 0.0688165 0.17194 -0.0192052 -0.0693786 0.997406 1.02218 0 0 0 1 
3394309160160;0.133668;0.0623815;0.985154 0.000704329 0.171673 -0.312669 0.0100387 0.998044 -0.0617024 0.0194941 -0.171381 0.0625097 0.98322 1.62699 0 0 0 1 
3394309160161;0.30505;0.249789;0.987468 0.150993 -0.0459136 -0.502717 -0.150266 0.988465 0.018898 0.970388 0.0482375 -0.0117619 0.998767 -0.0997119 0 0 0 1 
3394309160162;0.0502853;0.0439414;0.999954 -0.00954027 -0.000876447 -0.00418242 0.0095377 0.99995 -0.00288912 -0.145994 0.000903966 0.00288063 0.999995 0.0873469 0 0 0 1 
3394309160163;0.250016;0.0406302;0.99467 -0.0744602 -0.0713302 0.0362993 0.0902866 0.963064 0.253686 -1.2776 0.049806 -0.258774 0.964653 -0.259649 0 0 0 1 
3394309160164;0.523579;0.285075;0.985938 0.160172 -0.0476596 -0.881222 -0.160622 0.986999 -0.00572707 0.522143 0.0461227 0.0133017 0.998847 0.0548462 0 0 0 1 
3394309160165;0.368871;0.0788778;0.962071 0.270978 0.0314661 0.144405 -0.253821 0.931439 -0.260762 2.47287 -0.0999696 0.242885 0.96489 1.74841 0 0 0 1 
3394309160166;0.306131;0.032165;0.999497 -0.0133378 -0.0287804 0.0719183 0.0133264 0.999911 -0.000587836 -0.131547 0.0287857 0.000204002 0.999586 -1.00527 0 0 0 1 
3394309160167;0.598213;0.0296487;0.896161 -0.141975 -0.420403 2.00434 0.217671 0.966262 0.137685 -2.83366 0.386672 -0.214898 0.89683 -2.89278 0 0 0 1 
3394309160168;0.1742;0.0435673;0.999385 0.034697 -0.00499809 -0.11018 -0.0346938 0.999398 0.000716177 0.305675 0.00501993 -0.000542334 0.999987 0.442624 0 0 0 1 
3394309160169;0.457369;0.0304942;0.942946 -0.329733 0.0461372 0.153433 0.328312 0.943891 0.0357982 -3.9126 -0.0553523 -0.0186085 0.998293 1.04566 0 0 0 1 
3394309160170;0.210774;0.0558285;0.985459 -0.102307 0.135658 -0.324991 0.123926 0.978992 -0.161919 -0.944984 -0.116242 0.176376 0.977435 0.978106 0 0 0 1 
3394309160171;0.312176;0.0471269;0.979885 -0.196917 0.0323867 0.370499 0.180212 0.942855 0.280265 -1.99156 -0.0857249 -0.268791 0.959376 0.695774 0 0 0 1 
3394309160172;0.347442;0.0404127;0.991337 -0.0562371 -0.118692 0.0902424 0.0405855 0.990632 -0.130391 -0.362099 0.124913 0.124444 0.984332 -0.144873 0 0 0 1 
3394309160173;0.513361;0.381618;0.968229 -0.230354 0.0973178 0.582986 0.234385 0.971614 -0.0320963 -2.23455 -0.0871618 0.0538864 0.994736 0.713916 0 0 0 1 
3394309160174;0.158617;0.0452459;0.997553 0.0493853 -0.049488 -0.278321 -0.0550248 0.991252 -0.119966 0.630092 0.0431305 0.122396 0.991544 -0.109135 0 0 0 1 
3394309160175;0.423765;0.0486808;0.985465 -0.037336 -0.165725 1.02151 0.0015816 0.977523 -0.210821 0.485075 0.169871 0.207494 0.963374 -1.57025 0 0 0 1 
3394309160176;0.19621;0.0534832;0.995751 -0.0389312 0.0834545 -0.0225745 0.0355082 0.998482 0.0421162 -0.0790041 -0.0849674 -0.0389739 0.995621 0.443316 0 0 0 1 
3394309160177;0.557777;0.0400533;0.956329 0.17794 -0.23189 0.510457 -0.0773281 0.9191 0.386362 0.2938 0.281879 -0.351558 0.892721 -1.48234 0 0 0 1 
3394309160178;0.217629;0.0600105;0.999977 -0.00675014 0.000238883 0.250692 0.00675071 0.999974 -0.00250472 -0.332112 -0.000221969 0.00250627 0.999997 0.364778 0 0 0 1 
3394309160179;0.268847;0.700824;0.960153 -0.279342 -0.00865558 1.62015 0.279474 0.959804 0.0258835 -2.99173 0.00107732 -0.0272711 0.999627 -0.0481312 0 0 0 1 
3394309160180;0.363436;0.0548064;0.997306 -0.00601632 0.0731054 -0.153496 0.0103772 0.998179 -0.0594198 0.338346 -0.0726148 0.0600183 0.995553 1.62708 0 0 0 1 
3394309160181;0.481709;0.270692;0.983368 -0.181583 0.00393289 0.203959 0.181622 0.982998 -0.0269791 -2.18015 0.00103292 0.0272447 0.999628 0.685548 0 0 0 1 
3394309160182;0.293983;0.0300722;0.998289 -0.0454403 -0.0368013 -0.014165 0.0451856 0.998949 -0.00772407 -0.928626 0.0371136 0.00604796 0.999293 0.267194 0 0 0 1 
3394309160183;0.436918;0.0482838;0.9722 -0.23386 0.0116443 0.393533 0.221681 0.935303 0.275801 -2.99219 -0.0753899 -0.265553 0.961144 0.308036 0 0 0 1 
3394309160184;0.141133;0.0353255;0.999832 -0.010135 -0.0152861 -0.386332 0.00978184 0.999688 -0.0230035 -0.165053 0.0155145 0.0228502 0.999619 0.0766787 0 0 0 1 
3394309160186;0.458534;0.047562;0.922645 0.383279 -0.0427016 1.83496 -0.384859 0.92218 -0.0383183 7.68641 0.0246919 0.0517883 0.998353 -1.12991 0 0 0 1 
3394309160187;0.388653;0.144455;0.917629 -0.397339 0.00893371 1.55026 0.39672 0.914387 -0.080678 -7.90831 0.0238876 0.0775766 0.9967 -0.163305 0 0 0 1 
3394309160188;0.269366;0.0169878;0.98642 -0.164242 -0.000863416 0.203863 0.162229 0.973479 0.161307 -3.4123 -0.0256529 -0.159256 0.986904 0.801353 0 0 0 1 
3394309160189;0.483079;0.00800935;0.968206 -0.201138 -0.148732 0.996169 0.148704 0.940875 -0.30437 -2.01647 0.201158 0.272575 0.940871 -4.03547 0 0 0 1 
3394309160190;0.0786131;0.00784032;0.997999 0.0607834 -0.017391 0.137288 -0.060864 0.998137 -0.00414094 1.14824 0.0171069 0.00519114 0.99984 -0.456627 0 0 0 1 
3394309160191;0.461554;0.0228848;0.949773 -0.312508 -0.0164526 0.847041 0.312803 0.9496 0.0203251 -6.88204 0.00927159 -0.0244507 0.999658 0.442818 0 0 0 1 
3394309160192;0.432023;0.0107488;0.987576 -0.0283667 -0.15456 1.12676 -0.0131203 0.965253 -0.260988 1.06635 0.156593 0.259774 0.952888 -2.44072 0 0 0 1 
3394309160193;0.353577;0.0263347;0.953668 0.300841 -0.003532 1.38662 -0.300832 0.953345 -0.025148 5.91353 -0.00419831 0.0250453 0.999678 -0.486088 0 0 0 1 
3394309160194;0.352735;0.320517;0.958083 -0.21226 0.192412 0.306851 0.208836 0.977206 0.0381483 -3.93283 -0.196124 0.00363332 0.980572 4.05828 0 0 0 1 
3394309160195;0.362433;0.302066;0.998389 0.0546004 0.0154351 0.0304342 -0.054477 0.99848 -0.00830644 1.10934 -0.0158652 0.0074522 0.999846 0.158251 0 0 0 1 
3394309160196;0.182053;0.00875652;0.992898 -0.108114 0.0496577 -0.0298087 0.0993639 0.983115 0.153659 -2.32354 -0.065432 -0.147634 0.986875 0.896577 0 0 0 1 
3394309160197;0.398636;0.0346478;0.922668 0.372536 -0.0994963 2.27318 -0.385091 0.903433 -0.188449 7.75146 0.0196842 0.212191 0.97703 0.440828 0 0 0 1 
3394309160198;0.114611;0.0167186;0.991417 -0.130519 -0.00757717 0.0728059 0.130511 0.991446 -0.00152851 -2.66467 0.00771185 0.00052649 0.99997 -0.0812876 0 0 0 1 
3394309160199;0.260161;0.0264864;0.950522 0.310483 0.0104094 1.19068 -0.309866 0.949957 -0.039549 6.17088 -0.0221678 0.0343667 0.999163 0.506737 0 0 0 1 
3394309160200;0.239388;0.0147462;0.999047 -0.0328825 -0.0286976 0.0213613 0.0332656 0.999362 0.0129776 -0.73277 0.0282526 -0.0139199 0.999504 0.0669595 0 0 0 1 
3394309160201;0.340496;0.00614509;0.968785 -0.0756971 0.236064 0.602658 0.120696 0.975783 -0.182429 -1.71816 -0.216538 0.205227 0.95446 4.22265 0 0 0 1 
3394309160202;0.373558;0.00955058;0.986142 -0.0819567 0.144247 -0.663543 0.082537 0.996586 0.00196709 -1.39408 -0.143915 0.00996585 0.98954 2.17649 0 0 0 1 
3394309160203;0.451354;0.104678;0.944701 0.322366 0.0601643 1.04574 -0.287732 0.90284 -0.319514 6.35594 -0.157319 0.284535 0.945669 3.30104 0 0 0 1 
3394309160204;0.469117;0.341002;0.996777 0.076539 -0.0240274 0.130513 -0.0763548 0.997045 0.00849402 1.64693 0.0246065 -0.00663204 0.999675 -0.983052 0 0 0 1 
3394309160205;0.327235;0.0159843;0.978447 -0.198861 -0.0556469 0.737868 0.201446 0.978444 0.0454707 -4.40675 0.045405 -0.0557005 0.997415 -1.28128 0 0 0 1 
3394309160206;0.165571;0.0149994;0.99834 -0.0114479 -0.056451 -0.0844634 0.00459067 0.992747 -0.120137 0.165271 0.0574168 0.119678 0.991151 -0.666063 0 0 0 1 
3394309160207;0.420271;0.00594184;0.971244 0.106464 0.212955 0.467571 -0.116718 0.992507 0.0361392 2.14756 -0.207512 -0.0599557 0.976393 4.9909 0 0 0 1 
3394309160208;0.487381;0.0106979;0.924862 0.307947 -0.223158 1.3455 -0.250854 0.935017 0.25063 4.1702 0.285837 -0.175817 0.942011 -5.29927 0 0 0 1 
3394309160209;0.287731;0.00930114;0.99581 0.0707611 0.0579335 -0.110835 -0.0782221 0.987238 0.138715 1.49254 -0.0473785 -0.142666 0.988636 0.120689 0 0 0 1 
3394309160210;0.372686;0.0165862;0.950763 -0.307571 0.0380707 0.676018 0.309905 0.944648 -0.107696 -5.75071 -0.00283936 0.114192 0.993455 0.826598 0 0 0 1 
3394309160211;0.423056;0.131482;0.92275 -0.315422 -0.221451 1.99418 0.342539 0.93457 0.0961566 -6.89227 0.176632 -0.164584 0.970419 -3.06587 0 0 0 1 
3394309160212;0.468609;0.0136455;0.960241 -0.278373 0.0211115 1.15107 0.278732 0.960228 -0.0164833 -5.93086 -0.0156834 0.0217124 0.999641 0.935778 0 0 0 1 
3394309160213;0.266849;0.0100176;0.978395 -0.148696 0.143639 -0.299814 0.174273 0.966961 -0.186052 -3.05315 -0.111228 0.207065 0.971984 2.5193 0 0 0 1 
3394309160214;0.475344;0.408184;0.993697 -0.0960406 0.0578179 0.318177 0.0988735 0.993927 -0.0483062 -1.92994 -0.0528274 0.0537184 0.997158 1.84909 0 0 0 1 
3394309160215;0.281079;0.0447813;0.876463 0.0831138 -0.474242 3.05017 -0.056485 0.995936 0.0701519 1.14943 0.478145 -0.034698 0.877595 -9.33641 0 0 0 1 
3394309160217;0.276984;0.0170118;0.999998 -0.000656084 0.00194836 -0.600422 0.000654197 0.999999 0.000968785 0.350835 -0.00194899 -0.000967509 0.999998 0.377137 0 0 0 1 
3394309160218;0.423487;0.50045;0.971759 0.234654 -0.0249387 -0.618309 -0.230593 0.966717 0.110836 2.64093 0.0501169 -0.101956 0.993526 -0.064563 0 0 0 1 
3394309160219;0.217232;0.0457315;0.985673 0.161647 -0.0481646 0.395112 -0.167908 0.967484 -0.189161 2.51849 0.0160212 0.194538 0.980764 0.082442 0 0 0 1 
3394309160220;0.375115;0.0210109;0.921063 0.183247 -0.343604 1.574 -0.104562 0.966338 0.23507 0.582908 0.375113 -0.180586 0.909219 -5.24112 0 0 0 1 
3394309160221;0.326953;0.0400489;0.981011 0.182566 -0.0654836 -0.132805 -0.179301 0.98238 0.0527283 1.9591 0.0739561 -0.0399857 0.99646 -0.418211 0 0 0 1 
3394309160222;0.142051;0.0242616;0.999238 -0.0351015 0.0170623 -0.30574 0.0355788 0.99896 -0.0285232 -0.727755 -0.0160434 0.0291085 0.999447 0.341416 0 0 0 1 
3394309160223;0.261461;0.0495858;0.959088 0.273936 -0.0714827 0.259929 -0.270323 0.961123 0.0562823 3.42242 0.0841214 -0.0346563 0.995853 -1.17455 0 0 0 1 
3394309160224;0.0854273;0.041882;0.993739 0.111054 -0.0121976 0.0683646 -0.110926 0.993771 0.0107377 1.34528 0.0133141 -0.00931744 0.999868 -0.15588 0 0 0 1 
3394309160225;0.231107;0.0177864;0.999931 0.00422431 -0.0109424 -0.254266 -0.00403064 0.999836 0.0176607 0.573327 0.0110152 -0.0176154 0.999784 0.0611376 0 0 0 1 
3394309160226;0.061528;0.0254446;0.999988 0.00429829 -0.00214457 -0.057766 -0.00430302 0.999988 -0.00220578 0.0981371 0.00213507 0.00221498 0.999995 -0.154303 0 0 0 1 
3394309160227;0.376137;0.465731;0.989371 0.13975 -0.0401969 -0.530792 -0.139357 0.990164 0.0124325 2.08852 0.041539 -0.00669864 0.999114 -0.10865 0 0 0 1 
3394309160228;0.303595;0.0262033;0.965608 -0.248498 0.0764834 0.25892 0.25983 0.932976 -0.249085 -2.96897 -0.00945984 0.260392 0.965457 0.182253 0 0 0 1 
3394309160229;0.401686;0.0242964;0.930968 -0.315761 0.183287 1.0344 0.320062 0.947375 0.00642202 -3.65218 -0.175669 0.0526843 0.983039 2.44246 0 0 0 1 
3394309160230;0.10387;0.0427305;0.991124 0.128345 -0.0346436 0.0507095 -0.129518 0.990992 -0.0340431 1.69325 0.0299623 0.0382279 0.99882 -0.34719 0 0 0 1 
3394309160231;0.26477;0.0338259;0.92636 -0.22589 0.301381 0.273564 0.189471 0.971055 0.145442 -2.77512 -0.325512 -0.0776286 0.942346 4.25753 0 0 0 1 
3394309160232;0.456423;0.0282285;0.870319 0.285271 -0.401455 2.81223 -0.283418 0.956761 0.0654418 3.89061 0.402765 0.0568245 0.913538 -5.53214 0 0 0 1 
3394309160233;0.155497;0.0391234;0.999165 0.0329982 0.0241075 -0.233089 -0.033659 0.999054 0.0275379 0.374413 -0.0231759 -0.0283263 0.99933 0.672192 0 0 0 1 
3394309160234;0.449685;0.212615;0.9988 -0.0446007 0.0202283 0.138286 0.0453832 0.998167 -0.0400346 -0.471501 -0.0184056 0.0409046 0.998994 -0.58889 0 0 0 1 
3394309160235;0.164832;0.0168464;0.972267 0.126444 -0.196745 0.331976 -0.116453 0.991284 0.0615951 1.50802 0.202819 -0.0369753 0.978518 -2.59912 0 0 0 1 
3394309160236;0.330502;0.0465885;0.972542 0.224287 0.0621059 0.0980321 -0.20908 0.959243 -0.190101 3.26639 -0.102212 0.171896 0.979798 1.85812 0 0 0 1 
3394309160237;0.197559;0.0406955;0.999963 -0.00854409 -0.000300671 0.221669 0.00854563 0.999948 0.00556564 0.139174 0.000253102 -0.00556801 0.999984 -0.299041 0 0 0 1 
3394309160238;0.37956;0.0394667;0.982397 -0.139121 0.124669 0.79043 0.124704 0.985291 0.116836 -1.49366 -0.139089 -0.0992329 0.985295 1.87053 0 0 0 1 
3394309160239;0.353533;0.0212928;0.995759 -0.0418298 0.0819455 -0.802722 0.0410456 0.999094 0.0112319 -0.372837 -0.0823411 -0.0078208 0.996574 0.46724 0 0 0 1 
3394309160240;0.540644;0.255143;0.994946 0.0896982 0.0451272 -0.611741 -0.0827604 0.987066 -0.137299 1.70997 -0.056859 0.13287 0.989501 0.560831 0 0 0 1 
3394309160241;0.23847;0.785509;0.978389 0.0818595 0.189878 -1.64404 -0.0927393 0.994478 0.0491243 1.06315 -0.184808 -0.0656718 0.980578 1.8992 0 0 0 1 
3394309160242;0.249114;0.0220287;0.999361 -0.023025 0.0273563 -0.333839 0.0224872 0.999551 0.0198068 -0.28284 -0.0278 -0.019179 0.999429 -0.253841 0 0 0 1 
3394309160243;0.309141;0.070054;0.959486 0.16102 0.231213 -0.136629 -0.116232 0.973734 -0.195785 1.89609 -0.256665 0.160979 0.953 3.26283 0 0 0 1 
3394309160244;0.346424;0.0506393;0.999994 -0.00215483 -0.00261147 0.45428 0.00215975 0.999996 0.0018843 -0.412405 0.0026074 -0.00188993 0.999995 0.601166 0 0 0 1 
3394309160245;0.222213;0.375801;0.983034 0.139282 0.119354 -0.815052 -0.144958 0.98862 0.0402224 2.02531 -0.112393 -0.0568411 0.992037 1.01246 0 0 0 1 
3394309160246;0.394505;0.321178;0.989518 0.143331 0.0175948 -0.917723 -0.144398 0.983464 0.109308 1.36328 -0.0016366 -0.110703 0.993852 0.0530909 0 0 0 1 
3394309160248;0.387346;0.36785;0.99346 0.0929754 -0.0662834 0.265961 -0.0887367 0.99398 0.0642606 1.72162 0.0718591 -0.0579586 0.995729 -0.628234 0 0 0 1 
3394309160249;0.0790091;0.0263584;0.996156 -0.087345 0.00668972 0.0106604 0.0873374 0.996178 0.00142356 -1.47834 -0.00678849 -0.000833824 0.999977 0.105632 0 0 0 1 
3394309160250;0.489213;0.0372598;0.931553 0.267268 -0.24653 1.69968 -0.225341 0.956469 0.185442 3.26655 0.285361 -0.117196 0.951228 -3.95608 0 0 0 1 
3394309160251;0.37181;0.0485842;0.884724 0.439738 -0.154576 2.2885 -0.400011 0.886527 0.232511 6.49025 0.239279 -0.143876 0.960232 -4.07946 0 0 0 1 
3394309160252;0.374908;0.205512;0.994499 -0.104176 -0.0108805 0.371022 0.104164 0.994559 -0.00161867 -2.18471 0.0109899 0.000476407 0.999939 -0.485533 0 0 0 1 
3394309160253;0.217625;0.0316894;0.970863 -0.152467 0.184878 0.224188 0.161062 0.986415 -0.0323099 -2.61325 -0.17744 0.0611452 0.98223 3.49518 0 0 0 1 
3394309160254;0.306431;0.0194989;0.999764 -0.0217229 0.000246333 -0.735186 0.0217227 0.999764 0.000744518 -0.048905 -0.000262448 -0.000738991 1 0.357056 0 0 0 1 
3394309160255;0.470321;0.0356111;0.972795 -0.227286 -0.0448314 -0.369672 0.200329 0.922498 -0.329949 -2.48728 0.11635 0.311992 0.942933 -1.76369 0 0 0 1 
3394309160256;0.293686;0.0311384;0.99935 0.0318533 -0.0169078 -0.541301 -0.0315656 0.999357 0.0170191 0.0355459 0.017439 -0.0164743 0.999712 -0.0416241 0 0 0 1 
3394309160257;0.406176;0.0359873;0.988602 0.0692427 0.133684 -0.0388451 -0.041221 0.978518 -0.201999 1.81279 -0.1448 0.194186 0.970219 3.06684 0 0 0 1 
3394309160258;0.344851;0.0422529;0.970515 0.0640255 0.232383 -0.134309 -0.0136473 0.977127 -0.212219 0.990334 -0.240655 0.20279 0.94919 4.37253 0 0 0 1 
3394309160259;0.414136;0.205274;0.972409 -0.203472 -0.114104 0.898163 0.211247 0.975549 0.0606616 -4.02165 0.0989707 -0.083092 0.991615 -1.73896 0 0 0 1 
3394309160260;0.148826;0.0296119;0.971338 0.0976415 -0.216721 0.841239 -0.0829904 0.993669 0.0757267 1.30951 0.222743 -0.0555706 0.973292 -3.91407 0 0 0 1 
3394309160261;0.341319;0.0266218;0.985598 -0.167028 -0.0264163 0.291173 0.165891 0.985308 -0.0406029 -2.36728 0.03281 0.0356359 0.998826 0.126179 0 0 0 1 
