#;prob_registration_l1 -r /home/probabilistic_point_clouds_registration/build/tester /home/point_clouds_registration_benchmark//devel/registration_pairs/long_office_household_local.txt /home/point_clouds_registration_benchmark//tum/long_office_household -s 0.1 -t 0.1 -p 0.3 -r 1000 -m 20 -i 40 
id;initial_error;final_error;transformation
26456013410000;0.652746;0.13946;0.910045 0.38684 -0.148906 0.131593 -0.408758 0.897148 -0.16746 0.0611378 0.0688108 0.213263 0.974569 -0.556071 0 0 0 1 
26456013410001;1.0574;0.138869;0.993808 0.107254 0.0290298 -0.00577852 -0.105732 0.993153 -0.0496699 0.0456259 -0.0341583 0.046293 0.998344 0.908156 0 0 0 1 
26456013410002;0.577722;0.133644;0.993156 0.1166 0.00680503 0.0742741 -0.116447 0.993002 -0.0196845 0.178391 -0.00905262 0.0187573 0.999783 0.449239 0 0 0 1 
26456013410003;1.10585;0.492637;0.950225 -0.311447 0.00850685 0.277343 0.311414 0.94857 -0.0568847 0.51159 0.00964722 0.0567024 0.998345 -0.95573 0 0 0 1 
26456013410004;0.510854;0.132858;0.967423 0.0776708 0.240957 -0.147636 -0.12332 0.975799 0.180577 -0.0828348 -0.2211 -0.204409 0.953589 -0.464526 0 0 0 1 
26456013410005;0.315858;0.151056;0.998579 -0.0485544 0.0219436 -0.0119202 0.0504166 0.994268 -0.0942827 0.411271 -0.0172399 0.0952551 0.995304 -0.253621 0 0 0 1 
26456013410006;0.127418;0.138403;0.995169 0.0964831 0.018165 0.0702984 -0.095515 0.99426 -0.0482126 0.0807778 -0.0227124 0.0462447 0.998672 -0.0687455 0 0 0 1 
26456013410007;0.936325;0.342441;0.966861 -0.253612 -0.0293342 -0.0591007 0.241792 0.946512 -0.213663 0.350144 0.0819527 0.199489 0.976467 0.603702 0 0 0 1 
26456013410008;0.859142;0.136981;0.999468 -0.0183429 0.0269505 0.191944 0.022378 0.987185 -0.158005 0.0793562 -0.0237069 0.158524 0.987071 0.655288 0 0 0 1 
26456013410009;0.404949;0.133049;0.98558 0.106064 -0.131842 -0.0962353 -0.119077 0.988323 -0.0950723 -0.0566234 0.120219 0.109401 0.986701 0.260169 0 0 0 1 
26456013410010;0.333714;0.125947;0.996295 0.0447194 -0.0734569 -0.0892981 -0.0589466 0.977053 -0.204679 0.16698 0.0626181 0.208251 0.976069 -0.292982 0 0 0 1 
26456013410011;0.463956;0.141185;0.998438 -0.0547741 0.010988 0.0555398 0.0551934 0.997575 -0.0424062 0.287923 -0.00863857 0.0429464 0.99904 -0.43207 0 0 0 1 
26456013410012;1.06761;0.121625;0.975555 0.0272854 -0.218055 0.634335 -0.1129 0.913529 -0.390792 0.679851 0.188537 0.405857 0.894278 0.792327 0 0 0 1 
26456013410013;0.408963;0.122866;0.917365 0.397666 0.0174091 0.100792 -0.396422 0.916694 -0.0502189 -0.0674532 -0.0359291 0.0391677 0.998586 -0.0641076 0 0 0 1 
26456013410014;0.281798;0.156055;0.993414 0.109218 0.0346333 -0.0551346 -0.107062 0.992501 -0.0589874 -0.0171805 -0.0408161 0.054891 0.997658 -0.328314 0 0 0 1 
26456013410015;0.444148;0.166716;0.996546 -0.0413686 -0.072009 -0.0393183 0.0305787 0.988964 -0.144968 0.121041 0.0772114 0.142265 0.986813 0.268084 0 0 0 1 
26456013410016;0.631913;0.143477;0.902102 0.325961 0.282773 -0.189085 -0.318952 0.945043 -0.0718604 -0.0557304 -0.290656 -0.0253653 0.956491 0.332727 0 0 0 1 
26456013410017;0.712942;0.121452;0.993776 0.103669 0.0407576 0.165252 -0.0990852 0.989858 -0.101796 0.618666 -0.0508974 0.0971244 0.99397 0.265216 0 0 0 1 
26456013410018;0.599666;0.146775;0.915771 0.292566 0.275261 -0.0445529 -0.309333 0.950772 0.0185802 -0.258172 -0.256275 -0.102163 0.96119 -0.471822 0 0 0 1 
26456013410019;0.16999;0.112858;0.999164 0.0363386 0.0187222 -0.0270816 -0.0364299 0.999326 0.00456089 0.180612 -0.0185439 -0.00523912 0.999814 -0.122107 0 0 0 1 
26456013410020;0.966938;0.163956;0.992967 0.111068 0.0409929 -0.322273 -0.109552 0.993272 -0.03755 -0.0553772 -0.0448877 0.0327951 0.998454 -0.926265 0 0 0 1 
26456013410021;1.2145;0.382432;0.947285 -0.316618 -0.0490211 -0.570142 0.311985 0.946389 -0.0837438 0.468592 0.0729079 0.0640354 0.995281 -0.295109 0 0 0 1 
26456013410022;0.808376;0.193805;0.973794 -0.222109 -0.048911 -0.426671 0.183447 0.89421 -0.408334 0.669954 0.134431 0.38866 0.911522 -0.161837 0 0 0 1 
26456013410023;0.310262;0.129716;0.952589 0.302575 -0.0319792 -0.193518 -0.30406 0.950501 -0.0640006 0.00074454 0.0110313 0.0706899 0.997437 0.140282 0 0 0 1 
26456013410024;0.290654;0.141955;0.983667 0.179865 -0.00685943 0.130964 -0.177757 0.976715 0.120125 -0.202823 0.0283061 -0.116944 0.992735 -0.0552015 0 0 0 1 
26456013410025;0.115869;0.141384;0.991918 0.126499 -0.00979026 -0.00726343 -0.126876 0.989278 -0.0723292 0.0734889 0.000535702 0.0729868 0.997333 0.0188756 0 0 0 1 
26456013410026;0.438952;0.239246;0.993939 -0.0638058 0.0895217 -0.0160487 0.060256 0.997307 0.0418127 -0.149678 -0.0919485 -0.036165 0.995107 -0.314518 0 0 0 1 
26456013410027;1.02893;0.14507;0.914303 0.40437 0.02315 0.0899417 -0.403156 0.914075 -0.043953 0.815096 -0.0389341 0.0308533 0.998765 0.128924 0 0 0 1 
26456013410028;0.910665;0.160564;0.994973 0.0950337 0.0315749 0.128071 -0.0918242 0.991608 -0.091007 0.108012 -0.0399586 0.0876501 0.99535 0.728179 0 0 0 1 
26456013410029;0.807992;0.14622;0.98286 0.108235 -0.149234 0.135015 -0.145428 0.95271 -0.266824 0.981072 0.113297 0.283953 0.952121 -0.0668337 0 0 0 1 
26456013410031;0.378079;1.55004;-0.196953 0.274729 -0.941134 0.98562 -0.790451 0.523388 0.318203 1.39703 0.579998 0.806591 0.114077 -0.360844 0 0 0 1 
26456013410032;0.347742;1.13135;0.532391 0.751605 -0.389422 -0.325956 -0.756366 0.628942 0.17984 1.39301 0.380093 0.198801 0.903331 -0.138152 0 0 0 1 
26456013410033;0.319289;1.17757;0.338711 0.574866 -0.744851 -0.0271488 -0.67289 0.701326 0.235286 1.07316 0.657642 0.421509 0.624369 -0.57126 0 0 0 1 
26456013410034;0.665788;0.970917;0.287815 0.677481 -0.676891 1.15495 -0.620429 0.670325 0.407102 0.675575 0.729541 0.302793 0.613259 -0.73772 0 0 0 1 
26456013410035;0.543286;1.0052;0.547843 0.622419 -0.558984 0.756045 -0.69118 0.713194 0.116725 0.624763 0.471316 0.322412 0.820921 -0.0458525 0 0 0 1 
26456013410036;0.569296;0.84888;0.805588 0.498632 -0.319991 0.222469 -0.53848 0.841467 -0.0444093 0.995121 0.247118 0.208084 0.946379 0.231866 0 0 0 1 
26456013410037;0.587068;1.50357;-0.211393 0.223584 -0.951485 0.875145 -0.756307 0.579223 0.304138 1.79266 0.619122 0.783907 0.0466545 -0.0509337 0 0 0 1 
26456013410038;0.163491;0.952424;0.532515 0.623684 -0.572229 0.383875 -0.745099 0.666153 0.0326662 1.03202 0.401566 0.408972 0.819443 -0.293139 0 0 0 1 
26456013410039;0.298903;1.18819;0.383243 0.636801 -0.669036 0.208383 -0.701384 0.671947 0.237799 1.54761 0.600987 0.378116 0.704161 -0.394369 0 0 0 1 
26456013410040;0.421915;1.56523;-0.121937 0.113965 -0.985973 0.922622 -0.827661 0.536615 0.164383 1.53851 0.547822 0.836096 0.0288912 -0.252176 0 0 0 1 
26456013410041;0.740902;1.04916;0.723649 0.56685 -0.393717 0.503697 -0.569551 0.81267 0.123203 0.791149 0.3898 0.135086 0.910938 -0.91069 0 0 0 1 
26456013410042;0.386627;1.053;0.33793 0.593524 -0.730433 0.811811 -0.669828 0.69686 0.256352 0.78323 0.661161 0.402636 0.633049 -0.147137 0 0 0 1 
26456013410043;0.418115;0.785994;0.713746 0.439422 -0.545413 0.000210633 -0.580584 0.806765 -0.109787 0.930003 0.391777 0.395018 0.830946 -0.0823908 0 0 0 1 
26456013410044;0.401489;0.822274;0.729718 0.450134 -0.514676 0.0900366 -0.333931 0.891469 0.306224 0.561999 0.596659 -0.0515908 0.800835 -0.241316 0 0 0 1 
26456013410045;0.640918;1.57751;-0.186298 0.293465 -0.937642 0.629931 -0.475853 0.807994 0.347433 0.589382 0.859568 0.510905 -0.0108814 -0.967966 0 0 0 1 
26456013410046;0.387348;1.02228;0.55108 0.704867 -0.446624 -0.143576 -0.718947 0.672761 0.174666 1.48844 0.423588 0.224844 0.877507 0.0170763 0 0 0 1 
26456013410047;0.681694;1.4126;-0.130357 0.689282 -0.71267 1.20182 -0.285735 0.662188 0.692721 0.352776 0.949401 0.293935 0.110631 -0.4759 0 0 0 1 
26456013410048;0.200666;1.1406;0.392178 0.696722 -0.600646 0.242668 -0.735342 0.629755 0.250362 1.00305 0.552692 0.343494 0.759304 -0.461497 0 0 0 1 
26456013410049;0.634474;1.01109;0.525253 0.635596 -0.565798 0.800254 -0.745105 0.664678 0.054964 1.01889 0.411008 0.392709 0.82271 0.128957 0 0 0 1 
26456013410050;0.211001;1.15768;0.533705 0.622809 -0.572073 -0.0107662 -0.730155 0.680657 0.0598386 1.33033 0.426653 0.385766 0.818017 -0.288689 0 0 0 1 
26456013410051;0.550163;0.904335;0.635202 0.575353 -0.515256 0.840672 -0.385183 0.814232 0.434351 0.345931 0.669442 -0.0774326 0.738817 -0.604338 0 0 0 1 
26456013410052;0.551544;1.13044;0.657096 0.672628 -0.340288 0.172003 -0.695107 0.715323 0.0716884 1.2259 0.291636 0.189431 0.937584 -0.656029 0 0 0 1 
26456013410053;0.345543;1.06947;0.439419 0.819191 -0.36856 0.252254 -0.849906 0.511977 0.124655 1.65437 0.290811 0.258466 0.921208 -0.21051 0 0 0 1 
26456013410054;0.546651;1.42712;-0.00373288 0.254806 -0.966985 0.801402 -0.819384 0.553535 0.149023 1.93095 0.573232 0.792889 0.206718 -0.933784 0 0 0 1 
26456013410055;0.267657;1.08611;0.218338 0.666296 -0.713006 0.965522 -0.781754 0.556745 0.280882 1.21921 0.584113 0.496069 0.642439 -0.236957 0 0 0 1 
26456013410056;0.595541;1.12039;0.651351 0.705434 -0.279472 0.472166 -0.756392 0.632835 -0.165503 1.27593 0.0601086 0.319191 0.945782 -0.248644 0 0 0 1 
26456013410057;0.461018;1.52379;-0.150448 0.33452 -0.930302 1.11378 -0.745131 0.580071 0.329086 1.10589 0.649727 0.742707 0.161991 -0.250591 0 0 0 1 
26456013410058;0.576941;1.5177;-0.137065 0.486192 -0.863036 1.06989 -0.55909 0.681244 0.472573 0.560531 0.817699 0.547288 0.178451 -0.828838 0 0 0 1 
26456013410059;0.729412;1.55147;-0.260164 0.522308 -0.812102 1.1721 -0.748263 0.422513 0.511454 1.21531 0.61026 0.740728 0.280901 0.0296402 0 0 0 1 
26456013410060;0.670241;0.828569;0.648398 0.597218 -0.472135 0.146097 -0.397628 0.794522 0.45894 0.801095 0.649209 -0.109842 0.752637 -0.792294 0 0 0 1 
26456013410062;0.727774;0.140769;0.961749 -0.258539 -0.0905357 -0.00448125 0.267816 0.956888 0.11243 -0.266392 0.0575648 -0.132377 0.989527 0.318631 0 0 0 1 
26456013410063;1.34575;0.107667;0.955473 0.231292 0.183237 -0.384967 -0.155752 0.922732 -0.352573 -0.452801 -0.250626 0.308335 0.917669 -0.199342 0 0 0 1 
26456013410064;0.325852;0.177986;0.987722 0.127122 0.0908038 -0.150977 -0.137037 0.98411 0.112912 -0.184807 -0.0750073 -0.123969 0.989447 0.125716 0 0 0 1 
26456013410065;0.371368;0.185852;0.966235 -0.130147 -0.222379 0.280769 0.138652 0.990074 0.0230053 0.0375875 0.217178 -0.0530618 0.974689 0.0392761 0 0 0 1 
26456013410066;1.03207;0.0881193;0.954468 0.171576 -0.244032 -0.152752 -0.224997 0.951183 -0.211253 0.367967 0.195873 0.256541 0.946478 0.403936 0 0 0 1 
26456013410067;0.857765;0.11701;0.974579 -0.137623 0.176794 0.092554 0.184665 0.940255 -0.286041 0.205857 -0.126866 0.311417 0.941767 0.190618 0 0 0 1 
26456013410068;1.01715;0.123715;0.998024 0.0620691 0.00972521 -0.175961 -0.0628216 0.987832 0.142273 -0.0874963 -0.000776083 -0.142603 0.98978 0.594925 0 0 0 1 
26456013410069;0.211374;0.117179;0.97977 -0.106219 -0.169614 0.119289 0.105839 0.994319 -0.0113051 0.00339565 0.169851 -0.00687535 0.985446 0.142915 0 0 0 1 
26456013410070;0.584191;0.200623;0.940307 -0.154442 -0.303265 0.408634 0.153262 0.987793 -0.0278421 -0.0262799 0.303863 -0.0202988 0.952499 0.00338086 0 0 0 1 
26456013410071;0.0848378;0.199491;0.999741 -0.00597587 0.0219534 -0.0740475 0.00720788 0.998378 -0.0564761 -0.00227698 -0.0215803 0.0566197 0.998163 -0.0173565 0 0 0 1 
26456013410072;0.345771;0.148103;0.982486 0.0459914 -0.180572 -0.0100817 -0.00667672 0.977129 0.212545 -0.330852 0.186218 -0.207617 0.960322 0.226756 0 0 0 1 
26456013410073;0.619828;0.228926;0.965139 0.0659706 0.253288 -0.213455 -0.0353577 0.991706 -0.123569 -0.0745418 -0.259339 0.110305 0.959467 0.149324 0 0 0 1 
26456013410074;0.46439;0.140416;0.979871 -0.146463 -0.13565 -0.0466845 0.124334 0.979368 -0.159312 0.170976 0.156184 0.13924 0.977864 0.116611 0 0 0 1 
26456013410075;1.52576;0.1163;0.972028 -0.234728 -0.00800136 -0.0190896 0.234281 0.966655 0.103392 -0.0577701 -0.0165344 -0.102374 0.994609 -0.774533 0 0 0 1 
26456013410076;0.479244;0.118988;0.97074 0.202337 -0.129323 -0.0832715 -0.213401 0.973829 -0.0782126 -0.0202525 0.110113 0.103522 0.988513 -0.173069 0 0 0 1 
26456013410077;0.704929;0.0849003;0.991825 -0.102249 0.076347 -0.366679 0.0985153 0.993819 0.05117 -0.183311 -0.0811071 -0.0432303 0.995767 0.103045 0 0 0 1 
26456013410078;0.365691;0.160457;0.998331 -0.0211281 -0.0537488 0.175086 0.0173202 0.997372 -0.0703522 0.0939325 0.055094 0.0693039 0.996073 0.0113063 0 0 0 1 
26456013410079;1.72117;1.38353;0.898944 -0.0273835 0.437206 -0.221839 0.0939151 0.986886 -0.131288 0.397874 -0.427877 0.159081 0.889727 -0.278795 0 0 0 1 
26456013410080;1.76411;0.145674;0.993215 -0.114465 -0.02052 -0.517564 0.114632 0.993382 0.00714305 0.788513 0.0195666 -0.00944684 0.999764 -0.054748 0 0 0 1 
26456013410081;1.63412;0.231924;0.977035 0.075701 0.199178 -0.15134 -0.0434423 0.985898 -0.161609 0.839563 -0.208603 0.149245 0.966546 -0.476285 0 0 0 1 
26456013410082;0.404515;0.104885;0.927541 -0.361164 -0.0960595 0.114998 0.354277 0.93157 -0.0816429 0.20996 0.118973 0.0416955 0.992022 0.0275736 0 0 0 1 
26456013410083;1.34753;0.172755;0.997965 -0.059371 0.0232562 -0.241143 0.0585579 0.997698 0.0342056 -0.566845 -0.0252335 -0.0327742 0.999144 0.489473 0 0 0 1 
26456013410084;1.15281;0.630327;0.962274 0.109924 0.248887 -0.284003 -0.0495994 0.970297 -0.236778 -0.178797 -0.267521 0.215501 0.939144 -0.167978 0 0 0 1 
26456013410085;0.50976;0.11679;0.987909 0.152086 0.0300867 -0.0678592 -0.14528 0.975906 -0.162792 0.121085 -0.0541201 0.156452 0.986202 -0.295843 0 0 0 1 
26456013410086;0.789041;0.145704;0.987966 -0.0883215 -0.126975 0.145975 0.0738793 0.990699 -0.114272 0.151155 0.135886 0.103516 0.985302 -0.378618 0 0 0 1 
26456013410087;0.962758;0.294235;0.992404 0.107736 -0.0593893 0.0169406 -0.116311 0.978954 -0.167692 0.526072 0.040073 0.173326 0.984049 -0.00404154 0 0 0 1 
26456013410088;1.51292;0.165646;0.917962 -0.379951 -0.11394 -0.528999 0.376235 0.924986 -0.0533661 -0.251567 0.12567 0.00611973 0.992053 0.106045 0 0 0 1 
26456013410089;0.558558;0.124717;0.998327 -0.00739941 -0.0573365 0.00197823 0.00436214 0.998589 -0.0529179 -0.0302693 0.0576472 0.0525793 0.996951 0.315547 0 0 0 1 
26456013410090;1.4132;0.362507;0.991111 -0.0361249 -0.128043 0.178586 0.0415938 0.998322 0.0402969 -0.137981 0.126372 -0.0452644 0.99095 -0.648379 0 0 0 1 
26456013410091;1.21795;0.78371;0.840639 -0.082518 -0.535272 0.0096883 -0.0379351 0.976926 -0.21018 -0.0675814 0.540265 0.196992 0.818112 0.547721 0 0 0 1 
26456013410093;0.469907;0.372433;0.966802 -0.237045 0.0954139 -0.0600304 0.243793 0.967542 -0.0665396 0.477097 -0.0765441 0.0875919 0.993211 -0.361294 0 0 0 1 
26456013410094;0.663694;0.19873;0.875769 0.168881 -0.452225 0.358126 -0.075961 0.973348 0.216388 0.307075 0.476716 -0.155154 0.865257 0.093154 0 0 0 1 
26456013410095;0.871627;0.120736;0.980977 0.154548 0.117469 0.427266 -0.155777 0.987791 0.0013004 0.266533 -0.115833 -0.0195746 0.993076 -0.0135195 0 0 0 1 
26456013410096;0.802998;0.107837;0.999216 0.00901809 0.038551 -0.469111 -0.00965433 0.99982 0.0163497 0.19274 -0.0383966 -0.016709 0.999123 -0.454432 0 0 0 1 
26456013410097;0.47238;0.10183;0.924901 0.37963 0.0209372 0.00112562 -0.380207 0.923576 0.0494944 0.0861903 -0.000547565 -0.0537379 0.998555 0.226554 0 0 0 1 
26456013410098;0.153152;0.0885923;0.990557 0.0760559 -0.114075 0.0689133 -0.0700926 0.996 0.0554103 0.0634805 0.117833 -0.0468912 0.991926 0.0772898 0 0 0 1 
26456013410099;1.16156;0.156195;0.990032 -0.075236 -0.119063 -0.244811 0.0536017 0.983025 -0.175465 0.704605 0.130244 0.167334 0.977259 0.496357 0 0 0 1 
26456013410100;0.366643;0.143916;0.968184 0.237572 0.0786129 -0.116751 -0.231953 0.969882 -0.0743389 0.118038 -0.0939061 0.0537392 0.99413 0.186157 0 0 0 1 
26456013410101;1.16745;0.0687992;0.99391 0.0965748 0.0530592 -0.0221425 -0.105824 0.970789 0.215337 0.405704 -0.0307131 -0.219641 0.975097 0.794844 0 0 0 1 
26456013410102;1.13408;0.514029;0.990264 -0.0915535 -0.104862 0.186364 0.0983739 0.993227 0.0618217 0.145431 0.0984917 -0.0715354 0.992563 -0.95697 0 0 0 1 
26456013410103;0.393965;0.228752;0.994946 0.0441622 -0.0901812 -0.100642 -0.0281336 0.984724 0.171834 -0.250293 0.0963921 -0.168428 0.98099 -0.0777498 0 0 0 1 
26456013410104;1.01585;0.0824172;0.965502 0.256831 0.0429313 -0.54035 -0.258531 0.925781 0.275846 0.101604 0.0311008 -0.277429 0.960243 -0.375119 0 0 0 1 
26456013410105;1.13047;0.745489;0.999447 -0.0332435 0.00124873 -0.0580482 0.0331822 0.99352 -0.108705 0.00223204 0.0023731 0.108686 0.994073 0.271429 0 0 0 1 
26456013410106;0.197882;0.109925;0.965227 0.251681 0.0706646 -0.187982 -0.255719 0.965164 0.0553697 0.0291043 -0.0542674 -0.0715146 0.995962 0.0847411 0 0 0 1 
26456013410107;0.85745;0.539231;0.959092 -0.282694 -0.01505 -0.234436 0.282266 0.958997 -0.0254955 0.0249361 0.0216403 0.0202044 0.999562 -0.575819 0 0 0 1 
26456013410108;1.09003;0.207834;0.973851 0.073289 0.215042 -0.395143 -0.0812088 0.996298 0.0282161 -0.612379 -0.212178 -0.0449415 0.976197 0.39514 0 0 0 1 
26456013410109;0.997601;0.235426;0.987022 0.144198 -0.0706654 0.0287007 -0.152202 0.980364 -0.125381 -0.450101 0.0511981 0.134509 0.989589 0.267343 0 0 0 1 
26456013410110;1.0844;0.176346;0.915838 -0.0964443 0.389795 -0.939007 0.10034 0.994899 0.0104085 0.0660842 -0.38881 0.0295795 0.920843 -0.504861 0 0 0 1 
26456013410111;0.414986;0.429401;0.990686 -0.13379 -0.0253244 0.143921 0.115888 0.926091 -0.359062 0.522118 0.0714917 0.352783 0.93297 -0.0596563 0 0 0 1 
26456013410112;0.40276;0.149707;0.99514 -0.00245843 0.0984415 -0.153831 -0.0146924 0.984791 0.173119 -0.0642106 -0.0973699 -0.173724 0.979969 -0.247848 0 0 0 1 
26456013410113;0.220143;0.104461;0.984545 0.172755 -0.0287694 0.00247394 -0.173006 0.9849 -0.00642687 0.0880425 0.0272247 0.0113048 0.999565 0.109439 0 0 0 1 
26456013410114;0.883586;0.153828;0.966157 -0.177415 0.187257 -0.620705 0.169029 0.983785 0.0599697 -0.208628 -0.19486 -0.0262882 0.980479 0.371993 0 0 0 1 
26456013410115;0.901703;0.196707;0.998749 -0.0155342 -0.0475337 -0.0586804 0.0236665 0.984171 0.175635 0.128056 0.044053 -0.17654 0.983307 0.749412 0 0 0 1 
26456013410116;0.0971774;0.156084;0.999927 0.00953265 -0.00748303 -0.0557567 -0.00932552 0.999585 0.0272445 0.158011 0.00773964 -0.0271727 0.999601 0.0133948 0 0 0 1 
26456013410117;0.308242;0.16437;0.99963 0.0238499 -0.0131013 -0.036225 -0.0228609 0.99721 0.0710605 0.173732 0.0147595 -0.0707347 0.997386 -0.179732 0 0 0 1 
26456013410118;0.617996;0.280083;0.941375 -0.268146 0.20472 -0.396492 0.262209 0.963378 0.0561186 0.261985 -0.212271 0.000850785 0.977211 -0.347231 0 0 0 1 
26456013410119;0.836682;0.381262;0.986072 -0.16628 -0.00370257 -0.0937154 0.166184 0.984112 0.0625033 0.201615 -0.0067493 -0.0622481 0.998038 -0.719224 0 0 0 1 
26456013410120;1.27194;0.278962;0.998761 0.0317628 -0.0383003 0.424072 -0.0272635 0.993249 0.112757 0.285439 0.0416231 -0.111573 0.992884 -0.762577 0 0 0 1 
26456013410121;0.539915;0.40708;0.95706 -0.285196 -0.0519634 0.171226 0.285428 0.958395 -0.00305891 0.325947 0.0506739 -0.0119042 0.998644 -0.413225 0 0 0 1 
26456013410122;0.715537;0.161504;0.998387 0.035344 -0.0444256 0.203168 -0.0346483 0.999266 0.0163342 0.226456 0.0449703 -0.0147686 0.998879 -0.527613 0 0 0 1 
26456013410124;1.54152;0.121582;0.852315 0.5084 -0.12284 -0.52836 -0.522546 0.837807 -0.158193 -0.375141 0.0224911 0.199019 0.979737 0.200018 0 0 0 1 
26456013410125;0.0901978;0.103396;0.995901 0.0901292 -0.00757299 0.0740158 -0.0900313 0.995862 0.0124043 -0.120489 0.00865964 -0.0116717 0.999894 0.00808753 0 0 0 1 
26456013410126;2.04591;0.119858;0.958684 0.241458 -0.150409 0.124914 -0.231033 0.96935 0.0835719 -0.138183 0.165978 -0.0453696 0.985085 -0.705366 0 0 0 1 
26456013410127;0.892171;0.176572;0.997211 0.0442996 0.0600665 0.0448713 -0.0453605 0.998836 0.0164137 0.358902 -0.0592694 -0.0190925 0.998059 -0.171528 0 0 0 1 
26456013410128;1.22747;0.154314;0.999231 0.03917 -0.00175671 -0.125456 -0.0392061 0.997557 -0.0578187 0.0879627 -0.000512343 0.0578431 0.998326 -0.547731 0 0 0 1 
26456013410129;0.476134;0.0739751;0.974897 0.0864542 0.205185 -0.107144 -0.0748479 0.995159 -0.0636825 -0.158565 -0.209697 0.0467263 0.976649 -0.117443 0 0 0 1 
26456013410130;2.09219;0.16097;0.971382 0.217068 0.0964251 0.243996 -0.215801 0.976154 -0.0235061 0.101287 -0.0992282 0.00202478 0.995063 0.733837 0 0 0 1 
26456013410131;1.46172;0.122068;0.996739 0.0802772 0.00820667 -0.277475 -0.0803342 0.996744 0.00687246 -0.247881 -0.00762825 -0.00750932 0.999943 0.588887 0 0 0 1 
26456013410132;0.769284;0.234305;0.991127 -0.0795976 0.106451 -0.236417 0.0595423 0.981895 0.179825 0.159499 -0.118838 -0.171891 0.977922 0.0406203 0 0 0 1 
26456013410133;1.34603;0.269533;0.998546 0.0510685 0.0172581 -0.025678 -0.0522316 0.995778 0.0754889 0.317726 -0.0133301 -0.0762805 0.996997 0.470521 0 0 0 1 
26456013410134;1.62064;0.320698;0.993614 -0.0427498 0.104418 0.211508 0.0437554 0.999015 -0.0073577 0.295353 -0.104 0.0118796 0.994506 -0.81218 0 0 0 1 
26456013410135;0.477389;0.0956141;0.995281 0.0870597 0.0428623 0.0339851 -0.0860987 0.996003 -0.0237833 0.011043 -0.0447616 0.0199806 0.998798 -0.259464 0 0 0 1 
26456013410136;1.0412;0.1807;0.973698 -0.210971 -0.0860442 -0.44383 0.217007 0.973794 0.0680691 0.469654 0.0694287 -0.0849509 0.993963 0.264132 0 0 0 1 
26456013410137;1.90811;0.252589;0.996275 -0.0849047 0.0150604 -0.0123244 0.0859449 0.99191 -0.0934249 0.0788117 -0.00700634 0.0943713 0.995512 0.919083 0 0 0 1 
26456013410138;0.964836;0.094764;0.977758 0.198848 -0.0666911 0.0511662 -0.204104 0.975308 -0.0843507 -0.271866 0.0482714 0.0960865 0.994202 0.582352 0 0 0 1 
26456013410139;1.47225;0.156394;0.940555 0.33747 -0.0383481 0.619414 -0.339376 0.93828 -0.0667393 -0.7776 0.0134588 0.0757863 0.997033 -0.231106 0 0 0 1 
26456013410140;1.16137;0.359944;0.991729 0.12824 -0.00529241 0.258401 -0.128338 0.991345 -0.0276556 -0.492793 0.00170005 0.0281061 0.999604 0.19996 0 0 0 1 
26456013410141;0.944233;0.144209;0.992834 0.119493 -0.00165732 -0.0922267 -0.119504 0.992696 -0.0165319 -0.499369 -0.000330231 0.0166115 0.999862 -0.224772 0 0 0 1 
26456013410142;1.84842;0.325714;0.949097 0.163444 -0.26926 -0.536203 -0.209339 0.966037 -0.15149 -0.341129 0.235355 0.200146 0.951078 0.534369 0 0 0 1 
26456013410143;0.46443;0.133166;0.959308 0.279973 0.0366548 0.0123057 -0.282039 0.956311 0.0769622 -0.421967 -0.013506 -0.0841686 0.99636 0.120846 0 0 0 1 
26456013410144;0.759937;0.0815076;0.97361 -0.0785753 -0.214263 -0.111975 0.00698076 0.948674 -0.31618 0.458502 0.22811 0.30634 0.924187 0.380304 0 0 0 1 
26456013410145;0.437138;0.287912;0.988274 -0.0309241 0.149523 -0.154409 -0.00632948 0.970137 0.242476 0.0287214 -0.152557 -0.240579 0.958566 -0.307064 0 0 0 1 
26456013410146;1.81332;0.363099;0.998628 0.0522298 -0.00367258 -0.306254 -0.0518128 0.995885 0.0743568 0.0584803 0.0075411 -0.0740645 0.997225 0.665588 0 0 0 1 
26456013410147;0.897776;0.195707;0.998042 0.0336438 0.0527232 0.290843 -0.0243537 0.985509 -0.167864 -0.0596912 -0.0576068 0.166251 0.984399 0.129854 0 0 0 1 
26456013410148;0.647101;0.286559;0.991987 -0.123676 -0.0258228 -0.189897 0.12572 0.986535 0.104614 0.083569 0.0125368 -0.107022 0.994178 0.193288 0 0 0 1 
26456013410149;0.510162;0.0466406;0.907128 0.416424 -0.0609054 -0.0284453 -0.417323 0.908756 -0.00225841 -0.580668 0.0544076 0.0274659 0.998141 0.132934 0 0 0 1 
26456013410150;1.62937;0.0962192;0.941756 -0.0316351 0.334807 -0.0328668 0.151497 0.928733 -0.338383 0.967931 -0.300242 0.369396 0.879432 -0.680679 0 0 0 1 
26456013410151;0.991097;0.222637;0.97677 -0.135008 0.166413 -0.385107 0.163369 0.971707 -0.170574 0.413688 -0.138676 0.193799 0.971191 -0.537183 0 0 0 1 
26456013410152;0.386143;0.0738133;0.997639 0.0647086 -0.0230221 0.0277047 -0.0645931 0.997895 0.00572588 0.0230042 0.0233442 -0.00422529 0.999719 -0.122586 0 0 0 1 
26456013410153;1.24713;0.0639289;0.935071 0.351547 0.0453469 -0.245951 -0.352669 0.935546 0.0194514 -0.286127 -0.0355861 -0.0341809 0.998782 0.314072 0 0 0 1 
26456013410155;0.44177;0.275252;0.992743 0.103555 0.0611324 0.000392934 -0.0886906 0.973815 -0.209328 -0.0770373 -0.0812086 0.202387 0.975933 -0.0637361 0 0 0 1 
26456013410156;0.559197;0.460237;0.993631 -0.108374 -0.0308663 -0.377261 0.105436 0.990814 -0.0846859 0.112053 0.0397605 0.0808921 0.99593 0.48614 0 0 0 1 
26456013410157;0.798739;0.498007;0.998227 0.0310191 -0.0507945 0.262754 -0.0303005 0.99943 0.0148577 -0.200896 0.0512264 -0.0132922 0.998599 -0.231554 0 0 0 1 
26456013410158;0.506235;0.176148;0.984748 0.119833 0.126142 0.117616 -0.0984259 0.981528 -0.164059 0.320236 -0.143472 0.149141 0.978352 -0.276644 0 0 0 1 
26456013410159;0.771683;0.191801;0.998833 0.0452817 -0.0167878 0.290098 -0.0478076 0.976306 -0.211047 0.647705 0.0068335 0.211603 0.977332 0.10003 0 0 0 1 
26456013410160;0.731372;0.438082;0.996713 -0.0622708 -0.0518314 -0.0231319 0.0601714 0.99734 -0.0411262 0.219418 0.0542545 0.0378722 0.997809 -0.533656 0 0 0 1 
26456013410161;0.152345;0.082746;0.99809 0.00748661 0.0613267 -0.0716769 -0.00469112 0.998949 -0.0456014 0.0211591 -0.0616037 0.0452266 0.997075 -0.171262 0 0 0 1 
26456013410162;0.843744;0.441454;0.931738 -0.042657 -0.360617 0.247987 0.0357249 0.999027 -0.02587 0.514617 0.36137 0.011221 0.932355 0.772544 0 0 0 1 
26456013410163;0.17304;0.0504835;0.992964 -0.0264086 -0.115431 0.089156 0.00872622 0.988483 -0.151082 0.139377 0.118092 0.149012 0.981759 0.177008 0 0 0 1 
26456013410164;1.05704;0.112758;0.995394 -0.0270493 -0.0919736 0.0434362 0.0294308 0.999263 0.0246359 -0.029023 0.0912395 -0.0272293 0.995457 -0.88885 0 0 0 1 
26456013410165;1.01882;1.02386;0.993064 -0.0962817 -0.0674743 -0.59202 0.102592 0.989952 0.0973095 0.460104 0.0574273 -0.103557 0.992964 0.0801604 0 0 0 1 
26456013410166;0.386158;0.0841286;0.963431 -0.0287091 -0.266414 0.381624 -0.0575944 0.948819 -0.310523 0.413324 0.261694 0.314512 0.912468 0.144186 0 0 0 1 
26456013410167;0.362618;0.222639;0.99622 0.0268505 -0.0826118 -0.142833 0.0101239 0.908659 0.417417 -0.499389 0.0862738 -0.416675 0.904952 0.0818822 0 0 0 1 
26456013410168;0.272737;0.132996;0.965642 -0.0182643 -0.259232 0.114293 0.023494 0.999578 0.0170899 -0.158402 0.25881 -0.0225931 0.965664 0.0906652 0 0 0 1 
26456013410169;0.677811;0.244105;0.998851 -0.037509 -0.0298138 -0.191203 0.0371345 0.999225 -0.0130176 -0.239035 0.0302789 0.0118955 0.999471 0.469081 0 0 0 1 
26456013410170;0.704368;0.140173;0.998331 0.0567471 -0.0106785 0.187196 -0.0565086 0.998172 0.0214462 -0.652526 0.011876 -0.020807 0.999713 0.110791 0 0 0 1 
26456013410171;1.02478;0.568396;0.969236 -0.110532 -0.21992 -0.182538 0.122679 0.991543 0.0423264 0.0478803 0.213382 -0.0680039 0.974599 0.00417386 0 0 0 1 
26456013410172;0.366617;0.106622;0.967296 -0.0331586 -0.251472 0.166988 0.052638 0.996077 0.0711333 -0.0599254 0.248127 -0.082044 0.965247 -0.0768269 0 0 0 1 
26456013410173;0.895873;0.329921;0.998546 0.0538844 -0.00172546 -0.127056 -0.0537979 0.998002 0.0331243 -0.465908 0.00350689 -0.0329833 0.99945 0.465628 0 0 0 1 
26456013410174;0.457447;0.274964;0.999318 -0.0344158 -0.0133518 -0.164322 0.0341945 0.99928 -0.016463 0.221987 0.0139088 0.0159953 0.999775 0.00745755 0 0 0 1 
26456013410175;0.623034;0.121587;0.998641 -0.0151793 -0.0498486 -0.0446026 0.0168554 0.999301 0.0333781 -0.00876559 0.0493071 -0.034173 0.998199 -0.531843 0 0 0 1 
26456013410176;0.235307;0.183212;0.989532 -0.0605068 -0.131017 -0.0853512 0.0602908 0.998165 -0.00561848 0.111709 0.131117 -0.00233947 0.991364 0.0916504 0 0 0 1 
26456013410177;0.877512;0.406151;0.999989 0.00454735 -0.000772428 0.0344952 -0.00454721 0.99999 0.000175288 0.64574 0.000773218 -0.000171774 1 0.0327879 0 0 0 1 
26456013410178;0.197683;0.0328381;0.998915 -0.0244224 -0.0396448 -0.0586854 0.0248031 0.999651 0.00914015 0.126928 0.0394077 -0.0101136 0.999172 -0.0541665 0 0 0 1 
26456013410179;0.15124;0.136532;0.99841 -0.00895272 0.0556583 -0.114602 0.00162656 0.991473 0.130302 -0.0699941 -0.0563502 -0.130005 0.989911 0.0232914 0 0 0 1 
26456013410180;0.554153;0.336711;0.999642 0.00246269 0.0266433 0.0909793 0.0026587 0.981685 -0.190492 0.383618 -0.0266245 0.190495 0.981327 -0.0483879 0 0 0 1 
26456013410181;0.475904;0.10271;0.999946 0.00614924 -0.00840489 -0.0532896 -0.00298917 0.942574 0.333985 -0.682197 0.00997598 -0.333942 0.942541 -0.0227055 0 0 0 1 
26456013410182;0.72307;0.234356;0.997523 -0.0531051 0.0461204 -0.447751 0.0577975 0.992555 -0.10721 0.112593 -0.0400836 0.10961 0.993166 0.261404 0 0 0 1 
26456013410183;0.714484;0.141623;0.999863 0.014058 0.00870923 -0.214483 -0.00997722 0.932803 -0.360249 0.147783 -0.0131884 0.360113 0.932815 0.454445 0 0 0 1 
26456013410184;0.435457;0.188522;0.999364 0.0185916 0.0304178 0.0970797 -0.0171199 0.998703 -0.047947 0.232951 -0.0312697 0.0473958 0.998387 -0.217176 0 0 0 1 
26456013410186;2.57906;1.40413;0.967223 0.209668 -0.143245 -0.0245385 -0.211377 0.977399 0.00335632 -0.841953 0.140712 0.0270325 0.989682 -0.28329 0 0 0 1 
26456013410187;0.634766;0.212478;0.98539 -0.169903 -0.011783 0.224211 0.163058 0.961141 -0.222755 0.472885 0.0491718 0.217579 0.974803 -0.120402 0 0 0 1 
26456013410188;1.09866;0.623298;0.904656 -0.414989 -0.0968589 0.25813 0.407442 0.775725 0.481914 -0.111477 -0.124853 -0.475431 0.870848 -0.0260834 0 0 0 1 
26456013410189;0.60767;0.402701;0.997393 0.0692539 -0.0202752 -0.0649028 -0.0645587 0.981901 0.178053 -0.124641 0.0322391 -0.17628 0.983812 0.103712 0 0 0 1 
26456013410190;1.29465;1.77808;0.775575 -0.56998 0.271304 -0.493064 0.341548 0.740343 0.578997 0.429474 -0.530875 -0.356393 0.768867 -0.724896 0 0 0 1 
26456013410191;1.28532;0.626035;0.988567 0.141438 -0.0522552 -0.145404 -0.145269 0.986254 -0.0787361 -0.230021 0.0404007 0.085427 0.995525 -0.276829 0 0 0 1 
26456013410192;1.88351;2.43713;0.161337 -0.230965 -0.959492 -1.28934 -0.0975921 0.96373 -0.248395 -0.107362 0.982062 0.133714 0.132945 2.22665 0 0 0 1 
26456013410193;1.11745;0.713316;0.994309 -0.104707 0.01965 -0.0888329 0.078741 0.846534 0.526479 -0.301631 -0.0717607 -0.521936 0.849961 0.0368384 0 0 0 1 
26456013410194;2.37375;0.216087;0.990331 -0.123592 -0.0630082 0.376314 0.121444 0.991914 -0.036862 -0.488519 0.0670545 0.0288535 0.997332 -0.18564 0 0 0 1 
26456013410195;1.70586;0.612308;0.994276 -0.105341 -0.0178677 0.187413 0.106018 0.95191 0.287451 -0.431164 -0.0132721 -0.2877 0.957629 -0.284842 0 0 0 1 
26456013410196;0.514644;0.15951;0.999141 -0.035783 0.0209181 0.0701505 0.0336106 0.994784 0.0963083 0.0178064 -0.0242552 -0.0955225 0.995132 0.174453 0 0 0 1 
26456013410197;2.7645;2.58105;0.737812 -0.667327 0.101535 -0.546733 0.661072 0.744765 0.0911482 1.12313 -0.136445 -0.000128085 0.990648 -0.047379 0 0 0 1 
26456013410198;2.3433;0.34161;0.991049 -0.107364 -0.0793457 0.360456 0.111336 0.99265 0.0474361 -0.611605 0.0736696 -0.0558455 0.995718 0.324493 0 0 0 1 
26456013410199;2.04036;0.539343;0.994525 0.0211799 -0.102334 0.228044 0.01393 0.94364 0.33068 -0.702193 0.103571 -0.330295 0.938178 -0.140648 0 0 0 1 
26456013410200;2.25828;2.24309;0.937614 -0.325432 0.12237 -0.0169731 0.346519 0.903415 -0.252519 0.799037 -0.0283736 0.279169 0.959823 -0.104748 0 0 0 1 
26456013410201;2.32984;0.811914;0.950268 -0.127741 0.28403 -0.525112 0.017556 0.93253 0.360665 0.0736822 -0.310939 -0.337742 0.888396 -0.63281 0 0 0 1 
26456013410202;0.574695;0.23812;0.998723 -0.0427346 -0.0269645 0.0123441 0.0443708 0.997006 0.0633255 0.185867 0.0241776 -0.0644411 0.997629 0.174125 0 0 0 1 
26456013410203;2.04835;0.296178;0.929506 -0.309447 0.200654 0.327831 0.24625 0.925751 0.286961 -0.339063 -0.274554 -0.217321 0.936692 -0.0858456 0 0 0 1 
26456013410204;0.669991;0.143892;0.989716 -0.142632 -0.0109166 0.138022 0.137443 0.927003 0.348964 -0.10542 -0.0396535 -0.346875 0.937073 -0.0549676 0 0 0 1 
26456013410205;0.908947;0.354751;0.989939 -0.12766 0.0610216 -0.136705 0.107046 0.957727 0.26702 0.140818 -0.0925298 -0.257802 0.961757 -0.0580826 0 0 0 1 
26456013410206;1.79634;1.66558;0.906951 -0.42106 0.0121414 0.144535 0.417949 0.895909 -0.150552 0.511105 0.0525138 0.141618 0.988528 -0.288204 0 0 0 1 
26456013410207;0.232642;0.12131;0.998247 -0.0401895 -0.0434453 0.0654623 0.0433661 0.996253 0.0748317 0.0844739 0.0402751 -0.0765845 0.996249 0.043195 0 0 0 1 
26456013410208;2.37807;0.788775;0.987554 0.118226 0.103726 -0.210019 -0.131542 0.982395 0.132655 -0.570165 -0.0862161 -0.144648 0.98572 -0.707196 0 0 0 1 
26456013410209;2.64335;0.210829;0.983834 -0.16546 0.068509 0.456566 0.155329 0.978818 0.133371 -0.644152 -0.0891253 -0.120573 0.988696 -0.235403 0 0 0 1 
26456013410210;2.26073;0.805053;0.966927 -0.221159 0.127049 -0.312745 0.149717 0.895432 0.419269 -0.110731 -0.206489 -0.386381 0.898928 -0.598142 0 0 0 1 
26456013410211;1.42407;0.856109;0.965869 0.256863 -0.0334398 0.15533 -0.204725 0.836079 0.508979 -0.636261 0.158696 -0.484762 0.860129 0.408079 0 0 0 1 
26456013410212;1.48789;1.46719;0.94441 -0.162964 -0.285538 0.269357 0.16968 0.985498 -0.00123683 0.173825 0.281599 -0.0472819 0.958367 0.214959 0 0 0 1 
26456013410213;1.60061;1.31933;0.913288 -0.0691739 -0.401398 0.209794 0.197537 0.937045 0.287967 0.290884 0.356209 -0.342287 0.869457 0.74589 0 0 0 1 
26456013410214;1.7042;1.03513;0.928899 -0.352469 -0.113637 0.187389 0.349741 0.935823 -0.0437717 0.766593 0.121772 0.000916019 0.992558 0.498962 0 0 0 1 
26456013410215;0.754244;0.23162;0.986491 -0.126292 0.104331 0.096951 0.125738 0.991992 0.0119014 0.15353 -0.104999 0.00137779 0.994471 -0.279312 0 0 0 1 
26456013410217;1.32332;1.70512;0.9811 0.146626 -0.126269 -0.0997178 -0.130668 0.983315 0.126563 -0.239887 0.14272 -0.107672 0.983889 0.0358425 0 0 0 1 
26456013410218;1.34012;1.45123;0.934913 0.159786 -0.31687 -0.0771467 -0.0452352 0.939273 0.340176 -0.299687 0.351983 -0.303702 0.885366 0.590593 0 0 0 1 
26456013410219;0.65608;0.586934;0.974114 0.218693 0.0572257 -0.146567 -0.217893 0.975769 -0.0199356 -0.0830745 -0.0601989 0.00695039 0.998162 -0.0683752 0 0 0 1 
26456013410220;1.46371;0.861358;0.935244 -0.312519 0.166285 -0.0998493 0.312731 0.949497 0.0255949 0.673769 -0.165886 0.0280652 0.985745 -0.110022 0 0 0 1 
26456013410221;1.60635;2.11958;0.999317 0.0350215 -0.0117977 -0.0611843 -0.0365567 0.983575 -0.176761 0.0607288 0.0054135 0.177072 0.984183 -0.327852 0 0 0 1 
26456013410222;2.32392;0.470998;0.995748 -0.0468406 0.0793236 -0.0514255 0.0745529 0.915553 -0.395227 0.0895836 -0.0541123 0.39946 0.915152 -0.997439 0 0 0 1 
26456013410223;1.20647;1.00462;0.994729 0.10198 0.0106946 -0.0292573 -0.102523 0.987246 0.121793 0.114869 0.00186231 -0.122247 0.992498 0.099248 0 0 0 1 
26456013410224;0.781646;0.0916004;0.942996 0.141758 0.301105 -0.413465 -0.205849 0.959361 0.193012 -0.234354 -0.261507 -0.243992 0.933853 -0.342527 0 0 0 1 
26456013410225;1.91639;1.10533;0.974057 0.22283 0.0395029 -0.126115 -0.207938 0.81238 0.544794 -1.23849 0.089305 -0.538874 0.837639 0.0151992 0 0 0 1 
26456013410226;0.740714;0.799722;0.975636 0.216161 0.0375342 -0.0285709 -0.217064 0.975913 0.0218602 -0.0439596 -0.0319048 -0.0294749 0.999056 -0.00860943 0 0 0 1 
26456013410227;0.854149;0.794831;0.999782 0.0170014 -0.0121454 -0.00156175 -0.0167197 0.999597 0.0229335 -0.118276 0.0125304 -0.0227255 0.999663 0.0388523 0 0 0 1 
26456013410228;0.477964;0.111163;0.967431 -0.102701 -0.231363 0.193526 0.048851 0.972564 -0.227449 0.307212 0.248375 0.208739 0.945906 0.0500155 0 0 0 1 
26456013410229;0.488387;0.0927079;0.893996 -0.206842 -0.397477 0.369726 0.277572 0.95202 0.12889 -0.00318512 0.351746 -0.225555 0.908515 0.377109 0 0 0 1 
26456013410230;0.907029;0.114473;0.996272 0.0797004 0.0330273 -0.0723143 -0.0821852 0.99321 0.0823413 0.0654694 -0.0262404 -0.0847487 0.996057 -0.264403 0 0 0 1 
26456013410231;2.37848;0.11787;0.976463 -0.142551 -0.161863 0.290877 0.193241 0.911544 0.362968 -0.499449 0.095804 -0.385703 0.917635 -0.618257 0 0 0 1 
26456013410232;0.758672;0.51886;0.998051 0.0350222 0.0516447 -0.0422778 -0.040218 0.99384 0.103266 -0.160712 -0.04771 -0.105142 0.993312 -0.185936 0 0 0 1 
26456013410233;0.876115;0.0999241;0.999001 -0.0440996 0.00727051 0.0130326 0.0436588 0.997667 0.0524855 0.335631 -0.00956814 -0.0521156 0.998595 0.0729854 0 0 0 1 
26456013410234;0.436918;0.0773402;0.987932 0.147027 0.0487272 -0.10222 -0.154827 0.946411 0.283435 -0.403442 -0.0044434 -0.287559 0.957753 0.284188 0 0 0 1 
26456013410235;0.42537;0.0997306;0.924719 0.000288766 0.38065 -0.413793 0.0331663 0.996135 -0.0813272 0.0143637 -0.379202 0.0878296 0.921136 -0.341252 0 0 0 1 
26456013410236;1.61117;0.095452;0.982775 0.156165 0.0988184 -0.0188273 -0.167242 0.979065 0.116023 -0.139616 -0.0786309 -0.130551 0.988319 -0.64588 0 0 0 1 
26456013410237;1.76467;0.910225;0.992185 0.0273437 0.121745 0.0999164 -0.0574095 0.966326 0.250835 0.0922054 -0.110787 -0.255864 0.960344 -0.0573709 0 0 0 1 
26456013410238;1.19544;0.0904712;0.916659 0.389254 -0.0906556 0.118601 -0.336531 0.874088 0.350311 -0.421015 0.215601 -0.290607 0.932236 -0.0232144 0 0 0 1 
26456013410239;0.73293;0.0932474;0.894958 -0.353298 -0.272452 0.309115 0.363783 0.931396 -0.0128094 0.331204 0.258286 -0.0876493 0.962084 0.0313439 0 0 0 1 
26456013410240;1.79116;1.8649;0.99092 0.0505284 -0.124594 0.0820099 -0.0354017 0.99205 0.120764 -0.0772737 0.129705 -0.115257 0.984831 0.136337 0 0 0 1 
26456013410241;1.92987;1.1515;0.951192 -0.0701691 0.300516 0.0543277 0.0817108 0.996317 -0.025995 0.123263 -0.297585 0.0492817 0.953422 -0.29383 0 0 0 1 
26456013410242;1.40722;0.0902253;0.941282 0.250957 0.225851 -0.281658 -0.323618 0.861302 0.391702 -0.433823 -0.0962255 -0.441791 0.891942 -0.362391 0 0 0 1 
26456013410243;0.583238;0.0866134;0.92696 -0.328987 0.18031 -0.168382 0.35428 0.92574 -0.132252 0.348413 -0.123411 0.186472 0.974678 -0.25522 0 0 0 1 
26456013410244;0.533279;0.0541742;0.996824 0.0378656 0.0700606 -0.0617295 -0.0377383 0.999283 -0.00314015 0.034957 -0.0701293 0.000486204 0.997538 0.164085 0 0 0 1 
26456013410245;0.736282;0.106805;0.96022 -0.193143 0.201675 -0.257088 0.231444 0.954552 -0.187787 0.279568 -0.156239 0.226993 0.961282 0.068432 0 0 0 1 
26456013410246;1.05866;0.65352;0.977032 -0.206772 0.0515252 0.0972703 0.213076 0.944775 -0.248996 0.244733 0.00280574 0.254256 0.967133 -0.197814 0 0 0 1 
26456013410248;1.23759;0.856156;0.989425 0.0727075 -0.125503 -0.190095 0.0363313 0.713462 0.699751 0.055368 0.140419 -0.696912 0.703276 1.05469 0 0 0 1 
26456013410249;1.46586;0.215061;0.914394 0.366955 0.170961 -0.315607 -0.40102 0.878828 0.258542 -0.543944 -0.055372 -0.304968 0.950751 0.739188 0 0 0 1 
26456013410250;0.412958;0.303777;0.989048 -0.140404 -0.0455101 -0.222929 0.134003 0.983459 -0.121863 0.194711 0.0618674 0.11443 0.991503 0.192216 0 0 0 1 
26456013410251;1.34871;0.522077;0.951336 0.0212694 0.307421 -0.17685 -0.106977 0.958367 0.264744 -0.182091 -0.288991 -0.284747 0.914004 0.170994 0 0 0 1 
26456013410252;1.49487;0.73601;0.984407 0.103988 -0.141876 0.161858 -0.0307183 0.895785 0.443425 -0.628082 0.173202 -0.432152 0.885012 -0.246025 0 0 0 1 
26456013410253;0.288077;0.385773;0.967425 0.248886 -0.0463184 -0.203495 -0.25156 0.965621 -0.0655313 -0.497379 0.0284162 0.0750484 0.996775 -0.152371 0 0 0 1 
26456013410254;0.399182;0.294907;0.933535 0.342832 0.104775 -0.348704 -0.336158 0.938703 -0.0763771 -0.471476 -0.124537 0.0360798 0.991559 -0.346161 0 0 0 1 
26456013410255;1.26559;0.310214;0.996063 -0.0407697 0.0787146 -0.327707 0.0506836 0.99043 -0.128369 -0.214671 -0.0727277 0.131854 0.988598 0.62595 0 0 0 1 
26456013410256;0.836061;0.625565;0.994459 0.0964018 -0.0419258 0.0339201 -0.0943435 0.994354 0.0485785 -0.163639 0.0463721 -0.0443539 0.997939 -0.154149 0 0 0 1 
26456013410257;1.31918;0.650842;0.962758 0.240261 -0.123982 -0.414868 -0.218482 0.9615 0.166684 -0.922259 0.159256 -0.133389 0.978184 0.00591159 0 0 0 1 
26456013410258;1.48742;1.14065;0.931866 -0.196274 -0.305127 0.0125086 0.280538 0.923118 0.262969 0.494888 0.230054 -0.330651 0.915284 0.735286 0 0 0 1 
26456013410259;1.01942;0.117646;0.943784 0.273422 -0.185775 -0.599748 -0.249751 0.95797 0.141132 -0.186276 0.216556 -0.0868002 0.972404 0.359805 0 0 0 1 
26456013410260;0.460663;0.217267;0.879121 0.433593 -0.197848 -0.153488 -0.361028 0.876854 0.317467 -0.773373 0.311135 -0.207663 0.9274 0.704375 0 0 0 1 
