#;prob_registration_l1 -r /home/probabilistic_point_clouds_registration/build/tester /home/point_clouds_registration_benchmark//devel/registration_pairs/p2at_met_local.txt /home/point_clouds_registration_benchmark//planetary/p2at_met -s 0.2 -t 0.2 -p 0.3 -r 1000 -m 20 -i 40 
id;initial_error;final_error;transformation
27844314100000;0.368279;0.340023;0.999476 -0.000230775 0.0323806 0.0367814 -0.00426711 0.990316 0.138769 -0.0615029 -0.032099 -0.138834 0.989795 -8.30832 0 0 0 1 
27844314100001;0.325629;0.153924;0.987494 0.0269386 -0.155336 0.719743 0.00216012 0.982889 0.184186 -0.228247 0.15764 -0.182218 0.970539 -7.72602 0 0 0 1 
27844314100002;0.342132;0.126197;0.931388 -0.0379161 0.362049 -2.52631 -0.0672487 0.959522 0.273487 -2.94703 -0.357764 -0.27907 0.891137 -24.6806 0 0 0 1 
27844314100003;0.135271;0.131609;0.995127 -0.00994125 0.0981021 -0.31276 -0.00725371 0.984829 0.173379 -0.308067 -0.0983373 -0.173245 0.979957 -12.5446 0 0 0 1 
27844314100004;0.89077;0.708113;0.985601 0.0409244 -0.164059 1.45547 0.00223501 0.96703 0.254653 -0.851171 0.169071 -0.251353 0.953015 -12.1557 0 0 0 1 
27844314100005;0.300669;0.251401;0.935335 0.0507066 -0.350112 0.223758 -0.00590789 0.991775 0.127856 -0.0941245 0.353715 -0.117519 0.927941 1.12151 0 0 0 1 
27844314100006;0.461976;0.414237;0.999869 0.0148448 0.0065276 0.961656 -0.0150681 0.999252 0.0356062 -0.221667 -0.00599416 -0.0356999 0.999345 -2.06021 0 0 0 1 
27844314100007;1.17629;0.989304;0.999296 0.0192398 0.0322151 1.24808 -0.0220676 0.99571 0.0898569 -0.378779 -0.0303481 -0.0905045 0.995434 -4.69225 0 0 0 1 
27844314100008;0.519074;0.421569;0.99989 0.0138375 0.00527918 0.839388 -0.014017 0.999267 0.0356304 -0.233994 -0.00478227 -0.0357005 0.999351 -1.58302 0 0 0 1 
27844314100009;0.482706;0.474319;0.993207 -0.0146808 0.115428 -0.690302 0.0202207 0.998692 -0.0469704 0.238116 -0.114587 0.0489853 0.992205 0.123542 0 0 0 1 
27844314100010;0.848926;0.0734063;0.998986 0.0286778 -0.0347053 1.7364 -0.0222831 0.984786 0.172337 -0.784909 0.0391195 -0.171388 0.984427 -11.2692 0 0 0 1 
27844314100011;0.370547;0.27564;0.981479 0.00315549 -0.191544 -0.946479 -0.0146571 0.99817 -0.0586599 -0.698006 0.191008 0.0603809 0.97973 8.45158 0 0 0 1 
27844314100012;1.02719;0.413741;0.991629 0.00678676 -0.12894 -0.459443 -0.0122799 0.999048 -0.0418557 -0.502695 0.128533 0.0430887 0.990769 7.77124 0 0 0 1 
27844314100013;0.818365;0.722352;0.998736 0.0241591 -0.0440763 1.38203 -0.0197101 0.99492 0.0987187 -0.466225 0.0462373 -0.0977251 0.994139 -5.48363 0 0 0 1 
27844314100014;0.722224;0.267535;0.99838 0.000496904 -0.0568925 -0.0760563 -0.000110322 0.999977 0.00679789 -0.0136296 0.0568946 -0.0067806 0.998357 -0.888489 0 0 0 1 
27844314100015;1.11358;0.634237;0.999538 5.46853e-05 -0.0303962 0.195333 -0.000815002 0.999687 -0.0250017 -0.149893 0.0303854 0.0250149 0.999225 -0.304187 0 0 0 1 
27844314100016;0.370882;0.054745;0.992679 -0.0165434 0.119645 -0.784972 0.0648014 0.908887 -0.411976 -5.12519 -0.101928 0.416713 0.903305 21.7756 0 0 0 1 
27844314100017;0.341055;0.239565;0.99545 -0.00393392 -0.0952092 -0.776903 0.00764439 0.999224 0.0386384 0.430277 0.0949834 -0.0391904 0.994707 0.0198777 0 0 0 1 
27844314100018;0.853373;0.268387;0.99954 0.00804118 0.0292299 0.658073 -0.00811913 0.999964 0.00254919 -0.105432 -0.0292084 -0.00278534 0.999569 -2.9861 0 0 0 1 
27844314100019;0.871961;0.0912487;0.999977 0.00414537 0.00539545 0.45472 -0.00400775 0.999673 -0.0252727 -0.143049 -0.00549844 0.0252505 0.999666 -1.00327 0 0 0 1 
27844314100020;0.613803;0.635763;0.996463 0.0255717 -0.0800453 1.09135 -0.00634082 0.972738 0.231821 -0.736261 0.0837912 -0.230493 0.96946 -11.9739 0 0 0 1 
27844314100021;0.300355;0.0913015;0.94814 -0.0162552 -0.317438 -3.19106 -0.00296983 0.998195 -0.0599855 -0.397098 0.31784 0.0578174 0.94638 10.8763 0 0 0 1 
27844314100022;0.628187;0.0754635;0.99995 0.00740043 0.00678186 0.596168 -0.00724907 0.99973 -0.0220771 -0.222218 -0.00694341 0.0220268 0.999733 -0.590158 0 0 0 1 
27844314100023;0.278091;0.0801769;0.996418 0.0060641 0.084343 0.572847 -0.00245068 0.999077 -0.0428797 -0.29167 -0.0845252 0.0425194 0.995514 -0.238683 0 0 0 1 
27844314100024;0.416131;0.27717;0.969101 0.00281925 -0.246648 -1.32731 -0.0123743 0.999231 -0.0371982 -0.324065 0.246353 0.0391009 0.968391 7.26183 0 0 0 1 
27844314100025;0.365706;0.312218;0.991849 -0.00901866 -0.127096 -1.15463 0.00873414 0.999958 -0.00279577 0.202208 0.127116 0.00166291 0.991886 2.65886 0 0 0 1 
27844314100026;0.38807;0.171833;0.983212 -0.0105045 0.182166 -0.503396 0.00157752 0.998794 0.0490808 0.022173 -0.182462 -0.0479694 0.982042 -7.93352 0 0 0 1 
27844314100027;0.827287;0.729041;0.980781 -0.0219527 -0.193873 -2.37216 -0.00357747 0.99146 -0.130363 -1.1304 0.195079 0.128551 0.972326 11.6964 0 0 0 1 
27844314100028;0.216847;0.151972;0.993474 -0.0214568 0.112022 -1.13868 0.0354918 0.991542 -0.12484 0.0257458 -0.108396 0.128001 0.985833 4.93147 0 0 0 1 
27844314100029;0.528223;0.393992;0.997005 0.0113247 0.0765001 0.949564 -0.00967863 0.999714 -0.0218539 -0.29219 -0.0767257 0.021048 0.99683 -1.28615 0 0 0 1 
27844314100031;1.32944;0.641263;0.999742 -0.0174889 -0.0144597 -0.0762691 0.0174083 0.999832 -0.0056802 0.0304194 0.0145566 0.00542702 0.999879 2.61233 0 0 0 1 
27844314100032;1.35252;1.00681;0.949847 0.0486193 -0.308913 -1.54865 0.0463419 0.955048 0.292806 1.83626 0.309263 -0.292436 0.904896 6.17196 0 0 0 1 
27844314100033;0.908498;0.496851;0.97464 0.019863 -0.222893 -0.915317 0.0328309 0.972582 0.23023 1.08478 0.221355 -0.231709 0.947266 4.96445 0 0 0 1 
27844314100034;0.315932;0.269813;0.99992 0.0116366 0.00502551 -0.089734 -0.0117224 0.99978 0.0174062 -0.186967 -0.00482185 -0.0174637 0.999836 -0.153938 0 0 0 1 
27844314100035;0.38412;0.175403;0.999552 -0.00485446 -0.0295278 0.0294006 0.00348639 0.998926 -0.046208 -0.127981 0.0297203 0.0460843 0.998495 -0.47261 0 0 0 1 
27844314100036;0.255516;0.147388;0.996902 0.0250615 0.074555 -0.0638187 -0.0372704 0.985222 0.167177 -0.093846 -0.0692635 -0.169438 0.983104 -0.127618 0 0 0 1 
27844314100037;0.704806;0.445506;0.999646 -0.0195954 0.0179981 0.204527 0.0220098 0.989102 -0.145581 -0.0841168 -0.0149492 0.145925 0.989183 0.179848 0 0 0 1 
27844314100038;1.02577;0.632112;0.996383 0.0158818 0.0834783 0.0266328 -0.0131775 0.999374 -0.0328468 0.0869836 -0.0839477 0.031628 0.995968 0.662835 0 0 0 1 
27844314100039;0.646323;0.214804;0.998362 -0.00885511 0.0565222 0.0207814 0.0205803 0.977401 -0.210388 -0.131476 -0.0533819 0.211207 0.975983 0.118136 0 0 0 1 
27844314100040;0.526776;0.401415;0.957385 0.00720497 0.288724 -0.226087 0.00274003 0.999417 -0.0340256 -0.319669 -0.288801 0.0333668 0.956807 -4.02999 0 0 0 1 
27844314100041;0.240913;0.176835;0.98685 -0.0275731 -0.159267 -0.292844 0.0181753 0.998023 -0.0601651 -0.0228748 0.160611 0.0564792 0.985401 1.86863 0 0 0 1 
27844314100042;1.10623;0.735776;0.999671 -0.0103985 -0.023438 0.122502 0.0115319 0.998744 0.0487556 -0.291075 0.0229016 -0.0490099 0.998536 -0.899426 0 0 0 1 
27844314100043;0.537176;0.396513;0.95078 0.0309889 0.308313 -0.408684 -0.116664 0.957573 0.263522 -1.19138 -0.287066 -0.286521 0.914056 -3.40141 0 0 0 1 
27844314100044;0.682374;0.386083;0.990941 -0.0114948 0.133804 0.24276 0.0300239 0.990075 -0.137299 0.0777313 -0.130898 0.140073 0.981451 -1.09643 0 0 0 1 
27844314100045;0.577329;0.34668;0.996656 -0.0158114 -0.080165 -0.0573425 0.0119931 0.998781 -0.0478902 0.211471 0.0808244 0.0467687 0.995631 -0.0425893 0 0 0 1 
27844314100046;0.842689;0.554123;0.978168 0.0275565 -0.20598 -0.818909 0.00135249 0.990304 0.138908 -0.188856 0.207811 -0.136154 0.968647 3.47252 0 0 0 1 
27844314100047;0.331521;0.317716;0.99973 0.0055523 0.0225611 -0.022097 -0.00491607 0.999591 -0.0281583 -0.0360744 -0.0227082 0.0280398 0.999349 -0.253735 0 0 0 1 
27844314100048;0.326512;0.236126;0.999706 -0.00564283 0.0235871 0.114026 0.0070517 0.998169 -0.0600808 -0.0108532 -0.0232049 0.0602295 0.997915 -0.0670849 0 0 0 1 
27844314100049;0.286094;0.161841;0.987069 0.00684968 -0.160149 -0.387998 -0.00128714 0.999393 0.0348116 -0.027056 0.16029 -0.0341553 0.986479 1.62989 0 0 0 1 
27844314100050;1.23172;0.864305;0.999761 0.00850555 -0.0201392 -0.235593 -0.00813966 0.999802 0.0181809 0.253632 0.0202898 -0.0180126 0.999632 1.837 0 0 0 1 
27844314100051;0.428034;0.177846;0.99973 -0.00296845 -0.0230332 -0.0617832 0.00257724 0.999852 -0.0169958 -0.0221584 0.0230802 0.0169319 0.99959 1.10876 0 0 0 1 
27844314100052;1.33827;0.882425;0.999538 -0.00919981 -0.0289582 0.252046 0.0124738 0.993288 0.114991 -0.241388 0.0277059 -0.115299 0.992944 -1.04587 0 0 0 1 
27844314100053;1.32669;0.712112;0.970523 -0.00664779 0.240916 0.258526 -0.0305519 0.988161 0.150344 -0.456831 -0.239064 -0.153273 0.958831 -0.31922 0 0 0 1 
27844314100054;0.560805;0.184935;0.990608 -0.00158016 0.13672 0.00920495 -0.00540185 0.9987 0.0506817 -0.282677 -0.136623 -0.0509443 0.989312 -0.430085 0 0 0 1 
27844314100055;0.956315;0.832921;0.999181 -0.00182352 0.0404214 0.0498725 0.00432388 0.998076 -0.0618565 0.187763 -0.0402308 0.0619807 0.997266 0.294904 0 0 0 1 
27844314100056;1.36899;1.01815;0.998092 -0.0162761 0.0595533 0.171231 0.0238487 0.991391 -0.128746 -0.261547 -0.0569452 0.129921 0.989888 0.000946146 0 0 0 1 
27844314100057;0.0905846;0.0487159;0.990796 -0.00264386 0.135336 0.00950179 0.00363033 0.999969 -0.00704279 -0.048688 -0.135313 0.00746929 0.990775 -1.6501 0 0 0 1 
27844314100058;0.707405;0.195941;0.999726 0.0200276 0.0120757 0.0520685 -0.0200059 0.999798 -0.00191481 -0.0185944 -0.0121116 0.0016727 0.999925 -1.49195 0 0 0 1 
27844314100059;0.65531;0.247233;0.892548 -0.00251392 0.450946 -1.02289 -0.0536732 0.992284 0.111766 -0.754196 -0.447747 -0.12396 0.885526 -6.2115 0 0 0 1 
27844314100060;1.27536;0.41515;0.981541 0.0171079 0.190485 -0.130613 -0.00581701 0.998201 -0.0596767 -0.605857 -0.191163 0.0574671 0.979875 -4.87561 0 0 0 1 
27844314100062;0.6633;0.487129;0.999971 -0.00751002 -0.00102865 -0.213939 0.00746672 0.999284 -0.0370826 -0.0107419 0.00130641 0.0370738 0.999312 0.588634 0 0 0 1 
27844314100063;1.6099;0.10057;0.994422 0.00812194 -0.105157 0.276881 -0.00936332 0.999892 -0.0113167 -0.107165 0.105054 0.0122382 0.994391 -0.405138 0 0 0 1 
27844314100064;1.94982;1.7577;0.998624 0.00327152 0.0523378 0.191864 -0.00082424 0.998908 -0.0467126 0.0535718 -0.0524335 0.0466052 0.997536 1.36604 0 0 0 1 
27844314100065;1.77485;0.755296;0.988746 0.0304574 0.146473 1.19227 -0.0858276 0.917399 0.388604 -3.17799 -0.122539 -0.396802 0.909688 -15.939 0 0 0 1 
27844314100066;1.08018;0.510847;0.99731 0.0182781 0.0709809 0.909177 -0.0222587 0.998199 0.0557004 -0.302881 -0.069835 -0.0571305 0.995921 -3.93846 0 0 0 1 
27844314100067;1.0783;0.520756;0.999496 -0.00581154 0.0311936 -0.217254 0.00539859 0.999897 0.0133064 0.167637 -0.0312677 -0.0131313 0.999425 0.392331 0 0 0 1 
27844314100068;0.329721;0.288494;0.99987 0.0138097 0.00833935 0.464765 -0.0140207 0.999569 0.0258056 -0.0796709 -0.00797938 -0.0259192 0.999632 -1.05167 0 0 0 1 
27844314100069;0.992581;0.750566;0.917977 -0.0147456 0.396359 -0.606508 0.0436294 0.996999 -0.0639556 0.385713 -0.394227 0.0760027 0.915865 -4.00955 0 0 0 1 
27844314100070;1.68809;1.13096;0.999742 0.00466296 -0.0222202 -0.0819379 -0.00410017 0.999671 0.0253065 0.00509141 0.0223309 -0.0252088 0.999433 1.2489 0 0 0 1 
27844314100071;2.20263;0.974882;0.986903 0.0319159 -0.158129 0.76372 0.009191 0.967516 0.252641 -0.458802 0.161055 -0.250786 0.954551 -8.10576 0 0 0 1 
27844314100072;0.844195;0.234365;0.919133 -0.0250561 -0.393151 -3.08999 -0.0268034 0.991685 -0.125864 -1.06179 0.393036 0.126224 0.910819 9.98068 0 0 0 1 
27844314100073;1.02691;0.537993;0.999389 0.00916036 0.033742 0.188562 -0.0145798 0.986343 0.164057 0.158335 -0.0317784 -0.164449 0.985874 -4.33427 0 0 0 1 
27844314100074;0.384882;0.334801;0.998316 0.00572196 0.0577308 0.289769 -0.0152526 0.986003 0.16603 -0.124923 -0.0559727 -0.166631 0.984429 -6.06959 0 0 0 1 
27844314100075;1.31596;0.601614;0.99779 0.00253446 -0.0664018 0.121356 -0.00449393 0.999558 -0.0293766 -0.0828417 0.066298 0.0296101 0.99736 0.221739 0 0 0 1 
27844314100076;1.20785;1.17956;0.999914 -0.00195621 0.0129896 -0.0443147 0.00172453 0.99984 0.0178232 0.117965 -0.0130224 -0.0177992 0.999757 -0.723197 0 0 0 1 
27844314100077;1.66098;0.421331;0.997999 0.0245918 -0.0582491 0.871361 -0.0197241 0.996378 0.0827149 -0.365657 0.0600723 -0.0814005 0.994869 -3.82567 0 0 0 1 
27844314100078;1.89852;1.64159;0.999994 -0.000733904 -0.00347391 0.0594073 0.000716877 0.999988 -0.00490009 0.151953 0.00347746 0.00489757 0.999982 -0.833533 0 0 0 1 
27844314100079;1.7021;1.51205;0.996445 0.00718553 0.0839359 0.464246 -0.0165855 0.993588 0.111836 -0.159062 -0.0825942 -0.112831 0.990175 -3.84397 0 0 0 1 
27844314100080;1.10438;0.469934;0.972172 -0.0129364 0.233911 -0.234958 -0.00524785 0.997021 0.0769511 -0.0151543 -0.234209 -0.0760373 0.969208 -6.88847 0 0 0 1 
27844314100081;0.430079;0.402477;0.999957 -0.00922788 0.000165359 -0.315311 0.00922919 0.999888 -0.0117905 0.150309 -5.65387e-05 0.0117915 0.99993 0.3722 0 0 0 1 
27844314100082;1.95213;1.45321;0.999275 0.0197331 0.0325546 0.516787 -0.0298048 0.937552 0.346566 -0.811715 -0.0236828 -0.347285 0.93746 -9.61696 0 0 0 1 
27844314100083;0.583263;0.241719;0.965866 0.00307931 0.259024 0.26728 -0.0239744 0.9967 0.0775485 -0.0799407 -0.25793 -0.0811114 0.962753 -6.69353 0 0 0 1 
27844314100084;0.503644;0.471095;0.99099 -0.00224431 0.133918 0.181865 -0.032036 0.966865 0.253269 -0.623752 -0.130049 -0.255277 0.958082 -9.9776 0 0 0 1 
27844314100085;0.720603;0.448838;0.997646 0.0279916 0.0625966 1.08033 -0.0422917 0.969757 0.240381 -0.935715 -0.0539748 -0.242463 0.968658 -8.87165 0 0 0 1 
27844314100086;1.70425;1.40674;0.995896 0.0481291 -0.0766463 1.20507 -0.0210848 0.946957 0.320666 -1.01578 0.0880141 -0.317734 0.944086 -9.56632 0 0 0 1 
27844314100087;1.08193;0.849945;0.978264 -0.033372 -0.204661 -1.78621 0.00625719 0.991266 -0.131727 -0.516592 0.20727 0.127583 0.969929 5.86676 0 0 0 1 
27844314100088;1.41218;0.810885;0.998122 -0.0133065 0.059788 -0.421363 0.0186154 0.995846 -0.0891347 -0.0396002 -0.0583535 0.0900803 0.994224 3.46914 0 0 0 1 
27844314100089;0.394008;0.337754;0.998561 0.00650898 -0.0532284 -0.0285294 -0.00717999 0.999897 -0.0124246 -0.0827573 0.053142 0.0127889 0.998505 1.07399 0 0 0 1 
27844314100090;1.35838;0.723657;0.990611 -0.0376139 -0.131436 -1.273 0.00196428 0.965223 -0.26142 -1.48038 0.136698 0.258707 0.956234 8.32913 0 0 0 1 
27844314100091;1.04859;1.03671;0.999426 -0.000158449 -0.0338866 -0.161698 0.00260821 0.997382 0.0722608 0.207989 0.0337865 -0.0723077 0.99681 -1.84824 0 0 0 1 
27844314100093;0.967031;0.413209;0.995027 -0.0437032 -0.0895042 -4.51428 0.0313468 0.990339 -0.135078 -0.399734 0.0945428 0.131601 0.986784 16.9324 0 0 0 1 
27844314100094;1.92323;0.225139;0.972355 0.0588947 -0.225957 3.58077 -0.0127272 0.979599 0.20056 -0.932295 0.233159 -0.192139 0.953268 -8.39104 0 0 0 1 
27844314100095;0.873202;0.502218;0.992181 -0.00890398 0.124487 -0.197213 -0.033479 0.941906 0.334203 -5.31279 -0.120231 -0.335758 0.934244 -36.2881 0 0 0 1 
27844314100096;0.430323;0.410841;0.990176 0.0180171 -0.138661 0.934199 -0.0170616 0.999822 0.00807636 -0.595137 0.138782 -0.00563123 0.990307 4.218 0 0 0 1 
27844314100097;1.73872;1.06932;0.99984 -0.0175839 0.00326837 -1.38352 0.0175364 0.999748 0.014038 0.818783 -0.00351438 -0.0139784 0.999896 -0.121595 0 0 0 1 
27844314100098;0.721991;0.436292;0.999819 0.0169826 0.00858595 1.9185 -0.0180616 0.988949 0.147148 -1.10697 -0.00599212 -0.147277 0.989077 -13.7112 0 0 0 1 
27844314100099;0.836004;0.77732;0.999129 -0.0216237 -0.0356778 -2.28964 0.0237183 0.997954 0.0593702 0.855074 0.034321 -0.0601647 0.997598 -4.83435 0 0 0 1 
27844314100100;2.4061;0.279195;0.999589 -0.0260815 -0.0118719 -2.24459 0.0283402 0.961104 0.274728 -0.675955 0.00424481 -0.274952 0.961449 -23.8484 0 0 0 1 
27844314100101;0.366989;0.292905;0.99984 0.0076062 -0.0161841 0.800488 -0.000462626 0.91573 0.401794 -6.77778 0.0178764 -0.401722 0.915587 -38.642 0 0 0 1 
27844314100102;1.52564;1.24053;0.975437 -0.0323362 0.217892 -3.14027 0.0838385 0.96922 -0.231483 -1.38063 -0.2037 0.244065 0.948124 16.5609 0 0 0 1 
27844314100103;2.09748;0.345862;0.999934 0.0036828 -0.0108395 0.890982 -0.00361212 0.999972 0.00653229 -0.208719 0.0108633 -0.00649271 0.99992 -2.62449 0 0 0 1 
27844314100104;0.507469;0.339865;0.999124 0.0414047 -0.00608274 4.16818 -0.0413176 0.999051 0.0138099 -1.39914 0.00664876 -0.0135464 0.999886 -1.62868 0 0 0 1 
27844314100105;1.7041;1.86247;0.999267 -0.0255654 0.0285079 -2.15303 0.02982 0.986584 -0.160505 -0.873646 -0.0240221 0.161238 0.986623 14.5506 0 0 0 1 
27844314100106;0.621555;0.300767;0.975465 0.029459 -0.218174 1.73574 -0.00848958 0.995303 0.0964336 -0.536581 0.21999 -0.0922154 0.971134 -1.65446 0 0 0 1 
27844314100107;0.153647;0.261711;0.997115 -0.0753901 -0.00877651 -7.34185 0.075398 0.997153 0.000574695 2.59391 0.0087082 -0.00123477 0.999961 0.170719 0 0 0 1 
27844314100108;1.53872;0.254599;0.998922 0.0277742 -0.0371933 3.73954 -0.0325497 0.990358 -0.134652 -1.42091 0.0330949 0.135718 0.990195 15.6475 0 0 0 1 
27844314100109;1.60611;0.827427;0.999459 -0.00207248 -0.0328377 -0.461695 0.00430371 0.997674 0.0680229 -0.0684262 0.0326204 -0.0681274 0.997143 -6.93915 0 0 0 1 
27844314100110;2.36031;0.800896;0.999148 0.0409407 -0.00522235 5.1278 -0.0412484 0.994854 -0.0925387 -3.10001 0.00140688 0.0926753 0.995695 11.0695 0 0 0 1 
27844314100111;0.227132;0.22603;0.968143 0.0486176 -0.245634 2.7776 -0.000565917 0.981392 0.192014 -0.885676 0.250398 -0.185758 0.950155 -9.36535 0 0 0 1 
27844314100112;2.20462;1.9719;0.998912 -0.0440595 -0.0153061 -4.2688 0.0376159 0.955015 -0.294164 -3.95138 0.0275783 0.293268 0.955633 28.1822 0 0 0 1 
27844314100113;2.4063;0.306988;0.994104 -0.0685379 0.0840211 -6.32498 0.0811059 0.984312 -0.156688 0.55237 -0.071964 0.162578 0.984068 16.1281 0 0 0 1 
27844314100114;0.335195;0.190362;0.980645 -0.035672 0.192516 -3.43022 0.0527969 0.995018 -0.084568 1.14522 -0.18854 0.0930954 0.977643 2.13356 0 0 0 1 
27844314100115;1.83608;0.280765;0.998513 0.0544251 -0.00322171 7.50762 -0.0543654 0.998387 0.0163808 -1.1321 0.00410803 -0.0161813 0.999861 -0.955428 0 0 0 1 
27844314100116;1.89876;1.49999;0.977057 -0.00366561 0.212946 0.0724272 -0.0141323 0.996532 0.081997 -0.118188 -0.212508 -0.0831252 0.973617 -14.1904 0 0 0 1 
27844314100117;2.29451;0.711827;0.991788 0.0339069 -0.123319 2.64679 -0.00107001 0.966383 0.257104 -1.98952 0.127891 -0.254861 0.958483 -17.8093 0 0 0 1 
27844314100118;2.1601;2.29656;0.999809 -0.0102573 0.0166329 -0.633106 0.0105981 0.999733 -0.0205345 0.307924 -0.0164178 0.0207068 0.999651 1.79545 0 0 0 1 
27844314100119;1.47956;0.689077;0.999941 0.0103947 -0.00306353 1.57649 -0.0102305 0.998724 0.0494624 -0.554479 0.00357376 -0.0494282 0.998771 -5.90292 0 0 0 1 
27844314100120;0.852594;0.437019;0.978405 -0.0408041 -0.202629 -5.20982 -0.0025279 0.977885 -0.209127 -2.93837 0.206681 0.205123 0.956665 27.9035 0 0 0 1 
27844314100121;1.87824;0.682955;0.998092 -0.00918841 0.0610547 -0.276444 0.00777246 0.999696 0.0233886 0.214832 -0.061251 -0.0228695 0.99786 -6.44186 0 0 0 1 
27844314100122;1.73464;0.26549;0.968862 -0.0208501 -0.24672 -2.10731 0.0185884 0.999761 -0.011493 1.74312 0.246901 0.00654901 0.969019 8.3924 0 0 0 1 
27844314100124;0.405551;0.171916;0.997505 -0.0532511 -0.0463542 -4.62382 0.0579358 0.992633 0.106406 1.85842 0.0403465 -0.108826 0.993242 -7.85731 0 0 0 1 
27844314100125;0.438401;0.175116;0.906924 -0.0963842 0.41012 -10.8632 0.143951 0.985784 -0.0866534 3.33546 -0.395938 0.137625 0.907906 -1.95899 0 0 0 1 
27844314100126;1.24567;0.164356;0.978626 -0.200289 -0.046644 -19.733 0.196601 0.977724 -0.0735037 2.84238 0.060327 0.0627624 0.996204 6.94116 0 0 0 1 
27844314100127;1.48846;0.631334;0.999479 0.0199143 -0.025398 0.873489 -0.0181651 0.997565 0.0673362 -1.13053 0.0266771 -0.0668398 0.997407 -2.51485 0 0 0 1 
27844314100128;1.19785;0.156794;0.996787 -0.0166309 -0.0783523 -2.07212 0.0121534 0.998284 -0.0572797 0.38235 0.0791704 0.0561435 0.995279 5.81959 0 0 0 1 
27844314100129;1.23822;0.180161;0.988774 0.14901 0.0110411 10.917 -0.147901 0.986563 -0.0694124 -7.32275 -0.0212359 0.0670002 0.997527 6.40258 0 0 0 1 
27844314100130;0.532996;0.181829;0.982133 0.0101616 -0.187912 -0.284649 -0.0497432 0.977044 -0.207151 -4.0335 0.181493 0.212797 0.960093 24.5988 0 0 0 1 
27844314100131;0.768744;0.159444;0.983508 0.179774 -0.0198283 15.1766 -0.171779 0.962781 0.208674 -9.12228 0.0566045 -0.201826 0.977784 -14.7855 0 0 0 1 
27844314100132;0.304449;0.156098;0.990036 0.0557478 -0.129307 3.81458 -0.0308333 0.981834 0.187221 -2.22142 0.137395 -0.181369 0.97377 -11.5548 0 0 0 1 
27844314100133;0.242712;0.167858;0.971599 -0.100638 -0.214165 -10.9227 0.02544 0.944234 -0.328292 -5.394 0.23526 0.31352 0.919977 35.853 0 0 0 1 
27844314100134;1.30166;0.164581;0.97105 0.0417805 0.235193 3.19784 -0.0385326 0.999088 -0.0183902 -1.24534 -0.235747 0.00879523 0.971775 -9.46414 0 0 0 1 
27844314100135;0.261851;0.170839;0.993426 -0.0995207 0.0565796 -8.768 0.0973448 0.994447 0.04 3.17724 -0.0602462 -0.0342293 0.997596 -4.90942 0 0 0 1 
27844314100136;1.42144;0.183075;0.990836 0.134838 0.00793556 11.3849 -0.133423 0.986207 -0.0979508 -7.89435 -0.0210336 0.0959943 0.99516 9.55803 0 0 0 1 
27844314100137;1.20547;0.492607;0.996228 -0.0647926 0.0577214 -6.22639 0.0807126 0.936154 -0.342199 -4.85565 -0.0318642 0.345567 0.937853 30.8628 0 0 0 1 
27844314100138;0.244336;0.171618;0.993918 0.0286845 -0.106321 1.77904 -0.0479135 0.981947 -0.182987 -3.95043 0.0991529 0.186968 0.977349 19.7129 0 0 0 1 
27844314100139;1.59431;0.174629;0.998881 -0.0472854 8.54168e-05 -3.32325 0.0472824 0.998835 0.00961474 -0.553714 -0.000539954 -0.00959995 0.999954 -1.8794 0 0 0 1 
27844314100140;0.22734;0.164485;0.995473 -0.0938632 0.0149715 -8.52429 0.0941111 0.99542 -0.0168161 3.04535 -0.0133245 0.0181489 0.999747 1.28405 0 0 0 1 
27844314100141;0.358346;0.157934;0.953492 -0.212712 -0.213555 -21.3309 0.169646 0.96435 -0.203098 2.2255 0.249143 0.157423 0.955587 22.3006 0 0 0 1 
27844314100142;0.117962;0.181243;0.994606 0.101908 0.0193414 8.72061 -0.100763 0.993496 -0.0530281 -4.35196 -0.0246196 0.0507932 0.998406 3.78649 0 0 0 1 
27844314100143;1.8568;1.60234;0.999625 0.0243105 0.012589 2.38753 -0.0227249 0.993264 -0.11362 -3.12239 -0.0152663 0.113291 0.993445 9.61292 0 0 0 1 
27844314100144;0.573265;0.16795;0.987614 -0.00115957 -0.156898 -1.82862 0.0044076 0.999783 0.0203552 0.818065 0.15684 -0.0207946 0.987405 3.60179 0 0 0 1 
27844314100145;0.564902;0.50842;0.993243 -0.0593276 -0.0997381 -6.12711 0.0456408 0.989888 -0.134305 0.209241 0.106698 0.128845 0.985908 15.3131 0 0 0 1 
27844314100146;0.457208;0.150588;0.999595 0.0199703 0.0202839 1.56172 -0.0206358 0.999237 0.0331474 -0.752633 -0.0196065 -0.0335525 0.999245 -2.69467 0 0 0 1 
27844314100147;0.839697;0.172727;0.994713 -0.0412029 -0.0940641 -5.24229 0.0514922 0.992628 0.109721 1.64323 0.0888498 -0.113985 0.989501 -8.02985 0 0 0 1 
27844314100148;1.27087;0.169992;0.999321 0.00199386 0.0367958 -1.37872 0.00412027 0.986228 -0.165341 -3.21382 -0.0366187 0.165381 0.98555 13.4648 0 0 0 1 
27844314100149;0.814525;0.190098;0.993564 0.00616275 0.1131 -0.128678 0.0515702 0.86441 -0.500136 -11.3012 -0.100847 0.50275 0.858529 41.2061 0 0 0 1 
27844314100150;1.30625;0.930199;0.997127 0.00465532 0.0755997 -1.58887 0.0186713 0.952201 -0.304902 -6.59586 -0.0734055 0.305438 0.949378 23.3318 0 0 0 1 
27844314100151;1.21483;0.803338;0.986516 -0.0751844 0.145372 -6.75066 0.0771696 0.996985 -0.00805735 2.70676 -0.144328 0.019167 0.989344 -2.00121 0 0 0 1 
27844314100152;0.850848;1.07491;0.979206 -0.0173173 0.202126 -2.42677 0.0693913 0.964842 -0.253505 -1.93882 -0.190629 0.26226 0.945981 16.2018 0 0 0 1 
27844314100153;1.33869;0.160755;0.985427 0.146643 0.086195 10.717 -0.148465 0.988802 0.0150905 -7.19518 -0.0830169 -0.0276675 0.996164 -5.80681 0 0 0 1 
27844314100155;1.31103;1.20518;0.997376 -0.0522623 -0.0501001 -2.59366 0.0415552 0.979931 -0.194956 -0.754993 0.0592835 0.192362 0.979532 10.3057 0 0 0 1 
27844314100156;0.173499;0.205934;0.999644 -0.0131812 -0.0232096 -0.912 0.0135902 0.999754 0.0175522 0.565893 0.0229726 -0.0178613 0.999577 -0.429378 0 0 0 1 
27844314100157;1.77732;0.907337;0.994369 0.0292548 -0.101854 0.778544 -0.0187762 0.99457 0.102357 0.111885 0.104295 -0.0998685 0.989519 -3.66215 0 0 0 1 
27844314100158;2.31932;0.218693;0.975212 0.0797429 -0.206404 1.31223 0.0232724 0.890667 0.454061 -0.71819 0.220045 -0.447609 0.866733 -14.8206 0 0 0 1 
27844314100159;1.17995;0.214984;0.994819 0.0805577 -0.0620077 3.31805 -0.0758416 0.994296 0.0749839 -1.61257 0.0676946 -0.0698927 0.995255 -3.02916 0 0 0 1 
27844314100160;1.94121;0.687033;0.98168 -0.0334743 -0.187576 -2.92441 0.0386034 0.998972 0.0237573 1.41526 0.186588 -0.0305632 0.981963 4.64456 0 0 0 1 
27844314100161;0.541664;0.511942;0.992227 0.0182649 -0.123093 -0.0932979 -0.0325425 0.992832 -0.115 -1.34782 0.12011 0.118111 0.98571 8.58214 0 0 0 1 
27844314100162;1.51732;1.38415;0.999366 -0.0106796 -0.0339571 -0.976872 0.0106709 0.999943 -0.00043554 0.378892 0.0339598 7.29109e-05 0.999423 1.40926 0 0 0 1 
27844314100163;1.36524;1.04383;0.998988 -0.0225062 -0.0389354 -1.49189 0.0204097 0.998363 -0.0534301 0.122539 0.0400741 0.0525813 0.997812 2.78802 0 0 0 1 
27844314100164;0.587208;0.328324;0.999477 -0.0310102 -0.00921292 -1.70789 0.0314709 0.997991 0.0549827 1.15754 0.00748939 -0.0552438 0.998445 -1.87181 0 0 0 1 
27844314100165;1.53313;0.275726;0.99942 0.033831 -0.00397412 1.99909 -0.0337322 0.999172 0.022751 -1.61368 0.00474051 -0.0226037 0.999733 0.137133 0 0 0 1 
27844314100166;0.330265;0.30444;0.997212 -0.0477213 -0.0573596 -2.58682 0.0417599 0.994012 -0.100979 0.279918 0.0618349 0.0983017 0.993234 6.12532 0 0 0 1 
27844314100167;0.903395;0.505576;0.998046 -0.0314587 0.0539914 -1.29592 0.0410559 0.981492 -0.187052 -0.836858 -0.0471077 0.188903 0.980865 6.88543 0 0 0 1 
27844314100168;2.432;0.264036;0.995121 -0.0396083 0.0903679 -1.60867 0.0374764 0.998981 0.0251684 0.320223 -0.0912726 -0.0216589 0.99559 -0.487853 0 0 0 1 
27844314100169;1.16953;0.898223;0.939886 0.0446732 0.338553 2.26656 0.0654544 0.949457 -0.306998 -2.42392 -0.335156 0.310703 0.889457 6.67629 0 0 0 1 
27844314100170;0.524881;0.279977;0.981415 -0.0505015 -0.185135 -3.37517 0.0722307 0.991015 0.11257 1.4815 0.177786 -0.12385 0.976244 -1.80459 0 0 0 1 
27844314100171;2.35705;0.31908;0.964138 0.03351 0.263278 1.52617 0.00198321 0.99106 -0.133405 -0.368893 -0.265394 0.129143 0.955452 -2.49758 0 0 0 1 
27844314100172;0.422262;0.212921;0.997201 0.0216129 -0.0715773 0.267012 -0.0171025 0.997865 0.0630384 0.351289 0.0727869 -0.0616378 0.995441 -1.28135 0 0 0 1 
27844314100173;0.404553;0.279513;0.997495 -0.0210997 -0.0675151 -1.28498 0.0286545 0.993186 0.112965 0.697025 0.0646715 -0.114617 0.991302 -3.75031 0 0 0 1 
27844314100174;0.99992;0.72664;0.999625 0.0190534 -0.0196662 0.577094 -0.0180939 0.99869 0.0478635 -0.242678 0.0205524 -0.0474897 0.99866 -2.22051 0 0 0 1 
27844314100175;0.837078;0.312255;0.999578 0.0262422 -0.0124534 0.771883 -0.025887 0.999276 0.0278716 0.464181 0.0131758 -0.0275374 0.999534 -1.26278 0 0 0 1 
27844314100176;0.793248;0.511785;0.997853 -0.00628054 -0.0651866 -0.789289 -0.0151325 0.94634 -0.322819 -4.09232 0.0637161 0.323113 0.944213 16.9398 0 0 0 1 
27844314100177;2.13358;0.221866;0.999923 -0.00668923 -0.0104899 -0.298528 0.00683752 0.999876 0.0141645 0.55776 0.0103938 -0.0142351 0.999845 -2.785 0 0 0 1 
27844314100178;1.06641;1.04571;0.998183 -0.0275755 -0.05357 -1.53711 0.027158 0.999595 -0.0085068 0.497384 0.0537829 0.00703649 0.998528 1.40406 0 0 0 1 
27844314100179;2.46162;0.66981;0.96472 -0.0245637 -0.262129 -2.65081 -0.0145818 0.989125 -0.146355 -0.719968 0.262873 0.145014 0.95387 10.1874 0 0 0 1 
27844314100180;2.13141;1.55493;0.965264 0.0466431 0.257079 2.05384 -0.102357 0.972796 0.207825 -3.04881 -0.240392 -0.22692 0.943779 -16.745 0 0 0 1 
27844314100181;0.683715;0.412569;0.999584 0.0245413 0.0151383 1.09709 -0.0252388 0.998541 0.047747 -0.13655 -0.0139445 -0.0481092 0.998745 -1.91399 0 0 0 1 
27844314100182;1.078;0.257589;0.982109 -0.0743209 0.173029 -3.18004 0.0623934 0.99535 0.0733882 1.29131 -0.177678 -0.0612794 0.982179 -5.78754 0 0 0 1 
27844314100183;1.04239;0.512429;0.909202 -0.0485409 0.413516 -2.61675 -0.0455518 0.975622 0.214679 -0.880651 -0.413856 -0.214023 0.884826 -18.776 0 0 0 1 
27844314100184;1.3844;0.270922;0.983805 -0.0320769 0.176347 -1.01571 0.015121 0.995202 0.0966665 -0.740499 -0.178601 -0.0924345 0.97957 -8.63417 0 0 0 1 
27844314100186;0.793481;0.150427;0.972525 0.104463 -0.208044 5.2753 -0.0523348 0.968899 0.241857 -2.4163 0.226838 -0.224325 0.947746 -7.3595 0 0 0 1 
27844314100187;1.90684;0.92233;0.999894 0.0127961 0.00690066 1.04702 -0.0127473 0.999894 -0.00707698 -0.362496 -0.00699048 0.00698827 0.999951 1.60423 0 0 0 1 
27844314100188;0.899725;0.434106;0.912453 1.98455e-05 0.409182 -0.873153 -0.02221 0.998528 0.0494786 -0.761932 -0.408579 -0.0542348 0.91111 -18.6179 0 0 0 1 
27844314100189;2.92803;2.7402;0.996328 -0.0262442 -0.0815019 -2.32067 0.017238 0.993859 -0.109302 -0.659286 0.08387 0.107495 0.990662 10.3223 0 0 0 1 
27844314100190;2.25734;1.72158;0.999106 0.023367 -0.0352445 1.65031 -0.0286839 0.986891 -0.15882 -2.80842 0.0310713 0.159689 0.986678 12.6964 0 0 0 1 
27844314100191;2.96618;1.1928;0.988652 -0.0171066 0.149244 -0.632505 0.0721595 0.925449 -0.371936 -5.25221 -0.131755 0.378485 0.916182 23.1689 0 0 0 1 
27844314100192;2.51273;1.86432;0.931473 -0.0272869 -0.362785 -5.43889 -0.00593728 0.99591 -0.090152 -1.2694 0.363761 0.0861281 0.927502 17.714 0 0 0 1 
27844314100193;1.47826;0.965151;0.995024 0.0266674 -0.0959971 1.26806 -0.0203987 0.997631 0.0657005 -0.524197 0.0975218 -0.0634153 0.993211 -0.28425 0 0 0 1 
27844314100194;2.31253;1.45841;0.969709 0.0226669 -0.24321 -1.04595 -0.01474 0.999301 0.0343636 -0.258418 0.243819 -0.0297378 0.969365 7.35185 0 0 0 1 
27844314100195;2.39108;0.334651;0.991565 -0.0602899 -0.114737 -4.10733 0.0240439 0.955425 -0.294252 -3.17142 0.127363 0.289011 0.948816 21.6738 0 0 0 1 
27844314100196;0.463067;0.437523;0.995918 0.0150533 0.0889983 1.59824 -0.0211918 0.99743 0.0684362 -0.662361 -0.0877394 -0.0700429 0.993678 -7.96145 0 0 0 1 
27844314100197;2.03095;1.98132;0.995585 -0.0200188 -0.0917028 -1.7528 0.00907169 0.99294 -0.118272 -0.752924 0.093423 0.116918 0.988738 10.0966 0 0 0 1 
27844314100198;1.85236;1.22932;0.987054 -0.0128545 -0.159869 -1.90488 0.0200997 0.998839 0.0437849 0.493253 0.159121 -0.0464314 0.986167 3.08017 0 0 0 1 
27844314100199;0.504668;0.326168;0.998838 -0.0153937 -0.0456759 -1.07847 0.0210034 0.991934 0.125 0.667501 0.0433833 -0.125814 0.991105 -7.70269 0 0 0 1 
27844314100200;2.93423;1.26945;0.999433 -0.0321162 0.0101363 -1.83947 0.0329147 0.995203 -0.092131 0.575758 -0.00712876 0.0924123 0.995695 3.32861 0 0 0 1 
27844314100201;1.21539;0.600339;0.988941 0.0107088 0.147923 1.24959 -0.0387488 0.981403 0.188007 -1.96963 -0.143159 -0.191659 0.970965 -18.9389 0 0 0 1 
27844314100202;1.66781;0.434873;0.948458 0.0684566 -0.30942 1.09999 -0.031069 0.991772 0.124186 -0.764945 0.315376 -0.108172 0.942781 4.20753 0 0 0 1 
27844314100203;0.429271;0.519763;0.930032 -0.0241793 0.366683 -1.89094 -0.0621628 0.973101 0.221832 -2.89523 -0.362184 -0.229105 0.903512 -28.4306 0 0 0 1 
27844314100204;0.64969;0.739652;0.922488 0.0382741 -0.384124 -1.63054 0.0406497 0.979909 0.19526 0.788934 0.38388 -0.195739 0.902398 -1.35058 0 0 0 1 
27844314100205;2.89316;2.46457;0.995975 -0.00492226 -0.089497 -0.530537 0.00234859 0.999581 -0.0288396 -0.280782 0.0896015 0.0285133 0.995569 3.59545 0 0 0 1 
27844314100206;1.28236;0.890053;0.997779 -0.0181472 0.0640922 -0.615546 0.0299487 0.981657 -0.188289 -1.50925 -0.0594996 0.18979 0.98002 10.6475 0 0 0 1 
27844314100207;1.92404;0.786289;0.977343 0.0729592 -0.198688 3.18537 -0.0518633 0.992645 0.109389 -1.61318 0.205208 -0.0966061 0.973939 1.72459 0 0 0 1 
27844314100208;1.88311;0.369592;0.917651 8.66022e-05 0.397388 -0.964632 0.0600368 0.988492 -0.138853 0.577701 -0.392827 0.151276 0.907085 -5.21056 0 0 0 1 
27844314100209;2.33052;0.260794;0.999368 0.0313998 0.0166645 2.63385 -0.0318797 0.99906 0.02936 -0.980491 -0.0157269 -0.0298727 0.99943 -4.82309 0 0 0 1 
27844314100210;0.530209;0.573205;0.995593 -0.0143919 0.092673 -0.342339 0.0225368 0.995914 -0.0874521 -0.122963 -0.0910357 0.0891552 0.991849 2.60676 0 0 0 1 
27844314100211;2.44996;1.06841;0.998051 0.0114265 -0.0613462 0.384293 -0.011838 0.99991 -0.00634848 -0.346721 0.0612681 0.00706232 0.998096 4.49145 0 0 0 1 
27844314100212;2.84301;0.706007;0.997906 0.0232628 -0.0603503 1.91564 -0.0264918 0.998229 -0.0532681 -0.590266 0.0590042 0.0547553 0.996755 3.03856 0 0 0 1 
27844314100213;1.50297;0.956707;0.998871 -0.0168346 0.0444128 -0.574893 0.0238016 0.986612 -0.161337 -1.25495 -0.0411021 0.162212 0.9859 9.7923 0 0 0 1 
27844314100214;0.564234;0.342633;0.987171 -0.0993228 0.125014 -6.41027 0.0995014 0.995026 0.00483068 2.85598 -0.124872 0.00767034 0.992143 -3.32706 0 0 0 1 
27844314100215;0.386204;0.460758;0.994349 -0.00394856 -0.106087 -0.788075 -0.00169463 0.99859 -0.0530514 -0.502361 0.106146 0.0529314 0.992941 6.92002 0 0 0 1 
27844314100217;0.459527;0.929719;0.996015 0.00889115 -0.0887432 0.264 -0.0103854 0.999812 -0.01639 -0.699307 0.0885808 0.0172463 0.99592 2.85368 0 0 0 1 
27844314100218;2.20727;0.227393;0.998765 0.0444028 -0.0223122 0.810024 -0.0445939 0.998972 -0.00814247 -1.70534 0.0219278 0.0091274 0.999718 3.5265 0 0 0 1 
27844314100219;2.19715;0.441614;0.998196 -0.0565116 -0.0202617 -1.1765 0.0557914 0.997846 -0.0345043 1.48467 0.022168 0.0333116 0.999199 3.96371 0 0 0 1 
27844314100220;1.31114;0.0592074;0.997773 -0.0155648 -0.0648667 0.625937 0.0139459 0.999582 -0.025336 -0.712149 0.0652339 0.024375 0.997572 2.29439 0 0 0 1 
27844314100221;1.65894;1.71935;0.999753 0.00856449 0.0205078 0.38934 -0.00911668 0.999594 0.0269856 -0.1382 -0.0202683 -0.0271659 0.999425 -0.596806 0 0 0 1 
27844314100222;1.73745;0.690679;0.976738 0.0982959 -0.190578 1.25948 -0.0783275 0.990881 0.109635 -2.72787 0.199617 -0.0921576 0.975531 5.06219 0 0 0 1 
27844314100223;2.40198;1.48311;0.998803 0.0139577 -0.0468848 0.655995 -0.0141565 0.999892 -0.00391046 -0.090781 0.0468252 0.0045695 0.998893 3.04629 0 0 0 1 
27844314100224;0.843273;0.86641;0.998829 0.0400288 -0.0271873 0.836844 -0.0377337 0.996061 0.0802427 -1.11736 0.0302922 -0.0791228 0.996405 -0.270574 0 0 0 1 
27844314100225;1.09219;1.29566;0.999902 -8.25565e-05 0.0139928 0.394207 0.000951452 0.998069 -0.0621005 -0.0111304 -0.0139607 0.0621078 0.997972 0.782437 0 0 0 1 
27844314100226;2.28577;0.27004;0.929967 0.250381 -0.269203 1.6351 -0.17964 0.948347 0.261472 -6.20897 0.320765 -0.194801 0.92691 8.41861 0 0 0 1 
27844314100227;0.739768;1.02715;0.990134 0.0412812 -0.133903 0.638886 -0.0372959 0.998787 0.032137 -1.09053 0.135068 -0.0268259 0.990473 3.84448 0 0 0 1 
27844314100228;0.965544;0.0602389;0.990127 0.085397 -0.111161 1.31002 -0.0814183 0.995883 0.0398613 -2.9207 0.114107 -0.0304172 0.993003 3.8534 0 0 0 1 
27844314100229;0.882458;0.862782;0.964089 0.0154548 0.265128 0.853337 0.0303971 0.985323 -0.16797 -0.0673912 -0.263832 0.169997 0.94947 -5.91109 0 0 0 1 
27844314100230;0.333053;0.0782548;0.952459 0.151775 -0.264172 0.122141 -0.0604964 0.944032 0.32426 -1.61393 0.298602 -0.292862 0.908333 3.05998 0 0 0 1 
27844314100231;2.08116;0.163438;0.995047 -0.0471061 0.0875408 -0.344178 0.0489686 0.998615 -0.0192504 1.00627 -0.0865127 0.0234418 0.995975 0.285051 0 0 0 1 
27844314100232;2.3687;2.1629;0.999742 -0.00417732 -0.0223206 0.00491336 0.00354965 0.999599 -0.0280867 0.377154 0.0224289 0.0280002 0.999356 0.0658011 0 0 0 1 
27844314100233;0.91161;0.821239;0.999314 0.030959 -0.0203223 1.26684 -0.0306567 0.999417 0.0150224 -0.862464 0.0207756 -0.0143891 0.999681 -0.550546 0 0 0 1 
27844314100234;2.15311;0.903402;0.997223 0.00631996 0.0742036 1.32753 -0.006785 0.999959 0.00601671 0.304174 -0.0741626 -0.00650347 0.997225 -5.00445 0 0 0 1 
27844314100235;1.5865;1.35124;0.94083 0.002772 -0.338867 -3.4861 -0.0184016 0.998909 -0.042919 -0.823046 0.338378 0.0466152 0.939855 10.7108 0 0 0 1 
27844314100236;0.801975;0.817033;0.999926 0.0075809 -0.00952409 0.605302 -0.00826449 0.99723 -0.0739152 -0.390504 0.00893737 0.0739885 0.997219 1.56814 0 0 0 1 
27844314100237;0.36254;0.421986;0.9951 0.0671126 -0.0726101 0.894434 -0.0637995 0.996854 0.0470266 -1.95851 0.0755377 -0.0421637 0.996251 1.70429 0 0 0 1 
27844314100238;0.509991;0.410212;0.995517 -0.00462414 -0.0944726 -0.0661215 -0.0303043 0.93056 -0.364883 -3.63456 0.0895997 0.36611 0.926248 8.89263 0 0 0 1 
27844314100239;2.45541;1.50714;0.999206 0.0284277 -0.0279211 0.323416 -0.0277741 0.999337 0.0235227 -0.671504 0.0285713 -0.0227285 0.999333 2.92038 0 0 0 1 
27844314100240;0.531694;0.201484;0.996539 -0.078984 0.025911 -1.5759 0.0783828 0.996647 0.0234499 2.2028 -0.0276763 -0.0213378 0.999389 -0.736129 0 0 0 1 
27844314100241;1.90316;0.230609;0.99667 -0.0717782 0.0386833 0.546729 0.0688807 0.995049 0.0716455 2.96345 -0.0436344 -0.0687425 0.99668 -3.82439 0 0 0 1 
27844314100242;0.857743;0.206065;0.987452 0.029762 0.155088 1.15278 -0.0341664 0.999083 0.0258112 -0.661512 -0.154177 -0.0307862 0.987563 -4.55741 0 0 0 1 
27844314100243;1.52979;1.82282;0.989916 -0.0057435 -0.14154 -0.578536 -0.00103068 0.998859 -0.0477407 0.0274845 0.141653 0.0474052 0.988781 4.78329 0 0 0 1 
27844314100244;1.45043;0.975667;0.987015 0.0874695 -0.134721 0.655171 -0.0414167 0.948953 0.312688 -0.826223 0.155194 -0.303048 0.940253 0.160115 0 0 0 1 
27844314100245;0.353496;0.548039;0.997512 0.0518378 0.0477739 1.53647 -0.060623 0.97666 0.206058 -1.42933 -0.0359773 -0.208442 0.977373 -4.94136 0 0 0 1 
27844314100246;0.304746;0.0556692;0.994647 0.0975413 0.0341124 1.65842 -0.0891284 0.976857 -0.194437 -4.2853 -0.0522885 0.190356 0.980322 1.81468 0 0 0 1 
27844314100248;1.91005;1.7068;0.999935 -0.00645045 0.00940028 -0.421787 0.00611528 0.99936 0.0352576 0.405549 -0.00962169 -0.0351978 0.999334 -2.43529 0 0 0 1 
27844314100249;1.74539;0.891913;0.919693 0.013252 0.392415 1.19117 0.0183752 0.996883 -0.0767308 0.155862 -0.392208 0.0777795 0.916582 4.30731 0 0 0 1 
27844314100250;2.4193;1.99062;0.889025 0.0309463 -0.456812 0.904493 -0.0271356 0.999521 0.0149017 -0.364568 0.457054 -0.000852103 0.889439 0.47206 0 0 0 1 
27844314100251;0.382775;0.2295;0.99817 0.0263994 0.0543958 1.63595 -0.034425 0.987729 0.152338 -0.476736 -0.0497067 -0.153932 0.98683 -8.50322 0 0 0 1 
27844314100252;0.517763;0.67423;0.99553 -0.00737376 -0.0941554 -0.311173 -0.0170884 0.966429 -0.256365 -2.35882 0.0928849 0.256829 0.961983 13.4054 0 0 0 1 
27844314100253;0.421961;0.345031;0.995552 0.0109128 0.0935814 0.836916 -0.00452648 0.997662 -0.0681863 -0.47644 -0.0941067 0.0674594 0.993274 3.25793 0 0 0 1 
27844314100254;1.06506;0.286632;0.998439 0.0493408 -0.026188 2.75704 -0.0419879 0.972111 0.230731 -1.23427 0.0368421 -0.229271 0.972665 -13.047 0 0 0 1 
27844314100255;0.41574;0.318787;0.944171 0.00630534 -0.329396 -0.446808 -0.0189732 0.999198 -0.0352574 -0.380268 0.32891 0.0395387 0.943533 2.84279 0 0 0 1 
27844314100256;0.221269;0.102716;0.999736 0.00311206 -0.0227581 0.097993 -0.00189648 0.99858 0.0532406 0.123359 0.0228915 -0.0531833 0.998322 -3.04289 0 0 0 1 
27844314100257;0.472366;0.270249;0.996292 0.050407 0.0697192 2.91454 -0.0743011 0.912657 0.401917 -3.99305 -0.0433702 -0.405607 0.913018 -21.5872 0 0 0 1 
27844314100258;0.965959;0.649457;0.961621 0.0130051 -0.274071 -0.258707 -0.00126206 0.999075 0.0429794 0.111068 0.274377 -0.0409841 0.960748 -1.21243 0 0 0 1 
27844314100259;0.701583;0.650882;0.999609 0.0228231 -0.0161654 1.42732 -0.0230015 0.999676 -0.0109382 -0.206276 0.0159105 0.0113057 0.999809 0.133211 0 0 0 1 
27844314100260;1.49458;1.00461;0.991365 0.0208585 -0.129459 0.559232 0.0168 0.958927 0.283154 -0.694601 0.130048 -0.282884 0.950297 -14.0596 0 0 0 1 
