#;prob_registration_l1 -r /home/probabilistic_point_clouds_registration/build/tester /home/point_clouds_registration_benchmark//devel/registration_pairs/pioneer_slam_local.txt /home/point_clouds_registration_benchmark//tum/pioneer_slam -s 0.1 -t 0.1 -p 0.3 -r 1000 -m 20 -i 40 
id;initial_error;final_error;transformation
1807261650000;0.252801;0.15131;0.99648 0.0209117 0.0811818 -0.122155 -0.0178348 0.999102 -0.0384427 0.128463 -0.0819128 0.0368595 0.995958 0.170767 0 0 0 1 
1807261650001;0.370505;0.100105;0.971012 0.124199 0.204231 -0.07064 -0.162733 0.969316 0.18424 0.531668 -0.175082 -0.212135 0.961429 0.871866 0 0 0 1 
1807261650002;0.611698;0.184117;0.999887 0.0150285 0.000319259 0.146056 -0.0150147 0.999535 -0.026555 -0.615799 -0.000718191 0.0265472 0.999647 0.577637 0 0 0 1 
1807261650003;0.65444;0.328673;0.969204 0.240043 -0.0549731 0.221933 -0.235324 0.96858 0.0804718 0.718334 0.0725625 -0.0650572 0.99524 -0.987513 0 0 0 1 
1807261650004;0.70178;0.280304;0.923444 0.334805 0.187503 0.0424784 -0.306942 0.937716 -0.162712 1.14276 -0.230302 0.0927029 0.968694 1.40603 0 0 0 1 
1807261650005;0.564667;0.110477;0.992493 -0.12204 0.00800745 0.0971457 0.122093 0.992497 -0.00658577 -0.0697922 -0.00714364 0.00751398 0.999946 0.758495 0 0 0 1 
1807261650006;0.456118;0.116756;0.99734 -0.0327443 -0.0651207 -0.240813 0.0229876 0.989121 -0.145294 0.296029 0.0691698 0.143411 0.987243 -0.673207 0 0 0 1 
1807261650007;0.0911852;0.0384652;0.997489 0.0148738 0.0692446 -0.114833 -0.0161833 0.9997 0.0183878 0.0362098 -0.0689503 -0.0194623 0.99743 0.280091 0 0 0 1 
1807261650008;0.628711;0.273228;0.956632 -0.0603072 0.284987 0.58535 0.0227198 0.990801 0.133402 -0.359244 -0.290411 -0.121142 0.949203 0.749001 0 0 0 1 
1807261650009;0.268333;0.245818;0.986619 -0.16304 0.000236257 0.0356362 0.163038 0.986609 0.00455272 -0.365063 -0.00097537 -0.00445328 0.99999 -0.0727514 0 0 0 1 
1807261650010;0.71038;0.259108;0.954029 0.299531 0.0104436 0.0546547 -0.299588 0.954059 0.00429364 0.871665 -0.00867777 -0.00722504 0.999936 -0.864593 0 0 0 1 
1807261650011;0.818748;0.239457;0.915666 0.401917 -0.00431074 0.0101777 -0.401914 0.915676 0.00152589 1.46265 0.00456052 0.000335345 0.99999 -0.88422 0 0 0 1 
1807261650012;0.646177;0.0437305;0.999986 -8.62968e-05 0.0053508 0.172889 0.000357248 0.998716 -0.0506572 -0.588962 -0.00533956 0.0506584 0.998702 -0.704176 0 0 0 1 
1807261650013;0.5425;0.0988783;0.990135 0.0272736 -0.137437 0.0738978 -0.0343094 0.998205 -0.0490862 -0.060481 0.135852 0.0533174 0.989293 -1.17009 0 0 0 1 
1807261650014;0.402811;0.148733;0.950655 0.173377 -0.257285 0.299292 -0.144673 0.98133 0.126733 0.386707 0.274454 -0.0832568 0.957989 -1.36564 0 0 0 1 
1807261650015;0.62098;0.231719;0.927561 -0.314888 0.201188 0.363239 0.311959 0.948934 0.0469579 -0.581147 -0.2057 0.0192061 0.978427 1.31282 0 0 0 1 
1807261650016;0.314215;0.173383;0.992828 0.107132 -0.0530527 -0.0726269 -0.104803 0.993479 0.0448944 0.460157 0.0575164 -0.0390124 0.997582 -0.0138049 0 0 0 1 
1807261650017;0.544853;0.158758;0.95175 0.101233 -0.289697 0.211068 -0.197871 0.924013 -0.32718 0.805722 0.234562 0.368716 0.899461 -1.08123 0 0 0 1 
1807261650018;0.870541;0.328044;0.911128 0.390351 0.132179 0.0103361 -0.38321 0.920464 -0.076791 1.5324 -0.151642 0.0193141 0.988247 1.24065 0 0 0 1 
1807261650019;0.408282;0.153096;0.968711 0.248122 -0.0059358 -0.272542 -0.24813 0.968727 -0.00060112 0.667762 0.00560101 0.00205516 0.999982 0.307065 0 0 0 1 
1807261650020;0.378251;0.0595376;0.964059 0.0268536 -0.264329 0.133899 -0.118595 0.93376 -0.337679 0.496123 0.237752 0.35689 0.903384 -0.891574 0 0 0 1 
1807261650021;0.0584465;0.096283;0.999496 0.0212838 -0.0235619 0.0118811 -0.0211964 0.999768 0.00395311 -0.0916662 0.0236405 -0.00345169 0.999715 -0.0490832 0 0 0 1 
1807261650022;0.492617;0.189548;0.98126 -0.100093 -0.164652 0.198778 0.0867971 0.992501 -0.0860714 -0.0731211 0.172032 0.0701671 0.982589 -1.14667 0 0 0 1 
1807261650023;0.436303;0.265503;0.95307 0.301287 0.0297396 -0.0253009 -0.301972 0.953062 0.022056 0.991624 -0.0216984 -0.0300015 0.999314 0.167283 0 0 0 1 
1807261650024;0.611538;0.176227;0.996333 -0.00769493 0.0852106 0.100786 0.01411 0.997088 -0.074941 0.380787 -0.0843858 0.0758685 0.993541 -0.399843 0 0 0 1 
1807261650025;0.222007;0.150771;0.992242 -0.0943874 -0.0809181 -0.121624 0.0828663 0.987304 -0.135516 -0.223257 0.0926817 0.127759 0.987465 -0.125113 0 0 0 1 
1807261650026;0.125003;0.0225139;0.997982 -0.0109724 -0.0625393 -0.1535 0.00426573 0.994316 -0.10638 0.0253167 0.0633511 0.105899 0.992357 -0.0939248 0 0 0 1 
1807261650027;0.446617;0.309321;0.944817 -0.322048 0.0600491 0.21046 0.315175 0.943586 0.101537 -0.868114 -0.0893613 -0.0770081 0.993018 0.379595 0 0 0 1 
1807261650028;0.18577;0.167283;0.981557 0.180299 -0.0635414 0.102294 -0.182425 0.982781 -0.0293792 0.28985 0.0571502 0.0404289 0.997547 -0.187878 0 0 0 1 
1807261650029;0.503137;0.182677;0.988493 0.076679 -0.130393 0.15715 -0.104948 0.968434 -0.226099 0.75332 0.10894 0.237182 0.965338 -0.253539 0 0 0 1 
1807261650031;0.869936;0.800411;0.999949 0.00546554 -0.00850911 0.0666398 -0.00328769 0.971365 0.237571 -0.0852605 0.0095639 -0.23753 0.971333 -0.944078 0 0 0 1 
1807261650032;0.361529;0.250707;0.97525 -0.00261646 -0.221092 0.0453283 -0.0376496 0.983362 -0.177712 0.162097 0.217878 0.181638 0.958925 0.29348 0 0 0 1 
1807261650033;0.495733;0.445431;0.998166 0.038287 0.046881 0.0813941 -0.0380418 0.999257 -0.00611056 0.116588 -0.0470801 0.00431592 0.998882 0.0445676 0 0 0 1 
1807261650034;1.09057;0.873361;0.992278 0.118517 -0.0365836 0.468121 -0.120395 0.991239 -0.054309 0.433384 0.0298266 0.0582941 0.997854 0.705241 0 0 0 1 
1807261650035;0.885672;0.857894;0.988645 0.0920566 -0.118773 0.298341 -0.0737005 0.985841 0.150619 0.219656 0.130957 -0.140155 0.981431 -0.0854558 0 0 0 1 
1807261650036;0.893017;0.256468;0.986672 0.0556644 0.152904 0.16974 -0.0686277 0.994361 0.0808516 0.249321 -0.147541 -0.0902674 0.984928 0.706987 0 0 0 1 
1807261650037;0.513994;0.388087;0.999832 0.0139855 0.0118556 0.108981 -0.0149461 0.996248 0.0852446 0.132032 -0.0106189 -0.0854074 0.99629 -0.518697 0 0 0 1 
1807261650038;0.984234;0.363278;0.915264 -0.0787864 0.395075 -0.480072 0.0908365 0.995795 -0.0118567 0.155379 -0.39248 0.0467392 0.918572 -0.222872 0 0 0 1 
1807261650039;0.787771;0.242928;0.986999 0.0558723 0.1507 0.113988 -0.0344949 0.989422 -0.140908 0.268845 -0.156978 0.133878 0.978486 -0.13764 0 0 0 1 
1807261650040;0.449489;0.131895;0.972421 0.00169776 0.233228 0.00545077 -0.0100855 0.999344 0.0347758 0.0993351 -0.233016 -0.036169 0.9718 0.536528 0 0 0 1 
1807261650041;0.636202;0.207526;0.999982 -0.00351273 -0.00495724 0.162674 0.00352704 0.99999 0.00287978 0.285531 0.00494707 -0.00289721 0.999984 -0.326062 0 0 0 1 
1807261650042;0.394001;0.303688;0.999695 0.0217294 -0.0117182 -0.0172221 -0.0219052 0.999646 -0.0150846 0.143447 0.0113863 0.0153367 0.999818 0.0762776 0 0 0 1 
1807261650043;0.493104;0.336593;0.969672 0.00700035 0.24431 0.0461391 -0.0108168 0.999839 0.0142833 0.136509 -0.244171 -0.0164928 0.969592 0.262939 0 0 0 1 
1807261650044;0.603128;0.44852;0.999324 0.0303432 -0.0207684 0.0213166 -0.0301135 0.999483 0.0112849 0.159778 0.0211001 -0.0106519 0.999721 -0.44012 0 0 0 1 
1807261650045;0.822026;0.310818;0.992448 -0.0435416 -0.11468 -0.0882186 0.0841469 0.921897 0.378187 -0.408325 0.0892562 -0.384981 0.918598 -1.84915 0 0 0 1 
1807261650046;0.726796;0.628219;0.999486 -0.00157982 -0.0320258 -0.0311048 -0.00216473 0.993182 -0.116552 0.219601 0.0319916 0.116561 0.992668 0.773577 0 0 0 1 
1807261650047;0.841796;0.482673;0.998192 -0.00531272 -0.059876 -0.00619672 0.00426334 0.999835 -0.0176401 0.143451 0.0599598 0.017353 0.99805 0.644005 0 0 0 1 
1807261650048;0.923373;0.0869617;0.983932 0.0191819 0.177512 0.0811652 -0.0542207 0.979361 0.194711 0.19948 -0.170113 -0.201207 0.964664 0.420925 0 0 0 1 
1807261650049;0.894299;0.786598;0.9676 0.00178661 0.25248 0.0463581 -0.0260481 0.995346 0.0927828 0.128791 -0.251139 -0.0963533 0.963143 0.51942 0 0 0 1 
1807261650050;0.776112;0.656521;0.987585 0.0876468 0.130361 0.243412 -0.0510508 0.963901 -0.261321 0.494773 -0.148559 0.251421 0.956409 1.23328 0 0 0 1 
1807261650051;0.472646;0.392318;0.986325 0.02471 0.162951 0.109012 -0.025789 0.999657 0.00450933 0.284089 -0.162784 -0.00865 0.986624 0.500657 0 0 0 1 
1807261650052;0.367213;0.303093;0.999023 0.00925352 0.0432177 0.0425268 -0.0176953 0.979787 0.199259 0.0297373 -0.0405003 -0.199829 0.978993 -0.411206 0 0 0 1 
1807261650053;0.543637;0.209058;0.911814 -0.0514897 -0.407363 0.0249807 -0.0478418 0.972026 -0.229948 0.243712 0.407807 0.229159 0.883844 0.295073 0 0 0 1 
1807261650054;0.296591;0.257638;0.992802 0.00557415 -0.119639 0.0611612 -0.0258432 0.985355 -0.168547 0.199923 0.116947 0.170425 0.978406 0.202719 0 0 0 1 
1807261650055;0.546573;0.501752;0.968077 0.0378365 -0.247783 0.0894048 0.0480356 0.942214 0.33155 0.207479 0.246009 -0.332868 0.910318 -0.891493 0 0 0 1 
1807261650056;0.638977;0.291912;0.999234 0.00339826 -0.0389728 -0.140179 -0.00486324 0.999283 -0.0375569 0.191124 0.0388172 0.0377177 0.998534 0.356904 0 0 0 1 
1807261650057;0.733154;0.866998;0.99856 0.045261 -0.0287877 0.0773735 -0.0499547 0.980179 -0.191711 0.860019 0.01954 0.192873 0.981029 0.483032 0 0 0 1 
1807261650058;1.00454;0.902234;0.970872 0.10595 -0.214902 0.469353 -0.0943857 0.993514 0.0634063 0.557163 0.220226 -0.0412757 0.974575 -0.0424548 0 0 0 1 
1807261650059;0.328863;0.282496;0.959739 -0.0736832 0.271055 -0.173509 -0.0418989 0.916632 0.397529 -0.0437738 -0.277749 -0.392881 0.876641 -0.711408 0 0 0 1 
1807261650060;0.479524;0.398346;0.999765 0.0216546 -0.000562868 0.0177547 -0.0216612 0.999184 -0.0341001 0.0898466 -0.000176013 0.0341042 0.999418 -0.0851197 0 0 0 1 
1807261650062;0.610394;0.139802;0.995431 0.0900948 -0.0316193 0.341507 -0.0915182 0.994698 -0.0468995 0.273656 0.0272262 0.049579 0.998399 -0.593475 0 0 0 1 
1807261650063;0.0702684;0.142652;0.999504 0.0090558 0.0301775 -0.0367689 -0.00808277 0.999448 -0.0322109 0.171134 -0.0304526 0.031951 0.999025 0.0758696 0 0 0 1 
1807261650064;0.431381;0.166391;0.973261 -0.123614 -0.193604 -0.400027 0.108041 0.990148 -0.0890693 -0.0838134 0.202707 0.0657704 0.977028 -0.296184 0 0 0 1 
1807261650065;0.67345;0.194196;0.98444 0.0299687 -0.173146 0.0883402 0.0510359 0.894113 0.444925 0.236602 0.168146 -0.446838 0.878671 -1.91177 0 0 0 1 
1807261650066;0.179936;0.210385;0.993138 -0.115884 -0.015717 -0.543975 0.115355 0.992834 -0.031213 0.192825 0.0192215 0.0291858 0.999389 0.118932 0 0 0 1 
1807261650067;0.697139;0.540745;0.994603 -0.0975077 -0.0354435 -0.116216 0.100135 0.991588 0.0820154 0.259798 0.0271482 -0.0851219 0.996001 -1.01805 0 0 0 1 
1807261650068;0.609754;0.635727;0.997504 -0.0654879 -0.026403 -0.176914 0.0662611 0.997364 0.0295561 0.594735 0.0243978 -0.0312318 0.999214 -0.00912141 0 0 0 1 
1807261650069;0.14606;0.204995;0.997098 -0.0647046 -0.0401058 -0.271264 0.0638875 0.997729 -0.0213311 0.196451 0.0413949 0.018707 0.998968 0.0248316 0 0 0 1 
1807261650070;0.531087;0.144916;0.982476 0.0703626 -0.172595 0.368944 -0.00622124 0.93787 0.346931 0.0771426 0.186283 -0.339778 0.921873 -1.87004 0 0 0 1 
1807261650071;0.140553;0.121952;0.992571 -0.0148542 -0.120753 -0.0894747 0.00585399 0.9972 -0.0745496 0.267031 0.121522 0.0732889 0.989879 0.148016 0 0 0 1 
1807261650072;0.380476;0.343006;0.9965 -0.01026 -0.0829612 0.0325907 0.00632392 0.998848 -0.0475693 0.0206969 0.0833537 0.0468782 0.995417 -0.0551052 0 0 0 1 
1807261650073;0.531138;0.250227;0.98221 -0.137135 0.128287 -0.410555 0.0877702 0.939196 0.331975 -0.214084 -0.166013 -0.314809 0.934524 -0.741634 0 0 0 1 
1807261650074;0.56209;0.15894;0.94792 0.192579 0.253696 0.755904 -0.17993 0.981013 -0.0723827 0.782424 -0.262818 0.0229657 0.964572 0.428327 0 0 0 1 
1807261650075;0.57785;0.140157;0.999093 -0.0425853 -0.000387864 -0.2148 0.0425842 0.999089 -0.00264836 0.693612 0.000500292 0.00262944 0.999996 -0.455748 0 0 0 1 
1807261650076;0.523862;0.259979;0.986257 -0.135203 -0.0949592 -0.648177 0.117097 0.977482 -0.17555 0.530117 0.116556 0.162018 0.97988 1.02773 0 0 0 1 
1807261650077;0.611234;0.518687;0.999188 -0.032091 0.0243781 -0.0973172 0.0361106 0.981498 -0.188036 -0.152145 -0.0178928 0.188764 0.98186 0.381529 0 0 0 1 
1807261650078;0.330727;0.161862;0.948732 0.0656739 -0.309185 0.388944 -0.0543528 0.997503 0.0450982 0.23743 0.311374 -0.025981 0.949932 0.0914828 0 0 0 1 
1807261650079;0.421945;0.314942;0.912051 -0.146009 -0.383203 -0.461196 0.103528 0.98618 -0.129352 -0.106721 0.396793 0.0783031 0.914562 0.499543 0 0 0 1 
1807261650080;0.560936;0.249657;0.98542 0.0795684 -0.150385 0.487001 -0.1285 0.927388 -0.351339 0.256752 0.111509 0.365541 0.924092 1.20541 0 0 0 1 
1807261650081;0.503671;0.134977;0.982592 0.107268 0.151679 0.361711 -0.130379 0.979791 0.151693 0.10336 -0.132342 -0.168828 0.97672 -1.26423 0 0 0 1 
1807261650082;0.722741;0.337657;0.998783 0.0492518 -0.00278194 0.3239 -0.0493293 0.996829 -0.0624365 -0.0525005 -0.000301993 0.0624977 0.998045 -0.566011 0 0 0 1 
1807261650083;0.552134;0.231591;0.99757 -0.0624282 -0.0309277 -0.0898141 0.0597204 0.994853 -0.0818556 -0.344346 0.0358786 0.0798096 0.996164 0.0209685 0 0 0 1 
1807261650084;0.867721;0.181077;0.931694 0.349317 -0.0996192 2.15515 -0.327003 0.925992 0.188702 0.393888 0.158163 -0.143236 0.976969 -0.929233 0 0 0 1 
1807261650085;0.404997;0.128248;0.977027 -0.164522 -0.135468 -0.67231 0.100097 0.915427 -0.389838 -0.0992348 0.188148 0.367322 0.910865 1.01516 0 0 0 1 
1807261650086;0.258185;0.166887;0.997874 -0.0635429 0.0144794 -0.21088 0.0646143 0.993609 -0.0925578 0.187133 -0.0085055 0.0932966 0.995602 0.58657 0 0 0 1 
1807261650087;0.211815;0.152591;0.99401 0.104159 0.0330783 0.460452 -0.101325 0.99178 -0.0781356 0.155099 -0.0409449 0.074316 0.996394 0.315475 0 0 0 1 
1807261650088;0.669831;0.464646;0.992062 -0.0956254 -0.0816616 -0.171743 0.0673698 0.952513 -0.29695 0.512817 0.10618 0.289092 0.951395 0.530403 0 0 0 1 
1807261650089;0.143654;0.146251;0.993078 0.0477326 0.107319 0.0941406 -0.0525959 0.997692 0.042951 0.0441209 -0.105021 -0.0482983 0.993296 -0.0750643 0 0 0 1 
1807261650090;0.732491;0.413304;0.996178 0.0506675 -0.0711465 0.123211 -0.0582638 0.992321 -0.109108 0.80018 0.065072 0.112836 0.991481 0.492419 0 0 0 1 
1807261650091;0.403612;0.120933;0.986377 0.14615 -0.0755056 0.611951 -0.119469 0.951963 0.281946 0.0238283 0.113085 -0.269085 0.956454 -0.775538 0 0 0 1 
1807261650093;1.16071;0.375929;0.890415 0.305795 0.337121 -0.33876 -0.298866 0.951448 -0.0736636 0.176554 -0.343279 -0.0351629 0.938575 -0.257675 0 0 0 1 
1807261650094;0.696816;0.471395;0.981955 0.179276 0.060203 -0.108152 -0.17681 0.983257 -0.0440973 -0.0618863 -0.0671006 0.0326571 0.997212 -0.0689598 0 0 0 1 
1807261650095;0.832378;0.274107;0.921063 0.123767 0.369221 0.375688 -0.138048 0.990348 0.0124008 0.261369 -0.364122 -0.0623921 0.929259 -0.0478875 0 0 0 1 
1807261650096;1.24922;0.431377;0.969402 0.217514 0.11379 0.120943 -0.157386 0.906446 -0.391899 -0.469196 -0.188388 0.361999 0.912944 0.73648 0 0 0 1 
1807261650097;1.57732;0.291482;0.947673 0.149588 0.282027 0.35124 -0.204539 0.96279 0.176631 0.109285 -0.245111 -0.225074 0.943007 0.937894 0 0 0 1 
1807261650098;0.431654;0.309613;0.944228 -0.286415 0.162481 -0.0145893 0.298227 0.953014 -0.0531577 -0.220434 -0.139622 0.0986492 0.985279 0.296393 0 0 0 1 
1807261650099;1.43162;0.412603;0.978797 -0.188327 0.0805588 0.678206 0.203683 0.936493 -0.28547 0.339875 -0.0216809 0.295826 0.954996 0.586736 0 0 0 1 
1807261650100;0.198846;0.153028;0.98511 -0.0082997 -0.171724 0.136415 0.0190141 0.997966 0.0608427 -0.1066 0.170869 -0.063202 0.983265 -0.11426 0 0 0 1 
1807261650101;0.403364;0.230863;0.993345 -0.0947683 0.0654502 0.134977 0.0973877 0.994519 -0.0380562 -0.151571 -0.0614849 0.044177 0.99713 -0.177159 0 0 0 1 
1807261650102;0.400187;0.256494;0.992384 -0.0482006 0.11336 -0.172232 0.0503608 0.998599 -0.0162691 -0.164012 -0.112417 0.021854 0.993421 0.0250418 0 0 0 1 
1807261650103;1.02195;0.302612;0.953165 0.258824 0.156482 -0.0017885 -0.276408 0.955474 0.103285 -0.240505 -0.122782 -0.1417 0.982266 0.551086 0 0 0 1 
1807261650104;1.18672;0.149532;0.991564 0.00896753 -0.129307 0.0190323 -3.13138e-05 0.99762 0.0689455 -0.45217 0.129618 -0.0683599 0.989205 -0.68756 0 0 0 1 
1807261650105;1.18857;0.414018;0.988514 0.0431442 0.144838 -0.411356 -0.0469063 0.998642 0.0226592 -0.515443 -0.143663 -0.0291928 0.989196 0.162738 0 0 0 1 
1807261650106;0.708535;0.369498;0.997982 -0.042357 0.0473133 -0.167433 0.0425888 0.999085 -0.00390045 -0.339147 -0.0471048 0.0059076 0.998872 0.211967 0 0 0 1 
1807261650107;0.503291;0.213282;0.997456 0.017511 -0.0690979 0.0926851 -0.0141747 0.998723 0.048483 -0.105907 0.0698587 -0.0473802 0.996431 0.240563 0 0 0 1 
1807261650108;1.52224;0.265198;0.952902 -0.206527 0.22209 0.0760416 0.231778 0.968206 -0.0941106 0.626922 -0.195593 0.141154 0.970474 -0.309237 0 0 0 1 
1807261650109;0.339127;0.214721;0.930321 -0.128107 0.343645 -0.0285096 0.105232 0.990852 0.0844942 -0.0668496 -0.351326 -0.0424444 0.935291 0.212914 0 0 0 1 
1807261650110;0.998065;0.14584;0.976201 -0.212883 0.0413718 0.144505 0.210655 0.976158 0.0523496 -0.0558377 -0.0515298 -0.0423886 0.997771 -0.530803 0 0 0 1 
1807261650111;0.873902;0.252213;0.973072 0.145572 0.178718 0.174523 -0.154746 0.987206 0.0384352 -0.427302 -0.170837 -0.0650562 0.983149 0.415368 0 0 0 1 
1807261650112;0.213542;0.125315;0.993003 -0.0202122 -0.116345 0.125654 0.0252101 0.998814 0.0416479 -0.0540588 0.115365 -0.0442895 0.992335 -0.149293 0 0 0 1 
1807261650113;1.08553;0.474848;0.957238 -0.225851 0.180797 -0.166154 0.255433 0.953218 -0.161648 -0.743439 -0.13583 0.200917 0.970146 -0.0867919 0 0 0 1 
1807261650114;0.757919;0.481429;0.951594 0.302063 0.0568019 0.336912 -0.284013 0.93482 -0.213186 -0.0396036 -0.117495 0.186734 0.975359 0.540486 0 0 0 1 
1807261650115;1.40826;0.63094;0.968653 0.147951 0.199556 -0.380243 -0.161154 0.985583 0.0515336 0.302941 -0.189054 -0.0820773 0.97853 0.282631 0 0 0 1 
1807261650116;0.547781;0.148567;0.985326 0.170573 -0.00620575 0.05889 -0.169443 0.981887 0.0847805 -0.100907 0.0205546 -0.0824849 0.99638 0.253929 0 0 0 1 
1807261650117;1.14474;0.173434;0.945485 0.301731 -0.122541 -0.153084 -0.278214 0.943946 0.17766 0.459105 0.169277 -0.133882 0.976433 -0.3886 0 0 0 1 
1807261650118;1.22447;0.41439;0.950039 0.236197 -0.20405 -0.0587982 -0.276265 0.940566 -0.197517 0.0277193 0.14527 0.244021 0.958828 -0.543849 0 0 0 1 
1807261650119;1.49971;0.273693;0.992978 0.111257 -0.0402088 0.101269 -0.114273 0.990001 -0.0827018 0.578408 0.0306056 0.0867158 0.995763 -0.717736 0 0 0 1 
1807261650120;0.30517;0.310443;0.939083 0.213282 0.269506 0.174257 -0.23032 0.972559 0.0328765 0.0840586 -0.255099 -0.0929464 0.962437 0.169064 0 0 0 1 
1807261650121;1.42718;0.116203;0.944999 0.319279 0.0709732 0.449769 -0.326363 0.934766 0.140357 -0.709724 -0.0215302 -0.155801 0.987554 0.25814 0 0 0 1 
1807261650122;1.45607;0.281234;0.952766 -0.20279 0.226084 -0.160703 0.240823 0.958021 -0.155563 -0.391289 -0.185047 0.202661 0.961606 -0.673105 0 0 0 1 
1807261650124;1.36594;4.00394;0.0801442 -0.955944 0.282398 2.04193 0.949746 -0.0127686 -0.31276 -0.48567 0.302587 0.293272 0.906881 0.258538 0 0 0 1 
1807261650125;0.804333;4.02783;0.220338 -0.885797 0.40843 1.66955 0.0135917 0.421468 0.906742 0.0502542 -0.975329 -0.194239 0.104905 0.763796 0 0 0 1 
1807261650126;0.880272;4.08369;0.250696 -0.815779 0.521207 1.89707 0.919139 0.369581 0.136359 -0.345274 -0.303867 0.444877 0.842466 0.374342 0 0 0 1 
1807261650127;1.55898;4.3342;0.117258 -0.946023 0.302145 1.73085 0.983047 0.0673842 -0.170523 -0.204169 0.140959 0.317017 0.937886 -1.03806 0 0 0 1 
1807261650128;0.837192;4.50225;0.278124 -0.914891 0.29261 1.6745 0.953607 0.299539 0.0301598 -0.387953 -0.115241 0.270647 0.955756 -0.156533 0 0 0 1 
1807261650129;0.284015;4.22354;0.167543 -0.948543 0.268694 2.02983 0.985791 0.164516 -0.033911 -0.216843 -0.0120384 0.270558 0.962628 -0.237933 0 0 0 1 
1807261650130;0.193395;4.24786;0.024264 -0.951605 0.306365 2.01703 0.978414 -0.0403063 -0.202686 -0.269583 0.205226 0.304669 0.930085 -0.362788 0 0 0 1 
1807261650131;0.6404;4.20089;0.257298 -0.923386 0.284878 2.05901 0.966121 0.23964 -0.0958301 -0.0559899 0.02022 0.299883 0.953762 -0.0675175 0 0 0 1 
1807261650132;1.48669;4.5972;0.150481 -0.951574 0.268072 2.72762 0.987539 0.157321 0.00409072 0.114676 -0.046066 0.264116 0.96339 -0.661898 0 0 0 1 
1807261650133;0.878362;4.33412;0.423423 -0.848272 0.318037 1.8793 0.905178 0.38182 -0.186728 -0.48301 0.0369633 0.366945 0.929508 0.00888554 0 0 0 1 
1807261650134;0.764145;1.46191;0.277025 0.917345 -0.285895 0.0568484 0.0317203 0.288646 0.95691 -0.637803 0.960339 -0.274157 0.0508639 0.341565 0 0 0 1 
1807261650135;0.938287;4.17361;0.149114 -0.941892 0.301007 2.03059 0.970517 0.0811106 -0.226974 -0.365315 0.18937 0.325978 0.926217 0.151145 0 0 0 1 
1807261650136;0.165136;4.2395;0.372613 -0.890253 0.261934 1.92398 0.925697 0.376395 -0.0375681 -0.317208 -0.0651457 0.25647 0.964354 -0.26755 0 0 0 1 
1807261650137;0.685906;4.03817;0.504326 -0.805197 0.311951 1.79227 0.857957 0.426326 -0.286627 -0.264582 0.0977982 0.412194 0.905832 0.076189 0 0 0 1 
1807261650138;1.14592;4.04433;0.502426 -0.700451 0.506889 1.56434 0.808213 0.588758 0.0124847 -0.706697 -0.30718 0.403401 0.861921 -0.287927 0 0 0 1 
1807261650139;0.608764;4.11136;0.193299 -0.933696 0.301409 1.96717 0.98075 0.192536 -0.0325406 -0.442337 -0.0276488 0.301897 0.95294 -0.570689 0 0 0 1 
1807261650140;1.51409;4.2439;0.356589 -0.884336 0.301322 1.59387 0.92724 0.374465 0.00169023 0.264186 -0.114329 0.278795 0.953521 0.216061 0 0 0 1 
1807261650141;0.713806;4.09253;0.141642 -0.989629 0.0239125 1.83567 0.823193 0.104335 -0.558093 -0.356347 0.54981 0.098734 0.829434 -0.363816 0 0 0 1 
1807261650142;1.81337;4.12944;0.285587 -0.911863 0.294867 1.68119 0.944547 0.215782 -0.247526 -0.235775 0.162082 0.349206 0.922922 0.592187 0 0 0 1 
1807261650143;1.33398;4.12056;0.217631 -0.889205 0.402431 1.97715 0.975981 0.194087 -0.0989495 0.165173 0.00987974 0.4143 0.910087 0.187657 0 0 0 1 
1807261650144;0.523192;4.2286;0.341591 -0.858241 0.383063 1.7439 0.904068 0.411446 0.115643 -0.146935 -0.256859 0.306812 0.916455 -0.341611 0 0 0 1 
1807261650145;1.32014;4.15022;0.192176 -0.94385 0.268729 2.58548 0.981091 0.191201 -0.0300574 -0.648839 -0.0230115 0.269424 0.962747 -0.331014 0 0 0 1 
1807261650146;0.396214;3.88944;0.590426 -0.592776 0.547735 1.56591 0.801957 0.507312 -0.315435 -0.214537 -0.09089 0.625501 0.774911 -0.126872 0 0 0 1 
1807261650147;1.75836;4.42511;0.0311883 -0.963195 0.266988 1.65388 0.996299 0.0513637 0.0689184 -0.470546 -0.0800954 0.263851 0.961232 -0.998208 0 0 0 1 
1807261650148;1.81564;4.36474;0.401363 -0.865755 0.298959 2.12928 0.915297 0.391155 -0.0960742 -0.987476 -0.0337626 0.312197 0.949417 0.253196 0 0 0 1 
1807261650149;1.27562;4.16468;0.143604 -0.95291 0.267096 1.94821 0.989436 0.132836 -0.0580552 -0.485062 0.0198415 0.272612 0.96192 -0.957223 0 0 0 1 
1807261650150;1.69552;4.30116;0.236269 -0.868352 0.436053 2.41487 0.971354 0.222835 -0.0825618 -0.429735 -0.0254752 0.443069 0.896126 0.466167 0 0 0 1 
1807261650151;1.06641;4.22882;0.201308 -0.936135 0.288315 1.88826 0.977254 0.211988 0.00596534 -0.423185 -0.0667037 0.280557 0.957517 -0.794552 0 0 0 1 
1807261650152;1.1455;4.45639;0.25625 -0.932431 0.25477 2.39241 0.962058 0.220475 -0.160733 -0.604045 0.0937018 0.286291 0.95355 -0.0391785 0 0 0 1 
1807261650153;0.956413;4.21812;0.368265 -0.868347 0.332195 2.26314 0.929497 0.351719 -0.11104 -0.611156 -0.0204184 0.349666 0.936652 -0.241492 0 0 0 1 
1807261650155;0.606131;0.416712;0.997711 -0.0203849 -0.064483 0.0573839 0.0229146 0.998987 0.0387363 0.0378305 0.0636281 -0.0401252 0.997167 -0.552814 0 0 0 1 
1807261650156;0.187806;0.0774626;0.996736 -0.0807198 0.00162121 -0.310794 0.0807109 0.996725 0.00493886 -0.154907 -0.00201457 -0.00479189 0.999986 0.194533 0 0 0 1 
1807261650157;0.551788;0.311798;0.990542 -0.131959 0.0375833 -0.590768 0.136475 0.975827 -0.170691 -0.183071 -0.0141506 0.174206 0.984607 0.973592 0 0 0 1 
1807261650158;0.699792;0.527654;0.995763 -0.0679633 -0.0619383 -0.331891 0.0717138 0.99559 0.0604848 -0.0730091 0.0575544 -0.0646704 0.996246 -0.625622 0 0 0 1 
1807261650159;0.309546;0.107052;0.991073 0.0984196 -0.0899345 0.39061 -0.115897 0.969425 -0.216292 -0.0767617 0.0658974 0.224785 0.972178 1.05791 0 0 0 1 
1807261650160;0.485518;0.360092;0.996788 -0.0694626 -0.0398634 -0.325275 0.0761382 0.976288 0.202645 -0.172911 0.0248419 -0.205029 0.97844 -0.802824 0 0 0 1 
1807261650161;0.330335;0.0989359;0.998193 -0.0591061 0.0108609 -0.320074 0.0584677 0.913381 -0.402886 -0.352795 0.0138929 0.402793 0.915186 1.34145 0 0 0 1 
1807261650162;0.550603;0.449997;0.989765 0.142252 0.0113715 0.401007 -0.142352 0.98978 0.00846765 -0.0587516 -0.0100507 -0.00999973 0.999899 -0.0429706 0 0 0 1 
1807261650163;0.739956;0.298271;0.982746 0.152395 0.104818 0.624378 -0.144579 0.986371 -0.0785459 -0.839933 -0.115359 0.0620362 0.991385 0.649818 0 0 0 1 
1807261650164;0.228506;0.102925;0.958241 0.106549 0.265372 0.37612 -0.114203 0.993365 0.0135362 -0.123029 -0.262169 -0.0432773 0.964051 -0.215623 0 0 0 1 
1807261650165;0.0638727;0.0610419;0.999898 0.00575845 0.0130947 0.025751 -0.0054721 0.999747 -0.0217991 -0.0623446 -0.013217 0.0217252 0.999677 0.160073 0 0 0 1 
1807261650166;0.691573;0.35969;0.995101 -0.0948097 -0.0280043 -0.439186 0.0966933 0.992403 0.0760686 -0.409308 0.0205796 -0.0784038 0.996709 0.0174514 0 0 0 1 
1807261650167;0.645574;0.345539;0.952968 -0.000174945 0.303072 0.0664195 -0.0598671 0.980187 0.188809 0.287708 -0.2971 -0.198073 0.934076 -0.9461 0 0 0 1 
1807261650168;0.448255;0.384062;0.996724 0.0523274 0.0616651 0.231736 -0.0260566 0.929594 -0.367662 -0.398858 -0.0765623 0.364851 0.927913 1.44318 0 0 0 1 
1807261650169;0.539907;0.451999;0.997025 -0.0248916 -0.0729526 -0.088114 0.0322937 0.994249 0.102111 -0.594651 0.0699913 -0.104163 0.992094 -0.799512 0 0 0 1 
1807261650170;0.652735;0.323904;0.952632 0.115179 0.281471 0.557147 -0.119022 0.992886 -0.00346678 0.139574 -0.279868 -0.0301986 0.959564 0.502137 0 0 0 1 
1807261650171;0.437786;0.177514;0.93986 0.226673 0.255504 0.752766 -0.277583 0.942785 0.184675 0.0699324 -0.199024 -0.244492 0.949006 -0.567146 0 0 0 1 
1807261650172;0.513271;0.415591;0.99368 -0.0417736 -0.104189 -0.182574 0.0369258 0.998163 -0.048032 -0.385626 0.106004 0.0438812 0.993397 0.23787 0 0 0 1 
1807261650173;0.421662;0.0879371;0.924903 -0.133129 -0.356133 -0.47281 0.128624 0.991025 -0.0364183 0.150525 0.357785 -0.0121238 0.933725 -0.378703 0 0 0 1 
1807261650174;0.342158;0.11099;0.995388 0.0819667 -0.0498391 0.333158 -0.0948211 0.91943 -0.38165 -0.162797 0.0145409 0.384616 0.922962 1.28778 0 0 0 1 
1807261650175;0.695425;0.339079;0.998993 -0.0442398 0.00741489 0.0478894 0.0440822 0.998823 0.0202177 0.670238 -0.00830059 -0.0198704 0.999768 -0.25674 0 0 0 1 
1807261650176;0.628882;0.389038;0.992216 0.11879 0.0373713 0.507109 -0.114829 0.988875 -0.0945517 -0.195729 -0.0481873 0.0895244 0.994818 -0.186867 0 0 0 1 
1807261650177;0.385778;0.0753277;0.999334 -0.0345406 -0.0117863 -0.160408 0.0345948 0.999392 0.00442516 0.0185766 0.0116262 -0.00482995 0.999921 0.434211 0 0 0 1 
1807261650178;0.865032;0.392228;0.99039 -0.0669456 0.121017 -0.330635 0.075296 0.994988 -0.0657955 -0.101943 -0.116006 0.0742753 0.990468 1.17471 0 0 0 1 
1807261650179;0.799283;0.0891752;0.90109 -0.250312 -0.35409 -1.40498 0.240594 0.967952 -0.0719962 -0.310513 0.360764 -0.0203169 0.932436 0.564052 0 0 0 1 
1807261650180;0.951142;0.120325;0.917124 0.372574 0.141677 1.6128 -0.324567 0.904344 -0.277159 0.110399 -0.231387 0.208206 0.950321 1.79443 0 0 0 1 
1807261650181;0.58947;0.126044;0.987338 -0.156726 0.0245134 -0.801464 0.155856 0.987191 0.0341114 -0.728371 -0.0295455 -0.0298589 0.999117 0.071231 0 0 0 1 
1807261650182;0.51362;0.152591;0.992867 0.0171548 -0.117988 -0.171378 -0.0236284 0.998278 -0.0536879 0.245556 0.116864 0.0560928 0.991563 -0.154803 0 0 0 1 
1807261650183;0.518467;0.114885;0.959911 0.158144 -0.231433 0.902056 -0.179325 0.981047 -0.073411 0.324082 0.215437 0.11197 0.970077 0.42057 0 0 0 1 
1807261650184;0.540083;0.059447;0.965875 -0.258745 0.0116455 -1.04507 0.258203 0.965443 0.0353611 -0.788339 -0.0203925 -0.0311475 0.999307 -0.418627 0 0 0 1 
1807261650186;0.453969;0.285839;0.996516 -0.0754213 -0.0355896 0.0850844 0.07851 0.992345 0.0953259 -0.0725755 0.0281276 -0.0977879 0.99481 0.0206726 0 0 0 1 
1807261650187;0.217396;0.0513362;0.997383 0.0260523 -0.0674367 -0.0500947 -0.0243732 0.999375 0.0256025 0.0616225 0.0680616 -0.0238919 0.997395 -0.470482 0 0 0 1 
1807261650188;0.833964;0.129976;0.984282 -0.0160053 0.175877 -0.0501303 -0.0227389 0.97611 0.216086 0.18269 -0.175133 -0.216689 0.960403 1.31752 0 0 0 1 
1807261650189;0.543168;0.0924074;0.86553 0.369073 -0.33859 0.226226 -0.360217 0.928403 0.0911709 0.493361 0.347997 0.0430549 0.936506 -1.14018 0 0 0 1 
1807261650190;0.468639;0.134267;0.92038 -0.247561 0.30268 -0.0141954 0.269817 0.962333 -0.0333632 -0.877687 -0.283019 0.112375 0.952508 1.11467 0 0 0 1 
1807261650191;0.203867;0.0726848;0.992377 0.0405451 0.116378 -0.173937 -0.0313724 0.996333 -0.0795956 -0.076429 -0.119178 0.0753378 0.99001 0.484608 0 0 0 1 
1807261650192;0.50492;0.282063;0.98735 0.154141 0.0371578 0.367031 -0.147047 0.977837 -0.149034 0.15103 -0.0593066 0.141685 0.988134 0.0450957 0 0 0 1 
1807261650193;0.791638;0.181046;0.985326 -0.169202 -0.0224556 -0.0298517 0.169719 0.985211 0.0235611 -0.508301 0.0181369 -0.0270265 0.99947 -1.004 0 0 0 1 
1807261650194;0.736741;0.163334;0.975276 0.216228 -0.045637 0.397303 -0.220923 0.959122 -0.176855 0.158736 0.0055305 0.182564 0.983178 -0.675067 0 0 0 1 
1807261650195;0.187863;0.148169;0.97382 0.0283235 -0.225547 0.0462625 -0.00873527 0.996137 0.0873763 -0.0180719 0.227151 -0.0831187 0.970306 -0.654957 0 0 0 1 
1807261650196;0.587609;0.130832;0.995356 0.0911945 -0.0308092 -0.145092 -0.0949925 0.98233 -0.161261 -0.255265 0.0155587 0.163439 0.986431 0.695987 0 0 0 1 
1807261650197;0.541762;0.0614461;0.959937 0.280013 -0.0106672 -0.169806 -0.279791 0.959882 0.0185526 0.972254 0.0154342 -0.0148247 0.999771 -0.215443 0 0 0 1 
1807261650198;0.789459;0.270263;0.994536 0.0436993 -0.0948049 0.385341 -0.0543696 0.9921 -0.113059 0.0751478 0.0891153 0.117595 0.989055 -0.916556 0 0 0 1 
1807261650199;0.344499;0.126821;0.991647 -0.0645588 -0.111659 0.103442 0.0565855 0.995714 -0.0731613 -0.0688431 0.115904 0.0662319 0.99105 -0.528993 0 0 0 1 
1807261650200;0.665434;0.231084;0.996274 0.0861315 -0.00449117 0.13115 -0.0860268 0.996096 0.0198085 -0.524803 0.00617977 -0.0193483 0.999794 -0.041075 0 0 0 1 
1807261650201;0.637949;0.102187;0.998215 0.0590469 -0.00891339 -0.530651 -0.0591017 0.998234 -0.00601927 -0.222506 0.00854222 0.00653532 0.999942 -0.271022 0 0 0 1 
1807261650202;0.360138;0.095777;0.996706 0.0809321 -0.00523244 -0.317056 -0.0810823 0.995787 -0.0428222 0.0947828 0.0017447 0.0431054 0.999069 -0.356703 0 0 0 1 
1807261650203;0.394841;0.142636;0.898297 -0.128125 -0.420293 0.243191 0.172588 0.98255 0.0693488 -0.52307 0.404073 -0.134833 0.904735 -1.1695 0 0 0 1 
1807261650204;0.612524;0.154089;0.998537 -0.0533231 -0.00901022 -0.133897 0.0535615 0.998152 0.0286968 -0.254064 0.00746336 -0.0291374 0.999548 0.734307 0 0 0 1 
1807261650205;0.404722;0.172957;0.875275 0.224224 -0.428507 0.280969 -0.289449 0.952692 -0.0927205 0.764208 0.387445 0.205187 0.898769 -0.943187 0 0 0 1 
1807261650206;0.626556;0.110296;0.960386 -0.276602 -0.0339222 -0.502359 0.271259 0.955772 -0.113657 -1.0085 0.0638598 0.0999533 0.992941 0.461909 0 0 0 1 
1807261650207;0.542445;0.120137;0.99972 -0.00760519 0.02242 -0.159214 0.00778142 0.999939 -0.00778366 -0.257547 -0.0223594 0.00795593 0.999718 0.737667 0 0 0 1 
1807261650208;0.417306;0.0668072;0.948631 -0.0460651 -0.313013 0.0151887 0.00224611 0.990299 -0.138932 0.0558442 0.316376 0.131092 0.939532 -1.09343 0 0 0 1 
1807261650209;0.115948;0.0680829;0.997916 -0.0248446 -0.0595514 -0.062411 0.020792 0.997487 -0.0677315 -0.00587882 0.0610845 0.0663521 0.995925 -0.132553 0 0 0 1 
1807261650210;0.290494;0.149179;0.970906 0.237716 0.0288565 0.0447413 -0.225744 0.948818 -0.220873 0.708803 -0.0798845 0.207932 0.974876 0.335597 0 0 0 1 
1807261650211;0.634223;0.44727;0.980732 0.137948 -0.138329 0.460214 -0.158898 0.975203 -0.154047 0.215417 0.113649 0.173059 0.978333 -0.316 0 0 0 1 
1807261650212;0.518398;0.0622579;0.92764 0.250494 -0.277015 0.121164 -0.223914 0.966652 0.124286 0.715465 0.29891 -0.0532652 0.952794 -1.24814 0 0 0 1 
1807261650213;0.562773;0.257823;0.992019 -0.125871 0.00740899 0.163939 0.119035 0.954282 0.274184 -0.102561 -0.0415822 -0.271114 0.961649 -0.150465 0 0 0 1 
1807261650214;0.522212;0.127132;0.922319 -0.384323 -0.0402852 -0.0504358 0.385495 0.907832 0.165028 -1.43868 -0.0268517 -0.167738 0.985466 0.0703895 0 0 0 1 
1807261650215;0.876402;0.139794;0.910415 -0.359487 -0.204727 0.588197 0.352809 0.933108 -0.0695417 -1.51684 0.216032 -0.00891783 0.976346 -0.789192 0 0 0 1 
1807261650217;0.532131;0.43403;0.982825 -0.000290374 0.184541 -0.171324 -0.041913 0.973514 0.224751 -0.161004 -0.179719 -0.228625 0.956782 -0.787855 0 0 0 1 
1807261650218;0.499155;0.403244;0.995993 -0.0281108 -0.0849029 -0.246317 0.0370597 0.993703 0.105737 -0.116002 0.081396 -0.108459 0.990763 -0.174245 0 0 0 1 
1807261650219;0.721512;0.770299;0.998956 -0.013051 -0.0437867 -0.449633 0.0155255 0.998273 0.0566568 -1.03452 0.0429717 -0.0572775 0.997433 -0.606647 0 0 0 1 
1807261650220;0.121853;0.181269;0.990577 -0.0990403 0.0945938 -0.368013 0.095958 0.994712 0.0366069 -0.278525 -0.0977192 -0.0271849 0.994843 -0.0446538 0 0 0 1 
1807261650221;0.995809;0.391779;0.994917 -0.100685 0.0018973 -0.479035 0.100654 0.994844 0.0124148 -0.418045 -0.0031375 -0.0121607 0.999921 -0.876526 0 0 0 1 
1807261650222;1.09618;0.470026;0.999929 0.0111531 0.00430103 -0.0187662 -0.0113048 0.99925 0.0370374 -0.289992 -0.00388472 -0.0370834 0.999305 -0.985132 0 0 0 1 
1807261650223;0.826304;0.501459;0.99014 -0.139876 0.0076345 -0.515045 0.13965 0.98989 0.0248179 -0.593904 -0.0110288 -0.0235071 0.999663 -0.347419 0 0 0 1 
1807261650224;0.375842;0.0564592;0.994104 -0.0626773 -0.088479 -0.245618 0.0845224 0.959071 0.270257 -0.419926 0.0679187 -0.276142 0.958714 -1.07739 0 0 0 1 
1807261650225;0.55112;1.03405;0.990915 -0.13211 -0.0251794 -0.867096 0.128327 0.984819 -0.116889 -1.11212 0.0402394 0.112596 0.992826 0.49746 0 0 0 1 
1807261650226;0.761509;0.878079;0.989073 -0.146228 -0.0187608 -0.645928 0.146058 0.989224 -0.0101652 -0.448265 0.020045 0.00731397 0.999772 0.425042 0 0 0 1 
1807261650227;0.75985;0.720508;0.999668 0.00176683 -0.0256898 -0.0563373 -0.000601515 0.998973 0.0452983 0.00376053 0.0257435 -0.0452678 0.998643 -0.312495 0 0 0 1 
1807261650228;0.464961;0.459708;0.998506 -0.0297505 -0.0458312 -0.139435 0.0327801 0.997225 0.0668374 -0.184252 0.0437156 -0.0682399 0.996711 -0.437028 0 0 0 1 
1807261650229;0.961907;0.421296;0.977112 0.0157587 0.212141 -0.0338312 -0.0657464 0.970799 0.23071 0.0751543 -0.202311 -0.239377 0.949615 0.224178 0 0 0 1 
1807261650230;1.24871;0.446527;0.961566 -0.0634668 -0.267139 -0.085285 0.0873595 0.993078 0.0785149 -0.558066 0.260307 -0.0988344 0.960454 -1.62137 0 0 0 1 
1807261650231;0.35278;0.285375;0.978612 -0.0773499 -0.19062 -0.270825 0.0420939 0.982305 -0.182497 -0.291243 0.201363 0.17057 0.964551 0.169044 0 0 0 1 
1807261650232;0.725754;0.645234;0.974299 -0.0196822 -0.224396 -0.0571562 0.0557872 0.986225 0.155717 -0.264837 0.21824 -0.164234 0.961976 -0.749615 0 0 0 1 
1807261650233;0.807473;0.730595;0.995102 0.0311266 0.093826 0.0224471 -0.0396624 0.995104 0.0905282 0.106923 -0.0905488 -0.0938061 0.991464 -0.251783 0 0 0 1 
1807261650234;0.330571;0.0909407;0.996724 -0.0732182 -0.0343433 -0.296913 0.0723958 0.997072 -0.0246111 -0.200326 0.0360447 0.0220441 0.999107 0.287598 0 0 0 1 
1807261650235;0.476097;0.267787;0.99659 0.0423492 -0.0708098 -0.00694551 -0.0280834 0.981089 0.191508 -0.342979 0.077581 -0.188867 0.978933 -0.234194 0 0 0 1 
1807261650236;0.451212;0.486922;0.914481 -0.0555117 -0.400803 -0.169035 0.0187863 0.995301 -0.0949871 -0.201 0.404193 0.0793343 0.911227 -0.055457 0 0 0 1 
1807261650237;0.797582;0.389237;0.948721 -0.021256 0.3154 -0.389349 -0.0363586 0.983778 0.175667 -0.466115 -0.314017 -0.178126 0.932558 -0.689367 0 0 0 1 
1807261650238;1.08583;0.917687;0.992553 -0.101674 -0.0670838 -0.541443 0.100679 0.994755 -0.0180565 -0.681952 0.0685678 0.0111681 0.997584 0.827267 0 0 0 1 
1807261650239;1.02135;0.932682;0.972826 0.0375283 0.228475 -0.227175 -0.0021081 0.988172 -0.153337 -0.446501 -0.231527 0.148688 0.961398 0.0668952 0 0 0 1 
1807261650240;0.859825;0.326536;0.997684 -0.0674616 0.00865484 -0.403009 0.067429 0.997716 0.00400598 -0.150199 -0.00890532 -0.00341311 0.999955 0.706065 0 0 0 1 
1807261650241;0.991567;0.972376;0.996209 -0.0353345 0.0794952 -0.181223 0.0101504 0.954768 0.297179 -0.271693 -0.0864001 -0.295246 0.951507 -0.60111 0 0 0 1 
1807261650242;0.558163;0.472258;0.981763 0.0200982 -0.189044 0.102328 -0.000328806 0.994574 0.10403 -0.104186 0.190109 -0.102071 0.976443 -0.806011 0 0 0 1 
1807261650243;0.371812;0.395091;0.989329 0.104076 0.101966 0.127562 -0.138047 0.893409 0.427509 -0.386294 -0.0466038 -0.437023 0.898242 -1.13235 0 0 0 1 
1807261650244;0.711238;0.0808083;0.992864 -0.116142 -0.0270524 -0.468395 0.110516 0.98137 -0.157163 -0.440255 0.0448016 0.153052 0.987202 -0.179253 0 0 0 1 
1807261650245;0.732714;0.44567;0.991039 -0.0438626 -0.126165 -0.176743 0.0153828 0.97574 -0.218393 0.0220047 0.132683 0.214495 0.967671 0.12884 0 0 0 1 
1807261650246;1.2033;1.1164;0.98439 -0.118715 0.129938 -0.736297 0.107138 0.989909 0.0927462 -0.762081 -0.139637 -0.0773771 0.987175 0.923792 0 0 0 1 
1807261650248;0.419559;0.567446;0.998929 -0.0443181 -0.0132908 -0.660587 0.044146 0.998941 -0.0129729 -0.561283 0.0138517 0.0123723 0.999828 0.0531969 0 0 0 1 
1807261650249;0.496114;0.509827;0.994842 0.0838019 -0.0571553 -0.403471 -0.0899441 0.989277 -0.115071 -0.595284 0.0468993 0.119618 0.991712 0.687982 0 0 0 1 
1807261650250;0.34812;0.441717;0.995616 0.0205263 -0.0912542 -0.171391 -0.0335806 0.989021 -0.143911 -0.238061 0.0872983 0.146344 0.985374 0.79499 0 0 0 1 
1807261650251;0.451728;0.487799;0.969779 0.226152 -0.0915607 0.268297 -0.234716 0.967205 -0.0970699 -0.226032 0.0666054 0.115627 0.991057 0.664161 0 0 0 1 
1807261650252;0.33029;0.454885;0.890839 -0.270006 -0.36538 -1.53547 0.185714 0.950394 -0.249524 -0.308369 0.414628 0.15443 0.896791 0.805822 0 0 0 1 
1807261650253;0.249687;0.562799;0.994707 -0.0999125 0.0240028 -1.12171 0.10018 0.994917 -0.0102159 -0.151461 -0.0228601 0.0125664 0.99966 -0.264903 0 0 0 1 
1807261650254;0.24129;0.450867;0.994834 0.0927166 0.0413435 -0.301071 -0.0840196 0.980568 -0.177278 -0.099433 -0.0569767 0.172889 0.983292 0.768466 0 0 0 1 
1807261650255;0.565737;0.464273;0.960769 0.073665 0.267388 -0.365071 0.0354484 0.92356 -0.381811 -0.616233 -0.275075 0.376311 0.884717 2.07536 0 0 0 1 
1807261650256;0.73595;0.446896;0.904887 0.167543 0.39129 -0.0426843 -0.221674 0.970265 0.0971883 0.0518034 -0.363372 -0.174683 0.915121 -1.38112 0 0 0 1 
1807261650257;0.0754684;0.430756;0.999745 -0.00536423 -0.0219515 -0.536498 0.00546892 0.999974 0.00471201 -0.0723371 0.0219257 -0.00483085 0.999748 -0.0627368 0 0 0 1 
1807261650258;0.796962;0.967559;0.96913 -0.242802 -0.0428342 -1.86697 0.244841 0.9682 0.0514006 0.127837 0.0289918 -0.0603014 0.997759 -0.0502169 0 0 0 1 
1807261650259;0.200045;0.602314;0.998412 -0.0562664 -0.00257118 -0.905029 0.0563049 0.998237 0.0187798 0.0816579 0.00150997 -0.0188948 0.99982 -0.0179067 0 0 0 1 
1807261650260;0.602384;0.486474;0.965591 -0.156166 -0.207956 -1.29862 0.209545 0.940786 0.266481 -0.278528 0.154027 -0.300888 0.941139 -0.579779 0 0 0 1 
1807261650261;0.61809;0.57706;0.928442 -0.13999 -0.34409 -1.14369 0.144682 0.989404 -0.0121424 -0.152276 0.342144 -0.0385101 0.938858 0.470807 0 0 0 1 
