#;prob_registration_l1 -r /home/probabilistic_point_clouds_registration/build/tester /home/point_clouds_registration_benchmark//devel/registration_pairs/planetary_map_local.txt /home/point_clouds_registration_benchmark//planetary/p2at_met -s 0.2 -t 0.2 -p 0.3 -r 1000 -m 20 -i 40 
id;initial_error;final_error;transformation
25528382210000;2.8561;1.45604;0.999488 -0.0315667 0.00524666 -1.68553 0.0314852 0.999393 0.0149406 -0.632672 -0.00571509 -0.0147678 0.999875 1.51931 0 0 0 1 
25528382210001;2.11331;1.57613;0.999955 -0.00742759 -0.00594691 -0.419793 0.00832534 0.985601 0.168882 -1.032 0.0046069 -0.168923 0.985618 -9.17117 0 0 0 1 
25528382210002;1.70145;1.49265;0.975482 0.0144645 0.219602 1.33588 0.0419783 0.967289 -0.250181 -2.3371 -0.216038 0.253266 0.942966 14.0729 0 0 0 1 
25528382210003;1.37022;0.39412;1 0.00038877 9.91015e-05 -0.377994 -0.000389561 0.999967 0.00811668 0.0415787 -9.59427e-05 -0.00811672 0.999967 0.678551 0 0 0 1 
25528382210004;1.75339;1.29399;0.966927 -0.046988 0.250687 -2.01355 0.0150191 0.991668 0.127945 -0.25613 -0.25461 -0.119948 0.959576 -5.55776 0 0 0 1 
25528382210005;0.735848;0.438967;0.99494 0.00573071 0.100304 0.545283 0.0255904 0.950987 -0.308171 -3.07157 -0.0971537 0.309178 0.946028 16.4537 0 0 0 1 
25528382210006;1.57164;0.522897;0.997258 -0.0204092 -0.0711276 -1.19179 0.0194834 0.999717 -0.0136858 -0.164679 0.0713867 0.0122624 0.997373 -1.40835 0 0 0 1 
25528382210007;1.73822;1.3598;0.999972 -0.00654738 -0.00358092 0.00825362 0.00634534 0.998532 -0.0537891 -0.51131 0.00392785 0.0537649 0.998546 2.20945 0 0 0 1 
25528382210008;0.906109;0.865195;0.995056 0.017506 0.0977586 1.23232 -0.0180231 0.999828 0.00440857 0.138161 -0.0976646 -0.00614869 0.9952 0.243218 0 0 0 1 
25528382210009;0.490985;0.234865;0.970278 0.045179 -0.23774 2.12605 -0.0203795 0.994183 0.105756 0.191179 0.241135 -0.097768 0.965554 -6.51709 0 0 0 1 
25528382210010;2.17163;1.22892;0.990658 -0.0391522 -0.130629 -1.85829 -0.0215352 0.900965 -0.433357 -4.69852 0.134659 0.432122 0.891705 18.4952 0 0 0 1 
25528382210011;2.42393;1.57657;0.999659 0.0221858 -0.0137737 1.02414 -0.0199274 0.98898 0.146701 0.0821294 0.0168766 -0.146377 0.989085 -9.01644 0 0 0 1 
25528382210012;1.04957;0.440051;0.997702 -0.0218989 -0.0641247 -1.12347 0.0179134 0.99791 -0.0620816 -0.815324 0.0653502 0.0607903 0.996009 3.23183 0 0 0 1 
25528382210013;1.47687;1.18246;0.999974 -0.00690747 0.00188969 -0.272416 0.00689318 0.999948 0.00746465 -0.00830913 -0.00194116 -0.00745143 0.99997 0.271206 0 0 0 1 
25528382210014;2.77484;2.14481;0.983421 -0.0155762 0.180666 -0.0808343 -0.0496259 0.935152 0.350755 -2.62538 -0.174413 -0.353905 0.918875 -15.6578 0 0 0 1 
25528382210015;1.8346;1.75004;0.997026 0.0055416 0.0768696 0.437137 -0.000180263 0.997576 -0.0695782 -0.191554 -0.0770689 0.0693574 0.99461 4.64189 0 0 0 1 
25528382210016;0.567147;0.420794;0.994186 -0.000717962 -0.107677 -0.168233 0.0184738 0.986289 0.163993 -0.907738 0.106083 -0.165029 0.980567 -9.43657 0 0 0 1 
25528382210017;2.04883;1.34835;0.951907 0.0335399 -0.304546 1.2152 0.0345955 0.975867 0.215607 -1.39731 0.304428 -0.215773 0.927774 -11.6241 0 0 0 1 
25528382210018;2.95759;1.5828;0.999341 0.0307495 -0.019268 0.961127 -0.0207542 0.919893 0.39162 -2.76421 0.0297667 -0.390962 0.919925 -17.8808 0 0 0 1 
25528382210019;2.21355;1.89972;0.995668 0.0198106 0.0908471 1.27282 -0.0191467 0.999783 -0.00817397 0.317122 -0.0909893 0.00639914 0.995831 0.0474324 0 0 0 1 
25528382210020;0.308749;0.379093;0.982494 -0.035451 0.182888 -1.57837 0.0792583 0.967989 -0.238149 -2.74581 -0.168591 0.248475 0.953854 13.4029 0 0 0 1 
25528382210021;1.80312;1.34265;0.99981 0.0178739 -0.00778547 1.01932 -0.017422 0.998351 0.0546909 -0.0057337 0.00875017 -0.0545449 0.998473 -1.95757 0 0 0 1 
25528382210022;2.94324;2.49488;0.870634 -0.0325165 -0.490856 -1.6638 0.00110512 0.99794 -0.0641479 0.0376496 0.491931 0.0553069 0.868876 -0.157275 0 0 0 1 
25528382210023;1.21687;0.931137;0.888287 -0.0149366 -0.459045 -0.681705 -0.0235871 0.996669 -0.0780728 0.106184 0.458682 0.0801786 0.884976 0.189133 0 0 0 1 
25528382210024;1.44022;1.31319;0.998512 -0.0299827 0.045556 -1.58131 0.0316486 0.99884 -0.0362986 -0.567309 -0.0444148 0.0376863 0.998302 1.71329 0 0 0 1 
25528382210025;2.35204;2.08518;0.999983 0.00214025 -0.00536179 0.442486 -0.00209451 0.999961 0.00852243 -0.156413 0.00537982 -0.00851106 0.999949 -0.612081 0 0 0 1 
25528382210026;1.69358;0.410949;0.997918 0.00932421 0.0638102 0.360004 -0.0104282 0.999801 0.0169902 0.464807 -0.0636391 -0.0176202 0.997817 -2.00313 0 0 0 1 
25528382210027;2.42888;1.53078;0.997597 -0.0195386 0.0664739 -1.21006 0.0208061 0.999614 -0.0184293 -0.399752 -0.0660882 0.0197681 0.997618 3.08085 0 0 0 1 
25528382210028;0.814222;0.284839;0.968907 0.0211993 -0.246515 1.31662 -0.0415074 0.99613 -0.0774786 0.303654 0.243918 0.0853018 0.966037 1.81431 0 0 0 1 
25528382210029;0.390701;0.396492;0.973167 -0.0765499 -0.216992 -4.02171 0.0110507 0.957499 -0.288224 -2.79 0.229833 0.278092 0.932653 12.0385 0 0 0 1 
25528382210031;1.54457;0.787877;0.999524 0.0252029 -0.0178158 0.675474 -0.0242834 0.998451 0.0500666 0.00609477 0.01905 -0.0496101 0.998587 -3.16449 0 0 0 1 
25528382210032;0.49374;0.343312;0.999673 0.0254946 -0.001793 0.623695 -0.0250959 0.992471 0.119883 -0.00633935 0.00483588 -0.119799 0.992786 -3.67948 0 0 0 1 
25528382210033;0.496545;0.434028;0.998187 0.0151786 0.0582503 0.371781 -0.015995 0.99978 0.0135761 0.036532 -0.0580314 -0.0144832 0.99821 -0.437759 0 0 0 1 
25528382210034;1.67751;1.40838;0.999568 -0.00520806 -0.0289131 -0.144351 0.00213736 0.994445 -0.105236 -0.262672 0.0293006 0.105129 0.994027 1.89605 0 0 0 1 
25528382210035;1.14274;0.514017;0.996813 0.0201344 -0.0771964 0.605072 -0.0164541 0.998711 0.0480183 -0.0301526 0.0780637 -0.046595 0.995859 -3.30546 0 0 0 1 
25528382210036;0.657758;0.249187;0.998584 0.0165 0.0505822 0.428142 -0.0224158 0.992675 0.118715 0.178639 -0.0482529 -0.119681 0.991639 -2.71005 0 0 0 1 
25528382210037;0.42747;0.347589;0.942689 0.0286287 -0.332443 0.989453 -0.00856029 0.99806 0.0616749 -0.129469 0.333564 -0.0552944 0.941104 -5.01785 0 0 0 1 
25528382210038;2.16463;1.4924;0.994903 -0.0189469 -0.0990383 -0.696922 0.0154694 0.999241 -0.0357629 -0.306026 0.0996407 0.0340486 0.994441 1.76082 0 0 0 1 
25528382210039;1.45509;1.21149;0.999794 0.00529485 0.019603 0.148339 -0.00652168 0.997989 0.0630585 0.057578 -0.0192297 -0.0631734 0.997817 -1.01055 0 0 0 1 
25528382210040;1.05221;1.05387;0.995663 -0.0165223 -0.091551 -0.461293 0.0120469 0.998715 -0.0492232 -0.189144 0.0922467 0.0479069 0.994583 0.402585 0 0 0 1 
25528382210041;1.71424;0.925713;0.90948 -0.0227403 0.415126 0.733704 -0.00518578 0.997805 0.0660204 0.0803256 -0.415716 -0.0621969 0.907365 3.27566 0 0 0 1 
25528382210042;0.574012;0.314613;0.988951 0.00119707 0.148236 0.048059 0.0480988 0.943277 -0.328506 -2.47356 -0.140221 0.332006 0.932797 11.6641 0 0 0 1 
25528382210043;0.513876;0.187475;0.999955 0.00429547 0.00845614 0.350888 -0.00595517 0.978263 0.207282 -0.39425 -0.00738196 -0.207323 0.978245 -6.75648 0 0 0 1 
25528382210044;0.355334;0.284611;0.914738 -0.00823284 0.403964 0.725283 -0.0460178 0.991164 0.124403 0.168924 -0.401419 -0.132386 0.906276 -0.774411 0 0 0 1 
25528382210045;1.15928;1.03764;0.999282 0.00678501 -0.0372628 0.0376024 -0.00852925 0.998865 -0.0468514 -0.0143749 0.0369026 0.0471356 0.998207 0.825419 0 0 0 1 
25528382210046;2.5411;1.16215;0.995588 0.0161722 0.0924282 0.601612 -0.0514873 0.917653 0.394032 -2.31848 -0.0784447 -0.397053 0.914437 -13.7707 0 0 0 1 
25528382210047;2.63214;2.47848;0.96241 -0.0750064 -0.261039 -2.34432 -0.0204644 0.938353 -0.345073 -2.03893 0.27083 0.337444 0.901545 8.82425 0 0 0 1 
25528382210048;0.0550198;0.129469;0.999692 0.0119877 -0.0217274 0.22087 -0.0123189 0.999809 -0.0151751 0.0801387 0.0215413 0.0154381 0.999649 0.209275 0 0 0 1 
25528382210049;0.624254;0.293504;0.998891 0.0230235 0.0410794 0.608697 -0.031214 0.97688 0.211497 -0.255104 -0.0352603 -0.212544 0.976515 -5.81351 0 0 0 1 
25528382210050;1.7141;0.278366;0.999625 0.0153299 0.0226915 0.30388 -0.0141828 0.998655 -0.0498778 0.168828 -0.0234255 0.0495372 0.998498 3.55629 0 0 0 1 
25528382210051;0.731618;0.746613;0.998806 0.0137695 -0.0468672 0.343633 -0.00952419 0.99593 0.0896293 0.00146292 0.0479106 -0.0890759 0.994872 -3.14949 0 0 0 1 
25528382210052;0.501673;0.47686;0.945297 0.00291003 -0.326197 0.50097 0.0361352 0.992872 0.113575 -0.434249 0.324202 -0.119149 0.938454 -6.42959 0 0 0 1 
25528382210053;0.245766;0.31064;0.996422 0.00263544 0.0844709 0.0495905 0.00968351 0.98937 -0.145095 -0.55602 -0.0839554 0.145394 0.985805 5.04734 0 0 0 1 
25528382210054;2.27774;1.74893;0.998391 -0.0126422 0.0552862 -0.329815 0.015406 0.998638 -0.049854 -0.154098 -0.0545806 0.0506255 0.997225 3.42972 0 0 0 1 
25528382210055;0.613367;0.691713;0.996842 0.0162794 -0.0777294 0.315588 -0.0140414 0.999473 0.0292533 0.0453363 0.0781647 -0.0280695 0.996545 -1.42607 0 0 0 1 
25528382210056;2.21606;2.0321;0.992811 0.0374256 -0.113693 1.20978 -0.0118432 0.975914 0.217833 -0.560724 0.119108 -0.21492 0.969341 -8.44008 0 0 0 1 
25528382210057;2.17431;1.86998;0.999865 -0.00442907 -0.0158267 -0.390867 0.0038176 0.999253 -0.0384589 -0.308821 0.0159852 0.0383933 0.999135 1.73012 0 0 0 1 
25528382210058;0.777574;0.394561;0.944022 0.0926512 -0.316605 2.84989 0.0323378 0.929135 0.368324 -2.29137 0.328294 -0.357944 0.874128 -13.757 0 0 0 1 
25528382210059;0.655634;0.32599;0.998356 0.0256049 -0.0512854 0.695042 -0.0207534 0.995451 0.0929914 -0.0253136 0.0534331 -0.0917742 0.994345 -4.01623 0 0 0 1 
25528382210060;1.3379;0.479259;0.944572 -0.059946 -0.322786 -1.828 -0.00658983 0.979529 -0.201196 -0.877597 0.32824 0.192171 0.92484 4.32303 0 0 0 1 
25528382210062;1.314;0.923799;0.996157 0.0103332 -0.0869761 0.434239 -0.00599546 0.998732 0.0499869 0.0469737 0.0873824 -0.0492733 0.994956 -2.11538 0 0 0 1 
25528382210063;2.15505;1.47377;0.999972 -0.00719015 -0.00190121 -0.464026 0.00708026 0.998592 -0.0525787 0.0557375 0.00227658 0.0525638 0.998615 3.19414 0 0 0 1 
25528382210064;0.553066;0.4532;0.984521 -0.000393304 0.175264 0.0365244 0.0268435 0.988537 -0.148572 -0.736323 -0.173196 0.150977 0.973247 10.0293 0 0 0 1 
25528382210065;1.61508;0.70568;0.994552 0.027815 -0.100458 2.04992 -0.010294 0.985238 0.170881 -0.878722 0.103729 -0.168916 0.980157 -12.4687 0 0 0 1 
25528382210066;1.78743;0.972079;0.999971 0.00171172 0.00744057 0.0866718 -0.00187604 0.999753 0.0221333 -0.0218063 -0.00740085 -0.0221466 0.999727 -0.648325 0 0 0 1 
25528382210067;0.672032;0.594559;0.993604 -0.0174205 -0.111571 -2.24821 0.00705251 0.995673 -0.092656 -0.519555 0.112702 0.0912765 0.989428 11.9341 0 0 0 1 
25528382210068;1.84994;0.784338;0.99787 0.00645822 -0.0649179 -0.00812908 -0.00318436 0.998724 0.0504083 0.146624 0.0651606 -0.0500942 0.996617 -1.59738 0 0 0 1 
25528382210069;2.23987;0.384611;0.981039 -0.0294746 -0.191555 -3.32425 -0.0160099 0.972665 -0.231658 -3.14437 0.193147 0.230333 0.953751 24.9639 0 0 0 1 
25528382210070;2.2156;0.881609;0.999925 -0.00307602 -0.0118786 -0.607507 0.00311766 0.999989 0.00348847 0.046376 0.0118677 -0.00352524 0.999923 2.30536 0 0 0 1 
25528382210071;1.44584;1.26217;0.998817 -0.0481967 0.006523 -4.76036 0.0458936 0.889579 -0.454469 -10.8743 0.0161012 0.454231 0.890738 44.542 0 0 0 1 
25528382210072;1.6175;1.59576;0.998254 -0.0395204 -0.0438919 -4.18167 0.0212204 0.933514 -0.357913 -7.10054 0.0551186 0.356357 0.932723 36.9229 0 0 0 1 
25528382210073;2.148;0.368192;0.999107 0.00856446 -0.0413717 0.34547 -0.00660977 0.998866 0.0471548 0.11721 0.0417287 -0.0468393 0.99803 -1.20474 0 0 0 1 
25528382210074;1.21241;0.375787;0.991385 -0.00742536 0.130766 -0.587168 0.00546452 0.999867 0.0153475 0.218151 -0.130862 -0.0145007 0.991294 -6.31705 0 0 0 1 
25528382210075;0.469924;0.149295;0.967503 -0.0250854 -0.251611 -3.92819 -0.0163076 0.986805 -0.16109 -2.07435 0.252332 0.159958 0.954328 21.5145 0 0 0 1 
25528382210076;1.94829;1.24453;0.999884 0.00579665 -0.0140758 0.245695 -0.00466086 0.99683 0.0794239 0.134083 0.0144915 -0.0793491 0.996742 -5.59537 0 0 0 1 
25528382210077;1.55351;0.715322;0.99985 0.0103894 -0.0138669 1.14334 -0.00944965 0.997762 0.0661941 -0.130873 0.0145236 -0.0660531 0.99771 -8.08723 0 0 0 1 
25528382210078;1.78754;1.49062;0.999845 -0.000891256 0.0175809 -0.174116 0.000333931 0.999498 0.0316782 0.0943263 -0.0176003 -0.0316674 0.999343 -2.6666 0 0 0 1 
25528382210079;0.52952;0.337715;0.966265 -0.0180281 -0.256917 -3.3823 -0.00948798 0.994378 -0.105461 -1.07257 0.257373 0.104341 0.960662 16.3082 0 0 0 1 
25528382210080;0.579865;0.1714;0.999939 0.00205643 -0.0108249 0.104984 -0.00205689 0.999998 -3.14558e-05 -0.0399971 0.0108249 5.37197e-05 0.999941 0.850316 0 0 0 1 
25528382210081;1.6725;1.67764;0.999628 -0.00999416 0.0253813 -0.923801 0.0117308 0.997532 -0.0692225 -0.118118 -0.0246268 0.0694944 0.997278 6.0609 0 0 0 1 
25528382210082;1.80785;0.242167;0.960009 -0.00991119 0.279794 -0.892751 -0.0302253 0.989863 0.138771 -1.18113 -0.278333 -0.141678 0.949978 -19.2646 0 0 0 1 
25528382210083;0.928935;0.2426;0.981514 -0.0374975 -0.187682 -5.05185 -0.00226077 0.97828 -0.207276 -3.05437 0.191378 0.203868 0.96011 25.825 0 0 0 1 
25528382210084;1.83208;1.47929;0.998773 -0.0159709 -0.0468716 -1.63129 0.00981523 0.99163 -0.128736 -0.752761 0.0485353 0.128118 0.990571 12.3501 0 0 0 1 
25528382210085;0.401662;0.285159;0.993805 0.056676 -0.0956001 5.33103 -0.0252368 0.952809 0.30252 -4.40375 0.108234 -0.298233 0.948337 -27.5329 0 0 0 1 
25528382210086;1.45129;1.19126;0.996621 0.0020638 -0.0821075 -0.207272 -0.00415061 0.999672 -0.025253 -0.0990315 0.0820285 0.0255085 0.996303 5.32793 0 0 0 1 
25528382210087;0.345605;0.131698;0.939388 -0.00695706 0.342784 -1.18968 0.0365183 0.996137 -0.0798599 0.276735 -0.340904 0.0875373 0.936014 0.0825913 0 0 0 1 
25528382210088;0.167837;0.136129;0.999913 -0.00723997 -0.0109998 -0.803703 0.0072558 0.999973 0.00139935 0.18245 0.0109894 -0.00147905 0.999939 -0.17773 0 0 0 1 
25528382210089;1.83562;1.79834;0.999891 -0.00277162 0.0145343 -0.242691 0.00325697 0.999434 -0.0334767 -0.00609787 -0.0144333 0.0335204 0.999334 2.59361 0 0 0 1 
25528382210090;2.15758;0.160121;0.999985 0.000955586 -0.00532971 -0.127738 -0.00110256 0.999617 -0.0276426 -0.223345 0.00530125 0.0276481 0.999604 5.43493 0 0 0 1 
25528382210091;0.893388;0.49612;0.99984 -0.0138544 0.0112881 -1.40655 0.0151506 0.992132 -0.124276 -0.828087 -0.00947747 0.124427 0.992183 12.7776 0 0 0 1 
25528382210093;1.89713;0.235592;0.978074 0.038868 -0.204597 -1.13461 -0.0189834 0.994979 0.0982696 -0.340742 0.207389 -0.092231 0.973901 4.41385 0 0 0 1 
25528382210094;0.825331;0.233244;0.998113 0.022475 -0.0571468 -0.0508343 -0.00238664 0.94411 0.329621 0.318794 0.0613611 -0.328863 0.942382 -2.00602 0 0 0 1 
25528382210095;0.858473;0.736858;0.959035 0.0873891 0.269472 0.522455 -0.124401 0.984522 0.123456 -1.92272 -0.254513 -0.151921 0.955062 -4.38712 0 0 0 1 
25528382210096;0.8797;0.283453;0.954967 0.0632306 0.289895 0.639545 -0.168368 0.919975 0.353975 -2.67333 -0.244314 -0.386844 0.889192 -7.07433 0 0 0 1 
25528382210097;2.1961;1.29834;0.998681 0.0116289 0.0500023 0.313835 -0.0128512 0.999625 0.0241936 -0.542902 -0.0497022 -0.0248043 0.998456 -2.22431 0 0 0 1 
25528382210098;1.08082;0.292289;0.999547 0.0300979 0.000658217 0.342852 -0.0299711 0.996918 -0.0724937 -1.16902 -0.0028381 0.0724411 0.997369 -0.246419 0 0 0 1 
25528382210099;0.565162;0.296002;0.947413 -0.0569407 -0.314908 -2.00244 0.0172111 0.991685 -0.127533 0.122578 0.319551 0.115407 0.940515 5.8465 0 0 0 1 
25528382210100;1.81678;1.59864;0.998619 0.0443144 0.0282068 0.572486 -0.0496545 0.971545 0.231591 -0.313262 -0.0171414 -0.232672 0.972404 -1.5599 0 0 0 1 
25528382210101;0.708323;0.433331;0.998368 -0.0460653 -0.0337407 -0.581182 0.0446381 0.998124 -0.0418965 0.784164 0.0356073 0.040322 0.998552 1.32006 0 0 0 1 
25528382210102;2.25601;1.62449;0.996781 -0.00117347 -0.0801691 -0.0478823 -0.00731015 0.994398 -0.105446 -0.6484 0.0798437 0.105693 0.991188 0.723056 0 0 0 1 
25528382210103;0.72475;0.446284;0.998656 0.0513703 -0.00685112 0.440466 -0.0507263 0.995981 0.0738123 -0.753042 0.0106153 -0.0733655 0.997249 0.352532 0 0 0 1 
25528382210104;2.73972;1.5954;0.99038 0.061833 -0.123788 -0.141164 -0.0260452 0.961915 0.272106 0.28945 0.135898 -0.266264 0.954272 2.43774 0 0 0 1 
25528382210105;1.37462;0.295257;0.986308 0.054835 0.155533 0.476854 0.0282943 0.872853 -0.487163 -2.06054 -0.162471 0.484893 0.85935 -0.619709 0 0 0 1 
25528382210106;1.98093;0.165129;0.994232 -0.0584557 -0.0899158 -0.167292 0.0208225 0.92766 -0.372844 -0.235802 0.105206 0.368821 0.923527 2.08554 0 0 0 1 
25528382210107;2.7132;2.03505;0.999681 0.00327498 0.0250367 0.192572 -0.00454665 0.998693 0.0509056 -0.0726047 -0.0248373 -0.0510032 0.99839 -2.35541 0 0 0 1 
25528382210108;2.24596;1.20363;0.979283 0.0514644 -0.195848 0.119349 -0.0491371 0.998652 0.016727 -1.40615 0.196445 -0.00675705 0.980492 1.9117 0 0 0 1 
25528382210109;1.35089;0.26778;0.996912 0.0200261 0.0759242 0.548175 -0.0126576 0.99527 -0.0963171 -0.354875 -0.0774939 0.0950587 0.992451 -1.78136 0 0 0 1 
25528382210110;1.54595;0.905289;0.997367 0.062982 -0.0359418 0.151361 -0.0372234 0.870013 0.491621 0.33519 0.0622331 -0.488989 0.870067 -2.14552 0 0 0 1 
25528382210111;0.364366;0.209287;0.984968 -0.017649 -0.171831 -0.832193 0.00955688 0.998811 -0.0478073 -0.0138596 0.172471 0.0454465 0.983966 3.28192 0 0 0 1 
25528382210112;2.44837;2.02282;0.994974 -0.0110446 0.0995189 -0.120381 -0.00920587 0.979598 0.200755 0.385681 -0.0997058 -0.200662 0.974574 -1.10179 0 0 0 1 
25528382210113;0.357128;0.378529;0.995818 0.0879388 0.0247447 0.712021 -0.0897046 0.992523 0.0827699 -1.55141 -0.017281 -0.0846435 0.996261 -0.416936 0 0 0 1 
25528382210114;2.52967;0.870318;0.946914 -0.0543922 0.316852 -0.872638 0.15491 0.940815 -0.301446 1.8057 -0.281702 0.334527 0.899297 -4.51491 0 0 0 1 
25528382210115;1.99023;0.255777;0.997854 -0.00909084 -0.0648387 -0.575441 0.00989624 0.999878 0.0121113 0.347544 0.0647207 -0.012727 0.997822 2.98954 0 0 0 1 
25528382210116;0.274109;0.244045;0.998475 0.0143373 -0.0533142 -0.182815 -0.0007548 0.969145 0.246488 0.445289 0.0552032 -0.246072 0.967678 -0.602271 0 0 0 1 
25528382210117;0.456139;0.262448;0.970691 0.0709303 0.229627 0.545933 -0.115132 0.975926 0.185236 -1.71842 -0.210961 -0.206244 0.955489 -4.7336 0 0 0 1 
25528382210118;1.00279;0.191183;0.998603 -0.00479017 0.0526297 -0.00279887 0.00421347 0.99993 0.0110632 0.0783637 -0.052679 -0.010826 0.998553 -1.79704 0 0 0 1 
25528382210119;1.53716;0.883717;0.994352 0.0341479 0.100487 0.0789015 -0.0122435 0.97741 -0.210995 -1.43292 -0.105422 0.208573 0.972308 0.327395 0 0 0 1 
25528382210120;1.16367;0.563703;0.999599 -0.00199768 0.0282562 0.0299837 0.00116063 0.999561 0.0296091 0.448621 -0.0283029 -0.0295645 0.999162 0.255617 0 0 0 1 
25528382210121;1.92017;1.51097;0.998834 0.00724475 0.0477221 0.269957 -0.0163405 0.981048 0.193077 0.142695 -0.0454188 -0.193632 0.980022 -2.93725 0 0 0 1 
25528382210122;1.42171;0.452867;0.995238 0.0255496 -0.0940659 0.111719 -0.0286754 0.999076 -0.032029 -0.430816 0.0931606 0.0345738 0.995051 0.389212 0 0 0 1 
25528382210124;1.41534;0.507957;0.9997 0.0187075 -0.0158113 1.5694 -0.0178448 0.998432 0.0530493 -0.396246 0.0167789 -0.0527513 0.998467 -5.67842 0 0 0 1 
25528382210125;0.633729;0.325153;0.991737 -0.0410037 -0.121559 -3.50758 0.0237035 0.989798 -0.140489 -0.877289 0.126079 0.136447 0.982592 11.9906 0 0 0 1 
25528382210126;0.445145;0.292425;0.951975 -0.0090211 -0.306041 -1.56286 0.0155986 0.999697 0.0190532 0.108432 0.305777 -0.022912 0.951828 -0.147495 0 0 0 1 
25528382210127;0.670288;0.63794;0.998258 -0.0139117 -0.0573306 -1.18379 0.0103508 0.998026 -0.0619484 -0.232879 0.0580792 0.0612471 0.996431 5.32146 0 0 0 1 
25528382210128;2.24311;1.73555;0.999926 -0.0120386 0.00183333 -0.654178 0.0120699 0.999763 -0.0181178 -0.0393665 -0.00161478 0.0181386 0.999834 -0.524634 0 0 0 1 
25528382210129;1.80511;1.4466;0.985197 0.0141995 0.170835 1.35122 -0.0154375 0.999863 0.00592049 0.169772 -0.170728 -0.00847013 0.985282 -0.31793 0 0 0 1 
25528382210130;0.986557;0.1793;0.998981 0.0121236 0.0434797 0.938568 -0.0155346 0.996754 0.0789909 -0.00621791 -0.0423809 -0.0795858 0.995927 -5.40164 0 0 0 1 
25528382210131;2.11864;1.82226;0.983265 -0.116533 -0.140035 -9.271 0.0436108 0.896872 -0.440135 -8.2543 0.176884 0.426663 0.886945 34.0415 0 0 0 1 
25528382210132;0.163045;0.149622;0.999908 0.00686513 -0.0116815 0.456868 -0.00722854 0.999482 -0.0313578 -0.145207 0.0114602 0.0314394 0.99944 2.35236 0 0 0 1 
25528382210133;1.8377;0.890971;0.999866 -0.00448844 -0.0157285 -0.614343 0.00435141 0.999952 -0.00873608 0.115919 0.0157669 0.00866647 0.999838 2.69006 0 0 0 1 
25528382210134;1.18998;0.85343;0.999992 -0.00398561 -8.02939e-05 -0.424206 0.00398129 0.999524 -0.0305978 -0.0704759 0.000202206 0.0305972 0.999532 3.29747 0 0 0 1 
25528382210135;0.879278;0.685723;0.99917 0.0160018 0.0374512 1.1857 -0.0175272 0.999015 0.0407614 -0.0581569 -0.0367621 -0.041384 0.998467 -2.87196 0 0 0 1 
25528382210136;1.20454;0.889925;0.938582 0.0293152 0.343808 2.3069 0.0267076 0.987224 -0.157087 -0.907464 -0.344021 0.156621 0.925807 11.1277 0 0 0 1 
25528382210137;0.490225;0.526122;0.99989 -0.00969828 0.0112026 -0.694021 0.0103857 0.997957 -0.0630324 -0.227652 -0.0105684 0.0631418 0.997949 4.61611 0 0 0 1 
25528382210138;0.898047;0.914394;0.999882 -0.0119548 0.00962268 -0.848903 0.0127073 0.996521 -0.0823718 -0.331603 -0.00860447 0.0824843 0.996555 6.08777 0 0 0 1 
25528382210139;0.258844;0.199574;0.998303 -0.0112757 0.0571298 -0.7806 0.0140235 0.998752 -0.0479282 -0.138591 -0.0565181 0.048648 0.997216 3.56099 0 0 0 1 
25528382210140;1.51354;1.29913;0.9996 -0.0078393 0.0271724 -0.574956 0.0108301 0.993679 -0.111733 -0.53394 -0.0261247 0.111983 0.993367 7.81097 0 0 0 1 
25528382210141;0.177514;0.164934;0.968395 0.0211663 0.248522 1.86427 -0.0365405 0.997682 0.0574128 -0.289798 -0.246731 -0.0646794 0.966923 -6.6425 0 0 0 1 
25528382210142;1.7221;1.40564;0.990843 0.0107938 -0.134587 0.414548 0.00837212 0.98997 0.141031 -0.284022 0.134759 -0.140867 0.980814 -9.86655 0 0 0 1 
25528382210143;1.74732;1.60912;0.993522 -0.0126054 -0.112934 -1.25512 0.00804691 0.999138 -0.0407291 0.0874032 0.11335 0.0395565 0.992767 3.80973 0 0 0 1 
25528382210144;0.62636;0.624016;0.984948 -0.012863 -0.17237 -1.28693 0.0132488 0.999912 0.00108772 0.061896 0.172341 -0.00335504 0.985032 0.609724 0 0 0 1 
25528382210145;2.23099;1.6694;0.98199 0.0186413 0.18801 1.86398 -0.0281534 0.998448 0.0480504 -0.144603 -0.186823 -0.0524782 0.980991 -3.59585 0 0 0 1 
25528382210146;0.123351;0.125912;0.987707 -0.00435082 0.156258 -0.101366 0.00367853 0.999983 0.0045914 0.0208962 -0.156275 -0.00396016 0.987706 -1.2792 0 0 0 1 
25528382210147;2.1323;0.326392;0.999946 -0.00171638 0.0102122 -0.390723 0.00185356 0.999908 -0.0134388 0.0883068 -0.0101882 0.0134571 0.999858 3.60653 0 0 0 1 
25528382210148;1.17842;0.494034;0.999924 -0.00875453 -0.00866523 -0.73634 0.00839323 0.999128 -0.040889 -0.0488329 0.00901565 0.0408132 0.999126 4.40914 0 0 0 1 
25528382210149;1.8032;1.70591;0.974216 0.0344033 -0.22298 2.27518 0.0220392 0.969068 0.245807 -2.01102 0.224539 -0.244384 0.943323 -18.5846 0 0 0 1 
25528382210150;1.89528;1.80046;0.991884 0.0055178 0.127025 0.536457 0.0073604 0.99489 -0.100691 -0.384725 -0.126931 0.100809 0.986776 7.12196 0 0 0 1 
25528382210151;1.38396;0.452809;0.999963 0.00832012 0.00209357 0.845397 -0.00831493 0.999962 -0.00247454 -0.266174 -0.00211408 0.00245704 0.999995 -1.61705 0 0 0 1 
25528382210152;1.90731;1.80919;0.999427 0.00457875 -0.0335499 0.42662 -0.00170554 0.996365 0.0851729 -0.322565 0.0338179 -0.0850668 0.995801 -7.54333 0 0 0 1 
25528382210153;0.627318;0.192845;0.968744 -0.0630209 -0.239924 -5.64524 0.022797 0.985715 -0.16687 -1.28648 0.247013 0.156185 0.956342 14.3135 0 0 0 1 
25528382210155;0.972428;0.583212;0.996539 -0.0464068 -0.0689722 -3.05015 0.0118531 0.900524 -0.434645 -7.30649 0.0822816 0.432323 0.897957 27.1586 0 0 0 1 
25528382210156;1.01473;0.73326;0.99172 0.0166963 -0.127332 0.623061 -0.010463 0.998721 0.0494655 -0.241928 0.127995 -0.0477236 0.990626 -1.5428 0 0 0 1 
25528382210157;0.233342;0.246393;0.998527 0.0014687 -0.0542312 -0.115486 -0.00470922 0.998207 -0.0596745 -0.421312 0.0540463 0.059842 0.996744 4.67799 0 0 0 1 
25528382210158;0.218897;0.183816;0.999913 -0.00824149 -0.0102519 -0.526561 0.00830214 0.999948 0.00588704 0.230076 0.0102029 -0.00597164 0.99993 -0.44669 0 0 0 1 
25528382210159;0.424214;0.207196;0.968469 -0.0169421 0.248558 -0.912582 0.100175 0.939961 -0.326248 -2.25948 -0.228108 0.34086 0.91202 14.5599 0 0 0 1 
25528382210160;0.944861;0.759849;0.999119 -0.0103446 -0.0406841 -0.646774 0.00236248 0.981482 -0.191539 -1.95065 0.0419122 0.191274 0.980641 11.8891 0 0 0 1 
25528382210161;0.607772;0.420138;0.984069 -0.0171593 0.176959 -0.841151 0.0377654 0.992792 -0.113745 0.129846 -0.173732 0.118615 0.977623 1.61786 0 0 0 1 
25528382210162;0.465464;0.261359;0.991333 0.0106232 0.130944 0.87546 -0.028774 0.990082 0.137515 -0.766776 -0.128184 -0.140091 0.981806 -12.0383 0 0 0 1 
25528382210163;0.301031;0.188358;0.999875 0.0105156 -0.0118054 0.538041 -0.0101296 0.999427 0.0322952 0.0158457 0.0121383 -0.0321716 0.999409 -1.20736 0 0 0 1 
25528382210164;0.262538;0.248418;0.999962 -0.00866693 -0.000196005 -0.545209 0.00866791 0.999946 0.00573123 0.254467 0.000146322 -0.00573271 0.999984 -0.550039 0 0 0 1 
25528382210165;0.165591;0.172078;0.999913 0.00292889 -0.0128809 0.0975642 -0.0016587 0.99523 0.0975377 0.0412454 0.0131051 -0.0975078 0.995148 -5.37002 0 0 0 1 
25528382210166;1.12952;0.748278;0.972725 0.00142316 -0.231958 -0.887842 0.00802176 0.999177 0.0397699 0.185834 0.231824 -0.0405459 0.971912 0.787592 0 0 0 1 
25528382210167;0.708722;0.198712;0.994765 -0.0172441 -0.100726 -1.73405 0.011038 0.998024 -0.0618496 -0.185668 0.101593 0.060414 0.99299 7.33248 0 0 0 1 
25528382210168;1.1418;0.266701;0.999804 0.00745934 0.0183325 0.321164 -0.00690792 0.999527 -0.0299604 -0.21335 -0.0185473 0.0298279 0.999383 4.11188 0 0 0 1 
25528382210169;0.757933;0.723016;0.994829 0.00855255 0.101199 0.786599 -0.00563579 0.999561 -0.0290729 -0.328409 -0.101403 0.0283522 0.994441 -0.97981 0 0 0 1 
25528382210170;0.338329;0.0802949;0.988391 0.00841442 0.151698 0.737639 0.0528024 0.917201 -0.394911 -4.85711 -0.14246 0.398337 0.906109 19.7246 0 0 0 1 
25528382210171;0.814741;0.684935;0.994907 0.019546 -0.0988793 0.522165 -0.0153286 0.998947 0.0432328 -0.2207 0.0996203 -0.041497 0.99416 1.05851 0 0 0 1 
25528382210172;0.85032;0.261516;0.991177 0.0598868 -0.118245 2.37618 -0.0151704 0.937503 0.347648 -1.99621 0.131674 -0.342786 0.930139 -15.0944 0 0 0 1 
25528382210173;0.630488;0.538295;0.999699 -0.00200947 -0.0244396 -0.143969 0.00378896 0.997326 0.072985 0.198777 0.0242276 -0.0730557 0.997034 -4.65261 0 0 0 1 
25528382210174;0.36066;0.231942;0.961334 0.107123 -0.253695 4.20642 -0.00855195 0.932409 0.361304 -2.55227 0.275252 -0.345164 0.897273 -14.4101 0 0 0 1 
25528382210175;0.400793;0.369189;0.999726 0.00567709 0.0227198 0.42493 -0.00323408 0.994344 -0.106154 -0.697821 -0.023194 0.106051 0.99409 5.83455 0 0 0 1 
25528382210176;0.342834;0.162971;0.984343 0.00268671 0.176241 0.400265 -0.0334142 0.984597 0.171616 -1.02586 -0.173065 -0.174818 0.969271 -14.8335 0 0 0 1 
25528382210177;0.260067;0.150521;0.997296 -0.0318097 -0.0662529 -2.07338 0.01277 0.962769 -0.270025 -2.59492 0.0723756 0.268448 0.960571 17.0828 0 0 0 1 
25528382210178;0.926206;0.242837;0.999776 -0.0118259 0.0175807 -0.854037 0.0116322 0.999871 0.0110823 0.358944 -0.0177095 -0.0108753 0.999784 1.16554 0 0 0 1 
25528382210179;0.695785;0.261871;0.999985 -0.00230661 -0.00502746 0.00109342 0.00144787 0.986366 -0.164559 -1.05112 0.00533849 0.164549 0.986354 7.98307 0 0 0 1 
25528382210180;0.109455;0.0952257;0.999602 0.0155794 0.0234975 0.990815 -0.0171318 0.99758 0.0673827 -0.215274 -0.0223909 -0.0677584 0.99745 -4.58447 0 0 0 1 
25528382210181;0.971587;0.585638;0.944393 0.0101874 0.328662 0.178283 0.00887965 0.998365 -0.0564609 0.183172 -0.3287 0.0562397 0.942758 -6.42056 0 0 0 1 
25528382210182;0.540657;0.304989;0.998427 0.00667952 0.055672 0.639108 -0.00600687 0.999907 -0.0122409 -0.308002 -0.0557485 0.0118872 0.998374 -1.68702 0 0 0 1 
25528382210183;0.488607;0.35234;0.969847 0.00796357 0.243585 0.661127 -0.00636471 0.999953 -0.00735023 -0.0270875 -0.243632 0.00557825 0.969852 -4.79555 0 0 0 1 
25528382210184;0.107925;0.0626792;0.999911 0.0076185 -0.0109585 0.385747 -0.00746459 0.999874 0.0140176 -0.108662 0.0110639 -0.0139346 0.999842 -0.367486 0 0 0 1 
25528382210186;2.61464;0.479142;0.906541 0.0379275 -0.420411 0.0150062 0.0505238 0.979046 0.19727 -0.0621762 0.419084 -0.200074 0.885629 -5.49289 0 0 0 1 
25528382210187;2.55948;0.269647;0.999959 0.00851029 0.00324947 0.624202 -0.00847834 0.999917 -0.00972503 -0.285386 -0.00333197 0.00969708 0.999947 -2.03307 0 0 0 1 
25528382210188;2.1137;0.669608;0.993517 -0.00770751 -0.113418 -0.251399 -0.00641561 0.992307 -0.123633 -0.303908 0.113499 0.123559 0.985825 4.34393 0 0 0 1 
25528382210189;3.03095;1.6934;0.932312 -0.0124091 0.361442 0.00595162 0.0305435 0.998542 -0.0445027 0.411315 -0.360363 0.0525301 0.931332 -0.592103 0 0 0 1 
25528382210190;2.58604;2.36111;0.942623 0.0470028 0.330534 2.11563 0.0197254 0.98047 -0.195679 -1.17269 -0.333276 0.190971 0.923286 4.33596 0 0 0 1 
25528382210191;2.29839;1.29492;0.994159 -0.00932655 0.107517 -0.241551 -0.0301362 0.932637 0.359555 -1.12432 -0.103628 -0.360695 0.926909 -13.9496 0 0 0 1 
25528382210192;1.26077;1.04205;0.997477 0.030917 -0.0639062 1.21553 -0.0286713 0.998949 0.0357638 -0.463563 0.0649448 -0.0338413 0.997315 -1.44253 0 0 0 1 
25528382210193;1.94741;1.27703;0.975813 -0.0318571 0.216273 -1.08663 0.0601319 0.990277 -0.125444 0.325149 -0.210174 0.135415 0.96824 0.961327 0 0 0 1 
25528382210194;0.500481;0.395683;0.991425 0.0630918 -0.114437 2.03621 -0.0129685 0.918906 0.394263 -2.10233 0.130031 -0.389398 0.911845 -14.2262 0 0 0 1 
25528382210195;0.447325;0.146276;0.993708 0.00657127 0.111808 0.426248 0.0227129 0.965712 -0.258621 -1.69781 -0.109674 0.259533 0.959486 8.83608 0 0 0 1 
25528382210196;0.672791;0.446929;0.999542 -0.02996 -0.0042173 -1.36355 0.030112 0.998647 0.0424 0.638102 0.00294129 -0.0425075 0.999092 -1.47376 0 0 0 1 
25528382210197;1.68816;1.58178;0.999808 0.0163049 0.0108365 0.596178 -0.0166762 0.999245 0.0351038 -0.0549722 -0.0102559 -0.0352778 0.999325 -1.51699 0 0 0 1 
25528382210198;0.0806703;0.118735;0.999483 -0.0320686 -0.00211014 -1.29887 0.0320335 0.999375 -0.0149654 0.405558 0.00258874 0.0148901 0.999886 0.554378 0 0 0 1 
25528382210199;2.04506;0.667937;0.985345 -0.0378041 0.16633 -1.20691 0.0394971 0.999196 -0.00688115 0.601934 -0.165936 0.0133498 0.986046 -3.37127 0 0 0 1 
25528382210200;1.86353;1.42145;0.985875 -0.0802376 -0.147015 -4.0063 0.0306124 0.949315 -0.312831 -2.41179 0.164664 0.303912 0.938362 14.501 0 0 0 1 
25528382210201;1.69978;1.51678;0.978181 -0.0193641 0.206851 -0.384303 -0.00426235 0.993567 0.113168 0.154214 -0.207712 -0.11158 0.971805 -7.90747 0 0 0 1 
25528382210202;3.09717;0.465855;0.99953 -0.0185456 0.0243935 -1.0399 0.0197392 0.998572 -0.0496388 0.0344945 -0.0234381 0.050097 0.998469 4.42304 0 0 0 1 
25528382210203;2.66545;0.379981;0.999907 0.0128003 -0.00467829 0.270046 -0.0124328 0.997357 0.0715811 0.15845 0.00558219 -0.0715163 0.997424 -0.414191 0 0 0 1 
25528382210204;2.12678;1.87621;0.999944 -0.0103959 0.00200303 -0.49345 0.0103822 0.999923 0.00673669 0.477392 -0.00207291 -0.00671551 0.999975 -0.231046 0 0 0 1 
25528382210205;2.17534;0.445827;0.971586 0.011915 -0.236386 0.191124 -0.00348682 0.999344 0.0360405 -0.223695 0.23666 -0.0341922 0.970991 -0.533511 0 0 0 1 
25528382210206;0.615844;0.296298;0.99958 0.00171554 0.0289371 0.101439 0.000600025 0.996809 -0.0798226 -0.353525 -0.0289817 0.0798065 0.996389 3.20303 0 0 0 1 
25528382210207;2.70191;2.46123;0.998426 -0.0210348 0.0519865 -0.576422 0.0257813 0.995389 -0.0923867 -0.0163194 -0.0498035 0.0935816 0.994365 1.72149 0 0 0 1 
25528382210208;0.254784;0.268194;0.998298 0.0348114 -0.0467857 1.2658 -0.0334456 0.999 0.0296635 -0.493958 0.0477716 -0.0280483 0.998464 -0.570191 0 0 0 1 
25528382210209;0.401221;0.372115;0.99984 0.01707 -0.00538285 0.639311 -0.0168392 0.999044 0.0403418 -0.1267 0.00606634 -0.0402447 0.999171 -1.48259 0 0 0 1 
25528382210210;3.26762;2.72339;0.998155 0.0566726 0.0217756 2.40854 -0.06071 0.92871 0.365803 -2.88107 0.000507736 -0.36645 0.930438 -15.9242 0 0 0 1 
25528382210211;2.11433;0.919857;0.998558 0.0347889 0.0408833 1.4201 -0.0415251 0.983232 0.177571 -0.462576 -0.0340202 -0.179012 0.983258 -5.90536 0 0 0 1 
25528382210212;0.939666;0.371663;0.981627 0.0137986 0.190312 0.826997 0.0211392 0.983378 -0.180336 -0.860212 -0.189637 0.181045 0.965018 4.0516 0 0 0 1 
25528382210213;1.20317;1.06305;0.99654 0.0047793 0.0829757 0.314507 -0.0127316 0.995341 0.0955758 0.0363111 -0.0821323 -0.0963016 0.991958 -4.66891 0 0 0 1 
25528382210214;2.77469;1.05092;0.984882 0.0418421 0.1681 1.95958 -0.00491977 0.976755 -0.214302 -1.80819 -0.173159 0.210235 0.962194 8.27446 0 0 0 1 
25528382210215;2.52413;2.31464;0.999608 0.0134237 -0.0245856 0.443271 -0.00690484 0.968693 0.248167 -0.692878 0.0271472 -0.2479 0.968405 -10.0957 0 0 0 1 
25528382210217;1.06109;1.03595;0.971711 -0.0169305 -0.235565 -1.79651 0.00837522 0.99927 -0.0372715 -0.0740089 0.236024 0.0342442 0.971144 3.87744 0 0 0 1 
25528382210218;0.551084;0.505488;0.999778 0.0185647 0.00997928 1.71167 -0.0191509 0.997876 0.0622662 -0.304667 -0.00880213 -0.0624435 0.99801 -5.46044 0 0 0 1 
25528382210219;0.422673;0.398481;0.975023 -0.00732911 0.221983 -0.614336 -0.00196544 0.999132 0.0416207 0.0233213 -0.222095 -0.0410175 0.974162 -4.5327 0 0 0 1 
25528382210220;1.03905;1.00157;0.961639 0.0606145 -0.267536 5.18515 -0.0229989 0.989663 0.141556 -0.984607 0.273351 -0.129973 0.953093 -10.9732 0 0 0 1 
25528382210221;1.31298;0.633938;0.997744 -0.00782522 -0.0666784 -0.911115 -0.00153104 0.990274 -0.139126 -1.15023 0.0671186 0.138914 0.988027 14.2126 0 0 0 1 
25528382210222;1.56771;1.19209;0.986756 0.0400905 -0.157177 3.99092 -0.0221213 0.993183 0.11445 -0.80875 0.160694 -0.109457 0.980916 -10.9882 0 0 0 1 
25528382210223;0.395381;0.307256;0.998241 0.00283907 -0.0592215 0.085594 0.000254679 0.998638 0.0521674 -0.0694912 0.059289 -0.0520908 0.996881 -4.18804 0 0 0 1 
25528382210224;1.45898;1.11574;0.994816 -0.00637058 -0.101489 -1.00737 0.00823818 0.999804 0.0179935 0.0701717 0.101354 -0.0187363 0.994674 -0.198228 0 0 0 1 
25528382210225;0.647882;0.267531;0.954887 0.0419278 -0.293995 2.91651 0.00427654 0.987939 0.154784 -0.853288 0.296939 -0.149059 0.943191 -11.6237 0 0 0 1 
25528382210226;0.247807;0.242553;0.994334 0.0158812 -0.105105 1.42862 -0.0138412 0.999702 0.0201101 -0.128751 0.105393 -0.0185414 0.994258 -1.31179 0 0 0 1 
25528382210227;1.67052;0.410772;0.999858 -0.00190619 0.0167444 -0.409901 0.00189196 0.999998 0.000865381 -0.0246431 -0.016746 -0.000833579 0.999859 2.11947 0 0 0 1 
25528382210228;0.941077;0.343038;0.999841 -0.00510184 -0.017109 -0.134576 0.004005 0.997971 -0.0635412 -0.101501 0.0173984 0.0634625 0.997833 4.27903 0 0 0 1 
25528382210229;1.84373;1.76167;0.999457 -0.0176127 -0.0278348 -1.74121 0.015689 0.99757 -0.0678804 -0.120394 0.0289627 0.0674068 0.997305 6.27649 0 0 0 1 
25528382210230;0.815476;0.708528;0.999941 -0.00652147 -0.00865597 -0.710794 0.00646678 0.999959 -0.00633071 0.0323155 0.0086969 0.00627437 0.999942 0.94622 0 0 0 1 
25528382210231;0.945073;0.492721;0.999935 0.000684321 -0.0113526 -0.0678847 -0.000804597 0.999944 -0.0105934 -0.0375376 0.0113447 0.0106018 0.999879 2.0598 0 0 0 1 
25528382210232;0.385786;0.323392;0.994962 0.00325781 0.100202 0.338948 -0.0123457 0.995846 0.0902103 -0.35177 -0.0994916 -0.0909929 0.990869 -8.99089 0 0 0 1 
25528382210233;0.215723;0.144521;0.999239 0.0354299 0.0163263 3.11087 -0.0388405 0.942607 0.331637 -5.13217 -0.00363946 -0.332018 0.943266 -29.8818 0 0 0 1 
25528382210234;1.80049;1.3101;0.999884 -0.0143127 0.00524653 -0.973795 0.0146451 0.997438 -0.0700151 -0.0183501 -0.00423098 0.0700838 0.997532 4.22492 0 0 0 1 
25528382210235;1.841;1.81554;0.980956 0.00486957 0.194168 0.406742 -0.0439498 0.979322 0.197478 -1.86495 -0.189192 -0.202251 0.960886 -18.421 0 0 0 1 
25528382210236;0.783834;0.543328;0.992535 0.00442801 0.121879 0.504627 -0.0102485 0.998834 0.0471712 -0.131441 -0.121528 -0.0480681 0.991423 -4.11609 0 0 0 1 
25528382210237;0.646121;0.473084;0.995744 -0.00476217 -0.0920445 -0.383815 0.00457912 0.999987 -0.00219979 0.0485091 0.0920538 0.00176895 0.995752 -0.197874 0 0 0 1 
25528382210238;0.978297;0.814049;0.994467 -0.0181808 0.103467 -1.70304 0.0301462 0.992875 -0.115285 -0.564397 -0.100633 0.117766 0.987929 10.7243 0 0 0 1 
25528382210239;1.51578;0.116204;0.995531 -0.01063 0.0938305 -1.36536 0.0162337 0.998116 -0.0591611 -0.165312 -0.0930249 0.06042 0.993829 7.10967 0 0 0 1 
25528382210240;0.466545;0.386144;0.999817 0.0181434 -0.00599769 1.55295 -0.0166309 0.980764 0.194489 -1.57047 0.00941101 -0.194354 0.980886 -17.3118 0 0 0 1 
25528382210241;1.93577;1.78502;0.989364 0.0110359 0.145039 1.18115 -0.0317615 0.989447 0.141371 -0.894107 -0.141948 -0.144474 0.979274 -13.5034 0 0 0 1 
25528382210242;0.86252;0.481556;0.996456 -0.0294019 0.0788099 -2.74468 0.0446808 0.978826 -0.19976 -1.90252 -0.0712678 0.202574 0.97667 18.6625 0 0 0 1 
25528382210243;0.905546;0.24492;0.970287 -0.00559859 0.241892 -0.395427 -0.00702995 0.998658 0.0513127 -0.0365769 -0.241855 -0.0514886 0.968945 -4.56919 0 0 0 1 
25528382210244;0.219604;0.219243;0.999815 -0.000256758 -0.0192288 -0.0382201 -0.000104502 0.999824 -0.0187841 -0.0339686 0.0192302 0.0187826 0.999639 1.6159 0 0 0 1 
25528382210245;0.165948;0.10139;0.980787 -0.00868844 0.19489 -0.749898 0.00521819 0.999819 0.0183126 0.0621816 -0.195014 -0.0169437 0.980654 -2.68951 0 0 0 1 
25528382210246;1.5805;1.40945;0.998599 -0.000859944 0.0529142 -0.17638 -8.27515e-05 0.999841 0.0178108 0.0106619 -0.0529212 -0.0177902 0.99844 -0.822409 0 0 0 1 
25528382210248;1.80404;1.49865;0.997326 0.00646785 0.0727917 0.465305 0.00488185 0.987954 -0.154671 -0.615047 -0.0729152 0.154612 0.985281 8.03152 0 0 0 1 
25528382210249;2.65063;0.697442;0.999258 -0.0202585 0.0327645 -0.981646 0.0199526 0.999754 0.00963767 0.205354 -0.0329517 -0.00897678 0.999417 -3.44664 0 0 0 1 
25528382210250;0.988386;0.226215;0.988485 -0.0326616 -0.147754 -2.28018 0.0236274 0.997766 -0.0624912 -0.248603 0.149464 0.0582805 0.987048 3.75664 0 0 0 1 
25528382210251;1.96971;0.461604;0.999331 0.00793382 -0.0357086 0.490351 -0.00670229 0.999383 0.0344769 0.738021 0.0359601 -0.0342145 0.998767 -4.0782 0 0 0 1 
25528382210252;1.48555;1.18629;0.999717 0.0237268 0.00147855 1.46105 -0.023724 0.999717 -0.00188973 -0.301648 -0.00152296 0.00185412 0.999997 0.458219 0 0 0 1 
25528382210253;1.51489;0.420667;0.999169 0.0119019 0.038973 0.828404 -0.0103898 0.999194 -0.0387738 0.0406844 -0.0394031 0.0383367 0.998488 0.473259 0 0 0 1 
25528382210254;2.5409;1.89631;0.999316 0.0127896 0.0346871 0.808165 -0.0178333 0.988639 0.149245 0.0266366 -0.0323842 -0.149761 0.988192 -10.2284 0 0 0 1 
25528382210255;0.438009;0.20052;0.995531 0.00569499 -0.0942666 0.0892734 -0.0141364 0.99592 -0.089125 -0.470073 0.0933744 0.0900593 0.99155 5.08273 0 0 0 1 
25528382210256;0.895108;0.457436;0.961261 0.00839489 0.275513 1.14731 0.0699093 0.959429 -0.273146 -3.22701 -0.266628 0.281826 0.921674 16.7394 0 0 0 1 
25528382210257;0.887196;0.786144;0.999356 -0.00227897 0.0358229 0.0474375 0.00188445 0.999937 0.0110429 -0.058734 -0.0358458 -0.0109683 0.999297 -0.830056 0 0 0 1 
25528382210258;2.46932;0.554394;0.998846 0.0396847 -0.0270556 2.62456 -0.041125 0.997642 -0.0549423 0.0446347 0.0248114 0.0559915 0.998123 0.294646 0 0 0 1 
25528382210259;0.355498;0.239555;0.994623 -0.00985571 0.103091 -0.292953 0.0559035 0.889062 -0.454361 -7.18054 -0.0871764 0.457681 0.884832 25.4147 0 0 0 1 
