#;prob_registration_l1 -r /home/probabilistic_point_clouds_registration/build/tester /home/point_clouds_registration_benchmark//devel/registration_pairs/stairs_local.txt /home/point_clouds_registration_benchmark//eth/stairs -s 0.2 -t 0.2 -p 0.3 -r 1000 -m 20 -i 40 
id;initial_error;final_error;transformation
5494384560000;0.832403;0.0556783;0.994977 0.0996535 -0.00945438 0.809765 -0.0992106 0.994288 0.0393487 0.383213 0.0133216 -0.0382131 0.999181 0.386397 0 0 0 1 
5494384560001;0.315086;0.0579102;0.914334 0.232617 -0.331486 1.55914 -0.199997 0.971154 0.129849 1.21389 0.352129 -0.0524294 0.934482 -2.35543 0 0 0 1 
5494384560002;0.630491;0.0461998;0.999086 -0.0329212 -0.0272555 0.734854 0.03301 0.999451 0.00281711 -0.340685 0.0271478 -0.00371424 0.999625 0.0760829 0 0 0 1 
5494384560003;0.317466;0.0269082;0.969461 -0.0491187 -0.240275 0.896133 0.125131 0.941683 0.31237 -1.82836 0.21092 -0.332897 0.919072 -1.41995 0 0 0 1 
5494384560004;0.657978;0.0441164;0.998596 0.0503131 0.0165952 -0.176474 -0.0518066 0.992891 0.107159 0.615635 -0.0110858 -0.107868 0.994103 0.566459 0 0 0 1 
5494384560005;0.751618;0.0720474;0.994133 -0.0928549 -0.0554693 -0.379845 0.0994906 0.986221 0.132171 -1.58305 0.0424323 -0.136915 0.989674 -0.454733 0 0 0 1 
5494384560006;0.696898;0.0552652;0.929464 0.314277 -0.193202 1.31847 -0.334126 0.93915 -0.079735 2.29483 0.156387 0.138665 0.977914 -0.586986 0 0 0 1 
5494384560007;0.399045;0.0449794;0.932509 -0.357593 -0.0505387 0.785075 0.359945 0.931668 0.0493399 -3.06415 0.0294416 -0.064201 0.997503 -0.217292 0 0 0 1 
5494384560008;0.231215;0.0300891;0.973208 -0.203531 -0.106965 0.389408 0.190776 0.974463 -0.118433 -1.12517 0.128338 0.094854 0.987184 -0.816573 0 0 0 1 
5494384560009;0.454804;0.0430477;0.989793 -0.0277681 -0.139781 0.687541 0.0342369 0.998441 0.0440882 -0.610566 0.138338 -0.0484239 0.9892 -0.665206 0 0 0 1 
5494384560010;0.83506;0.024842;0.999946 0.00953846 -0.00423296 -0.0395565 -0.00945208 0.999756 0.0199783 0.163634 0.00442248 -0.0199372 0.999791 0.850395 0 0 0 1 
5494384560011;0.300381;0.050212;0.99634 0.0628463 0.0579364 -0.200554 -0.0427901 0.953477 -0.298413 0.99225 -0.0739952 0.294842 0.952677 0.622247 0 0 0 1 
5494384560012;0.513405;0.0633448;0.942181 0.0592195 -0.329829 1.15788 -0.121125 0.977898 -0.170425 1.26843 0.312447 0.200521 0.92853 -1.70203 0 0 0 1 
5494384560013;0.592232;0.0325164;0.9927 0.0145449 -0.119727 0.482913 -0.0180639 0.999435 -0.0283593 0.832684 0.119247 0.030315 0.992402 -0.841334 0 0 0 1 
5494384560014;0.784839;0.0431736;0.94724 0.21119 0.241111 0.484001 -0.257772 0.949015 0.181448 1.30096 -0.190498 -0.234027 0.953385 1.9191 0 0 0 1 
5494384560015;1.02961;0.0625116;0.941877 0.32191 -0.0961314 0.30773 -0.335919 0.898061 -0.283981 3.8779 -0.00508471 0.299768 0.953999 0.839326 0 0 0 1 
5494384560016;0.692498;0.0737586;0.989995 0.12754 -0.0603653 0.221809 -0.141096 0.899403 -0.413721 2.59449 0.00152676 0.418099 0.9084 -0.183973 0 0 0 1 
5494384560017;0.125802;0.0423577;0.999974 -0.00028277 -0.00723365 0.0588064 0.000367839 0.999931 0.0117616 -0.0919816 0.00722982 -0.011764 0.999905 0.0540993 0 0 0 1 
5494384560018;0.697368;0.0545416;0.996989 0.0463635 -0.0621584 0.765676 -0.0589218 0.974047 -0.218541 1.08815 0.0504129 0.221546 0.973846 0.204096 0 0 0 1 
5494384560019;0.372102;0.0438119;0.954482 0.283394 0.0930116 0.148071 -0.292659 0.950022 0.108667 1.95596 -0.0575675 -0.130941 0.989717 0.169343 0 0 0 1 
5494384560020;0.725979;0.0688254;0.947128 0.312643 0.0721356 0.178256 -0.319363 0.896915 0.305862 2.05553 0.0309261 -0.312728 0.949339 0.402709 0 0 0 1 
5494384560021;0.810082;0.0391221;0.996104 0.0789215 -0.0393499 -0.182766 -0.0787298 0.996875 0.0064008 0.601647 0.0397321 -0.00327785 0.999205 0.49585 0 0 0 1 
5494384560022;1.01164;0.0393404;0.885078 -0.301593 -0.354512 1.55066 0.333641 0.942176 0.0314364 -3.55667 0.324532 -0.146103 0.934523 -1.98672 0 0 0 1 
5494384560023;0.527542;0.0461367;0.978948 0.093303 -0.181538 0.854096 -0.0915626 0.995637 0.0179633 0.605857 0.182422 -0.000963037 0.98322 -1.83638 0 0 0 1 
5494384560024;0.419936;0.0623108;0.939148 0.331851 -0.0887502 0.999158 -0.332628 0.943037 0.00632608 2.51092 0.085794 0.0235796 0.996034 -0.861347 0 0 0 1 
5494384560025;0.495752;0.0614618;0.93973 0.301864 -0.160581 0.962132 -0.299761 0.953267 0.0377535 2.28286 0.164473 0.0126578 0.9863 -0.786911 0 0 0 1 
5494384560026;0.350666;0.0714163;0.975301 0.0913298 0.201112 -0.216359 -0.0309076 0.957983 -0.285155 0.918189 -0.218705 0.271896 0.937145 2.08005 0 0 0 1 
5494384560027;0.90423;0.0324783;0.992184 0.0622863 -0.10813 1.29632 -0.0454564 0.987386 0.151665 0.170022 0.116213 -0.145564 0.9825 -0.684628 0 0 0 1 
5494384560028;0.914969;0.0519925;0.99473 -0.101891 -0.011381 -0.861143 0.102071 0.994641 0.0164813 -0.670634 0.00964071 -0.0175561 0.999799 -0.294842 0 0 0 1 
5494384560029;0.844853;0.0606427;0.999513 0.027401 0.0149099 0.0214046 -0.027733 0.999361 0.0225359 -0.530748 -0.0142829 -0.0229384 0.999635 -0.523428 0 0 0 1 
5494384560031;0.314572;0.0687387;0.920815 -0.340176 -0.190736 0.511325 0.352227 0.935359 0.0322419 -1.46024 0.167439 -0.0968713 0.981112 -0.692841 0 0 0 1 
5494384560032;0.143255;0.0699011;0.996545 0.0541572 0.0629662 0.036024 -0.049881 0.996464 -0.0676082 0.197645 -0.066405 0.0642338 0.995723 0.254386 0 0 0 1 
5494384560033;0.256973;0.0624798;0.999625 0.0127807 0.0242195 0.227759 -0.0102618 0.994791 -0.101414 0.21162 -0.0253895 0.101128 0.994549 0.183596 0 0 0 1 
5494384560034;0.872658;0.0683047;0.969572 -0.220831 0.105657 0.0795436 0.198293 0.961544 0.190036 -1.81722 -0.14356 -0.163302 0.976075 -0.0380757 0 0 0 1 
5494384560035;0.383527;0.0561607;0.996554 -0.0696086 0.0451164 0.0623191 0.0675114 0.996637 0.0464506 0.0789425 -0.048198 -0.0432447 0.997901 0.277446 0 0 0 1 
5494384560036;0.699819;0.0701906;0.956243 0.25732 -0.139232 0.542085 -0.287852 0.912594 -0.290366 0.897867 0.0523451 0.317739 0.946732 0.514492 0 0 0 1 
5494384560037;0.785083;0.0603568;0.967769 -0.0975 0.232201 -0.341176 0.164615 0.942685 -0.290253 -0.222287 -0.190593 0.319122 0.928351 0.143825 0 0 0 1 
5494384560038;1.00964;0.0652038;0.902245 -0.429797 0.0350508 -0.822723 0.429367 0.902922 0.0193797 -1.38889 -0.0399775 -0.00243561 0.999198 -0.209099 0 0 0 1 
5494384560039;0.16472;0.0933616;0.987423 -0.0799159 -0.136415 0.134786 0.0840913 0.996141 0.0251156 -0.331863 0.133881 -0.0362711 0.990333 -0.539644 0 0 0 1 
5494384560040;0.656318;0.0649776;0.913235 0.339269 0.225604 0.595534 -0.337092 0.940178 -0.0493334 0.781339 -0.228846 -0.0309963 0.972969 1.08016 0 0 0 1 
5494384560041;0.496934;0.0561255;0.882233 -0.298198 0.36434 -0.142613 0.295972 0.953091 0.0633852 -1.11179 -0.36615 0.0519139 0.929106 1.89457 0 0 0 1 
5494384560042;0.516103;0.4307;0.995113 -0.0625949 -0.0763675 -0.255015 0.072227 0.988788 0.130696 -0.605561 0.0673304 -0.135573 0.988477 -0.372875 0 0 0 1 
5494384560043;0.0787389;0.0565561;0.999955 -0.00819627 0.00475671 -0.0356046 0.00808786 0.999717 0.0223805 -0.171398 -0.0049388 -0.022341 0.999738 0.0892594 0 0 0 1 
5494384560044;0.670233;0.0434755;0.998958 0.0425672 0.0164585 0.220085 -0.0432265 0.998181 0.042021 0.237773 -0.0146399 -0.0426886 0.998981 0.79674 0 0 0 1 
5494384560045;0.454928;0.0557917;0.909634 -0.269504 0.316123 -0.462108 0.174475 0.938476 0.29803 -1.14944 -0.376994 -0.215943 0.900691 1.53037 0 0 0 1 
5494384560046;0.663952;0.0813038;0.979845 0.140648 -0.141853 0.388561 -0.139354 0.990059 0.0190676 1.18204 0.143125 0.00108449 0.989704 -0.596893 0 0 0 1 
5494384560047;0.60701;0.32157;0.999371 0.0330954 -0.0127193 -0.598054 -0.034799 0.984292 -0.173084 0.693071 0.00679122 0.173418 0.984825 0.0837794 0 0 0 1 
5494384560048;0.280379;0.0434077;0.999872 -0.00229883 0.0158524 -0.0858174 0.00207612 0.999899 0.0140513 -0.151018 -0.0158831 -0.0140165 0.999776 0.388166 0 0 0 1 
5494384560049;0.480826;0.0607929;0.92628 0.339046 0.16448 0.626764 -0.338456 0.940422 -0.0324747 1.36983 -0.165691 -0.0255884 0.985846 0.619347 0 0 0 1 
5494384560050;0.519994;0.0732612;0.976055 0.206118 0.0695118 -0.180044 -0.201706 0.977253 -0.065503 0.279322 -0.081432 0.0499136 0.995428 0.411331 0 0 0 1 
5494384560051;0.245903;0.0483337;0.999788 -0.0201032 0.00453577 0.0722579 0.0199583 0.99935 0.0300053 -0.304372 -0.00513602 -0.0299084 0.999539 -0.153657 0 0 0 1 
5494384560052;0.581213;0.0592079;0.95178 0.15593 0.264199 -0.364137 -0.188018 0.976988 0.100719 0.0315996 -0.242414 -0.145536 0.959195 0.727412 0 0 0 1 
5494384560053;0.543864;0.0465662;0.962224 -0.218857 0.161946 -0.428331 0.200059 0.971821 0.124658 -1.30449 -0.184665 -0.0875506 0.978894 0.346947 0 0 0 1 
5494384560054;0.812423;0.437719;0.998215 -0.0450248 -0.0392357 -0.350968 0.0461625 0.998525 0.0285899 -0.43858 0.0378906 -0.03035 0.998821 -0.59299 0 0 0 1 
5494384560055;0.804846;0.0681424;0.926631 0.00586617 0.375926 0.501739 -0.0488928 0.993268 0.105018 0.524984 -0.372779 -0.115693 0.92068 1.55332 0 0 0 1 
5494384560056;0.404608;0.0543737;0.981367 0.159318 0.107412 -0.169642 -0.157975 0.987221 -0.0209536 0.198298 -0.109378 0.0035947 0.993994 0.374656 0 0 0 1 
5494384560057;0.241612;0.0561359;0.972093 0.20347 -0.11677 0.398958 -0.189786 0.974661 0.118395 0.440686 0.137901 -0.09293 0.986077 -0.445627 0 0 0 1 
5494384560058;0.361634;0.048914;0.991237 -0.11641 0.0624309 0.148813 0.124033 0.982811 -0.136743 -0.0636231 -0.0454396 0.143288 0.988637 0.288075 0 0 0 1 
5494384560059;0.672349;0.0958535;0.998861 -0.0141467 0.045574 -0.0852339 0.013592 0.99983 0.0124581 -0.114839 -0.0457425 -0.0118245 0.998883 -0.524268 0 0 0 1 
5494384560060;0.435775;0.0593722;0.954661 -0.278009 -0.106453 -0.0638496 0.297405 0.906415 0.299937 -1.66335 0.0131058 -0.317998 0.948001 -0.234419 0 0 0 1 
5494384560062;0.821662;0.0591486;0.965344 -0.190544 -0.178334 0.38232 0.188481 0.98166 -0.0286016 -1.58166 0.180513 -0.00600217 0.983554 -1.35647 0 0 0 1 
5494384560063;1.2461;0.0477398;0.941351 0.105456 -0.320525 1.77924 -0.113675 0.993493 -0.00698511 0.830725 0.317703 0.0430113 0.947214 -2.45729 0 0 0 1 
5494384560064;0.351118;0.295212;0.994329 -0.105161 0.015845 -0.0261007 0.105677 0.993736 -0.036339 -0.607263 -0.0119243 0.0378074 0.999214 0.135459 0 0 0 1 
5494384560065;1.02628;0.0697608;0.9971 0.0748237 0.0138719 -0.069533 -0.0738348 0.99536 -0.0616935 0.350701 -0.0184237 0.0604904 0.997999 0.933716 0 0 0 1 
5494384560066;0.385602;0.0669997;0.902591 0.423432 -0.0776793 1.03772 -0.425982 0.904531 -0.0190643 2.65471 0.0621909 0.0502973 0.996796 -0.273494 0 0 0 1 
5494384560067;1.09812;0.0446041;0.979808 -0.132768 0.149495 -0.37935 0.153156 0.979032 -0.134314 -0.976963 -0.128528 0.154498 0.979597 0.173911 0 0 0 1 
5494384560068;0.284277;0.0530671;0.988317 0.139105 -0.0622866 0.291173 -0.116591 0.953227 0.278863 0.00905415 0.0981644 -0.268343 0.958309 -0.608785 0 0 0 1 
5494384560069;0.305684;0.0531831;0.988142 0.150382 -0.0309891 0.403734 -0.15042 0.988622 0.00109644 0.95524 0.0308013 0.00357794 0.999519 -0.0935278 0 0 0 1 
5494384560070;1.06788;0.0527895;0.99852 0.0539418 -0.00692724 0.779367 -0.0523993 0.988333 0.143014 -0.00704593 0.0145608 -0.142439 0.989696 -0.40593 0 0 0 1 
5494384560071;0.199717;0.0463386;0.99996 -0.00867382 0.00225434 -0.0135727 0.00868475 0.99995 -0.00488332 -0.0969075 -0.00221187 0.0049027 0.999986 0.189193 0 0 0 1 
5494384560072;1.02349;0.0479429;0.963629 -0.0225733 -0.26629 1.08913 -0.0603889 0.952261 -0.299253 1.74714 0.260333 0.30445 0.916263 -1.28911 0 0 0 1 
5494384560073;0.123206;0.0599237;0.993673 -0.112207 0.00481171 -0.0666797 0.111997 0.993191 0.0320637 -0.791235 -0.00837672 -0.0313219 0.999474 0.0988667 0 0 0 1 
5494384560074;0.700296;0.0695099;0.940264 0.338124 0.0396943 0.0820992 -0.336991 0.940942 -0.0326283 2.39905 -0.0483824 0.0173026 0.998679 0.0747098 0 0 0 1 
5494384560075;0.186882;0.0547448;0.999925 0.0115676 0.00401376 0.0530532 -0.0114478 0.999523 -0.0286918 0.156771 -0.00434374 0.0286437 0.99958 -0.0462377 0 0 0 1 
5494384560076;1.00141;0.0545763;0.992169 -0.0983872 0.076944 -0.309133 0.0927448 0.992954 0.0737605 -0.598691 -0.0836589 -0.0660467 0.994303 1.27842 0 0 0 1 
5494384560077;0.605922;0.226956;0.950794 -0.125035 -0.283473 1.16072 0.152141 0.985461 0.075623 -1.15772 0.269896 -0.11503 0.955994 -1.86177 0 0 0 1 
5494384560078;0.686652;0.0857953;0.921065 -0.386939 0.0437836 0.0614569 0.383564 0.882082 -0.273514 -1.79076 0.0672125 0.268718 0.960871 0.227251 0 0 0 1 
5494384560079;0.330281;0.0585236;0.927566 0.372765 -0.0258424 0.648799 -0.366273 0.920735 0.134502 1.91971 0.0739316 -0.115294 0.990576 -0.438297 0 0 0 1 
5494384560080;0.779401;0.0744679;0.916805 0.391144 -0.0804654 1.2604 -0.381158 0.917226 0.115822 2.33266 0.119108 -0.0755166 0.990005 -0.584065 0 0 0 1 
5494384560081;0.603531;0.0508467;0.98074 0.190736 -0.0420492 0.47891 -0.194963 0.968946 -0.152094 1.78098 0.0117337 0.157363 0.987471 0.363334 0 0 0 1 
5494384560082;0.617118;0.152661;0.904489 -0.232441 -0.357589 1.29602 0.284543 0.953436 0.0999705 -1.86654 0.317701 -0.192172 0.928513 -2.15285 0 0 0 1 
5494384560083;0.290683;0.0539421;0.945672 0.304728 0.113337 0.154654 -0.289361 0.947801 -0.133952 2.11015 -0.14824 0.0938792 0.984485 0.978007 0 0 0 1 
5494384560084;0.175327;0.0580521;0.985795 -0.121629 -0.115819 0.310419 0.104223 0.983775 -0.146031 -0.277704 0.131701 0.131886 0.982477 -0.715805 0 0 0 1 
5494384560085;0.943472;0.0545436;0.992185 -0.120883 -0.0309301 0.0563013 0.105121 0.943343 -0.314728 -0.264332 0.0672228 0.309017 0.948678 0.474958 0 0 0 1 
5494384560086;0.821732;0.047439;0.99224 -0.0291753 0.120862 -0.474677 0.018542 0.995931 0.0881869 -0.602042 -0.122943 -0.0852616 0.988744 1.30403 0 0 0 1 
5494384560087;0.12902;0.0624003;0.99909 0.0179514 -0.0386838 0.0110391 -0.0182019 0.999816 -0.00613316 0.136051 0.0385665 0.0068317 0.999233 -0.127391 0 0 0 1 
5494384560088;1.25698;0.331554;0.885828 0.0544571 -0.460808 1.82712 -0.034721 0.998084 0.0512057 -0.616134 0.462714 -0.0293597 0.886021 -2.42874 0 0 0 1 
5494384560089;1.3654;0.858192;0.98103 0.174762 0.083901 0.0370841 -0.178651 0.983046 0.041278 1.15393 -0.0752647 -0.055484 0.995619 -0.194459 0 0 0 1 
5494384560090;0.736364;0.0658481;0.956329 -0.2922 -0.00731766 0.528894 0.266824 0.882949 -0.386271 -0.526098 0.11933 0.36745 0.922356 -0.25817 0 0 0 1 
5494384560091;0.484121;0.0537986;0.939483 -0.150085 -0.30797 1.15908 0.213921 0.959143 0.185155 -1.81501 0.267598 -0.239831 0.933205 -1.26953 0 0 0 1 
5494384560093;0.0553842;0.169862;0.99928 0.000265414 -0.0379362 0.0293675 -0.00217647 0.99873 -0.0503431 0.20162 0.0378747 0.0503894 0.998011 -0.11381 0 0 0 1 
5494384560094;0.672056;0.251964;0.910145 -0.0492924 -0.411346 1.77045 0.111381 0.985454 0.128352 -1.02337 0.399036 -0.162635 0.902397 -2.07681 0 0 0 1 
5494384560095;0.854827;0.222232;0.919018 0.393154 -0.0289051 0.84586 -0.392636 0.919429 0.0220479 2.14065 0.0352444 -0.00891324 0.999339 0.197042 0 0 0 1 
5494384560096;0.268636;0.115521;0.949062 -0.299963 -0.0964518 0.470066 0.286066 0.948606 -0.135326 -1.63475 0.132088 0.100842 0.986095 -0.813445 0 0 0 1 
5494384560097;0.745786;0.158682;0.999599 -0.0175377 -0.0222527 -0.288958 0.0182536 0.999309 0.0323884 -0.678552 0.0216693 -0.0327816 0.999228 0.214869 0 0 0 1 
5494384560098;0.365154;0.578767;0.964084 -0.191381 -0.18416 0.266954 0.178264 0.980263 -0.0854815 -1.17531 0.196885 0.0495822 0.979172 -1.27605 0 0 0 1 
5494384560099;0.345567;0.182889;0.99706 -0.0376035 0.0667653 -0.43932 0.041347 0.997597 -0.0556015 0.0363031 -0.064514 0.0581986 0.996218 0.536786 0 0 0 1 
5494384560100;0.37298;0.193521;0.944593 -0.212479 -0.250193 0.604257 0.21809 0.975914 -0.00541319 -1.41572 0.245317 -0.0494514 0.968181 -1.35659 0 0 0 1 
5494384560101;0.595346;0.275069;0.92103 0.350269 0.170341 -0.0607973 -0.374925 0.915789 0.14409 2.34553 -0.105526 -0.196576 0.974793 1.13819 0 0 0 1 
5494384560102;0.240088;0.18966;0.97135 -0.215664 0.0998397 -0.268827 0.229644 0.959913 -0.160718 -1.1811 -0.0611762 0.179041 0.981938 0.576596 0 0 0 1 
5494384560103;0.65911;0.16752;0.999647 -0.00226963 -0.0264683 -0.00737635 0.00221165 0.999995 -0.00221966 -0.153762 0.0264732 0.00216034 0.999647 -0.586717 0 0 0 1 
5494384560104;0.317417;0.27701;0.989952 -0.119179 -0.0761001 0.00672002 0.138154 0.929897 0.34089 -1.84209 0.0301384 -0.347978 0.937018 -0.083416 0 0 0 1 
5494384560105;0.561217;0.144392;0.961955 0.0469095 -0.269149 0.629986 -0.0791467 0.990753 -0.110198 0.872889 0.261491 0.127308 0.956773 -1.163 0 0 0 1 
5494384560106;0.669368;0.258145;0.981178 -0.0038307 0.193065 -0.251886 0.0108142 0.999324 -0.0351308 -0.315695 -0.1928 0.0365575 0.980557 1.79152 0 0 0 1 
5494384560107;0.196586;0.196499;0.987105 0.139395 -0.0786994 0.269824 -0.138381 0.990212 0.0182188 0.942677 0.0804687 -0.00709339 0.996732 -0.50911 0 0 0 1 
5494384560108;0.588165;0.258224;0.97907 0.156847 -0.129697 0.456329 -0.102736 0.930978 0.350321 -0.193485 0.175692 -0.329664 0.927607 -1.31147 0 0 0 1 
5494384560109;0.964218;0.256433;0.986833 0.12649 0.100806 -0.179989 -0.133035 0.989228 0.0610669 0.985238 -0.0919963 -0.0736735 0.99303 1.47101 0 0 0 1 
5494384560110;0.522946;0.132938;0.904303 -0.425308 -0.0367357 0.305807 0.425569 0.904925 -0.000787894 -3.10352 0.0335782 -0.0149211 0.999325 -0.13637 0 0 0 1 
5494384560111;0.382633;0.128555;0.9961 -0.0114483 0.0874842 -0.45155 0.019148 0.995964 -0.0876869 0.13519 -0.0861273 0.0890201 0.992299 0.471589 0 0 0 1 
5494384560112;1.20633;0.314911;0.977296 -0.203981 -0.057315 -0.513591 0.201374 0.978331 -0.0481434 -0.827968 0.0658933 0.0355086 0.997195 0.329736 0 0 0 1 
5494384560113;0.493118;0.169916;0.99024 0.133397 -0.0403616 0.151857 -0.135517 0.989227 -0.0553606 1.10757 0.0325419 0.06029 0.99765 -0.482965 0 0 0 1 
5494384560114;0.011633;0.176749;0.999213 0.01049 -0.0382502 0.0655723 -0.0118647 0.999285 -0.0358926 0.225598 0.0378464 0.0363182 0.998623 -0.111557 0 0 0 1 
5494384560115;0.837027;0.154376;0.947153 -0.107861 -0.302105 0.632679 0.169014 0.968249 0.184194 -2.02056 0.272646 -0.22552 0.93531 -1.3923 0 0 0 1 
5494384560116;0.753813;0.16206;0.994802 -0.0543741 -0.0860942 -0.372884 0.0594233 0.996592 0.057213 -0.467055 0.0826899 -0.0620317 0.994643 -0.709374 0 0 0 1 
5494384560117;0.39392;0.223164;0.960786 0.27723 -0.00574133 0.266056 -0.277103 0.960694 0.0167589 1.89318 0.0101617 -0.0145108 0.999843 0.261423 0 0 0 1 
5494384560118;0.486867;0.175326;0.997282 0.0733223 -0.00730897 0.174677 -0.0711929 0.933211 -0.352207 1.31482 -0.0190038 0.35177 0.935894 0.239508 0 0 0 1 
5494384560119;0.307339;0.152085;0.952035 0.303861 -0.0360147 0.483747 -0.286293 0.92611 0.245674 1.30086 0.108004 -0.22358 0.968683 -0.60676 0 0 0 1 
5494384560120;1.07013;0.292272;0.960238 -0.260159 -0.101289 0.232668 0.246173 0.960146 -0.132358 -1.19769 0.131686 0.102161 0.986013 -1.59792 0 0 0 1 
5494384560121;0.937742;0.127685;0.897862 0.391283 -0.201845 0.919209 -0.395598 0.918201 0.0202315 1.97824 0.193251 0.0616844 0.979208 -1.27855 0 0 0 1 
5494384560122;0.448809;0.295979;0.912456 0.377325 0.158269 -0.00244286 -0.377835 0.925448 -0.0280334 2.76757 -0.157048 -0.0342205 0.986998 1.25745 0 0 0 1 
5494384560124;0.180601;0.127023;0.992122 -0.0907658 0.086348 -0.299816 0.076594 0.984903 0.155243 -0.467163 -0.0991351 -0.147406 0.984095 0.321304 0 0 0 1 
5494384560125;0.336264;0.136735;0.950411 -0.136722 0.279332 -0.564364 0.148652 0.988648 -0.0218756 -0.609088 -0.27317 0.0623143 0.959945 1.04392 0 0 0 1 
5494384560126;0.158937;0.1002;0.991238 0.11717 0.0609873 -0.238921 -0.117831 0.993007 0.0073485 0.488218 -0.0596998 -0.0144703 0.998111 0.196866 0 0 0 1 
5494384560127;0.459182;0.109893;0.990938 -0.110889 -0.0757974 0.479337 0.107446 0.993047 -0.0481002 0.0685591 0.0806041 0.0395202 0.995962 -0.296355 0 0 0 1 
5494384560128;0.768681;0.14332;0.967835 -0.113916 0.22432 -0.717647 0.169225 0.954542 -0.245382 -0.0236612 -0.18617 0.27545 0.943116 0.276051 0 0 0 1 
5494384560129;0.8631;0.524761;0.926123 -0.0360054 0.375499 -0.933022 0.0563923 0.997463 -0.0434415 -0.448337 -0.372982 0.0614075 0.925804 1.87205 0 0 0 1 
5494384560130;0.294138;0.111332;0.98981 -0.140912 -0.020505 0.170165 0.142382 0.977341 0.156627 -0.845487 -0.00203023 -0.15795 0.987445 -0.236309 0 0 0 1 
5494384560131;0.331415;0.126201;0.996552 -0.0404503 -0.0724402 0.0298429 0.0401673 0.999179 -0.00536032 -0.0408687 0.0725975 0.00243211 0.997358 0.00347203 0 0 0 1 
5494384560132;0.299743;0.0745811;0.928659 0.0193589 -0.370428 0.968212 0.0886419 0.958122 0.272296 -0.838548 0.360187 -0.285706 0.888053 -1.48166 0 0 0 1 
5494384560133;0.275606;0.0902192;0.917347 0.121809 -0.378995 1.06887 -0.0700592 0.986576 0.14751 0.0678941 0.391875 -0.108766 0.913567 -1.49753 0 0 0 1 
5494384560134;0.715759;0.100838;0.976809 0.213215 0.0195654 0.046254 -0.213638 0.976643 0.0229511 0.964593 -0.0142149 -0.0265988 0.999545 0.789601 0 0 0 1 
5494384560135;0.221863;0.0809918;0.953677 0.282632 0.103052 0.0647095 -0.291736 0.952486 0.0875193 1.19762 -0.0734197 -0.113529 0.990818 0.25521 0 0 0 1 
5494384560136;0.513605;0.0654705;0.968585 0.248668 -0.00264946 -0.202491 -0.248619 0.968524 0.012248 1.3787 0.00561175 -0.0112045 0.999921 -0.281234 0 0 0 1 
5494384560137;0.0725673;0.0750236;0.999906 0.00117919 -0.0136497 -0.0315636 -0.00085974 0.999726 0.0233855 0.023543 0.0136735 -0.0233715 0.999633 -0.00240796 0 0 0 1 
5494384560138;0.458946;0.11271;0.995931 -0.0431395 -0.07912 0.0548047 0.0305302 0.987573 -0.154164 0.228938 0.0847874 0.151121 0.984872 0.184621 0 0 0 1 
5494384560139;0.373858;0.0904634;0.983869 0.145087 0.104647 0.0788612 -0.140131 0.988698 -0.0532887 0.419045 -0.111196 0.0377648 0.993081 0.379788 0 0 0 1 
5494384560140;0.407687;0.0693859;0.930892 0.338799 -0.136583 0.424275 -0.303046 0.925023 0.229118 0.864561 0.203968 -0.171893 0.963769 -0.613022 0 0 0 1 
5494384560141;0.827786;0.0948694;0.99833 -0.00740881 0.0572892 -0.272625 0.0101278 0.998829 -0.0473169 0.244854 -0.0568716 0.0478181 0.997236 1.16575 0 0 0 1 
5494384560142;0.791925;0.111983;0.998268 -0.0142216 0.0570897 -0.828104 0.0135199 0.999828 0.0126572 -0.236957 -0.0572599 -0.0118634 0.998289 -0.377484 0 0 0 1 
5494384560143;0.413054;0.0813258;0.886433 0.384879 0.257109 0.0604372 -0.407004 0.912677 0.0369909 1.46391 -0.220421 -0.137434 0.965674 0.835588 0 0 0 1 
5494384560144;0.460909;0.0614702;0.99161 0.0846432 -0.097697 0.198922 -0.0811591 0.995934 0.0391089 0.385183 0.10061 -0.0308518 0.994447 0.0642663 0 0 0 1 
5494384560145;0.514439;0.125803;0.994368 -0.0771271 0.0726833 -0.36935 0.0586125 0.971623 0.229159 -0.0637741 -0.0882952 -0.223608 0.970672 0.35017 0 0 0 1 
5494384560146;0.876277;0.109564;0.957278 0.28909 -0.00674111 1.04001 -0.287831 0.954829 0.0738537 0.820599 0.027787 -0.0687582 0.997246 -0.722578 0 0 0 1 
5494384560147;0.0882485;0.104211;0.989357 0.0230844 -0.143664 0.243581 -0.0208854 0.999641 0.0167963 0.118869 0.144 -0.0136171 0.989484 -0.649484 0 0 0 1 
5494384560148;0.565514;0.0689671;0.899978 0.299573 0.316697 0.202038 -0.259448 0.951881 -0.163123 1.81244 -0.350325 0.0646405 0.934395 1.47967 0 0 0 1 
5494384560149;0.651367;0.133437;0.992723 -0.111058 0.046559 -0.525613 0.108493 0.992607 0.0544048 -0.384915 -0.0522569 -0.0489576 0.997433 0.819017 0 0 0 1 
5494384560150;0.389377;0.122826;0.93556 -0.300115 0.186168 -0.338545 0.318465 0.944772 -0.0773647 -1.26854 -0.152668 0.131667 0.979467 0.817687 0 0 0 1 
5494384560151;0.428451;0.187077;0.942689 -0.330128 -0.0485055 0.0366312 0.328246 0.943618 -0.0429018 -1.12398 0.0599337 0.0245213 0.997901 -0.541177 0 0 0 1 
5494384560152;0.492131;0.130751;0.943806 -0.330497 -0.0013941 -0.0474069 0.321099 0.915951 0.240687 -2.05612 -0.0782694 -0.227609 0.970602 0.199978 0 0 0 1 
5494384560153;0.585822;0.0820635;0.999825 0.00670537 -0.0174581 -0.00484128 -0.00971061 0.983945 -0.178209 0.54401 0.0159829 0.178347 0.983838 -0.625748 0 0 0 1 
5494384560155;0.510199;0.233846;0.995972 -0.0894559 0.00607942 0.0325989 0.0885172 0.991791 0.0922767 -0.264552 -0.0142842 -0.0913669 0.995715 0.420198 0 0 0 1 
5494384560156;0.606536;0.296605;0.999928 0.00845365 -0.00851558 0.236615 -0.00784398 0.997569 0.0692478 -0.389166 0.00908027 -0.069176 0.997563 -0.708553 0 0 0 1 
5494384560157;0.698949;0.217667;0.964849 -0.261482 -0.0263354 0.475288 0.262744 0.961918 0.0753585 -0.725736 0.00562759 -0.079629 0.996809 0.451574 0 0 0 1 
5494384560158;0.932434;0.351581;0.974216 0.00832865 0.225464 0.0217878 0.0153184 0.994571 -0.102929 -0.0965059 -0.225097 0.103729 0.968799 1.30203 0 0 0 1 
5494384560159;0.588127;0.398744;0.959796 0.156738 0.23286 0.440609 -0.155948 0.987522 -0.0219209 -0.252302 -0.23339 -0.0152744 0.972263 0.711353 0 0 0 1 
5494384560160;0.813406;0.172284;0.952539 0.156243 -0.26126 1.10875 -0.115021 0.97934 0.166324 0.0251375 0.28185 -0.12838 0.950831 -0.88966 0 0 0 1 
5494384560161;0.869163;0.268437;0.997121 0.0639836 -0.0406913 0.3692 -0.0586769 0.99099 0.120398 -1.1074 0.0480282 -0.117664 0.991891 -0.14669 0 0 0 1 
5494384560162;0.520155;0.21397;0.992952 -0.0524411 -0.10628 0.113311 0.0784316 0.963072 0.257568 -0.269883 0.0888477 -0.264089 0.960397 0.189062 0 0 0 1 
5494384560163;0.884248;0.484764;0.924372 0.381447 -0.00579317 1.16726 -0.381294 0.924276 0.0181497 0.341474 0.0122776 -0.0145681 0.999818 0.067461 0 0 0 1 
5494384560164;0.069281;0.235829;0.999119 -0.0187779 -0.0375234 0.114602 0.0217962 0.996417 0.0817189 -0.343854 0.0358545 -0.0824648 0.995949 -0.092978 0 0 0 1 
5494384560165;0.359877;0.677932;0.962685 0.224532 0.151073 0.153448 -0.233308 0.971457 0.0428891 -0.40358 -0.137131 -0.0765353 0.987592 0.232337 0 0 0 1 
5494384560166;0.617506;0.234731;0.951992 0.0307682 -0.304574 0.71585 -0.0180303 0.998845 0.0445472 -0.184571 0.305593 -0.036917 0.951446 -0.0347717 0 0 0 1 
5494384560167;0.359577;0.319252;0.95174 -0.192959 0.238658 -0.00225398 0.233702 0.959706 -0.156038 -0.54336 -0.198933 0.204283 0.958485 0.208843 0 0 0 1 
5494384560168;0.367236;0.339492;0.946057 0.249312 0.206931 0.207248 -0.280071 0.950381 0.135415 -0.18541 -0.162902 -0.186065 0.968939 0.141512 0 0 0 1 
5494384560169;0.299703;0.228692;0.995583 0.0686083 -0.0640861 0.245003 -0.0567867 0.983654 0.170878 -0.440108 0.0747623 -0.166484 0.983206 -0.0503951 0 0 0 1 
5494384560170;0.388752;0.331527;0.99985 0.00882031 -0.0149234 0.454172 -0.00701956 0.993144 0.116685 -0.140133 0.0158503 -0.116563 0.993057 -0.198072 0 0 0 1 
5494384560171;0.436725;0.217073;0.999675 -0.0206935 0.0148844 0.372979 0.0171557 0.978069 0.207571 -0.396978 -0.0188534 -0.207249 0.978107 -0.38236 0 0 0 1 
5494384560172;0.743415;0.280436;0.984768 0.173802 -0.0049316 0.895857 -0.173123 0.982763 0.0648413 0.110285 0.0161161 -0.0629999 0.997883 0.0665409 0 0 0 1 
5494384560173;0.766137;0.229653;0.994981 0.0975262 0.0224033 0.397474 -0.0983531 0.91187 0.398523 -0.00456135 0.0184374 -0.398726 0.916885 -0.700928 0 0 0 1 
5494384560174;0.152675;0.336681;0.990876 -0.112004 -0.0749667 0.0495383 0.119615 0.987125 0.106196 -0.569559 0.0621071 -0.114194 0.991515 -0.143038 0 0 0 1 
5494384560175;0.731473;0.325073;0.99497 0.0377428 -0.0927877 0.47617 -0.0538384 0.982626 -0.177616 0.173476 0.0844719 0.181719 0.979716 -0.758503 0 0 0 1 
5494384560176;0.458408;0.325689;0.913579 0.0819199 0.398325 -0.040516 -0.185559 0.95556 0.229069 0.0879282 -0.361858 -0.283185 0.888181 0.370778 0 0 0 1 
5494384560177;0.329052;0.266226;0.971759 -0.0389442 -0.232738 0.285122 0.0171025 0.995317 -0.0951379 -0.147595 0.235354 0.0884707 0.967875 -0.14916 0 0 0 1 
5494384560178;0.128329;0.285518;0.992454 0.0480288 -0.112819 0.219521 -0.0269344 0.983014 0.181545 -0.3767 0.119622 -0.177136 0.97689 -0.27065 0 0 0 1 
5494384560179;0.884119;0.306711;0.944853 -0.233601 0.229528 -0.126201 0.223472 0.972226 0.0695538 -1.0231 -0.239401 -0.014425 0.970814 -0.422724 0 0 0 1 
5494384560180;0.395688;0.381326;0.996677 -0.0692779 -0.0428322 -0.0716346 0.0727235 0.993728 0.0849459 -0.303873 0.0366787 -0.0877786 0.995465 -0.400206 0 0 0 1 
5494384560181;0.929561;0.297395;0.963584 -0.265103 -0.0350173 -0.489059 0.264545 0.96417 -0.0197926 -0.925373 0.0390097 0.00980814 0.999191 -0.793947 0 0 0 1 
5494384560182;0.699324;0.351238;0.948496 -0.251181 0.193035 -0.239301 0.274432 0.955899 -0.104613 -0.960362 -0.158246 0.1522 0.975599 -0.251002 0 0 0 1 
5494384560183;0.638253;0.414817;0.913584 -0.146465 0.379358 -0.377494 0.0913453 0.982959 0.159525 -0.76759 -0.396258 -0.111087 0.911394 1.10551 0 0 0 1 
5494384560184;0.208766;0.572736;0.982154 0.186137 -0.026938 0.315044 -0.183412 0.979622 0.0818542 -0.343787 0.0416252 -0.0754527 0.99628 -0.18336 0 0 0 1 
5494384560186;0.36111;0.0719115;0.999508 -0.0273674 0.015342 -0.00341513 0.0277189 0.999347 -0.0231851 0.150708 -0.0146974 0.0235989 0.999613 0.49807 0 0 0 1 
5494384560187;0.496451;0.0647655;0.955732 0.264839 -0.128205 0.926416 -0.212673 0.922884 0.321021 0.280118 0.203338 -0.279544 0.938354 -0.798768 0 0 0 1 
5494384560188;0.447898;0.071401;0.937512 -0.338445 0.0807887 -0.274469 0.311862 0.920278 0.236285 -1.71859 -0.154318 -0.196325 0.968319 0.486829 0 0 0 1 
5494384560189;0.616026;0.0556392;0.948893 -0.213547 -0.232378 0.661029 0.215797 0.976307 -0.0160061 -0.339172 0.23029 -0.0349583 0.972494 -0.536869 0 0 0 1 
5494384560190;0.219844;0.0597641;0.98124 -0.16941 -0.0920183 0.00986768 0.174819 0.983105 0.0542424 -0.749768 0.0812745 -0.0693114 0.994279 -0.313383 0 0 0 1 
5494384560191;0.269957;0.0597516;0.974891 0.220762 0.029173 0.325828 -0.221399 0.974962 0.0207535 0.844478 -0.023861 -0.0266913 0.999359 0.125806 0 0 0 1 
5494384560192;0.563983;0.04969;0.993156 0.11111 -0.0359962 -0.0683048 -0.0859957 0.904206 0.418349 -0.0586598 0.0790307 -0.412391 0.907573 0.0913636 0 0 0 1 
5494384560193;0.714742;0.06105;0.978227 -0.196963 -0.0653979 0.493308 0.165508 0.930499 -0.32677 -0.530636 0.125214 0.308832 0.942838 -0.789717 0 0 0 1 
5494384560194;0.621903;0.0634476;0.987052 -0.159265 -0.0190559 -0.152875 0.159159 0.987228 -0.00695642 -0.744969 0.0199204 0.00383343 0.999794 0.659882 0 0 0 1 
5494384560195;0.355585;0.0634583;0.954187 -0.287999 0.0811378 -0.280059 0.285841 0.95755 0.037313 -1.22242 -0.0884396 -0.012411 0.996004 0.619717 0 0 0 1 
5494384560196;0.150749;0.0563722;0.997203 0.0741517 0.00938081 0.0219478 -0.0745491 0.995783 0.0534633 0.118011 -0.00537686 -0.0540131 0.998526 0.194896 0 0 0 1 
5494384560197;0.514288;0.0652786;0.891204 -0.428335 -0.149283 0.738613 0.445796 0.887871 0.113805 -1.92573 0.0837973 -0.167973 0.982224 0.00249882 0 0 0 1 
5494384560198;0.530599;0.0551296;0.99511 0.0128544 0.0979373 -0.416111 0.0306221 0.902502 -0.429596 0.371566 -0.0939108 0.430495 0.897694 0.483732 0 0 0 1 
5494384560199;0.148187;0.108537;0.996855 0.0765659 0.0204169 0.0309774 -0.0761976 0.996926 -0.0182466 0.296765 -0.0217512 0.0166335 0.999625 0.177343 0 0 0 1 
5494384560200;0.674054;0.439555;0.997467 -0.0667908 0.0244532 -0.168274 0.0648224 0.995152 0.0739688 -0.763606 -0.0292751 -0.0721964 0.996961 -0.139457 0 0 0 1 
5494384560201;0.851959;0.0473705;0.958524 -0.191522 0.211072 -0.2078 0.126727 0.949731 0.28627 -1.0131 -0.255289 -0.247648 0.934611 0.197526 0 0 0 1 
5494384560202;0.0584502;0.0326538;0.998741 -0.014476 -0.0480195 0.114211 0.015894 0.999445 0.0292788 -0.113281 0.047569 -0.0300052 0.998417 -0.202015 0 0 0 1 
5494384560203;0.443983;0.0579749;0.995326 -0.0481663 0.0836989 -0.212327 0.0779067 0.912653 -0.401242 0.539893 -0.0570617 0.405888 0.91214 0.343053 0 0 0 1 
5494384560204;0.212563;0.0471062;0.999126 0.0363131 0.0207095 -0.0235932 -0.0368902 0.998921 0.0282003 0.0544726 -0.0196631 -0.0289396 0.999388 -0.129896 0 0 0 1 
5494384560205;0.664348;0.0544617;0.878657 -0.286796 0.381719 -0.183197 0.224604 0.953788 0.199606 -1.0581 -0.421325 -0.0896498 0.902468 2.52457 0 0 0 1 
5494384560206;0.578856;0.0645482;0.995536 -0.0884958 0.0328043 -0.0591663 0.0883202 0.996069 0.0067648 -0.262808 -0.033274 -0.00383732 0.999439 0.861735 0 0 0 1 
5494384560207;0.371227;0.040842;0.983024 -0.031035 0.180835 -0.476185 -0.0290759 0.946787 0.320546 -0.563348 -0.18116 -0.320362 0.929811 0.869854 0 0 0 1 
5494384560208;0.803964;0.0585952;0.99554 0.0381445 0.0862841 -0.0860174 -0.0412614 0.998548 0.0346322 0.249044 -0.0848378 -0.0380379 0.995668 1.32847 0 0 0 1 
5494384560209;0.402561;0.0762248;0.898615 -0.406754 -0.164446 0.44559 0.377388 0.90777 -0.183116 -1.2648 0.223762 0.102491 0.96924 -0.675673 0 0 0 1 
5494384560210;0.831689;0.0434226;0.984535 0.151011 0.0888105 -0.193961 -0.125844 0.962288 -0.241176 1.60819 -0.121882 0.22627 0.966409 0.118955 0 0 0 1 
5494384560211;0.793568;0.0819291;0.995642 -0.0367285 -0.085715 0.943346 0.036035 0.999304 -0.00962516 0.176968 0.0860088 0.00649449 0.996273 -0.577473 0 0 0 1 
5494384560212;0.459124;0.0621806;0.99993 -0.00872348 0.00797493 0.247438 0.00856298 0.999764 0.0199436 0.0740254 -0.00814703 -0.0198739 0.999769 0.53104 0 0 0 1 
5494384560213;0.436091;0.379327;0.999035 -0.0372606 0.0232439 -0.0823339 0.037806 0.999009 -0.0234866 -0.0907944 -0.0223458 0.0243427 0.999454 0.345864 0 0 0 1 
5494384560214;0.701608;0.0465735;0.999904 -0.01295 0.00498257 0.0275806 0.0128636 0.999773 0.0170077 0.638517 -0.00520169 -0.016942 0.999843 -0.278059 0 0 0 1 
5494384560215;0.568246;0.0628458;0.961313 0.0508277 -0.270729 1.15644 0.0324845 0.955052 0.294652 -0.680957 0.273537 -0.292047 0.916453 -0.974876 0 0 0 1 
5494384560217;0.781012;0.108998;0.989644 0.143204 0.00988888 0.709225 -0.143032 0.989584 -0.0163079 0.599191 -0.0121212 0.0147246 0.999818 0.42728 0 0 0 1 
5494384560218;0.673342;0.139458;0.858099 -0.118554 -0.499611 2.10793 0.172202 0.983078 0.0624846 -1.22212 0.483749 -0.139652 0.863993 -1.96276 0 0 0 1 
5494384560219;0.333437;0.179783;0.942267 -0.319227 -0.10113 0.555026 0.320857 0.947128 -0.000149814 -1.83597 0.0958308 -0.0323071 0.994873 -0.50511 0 0 0 1 
5494384560220;0.675306;0.103973;0.952544 -0.166821 -0.254619 0.771406 0.143909 0.983871 -0.106241 -0.513772 0.268236 0.0645576 0.961188 -0.812903 0 0 0 1 
5494384560221;0.374554;0.0855899;0.907417 0.418928 0.0330879 0.732415 -0.407746 0.896773 -0.171875 2.80339 -0.101676 0.142471 0.984563 0.79447 0 0 0 1 
5494384560222;1.07278;0.161158;0.964724 0.0928107 -0.24636 0.249255 -0.144217 0.969203 -0.199617 2.07341 0.220246 0.228105 0.948398 -0.684193 0 0 0 1 
5494384560223;0.406435;0.143972;0.934525 0.355752 0.0101819 0.459149 -0.3543 0.932657 -0.0679922 2.15554 -0.0336846 0.059933 0.997634 0.478495 0 0 0 1 
5494384560224;0.20751;0.119366;0.989439 -0.04606 0.137435 -0.362866 0.0420243 0.9986 0.0321242 -0.298088 -0.138722 -0.0260094 0.98999 0.860777 0 0 0 1 
5494384560225;0.828158;0.125009;0.991396 0.0282284 -0.127817 0.313283 -0.0191099 0.997221 0.0720129 0.128396 0.129495 -0.0689507 0.98918 0.062361 0 0 0 1 
5494384560226;0.429538;0.0949124;0.876168 0.0697163 -0.476938 1.83027 -0.00179459 0.98995 0.141409 0.00257245 0.482003 -0.123042 0.867487 -2.63433 0 0 0 1 
5494384560227;0.623994;0.134867;0.956219 -0.270021 0.112848 -0.278834 0.240108 0.944314 0.224985 -1.56407 -0.167314 -0.18804 0.967805 0.700356 0 0 0 1 
5494384560228;0.349478;0.142942;0.971284 -0.164455 -0.171933 0.542031 0.205938 0.943008 0.26139 -1.53136 0.119148 -0.289291 0.949797 -0.693432 0 0 0 1 
5494384560229;0.390705;0.113035;0.997497 0.0493267 -0.0506706 0.0664166 -0.0497451 0.998737 -0.00702916 0.618612 0.0502599 0.00953218 0.998691 0.0243874 0 0 0 1 
5494384560230;0.944473;0.101044;0.989211 0.0917791 0.114187 -0.857597 -0.0918461 0.995762 -0.0046854 0.690474 -0.114133 -0.0058528 0.993448 0.197822 0 0 0 1 
5494384560231;0.749473;0.1744;0.948825 -0.168715 0.266958 -0.71428 0.15283 0.985061 0.0793588 -0.926307 -0.276359 -0.0344985 0.960435 1.24247 0 0 0 1 
5494384560232;0.1939;0.113809;0.996038 -0.0764796 0.0453768 -0.131544 0.0685919 0.985477 0.155337 -0.705818 -0.056598 -0.151609 0.986819 0.274183 0 0 0 1 
5494384560233;0.634182;0.1271;0.934043 0.239603 0.264867 -0.158374 -0.3114 0.909499 0.275392 1.20692 -0.174912 -0.339707 0.924124 0.63876 0 0 0 1 
5494384560234;0.39885;0.083964;0.898233 -0.382603 -0.216314 1.03704 0.387916 0.921497 -0.019085 -2.21535 0.206635 -0.0667689 0.976137 -1.28957 0 0 0 1 
5494384560235;0.0516956;0.12202;0.997963 0.059464 -0.0231161 0.174283 -0.0587628 0.997824 0.0299148 0.358688 0.0248446 -0.0284955 0.999285 -0.15049 0 0 0 1 
5494384560236;0.391323;0.134168;0.995273 -0.089156 -0.0384987 0.19397 0.0902531 0.995532 0.0277637 -0.207953 0.0358514 -0.0311071 0.998873 -0.229354 0 0 0 1 
5494384560237;1.02921;0.0822497;0.998598 0.0295267 0.0439253 0.489238 -0.022954 0.98942 -0.143252 0.873092 -0.0476903 0.142043 0.988711 1.08303 0 0 0 1 
5494384560238;0.757061;0.133215;0.957149 0.276433 -0.0863132 0.776745 -0.275433 0.961032 0.0235276 2.04147 0.0894536 0.00125409 0.99599 -0.979024 0 0 0 1 
5494384560239;0.288361;0.103588;0.914292 0.28471 0.288116 -0.0349113 -0.273644 0.95859 -0.0788911 1.84072 -0.298646 -0.00671173 0.95434 1.89524 0 0 0 1 
5494384560240;0.0978136;0.169178;0.988888 0.0618006 -0.135209 0.539128 -0.0613488 0.998088 0.00750923 0.430473 0.135414 0.000869113 0.990789 -0.71994 0 0 0 1 
5494384560241;0.673589;0.121651;0.934308 0.331526 -0.130995 0.789511 -0.351066 0.919497 -0.176853 3.00598 0.0618184 0.211223 0.975481 -0.100211 0 0 0 1 
5494384560242;1.04802;0.177621;0.981694 0.0972824 0.163746 -0.46104 -0.0727155 0.98603 -0.14986 1.44194 -0.176037 0.13521 0.975053 1.96023 0 0 0 1 
5494384560243;0.111566;0.102383;0.999041 -0.0264756 -0.0348713 0.0894623 0.0259391 0.999539 -0.015747 0.0321241 0.0352721 0.0148273 0.999268 -0.262375 0 0 0 1 
5494384560244;1.00468;0.151578;0.987604 -0.156748 0.00825074 0.411865 0.15667 0.987606 0.00940141 -0.659199 -0.00962213 -0.00799224 0.999922 -0.762208 0 0 0 1 
5494384560245;0.648612;0.114811;0.993731 -0.1081 0.0285017 -0.0547663 0.109393 0.992813 -0.048542 -0.14753 -0.0230494 0.0513556 0.998414 0.691302 0 0 0 1 
5494384560246;0.310363;0.0843647;0.998753 0.0266985 0.0421802 0.0473212 -0.0332281 0.986133 0.162596 -0.0759229 -0.0372542 -0.163795 0.985791 0.452805 0 0 0 1 
5494384560248;0.548689;0.0744242;0.963748 -0.266559 0.0116461 0.251536 0.264729 0.960753 0.0828992 -2.96903 -0.0332866 -0.0768109 0.99649 1.0865 0 0 0 1 
5494384560249;0.350307;0.0354903;0.967392 0.225694 0.114958 -0.252426 -0.206671 0.965753 -0.156867 2.79769 -0.146425 0.127993 0.980906 1.1928 0 0 0 1 
5494384560250;0.482059;0.0331592;0.991931 0.0301703 0.123137 0.325142 -0.0216005 0.997289 -0.070347 -0.121038 -0.124925 0.0671196 0.989893 1.25926 0 0 0 1 
5494384560251;0.346948;0.0376437;0.951562 0.220289 0.214483 -0.399421 -0.240157 0.968124 0.0711369 2.11126 -0.191976 -0.119201 0.974134 2.41272 0 0 0 1 
5494384560252;0.590914;0.0372191;0.915227 -0.245366 -0.319616 1.98741 0.192135 0.96298 -0.189087 -2.09738 0.354179 0.111648 0.928489 -3.4949 0 0 0 1 
5494384560253;0.449485;0.0669076;0.927559 -0.00872321 -0.373576 1.77209 -0.0353549 0.993194 -0.110975 1.03249 0.372001 0.116144 0.920937 -3.63794 0 0 0 1 
5494384560254;0.682288;0.0498342;0.946131 -0.322136 0.0326222 1.33741 0.313662 0.936887 0.154464 -3.76329 -0.0803218 -0.135911 0.98746 1.74385 0 0 0 1 
5494384560255;0.468787;0.04929;0.998612 -0.0250684 0.0463249 -0.455693 0.0304368 0.992419 -0.119076 0.0869256 -0.0429887 0.12032 0.991804 -0.419233 0 0 0 1 
5494384560256;0.445109;0.0372266;0.923232 0.344286 0.170618 -0.455436 -0.364491 0.925236 0.105287 3.26025 -0.121613 -0.159393 0.979696 0.966111 0 0 0 1 
5494384560257;0.358958;0.0636263;0.976627 -0.101468 0.189485 -0.457907 0.0725474 0.985439 0.153778 -1.19183 -0.20233 -0.136437 0.969767 2.52858 0 0 0 1 
5494384560258;0.299214;0.0513398;0.941374 -0.317494 0.114071 0.59554 0.333816 0.925523 -0.178814 -2.64185 -0.0488032 0.206409 0.977248 0.145334 0 0 0 1 
5494384560259;0.232186;0.0476918;0.987467 -0.157554 -0.00927929 0.345395 0.157678 0.982281 0.101301 -1.9685 -0.00684549 -0.101495 0.994813 -0.0588229 0 0 0 1 
5494384560260;0.561418;0.0188733;0.962632 0.255275 0.09041 -0.404676 -0.26176 0.962667 0.0689458 2.38441 -0.0694346 -0.0900352 0.993515 1.60501 0 0 0 1 
5494384560261;0.428236;0.0412267;0.874577 0.246387 0.417623 -0.379565 -0.217346 0.969107 -0.116586 2.42703 -0.433447 0.0111949 0.90111 4.53867 0 0 0 1 
