#;prob_registration_l1 -r /home/probabilistic_point_clouds_registration/build/tester /home/point_clouds_registration_benchmark//devel/registration_pairs/urban05_local.txt /home/point_clouds_registration_benchmark//kaist/urban05 -s 0.2 -t 0.2 -p 0.3 -r 1000 -m 20 -i 40 
id;initial_error;final_error;transformation
34562489690000;0.13992;0.408379;1 8.86299e-06 1.03988e-05 -72.8695 -8.86304e-06 1 4.8652e-06 8.87865 -1.03987e-05 -4.86529e-06 1 45.7672 0 0 0 1 
34562489690001;0.182436;0.227246;1 -6.91003e-08 4.63393e-07 -0.571095 6.91002e-08 1 4.08726e-08 0.56113 -4.63393e-07 -4.08725e-08 1 -0.305562 0 0 0 1 
34562489690002;0.400034;0.529657;0.999921 -2.89095e-05 -0.012553 288.973 4.20082e-05 0.999999 0.00104321 -26.6741 0.0125529 -0.00104366 0.999921 -420.063 0 0 0 1 
34562489690003;0.381518;0.572309;0.993434 0.00112004 -0.114401 -4383.91 -1.43195e-05 0.999953 0.00966569 381.6 0.114406 -0.00960059 0.993388 -3115.66 0 0 0 1 
34562489690004;0.467995;0.777125;1 -1.64664e-07 5.02528e-07 -1.2319 1.64664e-07 1 5.49556e-08 2.57333 -5.02528e-07 -5.49555e-08 1 -0.377204 0 0 0 1 
34562489690005;0.423309;0.714762;1 -1.60956e-07 7.87894e-07 -1.22488 1.60956e-07 1 7.11677e-08 2.42973 -7.87894e-07 -7.11676e-08 1 -0.520823 0 0 0 1 
34562489690006;0.190415;0.415196;0.997492 -0.000233798 0.0707745 3630.91 0.00069754 0.999978 -0.00652774 -318.503 -0.0707715 0.00656074 0.997471 -3074.9 0 0 0 1 
34562489690007;0.167146;0.263502;0.999983 2.08137e-06 0.00574696 -5.9855 7.86907e-07 1 -0.000499092 1.47028 -0.00574696 0.000499088 0.999983 20.6066 0 0 0 1 
34562489690008;0.102809;0.107507;1 -2.18521e-08 1.06346e-07 -0.147308 2.18521e-08 1 8.11564e-09 -0.114154 -1.06346e-07 -8.11564e-09 1 -0.0555035 0 0 0 1 
34562489690009;0.0509686;0.160621;1 -2.3786e-06 -2.11675e-05 18.7894 2.37862e-06 1 7.91919e-07 -2.98549 2.11675e-05 -7.91969e-07 1 -8.43343 0 0 0 1 
34562489690010;0.0869115;0.252386;0.999969 5.91853e-05 -0.0078323 -454.183 -5.36474e-05 1 0.000707266 41.6396 0.00783234 -0.000706824 0.999969 185.1 0 0 0 1 
34562489690011;0.0782188;0.234412;0.999533 0.00028437 -0.0305536 -1956.49 -0.000200204 0.999996 0.00275773 172.655 0.0305542 -0.00275032 0.999529 666.403 0 0 0 1 
34562489690012;0.0495854;1.03566;0.999852 2.3807e-05 0.0172152 -90.1136 2.21121e-06 0.999999 -0.00151133 -1.0579 -0.0172152 0.00151115 0.999851 -66.0875 0 0 0 1 
34562489690013;0.0622498;0.800015;1 1.85555e-05 0.000128109 -148.981 -1.85547e-05 1 -6.43911e-06 20.0206 -0.000128109 6.43674e-06 1 38.4676 0 0 0 1 
34562489690014;0.30978;1.09787;1 -2.02358e-07 -3.93028e-07 -0.929042 2.02358e-07 1 3.53768e-08 7.7755 3.93028e-07 -3.53769e-08 1 -0.0993735 0 0 0 1 
34562489690015;0.264634;0.339101;1 -4.34162e-08 1.51623e-07 -0.399383 4.34162e-08 1 8.33924e-09 -1.05875 -1.51623e-07 -8.33923e-09 1 -0.0588714 0 0 0 1 
34562489690016;0.0384264;0.123758;1 4.2619e-06 6.83268e-05 -34.468 -4.2618e-06 1 -1.59068e-06 4.12593 -6.83268e-05 1.59039e-06 1 35.0605 0 0 0 1 
34562489690017;0.317284;0.381877;1 -1.22795e-07 1.5927e-07 -1.09495 1.22795e-07 1 3.9984e-08 -1.71114 -1.5927e-07 -3.99839e-08 1 -0.305887 0 0 0 1 
34562489690018;0.287954;0.687607;0.999957 7.20738e-06 0.00930577 -29.8701 3.24958e-07 1 -0.000809425 7.4045 -0.00930577 0.000809393 0.999956 24.17 0 0 0 1 
34562489690019;0.362659;0.608143;0.989133 0.000496755 0.147022 3612.94 0.00144485 0.999913 -0.0130992 -318.146 -0.147015 0.0131692 0.989047 -2688.95 0 0 0 1 
34562489690020;0.112961;0.0845128;0.999953 -2.99258e-06 -0.00964767 57.6248 1.12313e-05 1 0.000853904 -6.01987 0.00964766 -0.000853973 0.999953 93.1272 0 0 0 1 
34562489690021;0.197833;0.234098;0.999884 6.75222e-06 -0.0152276 29.0118 1.34522e-05 0.999999 0.00132672 -3.61184 0.0152276 -0.00132678 0.999883 -20.7675 0 0 0 1 
34562489690022;0.278308;0.622554;0.999864 7.71967e-06 0.0165044 29.7452 1.60531e-05 0.999999 -0.00144026 -6.0713 -0.0165044 0.00144033 0.999863 4.59335 0 0 0 1 
34562489690023;0.193536;0.236029;0.999555 0.000134749 -0.0298259 -768.21 -5.5993e-05 0.999997 0.00264135 67.2281 0.0298262 -0.0026385 0.999552 278.205 0 0 0 1 
34562489690024;0.347959;0.368759;1 -3.51778e-08 1.24367e-06 -0.36622 3.51778e-08 1 5.25762e-08 -1.99412 -1.24367e-06 -5.25762e-08 1 -0.44226 0 0 0 1 
34562489690025;0.302077;0.562224;0.998596 0.000501521 -0.0529753 -3043.15 -0.000242392 0.999988 0.00489782 268.305 0.0529771 -0.0048781 0.998584 2035.14 0 0 0 1 
34562489690026;0.218188;0.209812;1 -4.25733e-08 3.92596e-07 -0.361544 4.25733e-08 1 2.93817e-08 0.417884 -3.92596e-07 -2.93817e-08 1 -0.215824 0 0 0 1 
34562489690027;0.18191;0.483124;0.995569 0.000350032 -0.0940315 308.481 0.000425798 0.999966 0.00823055 -23.2938 0.0940312 -0.00823412 0.995535 200.575 0 0 0 1 
34562489690028;0.340963;0.413964;1 -5.27446e-08 2.84021e-07 -0.502606 5.27446e-08 1 1.07745e-08 -1.28036 -2.84021e-07 -1.07745e-08 1 -0.0861544 0 0 0 1 
34562489690029;0.238574;0.243012;0.999685 0.000108918 0.0251006 -659.368 -5.29781e-05 0.999998 -0.00222928 55.9168 -0.0251007 0.00222725 0.999682 -288.804 0 0 0 1 
34562489690031;0.530935;0.670746;0.999999 3.06813e-06 -0.00137417 -22.7545 -2.90677e-06 1 0.000117424 2.25308 0.00137417 -0.00011742 0.999999 -19.8649 0 0 0 1 
34562489690032;0.306555;0.668315;0.995423 0.0003974 0.0955632 4.18206 0.000400938 0.999965 -0.00833468 -1.60038 -0.0955632 0.00833485 0.995388 62.0559 0 0 0 1 
34562489690033;0.46032;0.690418;0.999688 1.7757e-05 -0.0249835 80.3975 4.01412e-05 0.999997 0.00231695 -6.11937 0.0249835 -0.00231723 0.999685 1095.54 0 0 0 1 
34562489690034;0.385219;0.835422;0.999796 2.33985e-05 -0.0202167 -39.7533 1.20666e-05 0.999998 0.00175412 4.40042 0.0202167 -0.00175401 0.999794 -88.104 0 0 0 1 
34562489690035;0.341621;0.35459;0.98697 0.00114278 0.160898 -64.7058 0.00113184 0.999901 -0.0140447 5.2038 -0.160898 0.0140438 0.986871 21.4689 0 0 0 1 
34562489690036;0.158469;0.201132;0.993982 0.000529296 -0.109542 -15.7652 0.000520739 0.999954 0.00955681 1.0518 0.109542 -0.00955634 0.993936 -52.127 0 0 0 1 
34562489690037;0.364175;0.509236;1 -1.02527e-07 2.09947e-05 1.88262 1.02488e-07 1 1.86189e-06 -1.08493 -2.09947e-05 -1.86189e-06 1 28.5053 0 0 0 1 
34562489690038;0.437441;2.03221;0.99116 0.00079443 0.132668 -196.943 0.0007487 0.999933 -0.0115813 21.7086 -0.132668 0.0115782 0.991093 30.1516 0 0 0 1 
34562489690039;0.392147;0.420628;0.997314 0.000238059 0.0732416 -38.6961 0.000230835 0.99998 -0.00639349 2.78836 -0.0732416 0.00639322 0.997294 5.98291 0 0 0 1 
34562489690040;0.283513;0.513798;0.998972 9.45907e-05 -0.045341 -31.029 8.47792e-05 0.999992 0.00395408 2.52244 0.045341 -0.00395386 0.998964 -35.8272 0 0 0 1 
34562489690041;0.287266;0.673232;0.994586 0.000486956 -0.103919 -99.0814 0.000458234 0.999959 0.00907139 9.78135 0.103919 -0.00906989 0.994544 -16.9145 0 0 0 1 
34562489690042;0.329992;1.27925;0.992263 0.000693254 0.124155 -157.735 0.000657776 0.999941 -0.0108405 15.9802 -0.124155 0.0108383 0.992204 4.05407 0 0 0 1 
34562489690043;0.516204;0.743024;0.999558 4.36182e-05 -0.0297436 -35.0894 3.35185e-05 0.999997 0.00259288 3.28916 0.0297436 -0.00259273 0.999554 -30.7945 0 0 0 1 
34562489690044;0.236329;0.183365;0.99966 2.85024e-05 -0.026071 13.1261 3.07738e-05 0.999997 0.00227324 -1.35577 0.026071 -0.00227327 0.999658 -22.1628 0 0 0 1 
34562489690045;0.316589;0.46262;0.999988 5.29116e-07 -0.00482715 5.03194 1.5066e-06 1 0.000421718 -1.10138 0.00482715 -0.000421721 0.999988 2.20125 0 0 0 1 
34562489690046;0.376135;0.408806;0.999441 5.25775e-05 -0.0334218 -25.1057 4.49572e-05 0.999996 0.00291754 2.30303 0.0334218 -0.00291741 0.999437 -2.83526 0 0 0 1 
34562489690047;0.485231;0.430199;0.999995 6.05058e-07 -0.00318682 -0.418376 2.78729e-07 1 0.000277325 0.223644 0.00318682 -0.000277325 0.999995 -7.7826 0 0 0 1 
34562489690048;0.199981;0.104376;0.999979 2.01827e-06 -0.00648361 -0.13283 1.63875e-06 1 0.000564035 0.32707 0.00648361 -0.000564034 0.999979 -15.797 0 0 0 1 
34562489690049;0.208318;0.220216;1 -2.02744e-09 -1.68665e-07 -0.0103765 2.02744e-09 1 1.09811e-09 0.021461 1.68665e-07 -1.09811e-09 1 -0.0163053 0 0 0 1 
34562489690050;0.378047;0.713036;0.97503 0.00219688 -0.222063 -104.19 0.00216179 0.99981 0.0193831 8.84858 0.222063 -0.0193792 0.97484 -51.1951 0 0 0 1 
34562489690051;0.381473;0.732631;0.999781 2.47182e-05 0.0209486 -46.1706 1.35274e-05 0.999998 -0.00182554 4.6278 -0.0209486 0.00182543 0.999779 26.9353 0 0 0 1 
34562489690052;0.123011;0.570947;0.999335 6.64263e-05 -0.0364765 -60.1375 4.96439e-05 0.999995 0.00318114 5.42855 0.0364765 -0.00318083 0.999329 -28.4411 0 0 0 1 
34562489690053;0.447449;0.891458;0.999922 1.43014e-05 0.0124969 -60.4516 -7.13216e-07 0.999999 -0.00108732 6.81896 -0.012497 0.00108723 0.999921 30.0416 0 0 0 1 
34562489690054;0.341689;0.627006;0.996949 0.000275776 -0.0780557 -63.3883 0.000256817 0.999977 0.00681313 5.33142 0.0780558 -0.00681239 0.996926 -14.1681 0 0 0 1 
34562489690055;0.435439;0.792948;0.999711 3.06841e-05 -0.0240429 -38.8119 1.9673e-05 0.999998 0.00209423 3.1033 0.0240429 -0.0020941 0.999709 -38.3396 0 0 0 1 
34562489690056;0.453077;0.339344;0.925282 0.00653559 -0.379224 -48.6109 0.00650685 0.999431 0.0331006 5.45584 0.379224 -0.033095 0.924713 -77.8016 0 0 0 1 
34562489690057;0.243925;1.54212;0.999369 3.96395e-05 0.0355184 120.377 7.11314e-05 0.999995 -0.00311742 -15.2407 -0.0355184 0.00311798 0.999364 -138.538 0 0 0 1 
34562489690058;0.299623;0.540154;0.988218 0.00103739 0.153051 -91.143 0.00101841 0.99991 -0.0133531 8.47557 -0.153051 0.0133517 0.988128 78.0553 0 0 0 1 
34562489690059;0.121954;0.0952961;0.999975 -9.655e-05 -0.00705471 795.581 0.000101031 1 0.00063477 -69.4717 0.00705464 -0.000635467 0.999975 157.207 0 0 0 1 
34562489690060;0.336224;0.900829;0.998908 0.00010695 0.0467125 -97.6608 8.37039e-05 0.999992 -0.00407945 9.2693 -0.0467126 0.00407891 0.9989 -7.16489 0 0 0 1 
34562489690062;0.450678;0.3898;0.98993 0.00087938 0.141557 -20.1401 0.000878563 0.999923 -0.0123556 0.355076 -0.141557 0.0123556 0.989853 41.7946 0 0 0 1 
34562489690063;0.504888;1.0853;0.977547 0.0018384 0.210708 953.451 0.00198741 0.999837 -0.0179437 -85.0328 -0.210707 0.0179596 0.977384 3536.64 0 0 0 1 
34562489690064;0.452148;0.408332;0.999968 1.05945e-06 0.00795665 12.176 4.47295e-06 1 -0.0006953 -1.59178 -0.00795665 0.000695314 0.999968 -4.39225 0 0 0 1 
34562489690065;0.324911;0.38974;0.999945 4.59129e-06 -0.0104616 2.86579 4.96546e-06 1 0.000913484 -0.979116 0.0104616 -0.000913486 0.999945 0.247876 0 0 0 1 
34562489690066;0.34336;0.504489;0.996531 0.000302472 0.0832239 -7.76137 0.000302988 0.999974 -0.00726235 -0.167921 -0.0832239 0.00726237 0.996504 37.5901 0 0 0 1 
34562489690067;0.18061;0.390611;0.999945 3.75413e-06 0.0105122 7.04208 5.88427e-06 1 -0.000916848 -1.52992 -0.0105122 0.000916859 0.999944 8.72092 0 0 0 1 
34562489690068;0.143206;0.419048;0.999905 1.25028e-05 0.0137553 -35.3207 4.00617e-06 0.999999 -0.00120016 2.15024 -0.0137553 0.0012001 0.999905 8.05728 0 0 0 1 
34562489690069;0.265071;0.350503;0.999945 8.56252e-06 0.0105246 -31.3917 1.06034e-06 1 -0.000914318 1.83187 -0.0105246 0.000914279 0.999944 37.1987 0 0 0 1 
34562489690070;0.337998;0.435803;0.923876 0.00665927 -0.382635 -44.1229 0.00663345 0.99942 0.0334102 2.87116 0.382635 -0.0334051 0.923296 -39.6472 0 0 0 1 
34562489690071;0.291767;0.181684;0.999999 6.00144e-07 -0.00143426 -3.57681 -4.21892e-07 1 0.000124282 -0.0664354 0.00143426 -0.000124282 0.999999 -7.0141 0 0 0 1 
34562489690072;0.432542;0.464502;0.953326 0.00408008 0.301916 -78.3483 0.00406987 0.999644 -0.0263601 5.82809 -0.301916 0.0263585 0.95297 43.1998 0 0 0 1 
34562489690073;0.333627;0.290519;0.99754 0.000216427 -0.0700999 -3.19518 0.000213018 0.999981 0.00611865 -0.0170387 0.0701 -0.00611853 0.997521 -20.6334 0 0 0 1 
34562489690074;0.333091;2.74529;0.956196 0.00385276 0.2927 -263.197 0.00379871 0.999666 -0.0255681 15.6028 -0.292701 0.02556 0.955862 -7.22682 0 0 0 1 
34562489690075;0.300984;0.553328;0.968274 0.00190517 -0.249884 6995.41 0.00324046 0.999791 0.0201791 -600.373 0.24987 -0.0203486 0.968066 -11821.5 0 0 0 1 
34562489690076;0.255405;0.543215;0.99914 7.52231e-05 0.0414531 -7.12849 7.48506e-05 0.999993 -0.00361876 -0.474684 -0.0414531 0.00361875 0.999134 7.77324 0 0 0 1 
34562489690077;0.37018;0.51179;0.872924 0.0111071 -0.487731 -19.0189 0.0110817 0.999031 0.0425846 0.230186 0.487731 -0.042578 0.871955 -64.5802 0 0 0 1 
34562489690078;0.123389;0.390076;0.995609 0.000384232 -0.0936057 6.5331 0.000382248 0.999967 0.00817032 -1.66764 0.0936057 -0.00817022 0.995576 -26.2359 0 0 0 1 
34562489690079;0.437756;0.779139;0.999214 7.70844e-05 -0.0396317 -61.392 6.00917e-05 0.999994 0.00346006 4.59524 0.0396318 -0.00345973 0.999208 -7.05622 0 0 0 1 
34562489690080;0.248888;0.248988;1 4.90112e-09 -4.95155e-08 0.0194917 -4.90112e-09 1 2.4429e-10 -0.243637 4.95155e-08 -2.4429e-10 1 0.0138871 0 0 0 1 
34562489690081;0.238106;0.393584;0.999866 1.00886e-05 0.0163584 10.3018 1.32202e-05 0.999999 -0.00142478 -1.7853 -0.0163584 0.0014248 0.999865 28.7084 0 0 0 1 
34562489690082;0.176775;0.245439;0.992493 0.000788632 0.122298 -1088.13 0.000569274 0.999939 -0.0110679 95.0394 -0.122299 0.0110545 0.992432 -3019.92 0 0 0 1 
34562489690083;0.334152;2.67921;0.99999 3.17457e-05 0.00452183 -248.766 -3.00036e-05 1 -0.000385322 13.704 -0.00452185 0.000385182 0.99999 78.4608 0 0 0 1 
34562489690084;0.376441;0.198616;0.99904 8.58189e-05 -0.0438183 -9.36499 8.18693e-05 0.999993 0.00382509 1.22975 0.0438183 -0.003825 0.999032 -9.21156 0 0 0 1 
34562489690085;0.162081;0.139418;0.999371 3.36068e-05 -0.0354647 176.583 7.88328e-05 0.999995 0.00316906 -15.599 0.0354647 -0.00316986 0.999366 588.093 0 0 0 1 
34562489690086;0.435379;0.426665;0.999607 2.4389e-05 0.0280218 75.5811 4.60855e-05 0.999997 -0.00251434 -6.88545 -0.0280218 0.00251464 0.999604 -544.833 0 0 0 1 
34562489690087;0.326485;0.393182;0.999654 3.16952e-05 0.0262974 -15.7538 2.86711e-05 0.999997 -0.00229515 0.226356 -0.0262974 0.00229511 0.999652 9.20596 0 0 0 1 
34562489690088;0.343468;0.378455;0.999825 1.40975e-05 -0.018695 12.1127 1.6381e-05 0.999999 0.00163014 -1.53014 0.018695 -0.00163017 0.999824 -18.0173 0 0 0 1 
34562489690089;0.181879;0.238067;0.999937 6.17244e-06 -0.011222 -3.82622 4.82129e-06 1 0.000979628 0.0586919 0.011222 -0.00097962 0.999937 -2.05178 0 0 0 1 
34562489690090;0.274172;0.686887;0.978009 0.0019271 -0.208555 -25.8515 0.00191304 0.999832 0.0182098 0.695933 0.208555 -0.0182083 0.977841 -17.4039 0 0 0 1 
34562489690091;0.516972;2.35317;0.999878 4.49495e-05 -0.0156385 -270.518 -2.37478e-05 0.999999 0.00135592 17.9031 0.0156385 -0.00135539 0.999877 -82.5662 0 0 0 1 
34562489690093;0.4248;0.647674;0.999955 3.78543e-05 -0.00948219 -272.873 -2.64644e-05 0.999999 0.00120131 27.5462 0.00948223 -0.00120101 0.999954 3003.6 0 0 0 1 
34562489690094;0.0934313;0.124587;0.999099 8.4044e-05 0.0424512 -48.9641 7.31602e-05 0.999993 -0.00370161 5.51158 -0.0424512 0.00370138 0.999092 39.4806 0 0 0 1 
34562489690095;0.144672;0.167804;0.99999 1.93406e-06 0.00449338 -9.32551 -1.71101e-07 1 -0.000392346 1.67144 -0.00449338 0.000392342 0.99999 0.241975 0 0 0 1 
34562489690096;0.228702;0.386663;0.998155 0.000150177 -0.0607095 94.3331 0.000171909 0.999986 0.00530011 -7.15778 0.0607094 -0.00530077 0.998141 1.33969 0 0 0 1 
34562489690097;0.121961;0.259224;0.997991 9.5246e-05 0.0633626 633.883 0.000257851 0.999984 -0.00556443 -57.0537 -0.0633622 0.00556959 0.997975 -301.405 0 0 0 1 
34562489690098;0.286027;0.360621;0.998994 -6.39617e-05 0.0448504 1214.07 0.000246463 0.999992 -0.00406361 -104.886 -0.0448497 0.00407057 0.998985 -1244.68 0 0 0 1 
34562489690099;0.0245713;0.0399476;0.999999 -4.78108e-07 0.00146819 4.10182 6.65344e-07 1 -0.000127528 -0.541049 -0.00146819 0.000127528 0.999999 5.05659 0 0 0 1 
34562489690100;0.214406;0.215305;1 -2.2878e-08 -1.91104e-08 -0.172318 2.2878e-08 1 3.19712e-08 0.498504 1.91104e-08 -3.19712e-08 1 -0.28331 0 0 0 1 
34562489690101;0.290539;0.345902;0.997559 -0.000960797 0.0698212 9434.11 0.00139489 0.99998 -0.00616874 -817.561 -0.0698139 0.00625108 0.99754 -1252.41 0 0 0 1 
34562489690102;0.160438;0.173383;0.992575 0.000783109 -0.121633 -1067.46 0.000478072 0.999946 0.0103392 92.4227 0.121634 -0.0103206 0.992521 -2406.83 0 0 0 1 
34562489690103;0.385248;0.429658;0.999997 -3.51326e-07 0.00255386 4.41895 9.21102e-07 1 -0.000223102 -0.922981 -0.00255386 0.000223104 0.999997 -0.553839 0 0 0 1 
34562489690104;0.150227;0.31774;0.999916 3.85124e-06 0.0129437 24.8127 1.07727e-05 0.999999 -0.00112975 -4.3294 -0.0129437 0.00112979 0.999916 2.08789 0 0 0 1 
34562489690105;0.212702;0.246233;0.999181 6.77321e-05 0.0404538 23.221 7.51143e-05 0.999994 -0.00352957 -3.33814 -0.0404538 0.00352972 0.999175 16.9632 0 0 0 1 
34562489690106;0.369761;0.440832;0.99806 -0.00032348 0.0622544 3955.63 0.00066266 0.999985 -0.00542772 -343.126 -0.0622517 0.00545845 0.998046 -187.139 0 0 0 1 
34562489690107;0.232667;0.199701;0.999997 -4.14886e-08 0.00255405 1.28723 6.09292e-07 1 -0.000222315 0.29117 -0.00255404 0.000222315 0.999997 4.93598 0 0 0 1 
34562489690108;0.240619;0.275549;1 -1.68901e-08 -9.50507e-08 -0.0904929 1.68901e-08 1 1.42256e-08 0.242166 9.50507e-08 -1.42256e-08 1 -0.0881994 0 0 0 1 
34562489690109;0.185949;0.183876;1 -4.45518e-09 -5.18495e-07 0.0267287 4.4552e-09 1 3.03586e-08 -0.0117425 5.18495e-07 -3.03586e-08 1 -0.0525827 0 0 0 1 
34562489690110;0.265953;0.30916;0.993417 -0.000723276 -0.114555 10459.5 0.00192332 0.999944 0.0103655 -904.481 0.114541 -0.0105176 0.993363 4161.17 0 0 0 1 
34562489690111;0.165425;0.308184;0.999808 2.23389e-05 0.0195734 -48.0948 1.10252e-05 0.999999 -0.00170445 6.84133 -0.0195734 0.00170434 0.999807 36.5802 0 0 0 1 
34562489690112;0.350609;0.383659;0.963516 0.00396581 0.267621 -6318.57 0.00245228 0.999717 -0.0236435 557.56 -0.267639 0.0234372 0.963234 -557.025 0 0 0 1 
34562489690113;0.399049;0.420827;1 -1.24054e-08 7.86153e-08 -0.067351 1.24054e-08 1 9.31879e-10 0.385161 -7.86153e-08 -9.31878e-10 1 -0.00354782 0 0 0 1 
34562489690114;0.0997142;0.303873;0.999987 3.85401e-05 -0.00507069 -301.189 -3.62316e-05 1 0.000455372 28.9376 0.00507071 -0.000455183 0.999987 99.9633 0 0 0 1 
34562489690115;0.280795;0.29723;1 -2.86713e-06 0.000111806 22.7368 2.86828e-06 1 -1.0347e-05 -2.13893 -0.000111806 1.03473e-05 1 -5.00598 0 0 0 1 
34562489690116;0.37279;0.404192;0.999983 1.29367e-07 -0.00590386 11.5028 2.91337e-06 1 0.000515372 -0.844685 0.00590386 -0.00051538 0.999982 -1.4671 0 0 0 1 
34562489690117;0.26675;1.0988;1 -1.15667e-07 -1.11434e-07 -0.164096 1.15667e-07 1 1.96706e-08 9.5461 1.11434e-07 -1.96706e-08 1 0.314627 0 0 0 1 
34562489690118;0.0989808;0.311209;0.995286 -0.00277758 -0.0969483 25672.8 0.0034763 0.999969 0.00703895 -2198.27 0.0969258 -0.00734279 0.995265 -9008.37 0 0 0 1 
34562489690119;0.386067;0.47866;0.983227 0.00144909 -0.182378 147.69 0.00147888 0.999872 0.0159173 -12.5956 0.182378 -0.0159201 0.9831 -23.2713 0 0 0 1 
34562489690120;0.309421;0.395414;0.999988 1.84882e-06 0.0048317 -7.23607 1.87846e-07 1 -0.000421521 1.97471 -0.0048317 0.000421517 0.999988 3.01552 0 0 0 1 
34562489690121;0.382301;0.410179;1 -1.95009e-08 3.09719e-08 -0.103316 1.95009e-08 1 -1.74602e-09 0.38508 -3.09719e-08 1.74602e-09 1 0.069803 0 0 0 1 
34562489690122;0.179762;0.217577;1 -9.4575e-09 8.25316e-08 -0.120275 9.4575e-09 1 -2.78556e-08 -0.60589 -8.25316e-08 2.78556e-08 1 0.189225 0 0 0 1 
34562489690124;0.346704;0.449955;0.999995 -1.10546e-06 -0.00301111 11.5409 1.89618e-06 1 0.000262599 -0.746617 0.00301111 -0.000262603 0.999995 -2.64763 0 0 0 1 
34562489690125;0.12865;0.299362;0.999639 0.000131033 -0.026884 -796.11 -6.68892e-05 0.999997 0.00238684 71.1365 0.0268843 -0.00238418 0.999636 297.316 0 0 0 1 
34562489690126;0.441684;0.649186;0.999944 7.3983e-06 0.0105922 -20.7727 2.39029e-06 1 -0.000924121 3.7864 -0.0105922 0.000924094 0.999943 5.93159 0 0 0 1 
34562489690127;0.210546;0.231972;0.999727 0.000188759 0.0233561 -1330.35 -0.000140026 0.999998 -0.00208815 116.899 -0.0233564 0.00208431 0.999725 -363.209 0 0 0 1 
34562489690128;0.0334274;0.264252;0.999832 4.93402e-06 -0.0183236 80.3005 2.4314e-05 0.999999 0.00159597 -8.81777 0.0183236 -0.00159615 0.999831 -29.412 0 0 0 1 
34562489690129;0.0803559;0.0764249;1 -1.91997e-06 -8.12349e-07 15.0023 1.91997e-06 1 4.06486e-07 -1.27276 8.12348e-07 -4.06487e-07 1 2.07798 0 0 0 1 
34562489690130;0.355847;0.390352;1 -3.67341e-08 1.25867e-08 -0.264895 3.67341e-08 1 1.88715e-08 0.188399 -1.25867e-08 -1.88715e-08 1 -0.162245 0 0 0 1 
34562489690131;0.103607;0.0751322;1 1.94613e-06 0.000284066 -15.0273 -1.9393e-06 1 -2.40442e-05 1.72947 -0.000284066 2.40436e-05 1 5.52859 0 0 0 1 
34562489690132;0.232394;0.316437;0.999572 3.03508e-05 -0.0292526 59.683 4.436e-05 0.999997 0.00255334 -3.33289 0.0292526 -0.00255354 0.999569 -4.63532 0 0 0 1 
34562489690133;0.372111;0.384543;0.988393 0.000943385 -0.151915 584.45 0.00105762 0.999914 0.0130905 -49.9721 0.151914 -0.0130993 0.988307 -1321.21 0 0 0 1 
34562489690134;0.23228;0.28853;0.999988 -3.30545e-06 -0.00480416 34.1612 5.30535e-06 1 0.000416272 -1.98588 0.00480416 -0.000416293 0.999988 -25.7271 0 0 0 1 
34562489690135;0.171644;0.381773;0.999708 5.50449e-05 -0.0241751 -233.827 -3.33566e-06 0.999998 0.00213898 22.4025 0.0241752 -0.00213827 0.999705 222.411 0 0 0 1 
34562489690136;0.200279;0.211897;1 -5.18143e-08 -8.24596e-08 -0.380005 5.18143e-08 1 1.40236e-08 0.187231 8.24596e-08 -1.40236e-08 1 -0.112441 0 0 0 1 
34562489690137;0.062551;0.244142;0.998535 0.00102013 -0.054092 -7171.07 -0.000787982 0.99999 0.00431297 628.331 0.0540958 -0.00426403 0.998527 -3692.91 0 0 0 1 
34562489690138;0.126833;0.128554;1 2.46709e-08 -6.59929e-08 0.226881 -2.46709e-08 1 -8.26838e-09 0.58575 6.59929e-08 8.26838e-09 1 0.0774081 0 0 0 1 
34562489690139;0.334771;0.431676;1 1.52314e-08 1.00093e-07 0.167673 -1.52314e-08 1 1.44375e-08 0.79029 -1.00093e-07 -1.44375e-08 1 -0.083331 0 0 0 1 
34562489690140;0.169798;0.293583;1 -6.60165e-08 2.05165e-07 -0.360345 6.60165e-08 1 9.28597e-09 1.69093 -2.05165e-07 -9.28596e-09 1 -0.0624035 0 0 0 1 
34562489690141;0.269667;0.355747;0.999964 4.41438e-06 -0.00850448 -8.45677 1.89327e-06 1 0.000741676 1.72824 0.00850449 -0.000741666 0.999964 -7.04717 0 0 0 1 
34562489690142;0.0756236;0.216726;0.999186 -0.00045691 -0.0403385 4252.44 0.000589267 0.999994 0.00326933 -370.625 0.0403368 -0.00329044 0.999181 -1861.58 0 0 0 1 
34562489690143;0.273373;0.363307;0.993233 0.00164593 0.11613 -8504.55 -0.000581733 0.999958 -0.00919713 752.617 -0.11614 0.00906733 0.993191 8632.3 0 0 0 1 
34562489690144;0.115892;0.400358;0.999504 0.000216643 0.0314964 -1398.23 -0.000134853 0.999997 -0.0025989 124.671 -0.0314969 0.00259336 0.9995 1259.65 0 0 0 1 
34562489690145;0.160443;0.193997;0.999541 4.09967e-05 0.0303091 -11.3082 4.38168e-05 0.999996 -0.00279761 0.116771 -0.0303091 0.00279766 0.999537 -1218.69 0 0 0 1 
34562489690146;0.0878609;0.8755;1 3.13666e-08 5.2013e-07 0.566469 -3.13666e-08 1 -1.43408e-08 6.49654 -5.2013e-07 1.43408e-08 1 0.367345 0 0 0 1 
34562489690147;0.0902058;0.337895;0.997172 -0.000288195 -0.0751504 4315.47 0.000794161 0.999977 0.00670292 -373.092 0.0751468 -0.00674365 0.99715 1469.22 0 0 0 1 
34562489690148;0.253989;0.350122;1 1.85146e-08 -1.95152e-07 0.21483 -1.85146e-08 1 5.84335e-10 0.896047 1.95152e-07 -5.84331e-10 1 0.0343475 0 0 0 1 
34562489690149;0.415878;0.416428;1 -2.21148e-08 2.27487e-07 -0.167253 2.21148e-08 1 2.37475e-08 0.0477763 -2.27487e-07 -2.37475e-08 1 -0.212039 0 0 0 1 
34562489690150;0.323952;0.362503;1 -4.32989e-08 -1.51793e-07 -0.340889 4.32989e-08 1 1.03674e-08 0.0376173 1.51793e-07 -1.03674e-08 1 -0.0784641 0 0 0 1 
34562489690151;0.0908205;0.874786;1 8.46852e-08 2.66073e-07 0.815845 -8.46852e-08 1 -9.1712e-09 6.32387 -2.66073e-07 9.17118e-09 1 0.123784 0 0 0 1 
34562489690152;0.416208;0.380974;0.990163 0.000798469 -0.139915 505.661 0.000901236 0.999927 0.0120844 -43.195 0.139914 -0.0120916 0.99009 -997.75 0 0 0 1 
34562489690153;0.0988573;0.252404;0.99995 8.41845e-06 -0.0100104 -30.6254 2.47714e-07 1 0.000865715 0.442826 0.0100104 -0.000865674 0.99995 -66.5121 0 0 0 1 
34562489690155;0.259195;0.419686;0.998929 9.02619e-05 -0.0462639 32.7178 9.67113e-05 0.999992 0.00403919 -1.26141 0.0462639 -0.00403934 0.998921 0.550322 0 0 0 1 
34562489690156;0.172496;0.136235;0.99944 -6.37891e-05 -0.0334756 911.951 0.000153862 0.999996 0.00268813 -78.7548 0.0334753 -0.00269178 0.999436 -1858.23 0 0 0 1 
34562489690157;0.159263;0.311178;0.9887 -1.44089e-05 0.14991 8032.4 0.00204174 0.999909 -0.0133697 -694.273 -0.149897 0.0135247 0.988609 -3519.21 0 0 0 1 
34562489690158;0.105511;0.179391;0.999778 2.62925e-05 0.0210721 -57.6005 1.24396e-05 0.999998 -0.00183795 4.82789 -0.0210721 0.0018378 0.999776 15.5735 0 0 0 1 
34562489690159;0.266866;0.344387;0.999956 1.06759e-05 0.00937707 -56.2288 -3.07451e-06 1 -0.00081065 6.3136 -0.00937707 0.000810585 0.999956 64.6668 0 0 0 1 
34562489690160;0.0473697;0.0948049;0.999891 0.000116643 0.0147413 -863.947 -9.70494e-05 0.999999 -0.00132991 75.8211 -0.0147415 0.00132833 0.99989 -332.538 0 0 0 1 
34562489690161;0.216211;0.222743;1 -1.06653e-06 -2.59418e-05 8.43212 1.06655e-06 1 6.97184e-07 -0.13858 2.59418e-05 -6.97212e-07 1 -12.3601 0 0 0 1 
34562489690162;0.156911;0.250262;0.999854 1.69344e-05 0.017086 -34.7955 8.52108e-06 0.999999 -0.00148977 3.46438 -0.017086 0.00148969 0.999853 15.9749 0 0 0 1 
34562489690163;0.149607;0.174227;0.998814 3.80117e-05 0.0486948 520.665 0.000171404 0.999991 -0.00429638 -43.1642 -0.0486945 0.00429963 0.998804 -388.406 0 0 0 1 
34562489690164;0.334807;0.358731;1 1.93477e-08 2.6036e-07 0.157026 -1.93477e-08 1 -2.11158e-08 0.04611 -2.6036e-07 2.11158e-08 1 0.130776 0 0 0 1 
34562489690165;0.385816;0.516011;0.999905 9.86233e-06 0.0137787 -13.96 6.68231e-06 0.999999 -0.0012007 2.90876 -0.0137787 0.00120068 0.999904 18.5437 0 0 0 1 
34562489690166;0.333068;0.573402;0.99261 0.00120002 0.121344 -4480.59 6.26644e-05 0.999946 -0.0104015 396.374 -0.12135 0.0103322 0.992556 2113.84 0 0 0 1 
34562489690167;0.363242;0.417482;1 -1.25238e-09 2.63065e-07 0.0552288 1.25237e-09 1 2.54678e-08 0.600286 -2.63065e-07 -2.54678e-08 1 -0.190538 0 0 0 1 
34562489690168;0.405801;0.291099;0.99945 0.000223058 -0.03316 -1403.34 -0.000137519 0.999997 0.00258184 123.972 0.0331605 -0.00257586 0.999447 -2570.32 0 0 0 1 
34562489690169;0.233383;0.297553;0.999028 8.26611e-05 -0.0440706 23.4015 8.70051e-05 0.999993 0.00384794 -1.48118 0.0440706 -0.00384804 0.999021 2.00315 0 0 0 1 
34562489690170;0.111556;0.126984;1 7.8195e-09 2.49131e-07 0.117241 -7.81951e-09 1 1.08466e-08 0.275074 -2.49131e-07 -1.08466e-08 1 -0.107484 0 0 0 1 
34562489690171;0.0960451;0.177463;0.99924 6.57266e-05 -0.0389775 10.8511 6.71144e-05 0.999994 0.00340682 0.252696 0.0389775 -0.00340685 0.999234 29.7566 0 0 0 1 
34562489690172;0.321124;0.356756;0.998915 0.000171863 0.0465601 -626.383 2.83519e-05 0.999991 -0.00429943 55.1758 -0.0465604 0.00429609 0.998906 -1859.41 0 0 0 1 
34562489690173;0.268086;0.255702;0.999366 5.33323e-05 0.0356035 11.146 5.73224e-05 0.999995 -0.00310694 -0.485608 -0.0356035 0.00310702 0.999361 12.3782 0 0 0 1 
34562489690174;0.189053;0.205896;1 1.08609e-08 3.34402e-07 0.136248 -1.08609e-08 1 -4.50378e-09 0.231071 -3.34402e-07 4.50377e-09 1 0.00994663 0 0 0 1 
34562489690175;0.133957;0.215655;0.99976 2.62801e-05 0.0219053 -44.9845 1.55879e-05 0.999998 -0.00191115 3.77986 -0.0219053 0.00191103 0.999758 11.78 0 0 0 1 
34562489690176;0.144022;0.241436;0.999053 7.13975e-05 0.0435093 85.3154 0.000111861 0.999991 -0.00420949 -7.29792 -0.0435092 0.00421037 0.999044 -3312.1 0 0 0 1 
34562489690177;0.320514;0.383026;0.999633 3.18169e-05 0.0270904 -1.76997 3.2247e-05 0.999997 -0.00236438 0.930068 -0.0270904 0.00236438 0.99963 6.6896 0 0 0 1 
34562489690178;0.353901;0.595808;0.99312 0.000596271 -0.117098 52.4466 0.000604482 0.999948 0.0102185 -1.32042 0.117098 -0.010219 0.993068 -36.996 0 0 0 1 
34562489690179;0.0142393;0.0341953;0.999992 8.97062e-07 0.00387763 -2.27926 4.15193e-07 1 -0.000338416 0.196175 -0.00387763 0.000338415 0.999992 1.03512 0 0 0 1 
34562489690180;0.106434;0.108832;0.999759 1.95896e-05 -0.0219686 14.9725 2.25483e-05 0.999998 0.00191785 -1.43316 0.0219686 -0.00191788 0.999757 -1.24744 0 0 0 1 
34562489690181;0.139987;0.103769;0.999995 -2.11442e-07 0.00310061 4.48428 1.05133e-06 1 -0.000270876 0.0569562 -0.00310061 0.000270878 0.999995 -1.11551 0 0 0 1 
34562489690182;0.247912;0.46106;0.995456 0.000322209 -0.0952228 613.442 0.000473343 0.999965 0.00833193 -51.7075 0.0952222 -0.00833914 0.995421 204.737 0 0 0 1 
34562489690183;0.115667;0.239186;1 1.72297e-08 5.06669e-07 0.190302 -1.72297e-08 1 3.19088e-08 0.780179 -5.06669e-07 -3.19088e-08 1 -0.221614 0 0 0 1 
34562489690184;0.228068;0.259193;1 2.35151e-08 2.79257e-07 0.225202 -2.35151e-08 1 -1.1515e-08 0.167951 -2.79257e-07 1.1515e-08 1 0.0572708 0 0 0 1 
34562489690186;0.0711037;0.188459;1 6.28554e-06 -1.44834e-05 -49.9873 -6.2856e-06 1 -3.69343e-06 2.63217 1.44834e-05 3.69352e-06 1 -40.2747 0 0 0 1 
34562489690187;0.0441165;0.0584724;0.999375 5.44009e-05 0.0353583 -3.72904 5.47321e-05 0.999995 -0.00308551 -0.0693404 -0.0353583 0.00308551 0.99937 10.0447 0 0 0 1 
34562489690188;0.231973;0.241204;0.99842 0.00054829 -0.0561967 -3292.49 -0.00023596 0.999984 0.00556429 291.554 0.0561988 -0.00554223 0.998404 5116.95 0 0 0 1 
34562489690189;0.393005;0.566175;0.972668 0.00230389 -0.232191 695.226 0.00267038 0.999774 0.0211066 -52.2503 0.232187 -0.0211498 0.972441 7080.72 0 0 0 1 
34562489690190;0.219538;0.379014;0.997929 0.00016443 -0.0643323 140.551 0.000197453 0.999984 0.00561882 -9.05652 0.0643322 -0.00561988 0.997913 27.6123 0 0 0 1 
34562489690191;0.389147;0.812148;0.999745 -2.1943e-05 0.0225657 353.642 6.78147e-05 0.999998 -0.00203204 -38.1952 -0.0225656 0.00203305 0.999743 -506.627 0 0 0 1 
34562489690192;0.192134;0.234092;0.999987 4.34069e-06 0.00516013 -25.5429 -2.01739e-06 1 -0.000450245 1.17672 -0.00516013 0.000450229 0.999987 1.90741 0 0 0 1 
34562489690193;0.281462;0.291648;0.999519 3.75298e-05 -0.0310257 40.3156 4.65178e-05 0.999996 0.00270824 -2.73671 0.0310257 -0.00270838 0.999515 -2.65069 0 0 0 1 
34562489690194;0.204314;0.299895;0.998054 -9.05055e-05 0.0623623 2085.55 0.000440309 0.999984 -0.00559549 -184.697 -0.0623608 0.00561206 0.998038 -1350.37 0 0 0 1 
34562489690195;0.157469;0.236948;0.999742 2.65612e-05 -0.0227275 -28.8638 1.85291e-05 0.999998 0.00198374 4.2823 0.0227275 -0.00198365 0.99974 -4.44959 0 0 0 1 
34562489690196;0.0529904;0.0451122;0.999978 2.71865e-07 -0.00659576 13.9958 3.52324e-06 1 0.000575373 -0.637938 0.00659576 -0.000575384 0.999978 -4.38342 0 0 0 1 
34562489690197;0.438295;1.07841;1 1.16836e-07 3.83271e-08 -0.0482419 -1.16836e-07 1 1.3562e-09 -10.6784 -3.83271e-08 -1.35621e-09 1 -0.323565 0 0 0 1 
34562489690198;0.0525853;0.0406826;0.999981 1.9643e-06 -0.00624329 -0.853726 1.4357e-06 1 0.00054458 1.12046 0.00624329 -0.000544578 0.99998 -3.95851 0 0 0 1 
34562489690199;0.186435;0.350367;0.999999 1.88236e-06 -0.00158753 -14.4078 -1.6623e-06 1 0.000138618 4.4663 0.00158753 -0.000138615 0.999999 -0.735712 0 0 0 1 
34562489690200;0.246291;0.223899;1 4.77459e-07 -8.8e-05 -3.38807 -4.76818e-07 1 7.28076e-06 0.206268 8.8e-05 -7.28072e-06 1 -2.86222 0 0 0 1 
34562489690201;0.100046;0.626815;1 -2.07546e-05 0.000993504 166.592 2.08405e-05 1 -8.64507e-05 -22.4297 -0.000993502 8.64714e-05 1 2.43485 0 0 0 1 
34562489690202;0.155088;0.153252;1 1.03148e-06 -2.59818e-06 -7.88248 -1.03147e-06 1 5.79824e-07 1.17297 2.59818e-06 -5.79821e-07 1 2.50777 0 0 0 1 
34562489690203;0.0877176;0.441583;1 9.47128e-06 0.000495958 -75.1273 -9.4518e-06 1 -3.92827e-05 12.5552 -0.000495959 3.9278e-05 1 32.9959 0 0 0 1 
34562489690204;0.244178;0.327645;0.997155 0.000326213 0.0753778 -637.245 0.000183459 0.999977 -0.00675454 53.0659 -0.0753783 0.00674915 0.997132 -1355 0 0 0 1 
34562489690205;0.481854;0.374765;0.997228 0.000255528 -0.0744014 -96.3689 0.000228979 0.999979 0.00650347 8.18416 0.0744015 -0.00650248 0.997207 56.6104 0 0 0 1 
34562489690206;0.097924;0.471727;0.998112 0.000145048 0.0614217 149.659 0.00018517 0.999986 -0.00537052 -19.0665 -0.0614216 0.00537176 0.998097 -77.5905 0 0 0 1 
34562489690207;0.417969;0.4022;0.997813 0.000348299 -0.0660995 -1256.4 6.10312e-05 0.999981 0.00619051 112.268 0.0661003 -0.00618101 0.997794 3300.99 0 0 0 1 
34562489690208;0.41666;0.382728;0.999972 7.99077e-06 -0.00750387 -41.8089 -3.08452e-06 1 0.00065384 2.34046 0.00750388 -0.000653798 0.999972 -10.7945 0 0 0 1 
34562489690209;0.102897;0.0704677;0.999845 2.25047e-05 -0.0175862 -69.5238 4.49379e-06 0.999999 0.00153517 6.65768 0.0175862 -0.00153501 0.999844 -3.05198 0 0 0 1 
34562489690210;0.0465566;0.184543;0.999934 1.17303e-05 0.0115005 -49.3805 -1.50768e-07 0.999999 -0.00100687 2.49921 -0.0115005 0.0010068 0.999933 -23.3592 0 0 0 1 
34562489690211;0.156365;0.272217;1 8.80136e-06 -0.000651502 -69.1732 -8.76841e-06 1 5.05805e-05 3.23649 0.000651503 -5.05748e-05 1 -50.4771 0 0 0 1 
34562489690212;0.249667;0.30399;0.999773 2.79296e-05 0.0212975 -67.6791 1.16413e-05 0.999998 -0.00185788 4.56584 -0.0212975 0.00185771 0.999771 12.483 0 0 0 1 
34562489690213;0.302086;0.343828;0.999726 5.87704e-05 0.0234015 -283.533 -1.05896e-05 0.999998 -0.00205899 23.4565 -0.0234016 0.00205818 0.999724 -122.119 0 0 0 1 
34562489690214;0.0408606;0.0927037;1 -4.59934e-06 -0.000315928 36.9045 4.60814e-06 1 2.78582e-05 -2.31083 0.000315928 -2.78597e-05 1 1.89675 0 0 0 1 
34562489690215;0.322976;0.33844;1 -2.59157e-06 4.9536e-05 20.7459 2.5914e-06 1 3.44937e-06 -0.68182 -4.9536e-05 -3.44924e-06 1 62.1289 0 0 0 1 
34562489690217;0.345856;0.226159;0.999897 1.07191e-05 0.0143549 -16.5752 7.23302e-06 0.999999 -0.00125053 1.52683 -0.0143549 0.00125051 0.999896 23.7692 0 0 0 1 
34562489690218;0.369096;0.227429;0.999997 -7.56851e-07 -0.00232292 7.64085 1.22643e-06 1 0.000202147 -1.25369 0.00232292 -0.00020215 0.999997 -5.49459 0 0 0 1 
34562489690219;0.344434;0.483445;0.999138 7.05507e-05 -0.0415009 42.831 7.98352e-05 0.999993 0.00362201 -3.50098 0.0415009 -0.0036222 0.999132 -10.8148 0 0 0 1 
34562489690220;0.281678;0.329714;0.990092 0.000642212 -0.140416 1813.46 0.000953264 0.999936 0.011295 -154.48 0.140414 -0.0113169 0.990028 -7588.48 0 0 0 1 
34562489690221;0.2479;0.995295;0.996822 0.000267659 -0.0796559 87.3878 0.000287221 0.999976 0.00695443 -8.30953 0.0796558 -0.00695521 0.996798 0.797191 0 0 0 1 
34562489690222;0.309448;0.749679;0.998915 8.42859e-05 -0.0465811 88.95 0.000105173 0.999992 0.00406482 -7.27462 0.0465811 -0.0040653 0.998906 -16.0012 0 0 0 1 
34562489690223;0.503992;0.582342;0.973155 0.00232756 -0.23014 162.589 0.00235925 0.999795 0.0200877 -14.1778 0.23014 -0.0200914 0.97295 -21.8579 0 0 0 1 
34562489690224;0.505738;0.404986;0.999038 7.87299e-05 -0.043848 47.1445 8.91829e-05 0.999993 0.00382746 -4.5296 0.043848 -0.00382769 0.999031 -7.73932 0 0 0 1 
34562489690225;0.255572;0.548148;0.994113 0.000505487 0.108348 52.5114 0.000522659 0.999955 -0.0094607 -5.22544 -0.108348 0.00946164 0.994068 -9.38301 0 0 0 1 
34562489690226;0.59187;0.70984;0.985257 0.00127833 -0.171074 94.518 0.00129552 0.999888 0.0149328 -8.91437 0.171074 -0.0149343 0.985145 -21.4876 0 0 0 1 
34562489690227;0.535961;0.636585;0.993643 0.000545852 -0.112578 88.4138 0.000564111 0.999952 0.0098274 -8.4274 0.112578 -0.00982843 0.993594 -10.0893 0 0 0 1 
34562489690228;0.492348;1.93382;0.951999 0.00416323 -0.306074 263.745 0.00421786 0.999634 0.0267161 -23.2323 0.306073 -0.0267246 0.951633 5.76916 0 0 0 1 
34562489690229;0.377629;0.33319;0.998648 0.000118938 -0.0519822 -0.137346 0.000116896 0.99999 0.00453376 -0.724794 0.0519822 -0.0045337 0.998638 -40.4817 0 0 0 1 
34562489690230;0.309344;0.840611;0.988441 0.000999237 -0.151603 100.642 0.001019 0.999912 0.0132343 -7.62225 0.151603 -0.0132358 0.988353 -9.32387 0 0 0 1 
34562489690231;0.422227;0.786538;0.999613 2.55215e-05 0.0278204 61.2988 4.19886e-05 0.999997 -0.00242605 -4.74382 -0.0278204 0.00242628 0.99961 24.1653 0 0 0 1 
34562489690232;0.215127;0.374449;0.999998 -1.16173e-06 0.00187039 9.68098 1.4653e-06 1 -0.000162303 -0.785773 -0.00187038 0.000162305 0.999998 7.98448 0 0 0 1 
34562489690233;0.420689;0.501709;0.999853 9.83491e-06 -0.0171376 25.6214 1.57984e-05 0.999999 0.0014956 -2.48438 0.0171376 -0.00149565 0.999852 -6.00945 0 0 0 1 
34562489690234;0.244511;0.698219;0.998377 0.000132914 -0.0569507 77.1772 0.000150467 0.999988 0.00497159 -6.52972 0.0569506 -0.00497209 0.998365 -4.4377 0 0 0 1 
34562489690235;0.305129;0.315794;0.99995 4.60651e-06 0.00998217 -4.22331 4.1029e-06 1 -0.000872476 1.10759 -0.00998217 0.000872473 0.99995 -6.41355 0 0 0 1 
34562489690236;0.196522;0.60072;0.994647 0.000453936 0.103332 92.519 0.000480215 0.999959 -0.00901521 -7.75044 -0.103332 0.00901657 0.994606 47.6192 0 0 0 1 
34562489690237;0.236663;1.23666;0.994388 0.00047742 -0.105796 113.209 0.000502654 0.999957 0.00923693 -10.5427 0.105796 -0.00923827 0.994345 6.39343 0 0 0 1 
34562489690238;0.36003;1.61572;0.999961 -4.60731e-07 0.0088422 25.7508 7.37786e-06 1 -0.000782253 -3.60121 -0.00884219 0.000782288 0.999961 -82.9423 0 0 0 1 
34562489690239;0.243492;0.300469;0.999999 -2.57218e-06 -0.00159478 20.9003 2.78764e-06 1 0.000135103 -2.22735 0.00159478 -0.000135107 0.999999 -32.7759 0 0 0 1 
34562489690240;0.35283;0.405509;1 -2.83943e-06 -0.000286598 22.2446 2.84445e-06 1 1.75261e-05 -3.45533 0.000286598 -1.7527e-05 1 -60.824 0 0 0 1 
34562489690241;0.379757;1.60935;0.954768 0.0039332 0.297324 85.6303 0.00396591 0.999655 -0.0259594 -9.96047 -0.297324 0.0259644 0.954424 -22.6319 0 0 0 1 
34562489690242;0.378853;0.65514;0.941809 0.00506688 0.336111 64.7037 0.00509562 0.999556 -0.0293467 -4.57775 -0.33611 0.0293517 0.941365 -25.9429 0 0 0 1 
34562489690243;0.301434;0.763162;1 -1.98942e-06 -0.000218118 14.6861 1.99213e-06 1 1.24401e-05 -0.565802 0.000218118 -1.24405e-05 1 -53.1776 0 0 0 1 
34562489690244;0.500189;0.680812;0.977641 0.0019468 -0.21027 72.1588 0.00195701 0.99983 0.018356 -6.39244 0.21027 -0.0183571 0.977471 -17.1329 0 0 0 1 
34562489690245;0.271456;0.202886;0.999931 7.76995e-06 0.0117291 -16.1074 4.23433e-06 0.999999 -0.00102344 1.4426 -0.0117291 0.00102342 0.999931 6.12271 0 0 0 1 
34562489690246;0.262584;0.671708;0.999998 -1.32186e-06 -0.00181035 10.4455 1.60754e-06 1 0.000157804 -0.527042 0.00181035 -0.000157806 0.999998 -2.44478 0 0 0 1 
34562489690248;0.122472;0.199639;0.997848 -6.09661e-05 0.0655751 1993.77 0.000440078 0.999983 -0.00576691 -172.926 -0.0655737 0.00578335 0.997831 -462.859 0 0 0 1 
34562489690249;0.236877;0.46831;0.979283 0.0020714 -0.202484 -2081.11 0.00165707 0.999832 0.0182424 185.745 0.202488 -0.0182 0.979116 4181.14 0 0 0 1 
34562489690250;0.361013;0.610028;0.996989 0.000273369 0.077549 -91.536 0.000252322 0.999977 -0.00676894 6.78596 -0.0775491 0.00676812 0.996966 26.7104 0 0 0 1 
34562489690251;0.0844088;0.0684404;0.999471 4.70869e-05 -0.0325367 -1.73121 4.53266e-05 0.999996 0.00283954 0.249052 0.0325367 -0.00283951 0.999467 -11.8841 0 0 0 1 
34562489690252;0.195046;0.454902;0.999996 -1.02715e-05 -0.00295366 87.5623 1.10695e-05 1 0.000270169 -5.54322 0.00295366 -0.000270201 0.999996 99.0782 0 0 0 1 
34562489690253;0.120903;0.33772;0.994784 0.000250656 0.102004 1635.1 0.000673693 0.999959 -0.00902731 -144.009 -0.102002 0.00904894 0.994743 -1144.77 0 0 0 1 
34562489690254;0.246774;0.318018;1 7.46623e-08 -2.83067e-07 0.604465 -7.46623e-08 1 -2.60253e-08 -0.349773 2.83067e-07 2.60253e-08 1 0.181685 0 0 0 1 
34562489690255;0.134202;0.153618;0.999894 9.18833e-06 0.0145276 -1.46007 9.21149e-06 0.999999 -0.00126648 -0.160093 -0.0145276 0.00126648 0.999894 15.814 0 0 0 1 
34562489690256;0.130561;0.2366;0.999441 4.27624e-05 0.0334291 45.9439 5.462e-05 0.999996 -0.00291218 -3.19341 -0.0334291 0.00291238 0.999437 53.1979 0 0 0 1 
34562489690257;0.163799;0.175241;1 7.66464e-09 -2.59405e-07 -0.0899744 -7.66463e-09 1 9.42178e-09 0.504045 2.59405e-07 -9.42178e-09 1 -0.636583 0 0 0 1 
34562489690258;0.294851;0.512753;0.975666 0.000578554 -0.219261 12473.1 0.00341442 0.999835 0.0178317 -1079.25 0.219235 -0.0181464 0.975503 -8014.38 0 0 0 1 
