#;prob_registration_l1 -r /home/probabilistic_point_clouds_registration/build/tester /home/point_clouds_registration_benchmark//devel/registration_pairs/wood_autumn_local.txt /home/point_clouds_registration_benchmark//eth/wood_autumn -s 0.2 -t 0.2 -p 0.3 -r 1000 -m 20 -i 40 
id;initial_error;final_error;transformation
26875431820000;0.498992;0.496866;0.986646 0.139133 -0.084683 0.609063 -0.139246 0.990247 0.00460128 0.521503 0.0844973 0.00725195 0.996397 -0.670085 0 0 0 1 
26875431820001;0.336145;0.0279586;0.910221 0.323852 -0.258103 0.707378 -0.291705 0.943787 0.155482 0.875597 0.293948 -0.066233 0.953524 -0.768703 0 0 0 1 
26875431820002;0.60541;0.220979;0.962132 0.201083 -0.184035 0.471617 -0.196158 0.979549 0.044775 0.684059 0.189274 -0.00697954 0.981899 -1.22973 0 0 0 1 
26875431820003;0.366204;0.0272846;0.993426 0.101636 -0.0526748 -0.154546 -0.0992416 0.993988 0.0462384 -0.108505 0.0570576 -0.0407069 0.997541 -0.529629 0 0 0 1 
26875431820004;0.698046;0.0356541;0.955852 -0.293842 -0.00184315 0.846288 0.293728 0.955262 0.0346259 -1.25858 -0.00841388 -0.0336387 0.999399 0.415563 0 0 0 1 
26875431820005;0.325213;0.0318571;0.920702 -0.239042 0.308491 -0.376176 0.271003 0.960407 -0.064622 -0.703459 -0.280829 0.143099 0.94903 0.994563 0 0 0 1 
26875431820006;0.554876;0.0228143;0.999997 -0.00191703 0.00128606 -0.263389 0.0019196 0.999996 -0.00199656 0.690536 -0.00128223 0.00199903 0.999997 0.553814 0 0 0 1 
26875431820007;0.383756;0.363529;0.999104 0.0129035 -0.0402962 0.00522382 -0.00790673 0.992525 0.121783 0.0656688 0.0415664 -0.121355 0.991738 -0.0329616 0 0 0 1 
26875431820008;0.203498;0.0335555;0.966267 0.0510748 -0.252426 0.105188 -0.0284347 0.995303 0.0925397 0.0999049 0.255966 -0.0822405 0.963181 -0.982261 0 0 0 1 
26875431820009;0.180609;0.0249278;0.978347 -0.155564 -0.136521 0.118276 0.152207 0.987737 -0.0347536 -0.353432 0.140254 0.0132215 0.990027 -0.400586 0 0 0 1 
26875431820010;0.462102;0.0314424;0.959898 -0.141027 -0.242296 0.721173 0.147722 0.988982 0.00959517 -0.749659 0.238273 -0.0450028 0.970155 -0.932268 0 0 0 1 
26875431820011;0.575398;0.310629;0.981503 0.0555015 0.183223 0.198415 -0.0666918 0.99623 0.055484 0.153993 -0.179453 -0.0666772 0.981504 1.06028 0 0 0 1 
26875431820012;0.688058;0.597616;0.997556 0.0329993 -0.0615919 0.266297 -0.0298985 0.998271 0.0506053 -0.0647258 0.0631554 -0.0486401 0.996818 -0.225371 0 0 0 1 
26875431820013;0.421251;0.203324;0.983776 -0.177871 0.0233797 -0.188369 0.177689 0.984039 0.00966838 -0.486265 -0.0247263 -0.0053572 0.99968 -0.269312 0 0 0 1 
26875431820014;0.330264;0.0281688;0.951888 -0.298643 0.0687098 -0.427348 0.299283 0.954164 0.00102491 -1.12989 -0.0658665 0.0195881 0.997636 0.18425 0 0 0 1 
26875431820015;0.226693;0.188693;0.999594 0.0264159 0.0106939 0.000427854 -0.0259251 0.998709 -0.0436852 0.154025 -0.0118341 0.0433902 0.998988 0.108804 0 0 0 1 
26875431820016;0.538469;0.315239;0.984382 -0.0200152 0.174906 0.675403 0.0145925 0.999374 0.032235 0.397089 -0.175441 -0.0291793 0.984057 0.417771 0 0 0 1 
26875431820017;0.524419;0.0262049;0.983012 -0.159769 -0.0903401 -0.0137191 0.14271 0.974848 -0.171187 -0.416008 0.115418 0.155386 0.981088 0.549798 0 0 0 1 
26875431820018;0.579586;0.0316935;0.979228 0.0405794 -0.198659 0.395635 -0.0629256 0.992212 -0.107497 -0.0480319 0.19275 0.117764 0.974156 0.354792 0 0 0 1 
26875431820019;0.351798;0.0271707;0.978507 0.0938433 -0.183625 0.264664 -0.0964035 0.99533 -0.00504539 0.577704 0.182294 0.022639 0.982983 -0.950659 0 0 0 1 
26875431820020;0.0809749;0.0293436;0.994821 -0.101242 0.009047 -0.0935561 0.101426 0.994581 -0.0228472 -0.300472 -0.00668487 0.0236465 0.999698 0.0117249 0 0 0 1 
26875431820021;0.644904;0.033282;0.947248 0.0872866 -0.308387 1.16872 -0.00646711 0.96721 0.253896 0.0751662 0.320437 -0.238508 0.916752 -0.643405 0 0 0 1 
26875431820022;0.0317767;0.0242123;0.999517 0.0290754 0.0109783 -0.0175264 -0.0290255 0.999568 -0.00468498 0.11542 -0.0111098 0.00436407 0.999929 0.0691596 0 0 0 1 
26875431820023;0.284901;0.0335624;0.99755 -0.0699616 -0.000176439 0.365983 0.0699473 0.997288 0.0229123 -0.300888 -0.00142702 -0.0228685 0.999737 -0.0272118 0 0 0 1 
26875431820024;0.398113;0.0342555;0.997202 0.00498798 -0.0745817 0.347308 -0.00610425 0.999873 -0.0147467 0.434733 0.0744986 0.0151607 0.997106 -0.558291 0 0 0 1 
26875431820025;0.5828;0.352943;0.979584 -0.19684 -0.0408599 0.217461 0.197897 0.979938 0.0236154 -0.988127 0.0353917 -0.0312194 0.998886 0.449209 0 0 0 1 
26875431820026;0.630426;0.024318;0.980786 0.194755 0.0113402 -0.272286 -0.194794 0.980841 0.00248861 0.517629 -0.0106383 -0.00464981 0.999933 0.938716 0 0 0 1 
26875431820027;0.464713;0.0188239;0.994248 0.107083 0.00181976 0.236341 -0.107056 0.993229 0.0451141 0.459223 0.00302352 -0.0450494 0.99898 0.661527 0 0 0 1 
26875431820028;0.337162;0.0244547;0.999919 -0.0126516 -0.000984526 -0.445835 0.0126825 0.998963 0.0437231 -0.351633 0.00043034 -0.043732 0.999043 0.235873 0 0 0 1 
26875431820029;0.206492;0.0244283;0.999616 0.00915857 0.0261662 -0.312195 -0.0075094 0.99802 -0.0624442 -0.092302 -0.0266863 0.0622238 0.997705 0.240426 0 0 0 1 
26875431820031;0.22611;0.0128404;0.972655 0.0961192 0.211432 -0.168525 -0.117202 0.989065 0.0895252 0.364214 -0.200515 -0.111857 0.973284 0.898477 0 0 0 1 
26875431820032;0.537519;0.336412;0.973716 -0.157761 -0.164284 0.592868 0.15838 0.987333 -0.00940779 -0.715407 0.163687 -0.0168587 0.986368 -0.699263 0 0 0 1 
26875431820033;0.515263;0.0106283;0.997057 0.0263159 -0.0720054 -0.103796 -0.00623761 0.963972 0.265932 -0.75977 0.0764094 -0.2647 0.961299 -1.0046 0 0 0 1 
26875431820034;0.18246;0.0122768;0.994525 0.013691 -0.1036 -0.190824 -0.0125005 0.999848 0.0121328 0.0382402 0.10375 -0.0107713 0.994545 -0.293342 0 0 0 1 
26875431820035;0.31218;0.0207245;0.943018 0.188374 0.274287 0.0715027 -0.226409 0.967329 0.114073 0.793674 -0.243837 -0.169674 0.954858 1.43407 0 0 0 1 
26875431820036;0.352511;0.0158504;0.959415 -0.270301 0.0803795 -0.00482097 0.281991 0.917363 -0.280938 -0.913517 0.00220079 0.292203 0.956354 -0.227886 0 0 0 1 
26875431820037;0.447509;0.0160418;0.996807 -0.0797344 -0.00433184 0.320017 0.07976 0.996795 0.00610454 -0.799179 0.00383122 -0.00643055 0.999972 -0.767966 0 0 0 1 
26875431820038;0.350569;0.330599;0.999238 -0.0378439 -0.00956149 0.047436 0.0374848 0.998674 -0.0352965 -0.153255 0.0108846 0.0349112 0.999331 -0.0445778 0 0 0 1 
26875431820039;0.337073;0.00791805;0.971103 -0.217218 0.0988741 0.0694941 0.181748 0.941585 0.283525 -1.20486 -0.154685 -0.257361 0.953854 1.26787 0 0 0 1 
26875431820040;0.229197;0.0131073;0.982258 -0.186021 -0.0237788 0.235372 0.176167 0.958746 -0.223097 -0.491156 0.0642985 0.214949 0.974506 -0.345615 0 0 0 1 
26875431820041;0.10838;0.00955944;0.998095 0.0613903 0.006078 -0.0447439 -0.061395 0.998113 0.000579835 0.172506 -0.00603093 -0.000951889 0.999981 0.177979 0 0 0 1 
26875431820042;0.455772;0.1955;0.932886 -0.341363 0.114868 0.31835 0.355379 0.924259 -0.139467 -1.70476 -0.0585587 0.170928 0.983542 0.624381 0 0 0 1 
26875431820043;0.274946;0.0169647;0.978781 0.103463 0.176871 -0.164792 -0.125643 0.984892 0.119171 0.251104 -0.161869 -0.138865 0.976993 1.13622 0 0 0 1 
26875431820044;0.287192;0.0142157;0.999214 0.00232581 0.0395683 0.0696594 -0.0019147 0.999944 -0.0104248 0.580506 -0.0395903 0.0103409 0.999162 0.294949 0 0 0 1 
26875431820045;0.572084;0.00951779;0.985727 0.06625 -0.154768 0.703734 -0.0040416 0.928363 0.371654 -0.876952 0.168303 -0.365724 0.91538 -1.13856 0 0 0 1 
26875431820046;0.148614;0.0125994;0.997811 -0.0620546 -0.0228422 0.0461224 0.0653904 0.977338 0.201334 -0.573686 0.00983078 -0.202387 0.979256 0.0529588 0 0 0 1 
26875431820047;0.191966;0.0118151;0.988952 0.147871 0.0104034 -0.0838483 -0.144175 0.9758 -0.164405 0.886465 -0.0344623 0.161088 0.986338 0.314811 0 0 0 1 
26875431820048;0.552949;0.202802;0.967488 0.245867 0.0592947 -0.269026 -0.237232 0.963474 -0.124257 1.47756 -0.0876795 0.10615 0.990477 -0.308406 0 0 0 1 
26875431820049;0.452544;0.198441;0.963939 0.233697 0.127307 -0.150695 -0.226007 0.971459 -0.072028 0.957941 -0.140506 0.0406584 0.989245 1.00938 0 0 0 1 
26875431820050;0.381287;0.0135839;0.957749 0.23387 0.167398 -0.101341 -0.242214 0.969727 0.0310034 0.881557 -0.155079 -0.0702395 0.985402 1.29426 0 0 0 1 
26875431820051;0.357531;0.0147465;0.973069 -0.0751155 -0.217933 0.717809 0.0669557 0.996759 -0.044599 -0.123599 0.220576 0.028806 0.974944 -0.604184 0 0 0 1 
26875431820052;0.469273;0.0195206;0.963833 0.146062 -0.222919 0.527552 -0.204722 0.941307 -0.268386 1.85748 0.170634 0.304315 0.937164 -1.05005 0 0 0 1 
26875431820053;0.393672;0.00979296;0.993051 0.0294377 0.113945 0.686407 -0.0482711 0.984903 0.166242 -0.0406043 -0.107331 -0.170587 0.97948 0.559467 0 0 0 1 
26875431820054;0.384531;0.0109718;0.932345 0.22555 -0.282596 0.69245 -0.14834 0.951385 0.269931 0.375969 0.329741 -0.209748 0.920476 -1.40348 0 0 0 1 
26875431820055;0.28566;0.0125989;0.979326 -0.194089 -0.0570097 0.480915 0.196623 0.979544 0.0428022 -1.16091 0.0475361 -0.0531267 0.997456 0.126835 0 0 0 1 
26875431820056;0.596591;0.014626;0.91862 -0.290559 0.267793 -0.0310609 0.333764 0.933335 -0.132241 -1.34131 -0.211517 0.210859 0.954358 0.0813269 0 0 0 1 
26875431820057;0.446113;0.319337;0.984797 -0.151904 0.0842575 0.297735 0.153801 0.987965 -0.0164581 -0.872829 -0.0807434 0.0291667 0.996308 0.543091 0 0 0 1 
26875431820058;0.224686;0.00992223;0.999575 -0.0124607 -0.0263417 -0.105632 0.0147416 0.995989 0.088249 -0.223873 0.0251364 -0.0885998 0.99575 0.347953 0 0 0 1 
26875431820059;0.444316;0.0198102;0.954754 -0.172454 0.24229 -0.47932 0.174216 0.984604 0.0143003 -0.660552 -0.241026 0.0285577 0.970098 0.774227 0 0 0 1 
26875431820060;0.410765;0.0337713;0.988746 0.0781285 0.127579 0.300359 -0.118855 0.92814 0.352746 0.235543 -0.0908515 -0.363939 0.926981 1.12037 0 0 0 1 
26875431820062;0.368904;0.0126157;0.953307 0.180434 0.242178 0.443747 -0.230115 0.953311 0.195562 0.510311 -0.195585 -0.24216 0.950318 0.392636 0 0 0 1 
26875431820063;0.231158;0.0116097;0.95662 -0.0739147 -0.281805 0.428489 0.113776 0.985252 0.127803 -0.605867 0.268203 -0.154322 0.950922 -1.11476 0 0 0 1 
26875431820064;0.204838;0.0147153;0.997701 -0.00626989 0.0674849 0.0775189 -0.00313278 0.990381 0.13833 0.265685 -0.0677031 -0.138223 0.988084 0.111013 0 0 0 1 
26875431820065;0.171053;0.0146991;0.99823 0.0548752 0.0229248 -0.0833744 -0.0540973 0.997981 -0.033275 -0.0328877 -0.0247045 0.031976 0.999183 0.0251922 0 0 0 1 
26875431820066;0.341828;0.0117586;0.885409 0.460629 -0.0622225 0.897352 -0.4582 0.887457 0.0497189 1.88853 0.0781218 -0.0155112 0.996823 -0.312543 0 0 0 1 
26875431820067;0.359104;0.0136416;0.999739 0.0104264 -0.0203502 -0.205366 -0.0103925 0.999944 0.00176882 0.367905 0.0203675 -0.00155687 0.999791 0.591638 0 0 0 1 
26875431820068;0.231956;0.0102004;0.999732 -0.0227681 0.00429156 0.0460839 0.0227459 0.999728 0.00514912 -0.118351 -0.00440763 -0.00505012 0.999978 0.525562 0 0 0 1 
26875431820069;0.168442;0.00830066;0.98463 -0.152955 0.0843107 0.0621893 0.155638 0.987467 -0.0261872 -0.759438 -0.0792486 0.0389067 0.996095 0.488288 0 0 0 1 
26875431820070;0.120851;0.0130303;0.987754 0.133505 -0.0807391 0.250974 -0.128424 0.989576 0.0651714 0.499936 0.0885982 -0.0540044 0.994602 -0.414423 0 0 0 1 
26875431820071;0.559761;0.00840551;0.940421 -0.339636 0.015981 0.993274 0.339538 0.940553 0.00853636 -1.29258 -0.0179302 -0.00260163 0.999836 0.421457 0 0 0 1 
26875431820072;0.11141;0.0106754;0.998637 -0.0519682 0.00474938 -0.158859 0.0521445 0.9973 -0.0516985 -0.314788 -0.00204988 0.0518757 0.998651 0.0119026 0 0 0 1 
26875431820073;0.298534;0.0073828;0.953343 -0.301886 -0.00158202 0.246443 0.301887 0.953296 0.00958396 -1.52139 -0.00138513 -0.00961439 0.999953 0.166534 0 0 0 1 
26875431820074;0.511902;0.0118336;0.944745 -0.238113 -0.225295 0.832977 0.187456 0.956254 -0.224587 -0.684101 0.268916 0.169944 0.948052 -1.67746 0 0 0 1 
26875431820075;0.368729;0.012731;0.937386 -0.23726 0.254982 -0.195055 0.158166 0.942229 0.295276 -1.14089 -0.310309 -0.236458 0.920758 1.49175 0 0 0 1 
26875431820076;0.104083;0.0101177;0.999355 -0.0293225 -0.0207295 -0.0137663 0.0275564 0.996343 -0.0808794 0.0798517 0.0230253 0.080256 0.996508 0.0245363 0 0 0 1 
26875431820077;0.334061;0.0103047;0.958512 0.28086 -0.0486964 0.466196 -0.276663 0.957769 0.0783348 1.29385 0.068641 -0.0616124 0.995737 -0.775475 0 0 0 1 
26875431820078;0.46154;0.0116268;0.965207 0.260157 0.0263566 -0.231921 -0.252742 0.954021 -0.161136 1.56891 -0.0670654 0.148868 0.98658 -0.0808222 0 0 0 1 
26875431820079;0.388175;0.012638;0.883905 -0.214744 0.415449 -0.234309 0.133814 0.967334 0.215311 -0.9168 -0.448114 -0.134722 0.883767 1.74775 0 0 0 1 
26875431820080;0.446652;0.0162058;0.968965 0.246524 0.0182447 0.234708 -0.246045 0.968935 -0.0250182 1.23699 -0.0238455 0.0197528 0.99952 -0.67451 0 0 0 1 
26875431820081;0.390076;0.0130131;0.917288 0.398216 -0.00274335 0.708535 -0.388115 0.892435 -0.230057 2.02092 -0.0891639 0.212093 0.973173 0.722638 0 0 0 1 
26875431820082;0.269988;0.0123524;0.991988 0.124692 -0.0202953 -0.111361 -0.120172 0.980915 0.152856 0.0794074 0.0389678 -0.149193 0.98804 -0.337164 0 0 0 1 
26875431820083;0.397996;0.00794833;0.917842 -0.328389 0.222995 0.428946 0.326236 0.944093 0.0475189 -1.53441 -0.226133 0.0291341 0.973661 1.38869 0 0 0 1 
26875431820084;0.431462;0.011661;0.98466 0.0924824 -0.147957 0.40726 -0.136353 0.936942 -0.321789 0.973286 0.108867 0.337027 0.935179 0.456675 0 0 0 1 
26875431820085;0.0561572;0.0112265;0.999289 -0.0373082 0.00538561 -0.0843877 0.0373153 0.999303 -0.00122702 -0.144448 -0.00533608 0.00142711 0.999985 0.0836261 0 0 0 1 
26875431820086;0.263745;0.0117893;0.97394 0.221827 0.0472598 0.336853 -0.223666 0.973926 0.0379603 0.600384 -0.037607 -0.0475414 0.998161 -0.03989 0 0 0 1 
26875431820087;0.254275;0.0106263;0.972742 -0.0880446 -0.214524 0.331633 0.127484 0.975815 0.177576 -0.807849 0.193701 -0.200084 0.960441 -1.16277 0 0 0 1 
26875431820088;0.2679;0.0126773;0.967 0.2545 -0.0118818 0.470027 -0.25473 0.966666 -0.025886 1.28508 0.0048978 0.0280584 0.999594 -0.250566 0 0 0 1 
26875431820089;0.093436;0.0175253;0.999273 0.033155 -0.0188155 0.083032 -0.0339706 0.998417 -0.0448245 0.343091 0.0172995 0.0454311 0.998818 0.0215397 0 0 0 1 
26875431820090;0.279476;0.0121964;0.999253 0.0378029 0.00808034 0.196011 -0.0375861 0.998968 -0.0254884 -0.244171 -0.00903554 0.0251657 0.999642 0.456004 0 0 0 1 
26875431820091;0.394578;0.0124343;0.993019 0.1174 0.0114459 0.247367 -0.117438 0.993076 0.00274439 0.507478 -0.0110444 -0.00406942 0.999931 -0.763987 0 0 0 1 
26875431820093;0.345934;0.0188709;0.932498 -0.313456 -0.179423 2.6457 0.306338 0.949574 -0.0668269 -1.15262 0.191323 0.0073518 0.9815 -0.643699 0 0 0 1 
26875431820094;0.529735;0.0112595;0.939913 0.282289 0.192033 -2.55512 -0.269055 0.958685 -0.0923705 1.90631 -0.210174 0.0351528 0.977032 0.613166 0 0 0 1 
26875431820095;0.39088;0.0157393;0.961592 -0.0136384 -0.274143 0.349569 0.00789755 0.999726 -0.0220341 -0.1543 0.274369 0.0190227 0.961436 -0.811012 0 0 0 1 
26875431820096;0.29099;0.271051;0.999376 0.0294606 -0.0194748 -0.16583 -0.0301215 0.998948 -0.0345635 0.192041 0.0184361 0.0351286 0.999213 -0.239295 0 0 0 1 
26875431820097;0.411668;0.0233895;0.959508 0.279436 0.0354991 -1.80353 -0.279047 0.960151 -0.0155784 2.38494 -0.0384377 0.00504166 0.999248 0.134672 0 0 0 1 
26875431820098;0.305728;0.0192765;0.963912 -0.200416 0.175236 0.978223 0.209361 0.977249 -0.0339461 -0.905919 -0.164446 0.0694086 0.983941 0.204492 0 0 0 1 
26875431820099;0.324227;0.312569;0.999218 -0.0391077 -0.00581622 0.333743 0.039141 0.999217 0.00572657 -0.0922772 0.00558771 -0.00594974 0.999967 -0.00465524 0 0 0 1 
26875431820100;0.476247;0.0227254;0.972775 -0.230978 -0.018944 1.92113 0.231271 0.972772 0.0150838 -0.49778 0.0149442 -0.0190544 0.999707 -0.565216 0 0 0 1 
26875431820101;0.325622;0.0189216;0.954781 0.253678 0.155052 -1.76384 -0.191675 0.923874 -0.331236 1.78292 -0.227276 0.286538 0.930721 -0.727558 0 0 0 1 
26875431820102;0.315339;0.0148814;0.975101 0.221722 0.00406938 -1.20313 -0.217959 0.961612 -0.166721 1.24118 -0.040879 0.161683 0.985996 -1.23607 0 0 0 1 
26875431820103;0.395286;0.0214928;0.997015 -0.0769163 0.00668042 0.312671 0.0769775 0.996988 -0.00944547 -0.315474 -0.00593379 0.00993152 0.999933 -0.78338 0 0 0 1 
26875431820104;0.491587;0.0300427;0.998913 0.0420643 0.0200805 0.392688 -0.0407944 0.997368 -0.0599331 0.601268 -0.0225487 0.0590488 0.998 -0.848258 0 0 0 1 
26875431820105;0.296198;0.0208997;0.990966 -0.0398717 0.128053 0.176291 0.0775788 0.949254 -0.304793 0.220309 -0.109402 0.311973 0.943771 -1.03844 0 0 0 1 
26875431820106;0.351999;0.0175379;0.953286 -0.290749 -0.0819151 1.94503 0.296682 0.952186 0.0729458 -1.69832 0.0567896 -0.0938409 0.993966 0.446561 0 0 0 1 
26875431820107;0.398745;0.300144;0.990587 0.126928 0.0512481 -1.14905 -0.121617 0.987919 -0.0960479 1.01046 -0.0628202 0.0889111 0.994057 -0.148116 0 0 0 1 
26875431820108;0.476963;0.026837;0.963459 0.256104 0.0784688 -1.7548 -0.260963 0.963515 0.0594737 2.32044 -0.0603744 -0.0777779 0.995141 1.07182 0 0 0 1 
26875431820109;0.419848;0.399633;0.99955 -0.0216654 -0.0207594 0.247878 0.0219712 0.999652 0.0146202 -0.057841 0.0204354 -0.0150698 0.999678 0.12944 0 0 0 1 
26875431820110;0.205033;0.0245784;0.996432 0.0182509 0.0824067 -0.0244828 -0.0116931 0.996777 -0.0793709 0.412803 -0.0835896 0.0781241 0.993433 -0.185429 0 0 0 1 
26875431820111;0.333895;0.0197876;0.986669 -0.162592 0.00691285 1.29941 0.162722 0.986291 -0.0274238 -0.581402 -0.00235918 0.0281831 0.9996 0.382681 0 0 0 1 
26875431820112;0.392948;0.386757;0.989187 -0.0977828 -0.109303 1.0339 0.102242 0.99411 0.0359484 -0.452415 0.105144 -0.046735 0.993358 -0.0639526 0 0 0 1 
26875431820113;0.35267;0.019709;0.943167 -0.163594 0.289263 0.874557 0.239426 0.938152 -0.250092 -0.426326 -0.230459 0.305135 0.924003 -0.765984 0 0 0 1 
26875431820114;0.433722;0.336487;0.995286 -0.068811 0.0683455 0.504208 0.0707908 0.997126 -0.0269777 -0.0271375 -0.0662928 0.0316888 0.997297 0.0421671 0 0 0 1 
26875431820115;0.334392;0.0270955;0.973996 -0.223007 0.04 1.92521 0.198567 0.92524 0.323269 -0.871871 -0.109101 -0.30692 0.945461 2.50043 0 0 0 1 
26875431820116;0.39563;0.0153468;0.953264 -0.252538 0.165867 2.36889 0.259381 0.965555 -0.0206147 -1.33244 -0.154947 0.062674 0.985933 0.481875 0 0 0 1 
26875431820117;0.505945;0.0124769;0.967744 0.251909 -0.0035574 -2.17007 -0.251735 0.966321 -0.0534127 0.90332 -0.0100176 0.0525853 0.998566 -0.525151 0 0 0 1 
26875431820118;0.542637;0.0189026;0.912022 0.191682 0.362593 -1.04002 -0.276056 0.940725 0.197053 0.818136 -0.303329 -0.279813 0.910877 3.27308 0 0 0 1 
26875431820119;0.33961;0.258047;0.9979 0.00993125 -0.0640109 0.0400242 -0.0110078 0.999803 -0.0164882 0.0166054 0.0638346 0.0171582 0.997813 -0.165422 0 0 0 1 
26875431820120;0.431883;0.0248987;0.987772 0.134965 -0.0780441 -0.162636 -0.0965008 0.92245 0.373863 0.420129 0.12245 -0.36176 0.924194 1.87883 0 0 0 1 
26875431820121;0.296141;0.0122497;0.935118 -0.351251 -0.0466511 2.72901 0.349893 0.936139 -0.0349016 -1.3896 0.0559311 0.0163142 0.998301 -0.581854 0 0 0 1 
26875431820122;0.699318;0.0210188;0.901786 0.0518862 0.429057 -1.188 -0.084069 0.994863 0.0563854 -0.142671 -0.423928 -0.086918 0.901516 3.22838 0 0 0 1 
26875431820124;0.463953;0.0305265;0.981341 0.0746397 -0.177196 -0.140109 -0.105438 0.979558 -0.171315 1.15102 0.160787 0.186802 0.96915 -3.17764 0 0 0 1 
26875431820125;0.172503;0.0311024;0.973523 0.225432 -0.0378698 -1.85564 -0.224532 0.974104 0.0265794 1.36145 0.0428809 -0.0173727 0.998929 -0.0721864 0 0 0 1 
26875431820126;0.469661;0.0239201;0.999921 -0.00662936 -0.010703 -0.412649 0.00604853 0.998554 -0.053418 0.469508 0.0110416 0.053349 0.998515 0.0612479 0 0 0 1 
26875431820127;0.198437;0.0370817;0.996762 -0.0800452 -0.00761541 0.655577 0.0800151 0.996785 -0.0041769 -0.0941169 0.00792527 0.00355403 0.999962 -0.0766611 0 0 0 1 
26875431820128;0.38452;0.0300044;0.94917 -0.314754 0.00265502 3.19961 0.314762 0.949163 -0.00377905 -0.941701 -0.00133057 0.00442266 0.999989 -0.449668 0 0 0 1 
26875431820129;0.474436;0.0378568;0.937984 -0.336279 0.0842807 3.41509 0.34444 0.931554 -0.11648 -1.19457 -0.0393423 0.138286 0.989611 -1.66344 0 0 0 1 
26875431820130;0.313572;0.0331161;0.994921 -0.100318 -0.00829813 0.828252 0.100088 0.994674 -0.0246231 -0.572798 0.0107241 0.0236675 0.999662 -0.83591 0 0 0 1 
26875431820131;0.549583;0.0210782;0.992035 0.122688 -0.0285428 -1.63279 -0.118724 0.98641 0.113576 0.44826 0.0420892 -0.109282 0.993119 1.5409 0 0 0 1 
26875431820132;0.557397;0.509635;0.998891 0.0465688 0.00689232 -0.402893 -0.0461003 0.9973 -0.0571563 0.282044 -0.00953542 0.0567752 0.998341 -0.274959 0 0 0 1 
26875431820133;0.523064;0.305422;0.997766 -0.0482497 0.0462036 0.41371 0.0391477 0.98273 0.180856 -0.57688 -0.0541319 -0.178643 0.982424 2.57071 0 0 0 1 
26875431820134;0.28355;0.0344916;0.980742 0.192187 0.0347762 -1.90664 -0.192119 0.981357 -0.00532221 1.40055 -0.0351508 -0.00146146 0.999381 -0.0448742 0 0 0 1 
26875431820135;0.398345;0.0257095;0.981434 -0.0408652 -0.187397 0.432513 0.0705949 0.985415 0.154831 -0.546613 0.178337 -0.165186 0.970005 1.16517 0 0 0 1 
26875431820136;0.188337;0.0381976;0.99659 0.0678905 0.0468918 -0.80784 -0.0669796 0.997539 -0.0207338 0.639111 -0.048184 0.0175223 0.998685 0.112916 0 0 0 1 
26875431820137;0.314888;0.0350713;0.935849 -0.0140782 0.352121 -0.11378 0.0392208 0.997155 -0.0643717 -0.201228 -0.350213 0.0740526 0.933738 1.34499 0 0 0 1 
26875431820138;0.521003;0.0207074;0.999772 0.0200974 0.0071533 -0.513073 -0.0200686 0.99979 -0.00407138 -0.355091 -0.00723362 0.00392689 0.999966 0.813116 0 0 0 1 
26875431820139;0.534563;0.0201782;0.963975 -0.214659 -0.15708 2.9432 0.194532 0.971692 -0.134062 -1.20314 0.181411 0.0986758 0.978444 -1.70094 0 0 0 1 
26875431820140;0.635129;0.0414935;0.930014 0.123727 -0.346071 0.370625 -0.11818 0.992296 0.0371738 1.22123 0.348004 0.00632653 0.937472 -1.65513 0 0 0 1 
26875431820141;0.451247;0.200615;0.993002 -0.117816 -0.00810705 1.10036 0.117995 0.987018 0.108958 -1.12998 -0.00483515 -0.109152 0.994013 1.40472 0 0 0 1 
26875431820142;0.45211;0.0349824;0.966178 0.0604561 -0.250691 -0.729185 -0.0849199 0.9925 -0.0879374 0.80774 0.243494 0.106252 0.964065 -1.7522 0 0 0 1 
26875431820143;0.371493;0.315576;0.998876 0.0124409 0.0457369 -0.164235 -0.0141213 0.99923 0.0366039 -0.0922125 -0.0452463 -0.0372086 0.998283 0.578891 0 0 0 1 
26875431820144;0.382734;0.0390068;0.974823 0.017097 0.222322 -0.267577 0.0610438 0.938502 -0.339833 0.892186 -0.21446 0.344849 0.91383 -1.94066 0 0 0 1 
26875431820145;0.502979;0.0418527;0.969421 0.240345 0.049569 -2.27345 -0.238867 0.970459 -0.0339481 2.04799 -0.0562639 0.0210696 0.998194 -0.499079 0 0 0 1 
26875431820146;0.275674;0.0293644;0.956398 0.290972 0.0252779 -2.17032 -0.292052 0.953666 0.0722952 1.97278 -0.0030708 -0.0765254 0.997063 0.542011 0 0 0 1 
26875431820147;0.238197;0.0243676;0.990743 0.045762 -0.127807 -0.000393551 -0.059839 0.992286 -0.10857 0.666546 0.121853 0.115213 0.985839 -1.50436 0 0 0 1 
26875431820148;0.24302;0.0247734;0.985506 -0.132663 0.10573 1.02262 0.149701 0.973271 -0.174162 -0.692073 -0.079799 0.187465 0.979024 -1.4087 0 0 0 1 
26875431820149;0.23664;0.0325633;0.943724 -0.322105 0.0750523 3.01601 0.327544 0.94168 -0.0771563 -1.24208 -0.0458229 0.0973972 0.99419 -0.623808 0 0 0 1 
26875431820150;0.324251;0.0192003;0.984861 -0.169751 -0.0351173 1.62371 0.165566 0.981166 -0.0995061 -0.814381 0.0513472 0.0921855 0.994417 -0.573949 0 0 0 1 
26875431820151;0.348638;0.0332328;0.959152 -0.181009 -0.217399 2.12772 0.231547 0.943831 0.23573 -1.24481 0.162519 -0.276439 0.94719 1.80194 0 0 0 1 
26875431820152;0.39459;0.0359979;0.993867 -0.0802979 0.0760299 0.402229 0.084915 0.994606 -0.0595753 -0.226043 -0.070836 0.065666 0.995324 -0.855542 0 0 0 1 
26875431820153;0.461448;0.0325991;0.961412 0.27128 -0.0457674 -2.01278 -0.269249 0.961972 0.0459914 1.60841 0.0565035 -0.0318938 0.997893 -0.744376 0 0 0 1 
26875431820155;0.281618;0.0142521;0.9975 0.0458811 -0.0537391 0.465891 -0.0467998 0.998777 -0.0159639 0.0917341 0.0529409 0.0184389 0.998427 -0.0525601 0 0 0 1 
26875431820156;0.544215;0.017394;0.980111 0.194744 -0.0381709 -0.078017 -0.194018 0.980753 0.0219107 0.164614 0.0417032 -0.0140691 0.999031 0.692246 0 0 0 1 
26875431820157;0.2633;0.0123098;0.982928 -0.183985 0.00161427 0.0818706 0.178641 0.952208 -0.247765 -0.116052 0.0440479 0.243824 0.968819 -0.0972497 0 0 0 1 
26875431820158;0.308459;0.222001;0.997426 0.070244 -0.0143822 0.088319 -0.0698451 0.997204 0.0265822 0.160217 0.0162093 -0.0255092 0.999543 0.115169 0 0 0 1 
26875431820159;0.600497;0.0164801;0.998064 0.0533209 0.0320076 0.750257 -0.048652 0.990028 -0.132199 0.0351721 -0.0387374 0.130386 0.990706 0.593471 0 0 0 1 
26875431820160;0.450407;0.275034;0.951304 -0.146092 0.271439 -0.0653135 0.166667 0.984521 -0.0542331 -0.309282 -0.259314 0.0968321 0.960927 0.625288 0 0 0 1 
26875431820161;0.500041;0.0156836;0.974338 -0.223059 -0.0301869 -0.262028 0.221403 0.973892 -0.050153 -0.578867 0.0405859 0.0421825 0.998285 0.510599 0 0 0 1 
26875431820162;0.266888;0.20463;0.999465 0.0176613 0.0275288 -0.0171197 -0.0168332 0.999407 -0.0300288 -0.000245303 -0.0280428 0.0295493 0.99917 0.148304 0 0 0 1 
26875431820163;0.112835;0.0110512;0.993167 -0.00582727 0.11656 -0.0113466 0.000616774 0.999001 0.0446887 -0.00184463 -0.116703 -0.0443114 0.992178 0.404995 0 0 0 1 
26875431820164;0.259006;0.0203514;0.982733 -0.183905 -0.020375 0.0309567 0.184362 0.982578 0.0234771 -0.651001 0.0157025 -0.0268281 0.999517 -0.236978 0 0 0 1 
26875431820165;0.440579;0.279489;0.986254 0.148846 -0.0717477 0.164122 -0.139972 0.983344 0.115944 0.291331 0.0878104 -0.104307 0.990661 -0.441551 0 0 0 1 
26875431820166;0.350624;0.314504;0.999247 -0.0210358 -0.0326072 -0.0129256 0.0204325 0.999616 -0.018727 0.00127255 0.0329886 0.0180466 0.999293 -0.0909179 0 0 0 1 
26875431820167;0.350308;0.0173109;0.978239 -0.191404 0.0800785 0.399656 0.203007 0.962695 -0.178902 -0.119024 -0.0428486 0.191266 0.980603 0.0653123 0 0 0 1 
26875431820168;0.226339;0.0215767;0.983835 -0.059998 -0.168725 0.33726 0.0516863 0.997244 -0.0532334 -0.265856 0.171454 0.0436521 0.984225 -0.41337 0 0 0 1 
26875431820169;0.436398;0.0117954;0.999028 -0.0436866 -0.00592991 0.250575 0.0437106 0.999036 0.00397336 0.247264 0.00575061 -0.0042287 0.999975 0.564265 0 0 0 1 
26875431820170;0.561995;0.0170176;0.975585 0.0332588 0.217091 -0.48446 -0.0147519 0.996158 -0.0863198 -0.457154 -0.219128 0.0810097 0.972327 0.0110917 0 0 0 1 
26875431820171;0.275385;0.00889328;0.997573 0.0663788 0.0210342 -0.0527702 -0.0666552 0.997695 0.012725 0.138332 -0.0201411 -0.0140961 0.999698 0.492188 0 0 0 1 
26875431820172;0.126727;0.0111171;0.999904 -0.00515427 0.0128601 -0.00394651 0.00624101 0.99628 -0.0859488 0.0239481 -0.0123693 0.0860208 0.996217 0.195262 0 0 0 1 
26875431820173;0.248339;0.00984482;0.98769 -0.109235 0.111967 -0.116628 0.105842 0.993737 0.0358335 0.0285692 -0.11518 -0.0235416 0.993066 0.357698 0 0 0 1 
26875431820174;0.442063;0.0155075;0.920058 -0.192627 0.341157 -0.31407 0.171914 0.980969 0.0902527 -0.664065 -0.35205 -0.024388 0.935664 0.651317 0 0 0 1 
26875431820175;0.573407;0.283072;0.958863 0.105271 -0.263628 0.684711 -0.167227 0.959919 -0.224922 0.792698 0.229384 0.259755 0.938035 -0.941173 0 0 0 1 
26875431820176;0.270556;0.0175394;0.991546 0.126623 -0.0283318 -0.319654 -0.129443 0.98041 -0.148458 0.308419 0.00897863 0.15087 0.988513 9.52042e-05 0 0 0 1 
26875431820177;0.516211;0.0169516;0.995019 0.0553939 -0.0828835 -0.463283 -0.0694892 0.981533 -0.178226 -0.27543 0.0714802 0.183098 0.980493 -0.0341826 0 0 0 1 
26875431820178;0.516876;0.229249;0.988848 -0.0993492 -0.110946 0.279135 0.113165 0.985542 0.126099 -0.443881 0.0968142 -0.137248 0.985794 0.409436 0 0 0 1 
26875431820179;0.506678;0.470314;0.998823 0.046228 0.0147142 -0.0741937 -0.04631 0.998913 0.00527997 0.111106 -0.0144542 -0.00595517 0.999878 -0.011344 0 0 0 1 
26875431820180;0.166082;0.014952;0.997445 -0.0116041 0.0704967 -0.192341 0.00514148 0.995822 0.0911719 0.0518222 -0.0712601 -0.0905765 0.993337 0.155616 0 0 0 1 
26875431820181;0.220973;0.158801;0.997431 -0.0663471 0.0269913 0.104705 0.0643203 0.995467 0.0700658 -0.274879 -0.0315176 -0.0681498 0.997177 0.156479 0 0 0 1 
26875431820182;0.311591;0.018434;0.999977 0.00661516 -0.00144541 0.473946 -0.00662915 0.999929 -0.00989814 0.0851478 0.00137983 0.00990749 0.99995 -0.0933818 0 0 0 1 
26875431820183;0.378261;0.237147;0.97956 0.18823 -0.0709387 0.00807061 -0.181826 0.979388 0.0879676 0.599878 0.0860347 -0.073271 0.993594 -0.280657 0 0 0 1 
26875431820184;0.707951;0.233253;0.989693 -0.13249 0.0543488 -0.0520645 0.134007 0.990658 -0.0252739 -0.326024 -0.0504926 0.0322965 0.998202 -0.747628 0 0 0 1 
26875431820186;0.0232744;0.0236803;0.999993 -0.00343095 0.00139579 -0.00205072 0.00342836 0.999992 0.0018498 -0.0606729 -0.00140213 -0.001845 0.999997 0.02654 0 0 0 1 
26875431820187;0.469951;0.0301145;0.997797 -0.0460545 0.0477403 0.11617 0.0458451 0.998934 0.00547354 0.0431824 -0.0479414 -0.00327283 0.998845 -0.722516 0 0 0 1 
26875431820188;0.333415;0.247785;0.999441 0.00729493 0.0326328 0.0536891 -0.00671367 0.999817 -0.0178865 0.16382 -0.0327573 0.0176574 0.999307 -0.0337477 0 0 0 1 
26875431820189;0.215891;0.0223142;0.999579 -0.0201322 0.0208887 0.0110846 0.0233246 0.98585 -0.165997 0.322814 -0.0172513 0.166415 0.985905 0.0807757 0 0 0 1 
26875431820190;0.353199;0.0280812;0.999273 -0.00475986 -0.0378293 0.127163 0.00487009 0.999984 0.00282226 -0.0685678 0.0378153 -0.00300444 0.99928 0.578238 0 0 0 1 
26875431820191;0.375035;0.03161;0.887695 0.105755 -0.448122 0.626599 -0.0638362 0.992134 0.107685 -0.0725872 0.455985 -0.0669846 0.887463 -0.449613 0 0 0 1 
26875431820192;0.269163;0.0300084;0.998886 -0.0320206 0.0346757 -0.153185 0.0325836 0.999344 -0.015796 0.34109 -0.0341472 0.0169082 0.999274 0.25217 0 0 0 1 
26875431820193;0.42369;0.0706237;0.922527 -0.149759 0.355692 -0.310723 0.232742 0.951072 -0.203207 -0.0972733 -0.307857 0.270248 0.912245 0.535689 0 0 0 1 
26875431820194;0.276623;0.244752;0.998831 0.0315862 0.0365908 -0.0107257 -0.0298682 0.998468 -0.0465834 0.182429 -0.0380061 0.0454361 0.998244 0.144728 0 0 0 1 
26875431820195;0.12753;0.0226828;0.997387 0.0720226 0.00570516 -0.179331 -0.0721132 0.997239 0.0177095 0.0542755 -0.00441393 -0.0180746 0.999827 -0.120423 0 0 0 1 
26875431820196;0.182656;0.0257701;0.998465 -0.0553824 0.000167659 -0.112257 0.0553513 0.997794 -0.0366583 -0.346539 0.00186294 0.0366113 0.999328 -0.124641 0 0 0 1 
26875431820197;0.141522;0.0245476;0.99925 0.0334928 -0.0194407 -0.246374 -0.0327965 0.998846 0.0350945 0.0476643 0.0205936 -0.0344306 0.999195 -0.0726307 0 0 0 1 
26875431820198;0.296595;0.206501;0.998486 -0.0392426 -0.0385399 0.151227 0.0382342 0.998916 -0.0265624 0.109145 0.0395405 0.0250487 0.998904 -0.193198 0 0 0 1 
26875431820199;0.374604;0.344963;0.99823 -0.0322744 -0.0499543 0.0965356 0.0339444 0.99888 0.032951 -0.0730177 0.0488349 -0.0345883 0.998208 0.0796172 0 0 0 1 
26875431820200;0.14975;0.0275934;0.998973 0.01605 -0.0423601 -0.208806 -0.0126938 0.996846 0.0783436 0.0497258 0.0434839 -0.0777254 0.996026 -0.00131636 0 0 0 1 
26875431820201;0.180431;0.0300293;0.995645 -0.040503 -0.0839686 0.335642 0.0415018 0.999087 0.0101834 -0.173439 0.0834794 -0.0136239 0.996416 -0.139638 0 0 0 1 
26875431820202;0.0568232;0.0276668;0.999519 -0.0297821 -0.00867635 -0.0191886 0.0292576 0.998039 -0.0553449 0.0111363 0.0103076 0.0550644 0.99843 -0.0312432 0 0 0 1 
26875431820203;0.370175;0.339151;0.999829 -0.016445 -0.00847359 -0.0152077 0.016684 0.999442 0.0289505 0.00367268 0.00799276 -0.0290869 0.999545 -0.0388774 0 0 0 1 
26875431820204;0.336699;0.306399;0.998725 0.0503125 -0.00420478 -0.0486677 -0.0504744 0.996916 -0.0600839 0.236421 0.00116884 0.0602195 0.998184 -0.00248332 0 0 0 1 
26875431820205;0.579018;0.174498;0.979282 0.0149235 0.201951 0.397841 -0.0306806 0.996702 0.0751205 -0.436047 -0.200164 -0.0797601 0.97651 -0.117333 0 0 0 1 
26875431820206;0.454909;0.0268096;0.946296 0.0329766 0.321616 -0.250192 0.0421606 0.973703 -0.223888 -0.0693677 -0.320541 0.225424 0.92002 1.06988 0 0 0 1 
26875431820207;0.201469;0.158512;0.999622 0.0254771 0.0103672 -0.0483549 -0.0258206 0.999072 0.0344619 -0.00486269 -0.00947959 -0.0347165 0.999352 0.107359 0 0 0 1 
26875431820208;0.418791;0.366871;0.999822 -0.0125379 0.0140765 -0.0901571 0.0118389 0.998744 0.0486921 -0.0511391 -0.0146693 -0.0485168 0.998715 -0.0479974 0 0 0 1 
26875431820209;0.261543;0.243825;0.999449 -0.033035 0.0031898 0.0194978 0.0330804 0.999333 -0.0154437 0.00462997 -0.00267749 0.0155407 0.999876 0.0254962 0 0 0 1 
26875431820210;0.579052;0.403521;0.999245 -0.0347256 0.0174329 -0.289383 0.0336219 0.997629 0.0600469 -0.234651 -0.0194768 -0.0594155 0.998043 -0.0289762 0 0 0 1 
26875431820211;0.254845;0.13812;0.998016 -0.0555262 -0.029667 0.140262 0.0544147 0.997831 -0.0370437 -0.128235 0.0316596 0.0353559 0.998873 0.196646 0 0 0 1 
26875431820212;0.320883;0.0300157;0.965482 -0.123114 0.229537 0.0206736 0.149143 0.98378 -0.0996665 -0.257882 -0.213543 0.13046 0.968184 0.721444 0 0 0 1 
26875431820213;0.233658;0.0261008;0.998755 -0.0494395 0.00665126 -0.105104 0.0498696 0.992835 -0.10859 -0.0252801 -0.00123498 0.108786 0.994064 -0.402111 0 0 0 1 
26875431820214;0.442932;0.0305636;0.982075 0.0386092 -0.184496 0.346326 -0.083023 0.967341 -0.239498 0.52432 0.169224 0.250523 0.953206 0.263538 0 0 0 1 
26875431820215;0.292551;0.188237;0.99656 0.0167061 0.0811788 0.206671 -0.0116508 0.997986 -0.0623537 -0.337171 -0.082057 0.0611934 0.994747 0.202312 0 0 0 1 
26875431820217;0.53888;0.00993259;0.944297 -0.26837 0.190477 1.05165 0.32014 0.883206 -0.342722 -0.701479 -0.0762536 0.384611 0.919924 -0.407613 0 0 0 1 
26875431820218;0.132212;0.0166156;0.99994 -0.00874426 -0.00665507 0.00059971 0.00858122 0.999672 -0.0241449 0.154891 0.00686401 0.0240864 0.999686 0.122745 0 0 0 1 
26875431820219;0.276971;0.00758909;0.991788 -0.0518366 0.116921 0.400994 0.0543383 0.998355 -0.0183089 -0.621573 -0.115779 0.0245119 0.992972 0.36503 0 0 0 1 
26875431820220;0.346183;0.327658;0.996947 0.0772517 0.0113385 -0.114608 -0.0774279 0.996869 0.0160256 0.223677 -0.010065 -0.0168546 0.999807 0.177403 0 0 0 1 
26875431820221;0.22686;0.0095038;0.999986 -0.00400412 0.00345179 0.422416 0.00398894 0.999982 0.00439212 -0.0346281 -0.00346932 -0.00437829 0.999984 -0.24666 0 0 0 1 
26875431820222;0.271182;0.242808;0.999071 0.0314389 0.0294819 -0.0778084 -0.0314162 0.999506 -0.00122988 0.1116 -0.029506 0.000302521 0.999565 0.155303 0 0 0 1 
26875431820223;0.173034;0.0147324;0.999963 -0.00749616 0.00425808 -0.155105 0.00747729 0.999962 0.00442971 -0.187324 -0.00429112 -0.00439771 0.999981 -0.252646 0 0 0 1 
26875431820224;0.421446;0.0127204;0.99588 0.0532462 0.0734059 -0.701059 -0.0583632 0.995879 0.0694219 -0.359119 -0.069407 -0.07342 0.994883 0.630583 0 0 0 1 
26875431820225;0.149136;0.0120052;0.984037 0.177691 -0.00987631 -0.132776 -0.176654 0.982004 0.0668015 0.769339 0.0215686 -0.0639904 0.997717 -0.0602379 0 0 0 1 
26875431820226;0.0692592;0.00661645;0.999405 -0.0339084 0.00631698 0.165339 0.03399 0.999334 -0.0132959 -0.12139 -0.00586193 0.0135027 0.999892 -0.0387389 0 0 0 1 
26875431820227;0.394953;0.268645;0.992719 0.0966919 0.0718332 -0.481189 -0.0995544 0.994329 0.0373905 0.253513 -0.0678105 -0.0442695 0.996716 -0.0508832 0 0 0 1 
26875431820228;0.385763;0.016104;0.999581 -0.0288757 0.0019928 -0.256366 0.028927 0.994217 -0.10342 0.632819 0.00100506 0.103435 0.994636 0.130818 0 0 0 1 
26875431820229;0.236316;0.0130119;0.979774 -0.101377 0.172528 0.17355 0.0986783 0.994826 0.0241721 -0.132155 -0.174086 -0.00665845 0.984708 0.817538 0 0 0 1 
26875431820230;0.353557;0.222355;0.979468 0.19293 0.0584851 -0.365885 -0.18828 0.979115 -0.0767163 1.06593 -0.0720645 0.0641296 0.995336 0.230479 0 0 0 1 
26875431820231;0.448584;0.00966277;0.999368 0.00401521 0.0353323 -0.250634 -0.00256312 0.999154 -0.0410479 0.280788 -0.0354672 0.0409314 0.998532 -0.774644 0 0 0 1 
26875431820232;0.290281;0.0164032;0.965006 -0.194833 0.175512 0.561924 0.13501 0.942924 0.304411 -0.640637 -0.224804 -0.270063 0.936232 1.25887 0 0 0 1 
26875431820233;0.217224;0.0116318;0.995924 -0.0785063 -0.0444188 0.56751 0.0780811 0.996884 -0.0112318 -0.322518 0.0451622 0.00771778 0.99895 -0.281232 0 0 0 1 
26875431820234;0.288361;0.0131966;0.984705 -0.163493 -0.060224 0.362556 0.168091 0.982403 0.0814228 -1.33869 0.0458522 -0.0903005 0.994858 -0.336394 0 0 0 1 
26875431820235;0.189456;0.0125563;0.977305 -0.152101 -0.147444 0.529096 0.156381 0.987536 0.0178197 -0.768648 0.142896 -0.0404728 0.98891 -0.671183 0 0 0 1 
26875431820236;0.315102;0.0105455;0.937563 0.234089 0.25725 -0.161889 -0.212839 0.971104 -0.107968 1.3045 -0.275091 0.0464741 0.960294 1.49414 0 0 0 1 
26875431820237;0.012092;0.0101736;0.999984 -0.00548964 0.00122561 0.0224494 0.00548794 0.999984 0.00138717 -0.054712 -0.00123321 -0.00138042 0.999998 0.0244206 0 0 0 1 
26875431820238;0.26454;0.00941523;0.953328 -0.278103 0.117577 0.52406 0.267826 0.958675 0.095977 -1.41057 -0.13941 -0.0600073 0.988415 0.933697 0 0 0 1 
26875431820239;0.246987;0.0137484;0.999369 0.0298301 0.0192617 -0.295036 -0.0315532 0.994841 0.0964106 -0.327142 -0.0162864 -0.0969575 0.995155 0.161436 0 0 0 1 
26875431820240;0.363487;0.149392;0.950697 0.269802 -0.152911 -0.166278 -0.254691 0.960585 0.111394 1.06981 0.176938 -0.0669571 0.981942 -0.975858 0 0 0 1 
26875431820241;0.468508;0.016193;0.893976 -0.448033 0.00856926 0.632194 0.447989 0.894015 0.00661412 -2.19642 -0.0106244 -0.00207393 0.999941 0.468433 0 0 0 1 
26875431820242;0.496458;0.0100382;0.961778 -0.210259 -0.175428 0.915592 0.264302 0.880328 0.393912 -2.01224 0.0716107 -0.425221 0.902252 -0.00684667 0 0 0 1 
26875431820243;0.419239;0.010708;0.908386 0.257877 0.329141 -0.390144 -0.213156 0.962803 -0.166057 1.34666 -0.35972 0.080685 0.929565 1.44212 0 0 0 1 
26875431820244;0.327061;0.0129145;0.999963 -0.00659457 0.00543589 -0.490873 0.00715946 0.993743 -0.111462 0.478988 -0.00466683 0.111497 0.993754 -0.000315477 0 0 0 1 
26875431820245;0.440644;0.0110166;0.91269 0.050823 0.405479 -0.383664 -0.0962621 0.991053 0.0924566 0.241701 -0.397152 -0.123417 0.909416 1.93226 0 0 0 1 
26875431820246;0.33651;0.00796473;0.988173 -0.0591202 0.141488 -0.0745266 0.0467475 0.994914 0.0892288 -0.644209 -0.146044 -0.0815593 0.98591 0.257963 0 0 0 1 
26875431820248;0.482971;0.0204939;0.93864 -0.0814726 -0.335139 0.83879 0.115114 0.989984 0.0817385 -0.374718 0.325122 -0.115302 0.938616 -2.33929 0 0 0 1 
26875431820249;0.481186;0.0162381;0.970927 -0.191991 -0.142969 0.349976 0.180905 0.979645 -0.0869978 -0.722244 0.156761 0.0586048 0.985896 0.288939 0 0 0 1 
26875431820250;0.362957;0.0250464;0.965889 0.226112 0.126221 0.15651 -0.210473 0.969441 -0.126037 1.5351 -0.150862 0.095172 0.983963 0.486454 0 0 0 1 
26875431820251;0.294996;0.0188051;0.99547 0.0945257 -0.0101852 0.632499 -0.0937222 0.993674 0.0618686 0.104016 0.015969 -0.0606337 0.998032 -0.303589 0 0 0 1 
26875431820252;0.28587;0.0154821;0.999671 -0.0256598 -1.02471e-05 0.306622 0.0256598 0.99967 0.00124513 -0.633059 -2.1706e-05 -0.00124498 0.999999 0.244855 0 0 0 1 
26875431820253;0.612372;0.020652;0.959156 0.0894982 -0.268348 1.15753 -0.0257922 0.972349 0.232105 -0.94445 0.281701 -0.215703 0.934942 -1.11793 0 0 0 1 
26875431820254;0.431445;0.364961;0.998816 0.0436385 0.0214801 -0.0664225 -0.0424334 0.997656 -0.0536773 0.310253 -0.0237721 0.0527023 0.998327 0.019735 0 0 0 1 
26875431820255;0.351175;0.0203573;0.999659 -0.0247563 0.00832139 -0.275265 0.0246896 0.999663 0.00802322 -0.00190142 -0.00851722 -0.00781503 0.999933 0.788391 0 0 0 1 
26875431820256;0.151421;0.0217224;0.982399 0.186755 -0.00389736 0.156274 -0.186786 0.982346 -0.010397 0.868079 0.00188685 0.010942 0.999938 0.00027003 0 0 0 1 
26875431820257;0.412483;0.0217073;0.986632 -0.154265 -0.0525396 -0.108909 0.159089 0.981638 0.105248 -1.63555 0.0353388 -0.112199 0.993057 -0.332383 0 0 0 1 
