#;prob_registration_l1 -r /home/probabilistic_point_clouds_registration/build/tester /home/point_clouds_registration_benchmark//devel/registration_pairs/wood_summer_local.txt /home/point_clouds_registration_benchmark//eth/wood_summer -s 0.2 -t 0.2 -p 0.3 -r 1000 -m 20 -i 40 
id;initial_error;final_error;transformation
2318808360000;0.0774618;0.0240584;0.998025 0.043033 0.0457597 -0.483477 -0.0429724 0.999074 -0.00230626 0.450281 -0.0458165 0.0003353 0.99895 0.333354 0 0 0 1 
2318808360001;0.306883;0.0279925;0.997372 0.0710066 -0.0143658 -0.162068 -0.0712215 0.997347 -0.0150419 0.59752 0.0132596 0.0160255 0.999784 -0.414453 0 0 0 1 
2318808360002;0.495258;0.34309;0.98743 -0.140431 -0.0725395 1.48322 0.142957 0.989247 0.0308692 -1.08826 0.0674245 -0.0408512 0.996888 0.432004 0 0 0 1 
2318808360003;0.524546;0.35709;0.997203 -0.0747367 0.000898269 0.55517 0.0745248 0.995147 0.0642458 -0.819572 -0.00569542 -0.0639991 0.997934 0.429059 0 0 0 1 
2318808360004;0.20511;0.0214726;0.997878 -0.0621727 0.0193458 0.599946 0.0621273 0.998064 0.00293723 -0.526471 -0.0194909 -0.0017291 0.999809 -0.220303 0 0 0 1 
2318808360005;0.440296;0.290576;0.998424 -0.0323174 -0.0458721 0.360783 0.0381479 0.990445 0.132525 -0.600282 0.0411509 -0.134066 0.990118 0.567077 0 0 0 1 
2318808360006;0.169359;0.0226798;0.996243 -0.083887 0.0214952 1.03304 0.0842828 0.996275 -0.01822 -0.443412 -0.0198867 0.0199633 0.999603 0.0775556 0 0 0 1 
2318808360007;0.299345;0.248505;0.998771 -0.0479332 0.0126124 0.411514 0.0475954 0.998532 0.0258376 -0.460836 -0.0138323 -0.0252055 0.999587 0.29008 0 0 0 1 
2318808360008;0.34518;0.260523;0.992614 0.0625793 0.103927 -0.845281 -0.068302 0.996285 0.0524478 0.342606 -0.100258 -0.0591589 0.993201 1.60537 0 0 0 1 
2318808360009;0.553788;0.455606;0.998254 0.0490122 0.0329561 -0.468562 -0.0486305 0.998741 -0.0122839 0.243962 -0.0335167 0.0106597 0.999381 0.242245 0 0 0 1 
2318808360010;0.296129;0.0144202;0.992426 -0.122844 0.000338132 1.19373 0.122736 0.991657 0.0394026 -1.23535 -0.0051757 -0.0390627 0.999223 0.00941087 0 0 0 1 
2318808360011;0.267088;0.0179777;0.974509 -0.188168 0.122166 2.12207 0.175364 0.978526 0.10832 -1.25582 -0.139925 -0.0841355 0.986581 2.30788 0 0 0 1 
2318808360012;0.117207;0.0254738;0.997107 -0.00117624 -0.0759993 0.0284138 0.00466627 0.998942 0.0457607 -0.175191 0.0758651 -0.0459829 0.996057 -0.26648 0 0 0 1 
2318808360013;0.297157;0.0149676;0.99701 -0.0493919 0.0594258 -0.0277104 0.0513821 0.998152 -0.0324398 -0.617454 -0.0577137 0.0353962 0.997705 -0.039032 0 0 0 1 
2318808360014;0.320442;0.0201965;0.99993 0.0100412 0.00631669 -0.0678471 -0.0100401 0.99995 -0.000220174 0.0928962 -0.00631859 0.000156739 0.99998 -0.606252 0 0 0 1 
2318808360015;0.329054;0.0238562;0.961734 0.244668 -0.123312 -2.12967 -0.257197 0.961323 -0.098531 2.51123 0.0944354 0.126476 0.987464 -2.51914 0 0 0 1 
2318808360016;0.335073;0.0142622;0.999385 0.0350578 -0.000196924 -0.264491 -0.0350566 0.999376 0.0043672 -0.0462343 0.000349905 -0.00435761 0.99999 -0.540987 0 0 0 1 
2318808360017;0.483715;0.0177103;0.972494 0.228037 -0.047477 -2.53888 -0.228318 0.973587 -0.000503204 1.80365 0.0461082 0.0113292 0.998872 0.232013 0 0 0 1 
2318808360018;0.313611;0.295822;0.998972 -0.0419959 -0.0170783 0.350079 0.0417938 0.999054 -0.0120252 -0.359368 0.0175671 0.0112991 0.999782 -0.214533 0 0 0 1 
2318808360019;0.502137;0.44217;0.999284 0.0269004 0.0265909 -0.330188 -0.0260961 0.999205 -0.0301466 0.0455632 -0.0273807 0.0294312 0.999192 -0.227707 0 0 0 1 
2318808360020;0.421809;0.0178071;0.965869 0.0268317 0.257639 -0.592324 -0.00396015 0.996034 -0.0888852 0.273963 -0.259002 0.0848311 0.962144 0.512598 0 0 0 1 
2318808360021;0.393879;0.0202208;0.910838 -0.291823 -0.291913 4.24602 0.199671 0.930473 -0.307165 -0.864683 0.361255 0.221491 0.905779 -4.98741 0 0 0 1 
2318808360022;0.404256;0.0269725;0.994939 0.0415103 -0.0915072 -0.343164 -0.0479078 0.996475 -0.0688623 1.1628 0.0883262 0.0728977 0.993421 -1.77334 0 0 0 1 
2318808360023;0.175152;0.0217143;0.979413 -0.189495 0.0695808 1.96086 0.192751 0.980285 -0.0434478 -1.28314 -0.0599759 0.0559651 0.99663 -0.0914813 0 0 0 1 
2318808360024;0.438639;0.021003;0.993388 0.013468 -0.11401 -0.842006 -0.0258708 0.993812 -0.108018 0.399473 0.111849 0.110253 0.98759 -2.09183 0 0 0 1 
2318808360025;0.493149;0.026563;0.985246 -0.170895 -0.0092512 1.71694 0.170552 0.984891 -0.0300219 -0.674835 0.014242 0.0280012 0.999506 0.334441 0 0 0 1 
2318808360026;0.26214;0.0186885;0.980844 0.0187471 -0.193889 -0.173321 -0.00628556 0.997886 0.0646878 -0.0598797 0.194692 -0.0622299 0.978888 -0.54598 0 0 0 1 
2318808360027;0.301824;0.0170664;0.970068 0.242655 -0.00931426 -2.26407 -0.236084 0.933433 -0.270124 3.00635 -0.0568527 0.264238 0.96278 -2.22265 0 0 0 1 
2318808360028;0.111442;0.0280578;0.999192 -0.0264228 -0.0302952 0.293519 0.0301734 0.990936 0.130904 -0.376902 0.0265617 -0.131712 0.990932 1.13155 0 0 0 1 
2318808360029;0.556383;0.0200971;0.994839 -0.0579088 -0.0833172 0.112846 0.0843964 0.92809 0.362666 -0.436605 0.0563243 -0.367826 0.928187 4.15929 0 0 0 1 
2318808360031;0.47988;0.350686;0.998476 0.04632 -0.0299971 -0.116736 -0.0456763 0.998718 0.0217977 0.475023 0.0309683 -0.0203943 0.999312 -0.180745 0 0 0 1 
2318808360032;0.536016;0.00734807;0.930855 0.0495268 -0.362018 0.659832 -0.152468 0.953042 -0.261658 2.7678 0.332059 0.298761 0.894695 -6.00529 0 0 0 1 
2318808360033;0.38485;0.00656875;0.988304 0.146961 0.0407062 -1.36179 -0.14666 0.989133 -0.0102804 1.21288 -0.0417747 0.00419014 0.999118 -0.378658 0 0 0 1 
2318808360034;0.495664;0.391524;0.99944 0.033475 0.000312193 -0.28008 -0.0334731 0.999428 -0.00472309 0.403071 -0.00047012 0.00471 0.999989 -0.493506 0 0 0 1 
2318808360035;0.329409;0.00925089;0.993509 0.104985 -0.043798 -0.812726 -0.105327 0.994422 -0.00556682 1.11416 0.0429693 0.0101438 0.999025 -1.01673 0 0 0 1 
2318808360036;0.430313;0.198867;0.97352 0.0838612 -0.212664 -0.0414392 -0.0865226 0.996245 -0.00322192 0.723377 0.211595 0.0215368 0.97712 -1.9332 0 0 0 1 
2318808360037;0.120765;0.00758408;0.99412 0.0139244 -0.107385 0.0063565 -0.0269418 0.992318 -0.120743 0.505367 0.104879 0.122926 0.986858 -2.15461 0 0 0 1 
2318808360038;0.516165;0.0107168;0.976213 -0.184871 0.113271 1.82074 0.182663 0.982728 0.0296566 -1.994 -0.116798 -0.00826065 0.993121 1.72634 0 0 0 1 
2318808360039;0.413132;0.012024;0.972657 -0.125941 0.195132 1.06616 0.119725 0.991859 0.0433776 -0.555555 -0.199006 -0.0188295 0.979817 2.30985 0 0 0 1 
2318808360040;0.306491;0.0127445;0.989729 0.117514 -0.0814092 -0.825031 -0.103942 0.982501 0.15456 0.854151 0.0981475 -0.14451 0.984624 0.349879 0 0 0 1 
2318808360041;0.475776;0.363796;0.996869 -0.067273 -0.0415583 0.704487 0.0669886 0.99772 -0.00819987 -0.360835 0.0420151 0.00539026 0.999102 0.00620483 0 0 0 1 
2318808360042;0.392346;0.0138445;0.994467 0.047423 0.093737 -0.593387 -0.0472305 0.998875 -0.0042727 0.422174 -0.0938342 -0.000178187 0.995588 1.53462 0 0 0 1 
2318808360043;0.212163;0.00868028;0.99176 0.0654574 -0.110125 -0.480719 -0.0371039 0.969533 0.242133 0.297997 0.12262 -0.236052 0.963973 1.62558 0 0 0 1 
2318808360044;0.216595;0.00851409;0.988987 0.117677 -0.0897574 -1.36672 -0.111441 0.991189 0.0715899 0.684812 0.097391 -0.0607988 0.993387 -0.00457118 0 0 0 1 
2318808360045;0.469606;0.233099;0.955164 0.169463 -0.242785 -1.15671 -0.242313 0.918624 -0.312112 3.66979 0.170137 0.356948 0.9185 -4.76215 0 0 0 1 
2318808360046;0.276896;0.00457155;0.999093 0.0187261 0.0382492 -0.032517 -0.018463 0.999803 -0.00722204 -0.314651 -0.0383769 0.00650929 0.999242 0.0758586 0 0 0 1 
2318808360047;0.219223;0.0132569;0.964169 -0.135272 -0.228209 2.01304 0.130105 0.990787 -0.0376103 -0.789305 0.231194 0.00657172 0.972886 -2.0227 0 0 0 1 
2318808360048;0.2746;0.00985939;0.948307 -0.0238861 0.316453 0.181357 0.00253651 0.997702 0.0677062 -0.00315092 -0.317344 -0.0634036 0.946189 3.33267 0 0 0 1 
2318808360049;0.475244;0.379413;0.998105 -0.046964 -0.039764 0.631369 0.04752 0.998784 0.0131534 -0.389292 0.0390979 -0.015018 0.999123 -0.313498 0 0 0 1 
2318808360050;0.266943;0.00953769;0.953381 -0.301689 -0.00693767 3.71218 0.301726 0.953381 0.00517506 -2.0683 0.00505299 -0.00702708 0.999963 -0.157031 0 0 0 1 
2318808360051;0.316495;0.0113773;0.975753 -0.0556327 0.211686 0.580217 0.0258401 0.989674 0.140985 -0.38987 -0.217344 -0.132097 0.967115 3.76669 0 0 0 1 
2318808360052;0.442125;0.368354;0.994928 0.0798126 0.0612232 -0.784169 -0.077248 0.996077 -0.0431742 0.8091 -0.0644288 0.0382258 0.99719 0.300525 0 0 0 1 
2318808360053;0.502153;0.0108514;0.99935 -0.0332838 0.0138533 1.07139 0.0312152 0.9911 0.129405 -0.447311 -0.0180372 -0.128889 0.991495 2.23823 0 0 0 1 
2318808360054;0.189299;0.014705;0.967315 -0.253109 -0.0153796 3.05667 0.250992 0.964331 -0.0840761 -1.62769 0.0361115 0.077468 0.996341 -1.17525 0 0 0 1 
2318808360055;0.56348;0.0137643;0.952739 0.139253 -0.269995 -0.163765 -0.170937 0.980445 -0.0975142 2.38153 0.251136 0.139058 0.957911 -3.55199 0 0 0 1 
2318808360056;0.0419399;0.00479565;0.998706 0.0481691 -0.0163158 -0.488625 -0.0480768 0.998826 0.00599854 0.384503 0.0165856 -0.00520636 0.999849 -0.0693444 0 0 0 1 
2318808360057;0.467263;0.00515326;0.997727 -0.0673845 0.00078186 0.870719 0.0673785 0.997299 -0.0292537 -1.26721 0.0011915 0.0292399 0.999572 -0.824293 0 0 0 1 
2318808360058;0.291617;0.0192325;0.999951 0.00662291 0.00735746 -0.0263183 -0.00758644 0.990155 0.139772 0.501704 -0.00635933 -0.139821 0.990156 1.81405 0 0 0 1 
2318808360059;0.25976;0.0142471;0.976166 0.0255366 -0.215517 0.369831 -0.0415754 0.996665 -0.0702176 0.466396 0.213005 0.0775043 0.973972 -2.30998 0 0 0 1 
2318808360060;0.11731;0.00539678;0.991783 0.0995248 0.08038 -1.14209 -0.0954556 0.994023 -0.0529808 0.961796 -0.0851724 0.0448727 0.995355 0.222309 0 0 0 1 
2318808360062;0.468711;0.250583;0.98804 0.126091 -0.0887603 -0.513023 -0.115872 0.986912 0.11215 0.53773 0.10174 -0.100524 0.989719 0.171109 0 0 0 1 
2318808360063;0.468392;0.0147238;0.992664 -0.119877 0.0157552 -0.416481 0.117459 0.987026 0.109465 -1.14097 -0.0286731 -0.106811 0.993866 -0.0423432 0 0 0 1 
2318808360064;0.317402;0.00639468;0.946246 0.323298 0.00981419 -0.55383 -0.323212 0.94628 -0.00939992 2.00505 -0.0123259 0.00572257 0.999908 -0.331748 0 0 0 1 
2318808360065;0.263432;0.00919974;0.973333 -0.217242 0.0736857 0.750538 0.208905 0.972116 0.106535 -1.50751 -0.0947749 -0.0883009 0.991575 1.04944 0 0 0 1 
2318808360066;0.238324;0.0143919;0.999448 -0.0332241 0.000482243 -0.358988 0.0332138 0.999345 0.0143673 -0.410773 -0.000959268 -0.0143434 0.999897 0.155974 0 0 0 1 
2318808360067;0.429905;0.0132258;0.993433 0.0948958 -0.0639195 0.726643 -0.0909567 0.993926 0.061952 0.566775 0.0694102 -0.0557313 0.99603 -0.521446 0 0 0 1 
2318808360068;0.55967;0.461854;0.996894 -0.0340271 -0.0710286 0.263997 0.0361278 0.998941 0.0285034 -0.349076 0.0699835 -0.030981 0.997067 -0.438312 0 0 0 1 
2318808360069;0.324897;0.00896082;0.997548 0.0644619 0.0272553 0.189719 -0.0648537 0.9978 0.0137466 0.117833 -0.0263092 -0.0154805 0.999534 -0.393281 0 0 0 1 
2318808360070;0.327797;0.00962703;0.995827 0.0565357 0.0716411 0.483432 -0.0525614 0.997035 -0.0561971 0.308691 -0.0746058 0.052197 0.995846 0.0828868 0 0 0 1 
2318808360071;0.127608;0.0106309;0.989348 0.121276 0.0805171 -0.430194 -0.121857 0.992545 0.00231668 0.756059 -0.0796359 -0.0121035 0.996751 0.444822 0 0 0 1 
2318808360072;0.27755;0.00959216;0.963687 -0.260508 -0.0586768 0.711204 0.260297 0.965462 -0.0113329 -1.14485 0.0596025 -0.00435204 0.998213 -0.525609 0 0 0 1 
2318808360073;0.377754;0.0101102;0.99243 -0.0652739 0.104027 0.00179614 0.0818558 0.983044 -0.164083 0.0331643 -0.0915528 0.171356 0.980946 -0.676202 0 0 0 1 
2318808360074;0.367604;0.324676;0.994741 -0.101829 -0.011025 0.448333 0.101685 0.994733 -0.0128799 -0.854951 0.0122785 0.0116911 0.999856 0.00412085 0 0 0 1 
2318808360075;0.223733;0.01249;0.964373 -0.01602 0.264061 0.0667155 0.0137252 0.99985 0.0105335 -0.271004 -0.26419 -0.00653392 0.964449 1.6236 0 0 0 1 
2318808360076;0.344651;0.0109666;0.993272 -0.114962 -0.0139118 0.847536 0.114968 0.964614 0.237281 -0.824433 -0.0138588 -0.237284 0.971341 1.24239 0 0 0 1 
2318808360077;0.167206;0.0185596;0.995134 0.028508 0.0943128 -0.015453 -0.0311634 0.999155 0.0268026 0.41725 -0.093469 -0.0296113 0.995182 0.519677 0 0 0 1 
2318808360078;0.455663;0.362421;0.997745 0.0559154 0.037138 -0.49401 -0.0567268 0.998165 0.0211644 0.167217 -0.0358865 -0.0232234 0.999086 -0.272059 0 0 0 1 
2318808360079;0.349782;0.0111797;0.990511 0.0792185 0.112304 -0.212158 -0.0950318 0.985109 0.143283 0.495388 -0.0992808 -0.152596 0.983289 1.73781 0 0 0 1 
2318808360080;0.31557;0.196672;0.995084 0.0317973 -0.0937897 -0.0294491 -0.018647 0.990272 0.13789 -0.0845444 0.0972619 -0.135463 0.985997 -0.143706 0 0 0 1 
2318808360081;0.265138;0.00924392;0.993857 0.0770164 -0.0794749 -0.0809148 -0.0942441 0.965444 -0.242971 1.14953 0.0580158 0.248969 0.966772 -0.784046 0 0 0 1 
2318808360082;0.291619;0.180958;0.989413 0.123866 -0.0756201 -0.149419 -0.133814 0.980337 -0.145029 0.902688 0.0561691 0.153612 0.986533 -0.716239 0 0 0 1 
2318808360083;0.406111;0.0092261;0.989031 -0.146785 0.0164643 -0.0218205 0.145183 0.986593 0.074537 -0.940929 -0.0271845 -0.0713291 0.997082 -0.371725 0 0 0 1 
2318808360084;0.25521;0.205247;0.997841 0.0610403 0.024244 0.0123979 -0.0577045 0.991067 -0.120239 0.334918 -0.0313669 0.11858 0.992449 -0.208166 0 0 0 1 
2318808360085;0.097134;0.0113967;0.999227 -0.0122668 0.0373567 -0.0390248 0.0113459 0.999629 0.0247628 -0.0255222 -0.0376466 -0.0243198 0.998995 0.464692 0 0 0 1 
2318808360086;0.630308;0.589009;0.999264 0.0053761 -0.0379892 -0.00520572 -0.00370799 0.999031 0.0438448 -0.0833616 0.0381881 -0.0436717 0.998316 -0.136539 0 0 0 1 
2318808360087;0.164964;0.0111786;0.988452 0.147339 0.0354068 -0.342897 -0.142909 0.984095 -0.105521 1.09928 -0.050391 0.0992425 0.993787 0.00190118 0 0 0 1 
2318808360088;0.426784;0.37531;0.999053 0.0244796 0.0359722 -0.0310301 -0.0236976 0.999477 -0.0220092 0.0841375 -0.0364921 0.0211359 0.99911 0.305611 0 0 0 1 
2318808360089;0.0156956;0.0111422;0.999816 -0.0172363 -0.00837208 0.0687111 0.0173784 0.999701 0.0172065 -0.130218 0.008073 -0.0173488 0.999817 -0.00788307 0 0 0 1 
2318808360090;0.105965;0.0088065;0.999881 0.00795383 -0.0132443 -0.163353 -0.00810242 0.999904 -0.0112037 0.204334 0.0131539 0.0113097 0.99985 -0.0270493 0 0 0 1 
2318808360091;0.471367;0.352166;0.995533 -0.0263062 -0.0906728 -0.0519391 0.0193536 0.996865 -0.0767214 0.314034 0.0924067 0.0746239 0.992921 -0.674985 0 0 0 1 
2318808360093;0.358587;0.00817158;0.994603 0.093743 0.0444747 -0.120103 -0.0944817 0.995417 0.0148033 0.945245 -0.0428831 -0.0189255 0.998901 -0.513429 0 0 0 1 
2318808360094;0.104341;0.0125972;0.997003 0.0772063 0.00494361 0.119351 -0.0770132 0.99653 -0.0315706 0.318667 -0.00736391 0.0310953 0.999489 0.137414 0 0 0 1 
2318808360095;0.369651;0.0126881;0.954623 -0.297663 -0.00957569 0.492818 0.29732 0.954393 -0.0271104 -1.27276 0.0172088 0.0230332 0.999587 -0.744281 0 0 0 1 
2318808360096;0.316121;0.00868161;0.999562 0.0293687 -0.00358884 0.687121 -0.0293196 0.999485 0.0130357 0.292549 0.00396984 -0.0129247 0.999909 0.361618 0 0 0 1 
2318808360097;0.369151;0.00856662;0.916813 0.278924 0.285753 0.123695 -0.268081 0.960296 -0.0772335 1.07806 -0.29595 -0.00579626 0.955186 1.06488 0 0 0 1 
2318808360098;0.287285;0.00719296;0.952423 -0.304509 0.0128517 0.142872 0.303647 0.951671 0.0460443 -1.5892 -0.0262515 -0.0399512 0.998857 -0.143217 0 0 0 1 
2318808360099;0.367143;0.0161587;0.933095 -0.359341 0.014407 0.532942 0.359451 0.933145 -0.00589017 -2.28124 -0.0113273 0.0106747 0.999879 -0.207658 0 0 0 1 
2318808360100;0.403666;0.00753144;0.989356 -0.137973 -0.0462432 0.991462 0.1416 0.986054 0.0874467 -0.679456 0.033533 -0.0930639 0.995095 -0.566827 0 0 0 1 
2318808360101;0.302239;0.0108008;0.9446 -0.16329 0.284723 -0.204172 0.174544 0.984544 -0.0144263 -0.893408 -0.277967 0.0633238 0.958501 1.43571 0 0 0 1 
2318808360102;0.281834;0.00837005;0.98791 0.153473 -0.021916 0.172992 -0.141922 0.952188 0.270548 0.140578 0.06239 -0.264166 0.962457 -0.367296 0 0 0 1 
2318808360103;0.378578;0.211831;0.983681 0.0926997 -0.1542 0.358598 -0.0787119 0.99241 0.094479 0.305421 0.161788 -0.0807998 0.983512 -0.832089 0 0 0 1 
2318808360104;0.557659;0.358423;0.996971 -0.0651397 0.0425029 -0.368628 0.0666902 0.997119 -0.0361405 -0.151843 -0.0400262 0.0388655 0.998442 -0.304205 0 0 0 1 
2318808360105;0.460355;0.308243;0.995489 -0.0892115 0.0322894 -0.137101 0.0888014 0.995952 0.0139226 -0.48263 -0.0334008 -0.0109924 0.999382 -0.324133 0 0 0 1 
2318808360106;0.53681;0.0116705;0.921534 -0.077569 -0.380471 1.44491 0.0717807 0.996987 -0.029403 0.416651 0.381606 -0.000214692 0.924325 -1.55488 0 0 0 1 
2318808360107;0.116161;0.00854444;0.993845 -0.0177489 0.109349 -0.0407483 0.0278442 0.995416 -0.0914991 -0.0553624 -0.107224 0.0939806 0.989783 0.64659 0 0 0 1 
2318808360108;0.426496;0.00628737;0.972833 0.231503 0.00175537 0.752045 -0.231325 0.972334 -0.0324802 1.175 -0.00922606 0.0311917 0.999471 -0.60529 0 0 0 1 
2318808360109;0.361092;0.0104402;0.990275 0.137952 0.0180081 -0.809021 -0.137134 0.989716 -0.040703 1.06137 -0.023438 0.0378377 0.999009 -0.0783031 0 0 0 1 
2318808360110;0.188673;0.0139754;0.989654 -0.0304186 -0.140215 0.471541 0.0188405 0.996357 -0.0831738 0.190438 0.142234 0.0796715 0.986621 -0.822107 0 0 0 1 
2318808360111;0.302097;0.00809255;0.977282 0.178852 -0.113722 -0.373804 -0.145686 0.956579 0.252453 0.606885 0.153935 -0.23015 0.960903 -0.5952 0 0 0 1 
2318808360112;0.226828;0.0123572;0.960365 -0.259604 -0.101511 0.543101 0.26327 0.964415 0.0243242 -1.29042 0.0915842 -0.0500849 0.994537 -0.398541 0 0 0 1 
2318808360113;0.311079;0.284417;0.998887 -0.0126585 -0.045445 0.0169672 0.0121286 0.999855 -0.011916 -0.0255014 0.0455893 0.0113516 0.998896 -0.161282 0 0 0 1 
2318808360114;0.267587;0.00574318;0.990784 -0.0504018 0.125721 -0.0291906 0.0494266 0.998719 0.0108659 0.0596101 -0.126107 -0.0045518 0.992006 1.19355 0 0 0 1 
2318808360115;0.283003;0.0101674;0.99487 -0.10112 -0.00295457 -0.0355293 0.0976215 0.951972 0.290207 -0.896486 -0.026533 -0.289007 0.956959 0.706334 0 0 0 1 
2318808360116;0.15967;0.00712386;0.99999 0.00119633 0.00431985 0.220433 -0.00120093 0.999999 0.00106247 0.0117204 -0.00431858 -0.00106764 0.99999 -0.304338 0 0 0 1 
2318808360117;0.274094;0.0144575;0.965968 0.166288 -0.198129 0.583555 -0.199967 0.965942 -0.164222 1.26476 0.164073 0.198253 0.966321 -0.969059 0 0 0 1 
2318808360118;0.309171;0.0100691;0.995928 -0.0598697 0.0674094 0.214353 0.0668662 0.992026 -0.106834 -0.032671 -0.0604758 0.110907 0.991989 0.959367 0 0 0 1 
2318808360119;0.136528;0.006303;0.999567 0.00413153 -0.0291348 0.0199155 0.0011879 0.983622 0.18024 -0.212895 0.0294023 -0.180197 0.983191 0.107076 0 0 0 1 
2318808360120;0.394337;0.0122798;0.964384 -0.264507 7.97478e-05 0.401403 0.264484 0.964295 -0.0135319 -1.26797 0.00350239 0.0130711 0.999908 -0.817062 0 0 0 1 
2318808360121;0.407083;0.320025;0.997066 -0.0620114 0.0448689 -0.153749 0.0621672 0.998064 -0.00208282 -0.375166 -0.0446528 0.00486608 0.998991 -0.0753322 0 0 0 1 
2318808360122;0.325576;0.0107148;0.962221 0.020619 -0.271489 0.871546 -0.0064673 0.998578 0.0529183 -0.0685496 0.272194 -0.0491632 0.960986 -0.99092 0 0 0 1 
2318808360124;0.330187;0.0200397;0.953301 -0.162205 0.254766 1.63095 0.114641 0.974748 0.191634 -1.10482 -0.279417 -0.153478 0.947824 3.41193 0 0 0 1 
2318808360125;0.152771;0.0267386;0.98933 -0.14567 -0.00240329 1.47042 0.14569 0.989183 0.0170657 -1.21149 -0.000108683 -0.0172338 0.999851 0.266954 0 0 0 1 
2318808360126;0.0910746;0.0235374;0.998214 0.00646296 -0.0593826 -0.132453 -0.00832562 0.999479 -0.0311733 0.175101 0.0591502 0.0316121 0.997748 -0.806452 0 0 0 1 
2318808360127;0.146509;0.0208843;0.992825 -0.109436 0.048191 1.04548 0.107392 0.99328 0.0431488 -0.839693 -0.0525892 -0.0376639 0.997906 0.968424 0 0 0 1 
2318808360128;0.288596;0.0299086;0.941241 0.134914 -0.309618 -0.492127 -0.160617 0.985254 -0.0589566 1.41896 0.297098 0.105222 0.949032 -3.27206 0 0 0 1 
2318808360129;0.489639;0.021899;0.979308 -0.13359 -0.152018 2.11487 0.0631911 0.915463 -0.39741 1.19416 0.192257 0.37958 0.904962 -5.27784 0 0 0 1 
2318808360130;0.532869;0.303038;0.995397 -0.0455634 0.0843101 -0.0295299 0.0397617 0.996806 0.0692593 -0.38908 -0.0871965 -0.0655882 0.99403 1.53043 0 0 0 1 
2318808360131;0.255773;0.0117706;0.998387 -0.00980222 0.0559222 -0.08283 0.00462309 0.995748 0.0920013 -0.157269 -0.0565862 -0.0915943 0.994187 0.852712 0 0 0 1 
2318808360132;0.368015;0.335558;0.99765 0.0490887 0.0477902 -0.720884 -0.0467032 0.997666 -0.0498149 0.379111 -0.050124 0.0474659 0.997614 -0.109364 0 0 0 1 
2318808360133;0.203483;0.0218678;0.987141 0.132589 -0.0892895 -1.09113 -0.116965 0.979849 0.161911 0.826349 0.108958 -0.149385 0.982758 0.50154 0 0 0 1 
2318808360134;0.215895;0.0175597;0.997512 -0.0180859 -0.0681418 0.572407 0.0155733 0.999186 -0.0372258 -0.216708 0.0687595 0.036072 0.996981 -0.702978 0 0 0 1 
2318808360135;0.357096;0.0271269;0.956758 0.0905443 -0.276433 -0.0948949 -0.095909 0.995372 -0.00591991 1.06706 0.274618 0.0321763 0.961015 -2.11344 0 0 0 1 
2318808360136;0.39267;0.0144083;0.989984 -0.0921034 0.106997 0.906259 0.106496 0.984734 -0.137689 -0.0723218 -0.0926823 0.147705 0.984679 -0.22355 0 0 0 1 
2318808360137;0.205186;0.0192084;0.982262 -0.0131945 -0.187047 0.642288 0.0187759 0.999429 0.0280995 -0.206787 0.186569 -0.0311131 0.981949 -1.14439 0 0 0 1 
2318808360138;0.524941;0.025256;0.984895 -0.164957 0.0526381 1.36968 0.164591 0.986298 0.0112416 -1.39073 -0.0537712 -0.00240806 0.99855 -0.514587 0 0 0 1 
2318808360139;0.224459;0.0202101;0.99194 0.120117 -0.0403333 -1.13643 -0.126207 0.964906 -0.230279 1.72393 0.0112573 0.233514 0.972288 -2.36242 0 0 0 1 
2318808360140;0.242736;0.0186325;0.992091 0.0652806 0.107212 -0.787261 -0.0553327 0.994101 -0.0932781 0.721489 -0.112669 0.086608 0.989851 -0.371756 0 0 0 1 
2318808360141;0.27546;0.0220901;0.966706 0.244083 0.0768297 -2.06368 -0.239839 0.968928 -0.0604598 2.29114 -0.0891996 0.0400201 0.995209 0.028899 0 0 0 1 
2318808360142;0.19755;0.0255757;0.993613 -0.103152 0.045756 0.914492 0.102889 0.99466 0.00807358 -0.602818 -0.0463444 -0.00331422 0.99892 0.0748757 0 0 0 1 
2318808360143;0.359468;0.026511;0.972683 -0.0711147 -0.220977 1.03413 0.0756987 0.997054 0.0123346 -0.6502 0.219448 -0.0287252 0.975201 -0.778385 0 0 0 1 
2318808360144;0.260225;0.0160337;0.982631 -0.178161 0.0519044 1.6133 0.183417 0.974942 -0.125885 -0.930318 -0.0281759 0.133219 0.990686 -1.37849 0 0 0 1 
2318808360145;0.465801;0.0216742;0.907564 -0.229423 0.351698 2.61584 0.247823 0.968776 -0.00754936 -1.57358 -0.338985 0.0940103 0.936083 2.35035 0 0 0 1 
2318808360146;0.208847;0.0208087;0.984052 -0.177849 -0.00330406 1.84181 0.172124 0.956731 -0.234605 -0.575971 0.0448855 0.230295 0.972085 -2.69461 0 0 0 1 
2318808360147;0.522631;0.0230511;0.947483 0.258648 0.188087 -2.76001 -0.227877 0.958666 -0.170386 2.50515 -0.224382 0.118577 0.96726 -0.189218 0 0 0 1 
2318808360148;0.348601;0.178457;0.994336 0.0833188 0.0659882 -0.985517 -0.0874783 0.99418 0.0628725 0.484783 -0.0603657 -0.0682889 0.995838 1.46312 0 0 0 1 
2318808360149;0.220362;0.0247121;0.985822 0.165981 -0.0246125 -1.60443 -0.166732 0.985467 -0.0324763 1.51878 0.0188644 0.0361196 0.999169 -0.832678 0 0 0 1 
2318808360150;0.310305;0.0236551;0.997145 0.065972 0.0367447 -1.00185 -0.0678605 0.996298 0.0527678 0.530766 -0.0331275 -0.0551106 0.997931 0.260034 0 0 0 1 
2318808360151;0.0639999;0.0193305;0.999111 0.0270072 -0.0323748 -0.213258 -0.0257254 0.998893 0.0393778 0.137579 0.0334024 -0.0385099 0.9987 0.178118 0 0 0 1 
2318808360152;0.508923;0.285163;0.998732 0.0503349 -0.000811639 -0.163574 -0.0503339 0.998176 -0.0333221 0.305614 -0.000867103 0.0333207 0.999444 0.196288 0 0 0 1 
2318808360153;0.520442;0.302287;0.998844 0.0466501 -0.0116212 -0.602501 -0.0470434 0.998235 -0.0362392 0.311187 0.0099101 0.036744 0.999276 0.117893 0 0 0 1 
2318808360155;0.242296;0.0221669;0.96936 -0.000621444 0.245643 0.216692 0.0463014 0.982534 -0.18023 -0.0497201 -0.241241 0.186081 0.952458 -0.0169778 0 0 0 1 
2318808360156;0.545461;0.0390281;0.959626 -0.24081 0.145356 2.45555 0.225291 0.967434 0.115395 -1.97775 -0.168411 -0.0779882 0.982627 1.12811 0 0 0 1 
2318808360157;0.417219;0.0325253;0.956485 -0.216838 -0.195236 2.53986 0.16346 0.952474 -0.25705 -0.0272881 0.241696 0.213951 0.946471 -3.51796 0 0 0 1 
2318808360158;0.428586;0.323457;0.985232 0.0634991 -0.159017 -0.199276 -0.0756302 0.994574 -0.0714309 0.550557 0.153618 0.0824025 0.984688 -1.54002 0 0 0 1 
2318808360159;0.360686;0.029995;0.950453 -0.163951 0.26412 1.76836 0.250165 0.907754 -0.33675 -0.55417 -0.184545 0.386139 0.903792 -2.23144 0 0 0 1 
2318808360160;0.334724;0.025623;0.927453 0.0564275 0.369657 -0.550914 -0.0317767 0.996866 -0.0724436 0.327783 -0.372587 0.0554415 0.92634 2.33897 0 0 0 1 
2318808360161;0.319806;0.275974;0.997669 0.0535152 0.0423341 -0.689667 -0.0542805 0.998379 0.017139 0.089057 -0.0413482 -0.0193969 0.998956 0.377835 0 0 0 1 
2318808360162;0.00881013;0.0247608;0.999983 -0.000370641 0.00586062 -0.0188958 0.000368374 1 0.00038791 -0.0450458 -0.00586077 -0.000385744 0.999983 0.0516333 0 0 0 1 
2318808360163;0.15049;0.0198166;0.995927 0.0900763 -0.00404642 -0.886208 -0.0900972 0.995919 -0.00531257 0.48217 0.00355137 0.0056555 0.999978 0.0644463 0 0 0 1 
2318808360164;0.34564;0.333874;0.998813 0.0300906 0.0383089 -0.438262 -0.0288589 0.999061 -0.0323069 0.176925 -0.0392451 0.031163 0.998744 -0.0117763 0 0 0 1 
2318808360165;0.629483;0.0169633;0.934119 -0.154674 0.321709 0.882743 0.194009 0.976501 -0.0938371 -1.7873 -0.299635 0.15007 0.942177 0.46717 0 0 0 1 
2318808360166;0.356263;0.023292;0.997133 0.0674083 -0.034374 -0.167257 -0.069482 0.995579 -0.0632029 0.299099 0.0299616 0.0654101 0.997409 -0.370649 0 0 0 1 
2318808360167;0.348773;0.0244044;0.978509 -0.0407698 0.202133 0.22828 0.115097 0.921335 -0.371342 0.392316 -0.171093 0.386627 0.906227 -2.20392 0 0 0 1 
2318808360168;0.491205;0.0303537;0.968564 -0.111448 -0.222405 1.08657 0.141269 0.982302 0.122988 -0.70927 0.204762 -0.150541 0.967166 0.64921 0 0 0 1 
2318808360169;0.364685;0.0433504;0.999825 -0.0131889 -0.0132516 0.271982 0.0129175 0.999709 -0.020363 0.281635 0.0135163 0.0201883 0.999705 -0.851144 0 0 0 1 
2318808360170;0.293853;0.0204465;0.999151 0.0266204 0.0314326 -0.499535 -0.0265453 0.999644 -0.00280199 0.0890446 -0.031496 0.00196523 0.999502 -0.335208 0 0 0 1 
2318808360171;0.404455;0.0335983;0.994938 0.0572238 0.082606 -1.00367 -0.0758012 0.96704 0.243079 0.0496406 -0.0659734 -0.24811 0.966483 2.57998 0 0 0 1 
2318808360172;0.214721;0.0388352;0.990261 -0.029491 0.136066 0.223795 0.0157566 0.994768 0.100933 -0.208268 -0.138331 -0.0978065 0.985545 2.30508 0 0 0 1 
2318808360173;0.439959;0.0409821;0.996 -0.0626241 -0.063736 1.02724 0.0421088 0.958093 -0.283346 0.842207 0.0788093 0.279529 0.956898 -3.48945 0 0 0 1 
2318808360174;0.284722;0.0185124;0.98272 -0.126409 0.135215 1.30199 0.154758 0.961867 -0.225526 -0.93074 -0.10155 0.242555 0.964808 -1.74152 0 0 0 1 
2318808360175;0.207536;0.0210255;0.997476 -0.0494568 -0.0509522 0.480585 0.04775 0.998274 -0.0341888 -0.726523 0.0525552 0.0316695 0.998116 -0.813955 0 0 0 1 
2318808360176;0.417626;0.0365171;0.96859 -0.168443 -0.182922 1.68316 0.213328 0.940857 0.263209 -1.32197 0.127768 -0.293964 0.947238 1.20763 0 0 0 1 
2318808360177;0.414555;0.0298568;0.955395 -0.058847 -0.28941 1.51195 0.0252445 0.992633 -0.1185 0.148028 0.294251 0.105908 0.949842 -2.6679 0 0 0 1 
2318808360178;0.192544;0.0319594;0.994743 -0.101187 0.0157397 0.88131 0.101118 0.994861 0.00517707 -0.690518 -0.0161827 -0.00355829 0.999863 -0.180608 0 0 0 1 
2318808360179;0.369856;0.216787;0.99468 0.0852585 0.0578193 -0.894901 -0.0817851 0.994843 -0.0599947 0.580484 -0.0626362 0.0549468 0.996523 0.385669 0 0 0 1 
2318808360180;0.269585;0.0306238;0.999776 0.00701168 0.01996 -0.111749 -0.0071789 0.99994 0.0083187 0.0745229 -0.0199004 -0.00846013 0.999766 0.739718 0 0 0 1 
2318808360181;0.159003;0.0212164;0.999233 -0.0388128 -0.00523558 0.222527 0.038859 0.999204 0.00903925 -0.318804 0.00488057 -0.00923577 0.999945 0.308582 0 0 0 1 
2318808360182;0.250033;0.0234064;0.989001 0.144951 -0.0294239 -1.59823 -0.138442 0.977232 0.160782 0.926287 0.0520594 -0.15494 0.986551 1.12169 0 0 0 1 
2318808360183;0.583654;0.0428234;0.942371 -0.319459 -0.0994143 3.74215 0.324007 0.945474 0.0331352 -1.86469 0.0834083 -0.0634366 0.994494 -0.970062 0 0 0 1 
2318808360184;0.254669;0.032983;0.988479 0.149379 -0.0243837 -1.13916 -0.148846 0.988607 0.0223989 1.22357 0.0274518 -0.0185114 0.999452 0.339239 0 0 0 1 
2318808360186;0.32371;0.0157939;0.928735 -0.00589844 -0.370697 0.400902 -0.0241755 0.996782 -0.0764291 0.136292 0.369955 0.0799441 0.925604 -2.54138 0 0 0 1 
2318808360187;0.391738;0.255498;0.985725 -0.141035 -0.0919506 0.622916 0.15069 0.982638 0.108239 -0.7848 0.0750888 -0.120549 0.989863 -0.146012 0 0 0 1 
2318808360188;0.250929;0.0115021;0.964593 -0.263551 0.0101011 0.966089 0.255344 0.942774 0.214421 -1.51078 -0.066034 -0.20425 0.976689 0.8586 0 0 0 1 
2318808360189;0.35413;0.0109413;0.944633 0.246113 -0.217019 0.0435713 -0.196323 0.953858 0.227183 1.20717 0.262918 -0.171999 0.949363 -0.684322 0 0 0 1 
2318808360190;0.38404;0.0158218;0.970825 0.0919715 0.221449 -0.601222 -0.0821745 0.995204 -0.0530745 0.583879 -0.225268 0.0333287 0.973727 0.50406 0 0 0 1 
2318808360191;0.142007;0.0191189;0.993866 -0.0621687 0.0914577 0.297752 0.059321 0.997676 0.0335348 -0.385583 -0.0933299 -0.0279038 0.995244 0.419874 0 0 0 1 
2318808360192;0.308225;0.0115397;0.997869 -0.0463079 0.045965 -0.589589 0.0477831 0.99836 -0.0315327 -0.195736 -0.0444294 0.0336619 0.998445 0.172194 0 0 0 1 
2318808360193;0.19468;0.0139187;0.987689 0.0875574 -0.129628 -0.133467 -0.077838 0.993891 0.0782452 0.665787 0.135687 -0.0671919 0.988471 -0.670601 0 0 0 1 
2318808360194;0.35362;0.00735281;0.994746 -0.0349439 0.0962297 -0.176563 0.0330571 0.99923 0.0211321 -0.838109 -0.096894 -0.01784 0.995135 0.203009 0 0 0 1 
2318808360195;0.220312;0.0181146;0.994414 -0.104955 0.0111947 0.330778 0.102697 0.986566 0.127045 -0.622854 -0.0243784 -0.125186 0.991834 0.110782 0 0 0 1 
2318808360196;0.321597;0.0135316;0.995229 0.0470899 0.0854501 -0.467767 -0.0421118 0.99736 -0.0591542 0.635334 -0.0880101 0.0552735 0.994585 0.904344 0 0 0 1 
2318808360197;0.117422;0.0131187;0.999773 -0.00820795 0.0196804 0.165632 0.00764773 0.999568 0.028374 -0.0716367 -0.0199048 -0.028217 0.999404 0.405164 0 0 0 1 
2318808360198;0.145591;0.0133071;0.99637 -0.0693514 -0.0493592 0.113401 0.0691029 0.997587 -0.00672397 -0.444813 0.0497064 0.0032887 0.998758 -0.539854 0 0 0 1 
2318808360199;0.334769;0.00700387;1 -0.000143579 -0.000744801 -0.251856 0.000140128 0.999989 -0.00463151 0.00164966 0.000745458 0.00463141 0.999989 0.704977 0 0 0 1 
2318808360200;0.307694;0.0194533;0.968218 0.248484 -0.0284516 -0.327888 -0.246286 0.967045 0.0645505 1.89166 0.0435537 -0.0554917 0.997509 0.0578561 0 0 0 1 
2318808360201;0.28708;0.0191758;0.994717 -0.102202 0.00959975 0.832019 0.102267 0.994735 -0.006628 -0.506072 -0.00887182 0.00757473 0.999932 0.35332 0 0 0 1 
2318808360202;0.140274;0.010675;0.990861 0.134811 -0.00448705 -0.276322 -0.134872 0.990679 -0.0191098 0.89512 0.00186902 0.0195404 0.999807 0.0935889 0 0 0 1 
2318808360203;0.354364;0.00717011;0.994204 0.0919162 -0.0557725 -0.229266 -0.0811531 0.981839 0.171485 -0.204751 0.0705218 -0.165965 0.983607 0.58207 0 0 0 1 
2318808360204;0.41534;0.0154964;0.90684 -0.0721173 0.415259 -0.0354726 0.016233 0.990498 0.136568 -0.363883 -0.421162 -0.117105 0.899393 2.64703 0 0 0 1 
2318808360205;0.260883;0.00835539;0.989334 -0.130274 -0.0651657 0.311337 0.127146 0.99062 -0.0500647 -1.07363 0.0710766 0.0412451 0.996618 -0.213265 0 0 0 1 
2318808360206;0.381649;0.0125936;0.903751 -0.305993 0.299336 0.895088 0.336691 0.939969 -0.05566 -1.70771 -0.264335 0.151086 0.952523 1.19813 0 0 0 1 
2318808360207;0.376035;0.0109881;0.904536 0.29889 0.304105 -0.783972 -0.28253 0.954285 -0.0975592 1.96018 -0.319362 0.00232712 0.94763 1.96465 0 0 0 1 
2318808360208;0.370049;0.0116886;0.994249 0.0111562 0.106514 -0.384355 -0.0211155 0.995457 0.0928379 -0.0199176 -0.104994 -0.094553 0.989968 1.64604 0 0 0 1 
2318808360209;0.193142;0.0120078;0.973833 0.199809 -0.108286 -0.208477 -0.199001 0.979828 0.0183355 1.17101 0.109765 0.00369331 0.993951 -0.58593 0 0 0 1 
2318808360210;0.416709;0.266666;0.970255 -0.233987 0.0620868 0.908986 0.21695 0.954232 0.205847 -1.25059 -0.107411 -0.186255 0.976613 1.09125 0 0 0 1 
2318808360211;0.229662;0.0115875;0.980158 -0.190549 -0.054595 0.742695 0.197779 0.958438 0.205623 -1.35837 0.0131448 -0.212341 0.977107 0.503641 0 0 0 1 
2318808360212;0.235303;0.189282;0.996736 0.0807269 0.000369704 -0.296931 -0.0807082 0.996586 -0.0174206 0.51283 -0.00177475 0.0173339 0.999848 -0.0791436 0 0 0 1 
2318808360213;0.418371;0.0135824;0.970291 0.241466 0.0151469 -0.849736 -0.241732 0.970152 0.0192502 1.34278 -0.0100465 -0.0223398 0.9997 0.890449 0 0 0 1 
2318808360214;0.104638;0.00944577;0.993576 0.113167 0.000971075 -0.254119 -0.113114 0.992774 0.040052 0.571264 0.00356849 -0.0399046 0.999197 0.0100458 0 0 0 1 
2318808360215;0.379457;0.338412;0.998713 -0.000261077 -0.0507199 0.0356606 -0.00123764 0.999564 -0.0295153 0.130033 0.0507055 0.0295401 0.998277 -0.274151 0 0 0 1 
2318808360217;0.475077;0.0130662;0.879226 0.227464 -0.418595 -0.0421746 -0.27117 0.961375 -0.0471598 1.89168 0.3917 0.154975 0.906948 -2.90356 0 0 0 1 
2318808360218;0.538469;0.0104569;0.944501 -0.327315 -0.0279863 2.54775 0.327717 0.932885 0.149423 -1.74708 -0.0228002 -0.150301 0.988377 1.83204 0 0 0 1 
2318808360219;0.26223;0.00849199;0.979418 -0.0591888 -0.192972 0.441831 0.0688478 0.996668 0.0437324 -0.197546 0.18974 -0.056118 0.980229 -1.10555 0 0 0 1 
2318808360220;0.178884;0.00830802;0.993881 0.0750656 0.0810237 -0.605214 -0.0657204 0.991486 -0.112414 0.654643 -0.0887723 0.106401 0.990353 0.126068 0 0 0 1 
2318808360221;0.32248;0.00630849;0.924226 -0.303329 0.231943 1.89791 0.295947 0.952861 0.0668655 -1.66657 -0.241291 0.0068439 0.970429 1.43003 0 0 0 1 
2318808360222;0.547442;0.363298;0.999378 0.0317295 -0.0154161 -0.308702 -0.0327645 0.996844 -0.0723111 0.00616897 0.0130731 0.0727712 0.997263 -0.0866404 0 0 0 1 
2318808360223;0.279763;0.20947;0.997145 0.061071 0.0444118 -0.430122 -0.0613711 0.9981 0.00542397 0.283221 -0.0439962 -0.00813409 0.998999 0.134235 0 0 0 1 
2318808360224;0.19078;0.00747603;0.987862 -0.152588 0.0290803 0.885214 0.154413 0.985004 -0.0769614 -0.618124 -0.0169008 0.0805176 0.99661 -0.496245 0 0 0 1 
2318808360225;0.382191;0.00380175;0.940192 0.340393 0.0130714 -1.67916 -0.331381 0.92284 -0.196347 2.75441 -0.0788981 0.180273 0.980447 -0.942391 0 0 0 1 
2318808360226;0.232462;0.0106138;0.980984 -0.19377 -0.0111167 1.17448 0.193045 0.96818 0.159253 -1.03761 -0.0200955 -0.158371 0.987175 1.2855 0 0 0 1 
2318808360227;0.121258;0.0121731;0.999995 -0.000792232 0.0029691 0.00110248 0.000771793 0.999976 0.00687878 -0.019079 -0.00297448 -0.00687646 0.999972 -0.163702 0 0 0 1 
2318808360228;0.342472;0.33689;0.999745 0.0215152 0.00684217 -0.206309 -0.0213274 0.999423 -0.0264334 0.109593 -0.00740694 0.0262808 0.999627 -0.109322 0 0 0 1 
2318808360229;0.411101;0.00394792;0.983024 -0.000313415 0.183476 -0.473392 0.0220998 0.99292 -0.11671 -0.0432283 -0.18214 0.118783 0.976071 1.06075 0 0 0 1 
2318808360230;0.270984;0.0102452;0.940132 -0.340292 -0.0187957 2.37787 0.338271 0.938425 -0.0702172 -1.64747 0.0415328 0.0596554 0.997355 -0.704723 0 0 0 1 
2318808360231;0.448163;0.275709;0.999511 0.0156165 0.0270823 -0.688086 -0.012137 0.992184 -0.12419 -0.00253724 -0.0288101 0.123801 0.991889 -0.7183 0 0 0 1 
2318808360232;0.480703;0.00659965;0.993445 -0.105685 -0.0435635 0.912897 0.103379 0.993273 -0.0521678 -0.393059 0.0487838 0.0473223 0.997688 -1.43484 0 0 0 1 
2318808360233;0.538633;0.00540873;0.977447 0.181114 0.10861 -1.32777 -0.125961 0.912785 -0.388532 2.33528 -0.169506 0.366088 0.915012 -1.07722 0 0 0 1 
2318808360234;0.46577;0.0158566;0.998254 -0.0563282 0.0177866 0.342814 0.0563744 0.998407 -0.002107 0.515538 -0.0176395 0.00310603 0.99984 0.233098 0 0 0 1 
2318808360235;0.501727;0.0157647;0.998771 0.0332131 -0.036795 -0.167753 -0.0325353 0.999292 0.018869 0.144135 0.0373956 -0.0176487 0.999145 -1.09142 0 0 0 1 
2318808360236;0.219286;0.0092321;0.975509 0.188824 -0.112816 -0.807153 -0.189718 0.981834 0.00285764 1.3551 0.111306 0.0186155 0.993612 -1.04612 0 0 0 1 
2318808360237;0.1427;0.00953689;0.998077 -0.0609595 -0.0112513 0.256691 0.0603021 0.996844 -0.0516346 -0.275598 0.0143634 0.0508568 0.998603 -0.585294 0 0 0 1 
2318808360238;0.478527;0.397632;0.99411 -0.0460051 -0.0981288 0.308983 0.0420668 0.998239 -0.0418332 -0.222619 0.0998805 0.0374589 0.994294 -0.972713 0 0 0 1 
2318808360239;0.07712;0.00693295;0.998872 0.02322 -0.0414096 -0.13663 -0.024521 0.999213 -0.0311923 0.172233 0.0406528 0.0321725 0.998655 -0.566997 0 0 0 1 
2318808360240;0.277432;0.0108356;0.965089 0.0350738 0.259564 -0.385594 -0.0651667 0.991985 0.108254 0.210809 -0.253687 -0.12139 0.959639 2.54238 0 0 0 1 
2318808360241;0.414755;0.0120298;0.90612 0.195282 -0.375249 0.0224843 -0.154934 0.978635 0.135166 0.891754 0.393628 -0.0643372 0.917016 -1.92407 0 0 0 1 
2318808360242;0.207147;0.0168969;0.987463 -0.156129 -0.0232318 1.11363 0.15656 0.987504 0.0180219 -1.20978 0.0201278 -0.0214331 0.999568 0.0635051 0 0 0 1 
2318808360243;0.526989;0.550275;0.99995 -0.00128639 -0.00995942 0.107494 0.00171246 0.999078 0.0428918 -0.235869 0.00989507 -0.0429066 0.99903 0.173651 0 0 0 1 
2318808360244;0.293823;0.00677255;0.996507 0.0686999 0.047469 -0.389164 -0.0730853 0.992515 0.0978401 0.382297 -0.0403921 -0.100968 0.994069 1.37471 0 0 0 1 
2318808360245;0.161157;0.00896121;0.999096 -0.0421081 0.00589898 0.242749 0.0422615 0.998689 -0.0288786 -0.330537 -0.00467522 0.0291018 0.999566 -0.411459 0 0 0 1 
2318808360246;0.48133;0.00720607;0.946969 -0.00668141 0.321256 0.0573056 -0.0546005 0.981898 0.181368 -0.246776 -0.316652 -0.18929 0.929462 2.63362 0 0 0 1 
2318808360248;0.277285;0.0121688;0.999863 -0.0144692 -0.00802785 0.0484561 0.0147294 0.999335 0.0333613 0.255011 0.0075398 -0.033475 0.999411 0.560431 0 0 0 1 
2318808360249;0.346523;0.0432003;0.935708 0.32179 0.144578 0.0160149 -0.342298 0.927311 0.151417 1.53032 -0.085344 -0.191171 0.97784 0.788732 0 0 0 1 
2318808360250;0.347649;0.012325;0.962882 -0.190891 0.190839 0.0514845 0.198786 0.979774 -0.0229385 -1.63438 -0.1826 0.0600232 0.981353 1.22283 0 0 0 1 
2318808360251;0.136295;0.0118665;0.997245 0.0313493 -0.0672217 0.0363086 -0.0213961 0.98935 0.143975 -0.0599598 0.0710193 -0.14214 0.987295 -0.505016 0 0 0 1 
2318808360252;0.263745;0.222384;0.998762 -0.0463211 -0.0181348 0.0180956 0.0464823 0.998882 0.00857037 -0.346415 0.0177175 -0.00940271 0.999799 -0.0756169 0 0 0 1 
2318808360253;0.38952;0.0114908;0.944069 -0.324731 0.057304 -0.31144 0.324404 0.945797 0.0151896 -1.82454 -0.0591305 0.00424961 0.998241 0.335627 0 0 0 1 
2318808360254;0.304973;0.00968675;0.994309 -0.106386 0.00560186 0.663671 0.106185 0.993935 0.0285861 -0.452314 -0.00860904 -0.0278285 0.999576 -0.406579 0 0 0 1 
2318808360255;0.467336;0.22086;0.989852 -0.134121 -0.0469463 0.0145921 0.131978 0.99018 -0.0461095 -0.684394 0.0526695 0.0394457 0.997833 0.397426 0 0 0 1 
2318808360256;0.501332;0.216577;0.996924 0.0779837 -0.00780422 -0.215244 -0.0734025 0.963952 0.25575 -0.393897 0.0274672 -0.25439 0.966711 0.0832256 0 0 0 1 
2318808360257;0.448145;0.0798698;0.917312 0.362978 0.163665 0.690107 -0.373181 0.927078 0.0355269 1.50505 -0.138835 -0.093666 0.985876 0.615274 0 0 0 1 
2318808360258;0.160463;0.0152686;0.987167 -0.119605 -0.105809 0.345105 0.122934 0.992087 0.0255059 -0.633804 0.101921 -0.0381861 0.994059 -0.687233 0 0 0 1 
2318808360259;0.461634;0.0676627;0.915665 0.354113 -0.190163 0.0885928 -0.323279 0.929964 0.175096 2.13596 0.238849 -0.0988538 0.966012 -1.10926 0 0 0 1 
