#;prob_registration_l1 -r /home/probabilistic_point_clouds_registration/build/tester /home/point_clouds_registration_benchmark//devel/registration_pairs/apartment_local.txt /home/point_clouds_registration_benchmark//eth/apartment -s 0.2 -t 0.2 -p 0.3 -r 1000 -m 15 -i 40 
id;initial_error;final_error;transformation
13001298760000;0.820981;1.48374;0.92559 -0.337903 0.170604 -0.506179 0.316942 0.938238 0.13877 -3.28575 -0.206958 -0.0743722 0.975519 0.519341 0 0 0 1 
13001298760001;0.68771;1.52468;0.954962 -0.263373 -0.136685 0.348825 0.296515 0.864469 0.405922 -2.92136 0.0112507 -0.428169 0.903628 0.529015 0 0 0 1 
13001298760002;0.636186;0.556698;0.9761 0.162898 -0.143853 0.0291558 -0.113946 0.947264 0.299512 -0.576175 0.185057 -0.275962 0.943186 -1.02093 0 0 0 1 
13001298760003;0.411513;1.25291;0.957167 -0.28489 0.0516689 0.0151592 0.281565 0.957458 0.0632073 -2.2511 -0.0674779 -0.0459517 0.996662 -0.15623 0 0 0 1 
13001298760004;0.857932;1.29002;0.932254 -0.342551 -0.116449 0.15087 0.336578 0.939183 -0.0682011 -2.20378 0.13273 0.0243865 0.990852 0.552905 0 0 0 1 
13001298760005;0.460674;1.86268;0.891981 0.450484 0.0378616 0.471741 -0.448203 0.892174 -0.0560398 -1.13198 -0.0590241 0.0330168 0.99771 0.52434 0 0 0 1 
13001298760006;0.655521;1.70158;0.972442 0.232846 0.0118307 -0.707416 -0.23267 0.972447 -0.0145631 -1.04782 -0.0148957 0.0114092 0.999824 0.32651 0 0 0 1 
13001298760007;0.308888;0.695822;0.913704 0.195642 0.356187 -0.324432 -0.244572 0.964717 0.0974964 -0.108526 -0.324545 -0.176196 0.929314 1.17675 0 0 0 1 
13001298760008;0.466988;1.12092;0.800641 0.593629 0.0811098 0.632353 -0.595196 0.803559 -0.00589236 0.451073 -0.0686744 -0.0435585 0.996688 -0.11242 0 0 0 1 
13001298760009;0.423945;0.631599;0.950583 0.30862 0.0338314 -0.190932 -0.294344 0.930506 -0.217991 0.464249 -0.0987568 0.197261 0.975364 -0.133923 0 0 0 1 
13001298760010;0.258498;0.60513;0.948976 0.314982 -0.0152123 0.43801 -0.315266 0.948728 -0.022841 0.633179 0.00723785 0.0264714 0.999623 0.0586534 0 0 0 1 
13001298760011;0.784351;1.84931;0.959543 0.271781 0.0735632 -0.0819504 -0.280624 0.901843 0.328526 -1.39959 0.0229447 -0.335879 0.941626 -0.800809 0 0 0 1 
13001298760012;0.622128;0.45348;0.973855 0.226533 0.0170363 0.102519 -0.227092 0.972766 0.0464209 -0.292116 -0.00605649 -0.049076 0.998777 0.302395 0 0 0 1 
13001298760013;0.398004;1.0977;0.74346 0.661957 0.0952893 0.97797 -0.633319 0.742636 -0.217713 0.859964 -0.214882 0.101513 0.97135 0.918575 0 0 0 1 
13001298760014;0.755219;1.1444;0.982993 0.115488 -0.142787 0.562285 -0.106501 0.99191 0.0690775 -0.65081 0.149609 -0.0526957 0.98734 -1.11098 0 0 0 1 
13001298760015;0.388158;1.73924;0.937819 0.315673 -0.144381 0.226788 -0.316799 0.948362 0.0157385 -0.706278 0.141894 0.0309799 0.989397 -0.226161 0 0 0 1 
13001298760016;0.851768;0.857449;0.985157 0.170457 0.0202641 0.107068 -0.169451 0.984561 -0.0438781 0.287403 -0.0274306 0.039793 0.998831 0.698613 0 0 0 1 
13001298760017;0.399547;0.535822;0.936128 0.351602 0.00637369 0.216678 -0.351351 0.935912 -0.0249178 0.439369 -0.0147264 0.0210869 0.999669 0.3802 0 0 0 1 
13001298760018;0.820633;0.871546;0.961827 0.218654 -0.16456 -0.35389 -0.237622 0.965569 -0.105892 -0.149331 0.13574 0.140953 0.980666 0.721119 0 0 0 1 
13001298760019;0.329854;0.497136;0.994776 0.0803895 -0.0629202 -0.183483 -0.0759521 0.994652 0.0699963 -0.471367 0.0682107 -0.0648516 0.995561 -0.194666 0 0 0 1 
13001298760020;0.847185;0.559016;0.952197 0.303381 0.0357878 -0.124016 -0.304884 0.951123 0.0490915 0.737289 -0.0191452 -0.0576559 0.998153 0.718026 0 0 0 1 
13001298760021;0.886722;1.42423;0.905909 -0.260856 -0.333592 0.836301 0.351996 0.901797 0.250719 -3.0898 0.235431 -0.344552 0.908766 -1.12587 0 0 0 1 
13001298760022;0.59893;0.866375;0.975749 0.139965 -0.168295 -0.201939 -0.110036 0.978286 0.175635 -0.472612 0.189224 -0.152857 0.969963 -0.750509 0 0 0 1 
13001298760023;0.367247;0.497317;0.984937 0.161048 0.0629513 -0.0813236 -0.166062 0.982464 0.084776 -0.29919 -0.0481945 -0.0939528 0.994409 -0.124171 0 0 0 1 
13001298760024;0.0968236;0.492212;0.974232 0.212137 0.0766132 -0.125928 -0.215876 0.975417 0.0442569 0.13956 -0.0653413 -0.0596555 0.996078 0.262308 0 0 0 1 
13001298760025;0.689632;1.04944;0.915621 0.400197 -0.0384751 0.391834 -0.385966 0.848183 -0.362789 0.687781 -0.112553 0.347027 0.931077 0.82242 0 0 0 1 
13001298760026;0.452516;1.34877;0.983554 -0.167734 0.0669886 -0.106954 0.162626 0.983788 0.075586 -1.5606 -0.078581 -0.0634487 0.994887 0.2703 0 0 0 1 
13001298760027;0.353163;1.34466;0.90699 -0.305497 0.289899 -0.0167893 0.214915 0.927709 0.305232 -2.21953 -0.36219 -0.214539 0.907079 0.843762 0 0 0 1 
13001298760028;0.770166;0.626832;0.996678 0.0121159 0.0805308 -0.494124 -0.00571563 0.996839 -0.0792362 -0.0976791 -0.0812363 0.0785127 0.993598 0.00631153 0 0 0 1 
13001298760029;0.444231;0.519531;0.90017 0.353931 0.253823 0.246476 -0.389783 0.914679 0.106916 0.33442 -0.194326 -0.195179 0.961323 0.811498 0 0 0 1 
13001298760031;1.0814;0.629565;0.941699 0.330846 0.061186 0.440582 -0.29091 0.892009 -0.345965 1.66778 -0.16904 0.307995 0.93625 1.72902 0 0 0 1 
13001298760032;0.762366;0.195681;0.974015 -0.205757 -0.0946471 -0.669698 0.208066 0.977998 0.0150994 -0.630384 0.0894579 -0.0343999 0.995396 -0.781089 0 0 0 1 
13001298760033;0.562268;0.191138;0.973192 -0.20779 -0.0985978 -0.663638 0.199308 0.975856 -0.0893322 -0.601877 0.11478 0.0672859 0.99111 0.112797 0 0 0 1 
13001298760034;0.913227;0.22948;0.984105 -0.165225 -0.0651032 -0.627981 0.130716 0.922087 -0.364238 -0.216998 0.120212 0.349938 0.929028 0.957819 0 0 0 1 
13001298760035;0.190074;0.217195;0.987004 0.119321 -0.107634 0.239161 -0.112196 0.991217 0.070006 0.375515 0.115042 -0.0570201 0.991723 -0.50043 0 0 0 1 
13001298760036;1.3176;0.199754;0.92822 -0.369462 -0.0436634 -1.42603 0.371257 0.912306 0.172817 -0.841404 -0.0240147 -0.176622 0.983986 -0.243079 0 0 0 1 
13001298760037;0.408209;0.18522;0.993096 0.106096 -0.0500329 -0.0070301 -0.111557 0.986083 -0.123269 0.646446 0.0362583 0.127999 0.991111 0.0679157 0 0 0 1 
13001298760038;0.799177;0.247895;0.999867 0.0123625 -0.0106759 0.385544 -0.0105624 0.9879 0.154731 -0.245964 0.0124596 -0.154598 0.987899 -0.267661 0 0 0 1 
13001298760039;0.512139;0.196381;0.999733 0.00771138 -0.0217871 -0.0552044 -0.00789073 0.999936 -0.00815797 0.0937968 0.0217228 0.00832771 0.999729 0.312661 0 0 0 1 
13001298760040;0.790161;0.2747;0.999905 -0.00459916 0.0129963 0.0228497 0.00488527 0.999745 -0.022069 0.223027 -0.0128915 0.0221303 0.999672 -0.302204 0 0 0 1 
13001298760041;0.304867;0.196775;0.983992 -0.12735 0.124665 -0.378908 0.135207 0.989194 -0.0567031 -0.146217 -0.116097 0.072651 0.990577 0.464963 0 0 0 1 
13001298760042;0.323258;0.255373;0.998476 0.05516 0.00157361 0.0360894 -0.0551728 0.997361 0.0471984 0.0458425 0.00103401 -0.0472133 0.998884 0.00127122 0 0 0 1 
13001298760043;1.1294;0.23689;0.949566 -0.30632 -0.0670326 -0.596794 0.312383 0.90554 0.287079 -1.86508 -0.0272373 -0.293541 0.955559 -0.83776 0 0 0 1 
13001298760044;0.672602;0.185102;0.989268 -0.0702238 0.128129 -0.612588 0.0751161 0.996603 -0.0337519 -0.0138882 -0.125324 0.0430143 0.991183 0.200195 0 0 0 1 
13001298760045;0.603165;0.50529;0.892265 0.449412 0.0434905 1.09845 -0.444096 0.890916 -0.0951158 1.57696 -0.0814926 0.0655546 0.994516 0.173503 0 0 0 1 
13001298760046;0.435224;0.313701;0.904485 0.10306 -0.413866 0.657025 -0.120431 0.992592 -0.0160236 0.633565 0.409149 0.0643355 0.910197 -1.08028 0 0 0 1 
13001298760047;1.03472;0.227277;0.999025 -0.0166313 0.040891 -0.310836 0.00643587 0.971291 0.237809 -0.405481 -0.0436721 -0.237314 0.970451 -0.93768 0 0 0 1 
13001298760048;1.38851;0.20932;0.993244 0.0708617 0.0918934 0.126285 -0.103721 0.897232 0.429206 -0.734158 -0.0520354 -0.435837 0.89852 -1.2571 0 0 0 1 
13001298760049;0.308211;0.22837;0.988766 0.136472 -0.0609606 0.10198 -0.128737 0.984802 0.116582 0.318346 0.0759443 -0.107424 0.991308 -0.418366 0 0 0 1 
13001298760050;0.383404;0.252526;0.999031 -0.042631 0.0109458 -0.481678 0.0428628 0.998841 -0.0218979 -0.144829 -0.00999962 0.0223459 0.9997 0.217731 0 0 0 1 
13001298760051;1.39486;0.235122;0.910954 -0.385831 0.145933 -1.66407 0.397185 0.91592 -0.0577432 -1.42488 -0.111384 0.110564 0.987608 0.696405 0 0 0 1 
13001298760052;0.390791;0.217976;0.99996 -0.00891175 0.000551788 -0.362515 0.00891401 0.999951 -0.00423343 -0.116281 -0.000514034 0.00423818 0.999991 0.0151529 0 0 0 1 
13001298760053;0.738841;0.637595;0.975422 0.219246 0.0219948 0.665142 -0.220254 0.967265 0.126038 0.67562 0.00635846 -0.127785 0.991782 -0.0308694 0 0 0 1 
13001298760054;0.290741;0.207362;0.987929 -0.154662 -0.00873092 -0.477296 0.154494 0.98784 -0.0174216 -0.320688 0.0113192 0.0158624 0.99981 -0.126233 0 0 0 1 
13001298760055;0.983527;0.339499;0.978056 0.152437 0.14202 -0.494255 -0.131677 0.980537 -0.14563 0.714883 -0.161455 0.123733 0.979093 1.04154 0 0 0 1 
13001298760056;0.893456;0.484915;0.997518 -0.0669501 0.0217858 0.0931839 0.067413 0.997499 -0.0212545 -0.345126 -0.0203083 0.0226704 0.999537 -0.0368011 0 0 0 1 
13001298760057;1.32906;0.246021;0.995444 0.0786433 0.053914 0.50093 -0.0783965 0.9969 -0.00668016 0.914324 -0.0542722 0.00242306 0.998523 -0.33494 0 0 0 1 
13001298760058;1.04418;0.388643;0.956512 -0.244724 0.158728 -0.798003 0.24162 0.969592 0.0388708 -0.617929 -0.163414 0.00117153 0.986557 -0.137779 0 0 0 1 
13001298760059;1.02726;0.155572;0.996733 0.0681365 -0.0433633 0.496558 -0.0559769 0.969838 0.237237 -0.109137 0.0582198 -0.234034 0.970484 -1.18433 0 0 0 1 
13001298760060;1.18019;1.14265;0.980651 -0.166711 -0.102623 0.0766251 0.180799 0.972291 0.148198 -1.4984 0.0750734 -0.163885 0.983619 -0.467078 0 0 0 1 
13001298760062;0.42647;1.38227;0.973338 -0.229269 -0.00706011 -0.576904 0.229029 0.969704 0.0849729 -0.104884 -0.0126354 -0.0843243 0.996358 0.0530168 0 0 0 1 
13001298760063;0.820769;1.16677;0.964194 -0.264746 0.0154737 -0.194502 0.264712 0.964318 0.00423978 -0.153152 -0.016044 8.10067e-06 0.999871 0.662572 0 0 0 1 
13001298760064;0.637796;1.03058;0.999271 -0.0121549 0.0361799 0.00337067 0.0141136 0.99842 -0.0543845 0.705742 -0.0354617 0.0548555 0.997864 0.724676 0 0 0 1 
13001298760065;1.32441;1.36688;0.927529 -0.275258 -0.252831 -0.0245983 0.352685 0.868498 0.348317 -0.98389 0.123706 -0.412244 0.902636 -2.30551 0 0 0 1 
13001298760066;0.832986;1.13929;0.917207 -0.3984 -0.00299252 -0.655973 0.397765 0.916122 -0.0500277 -0.332038 0.0226725 0.0446954 0.998743 0.298236 0 0 0 1 
13001298760067;0.500971;1.15506;0.875756 -0.482736 -0.00414501 -0.626482 0.479795 0.871305 -0.103072 -1.14882 0.0533684 0.0882775 0.994665 -0.191207 0 0 0 1 
13001298760068;1.1413;1.23595;0.902579 -0.3961 0.16869 -1.0326 0.376071 0.916114 0.138946 -0.21072 -0.209576 -0.0619708 0.975827 1.02172 0 0 0 1 
13001298760069;0.277143;1.37964;0.968266 -0.21217 -0.132079 -0.256538 0.231144 0.961222 0.150413 -0.0888973 0.0950441 -0.176169 0.979761 -0.752675 0 0 0 1 
13001298760070;1.31041;1.23818;0.955356 -0.285456 0.07622 -0.586234 0.290656 0.954337 -0.0689922 -0.276529 -0.0530453 0.0880659 0.994701 -0.416492 0 0 0 1 
13001298760071;0.311671;1.09054;0.814775 -0.528383 -0.238648 -0.425711 0.560324 0.823367 0.090028 -1.88731 0.148925 -0.207073 0.966924 -1.09298 0 0 0 1 
13001298760072;0.364438;1.52986;0.893629 -0.444978 0.0584885 -0.649293 0.448152 0.891748 -0.0628032 -0.610192 -0.024211 0.0823345 0.996311 0.487401 0 0 0 1 
13001298760073;1.33186;1.10854;0.831665 -0.460172 0.310766 -0.866053 0.537235 0.808331 -0.24079 -0.908273 -0.140397 0.367211 0.919481 1.16998 0 0 0 1 
13001298760074;0.375476;1.45379;0.787498 -0.493678 -0.368958 -0.178604 0.412051 0.866915 -0.280486 -0.693879 0.458324 0.0688526 0.886114 -1.38525 0 0 0 1 
13001298760075;0.892832;1.19708;0.949094 -0.232028 0.213032 -0.236576 0.262889 0.956038 -0.129929 -0.298547 -0.173519 0.179318 0.968368 1.77006 0 0 0 1 
13001298760076;0.49285;1.29882;0.893438 -0.447828 0.0349061 -0.964662 0.44912 0.889273 -0.0865167 -0.962834 0.00770354 0.0929743 0.995639 0.11697 0 0 0 1 
13001298760077;1.25077;1.21773;0.969882 -0.243574 -0.00101098 -0.738215 0.243531 0.969773 -0.0152817 0.164148 0.00470265 0.0145753 0.999883 0.81932 0 0 0 1 
13001298760078;0.873453;1.32871;0.957092 -0.229393 -0.177071 -0.285843 0.236165 0.971548 0.017878 0.243039 0.167932 -0.058929 0.984036 -1.1871 0 0 0 1 
13001298760079;0.135451;1.02084;0.97148 -0.231852 -0.0497021 -0.219126 0.229321 0.971973 -0.0517694 -0.229494 0.0603119 0.0388952 0.997421 -0.0673531 0 0 0 1 
13001298760080;0.477523;1.55312;0.681914 -0.657298 0.320862 -0.675007 0.598191 0.753606 0.272481 -2.05278 -0.420905 0.00612776 0.907084 1.56174 0 0 0 1 
13001298760081;0.486196;1.12294;0.948773 -0.0463781 -0.312537 0.492691 0.0506128 0.998704 0.00544609 0.380025 0.311879 -0.0209855 0.94989 -1.05525 0 0 0 1 
13001298760082;0.60999;2.38577;0.899047 0.43505 0.049453 0.378491 -0.420102 0.888914 -0.182611 2.05932 -0.123404 0.143401 0.981941 0.725723 0 0 0 1 
13001298760083;0.578912;1.33901;0.81391 -0.57951 -0.0414548 -0.432825 0.561661 0.766574 0.311289 -2.10013 -0.148617 -0.276645 0.949411 -0.167225 0 0 0 1 
13001298760084;0.295038;0.984723;0.999514 0.00945884 0.0297111 0.209923 -0.00765339 0.998151 -0.0603035 0.654954 -0.0302265 0.0600468 0.997738 0.326556 0 0 0 1 
13001298760085;0.331689;1.28147;0.974088 -0.223657 -0.033619 -0.350959 0.226159 0.964686 0.135031 -0.256516 0.00223113 -0.139135 0.990271 -0.230555 0 0 0 1 
13001298760086;0.698459;1.23624;0.945385 -0.325216 0.0219555 -0.698951 0.325952 0.942873 -0.0688855 -0.736786 0.00170142 0.0722798 0.997383 0.674946 0 0 0 1 
13001298760087;0.67213;1.12775;0.8352 -0.426693 -0.34695 -0.00085662 0.400062 0.904284 -0.149068 -0.805815 0.377348 -0.0142998 0.925961 -1.64941 0 0 0 1 
13001298760088;0.268562;1.17451;0.846876 -0.435648 -0.304979 -0.268073 0.428112 0.89872 -0.0949858 -1.00678 0.315471 -0.0501239 0.94761 -1.1644 0 0 0 1 
13001298760089;1.15866;1.24426;0.771115 -0.558184 0.306289 -1.1864 0.602469 0.795288 -0.0674397 -1.83263 -0.205944 0.236533 0.949547 1.93108 0 0 0 1 
13001298760090;0.714198;1.01547;0.958682 -0.280544 -0.047163 -0.622916 0.282885 0.957647 0.0537342 -0.606362 0.0300907 -0.0648558 0.997441 0.232835 0 0 0 1 
13001298760091;1.1529;1.26585;0.945948 -0.31692 -0.0688864 -0.511247 0.312337 0.947413 -0.069669 -0.699149 0.0873434 0.0443874 0.995189 -0.876679 0 0 0 1 
13001298760093;1.04775;0.599168;0.823435 -0.480645 0.301554 -0.830531 0.500559 0.865607 0.0128395 -1.91475 -0.267198 0.140373 0.953363 0.398796 0 0 0 1 
13001298760094;1.11373;0.489864;0.965211 -0.261425 0.00503044 -0.299356 0.261113 0.964713 0.0339011 -1.36061 -0.0137155 -0.0314082 0.999413 -1.07029 0 0 0 1 
13001298760095;0.293853;0.725812;0.963066 -0.0991551 0.250343 0.18658 0.161448 0.95671 -0.242157 -0.85902 -0.215494 0.273631 0.937384 1.5437 0 0 0 1 
13001298760096;0.895384;0.453934;0.984718 -0.159225 0.0705553 0.480422 0.144676 0.973418 0.177558 -1.14244 -0.0969514 -0.164637 0.981578 0.0143623 0 0 0 1 
13001298760097;0.339617;0.395202;0.972562 -0.227377 -0.0492197 -0.156081 0.228222 0.973532 0.0122164 -0.89788 0.0451392 -0.0231143 0.998713 -0.515315 0 0 0 1 
13001298760098;0.188558;0.448923;0.98574 -0.0879483 -0.14346 0.254717 0.0763685 0.993507 -0.0843282 -0.296796 0.149945 0.0721699 0.986057 -0.414041 0 0 0 1 
13001298760099;0.958706;0.400794;0.974773 0.11247 0.192789 0.430557 -0.109516 0.993646 -0.0259461 -0.54945 -0.194482 0.0041781 0.980897 0.323037 0 0 0 1 
13001298760100;0.754489;0.611016;0.990117 -0.0461897 -0.132416 0.0354493 0.00401394 0.953151 -0.302468 -0.412076 0.140183 0.298947 0.943917 0.890853 0 0 0 1 
13001298760101;0.427244;0.533095;0.990963 0.122004 0.055746 0.892377 -0.117469 0.989973 -0.0784493 0.05958 -0.0647582 0.071192 0.995358 0.15229 0 0 0 1 
13001298760102;0.55757;0.61449;0.999144 0.0173013 -0.0375869 0.400795 -0.0172573 0.99985 0.00149478 -0.178892 0.0376072 -0.000844854 0.999292 0.00994615 0 0 0 1 
13001298760103;0.502682;0.611236;0.980452 -0.196741 0.00278866 -0.101677 0.196746 0.980104 -0.0262083 -0.483982 0.00242307 0.0262446 0.999653 0.131421 0 0 0 1 
13001298760104;0.301846;0.359448;0.873294 -0.486781 -0.0200599 -0.757707 0.484171 0.871719 -0.0753885 -1.85691 0.0541843 0.0561239 0.996952 -0.0533465 0 0 0 1 
13001298760105;0.905526;0.481979;0.99247 0.0720326 -0.0990698 0.713291 -0.0849996 0.987383 -0.1336 0.156665 0.0881963 0.141015 0.986071 -0.602267 0 0 0 1 
13001298760106;0.994487;0.437708;0.871921 -0.488451 0.03421 -0.75856 0.487379 0.859044 -0.156541 -2.64324 0.0470749 0.153165 0.987079 0.68837 0 0 0 1 
13001298760107;0.0362635;0.387014;0.987015 -0.156564 -0.0359058 -0.183339 0.154604 0.986603 -0.0520691 -0.673928 0.0435769 0.0458417 0.997998 -0.0498177 0 0 0 1 
13001298760108;1.01768;0.509529;0.935496 -0.330924 -0.123841 -0.223974 0.324165 0.94327 -0.0718295 -1.18104 0.140585 0.0270515 0.989699 -1.27244 0 0 0 1 
13001298760109;0.830454;0.334787;0.94986 -0.30082 -0.0852831 -0.268979 0.297023 0.953315 -0.0544855 -1.04124 0.097692 0.0264226 0.994866 -0.866484 0 0 0 1 
13001298760110;0.923517;0.577345;0.974421 -0.224712 0.00289957 -0.580804 0.223391 0.967123 -0.121529 -0.877869 0.0245048 0.119068 0.992584 0.79054 0 0 0 1 
13001298760111;0.26829;0.43077;0.872918 -0.479935 0.0876172 -0.817967 0.484712 0.873563 -0.0440603 -1.9641 -0.0553931 0.0809302 0.995179 0.362288 0 0 0 1 
13001298760112;0.495558;0.674498;0.984599 -0.00463575 -0.174768 0.501601 0.0261879 0.992281 0.121216 -0.018087 0.172857 -0.123926 0.97712 -1.01828 0 0 0 1 
13001298760113;0.269314;0.703431;0.99446 -0.0838392 0.0634098 0.186772 0.0892828 0.992063 -0.0885424 -0.510838 -0.0554832 0.0937132 0.994052 0.17443 0 0 0 1 
13001298760114;0.734561;0.652712;0.827349 -0.559073 0.0541447 -1.03284 0.561522 0.820903 -0.103976 -1.93215 0.0136825 0.116428 0.993105 0.335524 0 0 0 1 
13001298760115;0.321726;0.685735;0.952862 -0.301325 0.0354712 -0.357152 0.303384 0.94764 -0.0996842 -1.37433 -0.0035766 0.105747 0.994387 -0.0318211 0 0 0 1 
13001298760116;1.15818;0.345572;0.990544 0.111891 -0.0793973 1.42692 -0.126512 0.968821 -0.213027 0.446522 0.0530861 0.221057 0.973815 0.957562 0 0 0 1 
13001298760117;0.977589;0.441551;0.955968 -0.261729 -0.132751 -0.434883 0.23314 0.952044 -0.198137 -1.13856 0.178243 0.158463 0.971143 0.557603 0 0 0 1 
13001298760118;0.349631;0.629165;0.98644 0.143018 0.0805071 0.784423 -0.132298 0.983217 -0.125623 0.0596802 -0.0971222 0.113268 0.988806 0.507787 0 0 0 1 
13001298760119;0.966956;0.554277;0.852168 -0.443379 -0.277893 -0.0905063 0.429252 0.896047 -0.113329 -1.45612 0.299253 -0.022711 0.953903 -1.74757 0 0 0 1 
13001298760120;0.820899;0.530132;0.998371 -0.0460463 0.0336763 0.561466 0.0462056 0.998924 -0.00396814 -0.517487 -0.0334574 0.00551772 0.999425 0.556721 0 0 0 1 
13001298760121;0.247186;0.502535;0.974657 -0.222941 0.0184799 -0.23409 0.22341 0.974288 -0.0291673 -0.717462 -0.0115022 0.0325567 0.999404 0.180606 0 0 0 1 
13001298760122;0.958553;0.445548;0.996403 -0.0746302 -0.0401409 0.443933 0.0740998 0.997145 -0.014544 -1.05877 0.0411117 0.0115172 0.999088 -0.0293746 0 0 0 1 
13001298760124;1.10954;0.113529;0.879168 -0.476006 0.0219699 -0.618647 0.471225 0.875337 0.108313 -3.34857 -0.0707886 -0.0848725 0.993874 -0.285455 0 0 0 1 
13001298760125;0.573277;0.12767;0.935794 0.0190791 -0.35203 0.660668 0.107365 0.93568 0.336119 -0.794675 0.3358 -0.352334 0.873555 -2.89872 0 0 0 1 
13001298760126;0.254431;0.126092;0.961703 0.19289 -0.194735 0.923679 -0.187811 0.981201 0.0443968 0.851422 0.199637 -0.00612337 0.979851 -0.783897 0 0 0 1 
13001298760127;0.992788;0.132764;0.912898 -0.349192 -0.211383 -0.650363 0.348955 0.936299 -0.0396806 -2.59833 0.211773 -0.0375388 0.976598 -1.17153 0 0 0 1 
13001298760128;0.0799235;0.132333;0.999501 0.0299692 -0.0100186 0.0801796 -0.0305916 0.997135 -0.0691735 0.195757 0.00791684 0.0694454 0.997554 0.286351 0 0 0 1 
13001298760129;0.127861;0.144838;0.997408 -0.0362465 -0.0621551 -0.00708822 0.0341272 0.998811 -0.0348261 -0.00536852 0.0633435 0.0326147 0.997459 -0.0775424 0 0 0 1 
13001298760130;0.557579;0.14387;0.965113 -0.243197 -0.0970193 -0.694037 0.239992 0.969794 -0.0436244 -1.30292 0.104698 0.0188186 0.994326 0.0938175 0 0 0 1 
13001298760131;0.697726;0.180865;0.982475 -0.182351 -0.0386031 0.0230789 0.172489 0.967966 -0.182454 -1.12329 0.0706371 0.172598 0.982456 0.404787 0 0 0 1 
13001298760132;0.915785;0.102255;0.975851 0.0103503 0.21819 0.0585543 -0.0091075 0.999936 -0.00670089 0.194096 -0.218246 0.0045519 0.975883 0.267839 0 0 0 1 
13001298760133;0.526097;0.180092;0.993234 0.0988893 0.0608785 0.249583 -0.0985008 0.995093 -0.00935733 0.603238 -0.0615052 0.00329744 0.998101 0.871987 0 0 0 1 
13001298760134;0.640051;0.132453;0.991635 -0.0423927 -0.121911 0.19594 0.0358849 0.997836 -0.0550913 0.0522753 0.123983 0.0502557 0.991011 0.215905 0 0 0 1 
13001298760135;0.744448;0.117782;0.898077 0.411598 -0.155064 1.92041 -0.420581 0.906795 -0.0288887 1.86574 0.128721 0.0911614 0.987482 0.299491 0 0 0 1 
13001298760136;0.470128;0.146058;0.99192 0.112737 -0.0581832 0.0995104 -0.114766 0.992851 -0.0327862 0.564176 0.054071 0.0391987 0.997767 -0.304892 0 0 0 1 
13001298760137;0.306436;0.128388;0.967003 0.0569469 0.248318 0.0680854 0.00153978 0.973373 -0.22922 0.0249891 -0.25476 0.222039 0.941167 2.10222 0 0 0 1 
13001298760138;0.926249;0.131156;0.998914 -0.010216 -0.045451 -0.369339 0.00622595 0.996182 -0.0870774 -0.334838 0.0461671 0.0866998 0.995164 -0.528373 0 0 0 1 
13001298760139;0.738974;0.132147;0.978814 0.20391 -0.0185542 0.679487 -0.20475 0.974309 -0.0938051 1.1078 -0.00105027 0.0956167 0.995418 1.009 0 0 0 1 
13001298760140;1.02616;0.13408;0.98842 0.119344 -0.0937132 0.181203 -0.120591 0.992672 -0.00773182 0.459486 0.0921038 0.0189432 0.995569 -1.16354 0 0 0 1 
13001298760141;0.897713;0.131827;0.94962 -0.238199 0.203673 -0.871782 0.269532 0.952325 -0.142929 -1.69054 -0.159917 0.190625 0.96855 2.03633 0 0 0 1 
13001298760142;0.158181;0.143272;0.999331 0.00545358 0.0361743 0.0175143 -0.000181035 0.989551 -0.144182 0.237181 -0.0365826 0.144079 0.98889 0.737085 0 0 0 1 
13001298760143;0.631582;0.139809;0.941902 0.324389 -0.0871351 1.26961 -0.335638 0.89897 -0.281426 1.5746 -0.0129597 0.294322 0.955619 1.47925 0 0 0 1 
13001298760144;0.855274;0.147863;0.984225 -0.115625 -0.13391 0.490576 0.117232 0.993096 0.00414872 -0.471086 0.132506 -0.0197818 0.990985 -0.218262 0 0 0 1 
13001298760145;0.0426315;0.124912;0.998973 -0.0352306 -0.028497 -0.104123 0.0339461 0.998438 -0.044368 -0.0573799 0.0300156 0.0433551 0.998609 0.114514 0 0 0 1 
13001298760146;0.950154;0.16464;0.991866 0.00814675 -0.127023 0.118711 -0.0144038 0.998723 -0.0484188 0.00473247 0.126466 0.0498546 0.990717 0.560943 0 0 0 1 
13001298760147;0.397392;0.115354;0.938537 0.10746 -0.328024 0.838326 -0.208755 0.933526 -0.291463 1.04271 0.274898 0.342026 0.898582 -0.0695812 0 0 0 1 
13001298760148;0.554781;0.166303;0.995018 -0.0983033 0.0165885 -0.269793 0.0996018 0.973126 -0.207619 -0.507406 0.00426691 0.208237 0.978069 0.254042 0 0 0 1 
13001298760149;0.73823;0.127683;0.998656 -0.0369515 -0.036351 -0.0339569 0.0344292 0.99711 -0.0677221 0.228319 0.0387483 0.0663795 0.997042 0.731982 0 0 0 1 
13001298760150;0.886242;0.1727;0.969639 -0.244245 -0.0120285 -0.283557 0.242452 0.966606 -0.0830086 -1.49419 0.0319013 0.0775721 0.996476 -0.400241 0 0 0 1 
13001298760151;1.10427;0.160597;0.943936 0.282302 0.171145 1.87282 -0.308277 0.939232 0.151022 1.72638 -0.118111 -0.195315 0.973603 0.10007 0 0 0 1 
13001298760152;0.722566;0.155266;0.95784 0.207549 0.198662 0.238853 -0.136074 0.936721 -0.32255 0.49593 -0.253035 0.281919 0.92547 2.41512 0 0 0 1 
13001298760153;0.343462;0.135279;0.959246 0.253065 -0.125715 1.08881 -0.274793 0.9391 -0.206348 1.26621 0.0658395 0.232485 0.970369 0.479514 0 0 0 1 
13001298760155;0.0682714;0.619211;0.996957 -0.0595526 -0.0502927 -0.611043 0.0612871 0.997552 0.0336782 -0.554506 0.048164 -0.036658 0.998167 -0.0638198 0 0 0 1 
13001298760156;0.228778;0.585847;0.997631 -0.0361743 -0.0585202 -0.557477 0.0296938 0.993702 -0.108049 0.00527679 0.0620603 0.106056 0.992422 -0.213419 0 0 0 1 
13001298760157;0.606065;0.930264;0.977786 -0.149976 0.14643 -1.33165 0.178012 0.962996 -0.20236 -1.41889 -0.110662 0.223931 0.968302 0.869751 0 0 0 1 
13001298760158;0.344682;2.08392;0.899322 -0.31137 -0.307033 -1.55627 0.259664 0.94519 -0.197967 -1.85571 0.351846 0.098311 0.930881 -1.45774 0 0 0 1 
13001298760159;0.780294;1.29306;0.974842 -0.222347 -0.0156325 -0.624102 0.221754 0.974549 -0.0328448 -1.04914 0.0225376 0.028552 0.999338 -0.533007 0 0 0 1 
13001298760160;0.374691;1.22156;0.921305 -0.380451 -0.0803341 -0.895135 0.386153 0.919447 0.0741843 -2.2628 0.0456395 -0.0993676 0.994004 0.192713 0 0 0 1 
13001298760161;0.829311;0.525234;0.962038 -0.0333966 0.270866 -1.2786 0.00175372 0.993221 0.116231 -0.409794 -0.272911 -0.111344 0.955574 1.23581 0 0 0 1 
13001298760162;0.477774;0.551164;0.986743 0.106081 -0.122825 -0.687028 -0.139389 0.94158 -0.306591 0.429556 0.083126 0.319647 0.943884 0.175396 0 0 0 1 
13001298760163;0.737936;0.564507;0.996574 -0.0819797 0.0108951 -0.168128 0.0820631 0.996599 -0.00743235 -0.861687 -0.0102488 0.00830097 0.999913 0.330457 0 0 0 1 
13001298760164;0.306679;0.855179;0.99258 -0.0585484 -0.10657 -0.9116 0.0262894 0.959045 -0.282032 -0.0400118 0.118718 0.277138 0.953468 -0.323304 0 0 0 1 
13001298760165;0.655134;0.595324;0.994517 -0.102316 -0.0216239 -1.07251 0.103668 0.991765 0.0751981 -0.611502 0.0137518 -0.0770275 0.996934 -0.47878 0 0 0 1 
13001298760166;0.142166;0.545756;0.999903 -0.0119598 0.00708085 -0.62037 0.0121038 0.999713 -0.0206509 -0.179795 -0.00683184 0.0207346 0.999762 0.0512549 0 0 0 1 
13001298760167;0.73402;0.929503;0.985781 0.122778 0.114722 -0.419112 -0.116869 0.991515 -0.0569103 -0.316635 -0.120736 0.0426935 0.991766 0.983506 0 0 0 1 
13001298760168;0.457979;1.01642;0.990437 0.13164 -0.0412912 -0.710275 -0.135178 0.985794 -0.0996812 -0.0644276 0.0275826 0.10431 0.994162 -0.22311 0 0 0 1 
13001298760169;0.0971797;0.647829;0.996295 0.0855257 0.00904265 -0.710576 -0.0859117 0.984899 0.150312 0.0687814 0.00394948 -0.150532 0.988597 -0.0662093 0 0 0 1 
13001298760170;0.865636;1.12825;0.992909 -0.0628881 -0.100878 -1.40073 0.046165 0.98599 -0.160286 -0.47736 0.109545 0.154493 0.981902 0.203261 0 0 0 1 
13001298760171;0.53187;0.651325;0.990243 -0.125725 -0.060104 -0.760326 0.139078 0.91872 0.36961 -1.01895 0.00874954 -0.374363 0.927241 0.387093 0 0 0 1 
13001298760172;0.399772;1.05505;0.961493 -0.131906 0.241106 -0.779967 0.099552 0.984875 0.141813 -1.10569 -0.256165 -0.11235 0.960082 1.269 0 0 0 1 
13001298760173;0.409814;1.32148;0.98265 0.117808 0.143245 -1.16472 -0.113656 0.992836 -0.0368607 -0.382596 -0.146562 0.0199405 0.989001 0.6102 0 0 0 1 
13001298760174;0.230776;0.841396;0.988474 0.0227219 -0.149674 -0.792279 -0.0149314 0.998484 0.05297 -0.484306 0.15065 -0.0501247 0.987316 -0.377251 0 0 0 1 
13001298760175;0.184973;0.627174;0.989043 0.0940814 -0.113768 -0.643913 -0.102584 0.992163 -0.0713355 0.222153 0.106165 0.0822247 0.990943 -0.451587 0 0 0 1 
13001298760176;0.684651;1.30518;0.984638 -0.174601 -0.00167881 -1.28304 0.169639 0.954286 0.24609 -1.99022 -0.0413655 -0.242594 0.969246 -0.371532 0 0 0 1 
13001298760177;0.712892;1.01159;0.996192 0.0561185 0.0667246 -0.731697 -0.0325302 0.949287 -0.312723 -0.0233265 -0.0808903 0.309361 0.947498 0.209287 0 0 0 1 
13001298760178;0.372998;1.11595;0.997244 0.0741555 -0.0021461 -0.834441 -0.0741795 0.997131 -0.015073 -0.554102 0.0010222 0.0151907 0.999884 -0.0369096 0 0 0 1 
13001298760179;0.364497;1.2884;0.956662 -0.291086 0.00820274 -1.01548 0.264833 0.881402 0.391144 -2.30136 -0.121086 -0.37202 0.920293 0.609167 0 0 0 1 
13001298760180;0.444705;1.03694;0.918483 -0.279425 -0.27984 -0.561868 0.368835 0.860548 0.351308 -2.23088 0.142652 -0.425885 0.893461 -0.761341 0 0 0 1 
13001298760181;0.327893;0.468365;0.976496 -0.00645493 0.21544 -0.714838 0.0287282 0.994531 -0.100415 -0.0833403 -0.213614 0.104244 0.971341 0.743852 0 0 0 1 
13001298760182;0.549357;0.536435;0.992786 0.0765746 -0.0922671 -0.43883 -0.0696855 0.994692 0.075708 -0.192621 0.0975746 -0.0687321 0.992852 -0.0178942 0 0 0 1 
13001298760183;0.363905;0.714626;0.979152 -0.0944919 -0.179812 -0.606878 0.127452 0.975074 0.181624 -0.751433 0.158168 -0.200755 0.966789 -0.205577 0 0 0 1 
13001298760184;0.185151;0.675832;0.992719 0.0319865 -0.116132 -0.611121 -0.0261134 0.998319 0.0517469 -0.328678 0.117592 -0.0483375 0.991885 -0.43425 0 0 0 1 
13001298760186;0.752269;1.35496;0.957342 -0.288563 0.0150628 -0.556467 0.288701 0.957387 -0.007921 -1.51176 -0.0121352 0.0119317 0.999855 0.531033 0 0 0 1 
13001298760187;1.11885;1.24429;0.790388 -0.610289 0.0532357 -0.280921 0.61183 0.790773 -0.0184698 -3.23403 -0.0308255 0.0471696 0.998411 0.458272 0 0 0 1 
13001298760188;1.47853;1.31067;0.959752 -0.276766 0.0477122 -0.599818 0.272433 0.876182 -0.397599 -1.23548 0.0682373 0.394595 0.916318 0.0092969 0 0 0 1 
13001298760189;0.694353;1.21634;0.995696 -0.0376442 0.0846843 0.245419 0.0433134 0.99687 -0.066136 -1.0999 -0.0819296 0.0695193 0.994211 0.0976139 0 0 0 1 
13001298760190;1.04867;1.22028;0.878941 -0.451741 -0.152948 -0.470589 0.450547 0.891648 -0.0443956 -2.80507 0.156431 -0.0298892 0.987236 -0.655734 0 0 0 1 
13001298760191;0.608395;1.16299;0.996189 -0.082925 0.0270403 -0.179746 0.0841334 0.99534 -0.0471246 -0.932267 -0.0230065 0.04922 0.998523 -0.145604 0 0 0 1 
13001298760192;0.728377;1.12109;0.939126 -0.325512 0.109933 -0.596843 0.327625 0.944807 -0.00123107 -1.39808 -0.103465 0.0371729 0.993938 0.776011 0 0 0 1 
13001298760193;0.223967;1.26518;0.936307 -0.349681 0.0324476 -0.64995 0.348546 0.936602 0.0359405 -1.76373 -0.0429582 -0.0223418 0.998827 0.0438976 0 0 0 1 
13001298760194;0.894476;0.945724;0.985881 -0.134132 0.100235 -0.384048 0.119498 0.982919 0.139969 -1.24786 -0.117297 -0.126015 0.985069 -0.494876 0 0 0 1 
13001298760195;0.58478;1.20424;0.987902 0.154889 -0.00769853 0.376954 -0.154933 0.98791 -0.00551434 -0.366269 0.00675134 0.00664039 0.999955 0.268727 0 0 0 1 
13001298760196;0.904607;1.35688;0.956667 -0.285035 0.0595248 -0.930202 0.287121 0.957429 -0.0298728 -1.38298 -0.0484759 0.0456691 0.99778 -0.114625 0 0 0 1 
13001298760197;0.286883;1.28763;0.906206 -0.422664 0.0121023 -0.619036 0.422677 0.906279 0.00157984 -2.28483 -0.0116358 0.00368368 0.999926 0.104087 0 0 0 1 
13001298760198;1.24998;1.18536;0.975711 0.193021 0.103592 0.215174 -0.190397 0.981092 -0.0347411 0.237434 -0.108339 0.0141736 0.994013 -0.147802 0 0 0 1 
13001298760199;1.55468;1.18049;0.929062 -0.237258 -0.283818 0.136712 0.212349 0.970285 -0.115998 -1.09314 0.302906 0.0475007 0.951836 -1.54512 0 0 0 1 
13001298760200;0.663257;0.85643;0.978881 -0.203797 0.0161016 -0.579488 0.204018 0.978874 -0.013508 -1.50313 -0.0130085 0.0165077 0.999779 -0.0436525 0 0 0 1 
13001298760201;0.427557;1.29923;0.997601 -0.0534842 0.0439478 -0.196376 0.0407584 0.966973 0.251598 -1.18902 -0.0559528 -0.249203 0.966834 -0.682242 0 0 0 1 
13001298760202;1.14516;1.26333;0.943095 -0.329992 -0.0409511 -0.497208 0.330016 0.913766 0.236898 -2.20943 -0.0407545 -0.236932 0.970671 -1.25717 0 0 0 1 
13001298760203;0.345194;1.26997;0.999867 -0.00522607 0.0154248 -0.0771725 0.00461126 0.999204 0.0396287 -0.762195 -0.0156196 -0.0395523 0.999095 0.000930105 0 0 0 1 
13001298760204;0.987501;1.3317;0.90586 -0.42346 0.00998485 -0.90533 0.423319 0.905879 0.0135779 -1.89376 -0.0147948 -0.00807293 0.999858 -0.512045 0 0 0 1 
13001298760205;1.27725;1.34074;0.913861 -0.398089 0.0798981 -0.105353 0.400262 0.916314 -0.0126346 -2.0705 -0.068182 0.0435264 0.996723 0.8206 0 0 0 1 
13001298760206;0.732057;1.18395;0.999279 -0.00714271 -0.0372878 -0.0257804 -0.00221739 0.969486 -0.245135 -0.580938 0.0379009 0.245041 0.968772 0.989068 0 0 0 1 
13001298760207;0.280311;1.29555;0.890928 -0.419621 -0.17368 -0.465197 0.424845 0.905233 -0.00776219 -2.09049 0.160478 -0.0668715 0.984772 -0.449948 0 0 0 1 
13001298760208;0.976835;1.26071;0.969959 -0.241482 0.0294285 -0.194699 0.241814 0.970288 -0.00822979 -1.90859 -0.0265668 0.0150988 0.999533 0.566552 0 0 0 1 
13001298760209;0.510095;1.35198;0.957156 -0.287693 -0.0329535 -0.135433 0.285926 0.956965 -0.0496476 -1.72278 0.0458186 0.0380982 0.998223 -0.15429 0 0 0 1 
13001298760210;0.786915;1.35745;0.906634 -0.372876 0.197428 -0.877682 0.380725 0.924686 -0.00194694 -1.59412 -0.181833 0.0769309 0.980315 0.447054 0 0 0 1 
13001298760211;0.331308;1.20222;0.965188 -0.243712 0.0949546 -0.466689 0.223012 0.956495 0.188101 -1.50987 -0.136666 -0.160377 0.977549 0.185328 0 0 0 1 
13001298760212;0.525518;1.2999;0.96991 -0.176944 0.167227 -0.562948 0.178159 0.983971 0.00782739 -1.37573 -0.165931 0.0222011 0.985887 0.316921 0 0 0 1 
13001298760213;1.26584;1.27972;0.961956 -0.273199 -0.00174875 -0.0103217 0.27125 0.955817 -0.113301 -1.39181 0.0326253 0.108516 0.993559 0.940942 0 0 0 1 
13001298760214;1.19532;1.45392;0.954182 -0.148307 0.259889 0.0438065 0.115473 0.983758 0.137427 -0.777771 -0.27605 -0.10112 0.955809 0.770858 0 0 0 1 
13001298760215;0.473246;0.980754;0.996056 0.0872897 -0.0158908 0.226679 -0.0861924 0.994467 0.0600492 -0.649207 0.0210446 -0.0584427 0.998069 -0.208181 0 0 0 1 
13001298760217;0.222897;0.209998;0.993053 -0.107455 -0.0479438 -0.12448 0.108804 0.993711 0.0264715 -0.556171 0.0447977 -0.031504 0.998499 -0.0800474 0 0 0 1 
13001298760218;0.56062;0.232654;0.979817 0.112308 0.165363 0.707645 -0.145126 0.96855 0.202113 0.190648 -0.137463 -0.222032 0.965301 -0.0098028 0 0 0 1 
13001298760219;1.35156;0.173094;0.995512 -0.0945567 -0.00374001 -0.275125 0.0944109 0.995117 -0.0288008 -0.091971 0.00644505 0.0283184 0.999578 1.05215 0 0 0 1 
13001298760220;0.477483;0.24419;0.919712 -0.221132 0.324393 -0.155701 0.192863 0.974191 0.117283 -0.745469 -0.341956 -0.0453027 0.938623 1.46714 0 0 0 1 
13001298760221;0.489369;0.262941;0.949849 -0.14907 0.274892 -0.170943 0.123532 0.986437 0.108084 -0.778406 -0.287276 -0.068705 0.955381 1.21934 0 0 0 1 
13001298760222;1.04527;0.196326;0.997371 0.0639944 0.0339972 -0.116319 -0.0700161 0.971956 0.224498 -0.330656 -0.0186771 -0.226288 0.973881 -0.860315 0 0 0 1 
13001298760223;0.25956;0.259706;0.970228 0.112609 0.214421 0.341901 -0.124484 0.991304 0.0426634 0.508008 -0.207752 -0.0680852 0.975809 0.620364 0 0 0 1 
13001298760224;0.137794;0.181337;0.999379 0.00874253 -0.0341344 0.121918 -0.00896908 0.999939 -0.00648942 0.0734432 0.0340755 0.00679154 0.999396 0.0463366 0 0 0 1 
13001298760225;1.05742;0.32294;0.900321 -0.0228601 0.434626 -0.337948 0.0415346 0.998575 -0.033516 -0.281667 -0.433241 0.0482271 0.899987 2.00803 0 0 0 1 
13001298760226;1.15936;0.186647;0.988795 0.14832 -0.0168936 -0.0378119 -0.149015 0.987433 -0.0526411 0.413762 0.00887358 0.0545687 0.998471 0.739646 0 0 0 1 
13001298760227;0.324156;0.161391;0.948106 0.306014 -0.0863136 1.24521 -0.315688 0.938351 -0.140852 1.08372 0.0378898 0.160791 0.986261 0.436536 0 0 0 1 
13001298760228;1.39459;0.223632;0.926501 -0.121676 0.356077 -0.539096 0.237651 0.922883 -0.303001 -0.149288 -0.291749 0.365353 0.883968 2.00028 0 0 0 1 
13001298760229;0.664996;0.231078;0.969365 -0.0300625 0.243776 -0.114739 -0.0242724 0.975899 0.216866 0.0337807 -0.244421 -0.21614 0.945274 0.807846 0 0 0 1 
13001298760230;0.977712;0.187438;0.95321 -0.301587 0.0208864 -0.445802 0.298682 0.950192 0.0890165 -1.59209 -0.0466923 -0.078613 0.995811 -0.509938 0 0 0 1 
13001298760231;0.367575;0.187771;0.904706 0.34241 0.253499 1.26868 -0.346163 0.937658 -0.0311158 1.11315 -0.248349 -0.0596012 0.966835 0.703854 0 0 0 1 
13001298760232;0.090517;0.219667;0.997576 0.0178089 -0.0672695 0.258521 -0.0202706 0.999143 -0.0360917 0.080692 0.0665691 0.0373678 0.997082 -0.0890371 0 0 0 1 
13001298760233;0.668099;0.178118;0.972414 -0.232989 -0.0112727 -0.0910853 0.233175 0.972236 0.0196603 -0.600484 0.00637911 -0.0217465 0.999743 0.0509289 0 0 0 1 
13001298760234;0.755306;0.203458;0.994719 0.0987506 -0.0279697 0.296218 -0.092546 0.980815 0.171573 -0.0175256 0.0443761 -0.168079 0.984774 -0.0833471 0 0 0 1 
13001298760235;0.973297;0.320529;0.999541 -0.020989 -0.0218343 0.233264 0.0217965 0.999062 0.0374279 -0.76017 0.0210282 -0.0378866 0.999061 -0.330151 0 0 0 1 
13001298760236;0.97211;0.152765;0.95417 -0.128596 -0.270229 0.273376 0.172246 0.974398 0.144498 -0.885105 0.244728 -0.184421 0.951891 -1.9061 0 0 0 1 
13001298760237;0.48343;0.304615;0.998911 0.00928074 0.0457197 0.22177 -0.00854518 0.999831 -0.0162579 -0.250224 -0.0458629 0.0158495 0.998822 0.110825 0 0 0 1 
13001298760238;0.245894;0.151453;0.998325 0.0577162 0.0039431 0.267775 -0.0572888 0.995806 -0.0713271 0.128797 -0.00804329 0.0709817 0.997445 0.41614 0 0 0 1 
13001298760239;0.597612;0.532296;0.997835 0.065771 -3.25488e-05 0.520106 -0.0656787 0.996461 0.0524641 -0.0434809 0.00348305 -0.0523483 0.998623 -0.344861 0 0 0 1 
13001298760240;0.379328;0.202924;0.998945 -0.0454952 0.0062692 -0.023984 0.0453692 0.99879 0.0189538 -0.0278248 -0.00712392 -0.0186494 0.999801 0.327569 0 0 0 1 
13001298760241;0.905295;0.170179;0.998298 -0.0338216 -0.0475049 0.561324 0.0410851 0.986039 0.161369 0.0958497 0.0413839 -0.163046 0.98575 -0.664855 0 0 0 1 
13001298760242;0.886526;0.208707;0.927159 -0.331003 0.175536 -0.933064 0.314107 0.942099 0.117414 -1.31228 -0.204236 -0.053725 0.977446 0.241785 0 0 0 1 
13001298760243;0.836676;0.180552;0.94879 0.255099 0.186338 1.06627 -0.233152 0.963462 -0.131839 0.568783 -0.213162 0.081643 0.9736 0.635038 0 0 0 1 
13001298760244;1.22657;0.142537;0.994225 0.105332 0.02055 0.968592 -0.105235 0.994431 -0.00574649 0.530845 -0.0210408 0.00355073 0.999772 0.79214 0 0 0 1 
13001298760245;1.14759;0.340269;0.99772 -0.0670611 -0.00755842 -0.70413 0.0657052 0.990842 -0.11796 -0.0374804 0.0153998 0.117195 0.99299 0.104944 0 0 0 1 
13001298760246;0.304771;0.324338;0.981851 0.144691 -0.122609 0.677258 -0.148825 0.988542 -0.0252045 0.428653 0.117557 0.0429943 0.992135 -0.267515 0 0 0 1 
13001298760248;0.0489943;0.996986;0.940765 -0.325232 0.0958441 -1.17542 0.330799 0.942428 -0.0490029 -1.87621 -0.0743888 0.0778053 0.994189 0.434845 0 0 0 1 
13001298760249;0.420407;0.722948;0.961027 -0.273763 0.0384932 -1.11602 0.274391 0.961543 -0.0119975 -1.61646 -0.0337284 0.0220921 0.999187 -0.13596 0 0 0 1 
13001298760250;0.517589;0.875893;0.949012 -0.284515 0.135748 -1.03163 0.285169 0.958359 0.0150191 -1.59689 -0.134369 0.0244579 0.99063 0.878619 0 0 0 1 
13001298760251;0.918817;0.908266;0.915047 -0.365897 0.169733 -0.616082 0.367064 0.929843 0.0256057 -1.59984 -0.167194 0.0388725 0.985157 0.274839 0 0 0 1 
13001298760252;0.624083;0.9634;0.951668 -0.301992 0.0559331 -1.43619 0.306116 0.94744 -0.093007 -1.24176 -0.0249059 0.105634 0.994093 0.498146 0 0 0 1 
13001298760253;0.848575;0.884108;0.973381 -0.180342 0.141443 -0.482012 0.176981 0.983552 0.036098 -1.13016 -0.145626 -0.0101044 0.989288 0.843254 0 0 0 1 
13001298760254;0.316984;1.0096;0.973407 -0.216394 -0.0751894 -0.403874 0.208492 0.972832 -0.10064 -1.40408 0.0949245 0.0822869 0.992078 0.100496 0 0 0 1 
13001298760255;0.292142;0.87217;0.985806 -0.0685289 -0.153264 -0.439751 0.0680018 0.997647 -0.00868494 -0.832798 0.153499 -0.00186056 0.988147 -0.558421 0 0 0 1 
13001298760256;0.288912;0.853657;0.932963 -0.348812 0.0889397 -1.16546 0.355254 0.932061 -0.0711099 -1.99908 -0.0580933 0.0979391 0.993495 0.610127 0 0 0 1 
13001298760257;0.0896223;0.927371;0.918732 -0.360626 0.160876 -1.25368 0.354039 0.932689 0.0689045 -1.97799 -0.174896 -0.00634819 0.984566 0.4997 0 0 0 1 
13001298760258;0.918056;0.845503;0.91619 -0.389363 0.0948223 -1.51891 0.384211 0.920712 0.0683475 -1.2692 -0.113916 -0.0261875 0.993145 0.321199 0 0 0 1 
13001298760259;0.628443;0.879134;0.947551 -0.30022 0.109613 -1.38478 0.297105 0.953825 0.0441152 -1.48733 -0.117796 -0.00923488 0.992995 -0.155602 0 0 0 1 
13001298760260;0.777086;1.19618;0.993781 -0.109158 0.0219991 -0.291808 0.106974 0.990741 0.0835966 -0.768763 -0.0309207 -0.0807234 0.996257 -0.244142 0 0 0 1 
13001298760261;0.754638;0.806977;0.873567 -0.482539 0.0635349 -1.54345 0.475836 0.81932 -0.319834 -2.22427 0.102277 0.309629 0.945341 1.12825 0 0 0 1 
