#;prob_registration_l1 -r /home/probabilistic_point_clouds_registration/build/tester /home/point_clouds_registration_benchmark//devel/registration_pairs/box_met_local.txt /home/point_clouds_registration_benchmark//planetary/box_met -s 0.2 -t 0.2 -p 0.3 -r 1000 -m 15 -i 40 
id;initial_error;final_error;transformation
7680147070000;1.79635;4.88639;0.868099 0.236158 0.436616 -11.3295 -0.174169 0.968569 -0.177593 -4.49397 -0.464832 0.0781234 0.881945 -32.8757 0 0 0 1 
7680147070001;0.811107;4.86755;0.967753 0.23979 0.0771653 -8.86251 -0.217101 0.949322 -0.227278 -6.09616 -0.127754 0.203197 0.970768 -13.0868 0 0 0 1 
7680147070002;1.49386;4.90339;0.962625 0.0246798 -0.26971 -6.20703 -0.0938359 0.964551 -0.246649 0.395121 0.254062 0.262739 0.930817 7.30197 0 0 0 1 
7680147070003;0.946768;4.93011;0.986263 0.165182 -0.00043812 -6.91347 -0.162351 0.968867 -0.186917 -4.0225 -0.0304508 0.184421 0.982376 -5.29287 0 0 0 1 
7680147070004;1.43077;5.17131;0.999032 -0.0402244 -0.0177787 -2.43582 0.0375073 0.990389 -0.133125 6.1411 0.0229627 0.132329 0.99094 -2.26379 0 0 0 1 
7680147070005;0.312811;5.08819;0.982626 0.174082 0.0643567 -6.81341 -0.175567 0.9843 0.0181364 -3.21192 -0.0601891 -0.0291201 0.997762 -4.66848 0 0 0 1 
7680147070006;1.56238;5.01754;0.998679 0.0511249 -0.0050619 -3.44174 -0.0509997 0.998448 0.0223717 2.78961 0.0061978 -0.022084 0.999737 -2.57342 0 0 0 1 
7680147070007;1.77223;5.27427;0.95667 0.170995 0.235674 -7.24131 -0.22434 0.948834 0.222228 -4.33122 -0.185616 -0.265471 0.946083 -10.3209 0 0 0 1 
7680147070008;0.368314;5.35757;0.974915 0.20086 0.0958907 -7.57829 -0.202562 0.979235 0.00825919 -4.36389 -0.0922406 -0.0274759 0.995358 -6.47112 0 0 0 1 
7680147070009;2.02654;4.79991;0.998346 0.0547705 0.0175007 -4.69802 -0.0532205 0.99543 -0.0792931 2.33516 -0.0217636 0.0782306 0.996698 -6.94828 0 0 0 1 
7680147070010;1.67484;4.92284;0.991913 0.0348797 -0.122034 -4.22405 -0.0360382 0.999324 -0.0072978 3.98389 0.121697 0.0116367 0.992499 7.70184 0 0 0 1 
7680147070011;1.58383;4.81982;0.96921 0.0551256 0.239984 -4.8607 0.0318646 0.938344 -0.344233 5.75138 -0.244163 0.341281 0.907696 -20.29 0 0 0 1 
7680147070012;1.55669;4.60721;0.992978 0.0958157 0.069385 -5.94606 -0.0795625 0.97495 -0.207707 0.889486 -0.0875485 0.200728 0.975727 -8.3101 0 0 0 1 
7680147070013;1.90796;5.1264;0.989304 0.144232 0.0218016 -6.07297 -0.145733 0.970779 0.190657 -0.890008 0.00633439 -0.191795 0.981415 -0.43916 0 0 0 1 
7680147070014;1.7784;4.93753;0.981472 0.190006 -0.0247161 -7.64647 -0.191392 0.978285 -0.0795429 -4.23791 0.00906579 0.0827996 0.996525 -4.71588 0 0 0 1 
7680147070015;0.363704;5.01378;0.998552 0.0210816 -0.0495013 -4.29967 -0.0012946 0.929187 0.369607 9.91695 0.0537879 -0.369008 0.927869 7.91614 0 0 0 1 
7680147070016;0.265959;4.89766;0.993117 0.112941 0.0310174 -5.38979 -0.114364 0.992243 0.0487309 0.247642 -0.025273 -0.0519427 0.99833 -2.30607 0 0 0 1 
7680147070017;0.994504;4.94535;0.999274 -0.0380938 0.000621939 -3.10475 0.0380828 0.999194 0.0127195 8.40253 -0.00110597 -0.0126866 0.999919 -2.44878 0 0 0 1 
7680147070018;1.14391;5.2046;0.926249 0.109087 -0.36078 -12.7733 -0.10657 0.99394 0.0269285 1.1988 0.361531 0.013506 0.932262 19.4269 0 0 0 1 
7680147070019;1.59901;4.76964;0.997298 0.0692107 0.0246456 -3.04426 -0.0693204 0.997588 0.00362152 3.85444 -0.0243355 -0.00532017 0.99969 -2.44944 0 0 0 1 
7680147070020;1.99055;5.05941;0.9682 0.0987707 0.229853 -7.32759 -0.122509 0.988252 0.0913773 0.738216 -0.218127 -0.116631 0.968926 -10.9937 0 0 0 1 
7680147070021;1.30849;4.84028;0.970567 0.022448 -0.239782 -6.80171 0.0279886 0.978386 0.204885 10.1924 0.239198 -0.205565 0.948961 14.7225 0 0 0 1 
7680147070022;0.490232;4.95322;0.997953 -0.0148351 0.0622052 -2.59205 0.0120188 0.998896 0.0454052 7.32505 -0.0628101 -0.0445647 0.99703 -3.82953 0 0 0 1 
7680147070023;1.93092;4.62379;0.984686 0.165894 0.0535894 -6.23258 -0.156755 0.977043 -0.144274 -1.09616 -0.0762933 0.133664 0.988086 -7.46508 0 0 0 1 
7680147070024;2.01577;5.54733;0.977659 0.16003 -0.136282 -6.46951 -0.130732 0.970636 0.20193 -0.0136169 0.164595 -0.179602 0.969872 9.86552 0 0 0 1 
7680147070025;1.53658;5.1586;0.96215 -0.0605576 -0.265708 -5.04995 0.0254368 0.990698 -0.133681 6.4328 0.271332 0.121863 0.95474 10.0979 0 0 0 1 
7680147070026;1.23157;5.13973;0.977621 0.202092 0.0584488 -7.21014 -0.206345 0.975261 0.0792947 -3.66511 -0.040978 -0.0895807 0.995136 -0.876913 0 0 0 1 
7680147070027;1.05263;4.88318;0.926664 0.130277 0.352593 -8.67308 -0.181874 0.976305 0.117264 -3.15176 -0.328962 -0.172792 0.9284 -18.115 0 0 0 1 
7680147070028;0.137424;4.91719;0.995747 0.0890885 0.0234645 -4.63163 -0.0893831 0.995927 0.011821 1.21061 -0.0223159 -0.0138681 0.999655 -2.3758 0 0 0 1 
7680147070029;1.81513;4.67393;0.995657 0.0703044 -0.0610238 -5.6816 -0.0716796 0.997214 -0.0206437 4.23414 0.0594024 0.0249283 0.997923 2.18855 0 0 0 1 
7680147070031;0.429088;2.25867;0.974288 -0.0512864 -0.219392 -4.75849 0.0510543 0.998673 -0.00673092 2.34855 0.219446 -0.00464306 0.975614 1.00415 0 0 0 1 
7680147070032;0.91489;2.33234;0.994903 -0.00745661 0.100556 -3.17972 -0.00128015 0.996247 0.0865411 3.19219 -0.100824 -0.0862287 0.99116 -0.165125 0 0 0 1 
7680147070033;0.415478;2.12198;0.976842 -0.000587344 0.21396 -3.51215 0.0654283 0.952913 -0.2961 1.74743 -0.203711 0.303242 0.930885 -9.9424 0 0 0 1 
7680147070034;0.600344;2.32251;0.984982 -0.0820075 -0.151936 -3.6986 0.0535834 0.981741 -0.18252 1.79801 0.16413 0.171638 0.971392 -2.30803 0 0 0 1 
7680147070035;0.44843;2.06129;0.997314 -0.0155199 0.0715878 -3.52432 0.000733478 0.979364 0.202104 2.68479 -0.0732471 -0.201508 0.976744 2.41746 0 0 0 1 
7680147070036;0.879785;2.11017;0.999217 -0.0395311 -0.00183718 -5.07938 0.0394296 0.998462 -0.0389739 2.60918 0.00337503 0.0388709 0.999239 -1.79424 0 0 0 1 
7680147070037;0.82527;2.04223;0.999481 -0.0119512 0.0299019 -3.48058 0.0113054 0.999701 0.0216745 2.28337 -0.030152 -0.0213252 0.999318 1.26466 0 0 0 1 
7680147070038;0.802274;2.06023;0.978039 -0.0242065 0.207014 -3.40929 -0.0358354 0.958912 0.281432 4.33395 -0.20532 -0.28267 0.936985 3.85188 0 0 0 1 
7680147070039;1.33952;2.28593;0.999793 -0.000972243 0.0203299 -6.4136 0.000581275 0.999815 0.0192282 2.33951 -0.0203448 -0.0192124 0.999608 0.526499 0 0 0 1 
7680147070040;0.158831;2.12891;0.999476 -0.0300036 -0.0121467 -3.53503 0.0282401 0.991654 -0.125794 1.61197 0.0158196 0.125385 0.991982 -3.18882 0 0 0 1 
7680147070041;1.36617;2.10478;0.997992 -0.0410978 0.048189 -3.31866 0.0396462 0.998742 0.0307023 2.4142 -0.0493902 -0.0287301 0.998366 -3.38165 0 0 0 1 
7680147070042;0.46675;2.16335;0.995722 0.0045031 0.0922899 -3.74498 0.0151277 0.97739 -0.210904 1.38566 -0.091153 0.211398 0.97314 -6.88382 0 0 0 1 
7680147070043;1.14629;1.99522;0.964919 0.0511711 0.257512 -2.13907 0.00914748 0.973675 -0.227758 0.228664 -0.262388 0.222124 0.939049 -7.71131 0 0 0 1 
7680147070044;0.702038;2.2358;0.99928 -0.0225267 -0.0305239 -4.17339 0.0244874 0.997554 0.0654643 2.73376 0.0289745 -0.0661647 0.997388 2.49843 0 0 0 1 
7680147070045;0.887978;2.17061;0.998753 -0.0256719 0.0428245 -3.63508 0.0262086 0.999584 -0.0120174 2.79115 -0.0424981 0.0131248 0.99901 -2.62098 0 0 0 1 
7680147070046;0.520495;2.05435;0.993086 -0.0361875 0.111674 -2.83476 0.0555277 0.982953 -0.17527 1.65177 -0.103428 0.180259 0.978166 -6.56987 0 0 0 1 
7680147070047;1.3778;2.40365;0.997299 0.0142636 -0.0720438 -7.2879 0.00614746 0.961303 0.275423 4.92958 0.0731845 -0.275122 0.95862 7.22793 0 0 0 1 
7680147070048;1.12108;2.16625;0.999867 -0.015576 0.00477837 -1.91331 0.0157979 0.998595 -0.0505841 0.754977 -0.00398376 0.0506528 0.998708 -1.16975 0 0 0 1 
7680147070049;0.932757;2.13145;0.996483 -0.0693752 -0.0469925 -3.52862 0.0614251 0.986243 -0.153465 2.81163 0.0569927 0.150039 0.987036 -1.92966 0 0 0 1 
7680147070050;1.2993;2.09604;0.957489 -0.0591484 -0.282342 -6.97539 0.0214837 0.990656 -0.134678 1.75961 0.28767 0.122887 0.949813 -0.829682 0 0 0 1 
7680147070051;0.92457;2.22874;0.996888 -0.0538984 0.0575326 -2.52298 0.0372977 0.965388 0.258137 3.72805 -0.0694545 -0.255188 0.964394 2.45436 0 0 0 1 
7680147070052;0.840224;2.22126;0.962485 -0.0595962 -0.26471 -3.99115 0.0994724 0.985159 0.139885 4.16783 0.252444 -0.160969 0.954128 6.40814 0 0 0 1 
7680147070053;0.82655;2.12475;0.999798 -0.0176272 0.00965216 -3.24498 0.0178143 0.999648 -0.0196505 1.70967 -0.00930238 0.0198185 0.99976 0.44322 0 0 0 1 
7680147070054;0.270576;2.21204;0.998033 0.0188791 0.0597778 -4.70045 -0.0212645 0.998992 0.0395225 1.65938 -0.0589714 -0.0407159 0.997429 -0.36562 0 0 0 1 
7680147070055;0.73698;1.95577;0.984255 -0.128979 -0.120856 -1.63411 0.0626821 0.894017 -0.443626 2.08402 0.165266 0.429066 0.888026 -7.59867 0 0 0 1 
7680147070056;0.896614;1.97479;0.998797 -0.0437889 -0.0220778 -3.17939 0.043081 0.998572 -0.0315801 1.7945 0.0234291 0.0305909 0.999257 -2.97655 0 0 0 1 
7680147070057;0.403726;2.0413;0.997685 0.00700855 0.0676488 -4.56015 -0.00358586 0.998713 -0.0505844 1.73365 -0.0679163 0.0502247 0.996426 -2.35516 0 0 0 1 
7680147070058;0.771956;2.2396;0.991875 0.00785183 0.126975 -4.2719 0.0146363 0.984423 -0.175208 1.53493 -0.126372 0.175643 0.976309 -7.34637 0 0 0 1 
7680147070059;0.054331;2.10164;0.999325 -0.0231029 0.0285676 -3.40535 0.0235981 0.999575 -0.0171214 1.92644 -0.0281599 0.017784 0.999445 -1.4141 0 0 0 1 
7680147070060;0.252286;2.15249;0.999831 -0.00926168 0.0158677 -3.91668 0.00471258 0.964032 0.265746 4.05143 -0.0177582 -0.265626 0.963913 4.45864 0 0 0 1 
7680147070062;0.694613;3.92843;0.997754 0.0424242 0.0518309 3.42822 -0.0440579 0.998554 0.0307942 -2.23232 -0.0504495 -0.0330086 0.998181 -0.607219 0 0 0 1 
7680147070063;0.642429;3.46861;0.996003 -0.0853232 -0.0264102 5.35679 0.0854817 0.996328 0.00493278 0.960797 0.0258924 -0.00717066 0.999639 0.586633 0 0 0 1 
7680147070064;1.73702;3.70696;0.993308 -0.104974 -0.0481668 4.3314 0.0928592 0.97384 -0.207396 0.783847 0.0686778 0.201535 0.977071 -2.73588 0 0 0 1 
7680147070065;2.03958;3.62977;0.979863 -0.0271231 -0.197822 0.795336 0.0559587 0.988331 0.141669 1.772 0.191671 -0.149886 0.969947 6.64622 0 0 0 1 
7680147070066;1.4044;3.497;0.99513 -0.0570019 0.0804224 3.82107 0.0668948 0.989743 -0.126231 0.400344 -0.0724021 0.130996 0.988736 -3.65466 0 0 0 1 
7680147070067;2.44929;3.54284;0.995452 -0.047749 -0.0824317 4.94745 0.04913 0.998683 0.0148048 -0.0957056 0.0816162 -0.0187873 0.996487 -0.00778216 0 0 0 1 
7680147070068;0.72785;3.56292;0.996524 -0.0308577 -0.0773782 3.93491 0.0278405 0.998821 -0.0397729 -0.692142 0.0785143 0.0374804 0.996208 2.47603 0 0 0 1 
7680147070069;0.403431;3.41715;0.998025 -0.038516 0.0496217 4.68742 0.0558373 0.905834 -0.419937 -0.528253 -0.0287747 0.421878 0.906196 -8.17604 0 0 0 1 
7680147070070;2.46104;3.79824;0.924805 -0.152759 -0.348425 3.01759 0.0735071 0.970336 -0.230316 -1.18334 0.373273 0.187386 0.9086 4.1864 0 0 0 1 
7680147070071;1.40642;3.24064;0.950689 0.0489444 0.30626 3.51148 -0.0897662 0.988627 0.120656 -1.99931 -0.296871 -0.142198 0.944271 -6.09735 0 0 0 1 
7680147070072;0.468235;3.34972;0.996587 -0.0116855 -0.0817125 3.33611 0.0117072 0.999931 -0.000213352 -0.785574 0.0817094 -0.000744003 0.996656 2.03806 0 0 0 1 
7680147070073;0.953779;3.21015;0.996441 0.0140101 0.0831247 3.47805 0.00260506 0.980503 -0.196485 -2.04493 -0.0842569 0.196002 0.976977 -4.32718 0 0 0 1 
7680147070074;0.189263;3.53156;0.997364 -0.0682887 -0.024519 4.90474 0.0631623 0.983454 -0.169789 -0.403397 0.035708 0.167793 0.985175 -1.76755 0 0 0 1 
7680147070075;2.44638;3.61622;0.957307 -0.104777 -0.269415 5.77659 0.0184717 0.952267 -0.304707 -1.60916 0.288481 0.286722 0.913548 2.50154 0 0 0 1 
7680147070076;2.31741;3.63419;0.993517 -0.079873 -0.0809027 5.01066 0.0777674 0.996554 -0.0288564 -0.0541205 0.0829287 0.0223777 0.996304 4.19382 0 0 0 1 
7680147070077;2.21484;3.71517;0.999313 -0.00712009 -0.0363703 5.68042 0.0032985 0.994564 -0.104073 -1.46876 0.0369136 0.103881 0.993904 1.44724 0 0 0 1 
7680147070078;0.226189;3.84834;0.99031 0.0049031 -0.138786 3.28828 0.0421534 0.941611 0.334053 3.18214 0.13232 -0.336666 0.932281 8.89797 0 0 0 1 
7680147070079;1.94297;4.08168;0.995298 -0.0153607 0.0956303 4.30491 0.037874 0.970452 -0.238305 -0.555504 -0.0891441 0.240806 0.966471 -6.56319 0 0 0 1 
7680147070080;2.14298;3.64017;0.997131 -0.075002 -0.0102588 4.66261 0.0716465 0.978779 -0.191984 0.321334 0.0244403 0.190698 0.981344 0.0204598 0 0 0 1 
7680147070081;1.69906;3.62199;0.999419 0.00237236 0.0340016 5.48121 0.00188614 0.992197 -0.124667 -1.29401 -0.0340321 0.124659 0.991616 -1.29556 0 0 0 1 
7680147070082;2.0972;3.39932;0.954315 -0.164401 -0.249511 3.72657 0.0917308 0.955902 -0.278993 -0.272502 0.284374 0.243359 0.927312 4.55291 0 0 0 1 
7680147070083;0.59076;3.01783;0.999277 -0.0350291 0.0147834 3.77354 0.0379075 0.947912 -0.316268 -1.38157 -0.00293482 0.3166 0.948555 -5.69952 0 0 0 1 
7680147070084;0.946739;3.6611;0.997494 -0.0587523 -0.0394222 5.65524 0.0593866 0.998121 0.0151162 0.499161 0.03846 -0.0174194 0.999108 2.35674 0 0 0 1 
7680147070085;1.67199;3.49045;0.959172 0.0463975 -0.278991 0.880835 0.0544518 0.937701 0.34315 3.50019 0.277531 -0.344331 0.89689 13.8042 0 0 0 1 
7680147070086;1.58068;3.63568;0.998745 -0.0407421 -0.0291287 4.29814 0.0414221 0.998874 0.0231362 -0.309773 0.0281533 -0.0243137 0.999308 -0.287143 0 0 0 1 
7680147070087;0.945675;4.31123;0.988966 0.0225135 -0.146424 2.75259 -0.0525728 0.97739 -0.204803 -3.82903 0.138503 0.210241 0.967789 -0.271357 0 0 0 1 
7680147070088;1.00125;4.22401;0.982656 0.046877 0.179414 4.15327 -0.042296 0.998676 -0.0292757 -3.52253 -0.180549 0.0211794 0.983338 -4.63579 0 0 0 1 
7680147070089;1.42162;4.23992;0.999013 0.0263957 0.0357298 4.45329 -0.0271676 0.999404 0.021293 -2.14072 -0.0351465 -0.0222427 0.999135 1.41108 0 0 0 1 
7680147070090;0.678915;3.54869;0.99584 -0.0691333 -0.0593572 5.13458 0.071541 0.996658 0.0394419 1.17771 0.0564321 -0.0435243 0.997457 2.19159 0 0 0 1 
7680147070091;1.30647;3.44297;0.985077 -0.0789438 -0.152942 2.63298 0.0624377 0.991982 -0.109878 0.481027 0.160389 0.0986886 0.982108 2.34277 0 0 0 1 
7680147070093;0.528987;0.6858;0.995896 -0.0142453 -0.0893756 -1.0318 0.0198756 0.997852 0.0624263 1.4937 0.0882943 -0.0639465 0.99404 7.47695 0 0 0 1 
7680147070094;0.750267;0.871239;0.976239 -0.0254207 -0.215202 -2.82613 0.0525583 0.991219 0.121337 4.4827 0.210228 -0.129764 0.969002 17.6231 0 0 0 1 
7680147070095;1.32662;1.18721;0.993347 0.0984129 0.0598117 -4.33727 -0.0779193 0.956778 -0.280186 -8.63686 -0.0848005 0.273661 0.958081 -12.6873 0 0 0 1 
7680147070096;1.72861;0.701372;0.999082 0.0336993 0.0264654 -1.79126 -0.0323415 0.998217 -0.0501588 -3.2401 -0.0281085 0.0492568 0.998391 0.131054 0 0 0 1 
7680147070097;1.58172;1.72207;0.997226 -0.00978748 -0.0737813 -0.714678 0.0139054 0.998361 0.0555068 1.34794 0.0731171 -0.0563788 0.995729 6.85925 0 0 0 1 
7680147070098;0.811119;0.510537;0.980586 -0.0376121 -0.19245 -3.24063 0.0176762 0.994391 -0.104277 -0.291382 0.195293 0.0988505 0.975751 12.5377 0 0 0 1 
7680147070099;0.734807;0.710579;0.999846 0.00235128 0.0174178 -1.62379 -0.00228758 0.999991 -0.00367638 -1.59755 -0.0174263 0.00363597 0.999842 -1.60429 0 0 0 1 
7680147070100;0.613699;0.676903;0.934826 0.0884042 0.343925 -5.38323 -0.0661609 0.994918 -0.075906 -5.82503 -0.348888 0.0482045 0.935924 -26.9109 0 0 0 1 
7680147070101;0.463274;0.683932;0.998978 -0.00673524 -0.0446995 -0.72441 0.00113321 0.992258 -0.124186 -1.22514 0.0451899 0.124008 0.991252 0.154212 0 0 0 1 
7680147070102;1.71997;1.36732;0.990868 0.0597396 0.120876 -2.23407 -0.035821 0.980908 -0.191147 -4.41079 -0.129987 0.185072 0.97409 -15.8041 0 0 0 1 
7680147070103;0.768405;1.02392;0.984085 0.0357965 0.174053 -1.80541 -0.0422865 0.998536 0.0337217 -3.28354 -0.172591 -0.0405451 0.984159 -9.9462 0 0 0 1 
7680147070104;1.11988;0.887147;0.999622 0.0230729 0.0149214 -2.31753 -0.0222401 0.998306 -0.0537557 -3.85588 -0.0161364 0.0534036 0.998443 -2.44858 0 0 0 1 
7680147070105;0.792054;1.42387;0.970073 0.0346325 0.240331 -2.85186 -0.0305122 0.999317 -0.0208454 -3.48547 -0.240889 0.0128886 0.970467 -18.1171 0 0 0 1 
7680147070106;0.562855;0.845707;0.998611 0.0110164 -0.0515237 -2.20849 -0.014195 0.997991 -0.0617393 -1.95951 0.0507401 0.0623849 0.996762 3.21602 0 0 0 1 
7680147070107;0.610731;0.585629;0.999839 -0.0114365 0.0138599 -0.0553246 0.00937946 0.990061 0.140323 1.64756 -0.0153269 -0.14017 0.990009 3.03987 0 0 0 1 
7680147070108;1.42716;1.17317;0.999183 0.00992577 -0.0391851 -0.93899 -0.011752 0.998842 -0.0466523 -1.34115 0.0386766 0.0470747 0.998142 0.477593 0 0 0 1 
7680147070109;0.474796;0.560152;0.899147 0.0396519 0.435846 -5.52111 -0.0991791 0.988439 0.114681 -6.3925 -0.42626 -0.146342 0.892685 -27.9086 0 0 0 1 
7680147070110;0.941477;0.809084;0.999841 0.0109939 0.014075 -1.99925 -0.0100351 0.997738 -0.0664678 -2.91746 -0.0147739 0.066316 0.997689 -2.54188 0 0 0 1 
7680147070111;1.47967;1.37289;0.999944 0.00677379 0.0081425 -0.203825 -0.00658418 0.999712 -0.0230917 -0.655172 -0.00829657 0.0230368 0.9997 0.385773 0 0 0 1 
7680147070112;1.75011;0.66686;0.996139 -0.00288415 -0.0877424 -3.47577 0.0334748 0.936428 0.349258 4.41739 0.0811572 -0.350847 0.932909 12.2367 0 0 0 1 
7680147070113;1.0332;0.904509;0.997018 0.0264702 0.0724895 -1.4949 -0.0222394 0.998036 -0.0585622 -2.36477 -0.0738973 0.0567755 0.995648 -6.03439 0 0 0 1 
7680147070114;0.426388;0.636874;0.982027 -0.0355767 0.185355 0.0541572 -0.039125 0.922368 0.384325 1.49938 -0.184639 -0.38467 0.904399 -4.09487 0 0 0 1 
7680147070115;1.70185;1.31225;0.994522 -0.00153914 -0.104515 -2.00904 -0.0362917 0.932605 -0.359069 -5.07354 0.0980243 0.360895 0.92744 -2.22594 0 0 0 1 
7680147070116;1.08478;0.485561;0.997095 0.0647667 0.0400913 -3.03763 -0.0466959 0.93557 -0.35004 -4.9451 -0.0601792 0.347151 0.935877 -14.0791 0 0 0 1 
7680147070117;0.562653;0.873732;0.996825 0.0194045 0.0772271 -0.68342 -0.0266035 0.995282 0.0933108 -1.51403 -0.0750521 -0.095069 0.992637 -2.81952 0 0 0 1 
7680147070118;0.421204;0.588902;0.992832 -0.0186199 -0.118057 -1.30076 0.00743692 0.9955 -0.0944675 -0.308489 0.119285 0.0929124 0.988503 6.49845 0 0 0 1 
7680147070119;1.56631;0.765368;0.997938 0.0163723 0.0620698 -1.05179 -0.0126276 0.998103 -0.0602491 -2.20142 -0.0629385 0.0593411 0.996252 -8.20346 0 0 0 1 
7680147070120;0.829004;1.27844;0.999621 0.0163828 -0.0221204 -2.81485 -0.0200704 0.983755 -0.178393 -4.03049 0.0188384 0.17877 0.983711 -1.64535 0 0 0 1 
7680147070121;0.0967963;0.690839;0.997277 0.0174958 0.0716363 -1.0365 -0.0200838 0.999165 0.0355676 -1.85199 -0.0709542 -0.0369095 0.996796 -3.85149 0 0 0 1 
7680147070122;0.194803;0.736773;0.999677 -0.0130374 -0.021802 -0.864872 0.012245 0.999274 -0.0360893 -0.150612 0.0222567 0.0358107 0.999111 1.13329 0 0 0 1 
7680147070124;1.64617;1.78326;0.994493 -0.0240293 0.102012 -1.47779 0.0384018 0.989213 -0.141358 3.93785 -0.0975153 0.144497 0.984689 -8.31388 0 0 0 1 
7680147070125;1.40625;1.81335;0.996849 -0.068438 0.0400972 -1.86468 0.0685567 0.997646 -0.00159038 6.97334 -0.039894 0.0043343 0.999195 -4.8339 0 0 0 1 
7680147070126;1.2267;1.74915;0.996928 -0.074593 -0.0238858 -2.88539 0.0748088 0.997164 0.0082683 8.0113 0.0232012 -0.0100298 0.999681 1.41862 0 0 0 1 
7680147070127;1.9725;1.7308;0.9856 -0.109496 -0.128853 -1.96188 0.0914658 0.986147 -0.138377 8.286 0.142219 0.124599 0.981962 7.37398 0 0 0 1 
7680147070128;1.62499;2.89696;0.965667 -0.0731095 -0.249284 -5.32823 0.0738467 0.997249 -0.00640674 7.59773 0.249067 -0.0122221 0.968409 13.2091 0 0 0 1 
7680147070129;0.486275;1.88171;0.998906 -0.0251178 -0.039446 -1.35189 0.0231276 0.998475 -0.0501244 3.61935 0.0406449 0.0491573 0.997964 2.74552 0 0 0 1 
7680147070130;1.63305;2.495;0.99641 -0.0268035 0.0803089 -1.79469 0.0180659 0.994029 0.107615 4.38943 -0.0827138 -0.105778 0.990944 -4.34179 0 0 0 1 
7680147070131;2.14793;1.6511;0.927341 0.0283696 0.373141 -4.84932 0.0609664 0.972347 -0.225442 6.04882 -0.369218 0.231811 0.899968 -25.6723 0 0 0 1 
7680147070132;1.4581;2.60416;0.995498 -0.0500548 -0.0804853 -2.76866 0.0492567 0.998716 -0.011873 5.3868 0.0809762 0.00785512 0.996685 2.90992 0 0 0 1 
7680147070133;1.07349;2.62428;0.999309 -0.0224837 -0.0295938 -1.63292 0.0221564 0.99969 -0.0113422 3.26628 0.0298396 0.0106787 0.999498 1.79091 0 0 0 1 
7680147070134;1.69636;2.00501;0.993521 -0.0292519 -0.109818 -2.28989 0.0151252 0.991745 -0.12733 2.66004 0.112636 0.124844 0.985762 9.38861 0 0 0 1 
7680147070135;0.51747;1.92126;0.939069 -0.103065 -0.327912 -6.23376 0.101197 0.994605 -0.0228049 8.59731 0.328493 -0.0117684 0.944433 19.7943 0 0 0 1 
7680147070136;0.646267;2.56543;0.916732 -0.101154 -0.386484 -8.58552 0.0504142 0.988971 -0.139262 5.6704 0.396309 0.108182 0.911722 25.8268 0 0 0 1 
7680147070137;2.04694;2.78271;0.993117 -0.00959221 -0.116733 -2.60012 0.0263747 0.989359 0.143088 4.62078 0.114118 -0.145182 0.982802 8.46469 0 0 0 1 
7680147070138;0.720049;1.97223;0.999277 -0.0289651 -0.0246116 -1.6241 0.0263544 0.99459 -0.100484 3.66365 0.027389 0.0997623 0.994634 1.04879 0 0 0 1 
7680147070139;1.74647;1.95863;0.997669 -0.0483178 0.0481765 -1.85767 0.0497343 0.998351 -0.0286507 5.43438 -0.0467128 0.03098 0.998428 -5.72417 0 0 0 1 
7680147070140;0.663015;2.28764;0.99943 -0.0328264 0.00783735 -1.71508 0.0333679 0.995931 -0.0837147 3.92101 -0.00505741 0.0839285 0.996459 -0.841928 0 0 0 1 
7680147070141;0.53013;1.88635;0.998719 -0.0483098 0.0150613 -0.84079 0.0484833 0.998759 -0.0113747 4.92732 -0.0144931 0.0120903 0.999822 -1.17121 0 0 0 1 
7680147070142;1.96977;2.44004;0.982196 -0.06514 -0.176206 -5.47021 0.0249204 0.974848 -0.221473 5.03939 0.186201 0.213139 0.959115 13.5221 0 0 0 1 
7680147070143;0.856847;2.59816;0.982136 -0.0383636 0.184221 -3.14185 0.00702712 0.985792 0.167825 4.103 -0.188042 -0.163532 0.968451 -13.4623 0 0 0 1 
7680147070144;1.63732;2.1399;0.996814 0.00865431 0.0792932 -0.841241 -0.00968256 0.999874 0.0125923 0.345668 -0.0791742 -0.01332 0.996772 -6.53757 0 0 0 1 
7680147070145;0.140484;1.85853;0.998023 -0.0611603 0.0144519 -1.52371 0.0613236 0.998056 -0.0111405 6.09662 -0.0137424 0.0120047 0.999834 -1.14023 0 0 0 1 
7680147070146;1.19743;2.5628;0.994026 -0.0945206 -0.0545743 -3.07739 0.0952101 0.995405 0.0101686 10.0785 0.0533624 -0.0153039 0.998458 1.553 0 0 0 1 
7680147070147;0.293378;1.93958;0.997613 -0.0078447 0.0686084 -1.10757 0.0143729 0.995356 -0.0951825 2.90385 -0.0675431 0.0959413 0.993093 -4.4218 0 0 0 1 
7680147070148;2.08491;1.76439;0.993289 -0.0506586 -0.103978 -1.31773 0.0675024 0.9839 0.165481 6.50891 0.0939211 -0.171389 0.980716 7.35722 0 0 0 1 
7680147070149;2.16398;2.11516;0.987768 -0.0693667 -0.139653 -2.72333 0.0449278 0.984229 -0.171098 5.97929 0.149319 0.162731 0.975306 9.5075 0 0 0 1 
7680147070150;0.570326;2.31725;0.999646 0.00694822 0.0256805 -1.51515 0.00470977 0.903825 -0.427877 0.933112 -0.0261836 0.427846 0.903472 -0.450938 0 0 0 1 
7680147070151;0.700204;2.34432;0.993905 -0.0600741 -0.092432 -3.08445 0.0612037 0.998081 0.00943193 7.06263 0.0916879 -0.0150316 0.995674 5.14305 0 0 0 1 
7680147070152;0.196422;2.07483;0.997146 -0.0748951 -0.00953104 -1.68974 0.0746976 0.997013 -0.0196202 7.1892 0.010972 0.0188522 0.999762 0.478894 0 0 0 1 
7680147070153;0.328459;2.41952;0.999391 -0.02131 -0.0276171 -1.96081 0.0119129 0.95261 -0.303961 2.43277 0.0327857 0.303447 0.952284 2.85951 0 0 0 1 
7680147070155;0.140686;3.97277;0.999413 -0.00393412 -0.0340276 5.81492 0.00252406 0.99914 -0.0413827 1.91547 0.0341611 0.0412725 0.998564 3.69458 0 0 0 1 
7680147070156;0.73666;3.9738;0.999121 -0.010507 -0.0405869 6.50834 0.00863905 0.998907 -0.0459281 2.26165 0.0410251 0.0455371 0.99812 4.69031 0 0 0 1 
7680147070157;1.89722;4.34829;0.996526 -0.0297581 -0.0777903 4.16489 0.0322545 0.998998 0.0310346 5.87978 0.0767888 -0.0334358 0.996487 10.234 0 0 0 1 
7680147070158;1.79956;3.96409;0.997274 -0.0133168 -0.0725766 5.43198 -0.00187168 0.978698 -0.205297 1.88387 0.0737644 0.204873 0.976005 9.38534 0 0 0 1 
7680147070159;1.65931;4.06867;0.998594 0.0125059 -0.0515054 3.93402 -0.0146544 0.999029 -0.0415505 -0.425565 0.0509358 0.0422469 0.997808 4.11951 0 0 0 1 
7680147070160;0.0621527;3.91682;0.9983 0.0293135 -0.0503733 5.64405 -0.0315751 0.998501 -0.0447036 -1.88382 0.0489874 0.0462181 0.997729 5.56269 0 0 0 1 
7680147070161;0.430207;4.08871;0.996874 -0.0148948 -0.0775932 5.72562 0.0089127 0.997001 -0.0768792 2.7042 0.0785056 0.0759473 0.994017 8.82654 0 0 0 1 
7680147070162;0.473536;3.90934;0.969849 0.0505336 0.238411 3.45127 -0.0502569 0.99871 -0.00724302 -4.0732 -0.238469 -0.00495717 0.971137 -26.5657 0 0 0 1 
7680147070163;0.736349;3.99854;0.991102 0.0435848 0.125766 4.80623 -0.0584 0.991457 0.116629 -4.65098 -0.119608 -0.122936 0.98518 -13.1014 0 0 0 1 
7680147070164;0.540732;4.12388;0.996504 -0.0394881 -0.073629 5.23665 0.0264618 0.985061 -0.170162 4.24411 0.0792484 0.167619 0.982662 9.74433 0 0 0 1 
7680147070165;1.76832;3.96597;0.999148 0.0269439 -0.031251 5.54173 -0.028455 0.998395 -0.0489635 -1.44175 0.0298816 0.049811 0.998312 6.14572 0 0 0 1 
7680147070166;0.877488;3.95769;0.994367 0.0295248 -0.101795 5.39478 -0.0172573 0.992702 0.11935 -0.20638 0.104576 -0.116921 0.98762 9.53887 0 0 0 1 
7680147070167;0.355143;4.09684;0.996495 -0.0199093 -0.0812437 5.31287 0.0164643 0.998946 -0.042855 3.53776 0.0820113 0.0413672 0.995773 9.35638 0 0 0 1 
7680147070168;0.458362;3.93285;0.999764 0.0105573 0.018989 6.30518 -0.0120741 0.99659 0.0816258 1.00987 -0.0180625 -0.0818358 0.996482 -2.71247 0 0 0 1 
7680147070169;1.52541;3.89982;0.958014 -0.0496362 -0.282392 1.95739 0.0672939 0.996315 0.0531716 9.07095 0.278712 -0.0699424 0.957825 28.9227 0 0 0 1 
7680147070170;1.71122;4.23648;0.996577 0.0554728 0.0612979 5.19376 -0.0502255 0.995194 -0.0840596 -3.94239 -0.0656664 0.0806932 0.994574 -6.11403 0 0 0 1 
7680147070171;1.73488;3.59771;0.992912 -0.0291911 -0.11521 6.47467 -0.00440551 0.959663 -0.28112 1.10162 0.118769 0.279635 0.952732 12.8665 0 0 0 1 
7680147070172;1.09968;3.96699;0.999592 0.0167576 -0.0231402 6.7545 -0.0177092 0.998979 -0.04155 -0.809113 0.0224203 0.0419428 0.998868 2.76226 0 0 0 1 
7680147070173;0.591876;3.81266;0.958653 0.0424183 -0.281397 0.123333 -0.029298 0.998286 0.0506718 -1.09766 0.283064 -0.0403323 0.958253 31.0249 0 0 0 1 
7680147070174;1.36958;4.32016;0.999185 -0.026291 0.0306248 5.307 0.031047 0.985478 -0.16694 4.21637 -0.025791 0.167754 0.985491 -3.78271 0 0 0 1 
7680147070175;0.533565;3.90446;0.99876 0.00861222 -0.0490412 5.74608 -0.0108275 0.998924 -0.045087 0.655029 0.0486001 0.0455621 0.997779 5.98616 0 0 0 1 
7680147070176;0.79171;3.69134;0.992402 0.0426214 0.115416 5.48969 -0.0285881 0.992287 -0.120622 -2.35005 -0.119667 0.116406 0.985966 -11.8615 0 0 0 1 
7680147070177;1.74498;3.9081;0.959547 0.0310759 0.279828 2.14801 -0.00368616 0.995191 -0.0978794 -0.319266 -0.281524 0.0928884 0.955047 -30.5942 0 0 0 1 
7680147070178;1.38005;4.30308;0.996971 -0.0199982 0.0751628 5.16324 0.0298978 0.990667 -0.132987 4.21183 -0.0718018 0.134832 0.988264 -8.83682 0 0 0 1 
7680147070179;1.66284;3.94799;0.998862 0.0334294 0.0340253 6.9597 -0.0340856 0.99924 0.0188919 -2.78782 -0.0333679 -0.0200301 0.999242 -2.51681 0 0 0 1 
7680147070180;1.25183;3.71417;0.969931 0.033347 -0.241083 1.02998 -0.00131032 0.99127 0.131842 1.36981 0.243375 -0.127562 0.961507 24.2269 0 0 0 1 
7680147070181;1.00094;3.90065;0.997619 0.0482029 0.0493277 5.88643 -0.0562961 0.982301 0.178647 -4.47455 -0.0398434 -0.180999 0.982676 -6.28296 0 0 0 1 
7680147070182;1.8528;3.86999;0.979284 0.0616677 0.192874 4.31784 -0.0814153 0.992028 0.0961901 -7.28328 -0.185405 -0.1099 0.976497 -23.5148 0 0 0 1 
7680147070183;0.963883;3.91126;0.989394 0.0452694 0.138023 6.28177 -0.0669596 0.985357 0.156807 -5.08398 -0.128903 -0.164386 0.977937 -15.7498 0 0 0 1 
7680147070184;0.147928;4.04748;0.998308 0.0142931 -0.056369 5.88638 -0.015352 0.999713 -0.018397 -0.101391 0.0560898 0.0192313 0.99824 6.34286 0 0 0 1 
7680147070186;1.27351;5.52896;0.994848 0.0970702 0.0292252 4.63188 -0.0947938 0.992949 -0.0711826 -4.33321 -0.0359289 0.0680455 0.997035 -3.38092 0 0 0 1 
7680147070187;0.700101;5.49582;0.945181 0.097961 0.311508 0.425286 -0.154658 0.974459 0.162822 -9.64654 -0.287601 -0.202073 0.93619 -31.2418 0 0 0 1 
7680147070188;1.39118;5.61902;0.996648 0.060634 0.0549225 5.32794 -0.062527 0.997483 0.0334301 -0.97888 -0.0527572 -0.0367522 0.997931 -7.94045 0 0 0 1 
7680147070189;1.30828;5.56132;0.964613 0.0147804 -0.263255 1.49293 0.0816118 0.93266 0.351404 18.3739 0.250721 -0.360453 0.89845 28.8697 0 0 0 1 
7680147070190;1.12112;5.67678;0.990596 0.0585389 0.123662 4.64579 -0.097379 0.93656 0.336709 -2.19854 -0.0961061 -0.345585 0.933453 -9.80861 0 0 0 1 
7680147070191;1.94775;5.34765;0.998324 0.00300098 -0.0577969 7.51432 0.00898442 0.978512 0.205995 8.69389 0.0571731 -0.206169 0.976845 6.88207 0 0 0 1 
7680147070192;1.68036;5.60827;0.986542 0.0141493 0.162892 4.7258 -0.0102594 0.999642 -0.0246966 6.12806 -0.163183 0.0226931 0.986335 -18.32 0 0 0 1 
7680147070193;1.11849;5.4021;0.997972 -0.00485338 0.0634641 6.75434 0.0214132 0.96457 -0.262957 7.61058 -0.0599393 0.263783 0.962718 -8.12256 0 0 0 1 
7680147070194;0.766853;5.63282;0.999209 0.0331962 0.0219009 4.78154 -0.033665 0.999204 0.021396 2.2645 -0.0211732 -0.0221164 0.999531 -3.08671 0 0 0 1 
7680147070195;0.416426;5.39213;0.99549 0.0634775 0.070496 5.34753 -0.0580625 0.995387 -0.0763734 -0.636807 -0.0750188 0.0719358 0.994584 -9.5933 0 0 0 1 
7680147070196;0.748225;5.79585;0.998358 0.0474427 0.03211 4.65687 -0.04996 0.995316 0.0827605 1.1111 -0.0280332 -0.0842288 0.996052 -2.7055 0 0 0 1 
7680147070197;0.500793;5.36315;0.997499 0.0647497 0.0283468 5.35847 -0.057304 0.975594 -0.211974 -1.15098 -0.0413803 0.209819 0.976864 -6.60571 0 0 0 1 
7680147070198;0.104802;5.56703;0.999622 0.0203224 0.0185119 5.729 -0.02209 0.994651 0.100906 4.37972 -0.0163623 -0.101276 0.994724 -1.45313 0 0 0 1 
7680147070199;1.797;5.53966;0.979642 0.0773502 0.18525 3.64944 -0.0704293 0.996561 -0.0436629 -2.49036 -0.18799 0.029727 0.981721 -23.878 0 0 0 1 
7680147070200;0.574851;5.55151;0.997282 0.0717745 -0.0166356 4.74491 -0.0703852 0.994858 0.0728249 -0.944731 0.021777 -0.071456 0.997206 1.89011 0 0 0 1 
7680147070201;1.66238;5.76759;0.973247 -0.0357318 -0.226966 1.83709 0.0360039 0.999347 -0.00294241 8.56995 0.226923 -0.00530796 0.973898 24.0347 0 0 0 1 
7680147070202;0.856075;5.92508;0.999401 0.00282106 0.0345056 6.09202 -0.00892177 0.983998 0.177957 5.47364 -0.0334514 -0.178158 0.983433 -2.32571 0 0 0 1 
7680147070203;0.151635;5.49277;0.999216 0.0325575 0.0225305 5.562 -0.0329409 0.999315 0.0168608 2.9011 -0.0219661 -0.0175897 0.999604 -2.70075 0 0 0 1 
7680147070204;1.87474;5.78849;0.999288 0.0297635 0.0231969 4.09307 -0.0296486 0.999546 -0.00528105 2.3169 -0.0233435 0.00458954 0.999717 -1.41272 0 0 0 1 
7680147070205;1.34644;5.41968;0.999303 0.0279849 0.0246928 6.81956 -0.030384 0.994235 0.102831 4.8264 -0.0216727 -0.10351 0.994392 -2.38314 0 0 0 1 
7680147070206;0.882492;5.39551;0.911119 -0.0905345 -0.402076 -4.92909 0.0479896 0.992243 -0.114675 11.6596 0.409339 0.0851868 0.908397 43.7082 0 0 0 1 
7680147070207;1.16879;5.7112;0.992295 0.0973045 0.0766949 3.61912 -0.102972 0.991945 0.0737687 -5.05865 -0.0688991 -0.0810978 0.994322 -6.31315 0 0 0 1 
7680147070208;1.24601;5.68051;0.993847 0.0982576 0.0511186 4.5236 -0.103881 0.987025 0.122439 -5.3588 -0.0384248 -0.126996 0.991159 -3.68352 0 0 0 1 
7680147070209;1.20929;5.58561;0.998165 0.0125824 -0.0592317 5.95613 0.0124465 0.914655 0.404044 10.8263 0.0592604 -0.40404 0.91282 7.77412 0 0 0 1 
7680147070210;1.69015;5.46261;0.999031 0.0339452 0.0280017 6.46009 -0.034623 0.99911 0.0240855 4.34637 -0.0271592 -0.0250317 0.999318 -1.76469 0 0 0 1 
7680147070211;0.940014;5.71902;0.989469 -0.017093 -0.14373 3.89356 0.0454129 0.979523 0.196144 12.3372 0.137434 -0.200605 0.969984 17.3609 0 0 0 1 
7680147070212;1.74535;5.53585;0.99973 0.00853843 0.021611 6.04729 -0.00869421 0.999937 0.00712483 6.67735 -0.0215488 -0.00731079 0.999741 -3.88153 0 0 0 1 
7680147070213;0.400202;5.45705;0.99816 0.0431789 0.0425737 5.27539 -0.0449412 0.998134 0.041343 1.91237 -0.0407091 -0.0431803 0.998238 -4.84308 0 0 0 1 
7680147070214;0.315659;5.7501;0.998455 -0.00170743 -0.0555428 5.74134 0.00659166 0.99611 0.0878724 7.36097 0.0551767 -0.0881028 0.994582 6.34534 0 0 0 1 
7680147070215;0.611277;5.75526;0.996254 0.0466499 0.0728103 5.33052 -0.0492645 0.998189 0.0345357 0.931992 -0.0710674 -0.0379933 0.996748 -8.79274 0 0 0 1 
7680147070217;0.89674;3.74774;0.998305 0.0128607 0.0567652 -4.36436 -0.0140533 0.999688 0.0206607 -1.58519 -0.0564818 -0.0214234 0.998174 -1.9735 0 0 0 1 
7680147070218;1.73564;3.94689;0.999955 0.00302487 0.00901787 -5.33254 -0.00307718 0.999978 0.00579179 -0.783589 -0.00900015 -0.00581928 0.999943 1.69858 0 0 0 1 
7680147070219;1.39452;3.95072;0.961055 -0.0452512 -0.272627 -5.91418 0.0204584 0.995446 -0.093107 -1.1803 0.275599 0.0839034 0.957604 6.28126 0 0 0 1 
7680147070220;0.267296;3.91658;0.999802 -0.00646145 -0.0188304 -4.93117 -0.001654 0.915634 -0.402009 -1.87685 0.0198393 0.40196 0.915442 4.04979 0 0 0 1 
7680147070221;1.27015;4.15666;0.999599 -0.0220257 0.0178187 -3.8435 0.0173406 0.973038 0.229991 -0.314961 -0.022404 -0.22959 0.97303 -2.83962 0 0 0 1 
7680147070222;1.97297;3.77038;0.996106 0.0179813 0.0863071 -6.42908 -0.0211416 0.999134 0.0358444 -2.28662 -0.0855878 -0.0375295 0.995624 -0.933246 0 0 0 1 
7680147070223;1.53331;4.20745;0.997936 -0.00371788 -0.0641073 -5.82701 0.0042272 0.999961 0.00781097 -1.91765 0.0640757 -0.00806584 0.997912 -0.0206203 0 0 0 1 
7680147070224;2.30376;3.84588;0.912112 -0.0807689 -0.401906 -6.66701 0.0387268 0.992991 -0.111667 -1.0478 0.408108 0.0862881 0.908846 4.13135 0 0 0 1 
7680147070225;1.4585;4.18279;0.998766 -0.0111749 -0.0483916 -4.76603 0.0088509 0.998809 -0.047976 -0.350407 0.0488701 0.0474885 0.997676 2.28138 0 0 0 1 
7680147070226;1.86707;3.97839;0.998426 -0.0224189 -0.0514096 -5.34947 0.0219104 0.999705 -0.0104336 -0.20668 0.0516284 0.00929081 0.998623 2.92125 0 0 0 1 
7680147070227;0.781577;3.95391;0.99954 0.0195328 -0.0231902 -4.26347 -0.0193827 0.99979 0.00667962 -1.73989 0.0233158 -0.00622706 0.999709 -0.49818 0 0 0 1 
7680147070228;0.400914;3.96487;0.998459 0.00291548 0.0554248 -4.55637 -0.00482472 0.999398 0.0343447 -1.26621 -0.0552913 -0.0345592 0.997872 -1.05096 0 0 0 1 
7680147070229;0.955663;4.08299;0.999713 -0.00100981 -0.0239265 -5.57898 0.000169743 0.999384 -0.0350862 -0.920967 0.0239472 0.035072 0.999098 0.977879 0 0 0 1 
7680147070230;0.317185;3.85913;0.980451 -0.0275175 -0.19483 -5.44889 0.0202206 0.999021 -0.0393435 -0.91765 0.195722 0.0346348 0.980048 3.48924 0 0 0 1 
7680147070231;1.12926;4.14949;0.999979 -0.00219747 0.00616151 -4.58974 0.00210937 0.999896 0.0142688 -0.835404 -0.00619222 -0.0142555 0.999879 -0.99665 0 0 0 1 
7680147070232;1.51388;3.8468;0.99994 0.0082508 0.0072118 -5.27164 -0.00842777 0.999655 0.0248637 -2.25998 -0.00700417 -0.024923 0.999665 -1.31915 0 0 0 1 
7680147070233;1.97376;4.00667;0.991464 -0.00788622 -0.130141 -6.28153 0.0502777 0.944092 0.325825 -0.131314 0.120296 -0.329587 0.93643 -2.48687 0 0 0 1 
7680147070234;1.9935;3.86345;0.999721 -0.0106478 -0.0211022 -4.53714 0.00870602 0.995898 -0.0900617 -1.2443 0.0219746 0.0898528 0.995713 -1.21913 0 0 0 1 
7680147070235;1.53051;4.14916;0.987351 -0.0237473 -0.156763 -5.10589 0.0230254 0.999714 -0.00641922 -1.3006 0.156871 0.00272848 0.987615 1.07569 0 0 0 1 
7680147070236;0.104269;4.12765;0.999884 0.010839 0.0107361 -4.87976 -0.0109333 0.999902 0.00876187 -1.4534 -0.01064 -0.00887824 0.999904 -0.0763404 0 0 0 1 
7680147070237;2.06657;3.61648;0.997711 -0.0205706 -0.0644136 -6.7439 0.00937778 0.985491 -0.169466 -1.127 0.066965 0.168474 0.983429 4.05436 0 0 0 1 
7680147070238;1.4657;3.84796;0.915886 0.0253537 0.400638 -3.92588 -0.128759 0.963828 0.233358 -3.04528 -0.380229 -0.265315 0.886021 -8.7301 0 0 0 1 
7680147070239;0.672786;3.78648;0.992618 0.0160798 0.120212 -4.35255 -0.0249758 0.997029 0.0728665 -1.27108 -0.118683 -0.075331 0.99007 -1.83011 0 0 0 1 
7680147070240;1.69401;3.9779;0.998823 -0.00125659 0.0484883 -4.62606 -0.00280913 0.996488 0.0836901 -0.55745 -0.0484232 -0.0837279 0.995311 0.480507 0 0 0 1 
7680147070241;1.89764;3.99857;0.995815 -0.0252542 -0.0878296 -4.69419 0.043876 0.975169 0.217071 -1.15027 0.0801668 -0.220016 0.972197 -3.01114 0 0 0 1 
7680147070242;1.04234;4.08493;0.998021 -0.00468675 -0.0627013 -5.89863 0.00548841 0.999905 0.0126193 -0.92806 0.0626362 -0.0129384 0.997953 1.59931 0 0 0 1 
7680147070243;1.63774;3.64893;0.969657 0.0043142 0.244431 -5.78482 -0.0156436 0.99889 0.0444276 -2.32734 -0.243968 -0.0469033 0.968648 -3.9522 0 0 0 1 
7680147070244;2.23994;4.33104;0.996557 0.0103906 -0.0822619 -4.45745 0.00791931 0.975654 0.219174 -1.12169 0.0825365 -0.219071 0.972212 1.35032 0 0 0 1 
7680147070245;0.410551;3.99513;0.999774 -0.00693913 -0.0200796 -4.91482 0.00713729 0.999926 0.00981366 -0.970654 0.0200101 -0.00995476 0.99975 -0.22958 0 0 0 1 
7680147070246;0.921508;4.00214;0.994694 -0.0184842 -0.101204 -5.00105 0.0140048 0.998898 -0.044794 -1.05653 0.101921 0.0431389 0.993857 0.899397 0 0 0 1 
7680147070248;1.50847;2.47802;0.978051 0.018188 -0.20757 2.75499 0.0445695 0.954865 0.293677 7.84141 0.203542 -0.296482 0.933096 21.1611 0 0 0 1 
7680147070249;1.33018;2.75098;0.992625 0.0989769 0.0699903 5.0957 -0.0993967 0.995045 0.00253177 -5.39446 -0.0693929 -0.00946991 0.997544 -5.21689 0 0 0 1 
7680147070250;0.124558;2.38493;0.995056 0.0968556 0.0219566 2.84143 -0.0967216 0.995286 -0.00708785 -6.07156 -0.0225396 0.00492913 0.999734 -2.7625 0 0 0 1 
7680147070251;0.53556;2.85096;0.968034 0.182428 0.172135 0.508661 -0.198552 0.976696 0.0814991 -14.5332 -0.153256 -0.113072 0.981696 -13.0476 0 0 0 1 
7680147070252;1.1295;2.61757;0.969901 0.2167 0.111052 0.130916 -0.207302 0.974102 -0.09028 -15.4507 -0.127739 0.0645415 0.989706 -10.483 0 0 0 1 
7680147070253;0.578449;2.11666;0.999028 0.0143371 -0.0416854 3.8006 -0.0144929 0.999889 -0.0034386 0.969059 0.0416315 0.0040394 0.999125 3.86926 0 0 0 1 
7680147070254;1.15198;2.40169;0.994404 0.105032 0.011368 3.86773 -0.104999 0.994466 -0.00353301 -5.99869 -0.0116761 0.00231962 0.999929 -3.1632 0 0 0 1 
7680147070255;0.370863;2.60822;0.982328 0.153584 0.106971 1.55696 -0.186081 0.862847 0.469967 -10.9508 -0.0201205 -0.481567 0.876178 1.52108 0 0 0 1 
7680147070256;1.32328;2.21486;0.962258 0.1552 0.223544 -1.07308 -0.104526 0.969208 -0.222956 -7.06714 -0.251264 0.191175 0.948851 -27.0916 0 0 0 1 
7680147070257;0.807316;2.36323;0.971568 0.022005 -0.235735 1.29329 -0.0690701 0.978703 -0.19331 -4.28823 0.226461 0.204096 0.952397 18.6609 0 0 0 1 
7680147070258;0.260139;2.43782;0.942431 0.219663 0.252135 -2.33873 -0.179112 0.9683 -0.17411 -13.483 -0.282388 0.118927 0.9519 -27.2976 0 0 0 1 
7680147070259;0.965988;2.2001;0.98596 0.0787197 0.147265 2.45283 -0.08685 0.994985 0.0496087 -5.33523 -0.142622 -0.0617021 0.987852 -12.8114 0 0 0 1 
7680147070260;0.831214;2.43152;0.990458 0.137809 -0.00110778 2.74539 -0.136006 0.978732 0.153581 -7.77852 0.022249 -0.151965 0.988135 2.40451 0 0 0 1 
7680147070261;1.06706;2.04071;0.982734 0.109984 0.148786 1.51037 -0.0692746 0.964373 -0.255317 -4.29981 -0.171566 0.240601 0.955341 -19.7701 0 0 0 1 
7680147070262;1.52451;2.74577;0.983277 0.106633 0.147631 3.20069 -0.10804 0.994145 0.00152295 -8.26054 -0.146604 -0.0174476 0.989041 -15.2303 0 0 0 1 
7680147070263;1.15131;2.56642;0.99058 0.127008 0.0511927 1.52074 -0.125335 0.991508 -0.0346745 -9.32447 -0.055162 0.0279316 0.998087 -7.66963 0 0 0 1 
7680147070264;1.15529;2.47483;0.990656 0.134845 0.0204333 1.72492 -0.134664 0.990841 -0.01001 -9.41082 -0.021596 0.00716488 0.999741 -0.351709 0 0 0 1 
7680147070265;0.426203;2.18377;0.96559 0.0568703 0.253775 0.745093 -0.096918 0.984196 0.148208 -5.50498 -0.241335 -0.167704 0.955841 -20.797 0 0 0 1 
7680147070266;1.20758;2.69685;0.991817 0.124091 0.0300196 1.96276 -0.127369 0.977869 0.165979 -6.57028 -0.00875875 -0.168444 0.985672 0.265714 0 0 0 1 
