#;prob_registration_l1 -r /home/probabilistic_point_clouds_registration/build/tester /home/point_clouds_registration_benchmark//devel/registration_pairs/gazebo_winter_local.txt /home/point_clouds_registration_benchmark//eth/gazebo_winter -s 0.2 -t 0.2 -p 0.3 -r 1000 -m 15 -i 40 
id;initial_error;final_error;transformation
38591597440000;0.538033;0.02594;0.993769 -0.097278 -0.0544026 -0.380485 0.0989592 0.994666 0.0291076 -0.427755 0.0512808 -0.0343099 0.998095 0.550949 0 0 0 1 
38591597440001;0.518725;0.0213088;0.951342 0.24969 0.180565 0.0297138 -0.265836 0.961387 0.0711757 1.06801 -0.155821 -0.115713 0.980984 -0.0561154 0 0 0 1 
38591597440002;0.466312;0.0225029;0.984518 -0.129891 0.117699 0.0756888 0.134208 0.990514 -0.0294944 -0.301801 -0.112752 0.0448339 0.992611 -0.215012 0 0 0 1 
38591597440003;0.369171;0.0259944;0.979709 0.200416 0.00204785 -0.190563 -0.20042 0.979708 0.00218961 0.760479 -0.00156746 -0.00255561 0.999996 0.394256 0 0 0 1 
38591597440004;0.566929;0.0327092;0.878036 0.412324 -0.242987 1.0546 -0.395785 0.911021 0.115737 1.64167 0.269087 -0.00545069 0.9631 -1.66691 0 0 0 1 
38591597440005;0.214626;0.0366131;0.994884 -0.0794664 -0.0623773 0.0248981 0.0790167 0.996827 -0.00964758 -0.260109 0.062946 0.00466937 0.998006 -0.608742 0 0 0 1 
38591597440006;0.296525;0.0293168;0.960854 -0.215569 -0.174041 0.174546 0.237233 0.964631 0.114926 -0.986583 0.143111 -0.151715 0.978009 -0.363676 0 0 0 1 
38591597440007;0.55939;0.0377965;0.990406 0.13811 -0.00470231 0.0712944 -0.137455 0.988074 0.0693946 0.176271 0.0142303 -0.0680825 0.997578 -0.881908 0 0 0 1 
38591597440008;0.573696;0.0217976;0.909835 0.00984617 0.414853 0.32594 -0.113512 0.967495 0.225985 0.477332 -0.399143 -0.2527 0.881378 2.44687 0 0 0 1 
38591597440009;0.226381;0.00454886;0.999545 -0.0246031 0.0174636 0.0574018 0.0239343 0.999009 0.0375239 0.0752784 -0.0183695 -0.0370888 0.999143 -0.242673 0 0 0 1 
38591597440010;0.405479;0.0278154;0.934184 -0.109946 0.339428 0.0951334 0.225011 0.919846 -0.321331 -0.772248 -0.276892 0.376558 0.884045 1.67517 0 0 0 1 
38591597440011;0.432428;0.0180882;0.932892 -0.343956 -0.1068 0.405124 0.360103 0.885743 0.292891 -1.76682 -0.00614446 -0.311695 0.950162 -0.271136 0 0 0 1 
38591597440012;0.493861;0.0515133;0.996111 -0.00269137 -0.0880699 0.34982 -0.00222342 0.998447 -0.0556599 -0.216378 0.088083 0.0556393 0.994558 0.321921 0 0 0 1 
38591597440013;0.489902;0.019374;0.896349 0.402582 0.185704 0.255489 -0.407498 0.913119 -0.0126253 1.44187 -0.174653 -0.0643575 0.982525 0.368783 0 0 0 1 
38591597440014;0.265078;0.030545;0.950322 -0.0563053 0.306134 -0.059401 0.0890741 0.991566 -0.0941373 -0.26224 -0.298252 0.116729 0.947323 1.44824 0 0 0 1 
38591597440015;0.50504;0.0194273;0.942188 -0.327819 0.0694024 0.425375 0.302284 0.9209 0.246106 -1.70067 -0.144591 -0.210899 0.966755 0.158018 0 0 0 1 
38591597440016;0.306367;0.0284142;0.961244 0.114624 -0.250742 0.279818 -0.0670945 0.979391 0.190506 -0.00615895 0.267411 -0.166299 0.949124 -1.35782 0 0 0 1 
38591597440017;0.306001;0.0375966;0.991957 -0.126011 0.0119607 -0.195774 0.126544 0.989408 -0.071124 -0.876271 -0.00287159 0.0720654 0.997396 0.102145 0 0 0 1 
38591597440018;0.310987;0.0198075;0.975305 0.220231 -0.0167057 0.458452 -0.220469 0.975293 -0.014042 1.02273 0.0132005 0.0173783 0.999762 -0.300445 0 0 0 1 
38591597440019;0.565481;0.0191908;0.986151 -0.158903 0.047504 -0.554417 0.143131 0.960098 0.240262 -0.229452 -0.0837869 -0.230136 0.969545 -0.150139 0 0 0 1 
38591597440020;0.471158;0.0329742;0.947928 -0.318064 -0.0163906 -0.0200912 0.309077 0.931121 -0.193609 -1.29463 0.0768417 0.178461 0.980942 0.279928 0 0 0 1 
38591597440021;0.264772;0.021155;0.959864 0.21628 0.178563 0.103765 -0.22577 0.973573 0.0344036 1.03464 -0.166403 -0.0733369 0.983327 0.54912 0 0 0 1 
38591597440022;0.382739;0.0344027;0.994311 -0.0264182 -0.103192 -0.273935 0.032935 0.997535 0.0619678 -0.460272 0.1013 -0.0650138 0.992729 -0.0786589 0 0 0 1 
38591597440023;0.504596;0.0208151;0.93938 0.340223 -0.0425871 0.245239 -0.342017 0.938562 -0.0461114 1.89502 0.0242824 0.0578816 0.998028 -0.622484 0 0 0 1 
38591597440024;0.223621;0.0247825;0.997259 -0.0527655 0.0518735 -0.0259276 0.064287 0.964977 -0.254335 0.0589154 -0.0366367 0.256973 0.965724 0.314276 0 0 0 1 
38591597440025;0.497841;0.0345279;0.938609 -0.228675 0.258305 -0.349606 0.263294 0.958644 -0.10806 -1.3181 -0.222912 0.169436 0.960001 0.615801 0 0 0 1 
38591597440026;0.507307;0.00983256;0.914585 -0.33662 -0.224102 0.458999 0.346386 0.938081 0.00456291 -0.919365 0.20869 -0.0817988 0.974555 -0.604014 0 0 0 1 
38591597440027;0.37107;0.0338128;0.995965 0.00543399 0.0895781 -0.219131 -0.046698 0.883765 0.465596 0.135148 -0.0766359 -0.4679 0.880452 0.347015 0 0 0 1 
38591597440028;0.144155;0.0296039;0.986276 -0.156466 -0.0527038 0.0277012 0.155047 0.98745 -0.0300492 -0.570305 0.0567441 0.0214653 0.998158 -0.146311 0 0 0 1 
38591597440029;0.386592;0.0143904;0.933886 -0.323499 0.152333 0.0552913 0.275286 0.922352 0.271081 -1.46143 -0.228199 -0.211223 0.950426 0.845774 0 0 0 1 
38591597440031;0.613756;0.177581;0.956157 -0.106769 -0.272696 0.114328 0.0840904 0.992055 -0.0935735 -0.976301 0.28052 0.0665398 0.957539 -1.31443 0 0 0 1 
38591597440032;0.317715;0.051437;0.936078 0.296515 -0.189307 1.00282 -0.315992 0.945212 -0.0819992 1.43329 0.154621 0.136577 0.978488 -0.409254 0 0 0 1 
38591597440033;0.586776;0.0596409;0.926109 -0.0993703 0.363934 0.46966 0.0825081 0.994683 0.0616334 0.0950187 -0.368123 -0.0270517 0.929383 1.46511 0 0 0 1 
38591597440034;0.22655;0.0390323;0.986199 -0.143259 0.0830027 -0.334083 0.157215 0.967488 -0.198118 -0.966316 -0.051922 0.208433 0.976657 0.618689 0 0 0 1 
38591597440035;0.489052;0.0380251;0.986384 -0.0893877 0.138045 -0.0339103 0.10269 0.990409 -0.0924419 -1.24212 -0.128458 0.105359 0.986102 0.753757 0 0 0 1 
38591597440036;0.235684;0.0612148;0.986643 -0.162853 0.00388969 -0.161144 0.162899 0.986359 -0.0236518 -0.559166 1.51365e-05 0.0239695 0.999713 -0.0240133 0 0 0 1 
38591597440037;0.200232;0.0494482;0.994343 0.103384 0.0243801 0.147544 -0.103413 0.994639 -6.64503e-05 0.395271 -0.0242563 -0.00245515 0.999703 -0.221123 0 0 0 1 
38591597440038;0.419626;0.0389198;0.948041 0.310592 -0.0689283 0.79563 -0.318138 0.92726 -0.197425 1.07361 0.00259589 0.209096 0.977892 0.830235 0 0 0 1 
38591597440039;0.360484;0.0449821;0.99856 -0.0175756 0.0506837 -0.0811186 0.0249998 0.988402 -0.149791 -0.278546 -0.0474632 0.150843 0.987418 -0.0676401 0 0 0 1 
38591597440040;0.46013;0.053781;0.880944 0.237064 -0.40956 1.3622 -0.245184 0.968899 0.0334446 0.90358 0.40475 0.0709548 0.91167 -1.9355 0 0 0 1 
38591597440041;0.266595;0.0480672;0.998377 0.0552791 0.0136758 -0.354715 -0.0554551 0.998379 0.0128416 0.142584 -0.0129438 -0.0135792 0.999824 0.0652053 0 0 0 1 
38591597440042;0.263344;0.0484493;0.966167 0.216948 -0.139484 0.571019 -0.201592 0.972542 0.116284 0.476787 0.160882 -0.0842307 0.983373 -0.717217 0 0 0 1 
38591597440043;0.518284;0.0491307;0.962158 0.267523 -0.0517978 1.00714 -0.260442 0.958746 0.113916 1.0715 0.080136 -0.0961144 0.992139 -1.28365 0 0 0 1 
38591597440044;0.328581;0.0573816;0.962265 0.255175 0.094503 0.556406 -0.246896 0.964757 -0.091028 1.2201 -0.114401 0.0642607 0.991354 0.928622 0 0 0 1 
38591597440045;0.358212;0.0501972;0.977617 0.166906 0.128088 0.133894 -0.170844 0.985089 0.0203191 0.911297 -0.122787 -0.0417474 0.991555 0.865702 0 0 0 1 
38591597440046;0.061941;0.0569523;0.999404 -0.00609823 0.0339803 -0.0115659 0.0052088 0.999643 0.0262022 -0.0509512 -0.034128 -0.0260096 0.999079 0.0632341 0 0 0 1 
38591597440047;0.281023;0.0526945;0.983465 0.167738 -0.0682673 0.53093 -0.159328 0.980607 0.114125 0.379019 0.0860865 -0.101361 0.991118 -0.938896 0 0 0 1 
38591597440048;0.595102;0.0447433;0.986737 0.0516856 -0.153878 -0.00217292 -0.00214553 0.952025 0.306014 -0.865834 0.162312 -0.301625 0.939509 -2.04683 0 0 0 1 
38591597440049;0.461067;0.0590172;0.898494 0.129143 -0.419561 0.95002 -0.210598 0.965391 -0.153845 0.804276 0.385172 0.226587 0.894595 -1.62512 0 0 0 1 
38591597440050;0.266343;0.0532018;0.998784 0.0150499 -0.0469385 0.0664126 -0.0287314 0.951508 -0.30628 0.143743 0.0400529 0.307256 0.950784 0.135906 0 0 0 1 
38591597440051;0.432966;0.0475607;0.926779 0.191429 -0.323164 1.09277 -0.18997 0.981116 0.0363707 1.08342 0.324024 0.027684 0.945644 -1.20133 0 0 0 1 
38591597440052;0.0767887;0.0524478;0.994626 -0.0134494 0.102655 -0.0748066 0.0161526 0.999543 -0.0255468 -0.115268 -0.102264 0.0270677 0.994389 0.440325 0 0 0 1 
38591597440053;0.465189;0.0588776;0.971089 0.229793 -0.0646637 0.964884 -0.222984 0.969887 0.09797 1.40693 0.0852292 -0.0807186 0.993086 -0.434739 0 0 0 1 
38591597440054;0.503874;0.0509981;0.997127 0.0484653 0.0582131 -0.751963 -0.0531432 0.995239 0.0816996 0.136253 -0.0539764 -0.0845585 0.994955 0.217018 0 0 0 1 
38591597440055;0.362809;0.0435287;0.993464 -0.113793 0.00899899 -0.211075 0.113791 0.993504 0.000745218 -0.655141 -0.00902533 0.000283656 0.999959 -0.547981 0 0 0 1 
38591597440056;0.349297;0.0499709;0.951924 0.283019 0.117223 0.623389 -0.305916 0.89826 0.315505 0.853372 -0.0160025 -0.336197 0.941656 -0.372576 0 0 0 1 
38591597440057;0.335627;0.0619851;0.927888 -0.0134364 -0.372617 0.523243 0.0316587 0.998581 0.0428279 -0.146866 0.371512 -0.051536 0.926997 -1.68626 0 0 0 1 
38591597440058;0.689618;0.0475517;0.904355 0.423455 -0.0531699 0.438844 -0.422318 0.905896 0.0316175 2.01355 0.061555 -0.00613888 0.998085 -0.645628 0 0 0 1 
38591597440059;0.45308;0.0362758;0.999924 0.0102934 0.00675837 -0.389516 -0.010243 0.99992 -0.00744442 -0.350865 -0.00683446 0.00737463 0.999949 -0.550439 0 0 0 1 
38591597440060;0.265486;0.054389;0.996101 -0.0855373 0.0215952 -0.0352786 0.0839927 0.994381 0.0644345 -0.656023 -0.0269855 -0.0623694 0.997688 0.295428 0 0 0 1 
38591597440062;0.128316;0.0544626;0.997055 -0.0764601 0.00591794 -0.254721 0.074754 0.986226 0.147544 -0.493567 -0.0171176 -0.146667 0.989038 -0.429477 0 0 0 1 
38591597440063;0.451456;0.0684064;0.995853 -0.0375577 0.0828627 -0.311019 0.0087065 0.945973 0.324129 -0.544455 -0.0905594 -0.322063 0.942377 0.196532 0 0 0 1 
38591597440064;0.130373;0.0706635;0.997932 0.0642173 0.00272283 -0.040645 -0.0637896 0.994704 -0.0805909 0.188417 -0.00788374 0.0802506 0.996744 0.152642 0 0 0 1 
38591597440065;0.480669;0.0728649;0.949778 0.0808309 0.302304 -0.11856 -0.0599584 0.995171 -0.0777143 0.365895 -0.307126 0.0556857 0.950038 0.849548 0 0 0 1 
38591597440066;0.373674;0.0723434;0.918404 0.0280601 0.394647 0.0511684 -0.0692354 0.993488 0.0904827 0.365345 -0.389538 -0.110423 0.914367 1.64714 0 0 0 1 
38591597440067;0.212733;0.0731052;0.984182 0.142632 0.105077 0.23699 -0.165937 0.949922 0.264788 0.397807 -0.0620482 -0.278036 0.958565 -0.401544 0 0 0 1 
38591597440068;0.0642751;0.0547178;0.998322 -0.0406655 -0.0412357 -0.173392 0.0386724 0.998097 -0.0480323 -0.140425 0.0431104 0.046357 0.997994 -0.0605767 0 0 0 1 
38591597440069;0.225205;0.0543791;0.994141 -0.0532273 -0.0940762 -0.149634 0.0459826 0.995926 -0.0775675 -0.161094 0.0978217 0.0727872 0.992539 -0.648334 0 0 0 1 
38591597440070;0.596655;0.0625309;0.983275 -0.131788 0.125704 -1.08618 0.14437 0.984773 -0.0968503 -0.0173252 -0.111026 0.113378 0.987329 0.488093 0 0 0 1 
38591597440071;0.538974;0.0738523;0.967883 0.20306 0.148222 0.199382 -0.231562 0.949636 0.211116 1.23668 -0.0978878 -0.238658 0.966158 0.415651 0 0 0 1 
38591597440072;0.398938;0.0647169;0.986588 0.086652 -0.138328 0.331153 -0.131156 0.925316 -0.355794 0.895987 0.0971669 0.369165 0.924271 0.1898 0 0 0 1 
38591597440073;0.454646;0.0718659;0.971668 0.235689 0.0176606 0.0974371 -0.235678 0.971827 -0.00273127 0.724206 -0.0178068 -0.00150833 0.99984 -0.31903 0 0 0 1 
38591597440074;0.403252;0.0719649;0.995189 -0.0978993 0.00377335 0.28771 0.0979719 0.994478 -0.0376221 -0.3716 -6.93334e-05 0.0378108 0.999285 0.25754 0 0 0 1 
38591597440075;0.606683;0.067596;0.998805 -0.0421316 -0.024759 0.272634 0.0274717 0.903102 -0.428546 0.00716365 0.0404152 0.427353 0.903181 1.66082 0 0 0 1 
38591597440076;0.528752;0.0576194;0.999403 0.0179941 -0.0294823 -0.664689 -0.0171866 0.999476 0.0274148 0.237601 0.0299602 -0.0268918 0.999189 0.299382 0 0 0 1 
38591597440077;0.46683;0.363341;0.968883 0.0307435 0.245602 -0.53863 -0.079234 0.978566 0.190079 0.294591 -0.234495 -0.203625 0.950552 0.481749 0 0 0 1 
38591597440078;0.164495;0.0423705;0.999911 -0.00994808 0.00886159 -0.332633 0.00998131 0.999943 -0.00371322 -0.0860285 -0.00882415 0.00380134 0.999954 0.0851177 0 0 0 1 
38591597440079;0.383028;0.0758246;0.93561 0.0679877 0.346426 0.418005 -0.124023 0.982033 0.142228 0.374225 -0.330532 -0.176035 0.927232 0.598979 0 0 0 1 
38591597440080;0.593423;0.0666188;0.944947 -0.323982 -0.0459335 -0.329585 0.324369 0.94593 0.00101995 -1.30192 0.0431194 -0.0158632 0.998944 0.446306 0 0 0 1 
38591597440081;0.611108;0.0850656;0.94 -0.00876551 -0.341062 0.86705 -0.10575 0.942951 -0.315691 0.486894 0.324372 0.332817 0.885447 -1.17778 0 0 0 1 
38591597440082;0.502695;0.36406;0.995677 0.086239 0.0344927 -0.355506 -0.0894451 0.990349 0.105874 0.229125 -0.0250294 -0.108501 0.993781 -0.629793 0 0 0 1 
38591597440083;0.715049;0.064801;0.911138 -0.366461 0.188507 -0.563176 0.396742 0.90375 -0.160723 -2.2013 -0.111465 0.221229 0.968831 2.01326 0 0 0 1 
38591597440084;0.378082;0.0748975;0.988524 -0.00421381 0.151004 -0.270159 -0.0256324 0.980437 0.195158 -0.0728359 -0.148872 -0.196789 0.969078 -0.444954 0 0 0 1 
38591597440085;0.428084;0.456497;0.997707 0.0460361 0.0496227 -0.0922027 -0.0458747 0.998938 -0.00438663 0.116531 -0.049772 0.00210014 0.998758 0.2857 0 0 0 1 
38591597440086;0.348552;0.0758179;0.952727 0.211035 -0.218577 0.710704 -0.274916 0.905069 -0.324456 1.08251 0.129356 0.369208 0.9203 0.560419 0 0 0 1 
38591597440087;0.456571;0.0663826;0.971171 -0.236773 -0.0276501 -1.04369 0.237497 0.971022 0.0266781 -1.27452 0.0205322 -0.0324758 0.999262 -0.683605 0 0 0 1 
38591597440088;0.581918;0.0558998;0.991374 0.0415853 0.124292 -0.472765 -0.0448239 0.998721 0.0233731 0.520409 -0.123162 -0.0287427 0.99197 -0.316769 0 0 0 1 
38591597440089;0.343578;0.0705306;0.975566 -0.183156 -0.121346 -0.33237 0.140748 0.945092 -0.294944 -0.475098 0.168703 0.270658 0.947778 -0.4255 0 0 0 1 
38591597440090;0.290589;0.0691453;0.994195 -0.104389 0.0260705 -0.302179 0.103939 0.99442 0.0180587 -0.16021 -0.0278102 -0.0152441 0.999497 0.333429 0 0 0 1 
38591597440091;0.344699;0.348039;0.999096 -0.0305569 0.0295381 -0.292816 0.0313753 0.999125 -0.0276522 -0.180184 -0.0286673 0.0285539 0.999181 0.137821 0 0 0 1 
38591597440093;0.395285;0.0273644;0.920803 -0.32681 0.21288 -0.0335588 0.338062 0.940957 -0.0177317 -0.0802221 -0.194516 0.0882941 0.976917 -0.216629 0 0 0 1 
38591597440094;0.48271;0.032255;0.900226 0.101532 0.42342 0.0500336 -0.135279 0.989528 0.0503352 0.429961 -0.413875 -0.102593 0.904534 -0.115097 0 0 0 1 
38591597440095;0.208258;0.0247691;0.966138 0.257916 -0.00747755 -0.110908 -0.257549 0.96571 0.0327398 0.252569 0.0156653 -0.0297054 0.999436 -0.00120499 0 0 0 1 
38591597440096;0.348707;0.0249747;0.90498 0.366133 -0.216699 0.0270583 -0.324792 0.923526 0.203988 0.326815 0.274814 -0.114223 0.954689 -0.0560298 0 0 0 1 
38591597440097;0.0996698;0.031841;0.995918 -0.0838088 -0.0335037 0.0569081 0.0836958 0.99648 -0.00476362 -0.166252 0.033785 0.00194007 0.999427 0.0895963 0 0 0 1 
38591597440098;0.341585;0.0287375;0.91892 -0.296788 0.259814 0.176618 0.265717 0.952571 0.148333 -0.449355 -0.291515 -0.0672686 0.954198 0.423066 0 0 0 1 
38591597440099;0.517514;0.0350304;0.867359 0.255756 0.426938 -0.639921 -0.283882 0.958856 0.00232893 0.549318 -0.408777 -0.12322 0.904278 0.516208 0 0 0 1 
38591597440100;0.554576;0.0311824;0.900153 0.240934 0.36287 -0.797371 -0.226865 0.970501 -0.0816087 -0.334867 -0.371828 -0.0088621 0.928259 0.372991 0 0 0 1 
38591597440101;0.308911;0.0294623;0.997293 0.012072 -0.0725278 0.434696 -0.0133182 0.999771 -0.0167233 -0.220403 0.0723094 0.0176439 0.997226 -0.681915 0 0 0 1 
38591597440102;0.281264;0.0402352;0.965129 0.229549 0.125832 -0.0902426 -0.251736 0.945702 0.205611 0.459823 -0.071802 -0.230118 0.97051 0.0616064 0 0 0 1 
38591597440103;0.458862;0.0284011;0.941472 -0.322829 0.0970116 0.703639 0.303621 0.93714 0.171999 -0.792059 -0.14644 -0.132478 0.980309 -0.0655664 0 0 0 1 
38591597440104;0.179607;0.036014;0.980207 0.0449352 -0.192809 0.148832 -0.0345486 0.997782 0.0568996 -0.172018 0.194938 -0.0491121 0.979585 -0.252286 0 0 0 1 
38591597440105;0.407802;0.0335415;0.892271 -0.449401 -0.0434916 0.615418 0.448105 0.893234 -0.0365383 -0.494116 0.0552685 0.0131133 0.998385 -0.122802 0 0 0 1 
38591597440106;0.119513;0.0276493;0.998193 -0.00773238 0.0595919 -0.11393 0.0111493 0.998299 -0.0572214 0.064305 -0.0590481 0.0577824 0.996581 -0.1236 0 0 0 1 
38591597440107;0.268114;0.0264231;0.956727 -0.290628 -0.0144168 0.0187039 0.288812 0.954458 -0.07482 -0.124258 0.035505 0.0674186 0.997093 0.0687729 0 0 0 1 
38591597440108;0.407271;0.0319834;0.924643 0.358229 -0.129259 -0.317248 -0.337765 0.92818 0.156191 0.361571 0.175928 -0.100762 0.979232 0.324908 0 0 0 1 
38591597440109;0.443389;0.0274915;0.975533 0.160628 0.150111 -0.69744 -0.184374 0.969643 0.160618 -0.544538 -0.119754 -0.184364 0.975535 0.0949459 0 0 0 1 
38591597440110;0.432632;0.0319374;0.973488 -0.0717956 0.217179 -0.606869 0.12783 0.958121 -0.256249 0.414626 -0.189686 0.277217 0.941897 0.0459769 0 0 0 1 
38591597440111;0.338245;0.0348153;0.910791 0.347584 -0.22281 0.0899314 -0.3417 0.937508 0.0657313 0.129461 0.231733 0.0162666 0.972643 -0.0112255 0 0 0 1 
38591597440112;0.277197;0.0205662;0.970761 0.136418 0.197516 -0.334429 -0.100231 0.978015 -0.182865 -0.0650056 -0.21812 0.157721 0.963093 0.243987 0 0 0 1 
38591597440113;0.357829;0.0349242;0.959273 0.282318 0.00957037 -0.0773962 -0.282198 0.956253 0.0771033 0.168087 0.0126159 -0.0766639 0.996977 -0.534923 0 0 0 1 
38591597440114;0.246214;0.0309129;0.974103 0.222145 0.0421293 -0.143797 -0.215055 0.96781 -0.130746 0.44872 -0.0698178 0.1183 0.99052 -0.0445483 0 0 0 1 
38591597440115;0.388473;0.0437463;0.883289 -0.354068 0.307306 0.163252 0.376574 0.926262 -0.0151736 -0.438497 -0.279273 0.129126 0.95149 0.348905 0 0 0 1 
38591597440116;0.336493;0.0402758;0.943101 -0.297423 0.148664 0.292192 0.330849 0.883983 -0.330323 -0.0283331 -0.0331706 0.360713 0.932087 -0.204688 0 0 0 1 
38591597440117;0.374866;0.0225797;0.999727 0.0215482 -0.00904563 0.828175 -0.0212747 0.999344 0.0293133 -0.213563 0.00967135 -0.0291128 0.999529 0.239213 0 0 0 1 
38591597440118;0.178075;0.0322263;0.986143 -0.1342 0.0975358 0.0693612 0.153525 0.961013 -0.229967 -0.0113168 -0.0628716 0.241754 0.968299 -0.0208956 0 0 0 1 
38591597440119;0.473817;0.034108;0.984196 -0.174771 0.0285295 1.05467 0.175049 0.984531 -0.00754138 -0.405934 -0.0267701 0.0124163 0.999565 0.389454 0 0 0 1 
38591597440120;0.215098;0.0388021;0.969556 -0.244649 0.0103871 0.255056 0.244518 0.969565 0.0124286 -0.361301 -0.0131116 -0.00951037 0.999869 0.0247847 0 0 0 1 
38591597440121;0.418127;0.0236347;0.992346 0.0904502 0.0840739 0.0617315 -0.0960861 0.993209 0.0655924 -0.00766353 -0.0775701 -0.0731687 0.994298 1.06057 0 0 0 1 
38591597440122;0.192825;0.0342559;0.971937 0.233402 0.0293636 -0.137319 -0.235241 0.964696 0.11842 0.134059 -0.000687524 -0.122004 0.992529 0.110006 0 0 0 1 
38591597440124;0.0779043;0.0723288;0.999114 0.0207031 -0.036638 0.110925 -0.0213247 0.999634 -0.0166562 0.132186 0.0362798 0.0174228 0.99919 0.137349 0 0 0 1 
38591597440125;0.14453;0.0750744;0.998689 0.0180718 -0.0478873 0.19519 -0.00653431 0.972955 0.230903 -0.116924 0.050765 -0.230287 0.971798 -0.565237 0 0 0 1 
38591597440126;0.34028;0.0858958;0.953939 -0.153854 0.257545 -0.603099 0.188198 0.975451 -0.114354 -0.161833 -0.233629 0.157556 0.959476 0.308459 0 0 0 1 
38591597440127;0.280733;0.0688148;0.97646 -0.107981 0.186727 -0.426292 0.104979 0.994137 0.0259188 0.28769 -0.188431 -0.00570616 0.98207 0.263035 0 0 0 1 
38591597440128;0.300881;0.0844316;0.932819 0.357579 -0.0445657 1.03704 -0.341733 0.917081 0.205381 0.103779 0.11431 -0.176354 0.977667 -0.530359 0 0 0 1 
38591597440129;0.231531;0.0693828;0.956702 0.0948725 -0.275174 0.595968 -0.0333284 0.974877 0.220237 0.0354294 0.289155 -0.20153 0.935828 -0.716584 0 0 0 1 
38591597440130;0.346361;0.0854096;0.992838 -0.118159 0.0176208 -0.265676 0.117978 0.992956 0.0109657 -0.67335 -0.0187924 -0.00880827 0.999785 -0.220308 0 0 0 1 
38591597440131;0.336968;0.0808347;0.933705 -0.352972 0.0600438 -0.716716 0.350671 0.935385 0.0456507 -0.434496 -0.0722775 -0.0215687 0.997151 0.0776284 0 0 0 1 
38591597440132;0.344656;0.0840367;0.899508 0.359194 -0.248726 1.21282 -0.375724 0.926498 -0.0208053 0.225822 0.222971 0.112167 0.96835 0.23785 0 0 0 1 
38591597440133;0.350181;0.0924957;0.988351 0.151798 0.0109237 0.319343 -0.149673 0.982495 -0.110916 -0.33074 -0.0275693 0.107989 0.99377 0.484937 0 0 0 1 
38591597440134;0.561974;0.0832536;0.905441 -0.35415 0.233995 -0.325531 0.352534 0.934454 0.0501622 -0.214493 -0.236422 0.0370721 0.970943 0.901145 0 0 0 1 
38591597440135;0.216019;0.0737398;0.978618 -0.026435 -0.203979 0.272478 0.0527807 0.990774 0.124822 -0.189585 0.198797 -0.13292 0.970985 -0.560598 0 0 0 1 
38591597440136;0.499684;0.0757589;0.969646 -0.244512 -0.000160669 -0.125449 0.243798 0.966764 0.0770012 -0.655473 -0.0186724 -0.0747031 0.997031 -0.858582 0 0 0 1 
38591597440137;0.297035;0.0551678;0.994429 0.104689 0.0122872 0.168088 -0.103792 0.992845 -0.0590436 0.723754 -0.0183805 0.0574393 0.99818 0.131784 0 0 0 1 
38591597440138;0.314957;0.076667;0.937822 0.277511 0.208514 0.787579 -0.283572 0.958951 -0.000860269 0.415201 -0.200193 -0.0583219 0.978019 -0.0829201 0 0 0 1 
38591597440139;0.155913;0.0674568;0.995122 -0.00402382 0.0985661 0.222458 0.0202906 0.986152 -0.164596 0.185452 -0.0965389 0.165793 0.981424 0.621345 0 0 0 1 
38591597440140;0.442404;0.0780361;0.98509 -0.0622303 0.160389 -0.0619455 0.0134454 0.957283 0.288841 -0.185512 -0.171513 -0.282378 0.943846 0.176835 0 0 0 1 
38591597440141;0.257242;0.0846745;0.975391 0.175698 -0.133204 0.861592 -0.114347 0.919649 0.375726 -0.294759 0.188515 -0.351248 0.917108 -1.07063 0 0 0 1 
38591597440142;0.222719;0.0721748;0.977999 0.121489 0.169581 0.314332 -0.12361 0.992329 0.00196718 0.221737 -0.168041 -0.0228858 0.985514 0.285365 0 0 0 1 
38591597440143;0.482302;0.0731366;0.940286 0.185027 -0.285707 0.898641 -0.100923 0.95316 0.285131 -0.743675 0.325081 -0.23927 0.914916 -0.762352 0 0 0 1 
38591597440144;0.255934;0.0673783;0.99649 0.0816098 -0.0186584 0.403023 -0.0814356 0.996629 0.00991445 0.369982 0.0194046 -0.00836019 0.999777 -0.523984 0 0 0 1 
38591597440145;0.370694;0.274901;0.95144 -0.207743 -0.227167 0.0271836 0.187621 0.976386 -0.107089 0.245224 0.24405 0.0592671 0.96795 -0.0928404 0 0 0 1 
38591597440146;0.299941;0.0762643;0.995739 0.0673934 -0.0629492 0.313623 -0.0735211 0.992194 -0.100724 -0.0807236 0.0556697 0.104923 0.992921 0.774243 0 0 0 1 
38591597440147;0.410512;0.0720072;0.985188 -0.169122 0.0283317 -0.677846 0.16926 0.985568 -0.00250463 0.211735 -0.0274992 0.00726295 0.999595 -0.607039 0 0 0 1 
38591597440148;0.471802;0.399295;0.965844 -0.193168 -0.172715 0.273394 0.195853 0.980632 -0.00152515 0.203601 0.169665 -0.0323538 0.984971 -0.058087 0 0 0 1 
38591597440149;0.337741;0.0762484;0.999908 0.00702769 -0.0115662 0.23359 -0.00711867 0.999944 -0.00784389 0.316779 0.0115104 0.00792551 0.999902 -0.684021 0 0 0 1 
38591597440150;0.131256;0.0695202;0.998876 -0.0468644 -0.00715971 -0.119486 0.0468107 0.998876 -0.00748825 0.125698 0.00750259 0.00714468 0.999946 -0.206885 0 0 0 1 
38591597440151;0.387023;0.314507;0.990642 -0.092253 -0.100587 0.074077 0.0929865 0.995664 0.00261873 -0.00820947 0.0999091 -0.0119474 0.994925 0.267014 0 0 0 1 
38591597440152;0.263342;0.0714942;0.960825 -0.276756 -0.0148952 -0.488213 0.277103 0.960303 0.0321202 -0.287364 0.00541451 -0.0349894 0.999373 -0.0453938 0 0 0 1 
38591597440153;0.441403;0.0557893;0.988688 0.13913 -0.056022 0.472531 -0.128773 0.978921 0.158526 0.590868 0.0768968 -0.149518 0.985764 0.234362 0 0 0 1 
38591597440155;0.258376;0.00854615;0.998872 0.041431 0.0232191 -0.58697 -0.0424071 0.998164 0.0432552 0.243227 -0.0213843 -0.0441911 0.998794 0.51437 0 0 0 1 
38591597440156;0.221561;0.0087903;0.999751 0.0106258 -0.0196077 0.046999 -0.0120783 0.997072 -0.0755125 0.0108101 0.0187479 0.0757305 0.996952 -0.703252 0 0 0 1 
38591597440157;0.430412;0.00746829;0.909215 -0.415704 -0.0227801 0.816766 0.404906 0.895674 -0.183902 0.146206 0.0968521 0.157982 0.982681 -0.400208 0 0 0 1 
38591597440158;0.209175;0.00745806;0.987486 0.0334953 0.15411 -0.0936129 -0.0401496 0.998382 0.0402708 0.200014 -0.152512 -0.0459543 0.987233 0.638853 0 0 0 1 
38591597440159;0.222826;0.0095399;0.963392 -0.222172 -0.150053 -0.00390869 0.212282 0.973994 -0.0791969 -0.24813 0.163746 0.0444441 0.985501 -0.229401 0 0 0 1 
38591597440160;0.348174;0.0138132;0.997925 0.0462456 -0.044804 -0.251374 -0.0493273 0.996305 -0.0703115 0.887643 0.0413868 0.0723757 0.996518 -0.54689 0 0 0 1 
38591597440161;0.528254;0.311884;0.987216 -0.15547 -0.0351139 0.390945 0.153923 0.98714 -0.0431574 -0.537815 0.041372 0.0372009 0.998451 0.102289 0 0 0 1 
38591597440162;0.274646;0.00765461;0.997435 -0.0708264 -0.0103649 -0.72765 0.070908 0.997453 0.00772079 -0.017687 0.00979164 -0.00843594 0.999916 -0.130974 0 0 0 1 
38591597440163;0.298037;0.00982087;0.962677 -0.268036 -0.0375567 0.57793 0.269678 0.961699 0.0490818 -0.162263 0.0229625 -0.0573782 0.998088 -0.269796 0 0 0 1 
38591597440164;0.263298;0.00873404;0.976742 0.181807 -0.113673 -0.255253 -0.176999 0.982882 0.051137 0.0809555 0.121025 -0.0298276 0.992201 0.544547 0 0 0 1 
38591597440165;0.352749;0.0067146;0.977819 0.207073 -0.0314685 -0.593164 -0.209072 0.955948 -0.206042 0.604181 -0.0125835 0.208051 0.978037 -0.422435 0 0 0 1 
38591597440166;0.206209;0.011514;0.983004 -0.18123 0.0293109 0.335364 0.182517 0.981944 -0.0497252 0.185708 -0.01977 0.0542298 0.998333 -0.19604 0 0 0 1 
38591597440167;0.319448;0.00889426;0.999945 -0.0058011 0.00878416 0.363874 0.00581503 0.999982 -0.00156065 -0.477193 -0.00877494 0.00161164 0.99996 -0.746802 0 0 0 1 
38591597440168;0.116047;0.00694272;0.99977 0.0168023 -0.0132941 -0.0137407 -0.0183931 0.991298 -0.130342 0.136268 0.0109884 0.130557 0.99138 -0.210886 0 0 0 1 
38591597440169;0.218803;0.00706882;0.997589 -0.0265611 0.0641162 0.00958714 0.010211 0.969984 0.242956 -0.200422 -0.0686448 -0.241716 0.967916 0.479793 0 0 0 1 
38591597440170;0.167043;0.00614192;0.999628 0.00907525 -0.02573 0.0505977 -0.00893251 0.999944 0.00565706 -0.0781901 0.0257799 -0.00542512 0.999653 -0.483186 0 0 0 1 
38591597440171;0.339075;0.00774589;0.96217 -0.253947 0.0986951 0.476443 0.255706 0.96674 -0.0053946 0.0657385 -0.0940425 0.0304275 0.995103 0.666182 0 0 0 1 
38591597440172;0.374586;0.00697005;0.976278 -0.0871244 -0.19822 1.04686 0.0503335 0.981713 -0.183592 0.107497 0.210591 0.16926 0.96281 -0.0365621 0 0 0 1 
38591597440173;0.118391;0.00595484;0.997769 0.0272303 0.0609499 -0.306003 -0.0250226 0.999013 -0.0366957 0.0218755 -0.061889 0.0350887 0.997466 0.170802 0 0 0 1 
38591597440174;0.158802;0.00732412;0.99316 -0.0379998 0.110403 -0.121197 0.0152981 0.979757 0.199607 -0.0860389 -0.115753 -0.196553 0.973637 0.19579 0 0 0 1 
38591597440175;0.263758;0.00487294;0.963429 0.184434 0.194391 -0.563646 -0.199363 0.978082 0.0600866 0.0915473 -0.179048 -0.0966435 0.979082 0.353611 0 0 0 1 
38591597440176;0.174741;0.00924708;0.998533 -0.0531288 0.0104811 0.0690005 0.0504597 0.983093 0.176017 -0.368825 -0.0196555 -0.17523 0.984331 0.153702 0 0 0 1 
38591597440177;0.253101;0.0140029;0.992926 0.116809 0.0213102 -0.58241 -0.116228 0.992863 -0.0267306 -0.308657 -0.0242804 0.0240647 0.999416 -0.200101 0 0 0 1 
38591597440178;0.247175;0.00635166;0.996564 0.0774912 0.0292519 -0.366699 -0.0759911 0.995888 -0.0493164 -0.560467 -0.0329532 0.0469241 0.998355 -0.166291 0 0 0 1 
38591597440179;0.388374;0.322706;0.994553 -0.103012 0.0158878 -0.0453917 0.1035 0.994057 -0.0337386 0.0433678 -0.0123178 0.0351992 0.999304 0.0644893 0 0 0 1 
38591597440180;0.287474;0.00930709;0.90646 0.288796 -0.308103 -0.0312834 -0.273323 0.957391 0.0932611 0.238532 0.321908 -0.000325786 0.946771 -0.336129 0 0 0 1 
38591597440181;0.269146;0.00761873;0.998819 -0.0342559 0.0344635 0.236942 0.0307812 0.994833 0.0967439 -0.736911 -0.0375995 -0.0955688 0.994712 -0.132383 0 0 0 1 
38591597440182;0.36237;0.00599537;0.950658 0.285768 0.12077 -0.738089 -0.301128 0.943604 0.137601 0.095024 -0.0746373 -0.167179 0.983097 -0.153897 0 0 0 1 
38591597440183;0.418551;0.00886843;0.936079 -0.351098 0.0220328 0.870413 0.349706 0.921906 -0.166718 -0.468433 0.0382221 0.163766 0.985758 -0.126281 0 0 0 1 
38591597440184;0.369769;0.0084352;0.99958 -0.0237572 0.0166229 -0.800608 0.0259661 0.988561 -0.148573 -0.0637991 -0.0129031 0.148942 0.988762 -0.69668 0 0 0 1 
38591597440186;0.226268;0.0933722;0.999961 0.00780457 -0.00413084 -0.0500413 -0.00775462 0.999898 0.0119728 -0.216191 0.00422386 -0.0119403 0.99992 0.0253716 0 0 0 1 
38591597440187;0.539163;0.204283;0.971358 -0.225287 0.0755627 0.353374 0.225133 0.97427 0.0106634 -1.15674 -0.0760208 0.00665369 0.997084 0.732127 0 0 0 1 
38591597440188;0.243538;0.0490298;0.972859 0.178698 0.147011 -0.191402 -0.199765 0.969231 0.143825 0.557103 -0.116786 -0.169289 0.978623 0.430175 0 0 0 1 
38591597440189;0.327282;0.0875021;0.997899 -0.00562378 -0.0645409 0.214764 0.00926095 0.998377 0.0561945 -0.163631 0.0641201 -0.0566742 0.996332 -0.628227 0 0 0 1 
38591597440190;0.477387;0.0580505;0.947625 0.115393 0.297811 -0.0627107 -0.188187 0.95513 0.228719 0.442563 -0.258056 -0.272784 0.92682 1.34972 0 0 0 1 
38591597440191;0.452785;0.0888583;0.992772 0.0192378 0.118465 -0.0249507 -0.0701298 0.894008 0.442528 -0.105113 -0.0973956 -0.447637 0.888895 0.907696 0 0 0 1 
38591597440192;0.627235;0.374091;0.98199 -0.187396 0.0240468 0.402034 0.185406 0.9803 0.0680964 -0.930476 -0.0363341 -0.0624116 0.997389 0.84435 0 0 0 1 
38591597440193;0.3706;0.0847504;0.999909 0.0127059 0.00463127 -0.0397846 -0.0119117 0.989618 -0.143229 0.272098 -0.00640305 0.143161 0.989679 -0.520546 0 0 0 1 
38591597440194;0.358294;0.0722869;0.983418 0.154783 0.0945037 0.323131 -0.155725 0.987797 0.0026307 0.16295 -0.0929432 -0.0173037 0.995521 0.134395 0 0 0 1 
38591597440195;0.380792;0.0473279;0.930319 0.297951 -0.213852 0.0772755 -0.300476 0.95355 0.0213822 0.816068 0.210289 0.044365 0.976632 -0.31561 0 0 0 1 
38591597440196;0.614704;0.178154;0.952481 -0.269776 -0.141422 0.0691865 0.299515 0.913978 0.273743 -0.648223 0.055407 -0.303093 0.951349 -0.0806439 0 0 0 1 
38591597440197;0.540834;0.0557344;0.947784 0.302553 -0.100834 0.628561 -0.306663 0.951414 -0.0277448 0.953322 0.0875409 0.0572183 0.994516 -0.00890916 0 0 0 1 
38591597440198;0.653732;0.0568524;0.974002 0.224283 -0.0318924 0.076759 -0.22453 0.937041 -0.267469 0.268745 -0.0301044 0.267676 0.963038 0.500264 0 0 0 1 
38591597440199;0.0659977;0.0886024;0.999923 -0.01226 0.00179926 0.0241514 0.012276 0.999882 -0.00921762 -0.0732486 -0.00168604 0.009239 0.999956 -0.0412858 0 0 0 1 
38591597440200;0.599375;0.0621084;0.997494 0.0662435 -0.0248419 0.562217 -0.0662193 0.997803 0.00179796 0.730692 0.0249065 -0.000148444 0.99969 0.0792858 0 0 0 1 
38591597440201;0.617035;0.0494871;0.995828 0.0588667 0.0697273 0.436433 -0.0407336 0.970509 -0.237598 0.220859 -0.0816576 0.233766 0.968858 -0.555687 0 0 0 1 
38591597440202;0.728849;0.187039;0.911382 0.000797619 -0.411562 0.679807 0.110563 0.962764 0.246701 -0.765975 0.396433 -0.270343 0.877357 -0.0766028 0 0 0 1 
38591597440203;0.628996;0.0440899;0.95792 0.284513 -0.0379725 0.743916 -0.283264 0.9584 0.0350871 0.901136 0.0463755 -0.0228544 0.998663 0.0824847 0 0 0 1 
38591597440204;0.361491;0.092556;0.976472 -0.213627 -0.0294153 0.0525474 0.21473 0.975788 0.0415823 -0.631885 0.01982 -0.0469203 0.998702 0.234716 0 0 0 1 
38591597440205;0.426394;0.0629955;0.980122 0.152862 0.126467 -0.362086 -0.176702 0.962438 0.206129 0.285719 -0.0902075 -0.224378 0.970318 0.683571 0 0 0 1 
38591597440206;0.39785;0.0635617;0.981889 0.10648 0.156705 0.013139 -0.156536 0.921898 0.354403 0.242075 -0.106729 -0.372514 0.921869 0.815303 0 0 0 1 
38591597440207;0.654746;0.0481897;0.988822 0.144533 0.0366224 -0.595753 -0.146462 0.987571 0.0570217 -0.244671 -0.0279257 -0.0617481 0.997701 0.430431 0 0 0 1 
38591597440208;0.405729;0.0718664;0.966209 -0.0167277 0.257218 -0.100291 -0.035538 0.979717 0.197208 -0.402148 -0.255299 -0.199685 0.946017 0.574525 0 0 0 1 
38591597440209;0.302589;0.0470928;0.944205 0.329338 -0.00358125 -0.16331 -0.329138 0.943915 0.0263085 0.926002 0.0120448 -0.0236619 0.999647 0.0204265 0 0 0 1 
38591597440210;0.290612;0.0504039;0.995302 0.092908 -0.0272366 -0.0789453 -0.0965822 0.972402 -0.212384 0.420501 0.00675279 0.214017 0.976807 0.0487252 0 0 0 1 
38591597440211;0.669792;0.0493747;0.984501 0.140208 0.105354 -0.286891 -0.153721 0.97905 0.13353 -0.449669 -0.0844253 -0.147655 0.985429 0.524413 0 0 0 1 
38591597440212;0.674895;0.0475275;0.924406 0.113416 0.364156 0.704674 -0.229926 0.927484 0.294802 0.615397 -0.304313 -0.356246 0.883449 1.14258 0 0 0 1 
38591597440213;0.74739;0.0904455;0.987026 0.0793508 -0.139581 0.160398 -0.0454666 0.97189 0.231002 -0.965363 0.153988 -0.221659 0.962889 -0.0570453 0 0 0 1 
38591597440214;0.177349;0.0590782;0.999552 0.00100196 -0.0299076 0.110905 -0.00635729 0.983735 -0.179512 0.0404836 0.0292413 0.179622 0.983301 -0.300808 0 0 0 1 
38591597440215;0.720627;0.0664463;0.990965 0.0670114 -0.116177 0.0168048 -0.0751714 0.994894 -0.0673366 0.534052 0.111072 0.0754615 0.990943 -1.31964 0 0 0 1 
38591597440217;0.284412;0.0337961;0.999931 -0.0109674 -0.00415736 0.253399 0.0110137 0.999876 0.0112877 0.030122 0.00403305 -0.0113327 0.999928 0.601647 0 0 0 1 
38591597440218;0.175507;0.0390538;0.980694 0.19257 -0.0340116 -0.142223 -0.193768 0.980375 -0.0363277 0.203794 0.0263485 0.0422167 0.998761 -0.0369655 0 0 0 1 
38591597440219;0.263573;0.0363147;0.983552 0.180593 0.00329885 -0.158003 -0.180592 0.983558 -0.000652916 0.323633 -0.00336252 4.64319e-05 0.999994 0.396934 0 0 0 1 
38591597440220;0.260161;0.0399128;0.998759 0.0317434 -0.0383794 0.0642451 -0.0304897 0.998996 0.032821 0.484117 0.0393828 -0.0316101 0.998724 0.21968 0 0 0 1 
38591597440221;0.443483;0.0372665;0.994096 -0.0899472 -0.0606827 0.924337 0.100191 0.975636 0.195183 0.0650638 0.041648 -0.200111 0.978888 0.372555 0 0 0 1 
38591597440222;0.400675;0.046997;0.995413 0.0915953 0.0276153 -0.221289 -0.0923547 0.995343 0.0276057 0.268402 -0.0249582 -0.0300295 0.999237 -0.818223 0 0 0 1 
38591597440223;0.500048;0.0385901;0.898973 0.431552 0.0749072 -0.455614 -0.435798 0.89841 0.0542066 0.950868 -0.0439045 -0.0813747 0.995716 0.413173 0 0 0 1 
38591597440224;0.319063;0.0412813;0.999586 0.0258618 -0.0126327 0.1765 -0.0258402 0.999664 0.0018701 0.115823 0.0126769 -0.00154289 0.999918 -0.743441 0 0 0 1 
38591597440225;0.246702;0.0438324;0.986832 -0.0970204 0.129422 0.128333 0.0740424 0.982339 0.171837 0.105053 -0.143808 -0.159992 0.976587 -0.059995 0 0 0 1 
38591597440226;0.422905;0.0324413;0.884663 0.405097 0.230799 -0.257733 -0.356252 0.90668 -0.225868 0.529222 -0.300759 0.117594 0.946423 0.306862 0 0 0 1 
38591597440227;0.114525;0.0388444;0.998847 0.00366625 0.0478768 -0.0804024 -0.00818467 0.995489 0.0945243 -0.313628 -0.0473142 -0.0948071 0.994371 0.0428701 0 0 0 1 
38591597440228;0.227089;0.0447577;0.964341 -0.261613 0.040073 0.118966 0.263193 0.963867 -0.0411065 -0.189285 -0.0278711 0.0501876 0.998351 0.0686314 0 0 0 1 
38591597440229;0.366377;0.0366478;0.961858 0.271761 0.0312279 -0.538037 -0.269923 0.961429 -0.0528808 0.575575 -0.0443943 0.0424347 0.998112 -0.218501 0 0 0 1 
38591597440230;0.40791;0.0371564;0.999907 0.00989236 0.00935823 -0.0282346 -0.0105643 0.997149 0.0747107 -0.0822758 -0.00859248 -0.0748027 0.997161 1.00503 0 0 0 1 
38591597440231;0.122929;0.0308113;0.997462 0.061605 -0.0357066 0.0855269 -0.0581858 0.994244 0.0899644 -0.236836 0.0410434 -0.0876584 0.995305 0.0361418 0 0 0 1 
38591597440232;0.235296;0.0382532;0.965417 -0.258634 0.0328438 0.293706 0.258176 0.965938 0.0175438 -0.322695 -0.0362625 -0.0084576 0.999307 -0.0290827 0 0 0 1 
38591597440233;0.450082;0.0363251;0.90903 -0.00292067 -0.41672 0.651805 0.118421 0.960562 0.251591 -0.452049 0.39955 -0.278052 0.873525 -0.397255 0 0 0 1 
38591597440234;0.442338;0.0371363;0.891714 -0.449723 -0.0509467 0.494922 0.440377 0.888102 -0.131697 0.00151294 0.104473 0.0950001 0.98998 -0.2454 0 0 0 1 
38591597440235;0.600621;0.0406903;0.906152 0.422381 -0.0219581 -0.565587 -0.420878 0.905628 0.051949 1.1058 0.0418282 -0.037832 0.998408 0.552789 0 0 0 1 
38591597440236;0.098733;0.0304099;0.996019 0.059375 -0.0664851 0.133192 -0.0589147 0.998224 0.00886319 -0.0161848 0.0668933 -0.00491095 0.997748 -0.160245 0 0 0 1 
38591597440237;0.391996;0.0423188;0.993205 -0.114168 -0.0225582 0.478635 0.115647 0.989921 0.0817477 0.25652 0.0129979 -0.0838011 0.996398 0.598768 0 0 0 1 
38591597440238;0.352561;0.0301598;0.918722 0.218591 0.32889 -0.324773 -0.262505 0.960235 0.0950798 0.102628 -0.295028 -0.173687 0.93957 0.552841 0 0 0 1 
38591597440239;0.273596;0.0375107;0.949585 -0.299564 0.0924642 0.277108 0.302157 0.953138 -0.0151238 -0.34883 -0.0836006 0.0423001 0.995601 -0.0763124 0 0 0 1 
38591597440240;0.59112;0.0386114;0.911358 -0.393084 -0.12211 1.0062 0.40474 0.909787 0.0920528 -0.882141 0.0749092 -0.133316 0.988239 0.579831 0 0 0 1 
38591597440241;0.457943;0.035959;0.92305 0.384662 0.00360877 -0.095533 -0.384003 0.921943 -0.0506343 0.468986 -0.0228042 0.0453522 0.998711 -0.649814 0 0 0 1 
38591597440242;0.307705;0.0355584;0.982041 0.1868 0.0264839 0.231458 -0.187176 0.982247 0.0124968 -0.41405 -0.0236793 -0.0172295 0.999571 -0.0153725 0 0 0 1 
38591597440243;0.105317;0.037018;0.998237 -0.0592171 0.00398086 0.101185 0.0591915 0.998227 0.00627597 -0.128826 -0.00434544 -0.00602927 0.999972 -0.187833 0 0 0 1 
38591597440244;0.562292;0.0347956;0.91571 -0.381617 -0.125871 0.906653 0.350419 0.911658 -0.214677 -0.0654014 0.196675 0.152474 0.96854 -0.961068 0 0 0 1 
38591597440245;0.374359;0.0332779;0.9927 -0.110741 -0.0477738 -0.501316 0.11327 0.992099 0.0539479 0.25495 0.0414221 -0.0589655 0.9974 0.303808 0 0 0 1 
38591597440246;0.451519;0.0319162;0.881297 0.472539 -0.00473592 -0.0286224 -0.472535 0.881091 -0.0197265 0.758887 -0.00514878 0.0196228 0.999794 -0.296761 0 0 0 1 
38591597440248;0.275634;0.00805197;0.951933 0.306177 0.00886704 -0.415288 -0.30596 0.951835 -0.0199363 0.403389 -0.014544 0.0162651 0.999762 0.0407285 0 0 0 1 
38591597440249;0.256114;0.0158712;0.958577 -0.179753 -0.220949 0.57854 0.167 0.98308 -0.07526 -0.071549 0.230738 0.0352441 0.972377 -0.360574 0 0 0 1 
38591597440250;0.238063;0.0107216;0.922092 -0.0158116 -0.386648 0.233544 -0.0400912 0.989885 -0.136091 0.293767 0.384889 0.14099 0.912131 -0.496296 0 0 0 1 
38591597440251;0.292932;0.00748883;0.999982 -0.000784298 0.00590872 -0.037164 0.000735761 0.999966 0.00821213 -0.00948711 -0.00591496 -0.00820764 0.999949 0.868946 0 0 0 1 
38591597440252;0.40515;0.00883992;0.995143 0.000873134 0.0984335 -0.210931 0.0470211 0.874286 -0.483129 0.473211 -0.0864809 0.485411 0.869999 -0.307653 0 0 0 1 
38591597440253;0.264249;0.00999359;0.999716 -0.0160194 0.0176481 -0.656881 0.0157516 0.99976 0.0152108 0.0121935 -0.0178875 -0.0149285 0.999729 -0.305432 0 0 0 1 
38591597440254;0.377732;0.0165691;0.908671 -0.389775 0.14964 0.578242 0.348998 0.90582 0.240188 -0.537629 -0.229166 -0.166028 0.959123 0.259835 0 0 0 1 
38591597440255;0.159826;0.00662182;0.976831 0.0818297 0.197752 0.106811 -0.0695975 0.995252 -0.0680459 0.115401 -0.202382 0.0527063 0.977887 0.379416 0 0 0 1 
38591597440256;0.0516293;0.00624145;0.999076 0.0296986 0.0310513 -0.0733349 -0.0289207 0.999264 -0.0252087 0.121827 -0.0317771 0.0242874 0.9992 0.0457117 0 0 0 1 
38591597440257;0.294004;0.0169875;0.986711 -0.123929 -0.105083 0.12003 0.116007 0.990146 -0.0784365 0.473564 0.113769 0.0652037 0.991365 0.287241 0 0 0 1 
