#;prob_registration_l1 -r /home/probabilistic_point_clouds_registration/build/tester /home/point_clouds_registration_benchmark//devel/registration_pairs/gazebo_summer_local.txt /home/point_clouds_registration_benchmark//eth/gazebo_summer -s 0.2 -t 0.2 -p 0.3 -r 1000 -m 15 -i 40 
id;initial_error;final_error;transformation
36535719080000;0.0805842;0.119154;0.99839 -0.0193216 0.053328 -0.196486 0.0139633 0.994981 0.0990802 -0.10635 -0.0549748 -0.098176 0.993649 0.00850504 0 0 0 1 
36535719080001;0.11249;0.117738;0.985674 -0.000522629 0.168659 -0.37695 0.0122104 0.997592 -0.0682689 0.0535163 -0.168217 0.0693503 0.983307 0.188468 0 0 0 1 
36535719080002;0.259114;0.127358;0.988769 0.0189692 0.148246 -0.00109584 -0.0465537 0.981655 0.184893 -0.454444 -0.142019 -0.189718 0.971513 0.0731901 0 0 0 1 
36535719080003;0.441289;0.692714;0.966468 -0.166796 0.19524 -1.31189 0.181614 0.981507 -0.0605044 -0.395597 -0.181537 0.0939339 0.978887 -0.072563 0 0 0 1 
36535719080004;0.424931;0.854516;0.936296 -0.141278 0.321544 -2.18705 0.165637 0.984941 -0.0495551 -0.641277 -0.309701 0.0996578 0.945597 -0.0503969 0 0 0 1 
36535719080005;0.508351;0.164653;0.982221 -0.120814 0.143683 0.194858 0.165982 0.91647 -0.364052 0.822627 -0.0876988 0.381428 0.920229 -0.428291 0 0 0 1 
36535719080006;0.482532;0.310208;0.989425 0.0599179 -0.132092 -0.541705 -0.0779339 0.987674 -0.135741 0.463272 0.122331 0.1446 0.981899 -1.48731 0 0 0 1 
36535719080007;0.407429;0.148941;0.948791 -0.315034 0.0234398 -0.0741753 0.311242 0.919506 -0.240077 -0.77558 0.0540792 0.235078 0.970471 -1.16919 0 0 0 1 
36535719080008;0.494873;0.425296;0.982334 0.0240021 0.185588 -1.16759 0.036661 0.947839 -0.316634 0.490986 -0.183508 0.317844 0.930215 -0.676821 0 0 0 1 
36535719080009;0.260051;0.108802;0.98664 -0.0899034 0.135862 -0.308584 0.0839346 0.995263 0.049052 -0.77732 -0.139628 -0.0369931 0.989513 -0.316362 0 0 0 1 
36535719080010;0.367096;0.170006;0.974665 -0.162373 0.15383 0.320769 0.168325 0.985378 -0.0264018 -0.165122 -0.147294 0.0516263 0.987745 0.697899 0 0 0 1 
36535719080011;0.379627;0.163719;0.962787 -0.216187 0.162185 -0.164946 0.20522 0.975293 0.0817796 0.35924 -0.175857 -0.0454529 0.983366 -0.242769 0 0 0 1 
36535719080012;0.1676;0.117248;0.998875 0.0286062 0.0378247 -0.431787 -0.0291348 0.999484 0.0134976 0.229422 -0.0374191 -0.0145845 0.999193 -0.553796 0 0 0 1 
36535719080013;0.445602;0.147803;0.941705 -0.277115 0.190787 0.948107 0.26625 0.960501 0.0809277 -0.840154 -0.205677 -0.025413 0.97829 0.39181 0 0 0 1 
36535719080014;0.45281;0.492368;0.998558 0.0512762 0.0158752 -1.27423 -0.0511092 0.998635 -0.0107548 0.256896 -0.016405 0.0099279 0.999816 -0.0596085 0 0 0 1 
36535719080015;0.366192;0.461414;0.997764 -0.0121877 0.0657121 -1.25159 0.00990916 0.999342 0.0348891 -0.00532349 -0.0660941 -0.03416 0.997228 0.13398 0 0 0 1 
36535719080016;0.0775968;0.110806;0.991389 -0.00764269 0.130723 -0.336222 0.00163946 0.998941 0.0459695 0.0350792 -0.130936 -0.0453593 0.990353 0.125999 0 0 0 1 
36535719080017;0.294515;0.121992;0.952323 0.067038 0.297635 -0.414684 0.0189937 0.960641 -0.277143 0.219508 -0.3045 0.269583 0.913567 0.171962 0 0 0 1 
36535719080018;0.425335;0.482632;0.999699 -0.017911 0.0167414 -0.863324 0.0191001 0.997091 -0.0737933 -0.188203 -0.015371 0.0740908 0.997133 -0.61794 0 0 0 1 
36535719080019;0.389784;0.486613;0.998312 -0.0206696 -0.0542807 -0.79936 0.0167173 0.997244 -0.0722833 -0.0606963 0.0556252 0.0712538 0.995906 -0.57876 0 0 0 1 
36535719080020;0.317608;0.121099;0.982144 0.183956 -0.0394106 -0.388528 -0.181132 0.981233 0.0661287 0.929419 0.0508357 -0.0578094 0.997033 -0.0418607 0 0 0 1 
36535719080021;0.423824;0.354815;0.925717 -0.236615 0.295062 -0.44685 0.323252 0.899994 -0.292437 -0.356617 -0.196359 0.366094 0.909625 0.0538564 0 0 0 1 
36535719080022;0.154215;0.109455;0.999485 0.00505509 0.0316864 -0.572146 -0.0055253 0.999876 0.0147694 -0.0560266 -0.0316078 -0.0149369 0.999389 -0.376633 0 0 0 1 
36535719080023;0.35143;0.131679;0.978584 -0.000819254 -0.205845 -0.267903 0.0228534 0.994243 0.104687 0.193367 0.204575 -0.10715 0.972969 0.266336 0 0 0 1 
36535719080024;0.34005;0.129715;0.964022 -0.238134 -0.118129 0.137913 0.182846 0.916589 -0.355571 -0.240685 0.19295 0.321179 0.927154 -1.13005 0 0 0 1 
36535719080025;0.273677;0.133947;0.9953 0.0634553 -0.0731465 -0.383507 -0.0489045 0.981352 0.185892 0.459502 0.0835783 -0.181441 0.979844 -0.0262909 0 0 0 1 
36535719080026;0.254446;0.161947;0.997187 -0.0306843 0.0683825 0.107489 0.0300293 0.999493 0.0105867 0.48297 -0.0686726 -0.00850344 0.997603 -0.0845923 0 0 0 1 
36535719080027;0.274443;0.131071;0.964772 0.226492 0.133853 -0.761803 -0.228426 0.973561 -0.000930602 0.436879 -0.130525 -0.0296776 0.991001 0.0234231 0 0 0 1 
36535719080028;0.110223;0.119402;0.988868 -0.0335769 0.144954 -0.377304 0.0428788 0.997184 -0.0615304 -0.201637 -0.14248 0.067061 0.987523 -0.00163166 0 0 0 1 
36535719080029;0.464721;0.761397;0.954056 -0.19742 0.225395 -1.77932 0.199452 0.979808 0.0139553 -0.702299 -0.223599 0.0316413 0.974167 -0.313656 0 0 0 1 
36535719080031;0.562593;1.3123;0.985174 0.0648089 0.158846 -2.13164 -0.0563195 0.996763 -0.0573797 0.800503 -0.162051 0.0475829 0.985635 -0.0997817 0 0 0 1 
36535719080032;0.49885;0.836963;0.999853 0.0161875 -0.00558786 -1.27316 -0.0155928 0.995476 0.0937236 0.46292 0.00707973 -0.0936227 0.995583 -0.443905 0 0 0 1 
36535719080033;0.471869;1.41585;0.964694 0.229098 0.129919 -2.4836 -0.259341 0.912283 0.31699 1.04222 -0.0459012 -0.339492 0.939488 0.588066 0 0 0 1 
36535719080034;0.28376;1.3136;0.937427 0.308374 -0.161665 -2.15749 -0.27928 0.94323 0.179776 0.890928 0.207925 -0.123377 0.970332 -1.17246 0 0 0 1 
36535719080035;0.587922;1.54183;0.984102 -0.117563 0.133125 -2.70714 0.12792 0.98916 -0.0720977 -0.0568537 -0.123206 0.0879809 0.988473 -0.671665 0 0 0 1 
36535719080036;0.406933;1.40199;0.979385 0.176682 0.0979232 -2.69524 -0.174552 0.984191 -0.0299825 0.656643 -0.101673 0.0122717 0.994742 0.475768 0 0 0 1 
36535719080037;0.0919718;0.666429;0.987845 0.0884101 0.127854 -1.20409 -0.0879404 0.996082 -0.00932522 0.256487 -0.128178 -0.00203169 0.991749 0.0715531 0 0 0 1 
36535719080038;0.581548;1.49719;0.983064 0.0468785 0.177167 -3.41494 -0.0505194 0.998593 0.0160934 0.410993 -0.176163 -0.0247712 0.984049 0.859288 0 0 0 1 
36535719080039;0.434512;0.680577;0.983423 0.150486 0.101155 -1.68753 -0.14529 0.987749 -0.05695 0.900341 -0.108486 0.0413092 0.993239 -0.564979 0 0 0 1 
36535719080040;0.566995;1.305;0.935976 0.0243644 0.35122 -1.66515 -0.0672995 0.991588 0.110561 0.472055 -0.345571 -0.12712 0.929742 0.493482 0 0 0 1 
36535719080041;0.142283;1.16915;0.953445 0.266811 0.140549 -1.95926 -0.265445 0.963698 -0.0287314 0.878247 -0.143113 -0.00991419 0.989657 -0.102348 0 0 0 1 
36535719080042;0.307724;0.773903;0.999441 -0.00715407 -0.0326422 -1.37667 -0.000920633 0.97055 -0.2409 0.00570095 0.0334043 0.240795 0.970001 -0.248515 0 0 0 1 
36535719080043;0.210302;1.44556;0.963985 0.133141 0.230229 -2.64993 -0.166994 0.976761 0.134354 0.749075 -0.206991 -0.167963 0.963817 0.488629 0 0 0 1 
36535719080044;0.594242;1.46813;0.999886 0.00865281 0.012348 -2.44777 -0.0104402 0.988181 0.152938 -0.231275 -0.0108787 -0.15305 0.988159 0.280976 0 0 0 1 
36535719080045;0.55307;0.637132;0.966715 0.247237 0.0658443 -1.77657 -0.23504 0.959831 -0.153232 1.55179 -0.101084 0.132656 0.985994 0.405214 0 0 0 1 
36535719080046;0.383937;0.646123;0.991111 0.102296 0.0850566 -1.04171 -0.0984571 0.993974 -0.0481786 1.07488 -0.0894726 0.0393759 0.995211 -0.441176 0 0 0 1 
36535719080047;0.507113;0.740698;0.997273 0.0482264 0.0558694 -0.99013 -0.0472318 0.998703 -0.0189879 0.00867041 -0.0567126 0.0162973 0.998258 0.607552 0 0 0 1 
36535719080048;0.299943;1.37437;0.972241 0.0656528 0.22458 -2.48906 0.00961059 0.947812 -0.318685 0.259165 -0.233782 0.311997 0.920871 0.351717 0 0 0 1 
36535719080049;0.398366;1.43075;0.97806 -0.0491379 0.202447 -2.46568 -0.00636708 0.96428 0.26481 0.0348299 -0.208228 -0.260289 0.94281 0.595706 0 0 0 1 
36535719080050;0.499825;1.18918;0.922201 0.228423 -0.31204 -2.01346 -0.209533 0.973343 0.0932662 1.04261 0.325026 -0.0206274 0.94548 -2.06436 0 0 0 1 
36535719080051;0.440086;1.59979;0.977545 -0.113803 0.177357 -2.734 0.1348 0.984614 -0.111198 0.00876228 -0.161973 0.132609 0.977844 -0.108294 0 0 0 1 
36535719080052;0.307637;1.33689;0.979553 0.0856818 0.182029 -2.52701 -0.126719 0.965511 0.227443 0.489826 -0.156263 -0.245859 0.956627 0.360077 0 0 0 1 
36535719080053;0.461332;1.50384;0.937325 -0.0740238 0.340503 -2.3015 0.0706749 0.997251 0.0222465 -0.0307631 -0.341214 0.00321289 0.93998 1.2395 0 0 0 1 
36535719080054;0.521749;0.834047;0.942693 0.0558065 0.328961 -1.22937 -0.09232 0.991049 0.0964321 1.42161 -0.320635 -0.121276 0.939407 0.78022 0 0 0 1 
36535719080055;0.319357;1.42434;0.958197 -0.0375159 0.283641 -2.35207 0.0717413 0.991199 -0.111255 0.379623 -0.27697 0.126953 0.952455 0.427199 0 0 0 1 
36535719080056;0.611624;1.58863;0.967996 -0.101219 0.229649 -2.87442 0.131255 0.98412 -0.119501 0.217698 -0.213906 0.145819 0.965909 -0.438125 0 0 0 1 
36535719080057;0.403587;0.590629;0.992519 0.111075 -0.0506841 -0.882331 -0.116536 0.985671 -0.12195 0.360894 0.0364123 0.126944 0.991241 -0.501049 0 0 0 1 
36535719080058;0.354702;1.09706;0.967417 0.00185642 0.253183 -1.70149 0.0333432 0.99033 -0.134666 0.0670544 -0.250985 0.138721 0.958 -0.0506359 0 0 0 1 
36535719080059;0.377989;0.62145;0.980135 0.148347 0.131635 -1.11672 -0.12306 0.975392 -0.182939 1.24204 -0.155534 0.163106 0.974272 -0.242954 0 0 0 1 
36535719080060;0.383603;0.747847;0.990915 0.107996 0.0801508 -1.1485 -0.115438 0.988771 0.0949014 1.07011 -0.0690018 -0.103292 0.992255 -0.251188 0 0 0 1 
36535719080062;0.362158;0.681452;0.997411 -0.0614175 0.0373952 -0.866829 0.0533479 0.980746 0.187861 -2.26608 -0.0482131 -0.18538 0.981483 -1.00242 0 0 0 1 
36535719080063;0.299523;0.820514;0.985446 -0.141416 0.0943304 -1.08065 0.112526 0.958605 0.261563 -2.7211 -0.127415 -0.247142 0.960566 -0.542857 0 0 0 1 
36535719080064;0.461382;0.776899;0.985975 -0.166594 0.0099938 -0.754343 0.166645 0.979474 -0.1134 -2.09332 0.00910318 0.113475 0.993499 -1.39923 0 0 0 1 
36535719080065;0.4807;0.973552;0.967025 0.0813972 0.241325 -0.60621 -0.11539 0.984745 0.130238 -2.97564 -0.227042 -0.15379 0.961665 1.02202 0 0 0 1 
36535719080066;0.231893;0.658361;0.979684 -0.154377 0.128008 -0.388364 0.116769 0.95805 0.261736 -2.58583 -0.163044 -0.241471 0.956613 0.477234 0 0 0 1 
36535719080067;0.276753;1.02555;0.995702 -0.0701276 -0.0604908 -0.286471 0.0911786 0.856772 0.507571 -3.82516 0.0162322 -0.510905 0.859484 0.459364 0 0 0 1 
36535719080068;0.41506;0.969689;0.977677 -0.173054 0.119163 -0.882201 0.143674 0.964443 0.221828 -3.06291 -0.153314 -0.199756 0.967777 -0.632687 0 0 0 1 
36535719080069;0.168667;0.76467;0.989574 -0.124607 0.0722271 -0.94466 0.0878588 0.919633 0.382826 -2.68848 -0.114125 -0.372489 0.920993 0.646124 0 0 0 1 
36535719080070;0.366766;1.02372;0.972347 -0.0182414 -0.232829 -0.0431202 0.115669 0.903695 0.412256 -3.93756 0.202886 -0.427787 0.880815 -0.81864 0 0 0 1 
36535719080071;0.314881;0.811442;0.990773 -0.132683 0.0276579 -1.47796 0.128573 0.984664 0.117919 -2.1994 -0.0428796 -0.113275 0.992638 0.11888 0 0 0 1 
36535719080072;0.205179;1.055;0.973225 -0.223808 0.0523716 -1.34706 0.199953 0.936726 0.287338 -3.02431 -0.113367 -0.269173 0.956396 0.600705 0 0 0 1 
36535719080073;0.364246;0.797668;0.926843 -0.206171 0.313776 -1.09892 0.0310855 0.875006 0.483113 -2.78076 -0.37416 -0.438016 0.817402 1.20785 0 0 0 1 
36535719080074;0.343501;0.990446;0.995536 0.0449598 0.0829888 -0.464294 -0.0699296 0.941873 0.328611 -3.25709 -0.0633906 -0.332948 0.940812 0.240997 0 0 0 1 
36535719080075;0.45993;0.976363;0.991143 0.0277114 -0.129874 0.0652002 -0.031949 0.999019 -0.0306592 -2.24338 0.128897 0.034537 0.991056 -1.04306 0 0 0 1 
36535719080076;0.347563;1.07937;0.999312 -0.00182642 -0.0370562 -0.0957768 0.0134624 0.948565 0.316295 -4.01592 0.0345725 -0.316576 0.947937 0.222279 0 0 0 1 
36535719080077;0.245685;1.03767;0.980264 -0.0500618 -0.191251 -0.173102 0.0984735 0.962498 0.252786 -3.52666 0.171424 -0.26663 0.948431 -0.20303 0 0 0 1 
36535719080078;0.322722;0.771345;0.997871 -0.0617679 0.0209557 -1.44184 0.0501588 0.932058 0.358819 -2.43537 -0.0416955 -0.357004 0.933172 -0.614979 0 0 0 1 
36535719080079;0.340882;0.961934;0.998094 -0.01217 0.0605013 -0.383539 -0.00958584 0.937891 0.346797 -3.37486 -0.0609641 -0.346716 0.935987 -0.219375 0 0 0 1 
36535719080080;0.326117;1.04475;0.987822 -0.119386 0.0997702 -0.408701 0.0739201 0.924381 0.374241 -2.85502 -0.136905 -0.362309 0.921949 1.04362 0 0 0 1 
36535719080081;0.410409;0.925372;0.977807 -0.182889 0.102199 -1.19504 0.157087 0.962776 0.21997 -3.0112 -0.138625 -0.199034 0.970138 -0.569337 0 0 0 1 
36535719080082;0.216435;0.776492;0.996981 -0.0773395 -0.00693603 -0.592741 0.0759591 0.952835 0.29383 -1.9929 -0.0161158 -0.29347 0.955832 0.302948 0 0 0 1 
36535719080083;0.161862;0.640185;0.998896 0.00343372 0.0468489 -0.594477 -0.0184814 0.945621 0.324746 -1.90903 -0.0431862 -0.325253 0.94464 -0.212221 0 0 0 1 
36535719080084;0.439577;1.12271;0.971708 -0.222361 0.0796137 -0.743328 0.19403 0.943756 0.267727 -3.97694 -0.134668 -0.244705 0.9602 0.395257 0 0 0 1 
36535719080085;0.124875;1.10818;0.992259 -0.116794 0.0422022 -0.629722 0.102266 0.961286 0.255875 -3.73056 -0.0704529 -0.249578 0.965788 0.275013 0 0 0 1 
36535719080086;0.392366;1.09206;0.956924 -0.0963069 -0.2739 0.527573 0.129877 0.985722 0.107159 -3.39394 0.259669 -0.138117 0.95577 -1.14117 0 0 0 1 
36535719080087;0.41425;0.966597;0.994435 -0.102739 0.0233208 -0.879341 0.0747437 0.844015 0.531085 -3.05037 -0.0742461 -0.526387 0.846997 -0.331162 0 0 0 1 
36535719080088;0.317089;1.08228;0.991427 -0.0679785 0.11159 -0.699323 0.0433663 0.976792 0.209753 -3.77842 -0.123259 -0.203115 0.971366 -0.463009 0 0 0 1 
36535719080089;0.0976208;0.847893;0.98597 -0.166896 -0.00282972 -0.807895 0.161389 0.948837 0.271407 -2.75678 -0.0426118 -0.268056 0.96246 0.245752 0 0 0 1 
36535719080090;0.312576;0.61293;0.995983 -0.0785037 -0.0430791 -0.12721 0.0862898 0.969965 0.227426 -2.53471 0.0239314 -0.23023 0.972842 0.187268 0 0 0 1 
36535719080091;0.378116;0.92877;0.945124 -0.162496 0.283436 -0.686636 0.148166 0.986379 0.0714352 -2.9545 -0.291183 -0.0255196 0.956327 0.477069 0 0 0 1 
36535719080093;0.290482;0.165805;0.987417 0.00572553 -0.158032 0.312673 -0.0203935 0.99561 -0.0913519 0.245147 0.156815 0.0934253 0.983199 -0.623649 0 0 0 1 
36535719080094;0.395592;0.679054;0.999589 0.0263071 -0.0113555 1.06074 -0.0264936 0.999511 -0.016605 -0.507272 0.0109132 0.016899 0.999798 -0.147115 0 0 0 1 
36535719080095;0.347587;0.104711;0.898886 0.24338 -0.364377 0.326663 -0.204697 0.968483 0.141914 0.516738 0.387432 -0.0529778 0.920375 -1.38961 0 0 0 1 
36535719080096;0.508705;0.126645;0.951359 -0.235537 0.19859 0.162571 0.184296 0.951638 0.245805 -0.727528 -0.246882 -0.197249 0.948758 1.67424 0 0 0 1 
36535719080097;0.390373;0.151116;0.89053 -0.361726 0.275882 0.171509 0.397984 0.913232 -0.0872708 -1.58026 -0.220376 0.187514 0.957222 0.68884 0 0 0 1 
36535719080098;0.177167;0.12071;0.961485 0.00450226 0.274821 -0.0748078 -0.00578416 0.999976 0.00385426 -0.0793595 -0.274797 -0.00529542 0.961488 0.761322 0 0 0 1 
36535719080099;0.46993;0.106407;0.968398 -0.236153 -0.0802276 0.471573 0.249039 0.898058 0.36259 -1.29684 -0.0135776 -0.371111 0.928489 -0.29872 0 0 0 1 
36535719080100;0.314307;0.0942304;0.99972 -0.0200789 -0.0125417 -0.349545 0.0217955 0.987437 0.156501 -0.537521 0.00924177 -0.156731 0.987598 -0.546896 0 0 0 1 
36535719080101;0.365934;0.396796;0.974722 0.203383 -0.092484 0.130502 -0.190443 0.972772 0.132087 0.123793 0.11683 -0.111136 0.986914 -0.56757 0 0 0 1 
36535719080102;0.240105;0.123685;0.986763 -0.153361 0.0527169 -0.190055 0.154299 0.987922 -0.0141869 -0.704746 -0.0499045 0.0221333 0.998509 -0.33669 0 0 0 1 
36535719080103;0.352767;0.126927;0.996583 0.0574158 0.059377 -0.0512706 -0.0605203 0.996818 0.0518774 -0.152199 -0.0562095 -0.0552936 0.996887 0.548459 0 0 0 1 
36535719080104;0.495293;0.414236;0.881261 -0.00261161 -0.472622 0.155059 0.0565843 0.993375 0.100019 -0.61841 0.46923 -0.114886 0.875571 -1.82658 0 0 0 1 
36535719080105;0.433787;0.152651;0.9995 -0.00973777 0.0300795 -0.0583301 0.00940866 0.999895 0.0110637 -0.155329 -0.030184 -0.0107751 0.999486 0.765497 0 0 0 1 
36535719080106;0.129754;0.132324;0.996698 -0.0202639 0.078635 -0.0260009 0.0118822 0.994335 0.105629 -0.132451 -0.08033 -0.104345 0.991292 0.0618108 0 0 0 1 
36535719080107;0.262145;0.321452;0.991204 0.106548 -0.0784978 0.0763116 -0.103934 0.993908 0.0366743 0.0769096 0.0819271 -0.0281931 0.996239 -0.732318 0 0 0 1 
36535719080108;0.397924;0.306192;0.982012 0.188342 -0.0133922 -0.305797 -0.178233 0.948041 0.263538 0.401883 0.0623317 -0.25641 0.964556 -0.473815 0 0 0 1 
36535719080109;0.398301;0.405338;0.948165 0.194639 0.251197 0.205795 -0.219525 0.972727 0.0749026 0.370816 -0.229767 -0.126164 0.965034 0.704443 0 0 0 1 
36535719080110;0.208018;0.126502;0.990991 0.133365 -0.0123109 -0.0602657 -0.132636 0.990002 0.0479967 0.234221 0.0185889 -0.0459314 0.998772 -0.454836 0 0 0 1 
36535719080111;0.465339;0.1253;0.946608 -0.226897 0.229024 -0.179325 0.241952 0.969481 -0.0395648 -0.451773 -0.213057 0.0928651 0.972616 1.00003 0 0 0 1 
36535719080112;0.541337;0.134623;0.901405 0.32955 -0.280831 1.14459 -0.307896 0.943902 0.119374 1.14999 0.304416 -0.0211372 0.952305 -1.33495 0 0 0 1 
36535719080113;0.28814;0.159502;0.999948 -0.000704856 -0.0101845 -0.122752 0.00104725 0.999433 0.033653 0.375938 0.010155 -0.0336619 0.999382 -0.123232 0 0 0 1 
36535719080114;0.343577;0.128074;0.957425 -0.28834 -0.0140393 0.291757 0.288661 0.956806 0.0345973 -1.29085 0.00345712 -0.037177 0.999303 0.226979 0 0 0 1 
36535719080115;0.500998;0.89053;0.995768 0.0861374 -0.0320414 0.814614 -0.0841057 0.994642 0.0601129 -0.721321 0.0370476 -0.0571636 0.997677 -0.273396 0 0 0 1 
36535719080116;0.41433;0.114178;0.954525 -0.235619 0.182663 0.388413 0.171289 0.934898 0.310848 -0.935264 -0.244013 -0.265424 0.932742 1.34574 0 0 0 1 
36535719080117;0.508343;0.14575;0.996815 -0.0576777 0.0550804 -0.107064 0.0461126 0.980308 0.192015 -0.223573 -0.0650707 -0.188864 0.979845 1.10736 0 0 0 1 
36535719080118;0.0642213;0.125235;0.998318 0.0518957 -0.0258412 -0.137208 -0.0516878 0.998626 0.00865036 0.166808 0.0262546 -0.00730013 0.999629 -0.315561 0 0 0 1 
36535719080119;0.384568;0.396986;0.969939 0.22805 0.0849153 0.247568 -0.240449 0.951837 0.190238 0.339073 -0.0374416 -0.204937 0.978059 -0.16407 0 0 0 1 
36535719080120;0.113108;0.117812;0.998962 -0.0444528 0.00992202 -0.0268673 0.0438282 0.99746 0.0561552 -0.332768 -0.0123931 -0.0556621 0.998373 0.0369455 0 0 0 1 
36535719080121;0.423482;0.0879389;0.972861 0.220943 -0.0687472 0.291388 -0.176367 0.900361 0.397799 0.204688 0.149788 -0.374878 0.914893 -0.490287 0 0 0 1 
36535719080122;0.427092;0.10295;0.96874 -0.239761 0.0637034 0.0815417 0.230804 0.965206 0.122909 -1.61565 -0.0909558 -0.104364 0.990371 0.610173 0 0 0 1 
36535719080124;0.190705;0.159861;0.987493 0.152282 0.0408376 0.237523 -0.154363 0.986545 0.0538672 0.356187 -0.0320851 -0.0594973 0.997713 0.204939 0 0 0 1 
36535719080125;0.422416;0.160876;0.887957 0.404698 -0.218524 0.488315 -0.373811 0.911841 0.169739 1.15746 0.267952 -0.069034 0.960956 -0.979396 0 0 0 1 
36535719080126;0.446714;0.143396;0.992798 0.111335 -0.0442232 0.485549 -0.11455 0.990316 -0.0784366 -0.266862 0.0350622 0.0829376 0.995938 -0.385175 0 0 0 1 
36535719080127;0.355012;0.822276;0.997676 0.0623967 0.027373 1.27103 -0.0597417 0.994243 -0.0889429 0.274022 -0.0327652 0.0871009 0.995661 -0.0567261 0 0 0 1 
36535719080128;0.249905;0.159336;0.999899 -0.00783458 -0.011851 0.287517 0.00789392 0.999956 0.00496863 0.35553 0.0118116 -0.00506168 0.999917 -0.0932691 0 0 0 1 
36535719080129;0.526113;0.86379;0.998885 -0.0125622 -0.0455093 1.63284 0.0107268 0.999128 -0.0403523 -0.377491 0.0459766 0.0398191 0.998149 0.156211 0 0 0 1 
36535719080130;0.433817;0.1727;0.941003 0.0807251 0.328628 0.105292 -0.032338 0.988137 -0.150131 -0.307985 -0.336849 0.130647 0.932451 1.02487 0 0 0 1 
36535719080131;0.251532;0.612173;0.999234 0.0376277 -0.0107622 0.98388 -0.0380181 0.998527 -0.0387174 0.385578 0.00928948 0.0390969 0.999192 0.125172 0 0 0 1 
36535719080132;0.431426;0.164837;0.98163 0.0274443 -0.188808 0.161729 -0.0168426 0.998202 0.0575282 -0.526096 0.190048 -0.0532914 0.980327 -1.01988 0 0 0 1 
36535719080133;0.541591;0.192603;0.943774 0.21891 0.247728 0.385574 -0.263415 0.950745 0.163392 0.58097 -0.199758 -0.219461 0.954952 1.4894 0 0 0 1 
36535719080134;0.252306;0.228822;0.998706 -0.0500085 0.00926538 0.171773 0.0504213 0.997396 -0.0515725 -0.236651 -0.00666219 0.0519729 0.998626 -0.288511 0 0 0 1 
36535719080135;0.472023;0.676227;0.973327 0.0204337 0.228509 0.879707 -0.0591221 0.984725 0.163773 -0.0566 -0.221672 -0.172915 0.959668 0.714821 0 0 0 1 
36535719080136;0.302061;0.185316;0.975338 0.190596 -0.111308 0.312665 -0.203212 0.972262 -0.11581 1.04313 0.086148 0.135573 0.987015 -0.573466 0 0 0 1 
36535719080137;0.328535;0.186809;0.971518 0.221439 0.0843667 -0.0494476 -0.207517 0.96693 -0.148266 0.709784 -0.114409 0.126536 0.985342 0.0115938 0 0 0 1 
36535719080138;0.576365;0.133263;0.997319 0.0586827 0.0437224 0.811709 -0.0375911 0.923427 -0.38193 0.374451 -0.0627871 0.379262 0.923157 -0.498775 0 0 0 1 
36535719080139;0.521512;0.420982;0.99236 -0.119773 0.0295928 0.613882 0.117167 0.990042 0.0780343 -0.825142 -0.0386445 -0.0739708 0.996511 0.238565 0 0 0 1 
36535719080140;0.470285;0.191361;0.901817 0.410364 0.135378 0.10506 -0.406676 0.911906 -0.0551475 1.39231 -0.146083 -0.00532215 0.989258 0.106528 0 0 0 1 
36535719080141;0.30287;0.161433;0.97405 0.126467 0.187702 -0.167635 -0.142015 0.987258 0.0717861 0.1787 -0.176232 -0.0965799 0.979599 0.584275 0 0 0 1 
36535719080142;0.480003;0.166641;0.973036 0.202097 0.11117 0.0677693 -0.230269 0.879008 0.417518 0.416816 -0.0133402 -0.431859 0.901842 0.0365506 0 0 0 1 
36535719080143;0.628053;0.172169;0.894895 0.431443 -0.114104 -0.367624 -0.442563 0.890867 -0.102443 1.65619 0.0574526 0.142174 0.988173 -0.333202 0 0 0 1 
36535719080144;0.602003;0.172152;0.943737 0.232523 -0.235148 0.637063 -0.279521 0.940854 -0.191471 1.27503 0.176718 0.246427 0.952914 -1.55423 0 0 0 1 
36535719080145;0.170435;0.173331;0.994569 0.103476 -0.0112271 0.212549 -0.103371 0.994597 0.00954274 0.394772 0.0121539 -0.00833036 0.999891 0.106273 0 0 0 1 
36535719080146;0.207536;0.191772;0.983429 0.179468 0.0256804 0.262647 -0.176279 0.979664 -0.0958326 0.67333 -0.042357 0.0897176 0.995066 -0.0250657 0 0 0 1 
36535719080147;0.436345;0.170323;0.984692 0.167069 -0.0496895 0.657887 -0.163064 0.983685 0.0759839 1.00218 0.0615734 -0.0667182 0.99587 -0.480325 0 0 0 1 
36535719080148;0.640142;0.297773;0.984288 -0.161683 -0.0709668 1.49962 0.144747 0.969021 -0.200115 0.472256 0.101124 0.186698 0.977199 -0.670762 0 0 0 1 
36535719080149;0.408897;0.232456;0.997654 -0.0334023 -0.0597553 0.520503 0.030728 0.998509 -0.0451259 -0.291803 0.0611735 0.0431839 0.997193 0.349561 0 0 0 1 
36535719080150;0.385378;0.146876;0.99594 -0.0159043 0.0886065 0.18471 -0.000453109 0.983372 0.181602 0.36399 -0.0900214 -0.180904 0.979372 -0.00467257 0 0 0 1 
36535719080151;0.147734;0.177136;0.992941 0.0195802 0.116979 0.165294 -0.00971663 0.996393 -0.0843018 0.0966379 -0.118207 0.0825701 0.98955 0.168379 0 0 0 1 
36535719080152;0.417728;0.168483;0.898754 0.399682 -0.180267 0.38955 -0.375464 0.913899 0.154322 1.08634 0.226426 -0.0710134 0.971436 -0.496071 0 0 0 1 
36535719080153;0.136308;0.213349;0.992503 -0.104213 0.0638536 0.400751 0.101552 0.993874 0.0436001 -0.190804 -0.0680062 -0.0367887 0.997006 0.183349 0 0 0 1 
36535719080155;0.377066;0.338024;0.998197 -0.0184014 -0.0571386 0.313329 0.0343873 0.955486 0.293025 0.25913 0.0492031 -0.294461 0.954396 0.266425 0 0 0 1 
36535719080156;0.280014;0.321124;0.999919 -0.00677497 -0.010787 0.225535 0.00916144 0.970861 0.239468 0.524158 0.00885031 -0.239547 0.970844 -0.0225555 0 0 0 1 
36535719080157;0.357849;0.288666;0.994985 -0.0663767 0.0748258 0.750201 0.0313413 0.917299 0.396965 0.440727 -0.0949868 -0.392629 0.914779 0.833895 0 0 0 1 
36535719080158;0.214487;0.205452;0.998397 -0.0429199 -0.0368997 0.771016 0.0478927 0.988036 0.146601 0.345673 0.0301661 -0.148133 0.988507 0.0477831 0 0 0 1 
36535719080159;0.313033;0.207429;0.999031 0.022716 -0.0376841 0.244643 -0.0242407 0.998885 -0.0405096 -0.24323 0.0367219 0.0413839 0.998468 -0.603362 0 0 0 1 
36535719080160;0.477856;0.354216;0.930928 0.109372 -0.34844 0.163297 -0.0919521 0.993561 0.0661992 0.385337 0.353436 -0.0295869 0.934991 -1.05135 0 0 0 1 
36535719080161;0.262671;0.246103;0.994304 0.105413 -0.0157498 0.283385 -0.10103 0.979229 0.175792 -0.00564312 0.0339534 -0.1732 0.984301 0.194217 0 0 0 1 
36535719080162;0.249715;0.351988;0.990878 0.0916491 -0.0988022 0.552439 -0.0492207 0.928618 0.367758 -0.213743 0.125454 -0.35954 0.924658 -0.275843 0 0 0 1 
36535719080163;0.453936;0.278062;0.921957 0.13324 -0.363652 1.44215 -0.157931 0.986684 -0.0388827 0.501922 0.353629 0.0932802 0.930723 -1.32579 0 0 0 1 
36535719080164;0.466141;0.390832;0.977798 -0.0354192 0.206534 0.392907 -0.014697 0.971593 0.236202 0.630184 -0.209033 -0.233993 0.949501 1.18835 0 0 0 1 
36535719080165;0.321246;0.324145;0.968458 -0.0209737 0.248294 0.66308 -0.0890839 0.901452 0.423614 0.0901278 -0.232709 -0.432372 0.871149 0.668184 0 0 0 1 
36535719080166;0.389384;0.405132;0.963574 -0.111648 0.243021 1.27061 0.133768 0.988059 -0.0764558 -0.0441684 -0.231583 0.106179 0.967003 0.186458 0 0 0 1 
36535719080167;0.40197;0.370917;0.997825 0.0644124 -0.0139969 0.538715 -0.0526667 0.906771 0.418322 0.170658 0.0396371 -0.416675 0.908191 0.191441 0 0 0 1 
36535719080168;0.210711;0.216877;0.997842 0.0133712 0.0642854 0.232634 -0.011093 0.999302 -0.0356659 0.0790682 -0.0647175 0.0348759 0.997294 0.115317 0 0 0 1 
36535719080169;0.371812;0.19364;0.95822 0.0632336 -0.278956 1.08101 0.0383507 0.93805 0.344372 -0.57973 0.283451 -0.340682 0.896433 -1.18576 0 0 0 1 
36535719080170;0.32738;0.274563;0.998604 0.0483319 0.021331 0.419292 -0.048615 0.998734 0.0129599 0.160548 -0.0206777 -0.0139788 0.999688 -1.08859 0 0 0 1 
36535719080171;0.334438;0.349313;0.998877 0.00334532 0.0472592 -0.0147152 -0.00361801 0.999977 0.00568589 0.275378 -0.0472391 -0.00585049 0.998866 0.200166 0 0 0 1 
36535719080172;0.359248;0.287546;0.98607 0.125446 -0.109219 0.612224 -0.0990425 0.970378 0.220356 0.652462 0.133626 -0.206469 0.969286 -0.104148 0 0 0 1 
36535719080173;0.299017;0.188148;0.998193 -0.0335931 -0.0498317 0.391027 0.0337673 0.999426 0.00265715 -0.39585 0.0497138 -0.00433502 0.998754 -1.11708 0 0 0 1 
36535719080174;0.332371;0.170448;0.995963 -0.0757181 -0.0482039 1.17171 0.0797443 0.992927 0.0879569 0.322724 0.041203 -0.0914458 0.994957 -0.61937 0 0 0 1 
36535719080175;0.258801;0.228821;0.982925 -0.0427732 -0.178966 0.694091 0.0514856 0.99769 0.044322 0.163128 0.176657 -0.0527794 0.982856 -1.32063 0 0 0 1 
36535719080176;0.244373;0.258269;0.987401 0.0564796 0.147815 0.242481 -0.0794994 0.984744 0.154787 0.208151 -0.136818 -0.164588 0.976827 0.148725 0 0 0 1 
36535719080177;0.307368;0.330578;0.996897 0.0118775 0.0778211 0.253704 -0.0336191 0.958106 0.284433 0.531351 -0.0711826 -0.286166 0.955532 0.767005 0 0 0 1 
36535719080178;0.333626;0.185408;0.923541 0.0288092 -0.382417 0.966244 0.0511861 0.978993 0.197367 -0.159618 0.38007 -0.20185 0.902665 -0.738362 0 0 0 1 
36535719080179;0.112272;0.19112;0.994842 -0.0102118 -0.100916 0.473479 0.0230443 0.991657 0.126826 0.075686 0.0987794 -0.128497 0.986778 -0.615004 0 0 0 1 
36535719080180;0.447488;0.734387;0.99292 0.0267296 -0.115735 2.02769 -0.0169476 0.996263 0.0846943 -0.0096561 0.117566 -0.0821333 0.989663 -0.530864 0 0 0 1 
36535719080181;0.181751;0.23823;0.994895 -0.0235508 0.0981303 0.514648 0.0301875 0.997316 -0.0667056 0.0366116 -0.0962959 0.0693274 0.992935 -0.0859163 0 0 0 1 
36535719080182;0.227052;0.273635;0.987416 -0.0177903 0.157143 0.770403 0.0308195 0.996248 -0.0808694 0.0951092 -0.155115 0.0846948 0.984259 -0.133384 0 0 0 1 
36535719080183;0.271702;0.166298;0.990051 -0.0491246 -0.131853 1.11671 0.0800354 0.967327 0.240569 -0.111327 0.115727 -0.248728 0.961635 -0.471708 0 0 0 1 
36535719080184;0.317465;0.303162;0.949799 0.140661 -0.279456 1.11001 0.0116631 0.876691 0.480913 -0.406399 0.312642 -0.46003 0.83104 -0.647142 0 0 0 1 
36535719080186;0.390645;0.388919;0.895949 -0.0496966 0.441367 -0.412488 0.180937 0.948365 -0.260509 -0.611343 -0.405631 0.313263 0.858679 1.5725 0 0 0 1 
36535719080187;0.111223;0.362969;0.998422 0.0136044 0.05448 -0.495505 -0.0136368 0.999907 0.000221882 -0.165655 -0.0544719 -0.000964463 0.998515 0.00422325 0 0 0 1 
36535719080188;0.65823;0.92794;0.915288 0.387848 0.108726 -1.69376 -0.394357 0.917817 0.0457716 1.35981 -0.0820377 -0.0847709 0.993017 0.944095 0 0 0 1 
36535719080189;0.357007;0.398115;0.998824 0.0122346 0.0469082 -1.22251 -0.0129057 0.999818 0.0140295 0.154716 -0.046728 -0.0146184 0.998801 -0.458317 0 0 0 1 
36535719080190;0.473164;1.08313;0.929683 -0.363596 0.0590603 -1.62704 0.3651 0.930819 -0.0166852 -2.68474 -0.0489077 0.0370748 0.998115 0.100695 0 0 0 1 
36535719080191;0.28216;0.35812;0.98232 0.18718 0.00337123 -0.720925 -0.186239 0.975233 0.119315 0.549003 0.0190456 -0.117833 0.992851 -0.72112 0 0 0 1 
36535719080192;0.431029;0.319299;0.982908 -0.163526 0.0845689 -1.22465 0.169982 0.982531 -0.0757565 -0.569089 -0.0707034 0.0888368 0.993534 0.480301 0 0 0 1 
36535719080193;0.312078;0.398936;0.991025 -0.123202 0.05188 -0.645998 0.110231 0.972696 0.204234 -1.09764 -0.0756255 -0.196683 0.977546 -0.340678 0 0 0 1 
36535719080194;0.164987;0.339333;0.985381 0.168268 0.0266336 -0.548151 -0.16868 0.985571 0.0140297 0.502913 -0.0238886 -0.0183171 0.999547 -0.0666914 0 0 0 1 
36535719080195;0.354366;0.340377;0.973812 -0.0374351 0.22425 -0.378971 0.0372632 0.999293 0.00500038 -0.6429 -0.224279 0.00348685 0.974519 0.23 0 0 0 1 
36535719080196;0.523582;0.374573;0.985812 0.144669 0.0851211 -1.01604 -0.167376 0.885418 0.433613 0.587391 -0.0126376 -0.441708 0.89707 -0.685223 0 0 0 1 
36535719080197;0.379637;0.427421;0.985843 -0.158998 -0.0532363 -0.566048 0.161563 0.985698 0.047927 -1.05898 0.0448546 -0.0558494 0.997431 -1.15951 0 0 0 1 
36535719080198;0.253973;0.313392;0.980986 -0.136779 0.137685 -0.542909 0.149699 0.984783 -0.0882773 -0.844289 -0.123516 0.10721 0.986534 0.786131 0 0 0 1 
36535719080199;0.451651;0.357555;0.988959 0.13937 0.0503595 -1.12797 -0.139475 0.990225 -0.00144641 0.72341 -0.0500688 -0.00559345 0.99873 0.661808 0 0 0 1 
36535719080200;0.601292;1.26225;0.947285 -0.232377 0.220572 -1.41517 0.251669 0.965734 -0.0634146 -2.4142 -0.198278 0.115583 0.973307 1.26224 0 0 0 1 
36535719080201;0.316883;0.342649;0.862835 0.0873545 0.497881 -0.313204 0.00675232 0.982875 -0.18415 -0.189524 -0.505441 0.162253 0.847469 2.33058 0 0 0 1 
36535719080202;0.389074;0.369167;0.971374 0.215271 0.100452 -0.794143 -0.218435 0.975614 0.0215115 1.19374 -0.093372 -0.0428381 0.994709 -0.337481 0 0 0 1 
36535719080203;0.247825;0.61585;0.978653 -0.183551 0.0924552 -1.22149 0.181663 0.982947 0.0285169 -1.17831 -0.0961129 -0.0111125 0.995308 0.363611 0 0 0 1 
36535719080204;0.323434;0.360663;0.996259 -0.0568748 0.0650589 -0.764654 0.055503 0.9982 0.0227034 -1.17604 -0.066233 -0.0190075 0.997623 -0.123617 0 0 0 1 
36535719080205;0.326801;0.369177;0.949418 -0.0623828 0.307755 -0.34038 0.16206 0.936803 -0.310058 -0.764838 -0.268963 0.34425 0.899528 1.0232 0 0 0 1 
36535719080206;0.360649;0.37617;0.993014 0.099885 0.0628153 -0.822112 -0.0992944 0.99498 -0.0124625 0.94331 -0.0637448 0.00613822 0.997947 0.0395984 0 0 0 1 
36535719080207;0.378318;0.371692;0.997966 -0.0336255 0.0541633 0.0640868 0.0334381 0.999431 0.00436345 -0.379959 -0.0542793 -0.00254345 0.998523 0.10547 0 0 0 1 
36535719080208;0.281021;0.310748;0.97369 -0.0657897 0.218174 -0.732193 0.0572568 0.997335 0.0452118 -0.648678 -0.220567 -0.0315303 0.974862 1.33333 0 0 0 1 
36535719080209;0.41046;0.522386;0.955961 -0.25532 0.144742 -1.21741 0.230199 0.958203 0.169871 -1.94742 -0.182064 -0.12907 0.974779 0.752888 0 0 0 1 
36535719080210;0.243944;0.340249;0.971622 0.143034 0.188393 -0.253416 -0.152359 0.987673 0.0359116 0.293874 -0.180934 -0.0635959 0.981437 0.63699 0 0 0 1 
36535719080211;0.419439;0.414075;0.929829 0.366578 0.03223 -0.818812 -0.366904 0.930247 0.00465978 1.0578 -0.0282737 -0.0161581 0.99947 -0.0354107 0 0 0 1 
36535719080212;0.411637;0.424006;0.949036 0.268879 0.164422 -0.306431 -0.267012 0.963101 -0.0337767 0.568334 -0.167437 -0.0118473 0.985812 0.792427 0 0 0 1 
36535719080213;0.271077;0.344952;0.98061 -0.163108 -0.108622 -0.744488 0.14074 0.971875 -0.188814 -0.80624 0.136365 0.169866 0.975987 -1.00251 0 0 0 1 
36535719080214;0.356981;0.352681;0.956485 0.153545 -0.248115 -0.653055 -0.161064 0.986892 -0.0101693 0.286232 0.243301 0.0496891 0.968677 -0.945346 0 0 0 1 
36535719080215;0.558879;0.383589;0.957406 0.215066 0.192668 -0.675118 -0.155852 0.946612 -0.282198 0.631509 -0.243073 0.24015 0.93981 1.96067 0 0 0 1 
36535719080217;0.267916;0.0434464;0.968739 -0.174276 -0.17656 0.51573 0.151275 0.97904 -0.136368 -0.240773 0.196625 0.105396 0.974798 -0.980491 0 0 0 1 
36535719080218;0.403611;0.0484203;0.997225 0.0743332 0.0041595 -0.299375 -0.0744116 0.996943 0.0238242 0.684591 -0.00237586 -0.0240676 0.999708 0.432705 0 0 0 1 
36535719080219;0.612805;0.503548;0.998646 -0.0205976 0.0477721 -0.140749 0.0210303 0.999742 -0.00857394 0.00772405 -0.0475832 0.00956699 0.998821 0.601726 0 0 0 1 
36535719080220;0.465305;0.0413776;0.970917 -0.118122 -0.208247 0.420144 0.0968922 0.989265 -0.109389 0.162333 0.218933 0.0860305 0.97194 -1.47955 0 0 0 1 
36535719080221;0.397154;0.0374581;0.978949 -0.198226 0.0486342 -0.212435 0.188195 0.968872 0.16084 -0.780519 -0.0790029 -0.148301 0.985782 -0.150181 0 0 0 1 
36535719080222;0.388852;0.0494692;0.983985 -0.104749 0.144228 -0.40922 0.13979 0.955504 -0.259752 -0.253589 -0.110602 0.275754 0.954844 0.17058 0 0 0 1 
36535719080223;0.332061;0.0447852;0.930486 -0.190703 -0.312776 0.873194 0.166714 0.980716 -0.101994 -0.631227 0.326195 0.0427597 0.944335 -0.918475 0 0 0 1 
36535719080224;0.591626;0.0433244;0.994369 0.0953766 0.0461892 -0.360454 -0.0767435 0.948678 -0.30679 1.21431 -0.0730792 0.301517 0.950656 0.402718 0 0 0 1 
36535719080225;0.418431;0.0454456;0.933746 -0.335109 0.125781 0.193843 0.329916 0.942057 0.0606908 -1.17573 -0.138831 -0.0151724 0.9902 0.735663 0 0 0 1 
36535719080226;0.434396;0.0371133;0.923966 0.338528 -0.178003 -0.0536021 -0.344928 0.938614 -0.00536808 1.39476 0.165259 0.0663582 0.984015 -0.365284 0 0 0 1 
36535719080227;0.258425;0.0450836;0.980695 0.170727 0.0953436 -0.0538465 -0.175072 0.983776 0.0391691 0.388401 -0.0871095 -0.0551049 0.994674 0.550557 0 0 0 1 
36535719080228;0.348273;0.0424974;0.957239 -0.198484 0.210472 0.127406 0.208026 0.977829 -0.0239807 -0.306887 -0.201046 0.0667388 0.977306 0.831144 0 0 0 1 
36535719080229;0.349476;0.0516179;0.994388 0.0595665 0.0874337 -0.205247 -0.0443234 0.98497 -0.166944 0.150614 -0.0960639 0.162132 0.982082 -0.49368 0 0 0 1 
36535719080230;0.507963;0.452117;0.947559 0.0403317 0.317027 -0.0989444 -0.0210527 0.997727 -0.0640054 0.153604 -0.318888 0.0539746 0.946254 0.531634 0 0 0 1 
36535719080231;0.499847;0.0495854;0.999964 0.00546641 -0.00648967 -0.311862 -0.00531237 0.999709 0.0235206 -0.402113 0.00661636 -0.0234853 0.999702 -0.901976 0 0 0 1 
36535719080232;0.400636;0.0366396;0.974912 -0.201852 0.0938255 0.184846 0.169542 0.946497 0.274589 -0.457885 -0.144232 -0.251793 0.956973 1.00915 0 0 0 1 
36535719080233;0.232565;0.0398547;0.985259 0.0604694 -0.160028 0.059364 -0.0425452 0.992666 0.113155 0.041599 0.165696 -0.104679 0.980605 -0.130822 0 0 0 1 
36535719080234;0.243089;0.0350769;0.999955 0.00842656 0.00427191 0.186565 -0.00836989 0.999879 -0.0131131 0.134699 -0.00438189 0.0130768 0.999905 -0.471335 0 0 0 1 
36535719080235;0.336455;0.0459356;0.988801 -0.13513 -0.0633473 -0.149304 0.145946 0.964239 0.221229 -0.524384 0.0311874 -0.227996 0.973162 0.0366837 0 0 0 1 
36535719080236;0.526732;0.0354812;0.959174 -0.125701 0.253346 0.55852 0.0690979 0.972808 0.221064 -0.527276 -0.274245 -0.194533 0.941778 1.63161 0 0 0 1 
36535719080237;0.707625;0.492616;0.999738 -0.0206249 -0.00994101 0.044147 0.0204952 0.999706 -0.0129775 0.197087 0.0102057 0.0127704 0.999866 0.662521 0 0 0 1 
36535719080238;0.378354;0.0493187;0.980473 0.184004 -0.0693924 0.355282 -0.166883 0.965191 0.201388 0.702251 0.104033 -0.185876 0.97705 -0.214463 0 0 0 1 
36535719080239;0.260619;0.0412248;0.999427 -0.0254196 0.0223329 0.377063 0.0252468 0.999649 0.00798385 -0.125195 -0.022528 -0.00741544 0.999719 0.33195 0 0 0 1 
36535719080240;0.347346;0.0354806;0.997287 0.00692176 0.0732794 -0.0393549 0.020806 0.928457 -0.370856 0.331344 -0.0706038 0.371375 0.925795 -0.33275 0 0 0 1 
36535719080241;0.461675;0.0374699;0.943708 0.148775 0.295433 -0.216024 -0.071582 0.963833 -0.256713 -0.220446 -0.32294 0.221115 0.920227 0.662589 0 0 0 1 
36535719080242;0.184835;0.038635;0.991972 0.105947 0.0690356 -0.160963 -0.107017 0.994185 0.0119841 0.038742 -0.0673645 -0.0192759 0.997542 0.0934553 0 0 0 1 
36535719080243;0.50255;0.521524;0.999631 -0.0186485 0.0197353 0.0555341 0.0193788 0.999109 -0.0374816 0.00192718 -0.0190188 0.0378502 0.999102 -0.244175 0 0 0 1 
36535719080244;0.3548;0.0386936;0.918631 0.258472 0.298847 -0.248719 -0.276545 0.960812 0.0190728 0.660069 -0.282206 -0.100166 0.95411 1.0992 0 0 0 1 
36535719080245;0.421326;0.044374;0.970111 0.124713 -0.208161 0.457309 -0.145169 0.985661 -0.0860179 0.568832 0.194449 0.113665 0.974305 -1.31545 0 0 0 1 
36535719080246;0.428678;0.0389198;0.966669 0.256027 0.00144141 0.111314 -0.254841 0.962701 -0.0909022 1.11416 -0.0246611 0.0875049 0.995859 -0.522274 0 0 0 1 
36535719080248;0.279109;0.0803193;0.999675 -0.0249843 -0.00502339 0.964179 0.0250166 0.999666 0.00647725 0.188834 0.00485989 -0.00660082 0.999966 -0.397436 0 0 0 1 
36535719080249;0.148582;0.172219;0.998549 -0.0527824 -0.0106742 0.180787 0.0527846 0.998606 -7.9113e-05 -0.131878 0.0106635 -0.000484437 0.999943 -0.194536 0 0 0 1 
36535719080250;0.310686;0.132709;0.996847 -0.0149809 0.0779225 0.0634306 0.0146623 0.999882 0.00466036 0.157912 -0.0779831 -0.00350315 0.996949 -0.698652 0 0 0 1 
36535719080251;0.298484;0.146598;0.999578 0.0109973 -0.0268964 -0.146885 -0.00941557 0.998258 0.058245 0.557073 0.02749 -0.0579672 0.99794 0.1438 0 0 0 1 
36535719080252;0.364884;0.335286;0.968895 -0.201287 -0.143963 1.62226 0.200946 0.979454 -0.0170554 -0.833727 0.144438 -0.012404 0.989436 -0.31239 0 0 0 1 
36535719080253;0.298099;0.311205;0.984398 -0.175826 -0.00674665 1.12721 0.175252 0.983167 -0.0516582 -0.394175 0.0157159 0.0496699 0.998642 -0.545615 0 0 0 1 
36535719080254;0.413793;0.349344;0.989897 -0.140787 -0.0168302 0.4 0.133858 0.967059 -0.216515 0.133435 0.0467584 0.212075 0.976134 -0.416816 0 0 0 1 
36535719080255;0.265645;0.130297;0.994048 -0.0838405 0.0695671 0.229056 0.0994467 0.959062 -0.265163 -0.309517 -0.0444877 0.270503 0.961691 0.229977 0 0 0 1 
36535719080256;0.228269;0.12096;0.97313 0.230205 -0.00495224 0.104884 -0.230157 0.973115 0.00869697 0.481424 0.00682118 -0.00732349 0.99995 -0.10053 0 0 0 1 
36535719080257;0.266234;0.212966;0.999682 -0.0251574 -0.00192504 -0.103011 0.0252039 0.999229 0.030092 -0.22403 0.00116652 -0.0301309 0.999545 -0.0758304 0 0 0 1 
36535719080258;0.327944;0.067835;0.998522 -0.0509665 -0.0188753 0.773608 0.0513789 0.998436 0.0220482 -0.679216 0.0177221 -0.0229854 0.999579 0.510905 0 0 0 1 
36535719080259;0.241821;0.114856;0.986782 0.139495 -0.0824749 0.494667 -0.138341 0.990191 0.0195816 0.0838566 0.0843975 -0.00791312 0.996401 -0.655762 0 0 0 1 
36535719080260;0.113181;0.102288;0.999875 0.00530134 -0.0148676 0.194485 -0.0037164 0.9945 0.104674 0.0418307 0.0153407 -0.104606 0.994395 0.158295 0 0 0 1 
