#;prob_registration_l1 -r /home/probabilistic_point_clouds_registration/build/tester /home/point_clouds_registration_benchmark//devel/registration_pairs/hauptgebaude_local.txt /home/point_clouds_registration_benchmark//eth/hauptgebaude -s 0.2 -t 0.2 -p 0.3 -r 1000 -m 15 -i 40 
id;initial_error;final_error;transformation
3394309160000;0.248226;0.0132767;0.999285 -0.0029774 0.0376934 0.544237 0.0014409 0.999169 0.0407249 -0.0490744 -0.0377834 -0.0406414 0.998459 -0.0114788 0 0 0 1 
3394309160001;0.28369;0.0128499;0.993107 0.114296 -0.0259783 -0.4058 -0.112541 0.991762 0.0611702 0.83297 0.0327558 -0.0578249 0.997789 -0.630687 0 0 0 1 
3394309160002;0.278932;0.0148487;0.976884 -0.00717214 0.213648 -0.120478 0.00490331 0.999926 0.0111475 -0.0916003 -0.213712 -0.00984227 0.976847 0.750856 0 0 0 1 
3394309160003;0.0682056;0.0177333;0.995371 -0.0917698 0.0285364 0.040537 0.0921854 0.995649 -0.0136019 -0.601591 -0.027164 0.0161695 0.9995 0.210941 0 0 0 1 
3394309160004;0.286924;0.014405;0.999054 0.0395394 -0.0180898 0.553114 -0.039351 0.999169 0.0106545 0.731927 0.0184961 -0.00993261 0.99978 -0.2781 0 0 0 1 
3394309160005;0.492031;0.0535242;0.907901 0.382765 0.170899 -0.363856 -0.406994 0.902518 0.140774 2.5653 -0.100355 -0.197364 0.97518 0.2891 0 0 0 1 
3394309160006;0.393899;0.0145286;0.98809 0.023854 0.152019 -0.25031 -0.0249767 0.999673 0.00547977 0.543176 -0.151839 -0.00921144 0.988362 1.90928 0 0 0 1 
3394309160007;0.411602;0.0168855;0.884471 -0.337794 0.32188 0.392333 0.344028 0.938141 0.0391946 -2.09404 -0.315209 0.0760693 0.945969 1.43478 0 0 0 1 
3394309160008;0.42721;0.391789;0.956336 -0.290873 -0.0285422 1.48681 0.291366 0.956495 0.0149238 -1.92084 0.0229595 -0.0225884 0.999481 0.827118 0 0 0 1 
3394309160009;0.395375;0.0186708;0.978015 -0.201261 -0.0546 0.444895 0.195996 0.976561 -0.0889573 -1.47941 0.0712239 0.0763002 0.994538 0.429801 0 0 0 1 
3394309160010;0.216746;0.0155014;0.991968 -0.00585934 -0.12635 -0.103531 -0.0159771 0.985121 -0.171119 0.481885 0.125473 0.171764 0.977115 -0.551469 0 0 0 1 
3394309160011;0.228138;0.822071;0.949303 -0.219972 -0.224578 2.61566 0.24304 0.96667 0.0804995 -1.74551 0.199385 -0.131 0.971125 -1.10322 0 0 0 1 
3394309160012;0.324315;0.83418;0.943995 -0.327945 -0.0364202 1.92295 0.329513 0.931205 0.155816 -2.33856 -0.0171844 -0.159091 0.987114 -0.152684 0 0 0 1 
3394309160013;0.268523;0.0159408;0.997687 0.0607616 -0.0304749 0.612423 -0.0608711 0.998142 -0.00267801 0.096841 0.0302555 0.00452686 0.999532 -0.42929 0 0 0 1 
3394309160014;0.217364;0.014166;0.999771 0.0182144 0.0112513 -0.00771588 -0.0201516 0.97808 0.207252 -0.323467 -0.00722967 -0.207432 0.978223 0.311813 0 0 0 1 
3394309160015;0.198549;0.0132533;0.972081 0.109022 0.207779 -0.258671 -0.103912 0.993957 -0.0353834 0.733891 -0.210381 0.0128048 0.977536 1.46936 0 0 0 1 
3394309160016;0.362241;0.0154111;0.888667 -0.221238 0.401654 0.521936 0.217895 0.974441 0.054641 -1.67655 -0.403477 0.0389608 0.91416 3.19218 0 0 0 1 
3394309160017;0.403444;0.0173703;0.924568 -0.273012 0.265778 -0.491168 0.265506 0.961949 0.0645073 -1.27047 -0.273276 0.0109244 0.961874 1.82677 0 0 0 1 
3394309160018;0.415951;0.0141205;0.95875 0.268563 0.0931234 -0.637533 -0.272985 0.961256 0.0382971 1.9511 -0.0792302 -0.0621387 0.994918 0.398719 0 0 0 1 
3394309160019;0.389264;0.0188058;0.967194 0.253832 -0.0102347 0.0484412 -0.253802 0.967247 0.00417615 1.30786 0.0109596 -0.00144155 0.999939 -0.819798 0 0 0 1 
3394309160020;0.355901;0.0160617;0.944094 -0.158855 -0.288879 0.854378 0.0646486 0.948447 -0.310273 0.00884986 0.323275 0.274251 0.905693 -1.65084 0 0 0 1 
3394309160021;0.307009;0.012864;0.991419 -0.119381 -0.0532625 0.631914 0.12843 0.965501 0.226526 -1.12688 0.0243821 -0.231423 0.972548 -0.281826 0 0 0 1 
3394309160022;0.159878;0.0147826;0.979304 -0.0357185 0.199218 -0.267748 0.0512409 0.995992 -0.0733123 -0.259882 -0.195801 0.0820031 0.977209 1.28664 0 0 0 1 
3394309160023;0.179015;0.0106122;0.995339 -0.0431783 0.0862311 -0.162692 0.0451549 0.998757 -0.021104 -0.327922 -0.0852127 0.0248994 0.996052 0.149633 0 0 0 1 
3394309160024;0.448507;0.83812;0.901118 -0.431553 0.0418141 2.59385 0.42995 0.901864 0.0422477 -2.74455 -0.0559427 -0.0200922 0.998232 1.14819 0 0 0 1 
3394309160025;0.259237;0.0165077;0.986974 0.160838 -0.00377462 -0.0995805 -0.16051 0.986017 0.0448051 1.03883 0.0109282 -0.0436156 0.998989 -0.578863 0 0 0 1 
3394309160026;0.300277;0.0195832;0.994553 0.0812207 0.0653197 0.32052 -0.0774685 0.995303 -0.0580627 -0.070747 -0.0697287 0.0526862 0.996174 0.778364 0 0 0 1 
3394309160027;0.421694;0.734382;0.956596 -0.224532 -0.185766 2.33505 0.261828 0.942079 0.209602 -2.60708 0.127944 -0.249143 0.959978 -0.29378 0 0 0 1 
3394309160028;0.443835;0.0160383;0.924622 0.108143 0.365211 -0.0831575 0.00448499 0.955689 -0.294345 0.793134 -0.38086 0.273796 0.883166 2.34719 0 0 0 1 
3394309160029;0.512116;0.0136315;0.998919 -0.022919 0.040438 0.294222 0.0356668 0.935822 -0.350664 0.479555 -0.0298058 0.351728 0.935628 -0.632914 0 0 0 1 
3394309160031;0.426851;0.0248762;0.96277 -0.206525 -0.174419 0.236988 0.227629 0.9674 0.11101 -0.707435 0.145807 -0.146579 0.978394 -0.920715 0 0 0 1 
3394309160032;0.353703;0.0929922;0.92015 -0.375753 -0.110151 0.147926 0.378321 0.925671 0.00261976 -0.0295009 0.100979 -0.0440831 0.993911 -0.0992126 0 0 0 1 
3394309160033;0.139215;0.0175671;0.994077 -0.0271931 -0.105218 0.0378631 0.0223699 0.998656 -0.0467519 -0.190749 0.106348 0.0441212 0.99335 0.136171 0 0 0 1 
3394309160034;0.389775;0.0211437;0.928731 0.369282 -0.033012 -0.291226 -0.366979 0.928296 0.0599392 0.36265 0.0527794 -0.0435526 0.997656 -0.558732 0 0 0 1 
3394309160035;0.19696;0.0154769;0.977017 0.172628 -0.12505 0.0647223 -0.186742 0.976049 -0.111607 0.446892 0.102788 0.132394 0.985853 -0.0693441 0 0 0 1 
3394309160036;0.370886;0.0154525;0.937881 -0.344685 -0.0396395 -0.278029 0.344786 0.913151 0.217434 -0.447751 -0.0387494 -0.217594 0.97527 0.363648 0 0 0 1 
3394309160037;0.384635;0.0133408;0.911974 -0.251631 0.324015 -0.246945 0.187716 0.958221 0.215812 -0.787683 -0.364783 -0.135992 0.921108 0.0854135 0 0 0 1 
3394309160038;0.368064;0.0179382;0.948954 0.315064 -0.0148308 -0.630363 -0.31504 0.944497 -0.0931446 0.645748 -0.0153389 0.0930623 0.995542 -0.0156763 0 0 0 1 
3394309160039;0.0746977;0.0135697;0.999554 0.00565359 0.02933 -0.130522 -0.0058569 0.999959 0.00685041 -0.0256224 -0.0292901 -0.00701913 0.999546 -0.105896 0 0 0 1 
3394309160040;0.279481;0.0177106;0.928316 -0.32919 0.172811 0.102772 0.31074 0.942173 0.125504 -0.557809 -0.204132 -0.0628081 0.976926 0.398825 0 0 0 1 
3394309160041;0.389623;0.0318702;0.894588 -0.446714 -0.0125903 0.617953 0.446281 0.891539 0.0774078 -0.649112 -0.0233545 -0.0748669 0.99692 -0.0152589 0 0 0 1 
3394309160042;0.283783;0.0195865;0.986046 -0.166237 0.0089123 -0.462712 0.166242 0.986085 0.000184697 -0.0968348 -0.00881899 0.00129948 0.99996 -0.332571 0 0 0 1 
3394309160043;0.314339;0.0179384;0.998416 0.0561306 0.00388378 0.191935 -0.0558457 0.980204 0.18995 -0.0816147 0.0068551 -0.189866 0.981786 0.669512 0 0 0 1 
3394309160044;0.531805;0.0213022;0.891643 0.430593 -0.139869 -0.526358 -0.415064 0.900841 0.127311 0.704049 0.180819 -0.0554614 0.981951 0.476289 0 0 0 1 
3394309160045;0.395186;0.420915;0.988642 0.083148 0.125196 -0.275797 -0.07484 0.994759 -0.0696685 -0.201547 -0.130333 0.0595075 0.989683 0.196746 0 0 0 1 
3394309160046;0.217132;0.0153087;0.99017 -0.139844 0.00256597 0.179042 0.139811 0.990124 0.010401 -0.597089 -0.00399515 -0.00994001 0.999943 0.147856 0 0 0 1 
3394309160047;0.371665;0.0125288;0.97578 -0.152988 0.156358 -0.0778878 0.168398 0.981554 -0.0905184 0.0950736 -0.139626 0.114656 0.983544 -0.5881 0 0 0 1 
3394309160048;0.441321;0.0549739;0.902112 0.343817 0.260737 -0.482961 -0.287261 0.929413 -0.231674 0.711721 -0.321986 0.134096 0.9372 0.786988 0 0 0 1 
3394309160049;0.529697;0.00981628;0.966733 -0.252574 -0.0404126 0.00240234 0.247654 0.884719 0.394893 -1.46281 -0.0639859 -0.391764 0.917838 0.220502 0 0 0 1 
3394309160050;0.242722;0.0078304;0.984246 -0.122505 0.127483 -0.00878356 0.123302 0.992368 0.00165454 -0.197888 -0.126713 0.0140904 0.991839 0.669991 0 0 0 1 
3394309160051;0.288745;0.015967;0.976796 -0.0178956 0.213423 -0.225454 -0.00450215 0.994567 0.104 -0.0781228 -0.214125 -0.102548 0.971408 0.870211 0 0 0 1 
3394309160052;0.346607;0.0215125;0.995806 0.0899272 0.0168463 0.0462971 -0.0900936 0.995889 0.00939322 0.0148377 -0.0159323 -0.0108716 0.999814 -0.799583 0 0 0 1 
3394309160053;0.177457;0.0177901;0.993007 -0.00683232 0.117859 -0.336882 0.00677547 0.999977 0.000883067 -0.215099 -0.117863 -7.83394e-05 0.99303 0.393032 0 0 0 1 
3394309160054;0.393365;0.0145442;0.997736 -0.0368492 -0.0562656 0.640422 0.0462802 0.983162 0.176781 -0.690509 0.048804 -0.178984 0.982641 0.438552 0 0 0 1 
3394309160055;0.395101;0.016159;0.998322 -0.0562251 0.0138323 0.72224 0.0571361 0.995318 -0.0779638 0.180381 -0.00938397 0.0786234 0.99686 -0.536821 0 0 0 1 
3394309160056;0.394726;0.0135865;0.98504 0.17173 0.0143379 -0.604263 -0.171885 0.973147 0.153102 0.433117 0.0123394 -0.153276 0.988106 -0.480744 0 0 0 1 
3394309160057;0.649395;0.0170257;0.929363 0.36296 0.0674128 -0.989662 -0.328705 0.896708 -0.296425 1.36353 -0.16804 0.253327 0.952674 0.517712 0 0 0 1 
3394309160058;0.444142;0.0162157;0.973926 0.226617 0.0105831 -0.351759 -0.225811 0.972838 -0.0509431 0.654779 -0.0218402 0.0472251 0.998645 0.868329 0 0 0 1 
3394309160059;0.406193;0.402168;0.983755 0.00326948 0.179487 0.447988 0.000646771 0.999763 -0.0217563 -0.59924 -0.179515 0.0215189 0.98352 0.706608 0 0 0 1 
3394309160060;0.43448;0.0665995;0.914735 0.402533 -0.0350181 -0.0113534 -0.402723 0.901263 -0.159814 0.716466 -0.0327698 0.16029 0.986526 -0.494727 0 0 0 1 
3394309160062;0.235158;0.0106544;0.951912 -0.261588 0.159481 0.459688 0.276556 0.957671 -0.0798946 -6.06773 -0.131831 0.120158 0.983963 2.94654 0 0 0 1 
3394309160063;0.42419;0.0368298;0.976907 0.213345 -0.0116877 0.730623 -0.21302 0.976747 0.0242217 4.40292 0.0165835 -0.0211726 0.999638 0.628484 0 0 0 1 
3394309160064;0.439802;1.4262;0.888874 0.416789 0.190239 -1.58027 -0.421171 0.906787 -0.0187678 9.31686 -0.180329 -0.0634411 0.981558 3.68707 0 0 0 1 
3394309160065;0.350677;0.0411965;0.987739 0.0813289 0.133254 0.213303 -0.0839301 0.996373 0.0140111 1.28228 -0.131632 -0.0250233 0.990983 2.20305 0 0 0 1 
3394309160066;0.242534;0.0271095;0.999367 0.0106314 -0.0339364 -0.192572 -0.0175512 0.977402 -0.210659 0.190088 0.0309299 0.211122 0.97697 -0.130325 0 0 0 1 
3394309160067;0.392633;0.245593;0.988044 0.111046 0.106944 -0.310696 -0.105026 0.992634 -0.0603846 2.44093 -0.112862 0.0484308 0.99243 1.99138 0 0 0 1 
3394309160068;0.328762;0.0302137;0.989369 0.14417 0.0190542 0.195116 -0.145412 0.982441 0.116894 3.67123 -0.00186702 -0.118422 0.992962 -0.42798 0 0 0 1 
3394309160069;0.0998438;0.0184336;0.999824 0.0178707 -0.00575159 0.254225 -0.0178695 0.99984 0.000256131 0.423575 0.00575525 -0.000153308 0.999983 -0.19556 0 0 0 1 
3394309160070;0.429464;0.0349216;0.916218 0.290512 0.275949 1.41526 -0.351269 0.913694 0.204385 7.55803 -0.192757 -0.284193 0.93919 4.26734 0 0 0 1 
3394309160071;0.0989399;0.0275008;0.998551 0.0529908 -0.00938407 0.043632 -0.0529179 0.998568 0.00785699 1.14087 0.00978698 -0.00734902 0.999925 -0.394184 0 0 0 1 
3394309160072;0.334886;0.0167388;0.937383 -0.347619 -0.0217854 1.11514 0.344296 0.915332 0.208874 -7.9465 -0.0526676 -0.203295 0.9777 0.746393 0 0 0 1 
3394309160073;0.372916;0.0155792;0.989373 -0.145363 0.00330239 0.866553 0.145346 0.989369 0.0047985 -3.25316 -0.0039648 -0.00426751 0.999983 0.462289 0 0 0 1 
3394309160074;0.236373;0.0191834;0.98376 -0.175183 -0.0390718 0.332349 0.177612 0.981522 0.0711943 -4.02411 0.0258777 -0.0769778 0.996697 -1.04083 0 0 0 1 
3394309160075;0.259352;0.0283339;0.979834 0.0736852 -0.185731 0.693643 -0.120137 0.959996 -0.252932 2.90957 0.159664 0.270145 0.949489 -3.20536 0 0 0 1 
3394309160076;0.21267;0.033792;0.974505 0.172322 0.143685 0.419448 -0.159179 0.982322 -0.0985115 3.76587 -0.15812 0.0731284 0.984708 3.68132 0 0 0 1 
3394309160077;0.259302;0.0252808;0.989599 0.137196 -0.043256 0.235193 -0.142267 0.977931 -0.153004 3.21483 0.0213097 0.157567 0.987278 0.299085 0 0 0 1 
3394309160078;0.466153;0.0207215;0.884158 -0.419263 0.206117 1.72119 0.440428 0.895181 -0.0683647 -9.31916 -0.155849 0.151225 0.976136 4.30628 0 0 0 1 
3394309160079;0.423773;0.0233788;0.966161 -0.163974 0.19911 -0.316557 0.187579 0.976511 -0.106017 -3.91299 -0.177049 0.139778 0.974226 3.37389 0 0 0 1 
3394309160080;0.255153;0.0349588;0.992544 0.00649865 0.121717 0.0558265 0.011292 0.989381 -0.144906 -0.0365601 -0.121366 0.1452 0.98193 2.35606 0 0 0 1 
3394309160081;0.296072;0.0241149;0.997259 -0.0679448 0.029295 0.30554 0.0679562 0.997688 0.000606456 -0.846357 -0.0292685 0.00138598 0.999571 0.56876 0 0 0 1 
3394309160082;0.355531;0.0110297;0.906822 -0.413701 -0.0807811 1.83004 0.408634 0.909831 -0.0722941 -8.85307 0.103405 0.032548 0.994107 -2.2391 0 0 0 1 
3394309160083;0.180325;0.016739;0.997423 -0.0710792 -0.00972147 -0.0235983 0.0716112 0.97829 0.194475 -1.93951 -0.00431273 -0.19467 0.980859 0.025531 0 0 0 1 
3394309160084;0.188147;0.0176857;0.997943 -0.0256063 -0.0587757 -0.0834557 0.0247324 0.999573 -0.0155478 -0.338725 0.0591487 0.0140622 0.99815 -1.60916 0 0 0 1 
3394309160085;0.149775;0.0250024;0.997211 0.011 0.0738125 -0.137243 -0.0231559 0.985868 0.165918 0.200641 -0.0709442 -0.167164 0.983373 1.37703 0 0 0 1 
3394309160086;0.360181;0.0147533;0.976651 0.0323611 -0.212379 1.31688 -0.0491738 0.996018 -0.0743642 1.24744 0.209127 0.0830714 0.974354 -3.66506 0 0 0 1 
3394309160087;0.069233;0.0194676;0.99662 -0.0804155 -0.0168137 0.0757236 0.0806783 0.996618 0.0155837 -1.77849 0.0155036 -0.0168875 0.999737 -0.33285 0 0 0 1 
3394309160088;0.334175;0.0190783;0.957648 -0.242748 0.154866 -0.226703 0.21912 0.96331 0.154982 -4.96463 -0.186806 -0.114484 0.975703 3.6826 0 0 0 1 
3394309160089;0.384231;0.0134688;0.967891 -0.214934 0.130344 0.102546 0.202657 0.974002 0.101241 -4.86987 -0.148715 -0.071575 0.986286 2.39302 0 0 0 1 
3394309160090;0.357505;0.0147436;0.94805 -0.296144 0.116188 0.738931 0.31217 0.936358 -0.160572 -6.24665 -0.0612409 0.188501 0.980162 1.92049 0 0 0 1 
3394309160091;0.460987;0.0301235;0.971932 0.228497 0.0560036 0.346612 -0.230826 0.972201 0.0393138 4.07244 -0.0454636 -0.0511374 0.997656 0.527826 0 0 0 1 
3394309160093;0.186714;0.0455411;0.981321 -0.0789347 -0.175439 0.458808 0.0839354 0.996244 0.0212568 -1.45485 0.173102 -0.0355852 0.984261 -3.40943 0 0 0 1 
3394309160094;0.310812;0.0474636;0.98556 -0.132586 0.105319 0.350947 0.132957 0.991116 0.00352691 -1.75465 -0.104851 0.0105269 0.994432 1.98502 0 0 0 1 
3394309160095;0.222858;0.0513312;0.998602 -0.0364242 -0.0383109 0.192117 0.0358016 0.999217 -0.0168137 -0.716104 0.0388934 0.0154186 0.999124 -0.1632 0 0 0 1 
3394309160096;0.38163;0.0429295;0.995664 -0.0776247 -0.0512657 0.246185 0.0828131 0.990658 0.108345 -1.76596 0.0423765 -0.112121 0.992791 0.0116241 0 0 0 1 
3394309160097;0.257713;0.0479005;0.999814 0.00606764 -0.0183064 -0.127855 -0.00584305 0.999907 0.0122969 0.123251 0.0183793 -0.0121876 0.999757 0.373233 0 0 0 1 
3394309160098;0.436886;0.247117;0.980351 0.192551 0.0428433 -0.288506 -0.186321 0.975204 -0.119423 3.53983 -0.0647759 0.109093 0.991919 1.19427 0 0 0 1 
3394309160099;0.352112;0.057945;0.991152 0.0960061 0.0916499 0.568437 -0.078038 0.980066 -0.182704 1.97032 -0.107364 0.173935 0.978887 1.77138 0 0 0 1 
3394309160100;0.383134;0.0477306;0.996373 -0.0206769 -0.082537 0.282966 0.026181 0.997465 0.0661706 -0.399614 0.0809595 -0.0680916 0.994389 -0.53943 0 0 0 1 
3394309160101;0.349174;0.061972;0.99984 0.00450923 0.0173245 -0.0468225 -0.000622869 0.975933 -0.218069 0.729959 -0.0178909 0.218024 0.97578 1.35446 0 0 0 1 
3394309160102;0.328612;0.0491946;0.989871 0.0946352 -0.105825 0.266614 -0.0814303 0.989084 0.122812 1.43976 0.116293 -0.11295 0.986772 -1.39199 0 0 0 1 
3394309160103;0.353684;0.0424566;0.9978 -0.00777384 0.0658355 -0.873482 0.00430666 0.998604 0.0526432 -0.218646 -0.0661529 -0.0522439 0.996441 1.68444 0 0 0 1 
3394309160104;0.220681;0.0466255;0.979761 -0.143389 0.139673 -0.372626 0.137942 0.989278 0.0479785 -2.13872 -0.145055 -0.0277407 0.989035 2.55014 0 0 0 1 
3394309160105;0.408456;0.774286;0.928165 0.360432 0.09273 -0.554695 -0.36762 0.926744 0.0774707 6.87832 -0.0580141 -0.105995 0.992673 1.50544 0 0 0 1 
3394309160106;0.441483;0.0451078;0.894459 -0.42221 0.147246 1.45574 0.373334 0.886386 0.273755 -7.25316 -0.246098 -0.189891 0.950461 4.70579 0 0 0 1 
3394309160107;0.532391;0.0418934;0.915143 -0.373621 -0.151393 2.06398 0.358555 0.926029 -0.117939 -6.33373 0.184259 0.0536486 0.981412 -3.75442 0 0 0 1 
3394309160108;0.223867;0.049917;0.999972 0.00744769 0.000269311 -0.198495 -0.00744987 0.999929 0.00930615 0.0841355 -0.000199982 -0.0093079 0.999957 0.60104 0 0 0 1 
3394309160109;0.0784344;0.0441055;0.994517 -0.104465 -0.00485016 -0.102396 0.104545 0.994294 0.021228 -1.90081 0.0026049 -0.0216187 0.999763 -0.0501804 0 0 0 1 
3394309160110;0.305364;0.0523424;0.984908 -0.163708 0.0561746 -0.357646 0.171316 0.968295 -0.181811 -2.93086 -0.0246298 0.18869 0.981728 1.39261 0 0 0 1 
3394309160111;0.289575;0.909487;0.946624 0.250052 0.203413 -0.917637 -0.232982 0.966869 -0.104324 4.39341 -0.222761 0.0513643 0.973519 4.36653 0 0 0 1 
3394309160112;0.386373;0.0437287;0.967509 -0.248737 0.0453386 0.121669 0.248331 0.968567 0.0144642 -4.60118 -0.0475113 -0.00273531 0.998867 1.72707 0 0 0 1 
3394309160113;0.347639;0.0516906;0.999313 0.0370684 0.00051092 -0.211339 -0.037069 0.999312 0.00122105 0.97463 -0.000465306 -0.00123915 0.999999 0.902303 0 0 0 1 
3394309160114;0.578959;0.785181;0.888683 0.376253 0.262062 -1.0024 -0.37229 0.925723 -0.0666175 6.5022 -0.267662 -0.0383611 0.962749 4.73049 0 0 0 1 
3394309160115;0.373208;0.056052;0.996167 -0.0114074 0.0867209 -0.406905 0.0191654 0.995833 -0.0891605 -0.16378 -0.0853425 0.0904808 0.992235 0.772464 0 0 0 1 
3394309160116;0.177223;0.0500893;0.999601 -0.0279093 -0.00435767 0.202692 0.0278751 0.999581 -0.00773376 -0.134034 0.00457169 0.00760921 0.999961 -0.135708 0 0 0 1 
3394309160117;0.448363;0.0413561;0.978561 -0.201245 -0.0438023 0.236481 0.181293 0.942586 -0.280471 -2.55958 0.0977308 0.266517 0.958863 -2.15636 0 0 0 1 
3394309160118;0.307421;0.0616624;0.954359 0.190662 0.229886 0.500426 -0.135736 0.962522 -0.234792 2.95489 -0.266036 0.192872 0.944471 4.96674 0 0 0 1 
3394309160119;0.336676;0.0446018;0.932069 -0.355796 -0.0682391 0.953698 0.356897 0.934134 0.00426821 -6.34048 0.0622258 -0.0283326 0.99766 -0.700612 0 0 0 1 
3394309160120;0.390228;0.0427045;0.880049 -0.443327 0.17022 1.38325 0.458149 0.886935 -0.0586995 -8.07527 -0.124951 0.129645 0.983656 2.80699 0 0 0 1 
3394309160121;0.364275;0.057216;0.933654 -0.106378 0.342013 0.236136 0.177865 0.966523 -0.184927 -2.51306 -0.310891 0.23349 0.921319 6.01462 0 0 0 1 
3394309160122;0.150012;0.0684998;0.982577 0.181828 -0.0384757 0.58911 -0.182789 0.982881 -0.023099 3.27363 0.033617 0.0297295 0.998993 -0.524246 0 0 0 1 
3394309160124;0.265891;0.0280394;0.97122 -0.226549 0.0735349 -0.112354 0.228576 0.973314 -0.0203236 -5.68969 -0.0669683 0.036547 0.997086 1.44148 0 0 0 1 
3394309160125;0.0924407;0.050848;0.991036 0.0226955 0.131654 -0.00887063 -0.0313728 0.997443 0.0642143 0.677173 -0.12986 -0.0677691 0.989214 2.915 0 0 0 1 
3394309160126;0.454214;0.046976;0.919167 0.297056 -0.258631 3.13183 -0.298766 0.953734 0.0336267 7.49306 0.256654 0.0463615 0.965391 -5.76845 0 0 0 1 
3394309160127;0.391085;0.056422;0.917227 0.394683 -0.0540363 2.11843 -0.380736 0.90844 0.17256 8.8873 0.117195 -0.137703 0.983516 -3.08622 0 0 0 1 
3394309160128;0.398984;0.0572699;0.939639 0.340283 0.0358631 1.24074 -0.331101 0.930682 -0.155571 8.2002 -0.0863153 0.134306 0.987173 2.10913 0 0 0 1 
3394309160129;0.0588853;0.0291018;0.999995 -0.0020622 0.0024265 -0.134797 0.00205007 0.999985 0.00498943 -0.137071 -0.00243676 -0.00498443 0.999985 0.186573 0 0 0 1 
3394309160130;0.354684;0.438353;0.983892 -0.133052 0.119389 0.287164 0.131191 0.991082 0.0233462 -3.95365 -0.12143 -0.00730739 0.992573 2.94357 0 0 0 1 
3394309160131;0.385569;0.0728491;0.886062 0.458921 0.0654581 2.92177 -0.459285 0.88823 -0.0102717 10.731 -0.0628557 -0.0209626 0.997802 1.51951 0 0 0 1 
3394309160132;0.356548;0.0288476;0.905607 -0.420349 0.0564147 1.7314 0.424114 0.896943 -0.124981 -9.91463 0.00193501 0.13711 0.990554 0.144542 0 0 0 1 
3394309160133;0.361702;0.0303129;0.949999 -0.182654 -0.253258 1.49034 0.250243 0.930459 0.267626 -6.12328 0.186764 -0.317621 0.929643 -4.68753 0 0 0 1 
3394309160134;0.414145;0.0296363;0.976955 -0.211595 0.0280463 1.00834 0.21307 0.97457 -0.0693907 -4.65698 -0.0126504 0.0737674 0.997195 0.396223 0 0 0 1 
3394309160135;0.292331;0.026888;0.999309 0.0078222 -0.0363498 0.0548972 -0.00435061 0.995504 0.0946202 -0.35413 0.0369265 -0.0943966 0.99485 -1.57743 0 0 0 1 
3394309160136;0.443471;0.0566044;0.970358 0.241396 -0.0115685 0.86064 -0.241201 0.970343 0.0160191 5.90827 0.0150923 -0.012754 0.999805 -1.19951 0 0 0 1 
3394309160137;0.250953;0.0283603;0.98215 -0.179503 -0.0562234 0.316858 0.184595 0.977224 0.104677 -4.47113 0.036153 -0.113187 0.992916 -1.38244 0 0 0 1 
3394309160138;0.370395;0.0277907;0.927456 -0.267847 -0.260928 1.79301 0.246371 0.962631 -0.112444 -5.34159 0.281295 0.0400023 0.958787 -6.02246 0 0 0 1 
3394309160139;0.0858104;0.0513714;0.997722 0.0671307 -0.00671764 0.0383278 -0.0663895 0.994639 0.0792767 1.39492 0.0120035 -0.0786501 0.99683 -0.417967 0 0 0 1 
3394309160140;0.322515;0.0302161;0.904203 -0.0511209 -0.424033 2.91252 0.0550219 0.99848 -0.00304762 -1.33252 0.423545 -0.0205754 0.905641 -9.9791 0 0 0 1 
3394309160141;0.361297;0.0526919;0.941309 0.337415 0.00943616 1.20719 -0.337541 0.941091 0.0203308 8.04751 -0.00202036 -0.0223227 0.999749 -0.060351 0 0 0 1 
3394309160142;0.193657;0.0450377;0.966355 0.0196694 0.256458 0.220251 -0.0304483 0.998809 0.0381263 0.660244 -0.255403 -0.0446523 0.965803 6.06919 0 0 0 1 
3394309160143;0.448915;0.041043;0.972531 0.232464 -0.0119622 0.0450838 -0.231982 0.972181 0.032371 5.0678 0.0191545 -0.0287068 0.999404 -0.8052 0 0 0 1 
3394309160144;0.382267;0.0233813;0.92743 -0.338759 -0.158479 0.972773 0.32514 0.939712 -0.105949 -8.04232 0.184816 0.0467327 0.981661 -4.47056 0 0 0 1 
3394309160145;0.390824;0.0409659;0.91008 0.123151 -0.395713 2.79778 -0.211778 0.958943 -0.188622 5.25031 0.356237 0.255465 0.898795 -8.24004 0 0 0 1 
3394309160146;0.519843;0.0415294;0.987082 0.0496166 0.15234 0.126995 -0.0847488 0.96862 0.233651 1.73124 -0.135967 -0.243543 0.960312 4.07027 0 0 0 1 
3394309160147;0.314525;0.0259065;0.954467 -0.189984 -0.229999 0.671637 0.231326 0.958173 0.168503 -5.47693 0.188366 -0.214035 0.958492 -4.29445 0 0 0 1 
3394309160148;0.159477;0.0460846;0.996048 0.00505051 0.0886711 0.12517 -0.014318 0.994454 0.104193 0.00238546 -0.0876531 -0.105051 0.990596 1.90196 0 0 0 1 
3394309160149;0.32406;0.429575;0.998299 -0.0577075 0.00831827 0.297542 0.0576959 0.998333 0.00162088 -0.460006 -0.00839794 -0.00113819 0.999964 0.344433 0 0 0 1 
3394309160150;0.0510986;0.0550554;0.998582 0.0494725 0.0196523 -0.085366 -0.0496222 0.998742 0.00720243 1.16673 -0.0192712 -0.00816741 0.999781 0.499418 0 0 0 1 
3394309160151;0.610087;0.0227676;0.927548 -0.341884 -0.150898 2.55544 0.328741 0.938498 -0.105595 -7.33549 0.177719 0.0483382 0.982893 -3.84852 0 0 0 1 
3394309160152;0.362678;0.0499172;0.924483 0.285138 -0.253036 2.57613 -0.310454 0.94832 -0.0656294 7.42668 0.221246 0.139229 0.965228 -5.28726 0 0 0 1 
3394309160153;0.287468;0.0426078;0.957167 0.28212 -0.0651191 1.23294 -0.261173 0.938361 0.226424 5.71722 0.124984 -0.199718 0.97185 -2.93899 0 0 0 1 
3394309160155;0.447786;0.365981;0.971552 -0.221483 -0.0838551 0.394826 0.231707 0.962191 0.14318 -2.02709 0.0489726 -0.158537 0.986138 -0.315228 0 0 0 1 
3394309160156;0.233355;0.0492178;0.927434 0.0692349 -0.367523 1.1352 -0.0590381 0.997496 0.0389297 0.520287 0.369298 -0.0144068 0.929199 -3.19622 0 0 0 1 
3394309160157;0.264959;0.0843248;0.975639 0.0332022 0.216853 -0.205221 -0.0820504 0.971967 0.220334 0.312615 -0.203459 -0.232759 0.951014 1.5022 0 0 0 1 
3394309160158;0.276214;0.0408245;0.985931 -0.163476 0.0348552 0.0517827 0.163729 0.986495 -0.00450902 -1.66803 -0.0336473 0.0101524 0.999382 -0.196296 0 0 0 1 
3394309160159;0.327677;0.0638027;0.999454 0.0278561 0.0177857 -0.321775 -0.0289926 0.997318 0.0672048 0.181768 -0.0158659 -0.0676837 0.997581 1.00657 0 0 0 1 
3394309160160;0.133668;0.0680249;0.984821 -0.00138564 0.17357 -0.323973 0.0125005 0.997938 -0.0629599 0.00658149 -0.173125 0.064174 0.982807 1.65518 0 0 0 1 
3394309160161;0.30505;0.912777;0.948157 0.317394 -0.016097 -2.05219 -0.316965 0.948119 0.0245623 3.07729 0.0230579 -0.0181868 0.999569 0.133781 0 0 0 1 
3394309160162;0.0502853;0.0474553;0.999891 -0.0135545 -0.00581801 0.00563685 0.0135411 0.999906 -0.00233669 -0.174765 0.00584914 0.00225765 0.99998 0.0697772 0 0 0 1 
3394309160163;0.250016;0.0450644;0.994496 -0.0759926 -0.0721366 0.0339482 0.0919596 0.963008 0.253297 -1.29066 0.0502194 -0.258536 0.964695 -0.249334 0 0 0 1 
3394309160164;0.523579;0.993442;0.903922 0.42552 -0.0430951 -2.39283 -0.425805 0.904811 0.00280557 3.71852 0.0401867 0.0158141 0.999067 0.055548 0 0 0 1 
3394309160165;0.368871;0.915805;0.962731 0.267902 0.0371291 -2.06429 -0.249521 0.932745 -0.260244 2.56796 -0.104352 0.24128 0.964829 1.76841 0 0 0 1 
3394309160166;0.306131;0.0502449;0.999437 -0.0138071 -0.0305871 0.0494549 0.0138136 0.999905 3.28789e-06 -0.141441 0.0305841 -0.000425805 0.999532 -0.979886 0 0 0 1 
3394309160167;0.598213;0.0404618;0.894982 -0.144783 -0.421953 2.00923 0.220326 0.965914 0.135892 -2.85002 0.387895 -0.214588 0.896375 -2.87166 0 0 0 1 
3394309160168;0.1742;0.0594564;0.999482 0.0314575 -0.00684424 -0.143125 -0.0314602 0.999505 -0.000292936 0.279354 0.00683163 0.000508105 0.999977 0.457132 0 0 0 1 
3394309160169;0.457369;0.0439097;0.941912 -0.332881 0.0446368 0.137353 0.33152 0.942789 0.035252 -3.93872 -0.0538178 -0.0184063 0.998381 1.05292 0 0 0 1 
3394309160170;0.210774;0.0534103;0.985723 -0.103449 0.132846 -0.303262 0.124526 0.978959 -0.161658 -0.950839 -0.113328 0.175892 0.977864 0.973378 0 0 0 1 
3394309160171;0.312176;0.0570685;0.978981 -0.201253 0.033075 0.361517 0.184076 0.941708 0.281607 -2.03103 -0.0878212 -0.2696 0.95896 0.741469 0 0 0 1 
3394309160172;0.347442;0.0480856;0.991308 -0.0555793 -0.119246 0.089094 0.0397003 0.990504 -0.131629 -0.351972 0.12543 0.125751 0.984101 -0.118644 0 0 0 1 
3394309160173;0.513361;0.369211;0.969277 -0.233244 0.0780969 0.434349 0.240204 0.965924 -0.0963963 -2.25083 -0.0529519 0.112194 0.992274 0.413727 0 0 0 1 
3394309160174;0.158617;0.0656208;0.997567 0.0464626 -0.0519821 -0.323987 -0.0524428 0.991349 -0.120321 0.612117 0.045942 0.122754 0.991373 -0.107879 0 0 0 1 
3394309160175;0.423765;0.0579702;0.985236 -0.039408 -0.166607 1.00702 0.00318809 0.977202 -0.212288 0.471236 0.171174 0.208622 0.9629 -1.5581 0 0 0 1 
3394309160176;0.19621;0.0683443;0.995735 -0.0403293 0.082983 -0.0535291 0.036854 0.998395 0.0429943 -0.0943164 -0.0845838 -0.0397527 0.995623 0.466339 0 0 0 1 
3394309160177;0.557777;0.0533764;0.955831 0.17731 -0.234411 0.498975 -0.0759732 0.919484 0.385716 0.286277 0.283929 -0.35087 0.892342 -1.46084 0 0 0 1 
3394309160178;0.217629;0.0764734;0.999974 -0.00703407 -0.00133557 0.212827 0.0070308 0.999972 -0.00243246 -0.335759 0.00135264 0.00242301 0.999996 0.36996 0 0 0 1 
3394309160179;0.268847;0.0410149;0.959501 -0.281546 -0.00952372 -0.281701 0.281697 0.959204 0.0239879 -2.88786 0.00238148 -0.0256992 0.999667 -0.100168 0 0 0 1 
3394309160180;0.363436;0.0603217;0.997574 -0.0078345 0.0691655 -0.163867 0.0120078 0.998118 -0.0601295 0.327283 -0.0685643 0.0608142 0.995791 1.60737 0 0 0 1 
3394309160181;0.481709;0.047155;0.902191 -0.430981 -0.0175033 1.03116 0.430924 0.90236 -0.00705987 -3.99909 0.0188369 -0.00117323 0.999822 0.642659 0 0 0 1 
3394309160182;0.293983;0.051065;0.99806 -0.048177 -0.0394287 -0.0424962 0.0479388 0.998826 -0.00696483 -0.960177 0.039718 0.00506115 0.999198 0.289485 0 0 0 1 
3394309160183;0.436918;0.0554205;0.972083 -0.234492 0.00819054 0.389321 0.223222 0.934991 0.275616 -3.00257 -0.0722878 -0.266093 0.961233 0.299162 0 0 0 1 
3394309160184;0.141133;0.0457595;0.999785 -0.011412 -0.0172858 -0.401498 0.01101 0.999671 -0.0231788 -0.17528 0.0175446 0.0229835 0.999582 0.0807301 0 0 0 1 
3394309160186;0.458534;0.00947385;0.914472 0.403375 -0.0320946 2.11501 -0.404422 0.913739 -0.0390304 8.00528 0.0135822 0.048672 0.998722 -0.920573 0 0 0 1 
3394309160187;0.388653;0.0836359;0.889687 -0.456433 0.0112409 1.91293 0.455884 0.886726 -0.0767282 -8.93562 0.0250537 0.0733886 0.996989 -0.180475 0 0 0 1 
3394309160188;0.269366;0.0195197;0.98637 -0.164541 -0.000697846 0.210197 0.162497 0.973437 0.161294 -3.41976 -0.0258601 -0.159209 0.986906 0.809193 0 0 0 1 
3394309160189;0.483079;0.0194675;0.968427 -0.200644 -0.147959 1.0248 0.148395 0.940853 -0.304589 -2.01034 0.200322 0.273015 0.940922 -4.01855 0 0 0 1 
3394309160190;0.0786131;0.00630792;0.997922 0.061516 -0.0191893 0.138147 -0.0615987 0.998094 -0.00375068 1.16292 0.018922 0.00492492 0.999809 -0.494446 0 0 0 1 
3394309160191;0.461554;0.0176455;0.949971 -0.311847 -0.017483 0.823752 0.312178 0.949786 0.021261 -6.87554 0.00997491 -0.0256552 0.999621 0.447748 0 0 0 1 
3394309160192;0.432023;0.0147594;0.987842 -0.0279002 -0.152935 1.12983 -0.0131214 0.965289 -0.260854 1.0688 0.154904 0.25969 0.953187 -2.40354 0 0 0 1 
3394309160193;0.353577;0.00929511;0.95232 0.305095 0.00200219 1.48294 -0.304943 0.952014 -0.026053 5.98124 -0.00985475 0.0242002 0.999659 -0.372575 0 0 0 1 
3394309160194;0.352735;0.0144794;0.951869 -0.223668 0.209564 0.382126 0.145008 0.930991 0.335004 -3.55489 -0.270032 -0.288491 0.918616 5.05342 0 0 0 1 
3394309160195;0.362433;0.0143031;0.901476 0.432335 0.0206955 2.29582 -0.431658 0.901522 -0.0304727 8.35905 -0.0318318 0.018537 0.999321 0.451371 0 0 0 1 
3394309160196;0.182053;0.0207518;0.992923 -0.107408 0.050678 0.00130753 0.0984582 0.983077 0.154487 -2.31281 -0.0664135 -0.148404 0.986694 0.919541 0 0 0 1 
3394309160197;0.398636;0.00907205;0.919849 0.380416 -0.0957131 2.41994 -0.391999 0.900517 -0.188164 7.85668 0.0146107 0.210602 0.977463 0.53102 0 0 0 1 
3394309160198;0.114611;0.0207633;0.991411 -0.130627 -0.00641534 0.0830264 0.130618 0.991431 -0.00187427 -2.6655 0.00660519 0.00102021 0.999978 -0.0581205 0 0 0 1 
3394309160199;0.260161;0.0114295;0.949107 0.314641 0.0140473 1.30404 -0.313889 0.948619 -0.0399363 6.23434 -0.0258912 0.0334945 0.999103 0.581776 0 0 0 1 
3394309160200;0.239388;0.0126216;0.999051 -0.0328019 -0.0286707 0.0141713 0.0331985 0.999358 0.0134662 -0.738942 0.0282106 -0.0144053 0.999498 0.0677051 0 0 0 1 
3394309160201;0.340496;0.00888802;0.968648 -0.074732 0.236932 0.61 0.11966 0.976117 -0.181322 -1.7025 -0.217723 0.203988 0.954456 4.2504 0 0 0 1 
3394309160202;0.373558;0.0155131;0.986165 -0.0816875 0.144242 -0.653418 0.0821763 0.996614 0.00257568 -1.38979 -0.143964 0.00931326 0.989539 2.19093 0 0 0 1 
3394309160203;0.451354;0.0248871;0.922018 0.384602 0.0443227 1.74378 -0.349762 0.876588 -0.330546 7.41121 -0.165981 0.289267 0.942748 3.46206 0 0 0 1 
3394309160204;0.469117;0.0260519;0.875241 0.483616 -0.00831389 2.81217 -0.483614 0.875278 0.00235739 9.40193 0.00841704 0.00195743 0.999963 -0.694238 0 0 0 1 
3394309160205;0.327235;0.0194612;0.978543 -0.198503 -0.0552304 0.74132 0.201096 0.978484 0.0461497 -4.40752 0.0448813 -0.056266 0.997407 -1.26132 0 0 0 1 
3394309160206;0.165571;0.0153375;0.998371 -0.0107175 -0.0560348 -0.0851174 0.0039508 0.992826 -0.119502 0.177525 0.0569135 0.119086 0.991251 -0.652612 0 0 0 1 
3394309160207;0.420271;0.0088426;0.971374 0.106243 0.212474 0.482352 -0.116539 0.992515 0.0364999 2.1466 -0.207006 -0.0602165 0.976485 4.99079 0 0 0 1 
3394309160208;0.487381;0.01485;0.924684 0.308268 -0.223451 1.35761 -0.251281 0.935041 0.250114 4.17467 0.286038 -0.175127 0.942079 -5.29507 0 0 0 1 
3394309160209;0.287731;0.00937936;0.995866 0.0710609 0.0565787 -0.113671 -0.0783551 0.987138 0.139349 1.49918 -0.0459487 -0.143207 0.988626 0.0993233 0 0 0 1 
3394309160210;0.372686;0.0248821;0.95041 -0.308554 0.0389273 0.70224 0.31098 0.944291 -0.107733 -5.77723 -0.00351721 0.114496 0.993417 0.844029 0 0 0 1 
3394309160211;0.423056;0.0544852;0.914293 -0.331574 -0.232653 1.94514 0.360592 0.927911 0.0946277 -7.18545 0.184506 -0.17041 0.967945 -3.20832 0 0 0 1 
3394309160212;0.468609;0.0233381;0.960618 -0.277112 0.0205306 1.17356 0.277469 0.960581 -0.0171997 -5.90577 -0.0149551 0.0222189 0.999641 0.920752 0 0 0 1 
3394309160213;0.266849;0.0120486;0.978524 -0.148375 0.143095 -0.294636 0.173769 0.967173 -0.185423 -3.03714 -0.110886 0.206306 0.972184 2.51273 0 0 0 1 
3394309160214;0.475344;0.383945;0.994443 -0.0945106 0.0463876 0.341605 0.0986214 0.99046 -0.0962401 -1.98496 -0.0368494 0.10028 0.994277 1.43803 0 0 0 1 
3394309160215;0.281079;0.0192251;0.873088 0.0802767 -0.480909 3.05013 -0.0532948 0.996155 0.0695287 1.09993 0.484642 -0.0350747 0.874009 -9.44002 0 0 0 1 
3394309160217;0.276984;0.0315605;0.999996 -0.000126815 0.00274749 -0.636146 0.000118748 0.999996 0.00293622 0.365011 -0.00274785 -0.00293588 0.999992 0.401403 0 0 0 1 
3394309160218;0.423487;1.15819;0.935135 0.19219 0.297633 -3.01934 -0.239246 0.962164 0.130391 2.66946 -0.261312 -0.193141 0.945734 3.1063 0 0 0 1 
3394309160219;0.217232;0.0806427;0.985473 0.162647 -0.0488838 0.309551 -0.169014 0.967465 -0.18827 2.5379 0.0166718 0.193797 0.9809 0.100332 0 0 0 1 
3394309160220;0.375115;0.0373595;0.921481 0.180783 -0.343789 1.53353 -0.101089 0.966205 0.237126 0.541128 0.375039 -0.183754 0.908615 -5.21311 0 0 0 1 
3394309160221;0.326953;0.052267;0.981473 0.180601 -0.0639803 -0.166425 -0.17711 0.982561 0.0566189 1.92866 0.07309 -0.0442384 0.996344 -0.384642 0 0 0 1 
3394309160222;0.142051;0.0294498;0.999233 -0.0348999 0.0177759 -0.317844 0.0353884 0.998983 -0.0279524 -0.725086 -0.0167823 0.02856 0.999451 0.358676 0 0 0 1 
3394309160223;0.261461;0.0610846;0.958967 0.274937 -0.0692246 0.233246 -0.271234 0.960743 0.0583551 3.43582 0.082551 -0.0371845 0.995893 -1.13556 0 0 0 1 
3394309160224;0.0854273;0.067488;0.993777 0.110811 -0.0112791 -0.00131383 -0.110677 0.993786 0.0118522 1.35051 0.0125224 -0.0105302 0.999866 -0.135234 0 0 0 1 
3394309160225;0.231107;0.030033;0.999945 0.00456072 -0.00942501 -0.275564 -0.00437202 0.999792 0.0199459 0.575073 0.00951401 -0.0199036 0.999757 0.105003 0 0 0 1 
3394309160226;0.061528;0.0479275;0.999993 0.00372296 -0.000989379 -0.118281 -0.00372402 0.999992 -0.00107253 0.092499 0.000985379 0.0010762 0.999999 -0.123406 0 0 0 1 
3394309160227;0.376137;1.52447;0.883904 0.466358 -0.0349743 -2.21549 -0.466689 0.884421 -0.0014655 5.86437 0.0302486 0.0176175 0.999387 -0.187742 0 0 0 1 
3394309160228;0.303595;0.0303945;0.965421 -0.249056 0.0770317 0.261696 0.2605 0.933107 -0.247893 -2.9737 -0.0101396 0.259387 0.96572 0.212861 0 0 0 1 
3394309160229;0.401686;0.0440091;0.930512 -0.316313 0.184644 0.99311 0.320217 0.947301 0.00908649 -3.65697 -0.177787 0.0506709 0.982764 2.4944 0 0 0 1 
3394309160230;0.10387;0.057033;0.991336 0.127161 -0.0329123 0.0093141 -0.128199 0.991244 -0.0316399 1.67086 0.0286008 0.0355851 0.998957 -0.317279 0 0 0 1 
3394309160231;0.26477;0.0598667;0.926012 -0.22707 0.301563 0.210464 0.190233 0.970706 0.146769 -2.77283 -0.326056 -0.078543 0.942082 4.28563 0 0 0 1 
3394309160232;0.456423;0.0545029;0.870247 0.285829 -0.401214 2.74528 -0.283692 0.956629 0.0661752 3.90008 0.402727 0.0562323 0.913591 -5.51229 0 0 0 1 
3394309160233;0.155497;0.0479677;0.999174 0.03234 0.0245921 -0.253544 -0.0330435 0.99904 0.0287574 0.367969 -0.0236385 -0.0295463 0.999284 0.695236 0 0 0 1 
3394309160234;0.449685;0.205679;0.998783 -0.0450292 0.0201108 0.220577 0.0459587 0.997769 -0.0484319 -0.520743 -0.0178851 0.0492972 0.998624 -0.656135 0 0 0 1 
3394309160235;0.164832;0.0299513;0.972223 0.126406 -0.196986 0.306191 -0.116248 0.991261 0.0623518 1.50564 0.203146 -0.0377206 0.978422 -2.57908 0 0 0 1 
3394309160236;0.330502;0.0692755;0.972087 0.22588 0.0634489 0.0436333 -0.210508 0.959097 -0.189261 3.28241 -0.103604 0.170622 0.979875 1.88359 0 0 0 1 
3394309160237;0.197559;0.0545537;0.999951 -0.00955411 0.00260159 0.179894 0.00953523 0.999929 0.00717449 0.132165 -0.00266995 -0.00714933 0.999971 -0.25795 0 0 0 1 
3394309160238;0.37956;0.0572204;0.982233 -0.139511 0.12552 0.74858 0.124642 0.98499 0.119413 -1.49268 -0.140295 -0.101646 0.984878 1.90747 0 0 0 1 
3394309160239;0.353533;0.041585;0.995683 -0.0444088 0.0815088 -0.853892 0.0434394 0.998963 0.0136289 -0.394921 -0.0820296 -0.0100293 0.996579 0.482032 0 0 0 1 
3394309160240;0.540644;0.943803;0.939037 0.296363 0.174293 -2.20639 -0.21744 0.904593 -0.366649 4.06836 -0.266325 0.306399 0.913887 3.61721 0 0 0 1 
3394309160241;0.23847;0.817849;0.978582 0.0782353 0.190412 -1.73668 -0.0899276 0.994508 0.053547 1.02023 -0.185177 -0.0695234 0.980243 1.94168 0 0 0 1 
3394309160242;0.249114;0.0425465;0.999383 -0.0220233 0.027376 -0.382234 0.0214533 0.99955 0.0209448 -0.273756 -0.0278249 -0.0203446 0.999406 -0.228904 0 0 0 1 
3394309160243;0.309141;0.0690862;0.957738 0.162956 0.237031 -0.112572 -0.11764 0.973882 -0.194204 1.9088 -0.262487 0.158113 0.951893 3.35948 0 0 0 1 
3394309160244;0.346424;0.0654497;0.999996 -0.00187872 -0.00213815 0.420038 0.00188973 0.999985 0.00515852 -0.40454 0.00212843 -0.00516254 0.999984 0.631995 0 0 0 1 
3394309160245;0.222213;0.0613313;0.981644 0.143535 0.125589 0.0486106 -0.14958 0.987938 0.0400567 2.02355 -0.118324 -0.058107 0.991273 1.11415 0 0 0 1 
3394309160246;0.394505;1.09141;0.906367 0.419333 0.0515649 -1.95173 -0.42236 0.902355 0.0858324 5.4394 -0.0105375 -0.0995746 0.994974 0.0308171 0 0 0 1 
3394309160248;0.387346;0.0347126;0.994691 0.088241 -0.0529417 0.153131 -0.0587023 0.909125 0.412367 0.381079 0.0845183 -0.40707 0.909478 -1.24695 0 0 0 1 
3394309160249;0.0790091;0.0296658;0.996291 -0.085648 0.0083246 0.00108752 0.0856372 0.996325 0.00164108 -1.45421 -0.00843456 -0.000922095 0.999964 0.142413 0 0 0 1 
3394309160250;0.489213;0.0422384;0.931751 0.267528 -0.245499 1.68719 -0.225821 0.956409 0.185165 3.28638 0.284334 -0.117089 0.951548 -3.93223 0 0 0 1 
3394309160251;0.37181;0.0554207;0.883853 0.441229 -0.155309 2.28819 -0.401117 0.885736 0.233618 6.50393 0.240642 -0.144187 0.959845 -4.09553 0 0 0 1 
3394309160252;0.374908;0.0274698;0.932375 -0.361402 -0.00807713 1.25832 0.361436 0.932392 0.00314383 -6.40463 0.00639486 -0.00585059 0.999962 -0.377664 0 0 0 1 
3394309160253;0.217625;0.0444243;0.970483 -0.152887 0.186514 0.194697 0.161696 0.986293 -0.0328793 -2.61154 -0.178931 0.0620674 0.981902 3.52238 0 0 0 1 
3394309160254;0.306431;0.026366;0.999756 -0.0220858 0.000379807 -0.745524 0.0220848 0.999753 0.00241437 -0.0494988 -0.000433037 -0.00240539 0.999997 0.372022 0 0 0 1 
3394309160255;0.470321;0.0270774;0.973274 -0.225543 -0.0432264 -0.349782 0.199194 0.922786 -0.329829 -2.46401 0.114279 0.312403 0.943051 -1.72513 0 0 0 1 
3394309160256;0.293686;0.0250123;0.999393 0.0303288 -0.0171245 -0.517577 -0.0300216 0.999389 0.0179176 0.0135484 0.0176574 -0.0173927 0.999693 -0.0348178 0 0 0 1 
3394309160257;0.406176;0.0474273;0.988623 0.071574 0.132295 -0.0642792 -0.0436782 0.978237 -0.202843 1.85528 -0.143934 0.194757 0.970233 3.05923 0 0 0 1 
3394309160258;0.344851;0.0441577;0.970399 0.0625993 0.233255 -0.135019 -0.0123337 0.977409 -0.210998 0.973142 -0.241194 0.201876 0.949248 4.38964 0 0 0 1 
3394309160259;0.414136;0.530164;0.876525 -0.461495 -0.136846 3.56662 0.469906 0.882007 0.0353822 -8.30933 0.104371 -0.0953182 0.98996 -1.76844 0 0 0 1 
3394309160260;0.148826;0.0265184;0.971845 0.0979919 -0.214276 0.8419 -0.0836747 0.993673 0.0749179 1.32949 0.220261 -0.0548792 0.973896 -3.87142 0 0 0 1 
3394309160261;0.341319;0.0311952;0.985544 -0.167553 -0.0250995 0.284572 0.166471 0.985222 -0.0403078 -2.3628 0.0314823 0.0355467 0.998872 0.1556 0 0 0 1 
