#;prob_registration_l1 -r /home/probabilistic_point_clouds_registration/build/tester /home/point_clouds_registration_benchmark//devel/registration_pairs/long_office_household_local.txt /home/point_clouds_registration_benchmark//tum/long_office_household -s 0.1 -t 0.1 -p 0.3 -r 1000 -m 15 -i 40 
id;initial_error;final_error;transformation
26456013410000;0.652746;0.506886;0.81014 0.497309 -0.310414 0.543234 -0.499943 0.862612 0.0771876 -0.153894 0.306153 0.0926565 0.947463 -0.26865 0 0 0 1 
26456013410001;1.0574;0.61481;0.947351 0.289725 -0.136326 0.252038 -0.251458 0.93676 0.243414 0.240185 0.198227 -0.196318 0.960294 1.16827 0 0 0 1 
26456013410002;0.577722;0.589168;0.932514 0.334106 -0.13708 0.447834 -0.28821 0.917235 0.274982 0.131048 0.217608 -0.216917 0.951627 0.72483 0 0 0 1 
26456013410003;1.10585;0.585339;0.964485 -0.229249 -0.131205 0.530123 0.250924 0.950353 0.184026 0.241667 0.0825033 -0.210413 0.974125 -0.741631 0 0 0 1 
26456013410004;0.510854;0.627468;0.941643 0.308925 0.13369 0.327585 -0.336572 0.858003 0.388007 -0.278095 0.0051589 -0.410361 0.911909 -0.125842 0 0 0 1 
26456013410005;0.315858;0.556923;0.985146 0.107377 -0.134008 0.441511 -0.0909988 0.988241 0.122881 0.305109 0.145626 -0.108861 0.983332 -0.0565487 0 0 0 1 
26456013410006;0.127418;0.549724;0.946037 0.29674 -0.130232 0.460979 -0.270579 0.944467 0.186462 -0.0988562 0.17833 -0.141162 0.973792 0.25439 0 0 0 1 
26456013410007;0.936325;0.59472;0.963976 -0.169361 -0.205102 0.101668 0.18537 0.980749 0.0613942 0.481641 0.190756 -0.0972023 0.976813 0.759808 0 0 0 1 
26456013410008;0.859142;0.541631;0.981025 0.12902 -0.14472 0.400407 -0.10877 0.98415 0.140061 0.204473 0.160497 -0.121662 0.97951 0.931698 0 0 0 1 
26456013410009;0.404949;0.572812;0.92306 0.272651 -0.271334 0.224271 -0.242619 0.960061 0.139351 -0.0500015 0.298491 -0.0627988 0.952344 0.508316 0 0 0 1 
26456013410010;0.333714;0.545765;0.950759 0.194672 -0.241163 0.327885 -0.193098 0.980709 0.030383 0.0604072 0.242426 0.0176812 0.970009 -0.0707707 0 0 0 1 
26456013410011;0.463956;0.505323;0.992555 0.0868463 -0.0853923 0.443452 -0.0793967 0.993033 0.0870758 0.187236 0.0923595 -0.0796477 0.992535 -0.288049 0 0 0 1 
26456013410012;1.06761;0.497492;0.918087 0.137663 -0.371704 1.00626 -0.228778 0.949824 -0.213294 0.58266 0.323691 0.28086 0.903516 0.966996 0 0 0 1 
26456013410013;0.408963;0.596191;0.799208 0.577777 -0.165653 0.513115 -0.526355 0.805843 0.271233 -0.272553 0.290203 -0.129579 0.948152 0.365784 0 0 0 1 
26456013410014;0.281798;0.558741;0.951793 0.282655 -0.119148 0.341354 -0.256371 0.946302 0.196941 -0.171744 0.168416 -0.156901 0.973148 -0.0230339 0 0 0 1 
26456013410015;0.444148;0.581756;0.960127 0.123077 -0.251014 0.306963 -0.110215 0.991798 0.0647241 0.103016 0.256921 -0.0344779 0.965817 0.511406 0 0 0 1 
26456013410016;0.631913;0.541812;0.861787 0.493398 0.117821 0.0916348 -0.507228 0.835138 0.212754 -0.0525687 0.00657566 -0.243111 0.969976 0.636877 0 0 0 1 
26456013410017;0.712942;0.559808;0.95925 0.260555 -0.109321 0.595193 -0.243221 0.958321 0.149883 0.590887 0.143817 -0.117186 0.982641 0.387673 0 0 0 1 
26456013410018;0.599666;0.378456;0.894874 0.410347 0.175541 0.18258 -0.440799 0.874238 0.203477 -0.4452 -0.0699685 -0.259465 0.963215 -0.152439 0 0 0 1 
26456013410019;0.16999;0.541947;0.967406 0.228559 -0.109027 0.412795 -0.201031 0.954975 0.218197 0.0119871 0.153989 -0.189167 0.969795 0.113434 0 0 0 1 
26456013410020;0.966938;0.586292;0.953571 0.286673 -0.0923062 0.144856 -0.268 0.947542 0.174184 -0.269793 0.137398 -0.141358 0.980377 -0.674214 0 0 0 1 
26456013410021;1.2145;0.594575;0.960344 -0.204112 -0.189939 -0.273979 0.234027 0.960402 0.151193 0.386255 0.151558 -0.189649 0.970084 -0.209581 0 0 0 1 
26456013410022;0.808376;0.528189;0.968583 -0.125855 -0.214495 -0.00246442 0.073313 0.968664 -0.237309 0.591889 0.23764 0.214128 0.947458 -0.0727248 0 0 0 1 
26456013410023;0.310262;0.51311;0.879635 0.450366 -0.153013 0.116551 -0.432638 0.89124 0.13607 -0.0296059 0.197652 -0.0534929 0.978812 0.332342 0 0 0 1 
26456013410024;0.290654;0.608711;0.904623 0.413219 -0.104435 0.508428 -0.354177 0.865124 0.355133 -0.411178 0.237097 -0.284273 0.928964 0.282525 0 0 0 1 
26456013410025;0.115869;0.551123;0.937834 0.308559 -0.158928 0.353312 -0.280468 0.943461 0.17669 -0.0250433 0.204461 -0.121132 0.971351 0.320445 0 0 0 1 
26456013410026;0.438952;0.622855;0.990924 0.130871 -0.0306825 0.312442 -0.118978 0.960157 0.25287 -0.356155 0.0625534 -0.246925 0.967014 -0.00709498 0 0 0 1 
26456013410027;1.02893;0.538341;0.822804 0.561709 -0.0864703 0.594139 -0.546761 0.823882 0.149236 0.682828 0.155068 -0.0755132 0.985013 0.196422 0 0 0 1 
26456013410028;0.910665;0.635727;0.936322 0.310221 -0.164512 0.441744 -0.262355 0.929438 0.259451 0.120265 0.233391 -0.19977 0.951641 1.09067 0 0 0 1 
26456013410029;0.807992;0.515286;0.923122 0.238097 -0.301921 0.659196 -0.2745 0.957924 -0.0838551 0.849452 0.269252 0.160286 0.949638 0.0461851 0 0 0 1 
26456013410031;0.378079;4.61549;0.918551 0.240255 -0.313914 -4.74765 -0.378167 0.765348 -0.5208 3.58062 0.115129 0.597093 0.793868 0.883333 0 0 0 1 
26456013410032;0.347742;1.49578;-0.144119 0.353111 -0.924415 0.583844 -0.522189 0.766373 0.374153 1.26865 0.840564 0.536642 0.0739416 -0.74563 0 0 0 1 
26456013410033;0.319289;1.489;-0.177265 0.278028 -0.944075 0.681329 -0.548776 0.768368 0.329324 1.15611 0.816959 0.576464 0.0163701 -0.643869 0 0 0 1 
26456013410034;0.665788;1.26674;0.0171604 0.599491 -0.800198 1.46322 -0.57867 0.658613 0.481009 0.915549 0.815381 0.454796 0.358209 -0.512593 0 0 0 1 
26456013410035;0.543286;1.38812;0.0987255 0.319353 -0.942479 0.82136 -0.52355 0.822098 0.22372 0.882261 0.846256 0.471348 0.248359 0.0896599 0 0 0 1 
26456013410036;0.569296;0.98766;0.746247 0.510461 -0.427252 0.283682 -0.567487 0.823348 -0.00748558 1.18181 0.347956 0.248046 0.904101 0.172416 0 0 0 1 
26456013410037;0.587068;3.07649;0.537456 0.8153 -0.215468 -1.59196 -0.826373 0.458267 -0.327261 3.6672 -0.168074 0.353945 0.92004 2.1572 0 0 0 1 
26456013410038;0.163491;1.46247;-0.012688 0.177881 -0.98397 0.836167 -0.539804 0.827118 0.156486 1.2032 0.841695 0.533137 0.0855262 -0.491509 0 0 0 1 
26456013410039;0.298903;1.42341;0.0391844 0.408344 -0.911987 0.544169 -0.615456 0.72888 0.299914 1.69406 0.787196 0.549536 0.279878 -0.418904 0 0 0 1 
26456013410040;0.421915;4.58609;0.934961 0.277553 -0.220934 -4.69372 -0.354483 0.70679 -0.6122 3.77785 -0.013764 0.650701 0.759209 1.00064 0 0 0 1 
26456013410041;0.740902;1.26836;0.353765 0.47004 -0.808649 1.21458 -0.452037 0.842804 0.292137 0.590914 0.818848 0.262192 0.51063 -0.80013 0 0 0 1 
26456013410042;0.386627;1.46616;-0.0204097 0.374716 -0.926915 0.949761 -0.581976 0.749396 0.315766 1.19254 0.812949 0.545887 0.202781 -0.0115765 0 0 0 1 
26456013410043;0.418115;0.971877;0.567761 0.372962 -0.733858 0.239887 -0.575561 0.817209 -0.0299697 1.14547 0.588538 0.439396 0.678642 -0.204626 0 0 0 1 
26456013410044;0.401489;0.989213;0.585444 0.516979 -0.62449 0.359322 -0.356117 0.855993 0.374776 0.747755 0.72831 0.00298133 0.685241 -0.301606 0 0 0 1 
26456013410045;0.640918;1.53389;0.0875161 0.453829 -0.886781 0.256164 -0.623692 0.719091 0.306458 1.01319 0.776755 0.526258 0.345982 -0.72384 0 0 0 1 
26456013410046;0.387348;1.4591;-0.104394 0.354992 -0.929023 0.528872 -0.513833 0.780541 0.355994 1.58188 0.851515 0.514526 0.100923 -0.552436 0 0 0 1 
26456013410047;0.681694;1.35715;0.285912 0.789496 -0.543093 0.76845 -0.481774 0.608345 0.630722 0.682944 0.828341 0.0813166 0.554292 -0.731332 0 0 0 1 
26456013410048;0.200666;1.48089;-0.177278 0.326843 -0.928303 0.916562 -0.586078 0.722691 0.366373 1.10279 0.790623 0.609008 0.0634379 -0.293766 0 0 0 1 
26456013410049;0.634474;1.43402;0.12897 0.321123 -0.938215 0.864986 -0.641876 0.748211 0.167856 1.40561 0.755885 0.580569 0.302618 0.281224 0 0 0 1 
26456013410050;0.211001;1.48382;-0.0350706 0.226744 -0.973323 0.663169 -0.550204 0.808656 0.208208 1.28979 0.834293 0.542828 0.0963952 -0.516464 0 0 0 1 
26456013410051;0.550163;1.01401;0.631967 0.614452 -0.472299 0.746929 -0.434565 0.785556 0.440517 0.508534 0.641694 -0.0731473 0.763465 -0.687872 0 0 0 1 
26456013410052;0.551544;1.30505;0.23086 0.548395 -0.80372 1.34319 -0.635116 0.710716 0.302506 1.0445 0.73711 0.440619 0.51237 -0.54983 0 0 0 1 
26456013410053;0.345543;1.5414;-0.188946 0.276462 -0.942268 1.04775 -0.661035 0.673777 0.330239 1.75087 0.726177 0.685269 0.0554437 -0.279661 0 0 0 1 
26456013410054;0.546651;4.41628;0.924322 0.271035 -0.268643 -5.16529 -0.379992 0.718532 -0.58251 3.94564 0.0351482 0.640509 0.767146 0.578615 0 0 0 1 
26456013410055;0.267657;1.52331;-0.113473 0.329785 -0.937212 1.05149 -0.656065 0.683527 0.319952 1.58579 0.746125 0.651178 0.138799 -0.262044 0 0 0 1 
26456013410056;0.595541;1.41372;0.316587 0.338291 -0.88619 1.02021 -0.667624 0.743126 0.0451728 1.28816 0.673833 0.577341 0.461115 -0.0512389 0 0 0 1 
26456013410057;0.461018;1.5465;-0.123886 0.377794 -0.917564 1.09893 -0.771471 0.544896 0.328514 1.22408 0.624088 0.748572 0.223952 -0.203945 0 0 0 1 
26456013410058;0.576941;1.51093;-0.0751884 0.528572 -0.845552 0.94861 -0.601167 0.6525 0.461348 0.689335 0.795579 0.543006 0.268699 -0.798806 0 0 0 1 
26456013410059;0.729412;4.44074;0.884492 0.395728 -0.24713 -3.84948 -0.441219 0.881656 -0.167356 4.00877 0.151656 0.257063 0.954421 0.814928 0 0 0 1 
26456013410060;0.670241;0.981104;0.450808 0.632313 -0.630041 0.478697 -0.363295 0.7747 0.517549 0.916589 0.815346 -0.00442403 0.578957 -0.846826 0 0 0 1 
26456013410062;0.727774;0.585724;0.96156 0.269017 -0.0550709 -0.526819 -0.262283 0.959165 0.105873 -0.33012 0.0813036 -0.0873587 0.992854 0.287882 0 0 0 1 
26456013410063;1.34575;0.225551;0.945812 0.0534664 0.320283 -0.358756 0.047474 0.952984 -0.299279 -0.490879 -0.321226 0.298267 0.898805 -0.193003 0 0 0 1 
26456013410064;0.325852;0.201825;0.994031 0.0392061 0.101805 -0.0896635 -0.0520326 0.990593 0.126562 -0.15742 -0.0958857 -0.131104 0.986721 0.134143 0 0 0 1 
26456013410065;0.371368;1.20238;0.936165 -0.297418 -0.187452 -0.257121 0.298686 0.954095 -0.0221133 0.0547047 0.185424 -0.0352876 0.982025 0.0345838 0 0 0 1 
26456013410066;1.03207;0.257368;0.984283 -0.0840747 -0.155298 -0.160036 0.037171 0.958332 -0.283227 0.362441 0.17264 0.273003 0.946396 0.421444 0 0 0 1 
26456013410067;0.857765;1.32445;0.975021 -0.135271 0.176168 -0.551787 0.184319 0.935341 -0.301933 0.0435599 -0.123934 0.326863 0.93691 0.256883 0 0 0 1 
26456013410068;1.01715;0.253038;0.996548 -0.0829985 0.0018086 -0.16428 0.0817698 0.985093 0.151344 -0.0983584 -0.014343 -0.150674 0.988479 0.613931 0 0 0 1 
26456013410069;0.211374;1.00194;0.94706 -0.281726 -0.153971 -0.323886 0.279329 0.959465 -0.0374389 -0.0145403 0.158277 -0.00755168 0.987366 0.144435 0 0 0 1 
26456013410070;0.584191;0.930537;0.902928 -0.287555 -0.319427 0.0994366 0.261668 0.95739 -0.122203 0.00363413 0.340956 0.0267569 0.939698 0.0298487 0 0 0 1 
26456013410071;0.0848378;0.380548;0.999367 -0.0241638 0.0261279 -0.124701 0.0259174 0.99728 -0.0690024 -0.0704617 -0.0243895 0.0696359 0.997274 0.00705698 0 0 0 1 
26456013410072;0.345771;0.186103;0.976534 -0.0111179 -0.215077 0.0484396 0.0564288 0.976986 0.205706 -0.308792 0.20784 -0.213015 0.954687 0.251224 0 0 0 1 
26456013410073;0.619828;0.233595;0.966505 0.0868126 0.241518 -0.221291 -0.0561451 0.989779 -0.131091 -0.0921022 -0.25043 0.11314 0.961501 0.157211 0 0 0 1 
26456013410074;0.46439;0.305042;0.980386 -0.15916 -0.11624 -0.151066 0.135731 0.972877 -0.187317 0.124062 0.142901 0.167866 0.975398 0.126148 0 0 0 1 
26456013410075;1.52576;1.47157;0.999089 -0.0241106 0.0352223 -0.906284 0.0213429 0.996807 0.0769431 -0.220699 -0.036965 -0.0761212 0.996413 -0.781774 0 0 0 1 
26456013410076;0.479244;0.276371;0.998891 0.026269 -0.0390652 -0.00432552 -0.0304257 0.993474 -0.109928 0.0474771 0.0359225 0.110995 0.993172 -0.191929 0 0 0 1 
26456013410077;0.704929;0.335947;0.973794 -0.208521 0.0908018 -0.419372 0.203946 0.977313 0.057147 -0.284109 -0.100658 -0.0371307 0.994228 0.12226 0 0 0 1 
26456013410078;0.365691;0.667597;0.994742 -0.0874054 -0.0533669 -0.0657936 0.0833475 0.993766 -0.0740395 0.0296913 0.0595057 0.0692022 0.995826 0.041932 0 0 0 1 
26456013410079;1.72117;1.42542;0.991919 -0.111891 -0.0598095 0.0645302 0.0910039 0.955942 -0.279095 0.293372 0.0884024 0.271396 0.958399 0.552779 0 0 0 1 
26456013410080;1.76411;0.195567;0.993501 -0.110299 -0.0280942 -0.485463 0.110467 0.99387 0.0045087 0.75033 0.0274246 -0.00758288 0.999595 -0.0311252 0 0 0 1 
26456013410081;1.63412;0.249033;0.979553 0.0711412 0.18819 -0.114798 -0.0394215 0.985132 -0.167214 0.834673 -0.197288 0.156376 0.967793 -0.451673 0 0 0 1 
26456013410082;0.404515;0.609711;0.937562 0.0394424 -0.345573 0.118395 0.00661517 0.991348 0.131096 0.0864284 0.347754 -0.125197 0.929189 0.152107 0 0 0 1 
26456013410083;1.34753;0.226543;0.996761 -0.0791872 0.014027 -0.218439 0.0786604 0.996294 0.0348001 -0.593392 -0.0167307 -0.033584 0.999296 0.514387 0 0 0 1 
26456013410084;1.15281;0.270447;0.999678 -0.00495876 0.0248747 0.0873889 0.00210184 0.993526 0.113589 -0.653912 -0.0252769 -0.1135 0.993216 0.375716 0 0 0 1 
26456013410085;0.50976;0.24132;0.996571 0.027496 0.0780459 -0.0929426 -0.0146146 0.986837 -0.161054 0.134511 -0.081447 0.159361 0.983855 -0.302397 0 0 0 1 
26456013410086;0.789041;0.636183;0.97898 -0.164178 -0.121013 -0.0670385 0.149447 0.981193 -0.122171 0.0577341 0.138795 0.101518 0.985104 -0.339182 0 0 0 1 
26456013410087;0.962758;0.30179;0.99372 0.100962 -0.0482394 0.019803 -0.107742 0.979709 -0.169004 0.540963 0.0301977 0.17314 0.984434 0.0183499 0 0 0 1 
26456013410088;1.51292;1.60197;0.927266 -0.360674 -0.100462 -1.32091 0.356505 0.93253 -0.0573828 -0.454676 0.114381 0.0173938 0.993285 0.149251 0 0 0 1 
26456013410089;0.558558;0.446449;0.993662 -0.0982382 -0.0546328 -0.114543 0.0951502 0.993857 -0.0565153 -0.0860053 0.0598492 0.0509588 0.996906 0.333487 0 0 0 1 
26456013410090;1.4132;0.234471;0.992441 -0.0283329 -0.11941 0.199913 0.032446 0.99894 0.0326423 -0.0457993 0.118359 -0.0362699 0.992308 -0.655992 0 0 0 1 
26456013410091;1.21795;1.05917;0.960572 -0.201934 0.191112 -0.523646 0.256585 0.908576 -0.329628 -0.0647971 -0.107077 0.365668 0.924566 0.398895 0 0 0 1 
26456013410093;0.469907;0.525553;0.968368 -0.224199 0.109539 -0.114472 0.228708 0.973022 -0.0303375 0.539801 -0.0997822 0.0544303 0.993519 -0.438725 0 0 0 1 
26456013410094;0.663694;0.2511;0.879275 0.195448 -0.434369 0.407003 -0.0964231 0.966092 0.239516 0.341852 0.466453 -0.168718 0.868306 0.0919804 0 0 0 1 
26456013410095;0.871627;0.211839;0.977866 0.187911 0.0920166 0.475091 -0.187558 0.982173 -0.0125398 0.332089 -0.0927326 -0.00499618 0.995679 -0.0197836 0 0 0 1 
26456013410096;0.802998;0.184203;0.99835 0.0453862 0.0351748 -0.411513 -0.0462269 0.998655 0.0234667 0.252352 -0.0340624 -0.025054 0.999106 -0.466233 0 0 0 1 
26456013410097;0.47238;0.208408;0.912933 0.40773 -0.0175818 0.00105848 -0.407239 0.912953 0.0259391 0.181041 0.0266275 -0.0165206 0.999509 0.209856 0 0 0 1 
26456013410098;0.153152;0.210575;0.983827 0.114562 -0.137698 0.117763 -0.109147 0.992948 0.0462769 0.163783 0.142029 -0.030499 0.989393 0.0642312 0 0 0 1 
26456013410099;1.16156;0.358881;0.996987 -0.0438997 -0.0639501 -0.228146 0.0369223 0.99363 -0.106473 0.855285 0.0682169 0.103791 0.992257 0.44009 0 0 0 1 
26456013410100;0.366643;0.240746;0.963527 0.263172 0.048551 -0.0957097 -0.257798 0.961469 -0.0954856 0.204779 -0.0718094 0.0794866 0.994246 0.164242 0 0 0 1 
26456013410101;1.16745;0.222577;0.98644 0.155746 0.0517651 0.0484032 -0.163266 0.963401 0.21261 0.513989 -0.0167574 -0.218178 0.975765 0.772169 0 0 0 1 
26456013410102;1.13408;0.301552;0.991912 -0.107014 -0.068258 0.227007 0.11177 0.991255 0.0701445 -0.00534343 0.0601547 -0.0772064 0.995199 -0.873066 0 0 0 1 
26456013410103;0.393965;0.217606;0.995021 0.063475 -0.0768447 -0.0195708 -0.0484893 0.981881 0.183188 -0.229284 0.0870803 -0.17855 0.98007 -0.0647488 0 0 0 1 
26456013410104;1.01585;0.289972;0.949926 0.311616 0.023143 -0.538592 -0.306216 0.913592 0.267546 0.298424 0.0622286 -0.261236 0.963267 -0.429869 0 0 0 1 
26456013410105;1.13047;0.379726;0.987819 -0.0631899 0.1422 -0.0200419 0.0738417 0.994745 -0.0709171 -0.191849 -0.136971 0.0805535 0.987294 0.531295 0 0 0 1 
26456013410106;0.197882;0.204391;0.954027 0.298588 0.026038 -0.124557 -0.299308 0.95367 0.0304567 0.162152 -0.0157376 -0.0368498 0.999197 0.0288315 0 0 0 1 
26456013410107;0.85745;0.399876;0.959011 -0.277176 0.0589171 -0.226595 0.276675 0.960819 0.0166602 -0.108677 -0.0612265 0.000323596 0.998124 -0.440995 0 0 0 1 
26456013410108;1.09003;0.225272;0.974336 0.0943277 0.204379 -0.372526 -0.101354 0.994557 0.0241634 -0.581048 -0.200987 -0.0442579 0.978594 0.377226 0 0 0 1 
26456013410109;0.997601;0.261649;0.984622 0.174043 -0.0151024 0.153525 -0.174696 0.980753 -0.087205 -0.401762 -0.000365644 0.0885024 0.996076 0.311674 0 0 0 1 
26456013410110;1.0844;0.279257;0.92707 -0.0772749 0.366837 -0.909405 0.0880982 0.996029 -0.0128262 0.199826 -0.364389 0.0442084 0.930197 -0.541784 0 0 0 1 
26456013410111;0.414986;0.309261;0.99091 -0.130106 0.0341885 0.0236215 0.134126 0.936044 -0.325319 0.434639 0.0103241 0.326948 0.944986 -0.0145169 0 0 0 1 
26456013410112;0.40276;0.279043;0.996439 0.0354182 0.0765141 -0.130186 -0.046883 0.987009 0.153671 0.0586017 -0.0700773 -0.156711 0.985155 -0.27047 0 0 0 1 
26456013410113;0.220143;0.222123;0.979931 0.196509 -0.0334635 0.0423299 -0.196708 0.980458 -0.00274228 0.178822 0.0322707 0.00926979 0.999436 0.0959101 0 0 0 1 
26456013410114;0.883586;0.348556;0.970834 -0.13434 0.19858 -0.558347 0.117462 0.98857 0.0945118 -0.0598195 -0.209006 -0.0684297 0.975517 0.336553 0 0 0 1 
26456013410115;0.901703;0.240667;0.997319 0.0100728 -0.0724768 -0.0331508 0.00163081 0.987174 0.159638 0.168229 0.0731552 -0.159328 0.984511 0.737308 0 0 0 1 
26456013410116;0.0971774;0.20259;0.99961 0.0277504 -0.0031468 0.0070913 -0.0276577 0.999268 0.0264296 0.195224 0.00387793 -0.0263322 0.999646 0.0249555 0 0 0 1 
26456013410117;0.308242;0.194657;0.999317 0.036851 0.00286419 -0.0332937 -0.0369609 0.995633 0.0857239 0.185524 0.000307331 -0.0857712 0.996315 -0.176014 0 0 0 1 
26456013410118;0.617996;0.539544;0.948842 -0.234808 0.211103 -0.371947 0.221638 0.971473 0.0843636 0.386904 -0.22489 -0.0332591 0.973816 -0.45354 0 0 0 1 
26456013410119;0.836682;0.417724;0.987145 -0.156438 0.0327537 -0.0855442 0.152454 0.983141 0.100952 0.173555 -0.0479942 -0.0946606 0.994352 -0.712756 0 0 0 1 
26456013410120;1.27194;0.253415;0.998911 0.0431548 -0.0177555 0.497353 -0.0404144 0.990269 0.13317 0.266311 0.0233296 -0.132308 0.990934 -0.771501 0 0 0 1 
26456013410121;0.539915;0.398431;0.959858 -0.270647 -0.073641 0.26639 0.271172 0.962526 -0.00296677 0.319222 0.0716844 -0.0171217 0.99728 -0.440718 0 0 0 1 
26456013410122;0.715537;0.300102;0.998818 0.0478327 0.0086758 0.125957 -0.0483107 0.996545 0.0675513 0.257299 -0.00541467 -0.0678906 0.997678 -0.551511 0 0 0 1 
26456013410124;1.54152;0.075414;0.85978 0.496913 -0.11771 -0.497435 -0.50533 0.861117 -0.0558418 -0.43437 0.0736139 0.107494 0.991477 0.192694 0 0 0 1 
26456013410125;0.0901978;0.114116;0.995654 0.0927776 -0.00803473 0.107872 -0.0929544 0.995344 -0.025495 -0.0982993 0.00563196 0.0261311 0.999643 0.0109391 0 0 0 1 
26456013410126;2.04591;0.127773;0.949155 0.276274 -0.150923 0.161877 -0.262653 0.959253 0.104147 -0.219431 0.173547 -0.0592115 0.983044 -0.7061 0 0 0 1 
26456013410127;0.892171;0.181933;0.99756 -0.00244019 0.0697773 0.0131053 0.00485685 0.999393 -0.0344853 0.517643 -0.0696509 0.03474 0.996966 -0.127187 0 0 0 1 
26456013410128;1.22747;0.116694;0.999274 0.0378372 -0.00440576 -0.128672 -0.0380054 0.998121 -0.0480558 0.0521393 0.00257919 0.0481883 0.998835 -0.552741 0 0 0 1 
26456013410129;0.476134;0.0919934;0.970989 0.131069 0.200002 -0.0736641 -0.113995 0.988961 -0.0946682 -0.215544 -0.210202 0.0691226 0.975211 -0.114969 0 0 0 1 
26456013410130;2.09219;0.114101;0.97415 0.202412 0.100304 0.249886 -0.206097 0.978138 0.0277494 0.103964 -0.0924947 -0.0477045 0.99457 0.705643 0 0 0 1 
26456013410131;1.46172;0.171754;0.995797 0.0914573 0.00495905 -0.305948 -0.0911312 0.99476 -0.0463512 -0.226681 -0.00917222 0.0457044 0.998913 0.590854 0 0 0 1 
26456013410132;0.769284;0.324061;0.99321 -0.0512451 0.104443 -0.208126 0.0370955 0.990398 0.133177 0.206273 -0.110264 -0.128399 0.985574 0.0648735 0 0 0 1 
26456013410133;1.34603;0.144284;0.999711 -0.0124177 0.0206055 -0.0383472 0.0113891 0.998719 0.0493039 0.373083 -0.0211913 -0.049055 0.998571 0.474881 0 0 0 1 
26456013410134;1.62064;0.302026;0.993944 -0.0326233 0.104934 0.215344 0.0330092 0.999453 -0.00194259 0.245059 -0.104813 0.00539462 0.994477 -0.812266 0 0 0 1 
26456013410135;0.477389;0.0657279;0.996043 0.0789055 0.0408987 0.0362807 -0.078938 0.996879 -0.000820307 -0.0220707 -0.0408358 -0.0024114 0.999163 -0.277771 0 0 0 1 
26456013410136;1.0412;0.181198;0.966466 -0.240237 -0.0907192 -0.55922 0.237888 0.970624 -0.0360332 0.585049 0.0967107 0.0132439 0.995224 0.370506 0 0 0 1 
26456013410137;1.90811;0.20326;0.995221 -0.0948477 0.0232166 -0.0167892 0.0955271 0.99497 -0.0301511 0.0807897 -0.02024 0.0322248 0.999276 0.878627 0 0 0 1 
26456013410138;0.964836;0.210637;0.966886 0.244626 -0.0727322 0.0693879 -0.250792 0.963545 -0.0931963 -0.288307 0.0472825 0.108351 0.992988 0.586507 0 0 0 1 
26456013410139;1.47225;0.199109;0.931953 0.359889 -0.0440949 0.625378 -0.361969 0.930532 -0.0555742 -0.815072 0.0210312 0.0677535 0.99748 -0.216462 0 0 0 1 
26456013410140;1.16137;0.258097;0.992842 0.11941 -0.00228365 0.239269 -0.119429 0.992771 -0.0119262 -0.558105 0.000843026 0.0121136 0.999926 0.193575 0 0 0 1 
26456013410141;0.944233;0.13918;0.990111 0.140232 -0.0038969 -0.0958803 -0.140246 0.990111 -0.00340813 -0.551397 0.00338043 0.00392095 0.999987 -0.220877 0 0 0 1 
26456013410142;1.84842;0.16972;0.942391 0.184564 -0.27899 -0.704297 -0.238002 0.956004 -0.171499 -0.312957 0.235063 0.22802 0.944856 0.541743 0 0 0 1 
26456013410143;0.46443;0.196727;0.936329 0.348518 0.0426923 -0.0112264 -0.351043 0.926573 0.135024 -0.563103 0.00750076 -0.141413 0.989922 0.119059 0 0 0 1 
26456013410144;0.759937;0.153085;0.972312 -0.0240516 -0.232444 -0.0468097 -0.0434659 0.958717 -0.281019 0.401169 0.229607 0.283341 0.931127 0.357081 0 0 0 1 
26456013410145;0.437138;0.267989;0.988274 -0.0213865 0.151188 -0.128756 -0.0121218 0.976029 0.217303 0.0386213 -0.152211 -0.216587 0.964325 -0.290365 0 0 0 1 
26456013410146;1.81332;0.135759;0.998198 0.0595385 -0.00741323 -0.442079 -0.0588254 0.995498 0.0743248 0.0749712 0.011805 -0.0737548 0.997207 0.669362 0 0 0 1 
26456013410147;0.897776;0.38467;0.997483 0.062161 0.034114 0.234873 -0.0520425 0.96858 -0.243195 -0.0200853 -0.0481594 0.240808 0.969377 0.169894 0 0 0 1 
26456013410148;0.647101;0.335094;0.994504 -0.100733 -0.0285433 -0.186078 0.102947 0.990485 0.0913328 0.0754921 0.0190715 -0.0937692 0.995411 0.196648 0 0 0 1 
26456013410149;0.510162;0.153403;0.891788 0.446973 -0.0702091 -0.0381595 -0.452267 0.885074 -0.109996 -0.509194 0.0129748 0.129847 0.991449 0.123156 0 0 0 1 
26456013410150;1.62937;0.0948407;0.943753 -0.0201112 0.330038 0.0145864 0.133342 0.936534 -0.324228 0.932177 -0.302571 0.349999 0.886539 -0.714262 0 0 0 1 
26456013410151;0.991097;0.144888;0.974284 -0.146093 0.171547 -0.36933 0.172327 0.973619 -0.149562 0.365266 -0.145172 0.175278 0.973757 -0.555097 0 0 0 1 
26456013410152;0.386143;0.175878;0.993004 0.113283 -0.0333079 0.0562812 -0.114957 0.991925 -0.0535635 0.0352262 0.0269711 0.0570178 0.998009 -0.0963585 0 0 0 1 
26456013410153;1.24713;0.101681;0.931942 0.359966 0.0436782 -0.244024 -0.362394 0.92874 0.0781882 -0.293347 -0.0124206 -0.0886956 0.995981 0.312369 0 0 0 1 
26456013410155;0.44177;0.125552;0.979271 0.185486 -0.0813788 -0.0513736 -0.198909 0.956492 -0.213444 -0.260942 0.0382472 0.225207 0.97356 0.0632603 0 0 0 1 
26456013410156;0.559197;0.380569;0.99815 -0.0578755 -0.0186133 -0.304871 0.0557523 0.993489 -0.0993582 0.0296555 0.0242425 0.0981366 0.994878 0.494129 0 0 0 1 
26456013410157;0.798739;0.603052;0.997913 0.0277165 -0.0583253 0.182485 -0.0277291 0.999615 0.000592844 -0.259101 0.0583193 0.0010257 0.998297 -0.190204 0 0 0 1 
26456013410158;0.506235;0.14813;0.980521 0.172835 0.0933128 0.0932898 -0.153678 0.970928 -0.183528 0.249643 -0.12232 0.165612 0.978576 -0.243758 0 0 0 1 
26456013410159;0.771683;0.226214;0.998282 0.0546502 -0.0211489 0.265676 -0.0580387 0.971906 -0.228103 0.610863 0.00808886 0.228939 0.973407 0.122376 0 0 0 1 
26456013410160;0.731372;0.572638;0.998246 -0.0432983 -0.0403642 -0.152771 0.0408707 0.997413 -0.0591408 0.165108 0.0428205 0.0573873 0.997433 -0.511756 0 0 0 1 
26456013410161;0.152345;0.246068;0.998663 -0.0160395 0.0491523 -0.205336 0.0190625 0.997915 -0.0616653 -0.00187733 -0.0480607 0.0625197 0.996886 -0.149862 0 0 0 1 
26456013410162;0.843744;0.569033;0.90759 -0.0986524 -0.408103 0.123436 0.0873746 0.995102 -0.0462355 0.496791 0.410665 0.00630513 0.911765 0.863234 0 0 0 1 
26456013410163;0.17304;0.30815;0.989134 -0.0724709 -0.127912 -0.133539 0.0511417 0.985335 -0.162785 0.112921 0.137834 0.154474 0.978335 0.207092 0 0 0 1 
26456013410164;1.05704;0.280962;0.993973 -0.0507114 -0.0971925 -0.0797666 0.0523777 0.99852 0.0146687 -0.0841836 0.0963048 -0.019671 0.995157 -0.863673 0 0 0 1 
26456013410165;1.01882;0.904479;0.995049 -0.0694364 -0.0711005 -0.467022 0.0754215 0.993499 0.0852754 0.434803 0.064717 -0.0902157 0.993817 0.138474 0 0 0 1 
26456013410166;0.386158;0.307986;0.968099 -0.063763 -0.242318 0.159771 -0.0210494 0.942965 -0.332225 0.415926 0.249682 0.326727 0.911542 0.140184 0 0 0 1 
26456013410167;0.362618;0.274503;0.994766 0.0210397 -0.0999905 -0.184116 0.0225302 0.909323 0.415481 -0.550479 0.0996653 -0.415559 0.904089 0.103916 0 0 0 1 
26456013410168;0.272737;0.399914;0.961914 -0.0513726 -0.268482 -0.117729 0.0491926 0.998679 -0.0148452 -0.20268 0.26889 0.00107249 0.96317 0.111432 0 0 0 1 
26456013410169;0.677811;0.246088;0.998082 -0.0426168 -0.0448981 -0.18748 0.0424362 0.999087 -0.0049679 -0.295578 0.0450688 0.00305307 0.998979 0.505336 0 0 0 1 
26456013410170;0.704368;0.462666;0.999564 0.0294878 -0.001176 -0.084792 -0.0294645 0.999431 0.0164267 -0.703642 0.00165972 -0.0163849 0.999864 0.115167 0 0 0 1 
26456013410171;1.02478;0.36254;0.963281 -0.132488 -0.233531 -0.375777 0.145282 0.988645 0.0383837 -0.01046 0.225794 -0.0709022 0.971592 0.0115037 0 0 0 1 
26456013410172;0.366617;0.315746;0.966687 -0.0422925 -0.252444 -0.0315782 0.056706 0.997133 0.0500933 -0.102264 0.249602 -0.0627396 0.966314 -0.0907936 0 0 0 1 
26456013410173;0.895873;0.142716;0.987044 0.149998 -0.0569603 -0.341497 -0.14802 0.988273 0.0375095 -0.594676 0.0619187 -0.0285922 0.997672 0.532909 0 0 0 1 
26456013410174;0.457447;0.271444;0.998984 -0.0448614 -0.00424479 -0.236484 0.0447126 0.99854 -0.0303171 0.171108 0.00559866 0.0300965 0.999531 0.0472777 0 0 0 1 
26456013410175;0.623034;0.281365;0.996624 -0.0447301 -0.0688484 -0.15428 0.0467655 0.998507 0.0282394 -0.0157165 0.0674824 -0.0313638 0.997227 -0.516916 0 0 0 1 
26456013410176;0.235307;0.219463;0.98835 -0.046612 -0.144884 -0.111969 0.0458544 0.998911 -0.00856574 0.0802037 0.145125 0.0018224 0.989412 0.110999 0 0 0 1 
26456013410177;0.877512;0.346377;0.999506 0.0311834 -0.00396638 0.101806 -0.031215 0.999479 -0.00815391 0.598093 0.00371005 0.00827369 0.999959 0.0602408 0 0 0 1 
26456013410178;0.197683;0.242835;0.996608 -0.0616316 -0.0545341 -0.237269 0.0618015 0.998087 0.00143382 0.0862461 0.0543414 -0.00479924 0.998511 -0.0290831 0 0 0 1 
26456013410179;0.15124;0.337295;0.997034 -0.0248195 0.0728535 -0.306017 0.0155384 0.991997 0.1253 -0.124643 -0.0753803 -0.123796 0.98944 0.00821439 0 0 0 1 
26456013410180;0.554153;0.562177;0.999978 -0.00225681 0.00626744 -0.0829579 0.0034933 0.978772 -0.204921 0.322859 -0.00567193 0.204938 0.978759 0.00464984 0 0 0 1 
26456013410181;0.475904;0.308428;0.999191 -0.0140612 0.0376844 -0.295212 0.00121658 0.94704 0.321114 -0.732726 -0.0402039 -0.320808 0.946291 -0.0634024 0 0 0 1 
26456013410182;0.72307;0.273741;0.995091 -0.0906845 0.0396212 -0.707906 0.0945518 0.98941 -0.110131 0.134782 -0.0292145 0.113336 0.993127 0.252605 0 0 0 1 
26456013410183;0.714484;0.23307;0.999095 0.0376275 0.0198242 -0.356608 -0.026902 0.920137 -0.390672 0.0743188 -0.032941 0.389785 0.920317 0.458001 0 0 0 1 
26456013410184;0.435457;0.42553;0.999702 -0.0155614 0.0187954 -0.123382 0.0167599 0.997719 -0.0653901 0.204889 -0.0177349 0.0656857 0.997683 -0.171686 0 0 0 1 
26456013410186;2.57906;1.82814;0.991223 0.112404 -0.0695832 0.165133 -0.120642 0.98435 -0.128453 -0.502777 0.0540556 0.13572 0.989271 -0.49654 0 0 0 1 
26456013410187;0.634766;0.951263;0.709103 -0.687786 0.155314 0.110651 0.704751 0.684367 -0.186995 1.48359 0.0223208 0.242057 0.970005 -0.194234 0 0 0 1 
26456013410188;1.09866;1.28514;0.978362 0.00601715 -0.206811 0.59561 0.0532922 0.95852 0.279998 -0.214674 0.199917 -0.284961 0.937459 0.105381 0 0 0 1 
26456013410189;0.60767;0.861283;0.890221 -0.454118 0.0358368 -0.00954665 0.455439 0.885718 -0.0898821 0.927668 0.0090757 0.0963364 0.995307 -0.0725153 0 0 0 1 
26456013410190;1.29465;2.19562;0.380217 -0.713267 0.5888 -0.747129 0.817173 0.557241 0.147348 1.77864 -0.433202 0.425127 0.794735 -0.875932 0 0 0 1 
26456013410191;1.28532;1.53245;0.84838 -0.519256 0.103074 0.278623 0.528007 0.844025 -0.0939683 0.633369 -0.0382037 0.134145 0.990225 -0.386986 0 0 0 1 
26456013410192;1.88351;1.0303;0.990526 -0.137318 -0.00134554 0.787684 0.136079 0.980183 0.14396 0.604747 -0.0184493 -0.142779 0.989583 0.376723 0 0 0 1 
26456013410193;1.11745;1.27589;0.795428 -0.602321 -0.0671151 0.17951 0.602497 0.797874 -0.0198612 1.16355 0.0655122 -0.0246385 0.997548 -0.232909 0 0 0 1 
26456013410194;2.37375;1.54585;0.682952 -0.719154 0.12804 0.928684 0.728968 0.682212 -0.056505 0.965209 -0.0467146 0.131927 0.990158 -0.498179 0 0 0 1 
26456013410195;1.70586;1.49021;0.760803 -0.639468 0.110721 0.429133 0.648861 0.74621 -0.148831 1.3509 0.0125514 0.185073 0.982645 -0.677672 0 0 0 1 
26456013410196;0.514644;1.31094;0.860116 -0.508846 0.0357287 0.480863 0.50653 0.860271 0.0579798 0.813874 -0.0602391 -0.0317717 0.997678 0.0959181 0 0 0 1 
26456013410197;2.7645;2.15396;0.706927 -0.47901 -0.520388 -0.375485 0.593876 0.801602 0.0688948 0.923903 0.384143 -0.35775 0.851146 0.626805 0 0 0 1 
26456013410198;2.3433;1.42086;0.736691 -0.675082 -0.0393827 1.00122 0.675113 0.737571 -0.0145167 0.666127 0.0388475 -0.0158935 0.999119 0.197692 0 0 0 1 
26456013410199;2.04036;0.79661;0.842723 -0.535892 -0.0513555 0.377609 0.523327 0.837852 -0.155348 1.01969 0.126278 0.10404 0.986524 -0.59033 0 0 0 1 
26456013410200;2.25828;2.52159;0.581628 -0.795346 0.170687 -0.533179 0.749931 0.60556 0.266272 1.65869 -0.315139 -0.0268676 0.948665 -0.463993 0 0 0 1 
26456013410201;2.32984;1.45769;0.661167 -0.716224 0.223342 -0.496906 0.731956 0.681129 0.0174433 1.65889 -0.164618 0.151944 0.974584 -0.610495 0 0 0 1 
26456013410202;0.574695;1.41809;0.802351 -0.596013 0.0316554 0.278703 0.596143 0.802854 0.00618282 1.05639 -0.0290997 0.0139104 0.99948 0.0665187 0 0 0 1 
26456013410203;2.04835;1.40867;0.738476 -0.674138 0.0138623 0.997289 0.614282 0.6811 0.398448 0.441536 -0.27805 -0.285729 0.917086 0.0151413 0 0 0 1 
26456013410204;0.669991;1.10779;0.998327 -0.0577028 0.00376611 0.414315 0.0542793 0.957569 0.283046 -0.0170172 -0.0199388 -0.282368 0.959099 -0.101618 0 0 0 1 
26456013410205;0.908947;1.44112;0.818567 -0.574071 0.019737 0.191092 0.574072 0.818781 0.00618218 1.15864 -0.0197093 0.00626993 0.999786 -0.115513 0 0 0 1 
26456013410206;1.79634;2.06427;0.989658 0.0487333 -0.134912 0.246176 -0.018735 0.976378 0.215258 -0.295972 0.142215 -0.210504 0.967193 0.0925292 0 0 0 1 
26456013410207;0.232642;1.26317;0.789413 -0.613824 -0.00686599 0.311942 0.613818 0.78917 0.0209625 1.07933 -0.00744884 -0.0207625 0.999757 -0.0672298 0 0 0 1 
26456013410208;2.37807;1.12026;0.849278 -0.482998 0.213168 -0.00651778 0.526654 0.803309 -0.278082 1.32548 -0.0369263 0.348435 0.936605 -0.969477 0 0 0 1 
26456013410209;2.64335;1.6555;0.84001 -0.540581 -0.0464363 1.36018 0.54074 0.827074 0.153458 0.172648 -0.0445501 -0.154016 0.987064 -0.0861338 0 0 0 1 
26456013410210;2.26073;1.74175;0.635927 -0.6695 0.383885 -0.642033 0.764217 0.615615 -0.192329 1.70362 -0.107561 0.415678 0.903129 -0.343958 0 0 0 1 
26456013410211;1.42407;1.24039;0.71964 -0.686055 0.106987 -0.474165 0.687712 0.725502 0.0264385 1.56265 -0.0957577 0.0545502 0.993909 -0.34379 0 0 0 1 
26456013410212;1.48789;1.24037;0.917568 -0.352933 -0.183051 0.15177 0.339881 0.935199 -0.09942 0.450261 0.206277 0.0290092 0.978063 0.0733239 0 0 0 1 
26456013410213;1.60061;1.26079;0.585487 -0.791059 0.177285 -0.759542 0.80582 0.543974 -0.233979 2.04578 0.088653 0.279851 0.955941 0.0479064 0 0 0 1 
26456013410214;1.7042;1.31844;0.747757 -0.663475 0.0256846 -0.160281 0.661917 0.741845 -0.107385 1.58991 0.0521932 0.0972989 0.993886 0.315141 0 0 0 1 
26456013410215;0.754244;1.38316;0.997444 -0.0365707 0.0613904 0.637038 0.0443499 0.990448 -0.13056 0.302249 -0.0560293 0.132949 0.989538 -0.273339 0 0 0 1 
26456013410217;1.32332;1.45678;0.888676 -0.208132 -0.408578 0.0615093 0.196912 0.977928 -0.0698686 0.180913 0.414102 -0.0183634 0.910045 0.346941 0 0 0 1 
26456013410218;1.34012;1.68728;0.992133 0.0256362 0.122539 -0.136806 -0.0574217 0.962962 0.263453 -0.301408 -0.111247 -0.268416 0.956858 -0.1262 0 0 0 1 
26456013410219;0.65608;0.0610176;0.911434 0.409667 -0.0382233 -0.376412 -0.41116 0.903389 -0.121803 -0.109272 -0.015368 0.126731 0.991818 -0.0849477 0 0 0 1 
26456013410220;1.46371;0.670719;0.934554 -0.30969 0.175214 -0.0433629 0.331757 0.936398 -0.114439 0.860098 -0.128629 0.165078 0.977857 -0.0971803 0 0 0 1 
26456013410221;1.60635;2.02676;0.944072 -0.107833 -0.311609 0.00625932 0.0811494 0.991931 -0.0974034 0.261435 0.319598 0.0666689 0.945205 0.275664 0 0 0 1 
26456013410222;2.32392;0.561432;0.98273 -0.16438 0.08498 0.106805 0.183174 0.929307 -0.320681 0.105004 -0.026259 0.330708 0.943368 -0.937037 0 0 0 1 
26456013410223;1.20647;0.974612;0.9908 0.131419 -0.0323253 -0.00997846 -0.126222 0.983497 0.129624 0.0820693 0.0488269 -0.124351 0.991036 0.120718 0 0 0 1 
26456013410224;0.781646;0.0901327;0.942903 0.138471 0.302919 -0.39884 -0.203053 0.959908 0.193253 -0.241173 -0.264014 -0.243727 0.933217 -0.351032 0 0 0 1 
26456013410225;1.91639;0.951816;0.994564 0.0922188 -0.0483461 0.116461 -0.0652863 0.914013 0.400398 -0.83074 0.0811131 -0.395065 0.915065 -0.159443 0 0 0 1 
26456013410226;0.740714;0.105832;0.966697 0.252308 0.0428683 -0.336676 -0.25121 0.967486 -0.0294154 0.0226085 -0.0488962 0.0176668 0.998648 -0.0538105 0 0 0 1 
26456013410227;0.854149;0.773943;0.999859 0.0100768 0.0134309 -0.0316323 -0.00906122 0.997244 -0.0736393 -0.0186305 -0.0141359 0.0735073 0.997194 -0.0280289 0 0 0 1 
26456013410228;0.477964;0.100678;0.96664 -0.0807641 -0.243072 0.215416 0.0249973 0.974203 -0.224284 0.288013 0.254916 0.210726 0.943723 0.0597851 0 0 0 1 
26456013410229;0.488387;0.135357;0.899873 -0.210859 -0.381796 0.336368 0.273549 0.954654 0.117502 -0.00020435 0.339707 -0.210177 0.916747 0.346906 0 0 0 1 
26456013410230;0.907029;0.199793;0.987461 0.0586959 0.146547 -0.233603 -0.0741084 0.992017 0.102027 0.0436472 -0.139388 -0.111608 0.983928 -0.330822 0 0 0 1 
26456013410231;2.37848;0.108515;0.973815 -0.135043 -0.182887 0.350939 0.193154 0.915735 0.352309 -0.481688 0.1199 -0.378409 0.91784 -0.600637 0 0 0 1 
26456013410232;0.758672;0.138992;0.999555 0.0295977 0.00381176 0.169553 -0.0296962 0.999136 0.0290746 -0.050684 -0.00294793 -0.0291748 0.99957 -0.196761 0 0 0 1 
26456013410233;0.876115;0.102882;0.999192 -0.0378195 0.0136339 0.00416802 0.03718 0.99832 0.0444467 0.334893 -0.015292 -0.0439038 0.998919 0.0622276 0 0 0 1 
26456013410234;0.436918;0.0579319;0.990863 0.127025 0.0453377 -0.0929006 -0.13472 0.948206 0.287672 -0.39702 -0.00644784 -0.291151 0.956655 0.286655 0 0 0 1 
26456013410235;0.42537;0.125655;0.941996 0.00578181 0.335575 -0.372879 0.0330489 0.993394 -0.109887 0.0445538 -0.333994 0.114604 0.935582 -0.335019 0 0 0 1 
26456013410236;1.61117;0.241772;0.975872 0.0847826 0.201213 -0.214278 -0.114839 0.983076 0.142734 -0.151203 -0.185706 -0.162397 0.969093 -0.69121 0 0 0 1 
26456013410237;1.76467;1.28042;0.960061 0.146941 0.238099 -0.182926 -0.197985 0.95809 0.207038 -0.0865324 -0.197698 -0.245909 0.948917 -0.140673 0 0 0 1 
26456013410238;1.19544;0.0950197;0.909406 0.402241 -0.105746 0.133109 -0.342684 0.868753 0.357542 -0.436494 0.235686 -0.288913 0.927891 0.00605961 0 0 0 1 
26456013410239;0.73293;0.0939714;0.894313 -0.341757 -0.2888 0.333502 0.356431 0.93432 -0.00190398 0.310972 0.270482 -0.101235 0.957388 0.0608187 0 0 0 1 
26456013410240;1.79116;1.87308;0.996647 -0.00691697 -0.0815343 0.041221 0.0237716 0.977922 0.207614 0.0547481 0.0782981 -0.208856 0.974807 0.17627 0 0 0 1 
26456013410241;1.92987;0.764513;0.998315 0.0400013 0.0420399 0.411902 -0.0374854 0.997553 -0.0590198 -0.0390772 -0.0442979 0.0573444 0.997371 0.128345 0 0 0 1 
26456013410242;1.40722;0.106995;0.93853 0.283652 0.196729 -0.250867 -0.340819 0.851896 0.397638 -0.463507 -0.0548019 -0.440244 0.896204 -0.32823 0 0 0 1 
26456013410243;0.583238;0.111843;0.922951 -0.341827 0.176961 -0.141329 0.365475 0.922497 -0.12421 0.35 -0.120788 0.179315 0.976349 -0.247913 0 0 0 1 
26456013410244;0.533279;0.0630963;0.995289 0.0540658 0.0804791 -0.0685855 -0.0537073 0.998535 -0.00661385 0.017522 -0.0807188 0.00226038 0.996734 0.148271 0 0 0 1 
26456013410245;0.736282;0.110069;0.971532 -0.174902 0.159795 -0.234694 0.212572 0.941346 -0.262071 0.341413 -0.104586 0.288579 0.951727 0.0719539 0 0 0 1 
26456013410246;1.05866;0.695895;0.992908 -0.112036 0.0397794 0.0273158 0.118314 0.964008 -0.238099 0.157172 -0.0116721 0.241117 0.970426 -0.241252 0 0 0 1 
26456013410248;1.23759;0.457791;0.940199 -0.172148 -0.293923 -0.109689 0.219219 0.966247 0.135316 -0.0380569 0.260708 -0.191657 0.946202 1.1297 0 0 0 1 
26456013410249;1.46586;0.591815;0.992915 0.116411 -0.0238342 -0.44953 -0.0982981 0.917387 0.385667 -0.229528 0.066761 -0.380592 0.92233 0.8428 0 0 0 1 
26456013410250;0.412958;0.571157;0.989365 0.0137302 -0.144802 -0.335811 -0.0300568 0.993346 -0.111175 0.0414265 0.142312 0.114345 0.983195 0.285394 0 0 0 1 
26456013410251;1.34871;0.400859;0.986279 0.161841 0.0325679 -0.213251 -0.159688 0.985317 -0.0604257 -0.312537 -0.041869 0.0543959 0.997641 0.778428 0 0 0 1 
26456013410252;1.49487;1.02946;0.985771 -0.0965328 -0.137611 0.046275 0.162735 0.753118 0.637441 -0.72352 0.0421035 -0.650765 0.758111 -0.235996 0 0 0 1 
26456013410253;0.288077;0.399898;0.949931 0.308136 -0.0517998 -0.215723 -0.311331 0.947479 -0.0731806 -0.583853 0.0265297 0.0856434 0.995973 -0.17959 0 0 0 1 
26456013410254;0.399182;0.448385;0.933094 0.352555 0.0709928 -0.450161 -0.345322 0.933467 -0.0969087 -0.496317 -0.100435 0.0659095 0.992758 -0.353247 0 0 0 1 
26456013410255;1.26559;0.584273;0.98565 0.168288 0.0131262 -0.515597 -0.165139 0.977462 -0.131519 -0.406044 -0.0349635 0.127464 0.991227 0.640755 0 0 0 1 
26456013410256;0.836061;0.759516;0.93824 0.332944 -0.0940989 -0.0618538 -0.338165 0.939964 -0.0459592 -0.331885 0.0731478 0.0749417 0.994501 -0.101209 0 0 0 1 
26456013410257;1.31918;0.654485;0.965074 0.228657 -0.127862 -0.517463 -0.210576 0.967407 0.140646 -0.939708 0.155854 -0.108809 0.981769 -0.0417778 0 0 0 1 
26456013410258;1.48742;1.09964;0.966972 -0.227965 -0.114001 0.0408931 0.251843 0.923403 0.289657 0.418644 0.0392372 -0.308801 0.950317 0.408033 0 0 0 1 
26456013410259;1.01942;0.397495;0.853091 0.51649 -0.0739798 -0.840046 -0.508278 0.854675 0.105751 -0.519019 0.117848 -0.0526132 0.991637 0.235965 0 0 0 1 
26456013410260;0.460663;0.582496;0.976873 0.115998 -0.179618 -0.201045 -0.0287947 0.903767 0.427056 -0.418776 0.21187 -0.412007 0.886206 0.52398 0 0 0 1 
26456013410261;1.44656;0.406709;0.885938 0.319778 -0.335941 0.670478 -0.368936 0.924828 -0.0926199 -0.377195 0.28107 0.205996 0.937318 0.846049 0 0 0 1 
