#;prob_registration_l1 -r /home/probabilistic_point_clouds_registration/build/tester /home/point_clouds_registration_benchmark//devel/registration_pairs/p2at_met_local.txt /home/point_clouds_registration_benchmark//planetary/p2at_met -s 0.2 -t 0.2 -p 0.3 -r 1000 -m 15 -i 40 
id;initial_error;final_error;transformation
27844314100000;0.368279;0.340527;0.999515 3.96558e-05 0.0311494 0.0345747 -0.00435692 0.990347 0.138543 -0.0570683 -0.0308433 -0.138611 0.989866 -8.26636 0 0 0 1 
27844314100001;0.325629;0.124585;0.987503 0.0257048 -0.15549 0.68395 0.00352369 0.982762 0.184844 -0.284147 0.157561 -0.183082 0.970389 -7.77397 0 0 0 1 
27844314100002;0.342132;0.124082;0.930988 -0.03226 0.363622 -2.19701 -0.0725511 0.959866 0.270912 -3.00088 -0.357768 -0.278597 0.891283 -24.6546 0 0 0 1 
27844314100003;0.135271;0.123859;0.995099 -0.00832892 0.0985347 -0.269 -0.00885928 0.98493 0.172724 -0.347224 -0.0984884 -0.17275 0.980029 -12.5201 0 0 0 1 
27844314100004;0.89077;0.681713;0.985546 0.0427844 -0.163919 1.69264 0.000577951 0.96673 0.2558 -1.14081 0.16941 -0.252197 0.952731 -12.1935 0 0 0 1 
27844314100005;0.300669;0.281647;0.935236 0.0465889 -0.350945 -0.112021 -0.00174636 0.991898 0.127023 0.00325878 0.35402 -0.118184 0.927741 1.07693 0 0 0 1 
27844314100006;0.461976;0.415446;0.999885 0.0138743 0.00619933 0.89231 -0.014085 0.999276 0.0353545 -0.18408 -0.00570432 -0.0354378 0.999356 -2.03233 0 0 0 1 
27844314100007;1.17629;0.981179;0.999248 0.0195767 0.0334824 1.29211 -0.0225102 0.995723 0.0896095 -0.306235 -0.0315849 -0.0902958 0.995414 -4.70316 0 0 0 1 
27844314100008;0.519074;0.427001;0.999898 0.0130529 0.00575947 0.77727 -0.013248 0.999291 0.0352472 -0.238897 -0.00529531 -0.0353199 0.999362 -1.57146 0 0 0 1 
27844314100009;0.482706;0.470419;0.993204 -0.0160278 0.115275 -0.771699 0.0215444 0.998673 -0.0467703 0.246359 -0.114373 0.048936 0.992232 0.120656 0 0 0 1 
27844314100010;0.848926;0.074471;0.999012 0.0270833 -0.035231 1.63718 -0.0205984 0.984723 0.172903 -0.837702 0.0393756 -0.172007 0.984309 -11.3012 0 0 0 1 
27844314100011;0.370547;0.310993;0.981323 -0.00172761 -0.192358 -1.34344 -0.00968817 0.998247 -0.0583902 -0.597396 0.192121 0.0591632 0.979586 8.39064 0 0 0 1 
27844314100012;1.02719;0.41743;0.99188 0.00376916 -0.127119 -0.648603 -0.00894628 0.999152 -0.0401804 -0.393665 0.126859 0.0409914 0.991073 7.61412 0 0 0 1 
27844314100013;0.818365;0.709354;0.99875 0.0227677 -0.0444876 1.30579 -0.0182273 0.994828 0.0999263 -0.485853 0.0465326 -0.0989906 0.994 -5.56282 0 0 0 1 
27844314100014;0.722224;0.267358;0.998388 0.000568438 -0.0567538 -0.0719658 -0.00020452 0.999979 0.00641783 -0.0163785 0.0567562 -0.00639588 0.998368 -0.866054 0 0 0 1 
27844314100015;1.11358;0.619147;0.999526 -0.00176323 -0.0307216 0.0662014 0.000997713 0.999689 -0.0249154 -0.140311 0.0307559 0.024873 0.999217 -0.310882 0 0 0 1 
27844314100016;0.370882;0.069452;0.99252 -0.0185824 0.120659 -0.881604 0.066996 0.909133 -0.411083 -5.14623 -0.102057 0.416091 0.903578 21.74 0 0 0 1 
27844314100017;0.341055;0.235042;0.995405 -0.000176608 -0.0957553 -0.532543 0.0039708 0.999214 0.0394348 0.370544 0.0956731 -0.0396338 0.994623 0.0113421 0 0 0 1 
27844314100018;0.853373;0.275162;0.999546 0.0061066 0.0295156 0.546223 -0.00617611 0.999978 0.00226445 -0.0948017 -0.0295011 -0.00244571 0.999562 -2.97326 0 0 0 1 
27844314100019;0.871961;0.0904303;0.999967 0.00623214 0.00514337 0.576234 -0.00609817 0.999652 -0.0256625 -0.218827 -0.00530152 0.0256303 0.999657 -0.975163 0 0 0 1 
27844314100020;0.613803;0.616668;0.99637 0.0245296 -0.0815135 1.05953 -0.00485483 0.972398 0.233278 -0.785484 0.0849858 -0.232035 0.968988 -12.037 0 0 0 1 
27844314100021;0.300355;0.11985;0.948398 -0.0306034 -0.315603 -4.34097 0.0109933 0.997907 -0.0637296 -0.202196 0.316893 0.0569715 0.946749 10.7864 0 0 0 1 
27844314100022;0.628187;0.0697745;0.999941 0.00834087 0.00692162 0.636513 -0.00818546 0.99972 -0.0221851 -0.258281 -0.00710473 0.0221271 0.99973 -0.587678 0 0 0 1 
27844314100023;0.278091;0.0913847;0.996384 0.00572048 0.0847671 0.546652 -0.00210835 0.999088 -0.0426409 -0.252246 -0.0849337 0.042308 0.995488 -0.262467 0 0 0 1 
27844314100024;0.416131;0.282287;0.969043 -0.000606588 -0.246892 -1.56365 -0.00896772 0.999251 -0.0376531 -0.2579 0.24673 0.0387015 0.968311 7.23857 0 0 0 1 
27844314100025;0.365706;0.320378;0.991828 -0.00748473 -0.127359 -1.02331 0.00730654 0.999972 -0.00186622 0.168244 0.127369 0.000920414 0.991855 2.62371 0 0 0 1 
27844314100026;0.38807;0.173809;0.983192 -0.00830796 0.182388 -0.366003 -0.000605793 0.99881 0.0487625 -0.0474271 -0.182576 -0.0480534 0.982017 -7.94216 0 0 0 1 
27844314100027;0.827287;0.729142;0.980655 -0.0240286 -0.194262 -2.48936 -0.00146332 0.991509 -0.130028 -1.07466 0.195737 0.127797 0.972294 11.6664 0 0 0 1 
27844314100028;0.216847;0.168873;0.993508 -0.0196407 0.112052 -1.00632 0.033736 0.991543 -0.12532 -0.0537403 -0.108643 0.128287 0.985768 4.94376 0 0 0 1 
27844314100029;0.528223;0.397363;0.996932 0.0101576 0.0776138 0.873039 -0.00850627 0.999731 -0.0215778 -0.270087 -0.0778121 0.0208514 0.99675 -1.32098 0 0 0 1 
27844314100031;1.32944;0.652565;0.999764 -0.016053 -0.0146704 -0.105511 0.0159656 0.999854 -0.00605776 0.0171571 0.0147655 0.0058221 0.999874 2.6122 0 0 0 1 
27844314100032;1.35252;0.918239;0.950357 0.0528871 -0.306633 -1.16208 0.041353 0.955241 0.292923 1.47343 0.308401 -0.291062 0.905634 6.20185 0 0 0 1 
27844314100033;0.908498;0.529603;0.974817 0.0245901 -0.221648 -0.982064 0.0276519 0.972904 0.22955 1.09979 0.221287 -0.229898 0.947723 4.95112 0 0 0 1 
27844314100034;0.315932;0.266151;0.999922 0.0113965 0.00520507 -0.10348 -0.0114851 0.999784 0.0173258 -0.175944 -0.0050065 -0.0173842 0.999836 -0.158487 0 0 0 1 
27844314100035;0.38412;0.172912;0.999552 -0.00562754 -0.0294041 0.035495 0.00426216 0.998919 -0.0462929 -0.107397 0.0296328 0.0461469 0.998495 -0.474845 0 0 0 1 
27844314100036;0.255516;0.149446;0.996975 0.0222222 0.0744764 -0.0777071 -0.0345244 0.985146 0.168213 -0.0414681 -0.069632 -0.170276 0.982933 -0.132484 0 0 0 1 
27844314100037;0.704806;0.442194;0.999631 -0.019092 0.0193427 0.182568 0.0217051 0.989133 -0.145409 -0.134472 -0.0163563 0.145775 0.989183 0.157949 0 0 0 1 
27844314100038;1.02577;0.651841;0.996417 0.01272 0.083618 0.0494251 -0.0100571 0.999431 -0.0321903 0.0715535 -0.0839799 0.031234 0.995978 0.664214 0 0 0 1 
27844314100039;0.646323;0.228138;0.998298 -0.0118359 0.0570998 -0.0137668 0.0235307 0.977689 -0.208736 -0.205696 -0.0533553 0.209725 0.976304 0.12433 0 0 0 1 
27844314100040;0.526776;0.388273;0.95757 0.00657788 0.288125 -0.260559 0.00322043 0.999433 -0.0335199 -0.295314 -0.288182 0.0330256 0.957006 -4.02357 0 0 0 1 
27844314100041;0.240913;0.186031;0.986946 -0.0267187 -0.158822 -0.220909 0.0172247 0.997998 -0.0608567 -0.00209378 0.16013 0.0573266 0.98543 1.86699 0 0 0 1 
27844314100042;1.10623;0.749768;0.999657 -0.0117427 -0.0234177 0.140229 0.0128362 0.998807 0.047106 -0.242841 0.0228366 -0.0473904 0.998615 -0.905984 0 0 0 1 
27844314100043;0.537176;0.435566;0.951583 0.024641 0.306403 -0.336834 -0.110517 0.957555 0.266222 -1.03171 -0.286838 -0.287195 0.913916 -3.39553 0 0 0 1 
27844314100044;0.682374;0.377978;0.990891 -0.00916214 0.134355 0.251182 0.0280271 0.989867 -0.139202 -0.00784109 -0.131718 0.1417 0.981107 -1.10892 0 0 0 1 
27844314100045;0.577329;0.350055;0.996622 -0.0163577 -0.0804802 -0.0436492 0.012487 0.998752 -0.0483652 0.200548 0.0811709 0.0471969 0.995582 -0.0421696 0 0 0 1 
27844314100046;0.842689;0.560797;0.978286 0.0252208 -0.205718 -0.794911 0.00372852 0.990266 0.139136 -0.151112 0.207225 -0.136882 0.96867 3.47008 0 0 0 1 
27844314100047;0.331521;0.323509;0.999754 0.00351745 0.0219174 -0.0188812 -0.00291019 0.999613 -0.0276771 -0.0247495 -0.0220062 0.0276065 0.999377 -0.251979 0 0 0 1 
27844314100048;0.326512;0.236352;0.999708 -0.00528194 0.0235824 0.110239 0.00668686 0.998182 -0.0598992 -0.00786985 -0.0232232 0.0600394 0.997926 -0.0638096 0 0 0 1 
27844314100049;0.286094;0.166035;0.986904 0.00860901 -0.161081 -0.376986 -0.00295566 0.999372 0.0353031 -0.0154538 0.161284 -0.0343647 0.98631 1.63186 0 0 0 1 
27844314100050;1.23172;0.863661;0.999778 0.00540476 -0.0203514 -0.208349 -0.00502744 0.999815 0.018546 0.290971 0.0204479 -0.0184396 0.999621 1.83996 0 0 0 1 
27844314100051;0.428034;0.180036;0.999726 -0.00320029 -0.023182 -0.0676514 0.00280434 0.99985 -0.0170925 -0.0143913 0.0232332 0.0170228 0.999585 1.10861 0 0 0 1 
27844314100052;1.33827;0.858422;0.999532 -0.0105519 -0.0287211 0.305519 0.013776 0.99333 0.114481 -0.249335 0.0273216 -0.114823 0.99301 -1.05436 0 0 0 1 
27844314100053;1.32669;0.736997;0.970367 -0.00325682 0.241614 0.265635 -0.0335826 0.988387 0.148197 -0.44648 -0.239291 -0.15192 0.958989 -0.33323 0 0 0 1 
27844314100054;0.560805;0.200613;0.990604 -0.00170367 0.13675 0.033776 -0.00531685 0.998687 0.0509565 -0.257252 -0.136658 -0.0512048 0.989294 -0.429814 0 0 0 1 
27844314100055;0.956315;0.838531;0.999178 -0.00280884 0.0404368 0.0427977 0.00528942 0.998101 -0.0613692 0.178251 -0.0401876 0.0615327 0.997296 0.297921 0 0 0 1 
27844314100056;1.36899;1.00076;0.997984 -0.0159783 0.0614156 0.197043 0.0240081 0.990916 -0.13232 -0.299077 -0.0587435 0.133528 0.989302 -0.0201043 0 0 0 1 
27844314100057;0.0905846;0.0533506;0.990798 -0.00267554 0.135326 0.00512178 0.0036164 0.999971 -0.00670724 -0.0613953 -0.135304 0.00713491 0.990778 -1.64844 0 0 0 1 
27844314100058;0.707405;0.20701;0.999739 0.0194528 0.0120151 0.050175 -0.0194338 0.99981 -0.0017004 -0.0370269 -0.0120459 0.00146646 0.999926 -1.49057 0 0 0 1 
27844314100059;0.65531;0.206663;0.892543 -0.00343307 0.450949 -1.13714 -0.0529872 0.992246 0.112429 -0.754956 -0.447839 -0.124242 0.88544 -6.21486 0 0 0 1 
27844314100060;1.27536;0.375889;0.981524 0.0180045 0.190488 -0.252228 -0.00666448 0.998176 -0.0600054 -0.639979 -0.191221 0.0576273 0.979854 -4.88401 0 0 0 1 
27844314100062;0.6633;0.480252;0.999972 -0.00752876 -0.000131255 -0.225974 0.0075198 0.999381 -0.0343686 0.00112946 0.000389927 0.0343666 0.999409 0.483047 0 0 0 1 
27844314100063;1.6099;0.102221;0.994434 0.00789452 -0.105063 0.268095 -0.00911214 0.999897 -0.0111145 -0.0943074 0.104965 0.01201 0.994403 -0.415368 0 0 0 1 
27844314100064;1.94982;1.78348;0.998609 0.00135516 0.0527078 0.115515 0.00108704 0.998928 -0.0462784 0.0467235 -0.0527141 0.0462713 0.997537 1.35368 0 0 0 1 
27844314100065;1.77485;0.721825;0.989312 0.0244519 0.143749 0.951394 -0.0794451 0.917055 0.390766 -3.08559 -0.122271 -0.39801 0.909196 -15.9734 0 0 0 1 
27844314100066;1.08018;0.509743;0.997306 0.0188561 0.0708866 0.944069 -0.0227687 0.998238 0.0547991 -0.27711 -0.0697284 -0.0562655 0.995978 -3.90413 0 0 0 1 
27844314100067;1.0783;0.500421;0.999509 -0.00520698 0.0309029 -0.200597 0.00481153 0.999906 0.012857 0.189736 -0.0309669 -0.012702 0.99944 0.409191 0 0 0 1 
27844314100068;0.329721;0.295823;0.99989 0.0122494 0.00836214 0.406729 -0.0124605 0.999593 0.0256801 -0.0567635 -0.00804417 -0.0257814 0.999635 -1.04776 0 0 0 1 
27844314100069;0.992581;0.754139;0.917699 -0.016715 0.396924 -0.675185 0.0449052 0.997076 -0.0618339 0.41806 -0.394729 0.0745689 0.915766 -4.06435 0 0 0 1 
27844314100070;1.68809;1.13356;0.999771 0.00546964 -0.0207072 -0.0558614 -0.00498369 0.999713 0.0234473 -0.0110657 0.0208295 -0.0233387 0.999511 1.28379 0 0 0 1 
27844314100071;2.20263;0.908788;0.986829 0.0365581 -0.157584 0.970367 0.00469516 0.967246 0.253796 -0.614096 0.1617 -0.251193 0.954335 -8.10738 0 0 0 1 
27844314100072;0.844195;0.230636;0.919393 -0.0282285 -0.392325 -3.47319 -0.0237633 0.991613 -0.127036 -1.08231 0.392621 0.126119 0.911012 9.94087 0 0 0 1 
27844314100073;1.02691;0.530079;0.999375 0.0100102 0.0339111 0.202467 -0.0154353 0.986387 0.163716 0.151757 -0.0318106 -0.164137 0.985924 -4.32234 0 0 0 1 
27844314100074;0.384882;0.322277;0.998315 0.00372387 0.0579036 0.193599 -0.0133303 0.985965 0.166419 -0.0490372 -0.0564712 -0.16691 0.984354 -6.08875 0 0 0 1 
27844314100075;1.31596;0.617184;0.997858 0.00564175 -0.0651734 0.247167 -0.00763856 0.999508 -0.0304301 -0.180322 0.0649696 0.0308627 0.99741 0.23156 0 0 0 1 
27844314100076;1.20785;1.16809;0.999909 -0.00328998 0.0130774 -0.0601615 0.00305481 0.999834 0.0179623 0.139386 -0.0131343 -0.0179207 0.999753 -0.725825 0 0 0 1 
27844314100077;1.66098;0.457338;0.998075 0.0217408 -0.0580845 0.786858 -0.016909 0.996454 0.0824182 -0.266685 0.0596704 -0.0812774 0.994904 -3.82777 0 0 0 1 
27844314100078;1.89852;1.63523;0.999993 -0.000954272 -0.00349133 0.0473941 0.000941089 0.999992 -0.00377565 0.164637 0.0034949 0.00377234 0.999987 -0.867238 0 0 0 1 
27844314100079;1.7021;1.51826;0.99645 0.0058304 0.0839889 0.430435 -0.0152672 0.993573 0.112159 -0.116557 -0.0827952 -0.113043 0.990135 -3.85047 0 0 0 1 
27844314100080;1.10438;0.473726;0.97221 -0.011237 0.23384 -0.189033 -0.00688862 0.997042 0.0765522 -0.0139841 -0.234008 -0.0760357 0.969257 -6.88039 0 0 0 1 
27844314100081;0.430079;0.397407;0.999969 -0.00789552 3.01693e-06 -0.28391 0.00789501 0.999899 -0.0118353 0.121601 9.04294e-05 0.011835 0.99993 0.375216 0 0 0 1 
27844314100082;1.95213;1.4559;0.999286 0.0195052 0.0323599 0.507708 -0.0295397 0.937318 0.34722 -0.856146 -0.0235589 -0.347928 0.937225 -9.63256 0 0 0 1 
27844314100083;0.583263;0.259885;0.96587 0.00432215 0.258991 0.299504 -0.0251542 0.9967 0.0771758 -0.12773 -0.257803 -0.0810565 0.962792 -6.68939 0 0 0 1 
27844314100084;0.503644;0.454513;0.99099 -0.00194902 0.133922 0.157196 -0.0320707 0.967354 0.251392 -0.64174 -0.13004 -0.253422 0.958575 -9.93506 0 0 0 1 
27844314100085;0.720603;0.424567;0.997638 0.027672 0.0628755 1.10587 -0.0420489 0.969767 0.240383 -0.937894 -0.0543227 -0.242459 0.96864 -8.87123 0 0 0 1 
27844314100086;1.70425;1.40898;0.995919 0.0466641 -0.0772481 1.17057 -0.0194457 0.946798 0.321239 -0.959719 0.0881287 -0.318426 0.943842 -9.58223 0 0 0 1 
27844314100087;1.08193;0.873233;0.978168 -0.034321 -0.204962 -1.78355 0.00699023 0.991144 -0.132607 -0.480211 0.207698 0.128279 0.969745 5.89829 0 0 0 1 
27844314100088;1.41218;0.809818;0.998142 -0.0116539 0.0598027 -0.36297 0.0169957 0.995832 -0.0896073 -0.0791038 -0.0585092 0.0904572 0.99418 3.48104 0 0 0 1 
27844314100089;0.394008;0.345161;0.99857 0.00729434 -0.0529647 0.000510862 -0.00796347 0.999891 -0.0124336 -0.0748463 0.0528682 0.0128376 0.998519 1.07174 0 0 0 1 
27844314100090;1.35838;0.730447;0.990611 -0.0414921 -0.130265 -1.37277 0.00601636 0.96514 -0.261666 -1.46069 0.136581 0.258425 0.956327 8.32133 0 0 0 1 
27844314100091;1.04859;1.04373;0.999424 0.000491413 -0.0339203 -0.129658 0.00196467 0.997378 0.072336 0.200709 0.033867 -0.072361 0.996803 -1.84826 0 0 0 1 
27844314100093;0.967031;0.359225;0.993836 -0.0655623 -0.0893945 -6.47778 0.0527521 0.988914 -0.138806 0.163724 0.0975038 0.133235 0.986277 17.2521 0 0 0 1 
27844314100094;1.92323;0.152302;0.972211 0.054535 -0.227665 3.06871 -0.00856571 0.980124 0.198201 -0.815884 0.233948 -0.190743 0.953355 -8.21455 0 0 0 1 
27844314100095;0.873202;0.923107;0.99289 -0.02083 0.117203 -0.756395 -0.0194549 0.942938 0.332398 -4.70408 -0.117439 -0.332315 0.935828 -35.7519 0 0 0 1 
27844314100096;0.430323;0.708917;0.988813 0.0399348 -0.143718 3.35794 -0.0391639 0.999199 0.00819004 -1.28076 0.14393 -0.00246986 0.989585 4.74875 0 0 0 1 
27844314100097;1.73872;0.218026;0.999263 0.0383212 -0.00214513 4.74423 -0.0383069 0.999246 0.00637001 0.135506 0.00238762 -0.00628315 0.999977 0.934106 0 0 0 1 
27844314100098;0.721991;0.498211;0.999981 0.00219396 0.0058008 0.473895 -0.00303099 0.988911 0.14848 -0.763336 -0.00541071 -0.148495 0.988898 -13.8097 0 0 0 1 
27844314100099;0.836004;0.488326;0.992666 -0.111975 -0.0455666 -11.6488 0.114611 0.991593 0.0600685 3.67907 0.0384574 -0.0648504 0.997154 -5.13286 0 0 0 1 
27844314100100;2.4061;0.281801;0.999633 -0.0241655 -0.0122574 -2.02846 0.0265954 0.961611 0.273123 -0.724134 0.00518664 -0.273349 0.961901 -23.6308 0 0 0 1 
27844314100101;0.366989;0.23443;0.989961 -0.117942 -0.0778954 -11.8679 0.139509 0.90384 0.404488 -3.04236 0.0226987 -0.411295 0.91122 -39.3854 0 0 0 1 
27844314100102;1.52564;0.563302;0.964218 -0.125408 0.233575 -12.9094 0.174125 0.963938 -0.201258 0.581191 -0.199912 0.234727 0.951282 15.7568 0 0 0 1 
27844314100103;2.09748;0.378346;0.999931 0.00130879 -0.0117045 0.867653 -0.00124577 0.999985 0.00538994 -0.192117 0.0117114 -0.00537499 0.999917 -2.46389 0 0 0 1 
27844314100104;0.507469;0.364957;0.999058 0.0428037 -0.00718287 4.37131 -0.042717 0.999017 0.0118255 -1.50891 0.00768198 -0.0115075 0.999904 -1.364 0 0 0 1 
27844314100105;1.7041;2.07832;0.99927 -0.0272475 0.0267865 -2.06642 0.0312293 0.986348 -0.161685 -0.922808 -0.0220153 0.162403 0.986479 14.783 0 0 0 1 
27844314100106;0.621555;0.315452;0.975235 0.0224981 -0.220022 0.98808 -0.00179831 0.995586 0.0938314 -0.251336 0.221162 -0.0911121 0.970972 -1.48871 0 0 0 1 
27844314100107;0.153647;0.187654;0.996671 -0.0811488 -0.0078966 -7.96828 0.0811422 0.996702 -0.00115273 2.66385 0.0079641 0.000508144 0.999968 0.338766 0 0 0 1 
27844314100108;1.53872;0.216451;0.99882 0.0295101 -0.0385643 3.88146 -0.0345347 0.989983 -0.136901 -1.6006 0.034138 0.138072 0.989834 15.9367 0 0 0 1 
27844314100109;1.60611;0.814578;0.999318 -0.0164485 -0.0330592 -1.88542 0.0186393 0.997573 0.067091 0.433012 0.0318754 -0.0676615 0.997199 -6.89672 0 0 0 1 
27844314100110;2.36031;0.671074;0.999235 0.0385906 -0.00633986 5.05434 -0.0390114 0.994967 -0.0922937 -3.19647 0.00274628 0.0924704 0.995712 11.1137 0 0 0 1 
27844314100111;0.227132;0.262862;0.967501 0.0625053 -0.24502 4.27112 -0.0142784 0.980926 0.193857 -1.47301 0.252463 -0.184058 0.949939 -9.12179 0 0 0 1 
27844314100112;2.20462;2.03056;0.999194 -0.0364373 -0.0168717 -3.43317 0.0296788 0.953191 -0.300909 -4.30359 0.0270463 0.300166 0.953504 28.8707 0 0 0 1 
27844314100113;2.4063;0.155132;0.994 -0.0711512 0.0830767 -6.55478 0.0835545 0.984073 -0.156905 0.349045 -0.0705896 0.162905 0.984113 16.2267 0 0 0 1 
27844314100114;0.335195;0.362838;0.965409 -0.173479 0.194654 -16.9647 0.185816 0.981465 -0.0468806 4.61601 -0.182914 0.0814289 0.979751 1.25667 0 0 0 1 
27844314100115;1.83608;0.208605;0.998708 0.0506674 -0.00376584 7.09914 -0.0506075 0.998612 0.0145886 -1.05887 0.00449978 -0.0143792 0.999886 -0.742695 0 0 0 1 
27844314100116;1.89876;1.41474;0.978097 -0.0383869 0.204578 -3.41276 0.0197776 0.99554 0.092245 1.07158 -0.207206 -0.0861786 0.974494 -14.2864 0 0 0 1 
27844314100117;2.29451;0.789268;0.991567 0.0181206 -0.128323 1.17305 0.0153957 0.966694 0.255471 -1.43868 0.128679 -0.255293 0.958263 -17.815 0 0 0 1 
27844314100118;2.1601;2.10959;0.999899 0.000155003 0.014239 0.495332 0.000167907 0.999743 -0.0226738 0.396549 -0.0142389 0.0226739 0.999642 2.10849 0 0 0 1 
27844314100119;1.47956;0.798252;0.999574 0.0291762 -0.000212816 4.37 -0.0291318 0.998406 0.0483337 -1.57707 0.00162267 -0.0483069 0.998831 -5.79595 0 0 0 1 
27844314100120;0.852594;0.545465;0.97798 -0.0484499 -0.202997 -5.84379 0.00419167 0.977043 -0.213 -2.94147 0.208656 0.207459 0.955732 28.2474 0 0 0 1 
27844314100121;1.87824;0.700368;0.998185 -0.00588224 0.0599333 0.168994 0.00448555 0.999716 0.0234119 -0.0678676 -0.060054 -0.0231006 0.997928 -6.41955 0 0 0 1 
27844314100122;1.73464;0.124621;0.968873 -0.0264704 -0.246141 -2.77231 0.0239434 0.999625 -0.0132541 1.77419 0.2464 0.00694808 0.969143 8.42526 0 0 0 1 
27844314100124;0.405551;0.216708;0.997385 -0.0550481 -0.0468225 -4.85862 0.0597694 0.99254 0.106267 1.83777 0.0406234 -0.108788 0.993235 -7.84777 0 0 0 1 
27844314100125;0.438401;0.221051;0.906719 -0.100011 0.409706 -11.2312 0.146825 0.985559 -0.0843589 3.28872 -0.395353 0.136645 0.908309 -2.02175 0 0 0 1 
27844314100126;1.24567;0.201972;0.9772 -0.207101 -0.046783 -20.4586 0.203367 0.976301 -0.0740119 2.92814 0.0610023 0.0628104 0.996159 6.96155 0 0 0 1 
27844314100127;1.48846;1.2141;0.9995 -0.00801988 -0.0305777 -2.53532 0.0100292 0.99776 0.0661356 -0.987224 0.0299788 -0.0664092 0.997342 -2.49751 0 0 0 1 
27844314100128;1.19785;0.189063;0.996747 -0.0138775 -0.0793945 -1.85428 0.00932107 0.998303 -0.0574753 0.175098 0.0800574 0.0565482 0.995185 5.88816 0 0 0 1 
27844314100129;1.23822;0.210154;0.989952 0.140969 0.0110766 10.1787 -0.139897 0.9878 -0.0684057 -6.9423 -0.0205846 0.0661688 0.997596 6.3464 0 0 0 1 
27844314100130;0.532996;0.232934;0.982328 0.00290018 -0.187143 -1.00009 -0.0425679 0.977138 -0.2083 -3.84853 0.182261 0.212585 0.959994 24.6025 0 0 0 1 
27844314100131;0.768744;0.206449;0.984952 0.17145 -0.0218001 14.3872 -0.163221 0.964231 0.20885 -8.66264 0.0568276 -0.202149 0.977705 -14.8111 0 0 0 1 
27844314100132;0.304449;0.17681;0.989949 0.052244 -0.131418 3.44616 -0.0269276 0.981895 0.187502 -2.11556 0.138834 -0.182079 0.973433 -11.574 0 0 0 1 
27844314100133;0.242712;0.247095;0.971397 -0.103795 -0.213574 -11.3165 0.0285633 0.943954 -0.32884 -5.44268 0.235736 0.313334 0.919919 35.8468 0 0 0 1 
27844314100134;1.30166;0.244769;0.971505 0.0366092 0.234176 2.65198 -0.0336993 0.999297 -0.0164171 -1.22097 -0.234613 0.0080577 0.972056 -9.4975 0 0 0 1 
27844314100135;0.261851;0.197186;0.993279 -0.101481 0.0556603 -8.97894 0.0993543 0.994258 0.039742 3.17531 -0.0593738 -0.0339449 0.997659 -4.84904 0 0 0 1 
27844314100136;1.42144;0.204066;0.991398 0.130616 0.0082849 10.9825 -0.129214 0.986892 -0.0966893 -7.74328 -0.0208055 0.0947871 0.99528 9.45671 0 0 0 1 
27844314100137;1.20547;0.210271;0.945254 -0.296952 0.13533 -28.9812 0.324527 0.898972 -0.294164 -0.050099 -0.0343057 0.321978 0.946125 28.6501 0 0 0 1 
27844314100138;0.244336;0.202264;0.993797 0.0262938 -0.108055 1.56461 -0.0458059 0.982179 -0.182283 -4.01612 0.101336 0.186102 0.977291 19.7143 0 0 0 1 
27844314100139;1.59431;0.181169;0.998833 -0.0482904 -0.000768764 -3.45008 0.0482956 0.998787 0.00956033 -0.628945 0.000306159 -0.0095863 0.999954 -1.84754 0 0 0 1 
27844314100140;0.22734;0.214546;0.995257 -0.0962951 0.0137861 -8.79321 0.0965179 0.995194 -0.0165317 2.96569 -0.012128 0.0177839 0.999768 1.29306 0 0 0 1 
27844314100141;0.358346;0.248633;0.953008 -0.214682 -0.213749 -21.615 0.171565 0.963978 -0.203254 2.05819 0.249684 0.157031 0.95551 22.2804 0 0 0 1 
27844314100142;0.117962;0.23441;0.995416 0.093931 0.0179771 7.98908 -0.0928885 0.994318 -0.051986 -4.13743 -0.0227581 0.0500779 0.998486 3.78464 0 0 0 1 
27844314100143;1.8568;1.74282;0.999919 0.00304924 0.0123873 0.294522 -0.00163575 0.993644 -0.112555 -2.29407 -0.0126517 0.112525 0.993568 9.60719 0 0 0 1 
27844314100144;0.573265;0.253256;0.98735 -0.00174637 -0.158545 -1.95231 0.00508548 0.999774 0.0206577 0.662538 0.158473 -0.0212027 0.987136 3.61892 0 0 0 1 
27844314100145;0.564902;0.781313;0.993192 -0.0486222 -0.105857 -5.55051 0.0340738 0.99024 -0.135143 -0.635096 0.111395 0.130616 0.985155 15.6061 0 0 0 1 
27844314100146;0.457208;0.167079;0.999719 0.0139045 0.0191745 0.985682 -0.0145305 0.999353 0.0329076 -0.529169 -0.0187045 -0.033177 0.999274 -2.6314 0 0 0 1 
27844314100147;0.839697;0.206521;0.994491 -0.0436833 -0.0952873 -5.47712 0.0540757 0.99253 0.109362 1.61279 0.0897982 -0.113913 0.989424 -7.98537 0 0 0 1 
27844314100148;1.27087;0.187074;0.999347 -0.00200372 0.0360813 -1.78246 0.00789297 0.986457 -0.163831 -3.11908 -0.0352644 0.164008 0.985828 13.3862 0 0 0 1 
27844314100149;0.814525;0.363416;0.993741 0.00454011 0.111616 -0.261796 0.0521064 0.864977 -0.499099 -11.6286 -0.0988111 0.501791 0.859326 41.2027 0 0 0 1 
27844314100150;1.30625;1.05087;0.997339 0.0115553 0.0719815 -1.23178 0.0110112 0.952155 -0.305417 -6.80546 -0.0720667 0.305397 0.949494 23.3447 0 0 0 1 
27844314100151;1.21483;0.828059;0.986167 -0.0827494 0.14362 -7.51687 0.0846733 0.996382 -0.00732517 2.88083 -0.142495 0.0193847 0.989606 -1.90438 0 0 0 1 
27844314100152;0.850848;1.08883;0.980587 -0.000602447 0.196085 -0.866454 0.0526508 0.964082 -0.260336 -2.6723 -0.188885 0.265606 0.945397 16.5664 0 0 0 1 
27844314100153;1.33869;0.185983;0.985625 0.146036 0.0849543 10.6231 -0.147864 0.988885 0.0156046 -7.23585 -0.0817311 -0.0279419 0.996263 -5.79041 0 0 0 1 
27844314100155;1.31103;1.21176;0.996078 -0.0778213 -0.0421078 -3.82955 0.0683227 0.978847 -0.192848 -0.311167 0.0562248 0.189215 0.980325 10.0723 0 0 0 1 
27844314100156;0.173499;0.189206;0.99964 -0.0136635 -0.0231049 -0.980207 0.0141028 0.999721 0.0189605 0.540501 0.0228394 -0.0192795 0.999553 -0.494749 0 0 0 1 
27844314100157;1.77732;0.418954;0.990826 0.102164 -0.0884683 3.50668 -0.0933371 0.990726 0.0987399 -0.65835 0.0977355 -0.0895767 0.991173 -3.4237 0 0 0 1 
27844314100158;2.31932;0.220489;0.975215 0.0821965 -0.205426 1.40836 0.020842 0.890181 0.455129 -0.824777 0.220276 -0.44813 0.866405 -14.8405 0 0 0 1 
27844314100159;1.17995;0.196364;0.994924 0.0786944 -0.0627131 3.25682 -0.0738938 0.994404 0.0755071 -1.57229 0.0683041 -0.0704898 0.995171 -3.03309 0 0 0 1 
27844314100160;1.94121;0.349644;0.980442 -0.0502946 -0.190271 -3.38569 0.0551503 0.998272 0.0203077 1.86968 0.188921 -0.030404 0.981522 4.74222 0 0 0 1 
27844314100161;0.541664;0.508038;0.992033 0.0203351 -0.124323 -0.0089023 -0.0345351 0.992977 -0.113154 -1.42475 0.121149 0.116546 0.985769 8.53884 0 0 0 1 
27844314100162;1.51732;1.09256;0.99483 -0.0952335 -0.0352567 -5.54892 0.0952421 0.995453 -0.00143905 2.90871 0.0352334 -0.00192631 0.999377 1.25003 0 0 0 1 
27844314100163;1.36524;0.889927;0.991826 -0.123722 -0.0312056 -6.76631 0.121974 0.991129 -0.0527865 2.07723 0.0374596 0.0485488 0.998118 2.43066 0 0 0 1 
27844314100164;0.587208;0.251197;0.977697 -0.209685 -0.0119061 -10.4357 0.210007 0.975349 0.0677649 4.38355 -0.00259667 -0.0687538 0.99763 -2.77346 0 0 0 1 
27844314100165;1.53313;0.275445;0.999446 0.0330296 -0.00408863 1.94344 -0.0329258 0.999187 0.0232801 -1.60792 0.00485424 -0.0231325 0.999721 0.119007 0 0 0 1 
27844314100166;0.330265;0.459646;0.995903 -0.07221 -0.0544381 -3.95946 0.0663486 0.992496 -0.102711 0.83149 0.0614463 0.0986785 0.99322 6.07849 0 0 0 1 
27844314100167;0.903395;0.385629;0.997438 -0.0465156 0.0543528 -1.89133 0.0558279 0.98119 -0.184796 -0.593042 -0.0447345 0.187357 0.981273 6.87392 0 0 0 1 
27844314100168;2.432;0.293268;0.995211 -0.0376062 0.0902284 -1.54444 0.0355059 0.999062 0.0247722 0.30264 -0.0910754 -0.0214499 0.995613 -0.471716 0 0 0 1 
27844314100169;1.16953;0.739194;0.939762 0.0360759 0.33992 2.04705 0.0729628 0.950329 -0.302576 -2.14892 -0.333952 0.309151 0.89045 6.66012 0 0 0 1 
27844314100170;0.524881;0.257463;0.981292 -0.0522938 -0.185287 -3.4714 0.0741955 0.990785 0.113314 1.48282 0.177654 -0.124942 0.976129 -1.85352 0 0 0 1 
27844314100171;2.35705;0.256184;0.962282 0.0783573 0.260527 3.11607 -0.0396213 0.987779 -0.150744 -1.18672 -0.269155 0.134736 0.953626 -2.38517 0 0 0 1 
27844314100172;0.422262;0.201751;0.997228 0.0200921 -0.0716377 0.218023 -0.0155495 0.997866 0.0634144 0.38406 0.072759 -0.0621248 0.995413 -1.30358 0 0 0 1 
27844314100173;0.404553;0.253116;0.992798 -0.0964497 -0.0710567 -5.05244 0.104477 0.98731 0.119601 2.08706 0.0586195 -0.126163 0.990276 -4.42702 0 0 0 1 
27844314100174;0.99992;0.537609;0.998844 0.044269 -0.0187284 1.4975 -0.0432774 0.997791 0.0503955 -0.700767 0.020918 -0.0495268 0.998554 -2.31846 0 0 0 1 
27844314100175;0.837078;0.248583;0.998927 0.0446025 -0.0124911 1.75025 -0.0443074 0.998754 0.0229805 0.106045 0.0135005 -0.0224024 0.999658 -1.00998 0 0 0 1 
27844314100176;0.793248;0.588257;0.997737 -0.000345116 -0.0672416 -0.614744 -0.0213128 0.946805 -0.321101 -4.22173 0.0637755 0.321807 0.944655 16.8918 0 0 0 1 
27844314100177;2.13358;0.199778;0.999935 -0.00482227 -0.0103206 -0.226321 0.00498175 0.999868 0.0154823 0.472324 0.0102446 -0.0155327 0.999827 -2.83859 0 0 0 1 
27844314100178;1.06641;1.14224;0.997914 -0.0328544 -0.0555756 -1.86949 0.032269 0.999414 -0.0113983 0.786885 0.0559175 0.00958119 0.998389 1.54436 0 0 0 1 
27844314100179;2.46162;0.54213;0.961624 0.0503127 -0.269719 0.350348 -0.0888998 0.987146 -0.132813 -1.68337 0.25957 0.151694 0.953736 10.3677 0 0 0 1 
27844314100180;2.13141;1.41002;0.962659 0.0735485 0.260535 2.98979 -0.128173 0.971513 0.199336 -3.59103 -0.238452 -0.225286 0.944662 -16.6552 0 0 0 1 
27844314100181;0.683715;0.342522;0.999411 0.0310465 0.0146301 1.46483 -0.0317171 0.998339 0.0480868 -0.330388 -0.0131129 -0.0485225 0.998736 -1.89701 0 0 0 1 
27844314100182;1.078;0.270348;0.982277 -0.072982 0.172645 -3.07951 0.0611182 0.995452 0.0730698 1.30609 -0.177192 -0.0612231 0.98227 -5.76815 0 0 0 1 
27844314100183;1.04239;0.343551;0.909804 -0.119664 0.397414 -5.80127 0.019944 0.969033 0.246124 0.461984 -0.414559 -0.215998 0.884017 -18.9113 0 0 0 1 
27844314100184;1.3844;0.242536;0.983902 -0.033559 0.175529 -1.00897 0.0167093 0.995183 0.0966053 -0.689107 -0.177926 -0.0921172 0.979723 -8.59289 0 0 0 1 
27844314100186;0.793481;0.278442;0.971886 0.111514 -0.207372 5.91625 -0.0615003 0.970387 0.233595 -2.66743 0.22728 -0.214274 0.949963 -6.59255 0 0 0 1 
27844314100187;1.90684;0.266653;0.996424 0.0840661 0.00852939 6.39792 -0.0837428 0.995941 -0.033001 -2.51376 -0.011269 0.0321687 0.999419 3.28895 0 0 0 1 
27844314100188;0.899725;0.555362;0.90973 0.01664 0.414868 0.359704 -0.030922 0.999137 0.0277318 -1.01354 -0.414048 -0.0380569 0.909459 -17.6189 0 0 0 1 
27844314100189;2.92803;2.57488;0.996147 -0.0306109 -0.0821871 -2.66872 0.0209974 0.993099 -0.115386 -0.806838 0.085152 0.113215 0.989915 10.7585 0 0 0 1 
27844314100190;2.25734;1.0083;0.986739 0.152144 -0.0565592 11.1165 -0.159614 0.972822 -0.167752 -8.7884 0.0294996 0.174555 0.984206 13.7819 0 0 0 1 
27844314100191;2.96618;1.22756;0.98777 -0.0350971 0.151917 -1.74697 0.0917453 0.918638 -0.384301 -5.21887 -0.126069 0.393538 0.910623 24.3729 0 0 0 1 
27844314100192;2.51273;1.12721;0.928179 -0.112439 -0.354741 -9.89283 0.081577 0.991553 -0.100837 0.7485 0.363083 0.064656 0.929511 16.3948 0 0 0 1 
27844314100193;1.47826;0.745622;0.994723 0.0303514 -0.098003 1.77622 -0.0256971 0.998497 0.0484094 -0.720141 0.099325 -0.0456355 0.994008 1.11787 0 0 0 1 
27844314100194;2.31253;1.40352;0.969852 0.0188323 -0.242967 -1.33536 -0.0104139 0.999302 0.0358863 -0.06316 0.243473 -0.0322741 0.969371 7.15991 0 0 0 1 
27844314100195;2.39108;0.253754;0.981505 -0.172921 -0.0821349 -11.5954 0.139586 0.940068 -0.311108 -0.494974 0.131009 0.293889 0.946819 22.2291 0 0 0 1 
27844314100196;0.463067;0.556752;0.995491 0.0207285 0.0925651 2.18283 -0.0262243 0.99794 0.0585561 -0.926385 -0.0911606 -0.0607195 0.993983 -7.35398 0 0 0 1 
27844314100197;2.03095;1.98177;0.995372 -0.0367814 -0.0887839 -2.91211 0.0265885 0.993197 -0.113374 -0.433215 0.0923499 0.110488 0.989578 9.61029 0 0 0 1 
27844314100198;1.85236;0.357804;0.979244 -0.112692 -0.168469 -7.87259 0.118488 0.992648 0.0247223 3.60203 0.164444 -0.0441707 0.985397 3.58394 0 0 0 1 
27844314100199;0.504668;0.423509;0.989052 -0.133787 -0.0622614 -9.38907 0.14002 0.984045 0.109772 4.1901 0.046582 -0.117288 0.992005 -6.91856 0 0 0 1 
27844314100200;2.93423;0.518747;0.994316 -0.105634 0.0133113 -7.09712 0.10638 0.990812 -0.0835193 1.81604 -0.00436645 0.0844606 0.996417 2.92392 0 0 0 1 
27844314100201;1.21539;0.483055;0.988581 0.0210376 0.149215 1.90343 -0.0477724 0.982883 0.177927 -2.38162 -0.142918 -0.183024 0.972665 -18.2984 0 0 0 1 
27844314100202;1.66781;0.782902;0.930479 0.231795 -0.283691 12.3758 -0.196813 0.969425 0.146561 -7.08432 0.308989 -0.0805382 0.947649 6.00494 0 0 0 1 
27844314100203;0.429271;0.771399;0.932004 -0.126268 0.339742 -8.74301 0.032988 0.963016 0.267419 -0.429622 -0.360943 -0.238028 0.9017 -28.9735 0 0 0 1 
27844314100204;0.64969;0.854979;0.922521 0.0364582 -0.384221 -1.62016 0.0427892 0.979729 0.195703 0.808064 0.383568 -0.19698 0.902261 -1.43392 0 0 0 1 
27844314100205;2.89316;2.31146;0.995863 -0.0142754 -0.089739 -1.11067 0.00994683 0.998774 -0.048499 -0.331442 0.0903213 0.0474057 0.994784 4.92722 0 0 0 1 
27844314100206;1.28236;0.310368;0.996737 -0.0488526 0.0642585 -2.39004 0.0593989 0.982939 -0.174078 -1.1328 -0.054658 0.177327 0.982633 10.0415 0 0 0 1 
27844314100207;1.92404;0.809187;0.967729 0.16984 -0.186159 10.1993 -0.151481 0.982447 0.108867 -5.82653 0.201381 -0.077154 0.97647 3.02686 0 0 0 1 
27844314100208;1.88311;0.84992;0.915597 0.125214 0.382104 8.22512 -0.0462596 0.97677 -0.209237 -3.64483 -0.399428 0.173901 0.90012 -3.79641 0 0 0 1 
27844314100209;2.33052;0.752535;0.989004 0.145713 0.0252961 10.5188 -0.145801 0.989312 0.00169025 -5.18053 -0.0247795 -0.00535987 0.999679 -3.36027 0 0 0 1 
27844314100210;0.530209;0.544275;0.99434 -0.0440209 0.0966936 -2.57264 0.0521312 0.995184 -0.0830173 0.805002 -0.0925734 0.0875882 0.991846 2.39237 0 0 0 1 
27844314100211;2.44996;1.04214;0.997812 0.0360183 -0.0554392 2.30984 -0.0374324 0.998994 -0.0246834 -1.30962 0.0544944 0.0267047 0.998157 5.72869 0 0 0 1 
27844314100212;2.84301;0.722584;0.991922 0.110517 -0.0622666 7.70863 -0.114835 0.990869 -0.0706456 -3.97276 0.0538905 0.0772253 0.995556 4.45354 0 0 0 1 
27844314100213;1.50297;0.34172;0.997684 0.0612954 0.0294945 5.56403 -0.0553013 0.983368 -0.173003 -4.60806 -0.0396082 0.170971 0.98448 10.5539 0 0 0 1 
27844314100214;0.564234;0.416042;0.986736 -0.102707 0.125714 -6.57274 0.104388 0.994513 -0.00684306 2.97454 -0.124321 0.0198754 0.992043 -2.42305 0 0 0 1 
27844314100215;0.386204;0.574937;0.994567 0.0220699 -0.101729 1.26349 -0.0289195 0.997377 -0.0663573 -1.45344 0.0999975 0.0689388 0.992597 7.89324 0 0 0 1 
27844314100217;0.459527;0.831742;0.99575 0.0223785 -0.0893413 0.394807 -0.0238721 0.999592 -0.0156843 -1.06489 0.0889538 0.0177504 0.995878 2.85681 0 0 0 1 
27844314100218;2.20727;0.247101;0.974317 0.224227 -0.0207231 3.50768 -0.224431 0.974457 -0.0080538 -7.76606 0.0183879 0.0124978 0.999753 3.481 0 0 0 1 
27844314100219;2.19715;0.409969;0.995954 -0.087042 -0.0223632 -1.88015 0.0862047 0.995626 -0.0360131 2.40834 0.0254001 0.0339396 0.999101 4.07401 0 0 0 1 
27844314100220;1.31114;0.165292;0.997607 -0.0175401 -0.0668795 0.60725 0.0158979 0.999561 -0.0250085 -0.497773 0.0672888 0.0238854 0.997448 2.35498 0 0 0 1 
27844314100221;1.65894;1.73027;0.999887 0.00544006 0.0140475 0.414001 -0.0059266 0.999376 0.0348291 -0.139265 -0.0138493 -0.0349084 0.999295 -0.564534 0 0 0 1 
27844314100222;1.73745;0.125069;0.949336 0.265249 -0.168535 4.01288 -0.24411 0.96015 0.136096 -9.12513 0.197918 -0.08806 0.976255 5.12372 0 0 0 1 
27844314100223;2.40198;1.53576;0.998499 0.00261861 -0.0547027 0.519136 -0.00290533 0.999982 -0.00516254 0.129703 0.0546882 0.00531372 0.998489 3.29365 0 0 0 1 
27844314100224;0.843273;0.837144;0.999368 0.0214417 -0.0283423 0.519546 -0.0190063 0.996321 0.0835676 -0.682322 0.0300299 -0.0829761 0.996099 -0.366185 0 0 0 1 
27844314100225;1.09219;1.40042;0.99996 -0.00645986 0.00612873 0.380889 0.00681258 0.998211 -0.0593938 0.216669 -0.00573409 0.0594331 0.998216 0.971052 0 0 0 1 
27844314100226;2.28577;0.370723;0.93007 0.249123 -0.270013 1.60686 -0.178243 0.948658 0.261299 -6.03193 0.321246 -0.194898 0.926723 8.43247 0 0 0 1 
27844314100227;0.739768;0.955943;0.989336 0.0591679 -0.133095 0.83896 -0.0550387 0.997888 0.034496 -1.64674 0.134855 -0.0268028 0.990503 3.80229 0 0 0 1 
27844314100228;0.965544;0.113412;0.989959 0.0854992 -0.112563 1.35782 -0.0814192 0.995862 0.0403663 -2.82384 0.115549 -0.0307962 0.992824 3.89804 0 0 0 1 
27844314100229;0.882458;0.833713;0.965318 0.0192586 0.260364 0.874652 0.0261942 0.985099 -0.169983 -0.144722 -0.259758 0.170907 0.95043 -5.77907 0 0 0 1 
27844314100230;0.333053;0.255519;0.951342 0.153388 -0.267245 0.348767 -0.0606818 0.943573 0.325559 -1.66166 0.302102 -0.293501 0.906968 3.16636 0 0 0 1 
27844314100231;2.08116;0.171228;0.995488 -0.0426039 0.0847857 -0.16234 0.0444047 0.998824 -0.0194674 1.00508 -0.0838566 0.0231445 0.996209 0.372226 0 0 0 1 
27844314100232;2.3687;1.65705;0.999205 0.0281655 -0.0282205 0.0252224 -0.0290477 0.999086 -0.0313549 -0.296015 0.0273115 0.0321498 0.99911 0.215489 0 0 0 1 
27844314100233;0.91161;0.693905;0.999031 0.0379331 -0.0223138 1.22798 -0.0375695 0.999158 0.016493 -1.17935 0.0229207 -0.0156387 0.999615 -0.538991 0 0 0 1 
27844314100234;2.15311;0.801557;0.997806 -0.00283281 0.0661432 1.0226 0.00214026 0.999942 0.010539 0.529047 -0.0661693 -0.0103743 0.997754 -4.87227 0 0 0 1 
27844314100235;1.5865;0.422782;0.942939 0.00249813 -0.332957 -4.56255 -0.0160541 0.99915 -0.0379691 -0.78298 0.332579 0.0411478 0.942177 10.3486 0 0 0 1 
27844314100236;0.801975;0.860935;0.999396 0.0272066 -0.0216017 1.23951 -0.0285888 0.997377 -0.0664898 -0.997879 0.0197361 0.0670672 0.997553 1.77124 0 0 0 1 
27844314100237;0.36254;0.149429;0.988413 0.136835 -0.0656952 1.72632 -0.133659 0.989738 0.0505396 -4.05188 0.0719366 -0.0411733 0.996559 1.59691 0 0 0 1 
27844314100238;0.509991;0.33743;0.994893 0.00594675 -0.100755 0.033982 -0.0422402 0.931168 -0.362135 -4.22161 0.0916668 0.364541 0.926664 8.88842 0 0 0 1 
27844314100239;2.45541;1.46461;0.999063 0.0284979 -0.0325684 0.223209 -0.0277638 0.999355 0.0227733 -0.833981 0.0331964 -0.0218477 0.99921 3.04256 0 0 0 1 
27844314100240;0.531694;0.21512;0.996855 -0.0755798 0.0238333 -1.43361 0.075052 0.99693 0.022316 2.26912 -0.0254467 -0.0204571 0.999467 -0.638205 0 0 0 1 
27844314100241;1.90316;0.321395;0.986067 -0.164964 0.0214148 -1.15993 0.162926 0.983723 0.075794 6.10752 -0.0335695 -0.071249 0.996894 -3.47585 0 0 0 1 
27844314100242;0.857743;0.203412;0.987692 0.033706 0.152733 1.38622 -0.0377439 0.999008 0.0236153 -0.661978 -0.151786 -0.0290894 0.987985 -4.43089 0 0 0 1 
27844314100243;1.52979;1.85963;0.988395 0.00288303 -0.15188 -0.455588 -0.00970041 0.998977 -0.0441647 -0.330978 0.151598 0.0451254 0.987412 5.01008 0 0 0 1 
27844314100244;1.45043;0.762692;0.985663 0.108041 -0.129598 0.822868 -0.062375 0.94701 0.315091 -1.31841 0.156773 -0.302489 0.940171 0.186048 0 0 0 1 
27844314100245;0.353496;0.676169;0.99814 0.0414832 0.0446759 1.5032 -0.0500129 0.976223 0.210921 -1.1645 -0.0348639 -0.212763 0.976482 -4.98173 0 0 0 1 
27844314100246;0.304746;0.188442;0.994971 0.0949943 0.0317644 1.75425 -0.0870736 0.977036 -0.194469 -4.06655 -0.0495084 0.190725 0.980394 1.92455 0 0 0 1 
27844314100248;1.91005;1.66606;0.999924 -0.00843405 0.00897954 -0.527433 0.00811003 0.999336 0.0355288 0.464623 -0.00927323 -0.0354533 0.999328 -2.44221 0 0 0 1 
27844314100249;1.74539;0.85393;0.919895 0.0152214 0.391869 1.27968 0.016701 0.996819 -0.0779244 0.225484 -0.391809 0.0782269 0.916715 4.32973 0 0 0 1 
27844314100250;2.4193;1.91541;0.88789 0.0316398 -0.458966 1.12297 -0.0272598 0.999498 0.0161673 -0.434579 0.459247 -0.00184344 0.888307 0.443699 0 0 0 1 
27844314100251;0.382775;0.217076;0.998116 0.0246523 0.0561769 1.52927 -0.0327766 0.988349 0.148634 -0.430526 -0.0518582 -0.150195 0.987295 -8.30606 0 0 0 1 
27844314100252;0.517763;0.611647;0.995271 -0.00204475 -0.0971111 -0.103992 -0.0227094 0.967171 -0.253109 -2.42091 0.0944406 0.254117 0.962552 13.2461 0 0 0 1 
27844314100253;0.421961;0.339511;0.99578 0.0093035 0.0912956 0.777658 -0.00295783 0.997585 -0.0693975 -0.490775 -0.0917207 0.0688346 0.993403 3.35337 0 0 0 1 
27844314100254;1.06506;0.296372;0.998412 0.0497006 -0.0265389 2.78711 -0.042332 0.972555 0.22879 -1.2044 0.0371815 -0.227303 0.973114 -12.9381 0 0 0 1 
27844314100255;0.41574;0.350595;0.94491 0.00592749 -0.327278 -0.431672 -0.0180298 0.999261 -0.0339571 -0.427992 0.326835 0.0379871 0.944318 2.76877 0 0 0 1 
27844314100256;0.221269;0.098583;0.999739 0.00369626 -0.0225647 0.150772 -0.00249527 0.99859 0.0530222 0.124987 0.0227289 -0.052952 0.998338 -3.02788 0 0 0 1 
27844314100257;0.472366;0.310209;0.996754 0.0438713 0.067507 2.52452 -0.0676007 0.911458 0.405801 -4.08238 -0.0437268 -0.409047 0.911465 -21.7845 0 0 0 1 
27844314100258;0.965959;0.496507;0.961816 0.0105496 -0.273492 -0.569026 0.000696064 0.999159 0.0409892 0.116039 0.273695 -0.0396144 0.961 -1.15148 0 0 0 1 
27844314100259;0.701583;0.654679;0.999689 0.0207951 -0.013753 1.31587 -0.02096 0.999709 -0.0119577 -0.169924 0.0135004 0.0122423 0.999834 0.181997 0 0 0 1 
27844314100260;1.49458;1.06928;0.991347 0.0278864 -0.128268 0.816151 0.00953346 0.959297 0.282239 -0.657857 0.130918 -0.28102 0.950731 -13.9545 0 0 0 1 
27844314100261;0.461097;0.136239;0.980996 -0.0250076 -0.192409 -1.97267 0.0139421 0.998181 -0.0586509 -0.12554 0.193526 0.0548537 0.979561 3.51921 0 0 0 1 
