#;prob_registration_l1 -r /home/probabilistic_point_clouds_registration/build/tester /home/point_clouds_registration_benchmark//devel/registration_pairs/pioneer_slam3_local.txt /home/point_clouds_registration_benchmark//tum/pioneer_slam3 -s 0.1 -t 0.1 -p 0.3 -r 1000 -m 15 -i 40 
id;initial_error;final_error;transformation
39885980090000;0.518509;0.149599;0.9944 0.0297092 -0.101425 0.0454898 -0.0165218 0.991576 0.128466 -0.00585228 0.104387 -0.126071 0.986514 -0.428683 0 0 0 1 
39885980090001;1.1366;0.578573;0.99854 0.0157198 -0.0516752 0.232857 -0.0134606 0.998951 0.0437802 -0.352928 0.0523092 -0.0430207 0.997704 0.297731 0 0 0 1 
39885980090002;0.639436;0.477343;0.999758 0.0113395 0.0188723 0.155163 -0.00734665 0.979857 -0.199565 -0.0142969 -0.0207552 0.199378 0.979703 -0.103813 0 0 0 1 
39885980090003;0.346141;0.108947;0.955105 -0.0457834 -0.292707 0.13834 -0.043322 0.955785 -0.290858 0.138239 0.293082 0.29048 0.910892 -0.834902 0 0 0 1 
39885980090004;1.0895;0.462261;0.969003 -0.0852541 -0.231871 -0.033031 0.0322119 0.974157 -0.223562 0.332346 0.244938 0.209163 0.946708 -1.12173 0 0 0 1 
39885980090005;0.90722;0.596246;0.998908 0.0416869 -0.0210796 0.0479586 -0.0431387 0.996333 -0.0738896 0.260959 0.0179221 0.0747183 0.997044 -0.450265 0 0 0 1 
39885980090006;0.367469;0.057595;0.97865 -0.0326771 -0.202919 0.0453727 -0.0137907 0.974616 -0.223458 0.0346538 0.20507 0.221485 0.953357 -0.98661 0 0 0 1 
39885980090007;0.500039;0.222836;0.996436 -0.0808268 0.0241306 0.0954931 0.0842606 0.940448 -0.329329 -0.279459 0.00392508 0.330189 0.943907 -0.336412 0 0 0 1 
39885980090008;1.30544;0.592594;0.98404 0.0275642 -0.175797 0.117834 -0.0388536 0.997375 -0.0611024 0.441264 0.173652 0.0669576 0.982528 -1.09573 0 0 0 1 
39885980090009;1.07285;0.669054;0.998534 -0.0424156 -0.0336371 -0.267818 0.042141 0.999073 -0.00883157 -0.162382 0.0339805 0.00740112 0.999395 -0.0584138 0 0 0 1 
39885980090010;0.993349;0.860715;0.999853 0.0157859 -0.0066984 0.05062 -0.0161589 0.998075 -0.0598696 -0.0144707 0.00574041 0.059969 0.998184 0.311306 0 0 0 1 
39885980090011;1.19076;0.696691;0.997976 -0.00907106 0.0629379 -0.195163 0.0247935 0.966945 -0.253776 0.190746 -0.0585555 0.254823 0.965213 -0.62494 0 0 0 1 
39885980090012;1.08018;0.370119;0.97876 0.176255 -0.104704 0.106769 -0.188047 0.975274 -0.116099 0.17899 0.0816524 0.133322 0.987703 -0.986645 0 0 0 1 
39885980090013;0.734434;0.163858;0.997945 0.0417759 -0.0485854 -0.169583 -0.0522456 0.969485 -0.239518 0.139666 0.0370967 0.241565 0.969675 0.0877078 0 0 0 1 
39885980090014;1.32795;0.78432;0.927588 0.0721521 -0.366571 0.315901 0.00327803 0.979565 0.201103 0.127636 0.37359 -0.187742 0.908396 -1.14325 0 0 0 1 
39885980090015;0.724355;0.056282;0.999776 0.00325865 0.0209208 0.0360455 -0.00331769 0.999991 0.00278817 0.0539391 -0.0209115 -0.00285695 0.999777 -0.499363 0 0 0 1 
39885980090016;0.348273;0.022579;0.980677 0.0159279 -0.194986 0.0803394 0.0262455 0.976959 0.211806 -0.0313904 0.193867 -0.212831 0.957663 -0.383515 0 0 0 1 
39885980090017;0.847163;0.459263;0.996331 -0.0672987 -0.0528759 0.212601 0.0548068 0.976212 -0.209778 0.0953403 0.0657358 0.20611 0.976318 -0.832649 0 0 0 1 
39885980090018;0.98085;0.50141;0.987337 0.0108723 -0.158263 -0.139543 -0.0372197 0.985677 -0.164485 0.188671 0.154208 0.168293 0.9736 -0.0329448 0 0 0 1 
39885980090019;1.01873;0.0870385;0.979717 0.194751 0.0471812 -0.570698 -0.196661 0.979659 0.0398981 0.304714 -0.0384513 -0.0483676 0.998089 0.769073 0 0 0 1 
39885980090020;0.349842;0.166045;0.973836 0.144121 0.175707 -0.195389 -0.113445 0.978253 -0.173641 0.345732 -0.196911 0.149165 0.969008 0.350967 0 0 0 1 
39885980090021;0.142777;0.033797;0.977604 -0.0111073 -0.21016 0.074336 -0.0086586 0.995638 -0.0928983 0.0502605 0.210275 0.0926374 0.973243 -0.54768 0 0 0 1 
39885980090022;0.343863;0.164806;0.99067 0.0433998 0.129185 -0.0121072 -0.0385255 0.998457 -0.0399951 0.0774939 -0.130722 0.034645 0.990814 0.451814 0 0 0 1 
39885980090023;0.973502;0.928371;0.952172 0.0506923 -0.30133 0.0617244 0.0113312 0.979607 0.200604 -0.0120937 0.305354 -0.194423 0.932179 -0.536086 0 0 0 1 
39885980090024;1.13358;0.109768;0.998896 0.0367344 0.0292885 -0.106536 -0.0352933 0.99821 -0.0482906 -0.036738 -0.03101 0.0472036 0.998404 -0.844704 0 0 0 1 
39885980090025;0.64818;0.397342;0.998524 -0.0500918 -0.0209969 -0.0108775 0.0485737 0.996539 -0.0674612 -0.218937 0.0243034 0.0663418 0.997501 0.106996 0 0 0 1 
39885980090026;1.25567;0.244571;0.989696 -0.0862729 0.114276 0.146642 0.0684185 0.986031 0.151863 -0.194556 -0.125781 -0.142479 0.981773 1.42621 0 0 0 1 
39885980090027;0.709211;0.221546;0.998643 0.0403713 0.0329087 -0.0915672 -0.0401416 0.999165 -0.0076138 0.268449 -0.0331886 0.00628246 0.999429 0.483832 0 0 0 1 
39885980090028;1.02062;0.490044;0.999138 0.0398015 0.0117616 0.0525656 -0.0398399 0.999201 0.00304094 0.262636 -0.0116312 -0.00350691 0.999926 0.586952 0 0 0 1 
39885980090029;0.737875;0.291108;0.981159 0.170884 -0.090146 -0.136003 -0.151716 0.970352 0.188149 0.240424 0.119625 -0.170928 0.977995 0.406786 0 0 0 1 
39885980090031;0.500388;0.391438;0.957264 0.00848113 -0.289092 0.540334 0.00760497 0.998486 0.054475 0.429089 0.289116 -0.0543454 0.95575 -1.48633 0 0 0 1 
39885980090032;0.490152;0.784531;0.938398 -0.323459 -0.12159 0.418754 0.318961 0.946151 -0.0553354 -0.441802 0.132942 0.013144 0.991037 -0.346484 0 0 0 1 
39885980090033;0.259006;0.529995;0.935242 -0.259105 -0.241218 0.404151 0.255156 0.965706 -0.0480328 -0.218109 0.245392 -0.0166261 0.969281 -0.757626 0 0 0 1 
39885980090034;0.13399;0.404401;0.988966 -0.123624 -0.0816314 0.184255 0.113352 0.986243 -0.120318 0.0119482 0.0953826 0.109737 0.989373 -0.21188 0 0 0 1 
39885980090035;0.310003;0.360696;0.996352 -0.0271584 -0.0808963 0.333564 -0.000483694 0.94619 -0.323611 0.361431 0.085332 0.32247 0.942726 0.333331 0 0 0 1 
39885980090036;0.791909;0.378185;0.893523 -0.00761067 -0.448952 1.66694 0.0776726 0.987403 0.137849 -0.117435 0.442248 -0.158042 0.882859 -1.92634 0 0 0 1 
39885980090037;0.326129;0.456431;0.999949 -0.00604621 -0.00815087 0.120356 0.00517118 0.994626 -0.103401 0.249678 0.00873225 0.103354 0.994606 0.345667 0 0 0 1 
39885980090038;0.582863;0.631748;0.999601 -0.0149828 -0.0239475 0.0487949 0.012333 0.994161 -0.1072 0.0207055 0.0254138 0.106862 0.993949 -0.0596232 0 0 0 1 
39885980090039;0.172583;0.311066;0.994602 -0.0875221 -0.0557392 -0.0325427 0.0820879 0.992251 -0.0932761 0.0958657 0.063471 0.088197 0.994079 0.0784397 0 0 0 1 
39885980090040;0.259945;0.430644;0.998288 -0.0040679 0.0583496 0.479644 -0.00331401 0.992043 0.12586 0.617328 -0.0583973 -0.125838 0.990331 -0.0751266 0 0 0 1 
39885980090041;0.477445;0.672479;0.982031 -0.177143 0.0650825 0.291764 0.180487 0.982323 -0.0496657 -0.378589 -0.0551341 0.0605198 0.996643 -0.0335603 0 0 0 1 
39885980090042;0.418217;0.445608;0.998317 -0.0515243 0.0266152 0.217147 0.0525442 0.99785 -0.0391616 0.521984 -0.0245402 0.0404942 0.998878 0.409906 0 0 0 1 
39885980090043;0.341309;0.492252;0.974648 -0.173987 -0.140674 0.297315 0.198384 0.962744 0.183758 -0.381053 0.103462 -0.207007 0.972854 -0.705704 0 0 0 1 
39885980090044;0.352045;0.45583;0.928899 -0.187011 0.319646 0.186617 0.138783 0.976017 0.167721 -0.123297 -0.343346 -0.111434 0.932575 0.542086 0 0 0 1 
39885980090045;0.207777;0.467714;0.970247 -0.163208 0.178838 0.184426 0.174443 0.983452 -0.0489008 -0.126175 -0.167898 0.0786429 0.982662 0.621213 0 0 0 1 
39885980090046;0.379302;0.401895;0.954324 0.0151295 0.298392 0.353918 0.0674621 0.962013 -0.264536 0.172982 -0.291059 0.272583 0.917051 1.04005 0 0 0 1 
39885980090047;0.227046;0.364714;0.976119 -0.0146795 0.216738 0.394574 0.0130297 0.999874 0.00903897 0.234092 -0.216843 -0.00599908 0.976188 0.311779 0 0 0 1 
39885980090048;0.266999;0.380002;0.993536 0.0321787 0.108861 0.572829 -0.00299279 0.966073 -0.258252 0.348072 -0.113478 0.256257 0.959925 1.02019 0 0 0 1 
39885980090049;0.523967;0.372909;0.95564 -0.0236147 0.293591 0.705045 -0.0321593 0.982456 0.183701 0.326583 -0.292778 -0.184994 0.938114 1.07878 0 0 0 1 
39885980090050;0.207409;0.506855;0.99575 -0.0764169 -0.0514028 0.393517 0.0728962 0.995073 -0.0671945 -0.0262181 0.0562843 0.0631619 0.996415 -0.0232638 0 0 0 1 
39885980090051;0.499446;0.344043;0.99587 0.0296822 0.0857959 0.730542 -0.0110238 0.977585 -0.21025 0.59612 -0.0901135 0.208436 0.973876 0.0445084 0 0 0 1 
39885980090052;0.316512;0.405907;0.993923 0.0459512 0.100033 0.287986 -0.021688 0.97264 -0.231302 0.627118 -0.107924 0.227727 0.967726 0.413137 0 0 0 1 
39885980090053;0.450592;0.496591;0.993173 -0.115101 0.0189607 0.302901 0.116606 0.984119 -0.133839 0.285863 -0.00325463 0.135137 0.990822 -0.353471 0 0 0 1 
39885980090054;0.48513;0.616907;0.973567 -0.222287 -0.0524982 0.29271 0.227254 0.919722 0.320105 -0.355597 -0.0228716 -0.323574 0.945926 -0.627897 0 0 0 1 
39885980090055;0.127893;0.52505;0.990767 -0.126228 -0.0494672 0.491149 0.118325 0.9832 -0.138985 0.0972969 0.06618 0.131849 0.989058 0.140371 0 0 0 1 
39885980090056;0.526201;0.553677;0.938625 -0.343191 -0.0346862 0.304372 0.344936 0.934296 0.0900607 -0.448085 0.00149913 -0.0964977 0.995332 0.401187 0 0 0 1 
39885980090057;0.593626;0.390047;0.965063 -0.0233097 -0.260978 1.01205 0.0985908 0.955139 0.279267 0.00754983 0.24276 -0.29524 0.924068 -0.7503 0 0 0 1 
39885980090058;0.12749;0.331196;0.979752 -0.0292947 -0.19806 0.3407 0.0076013 0.993967 -0.109414 0.285895 0.20007 0.105693 0.974064 -0.340059 0 0 0 1 
39885980090059;0.597495;0.410742;0.92654 -0.143909 -0.347584 0.174948 0.0375382 0.954696 -0.295207 0.0369611 0.37432 0.260473 0.889965 0.24706 0 0 0 1 
39885980090060;0.466612;0.532426;0.97044 -0.241254 -0.00654879 0.275194 0.229333 0.930264 -0.286384 -0.120556 0.0751832 0.276416 0.958093 0.779933 0 0 0 1 
39885980090062;0.722072;0.527566;0.986924 -0.0338292 -0.157595 -0.0759097 0.038712 0.998858 0.0280165 -0.0714653 0.156468 -0.033751 0.987106 -0.317419 0 0 0 1 
39885980090063;0.21414;0.0730046;0.998309 0.0269086 0.051524 0.00172679 -0.00438077 0.918706 -0.394917 0.130152 -0.0579621 0.394024 0.917271 -0.339291 0 0 0 1 
39885980090064;0.937509;0.231106;0.997077 0.0758431 0.00926209 -0.488121 -0.0725839 0.978069 -0.195223 0.132106 -0.0238653 0.19398 0.980715 -0.71654 0 0 0 1 
39885980090065;0.614008;0.36983;0.942415 0.104956 0.31755 -0.18824 -0.0111178 0.958788 -0.283903 0.180999 -0.33426 0.264024 0.904744 0.46566 0 0 0 1 
39885980090066;0.857809;0.0430006;0.997445 0.0592582 0.0399095 0.0330095 -0.0553151 0.994077 -0.0935468 -0.236603 -0.0452166 0.0911001 0.994815 0.614908 0 0 0 1 
39885980090067;0.711929;0.594405;0.994448 -0.0138701 -0.104314 0.138492 -0.000333681 0.990855 -0.13493 -0.0191629 0.105231 0.134216 0.985349 -0.551235 0 0 0 1 
39885980090068;0.589386;0.123974;0.999945 -0.0104269 0.00148059 0.0389019 0.0104185 0.99993 0.00559436 0.00987295 -0.00153882 -0.00557862 0.999983 0.489658 0 0 0 1 
39885980090069;0.410197;0.138202;0.998983 -0.00994892 -0.0439852 0.115469 0.0106219 0.99983 0.0150928 -0.0124773 0.0438276 -0.0155447 0.998918 -0.350706 0 0 0 1 
39885980090070;0.483885;0.143526;0.937829 0.0562156 0.342514 -0.0704935 -0.0685068 0.997365 0.0238829 0.115282 -0.340269 -0.0458626 0.939209 1.10913 0 0 0 1 
39885980090071;0.64931;0.590296;0.976891 -0.0491045 -0.208023 0.0777793 -0.024264 0.941483 -0.336186 0.142747 0.212358 0.333464 0.918535 -0.82084 0 0 0 1 
39885980090072;0.398606;0.322766;0.99886 -0.0352344 0.0322005 -0.0086243 0.0274685 0.976027 0.215911 -0.112 -0.039036 -0.214781 0.975882 0.379257 0 0 0 1 
39885980090073;0.928997;0.5891;0.957402 0.0779675 -0.278035 0.0875485 -0.0713401 0.996876 0.0338908 0.421625 0.279808 -0.0126121 0.959973 -0.415141 0 0 0 1 
39885980090074;0.42064;0.28628;0.912845 0.00608862 0.40826 0.109338 0.0272398 0.996753 -0.0757718 -0.111392 -0.407396 0.0802889 0.909715 1.05015 0 0 0 1 
39885980090075;0.428471;0.268279;0.947754 0.0369143 0.316858 -0.0322336 -0.0957004 0.980432 0.172028 0.258042 -0.304307 -0.193364 0.932742 1.19243 0 0 0 1 
39885980090076;0.878954;0.63803;0.99336 0.00258506 0.115014 0.0864897 -0.0019332 0.999981 -0.00577886 0.0307037 -0.115027 0.00551815 0.993347 0.707687 0 0 0 1 
39885980090077;0.395145;0.247344;0.977111 0.209902 -0.0345794 -0.239 -0.212515 0.955797 -0.203199 0.532372 -0.00960113 0.205897 0.978527 -0.208988 0 0 0 1 
39885980090078;1.1758;0.143667;0.999736 0.000365185 0.0229835 -0.0864065 0.000808522 0.998696 -0.0510373 0.0226548 -0.0229722 0.0510424 0.998432 -0.974436 0 0 0 1 
39885980090079;1.02505;0.729611;0.962442 -0.0034252 -0.271465 -0.0798809 -0.0667041 0.966286 -0.248682 0.196438 0.263165 0.25745 0.929765 -0.511854 0 0 0 1 
39885980090080;0.475546;0.0823535;0.999914 -0.0122909 -0.00450383 0.0801769 0.0122066 0.999758 -0.0182875 -0.0548044 0.00472751 0.018231 0.999823 -0.414632 0 0 0 1 
39885980090081;0.321616;0.103122;0.945625 0.00871351 0.325143 0.118667 -0.000997603 0.999714 -0.02389 -0.0251063 -0.325258 0.0222666 0.945363 0.951944 0 0 0 1 
39885980090082;1.0641;0.43536;0.973209 0.0102872 0.229691 -0.309854 -0.0185535 0.999254 0.0338578 -0.0810126 -0.229172 -0.0372123 0.972674 -0.0208006 0 0 0 1 
39885980090083;0.893927;0.15746;0.950505 -0.0214919 0.309965 -0.120149 -0.0870127 0.939275 0.33195 -0.102048 -0.298277 -0.342491 0.890916 0.784536 0 0 0 1 
39885980090084;0.543877;0.446371;0.994719 0.0431876 -0.0931084 0.110904 -0.0571963 0.986496 -0.153476 -0.369516 0.0852228 0.157991 0.983756 -0.31955 0 0 0 1 
39885980090085;0.738131;0.619116;0.879136 0.0795272 0.469889 0.087419 -0.0979974 0.995075 0.0149343 0.115843 -0.466387 -0.0591772 0.882599 0.982485 0 0 0 1 
39885980090086;0.60161;0.0408365;0.998398 0.0559325 0.00856911 -0.0513386 -0.0562266 0.99765 0.0391475 0.147517 -0.00635936 -0.0395666 0.999197 0.581188 0 0 0 1 
39885980090087;0.217577;0.0840017;0.999241 0.0262028 -0.0288215 -0.108119 -0.025517 0.999388 0.0239103 -0.0501933 0.0294304 -0.0231567 0.999299 -0.117622 0 0 0 1 
39885980090088;0.201974;0.133239;0.99875 -0.0250275 0.043263 0.0598847 0.0340565 0.974321 -0.222571 -0.0340353 -0.0365817 0.223766 0.973956 -0.243657 0 0 0 1 
39885980090089;0.645809;0.269968;0.913237 0.0742548 -0.400606 0.20712 -0.0344329 0.9938 0.105712 -0.0599061 0.405972 -0.0827465 0.910132 -1.32735 0 0 0 1 
39885980090090;0.450371;0.275161;0.955639 0.11562 0.270899 -0.192228 -0.127955 0.991377 0.0282636 0.280572 -0.265295 -0.0616728 0.962193 0.949124 0 0 0 1 
39885980090091;0.498519;0.255083;0.99653 0.0280689 -0.0783634 -0.00475602 -0.0200595 0.994665 0.101185 -0.154819 0.0807856 -0.0992622 0.991777 0.300385 0 0 0 1 
39885980090093;0.227552;0.160744;0.981041 -0.000598375 0.1938 -0.0916273 -0.00801119 0.999015 0.0436383 0.167993 -0.193635 -0.0443635 0.98007 0.438532 0 0 0 1 
39885980090094;0.336698;0.308351;0.979537 -0.14951 0.134734 0.542648 0.155503 0.987213 -0.0350506 0.0656273 -0.127771 0.0552849 0.990262 -0.169968 0 0 0 1 
39885980090095;0.148785;0.179716;0.987401 0.000543049 -0.158235 -0.0960326 -0.0100592 0.998187 -0.0593447 0.174302 0.157915 0.0601887 0.985617 -0.184662 0 0 0 1 
39885980090096;0.662123;0.452362;0.972263 0.123075 -0.198891 -0.2571 -0.0649206 0.95895 0.276044 0.19251 0.224701 -0.255475 0.940341 0.137364 0 0 0 1 
39885980090097;0.657715;0.450715;0.966771 0.0589286 0.248761 -0.34758 -0.0743223 0.995828 0.052942 -0.313492 -0.244603 -0.0696713 0.967117 0.264797 0 0 0 1 
39885980090098;0.630821;0.292497;0.999598 0.0275901 -0.00657322 -0.345711 -0.0282496 0.947873 -0.317393 0.0186703 -0.00252636 0.317451 0.948271 -0.306515 0 0 0 1 
39885980090099;0.628543;0.340402;0.942273 -0.172038 0.28727 0.5844 0.179784 0.983706 -0.000596754 0.695667 -0.282486 0.052209 0.95785 0.527056 0 0 0 1 
39885980090100;0.425699;0.317893;0.95343 0.255845 0.159729 -1.24602 -0.226801 0.957257 -0.179498 0.740345 -0.198826 0.134912 0.970704 -0.564614 0 0 0 1 
39885980090101;0.696606;0.482472;0.999599 -0.00616824 -0.0276302 -0.0582114 0.0114547 0.98064 0.195483 -0.0984525 0.0258895 -0.195721 0.980318 1.08705 0 0 0 1 
39885980090102;0.122477;0.0938825;0.999511 0.029055 0.0115141 -0.244054 -0.0290866 0.999574 0.0025834 0.161068 -0.0114342 -0.00291705 0.99993 0.090148 0 0 0 1 
39885980090103;0.717527;0.151877;0.900205 0.389211 0.195311 -2.14699 -0.371048 0.920324 -0.123804 0.511073 -0.227936 0.0389794 0.972896 0.218197 0 0 0 1 
39885980090104;0.685443;0.530495;0.976328 0.215553 0.0178774 -1.05496 -0.216096 0.975628 0.0381148 -0.345574 -0.00922596 -0.0410758 0.999113 -0.0553124 0 0 0 1 
39885980090105;0.47354;0.403447;0.980174 0.196273 0.027144 -0.989419 -0.196707 0.980357 0.0143559 -0.0831905 -0.0237932 -0.0194107 0.999528 0.120742 0 0 0 1 
39885980090106;0.459683;0.198165;0.954217 0.16229 -0.251261 -0.579156 -0.137 0.983851 0.115184 0.319979 0.265897 -0.0754879 0.961041 -0.460309 0 0 0 1 
39885980090107;0.891834;0.695056;0.966237 -0.245045 0.0796133 0.67461 0.245228 0.969435 0.00762614 -0.133977 -0.0790487 0.0121548 0.996797 0.0649587 0 0 0 1 
39885980090108;0.424446;0.257298;0.894261 -0.16961 0.414162 0.380179 0.129822 0.983925 0.122628 0.219783 -0.428303 -0.0558941 0.901905 0.473948 0 0 0 1 
39885980090109;0.495711;0.265423;0.9534 0.30171 -0.000458668 -1.44441 -0.301391 0.95246 0.044523 0.871805 0.0138699 -0.0423099 0.999008 0.36196 0 0 0 1 
39885980090110;0.968235;0.548692;0.882062 0.402461 0.244933 -1.76633 -0.446961 0.879218 0.164926 1.14603 -0.148973 -0.254951 0.955409 1.9806 0 0 0 1 
39885980090111;0.425117;0.14534;0.998469 0.0507024 0.0221341 -0.357335 -0.0512274 0.998403 0.0238352 0.264945 -0.0208903 -0.0249326 0.999471 0.642482 0 0 0 1 
39885980090112;0.465914;0.457037;0.902086 0.428148 -0.0541323 -1.97506 -0.426788 0.866476 -0.25898 1.07409 -0.0639776 0.256726 0.964364 -0.900712 0 0 0 1 
39885980090113;0.34947;0.180408;0.991663 0.123156 0.0379082 -0.650548 -0.128639 0.92904 0.346894 0.618179 0.00750371 -0.348879 0.937138 1.48072 0 0 0 1 
39885980090114;0.0961654;0.124117;0.995722 0.0775688 -0.0502002 -0.395352 -0.0772094 0.996974 0.00906202 0.208737 0.0507512 -0.00514732 0.998698 -0.124894 0 0 0 1 
39885980090115;0.726185;0.393671;0.983645 -0.10013 -0.149718 0.0444949 0.092938 0.99419 -0.0543042 0.340315 0.154286 0.0395016 0.987236 0.680239 0 0 0 1 
39885980090116;0.788969;0.518497;0.954402 -0.297293 -0.0270832 0.997464 0.294033 0.951844 -0.0868185 0.505626 0.0515896 0.0748964 0.995856 0.4958 0 0 0 1 
39885980090117;0.478045;0.187244;0.995468 0.0471147 0.0826032 -0.277834 -0.0482015 0.998775 0.0112112 0.219762 -0.0819738 -0.015142 0.996519 0.713038 0 0 0 1 
39885980090118;0.326438;0.287213;0.991491 -0.127254 0.0274319 0.388614 0.126826 0.991782 0.0168182 0.162567 -0.0293467 -0.0131961 0.999482 0.278625 0 0 0 1 
39885980090119;0.735474;0.334621;0.979914 -0.118754 0.160208 0.408957 0.125319 0.991617 -0.0314809 0.0224813 -0.155126 0.0509257 0.986581 0.773806 0 0 0 1 
39885980090120;0.723848;0.131579;0.992492 0.0016437 0.122295 -0.270219 0.0101432 0.995359 -0.0956964 0.699188 -0.121884 0.0962184 0.98787 0.514646 0 0 0 1 
39885980090121;0.394688;0.32479;0.998329 0.055392 -0.0164902 -0.318695 -0.0571828 0.988103 -0.142766 -0.0710473 0.0083859 0.143471 0.989619 -0.223249 0 0 0 1 
39885980090122;0.722168;0.31025;0.980545 0.191291 0.0440325 -0.935782 -0.190169 0.98134 -0.0284295 0.411739 -0.0486492 0.0195028 0.998626 0.890963 0 0 0 1 
39885980090124;0.340489;0.0137487;0.996334 0.085326 0.00618733 0.220603 -0.0852996 0.996346 -0.00442445 -0.632099 -0.00654224 0.00388045 0.999971 -0.363845 0 0 0 1 
39885980090125;0.370091;0.0180225;0.912965 0.0202976 0.407532 -0.391695 -0.0558214 0.995585 0.0754666 -0.263292 -0.4042 -0.0916474 0.910067 -0.990954 0 0 0 1 
39885980090126;0.34208;0.0156731;0.88806 0.242606 0.390501 0.556264 -0.258274 0.965987 -0.0127819 -0.534941 -0.38032 -0.0895052 0.920514 -0.636455 0 0 0 1 
39885980090127;0.0863411;0.0312164;0.99607 -0.0133763 -0.0875535 -0.0278691 0.0184368 0.99819 0.0572477 -7.58067e-05 0.0866292 -0.0586369 0.994513 -0.0216782 0 0 0 1 
39885980090128;0.358883;0.0140916;0.973592 0.162345 0.160507 0.663076 -0.169455 0.985032 0.0315604 0.00717795 -0.152981 -0.0579257 0.98653 0.198382 0 0 0 1 
39885980090129;0.382249;0.0462797;0.937939 0.346784 0.00343111 1.34894 -0.346791 0.937941 0.00167721 -0.790602 -0.00263655 -0.00276299 0.999993 -0.0283127 0 0 0 1 
39885980090130;0.323168;0.0337281;0.974772 0.174885 -0.138692 0.868273 -0.191157 0.974892 -0.114215 -0.0854781 0.115235 0.137845 0.983727 0.337448 0 0 0 1 
39885980090131;0.505537;0.0403719;0.995968 -0.0890546 -0.0107895 -0.758526 0.0882721 0.994354 -0.0588972 -0.628248 0.0159736 0.0577073 0.998206 -0.208675 0 0 0 1 
39885980090132;0.44134;0.0254495;0.998866 0.0302253 -0.0367792 -0.578694 -0.0338183 0.994276 -0.101352 0.085833 0.0335053 0.102481 0.994171 0.798045 0 0 0 1 
39885980090133;0.275576;0.0359572;0.999251 -0.0371909 -0.0107104 -0.573151 0.0372632 0.999283 0.00663487 -0.10451 0.010456 -0.007029 0.999921 -0.160214 0 0 0 1 
39885980090134;0.264805;0.0260778;0.983694 -0.128497 0.125834 -0.451983 0.155991 0.957817 -0.241359 0.084293 -0.0895115 0.257052 0.962243 0.970306 0 0 0 1 
39885980090135;0.321182;0.012765;0.981509 0.189352 0.0280192 0.252612 -0.184253 0.974276 -0.129757 -0.223282 -0.0518683 0.122195 0.99115 0.691472 0 0 0 1 
39885980090136;0.536598;0.0114298;0.99125 0.0666084 -0.11396 -0.166424 -0.0808799 0.988781 -0.125579 0.106279 0.104317 0.133697 0.985517 1.49212 0 0 0 1 
39885980090137;0.239766;0.021338;0.999097 0.0305993 0.0294839 -0.0637353 -0.0322012 0.99794 0.0554828 0.0472843 -0.0277255 -0.0563821 0.998024 -0.647839 0 0 0 1 
39885980090138;0.366462;0.0266385;0.935616 -0.336413 -0.107001 -1.26915 0.328152 0.940542 -0.0877298 0.2444 0.130152 0.046969 0.990381 0.106766 0 0 0 1 
39885980090139;0.522118;0.0120673;0.988488 0.146522 0.0377118 -0.202332 -0.148957 0.986154 0.0728808 -0.698093 -0.026511 -0.0776593 0.996627 0.156873 0 0 0 1 
39885980090140;0.328612;0.0195595;0.977409 -0.0353157 -0.208383 -0.159894 0.0188843 0.99659 -0.0803215 0.0327924 0.210509 0.0745719 0.974744 1.08047 0 0 0 1 
39885980090141;0.0802768;0.00902531;0.999039 -0.0164866 0.0406164 -0.164184 0.0145258 0.998737 0.0481051 -0.0495869 -0.0413581 -0.0474689 0.998016 -0.148426 0 0 0 1 
39885980090142;0.374391;0.0488121;0.940393 0.239515 -0.241441 1.05124 -0.165056 0.942146 0.291749 -0.615572 0.297351 -0.234507 0.925521 -0.627813 0 0 0 1 
39885980090143;0.228673;0.0426816;0.986367 0.157505 -0.0476747 0.63168 -0.157685 0.98749 7.47891e-07 -0.143015 0.0470784 0.00751684 0.998863 -0.153095 0 0 0 1 
39885980090144;0.446317;0.0358636;0.925954 0.377489 0.010555 1.3861 -0.377636 0.92565 0.0237552 -0.866651 -0.000802965 -0.0259821 0.999662 0.243507 0 0 0 1 
39885980090145;0.0431272;0.0118719;0.99974 0.0097365 0.0206198 0.000718723 -0.0104828 0.999282 0.0364023 -0.0221795 -0.0202506 -0.036609 0.999124 -0.162109 0 0 0 1 
39885980090146;0.329175;0.0351357;0.994504 -0.0966794 -0.0401805 -0.219826 0.0954812 0.994956 -0.0307451 0.412237 0.0429503 0.0267396 0.998719 0.630352 0 0 0 1 
39885980090147;0.155218;0.0126078;0.998568 0.0491069 0.0212315 0.0263459 -0.0503644 0.996715 0.06343 -0.113276 -0.0180469 -0.0644084 0.99776 -0.0109738 0 0 0 1 
39885980090148;0.427209;0.0136757;0.986692 0.146444 0.0706677 0.342598 -0.125708 0.962665 -0.239738 -0.459181 -0.103138 0.227664 0.968262 1.47173 0 0 0 1 
39885980090149;0.211483;0.0212134;0.98591 -0.108195 0.127575 -0.595807 0.107347 0.99413 0.0135242 0.158622 -0.128289 0.000361156 0.991737 0.0792799 0 0 0 1 
39885980090150;0.560906;0.0408797;0.924503 0.203884 -0.322064 1.16231 -0.232365 0.971228 -0.0521774 0.306209 0.302159 0.123075 0.945279 0.320683 0 0 0 1 
39885980090151;0.283425;0.0273814;0.951621 0.27641 0.134218 0.892886 -0.230476 0.930971 -0.283148 -0.443076 -0.203218 0.238516 0.949638 0.640628 0 0 0 1 
39885980090152;0.461176;0.0398655;0.910329 -0.394576 0.124944 -1.70633 0.388077 0.918675 0.0737111 0.19161 -0.143867 -0.0186135 0.989422 -0.398397 0 0 0 1 
39885980090153;0.364593;0.0153681;0.993809 0.0976922 0.052908 -0.0236133 -0.10118 0.992552 0.0678414 -0.570727 -0.0458864 -0.0727747 0.996292 -0.715219 0 0 0 1 
39885980090155;0.220386;1.00344;0.996175 -0.0870422 0.00767954 -0.419264 0.0869867 0.996183 0.00728074 0.551522 -0.00828396 -0.00658487 0.999944 0.0433153 0 0 0 1 
39885980090156;0.547565;1.14612;0.957067 -0.113708 0.266632 -0.0211508 0.0735749 0.985017 0.155977 0.620242 -0.280373 -0.129663 0.951093 1.32913 0 0 0 1 
39885980090157;0.178395;0.956908;0.996957 0.0754347 0.0196405 -0.445485 -0.0754186 0.997151 -0.00155863 0.978624 -0.0197021 7.2633e-05 0.999806 -0.0587796 0 0 0 1 
39885980090158;0.913519;1.0563;0.911186 0.0240779 0.41129 0.450372 -0.0738199 0.991677 0.105488 1.13696 -0.405327 -0.126481 0.90538 2.02325 0 0 0 1 
39885980090159;0.31181;0.919787;0.985045 0.140792 -0.099321 -0.342715 -0.170429 0.880884 -0.441586 1.62215 0.0253185 0.451909 0.891705 -0.251158 0 0 0 1 
39885980090160;0.529179;1.30779;0.994008 0.108662 -0.0118844 -0.672094 -0.108457 0.99396 0.0167743 1.57352 0.0136353 -0.0153848 0.999789 0.4725 0 0 0 1 
39885980090161;0.588623;0.976647;0.973889 -0.153662 0.167118 -0.429558 0.128982 0.980283 0.149699 0.377406 -0.186825 -0.124235 0.974506 1.17904 0 0 0 1 
39885980090162;0.825722;1.13185;0.971841 -0.23251 -0.0382684 -0.0919354 0.232772 0.972528 0.0024637 0.330331 0.0366443 -0.0113021 0.999264 -0.844501 0 0 0 1 
39885980090163;0.504725;0.517658;0.999404 0.0341855 0.00483796 -0.168282 -0.0343014 0.999064 0.0263462 0.840222 -0.00393278 -0.0264964 0.999641 0.0697806 0 0 0 1 
39885980090164;0.244441;0.574732;0.995278 0.0622319 -0.0744869 -0.266684 -0.0530231 0.991382 0.119792 0.630349 0.0812998 -0.115276 0.990001 -0.443268 0 0 0 1 
39885980090165;0.707584;0.51998;0.998648 0.0488923 0.0176498 -0.627262 -0.0486437 0.998715 -0.0142525 0.673639 -0.018324 0.0133747 0.999743 -0.617845 0 0 0 1 
39885980090166;0.507941;0.938478;0.97412 0.175942 0.141897 -0.363234 -0.157686 0.978752 -0.131074 1.71944 -0.161944 0.105307 0.981165 0.775775 0 0 0 1 
39885980090167;0.79424;1.08968;0.981857 -0.180327 -0.0586496 -0.256775 0.174556 0.980344 -0.0919583 0.615285 0.0740793 0.0800522 0.994034 0.453489 0 0 0 1 
39885980090168;0.994365;0.87585;0.996577 0.07137 -0.04171 0.356266 -0.0746829 0.993649 -0.0841668 1.44557 0.0354381 0.0869938 0.995578 0.588779 0 0 0 1 
39885980090169;0.602224;0.927893;0.950081 0.259147 -0.17375 -0.350748 -0.273245 0.959918 -0.0624148 2.32228 0.150611 0.106775 0.98281 -0.749595 0 0 0 1 
39885980090170;0.878287;1.1943;0.978834 -0.102267 -0.177272 -0.387606 0.134866 0.973841 0.182881 0.515614 0.153932 -0.202918 0.967021 0.415166 0 0 0 1 
39885980090171;0.174618;1.13566;0.975188 0.190411 -0.112929 -0.306213 -0.186848 0.981515 0.0414329 1.78094 0.11873 -0.0193043 0.992739 -0.47876 0 0 0 1 
39885980090172;0.809772;1.19078;0.987845 0.155413 -0.00308652 -0.665269 -0.155392 0.987833 0.00624226 1.89514 0.0040191 -0.00568677 0.999976 0.717766 0 0 0 1 
39885980090173;0.12527;1.03871;0.999081 0.00910685 -0.0418785 -0.443924 -0.0137389 0.993648 -0.111687 1.0725 0.0405954 0.11216 0.992861 -0.195971 0 0 0 1 
39885980090174;1.08358;1.11552;0.949906 0.130149 0.284147 -0.396843 -0.14263 0.989495 0.0235898 1.76302 -0.278092 -0.0629359 0.95849 1.83718 0 0 0 1 
39885980090175;0.382051;0.647774;0.997867 0.0650652 0.005325 -0.487112 -0.0649697 0.997751 -0.0164812 0.703999 -0.00638537 0.0161001 0.99985 0.403407 0 0 0 1 
39885980090176;1.01834;1.40611;0.945595 -0.120996 0.302011 -0.515729 0.130695 0.99135 -0.0120363 0.414208 -0.297942 0.0508527 0.953229 1.43709 0 0 0 1 
39885980090177;0.304463;1.11805;0.996888 0.058992 0.0522968 -0.419151 -0.0595496 0.998183 0.00916709 1.20004 -0.0516611 -0.0122528 0.99859 -0.0620664 0 0 0 1 
39885980090178;0.543046;1.01457;0.993976 0.0512993 0.0968463 -0.712683 -0.0453707 0.997016 -0.062457 0.972556 -0.0997613 0.0576868 0.993338 0.690501 0 0 0 1 
39885980090179;0.361753;1.22593;0.981898 0.125735 -0.141656 -0.495752 -0.130643 0.991092 -0.0258629 1.59865 0.137142 0.0439011 0.989578 -0.114008 0 0 0 1 
39885980090180;0.25283;1.14722;0.999177 -0.0210849 -0.034661 -0.445247 0.0219808 0.999429 0.0256729 1.02759 0.0340998 -0.0264136 0.999069 0.0966748 0 0 0 1 
39885980090181;0.881259;1.30344;0.981457 0.020489 -0.190584 0.0398669 -0.00193541 0.995279 0.0970322 0.701716 0.191672 -0.0948641 0.976864 -0.0652076 0 0 0 1 
39885980090182;0.669254;0.99453;0.994331 0.106276 0.00341548 -0.0621539 -0.106304 0.994289 0.00944459 1.08056 -0.00239224 -0.00975412 0.99995 -0.584754 0 0 0 1 
39885980090183;0.198594;1.19701;0.962237 0.106113 0.250677 -0.219712 -0.112345 0.993612 0.0106402 1.55738 -0.247947 -0.0384007 0.968012 0.90279 0 0 0 1 
39885980090184;0.838159;0.958149;0.979518 0.187765 -0.0727173 -0.179831 -0.201341 0.909131 -0.364613 2.10685 -0.00235203 0.371786 0.928316 -0.812601 0 0 0 1 
39885980090186;1.03403;0.667706;0.990393 0.133029 0.0377429 0.0490959 -0.132027 0.990853 -0.0279189 -0.500923 -0.0411117 0.0226677 0.998897 -0.579082 0 0 0 1 
39885980090187;0.391456;0.299138;0.998623 0.00917532 0.0516524 -0.184001 -0.0137903 0.995872 0.0897117 -0.271952 -0.050616 -0.0903005 0.994627 -0.103873 0 0 0 1 
39885980090188;0.19321;0.351433;0.995165 -0.0302828 -0.0934272 -0.0957755 0.0214805 0.995357 -0.093822 -0.327332 0.0958346 0.0913616 0.991196 -0.538568 0 0 0 1 
39885980090189;0.694654;0.27977;0.967096 -0.157963 0.199431 0.119354 0.144544 0.98624 0.0802345 -0.63666 -0.209361 -0.048768 0.976622 1.17541 0 0 0 1 
39885980090190;0.710931;0.278049;0.999217 0.00276748 -0.0394667 -0.164758 0.006731 0.971116 0.238512 -0.0919659 0.0389868 -0.238591 0.970337 0.719947 0 0 0 1 
39885980090191;0.303973;0.454733;0.998032 0.0567401 0.0266897 -0.299484 -0.0570391 0.998316 0.0105783 -0.117183 -0.0260446 -0.0120799 0.999588 -0.0925717 0 0 0 1 
39885980090192;0.937341;0.329633;0.999681 0.013557 0.0213115 -0.064604 -0.0137369 0.999871 0.00831815 -0.624977 -0.021196 -0.00860825 0.999738 0.80505 0 0 0 1 
39885980090193;0.0973903;0.325957;0.999896 -0.00559503 0.0133245 -0.137999 0.00543029 0.999909 0.0123681 -0.21553 -0.0133925 -0.0122945 0.999835 0.0725216 0 0 0 1 
39885980090194;0.330993;0.329007;0.998374 -0.0519889 0.0233829 -0.122974 0.0528959 0.997798 -0.0400023 -0.628187 -0.0212517 0.0411741 0.998926 0.127209 0 0 0 1 
39885980090195;0.913121;0.232611;0.999121 0.0392 -0.0148215 -0.134214 -0.0401542 0.996684 -0.0707686 0.217286 0.0119982 0.0713016 0.997383 -0.923204 0 0 0 1 
39885980090196;0.843835;0.428737;0.993123 0.082629 0.0829391 -0.196607 -0.0863153 0.995387 0.0418841 -0.0230673 -0.0790957 -0.048755 0.995674 -0.45681 0 0 0 1 
39885980090197;0.709255;0.398765;0.99934 0.0155211 0.0328459 -0.251354 -0.0202042 0.988866 0.147434 -0.390216 -0.0301918 -0.148 0.988526 -0.412803 0 0 0 1 
39885980090198;1.04503;0.588957;0.99896 -0.0231407 -0.0392893 -0.0483343 0.0187582 0.993924 -0.108463 -0.158312 0.0415605 0.107613 0.993324 0.667514 0 0 0 1 
39885980090199;0.0833687;0.31149;0.998161 -0.0355826 0.0490694 -0.107995 0.0349302 0.99929 0.01409 -0.402062 -0.049536 -0.0123501 0.998696 0.150118 0 0 0 1 
39885980090200;1.06244;0.614929;0.998372 0.0533251 -0.0202368 -0.138302 -0.0536773 0.998409 -0.0172766 0.212808 0.0192833 0.0183348 0.999646 0.746167 0 0 0 1 
39885980090201;0.454509;0.435287;0.970119 -0.116348 -0.212912 -0.11925 0.106726 0.9927 -0.0561794 -0.387976 0.217894 0.0317773 0.975455 -0.452148 0 0 0 1 
39885980090202;0.602175;0.533033;0.924473 0.0724747 -0.374296 -0.354593 -0.0418191 0.995118 0.0893953 -0.053421 0.378948 -0.0669908 0.92299 -0.89035 0 0 0 1 
39885980090203;0.367742;0.348019;0.911085 0.00365001 0.412203 0.068894 -0.0727438 0.985691 0.152056 0.1676 -0.405749 -0.168521 0.898314 1.56197 0 0 0 1 
39885980090204;1.06319;0.421184;0.971156 0.0952986 0.218571 0.0132974 -0.0749918 0.992217 -0.09941 -0.142192 -0.226343 0.0801517 0.970744 1.64186 0 0 0 1 
39885980090205;0.675409;0.489244;0.999395 0.0339525 0.00759979 -0.549458 -0.0334164 0.997512 -0.0620771 -0.646286 -0.00968855 0.0617856 0.998042 -0.254957 0 0 0 1 
39885980090206;0.947378;0.331948;0.994678 0.0612141 0.0828764 -0.294649 -0.0681288 0.994189 0.0833509 -0.311777 -0.0772925 -0.0885535 0.993068 1.15615 0 0 0 1 
39885980090207;0.975527;0.323976;0.99826 -0.0405232 -0.0428344 -0.106383 0.0413439 0.998975 0.01845 -0.108405 0.0420428 -0.0201889 0.998912 -0.96129 0 0 0 1 
39885980090208;0.357335;0.388764;0.964453 0.128441 0.230938 -0.205225 -0.111596 0.990143 -0.0846373 0.158344 -0.239533 0.0558569 0.96928 0.496928 0 0 0 1 
39885980090209;0.567849;0.356097;0.990268 0.138507 0.0136094 -0.624821 -0.138711 0.990214 0.0153604 -0.0134277 -0.0113487 -0.0170987 0.999789 0.176639 0 0 0 1 
39885980090210;0.29383;0.348868;0.975759 0.0154361 0.218305 -0.0142701 -0.0347881 0.995766 0.085083 -0.164312 -0.216067 -0.0906149 0.972165 1.00497 0 0 0 1 
39885980090211;0.573799;0.43222;0.996136 0.0770509 0.0421416 -0.532286 -0.0537562 0.914409 -0.401206 -0.0480796 -0.069448 0.397391 0.915018 0.0192686 0 0 0 1 
39885980090212;0.324919;0.449231;0.991418 0.126355 -0.0335396 -0.232683 -0.122657 0.98782 0.095747 0.0328013 0.0452291 -0.0908114 0.99484 0.202529 0 0 0 1 
39885980090213;0.920265;0.385234;0.991472 -0.063154 -0.113995 -0.0124441 0.0721933 0.994415 0.0769893 -0.782703 0.108496 -0.0845624 0.990494 0.501499 0 0 0 1 
39885980090214;0.527822;0.589282;0.979481 0.19357 0.0561001 -0.346101 -0.19472 0.980732 0.0157515 0.426672 -0.0519702 -0.0263521 0.998301 0.506678 0 0 0 1 
39885980090215;0.58213;0.490864;0.972544 -0.217204 0.083549 0.0588324 0.219804 0.975269 -0.0231817 -0.991209 -0.0764476 0.0409097 0.996234 0.231081 0 0 0 1 
39885980090217;1.03417;1.32253;0.974891 0.220325 -0.0323041 0.268995 -0.221833 0.973553 -0.0546257 1.02672 0.0194144 0.0604203 0.997984 -0.58551 0 0 0 1 
39885980090218;0.202378;1.31006;0.933465 0.357137 -0.0331052 0.25869 -0.356861 0.934051 0.0140969 1.9409 0.0359564 -0.001345 0.999352 -0.202926 0 0 0 1 
39885980090219;0.470141;1.71115;0.984953 0.136939 0.10543 0.199858 -0.142038 0.988951 0.0424447 1.53634 -0.0984525 -0.056781 0.993521 0.368088 0 0 0 1 
39885980090220;1.3181;0.48691;0.978527 -0.0781234 -0.190739 -0.102915 0.0613363 0.993832 -0.0923898 0.785392 0.19678 0.0787068 0.977283 -0.436379 0 0 0 1 
39885980090221;1.15923;1.07746;0.938788 -0.00548911 0.344452 -0.271201 0.0640247 0.985233 -0.158796 0.0900811 -0.338493 0.171129 0.925277 0.719403 0 0 0 1 
39885980090222;0.407338;1.07807;0.957975 0.178289 0.224717 0.151604 -0.197411 0.978128 0.0655274 1.29763 -0.208119 -0.107135 0.972218 0.868267 0 0 0 1 
39885980090223;0.517255;1.05167;0.955854 0.21316 0.202252 -0.0510606 -0.226684 0.972883 0.0459637 1.42746 -0.18697 -0.0897817 0.978254 0.774532 0 0 0 1 
39885980090224;1.08029;0.875896;0.981539 -0.154362 0.112929 -0.0898653 0.141734 0.983498 0.112441 -0.477856 -0.128422 -0.0943594 0.98722 0.543475 0 0 0 1 
39885980090225;0.715361;0.676426;0.995873 -0.00435783 -0.090652 0.067436 -0.0191972 0.966131 -0.257338 0.555452 0.0887031 0.258016 0.96206 0.136749 0 0 0 1 
39885980090226;0.549209;0.523289;0.955298 0.00510085 0.295601 0.0145104 -0.0344794 0.99495 0.0942589 0.187546 -0.293627 -0.100237 0.95065 0.996255 0 0 0 1 
39885980090227;1.15995;1.62517;0.846952 0.53166 0.00312906 1.28524 -0.531265 0.846065 0.0439476 2.6013 0.0207178 -0.0388839 0.999029 -0.510112 0 0 0 1 
39885980090228;0.215505;0.52592;0.993161 -0.100269 0.0598068 0.0561675 0.100969 0.994851 -0.00879257 0.0849589 -0.0586172 0.0147711 0.998171 0.00568909 0 0 0 1 
39885980090229;0.121617;1.24443;0.971125 0.238565 0.00152441 0.30831 -0.238321 0.9698 0.0518808 1.5266 0.0108986 -0.050746 0.998652 -0.069532 0 0 0 1 
39885980090230;1.03093;1.6744;0.965656 0.25979 -0.00419716 0.426971 -0.259789 0.965665 0.00067487 1.44308 0.00422838 0.000438685 0.999991 0.48952 0 0 0 1 
39885980090231;0.888653;0.634062;0.993194 0.0204362 0.114669 -0.108408 -0.0343361 0.992109 0.120586 0.3244 -0.1113 -0.123703 0.986058 0.507795 0 0 0 1 
39885980090232;0.59802;1.57821;0.950049 0.179571 -0.255266 0.617125 -0.249598 0.928181 -0.27601 1.64015 0.18737 0.325937 0.926638 -0.440921 0 0 0 1 
39885980090233;0.0427632;1.07852;0.966215 0.257723 -0.00252326 0.204498 -0.257732 0.966208 -0.00398806 1.57336 0.00141018 0.00450365 0.999989 -0.0261091 0 0 0 1 
39885980090234;0.404716;0.493487;0.987043 0.101845 -0.123988 0.0961214 -0.0449127 0.917209 0.395868 0.469906 0.15404 -0.38517 0.909899 -0.444247 0 0 0 1 
39885980090235;0.881271;1.59022;0.958375 0.241439 -0.152398 0.930553 -0.264778 0.951274 -0.158021 1.969 0.10682 0.191795 0.975604 -0.632492 0 0 0 1 
39885980090236;1.0378;1.31316;0.957785 0.287278 -0.0109233 0.246333 -0.287337 0.95782 -0.00419579 1.81356 0.00925724 0.00715734 0.999932 -0.866163 0 0 0 1 
39885980090237;0.452033;0.606118;0.976116 0.0881527 -0.19856 0.173316 -0.0261126 0.954957 0.295593 0.487254 0.215674 -0.283348 0.934451 -0.796536 0 0 0 1 
39885980090238;0.922552;1.00856;0.94435 0.0780585 -0.319545 0.0761104 -0.145381 0.970452 -0.192582 1.67815 0.295071 0.228321 0.927795 -0.382485 0 0 0 1 
39885980090239;0.393854;0.405163;0.995584 -0.0268379 -0.0899582 0.0598032 0.00137942 0.962343 -0.271836 0.231785 0.0938661 0.270512 0.95813 -0.274762 0 0 0 1 
39885980090240;0.68439;1.61269;0.903437 0.427725 -0.0292163 0.594273 -0.428564 0.899163 -0.0885408 2.88512 -0.0116009 0.0925121 0.995644 -0.284842 0 0 0 1 
39885980090241;0.655728;0.913626;0.955322 -0.035725 0.293398 -0.0465228 0.109632 0.964685 -0.239507 0.654534 -0.274481 0.260972 0.925502 0.323076 0 0 0 1 
39885980090242;0.353633;0.852672;0.89936 -0.035068 0.435801 0.307917 0.132583 0.971717 -0.195419 0.36112 -0.416622 0.233531 0.878572 1.17741 0 0 0 1 
39885980090243;1.27115;1.13981;0.996873 -0.0717438 0.0331082 0.353753 0.0710302 0.997226 0.0222507 0.793042 -0.0346127 -0.0198295 0.999204 0.838924 0 0 0 1 
39885980090244;0.554019;1.55572;0.990049 0.0171025 0.139678 0.366194 -0.0446177 0.979524 0.196319 1.01283 -0.13346 -0.200598 0.97054 0.28568 0 0 0 1 
39885980090245;0.651828;0.463302;0.994692 0.0819487 -0.0622225 0.0919569 -0.0845246 0.99562 -0.0399566 0.750646 0.0586756 0.0450039 0.997262 0.260049 0 0 0 1 
39885980090246;0.546588;1.70746;0.97392 0.213033 -0.0780754 0.495957 -0.203302 0.972153 0.116564 1.64854 0.100733 -0.0976508 0.99011 -0.552553 0 0 0 1 
39885980090248;0.37448;0.138823;0.945325 -0.264114 0.191322 -0.158356 0.25358 0.964161 0.07805 0.171357 -0.20508 -0.0252672 0.978419 0.0312807 0 0 0 1 
39885980090249;0.482365;0.129204;0.954644 -0.297072 -0.0200893 -0.0813295 0.297174 0.954821 0.00222939 -0.000193802 0.0185194 -0.00809829 0.999796 -0.324883 0 0 0 1 
39885980090250;0.869457;0.104241;0.939649 0.0245993 0.341253 -0.0801135 -0.0904156 0.979807 0.178332 -0.669475 -0.329976 -0.198424 0.9229 0.329308 0 0 0 1 
39885980090251;0.521745;0.112534;0.994771 -0.0955246 -0.0361351 0.021425 0.0952288 0.995407 -0.00982318 -0.258143 0.0369075 0.00633071 0.999299 0.31082 0 0 0 1 
39885980090252;1.01023;0.119452;0.994531 0.0957898 0.0416164 0.277522 -0.103176 0.962922 0.249272 -0.118951 -0.0161956 -0.252202 0.967539 -0.954893 0 0 0 1 
39885980090253;0.430197;0.0960661;0.978355 0.140873 -0.151582 0.0632876 -0.100181 0.96338 0.248724 0.284348 0.181069 -0.228155 0.95664 -0.0993466 0 0 0 1 
39885980090254;0.437029;0.105062;0.992279 -0.114027 0.0487775 0.011417 0.115723 0.992717 -0.0334841 0.16261 -0.0446042 0.0388703 0.998248 0.383414 0 0 0 1 
39885980090255;0.581357;0.11641;0.996739 0.0401829 0.069976 0.107235 -0.0434435 0.998009 0.0457147 -0.251832 -0.0679998 -0.0486056 0.996501 0.402225 0 0 0 1 
39885980090256;0.383432;0.111589;0.918894 -0.38606 0.0811826 -0.210065 0.389982 0.919988 -0.0391884 0.199349 -0.059558 0.0676697 0.995929 0.0104623 0 0 0 1 
39885980090257;0.931685;0.100494;0.978414 0.189566 -0.0822871 -0.116287 -0.195435 0.978195 -0.0702839 0.140435 0.0671694 0.0848486 0.994127 -0.83586 0 0 0 1 
39885980090258;0.517582;0.114224;0.986627 -0.107468 -0.122549 -0.284448 0.111889 0.993275 0.0297561 0.187832 0.118527 -0.04307 0.992016 0.419843 0 0 0 1 
39885980090259;0.758348;0.178202;0.991613 -0.129206 -0.00318775 0.503839 0.129209 0.991617 0.000599538 0.315193 0.00308356 -0.0010064 0.999995 0.372851 0 0 0 1 
