#;prob_registration_l1 -r /home/probabilistic_point_clouds_registration/build/tester /home/point_clouds_registration_benchmark//devel/registration_pairs/pioneer_slam_local.txt /home/point_clouds_registration_benchmark//tum/pioneer_slam -s 0.1 -t 0.1 -p 0.3 -r 1000 -m 15 -i 40 
id;initial_error;final_error;transformation
1807261650000;0.252801;0.0979096;0.995401 0.048402 0.0826673 -0.23413 -0.0452216 0.998179 -0.0399229 0.302175 -0.0844491 0.0360009 0.995777 0.181499 0 0 0 1 
1807261650001;0.370505;0.107507;0.971506 0.123848 0.202085 -0.0663587 -0.1626 0.968601 0.188077 0.509424 -0.172447 -0.215577 0.961139 0.862467 0 0 0 1 
1807261650002;0.611698;0.177366;0.999874 0.0156646 -0.00268762 0.154934 -0.015723 0.999605 -0.0232826 -0.611086 0.00232185 0.0233219 0.999725 0.570225 0 0 0 1 
1807261650003;0.65444;0.256999;0.962686 0.264798 -0.0558291 0.311365 -0.260302 0.962485 0.0765822 0.886946 0.0740135 -0.0591922 0.995499 -0.991054 0 0 0 1 
1807261650004;0.70178;0.280117;0.921868 0.340964 0.184128 0.0168762 -0.314407 0.93589 -0.158928 1.17891 -0.226512 0.0886197 0.969968 1.38905 0 0 0 1 
1807261650005;0.564667;0.111935;0.991623 -0.129062 0.00511209 0.0854347 0.1291 0.991599 -0.00800085 -0.106575 -0.00403654 0.0085938 0.999955 0.746572 0 0 0 1 
1807261650006;0.456118;0.097161;0.997251 -0.0373345 -0.0640112 -0.2466 0.0276031 0.988799 -0.146679 0.244309 0.0687704 0.144508 0.987111 -0.670194 0 0 0 1 
1807261650007;0.0911852;0.0391266;0.997489 0.0153681 0.0691317 -0.108807 -0.0167843 0.99966 0.0199515 0.0260762 -0.0688016 -0.0210618 0.997408 0.280231 0 0 0 1 
1807261650008;0.628711;0.249021;0.957218 -0.0520706 0.284644 0.599466 0.0158062 0.991617 0.128245 -0.291942 -0.288936 -0.118259 0.950016 0.747054 0 0 0 1 
1807261650009;0.268333;0.25839;0.985271 -0.170909 -0.00564564 0.038106 0.170875 0.985274 -0.00601047 -0.362904 0.00658975 0.00495724 0.999966 -0.104114 0 0 0 1 
1807261650010;0.71038;0.233083;0.948708 0.316049 0.00818653 0.098955 -0.316092 0.948718 0.0045742 0.954619 -0.00632104 -0.00692728 0.999956 -0.872035 0 0 0 1 
1807261650011;0.818748;0.237755;0.917953 0.396646 -0.00580687 0.0301368 -0.396666 0.917959 -0.00266921 1.43829 0.00427174 0.0047536 0.99998 -0.884081 0 0 0 1 
1807261650012;0.646177;0.0392782;0.999993 0.00283128 0.00236542 0.186587 -0.00271606 0.998874 -0.0473673 -0.576997 -0.00249686 0.0473606 0.998875 -0.714274 0 0 0 1 
1807261650013;0.5425;0.0757719;0.988201 0.0459931 -0.146092 -0.013471 -0.052322 0.997838 -0.0397762 0.00950037 0.143946 0.0469507 0.988471 -1.20401 0 0 0 1 
1807261650014;0.402811;0.152261;0.949875 0.176203 -0.258246 0.306062 -0.14711 0.98079 0.128101 0.383829 0.275857 -0.0836889 0.957549 -1.37213 0 0 0 1 
1807261650015;0.62098;0.118334;0.906677 -0.373348 0.196337 0.298821 0.371857 0.927158 0.0458329 -0.946549 -0.199147 0.0314537 0.979465 1.29224 0 0 0 1 
1807261650016;0.314215;0.16933;0.992922 0.1073 -0.0509129 -0.0870997 -0.105237 0.993576 0.0416054 0.473292 0.0550501 -0.035953 0.997836 -0.00318639 0 0 0 1 
1807261650017;0.544853;0.178115;0.952945 0.0981338 -0.286819 0.188918 -0.194537 0.923599 -0.330335 0.771399 0.232489 0.370588 0.899229 -1.07149 0 0 0 1 
1807261650018;0.870541;0.278714;0.903127 0.410461 0.126029 0.0648952 -0.403825 0.911714 -0.0755166 1.67521 -0.145899 0.0173073 0.989148 1.21327 0 0 0 1 
1807261650019;0.408282;0.168392;0.972201 0.234101 -0.00458512 -0.278238 -0.234112 0.972207 -0.00204678 0.590303 0.00397854 0.00306331 0.999987 0.313143 0 0 0 1 
1807261650020;0.378251;0.154426;0.963325 0.0210623 -0.267508 0.0127528 -0.113907 0.934735 -0.336595 0.401526 0.24296 0.354722 0.902853 -0.916452 0 0 0 1 
1807261650021;0.0584465;0.109096;0.999004 0.0353284 -0.0272728 -0.0295913 -0.0351181 0.99935 0.00815121 -0.0474525 0.027543 -0.00718532 0.999595 -0.0689021 0 0 0 1 
1807261650022;0.492617;0.153931;0.980665 -0.10826 -0.163021 0.203579 0.0952411 0.99176 -0.0856855 -0.154439 0.170954 0.0685025 0.982895 -1.14511 0 0 0 1 
1807261650023;0.436303;0.262948;0.951428 0.306313 0.0309328 -0.0165213 -0.307116 0.951324 0.0257255 1.01053 -0.0215471 -0.0339759 0.99919 0.168806 0 0 0 1 
1807261650024;0.611538;0.180263;0.995868 -0.0122579 0.0899786 0.0919907 0.0190456 0.997004 -0.0749708 0.354497 -0.08879 0.0763747 0.993118 -0.381116 0 0 0 1 
1807261650025;0.222007;0.102237;0.990544 -0.115247 -0.0744358 -0.125249 0.104063 0.9847 -0.139774 -0.366434 0.0894054 0.130707 0.987382 -0.109011 0 0 0 1 
1807261650026;0.125003;0.0465468;0.997499 -0.0247837 -0.0661974 -0.168826 0.0174282 0.993838 -0.109466 -0.0804798 0.0685024 0.108039 0.991784 -0.116464 0 0 0 1 
1807261650027;0.446617;0.222166;0.925609 -0.373706 0.0599299 0.174476 0.368345 0.925855 0.0843427 -1.14541 -0.0870059 -0.0559935 0.994633 0.37425 0 0 0 1 
1807261650028;0.18577;0.172873;0.981648 0.180075 -0.0627728 0.111195 -0.182049 0.982912 -0.0272545 0.27261 0.0567923 0.0381821 0.997656 -0.186966 0 0 0 1 
1807261650029;0.503137;0.191118;0.988628 0.0754432 -0.130088 0.159506 -0.103601 0.968709 -0.225544 0.732967 0.109002 0.236457 0.965509 -0.253336 0 0 0 1 
1807261650031;0.869936;0.800436;0.999909 0.0110384 -0.0077928 0.0777628 -0.00886813 0.971254 0.237879 -0.0817683 0.0101946 -0.237789 0.971263 -0.946351 0 0 0 1 
1807261650032;0.361529;0.258366;0.975617 -0.0108748 -0.21921 0.0167946 -0.0299457 0.982836 -0.182034 0.150277 0.217427 0.184159 0.958546 0.299489 0 0 0 1 
1807261650033;0.495733;0.445096;0.9981 0.0381483 0.0483878 0.0666488 -0.0376594 0.99923 -0.0109766 0.123896 -0.0487693 0.00913347 0.998768 0.0552151 0 0 0 1 
1807261650034;1.09057;0.923579;0.990281 0.133619 -0.0386046 0.601819 -0.135681 0.989116 -0.0569175 0.627794 0.0305792 0.0616022 0.997632 0.713954 0 0 0 1 
1807261650035;0.885672;0.873952;0.990523 0.0599497 -0.123574 0.228565 -0.0417184 0.988527 0.145167 0.233653 0.130859 -0.138636 0.98166 -0.0833026 0 0 0 1 
1807261650036;0.893017;0.336942;0.983904 0.0888461 0.155048 0.251719 -0.100995 0.992256 0.07231 0.355024 -0.147423 -0.0868051 0.985257 0.715909 0 0 0 1 
1807261650037;0.513994;0.353157;0.999955 -0.00297474 0.00901379 0.13031 0.0022719 0.997028 0.0770037 0.158213 -0.00921607 -0.0769798 0.99699 -0.497659 0 0 0 1 
1807261650038;0.984234;0.401945;0.920853 0.0250029 0.389107 -0.172987 -0.00479986 0.998593 -0.0528076 0.351658 -0.38988 0.0467604 0.919678 -0.226398 0 0 0 1 
1807261650039;0.787771;0.270705;0.987062 0.0506018 0.152143 0.06191 -0.0291029 0.989674 -0.140348 0.282659 -0.157674 0.134105 0.978343 -0.137011 0 0 0 1 
1807261650040;0.449489;0.117177;0.972748 -0.00762239 0.231739 -0.02818 0.00119887 0.999611 0.027847 0.0704122 -0.231861 -0.0268103 0.972379 0.556873 0 0 0 1 
1807261650041;0.636202;0.20885;0.999837 0.0165679 -0.00714081 0.23199 -0.0165525 0.999861 0.00220452 0.394991 0.00717634 -0.00208597 0.999972 -0.329198 0 0 0 1 
1807261650042;0.394001;0.274489;0.999859 -0.013447 -0.0100093 -0.14526 0.0132658 0.999751 -0.0179545 0.0413006 0.0102483 0.0178192 0.999789 0.0842872 0 0 0 1 
1807261650043;0.493104;0.141595;0.961885 0.12434 0.243549 0.404902 -0.122557 0.992206 -0.022519 0.459759 -0.244451 -0.00818803 0.969627 0.285664 0 0 0 1 
1807261650044;0.603128;0.492831;0.999019 0.0388801 -0.0212006 -0.0178601 -0.0387389 0.999225 0.00703424 0.265199 0.0214577 -0.00620605 0.99975 -0.43452 0 0 0 1 
1807261650045;0.822026;0.3958;0.994822 -0.0133956 -0.100747 0.0609632 0.0514984 0.921037 0.386054 -0.298164 0.0876205 -0.389244 0.916958 -1.85476 0 0 0 1 
1807261650046;0.726796;1.16373;0.999077 -0.0338915 -0.0263895 -0.212852 0.0303415 0.991702 -0.124928 0.770872 0.0304045 0.124012 0.991815 0.792425 0 0 0 1 
1807261650047;0.841796;0.493454;0.998207 0.00979552 -0.0590538 0.0407587 -0.0108714 0.99978 -0.0179246 0.177818 0.0588653 0.0185345 0.998094 0.6491 0 0 0 1 
1807261650048;0.923373;0.161283;0.983495 0.0291535 0.17857 0.136302 -0.0623418 0.981101 0.183179 0.298379 -0.169855 -0.191288 0.966725 0.447203 0 0 0 1 
1807261650049;0.894299;0.755594;0.967716 0.00320233 0.252021 0.00357149 -0.0276283 0.995241 0.0934416 0.128162 -0.250523 -0.0973879 0.9632 0.513528 0 0 0 1 
1807261650050;0.776112;1.16206;0.988607 0.0415808 0.144664 -0.106337 -0.00134876 0.963496 -0.267721 1.16566 -0.150515 0.264475 0.952574 1.26944 0 0 0 1 
1807261650051;0.472646;0.958943;0.980083 0.113673 0.162834 0.320201 -0.113217 0.993497 -0.01211 0.896521 -0.163151 -0.00656663 0.986579 0.505504 0 0 0 1 
1807261650052;0.367213;0.311797;0.998889 0.0166381 0.0440837 0.035951 -0.0250167 0.980095 0.196945 0.0429955 -0.0399294 -0.197829 0.979423 -0.409136 0 0 0 1 
1807261650053;0.543637;0.217339;0.909953 -0.0240736 -0.414012 0.101061 -0.0744528 0.972611 -0.220194 0.32614 0.407973 0.23119 0.883238 0.299976 0 0 0 1 
1807261650054;0.296591;0.598872;0.992254 -0.0675483 -0.104259 -0.156047 0.0480383 0.982598 -0.179425 0.499166 0.114564 0.173027 0.978231 0.213987 0 0 0 1 
1807261650055;0.546573;1.03639;0.969419 0.0931884 -0.22703 0.144238 -0.011106 0.940811 0.338749 0.792402 0.24516 -0.325869 0.913075 -0.873263 0 0 0 1 
1807261650056;0.638977;0.142043;0.999049 0.021112 -0.0381507 -0.128294 -0.0227609 0.998802 -0.0433184 0.352702 0.0371904 0.0441456 0.998333 0.378354 0 0 0 1 
1807261650057;0.733154;1.24512;0.998787 0.0403898 -0.0281792 -0.07472 -0.0451757 0.979228 -0.197663 1.33568 0.0196103 0.198696 0.979865 0.494004 0 0 0 1 
1807261650058;1.00454;0.850611;0.969447 0.12098 -0.213391 0.713644 -0.109924 0.991943 0.0629788 0.724848 0.21929 -0.0375979 0.974935 -0.0281124 0 0 0 1 
1807261650059;0.328863;0.350614;0.959509 -0.0688036 0.273145 -0.189877 -0.0457926 0.918706 0.392278 0.0283084 -0.27793 -0.388903 0.878356 -0.700848 0 0 0 1 
1807261650060;0.479524;0.38779;0.999773 0.0212853 -0.000675319 -0.00144731 -0.0212956 0.999081 -0.0372062 0.057562 -0.000117246 0.0372122 0.999307 -0.0806078 0 0 0 1 
1807261650062;0.610394;0.130494;0.995854 0.0852626 -0.0316911 0.318066 -0.0865272 0.995408 -0.0409396 0.256148 0.028055 0.043512 0.998659 -0.618042 0 0 0 1 
1807261650063;0.0702684;0.142202;0.999642 0.00513749 0.0262735 -0.0688716 -0.00404359 0.999129 -0.04152 0.166485 -0.0264639 0.0413989 0.998792 0.103382 0 0 0 1 
1807261650064;0.431381;0.176258;0.973977 -0.120003 -0.192273 -0.369498 0.10328 0.990125 -0.0947886 -0.0622942 0.201749 0.0724639 0.976753 -0.26963 0 0 0 1 
1807261650065;0.67345;0.181901;0.983621 0.0288897 -0.177921 0.0300254 0.0514011 0.901132 0.430487 0.291018 0.172767 -0.432581 0.884887 -1.85983 0 0 0 1 
1807261650066;0.179936;0.188222;0.989789 -0.1418 -0.0145274 -0.632406 0.140987 0.988905 -0.0467913 0.144089 0.0210012 0.0442654 0.998799 0.173664 0 0 0 1 
1807261650067;0.697139;0.274923;0.927814 -0.368267 -0.0595081 -1.40806 0.371015 0.927565 0.0443864 -0.224178 0.0388516 -0.0632607 0.997241 -0.953344 0 0 0 1 
1807261650068;0.609754;0.632541;0.987646 -0.150694 -0.0429826 -0.581571 0.150271 0.98856 -0.0129417 0.618537 0.0444411 0.00632279 0.998992 0.10905 0 0 0 1 
1807261650069;0.14606;0.16352;0.995697 -0.0820503 -0.0430636 -0.425862 0.08131 0.996514 -0.0186727 0.15608 0.0444455 0.0150909 0.998898 0.00610441 0 0 0 1 
1807261650070;0.531087;0.147028;0.981921 0.0804008 -0.171366 0.461711 -0.0190891 0.942756 0.332938 0.140276 0.188325 -0.323647 0.927246 -1.81103 0 0 0 1 
1807261650071;0.140553;0.140993;0.992522 -0.0153791 -0.121096 -0.0983899 0.00453443 0.995992 -0.0893259 0.288815 0.121984 0.0881088 0.988614 0.203235 0 0 0 1 
1807261650072;0.380476;0.325464;0.996308 0.028028 -0.0811512 0.216407 -0.0327687 0.997797 -0.0576873 0.0813962 0.0793555 0.0601335 0.995031 0.000855096 0 0 0 1 
1807261650073;0.531138;0.2952;0.984288 -0.121588 0.128038 -0.352693 0.0769699 0.948071 0.308604 -0.127195 -0.158912 -0.2939 0.942534 -0.679701 0 0 0 1 
1807261650074;0.56209;0.133073;0.946523 0.198282 0.254518 0.667785 -0.18579 0.979913 -0.0724696 0.793313 -0.263775 0.0213073 0.964349 0.419992 0 0 0 1 
1807261650075;0.57785;0.150038;0.999153 -0.0406591 -0.00629692 -0.188714 0.040541 0.999018 -0.0178572 0.724173 0.0070168 0.0175868 0.999821 -0.401747 0 0 0 1 
1807261650076;0.523862;0.241697;0.982563 -0.168058 -0.0795406 -0.758526 0.150801 0.97056 -0.187807 0.42784 0.108761 0.172537 0.97898 1.08327 0 0 0 1 
1807261650077;0.611234;0.505474;0.9987 -0.000155116 0.0509795 0.0533158 0.0114193 0.975266 -0.22074 -0.246922 -0.0496843 0.221035 0.973999 0.518851 0 0 0 1 
1807261650078;0.330727;0.172477;0.947717 0.0636598 -0.312698 0.385225 -0.0567808 0.997903 0.0310659 0.251368 0.31402 -0.0116865 0.949345 0.137473 0 0 0 1 
1807261650079;0.421945;0.321973;0.919688 -0.12643 -0.371738 -0.384914 0.0739721 0.985579 -0.152192 -0.0389296 0.385619 0.112471 0.915778 0.629745 0 0 0 1 
1807261650080;0.560936;0.241881;0.97212 0.163077 -0.168487 0.90005 -0.215137 0.906105 -0.364266 0.323401 0.0932633 0.390358 0.915927 1.32254 0 0 0 1 
1807261650081;0.503671;0.153102;0.98243 0.111753 0.149478 0.39822 -0.132968 0.981123 0.140415 0.141098 -0.130964 -0.157824 0.978744 -1.22865 0 0 0 1 
1807261650082;0.722741;0.368212;0.998789 0.0491243 -0.00274579 0.382436 -0.0491979 0.996543 -0.0669411 0.0298318 -0.000552131 0.0669951 0.997753 -0.550512 0 0 0 1 
1807261650083;0.552134;0.243613;0.997733 -0.0574466 -0.0350435 -0.099185 0.0545212 0.995352 -0.0793856 -0.342858 0.039441 0.0772951 0.996228 0.00739686 0 0 0 1 
1807261650084;0.867721;0.165477;0.925842 0.365707 -0.0952646 2.2813 -0.343366 0.919337 0.192144 0.384796 0.157849 -0.145184 0.976732 -0.937727 0 0 0 1 
1807261650085;0.404997;0.138629;0.977544 -0.160235 -0.136866 -0.678926 0.0950144 0.914857 -0.39244 -0.0809194 0.188095 0.370623 0.909538 1.02694 0 0 0 1 
1807261650086;0.258185;0.174508;0.99743 -0.0708935 0.0103831 -0.250328 0.0715936 0.991865 -0.105251 0.182035 -0.00283701 0.105724 0.994391 0.625267 0 0 0 1 
1807261650087;0.211815;0.182476;0.990194 0.134359 0.0382682 0.60072 -0.129788 0.986089 -0.103846 0.213777 -0.0516885 0.0978608 0.993857 0.409191 0 0 0 1 
1807261650088;0.669831;0.245987;0.945859 -0.324578 -0.000103375 -1.37059 0.30545 0.890225 -0.337934 0.0501215 0.109778 0.319606 0.94117 0.650493 0 0 0 1 
1807261650089;0.143654;0.18482;0.992204 0.065369 0.106107 0.208213 -0.0685336 0.997298 0.0264543 0.10621 -0.104091 -0.0335199 0.994003 -0.0243924 0 0 0 1 
1807261650090;0.732491;0.384402;0.994595 0.0805805 -0.0654741 0.213695 -0.0885941 0.987484 -0.130484 0.859572 0.0541401 0.135579 0.989286 0.606773 0 0 0 1 
1807261650091;0.403612;0.17253;0.986045 0.151182 -0.0697018 0.757391 -0.126627 0.952919 0.275518 0.0587239 0.108074 -0.262847 0.958766 -0.744606 0 0 0 1 
1807261650093;1.16071;0.419049;0.88682 0.292431 0.35782 -0.339175 -0.285538 0.955563 -0.0732656 0.152114 -0.363345 -0.0371977 0.930912 -0.228984 0 0 0 1 
1807261650094;0.696816;0.469099;0.980648 0.18566 0.0621222 -0.120264 -0.183446 0.982229 -0.0396674 -0.0799185 -0.0683828 0.0275037 0.99728 -0.0735849 0 0 0 1 
1807261650095;0.832378;0.287008;0.932867 0.125637 0.3376 0.391793 -0.131813 0.991264 -0.00466635 0.254724 -0.335237 -0.040147 0.941278 -0.0601703 0 0 0 1 
1807261650096;1.24922;0.307896;0.971722 0.228236 0.0605363 0.0366195 -0.183056 0.890081 -0.417428 -0.433065 -0.149154 0.394542 0.906692 0.702775 0 0 0 1 
1807261650097;1.57732;0.335849;0.95606 0.152643 0.2503 0.357319 -0.201684 0.96208 0.183646 0.0919724 -0.212777 -0.226058 0.950591 0.927834 0 0 0 1 
1807261650098;0.431654;0.379638;0.939713 -0.30412 0.156369 0.0214057 0.313615 0.948727 -0.0395301 -0.257294 -0.136329 0.0861866 0.986907 0.299443 0 0 0 1 
1807261650099;1.43162;0.349698;0.980922 -0.193097 0.0225004 0.64868 0.190759 0.933759 -0.30283 0.352515 0.0374656 0.301345 0.952779 0.609028 0 0 0 1 
1807261650100;0.198846;0.176421;0.99398 -0.0402185 -0.101909 0.15674 0.0512149 0.992864 0.107695 -0.164079 0.0968503 -0.112266 0.988947 -0.0822943 0 0 0 1 
1807261650101;0.403364;0.274787;0.996281 -0.085375 0.0116008 0.153229 0.085785 0.995459 -0.0412632 -0.197101 -0.00802526 0.042105 0.999081 -0.192549 0 0 0 1 
1807261650102;0.400187;0.23627;0.997279 -0.0439254 0.0592056 -0.179729 0.0456589 0.998558 -0.0282498 -0.178408 -0.0578793 0.0308762 0.997846 -0.0144096 0 0 0 1 
1807261650103;1.02195;0.326015;0.955309 0.257467 0.145245 0.0116126 -0.273497 0.956262 0.103743 -0.248496 -0.112182 -0.13883 0.983942 0.545459 0 0 0 1 
1807261650104;1.18672;0.288695;0.999241 -0.0384855 0.00605896 -0.0376431 0.0370094 0.98626 0.161 -0.622181 -0.0121719 -0.160654 0.986936 -0.619413 0 0 0 1 
1807261650105;1.18857;0.342379;0.991066 0.0573211 0.120428 -0.454092 -0.0598834 0.998047 0.0177638 -0.49726 -0.119175 -0.0248167 0.992563 0.145248 0 0 0 1 
1807261650106;0.708535;0.400917;0.996128 -0.056217 0.067588 -0.154668 0.0556697 0.9984 0.0099556 -0.356815 -0.0680395 -0.00615445 0.997664 0.235538 0 0 0 1 
1807261650107;0.503291;0.256406;0.996731 0.00604111 -0.0805604 0.11374 -0.00150684 0.998417 0.0562266 -0.132211 0.0807726 -0.0559214 0.995163 0.236766 0 0 0 1 
1807261650108;1.52224;0.330223;0.958916 -0.209659 0.191109 0.108238 0.230949 0.968149 -0.0966949 0.575571 -0.164749 0.136859 0.976794 -0.339768 0 0 0 1 
1807261650109;0.339127;0.234875;0.917588 -0.128737 0.376111 -0.0458195 0.0983878 0.990221 0.0989047 -0.0957963 -0.385166 -0.0537491 0.921281 0.218373 0 0 0 1 
1807261650110;0.998065;0.26397;0.923725 -0.279758 0.261662 0.038447 0.233972 0.952924 0.192853 -0.295302 -0.303297 -0.116922 0.945696 -0.485297 0 0 0 1 
1807261650111;0.873902;0.332604;0.975647 0.134706 0.173109 0.205746 -0.144951 0.988278 0.0479134 -0.474444 -0.164626 -0.071839 0.983737 0.416348 0 0 0 1 
1807261650112;0.213542;0.193628;0.998727 -0.0397791 -0.031014 0.104839 0.0430738 0.992543 0.114031 -0.166323 0.0262467 -0.115222 0.992993 -0.151504 0 0 0 1 
1807261650113;1.08553;0.35033;0.973331 -0.219415 0.0669559 -0.181206 0.228492 0.953242 -0.197789 -0.682502 -0.0204274 0.207813 0.977955 -0.166082 0 0 0 1 
1807261650114;0.757919;0.386399;0.949197 0.314527 0.00993726 0.284744 -0.302654 0.921104 -0.244885 -0.0225122 -0.0861762 0.229437 0.969501 0.540672 0 0 0 1 
1807261650115;1.40826;0.373911;0.972925 0.23106 0.00541043 -0.442381 -0.231057 0.971824 0.0465909 0.341317 0.00550729 -0.0465796 0.998899 0.244833 0 0 0 1 
1807261650116;0.547781;0.259162;0.985472 0.141249 0.0943095 0.091216 -0.153634 0.978094 0.140461 -0.184998 -0.0724036 -0.152909 0.985584 0.272142 0 0 0 1 
1807261650117;1.14474;0.284027;0.96738 0.252763 -0.016958 -0.209562 -0.241785 0.941195 0.235991 0.3364 0.0756106 -0.224192 0.971607 -0.386123 0 0 0 1 
1807261650118;1.22447;0.454332;0.957599 0.22897 -0.174861 -0.0587687 -0.262408 0.943732 -0.201275 0.027214 0.118936 0.238626 0.963801 -0.517514 0 0 0 1 
1807261650119;1.49971;0.304877;0.992787 0.102113 -0.0628223 0.128376 -0.106253 0.992112 -0.0665174 0.525019 0.0555344 0.0727126 0.995806 -0.752265 0 0 0 1 
1807261650120;0.30517;0.356692;0.941072 0.214832 0.26121 0.193454 -0.23101 0.972408 0.03251 0.0559383 -0.247019 -0.0909363 0.964734 0.174681 0 0 0 1 
1807261650121;1.42718;0.280028;0.946426 0.263443 0.186751 0.515156 -0.303859 0.922283 0.238882 -0.82408 -0.109305 -0.28283 0.952922 0.282884 0 0 0 1 
1807261650122;1.45607;0.298313;0.964015 -0.202857 0.171824 -0.108327 0.233095 0.955763 -0.179398 -0.391089 -0.12783 0.212994 0.968655 -0.704229 0 0 0 1 
1807261650124;1.36594;7.47638;0.472313 0.74695 0.467961 -2.26047 -0.572051 -0.144145 0.807453 0.226166 0.67058 -0.649068 0.359212 2.5895 0 0 0 1 
1807261650125;0.804333;6.24331;-0.0238396 -0.909507 0.415004 2.9481 0.537081 0.338476 0.772643 -0.0443254 -0.843193 0.24131 0.48041 0.470094 0 0 0 1 
1807261650126;0.880272;10.6632;0.0710506 -0.992124 -0.103163 5.00666 0.887382 0.0156376 0.46077 1.33998 -0.455528 -0.124283 0.881503 0.687093 0 0 0 1 
1807261650127;1.55898;10.8001;-0.288923 -0.939629 -0.18336 5.52338 0.947953 -0.307563 0.0824038 1.18624 -0.133824 -0.150009 0.979586 -0.598436 0 0 0 1 
1807261650128;0.837192;10.4974;0.0156472 -0.991632 -0.128142 4.86761 0.998433 0.00860857 0.0552995 0.861562 -0.0537337 -0.128806 0.990213 -0.0422307 0 0 0 1 
1807261650129;0.284015;10.5189;-0.167989 -0.967547 -0.188766 5.29398 0.98286 -0.179139 0.0435265 1.26897 -0.0759294 -0.178219 0.981057 0.0592798 0 0 0 1 
1807261650130;0.193395;7.64197;0.483986 0.750108 0.450661 -2.55473 -0.53654 -0.152465 0.829988 -0.180052 0.69129 -0.6435 0.328672 2.55123 0 0 0 1 
1807261650131;0.6404;10.6012;-0.110532 -0.972709 -0.204007 5.21646 0.978856 -0.142091 0.14714 1.50616 -0.172112 -0.18343 0.967848 0.230227 0 0 0 1 
1807261650132;1.48669;10.5133;-0.14187 -0.967565 -0.209023 5.81314 0.979539 -0.167672 0.111309 1.6845 -0.142746 -0.188955 0.971555 -0.0493521 0 0 0 1 
1807261650133;0.878362;10.5732;0.0781081 -0.968962 -0.234545 5.06627 0.979789 0.0311515 0.197594 1.06896 -0.184155 -0.245238 0.951811 0.416887 0 0 0 1 
1807261650134;0.764145;8.30127;0.550402 0.613408 0.566381 -2.50836 -0.665399 -0.0874588 0.741347 0.42098 0.504283 -0.784908 0.360024 3.3924 0 0 0 1 
1807261650135;0.938287;10.6969;-0.281184 -0.942242 -0.181975 5.20854 0.951981 -0.297806 0.0710188 1.34327 -0.12111 -0.153267 0.980735 0.527993 0 0 0 1 
1807261650136;0.165136;10.5868;0.0386206 -0.980948 -0.190395 5.25722 0.998932 0.0330637 0.032278 1.18666 -0.0253678 -0.191438 0.981177 0.0238727 0 0 0 1 
1807261650137;0.685906;10.6412;0.100854 -0.987538 -0.120814 5.12185 0.991742 0.10946 -0.0668364 1.18196 0.0792279 -0.113076 0.990423 0.389135 0 0 0 1 
1807261650138;1.14592;10.538;0.304463 -0.948213 -0.0905193 5.19893 0.91046 0.261772 0.320216 0.706764 -0.279938 -0.179908 0.94301 0.14115 0 0 0 1 
1807261650139;0.608764;10.8166;-0.202527 -0.941795 -0.268338 5.61654 0.950012 -0.255442 0.179516 1.36442 -0.237612 -0.218568 0.94645 0.0533008 0 0 0 1 
1807261650140;1.51409;10.6077;0.0455441 -0.977022 -0.208217 4.59198 0.99464 0.0249821 0.100337 1.5938 -0.0928298 -0.21167 0.972923 0.331421 0 0 0 1 
1807261650141;0.713806;7.29162;0.0877642 0.859278 0.503924 -2.97223 0.995309 -0.0963189 -0.00910404 -0.54776 0.0407145 0.502359 -0.8637 0.181131 0 0 0 1 
1807261650142;1.81337;10.3997;-0.119159 -0.974475 -0.190259 4.60149 0.992527 -0.111837 -0.0488112 1.0887 0.0262873 -0.194654 0.98052 0.619941 0 0 0 1 
1807261650143;1.33398;6.75602;0.0417178 -0.972991 0.227043 3.24991 0.996533 0.0568915 0.0607006 0.505351 -0.071978 0.223724 0.971991 -0.0610182 0 0 0 1 
1807261650144;0.523192;10.6266;0.163767 -0.963623 -0.211214 5.16191 0.932161 0.0810805 0.352848 1.19029 -0.322887 -0.254671 0.91153 -0.0732819 0 0 0 1 
1807261650145;1.32014;10.693;-0.182843 -0.944336 -0.273494 5.99741 0.956711 -0.234974 0.171728 1.31355 -0.226433 -0.230255 0.94642 0.481117 0 0 0 1 
1807261650146;0.396214;10.5527;0.28751 -0.95675 0.0443559 5.06515 0.952896 0.290407 0.0874779 1.12557 -0.0965758 0.0171159 0.995178 0.0488892 0 0 0 1 
1807261650147;1.75836;10.6783;-0.271894 -0.941625 -0.198535 5.34599 0.942292 -0.302385 0.1437 0.938579 -0.195345 -0.148007 0.969502 -0.700573 0 0 0 1 
1807261650148;1.81564;7.17096;0.257805 -0.95 0.176174 3.66857 0.965925 0.257734 -0.0236844 -0.635052 -0.022906 0.176277 0.984074 0.0236901 0 0 0 1 
1807261650149;1.27562;10.5037;-0.162118 -0.962623 -0.216969 5.68451 0.981072 -0.180836 0.0692583 0.87347 -0.105905 -0.201634 0.973719 -0.499105 0 0 0 1 
1807261650150;1.69552;10.5798;-0.144228 -0.985835 -0.0856049 5.24567 0.98363 -0.152273 0.0963618 1.38768 -0.108032 -0.0703055 0.991658 1.0594 0 0 0 1 
1807261650151;1.06641;10.67;-0.09191 -0.955826 -0.279192 5.60853 0.96965 -0.149704 0.193308 1.03465 -0.226565 -0.252952 0.940576 -0.239859 0 0 0 1 
1807261650152;1.1455;10.4851;-0.0903809 -0.973746 -0.208926 5.49538 0.995689 -0.0927434 0.00151847 0.913333 -0.0208551 -0.207888 0.97793 0.398199 0 0 0 1 
1807261650153;0.956413;10.5673;0.0107185 -0.983844 -0.178707 5.61858 0.992571 -0.0111929 0.121153 1.052 -0.121196 -0.178678 0.976415 0.313756 0 0 0 1 
1807261650155;0.606131;0.309736;0.963663 -0.257366 -0.071531 -0.763763 0.259646 0.965393 0.0244947 -0.137538 0.0627514 -0.0421774 0.997138 -0.560868 0 0 0 1 
1807261650156;0.187806;0.0741869;0.996987 -0.0775361 0.00246388 -0.294862 0.0775197 0.996972 0.00616343 -0.151355 -0.00293431 -0.00595385 0.999978 0.191223 0 0 0 1 
1807261650157;0.551788;0.306144;0.988973 -0.142153 0.0415342 -0.634483 0.14693 0.976933 -0.15496 -0.166323 -0.0185482 0.159354 0.987047 0.916649 0 0 0 1 
1807261650158;0.699792;0.520463;0.993955 -0.0765319 -0.0787138 -0.363857 0.0855069 0.989348 0.11781 -0.124347 0.0688591 -0.123829 0.989912 -0.862329 0 0 0 1 
1807261650159;0.309546;0.0963846;0.990305 0.106939 -0.0886577 0.41992 -0.123617 0.969571 -0.211305 -0.0602951 0.0633632 0.220216 0.973391 1.04514 0 0 0 1 
1807261650160;0.485518;0.352166;0.997135 -0.064468 -0.0395645 -0.347455 0.071503 0.973989 0.215017 -0.134036 0.0246736 -0.21723 0.975808 -0.850736 0 0 0 1 
1807261650161;0.330335;0.107751;0.997984 -0.062246 0.0123995 -0.338523 0.0620086 0.914565 -0.399656 -0.367549 0.0135369 0.399619 0.916581 1.33018 0 0 0 1 
1807261650162;0.550603;0.207354;0.941578 0.336785 0.00271225 1.0398 -0.336787 0.941459 0.015173 0.134448 0.00255658 -0.0152 0.999881 -0.0831242 0 0 0 1 
1807261650163;0.739956;0.191261;0.973358 0.207699 0.0971364 0.920924 -0.201752 0.977102 -0.0675915 -0.829159 -0.108951 0.0461932 0.992973 0.599864 0 0 0 1 
1807261650164;0.228506;0.0903386;0.957881 0.114133 0.263509 0.409956 -0.121477 0.992525 0.0116925 -0.109972 -0.260205 -0.0432103 0.964586 -0.216822 0 0 0 1 
1807261650165;0.0638727;0.075699;0.99991 0.00410035 0.0127961 0.0214629 -0.0038842 0.99985 -0.0168712 -0.0810045 -0.0128633 0.01682 0.999776 0.141553 0 0 0 1 
1807261650166;0.691573;0.097642;0.93509 -0.352059 -0.0407429 -1.42024 0.354259 0.931841 0.0785622 -1.12402 0.0103074 -0.0878963 0.996076 0.00632244 0 0 0 1 
1807261650167;0.645574;0.312513;0.952947 0.00397092 0.303111 0.128224 -0.0666881 0.978164 0.196846 0.256293 -0.29571 -0.207798 0.932403 -0.982868 0 0 0 1 
1807261650168;0.448255;0.102977;0.952871 0.30014 -0.0441895 1.18229 -0.295498 0.885253 -0.359178 -0.287203 -0.0686846 0.355308 0.932222 1.40338 0 0 0 1 
1807261650169;0.539907;0.093957;0.940218 0.338903 -0.0336836 1.14688 -0.330526 0.931854 0.149666 -0.480143 0.0821104 -0.129585 0.988163 -0.884217 0 0 0 1 
1807261650170;0.652735;0.315099;0.955036 0.0947446 0.280946 0.494138 -0.0995133 0.995033 0.00272218 0.125092 -0.279292 -0.0305576 0.95972 0.498679 0 0 0 1 
1807261650171;0.437786;0.129906;0.940679 0.221236 0.257249 0.656762 -0.274337 0.942072 0.192974 0.0501775 -0.199655 -0.2521 0.946881 -0.594384 0 0 0 1 
1807261650172;0.513271;0.235244;0.96737 0.210886 -0.140439 0.315455 -0.206061 0.97735 0.0482224 -0.573407 0.147428 -0.0177098 0.988914 0.0110131 0 0 0 1 
1807261650173;0.421662;0.0916588;0.924702 -0.130497 -0.357626 -0.45936 0.126677 0.991354 -0.0341986 0.147035 0.358997 -0.0136796 0.933238 -0.385501 0 0 0 1 
1807261650174;0.342158;0.104543;0.994705 0.0888755 -0.0516055 0.375265 -0.101869 0.919062 -0.380719 -0.150428 0.013592 0.38396 0.92325 1.28739 0 0 0 1 
1807261650175;0.695425;0.344249;0.998658 -0.0511492 0.0080617 0.0368718 0.0507509 0.997758 0.0436196 0.718808 -0.0102747 -0.0431519 0.999016 -0.368749 0 0 0 1 
1807261650176;0.628882;0.1044;0.930593 0.366017 0.00536928 1.51149 -0.363897 0.926595 -0.0948735 -0.158001 -0.0397005 0.0863348 0.995475 -0.204236 0 0 0 1 
1807261650177;0.385778;0.0816295;0.999113 -0.0404697 -0.0116432 -0.200878 0.0405384 0.999162 0.00572505 0.00606599 0.0114018 -0.00619197 0.999916 0.430028 0 0 0 1 
1807261650178;0.865032;0.259967;0.981696 -0.140485 0.128594 -0.591043 0.14643 0.988492 -0.0379634 -0.335371 -0.121781 0.0560985 0.99097 1.11606 0 0 0 1 
1807261650179;0.799283;0.0653935;0.903722 -0.238094 -0.355805 -1.28506 0.229968 0.970981 -0.0656486 -0.266341 0.361111 -0.0224958 0.932251 0.555515 0 0 0 1 
1807261650180;0.951142;0.117645;0.916734 0.373168 0.142633 1.60918 -0.325096 0.904342 -0.276546 0.115732 -0.232187 0.20715 0.950357 1.78984 0 0 0 1 
1807261650181;0.58947;0.0987735;0.983937 -0.176914 0.0238539 -0.905369 0.176073 0.983801 0.0336643 -0.776526 -0.0294232 -0.0289235 0.999148 0.0730208 0 0 0 1 
1807261650182;0.51362;0.144051;0.993033 0.0161033 -0.116734 -0.183115 -0.0225925 0.998259 -0.0544817 0.254726 0.115654 0.0567394 0.991668 -0.152074 0 0 0 1 
1807261650183;0.518467;0.187777;0.966088 0.124293 -0.22633 0.714623 -0.14472 0.986553 -0.0759528 0.270631 0.213846 0.106132 0.971085 0.400187 0 0 0 1 
1807261650184;0.540083;0.0565397;0.965484 -0.259873 0.0175382 -1.05059 0.259143 0.96518 0.0356701 -0.786056 -0.0261972 -0.029894 0.99921 -0.407475 0 0 0 1 
1807261650186;0.453969;0.212798;0.996648 -0.0745235 -0.0337584 0.120888 0.0771805 0.993319 0.0857922 0.0565133 0.0271394 -0.0881101 0.995741 0.0334994 0 0 0 1 
1807261650187;0.217396;0.179343;0.99697 0.0453258 -0.0632161 -0.21315 -0.0430326 0.998382 0.0371784 0.125464 0.064799 -0.0343454 0.997307 -0.4657 0 0 0 1 
1807261650188;0.833964;0.166823;0.984407 -0.000427416 0.175907 -0.0974612 -0.0420708 0.970404 0.237794 0.287976 -0.170802 -0.241486 0.955254 1.2834 0 0 0 1 
1807261650189;0.543168;0.178835;0.852008 0.403437 -0.333648 0.149991 -0.387577 0.914502 0.116065 0.615035 0.351947 0.0304265 0.935525 -1.15211 0 0 0 1 
1807261650190;0.468639;0.135999;0.920277 -0.262059 0.290542 -0.0285753 0.285149 0.957673 -0.039406 -0.872194 -0.267918 0.119112 0.95605 1.07223 0 0 0 1 
1807261650191;0.203867;0.164506;0.99041 0.0811866 0.111788 -0.283807 -0.0742447 0.995124 -0.0649268 0.083668 -0.116514 0.0560045 0.991609 0.469381 0 0 0 1 
1807261650192;0.50492;0.192886;0.985562 0.16616 0.0325265 0.488897 -0.159836 0.976437 -0.144997 0.231687 -0.0558528 0.137704 0.988897 0.0343392 0 0 0 1 
1807261650193;0.791638;0.138981;0.973561 -0.226899 -0.0263818 -0.00996153 0.227129 0.973846 0.00601527 -0.582997 0.024327 -0.0118483 0.999634 -1.01183 0 0 0 1 
1807261650194;0.736741;0.199341;0.972172 0.228886 -0.049924 0.35513 -0.234062 0.957921 -0.166141 0.201095 0.00979591 0.173203 0.984837 -0.690314 0 0 0 1 
1807261650195;0.187863;0.147975;0.971577 -0.00147097 -0.236721 0.0155887 0.0194208 0.997105 0.0735132 -0.130475 0.235928 -0.076021 0.968793 -0.684116 0 0 0 1 
1807261650196;0.587609;0.177141;0.991481 0.125576 -0.0345975 -0.203184 -0.129315 0.980819 -0.145848 -0.113675 0.0156189 0.149079 0.988702 0.698832 0 0 0 1 
1807261650197;0.541762;0.193337;0.951717 0.30692 -0.00588677 -0.438428 -0.306386 0.950902 0.0437311 1.01475 0.0190197 -0.039816 0.999026 -0.240227 0 0 0 1 
1807261650198;0.789459;0.241741;0.99407 0.0468165 -0.0981505 0.429907 -0.0579103 0.991859 -0.113412 0.0865315 0.0920419 0.118424 0.988688 -0.923093 0 0 0 1 
1807261650199;0.344499;0.150618;0.988577 -0.0991453 -0.113513 0.0259102 0.08714 0.990514 -0.106244 -0.127961 0.12297 0.0951393 0.987839 -0.53294 0 0 0 1 
1807261650200;0.665434;0.190806;0.997018 0.0770809 -0.00360339 0.174812 -0.0769133 0.99645 0.0342248 -0.590677 0.00622868 -0.0338456 0.999408 -0.0370409 0 0 0 1 
1807261650201;0.637949;0.0688991;0.998252 0.0572037 -0.014843 -0.63458 -0.0572436 0.998358 -0.00228293 -0.25245 0.014688 0.00312861 0.999887 -0.302173 0 0 0 1 
1807261650202;0.360138;0.152454;0.992159 0.12472 -0.00806302 -0.361254 -0.124854 0.99199 -0.0191681 0.290287 0.00560779 0.0200245 0.999784 -0.378946 0 0 0 1 
1807261650203;0.394841;0.139377;0.892572 -0.16023 -0.421476 0.207151 0.197116 0.979341 0.0451264 -0.636509 0.405538 -0.123358 0.905716 -1.16405 0 0 0 1 
1807261650204;0.612524;0.14754;0.99692 -0.0763074 -0.0181067 -0.160943 0.0768688 0.996506 0.0326543 -0.382653 0.0155517 -0.0339455 0.999303 0.70102 0 0 0 1 
1807261650205;0.404722;0.217431;0.867935 0.251905 -0.428056 0.245678 -0.307442 0.949366 -0.0646871 0.831666 0.390087 0.187747 0.901434 -0.958923 0 0 0 1 
1807261650206;0.626556;0.16178;0.953946 -0.29767 -0.0371298 -0.583525 0.291678 0.949336 -0.116983 -1.11455 0.070071 0.100766 0.99244 0.43343 0 0 0 1 
1807261650207;0.542445;0.16092;0.999923 0.00315715 0.0120274 -0.206446 -0.00307743 0.999973 -0.00664059 -0.176515 -0.0120481 0.00660306 0.999906 0.697218 0 0 0 1 
1807261650208;0.417306;0.144577;0.947998 -0.0384979 -0.315938 -0.0962442 0.000481089 0.99283 -0.119536 0.0313896 0.318275 0.113168 0.94122 -1.11556 0 0 0 1 
1807261650209;0.115948;0.140626;0.997037 -0.0322316 -0.0698381 -0.189482 0.0278668 0.99765 -0.0625965 -0.0419529 0.0716915 0.0604649 0.995592 -0.172382 0 0 0 1 
1807261650210;0.290494;0.185049;0.966964 0.25348 0.0270074 0.0134002 -0.241483 0.944794 -0.221471 0.771191 -0.0816549 0.207633 0.974793 0.33999 0 0 0 1 
1807261650211;0.634223;0.265699;0.973361 0.178989 -0.143289 0.633819 -0.199295 0.969481 -0.142784 0.548914 0.113359 0.167537 0.979327 -0.31313 0 0 0 1 
1807261650212;0.518398;0.100452;0.923533 0.26736 -0.274964 0.0948929 -0.236794 0.961484 0.139562 0.724045 0.301687 -0.0637803 0.951271 -1.25949 0 0 0 1 
1807261650213;0.562773;0.244826;0.991251 -0.131921 0.00422135 0.169016 0.126106 0.956029 0.264776 -0.0981861 -0.0389653 -0.261928 0.964301 -0.148529 0 0 0 1 
1807261650214;0.522212;0.154282;0.906865 -0.418324 -0.0510017 -0.0805242 0.42097 0.893633 0.155576 -1.53647 -0.0195045 -0.162557 0.986506 0.0462997 0 0 0 1 
1807261650215;0.876402;0.160693;0.911622 -0.354465 -0.208089 0.560256 0.349398 0.934928 -0.0618971 -1.5041 0.216488 -0.016279 0.97615 -0.790279 0 0 0 1 
1807261650217;0.532131;0.498618;0.982448 0.00472079 0.186478 -0.311059 -0.0478601 0.972595 0.227527 -0.186613 -0.180293 -0.232458 0.95575 -0.796646 0 0 0 1 
1807261650218;0.499155;0.432165;0.995756 -0.029929 -0.0870257 -0.355957 0.0416571 0.989799 0.136243 -0.128511 0.0820603 -0.13929 0.986846 -0.269637 0 0 0 1 
1807261650219;0.721512;0.635611;0.995271 0.0897635 -0.037111 -0.161725 -0.0875216 0.994463 0.0581689 -0.814307 0.042127 -0.0546458 0.997617 -0.597676 0 0 0 1 
1807261650220;0.121853;0.406544;0.988085 -0.122993 0.0925209 -0.549072 0.119225 0.991837 0.0452237 -0.483508 -0.0973278 -0.0336541 0.994683 -0.0658366 0 0 0 1 
1807261650221;0.995809;0.563157;0.99142 -0.130671 0.00333684 -0.706825 0.130638 0.991392 0.00867964 -0.634096 -0.00444229 -0.00816925 0.999957 -0.861248 0 0 0 1 
1807261650222;1.09618;0.921093;0.992628 -0.121181 0.00209178 -0.618241 0.120784 0.990508 0.0656113 -0.9264 -0.0100228 -0.064875 0.997843 -1.03503 0 0 0 1 
1807261650223;0.826304;1.02542;0.964771 -0.262946 0.00874369 -1.17315 0.26244 0.964189 0.0382802 -1.41091 -0.0184962 -0.0346369 0.999229 -0.354908 0 0 0 1 
1807261650224;0.375842;0.447353;0.967024 -0.222565 -0.123814 -0.839676 0.247129 0.937534 0.244863 -1.01327 0.0615821 -0.267387 0.961619 -1.03496 0 0 0 1 
1807261650225;0.55112;0.969032;0.992682 0.111965 -0.0452395 -0.306459 -0.116499 0.98655 -0.114661 -0.737006 0.031793 0.119092 0.992374 0.543078 0 0 0 1 
1807261650226;0.761509;0.840902;0.988288 -0.152068 -0.0127536 -0.773998 0.151847 0.988261 -0.0168415 -0.406287 0.0151649 0.0147077 0.999777 0.459571 0 0 0 1 
1807261650227;0.75985;0.574763;0.999137 0.0297202 -0.0290092 -0.0292795 -0.0273955 0.996617 0.0774858 0.165986 0.031214 -0.0766242 0.996571 -0.432854 0 0 0 1 
1807261650228;0.464961;0.816629;0.996252 -0.0738981 -0.0449566 -0.461078 0.07743 0.993563 0.0826891 -0.576433 0.0385567 -0.0858602 0.995561 -0.473514 0 0 0 1 
1807261650229;0.961907;0.43072;0.978006 -0.00146338 0.208573 -0.234888 -0.0502532 0.968865 0.242436 0.054168 -0.202434 -0.247586 0.947482 0.197828 0 0 0 1 
1807261650230;1.24871;0.441301;0.960592 -0.0640689 -0.270477 -0.134488 0.0929101 0.991113 0.0951994 -0.558339 0.261974 -0.116578 0.958008 -1.67484 0 0 0 1 
1807261650231;0.35278;0.467362;0.978305 -0.0652193 -0.196634 -0.412973 0.0354312 0.987842 -0.151367 -0.379312 0.204115 0.141116 0.968722 0.074627 0 0 0 1 
1807261650232;0.725754;0.799062;0.969173 -0.0740496 -0.234992 -0.373156 0.111829 0.982073 0.151748 -0.598707 0.219542 -0.173349 0.960079 -0.777106 0 0 0 1 
1807261650233;0.807473;0.749343;0.995187 0.0319023 0.0926544 -0.136019 -0.0412353 0.994069 0.10063 0.162022 -0.0888946 -0.103966 0.9906 -0.292386 0 0 0 1 
1807261650234;0.330571;0.476593;0.972276 -0.232434 -0.0255568 -0.849502 0.231263 0.971988 -0.0419059 -0.799443 0.0345813 0.0348338 0.998795 0.331236 0 0 0 1 
1807261650235;0.476097;0.574677;0.997163 0.00766741 -0.0748831 -0.196364 0.00700206 0.981037 0.193692 -0.654614 0.0749482 -0.193666 0.9782 -0.240406 0 0 0 1 
1807261650236;0.451212;0.687714;0.917107 -0.087055 -0.389019 -0.327842 0.0467517 0.992618 -0.111912 -0.433136 0.395889 0.0844484 0.914407 -0.0226373 0 0 0 1 
1807261650237;0.797582;0.416956;0.94858 -0.0199427 0.315908 -0.441378 -0.0429106 0.980699 0.190758 -0.501513 -0.313615 -0.194505 0.929416 -0.731742 0 0 0 1 
1807261650238;1.08583;1.67876;0.997731 -0.0202812 -0.0641959 -0.829481 0.0202576 0.999794 -0.00101824 -1.21336 0.0642033 -0.00028452 0.997937 0.818876 0 0 0 1 
1807261650239;1.02135;0.963665;0.960177 0.192876 0.202136 0.0805978 -0.156719 0.970758 -0.181849 -0.330136 -0.231299 0.142928 0.962326 0.0560982 0 0 0 1 
1807261650240;0.859825;0.532043;0.995081 -0.0983378 0.0119519 -0.704559 0.098265 0.995139 0.00653143 -0.363994 -0.0125361 -0.00532485 0.999907 0.7096 0 0 0 1 
1807261650241;0.991567;1.177;0.995505 -0.0635234 0.0702451 -0.452479 0.0386261 0.949536 0.311271 -0.90306 -0.0864733 -0.307159 0.947721 -0.622432 0 0 0 1 
1807261650242;0.558163;0.613903;0.982084 0.00178203 -0.188433 0.00941652 0.0163056 0.995401 0.0943961 -0.244407 0.187734 -0.0957775 0.977539 -0.780869 0 0 0 1 
1807261650243;0.371812;0.64889;0.993599 0.0709388 0.0879084 -0.0798842 -0.10241 0.894104 0.435994 -0.633563 -0.0476703 -0.442206 0.895646 -1.14089 0 0 0 1 
1807261650244;0.711238;0.306169;0.987067 -0.159291 -0.0180534 -0.716798 0.154881 0.97663 -0.149015 -0.685983 0.0413682 0.144291 0.98867 -0.19715 0 0 0 1 
1807261650245;0.732714;0.453324;0.989447 -0.072651 -0.125362 -0.442996 0.045707 0.977535 -0.205758 -0.00494245 0.137494 0.197857 0.97054 0.061605 0 0 0 1 
1807261650246;1.2033;0.830362;0.977486 0.144986 0.153297 0.102342 -0.154061 0.986845 0.049011 -0.25204 -0.144174 -0.0715246 0.986964 0.955812 0 0 0 1 
1807261650248;0.419559;0.997614;0.99829 -0.051971 0.0267752 -1.24144 0.0523662 0.998526 -0.0142781 -0.612285 -0.0259937 0.0156558 0.99954 0.0773603 0 0 0 1 
1807261650249;0.496114;0.931618;0.990726 0.132977 -0.0278998 -0.765806 -0.135165 0.985496 -0.102606 -0.590505 0.0138509 0.105425 0.994331 0.649751 0 0 0 1 
1807261650250;0.34812;0.959589;0.997449 0.0391641 -0.0596874 -0.758625 -0.0467438 0.990226 -0.131406 -0.270076 0.0539576 0.13386 0.98953 0.74403 0 0 0 1 
1807261650251;0.451728;0.975519;0.942146 0.321423 -0.0951228 0.0128138 -0.330098 0.938993 -0.0965779 -0.257442 0.0582773 0.12239 0.99077 0.680731 0 0 0 1 
1807261650252;0.33029;0.896397;0.900667 -0.246639 -0.357725 -2.00738 0.166239 0.956245 -0.240748 -0.278742 0.401451 0.157366 0.90226 0.815198 0 0 0 1 
1807261650253;0.249687;1.00607;0.996837 -0.0630023 0.0484524 -1.55445 0.0635271 0.997936 -0.00936618 -0.126448 -0.0477623 0.0124146 0.998782 -0.251391 0 0 0 1 
1807261650254;0.24129;0.87463;0.990014 0.127148 0.0608752 -0.708743 -0.114382 0.976938 -0.1803 -0.100116 -0.082396 0.171537 0.981726 0.768393 0 0 0 1 
1807261650255;0.565737;0.858435;0.958038 0.120306 0.260172 -0.689345 -0.0100209 0.921161 -0.389053 -0.600539 -0.286465 0.37012 0.883713 2.05179 0 0 0 1 
1807261650256;0.73595;0.985098;0.880901 0.230353 0.413463 -0.478341 -0.286805 0.954714 0.0791498 0.025079 -0.376507 -0.188306 0.907074 -1.43491 0 0 0 1 
1807261650257;0.0754684;0.934276;0.999312 0.0368948 0.00380115 -1.01707 -0.0369543 0.999172 0.0170201 -0.059847 -0.00317005 -0.0171488 0.999848 -0.112899 0 0 0 1 
1807261650258;0.796962;1.02531;0.992039 0.125856 -0.00440647 -0.32164 -0.125362 0.990259 0.0605929 0.733068 0.0119896 -0.0595581 0.998153 -0.0617012 0 0 0 1 
1807261650259;0.200045;0.975263;0.999802 -0.00387517 0.0195342 -1.16841 0.00352937 0.999837 0.0177059 0.138419 -0.0195996 -0.0176334 0.999652 -0.00842337 0 0 0 1 
1807261650260;0.602384;0.937902;0.970527 -0.14843 -0.189855 -1.83529 0.197181 0.942024 0.271497 -0.288601 0.138549 -0.300931 0.943528 -0.583139 0 0 0 1 
1807261650261;0.61809;0.97165;0.936636 -0.127796 -0.326161 -1.58929 0.135293 0.990806 0.000305163 -0.162708 0.323124 -0.0444132 0.945314 0.4519 0 0 0 1 
1807261650262;0.377489;0.910661;0.924215 -0.301418 0.234467 -2.43352 0.342125 0.926318 -0.157754 -0.506569 -0.169641 0.226015 0.959239 0.964601 0 0 0 1 
