#;prob_registration_l1 -r /home/probabilistic_point_clouds_registration/build/tester /home/point_clouds_registration_benchmark//devel/registration_pairs/plain_local.txt /home/point_clouds_registration_benchmark//eth/plain -s 0.2 -t 0.2 -p 0.3 -r 1000 -m 15 -i 40 
id;initial_error;final_error;transformation
4215528470000;0.567788;0.363794;0.963575 -0.0224293 0.266494 0.360532 0.00674596 0.998198 0.059621 -0.0119639 -0.267351 -0.0556516 0.961991 1.95547 0 0 0 1 
4215528470001;0.547226;0.099008;0.991844 0.102966 -0.0751202 -0.657154 -0.0642115 0.912794 0.403341 0.808572 0.1101 -0.395228 0.911961 1.05768 0 0 0 1 
4215528470002;0.032832;0.032303;0.999984 0.00313761 0.00460338 -0.0451548 -0.00315254 0.99999 0.00323968 -0.0219429 -0.00459317 -0.00325414 0.999984 0.0275358 0 0 0 1 
4215528470003;0.731607;0.0903207;0.995315 -0.0449474 0.0856006 -0.052642 0.0434236 0.998865 0.0195816 -0.831413 -0.0863836 -0.0157727 0.996137 0.387062 0 0 0 1 
4215528470004;0.518474;0.28972;0.966363 0.0618267 -0.249639 -0.237893 -0.00496167 0.974975 0.22226 0.0696839 0.257133 -0.213545 0.942487 -0.24185 0 0 0 1 
4215528470005;0.0948906;0.0859162;0.999569 0.0184364 0.0228563 -0.0943539 -0.0163608 0.995996 -0.08789 0.125019 -0.0243852 0.0874782 0.995868 -0.296479 0 0 0 1 
4215528470006;0.93827;0.0390531;0.998126 0.052051 -0.0321697 -0.975773 -0.0598547 0.939751 -0.336579 0.515406 0.0127123 0.337873 0.941106 -1.30863 0 0 0 1 
4215528470007;0.649378;0.508173;0.994773 -0.0149263 -0.101014 -0.0524341 -0.0218579 0.935201 -0.353441 0.534574 0.0997444 0.353802 0.929987 -2.01083 0 0 0 1 
4215528470008;0.524363;0.407971;0.962339 0.0265503 -0.270553 0.161187 -0.0630764 0.989867 -0.12722 0.478446 0.264433 0.139494 0.954262 -2.33625 0 0 0 1 
4215528470009;0.400063;0.356405;0.967229 -0.0663542 0.245083 0.296957 0.0782718 0.996161 -0.0392002 -0.52474 -0.241541 0.0570986 0.968709 1.32061 0 0 0 1 
4215528470010;0.581956;0.0365879;0.974395 -0.212481 -0.0735226 1.13928 0.186175 0.945813 -0.266038 -1.22792 0.126067 0.245538 0.961155 -2.12508 0 0 0 1 
4215528470011;0.358216;0.194275;0.986626 -0.086779 0.137978 0.347276 0.116074 0.968347 -0.220976 -0.64592 -0.114435 0.234037 0.96547 -0.182621 0 0 0 1 
4215528470012;0.581653;0.384946;0.98452 0.109872 -0.136561 -0.329285 -0.0666798 0.955334 0.287909 0.463156 0.162094 -0.274346 0.947871 -0.137387 0 0 0 1 
4215528470013;0.612837;0.0300406;0.982759 -0.0496075 0.178114 0.0992586 0.0480414 0.998759 0.0130977 -0.269465 -0.178542 -0.00431507 0.983923 0.544627 0 0 0 1 
4215528470014;0.871128;0.560334;0.998721 -0.0331097 0.0382208 0.121651 0.0337626 0.999293 -0.0165644 -0.339967 -0.0376453 0.0178336 0.999132 0.706251 0 0 0 1 
4215528470015;0.0605696;0.0360309;0.999914 -0.00501217 0.0121069 0.0334531 0.00518319 0.999887 -0.0141359 -0.0731884 -0.0120347 0.0141975 0.999827 -0.0114935 0 0 0 1 
4215528470016;0.462589;0.161244;0.972636 -0.00146559 0.232332 -0.0705407 0.0498266 0.978029 -0.202425 -0.266695 -0.22693 0.208462 0.951339 0.787732 0 0 0 1 
4215528470017;0.763704;0.315132;0.992357 0.0616815 0.106881 -0.419937 -0.101464 0.900807 0.422198 0.891925 -0.0702376 -0.429816 0.900181 3.04582 0 0 0 1 
4215528470018;0.320962;0.391098;0.998196 -0.000452862 0.0600427 -0.211115 -0.00561328 0.994889 0.100823 -0.0482988 -0.0597814 -0.100978 0.993091 0.711165 0 0 0 1 
4215528470019;0.470754;0.21557;0.905109 0.144456 -0.399888 -0.0838765 -0.0871092 0.983567 0.158142 0.55047 0.416161 -0.108302 0.902818 -2.04181 0 0 0 1 
4215528470020;0.901423;0.564923;0.989469 -0.0259748 0.142397 -0.0864194 0.0420431 0.992928 -0.111022 -0.169727 -0.138507 0.11584 0.983563 -0.115959 0 0 0 1 
4215528470021;0.310289;0.0672045;0.997743 -0.0555676 -0.0376888 0.13323 0.0592322 0.992777 0.104336 -0.496955 0.0316188 -0.106333 0.993828 0.492971 0 0 0 1 
4215528470022;0.501427;0.0719575;0.975996 0.118762 -0.182557 -0.282141 -0.131626 0.989482 -0.0599993 0.672646 0.173511 0.0825882 0.981363 -1.89121 0 0 0 1 
4215528470023;0.509895;0.38815;0.995137 -0.00286273 0.0984565 0.0540794 0.0174561 0.988881 -0.147682 0.0167122 -0.096939 0.148683 0.984122 -0.39829 0 0 0 1 
4215528470024;0.756959;0.442825;0.997493 -0.0440026 0.0554129 0.130562 0.0427221 0.998797 0.0240851 -0.386036 -0.056406 -0.0216573 0.998173 0.991039 0 0 0 1 
4215528470025;0.187466;0.103829;0.991026 0.125368 -0.0463722 -0.601919 -0.12056 0.988152 0.0949739 0.778036 0.0577295 -0.0885309 0.994399 0.0049068 0 0 0 1 
4215528470026;0.0729172;0.0271887;0.999397 -0.0344477 -0.00445736 0.163877 0.034415 0.999382 -0.00721255 -0.202445 0.00470306 0.0070548 0.999964 -0.124852 0 0 0 1 
4215528470027;0.80863;0.234471;0.997359 0.000703213 -0.0726266 -0.13069 -0.00975813 0.992184 -0.124399 -0.105709 0.0719715 0.124779 0.989571 -0.390405 0 0 0 1 
4215528470028;0.511375;0.497434;0.996716 0.0194451 -0.078608 -0.226208 -0.00432034 0.982128 0.188167 -0.0490873 0.080862 -0.187209 0.978986 0.485556 0 0 0 1 
4215528470029;0.874225;0.492802;0.883638 0.0659181 -0.463508 0.693454 -0.0403606 0.997078 0.0648562 0.425738 0.466428 -0.0386019 0.883716 -3.14071 0 0 0 1 
4215528470031;0.986719;0.174406;0.999768 -0.00975922 0.01919 0.0142414 0.00972505 0.999951 0.00187314 -0.365246 -0.0192074 -0.00168608 0.999814 0.913761 0 0 0 1 
4215528470032;1.06872;0.0410313;0.998306 -0.0488894 0.0315528 0.0208586 0.0580616 0.872591 -0.484989 0.01257 -0.00382185 0.485999 0.873951 -2.54961 0 0 0 1 
4215528470033;0.525088;0.0812842;0.997194 -0.0743266 0.0089773 0.258609 0.0745093 0.996975 -0.0220999 -0.736644 -0.00730754 0.0227067 0.999715 -0.448678 0 0 0 1 
4215528470034;0.461314;0.0890357;0.99933 0.0351055 0.0103585 -0.261183 -0.0353159 0.999158 0.0208774 0.188369 -0.0096169 -0.0212292 0.999728 -0.153916 0 0 0 1 
4215528470035;0.980295;0.221084;0.999781 -0.0209373 0.0006518 -0.520981 0.0209358 0.999778 0.00228942 -0.263333 -0.00069959 -0.00227527 0.999997 0.135201 0 0 0 1 
4215528470036;1.14169;0.558252;0.99756 0.0655882 0.023915 -0.656476 -0.0696 0.961041 0.267499 0.54122 -0.00543847 -0.268511 0.963261 2.29587 0 0 0 1 
4215528470037;0.241412;0.125396;0.999919 0.00172027 0.0126221 0.0559177 -0.00137521 0.999626 -0.0272952 0.0606759 -0.0126643 0.0272757 0.999548 0.0369339 0 0 0 1 
4215528470038;0.130156;0.159585;0.997286 0.0620911 0.0395578 -0.405295 -0.06239 0.998032 0.0063681 0.480237 -0.0390845 -0.00881883 0.999197 0.380917 0 0 0 1 
4215528470039;0.797747;0.490576;0.994712 -0.062221 -0.0817123 0.238254 0.0387705 0.96422 -0.262253 -0.300431 0.0951063 0.257698 0.961533 -1.7953 0 0 0 1 
4215528470040;0.689028;0.643632;0.996465 -0.0397003 -0.0740358 0.288328 0.0470599 0.993827 0.10047 -0.49732 0.0695901 -0.103599 0.992182 -0.404586 0 0 0 1 
4215528470041;0.231676;0.0861481;0.948092 -0.113934 -0.296885 1.41824 0.0741273 0.987075 -0.142082 -0.481626 0.309236 0.1127 0.944284 -3.37885 0 0 0 1 
4215528470042;0.841266;0.723432;0.989166 -0.0479374 0.138753 0.119263 0.0335065 0.993957 0.104532 -0.101752 -0.142926 -0.0987507 0.984795 1.48999 0 0 0 1 
4215528470043;0.639843;0.573003;0.995855 0.0512004 -0.0751772 -0.234497 -0.0490389 0.998336 0.0303229 0.458717 0.0766047 -0.0265106 0.996709 -0.640408 0 0 0 1 
4215528470044;0.994474;0.0502534;0.999881 0.00067852 0.0154423 0.0425154 -0.000499158 0.999932 -0.0116158 0.00388044 -0.0154492 0.0116067 0.999813 -0.771464 0 0 0 1 
4215528470045;0.386524;0.0952438;0.995002 0.0134213 0.0989484 -0.182451 -0.0584679 0.881602 0.468359 0.64245 -0.0809471 -0.471803 0.87798 3.4076 0 0 0 1 
4215528470046;1.07289;0.4588;0.976763 0.0631929 -0.204796 -0.062601 -0.050933 0.996611 0.0645975 0.312711 0.208184 -0.0526655 0.976671 -0.821975 0 0 0 1 
4215528470047;0.459821;0.473507;0.993346 -0.0192427 0.113552 0.0356719 0.0199259 0.99979 -0.0048848 -0.237545 -0.113435 0.00711493 0.99352 0.884344 0 0 0 1 
4215528470048;0.649857;0.389587;0.99889 0.043438 -0.0182441 -0.429507 -0.0432574 0.999012 0.0101836 0.341932 0.0186685 -0.00938312 0.999782 -0.0192936 0 0 0 1 
4215528470049;0.633618;0.175351;0.996589 -0.071045 -0.041991 0.470371 0.0768902 0.984157 0.159762 -0.771412 0.0299754 -0.162445 0.986262 1.07696 0 0 0 1 
4215528470050;0.671958;0.356644;0.998293 0.0251681 -0.0526962 -0.127974 -0.0235534 0.999241 0.0310406 0.153745 0.0534374 -0.0297465 0.998128 -0.740224 0 0 0 1 
4215528470051;0.865997;0.746723;0.99712 -0.0210621 -0.0728575 0.210314 0.00710256 0.982375 -0.186787 0.217163 0.0755075 0.185731 0.979695 -2.20473 0 0 0 1 
4215528470052;0.470145;0.3072;0.996453 0.0748824 -0.0383995 -0.451313 -0.0760125 0.996689 -0.0288649 0.664563 0.0361109 0.0316814 0.998845 -0.558147 0 0 0 1 
4215528470053;1.01323;0.0644969;0.992248 0.0367667 0.118709 -0.139569 -0.024533 0.994387 -0.102921 0.173531 -0.121826 0.0992104 0.987581 -0.236413 0 0 0 1 
4215528470054;0.877545;0.634503;0.999277 0.00509772 -0.0376879 0.129861 -0.00396111 0.999537 0.0301718 0.0669716 0.0378242 -0.0300007 0.998834 -0.686991 0 0 0 1 
4215528470055;0.503431;0.115964;0.997096 -0.0181835 0.073948 -0.00998084 0.0270944 0.99224 -0.121346 0.201999 -0.0711677 0.122997 0.989852 0.152037 0 0 0 1 
4215528470056;0.338949;0.462549;0.985889 -0.144264 0.08492 0.507731 0.158368 0.968161 -0.193864 -1.11694 -0.0542487 0.204577 0.977346 -0.778332 0 0 0 1 
4215528470057;0.60477;0.0372881;0.999686 -0.0156324 0.0195713 0.0712497 0.0150955 0.999514 0.0272841 -0.104151 -0.0199883 -0.0269801 0.999436 -0.188279 0 0 0 1 
4215528470058;0.117082;0.0964312;0.996357 -0.0835893 0.0169178 0.434822 0.0839433 0.99624 -0.0214201 -0.695915 -0.0150637 0.0227622 0.999627 -0.0286429 0 0 0 1 
4215528470059;0.289428;0.350471;0.998228 -0.0202425 -0.0559504 0.0875819 0.0139899 0.993837 -0.109966 -0.0570514 0.0578315 0.108989 0.992359 -1.21326 0 0 0 1 
4215528470060;0.876862;0.666772;0.962601 0.0967016 -0.253076 0.118701 -0.0753321 0.992828 0.092831 0.626585 0.260238 -0.0702945 0.962982 -2.41615 0 0 0 1 
4215528470062;1.03489;0.738333;0.96077 -0.117686 0.25114 0.301599 0.179104 0.95465 -0.237833 -1.82871 -0.211761 0.273483 0.938277 2.59398 0 0 0 1 
4215528470063;0.150783;0.199153;0.995966 0.049182 0.0750576 -0.350863 -0.0558896 0.994368 0.0900523 0.699694 -0.0702059 -0.0938839 0.993105 1.29983 0 0 0 1 
4215528470064;1.26892;0.507731;0.974915 0.15213 -0.162472 0.125898 -0.133936 0.98398 0.117667 1.86896 0.17777 -0.0929543 0.979672 -2.93118 0 0 0 1 
4215528470065;0.672821;0.113722;0.998472 -0.053954 0.0119175 0.0114131 0.054371 0.997798 -0.03799 -0.754299 -0.00984152 0.0385799 0.999207 -0.287967 0 0 0 1 
4215528470066;0.971407;0.286197;0.973179 -0.0637218 0.221047 0.0790145 0.145984 0.913678 -0.379317 -1.15543 -0.177795 0.401413 0.898475 1.79336 0 0 0 1 
4215528470067;0.479383;0.627832;0.999014 -0.0117119 0.0428336 -0.191649 0.0181803 0.98792 -0.153896 0.076768 -0.0405138 0.154523 0.987158 0.0668754 0 0 0 1 
4215528470068;1.75898;1.48639;0.995555 0.0893757 -0.0297067 -0.171607 -0.0832817 0.982686 0.165509 1.16953 0.0439848 -0.162299 0.985761 -0.332243 0 0 0 1 
4215528470069;1.1695;0.476095;0.996553 -0.0579509 0.0593629 -0.15054 0.0542757 0.996614 0.061757 -0.735359 -0.0627407 -0.0583222 0.996324 1.70787 0 0 0 1 
4215528470070;0.627154;0.130452;0.999745 -0.020138 0.0101872 -0.000972293 0.0197786 0.999218 0.034231 -0.197404 -0.0108686 -0.0340208 0.999362 -0.0186057 0 0 0 1 
4215528470071;1.13782;0.172435;0.984639 -0.0282178 -0.172308 1.01885 0.0429222 0.99569 0.0822171 -0.510799 0.169246 -0.08835 0.981606 -2.57084 0 0 0 1 
4215528470072;1.12233;0.579905;0.998716 0.0227609 -0.0452615 -0.309178 -0.0220264 0.999619 0.0166626 0.141321 0.0456235 -0.0156442 0.998836 -0.213088 0 0 0 1 
4215528470073;0.253366;0.0335646;0.956895 -0.0959227 0.274137 0.318453 0.172049 0.947661 -0.268956 -1.67455 -0.23399 0.304527 0.923316 2.44973 0 0 0 1 
4215528470074;0.891847;0.200478;0.926104 0.178498 -0.332371 1.22581 -0.10048 0.96587 0.238743 0.970209 0.363643 -0.187704 0.912431 -4.77187 0 0 0 1 
4215528470075;0.661748;0.427946;0.998179 0.0188867 0.0572802 -0.320511 -0.0191005 0.999812 0.00318702 0.358188 -0.0572093 -0.0042753 0.998353 1.13792 0 0 0 1 
4215528470076;1.55682;0.18735;0.999913 -0.000647732 -0.0131831 -0.0420088 0.000591203 0.999991 -0.00429147 0.209638 0.0131857 0.0042833 0.999904 -1.07278 0 0 0 1 
4215528470077;0.434483;0.526745;0.99554 -0.0943374 -0.000884602 0.150326 0.0941674 0.994228 -0.0514185 -1.02617 0.00573019 0.0511059 0.998677 -0.376403 0 0 0 1 
4215528470078;1.12372;1.02855;0.962728 -0.0652628 0.26248 0.122802 0.0643365 0.997855 0.0121311 -1.00465 -0.262708 0.00520809 0.964861 3.81376 0 0 0 1 
4215528470079;1.36039;1.14527;0.993656 -0.0107109 0.111948 -0.427122 0.0262482 0.990049 -0.138255 -0.246733 -0.109353 0.140316 0.984049 1.35471 0 0 0 1 
4215528470080;1.57691;0.875109;0.980446 0.134157 -0.143968 0.0353393 -0.104388 0.974745 0.197422 1.55566 0.166818 -0.178534 0.969689 -1.6174 0 0 0 1 
4215528470081;1.29705;1.25452;0.992004 0.121035 -0.035762 -0.532725 -0.116703 0.98758 0.105193 1.76921 0.04805 -0.100179 0.993809 -0.349435 0 0 0 1 
4215528470082;0.754436;0.209745;0.995813 -0.0600202 -0.0689537 0.421895 0.0498897 0.988859 -0.140249 -0.663146 0.0766032 0.136222 0.987712 -1.29131 0 0 0 1 
4215528470083;1.36137;0.530227;0.995143 0.000227552 0.0984427 -0.447937 0.00653562 0.997638 -0.0683737 0.136558 -0.0982257 0.068685 0.992791 1.87323 0 0 0 1 
4215528470084;1.66015;0.646271;0.982826 -0.0729138 -0.169522 0.362818 0.0639802 0.996288 -0.0575846 -0.802834 0.173091 0.0457496 0.983843 -2.98899 0 0 0 1 
4215528470085;1.13067;0.0580366;0.998731 -0.0418385 -0.0280462 -0.0796129 0.0443225 0.994514 0.0947452 -1.05257 0.0239283 -0.095868 0.995106 0.572108 0 0 0 1 
4215528470086;1.1632;1.23363;0.92838 -0.0263736 0.370695 0.228977 0.0158628 0.999382 0.0313751 -0.270447 -0.371293 -0.0232478 0.928225 5.54703 0 0 0 1 
4215528470087;0.757202;0.833513;0.99729 0.000107882 0.0735643 -0.36675 0.00772947 0.99431 -0.106245 0.105336 -0.0731571 0.106525 0.991615 0.893872 0 0 0 1 
4215528470088;1.28516;0.756446;0.999724 -0.0231023 -0.00418472 -0.0671761 0.0229523 0.999195 -0.0329105 -0.231278 0.00494166 0.0328053 0.99945 0.456771 0 0 0 1 
4215528470089;0.703952;0.511464;0.997726 0.046461 -0.0488194 -0.300546 -0.0448514 0.99843 0.0335659 0.660472 0.0503022 -0.0313 0.998243 -0.285834 0 0 0 1 
4215528470090;1.03548;0.175517;0.94847 -0.150361 0.278919 0.419167 0.243291 0.909526 -0.337005 -2.53897 -0.203011 0.387498 0.89924 1.32167 0 0 0 1 
4215528470091;1.49069;1.49305;0.998294 0.0543121 0.0214243 -0.245079 -0.0561847 0.993445 0.0995467 0.670647 -0.0158773 -0.100581 0.994802 0.610764 0 0 0 1 
4215528470093;0.435815;0.408434;0.99616 -0.0875512 0.000652063 0.40384 0.0847681 0.966304 0.243043 -0.282493 -0.0219088 -0.242055 0.970015 0.238938 0 0 0 1 
4215528470094;0.626818;0.0419182;0.999276 0.0365006 0.0106972 -0.0314223 -0.0360557 0.998581 -0.0391818 0.21983 -0.0121122 0.0387677 0.999175 -0.643168 0 0 0 1 
4215528470095;0.64508;0.402831;0.990895 -0.133582 -0.0167972 0.607266 0.132623 0.989951 -0.0490671 -0.545886 0.0231829 0.0463927 0.998654 -0.382293 0 0 0 1 
4215528470096;0.715932;0.532032;0.99905 -0.0435643 0.000845463 0.136209 0.0435582 0.998037 -0.045009 -0.263787 0.00111698 0.0450031 0.998986 -0.354735 0 0 0 1 
4215528470097;0.899584;0.888114;0.993644 -0.110301 0.0225018 0.386706 0.112571 0.974606 -0.193573 -0.423647 -0.000579192 0.194876 0.980828 0.308148 0 0 0 1 
4215528470098;0.598276;0.0872652;0.986009 -0.118051 0.117683 0.28621 0.0944439 0.977395 0.189155 -0.603097 -0.137353 -0.175394 0.97487 0.107036 0 0 0 1 
4215528470099;0.333474;0.0161389;0.9707 0.044111 -0.23621 0.103183 0.0563349 0.913834 0.402161 -0.157189 0.233597 -0.403684 0.884574 -0.446592 0 0 0 1 
4215528470100;0.645112;0.023671;0.999792 -0.0203347 -0.00132507 0.0215702 0.0203276 0.99978 -0.00513398 -0.0258319 0.00142917 0.00510598 0.999986 -0.698271 0 0 0 1 
4215528470101;0.802084;0.072761;0.999409 -0.0112651 0.0324688 0.723547 0.013187 0.998135 -0.0595982 0.11813 -0.0317368 0.0599911 0.997694 0.36124 0 0 0 1 
4215528470102;0.571321;0.0657329;0.999822 -0.0184093 0.00401456 -0.137886 0.0185702 0.998831 -0.044621 0.167268 -0.00318843 0.0446876 0.998996 -0.538308 0 0 0 1 
4215528470103;0.118159;0.118996;0.999844 -0.0173096 -0.00362238 0.0348987 0.0173082 0.99985 -0.000410117 -0.0472439 0.00362894 0.000347355 0.999993 -0.0369276 0 0 0 1 
4215528470104;0.483078;0.102182;0.959415 -0.0100781 0.281817 0.201641 -0.014912 0.99615 0.08639 -0.181932 -0.281602 -0.0870863 0.955571 1.16069 0 0 0 1 
4215528470105;0.856272;0.737828;0.963574 -0.00583283 0.26738 0.0428031 0.0560942 0.981932 -0.18073 -0.206477 -0.261495 0.189145 0.946491 0.612155 0 0 0 1 
4215528470106;0.960069;0.0393178;0.993287 -0.0855155 0.0778935 0.69114 0.0820688 0.995545 0.0464291 -0.730679 -0.0815168 -0.0397248 0.99588 0.822735 0 0 0 1 
4215528470107;0.403602;0.2416;0.95043 0.0569884 -0.305671 0.236098 -0.0590116 0.998254 0.00262527 0.330506 0.305287 0.015543 0.952134 -1.02962 0 0 0 1 
4215528470108;0.717513;0.467821;0.999997 -0.00197984 0.00108043 0.215339 0.0020388 0.998337 -0.0576146 -0.158625 -0.000964566 0.0576166 0.998338 0.0598428 0 0 0 1 
4215528470109;0.671253;0.209348;0.999465 -0.0322479 0.00538938 0.0852817 0.0323237 0.99937 -0.0146258 -0.0357147 -0.00491433 0.0147922 0.999879 0.608013 0 0 0 1 
4215528470110;0.085073;0.0119458;0.999714 0.0237056 0.00308652 -0.00697107 -0.0236837 0.999696 -0.00691928 0.0714705 -0.00324961 0.0068442 0.999971 -0.0789444 0 0 0 1 
4215528470111;0.687198;0.0155709;0.998502 0.00394374 0.0545694 -0.130426 -0.00728631 0.998099 0.0611909 -0.0119161 -0.0542244 -0.0614968 0.996633 0.891737 0 0 0 1 
4215528470112;0.990082;0.173907;0.998618 0.0460871 -0.0252673 0.00493003 -0.0415031 0.986419 0.158921 0.271234 0.0322484 -0.157653 0.986968 0.951219 0 0 0 1 
4215528470113;0.115928;0.0330619;0.998644 0.0520182 -0.00200747 -0.0825801 -0.0520236 0.998642 -0.00272139 0.185421 0.00186318 0.00282213 0.999994 -0.0266759 0 0 0 1 
4215528470114;0.310906;0.062654;0.999997 -0.00224471 0.00115386 -0.115745 0.00224855 0.999992 -0.00333682 -0.0426639 -0.00114636 0.0033394 0.999994 -0.276819 0 0 0 1 
4215528470115;0.363564;0.242002;0.999831 0.012827 0.0131888 0.150789 -0.0117446 0.996797 -0.0791079 0.00331119 -0.0141613 0.0789396 0.996779 -0.0427294 0 0 0 1 
4215528470116;0.348278;0.30785;0.921402 -0.115875 0.370933 0.475111 0.0626973 0.986332 0.152377 -0.185369 -0.38352 -0.117144 0.916073 0.976004 0 0 0 1 
4215528470117;0.290367;0.31274;0.997356 0.0194624 -0.0700119 0.0701728 -0.0256422 0.995748 -0.0884813 0.0917674 0.0679921 0.0900426 0.993614 -0.16516 0 0 0 1 
4215528470118;0.65787;0.32887;0.999136 0.00177533 0.0415128 0.320452 0.00155792 0.996784 -0.0801246 -0.126663 -0.0415215 0.0801201 0.99592 -0.363499 0 0 0 1 
4215528470119;0.205525;0.0361881;0.992289 -0.0820893 0.0928675 0.059348 0.0917343 0.990247 -0.104862 -0.134732 -0.0833538 0.112572 0.990141 0.215948 0 0 0 1 
4215528470120;0.310799;0.0909318;0.992754 -0.0329816 -0.115549 0.0918848 0.0697162 0.941299 0.330297 -0.243598 0.0978726 -0.335959 0.936778 -0.0329588 0 0 0 1 
4215528470121;0.660347;0.0333859;0.939334 -0.0350358 0.34121 0.268482 0.152294 0.933941 -0.323359 -0.50082 -0.30734 0.355706 0.882618 1.18629 0 0 0 1 
4215528470122;0.789381;0.459481;0.984145 0.00655807 0.177242 -0.0423501 -0.0286004 0.992106 0.122097 0.0263356 -0.175042 -0.12523 0.976564 -0.00954047 0 0 0 1 
4215528470124;0.80876;0.53219;0.947209 0.0196947 0.320011 0.0878397 0.0363951 0.985055 -0.168351 0.0763427 -0.318544 0.17111 0.932336 0.721252 0 0 0 1 
4215528470125;0.139303;0.0454855;0.991191 -0.0376632 -0.126975 0.142786 0.0205923 0.99088 -0.133167 -0.0986016 0.130832 0.129379 0.982926 -0.875401 0 0 0 1 
4215528470126;0.0966618;0.166989;0.998142 -0.00483884 -0.060732 -0.0698929 0.00566067 0.999895 0.0133674 0.0326216 0.0606609 -0.0136863 0.998065 -0.276116 0 0 0 1 
4215528470127;0.789796;0.0867279;0.99907 -0.0430815 0.00162304 -0.18368 0.0430827 0.999071 -0.000708572 -0.0382922 -0.00159101 0.000777838 0.999998 0.658128 0 0 0 1 
4215528470128;0.207096;0.0412532;0.998568 0.0462181 0.0269514 -0.109991 -0.0461086 0.998926 -0.00467078 0.246282 -0.0271384 0.0034214 0.999626 -0.0821658 0 0 0 1 
4215528470129;0.938911;0.139179;0.999911 0.010371 0.00843406 -0.147082 -0.0103587 0.999945 -0.00150035 0.211557 -0.00844916 0.00141285 0.999963 0.870363 0 0 0 1 
4215528470130;0.991785;0.602829;0.986271 0.0342674 -0.161541 -0.358363 -0.0129477 0.991268 0.131225 -0.0624993 0.164627 -0.127331 0.978102 -0.13079 0 0 0 1 
4215528470131;0.387282;0.242762;0.999975 -0.00624875 0.00340934 -0.120226 0.00627598 0.999948 -0.00803354 0.054995 -0.00335897 0.00805473 0.999962 -0.118454 0 0 0 1 
4215528470132;0.92999;0.464002;0.999588 -0.0214116 0.0191061 0.0997779 0.0222032 0.998861 -0.0422295 0.0339024 -0.0181801 0.0426363 0.998925 -0.809683 0 0 0 1 
4215528470133;0.555582;0.474129;0.99964 0.0231516 0.0135305 -0.000430578 -0.0195635 0.974739 -0.222487 0.100506 -0.0183397 0.222142 0.974842 -0.62764 0 0 0 1 
4215528470134;0.99593;0.6958;0.965588 0.0204566 0.259271 -0.0604162 -0.0414629 0.99626 0.0758126 0.169028 -0.256751 -0.0839539 0.962824 0.485843 0 0 0 1 
4215528470135;1.17319;0.886273;0.988788 -0.0338454 0.145438 -0.011703 0.0878865 0.919318 -0.383576 -0.352946 -0.120721 0.392057 0.911986 0.29161 0 0 0 1 
4215528470136;0.830588;0.824228;0.998582 -0.00501742 0.052997 -0.0416006 -0.0107515 0.956024 0.293092 0.141401 -0.0521369 -0.293246 0.954614 0.932303 0 0 0 1 
4215528470137;0.395265;0.27734;0.988547 -0.0394755 0.145657 -0.0542494 -0.0263616 0.905172 0.424227 0.294197 -0.148591 -0.423209 0.893765 1.75113 0 0 0 1 
4215528470138;1.02893;0.800972;0.994324 0.0681293 -0.0817171 0.0896751 -0.0569911 0.989658 0.131639 0.2653 0.0898405 -0.126234 0.987924 -0.407501 0 0 0 1 
4215528470139;0.649753;0.291538;0.988063 -0.0759441 -0.134034 -0.073994 0.0452443 0.97473 -0.218757 -0.307402 0.14726 0.210081 0.96653 -0.717492 0 0 0 1 
4215528470140;0.360307;0.135883;0.90044 -0.0420869 0.43294 0.366689 0.0788084 0.994621 -0.0672188 -0.366383 -0.427782 0.0946458 0.898913 1.76712 0 0 0 1 
4215528470141;0.657293;0.0821594;0.998077 0.0175893 -0.0594429 -0.580944 -0.0187557 0.999641 -0.0191217 0.0430222 0.0590852 0.0201998 0.998049 -0.411604 0 0 0 1 
4215528470142;0.724166;0.503801;0.999717 0.0234098 0.00432468 -0.152245 -0.0232239 0.998972 -0.0389395 -0.0584281 -0.0052318 0.0388281 0.999232 0.235426 0 0 0 1 
4215528470143;0.681426;0.0848521;0.944511 0.112712 -0.308536 -0.38532 -0.035429 0.968763 0.245444 0.342791 0.326562 -0.220894 0.919001 -1.22332 0 0 0 1 
4215528470144;0.404104;0.143894;0.999986 0.00203672 -0.00478837 -0.231791 -0.00182669 0.999053 0.0434651 0.203328 0.00487236 -0.0434558 0.999043 -0.018941 0 0 0 1 
4215528470145;0.189223;0.0255457;0.997889 -0.0510251 -0.0401671 0.126533 0.0375094 0.957827 -0.284885 -0.0434723 0.0530095 0.282777 0.95772 -0.892933 0 0 0 1 
4215528470146;0.235131;0.0126779;0.991604 0.0417711 0.12238 -0.209158 -0.0405039 0.999097 -0.0128252 0.117167 -0.122805 0.00776061 0.9924 0.618387 0 0 0 1 
4215528470147;0.605051;0.10532;0.999449 -0.00491339 -0.0328242 -0.39002 0.00492078 0.999988 0.000144494 -0.156355 0.0328231 -0.000305935 0.999461 -0.428349 0 0 0 1 
4215528470148;0.594371;0.262206;0.910975 -0.0677911 0.406852 0.472034 0.0177442 0.991929 0.125548 -0.145461 -0.412079 -0.107152 0.904826 2.43604 0 0 0 1 
4215528470149;0.787506;0.538865;0.999856 0.00303955 0.0167196 0.0629995 -0.00308425 0.999992 0.00264805 -0.220437 -0.0167114 -0.00269924 0.999857 0.0309557 0 0 0 1 
4215528470150;0.616542;0.245026;0.985301 0.029082 0.168332 -0.0428803 -0.0314817 0.999437 0.0116039 0.0633366 -0.1679 -0.0167327 0.985662 1.24884 0 0 0 1 
4215528470151;0.660847;0.568278;0.999601 -0.0259899 0.0110358 0.0855237 0.0268205 0.996161 -0.0833333 4.23266e-05 -0.00882759 0.0835961 0.996461 -0.468671 0 0 0 1 
4215528470152;0.936036;0.203183;0.993869 0.0387403 0.103553 -0.0974972 -0.0431415 0.998243 0.0406046 0.167931 -0.101798 -0.0448231 0.993795 -0.337335 0 0 0 1 
4215528470153;0.43556;0.518597;0.993855 -0.0274298 -0.10724 -0.117765 0.010616 0.987965 -0.154316 0.00593766 0.110182 0.152229 0.982184 -0.922465 0 0 0 1 
4215528470155;0.767559;0.480093;0.998509 0.0522147 -0.0159136 -0.195302 -0.0504745 0.994194 0.0950316 0.443624 0.0207833 -0.0940867 0.995347 -0.257772 0 0 0 1 
4215528470156;0.534127;0.0318967;0.955407 0.0983008 -0.278449 0.126121 -0.0693445 0.991284 0.112019 0.174229 0.287034 -0.0877151 0.953896 -1.39805 0 0 0 1 
4215528470157;0.770434;0.326804;0.990664 0.0569495 0.123859 -0.075948 -0.0503315 0.997166 -0.055922 0.1665 -0.126693 0.0491659 0.990723 1.11305 0 0 0 1 
4215528470158;0.945303;0.536446;0.983142 0.0934007 -0.15719 -0.0149542 -0.067021 0.983936 0.165463 0.472318 0.170119 -0.152139 0.973608 -1.1279 0 0 0 1 
4215528470159;0.28795;0.156792;0.9991 -0.0276547 -0.0321733 -0.0582978 0.0269469 0.99939 -0.0222273 -0.0664069 0.0327684 0.0213403 0.999235 0.111314 0 0 0 1 
4215528470160;0.771203;0.467501;0.998608 -0.0135126 -0.0509835 -0.127849 0.0119554 0.999456 -0.0307244 0.0107263 0.051371 0.0300721 0.998227 -0.846497 0 0 0 1 
4215528470161;0.233784;0.128966;0.991758 0.0399669 0.121729 -0.0895216 -0.0399357 0.999199 -0.00269707 0.198689 -0.12174 -0.00218651 0.99256 0.331796 0 0 0 1 
4215528470162;0.571431;0.0885974;0.996736 0.0227348 0.0774636 -0.613003 -0.0354397 0.985351 0.166817 0.114551 -0.0725363 -0.169018 0.98294 0.657042 0 0 0 1 
4215528470163;0.611739;0.0619821;0.99647 -0.0709497 0.0448786 -0.154075 0.0721872 0.997037 -0.0265789 0.0205841 -0.0428599 0.0297248 0.998639 0.789812 0 0 0 1 
4215528470164;0.552648;0.411981;0.999008 -0.0195457 0.0400142 0.08148 0.0209277 0.999189 -0.0344147 -0.230213 -0.0393091 0.035218 0.998606 0.16434 0 0 0 1 
4215528470165;0.294545;0.0700609;0.998883 0.0261717 -0.0393413 -0.116667 -0.0253117 0.999433 0.0222018 0.346117 0.0399 -0.0211812 0.998979 -0.232399 0 0 0 1 
4215528470166;0.624564;0.552617;0.998808 0.0339349 0.0350908 0.179809 -0.0324475 0.998585 -0.0421212 -0.0425233 -0.0364705 0.0409324 0.998496 -0.215133 0 0 0 1 
4215528470167;0.723593;0.0390982;0.996691 0.0812856 0.00026884 -0.318506 -0.0810748 0.994333 -0.0687646 0.444265 -0.00585689 0.0685152 0.997633 0.789952 0 0 0 1 
4215528470168;0.682452;0.427433;0.923445 0.128337 -0.361635 -0.277261 -0.100463 0.990401 0.0949368 0.516235 0.370348 -0.0513379 0.927473 -0.500369 0 0 0 1 
4215528470169;0.452691;0.0145482;0.985488 0.160227 -0.0560469 -0.196134 -0.152884 0.981283 0.117088 0.55124 0.0737586 -0.10682 0.991539 -0.604239 0 0 0 1 
4215528470170;0.927037;0.0257166;0.972353 0.195607 -0.127547 -0.538626 -0.126134 0.899614 0.418073 1.12473 0.196521 -0.390427 0.899415 -0.812365 0 0 0 1 
4215528470171;0.544194;0.342414;0.909765 0.00552976 -0.415086 0.398719 -0.100508 0.973095 -0.207325 0.457025 0.402772 0.230336 0.885844 -1.76638 0 0 0 1 
4215528470172;0.700934;0.455921;0.903593 0.0316107 0.427225 0.229458 -0.0137317 0.998899 -0.0448664 -0.0818056 -0.428173 0.0346744 0.903031 1.72754 0 0 0 1 
4215528470173;0.534414;0.166107;0.982146 0.0476547 -0.181985 0.0976174 -0.0528549 0.998318 -0.0238297 0.356459 0.180544 0.0330231 0.983012 -1.15001 0 0 0 1 
4215528470174;0.297039;0.0612053;0.996842 0.0751582 0.0256353 -0.104044 -0.0784451 0.982177 0.170806 0.304232 -0.012341 -0.172278 0.984971 -0.0844949 0 0 0 1 
4215528470175;0.347703;0.153415;0.991253 0.0509267 0.121754 -0.0446188 -0.0952688 0.91455 0.393093 0.251453 -0.0913308 -0.401254 0.911402 0.540343 0 0 0 1 
4215528470176;0.75672;0.478329;0.950961 -0.00274953 0.309297 -0.0594271 0.068472 0.977023 -0.201838 0.138889 -0.301635 0.213118 0.929299 0.427323 0 0 0 1 
4215528470177;0.756848;0.0548683;0.988611 0.15048 -0.00202388 -0.00139986 -0.143209 0.944807 0.29467 0.642821 0.046254 -0.291024 0.955597 -0.673452 0 0 0 1 
4215528470178;0.523311;0.472017;0.983329 -0.0294118 -0.179442 0.0655182 0.0142538 0.996263 -0.0851846 0.00414445 0.181277 0.0812067 0.980074 -0.88584 0 0 0 1 
4215528470179;0.41696;0.245255;0.956546 0.138526 -0.256574 -0.0641814 -0.0713311 0.964375 0.254739 0.487175 0.282722 -0.225368 0.932351 -0.746086 0 0 0 1 
4215528470180;0.591922;0.238322;0.991504 0.0670115 -0.111486 -0.034343 -0.0632428 0.997312 0.0370084 0.346518 0.113666 -0.0296433 0.993077 -0.870125 0 0 0 1 
4215528470181;0.100371;0.044191;0.997432 0.0674877 -0.0239898 -0.081518 -0.0640551 0.990359 0.122822 0.27229 0.0320475 -0.12097 0.992139 0.0059903 0 0 0 1 
4215528470182;0.852078;0.363139;0.992174 -0.0033962 -0.124818 0.0832294 0.00807583 0.999282 0.0370046 0.141908 0.124603 -0.037723 0.991489 -1.3121 0 0 0 1 
4215528470183;0.165427;0.0160192;0.999041 -0.00728627 0.0431786 0.10043 0.012002 0.993861 -0.109985 -0.0155193 -0.0421121 0.110398 0.992995 0.132186 0 0 0 1 
4215528470184;0.841318;0.24;0.880839 -0.01787 -0.473079 0.442912 -0.0291583 0.995342 -0.0918886 0.4449 0.472517 0.0947332 0.876215 -2.41472 0 0 0 1 
4215528470186;0.933251;0.569291;0.999863 0.00410798 0.0160082 -0.0371209 -0.00560597 0.995491 0.0946854 0.0141762 -0.015547 -0.0947622 0.995379 -0.562376 0 0 0 1 
4215528470187;0.872934;0.419881;0.961448 -0.0676101 -0.266546 0.21704 9.68496e-05 0.969387 -0.245538 0.2633 0.274987 0.236046 0.932022 -2.31013 0 0 0 1 
4215528470188;0.636802;0.189085;0.99991 0.00643616 -0.0118117 -0.253304 -0.00839477 0.984693 -0.174096 -0.114712 0.0105104 0.174179 0.984658 0.0164099 0 0 0 1 
4215528470189;0.616608;0.393389;0.920915 0.0319064 0.388456 0.313457 0.0138973 0.993322 -0.114534 -0.121223 -0.389516 0.110875 0.914321 1.72599 0 0 0 1 
4215528470190;0.721491;0.117999;0.997609 0.0666114 0.0184112 -0.445663 -0.0662647 0.997624 -0.0188385 0.165671 -0.0196224 0.0175735 0.999653 -0.528476 0 0 0 1 
4215528470191;0.988569;0.318495;0.998392 0.056641 0.00235609 -0.314412 -0.0566216 0.994283 0.0905234 0.28018 0.00278472 -0.0905113 0.995892 0.986596 0 0 0 1 
4215528470192;0.483071;0.375893;0.996403 0.0202485 0.08229 -0.0782012 -0.0126424 0.995686 -0.0919223 -0.0511798 -0.0837963 0.0905512 0.99236 0.212975 0 0 0 1 
4215528470193;1.00219;0.755118;0.993595 -3.71e-05 0.112997 0.0517086 -0.00829002 0.997281 0.0732224 -0.0850002 -0.112693 -0.0736901 0.990894 1.14794 0 0 0 1 
4215528470194;0.574823;0.384945;0.971434 -0.0128558 -0.236962 0.15716 -0.056591 0.957175 -0.283926 0.472405 0.230464 0.289225 0.929105 -1.81258 0 0 0 1 
4215528470195;0.262201;0.205366;0.999478 0.0289262 -0.0143691 -0.127875 -0.0282594 0.998604 0.0446192 0.119139 0.0156397 -0.0441898 0.998901 0.0965117 0 0 0 1 
4215528470196;0.705585;0.124084;0.997918 0.056227 0.031602 -0.152534 -0.0590011 0.993721 0.0950649 0.412047 -0.0260583 -0.0967315 0.994969 0.927497 0 0 0 1 
4215528470197;0.958351;0.583878;0.973567 -0.0120518 -0.228084 -0.201825 -0.00258842 0.997961 -0.0637801 0.00487949 0.228387 0.0626846 0.97155 -0.476765 0 0 0 1 
4215528470198;0.657229;0.168809;0.990859 0.0400863 -0.128812 0.348599 -0.0335932 0.998072 0.0521914 0.39077 0.130655 -0.0473871 0.990295 -0.634744 0 0 0 1 
4215528470199;0.280312;0.100994;0.95567 0.00605726 0.294376 0.133993 -0.07663 0.970452 0.228805 0.511336 -0.284292 -0.24122 0.927896 1.58957 0 0 0 1 
4215528470200;0.717676;0.446662;0.977526 0.0818305 -0.194283 -0.353284 -0.0621886 0.992511 0.105138 0.176694 0.201432 -0.0906934 0.975295 -0.475553 0 0 0 1 
4215528470201;0.269494;0.033415;0.998594 -0.022339 0.0480631 -0.0480262 0.023354 0.999514 -0.0206597 0.102378 -0.0475782 0.0217531 0.998631 0.287168 0 0 0 1 
4215528470202;0.839096;0.535931;0.956524 -0.0389636 0.289039 0.0268023 0.0204643 0.99756 0.066752 -0.0605197 -0.290935 -0.0579349 0.954987 0.663886 0 0 0 1 
4215528470203;0.446878;0.406313;0.998674 0.0487933 -0.0164193 -0.112134 -0.0487119 0.998799 0.00532545 0.188325 0.0166594 -0.00451858 0.999851 -0.0301315 0 0 0 1 
4215528470204;0.245546;0.290803;0.999969 -0.00644911 -0.00447873 -0.152779 0.00634989 0.999742 -0.0218244 0.0425074 0.00461833 0.0217953 0.999752 -0.0726586 0 0 0 1 
4215528470205;0.862633;0.0603214;0.999473 0.0323378 -0.00289517 -0.145811 -0.0323325 0.999475 0.00184966 0.0130252 0.00295346 -0.00175508 0.999994 0.832203 0 0 0 1 
4215528470206;0.412937;0.210412;0.998245 0.0532474 -0.0259351 -0.0840411 -0.0432812 0.954739 0.294279 0.125316 0.0404308 -0.29264 0.955368 0.263443 0 0 0 1 
4215528470207;0.79837;0.14758;0.99788 0.0627901 -0.017138 0.217045 -0.0484289 0.892204 0.449028 0.073667 0.0434851 -0.447246 0.893353 0.291073 0 0 0 1 
4215528470208;0.797346;0.387755;0.998458 -0.0125415 0.0540681 -0.241526 -0.000382209 0.97256 0.23265 0.0458916 -0.0555023 -0.232312 0.971056 1.38679 0 0 0 1 
4215528470209;0.744174;0.106087;0.999648 0.0188232 -0.0187131 -0.108126 -0.0192193 0.99959 -0.0212185 0.244754 0.0183061 0.0215706 0.9996 0.561401 0 0 0 1 
4215528470210;0.00963021;0.0190776;0.99998 0.000354575 0.00629402 -0.0123351 -0.000343206 0.999998 -0.00180718 0.0119594 -0.00629465 0.00180498 0.999979 0.00622077 0 0 0 1 
4215528470211;0.575999;0.285481;0.993703 0.0515492 -0.0994879 -0.0650936 -0.0480356 0.998145 0.0373966 0.235959 0.101231 -0.0323821 0.994336 -0.865051 0 0 0 1 
4215528470212;0.0961837;0.0262994;0.999378 -0.0337624 -0.0101563 0.0688785 0.0321312 0.990751 -0.131832 -0.109871 0.0145133 0.131423 0.99122 -0.289025 0 0 0 1 
4215528470213;0.289621;0.182138;0.967653 -0.0246802 -0.251077 0.0557305 -0.0562876 0.948998 -0.310217 0.336363 0.245927 0.314315 0.916911 -1.66982 0 0 0 1 
4215528470214;0.573067;0.183404;0.99924 -0.0132893 -0.0366457 0.100415 0.0151726 0.998552 0.0516029 -0.0473904 0.0359069 -0.0521197 0.997995 -0.579851 0 0 0 1 
4215528470215;0.890995;0.38261;0.999784 -0.0206158 0.00273166 -0.0155456 0.0206434 0.999732 -0.0104846 -0.015498 -0.00251478 0.0105387 0.999941 -0.847041 0 0 0 1 
4215528470217;1.22438;0.190363;0.999703 0.0204214 -0.013262 0.207248 -0.0207066 0.999549 -0.0217394 0.31935 0.0128121 0.0220076 0.999676 -0.943945 0 0 0 1 
4215528470218;0.463441;0.749236;0.999353 -0.0252569 -0.0255882 -0.0375434 0.0198364 0.980902 -0.193487 0.0409187 0.0299864 0.192855 0.980769 -1.40284 0 0 0 1 
4215528470219;1.25639;0.125212;0.994987 -0.0561172 -0.0827731 0.151686 0.0787808 0.949682 0.303147 -1.41649 0.0615964 -0.308148 0.949342 0.453984 0 0 0 1 
4215528470220;0.864498;0.119719;0.987712 0.0450783 0.149646 -0.396302 -0.103396 0.906485 0.409382 0.728403 -0.117198 -0.419824 0.900007 3.23529 0 0 0 1 
4215528470221;0.77456;0.782511;0.976563 -0.00101049 0.215228 -0.0993174 -0.00234094 0.99988 0.0153161 -0.0868915 -0.215217 -0.015461 0.976444 2.24478 0 0 0 1 
4215528470222;0.34545;0.499159;0.971081 -0.238005 0.0188781 1.16492 0.237391 0.970952 0.0299602 -2.44327 -0.0254604 -0.0246123 0.999373 0.229799 0 0 0 1 
4215528470223;0.822643;0.366359;0.94206 -0.322396 -0.0926485 2.29718 0.314281 0.944842 -0.0922011 -2.96865 0.117263 0.0577414 0.991421 -1.975 0 0 0 1 
4215528470224;0.61224;0.274926;0.998486 -0.0122477 0.0536221 0.116145 0.0204972 0.987526 -0.156116 0.0233227 -0.0510412 0.156979 0.986282 -0.0623539 0 0 0 1 
4215528470225;0.96443;0.121203;0.998963 0.0317 0.0326659 -0.420031 -0.0312046 0.999392 -0.0155681 0.806941 -0.0331396 0.0145327 0.999345 0.00894795 0 0 0 1 
4215528470226;1.60186;0.34406;0.996833 -0.0522757 -0.0599321 -0.00284441 0.0721083 0.911956 0.403903 -0.675647 0.0335411 -0.406945 0.912837 2.72283 0 0 0 1 
4215528470227;0.62327;0.0794141;0.989253 0.0826858 0.120592 -0.595016 -0.0721552 0.993394 -0.089225 1.0204 -0.127173 0.0795647 0.988684 0.569956 0 0 0 1 
4215528470228;0.76285;0.703836;0.966501 -0.0554791 -0.250596 0.825988 0.0786489 0.993407 0.0834047 -0.731945 0.244317 -0.10032 0.964492 -1.9901 0 0 0 1 
4215528470229;0.828483;0.144335;0.93583 0.0208462 -0.351834 0.662459 -0.042928 0.997559 -0.055077 0.670954 0.349827 0.0666462 0.934441 -4.06834 0 0 0 1 
4215528470230;1.52282;1.09906;0.99996 0.00816512 -0.00369848 -0.237091 -0.00810784 0.999851 0.015248 0.237083 0.00382243 -0.0152174 0.999877 -0.0619248 0 0 0 1 
4215528470231;1.36079;0.895287;0.95075 0.0817844 -0.298975 0.742448 -0.0771473 0.996646 0.0273009 1.03832 0.300205 -0.00289124 0.95387 -3.21081 0 0 0 1 
4215528470232;1.01124;0.0736546;0.992131 0.0670357 0.10575 -0.554511 -0.0719319 0.996474 0.0431822 0.43809 -0.102482 -0.0504492 0.993455 0.832518 0 0 0 1 
4215528470233;0.360528;0.117936;0.999746 -0.0204698 -0.0094406 0.0966998 0.0205878 0.999709 0.0125838 -0.390793 0.00918027 -0.012775 0.999876 0.0940846 0 0 0 1 
4215528470234;0.247697;0.0570916;0.999972 0.00493449 0.0056235 -0.165886 -0.00493648 0.999988 0.000340899 0.01193 -0.00562175 -0.00036865 0.999984 -0.0153792 0 0 0 1 
4215528470235;1.12906;0.851429;0.949707 -0.27146 -0.156095 2.05473 0.233851 0.946356 -0.22299 -1.64926 0.208254 0.175273 0.962242 -3.21023 0 0 0 1 
4215528470236;0.421865;0.263667;0.983647 0.174755 -0.0435874 -0.706405 -0.15432 0.942533 0.296338 1.56772 0.0928691 -0.284766 0.954088 0.492408 0 0 0 1 
4215528470237;1.6174;1.1715;0.999486 0.0260402 -0.0186746 -0.358327 -0.0258791 0.999626 0.00882096 0.113874 0.0188973 -0.00833315 0.999787 0.53715 0 0 0 1 
4215528470238;1.42655;0.0632069;0.972051 -0.09659 0.213979 0.162418 0.124988 0.984453 -0.123408 -1.56659 -0.198732 0.146704 0.969012 2.06262 0 0 0 1 
4215528470239;1.23487;0.574395;0.992876 0.0279321 -0.115834 -0.288937 -0.0233667 0.998903 0.0405861 0.222598 0.116841 -0.0375903 0.992439 -0.430354 0 0 0 1 
4215528470240;1.31981;0.580639;0.974999 -0.215071 0.055867 0.766478 0.215187 0.976565 0.00399457 -2.45023 -0.0554168 0.00812717 0.99843 1.15334 0 0 0 1 
4215528470241;0.144224;0.094118;0.994488 -0.0525643 0.090719 0.158185 0.0586885 0.996078 -0.0662146 -0.530771 -0.0868827 0.0711738 0.993673 0.465737 0 0 0 1 
4215528470242;0.341886;0.172236;0.993654 -0.0947597 0.0606047 0.384592 0.101097 0.98857 -0.111846 -0.973202 -0.0493134 0.117263 0.991876 -0.245534 0 0 0 1 
4215528470243;0.806737;0.181518;0.996586 -0.0736025 0.0374075 0.207753 0.0758113 0.995222 -0.0615296 -0.336778 -0.0327001 0.0641554 0.997404 -0.112789 0 0 0 1 
4215528470244;0.044198;0.0683681;0.999503 0.031338 0.00346659 -0.176898 -0.0313477 0.999505 0.00278347 0.305686 -0.00337765 -0.00289076 0.99999 0.0115146 0 0 0 1 
4215528470245;1.65415;0.538174;0.999225 0.0386643 -0.00740795 -0.149628 -0.039125 0.996184 -0.0780184 0.79285 0.00436316 0.0782478 0.996924 -1.35247 0 0 0 1 
4215528470246;0.359411;0.519156;0.960179 -0.266051 0.0852888 1.38812 0.26832 0.963195 -0.0161338 -2.61154 -0.0778573 0.0383759 0.996226 0.524263 0 0 0 1 
4215528470248;1.05013;0.92287;0.992039 0.0263129 -0.12315 -0.253743 -0.0304589 0.999027 -0.0319055 0.280787 0.12219 0.0354025 0.991875 -0.646095 0 0 0 1 
4215528470249;0.429566;0.0631962;0.975397 -0.0512617 0.214411 0.186892 -0.0115499 0.959371 0.281911 0.0599459 -0.220151 -0.277452 0.935176 2.73422 0 0 0 1 
4215528470250;0.0803374;0.0828598;0.99828 0.0575609 -0.0111232 -0.284143 -0.0565589 0.995527 0.0756775 0.280607 0.0154295 -0.0749183 0.99707 0.180187 0 0 0 1 
4215528470251;0.907231;0.0954356;0.991297 -0.0877062 0.0981692 -0.251872 0.0796278 0.99333 0.0833908 -0.0569891 -0.104828 -0.0748481 0.99167 0.705485 0 0 0 1 
4215528470252;0.54782;0.0282621;0.999804 0.0168316 -0.0104477 -0.0218178 -0.0165855 0.999593 0.0232103 0.0207182 0.0108341 -0.0230324 0.999676 -0.504133 0 0 0 1 
4215528470253;0.780027;0.594912;0.971966 0.0456215 -0.230653 0.164916 -0.0416382 0.998888 0.0221104 0.365822 0.231405 -0.0118866 0.972785 -1.4019 0 0 0 1 
4215528470254;0.503441;0.103571;0.971488 0.056029 0.230371 -0.214947 -0.0952323 0.982061 0.162751 0.33477 -0.21712 -0.18005 0.959396 1.55312 0 0 0 1 
4215528470255;0.683372;0.276024;0.997174 -0.00215001 0.0750912 -0.169228 0.00887625 0.99596 -0.089356 -0.281354 -0.0745957 0.08977 0.993165 0.371274 0 0 0 1 
4215528470256;0.928983;0.329941;0.99652 0.0609229 -0.05689 -0.496391 -0.0590869 0.997693 0.033416 0.463321 0.0587945 -0.0299383 0.997821 0.429531 0 0 0 1 
4215528470257;0.749547;0.25649;0.995014 -0.043462 -0.0897704 0.315175 0.0260182 0.982006 -0.187049 0.117595 0.0962846 0.183781 0.97824 -1.91168 0 0 0 1 
4215528470258;0.0650151;0.0517548;0.999467 -0.0324942 0.00322159 0.112243 0.0324976 0.999471 -0.00100156 -0.206786 -0.00318735 0.00110572 0.999994 -0.0414064 0 0 0 1 
4215528470259;0.534376;0.413393;0.998299 0.000474426 0.058294 -0.194654 0.00140846 0.999479 -0.0322545 -0.0505387 -0.058279 0.0322817 0.997778 0.512513 0 0 0 1 
