#;prob_registration_l1 -r /home/probabilistic_point_clouds_registration/build/tester /home/point_clouds_registration_benchmark//devel/registration_pairs/planetary_map_local.txt /home/point_clouds_registration_benchmark//planetary/p2at_met -s 0.2 -t 0.2 -p 0.3 -r 1000 -m 15 -i 40 
id;initial_error;final_error;transformation
25528382210000;2.8561;1.38821;0.999278 -0.0377088 0.00462599 -2.01441 0.0376213 0.999135 0.0177251 -0.745881 -0.00529038 -0.0175382 0.999832 1.3761 0 0 0 1 
25528382210001;2.11331;1.50199;0.999826 -0.0168324 -0.0079908 -0.992175 0.0179461 0.985284 0.16998 -1.11822 0.00501203 -0.170094 0.985415 -9.25235 0 0 0 1 
25528382210002;1.70145;1.45094;0.97582 0.0157385 0.218008 1.42158 0.0402156 0.967449 -0.24985 -2.37787 -0.214844 0.252576 0.943423 14.0344 0 0 0 1 
25528382210003;1.37022;0.419296;0.999999 -0.000849403 -0.000776268 -0.384272 0.000855918 0.999964 0.00843151 0.0500573 0.000769078 -0.00843217 0.999964 0.661483 0 0 0 1 
25528382210004;1.75339;1.31781;0.966901 -0.0480984 0.250576 -2.11813 0.0160716 0.991602 0.128324 -0.257015 -0.254643 -0.12005 0.959555 -5.57073 0 0 0 1 
25528382210005;0.735848;0.435249;0.994899 0.00794586 0.100566 0.651479 0.0235654 0.951007 -0.308271 -3.04925 -0.0980888 0.309068 0.945968 16.4618 0 0 0 1 
25528382210006;1.57164;0.519595;0.997097 -0.0255875 -0.0717113 -1.43959 0.0246028 0.999591 -0.0145823 -0.201905 0.0720551 0.0127756 0.997319 -1.38582 0 0 0 1 
25528382210007;1.73822;1.38166;0.99995 -0.00973029 -0.00223021 -0.172426 0.00959629 0.998506 -0.0537839 -0.473103 0.00275021 0.0537598 0.99855 2.21764 0 0 0 1 
25528382210008;0.906109;0.851864;0.995401 0.0183872 0.0940147 1.24986 -0.0188254 0.999816 0.00377602 0.124571 -0.0939279 -0.00552851 0.995564 0.23399 0 0 0 1 
25528382210009;0.490985;0.244555;0.970086 0.0433504 -0.238861 2.07837 -0.0182155 0.994151 0.106448 0.171259 0.242079 -0.0989127 0.965202 -6.58266 0 0 0 1 
25528382210010;2.17163;1.2543;0.990786 -0.0454705 -0.127578 -2.11222 -0.0144089 0.901226 -0.43311 -4.65359 0.13467 0.430957 0.892267 18.448 0 0 0 1 
25528382210011;2.42393;1.61951;0.999519 0.028278 -0.0127102 1.36982 -0.0261026 0.988769 0.147155 0.0926286 0.0167287 -0.146753 0.989032 -9.03581 0 0 0 1 
25528382210012;1.04957;0.440664;0.997661 -0.0213836 -0.0649276 -1.09044 0.0173705 0.99794 -0.0617564 -0.752632 0.0661144 0.0604841 0.995977 3.21673 0 0 0 1 
25528382210013;1.47687;1.18774;0.999952 -0.00904791 0.00366193 -0.389499 0.0090239 0.999938 0.00652006 -0.0204944 -0.00372069 -0.00648671 0.999972 0.33829 0 0 0 1 
25528382210014;2.77484;2.19019;0.983176 -0.0124951 0.182235 0.0292081 -0.0530755 0.935072 0.350461 -2.62209 -0.174782 -0.354237 0.918677 -15.6734 0 0 0 1 
25528382210015;1.8346;1.73492;0.997055 0.00513657 0.076516 0.392799 0.00015879 0.997614 -0.0690396 -0.186676 -0.076688 0.0688485 0.994675 4.60524 0 0 0 1 
25528382210016;0.567147;0.414203;0.99428 -0.00108376 -0.106797 -0.173694 0.0184864 0.986602 0.162096 -0.906205 0.105191 -0.163143 0.980979 -9.32877 0 0 0 1 
25528382210017;2.04883;1.39267;0.952695 0.0335917 -0.302066 1.21219 0.0330194 0.976551 0.212739 -1.30531 0.302129 -0.21265 0.929246 -11.4274 0 0 0 1 
25528382210018;2.95759;1.60407;0.999198 0.0367299 -0.0159632 1.29279 -0.0276254 0.920704 0.389283 -2.64652 0.0289957 -0.38853 0.92098 -17.7599 0 0 0 1 
25528382210019;2.21355;1.87977;0.995704 0.0204567 0.0903038 1.34332 -0.019972 0.999781 -0.00626815 0.289943 -0.0904123 0.00443767 0.995895 -0.0473368 0 0 0 1 
25528382210020;0.308749;0.411784;0.982071 -0.0418763 0.183802 -1.88084 0.0855076 0.967897 -0.236356 -2.8355 -0.168004 0.247835 0.954124 13.36 0 0 0 1 
25528382210021;1.80312;1.34585;0.999722 0.0227895 -0.00605643 1.26177 -0.0224369 0.998342 0.0530077 0.0419412 0.00725441 -0.0528571 0.998576 -1.84333 0 0 0 1 
25528382210022;2.94324;2.41271;0.871378 -0.0431027 -0.488716 -2.23083 0.0101201 0.9975 -0.0699313 0.0224123 0.490508 0.0559907 0.869636 -0.129951 0 0 0 1 
25528382210023;1.21687;0.918724;0.888049 -0.0131372 -0.459562 -0.616697 -0.0242133 0.996868 -0.0752863 0.184973 0.459111 0.0779854 0.884949 0.0744295 0 0 0 1 
25528382210024;1.44022;1.33121;0.998626 -0.0241229 0.0465275 -1.25937 0.0260148 0.998841 -0.0404931 -0.514971 -0.0454968 0.0416478 0.998096 1.94034 0 0 0 1 
25528382210025;2.35204;2.1226;0.999993 -0.00156615 -0.00352855 0.213295 0.00159229 0.999971 0.0074178 -0.164592 0.00351684 -0.00742336 0.999966 -0.537401 0 0 0 1 
25528382210026;1.69358;0.505061;0.997912 0.00595886 0.0643202 0.251705 -0.00712485 0.999814 0.0179138 0.356867 -0.0642015 -0.0183346 0.997769 -2.02728 0 0 0 1 
25528382210027;2.42888;1.57672;0.997621 -0.0192136 0.0661983 -1.14634 0.02042 0.999637 -0.0175954 -0.384932 -0.0658362 0.0189053 0.997651 3.03676 0 0 0 1 
25528382210028;0.814222;0.328221;0.969253 0.0136001 -0.245689 0.871433 -0.0340438 0.996281 -0.0791554 0.266507 0.243699 0.0850858 0.966111 1.80232 0 0 0 1 
25528382210029;0.390701;0.386766;0.97316 -0.061722 -0.221698 -3.27125 -0.00418996 0.95845 -0.28523 -2.60849 0.230091 0.278504 0.932467 12.0576 0 0 0 1 
25528382210031;1.54457;0.788257;0.99952 0.0253684 -0.0177933 0.684917 -0.0244577 0.998467 0.0496566 0.011998 0.0190257 -0.0491976 0.998608 -3.1531 0 0 0 1 
25528382210032;0.49374;0.337355;0.999699 0.0244185 -0.00255685 0.58869 -0.0239452 0.9927 0.118208 0.017189 0.00542466 -0.118111 0.992986 -3.63673 0 0 0 1 
25528382210033;0.496545;0.454953;0.998247 0.014127 0.0574831 0.322487 -0.0148127 0.999824 0.0115201 0.00953674 -0.0573102 -0.0123514 0.99828 -0.388159 0 0 0 1 
25528382210034;1.67751;1.35207;0.999552 -0.00396102 -0.0296525 -0.0600386 0.000762403 0.994247 -0.107113 -0.20975 0.0299062 0.107042 0.993805 1.9522 0 0 0 1 
25528382210035;1.14274;0.527306;0.996903 0.017928 -0.0765661 0.518853 -0.0143152 0.99877 0.0474769 -0.0279721 0.077323 -0.0462338 0.995934 -3.28916 0 0 0 1 
25528382210036;0.657758;0.278912;0.998571 0.0153007 0.0512042 0.382075 -0.0213256 0.992633 0.119271 0.134748 -0.0490021 -0.120193 0.99154 -2.71761 0 0 0 1 
25528382210037;0.42747;0.337763;0.942927 0.031556 -0.331501 1.08126 -0.0114565 0.997985 0.0624125 -0.0926343 0.332802 -0.0550526 0.941388 -5.00193 0 0 0 1 
25528382210038;2.16463;1.50323;0.994922 -0.0198575 -0.0986719 -0.760757 0.0164545 0.999245 -0.0351828 -0.338883 0.0992961 0.0333806 0.994498 1.7381 0 0 0 1 
25528382210039;1.45509;1.22759;0.999806 0.00652494 0.0185955 0.159715 -0.00765503 0.998086 0.061364 0.0746314 -0.0181595 -0.0614944 0.997942 -0.97553 0 0 0 1 
25528382210040;1.05221;1.04415;0.995584 -0.018088 -0.0921202 -0.527928 0.0136091 0.998705 -0.0490185 -0.205252 0.0928876 0.0475484 0.994541 0.380826 0 0 0 1 
25528382210041;1.71424;0.79447;0.909455 -0.0208646 0.415279 0.636646 -0.00727742 0.997789 0.0660686 0.138165 -0.415739 -0.0631085 0.907292 3.23219 0 0 0 1 
25528382210042;0.574012;0.340714;0.989144 0.00253979 0.146926 0.195191 0.0464178 0.943257 -0.328803 -2.55924 -0.139424 0.332054 0.932899 11.6701 0 0 0 1 
25528382210043;0.513876;0.195086;0.999976 0.00151984 0.00673273 0.236734 -0.00288547 0.978178 0.207751 -0.427389 -0.00627006 -0.207765 0.978159 -6.78599 0 0 0 1 
25528382210044;0.355334;0.255304;0.914329 -0.00640922 0.404922 0.829033 -0.0480922 0.991081 0.124281 0.192005 -0.402107 -0.133107 0.905866 -0.789779 0 0 0 1 
25528382210045;1.15928;1.04892;0.999279 0.0058949 -0.0375156 0.0259456 -0.0076798 0.998836 -0.0476127 -0.0265693 0.0371913 0.0478665 0.998161 0.842429 0 0 0 1 
25528382210046;2.5411;0.936748;0.995219 0.0217398 0.0952178 0.725161 -0.0577659 0.917133 0.394374 -2.57613 -0.0787538 -0.397989 0.914004 -13.7978 0 0 0 1 
25528382210047;2.63214;2.26444;0.962509 -0.0759 -0.260413 -2.54595 -0.0193726 0.938366 -0.345099 -2.24763 0.270556 0.337206 0.901716 8.79828 0 0 0 1 
25528382210048;0.0550198;0.127813;0.999692 0.0125909 -0.0213985 0.244488 -0.0129143 0.999803 -0.0150407 0.072859 0.0212049 0.0153124 0.999658 0.21123 0 0 0 1 
25528382210049;0.624254;0.313882;0.998883 0.0228933 0.0413366 0.620522 -0.0311633 0.976751 0.2121 -0.222859 -0.0355199 -0.213151 0.976373 -5.82927 0 0 0 1 
25528382210050;1.7141;0.257824;0.999648 0.0124951 0.0234221 0.15013 -0.011338 0.998739 -0.0489017 0.139074 -0.0240036 0.0486189 0.998529 3.52676 0 0 0 1 
25528382210051;0.731618;0.741607;0.998773 0.0132947 -0.0477113 0.339153 -0.00907076 0.996107 0.0876794 0.00646507 0.0486912 -0.087139 0.995006 -3.1034 0 0 0 1 
25528382210052;0.501673;0.467661;0.945456 0.0126254 -0.325504 0.784112 0.0266021 0.992918 0.115781 -0.337665 0.324661 -0.118125 0.938425 -6.40299 0 0 0 1 
25528382210053;0.245766;0.287699;0.996496 0.00392186 0.0835454 0.111333 0.00828891 0.989351 -0.14531 -0.566611 -0.0832256 0.145493 0.985853 5.04677 0 0 0 1 
25528382210054;2.27774;1.76202;0.998369 -0.0139258 0.0553698 -0.385155 0.0166787 0.998631 -0.0495719 -0.165113 -0.0546037 0.0504145 0.997235 3.42503 0 0 0 1 
25528382210055;0.613367;0.692096;0.996772 0.0155724 -0.0787621 0.278581 -0.0134004 0.999517 0.0280297 0.0577511 0.0791606 -0.0268838 0.996499 -1.39991 0 0 0 1 
25528382210056;2.21606;2.03332;0.992852 0.0396566 -0.112571 1.27178 -0.0143722 0.976047 0.217084 -0.524294 0.118483 -0.213914 0.96964 -8.40524 0 0 0 1 
25528382210057;2.17431;1.89645;0.999879 -0.00352254 -0.0151685 -0.335627 0.00295058 0.99929 -0.0375659 -0.280629 0.01529 0.0375166 0.999179 1.71619 0 0 0 1 
25528382210058;0.777574;0.477226;0.943848 0.0927722 -0.317088 2.91274 0.0322572 0.929302 0.367909 -2.21446 0.328802 -0.357478 0.874127 -13.743 0 0 0 1 
25528382210059;0.655634;0.35273;0.998309 0.0277094 -0.0510937 0.736336 -0.0229281 0.995504 0.0918997 -0.0317942 0.0534104 -0.0905728 0.994457 -3.98494 0 0 0 1 
25528382210060;1.3379;0.411676;0.944849 -0.0636151 -0.321269 -2.06465 -0.00229959 0.979641 -0.200744 -0.988791 0.327498 0.190412 0.925467 4.26922 0 0 0 1 
25528382210062;1.314;0.921351;0.996177 0.0110713 -0.0866537 0.503052 -0.00676511 0.998735 0.0498315 0.0256258 0.0870957 -0.0490548 0.994991 -2.09852 0 0 0 1 
25528382210063;2.15505;1.46187;0.999975 -0.00688926 -0.00147114 -0.396831 0.00680169 0.998574 -0.0529557 0.086448 0.00183387 0.0529444 0.998596 3.22614 0 0 0 1 
25528382210064;0.553066;0.482806;0.984705 0.00127721 0.174223 0.270258 0.0250891 0.988511 -0.14905 -0.804185 -0.172412 0.151141 0.97336 10.0743 0 0 0 1 
25528382210065;1.61508;0.644839;0.99462 0.0282155 -0.0996718 2.12117 -0.010846 0.985266 0.170682 -0.982682 0.103019 -0.168683 0.980272 -12.459 0 0 0 1 
25528382210066;1.78743;0.958052;0.999976 0.00162432 0.00666799 0.076382 -0.00177743 0.999733 0.0230207 -0.0381721 -0.00662882 -0.023032 0.999713 -0.716936 0 0 0 1 
25528382210067;0.672032;0.517047;0.993581 -0.0171178 -0.111817 -2.27895 0.00671455 0.995666 -0.0927594 -0.608951 0.112921 0.0914132 0.98939 11.9506 0 0 0 1 
25528382210068;1.84994;0.782498;0.997885 0.00778426 -0.064533 0.118834 -0.00452941 0.998717 0.0504307 0.114015 0.0648428 -0.0500317 0.99664 -1.59954 0 0 0 1 
25528382210069;2.23987;0.386899;0.981071 -0.0320791 -0.190974 -3.58659 -0.013374 0.972605 -0.232079 -3.07911 0.193188 0.23024 0.953765 24.9565 0 0 0 1 
25528382210070;2.2156;0.868072;0.999912 -0.0038042 -0.0127007 -0.700809 0.00385377 0.999985 0.00388118 0.0533104 0.0126858 -0.00392979 0.999912 2.28573 0 0 0 1 
25528382210071;1.44584;1.25724;0.999023 -0.0439618 0.00443868 -4.34386 0.0411463 0.888995 -0.456065 -11.103 0.0161034 0.455802 0.889935 44.6973 0 0 0 1 
25528382210072;1.6175;1.62037;0.998188 -0.0429006 -0.0422011 -4.52967 0.0249453 0.93316 -0.358595 -7.08261 0.0547643 0.356893 0.932539 36.9607 0 0 0 1 
25528382210073;2.148;0.375946;0.999089 0.00900934 -0.0417217 0.382376 -0.00703364 0.998858 0.0472613 0.0847104 0.0420999 -0.0469248 0.998011 -1.20716 0 0 0 1 
25528382210074;1.21241;0.437004;0.991386 -0.00910155 0.130656 -0.65381 0.00700361 0.999839 0.0165076 0.26894 -0.130785 -0.0154503 0.99129 -6.4052 0 0 0 1 
25528382210075;0.469924;0.148918;0.967567 -0.0265977 -0.25121 -4.08335 -0.0146851 0.986838 -0.161046 -2.02951 0.252187 0.159512 0.954441 21.4687 0 0 0 1 
25528382210076;1.94829;1.25218;0.999891 0.00450668 -0.0140691 0.116411 -0.00337773 0.996848 0.07926 0.178006 0.014382 -0.0792039 0.996755 -5.58065 0 0 0 1 
25528382210077;1.55351;0.718433;0.999847 0.0100989 -0.0142528 1.14768 -0.00913936 0.997787 0.0658562 -0.235031 0.0148864 -0.0657159 0.997727 -8.04303 0 0 0 1 
25528382210078;1.78754;1.47829;0.999847 0.000131151 0.0174646 -0.0300102 -0.000689628 0.999488 0.0319756 0.0856265 -0.0174514 -0.0319827 0.999336 -2.68523 0 0 0 1 
25528382210079;0.52952;0.325989;0.966224 -0.0211548 -0.256835 -3.70843 -0.00643664 0.994333 -0.106116 -1.01081 0.257624 0.104185 0.960612 16.2991 0 0 0 1 
25528382210080;0.579865;0.165906;0.999938 0.00154008 -0.01104 0.0632937 -0.00153576 0.999999 0.000399395 -0.0237146 0.0110406 -0.000382415 0.999939 0.812771 0 0 0 1 
25528382210081;1.6725;1.66125;0.999625 -0.0101048 0.0254564 -0.910218 0.0118513 0.997517 -0.0694184 -0.137844 -0.0246918 0.069694 0.997263 6.08061 0 0 0 1 
25528382210082;1.80785;0.196214;0.960117 -0.0117798 0.279352 -1.01089 -0.0284759 0.989797 0.139608 -1.12693 -0.278146 -0.141995 0.949985 -19.285 0 0 0 1 
25528382210083;0.928935;0.244164;0.981511 -0.0348376 -0.188206 -4.76355 -0.00494473 0.978353 -0.206883 -3.08847 0.19134 0.203989 0.960093 25.8427 0 0 0 1 
25528382210084;1.83208;1.41761;0.998739 -0.0180541 -0.0468448 -1.87457 0.0118174 0.991424 -0.13015 -0.798351 0.0487928 0.129432 0.990387 12.482 0 0 0 1 
25528382210085;0.401662;0.254927;0.993944 0.050272 -0.0977185 4.65734 -0.0184693 0.952997 0.302416 -4.30827 0.108328 -0.29878 0.948154 -27.5935 0 0 0 1 
25528382210086;1.45129;1.1833;0.996662 0.00573498 -0.0814407 0.151491 -0.00785748 0.999637 -0.0257653 -0.183623 0.0812634 0.0263192 0.996345 5.3933 0 0 0 1 
25528382210087;0.345605;0.12777;0.939204 -0.00723682 0.343285 -1.2389 0.036729 0.996159 -0.0794879 0.318291 -0.341391 0.0872638 0.935862 0.0408916 0 0 0 1 
25528382210088;0.167837;0.139281;0.999925 -0.00508967 -0.0111431 -0.570964 0.00510252 0.999986 0.00112504 0.131468 0.0111373 -0.00118181 0.999937 -0.144834 0 0 0 1 
25528382210089;1.83562;1.79356;0.999884 -0.00386462 0.0147019 -0.35805 0.00435577 0.999428 -0.0335238 0.00720568 -0.0145639 0.033584 0.99933 2.58904 0 0 0 1 
25528382210090;2.15758;0.162903;0.999986 0.000750793 -0.00529034 -0.158806 -0.000897742 0.999612 -0.0278295 -0.201453 0.00526739 0.0278338 0.999599 5.45471 0 0 0 1 
25528382210091;0.893388;0.493927;0.999852 -0.0134079 0.0107789 -1.34753 0.0146514 0.992041 -0.125061 -0.858883 -0.00901632 0.1252 0.992091 12.8678 0 0 0 1 
25528382210093;1.89713;0.242286;0.977604 0.0482269 -0.204851 -1.07043 -0.0285336 0.994775 0.0980241 -0.479875 0.208508 -0.0899837 0.973872 4.44943 0 0 0 1 
25528382210094;0.825331;0.257544;0.997996 0.0199113 -0.0600607 -0.0385925 0.000989062 0.944174 0.329446 0.409179 0.0632675 -0.328845 0.942262 -1.96121 0 0 0 1 
25528382210095;0.858473;0.732733;0.9576 0.0934961 0.272509 0.550522 -0.132323 0.98294 0.127745 -2.08645 -0.255916 -0.158387 0.953635 -4.47429 0 0 0 1 
25528382210096;0.8797;0.343506;0.955211 0.062531 0.289245 0.579233 -0.168007 0.919218 0.356106 -2.72127 -0.243612 -0.388752 0.888552 -7.07715 0 0 0 1 
25528382210097;2.1961;1.37398;0.998693 0.00537326 0.0508371 0.314963 -0.00661426 0.999683 0.0242747 -0.375045 -0.0506906 -0.0245792 0.998412 -2.22176 0 0 0 1 
25528382210098;1.08082;0.389823;0.999855 0.0162533 -0.00515137 0.27102 -0.0166051 0.996828 -0.077834 -0.85751 0.00386997 0.0779082 0.996953 -0.0907892 0 0 0 1 
25528382210099;0.565162;0.295472;0.947875 -0.0475898 -0.315069 -1.9304 0.00796067 0.992012 -0.12589 -0.00408394 0.318544 0.116819 0.940682 5.8311 0 0 0 1 
25528382210100;1.81678;1.76543;0.998333 0.0501583 0.0285714 0.565285 -0.0559011 0.963497 0.261817 -0.565919 -0.0143962 -0.262978 0.964694 -1.7654 0 0 0 1 
25528382210101;0.708323;0.423719;0.998561 -0.040698 -0.0349198 -0.510449 0.0391919 0.998315 -0.0427819 0.676105 0.0366021 0.0413517 0.998474 1.33791 0 0 0 1 
25528382210102;2.25601;1.58709;0.997485 0.0117137 -0.0698993 0.0412913 -0.0178645 0.995958 -0.0880301 -0.821042 0.0685856 0.0890574 0.993662 0.454637 0 0 0 1 
25528382210103;0.72475;0.45917;0.998739 0.0493714 -0.00915361 0.422364 -0.0485447 0.995978 0.0753102 -0.728473 0.012835 -0.0747709 0.997118 0.39599 0 0 0 1 
25528382210104;2.73972;1.52637;0.990525 0.0570265 -0.124933 -0.117363 -0.0225006 0.964807 0.261996 0.382235 0.135477 -0.256703 0.956948 2.51831 0 0 0 1 
25528382210105;1.37462;0.219596;0.985076 0.048257 0.165218 0.460873 0.0366181 0.879162 -0.475114 -1.95697 -0.168181 0.474073 0.864274 -0.753856 0 0 0 1 
25528382210106;1.98093;0.155416;0.994812 -0.0564788 -0.0846166 -0.198059 0.0219259 0.931224 -0.363786 -0.269335 0.0993432 0.360043 0.927631 1.93097 0 0 0 1 
25528382210107;2.7132;1.9975;0.999486 0.00944724 0.0306469 0.194319 -0.0111143 0.998442 0.0546885 -0.18978 -0.0300825 -0.0550009 0.998033 -2.47457 0 0 0 1 
25528382210108;2.24596;0.910629;0.983421 0.0460218 -0.175399 0.0549044 -0.0393057 0.998362 0.0415757 -1.60461 0.177025 -0.0339923 0.983619 1.43259 0 0 0 1 
25528382210109;1.35089;0.31438;0.996808 0.013191 0.078738 0.463503 -0.00602364 0.995871 -0.0905808 -0.265771 -0.0796078 0.0898174 0.992772 -1.84703 0 0 0 1 
25528382210110;1.54595;0.957096;0.997539 0.0611489 -0.034302 0.152259 -0.0361215 0.867533 0.496066 0.284164 0.060092 -0.493607 0.867607 -2.22427 0 0 0 1 
25528382210111;0.364366;0.23233;0.985378 -0.0151783 -0.169706 -0.8318 0.00755469 0.998937 -0.0454784 -0.0476878 0.170216 0.0435313 0.984445 3.23571 0 0 0 1 
25528382210112;2.44837;2.07361;0.994759 0.00596645 0.102074 -0.0957028 -0.0259924 0.980257 0.19601 0.137057 -0.0988895 -0.197636 0.975275 -1.07625 0 0 0 1 
25528382210113;0.357128;0.362467;0.996325 0.0822737 0.0238379 0.655619 -0.0839431 0.993212 0.0805155 -1.45051 -0.0170518 -0.0822206 0.996468 -0.398804 0 0 0 1 
25528382210114;2.52967;0.867846;0.949342 -0.0394225 0.311762 -0.787722 0.141148 0.939884 -0.310959 1.64026 -0.280762 0.339211 0.897836 -4.48437 0 0 0 1 
25528382210115;1.99023;0.248274;0.997787 -0.011207 -0.0655337 -0.573736 0.0120155 0.999856 0.0119565 0.365818 0.0653903 -0.0127175 0.997779 3.00883 0 0 0 1 
25528382210116;0.274109;0.251999;0.998616 0.0190954 -0.0490075 -0.193627 -0.00627223 0.968354 0.249504 0.317632 0.0522209 -0.248851 0.967133 -0.682772 0 0 0 1 
25528382210117;0.456139;0.291134;0.972371 0.0551122 0.226842 0.488547 -0.0993687 0.977018 0.188579 -1.45804 -0.211236 -0.20591 0.9555 -4.72275 0 0 0 1 
25528382210118;1.00279;0.192891;0.99852 -0.00655443 0.0539934 -0.0290084 0.00578606 0.99988 0.0143748 0.110784 -0.0540812 -0.0140411 0.998438 -1.83831 0 0 0 1 
25528382210119;1.53716;0.938;0.994689 0.0387743 0.0953385 0.127182 -0.0168625 0.975199 -0.220684 -1.48701 -0.101531 0.217905 0.970674 0.440595 0 0 0 1 
25528382210120;1.16367;0.585793;0.999598 0.00241287 0.0282452 0.0730504 -0.00328078 0.999523 0.0307217 0.341274 -0.0281576 -0.030802 0.999129 0.250961 0 0 0 1 
25528382210121;1.92017;1.47611;0.99865 0.011156 0.0507329 0.223879 -0.0210589 0.979755 0.199088 0.112517 -0.0474848 -0.199887 0.978668 -3.02038 0 0 0 1 
25528382210122;1.42171;0.454305;0.995381 0.0327455 -0.0902451 0.162786 -0.0347923 0.99917 -0.0212013 -0.567889 0.0894759 0.0242432 0.995694 0.257128 0 0 0 1 
25528382210124;1.41534;0.500177;0.999783 0.0157402 -0.0136097 1.31739 -0.0149867 0.998439 0.0537998 -0.33611 0.0144353 -0.0535842 0.998459 -5.75688 0 0 0 1 
25528382210125;0.633729;0.331799;0.991813 -0.035299 -0.122724 -3.10732 0.0181604 0.990257 -0.138061 -0.99155 0.126402 0.134701 0.982791 11.8577 0 0 0 1 
25528382210126;0.445145;0.300487;0.951907 -0.00780287 -0.306289 -1.41565 0.0146066 0.999695 0.0199277 0.0835299 0.30604 -0.0234432 0.95173 -0.175812 0 0 0 1 
25528382210127;0.670288;0.631704;0.998237 -0.0124118 -0.0580436 -1.08794 0.00886134 0.998097 -0.0610304 -0.261078 0.0586906 0.0604085 0.996447 5.25344 0 0 0 1 
25528382210128;2.24311;1.72737;0.999951 -0.00970428 0.00219238 -0.457035 0.00974661 0.999748 -0.0202052 -0.0358794 -0.00199575 0.0202256 0.999793 -0.372664 0 0 0 1 
25528382210129;1.80511;1.4938;0.985325 0.0117055 0.170288 1.19928 -0.0131105 0.999889 0.0071287 0.146262 -0.170186 -0.00925665 0.985369 -0.374381 0 0 0 1 
25528382210130;0.986557;0.171843;0.998961 0.0130718 0.0436563 0.990484 -0.0164918 0.996744 0.0789222 -0.0386271 -0.0424825 -0.0795602 0.995924 -5.40072 0 0 0 1 
25528382210131;2.11864;1.83558;0.983759 -0.110248 -0.141648 -8.78308 0.0370022 0.896754 -0.440979 -8.32009 0.17564 0.428576 0.886269 34.1953 0 0 0 1 
25528382210132;0.163045;0.146572;0.999917 0.00538638 -0.0116655 0.336567 -0.00574699 0.9995 -0.0311028 -0.139649 0.0114921 0.0311673 0.999448 2.33381 0 0 0 1 
25528382210133;1.8377;0.887544;0.999854 -0.00496118 -0.0163493 -0.657123 0.00482928 0.999956 -0.00809696 0.124785 0.0163887 0.00801682 0.999834 2.64426 0 0 0 1 
25528382210134;1.18998;0.862774;0.999988 -0.00477446 -0.000916999 -0.476865 0.00474522 0.999551 -0.029599 -0.0503615 0.00105791 0.0295943 0.999561 3.22348 0 0 0 1 
25528382210135;0.879278;0.683336;0.99916 0.015918 0.0377554 1.17755 -0.0174585 0.999014 0.0408308 -0.0731102 -0.0370682 -0.0414557 0.998452 -2.87594 0 0 0 1 
25528382210136;1.20454;1.01973;0.938826 0.0290456 0.343164 2.46543 0.0265956 0.987347 -0.15633 -0.97993 -0.343362 0.155893 0.926175 11.1009 0 0 0 1 
25528382210137;0.490225;0.521121;0.999884 -0.011586 0.00988828 -0.831015 0.0121895 0.997919 -0.0633237 -0.221541 -0.00913403 0.0634369 0.997944 4.64767 0 0 0 1 
25528382210138;0.898047;0.917584;0.999897 -0.0106999 0.00957216 -0.73138 0.0114541 0.996521 -0.0825557 -0.324653 -0.00865551 0.0826569 0.99654 6.10368 0 0 0 1 
25528382210139;0.258844;0.204583;0.998364 -0.00866141 0.056519 -0.576318 0.0114151 0.998754 -0.0485824 -0.150498 -0.0560278 0.0491481 0.997219 3.59994 0 0 0 1 
25528382210140;1.51354;1.30619;0.999637 -0.00702008 0.0260175 -0.509442 0.00985409 0.993832 -0.110454 -0.559073 -0.0250817 0.11067 0.993541 7.71868 0 0 0 1 
25528382210141;0.177514;0.158777;0.968505 0.0187951 0.248285 1.66655 -0.0343334 0.997703 0.058401 -0.284258 -0.246617 -0.0650861 0.966925 -6.66952 0 0 0 1 
25528382210142;1.7221;1.42094;0.990754 0.0104693 -0.135266 0.432053 0.00904124 0.989707 0.142824 -0.316836 0.135369 -0.142726 0.980461 -9.98982 0 0 0 1 
25528382210143;1.74732;1.61079;0.99351 -0.0129998 -0.112998 -1.28316 0.00850278 0.999156 -0.0401883 0.091167 0.113425 0.0389666 0.992782 3.77652 0 0 0 1 
25528382210144;0.62636;0.607258;0.984959 -0.013124 -0.17229 -1.28798 0.0134832 0.999909 0.000915018 0.0865588 0.172262 -0.00322428 0.985046 0.620475 0 0 0 1 
25528382210145;2.23099;1.67149;0.982196 0.0182376 0.18697 1.76375 -0.0275966 0.998486 0.0475761 -0.161673 -0.18582 -0.0518888 0.981213 -3.5586 0 0 0 1 
25528382210146;0.123351;0.126669;0.987634 -0.00474954 0.156708 -0.127267 0.00409182 0.999981 0.00451944 -0.00271501 -0.156726 -0.00382233 0.987635 -1.26632 0 0 0 1 
25528382210147;2.1323;0.319783;0.999952 -0.00360184 0.00909452 -0.55043 0.00370819 0.999925 -0.0117038 0.0689686 -0.00905168 0.011737 0.99989 3.47754 0 0 0 1 
25528382210148;1.17842;0.516969;0.999953 -0.00450815 -0.00860963 -0.454258 0.00414711 0.99913 -0.0415015 -0.0801679 0.00878924 0.0414638 0.999101 4.44797 0 0 0 1 
25528382210149;1.8032;1.70071;0.974347 0.0376071 -0.221888 2.52414 0.0185887 0.969122 0.24588 -2.03234 0.224283 -0.243697 0.943562 -18.5306 0 0 0 1 
25528382210150;1.89528;1.81565;0.991999 0.00579651 0.126116 0.617405 0.00694463 0.994928 -0.100354 -0.373735 -0.126058 0.100426 0.986927 7.1173 0 0 0 1 
25528382210151;1.38396;0.452031;0.999972 0.00709511 0.00222673 0.747612 -0.0070896 0.999972 -0.00247235 -0.259884 -0.00224421 0.0024565 0.999994 -1.61809 0 0 0 1 
25528382210152;1.90731;1.82551;0.999408 0.00246001 -0.0343239 0.279942 0.000491845 0.996318 0.0857276 -0.317529 0.0344085 -0.0856937 0.995727 -7.58014 0 0 0 1 
25528382210153;0.627318;0.217594;0.96878 -0.0624125 -0.239936 -5.63495 0.0222502 0.985776 -0.166583 -1.34399 0.24692 0.156043 0.956389 14.3035 0 0 0 1 
25528382210155;0.972428;0.609065;0.996509 -0.0465128 -0.0693273 -3.05755 0.0118259 0.90069 -0.434302 -7.22655 0.082643 0.431966 0.898095 27.1447 0 0 0 1 
25528382210156;1.01473;0.723704;0.991891 0.0169908 -0.125952 0.662035 -0.0107229 0.998678 0.0502757 -0.212932 0.12664 -0.0485174 0.990762 -1.61692 0 0 0 1 
25528382210157;0.233342;0.249899;0.998545 0.00376002 -0.0537872 0.030681 -0.00697283 0.998194 -0.0596695 -0.503986 0.0534657 0.0599577 0.996768 4.66622 0 0 0 1 
25528382210158;0.218897;0.186725;0.99991 -0.00769902 -0.0109806 -0.489016 0.00777219 0.999948 0.00663691 0.229363 0.0109289 -0.00672166 0.999918 -0.475756 0 0 0 1 
25528382210159;0.424214;0.196647;0.968456 -0.0156833 0.248692 -0.882275 0.0989483 0.940165 -0.326034 -2.29871 -0.228698 0.340358 0.91206 14.5094 0 0 0 1 
25528382210160;0.944861;0.75393;0.999073 -0.0182145 -0.0389968 -1.09211 0.0104525 0.981594 -0.190692 -1.77239 0.0417524 0.190108 0.980875 11.8164 0 0 0 1 
25528382210161;0.607772;0.412339;0.984185 -0.0173113 0.176295 -0.878624 0.0379312 0.992725 -0.114274 0.109096 -0.173034 0.119154 0.977682 1.66619 0 0 0 1 
25528382210162;0.465464;0.251662;0.991408 0.00949334 0.130462 0.781953 -0.0276408 0.990046 0.138006 -0.7404 -0.127853 -0.140426 0.981802 -12.0551 0 0 0 1 
25528382210163;0.301031;0.17576;0.999855 0.0119372 -0.0121404 0.623703 -0.0115444 0.999424 0.0319262 0.025383 0.0125145 -0.0317815 0.999416 -1.17871 0 0 0 1 
25528382210164;0.262538;0.243688;0.999959 -0.00897132 -0.000742534 -0.579126 0.00897588 0.999939 0.00638842 0.255226 0.000685176 -0.00639483 0.999979 -0.579602 0 0 0 1 
25528382210165;0.165591;0.157163;0.999909 -0.00160408 -0.0134302 -0.196372 0.00291383 0.995174 0.0980786 0.117935 0.0132081 -0.0981088 0.995088 -5.40759 0 0 0 1 
25528382210166;1.12952;0.71555;0.972777 0.00295558 -0.231723 -0.706946 0.00628698 0.999214 0.0391376 0.166384 0.231657 -0.039529 0.971994 0.854792 0 0 0 1 
25528382210167;0.708722;0.183526;0.99477 -0.0166579 -0.100774 -1.74232 0.0104815 0.998051 -0.0615113 -0.22141 0.101602 0.0601333 0.993006 7.31198 0 0 0 1 
25528382210168;1.1418;0.253544;0.999803 0.00701002 0.0185519 0.269465 -0.00645829 0.99954 -0.0296344 -0.178505 -0.0187511 0.0295087 0.999389 4.08916 0 0 0 1 
25528382210169;0.757933;0.71069;0.994806 0.0061449 0.101601 0.669218 -0.003315 0.999602 -0.0279984 -0.31322 -0.101733 0.0275162 0.994431 -1.02646 0 0 0 1 
25528382210170;0.338329;0.0878227;0.988397 0.006089 0.151767 0.63604 0.0549023 0.917315 -0.394358 -4.82888 -0.14162 0.398115 0.906338 19.7322 0 0 0 1 
25528382210171;0.814741;0.698861;0.99497 0.0216324 -0.0978137 0.589685 -0.0173879 0.998878 0.0440401 -0.228141 0.0986567 -0.0421178 0.99423 0.997368 0 0 0 1 
25528382210172;0.85032;0.287349;0.991132 0.0597811 -0.118672 2.32321 -0.0149603 0.937607 0.347374 -1.90651 0.132034 -0.342519 0.930187 -15.0729 0 0 0 1 
25528382210173;0.630488;0.571614;0.999679 3.05486e-05 -0.0253162 -0.0844538 0.00183311 0.997287 0.0735886 0.245298 0.0252498 -0.0736115 0.996967 -4.67358 0 0 0 1 
25528382210174;0.36066;0.141308;0.961371 0.108176 -0.253107 4.45116 -0.0095446 0.932086 0.362112 -2.75064 0.275089 -0.345708 0.897113 -14.4274 0 0 0 1 
25528382210175;0.400793;0.370184;0.999737 0.00523434 0.0223319 0.410621 -0.00282271 0.994289 -0.106685 -0.697843 -0.0227628 0.106594 0.994042 5.86831 0 0 0 1 
25528382210176;0.342834;0.167586;0.984212 0.00579961 0.176899 0.601087 -0.0363731 0.984758 0.170084 -1.0662 -0.173216 -0.173833 0.969422 -14.7786 0 0 0 1 
25528382210177;0.260067;0.124432;0.997268 -0.0325408 -0.0663113 -2.14844 0.0135127 0.962954 -0.269328 -2.67473 0.0726188 0.267697 0.960763 17.044 0 0 0 1 
25528382210178;0.926206;0.243475;0.999815 -0.00713492 0.0178717 -0.566739 0.00695671 0.999926 0.0100139 0.275028 -0.0179418 -0.00988768 0.99979 1.21683 0 0 0 1 
25528382210179;0.695785;0.270789;0.999977 -0.00552416 -0.00393239 -0.136001 0.00480447 0.986448 -0.164005 -1.00574 0.00478509 0.163983 0.986452 7.94124 0 0 0 1 
25528382210180;0.109455;0.0913461;0.999608 0.0158723 0.0230451 0.997147 -0.0173874 0.997594 0.0671082 -0.228048 -0.0219245 -0.0674826 0.99748 -4.55856 0 0 0 1 
25528382210181;0.971587;0.632256;0.94398 0.00678942 0.329933 -0.163054 0.0120387 0.998414 -0.0549898 0.251023 -0.329783 0.0558812 0.942401 -6.48034 0 0 0 1 
25528382210182;0.540657;0.306154;0.998385 0.00788559 0.056266 0.706837 -0.00718942 0.999895 -0.0125645 -0.331997 -0.0563592 0.0121397 0.998337 -1.68871 0 0 0 1 
25528382210183;0.488607;0.34672;0.969873 0.00654077 0.243525 0.588868 -0.00496757 0.999963 -0.00707369 0.0284799 -0.243562 0.00565085 0.969869 -4.79105 0 0 0 1 
25528382210184;0.107925;0.0561391;0.999916 0.00699635 -0.0109068 0.349001 -0.0068414 0.999876 0.0141797 -0.114798 0.0110047 -0.0141039 0.99984 -0.37796 0 0 0 1 
25528382210186;2.61464;0.62411;0.906094 0.0414849 -0.421037 0.297949 0.0480281 0.978662 0.199787 -0.114571 0.420341 -0.201247 0.884767 -5.50283 0 0 0 1 
25528382210187;2.55948;0.250513;0.999947 0.00978658 0.00307724 0.650892 -0.00975304 0.999895 -0.0107324 -0.304298 -0.00318195 0.0107019 0.999938 -1.99595 0 0 0 1 
25528382210188;2.1137;0.68672;0.993624 -0.00926108 -0.112366 -0.266142 -0.00450132 0.992568 -0.12161 -0.279924 0.112657 0.121341 0.986197 4.25877 0 0 0 1 
25528382210189;3.03095;1.53723;0.932836 -0.014705 0.36 0.102908 0.0316469 0.998649 -0.0412117 0.375425 -0.358908 0.0498366 0.932042 -0.650209 0 0 0 1 
25528382210190;2.58604;2.4903;0.942757 0.0456305 0.330344 2.17773 0.0211395 0.980425 -0.195756 -1.18885 -0.33281 0.191534 0.923338 4.37601 0 0 0 1 
25528382210191;2.29839;1.11948;0.994444 -0.0129819 0.10446 -0.50564 -0.0257623 0.932171 0.361101 -1.24768 -0.102062 -0.361786 0.926658 -13.9853 0 0 0 1 
25528382210192;1.26077;1.02807;0.997623 0.0288707 -0.0625726 1.16559 -0.0267817 0.999064 0.03397 -0.375369 0.0634948 -0.0322134 0.997462 -1.39581 0 0 0 1 
25528382210193;1.94741;1.29738;0.975869 -0.0257555 0.216833 -0.880736 0.0543891 0.990392 -0.127142 0.25306 -0.211475 0.135867 0.967894 0.955923 0 0 0 1 
25528382210194;0.500481;0.29826;0.991245 0.0655885 -0.114592 2.14013 -0.0150065 0.918234 0.395754 -2.2483 0.13118 -0.39057 0.911179 -14.2519 0 0 0 1 
25528382210195;0.447325;0.192475;0.993744 0.00739735 0.111437 0.488792 0.0217653 0.965845 -0.258206 -1.73586 -0.109541 0.259017 0.959641 8.82842 0 0 0 1 
25528382210196;0.672791;0.472883;0.999666 -0.0253954 -0.00477608 -1.15718 0.0255746 0.998782 0.0422065 0.566954 0.00369841 -0.0423146 0.999097 -1.45039 0 0 0 1 
25528382210197;1.68816;1.593;0.99974 0.0174349 0.0146664 0.636418 -0.017946 0.99921 0.0354715 -0.0926332 -0.0140363 -0.0357255 0.999263 -1.57852 0 0 0 1 
25528382210198;0.0806703;0.099531;0.999527 -0.030686 -0.00217796 -1.23938 0.030649 0.999412 -0.015365 0.363955 0.00264817 0.015291 0.99988 0.572358 0 0 0 1 
25528382210199;2.04506;0.644988;0.985434 -0.0313858 0.167139 -0.970923 0.0330269 0.99943 -0.00704741 0.511759 -0.166822 0.0124648 0.985908 -3.42016 0 0 0 1 
25528382210200;1.86353;1.18972;0.985119 -0.0988908 -0.140575 -4.90286 0.0501591 0.947705 -0.315181 -2.09289 0.164393 0.30344 0.938562 14.4667 0 0 0 1 
25528382210201;1.69978;1.59036;0.978191 -0.0176715 0.206953 -0.386709 -0.00578809 0.993668 0.112206 0.132146 -0.207626 -0.110957 0.971895 -7.88754 0 0 0 1 
25528382210202;3.09717;0.459993;0.999622 -0.0135942 0.0238789 -0.821236 0.014753 0.998688 -0.0490445 -0.0250237 -0.0231808 0.0493783 0.998511 4.40327 0 0 0 1 
25528382210203;2.66545;0.372949;0.999941 0.0108407 -0.000458755 0.227633 -0.0107761 0.997147 0.0747127 0.211948 0.00126738 -0.0747033 0.997205 -0.596411 0 0 0 1 
25528382210204;2.12678;1.89776;0.999971 -0.00728997 0.00212618 -0.391225 0.00727432 0.999947 0.0072809 0.434487 -0.00217914 -0.00726522 0.999971 -0.245886 0 0 0 1 
25528382210205;2.17534;0.48445;0.972187 0.0195358 -0.233388 0.535958 -0.0112776 0.999264 0.0366662 -0.29301 0.233933 -0.0330144 0.971692 -0.51881 0 0 0 1 
25528382210206;0.615844;0.260523;0.999584 -0.000982276 0.0288377 0.0474327 0.00325221 0.996887 -0.0787733 -0.344248 -0.0286705 0.0788343 0.996475 3.17677 0 0 0 1 
25528382210207;2.70191;2.46627;0.99838 -0.0206026 0.0530433 -0.555764 0.0252182 0.995812 -0.0878723 0.0111094 -0.0510108 0.0890676 0.994718 1.5287 0 0 0 1 
25528382210208;0.254784;0.264781;0.998442 0.0305845 -0.0466765 1.09395 -0.0292091 0.999127 0.0298696 -0.44688 0.0475493 -0.0284597 0.998463 -0.587925 0 0 0 1 
25528382210209;0.401221;0.40162;0.999873 0.0151927 -0.00484443 0.554577 -0.0149828 0.999056 0.0407636 -0.0524354 0.00545917 -0.0406858 0.999157 -1.51954 0 0 0 1 
25528382210210;3.26762;2.81355;0.997836 0.0609286 0.0247158 2.53667 -0.0657456 0.929321 0.363372 -2.82618 -0.000829177 -0.364211 0.931316 -15.8621 0 0 0 1 
25528382210211;2.11433;0.921501;0.998378 0.0386459 0.0417987 1.52921 -0.0454429 0.983287 0.176302 -0.511281 -0.0342868 -0.177916 0.983448 -5.88714 0 0 0 1 
25528382210212;0.939666;0.372467;0.981152 0.0159242 0.192579 0.921607 0.0196113 0.983247 -0.18122 -0.875399 -0.192238 0.181581 0.964403 4.03518 0 0 0 1 
25528382210213;1.20317;1.0536;0.996735 0.00300479 0.0806912 0.228303 -0.0107124 0.995395 0.095258 0.06516 -0.0800334 -0.0958113 0.992177 -4.61174 0 0 0 1 
25528382210214;2.77469;0.90604;0.98507 0.0474559 0.165484 2.27569 -0.0112369 0.97693 -0.213265 -2.00074 -0.171786 0.208222 0.962877 8.23281 0 0 0 1 
25528382210215;2.52413;2.35569;0.999586 0.0129667 -0.0256706 0.459558 -0.00631052 0.969729 0.244103 -0.633144 0.0280587 -0.243841 0.969409 -9.92027 0 0 0 1 
25528382210217;1.06109;1.03687;0.971137 -0.017144 -0.237907 -1.76533 0.00922729 0.999367 -0.0343505 -0.050562 0.238346 0.0311638 0.97068 3.62593 0 0 0 1 
25528382210218;0.551084;0.50843;0.999862 0.0149662 0.00722212 1.38009 -0.0153866 0.997948 0.0621583 -0.263835 -0.00627702 -0.0622609 0.99804 -5.42068 0 0 0 1 
25528382210219;0.422673;0.390044;0.974868 -0.00723723 0.222666 -0.625583 -0.00186207 0.999173 0.0406282 0.0100114 -0.222776 -0.0400218 0.974048 -4.45019 0 0 0 1 
25528382210220;1.03905;0.870762;0.961635 0.065027 -0.266515 5.77274 -0.0270809 0.989257 0.143656 -1.12447 0.272993 -0.130927 0.953065 -11.0412 0 0 0 1 
25528382210221;1.31298;0.663842;0.997777 -0.0143233 -0.0650854 -1.5772 0.00522688 0.990441 -0.137836 -1.12928 0.0664375 0.137189 0.988314 14.0388 0 0 0 1 
25528382210222;1.56771;1.17681;0.986729 0.0363324 -0.158259 3.63313 -0.0182638 0.993294 0.114163 -0.772632 0.161346 -0.109758 0.980776 -11.0113 0 0 0 1 
25528382210223;0.395381;0.305926;0.998228 0.00469764 -0.0593194 0.293002 -0.00157092 0.998612 0.052647 -0.0787224 0.0594843 -0.0524605 0.99685 -4.21951 0 0 0 1 
25528382210224;1.45898;1.12048;0.994721 -0.00342438 -0.102559 -0.768607 0.00513647 0.999852 0.0164342 0.0300875 0.102488 -0.0168742 0.994591 -0.00414836 0 0 0 1 
25528382210225;0.647882;0.266229;0.954964 0.0451942 -0.29326 3.21725 0.00110652 0.987783 0.15583 -0.892488 0.29672 -0.149137 0.943247 -11.6349 0 0 0 1 
25528382210226;0.247807;0.247057;0.994225 0.010894 -0.106763 0.926817 -0.00879678 0.999759 0.0200953 -0.091705 0.106956 -0.0190401 0.994081 -1.34031 0 0 0 1 
25528382210227;1.67052;0.417066;0.999881 1.89911e-05 0.0154023 -0.259898 -2.03656e-05 1 8.90834e-05 -0.0446746 -0.0154023 -8.93865e-05 0.999881 2.20101 0 0 0 1 
25528382210228;0.941077;0.33163;0.999828 -0.00134677 -0.0184833 0.187624 0.000164455 0.997961 -0.0638197 -0.128678 0.0185316 0.0638057 0.99779 4.3191 0 0 0 1 
25528382210229;1.84373;1.77764;0.999457 -0.0182134 -0.0274635 -1.77732 0.0162929 0.997511 -0.0685998 -0.141789 0.0286445 0.0681151 0.997266 6.3413 0 0 0 1 
25528382210230;0.815476;0.721693;0.999928 -0.00524794 -0.0108221 -0.581379 0.00518706 0.999971 -0.00564651 0.0166318 0.0108514 0.00558997 0.999925 0.906275 0 0 0 1 
25528382210231;0.945073;0.482848;0.999933 0.00199348 -0.0114291 0.0337579 -0.00211187 0.999944 -0.0103558 -0.0731451 0.0114078 0.0103793 0.999881 2.03877 0 0 0 1 
25528382210232;0.385786;0.32276;0.994888 0.00668549 0.100761 0.644063 -0.0156776 0.995934 0.0887159 -0.412946 -0.0997584 -0.0898421 0.990947 -8.88246 0 0 0 1 
25528382210233;0.215723;0.128618;0.999158 0.0377116 0.0161503 3.35465 -0.0409327 0.942719 0.331067 -5.14008 -0.00274016 -0.331449 0.943469 -29.8105 0 0 0 1 
25528382210234;1.80049;1.31948;0.99988 -0.0147809 0.00463663 -1.02697 0.0150668 0.997481 -0.0693154 0.0220723 -0.00360041 0.069377 0.997584 4.16537 0 0 0 1 
25528382210235;1.841;1.95179;0.98139 0.00185971 0.192016 0.317157 -0.0404358 0.979533 0.19718 -1.69158 -0.187719 -0.201275 0.961379 -18.2911 0 0 0 1 
25528382210236;0.783834;0.544907;0.992555 0.00524278 0.121682 0.576272 -0.0109699 0.998861 0.0464447 -0.138929 -0.1213 -0.0474338 0.991482 -4.0548 0 0 0 1 
25528382210237;0.646121;0.483217;0.995601 -0.00574148 -0.0935139 -0.471525 0.00538147 0.999977 -0.00410151 0.0288942 0.0935353 0.00358023 0.99561 -0.00310459 0 0 0 1 
25528382210238;0.978297;0.743966;0.994686 -0.0143242 0.101953 -1.2924 0.0262014 0.992888 -0.11613 -0.674287 -0.0995648 0.118184 0.987988 10.7814 0 0 0 1 
25528382210239;1.51578;0.119611;0.995608 -0.00893114 0.0931941 -1.16528 0.0144948 0.998141 -0.0591943 -0.173543 -0.0924922 0.0602851 0.993887 7.11306 0 0 0 1 
25528382210240;0.466545;0.411045;0.999814 0.0185399 -0.00537671 1.59483 -0.0171348 0.980628 0.195131 -1.66136 0.00889026 -0.195002 0.980762 -17.3779 0 0 0 1 
25528382210241;1.93577;1.74215;0.989392 0.00624557 0.145136 0.797228 -0.0271429 0.989429 0.142455 -0.823814 -0.142713 -0.144883 0.979103 -13.5485 0 0 0 1 
25528382210242;0.86252;0.545876;0.996497 -0.0275848 0.0789443 -2.63 0.0428581 0.979087 -0.198875 -1.7494 -0.0718075 0.201561 0.97684 18.5557 0 0 0 1 
25528382210243;0.905546;0.251752;0.970544 -0.00269629 0.240909 -0.0848606 -0.00957613 0.998715 0.0497569 -0.0532814 -0.240734 -0.0505982 0.969271 -4.46623 0 0 0 1 
25528382210244;0.219604;0.207917;0.99983 0.00105878 -0.0183969 0.0656821 -0.00140496 0.999822 -0.0188147 -0.0563538 0.0183737 0.0188374 0.999654 1.61407 0 0 0 1 
25528382210245;0.165948;0.0976787;0.980827 -0.0109706 0.19457 -0.964178 0.00734377 0.999786 0.0193517 0.0678799 -0.194741 -0.0175518 0.980698 -2.74058 0 0 0 1 
25528382210246;1.5805;1.39554;0.99864 -0.00110911 0.0521149 -0.226651 0.000195357 0.999846 0.0175352 -0.00708854 -0.0521263 -0.0175012 0.998487 -0.790343 0 0 0 1 
25528382210248;1.80404;1.50417;0.99749 0.00622146 0.0705329 0.433815 0.00472004 0.988074 -0.153906 -0.641034 -0.0706492 0.153853 0.985565 7.97164 0 0 0 1 
25528382210249;2.65063;0.661052;0.99935 -0.0129786 0.0336346 -0.522137 0.0126221 0.999862 0.010789 0.146946 -0.03377 -0.0103574 0.999376 -3.51667 0 0 0 1 
25528382210250;0.988386;0.222227;0.988448 -0.0307652 -0.148406 -2.09723 0.0217656 0.997846 -0.0618894 -0.214055 0.14999 0.0579443 0.986988 3.73184 0 0 0 1 
25528382210251;1.96971;0.504361;0.999335 0.00586569 -0.0359999 0.36832 -0.00458108 0.999353 0.035663 0.674768 0.0361858 -0.0354743 0.998715 -4.1556 0 0 0 1 
25528382210252;1.48555;1.17486;0.999686 0.0249737 0.00188427 1.54531 -0.0249683 0.999684 -0.00281835 -0.297012 -0.00195406 0.00277042 0.999994 0.515565 0 0 0 1 
25528382210253;1.51489;0.434972;0.999263 0.0141772 0.0356831 0.965167 -0.0128101 0.999186 -0.0382534 0.0131267 -0.0361964 0.0377681 0.998631 0.426422 0 0 0 1 
25528382210254;2.5409;1.88936;0.999382 0.00868239 0.0340653 0.54876 -0.013645 0.988852 0.148273 0.0785144 -0.0323982 -0.148646 0.98836 -10.1739 0 0 0 1 
25528382210255;0.438009;0.168932;0.99548 0.00393962 -0.0948873 0.0441194 -0.0123698 0.996006 -0.0884203 -0.431756 0.09416 0.0891944 0.991553 5.03743 0 0 0 1 
25528382210256;0.895108;0.431677;0.961349 0.00752373 0.275231 1.11525 0.0704265 0.959653 -0.272225 -3.25635 -0.266174 0.281086 0.922031 16.6942 0 0 0 1 
25528382210257;0.887196;0.766818;0.999359 -0.00545302 0.0353889 -0.109698 0.00506383 0.999926 0.0110778 -0.0704582 -0.0354467 -0.0108915 0.999312 -0.821978 0 0 0 1 
25528382210258;2.46932;0.598905;0.998939 0.0375913 -0.0265998 2.45676 -0.0389861 0.997778 -0.0540221 0.00647284 0.02451 0.0550018 0.998185 0.235672 0 0 0 1 
25528382210259;0.355498;0.241574;0.99505 -0.00529483 0.0992306 -0.0581768 0.0499979 0.889653 -0.453891 -7.25118 -0.0858775 0.456606 0.885515 25.3515 0 0 0 1 
