#;prob_registration_l1 -r /home/probabilistic_point_clouds_registration/build/tester /home/point_clouds_registration_benchmark//devel/registration_pairs/stairs_local.txt /home/point_clouds_registration_benchmark//eth/stairs -s 0.2 -t 0.2 -p 0.3 -r 1000 -m 15 -i 40 
id;initial_error;final_error;transformation
5494384560000;0.832403;0.0658404;0.994023 0.107808 -0.0172028 0.834811 -0.106827 0.993005 0.0502834 0.421926 0.0225034 -0.0481451 0.998587 0.337682 0 0 0 1 
5494384560001;0.315086;0.111566;0.914058 0.232051 -0.332642 1.60685 -0.199622 0.971335 0.129069 1.27612 0.353057 -0.0515736 0.934179 -2.36182 0 0 0 1 
5494384560002;0.630491;0.0592278;0.999367 -0.0115261 -0.0336641 0.731034 0.0126084 0.999405 0.0321162 -0.27965 0.0332739 -0.0325203 0.998917 0.0294643 0 0 0 1 
5494384560003;0.317466;0.0400704;0.971206 -0.0442553 -0.234094 0.871662 0.12069 0.938575 0.323281 -1.83309 0.205408 -0.342225 0.916891 -1.37221 0 0 0 1 
5494384560004;0.657978;0.0360676;0.998032 0.0604482 0.0166956 -0.194872 -0.0618741 0.992528 0.105161 0.718009 -0.0102141 -0.105987 0.994315 0.557356 0 0 0 1 
5494384560005;0.751618;0.0601024;0.99472 -0.0847648 -0.057852 -0.394311 0.0917727 0.987023 0.131774 -1.50253 0.0459315 -0.136387 0.98959 -0.482868 0 0 0 1 
5494384560006;0.696898;0.0914838;0.930811 0.30791 -0.19693 1.35368 -0.327932 0.941479 -0.0779576 2.27616 0.161402 0.137144 0.977313 -0.619966 0 0 0 1 
5494384560007;0.399045;0.0424728;0.934748 -0.352113 -0.0475687 0.766892 0.354636 0.932822 0.0638402 -3.02023 0.0218942 -0.0765441 0.996826 -0.151654 0 0 0 1 
5494384560008;0.231215;0.0572135;0.97692 -0.181934 -0.111926 0.365213 0.170673 0.979913 -0.103155 -1.03685 0.128445 0.0816718 0.988348 -0.822521 0 0 0 1 
5494384560009;0.454804;0.0472595;0.989097 -0.00818419 -0.147035 0.689802 0.0192161 0.99709 0.0737661 -0.554906 0.146003 -0.0757873 0.986377 -0.708454 0 0 0 1 
5494384560010;0.83506;0.0703125;0.999966 -0.0054641 -0.00624412 0.0125021 0.00564074 0.999574 0.0286308 0.0607517 0.00608502 -0.028665 0.999571 0.842207 0 0 0 1 
5494384560011;0.300381;0.0749348;0.997138 0.0547521 0.052141 -0.166111 -0.0375405 0.957147 -0.287159 0.938832 -0.0656291 0.28438 0.956463 0.549805 0 0 0 1 
5494384560012;0.513405;0.0634186;0.939866 0.0635651 -0.335576 1.18367 -0.125775 0.977896 -0.167031 1.31131 0.317541 0.199193 0.927087 -1.74726 0 0 0 1 
5494384560013;0.592232;0.0577006;0.992351 0.0206655 -0.121705 0.507957 -0.0214847 0.999754 -0.00542212 0.780865 0.121563 0.00799543 0.992552 -0.871777 0 0 0 1 
5494384560014;0.784839;0.0793223;0.947033 0.217499 0.236267 0.537278 -0.263215 0.947204 0.183089 1.35686 -0.183971 -0.23558 0.954283 1.88688 0 0 0 1 
5494384560015;1.02961;0.122779;0.942661 0.315249 -0.109583 0.386283 -0.333131 0.908759 -0.251357 3.78334 0.0203449 0.27345 0.961671 0.610317 0 0 0 1 
5494384560016;0.692498;0.104713;0.989997 0.127238 -0.0609623 0.252205 -0.141045 0.903172 -0.405447 2.5909 0.00347133 0.40999 0.912084 -0.209847 0 0 0 1 
5494384560017;0.125802;0.0526523;0.999727 0.015994 -0.0170587 0.0602797 -0.0150576 0.998445 0.0536773 -0.0963685 0.0178907 -0.0534057 0.998413 -0.0209288 0 0 0 1 
5494384560018;0.697368;0.0559646;0.995315 0.0609965 -0.0750137 0.797873 -0.074973 0.976825 -0.200481 1.18455 0.0610466 0.205166 0.976821 0.112709 0 0 0 1 
5494384560019;0.372102;0.116616;0.959783 0.267436 0.0854043 0.202555 -0.276425 0.953379 0.121066 1.82731 -0.0490452 -0.139805 0.988964 0.102556 0 0 0 1 
5494384560020;0.725979;0.0769845;0.944161 0.320858 0.074906 0.204056 -0.328202 0.89581 0.29968 2.16464 0.0290533 -0.307531 0.951095 0.424724 0 0 0 1 
5494384560021;0.810082;0.0857911;0.996154 0.0759834 -0.0436411 -0.139206 -0.0753605 0.997032 0.0157489 0.61529 0.0447083 -0.0123995 0.998923 0.463835 0 0 0 1 
5494384560022;1.01164;0.043578;0.883503 -0.30296 -0.357264 1.59233 0.335188 0.941661 0.03038 -3.54815 0.327218 -0.146592 0.933509 -2.00452 0 0 0 1 
5494384560023;0.527542;0.0624185;0.978938 0.0985422 -0.1788 0.859176 -0.0962547 0.995126 0.0214456 0.643646 0.180042 -0.00378355 0.983652 -1.80873 0 0 0 1 
5494384560024;0.419936;0.0887859;0.938158 0.333616 -0.0925162 1.04566 -0.33393 0.942515 0.0125259 2.49366 0.0913767 0.0191426 0.995632 -0.894571 0 0 0 1 
5494384560025;0.495752;0.0830467;0.937713 0.305975 -0.164538 1.00753 -0.304087 0.951919 0.0371731 2.32858 0.168001 0.0151762 0.98567 -0.809472 0 0 0 1 
5494384560026;0.350666;0.0640815;0.97661 0.0967295 0.192033 -0.231745 -0.0442384 0.964381 -0.26079 0.965995 -0.210419 0.246195 0.946103 1.99665 0 0 0 1 
5494384560027;0.90423;0.0584638;0.989673 0.0852304 -0.11525 1.34841 -0.0628954 0.980695 0.185154 0.161588 0.128806 -0.175994 0.975928 -0.751963 0 0 0 1 
5494384560028;0.914969;0.0814307;0.996158 -0.0856906 -0.0180517 -0.819975 0.0864294 0.995234 0.0451576 -0.674968 0.0140961 -0.0465443 0.998817 -0.328098 0 0 0 1 
5494384560029;0.844853;0.0934414;0.999666 0.0250839 0.00619842 0.0831563 -0.0252183 0.999425 0.0226444 -0.51968 -0.00562685 -0.0227931 0.999724 -0.580597 0 0 0 1 
5494384560031;0.314572;0.099681;0.915202 -0.363814 -0.173334 0.478891 0.370401 0.928852 0.00612537 -1.47991 0.158773 -0.0698089 0.984844 -0.608679 0 0 0 1 
5494384560032;0.143255;0.104824;0.995379 0.0564356 0.0776933 0.0093882 -0.0518665 0.996873 -0.0596225 0.176683 -0.0808152 0.0553172 0.995193 0.347796 0 0 0 1 
5494384560033;0.256973;0.112795;0.999117 0.0152173 0.0391658 0.172763 -0.0121017 0.996833 -0.0785922 0.170552 -0.0402377 0.0780488 0.996137 0.280375 0 0 0 1 
5494384560034;0.872658;0.0994387;0.965652 -0.230322 0.12028 0.0267928 0.205617 0.960363 0.188214 -1.84283 -0.158863 -0.157018 0.974735 0.0543228 0 0 0 1 
5494384560035;0.383527;0.0804434;0.9956 -0.0755966 0.0553711 0.0308074 0.0720479 0.995378 0.0635035 0.0117673 -0.0599157 -0.0592347 0.996444 0.322047 0 0 0 1 
5494384560036;0.699819;0.106524;0.955377 0.26215 -0.136134 0.514572 -0.290601 0.916774 -0.274001 0.863445 0.0529747 0.301335 0.952046 0.522446 0 0 0 1 
5494384560037;0.785083;0.0964001;0.968684 -0.0835523 0.233816 -0.354446 0.143371 0.957052 -0.251983 -0.255406 -0.202721 0.277615 0.93906 0.169355 0 0 0 1 
5494384560038;1.00964;0.0895238;0.899112 -0.434424 0.0535992 -0.872908 0.434789 0.900517 0.00527348 -1.38128 -0.0505579 0.0185629 0.998549 -0.0938977 0 0 0 1 
5494384560039;0.16472;0.133699;0.985293 -0.0736226 -0.1542 0.195303 0.0818939 0.995485 0.047985 -0.400995 0.149971 -0.0599074 0.986874 -0.566573 0 0 0 1 
5494384560040;0.656318;0.0855518;0.907744 0.341249 0.244029 0.557134 -0.334142 0.939822 -0.0712955 0.812184 -0.253673 -0.0168221 0.967144 1.21285 0 0 0 1 
5494384560041;0.496934;0.0705536;0.877673 -0.303319 0.371064 -0.156527 0.303335 0.950999 0.0599023 -1.13733 -0.371051 0.0599819 0.926673 1.94684 0 0 0 1 
5494384560042;0.516103;0.275677;0.990687 -0.0562765 -0.123986 -0.093196 0.0768745 0.982753 0.168186 -0.734128 0.112382 -0.176151 0.977927 -0.726711 0 0 0 1 
5494384560043;0.0787389;0.0715766;0.999965 -0.00759801 0.00344977 -0.0237443 0.00750744 0.999645 0.0255477 -0.186024 -0.00364266 -0.0255209 0.999668 0.100726 0 0 0 1 
5494384560044;0.670233;0.0816613;0.99893 0.0417703 0.0198739 0.216764 -0.0431661 0.996178 0.0759382 0.179587 -0.016626 -0.0767147 0.996914 0.797749 0 0 0 1 
5494384560045;0.454928;0.0592734;0.908319 -0.277173 0.313261 -0.458923 0.182688 0.936604 0.298994 -1.18585 -0.376275 -0.214353 0.901371 1.52966 0 0 0 1 
5494384560046;0.663952;0.117613;0.982134 0.130292 -0.135784 0.348276 -0.129718 0.991464 0.0131055 1.15744 0.136333 0.00474227 0.990652 -0.523301 0 0 0 1 
5494384560047;0.60701;0.323442;0.999018 0.0206781 -0.0391889 -0.534652 -0.0269066 0.9858 -0.165756 0.619176 0.0352049 0.166647 0.985388 -0.0230805 0 0 0 1 
5494384560048;0.280379;0.0963014;0.999576 -0.00521645 0.0286313 -0.0904173 0.00451661 0.999691 0.0244536 -0.203919 -0.02875 -0.0243139 0.999291 0.501138 0 0 0 1 
5494384560049;0.480826;0.0887439;0.92343 0.33447 0.188165 0.574327 -0.332607 0.942114 -0.0423517 1.37085 -0.191438 -0.0234762 0.981224 0.775608 0 0 0 1 
5494384560050;0.519994;0.119243;0.975436 0.201699 0.0885515 -0.211665 -0.197145 0.978683 -0.0575583 0.228922 -0.0982733 0.0386869 0.994407 0.530536 0 0 0 1 
5494384560051;0.245903;0.0859188;0.999801 -0.0155775 0.0124495 0.0532594 0.0147859 0.998008 0.0613293 -0.373211 -0.0133801 -0.061133 0.99804 -0.111039 0 0 0 1 
5494384560052;0.581213;0.0784953;0.949624 0.162223 0.268138 -0.352346 -0.201128 0.971624 0.124474 0.0263405 -0.240337 -0.172133 0.955305 0.732321 0 0 0 1 
5494384560053;0.543864;0.0902043;0.959902 -0.217652 0.17668 -0.474917 0.196057 0.971689 0.131843 -1.31555 -0.200373 -0.0919168 0.975398 0.467667 0 0 0 1 
5494384560054;0.812423;0.399846;0.997647 -0.0494387 -0.047494 -0.292646 0.052554 0.996384 0.0667556 -0.597446 0.044022 -0.0690945 0.996638 -0.662603 0 0 0 1 
5494384560055;0.804846;0.0965232;0.921191 0.0163749 0.388767 0.501568 -0.0701694 0.989725 0.12458 0.552748 -0.382732 -0.142042 0.912875 1.58423 0 0 0 1 
5494384560056;0.404608;0.0819454;0.981977 0.151884 0.112486 -0.172169 -0.152115 0.988341 -0.00657624 0.128342 -0.112173 -0.0106531 0.993632 0.403479 0 0 0 1 
5494384560057;0.241612;0.0857809;0.973047 0.207124 -0.101388 0.362759 -0.194101 0.972999 0.12489 0.433234 0.124519 -0.101844 0.986977 -0.37237 0 0 0 1 
5494384560058;0.361634;0.0980305;0.990559 -0.115547 0.0737697 0.119427 0.123559 0.985612 -0.115335 -0.129842 -0.0593817 0.123361 0.990584 0.351397 0 0 0 1 
5494384560059;0.672349;0.141574;0.99835 -0.0102892 0.0564915 -0.119369 0.0085455 0.999482 0.031022 -0.15578 -0.0567814 -0.0304881 0.997921 -0.444342 0 0 0 1 
5494384560060;0.435775;0.0903347;0.952966 -0.284546 -0.104354 -0.0566964 0.30283 0.907872 0.289933 -1.66016 0.0122404 -0.307898 0.951341 -0.184469 0 0 0 1 
5494384560062;0.821662;0.0592104;0.964526 -0.194812 -0.178151 0.385878 0.193019 0.980809 -0.0275154 -1.62213 0.180092 -0.00784717 0.983618 -1.35325 0 0 0 1 
5494384560063;1.2461;0.0675003;0.944603 0.0958289 -0.313913 1.73671 -0.105983 0.994249 -0.015401 0.793477 0.310631 0.0478173 0.949327 -2.40544 0 0 0 1 
5494384560064;0.351118;0.0686351;0.91747 -0.397761 0.00594803 0.23545 0.397793 0.917457 -0.00574754 -2.53928 -0.00317091 0.00763928 0.999966 0.0450467 0 0 0 1 
5494384560065;1.02628;0.0684368;0.997079 0.0750941 0.0139669 -0.0690283 -0.0740093 0.99504 -0.0664753 0.366373 -0.0188895 0.0652474 0.99769 0.935689 0 0 0 1 
5494384560066;0.385602;0.0937973;0.901467 0.42558 -0.0789809 1.05199 -0.428158 0.903517 -0.0183738 2.67037 0.063541 0.0503797 0.996707 -0.260222 0 0 0 1 
5494384560067;1.09812;0.0564644;0.979215 -0.133506 0.152692 -0.3736 0.156864 0.97572 -0.152852 -0.924971 -0.128578 0.173627 0.976382 0.191329 0 0 0 1 
5494384560068;0.284277;0.0595592;0.987763 0.143604 -0.0608505 0.298685 -0.121492 0.95311 0.277165 0.0504685 0.0977991 -0.26638 0.958894 -0.602838 0 0 0 1 
5494384560069;0.305684;0.085425;0.988801 0.147553 -0.0223841 0.377092 -0.1478 0.988968 -0.00984709 0.985653 0.0206842 0.0130452 0.999701 -0.0103511 0 0 0 1 
5494384560070;1.06788;0.0642803;0.998726 0.0502853 -0.00425923 0.75928 -0.0491832 0.988783 0.14103 -0.0251608 0.0113032 -0.140641 0.989996 -0.382597 0 0 0 1 
5494384560071;0.199717;0.0693721;0.999988 -0.0036182 0.00329283 -0.0167267 0.00363195 0.999985 -0.00418095 -0.0595802 -0.00327765 0.00419286 0.999986 0.21148 0 0 0 1 
5494384560072;1.02349;0.059958;0.964163 -0.0212715 -0.264458 1.07008 -0.0616717 0.951508 -0.301377 1.76612 0.258045 0.306886 0.916097 -1.26882 0 0 0 1 
5494384560073;0.123206;0.0750196;0.992725 -0.120211 0.00678059 -0.0598687 0.119936 0.992264 0.0320542 -0.859232 -0.0105814 -0.0310077 0.999463 0.134795 0 0 0 1 
5494384560074;0.700296;0.076044;0.936509 0.348591 0.0378818 0.100483 -0.347555 0.937135 -0.0313714 2.44893 -0.0464362 0.0162136 0.99879 0.075687 0 0 0 1 
5494384560075;0.186882;0.0734483;0.999939 0.00464642 0.00998871 0.0420817 -0.00437136 0.999615 -0.0273846 0.0954489 -0.0101121 0.0273393 0.999575 0.00178196 0 0 0 1 
5494384560076;1.00141;0.0791918;0.992742 -0.0909481 0.0786889 -0.323728 0.0859703 0.994208 0.0644949 -0.524916 -0.0840988 -0.0572619 0.994811 1.29801 0 0 0 1 
5494384560077;0.605922;0.0725611;0.891914 -0.332288 -0.306714 1.38658 0.358979 0.932749 0.0333784 -2.36096 0.274996 -0.139875 0.951216 -1.90709 0 0 0 1 
5494384560078;0.686652;0.0656145;0.915758 -0.39929 0.0442216 0.105531 0.395165 0.875496 -0.27812 -1.82357 0.0723349 0.272166 0.959528 0.194018 0 0 0 1 
5494384560079;0.330281;0.0745224;0.928854 0.369635 -0.024501 0.650897 -0.363433 0.922083 0.132962 1.89234 0.0717394 -0.114598 0.990818 -0.412265 0 0 0 1 
5494384560080;0.779401;0.0621776;0.916371 0.391331 -0.0844095 1.29325 -0.380101 0.916682 0.12336 2.31104 0.125651 -0.0809589 0.988766 -0.630051 0 0 0 1 
5494384560081;0.603531;0.0667353;0.980651 0.190913 -0.0433177 0.504167 -0.195124 0.97111 -0.137378 1.73224 0.0158389 0.143173 0.989571 0.334328 0 0 0 1 
5494384560082;0.617118;0.0715255;0.889617 -0.279351 -0.361309 1.44217 0.32863 0.940921 0.0816686 -2.03435 0.317149 -0.191391 0.928863 -2.11374 0 0 0 1 
5494384560083;0.290683;0.0843442;0.945557 0.303728 0.116926 0.163731 -0.288692 0.948618 -0.129543 2.10341 -0.150264 0.0887341 0.984656 1.01045 0 0 0 1 
5494384560084;0.175327;0.0537379;0.986371 -0.115435 -0.117251 0.300371 0.0991678 0.985707 -0.136191 -0.283126 0.131296 0.122707 0.98372 -0.732883 0 0 0 1 
5494384560085;0.943472;0.055899;0.992071 -0.121972 -0.030287 0.0741356 0.106561 0.944146 -0.311821 -0.282318 0.066629 0.306121 0.949658 0.477839 0 0 0 1 
5494384560086;0.821732;0.0689459;0.991986 -0.0291799 0.122932 -0.470095 0.0187648 0.996201 0.0850436 -0.592154 -0.124947 -0.0820553 0.988764 1.33451 0 0 0 1 
5494384560087;0.12902;0.0654409;0.999235 0.0131896 -0.036813 0.0214709 -0.0136539 0.99983 -0.0123897 0.128501 0.0366433 0.0128828 0.999245 -0.107956 0 0 0 1 
5494384560088;1.25698;0.0506088;0.878373 0.150773 -0.453573 1.66954 -0.135091 0.988565 0.0669982 -0.208513 0.458488 0.00242454 0.888697 -2.45209 0 0 0 1 
5494384560089;1.3654;0.164175;0.911965 0.398757 0.0965069 0.0143766 -0.386125 0.913717 -0.126607 3.14754 -0.138665 0.0781974 0.987247 0.22969 0 0 0 1 
5494384560090;0.736364;0.0639857;0.956122 -0.292789 -0.0102399 0.54724 0.267306 0.886145 -0.378543 -0.543985 0.119907 0.359196 0.925527 -0.269914 0 0 0 1 
5494384560091;0.484121;0.0559553;0.940168 -0.151058 -0.305393 1.14395 0.210256 0.962544 0.171176 -1.75914 0.268097 -0.225145 0.936714 -1.27753 0 0 0 1 
5494384560093;0.0553842;0.289036;0.995833 0.0355982 -0.0839552 0.0797373 -0.0388332 0.998552 -0.0372183 0.402055 0.0825088 0.0403235 0.995774 -0.362611 0 0 0 1 
5494384560094;0.672056;0.677906;0.889143 0.0181841 -0.457268 1.64527 0.0777495 0.978681 0.1901 -1.07326 0.450977 -0.204579 0.868774 -2.44358 0 0 0 1 
5494384560095;0.854827;0.647537;0.915568 0.393194 -0.0844582 0.641557 -0.392104 0.919437 0.0298244 2.03816 0.0893808 0.00581015 0.995981 -0.154922 0 0 0 1 
5494384560096;0.268636;0.335608;0.961005 -0.212267 -0.177236 0.365705 0.191304 0.973125 -0.128184 -1.05837 0.199682 0.0892792 0.975785 -1.28586 0 0 0 1 
5494384560097;0.745786;0.258426;0.997599 0.00971379 -0.0685746 -0.246853 -0.00730144 0.999349 0.0353419 -0.559154 0.0688733 -0.0347563 0.99702 -0.0719548 0 0 0 1 
5494384560098;0.365154;0.720462;0.944373 -0.229659 -0.235406 0.384995 0.244747 0.968896 0.0366007 -1.91452 0.219678 -0.0921795 0.971208 -1.44662 0 0 0 1 
5494384560099;0.345567;0.366319;0.99928 -0.0264711 0.0271897 -0.534624 0.0272838 0.999178 -0.0299662 -0.0391474 -0.0263741 0.0306865 0.999181 0.236492 0 0 0 1 
5494384560100;0.37298;0.368595;0.932926 -0.20294 -0.297429 0.634181 0.203195 0.978666 -0.0304096 -1.23414 0.297255 -0.0320663 0.954259 -1.65408 0 0 0 1 
5494384560101;0.595346;0.441406;0.919265 0.375165 0.119179 -0.0383105 -0.392183 0.8989 0.195373 2.20495 -0.0338328 -0.22634 0.973461 0.672519 0 0 0 1 
5494384560102;0.240088;0.38387;0.980126 -0.193529 0.0435804 -0.318385 0.198136 0.96581 -0.167193 -1.04767 -0.0097337 0.172505 0.984961 0.281811 0 0 0 1 
5494384560103;0.65911;0.262913;0.997806 0.00241242 -0.0661683 0.0957839 -0.00516559 0.999126 -0.0414691 0.0475487 0.0660105 0.0417199 0.996946 -0.769198 0 0 0 1 
5494384560104;0.317417;0.476914;0.994389 0.00159537 -0.105771 -0.0627706 0.0215859 0.975787 0.217655 -0.722675 0.103557 -0.218717 0.970278 -0.58346 0 0 0 1 
5494384560105;0.561217;0.399264;0.948796 0.0855915 -0.304071 0.584403 -0.112223 0.99113 -0.0711821 0.968938 0.295282 0.101661 0.949986 -1.34248 0 0 0 1 
5494384560106;0.669368;0.398692;0.988771 0.0162672 0.148553 -0.317423 -0.0106194 0.999193 -0.0387332 -0.242771 -0.149063 0.0367207 0.988146 1.48311 0 0 0 1 
5494384560107;0.196586;0.313861;0.980139 0.154168 -0.124739 0.334393 -0.150175 0.987815 0.0408585 0.875285 0.129518 -0.0213142 0.991348 -0.80781 0 0 0 1 
5494384560108;0.588165;0.284041;0.959504 0.243776 -0.141155 0.577216 -0.161978 0.887428 0.431549 -0.131075 0.230466 -0.391209 0.890977 -1.60881 0 0 0 1 
5494384560109;0.964218;0.347641;0.98501 0.161743 0.0599603 -0.158097 -0.166991 0.981233 0.0964123 1.04273 -0.0432411 -0.10498 0.993534 1.14713 0 0 0 1 
5494384560110;0.522946;0.545491;0.940434 -0.318952 -0.117699 -0.11694 0.318168 0.947681 -0.0258996 -2.34599 0.119802 -0.0130914 0.992711 -0.790711 0 0 0 1 
5494384560111;0.382633;0.246721;0.999043 -0.0163569 0.0405641 -0.400291 0.0197814 0.996141 -0.0855121 0.0753357 -0.0390089 0.0862326 0.995511 0.214931 0 0 0 1 
5494384560112;1.20633;0.439012;0.98406 -0.118364 -0.132727 -0.441397 0.115685 0.992898 -0.0277457 -0.306196 0.135069 0.0119488 0.990764 -0.147844 0 0 0 1 
5494384560113;0.493118;0.26544;0.986029 0.131534 -0.1022 0.363715 -0.138558 0.988223 -0.0649463 1.14171 0.0924534 0.0781995 0.992642 -0.769506 0 0 0 1 
5494384560114;0.011633;0.397924;0.995426 0.0451138 -0.0842138 -0.0523566 -0.0499569 0.997162 -0.0563168 0.514551 0.0814342 0.0602663 0.994855 -0.416632 0 0 0 1 
5494384560115;0.837027;0.335091;0.944163 -0.0642587 -0.323151 0.499035 0.12168 0.979466 0.160751 -1.69479 0.306186 -0.191096 0.932594 -1.60929 0 0 0 1 
5494384560116;0.753813;0.309994;0.992842 -0.00868779 -0.119116 -0.391862 0.00852489 0.999962 -0.00187707 0.0545677 0.119128 0.000848184 0.992879 -0.901195 0 0 0 1 
5494384560117;0.39392;0.320703;0.956629 0.288445 -0.0407404 0.305625 -0.287663 0.95743 0.0240431 1.86167 0.0459412 -0.0112808 0.99888 0.0287526 0 0 0 1 
5494384560118;0.486867;0.368459;0.994563 0.077753 -0.0692682 0.205619 -0.0952092 0.948393 -0.302465 1.22207 0.0421759 0.307416 0.95064 -0.216881 0 0 0 1 
5494384560119;0.307339;0.238019;0.940402 0.332503 -0.0713122 0.589639 -0.313867 0.929369 0.194321 1.61165 0.130888 -0.160357 0.978342 -0.724771 0 0 0 1 
5494384560120;1.07013;0.336202;0.96735 -0.184047 -0.174244 0.438332 0.151059 0.970731 -0.186715 -0.412609 0.203509 0.154298 0.966838 -1.9427 0 0 0 1 
5494384560121;0.937742;0.245872;0.880556 0.403774 -0.248168 1.07886 -0.419001 0.907936 -0.00948237 2.18623 0.221492 0.112332 0.968671 -1.39423 0 0 0 1 
5494384560122;0.448809;0.35808;0.911009 0.393018 0.124895 0.0456875 -0.395143 0.918582 -0.00832605 2.82905 -0.117999 -0.0417664 0.992135 0.996098 0 0 0 1 
5494384560124;0.180601;0.169578;0.991046 -0.104703 0.0828549 -0.291642 0.0951456 0.989151 0.111925 -0.401314 -0.0936749 -0.10304 0.990256 0.327648 0 0 0 1 
5494384560125;0.336264;0.168948;0.951127 -0.142941 0.273724 -0.533059 0.161065 0.985926 -0.0448037 -0.526274 -0.263468 0.0867015 0.960764 1.02513 0 0 0 1 
5494384560126;0.158937;0.125305;0.990657 0.128263 0.0463363 -0.205848 -0.12938 0.991352 0.0219412 0.529173 -0.0431213 -0.0277312 0.998685 0.091409 0 0 0 1 
5494384560127;0.459182;0.140354;0.989501 -0.11098 -0.0925781 0.491586 0.109836 0.993798 -0.0173773 0.02395 0.0939325 0.00702641 0.995554 -0.403748 0 0 0 1 
5494384560128;0.768681;0.142616;0.963269 -0.138264 0.230209 -0.721074 0.19571 0.948452 -0.249272 -0.0941153 -0.183877 0.28517 0.940674 0.270181 0 0 0 1 
5494384560129;0.8631;0.597805;0.926284 -0.0394913 0.374751 -0.931991 0.0571879 0.997706 -0.0362148 -0.361063 -0.372461 0.0549764 0.926418 1.89924 0 0 0 1 
5494384560130;0.294138;0.181638;0.992498 -0.11902 -0.0279514 0.212557 0.121882 0.981157 0.149918 -0.639597 0.00958148 -0.1522 0.988303 -0.273768 0 0 0 1 
5494384560131;0.331415;0.169268;0.997169 -0.0360183 -0.0660008 -0.0092279 0.0348015 0.999204 -0.0194949 0.0567064 0.0666505 0.0171428 0.997629 0.0420238 0 0 0 1 
5494384560132;0.299743;0.424282;0.928793 -0.0209799 -0.370004 0.940312 0.0264633 0.999602 0.00974977 0.276177 0.369652 -0.0188471 0.928979 -1.36208 0 0 0 1 
5494384560133;0.275606;0.144946;0.916753 0.14056 -0.373907 1.05771 -0.0937716 0.985615 0.140603 0.247747 0.388292 -0.0938367 0.916746 -1.50535 0 0 0 1 
5494384560134;0.715759;0.132063;0.973002 0.230595 0.00961787 0.107776 -0.230699 0.972955 0.011644 1.13169 -0.0066727 -0.0135485 0.999886 0.793931 0 0 0 1 
5494384560135;0.221863;0.130677;0.957504 0.270624 0.0997387 0.0181962 -0.276526 0.959663 0.0508022 1.2527 -0.0819672 -0.0762237 0.993716 0.280314 0 0 0 1 
5494384560136;0.513605;0.121743;0.963866 0.266178 0.0105777 -0.218527 -0.266354 0.963617 0.0223153 1.5075 -0.00425305 -0.0243264 0.999695 -0.241168 0 0 0 1 
5494384560137;0.0725673;0.171333;0.999882 0.0093109 -0.0122374 -0.0549175 -0.00925794 0.999948 0.0043771 0.201296 0.0122775 -0.00426329 0.999916 -0.0271753 0 0 0 1 
5494384560138;0.458946;0.117915;0.995887 -0.0311614 -0.085073 0.0563974 0.0175521 0.987559 -0.156264 0.281125 0.0888841 0.154128 0.984045 0.16658 0 0 0 1 
5494384560139;0.373858;0.112437;0.978628 0.178388 0.102297 0.105836 -0.175864 0.983853 -0.0332569 0.54346 -0.106578 0.0145559 0.994198 0.334125 0 0 0 1 
5494384560140;0.407687;0.133271;0.933024 0.330984 -0.141126 0.37073 -0.305965 0.936213 0.172891 1.03798 0.189348 -0.118132 0.974778 -0.550541 0 0 0 1 
5494384560141;0.827786;0.135324;0.998372 0.0146164 0.0551339 -0.261362 -0.01454 0.999893 -0.00178656 0.328042 -0.0551541 0.000982005 0.998477 1.09908 0 0 0 1 
5494384560142;0.791925;0.180685;0.997761 -0.0360285 0.0563411 -0.831032 0.0375477 0.998953 -0.0261418 -0.159407 -0.0553402 0.0281987 0.998069 -0.345069 0 0 0 1 
5494384560143;0.413054;0.126198;0.882395 0.396061 0.253998 0.0620658 -0.417904 0.907765 0.0363257 1.56452 -0.216183 -0.1382 0.966522 0.821424 0 0 0 1 
5494384560144;0.460909;0.145254;0.989444 0.112046 -0.0918978 0.163432 -0.107678 0.992866 0.0512054 0.561826 0.0969796 -0.0407695 0.994451 0.0697629 0 0 0 1 
5494384560145;0.514439;0.134;0.994651 -0.0604766 0.0837396 -0.375096 0.0368991 0.965226 0.258801 0.000492741 -0.096479 -0.254327 0.962294 0.374267 0 0 0 1 
5494384560146;0.876277;0.103289;0.961482 0.274732 -0.00863386 1.0414 -0.27452 0.96137 0.0201558 0.928681 0.0138378 -0.0170093 0.99976 -0.666139 0 0 0 1 
5494384560147;0.0882485;0.124851;0.988435 0.0194901 -0.150389 0.295924 -0.0196509 0.999807 0.000417057 0.21625 0.150368 0.00254305 0.988627 -0.632967 0 0 0 1 
5494384560148;0.565514;0.110807;0.897525 0.30956 0.314039 0.203283 -0.275115 0.949663 -0.149837 1.8792 -0.344615 0.0480854 0.937512 1.40968 0 0 0 1 
5494384560149;0.651367;0.13825;0.994266 -0.0994413 0.0393207 -0.502371 0.0967965 0.993228 0.0642515 -0.333143 -0.0454436 -0.060077 0.997159 0.772916 0 0 0 1 
5494384560150;0.389377;0.178528;0.948573 -0.26136 0.178607 -0.387897 0.273307 0.960851 -0.0454872 -1.10176 -0.159726 0.0919625 0.982869 0.792624 0 0 0 1 
5494384560151;0.428451;0.178841;0.941261 -0.333585 -0.0524369 0.0317658 0.333234 0.942716 -0.0155448 -1.21241 0.0546186 -0.00284209 0.998503 -0.531214 0 0 0 1 
5494384560152;0.492131;0.5437;0.929482 -0.368434 -0.0178967 0.0286187 0.367047 0.928618 -0.0542637 -1.22615 0.0366118 0.0438682 0.998366 -0.175664 0 0 0 1 
5494384560153;0.585822;0.119243;0.999531 0.022102 -0.0211997 0.00328506 -0.0252426 0.986529 -0.161627 0.612726 0.0173418 0.162086 0.986624 -0.655448 0 0 0 1 
5494384560155;0.510199;0.528519;0.991527 -0.128296 -0.020359 0.480409 0.129891 0.981217 0.142626 -0.343199 0.00167821 -0.144062 0.989567 0.476236 0 0 0 1 
5494384560156;0.606536;0.509566;0.999636 0.00473851 -0.0265622 0.527161 -0.000233484 0.98594 0.167098 -0.57405 0.0269806 -0.167031 0.985582 -0.682766 0 0 0 1 
5494384560157;0.698949;0.665276;0.971011 -0.234722 -0.0452037 0.867908 0.236764 0.918419 0.316938 -0.970761 -0.0328765 -0.318453 0.947368 0.480178 0 0 0 1 
5494384560158;0.932434;0.729354;0.979855 0.0409837 0.195459 0.397138 -0.0688355 0.98805 0.137906 -0.0440324 -0.187471 -0.148582 0.970968 1.06816 0 0 0 1 
5494384560159;0.588127;0.524607;0.962312 0.16879 0.213226 0.782721 -0.185217 0.9809 0.0594197 -0.139178 -0.199124 -0.0966733 0.975194 0.719956 0 0 0 1 
5494384560160;0.813406;0.389358;0.956455 0.108968 -0.270777 1.2947 -0.0523473 0.976696 0.208144 -0.217165 0.287148 -0.184905 0.93987 -0.862813 0 0 0 1 
5494384560161;0.869163;0.546679;0.998368 -0.00911328 -0.0563791 0.773657 0.0171882 0.989363 0.144448 -1.32573 0.0544631 -0.145181 0.987905 -0.0146327 0 0 0 1 
5494384560162;0.520155;0.498649;0.985056 -0.099832 -0.140352 0.477193 0.137437 0.946745 0.29118 -0.434372 0.103808 -0.306118 0.946317 0.233107 0 0 0 1 
5494384560163;0.884248;0.586397;0.924178 0.380624 -0.0319519 1.5793 -0.377521 0.922949 0.0751181 0.503348 0.0580817 -0.05736 0.996663 0.0867147 0 0 0 1 
5494384560164;0.069281;0.398916;0.99653 -0.0502095 -0.0663877 0.429201 0.0566478 0.993478 0.0989528 -0.369604 0.0609864 -0.10237 0.992875 -0.074519 0 0 0 1 
5494384560165;0.359877;0.700658;0.94588 0.286578 0.152263 0.502439 -0.305891 0.944027 0.123462 -0.144064 -0.108359 -0.163356 0.980598 0.254331 0 0 0 1 
5494384560166;0.617506;0.5399;0.944914 -0.00456907 -0.327287 1.08116 0.0456576 0.991967 0.11797 -0.378001 0.324118 -0.126415 0.937532 -0.0211376 0 0 0 1 
5494384560167;0.359577;1.01965;0.985403 0.0514211 0.162286 0.582109 -0.0997445 0.946916 0.305616 -0.71013 -0.137956 -0.317342 0.938223 -0.185995 0 0 0 1 
5494384560168;0.367236;0.610149;0.971714 0.146761 0.185022 0.581976 -0.176629 0.971696 0.156875 -0.408728 -0.156762 -0.185118 0.970132 0.276951 0 0 0 1 
5494384560169;0.299703;0.601257;0.994343 -0.0349524 -0.1003 0.711477 0.05093 0.985565 0.161457 -0.645242 0.0932084 -0.165652 0.98177 0.0498289 0 0 0 1 
5494384560170;0.388752;0.541409;0.998819 -0.0359494 -0.0326785 0.755058 0.0403643 0.988401 0.146402 -0.272894 0.0270365 -0.147548 0.988685 -0.14281 0 0 0 1 
5494384560171;0.436725;0.506815;0.996528 -0.08052 -0.0211987 0.792542 0.0829714 0.981623 0.171847 -0.367812 0.00697196 -0.17301 0.984895 -0.276632 0 0 0 1 
5494384560172;0.743415;0.56941;0.9892 0.144042 -0.0271226 1.21087 -0.135885 0.970596 0.198693 -0.117468 0.0549453 -0.192862 0.979686 0.0288182 0 0 0 1 
5494384560173;0.766137;0.592746;0.998266 0.0270162 -0.0523021 0.878383 -0.0104548 0.955712 0.294119 0.143539 0.0579317 -0.293062 0.954337 -0.488176 0 0 0 1 
5494384560174;0.152675;0.487523;0.989083 -0.110719 -0.0972479 0.367681 0.124848 0.980176 0.153846 -0.519242 0.0782864 -0.164308 0.983298 -0.125056 0 0 0 1 
5494384560175;0.731473;0.729236;0.996146 0.00474236 -0.0875814 0.694351 -0.00233074 0.999616 0.0276174 -0.483206 0.0876788 -0.0273069 0.995774 -0.807734 0 0 0 1 
5494384560176;0.458408;0.546977;0.934604 -0.00302124 0.355676 0.324551 -0.0697511 0.978991 0.1916 0.0709016 -0.348782 -0.203879 0.914759 0.502767 0 0 0 1 
5494384560177;0.329052;0.65462;0.972596 -0.0681662 -0.222284 0.584565 0.0931502 0.990215 0.103913 -0.60633 0.213026 -0.121772 0.969429 -0.149985 0 0 0 1 
5494384560178;0.128329;0.558021;0.990532 0.00263462 -0.137254 0.61251 0.028805 0.97357 0.226566 -0.513377 0.134224 -0.228375 0.964276 -0.205235 0 0 0 1 
5494384560179;0.884119;0.53154;0.951677 -0.231004 0.202354 0.157799 0.18911 0.959993 0.206523 -1.23042 -0.241966 -0.158277 0.957288 -0.385025 0 0 0 1 
5494384560180;0.395688;0.483437;0.994619 -0.0806413 -0.0650428 0.291658 0.086099 0.992568 0.086001 -0.135009 0.0576242 -0.0911383 0.99417 -0.315805 0 0 0 1 
5494384560181;0.929561;0.640312;0.960573 -0.271601 -0.05944 -0.102147 0.277678 0.947921 0.156013 -1.33658 0.0139711 -0.166367 0.985965 -0.713366 0 0 0 1 
5494384560182;0.699324;1.1846;0.895809 0.397151 0.199491 0.169906 -0.442931 0.760827 0.474294 -0.52221 0.0365883 -0.513238 0.857466 -1.05625 0 0 0 1 
5494384560183;0.638253;0.633946;0.918496 -0.168738 0.35762 -0.0442137 0.0803523 0.965158 0.249023 -0.813114 -0.38718 -0.199991 0.900053 1.11926 0 0 0 1 
5494384560184;0.208766;0.692653;0.987532 0.153166 -0.0363533 0.697965 -0.148725 0.983453 0.103442 -0.300556 0.0515956 -0.0967458 0.993971 -0.0755857 0 0 0 1 
5494384560186;0.36111;0.139158;0.999463 -0.0266844 0.0190296 0.0415702 0.0263898 0.99953 0.0155685 0.0750347 -0.0194361 -0.0150579 0.999698 0.5604 0 0 0 1 
5494384560187;0.496451;0.119336;0.964318 0.232315 -0.126966 0.929823 -0.178528 0.924748 0.33611 0.107995 0.195495 -0.30145 0.933225 -0.73036 0 0 0 1 
5494384560188;0.447898;0.111731;0.937433 -0.337992 0.0835544 -0.229853 0.307742 0.916615 0.25517 -1.75684 -0.162832 -0.213491 0.963279 0.563008 0 0 0 1 
5494384560189;0.616026;0.10975;0.950763 -0.216327 -0.221928 0.643954 0.220631 0.975342 -0.0055171 -0.389588 0.217649 -0.0437187 0.975048 -0.439598 0 0 0 1 
5494384560190;0.219844;0.146273;0.982261 -0.169001 -0.0812543 0.0292822 0.174545 0.982383 0.0667642 -0.770898 0.0685397 -0.0797624 0.994455 -0.159823 0 0 0 1 
5494384560191;0.269957;0.142681;0.97563 0.211887 0.0570112 0.29604 -0.214907 0.975175 0.0533797 0.732535 -0.0442854 -0.064331 0.996945 0.287122 0 0 0 1 
5494384560192;0.563983;0.138495;0.994586 0.102063 -0.019547 -0.0741211 -0.083939 0.899921 0.427897 -0.094967 0.0612633 -0.42394 0.903616 0.266343 0 0 0 1 
5494384560193;0.714742;0.113327;0.977677 -0.200111 -0.0640499 0.53631 0.170324 0.933316 -0.316087 -0.600882 0.123032 0.298122 0.946566 -0.73539 0 0 0 1 
5494384560194;0.621903;0.147452;0.987323 -0.158655 -0.00464562 -0.136463 0.158695 0.987278 0.00992713 -0.776373 0.00301152 -0.0105385 0.99994 0.834692 0 0 0 1 
5494384560195;0.355585;0.117286;0.953186 -0.28952 0.0872607 -0.267229 0.284934 0.956581 0.0613587 -1.28096 -0.101236 -0.0336227 0.994294 0.722711 0 0 0 1 
5494384560196;0.150749;0.138484;0.997481 0.0676545 0.0213057 0.0335175 -0.0689412 0.995373 0.066938 0.0591124 -0.0166784 -0.0682382 0.99753 0.329718 0 0 0 1 
5494384560197;0.514288;0.173582;0.892882 -0.43366 -0.121244 0.699507 0.44681 0.886673 0.11905 -1.94799 0.0558764 -0.16047 0.985458 0.233867 0 0 0 1 
5494384560198;0.530599;0.12405;0.992805 -0.0057771 0.119604 -0.413547 0.0532867 0.9158 -0.398085 0.186857 -0.107234 0.401594 0.909518 0.579138 0 0 0 1 
5494384560199;0.148187;0.130108;0.995168 0.0980059 0.00590594 0.127457 -0.0980184 0.995183 0.00185514 0.338702 -0.00569567 -0.00242507 0.999981 0.153767 0 0 0 1 
5494384560200;0.674054;0.156936;0.997757 -0.059065 0.0314954 -0.628876 0.0566026 0.995647 0.0740494 -0.744844 -0.035732 -0.0721006 0.996757 -0.0753416 0 0 0 1 
5494384560201;0.851959;0.135955;0.956904 -0.189519 0.220042 -0.154957 0.117719 0.945797 0.302673 -1.03701 -0.265477 -0.263726 0.927346 0.335831 0 0 0 1 
5494384560202;0.0584502;0.150924;0.999629 -0.0197384 -0.0187834 0.0745536 0.0204892 0.998963 0.0406573 -0.175297 0.0179614 -0.0410271 0.998997 0.0480693 0 0 0 1 
5494384560203;0.443983;0.110031;0.99383 -0.0518709 0.098037 -0.195007 0.0885623 0.90325 -0.419877 0.541012 -0.0667726 0.425968 0.902271 0.482487 0 0 0 1 
5494384560204;0.212563;0.117123;0.999293 0.02236 0.0302156 -0.0110606 -0.0229514 0.999549 0.0193687 0.0168276 -0.0297689 -0.0200485 0.999356 -0.00226916 0 0 0 1 
5494384560205;0.664348;0.144984;0.871676 -0.28786 0.396632 -0.16379 0.221165 0.953275 0.205796 -1.07114 -0.43734 -0.0916663 0.894612 2.70537 0 0 0 1 
5494384560206;0.578856;0.142674;0.995292 -0.0880871 0.0404172 0.0037175 0.0867891 0.995686 0.0328202 -0.317604 -0.0431339 -0.029158 0.998644 0.972391 0 0 0 1 
5494384560207;0.371227;0.137639;0.977735 -0.0373557 0.206493 -0.498257 -0.0327644 0.944783 0.326055 -0.564883 -0.207271 -0.325561 0.922523 1.11107 0 0 0 1 
5494384560208;0.803964;0.143944;0.994797 0.0406689 0.0934078 -0.0275701 -0.0468214 0.996809 0.0646477 0.211222 -0.0904806 -0.0686848 0.993527 1.42519 0 0 0 1 
5494384560209;0.402561;0.119506;0.897794 -0.411256 -0.157591 0.469365 0.385911 0.907022 -0.168473 -1.33784 0.212224 0.090438 0.973027 -0.59315 0 0 0 1 
5494384560210;0.831689;0.148951;0.984268 0.14315 0.103557 -0.1858 -0.113406 0.961324 -0.250988 1.57971 -0.135481 0.235296 0.962435 0.318842 0 0 0 1 
5494384560211;0.793568;0.118384;0.995089 -0.0447313 -0.0883055 0.990169 0.0460729 0.998851 0.0132124 0.063384 0.087613 -0.017216 0.996006 -0.565361 0 0 0 1 
5494384560212;0.459124;0.151368;0.99985 -0.00903084 0.0147494 0.284848 0.00840801 0.999092 0.0417568 0.0212871 -0.0151131 -0.0416265 0.999019 0.638135 0 0 0 1 
5494384560213;0.436091;0.262413;0.999377 -0.0311886 -0.0165323 0.244459 0.0301008 0.997597 -0.0624021 0.0279952 0.0184388 0.0618656 0.997914 0.26193 0 0 0 1 
5494384560214;0.701608;0.182562;0.999598 -0.0129363 0.025241 0.000977337 0.0117062 0.998765 0.048287 0.535597 -0.0258345 -0.0479721 0.998515 -0.0751725 0 0 0 1 
5494384560215;0.568246;0.126753;0.959836 0.0544284 -0.27523 1.22685 0.0332071 0.952067 0.304083 -0.706924 0.278588 -0.30101 0.912021 -0.898192 0 0 0 1 
5494384560217;0.781012;0.150823;0.988923 0.148298 0.00628625 0.749304 -0.14806 0.98856 -0.0287662 0.683208 -0.0104803 0.0275168 0.999566 0.434021 0 0 0 1 
5494384560218;0.673342;0.171782;0.866133 -0.0731576 -0.49443 2.0395 0.137331 0.985989 0.0946839 -1.05609 0.480576 -0.14991 0.864045 -1.9118 0 0 0 1 
5494384560219;0.333437;0.175364;0.956454 -0.273699 -0.101412 0.409015 0.280199 0.958286 0.056362 -1.74973 0.0817557 -0.0823232 0.993247 -0.395784 0 0 0 1 
5494384560220;0.675306;0.149476;0.955629 -0.138833 -0.259804 0.787372 0.109322 0.986134 -0.12485 -0.269503 0.273535 0.0909085 0.957556 -0.760433 0 0 0 1 
5494384560221;0.374554;0.108493;0.90248 0.430203 0.021323 0.79657 -0.418921 0.888172 -0.188827 2.89916 -0.100172 0.16148 0.981779 0.833479 0 0 0 1 
5494384560222;1.07278;0.227476;0.954511 0.136322 -0.26519 0.463572 -0.189978 0.963525 -0.188491 2.30989 0.229821 0.230297 0.945593 -0.670559 0 0 0 1 
5494384560223;0.406435;0.183378;0.930814 0.365465 -0.00462098 0.534193 -0.364196 0.926368 -0.0959378 2.28743 -0.0307812 0.0909832 0.995377 0.502013 0 0 0 1 
5494384560224;0.20751;0.213718;0.988879 -0.0319703 0.145248 -0.254882 0.021831 0.997246 0.0708725 -0.26342 -0.147114 -0.0669134 0.986854 0.924727 0 0 0 1 
5494384560225;0.828158;0.157717;0.99066 0.0762498 -0.113041 0.31559 -0.0616637 0.98994 0.127343 0.256726 0.121614 -0.119183 0.985396 0.133391 0 0 0 1 
5494384560226;0.429538;0.131063;0.865704 0.108812 -0.488587 2.00092 -0.0353124 0.986931 0.157229 0.145036 0.499309 -0.11886 0.858232 -2.68863 0 0 0 1 
5494384560227;0.623994;0.152847;0.942975 -0.314944 0.107742 -0.234428 0.286647 0.932872 0.218136 -1.76195 -0.16921 -0.174813 0.969953 0.788954 0 0 0 1 
5494384560228;0.349478;0.147942;0.977543 -0.127845 -0.167526 0.472945 0.168443 0.951728 0.256596 -1.29382 0.126635 -0.279052 0.951889 -0.693246 0 0 0 1 
5494384560229;0.390705;0.171322;0.994897 0.084341 -0.0553764 0.139593 -0.085439 0.996185 -0.0177651 0.88637 0.0536668 0.0224057 0.998307 0.0441901 0 0 0 1 
5494384560230;0.944473;0.202137;0.987185 0.111748 0.11392 -0.73299 -0.108657 0.993531 -0.0330081 0.892519 -0.116872 0.0202069 0.992941 0.285638 0 0 0 1 
5494384560231;0.749473;0.224413;0.943692 -0.173397 0.281742 -0.713705 0.141279 0.981301 0.130725 -0.969361 -0.299141 -0.0835596 0.950543 1.4286 0 0 0 1 
5494384560232;0.1939;0.196138;0.998794 0.0122189 0.0475492 -0.055776 -0.0216652 0.978824 0.203556 -0.317467 -0.0440551 -0.20434 0.977908 0.247547 0 0 0 1 
5494384560233;0.634182;0.201076;0.921982 0.271622 0.275989 -0.0229753 -0.341066 0.907111 0.246626 1.46264 -0.183364 -0.321515 0.928981 0.724236 0 0 0 1 
5494384560234;0.39885;0.136937;0.924643 -0.310036 -0.221163 0.872114 0.332375 0.940453 0.0712353 -2.08529 0.185908 -0.139376 0.972632 -1.17961 0 0 0 1 
5494384560235;0.0516956;0.169713;0.994499 0.102453 -0.0217917 0.246235 -0.102322 0.994726 0.00705177 0.658523 0.0223993 -0.00478321 0.999738 -0.0737349 0 0 0 1 
5494384560236;0.391323;0.167735;0.996919 -0.071389 -0.0324987 0.144581 0.0727411 0.996444 0.0425214 -0.0965754 0.0293476 -0.0447544 0.998567 -0.14462 0 0 0 1 
5494384560237;1.02921;0.132482;0.996619 0.0712224 0.0409633 0.5448 -0.065434 0.989545 -0.128528 1.09193 -0.0496892 0.125413 0.990859 1.1176 0 0 0 1 
5494384560238;0.757061;0.174068;0.948238 0.30348 -0.093514 0.913321 -0.298406 0.952257 0.0644955 2.04736 0.108623 -0.0332519 0.993527 -1.0857 0 0 0 1 
5494384560239;0.288361;0.135154;0.917072 0.302716 0.259502 0.00596336 -0.300296 0.952538 -0.0499246 1.9295 -0.262298 -0.032143 0.964451 1.70505 0 0 0 1 
5494384560240;0.0978136;0.0959875;0.986358 0.0810235 -0.143293 0.44763 -0.0751405 0.996111 0.0460105 0.39424 0.146464 -0.0346157 0.98861 -0.821499 0 0 0 1 
5494384560241;0.673589;0.129304;0.931785 0.337316 -0.134142 0.741513 -0.357714 0.916093 -0.18115 3.05305 0.0617813 0.216778 0.974264 -0.025748 0 0 0 1 
5494384560242;1.04802;0.168254;0.979826 0.133385 0.148829 -0.379813 -0.111408 0.98279 -0.147349 1.64223 -0.165922 0.127796 0.977823 1.8921 0 0 0 1 
5494384560243;0.111566;0.165544;0.99845 0.0371888 -0.0414126 0.179723 -0.0369437 0.999295 0.00666693 0.357098 0.0416313 -0.00512666 0.99912 -0.255418 0 0 0 1 
5494384560244;1.00468;0.214747;0.996496 -0.0829287 -0.0108884 0.378911 0.0834111 0.994941 0.0559943 -0.398827 0.00618975 -0.0567063 0.998372 -0.806488 0 0 0 1 
5494384560245;0.648612;0.186707;0.998902 -0.0356542 0.0303807 -0.00472447 0.0353375 0.999316 0.0108991 0.167367 -0.0307486 -0.0098136 0.999479 0.732865 0 0 0 1 
5494384560246;0.310363;0.129325;0.998458 0.0281702 0.0478251 0.0295042 -0.0351675 0.987688 0.152429 -0.0116344 -0.0429423 -0.153876 0.987157 0.524421 0 0 0 1 
5494384560248;0.548689;0.160944;0.967236 -0.252271 0.0285261 0.230244 0.248459 0.963685 0.0978728 -2.98019 -0.0521807 -0.0875786 0.99479 1.28384 0 0 0 1 
5494384560249;0.350307;0.134393;0.962306 0.242262 0.1236 -0.158009 -0.224184 0.963876 -0.143821 2.77784 -0.153978 0.110691 0.981855 1.30161 0 0 0 1 
5494384560250;0.482059;0.156187;0.990428 0.0488761 0.129089 0.367852 -0.0408496 0.997106 -0.0641114 -0.166308 -0.131849 0.0582245 0.989558 1.34583 0 0 0 1 
5494384560251;0.346948;0.120111;0.94638 0.237937 0.218519 -0.315885 -0.259801 0.962583 0.0770492 2.16187 -0.19201 -0.129689 0.972786 2.43765 0 0 0 1 
5494384560252;0.590914;0.167068;0.925592 -0.209869 -0.315015 1.92464 0.161057 0.971486 -0.173997 -2.0488 0.342549 0.110315 0.933001 -3.37193 0 0 0 1 
5494384560253;0.449485;0.16837;0.930324 0.00779881 -0.366656 1.80028 -0.0491811 0.993396 -0.103659 0.985078 0.363426 0.114469 0.924564 -3.54804 0 0 0 1 
5494384560254;0.682288;0.201164;0.951771 -0.302338 0.0521955 1.2994 0.291113 0.943629 0.157535 -3.82716 -0.0968822 -0.134743 0.986133 1.91798 0 0 0 1 
5494384560255;0.468787;0.157791;0.998218 -0.00326608 0.0595813 -0.423733 0.0104311 0.992677 -0.120346 0.12145 -0.058752 0.120753 0.990942 -0.238259 0 0 0 1 
5494384560256;0.445109;0.112612;0.917413 0.3546 0.180589 -0.374071 -0.376996 0.919759 0.109168 3.26224 -0.127387 -0.168234 0.977481 1.05439 0 0 0 1 
5494384560257;0.358958;0.196353;0.974859 -0.0780396 0.208709 -0.443292 0.0459806 0.986958 0.154269 -1.15396 -0.218026 -0.140794 0.965734 2.72286 0 0 0 1 
5494384560258;0.299214;0.178833;0.951147 -0.285772 0.116846 0.53304 0.302672 0.937751 -0.170331 -2.58879 -0.0608963 0.197376 0.978435 0.267283 0 0 0 1 
5494384560259;0.232186;0.2066;0.991157 -0.132525 0.00676687 0.31859 0.131018 0.985424 0.108505 -2.00488 -0.0210478 -0.106659 0.994073 0.100116 0 0 0 1 
5494384560260;0.561418;0.11221;0.957342 0.270034 0.102848 -0.320439 -0.278259 0.957479 0.0761972 2.37957 -0.0778986 -0.101565 0.991774 1.71259 0 0 0 1 
5494384560261;0.428236;0.138852;0.868195 0.264424 0.419901 -0.250461 -0.238013 0.964406 -0.115195 2.4882 -0.435416 6.95102e-05 0.90023 4.58689 0 0 0 1 
5494384560262;0.264025;0.153698;0.995675 -0.0168505 0.0913638 0.185097 0.030105 0.988871 -0.145701 -0.0595354 -0.0878918 0.147821 0.985101 0.401246 0 0 0 1 
