#;prob_registration_l1 -r /home/probabilistic_point_clouds_registration/build/tester /home/point_clouds_registration_benchmark//devel/registration_pairs/urban05_local.txt /home/point_clouds_registration_benchmark//kaist/urban05 -s 0.2 -t 0.2 -p 0.3 -r 1000 -m 15 -i 40 
id;initial_error;final_error;transformation
34562489690000;0.13992;0.457746;1 -9.73771e-08 7.02264e-07 -0.747201 9.7377e-08 1 3.0567e-08 2.85471 -7.02264e-07 -3.05669e-08 1 -0.152502 0 0 0 1 
34562489690001;0.182436;0.649245;1 -1.90856e-07 3.82865e-07 -1.57234 1.90856e-07 1 5.64405e-08 3.71378 -3.82865e-07 -5.64404e-08 1 -0.347521 0 0 0 1 
34562489690002;0.400034;0.553324;0.999927 4.75676e-06 -0.0120765 13.6146 7.96165e-06 0.999999 0.0010531 -2.59616 0.0120765 -0.00105312 0.999927 -9.24342 0 0 0 1 
34562489690003;0.381518;0.47089;0.999553 3.77593e-05 -0.0298947 13.4434 4.02358e-05 0.999997 0.00260838 -2.00795 0.0298947 -0.00260842 0.99955 -11.4402 0 0 0 1 
34562489690004;0.467995;0.889389;1 -1.42983e-07 5.65361e-07 -1.09476 1.42983e-07 1 5.11443e-08 3.75904 -5.65361e-07 -5.11442e-08 1 -0.309672 0 0 0 1 
34562489690005;0.423309;0.808208;1 -1.64872e-07 7.88143e-07 -1.33134 1.64872e-07 1 7.42032e-08 3.23607 -7.88143e-07 -7.42031e-08 1 -0.516705 0 0 0 1 
34562489690006;0.190415;0.58281;0.998 -0.000287911 0.0632061 3710.18 0.000662891 0.999982 -0.00591176 -327.1 -0.0632033 0.00594184 0.997983 -3411.63 0 0 0 1 
34562489690007;0.167146;0.308542;0.999748 2.39885e-05 0.0224573 -19.2627 1.97673e-05 0.999998 -0.00194818 3.11858 -0.0224573 0.00194813 0.999746 99.8664 0 0 0 1 
34562489690008;0.102809;0.104473;1 -8.81012e-08 1.28085e-06 0.241909 8.81013e-08 1 -4.81247e-08 -0.478656 -1.28085e-06 4.81248e-08 1 0.385668 0 0 0 1 
34562489690009;0.0509686;0.162576;1 -1.77667e-06 -2.1526e-05 13.8619 1.77668e-06 1 8.65745e-07 -2.65198 2.1526e-05 -8.65784e-07 1 -8.16865 0 0 0 1 
34562489690010;0.0869115;0.367414;1 1.28925e-06 -7.50411e-05 -12.0176 -1.28878e-06 1 6.30922e-06 3.50115 7.50412e-05 -6.30912e-06 1 -2.29953 0 0 0 1 
34562489690011;0.0782188;0.309674;0.99939 0.00011503 -0.0349174 -493.964 -8.36269e-06 0.999995 0.00305499 44.3507 0.0349176 -0.00305283 0.999386 35.2908 0 0 0 1 
34562489690012;0.0495854;0.0965091;0.999996 1.0079e-06 0.002865 -5.92955 -2.90501e-07 1 -0.0002504 -0.00584752 -0.002865 0.000250398 0.999996 -2.53632 0 0 0 1 
34562489690013;0.0622498;0.186354;1 2.3432e-06 2.01039e-05 -19.0609 -2.34318e-06 1 -1.10495e-06 3.21449 -2.01039e-05 1.1049e-06 1 5.29799 0 0 0 1 
34562489690014;0.30978;0.91537;1 -2.98504e-07 2.78949e-07 -1.79844 2.98504e-07 1 7.31954e-08 5.37226 -2.78949e-07 -7.31953e-08 1 -0.355996 0 0 0 1 
34562489690015;0.264634;0.656349;1 -1.52992e-07 2.79332e-07 -1.32109 1.52992e-07 1 8.46614e-09 -4.13396 -2.79332e-07 -8.4661e-09 1 -0.0434865 0 0 0 1 
34562489690016;0.0384264;0.182141;1 5.0943e-06 5.90023e-05 -41.4122 -5.09426e-06 1 -8.0299e-07 4.9122 -5.90023e-05 8.02689e-07 1 34.7628 0 0 0 1 
34562489690017;0.317284;0.568007;1 -2.20461e-07 3.75283e-07 -1.97209 2.20461e-07 1 2.88704e-08 -3.29231 -3.75283e-07 -2.88703e-08 1 -0.16121 0 0 0 1 
34562489690018;0.287954;0.538816;1 -3.70105e-08 1.58662e-07 -0.197124 3.70105e-08 1 2.53539e-08 3.23879 -1.58662e-07 -2.53539e-08 1 -0.115531 0 0 0 1 
34562489690019;0.362659;0.559032;0.99358 4.74963e-06 0.113136 4453.53 0.00117983 0.999945 -0.0104035 -389.67 -0.11313 0.0104702 0.993525 -4775.51 0 0 0 1 
34562489690020;0.112961;0.107813;0.999955 -1.66469e-05 -0.00949949 166.159 2.49177e-05 1 0.000870546 -15.6023 0.00949947 -0.000870744 0.999954 332.072 0 0 0 1 
34562489690021;0.197833;0.943375;1 -1.47235e-07 -5.68966e-07 -1.42332 1.47235e-07 1 -1.61245e-08 -7.76376 5.68966e-07 1.61244e-08 1 -0.0531483 0 0 0 1 
34562489690022;0.278308;0.944026;1 -1.14363e-07 4.31534e-07 -1.2581 1.14363e-07 1 -3.76923e-08 -6.52123 -4.31534e-07 3.76924e-08 1 0.104889 0 0 0 1 
34562489690023;0.193536;0.377898;0.994593 0.000464842 -0.103847 70.4777 0.000479011 0.999959 0.00906374 -6.47773 0.103847 -0.00906447 0.994552 -13.1887 0 0 0 1 
34562489690024;0.347959;0.310718;0.999551 3.46763e-05 0.0299522 30.3638 4.35876e-05 0.999997 -0.0026123 -4.40286 -0.0299522 0.00261244 0.999548 18.2034 0 0 0 1 
34562489690025;0.302077;0.663874;0.998733 0.000121703 -0.050332 -84.6486 0.000100033 0.99999 0.00440292 9.50638 0.050332 -0.00440237 0.998723 65.4369 0 0 0 1 
34562489690026;0.218188;0.471911;1 -1.39495e-07 6.55072e-07 -1.13888 1.39495e-07 1 3.1474e-08 2.81565 -6.55072e-07 -3.14739e-08 1 -0.179058 0 0 0 1 
34562489690027;0.18191;0.282632;0.99934 -0.00017149 -0.0363295 1847.72 0.000289266 0.999995 0.00323666 -159.968 0.0363287 -0.00324503 0.999335 590.442 0 0 0 1 
34562489690028;0.340963;1.20391;1 -3.98525e-07 3.01039e-07 -3.67429 3.98525e-07 1 8.55255e-09 -7.42352 -3.01039e-07 -8.55243e-09 1 -0.0815529 0 0 0 1 
34562489690029;0.238574;0.381337;0.998643 0.000126825 0.052069 -77.0634 0.000109919 0.99999 -0.00454386 3.53681 -0.052069 0.00454342 0.998633 19.2676 0 0 0 1 
34562489690031;0.530935;1.05411;0.99994 1.66965e-05 -0.010915 -88.8962 -6.35514e-06 1 0.000947476 8.86867 0.010915 -0.00094735 0.99994 -43.7608 0 0 0 1 
34562489690032;0.306555;0.47359;0.990627 0.000817567 0.136591 -13.1884 0.000817842 0.999929 -0.0119165 0.637544 -0.136591 0.0119165 0.990556 62.5202 0 0 0 1 
34562489690033;0.46032;0.664817;0.999652 2.94073e-05 -0.0263736 11.7803 3.12977e-05 0.999997 0.00230132 -0.162238 0.0263736 -0.00230135 0.99965 -8.58016 0 0 0 1 
34562489690034;0.385219;1.30874;0.999621 4.35851e-05 -0.0275187 -77.7426 2.23756e-05 0.999997 0.00239663 8.99232 0.0275187 -0.00239633 0.999618 -48.942 0 0 0 1 
34562489690035;0.341621;0.458489;0.983501 0.00144483 0.180899 -60.6535 0.00143561 0.999874 -0.015791 4.46477 -0.180899 0.0157902 0.983375 19.6205 0 0 0 1 
34562489690036;0.158469;0.198651;0.997925 0.000183139 -0.0643921 -6.39117 0.000179122 0.999984 0.00562005 0.307133 0.0643921 -0.00561992 0.997909 -11.007 0 0 0 1 
34562489690037;0.364175;0.365956;0.999472 4.5845e-05 -0.0325043 7.64925 4.64282e-05 0.999996 0.00283804 -1.31024 0.0325043 -0.00283805 0.999468 2.6918 0 0 0 1 
34562489690038;0.437441;1.568;0.992996 0.000630811 0.118144 -169.031 0.000592393 0.999947 -0.0103181 18.0654 -0.118144 0.0103158 0.992943 -14.4872 0 0 0 1 
34562489690039;0.392147;0.474331;0.99938 5.28659e-05 0.035218 5.95217 5.55295e-05 0.999995 -0.00307686 -1.34344 -0.035218 0.0030769 0.999375 -19.0563 0 0 0 1 
34562489690040;0.283513;1.88866;0.995953 0.000354995 -0.0898746 3.02866 0.000350219 0.999969 0.00783075 -4.05512 0.0898746 -0.00783054 0.995922 -124.244 0 0 0 1 
34562489690041;0.287266;0.739583;0.994526 0.000491655 -0.104488 -94.7059 0.000463926 0.999958 0.00912085 9.61397 0.104488 -0.00911939 0.994484 -18.5734 0 0 0 1 
34562489690042;0.329992;1.2854;0.994605 0.000485463 0.103733 -128.553 0.000456355 0.999959 -0.00905528 13.8018 -0.103734 0.00905377 0.994564 17.5679 0 0 0 1 
34562489690043;0.516204;0.900709;0.998738 0.000121674 -0.050227 -83.9058 9.84318e-05 0.99999 0.00437973 7.67513 0.050227 -0.00437914 0.998728 -44.947 0 0 0 1 
34562489690044;0.236329;0.180205;1 4.33414e-09 -2.53496e-07 0.00420474 -4.33413e-09 1 4.10762e-08 -0.105206 2.53496e-07 -4.10762e-08 1 -0.175711 0 0 0 1 
34562489690045;0.316589;0.551685;0.999903 9.9722e-06 -0.0139203 -9.54663 6.94486e-06 0.999999 0.00121523 -0.158485 0.0139203 -0.00121521 0.999902 -0.467828 0 0 0 1 
34562489690046;0.376135;0.527012;0.998074 0.000176238 -0.0620323 -54.9368 0.000159937 0.999985 0.00541435 4.41795 0.0620323 -0.00541384 0.998059 -12.7992 0 0 0 1 
34562489690047;0.485231;0.421042;0.999242 6.91959e-05 -0.038933 -18.1573 6.31703e-05 0.999994 0.00339861 1.87509 0.038933 -0.00339849 0.999236 -3.28842 0 0 0 1 
34562489690048;0.199981;0.248885;0.999965 3.67508e-06 -0.00834147 -3.25763 2.38218e-06 1 0.000726151 0.593261 0.00834147 -0.000726145 0.999965 -16.4927 0 0 0 1 
34562489690049;0.208318;0.221593;1 -1.0943e-08 -1.90467e-05 0.0719311 1.09737e-08 1 1.61021e-06 0.0990471 1.90467e-05 -1.61021e-06 1 -0.320316 0 0 0 1 
34562489690050;0.378047;0.740921;0.975078 0.0021928 -0.221852 -104.931 0.0021578 0.99981 0.0193661 9.49461 0.221853 -0.0193621 0.974888 -40.4881 0 0 0 1 
34562489690051;0.381473;1.14339;0.999965 1.02273e-05 0.00832503 -56.3861 -4.20519e-06 1 -0.000723387 6.09402 -0.00832504 0.000723327 0.999965 27.4371 0 0 0 1 
34562489690052;0.123011;0.671761;0.999563 4.58518e-05 -0.0295718 -55.5238 3.04259e-05 0.999997 0.00257895 5.14804 0.0295718 -0.00257872 0.999559 -23.1365 0 0 0 1 
34562489690053;0.447449;0.924166;0.999847 2.08123e-05 0.0174741 -60.9183 5.79961e-06 0.999999 -0.00152288 6.56435 -0.0174741 0.00152275 0.999846 21.8549 0 0 0 1 
34562489690054;0.341689;0.72726;0.99425 0.000706546 -0.10708 -1629.25 0.000357391 0.999951 0.00991643 143.397 0.107081 -0.00989768 0.994201 4422.23 0 0 0 1 
34562489690055;0.435439;0.970563;0.999524 5.16781e-05 -0.0308532 -74.9294 3.12791e-05 0.999996 0.00268828 6.6533 0.0308533 -0.00268796 0.99952 -43.7463 0 0 0 1 
34562489690056;0.453077;0.199217;0.93294 0.00584664 -0.359985 112.55 0.00584024 0.999491 0.0313687 -8.60257 0.359985 -0.0313675 0.932431 -464.711 0 0 0 1 
34562489690057;0.243925;2.05564;0.999643 -4.20976e-06 0.0267034 281.835 6.73591e-05 0.999997 -0.00236394 -30.9008 -0.0267033 0.0023649 0.999641 -271.135 0 0 0 1 
34562489690058;0.299623;0.637464;0.988878 0.000979147 0.148725 -85.5046 0.000961985 0.999915 -0.0129794 7.87776 -0.148725 0.0129781 0.988793 44.9532 0 0 0 1 
34562489690059;0.121954;0.130496;1 -1.4152e-07 -0.000164183 1.5413 1.43836e-07 1 1.41018e-05 -0.165502 0.000164183 -1.41018e-05 1 -2.3987 0 0 0 1 
34562489690060;0.336224;0.952036;0.999153 8.32748e-05 0.0411466 -78.3662 6.45132e-05 0.999994 -0.0035904 8.01184 -0.0411466 0.00359001 0.999147 16.8921 0 0 0 1 
34562489690062;0.450678;0.43222;0.992279 0.000675447 0.12402 -27.4068 0.000672449 0.999941 -0.0108262 1.08963 -0.12402 0.010826 0.992221 27.4031 0 0 0 1 
34562489690063;0.504888;0.934752;0.987877 0.00105449 0.155234 11.2117 0.0010617 0.999908 -0.0135487 -2.92031 -0.155234 0.0135493 0.987785 46.8054 0 0 0 1 
34562489690064;0.452148;0.414628;0.999884 7.93911e-06 0.0152403 15.1096 1.23469e-05 0.999999 -0.00133099 -1.99706 -0.0152403 0.00133102 0.999883 -1.90605 0 0 0 1 
34562489690065;0.324911;0.524557;1 -2.46811e-09 -2.04209e-07 -0.0412413 2.46811e-09 1 1.30702e-08 -0.80088 2.04209e-07 -1.30702e-08 1 0.110448 0 0 0 1 
34562489690066;0.34336;0.389173;0.998889 9.60119e-05 0.0471205 1.45612 9.77914e-05 0.999992 -0.00411061 -0.67844 -0.0471205 0.00411065 0.998881 30.7332 0 0 0 1 
34562489690067;0.18061;0.562175;0.999969 -3.111e-07 0.00785749 22.905 5.69186e-06 1 -0.000684771 -3.3215 -0.00785748 0.000684795 0.999969 10.7853 0 0 0 1 
34562489690068;0.143206;3.04111;0.999798 3.5255e-05 0.0201172 -142.79 3.85279e-08 0.999998 -0.0017544 4.10208 -0.0201172 0.00175404 0.999796 20.7503 0 0 0 1 
34562489690069;0.265071;2.66864;0.999927 1.69917e-05 0.0120936 -87.1602 -4.34795e-06 0.999999 -0.00104552 -0.102651 -0.0120936 0.00104539 0.999926 84.6574 0 0 0 1 
34562489690070;0.337998;0.455788;0.914283 0.00749288 -0.405007 -8.94114 0.0074757 0.999347 0.0353645 -0.353073 0.405007 -0.0353609 0.913629 -19.9896 0 0 0 1 
34562489690071;0.291767;0.181467;1 2.99537e-07 -0.000783924 -1.80027 -2.45864e-07 1 6.84664e-05 -0.440199 0.000783924 -6.84662e-05 1 0.800519 0 0 0 1 
34562489690072;0.432542;0.493097;0.976332 0.00207185 0.216265 -71.6775 0.00206126 0.99982 -0.018884 5.44373 -0.216265 0.0188829 0.976152 13.159 0 0 0 1 
34562489690073;0.333627;0.633515;0.997813 0.000194141 -0.0661028 -15.9018 0.000187634 0.999983 0.00576921 0.0405951 0.0661029 -0.005769 0.997796 -24.6481 0 0 0 1 
34562489690074;0.333091;1.19985;0.957388 0.00391449 0.288779 -1596.22 0.00363262 0.999666 -0.025594 137.519 -0.288783 0.0255524 0.957053 -2698.38 0 0 0 1 
34562489690075;0.300984;0.379561;0.983359 0.0014363 -0.181665 160.205 0.00146521 0.999874 0.0158365 -14.9975 0.181665 -0.0158392 0.983233 -188.429 0 0 0 1 
34562489690076;0.255405;0.557336;0.999368 5.26506e-05 0.0355596 15.437 5.77751e-05 0.999995 -0.00310433 -2.56631 -0.0355596 0.00310443 0.999363 5.40967 0 0 0 1 
34562489690077;0.37018;0.252591;0.908762 0.00798147 -0.417239 -59.4539 0.0079512 0.999304 0.036434 4.4335 0.417239 -0.0364274 0.908066 -31.8064 0 0 0 1 
34562489690078;0.123389;0.390205;0.997986 0.000177221 -0.0634368 -1.7758 0.000174433 0.999985 0.00553778 -0.604919 0.0634368 -0.00553769 0.99797 -12.2479 0 0 0 1 
34562489690079;0.437756;0.958233;0.997889 0.000198717 -0.0649467 -104.799 0.000169935 0.999984 0.00567066 7.74193 0.0649467 -0.00566973 0.997873 -10.7855 0 0 0 1 
34562489690080;0.248888;0.365537;0.99955 4.11868e-05 -0.0299972 -10.8306 3.73983e-05 0.999997 0.00261918 0.39052 0.0299972 -0.00261913 0.999547 -1.49007 0 0 0 1 
34562489690081;0.238106;0.589686;0.999912 3.64326e-06 0.0132885 30.2296 1.17257e-05 0.999999 -0.00115648 -4.30883 -0.0132885 0.00115654 0.999911 30.3048 0 0 0 1 
34562489690082;0.176775;1.05085;0.979867 0.00183706 0.199645 -663.534 0.00171419 0.999843 -0.0176135 55.3648 -0.199646 0.0176011 0.97971 -1350.09 0 0 0 1 
34562489690083;0.334152;3.03385;0.999992 2.31904e-05 0.00394729 -182.001 -2.18575e-05 1 -0.000337707 6.88434 -0.00394729 0.000337618 0.999992 57.4895 0 0 0 1 
34562489690084;0.376441;0.373321;0.999553 4.1357e-05 -0.0299059 -13.9992 3.67288e-05 0.999997 0.00261049 1.32724 0.0299059 -0.00261042 0.999549 -7.42982 0 0 0 1 
34562489690085;0.162081;0.294291;1 -3.0667e-09 -8.26423e-08 -0.0466003 3.0667e-09 1 2.24941e-08 -0.368365 8.26423e-08 -2.24941e-08 1 -0.157633 0 0 0 1 
34562489690086;0.435379;0.430624;0.999785 1.82277e-05 0.0207305 1.21796 1.93149e-05 0.999998 -0.00181078 -0.616689 -0.0207305 0.0018108 0.999783 -4.15788 0 0 0 1 
34562489690087;0.326485;0.294794;1 2.54698e-09 1.73034e-08 -0.023886 -2.54698e-09 1 -1.47705e-08 -0.406946 -1.73034e-08 1.47705e-08 1 0.091296 0 0 0 1 
34562489690088;0.343468;0.37788;0.999891 8.84359e-06 -0.0147761 7.78592 1.02006e-05 0.999999 0.00128878 -1.10058 0.0147761 -0.00128879 0.99989 -11.4513 0 0 0 1 
34562489690089;0.181879;0.264417;1 6.06652e-09 -9.37894e-08 0.0113363 -6.06652e-09 1 4.9775e-09 -0.377804 9.37894e-08 -4.9775e-09 1 -0.0135567 0 0 0 1 
34562489690090;0.274172;0.690593;0.976315 0.00206754 -0.216346 34.9805 0.0020682 0.999819 0.0188882 -4.49109 0.216346 -0.0188882 0.976134 -19.9064 0 0 0 1 
34562489690091;0.516972;1.40209;0.999999 7.40925e-06 -0.00105352 -55.8159 -7.31396e-06 1 9.04522e-05 3.23199 0.00105352 -9.04444e-05 0.999999 -13.4173 0 0 0 1 
34562489690093;0.4248;0.653329;1 4.21993e-08 0.000589653 -0.723162 -1.25613e-08 1 -5.02635e-05 3.68681 -0.000589653 5.02635e-05 1 11.1052 0 0 0 1 
34562489690094;0.0934313;0.120441;0.99861 0.000146446 0.0527119 -209.447 9.60204e-05 0.999989 -0.00459728 19.2419 -0.052712 0.00459595 0.998599 50.0507 0 0 0 1 
34562489690095;0.144672;0.300383;0.999868 1.38561e-05 0.0162305 -21.1263 9.14444e-06 0.999999 -0.00141705 4.22324 -0.0162305 0.00141701 0.999867 0.986528 0 0 0 1 
34562489690096;0.228702;0.512272;0.996509 0.000106256 -0.0834834 1606.41 0.00051297 0.999973 0.00739587 -138.387 0.0834819 -0.00741287 0.996482 998.171 0 0 0 1 
34562489690097;0.121961;0.201456;0.999078 3.19145e-05 0.0429378 383.073 0.000130053 0.999993 -0.00376934 -34.3537 -0.0429376 0.00377145 0.999071 -181.797 0 0 0 1 
34562489690098;0.286027;0.408895;0.999417 -0.000362916 0.0341423 3323.42 0.000468442 0.999995 -0.00308281 -287.605 -0.0341411 0.00309701 0.999412 -934.299 0 0 0 1 
34562489690099;0.0245713;0.0647962;0.999833 -0.000311163 0.0182904 2618.03 0.000340912 0.999999 -0.00162341 -228.431 -0.0182899 0.00162938 0.999831 -261.669 0 0 0 1 
34562489690100;0.214406;0.48809;0.996005 0.00184584 -0.0892732 -12033.6 -0.00120732 0.999973 0.00720593 1066.05 0.0892841 -0.00706937 0.995981 -5841.39 0 0 0 1 
34562489690101;0.290539;0.366648;1 -7.03148e-08 4.45294e-07 -0.436902 7.03148e-08 1 -3.25026e-09 0.510396 -4.45294e-07 3.2503e-09 1 0.0258124 0 0 0 1 
34562489690102;0.160438;0.249707;0.992712 0.000905113 -0.120506 -2145.72 0.000302139 0.99995 0.00999958 187.058 0.120509 -0.00996311 0.992662 -4492.34 0 0 0 1 
34562489690103;0.385248;0.694346;0.997981 0.000173603 0.0635084 10.8159 0.000178897 0.999985 -0.00554472 -5.02193 -0.0635084 0.00554489 0.997966 1.0865 0 0 0 1 
34562489690104;0.150227;0.272128;0.999729 2.37541e-05 0.0232812 -5.03278 2.35674e-05 0.999998 -0.00203232 -1.20083 -0.0232812 0.00203232 0.999727 2.70073 0 0 0 1 
34562489690105;0.212702;0.426177;0.998302 0.000142803 0.0582454 33.5915 0.000153803 0.999987 -0.00508784 -6.19279 -0.0582453 0.00508816 0.998289 -23.0842 0 0 0 1 
34562489690106;0.369761;0.542418;0.995911 -0.000200284 0.0903367 4468.66 0.000901787 0.99997 -0.00772467 -386.835 -0.0903324 0.00777455 0.995881 903.702 0 0 0 1 
34562489690107;0.232667;0.265083;0.999945 3.38049e-06 0.0104977 8.87919 6.22485e-06 1 -0.000914962 1.27377 -0.0104977 0.000914977 0.999944 11.9958 0 0 0 1 
34562489690108;0.240619;0.346041;1 -1.08576e-06 -0.000534302 7.82087 1.11057e-06 1 4.64398e-05 0.379689 0.000534302 -4.64404e-05 1 -1.93364 0 0 0 1 
34562489690109;0.185949;0.236035;1 -3.97334e-08 -3.91439e-07 -0.159179 3.97334e-08 1 1.73285e-08 0.560979 3.91439e-07 -1.73285e-08 1 -0.0871468 0 0 0 1 
34562489690110;0.265953;0.33331;0.997719 -0.000317747 -0.0675072 4167.62 0.000712496 0.999983 0.00582351 -363.097 0.0675042 -0.00585833 0.997702 -284.646 0 0 0 1 
34562489690111;0.165425;0.368866;0.998957 0.000101356 0.0456636 -88.7452 8.05607e-05 0.999992 -0.00398198 10.5688 -0.0456637 0.0039815 0.998949 42.8126 0 0 0 1 
34562489690112;0.350609;0.365715;0.994835 0.000454094 0.1015 -40.2907 0.000447322 0.999961 -0.00885798 6.0604 -0.1015 0.00885763 0.994796 34.43 0 0 0 1 
34562489690113;0.399049;0.480648;1 -6.03736e-08 2.91886e-07 -0.394704 6.03736e-08 1 8.78381e-09 0.748581 -2.91886e-07 -8.78379e-09 1 -0.0580017 0 0 0 1 
34562489690114;0.0997142;0.348536;0.99997 8.83238e-06 0.00773032 -50.2962 -3.64156e-06 1 -0.000671501 7.23672 -0.00773033 0.000671453 0.99997 27.6428 0 0 0 1 
34562489690115;0.280795;0.336566;1 -4.80858e-08 -1.35078e-07 -0.366371 4.80858e-08 1 7.75742e-09 -0.579043 1.35078e-07 -7.75742e-09 1 -0.1057 0 0 0 1 
34562489690116;0.37279;0.535792;1 -1.77139e-06 -5.71579e-05 12.1602 1.77163e-06 1 4.12784e-06 -0.191694 5.71578e-05 -4.12794e-06 1 -7.98852 0 0 0 1 
34562489690117;0.26675;0.642257;1 -7.47419e-08 -6.70008e-07 -0.248313 7.47419e-08 1 4.32523e-08 4.56451 6.70008e-07 -4.32524e-08 1 0.0383233 0 0 0 1 
34562489690118;0.0989808;0.218278;0.997955 -0.00294977 -0.0638533 25177.7 0.00323561 0.999985 0.00437354 -2156.16 0.0638394 -0.0045712 0.99795 -8066.11 0 0 0 1 
34562489690119;0.386067;0.368411;0.922669 0.00731924 -0.385523 -4509.36 0.00560615 0.99946 0.0323921 402.746 0.385552 -0.0320485 0.922129 -12972.8 0 0 0 1 
34562489690120;0.309421;0.623489;0.999587 3.95337e-05 0.0287395 -30.8273 3.25617e-05 0.999997 -0.00250812 6.68473 -0.0287395 0.00250802 0.999584 9.80584 0 0 0 1 
34562489690121;0.382301;0.475729;1 -6.64242e-08 3.59887e-07 -0.406255 6.64242e-08 1 1.17111e-08 0.824224 -3.59887e-07 -1.17111e-08 1 0.0189351 0 0 0 1 
34562489690122;0.179762;0.47354;0.991304 0.000603529 0.131587 1231.97 0.00101035 0.999925 -0.0121976 -108.915 -0.131585 0.0122245 0.99123 -5918.66 0 0 0 1 
34562489690124;0.346704;0.587011;0.974971 0.000777696 -0.222331 11354.1 0.00347029 0.999819 0.0187153 -982.878 0.222305 -0.0190184 0.974792 -3142.06 0 0 0 1 
34562489690125;0.12865;0.359208;0.99966 0.000389004 -0.0260822 -2886.55 -0.000326116 0.999997 0.00241536 254.56 0.0260831 -0.00240603 0.999657 1035.89 0 0 0 1 
34562489690126;0.441684;1.26855;0.998874 0.000108622 0.0474519 -86.3216 8.79607e-05 0.999991 -0.00414068 14.9907 -0.0474519 0.00414019 0.998865 23.998 0 0 0 1 
34562489690127;0.210546;0.412534;0.999541 4.75992e-05 0.0302785 -64.5132 3.23572e-05 0.999997 -0.0026402 7.53497 -0.0302785 0.00263997 0.999538 28.5511 0 0 0 1 
34562489690128;0.0334274;0.262197;0.999804 -1.78859e-06 -0.0198133 154.676 3.58974e-05 0.999999 0.00172115 -15.7331 0.0198133 -0.00172153 0.999802 -67.2215 0 0 0 1 
34562489690129;0.0803559;0.157577;1 -7.17444e-07 2.02451e-05 5.52178 7.17469e-07 1 -1.22556e-06 0.374414 -2.02451e-05 1.22558e-06 1 3.79418 0 0 0 1 
34562489690130;0.355847;0.419755;0.995195 0.000406785 -0.0979102 115.423 0.000432088 0.999963 0.00854643 -9.47022 0.0979101 -0.00854767 0.995159 -6.72515 0 0 0 1 
34562489690131;0.103607;1.12224;0.999998 1.8034e-05 -0.00185783 -142.794 -1.77481e-05 1 0.000153889 21.6866 0.00185783 -0.000153856 0.999998 -67.6995 0 0 0 1 
34562489690132;0.232394;0.372577;0.996786 0.000266091 -0.0801098 127.275 0.000295015 0.999976 0.0069923 -8.85461 0.0801097 -0.00699346 0.996762 -7.77794 0 0 0 1 
34562489690133;0.372111;0.431414;0.99722 0.000235806 -0.0745178 65.4312 0.000249592 0.999979 0.00650447 -5.01679 0.0745178 -0.00650498 0.997198 -9.36017 0 0 0 1 
34562489690134;0.23228;0.300123;0.999483 3.80047e-05 -0.0321642 61.0775 5.22713e-05 0.999996 0.00280588 -4.11185 0.0321642 -0.00280611 0.999479 -17.49 0 0 0 1 
34562489690135;0.171644;0.441677;0.999686 9.529e-05 -0.0250494 -542.445 -3.88984e-05 0.999997 0.00225169 50.1245 0.0250496 -0.00225001 0.999684 507.069 0 0 0 1 
34562489690136;0.200279;0.236442;1 -3.04204e-07 -1.60345e-05 1.34937 3.04225e-07 1 1.27475e-06 -0.370482 1.60345e-05 -1.27476e-06 1 -1.38087 0 0 0 1 
34562489690137;0.062551;0.119599;0.998681 0.000551054 -0.051348 -3499.47 -0.000336796 0.999991 0.00418121 305.902 0.0513498 -0.0041584 0.998672 -2613.7 0 0 0 1 
34562489690138;0.126833;1.35382;0.999988 1.72153e-05 0.0049425 -127.593 -1.51053e-05 1 -0.000426948 21.7101 -0.00494251 0.000426868 0.999988 37.4631 0 0 0 1 
34562489690139;0.334771;0.570793;1 -4.50893e-09 1.23441e-07 0.0243195 4.50893e-09 1 1.42211e-08 2.61385 -1.23441e-07 -1.42211e-08 1 -0.00534682 0 0 0 1 
34562489690140;0.169798;0.34625;0.999976 -1.54536e-06 -0.00695677 29.5537 5.76696e-06 1 0.000606813 -0.645959 0.00695677 -0.000606839 0.999976 -4.98649 0 0 0 1 
34562489690141;0.269667;0.517388;1 1.05754e-08 -7.97539e-07 0.135615 -1.05754e-08 1 4.29032e-08 2.65367 7.97539e-07 -4.29032e-08 1 -0.252 0 0 0 1 
34562489690142;0.0756236;0.303647;0.999812 3.89517e-06 -0.0193965 102.054 2.88687e-05 0.999999 0.00168889 -10.3296 0.0193965 -0.00168913 0.99981 -35.3115 0 0 0 1 
34562489690143;0.273373;0.510599;0.99244 0.00375946 0.12267 -24953.8 -0.00253884 0.999946 -0.0101052 2224.85 -0.122701 0.0097174 0.992396 8010.96 0 0 0 1 
34562489690144;0.115892;0.42458;0.999771 3.13358e-05 0.02142 -92.7259 8.49435e-06 0.999998 -0.00185939 10.6439 -0.02142 0.00185915 0.999769 88.0874 0 0 0 1 
34562489690145;0.160443;0.257039;0.999716 2.93076e-05 0.023832 -39.3068 2.03924e-05 0.999998 -0.00208519 1.90451 -0.023832 0.00208508 0.999714 -35.5353 0 0 0 1 
34562489690146;0.0878609;0.257454;1 1.3324e-08 9.02222e-08 0.202292 -1.3324e-08 1 -2.11114e-09 1.64172 -9.02222e-08 2.11114e-09 1 0.103458 0 0 0 1 
34562489690147;0.0902058;0.225505;0.999608 -0.000163968 -0.0279805 1597.21 0.000234262 0.999997 0.00250898 -138.347 0.02798 -0.00251456 0.999605 576.304 0 0 0 1 
34562489690148;0.253989;0.933536;0.999996 0.000284999 0.00269067 -2289.79 -0.000284793 1 -7.6993e-05 206.205 -0.00269069 7.62265e-05 0.999996 1277.42 0 0 0 1 
34562489690149;0.415878;0.422482;1 -3.25745e-08 1.14698e-09 -0.23992 3.25745e-08 1 4.20676e-08 0.0426886 -1.14698e-09 -4.20676e-08 1 -0.381324 0 0 0 1 
34562489690150;0.323952;0.426979;0.999193 6.54292e-05 -0.0401717 44.7992 7.5489e-05 0.999994 0.00350637 -3.38844 0.0401717 -0.00350658 0.999187 -6.79451 0 0 0 1 
34562489690151;0.0908205;1.25538;1 1.1918e-07 1.95688e-07 1.04218 -1.1918e-07 1 -2.91457e-09 9.65758 -1.95688e-07 2.91455e-09 1 0.0500846 0 0 0 1 
34562489690152;0.416208;0.499677;0.961721 0.00309348 -0.274012 2038.83 0.00345297 0.99972 0.0234056 -173.884 0.274007 -0.0234559 0.961442 -3756.33 0 0 0 1 
34562489690153;0.0988573;0.190597;0.9999 0.000110851 -0.0141632 -818.834 -9.68789e-05 1 0.000987189 70.0375 0.0141633 -0.000985718 0.999899 -2017.98 0 0 0 1 
34562489690155;0.259195;0.549153;0.999708 2.58477e-05 -0.024184 1.21244 2.5208e-05 0.999998 0.00211083 2.34382 0.024184 -0.00211082 0.999705 -5.86671 0 0 0 1 
34562489690156;0.172496;0.183843;0.99993 5.06184e-06 -0.0118581 10.3486 7.21437e-06 0.999999 0.00103522 -0.0835972 0.0118581 -0.00103523 0.999929 -1.25593 0 0 0 1 
34562489690157;0.159263;0.34163;0.988293 -0.000412666 0.152566 11522.4 0.00257266 0.999899 -0.0139606 -992.689 -0.152545 0.0141896 0.988195 -7008.51 0 0 0 1 
34562489690158;0.105511;0.193716;0.999414 0.00022825 0.0342288 -1428.33 -0.000115446 0.999995 -0.00329753 125.295 -0.0342294 0.00329164 0.999409 -2439.43 0 0 0 1 
34562489690159;0.266866;0.391508;0.999998 8.62233e-06 0.0019716 -67.7215 -8.33262e-06 1 -0.000146949 7.94553 -0.0019716 0.000146932 0.999998 202.172 0 0 0 1 
34562489690160;0.0473697;0.17425;0.999866 1.63421e-05 0.016367 -39.1791 7.11209e-06 0.999999 -0.00143295 4.23874 -0.016367 0.00143288 0.999865 -32.0554 0 0 0 1 
34562489690161;0.216211;0.315014;1 2.48115e-08 1.29635e-07 0.341369 -2.48115e-08 1 -9.44043e-10 0.792421 -1.29635e-07 9.4404e-10 1 -0.0439649 0 0 0 1 
34562489690162;0.156911;0.349114;0.999847 1.9681e-05 0.0174941 -51.1548 6.98384e-06 0.999999 -0.00152415 5.35918 -0.0174941 0.00152404 0.999846 26.0909 0 0 0 1 
34562489690163;0.149607;0.126967;0.998771 -3.99051e-05 0.0495724 1177.96 0.000260053 0.99999 -0.0044345 -101.338 -0.0495718 0.00444194 0.998761 -917.337 0 0 0 1 
34562489690164;0.334807;0.901078;0.987024 0.0011571 0.160569 -213.098 0.0011076 0.999901 -0.014014 17.6043 -0.16057 0.01401 0.986925 73.7863 0 0 0 1 
34562489690165;0.385816;0.821781;0.956106 0.00332682 0.293002 4027.71 0.00500849 0.999604 -0.0276932 -324.433 -0.292978 0.0279451 0.955711 -19029.4 0 0 0 1 
34562489690166;0.333068;0.450223;0.995072 0.00043998 0.0991509 -91.4756 0.000419809 0.999962 -0.0086505 10.3167 -0.099151 0.00864949 0.995035 57.9445 0 0 0 1 
34562489690167;0.363242;0.579228;1 4.7539e-09 4.56721e-07 0.306366 -4.75391e-09 1 2.88923e-08 1.98506 -4.56721e-07 -2.88923e-08 1 -0.25234 0 0 0 1 
34562489690168;0.405801;0.332933;0.99894 0.000209158 -0.0460228 -930.26 -3.28792e-05 0.999993 0.00383098 84.4835 0.0460233 -0.00382541 0.998933 -1552.58 0 0 0 1 
34562489690169;0.233383;0.95901;0.998056 0.000167112 -0.0623239 32.8327 0.000172114 0.999985 0.00543754 2.68431 0.0623239 -0.0054377 0.998041 -30.338 0 0 0 1 
34562489690170;0.111556;0.288785;0.999726 -0.000112945 0.0233889 1098.68 0.000163801 0.999998 -0.00217247 -94.2194 -0.0233886 0.00217571 0.999724 -1076.4 0 0 0 1 
34562489690171;0.0960451;0.244371;0.999726 2.49254e-05 -0.0234241 -3.97778 2.29919e-05 0.999998 0.00204536 1.96369 0.0234242 -0.00204534 0.999724 0.82801 0 0 0 1 
34562489690172;0.321124;0.439092;0.998403 0.000250517 0.0564999 -899.387 4.48894e-05 0.999986 -0.00522712 79.4514 -0.0565004 0.0052213 0.998389 -2321.17 0 0 0 1 
34562489690173;0.268086;0.54184;0.99918 -0.00040305 0.0404752 3814.22 0.000565399 0.999992 -0.00399971 -328.684 -0.0404732 0.00401932 0.999173 -3907.41 0 0 0 1 
34562489690174;0.189053;0.343739;0.998115 0.00016402 0.0613752 -3.8494 0.000165025 0.999986 -0.00535609 1.62521 -0.0613752 0.00535612 0.9981 19.1339 0 0 0 1 
34562489690175;0.133957;0.532935;0.999818 2.59718e-05 0.0190977 -80.8595 5.81691e-06 0.999999 -0.00166447 9.34022 -0.0190977 0.00166428 0.999816 24.5721 0 0 0 1 
34562489690176;0.144022;0.29942;0.997968 0.000186273 0.0637247 -79.1762 0.00016854 0.999985 -0.00556248 6.03061 -0.0637247 0.00556192 0.997952 14.2976 0 0 0 1 
34562489690177;0.320514;0.464671;0.999826 1.65044e-05 0.0186735 -12.0522 1.39243e-05 0.999999 -0.00162938 2.24925 -0.0186735 0.00162936 0.999824 7.54465 0 0 0 1 
34562489690178;0.353901;0.581896;0.992798 0.000622274 -0.119795 69.6996 0.000634934 0.999945 0.0104562 -3.09045 0.119795 -0.010457 0.992744 -16.1243 0 0 0 1 
34562489690179;0.0142393;0.122891;1 3.22965e-08 3.55041e-07 0.364051 -3.22965e-08 1 6.1691e-12 0.41288 -3.55041e-07 -6.18057e-12 1 -0.0404749 0 0 0 1 
34562489690180;0.106434;0.181321;1 -9.71908e-09 -1.24279e-07 -0.0542046 9.71908e-09 1 2.24754e-08 0.266102 1.24279e-07 -2.24754e-08 1 -0.188604 0 0 0 1 
34562489690181;0.139987;0.143175;1 9.63363e-09 1.75855e-06 0.122139 -9.63331e-09 1 -1.80784e-07 0.0872092 -1.75855e-06 1.80784e-07 1 0.0397865 0 0 0 1 
34562489690182;0.247912;0.585742;0.997165 -0.000431664 -0.0752443 5476.03 0.00091672 0.999979 0.006412 -473.258 0.0752399 -0.0064628 0.997145 -855.514 0 0 0 1 
34562489690183;0.115667;0.987576;0.999985 2.3945e-06 0.00546423 -8.11814 1.99821e-07 1 -0.000474782 7.55748 -0.00546423 0.000474776 0.999985 17.1966 0 0 0 1 
34562489690184;0.228068;0.533447;0.996403 0.000317071 0.0847385 -34.6835 0.000310795 0.999973 -0.00739616 4.9645 -0.0847385 0.00739589 0.996376 19.5708 0 0 0 1 
34562489690186;0.0711037;0.0780195;1 2.03904e-06 1.11587e-05 -15.9946 -2.03902e-06 1 -1.81974e-06 1.38429 -1.11587e-05 1.81972e-06 1 -7.1894 0 0 0 1 
34562489690187;0.0441165;0.062688;0.999512 4.26352e-05 0.0312262 -5.03926 4.24719e-05 0.999996 -0.00272484 0.14324 -0.0312262 0.00272484 0.999509 9.48606 0 0 0 1 
34562489690188;0.231973;0.260342;0.999977 3.32415e-06 -0.00682041 -9.68565 7.32066e-07 1 0.000594715 2.47673 0.00682041 -0.000594706 0.999977 -6.45519 0 0 0 1 
34562489690189;0.393005;0.206704;0.904845 0.00840373 -0.425658 -714.337 0.00859455 0.999241 0.0379978 66.1786 0.425655 -0.0380404 0.904086 7098.27 0 0 0 1 
34562489690190;0.219538;0.307321;0.999279 5.48658e-05 -0.0379748 70.232 7.11389e-05 0.999994 0.00331675 -3.62274 0.0379748 -0.00331706 0.999273 13.3299 0 0 0 1 
34562489690191;0.389147;0.65067;0.999982 -2.10248e-07 0.00597105 15.0217 3.32087e-06 1 -0.000520941 -5.91649 -0.00597105 0.000520952 0.999982 3.52006 0 0 0 1 
34562489690192;0.192134;0.264612;0.999983 5.64743e-06 0.00588951 -33.6265 -2.62036e-06 1 -0.000513984 1.5008 -0.00588951 0.00051396 0.999983 1.35155 0 0 0 1 
34562489690193;0.281462;0.296851;1 -3.67847e-08 6.51788e-07 -0.185852 3.67846e-08 1 9.86154e-08 -0.288726 -6.51788e-07 -9.86154e-08 1 -0.790799 0 0 0 1 
34562489690194;0.204314;0.190527;0.999557 -0.000122354 0.0297681 1291.3 0.000203411 0.999996 -0.00271993 -113.238 -0.0297677 0.00272478 0.999553 -1013.75 0 0 0 1 
34562489690195;0.157469;0.40756;0.999803 3.30816e-05 -0.0198502 -125.03 2.25884e-06 0.999998 0.00178033 15.2095 0.0198503 -0.00178002 0.999801 377.682 0 0 0 1 
34562489690196;0.0529904;0.0807926;0.999993 2.6685e-08 -0.00381339 5.43185 1.24116e-06 1 0.00033247 0.416157 0.00381339 -0.000332472 0.999993 -4.50381 0 0 0 1 
34562489690197;0.438295;0.854448;1 1.2587e-07 -8.42453e-08 0.3119 -1.2587e-07 1 -3.13937e-08 -7.18756 8.42453e-08 3.13937e-08 1 -0.0317099 0 0 0 1 
34562489690198;0.0525853;0.0411796;0.999975 2.50518e-06 -0.0071157 -0.838269 1.91082e-06 1 0.000620593 1.26726 0.0071157 -0.000620591 0.999974 -5.21398 0 0 0 1 
34562489690199;0.186435;0.253626;1 8.59953e-07 -0.000560083 -6.89482 -8.32198e-07 1 4.95564e-05 2.07316 0.000560083 -4.95559e-05 1 4.59936 0 0 0 1 
34562489690200;0.246291;0.232158;1 3.97624e-07 -0.000136872 -3.11713 -3.96043e-07 1 1.15512e-05 0.706341 0.000136872 -1.15511e-05 1 -2.83797 0 0 0 1 
34562489690201;0.100046;0.116775;1 -3.79423e-07 0.000162306 3.01465 3.81709e-07 1 -1.40861e-05 -1.00435 -0.000162306 1.40861e-05 1 0.579237 0 0 0 1 
34562489690202;0.155088;0.159273;1 5.49302e-09 7.80037e-08 0.0221955 -5.49302e-09 1 5.53026e-09 0.527364 -7.80037e-08 -5.53026e-09 1 -0.0344122 0 0 0 1 
34562489690203;0.0877176;0.705154;0.999995 1.15512e-05 0.00300622 -89.4358 -1.07775e-05 1 -0.000257382 17.3164 -0.00300623 0.000257349 0.999995 41.6852 0 0 0 1 
34562489690204;0.244178;0.298638;0.998778 0.000109378 0.0494168 -29.1361 0.000103949 0.999991 -0.0043143 0.340417 -0.0494168 0.00431417 0.998769 0.974273 0 0 0 1 
34562489690205;0.481854;0.406047;0.997232 0.000248894 -0.0743574 -46.1881 0.000234495 0.999979 0.00649209 3.58058 0.0743574 -0.00649155 0.997211 -0.196748 0 0 0 1 
34562489690206;0.097924;0.473832;0.998267 1.71666e-05 0.0588495 1070.47 0.000298284 0.999986 -0.00535151 -99.2181 -0.0588487 0.00535979 0.998253 -1788.44 0 0 0 1 
34562489690207;0.417969;0.413857;0.997227 0.000481765 -0.0744224 -1917.52 3.0519e-05 0.999976 0.00688218 170.064 0.074424 -0.00686536 0.997203 2960.96 0 0 0 1 
34562489690208;0.41666;0.411808;1 3.87941e-08 -7.95861e-09 0.175798 -3.87941e-08 1 1.54478e-08 -0.751463 7.95861e-09 -1.54478e-08 1 -0.132252 0 0 0 1 
34562489690209;0.102897;0.0711521;0.999966 7.25545e-06 -0.00823286 -32.9956 -1.33985e-06 1 0.000718541 3.45778 0.00823286 -0.000718506 0.999966 -2.73555 0 0 0 1 
34562489690210;0.0465566;0.520791;0.999959 1.28818e-05 0.00902289 -75.6724 -5.60906e-06 1 -0.000806054 0.251755 -0.00902289 0.000805971 0.999959 -147.79 0 0 0 1 
34562489690211;0.156365;0.153967;1 2.9452e-06 -3.84672e-05 -23.0943 -2.94518e-06 1 5.69859e-07 1.02909 3.84672e-05 -5.69746e-07 1 -22.2131 0 0 0 1 
34562489690212;0.249667;0.424307;0.999478 5.56534e-05 0.0323119 -84.7053 3.54717e-05 0.999996 -0.00281959 4.20262 -0.032312 0.00281926 0.999474 12.4978 0 0 0 1 
34562489690213;0.302086;0.317168;1 4.15277e-08 1.84995e-07 0.159021 -4.15276e-08 1 -1.61029e-08 -1.19004 -1.84995e-07 1.61029e-08 1 0.0840463 0 0 0 1 
34562489690214;0.0408606;0.124891;0.999979 -6.94479e-07 -0.00653026 21.5891 4.41793e-06 1 0.000570169 -0.188164 0.00653026 -0.000570186 0.999979 0.348596 0 0 0 1 
34562489690215;0.322976;0.333069;0.999734 1.80419e-05 0.0230663 37.7723 2.83645e-05 0.999998 -0.00201154 -2.09971 -0.0230663 0.00201166 0.999732 16.3439 0 0 0 1 
34562489690217;0.345856;2.03528;0.999941 3.80692e-06 0.010824 4.73011 6.39111e-06 1 -0.000942131 -4.0422 -0.010824 0.000942145 0.999941 24.2914 0 0 0 1 
34562489690218;0.369096;0.472746;0.999889 9.52261e-06 -0.0149243 2.89381 9.85847e-06 0.999999 0.00129855 -1.86578 0.0149243 -0.00129855 0.999888 -36.55 0 0 0 1 
34562489690219;0.344434;0.628037;0.999983 -7.24963e-07 -0.00574844 17.2846 3.60743e-06 1 0.000501424 -0.628239 0.00574844 -0.000501437 0.999983 -3.54841 0 0 0 1 
34562489690220;0.281678;0.263168;0.98369 0.00142975 -0.179865 -20.3054 0.0014177 0.999876 0.0157015 1.08565 0.179865 -0.0157004 0.983566 -33.9851 0 0 0 1 
34562489690221;0.2479;1.48167;0.998136 0.000154599 -0.0610227 70.2555 0.000170758 0.999986 0.00532649 -7.96823 0.0610227 -0.00532699 0.998122 -9.70586 0 0 0 1 
34562489690222;0.309448;0.773916;0.999074 7.27558e-05 -0.0430341 69.3858 8.89495e-05 0.999993 0.00375568 -5.67931 0.043034 -0.00375603 0.999067 -12.5177 0 0 0 1 
34562489690223;0.503992;0.691494;0.969074 0.00269483 -0.246755 76.934 0.00270325 0.999764 0.0215349 -7.94814 0.246755 -0.0215359 0.968839 -71.3167 0 0 0 1 
34562489690224;0.505738;0.422951;0.996301 0.00031907 -0.0859317 42.2019 0.000326654 0.999972 0.00750021 -3.86685 0.0859317 -0.00750054 0.996273 -21.0241 0 0 0 1 
34562489690225;0.255572;0.304452;1 -1.33496e-08 2.08045e-07 -0.1338 1.33496e-08 1 -7.90036e-09 -0.245807 -2.08045e-07 7.90037e-09 1 0.0555873 0 0 0 1 
34562489690226;0.59187;0.889844;0.982325 0.00154443 -0.187176 16.0757 0.00154203 0.999865 0.0163429 -2.85698 0.187176 -0.0163427 0.982191 -1.35098 0 0 0 1 
34562489690227;0.535961;0.563875;0.997161 0.000242061 -0.0752986 56.1659 0.00025372 0.999978 0.00657456 -5.33893 0.0752986 -0.006575 0.997139 2.3084 0 0 0 1 
34562489690228;0.492348;1.34588;0.953247 0.00405706 -0.302164 241.768 0.00410605 0.999644 0.0263754 -21.4276 0.302163 -0.026383 0.952891 3.48696 0 0 0 1 
34562489690229;0.377629;0.395436;0.998982 8.82819e-05 -0.0451186 11.0479 8.94913e-05 0.999992 0.00393809 -1.9801 0.0451186 -0.00393812 0.998974 -10.7 0 0 0 1 
34562489690230;0.309344;2.34994;0.990717 0.000794765 -0.135941 142.446 0.000825875 0.999929 0.0118649 -7.92057 0.13594 -0.011867 0.990646 -19.7632 0 0 0 1 
34562489690231;0.422227;0.745899;0.999395 4.78065e-05 0.034791 34.8068 5.78948e-05 0.999995 -0.00303717 -2.19712 -0.034791 0.00303734 0.99939 4.37664 0 0 0 1 
34562489690232;0.215127;1.17329;0.997832 0.000177989 0.0658146 79.0845 0.000200289 0.999984 -0.00574099 -8.17104 -0.0658145 0.00574173 0.997815 39.0735 0 0 0 1 
34562489690233;0.420689;0.910706;0.999974 -1.04232e-06 -0.00727794 26.015 5.65911e-06 1 0.000634333 -1.43045 0.00727794 -0.000634357 0.999973 -9.18438 0 0 0 1 
34562489690234;0.244511;0.606008;0.999992 -1.67991e-06 -0.00394659 18.1767 3.039e-06 1 0.000344365 -1.40682 0.00394659 -0.000344374 0.999992 -1.9861 0 0 0 1 
34562489690235;0.305129;0.475099;0.999821 1.26553e-05 0.0189172 19.9936 1.86061e-05 0.999999 -0.00165236 -1.75913 -0.0189172 0.00165242 0.99982 -4.73158 0 0 0 1 
34562489690236;0.196522;1.00386;0.995749 0.000355689 0.0921084 109.571 0.000385951 0.999968 -0.00803388 -8.40534 -0.0921083 0.00803527 0.995717 57.8849 0 0 0 1 
34562489690237;0.236663;1.22365;0.995998 0.00033912 -0.0893763 92.5193 0.000359832 0.999969 0.0078041 -8.68049 0.0893762 -0.00780503 0.995967 9.83825 0 0 0 1 
34562489690238;0.36003;0.448411;1 -4.38774e-08 2.83443e-07 -0.360392 4.38774e-08 1 1.0384e-08 -0.0718213 -2.83443e-07 -1.0384e-08 1 -0.119274 0 0 0 1 
34562489690239;0.243492;1.01567;0.999951 -6.4762e-07 -0.00991472 39.5493 9.17125e-06 1 0.000859649 -6.17605 0.00991471 -0.000859698 0.99995 -47.7649 0 0 0 1 
34562489690240;0.35283;3.41293;0.9995 4.46633e-05 -0.0316082 -8.16612 4.13489e-05 0.999996 0.00272054 -8.46265 0.0316082 -0.00272049 0.999497 -317.039 0 0 0 1 
34562489690241;0.379757;2.99317;0.954706 0.00394135 0.297525 62.2107 0.0039687 0.999655 -0.0259774 -11.5792 -0.297524 0.0259816 0.954361 -19.999 0 0 0 1 
34562489690242;0.378853;0.461965;0.986885 0.00117038 0.161419 -226.732 0.00113505 0.999899 -0.0141894 19.5479 -0.161419 0.0141865 0.986784 -739.74 0 0 0 1 
34562489690243;0.301434;0.931645;1 -8.12555e-07 -6.30375e-05 4.41154 8.1277e-07 1 3.41129e-06 -0.235408 6.30375e-05 -3.41134e-06 1 -16.5922 0 0 0 1 
34562489690244;0.500189;0.941006;0.983295 0.00145143 -0.182014 82.0897 0.00146494 0.999873 0.0158873 -6.18673 0.182014 -0.0158885 0.983168 -29.7358 0 0 0 1 
34562489690245;0.271456;0.340298;1 -1.23088e-07 6.73303e-05 0.24847 1.23472e-07 1 -5.70629e-06 -0.0287704 -6.73303e-05 5.7063e-06 1 1.72888 0 0 0 1 
34562489690246;0.262584;0.931355;0.970676 0.00253724 -0.240376 217.552 0.00259805 0.999775 0.0210442 -18.446 0.240376 -0.0210517 0.970452 513.486 0 0 0 1 
34562489690248;0.122472;0.243724;0.99907 -0.000250374 0.0431163 2662.96 0.000408925 0.999993 -0.00366849 -231.846 -0.0431151 0.00368271 0.999063 660.16 0 0 0 1 
34562489690249;0.236877;0.421836;1 -4.84949e-09 -5.59582e-07 0.0851193 4.84952e-09 1 5.42104e-08 2.06923 5.59582e-07 -5.42104e-08 1 -0.312591 0 0 0 1 
34562489690250;0.361013;0.694869;0.993775 0.000552134 0.111403 -82.7255 0.000534659 0.999953 -0.00972539 3.81495 -0.111403 0.00972441 0.993728 25.1087 0 0 0 1 
34562489690251;0.0844088;0.129956;0.999979 2.56528e-06 -0.00647524 -4.54431 1.09281e-06 1 0.000564931 0.937107 0.00647524 -0.000564926 0.999979 -3.54021 0 0 0 1 
34562489690252;0.195046;0.368509;1 -1.84689e-06 -3.05429e-05 15.7066 1.84703e-06 1 4.55504e-06 0.121175 3.05429e-05 -4.5551e-06 1 14.9987 0 0 0 1 
34562489690253;0.120903;0.402523;0.995973 0.000357489 0.0896515 -57.8219 0.000345465 0.999969 -0.00782533 3.36473 -0.0896515 0.00782479 0.995942 27.3888 0 0 0 1 
34562489690254;0.246774;0.483969;0.999997 -4.30939e-07 0.00226965 7.13902 8.8142e-07 1 -0.00019848 -2.24053 -0.00226965 0.000198481 0.999997 -1.85886 0 0 0 1 
34562489690255;0.134202;0.180586;0.99996 1.35896e-06 0.0089953 16.9727 5.69192e-06 1 -0.000783815 -1.92267 -0.0089953 0.000783835 0.999959 12.4826 0 0 0 1 
34562489690256;0.130561;0.234721;0.999675 2.73796e-05 0.0254892 6.49805 2.92848e-05 0.999998 -0.0022227 -0.158254 -0.0254892 0.00222272 0.999673 23.971 0 0 0 1 
34562489690257;0.163799;0.236803;0.999999 -2.41027e-07 -0.00116366 2.10482 3.59109e-07 1 0.000101474 0.613763 0.00116366 -0.000101474 0.999999 -1.73217 0 0 0 1 
34562489690258;0.294851;0.410533;0.978017 -0.000421833 -0.208525 18869 0.00412037 0.999842 0.0173026 -1627.34 0.208484 -0.0177815 0.977864 -3397.38 0 0 0 1 
34562489690259;0.334686;0.910585;1 2.1255e-07 -1.58253e-07 1.50953 -2.1255e-07 1 -6.97394e-08 -4.77257 1.58253e-07 6.97394e-08 1 0.402309 0 0 0 1 
