#;prob_registration_l1 -r /home/probabilistic_point_clouds_registration/build/tester /home/point_clouds_registration_benchmark//devel/registration_pairs/wood_autumn_local.txt /home/point_clouds_registration_benchmark//eth/wood_autumn -s 0.2 -t 0.2 -p 0.3 -r 1000 -m 15 -i 40 
id;initial_error;final_error;transformation
26875431820000;0.498992;0.509443;0.989302 0.125027 -0.0751721 0.522055 -0.12242 0.991737 0.0383553 0.506023 0.0793464 -0.0287424 0.996433 -0.688084 0 0 0 1 
26875431820001;0.336145;0.0213735;0.909214 0.324691 -0.260586 0.722918 -0.291685 0.943413 0.157773 0.877876 0.297067 -0.0674406 0.952472 -0.780653 0 0 0 1 
26875431820002;0.60541;0.0145415;0.889573 0.384562 -0.246519 0.956677 -0.3829 0.922051 0.0566585 0.997958 0.249092 0.0439905 0.96748 -1.43139 0 0 0 1 
26875431820003;0.366204;0.0218274;0.993604 0.0986972 -0.0548576 -0.144203 -0.0961627 0.994252 0.0470716 -0.125492 0.0591881 -0.0414953 0.997384 -0.535407 0 0 0 1 
26875431820004;0.698046;0.0259555;0.955313 -0.295542 -0.00565535 0.863367 0.295542 0.954599 0.0373614 -1.27932 -0.00564327 -0.0373633 0.999286 0.405121 0 0 0 1 
26875431820005;0.325213;0.0319092;0.919988 -0.241528 0.308686 -0.374754 0.273249 0.959856 -0.0633444 -0.723416 -0.280995 0.142624 0.949052 0.991735 0 0 0 1 
26875431820006;0.554876;0.0215629;0.999998 -0.00174075 8.32299e-05 -0.259452 0.00174069 0.999998 0.000699223 0.686462 -8.44469e-05 -0.000699077 1 0.545374 0 0 0 1 
26875431820007;0.383756;0.0178728;0.987507 -0.0466643 -0.150504 0.220062 0.107093 0.899398 0.423809 -0.848917 0.115586 -0.434632 0.89316 -0.411926 0 0 0 1 
26875431820008;0.203498;0.0233218;0.965423 0.0499137 -0.255864 0.127346 -0.0263615 0.99516 0.0946677 0.075224 0.259351 -0.0846495 0.962066 -0.996905 0 0 0 1 
26875431820009;0.180609;0.0264604;0.978349 -0.156421 -0.135521 0.117451 0.153521 0.987638 -0.0316574 -0.358735 0.138798 0.0101667 0.990269 -0.388856 0 0 0 1 
26875431820010;0.462102;0.0249119;0.959437 -0.143373 -0.242744 0.740873 0.150014 0.988643 0.00899601 -0.761403 0.238698 -0.0450461 0.970049 -0.926599 0 0 0 1 
26875431820011;0.575398;0.0293271;0.911211 0.0490107 0.409015 0.0977345 -0.138781 0.971378 0.192782 0.314231 -0.387859 -0.232429 0.891932 1.87592 0 0 0 1 
26875431820012;0.688058;0.0159984;0.943932 0.317973 -0.0888023 0.317718 -0.267775 0.894732 0.357423 -0.397508 0.193105 -0.313604 0.929711 -0.704817 0 0 0 1 
26875431820013;0.421251;0.0265499;0.940428 -0.339992 0.000944006 -0.286044 0.339981 0.940415 0.00569458 -0.805945 -0.00282387 -0.00503439 0.999983 -0.332778 0 0 0 1 
26875431820014;0.330264;0.0238595;0.951857 -0.29986 0.0636581 -0.418823 0.300259 0.953852 0.0034299 -1.13891 -0.0617489 0.0158491 0.997966 0.162418 0 0 0 1 
26875431820015;0.226693;0.0139153;0.981433 0.190167 0.025018 0.0797577 -0.18163 0.963346 -0.197421 0.795983 -0.0616441 0.189212 0.979999 0.29145 0 0 0 1 
26875431820016;0.538469;0.0206849;0.904805 -0.0160524 0.425524 0.329501 -0.0389037 0.991994 0.120144 0.414587 -0.424046 -0.125261 0.896936 0.788051 0 0 0 1 
26875431820017;0.524419;0.0288195;0.982876 -0.158299 -0.0943224 -0.0182337 0.14108 0.975736 -0.16744 -0.412562 0.118539 0.151266 0.98136 0.528324 0 0 0 1 
26875431820018;0.579586;0.028094;0.979408 0.0398217 -0.197926 0.400154 -0.0618219 0.992416 -0.106248 -0.057194 0.192194 0.116296 0.974442 0.34828 0 0 0 1 
26875431820019;0.351798;0.0228399;0.97842 0.0921401 -0.184947 0.274262 -0.0949156 0.995466 -0.00619076 0.573619 0.183538 0.0236115 0.982729 -0.95113 0 0 0 1 
26875431820020;0.0809749;0.029945;0.994703 -0.102444 0.00841579 -0.0944214 0.102597 0.994516 -0.0202992 -0.315316 -0.0062901 0.0210551 0.999759 0.0120463 0 0 0 1 
26875431820021;0.644904;0.0305343;0.945801 0.08797 -0.312606 1.18218 -0.0051913 0.966584 0.256298 0.0651682 0.324707 -0.240784 0.914652 -0.648928 0 0 0 1 
26875431820022;0.0317767;0.016651;0.999617 0.0261504 0.00909507 -0.00399894 -0.0261295 0.999656 -0.00240972 0.0897987 -0.00915495 0.00217115 0.999956 0.054481 0 0 0 1 
26875431820023;0.284901;0.0268554;0.997462 -0.0710676 -0.00426137 0.377546 0.071149 0.997184 0.0236895 -0.297921 0.00256582 -0.0239326 0.99971 -0.0560652 0 0 0 1 
26875431820024;0.398113;0.0230354;0.996974 0.00516253 -0.0775632 0.364788 -0.00629317 0.999877 -0.0143396 0.440716 0.0774797 0.0147843 0.996884 -0.579617 0 0 0 1 
26875431820025;0.5828;0.0253138;0.896868 -0.427558 -0.113236 0.188348 0.420073 0.903547 -0.0845054 -1.25685 0.138445 0.0282227 0.989968 0.301859 0 0 0 1 
26875431820026;0.630426;0.0213644;0.980843 0.194629 0.00816931 -0.269571 -0.194666 0.980862 0.00397941 0.520098 -0.00723845 -0.00549346 0.999959 0.916366 0 0 0 1 
26875431820027;0.464713;0.0167483;0.994419 0.105495 -0.00153028 0.239349 -0.105304 0.993306 0.0474839 0.452881 0.00652936 -0.0470577 0.998871 0.649509 0 0 0 1 
26875431820028;0.337162;0.0133304;0.999902 -0.0137305 -0.00278602 -0.427153 0.0138426 0.998879 0.0452697 -0.361179 0.00216132 -0.0453038 0.998971 0.222344 0 0 0 1 
26875431820029;0.206492;0.0210286;0.999657 0.0090895 0.0245536 -0.304502 -0.00759554 0.998153 -0.0602676 -0.0879803 -0.025056 0.0600604 0.99788 0.232197 0 0 0 1 
26875431820031;0.22611;0.0137497;0.971095 0.0997425 0.216855 -0.206154 -0.120313 0.989193 0.0837943 0.382997 -0.206153 -0.107463 0.972601 0.913162 0 0 0 1 
26875431820032;0.537519;0.3308;0.968235 -0.187964 -0.164897 0.560761 0.188561 0.981986 -0.012167 -0.822993 0.164214 -0.0193128 0.986236 -0.754007 0 0 0 1 
26875431820033;0.515263;0.018654;0.997426 0.0318334 -0.0642506 -0.152981 -0.0139451 0.965059 0.261662 -0.714084 0.0703353 -0.260093 0.963019 -0.998632 0 0 0 1 
26875431820034;0.18246;0.0196392;0.995499 0.0172104 -0.0931989 -0.233979 -0.0163814 0.999819 0.00965277 0.044882 0.0933482 -0.00808259 0.995601 -0.266043 0 0 0 1 
26875431820035;0.31218;0.0112342;0.938349 0.198843 0.282778 0.0490491 -0.23697 0.965565 0.107378 0.864197 -0.251689 -0.167767 0.953156 1.47504 0 0 0 1 
26875431820036;0.352511;0.0193278;0.96009 -0.265911 0.086708 -0.0376288 0.279669 0.916568 -0.28581 -0.86989 -0.00347363 0.298653 0.954355 -0.220631 0 0 0 1 
26875431820037;0.447509;0.0244906;0.997442 -0.0714459 0.00226049 0.257551 0.071434 0.997433 0.004944 -0.768302 -0.00260792 -0.00476988 0.999985 -0.763574 0 0 0 1 
26875431820038;0.350569;0.017737;0.985806 -0.162972 -0.0403216 0.194126 0.141024 0.934154 -0.327825 -0.0900635 0.0910928 0.317485 0.943878 -0.840721 0 0 0 1 
26875431820039;0.337073;0.0185126;0.970813 -0.215043 0.106203 0.0387144 0.178197 0.943105 0.280711 -1.1999 -0.160525 -0.253593 0.953898 1.27272 0 0 0 1 
26875431820040;0.229197;0.0203752;0.983456 -0.180011 -0.0202469 0.189823 0.170862 0.958935 -0.226385 -0.461302 0.0601673 0.21918 0.973828 -0.342214 0 0 0 1 
26875431820041;0.10838;0.00963405;0.997977 0.0630468 0.00823025 -0.0659691 -0.0629987 0.997996 -0.00596776 0.192378 -0.00859001 0.00543719 0.999948 0.174313 0 0 0 1 
26875431820042;0.455772;0.0160893;0.888407 -0.449932 0.0910752 0.691001 0.458731 0.877609 -0.139172 -2.48283 -0.0173103 0.165421 0.986071 0.292105 0 0 0 1 
26875431820043;0.274946;0.0153418;0.977782 0.108327 0.179463 -0.199512 -0.129232 0.985585 0.109188 0.301834 -0.165048 -0.129954 0.977687 1.1239 0 0 0 1 
26875431820044;0.287192;0.0223465;0.998967 0.00541373 0.0451098 0.0469933 -0.00475358 0.99988 -0.0147287 0.578791 -0.0451842 0.0144991 0.998873 0.292969 0 0 0 1 
26875431820045;0.572084;0.0243101;0.986754 0.0690011 -0.146821 0.65197 -0.0108051 0.930979 0.364912 -0.845111 0.161866 -0.358491 0.919393 -1.14335 0 0 0 1 
26875431820046;0.148614;0.0126858;0.998084 -0.0593377 -0.017538 0.0161934 0.0616269 0.978678 0.195938 -0.536731 0.00553754 -0.196643 0.980459 0.0477801 0 0 0 1 
26875431820047;0.191966;0.01336;0.988896 0.147793 0.0155673 -0.107192 -0.142924 0.974524 -0.172847 0.894657 -0.0407162 0.168702 0.984826 0.32181 0 0 0 1 
26875431820048;0.552949;0.0147356;0.903124 0.417058 0.102129 -0.0659169 -0.399617 0.903413 -0.155406 2.05124 -0.157078 0.0995382 0.982557 -0.0535753 0 0 0 1 
26875431820049;0.452544;0.0153401;0.896634 0.400886 0.187985 0.0445455 -0.40088 0.915267 -0.0397674 1.56328 -0.187999 -0.0397027 0.981366 1.25529 0 0 0 1 
26875431820050;0.381287;0.0183096;0.955251 0.239882 0.173068 -0.126635 -0.248242 0.968291 0.0280681 0.888673 -0.160847 -0.0697748 0.98451 1.30047 0 0 0 1 
26875431820051;0.357531;0.015571;0.974655 -0.0720112 -0.211804 0.694526 0.062912 0.996796 -0.0493991 -0.084841 0.214683 0.0348221 0.976063 -0.60595 0 0 0 1 
26875431820052;0.469273;0.0223554;0.965964 0.145981 -0.213547 0.471484 -0.202662 0.940115 -0.274065 1.86353 0.16075 0.308015 0.937703 -1.01637 0 0 0 1 
26875431820053;0.393672;0.019478;0.992303 0.0307649 0.11995 0.65232 -0.0494468 0.986513 0.156033 -0.0205685 -0.113532 -0.160764 0.980442 0.555517 0 0 0 1 
26875431820054;0.384531;0.0213127;0.935049 0.220174 -0.27786 0.651634 -0.145841 0.953272 0.264582 0.357033 0.32313 -0.206874 0.923466 -1.38148 0 0 0 1 
26875431820055;0.28566;0.0186932;0.981859 -0.18276 -0.0505136 0.435154 0.184682 0.982124 0.0363973 -1.10887 0.0429586 -0.045066 0.99806 0.12101 0 0 0 1 
26875431820056;0.596591;0.0145456;0.920761 -0.282912 0.268626 -0.0525465 0.327561 0.934634 -0.13843 -1.27941 -0.211904 0.215452 0.953246 0.0746076 0 0 0 1 
26875431820057;0.446113;0.324036;0.979254 -0.178706 0.095524 0.303292 0.181245 0.983263 -0.0185348 -1.00906 -0.090613 0.0354636 0.995255 0.532796 0 0 0 1 
26875431820058;0.224686;0.0132498;0.999699 -0.0069914 -0.0234977 -0.122522 0.00893287 0.996463 0.0835618 -0.176614 0.0228304 -0.0837466 0.996226 0.327562 0 0 0 1 
26875431820059;0.444316;0.0154288;0.954564 -0.169589 0.245046 -0.514546 0.172631 0.984944 0.00917541 -0.632798 -0.242912 0.033544 0.969468 0.758284 0 0 0 1 
26875431820060;0.410765;0.0192595;0.985653 0.0907718 0.142294 0.279489 -0.136658 0.92398 0.35719 0.351317 -0.0990544 -0.371511 0.923129 1.16127 0 0 0 1 
26875431820062;0.368904;0.0208045;0.95377 0.180666 0.240171 0.461616 -0.229714 0.953532 0.194959 0.494709 -0.193789 -0.241117 0.950951 0.390596 0 0 0 1 
26875431820063;0.231158;0.0152347;0.956424 -0.0736476 -0.282541 0.43571 0.113621 0.985271 0.127792 -0.623688 0.268968 -0.154326 0.950705 -1.10047 0 0 0 1 
26875431820064;0.204838;0.0207002;0.997673 -0.00893206 0.067591 0.0806301 -0.000424661 0.990548 0.137168 0.247519 -0.0681773 -0.136877 0.988239 0.129982 0 0 0 1 
26875431820065;0.171053;0.0173857;0.998357 0.0535124 0.0204961 -0.0795593 -0.0528265 0.998069 -0.0326615 -0.0613646 -0.0222044 0.0315251 0.999256 0.0251839 0 0 0 1 
26875431820066;0.341828;0.0201692;0.88651 0.458445 -0.062678 0.900294 -0.455863 0.888558 0.051504 1.85661 0.0793048 -0.0170862 0.996704 -0.291626 0 0 0 1 
26875431820067;0.359104;0.0150414;0.999755 0.0100551 -0.0197225 -0.201679 -0.00999274 0.999945 0.00325636 0.345542 0.0197542 -0.00305848 0.9998 0.599628 0 0 0 1 
26875431820068;0.231956;0.0153981;0.999748 -0.0223392 0.00224008 0.0550822 0.0223246 0.999731 0.0063627 -0.125836 -0.00238162 -0.00631109 0.999977 0.529215 0 0 0 1 
26875431820069;0.168442;0.0177845;0.983948 -0.156573 0.0856235 0.0829429 0.159243 0.986916 -0.0252564 -0.783045 -0.0805488 0.0384859 0.996007 0.516629 0 0 0 1 
26875431820070;0.120851;0.0212171;0.988086 0.131579 -0.0798365 0.256854 -0.126591 0.989847 0.0646315 0.462072 0.0875301 -0.0537548 0.99471 -0.388045 0 0 0 1 
26875431820071;0.559761;0.0189382;0.939579 -0.342065 0.0135615 1.01921 0.341975 0.93967 0.00854467 -1.31151 -0.0156662 -0.0033907 0.999872 0.422974 0 0 0 1 
26875431820072;0.11141;0.0226454;0.99857 -0.0531329 0.00590535 -0.133761 0.0533735 0.997134 -0.0536191 -0.320957 -0.00303949 0.0538576 0.998544 0.0311299 0 0 0 1 
26875431820073;0.298534;0.0149813;0.952689 -0.303945 -0.00135396 0.257857 0.30394 0.952623 0.0113736 -1.54708 -0.00216713 -0.011247 0.999934 0.189417 0 0 0 1 
26875431820074;0.511902;0.0213162;0.943853 -0.240086 -0.226938 0.858409 0.189239 0.955971 -0.224296 -0.704561 0.270796 0.168757 0.947729 -1.66344 0 0 0 1 
26875431820075;0.368729;0.0215041;0.937654 -0.237058 0.254181 -0.182999 0.15778 0.941929 0.296439 -1.16197 -0.309693 -0.237853 0.920606 1.51111 0 0 0 1 
26875431820076;0.104083;0.0156647;0.999305 -0.0308248 -0.0209522 -0.00309361 0.0290204 0.996246 -0.0815602 0.0604782 0.0233876 0.0808955 0.996448 0.0334131 0 0 0 1 
26875431820077;0.334061;0.0200903;0.958247 0.281182 -0.0519477 0.48914 -0.276926 0.957851 0.0763723 1.29317 0.0712327 -0.0587979 0.995725 -0.767305 0 0 0 1 
26875431820078;0.46154;0.021514;0.965476 0.259391 0.0239272 -0.207199 -0.252443 0.954346 -0.159675 1.55412 -0.0642531 0.148122 0.98688 -0.0805787 0 0 0 1 
26875431820079;0.388175;0.0229956;0.885666 -0.214205 0.411961 -0.212007 0.134264 0.967474 0.2144 -0.943593 -0.444487 -0.134576 0.885619 1.74145 0 0 0 1 
26875431820080;0.446652;0.0218984;0.969588 0.244098 0.0177539 0.246254 -0.243675 0.969583 -0.023036 1.19956 -0.0228369 0.0180093 0.999577 -0.672448 0 0 0 1 
26875431820081;0.390076;0.0196988;0.917866 0.396889 -0.00105126 0.718374 -0.386453 0.893121 -0.230193 1.99085 -0.0904221 0.211692 0.973144 0.737897 0 0 0 1 
26875431820082;0.269988;0.0159047;0.991925 0.125069 -0.0210525 -0.107239 -0.120435 0.980894 0.15278 0.0670991 0.0397584 -0.149011 0.988036 -0.320595 0 0 0 1 
26875431820083;0.397996;0.0131305;0.917479 -0.329344 0.223079 0.442235 0.327637 0.943697 0.0457247 -1.53663 -0.225578 0.0311376 0.973727 1.39264 0 0 0 1 
26875431820084;0.431462;0.0216514;0.984769 0.0891501 -0.149275 0.42194 -0.133577 0.937504 -0.321314 0.960616 0.1113 0.33636 0.935133 0.462352 0 0 0 1 
26875431820085;0.0561572;0.0220797;0.999279 -0.0378078 0.00355148 -0.0685083 0.0378082 0.999285 -5.05487e-05 -0.163465 -0.00354703 0.000184787 0.999994 0.101612 0 0 0 1 
26875431820086;0.263745;0.0245295;0.974646 0.219023 0.0457727 0.360071 -0.2208 0.974571 0.0381943 0.576394 -0.0362433 -0.0473325 0.998221 -0.0346157 0 0 0 1 
26875431820087;0.254275;0.0198622;0.972535 -0.0877316 -0.21559 0.351433 0.126886 0.976345 0.175075 -0.796709 0.195131 -0.197622 0.960661 -1.15584 0 0 0 1 
26875431820088;0.2679;0.0285781;0.967735 0.25156 -0.0143584 0.497077 -0.251871 0.967378 -0.0272251 1.25512 0.00704124 0.0299631 0.999526 -0.243634 0 0 0 1 
26875431820089;0.093436;0.0218811;0.999433 0.0297446 -0.0157896 0.0820047 -0.0304319 0.998513 -0.0452322 0.299343 0.0144207 0.0456871 0.998852 0.0499409 0 0 0 1 
26875431820090;0.279476;0.0226752;0.999245 0.0384711 0.00540738 0.214114 -0.0383349 0.998992 -0.0233715 -0.246701 -0.00630105 0.0231466 0.999712 0.467477 0 0 0 1 
26875431820091;0.394578;0.0192726;0.993092 0.116643 0.0127422 0.255474 -0.116714 0.993153 0.00497155 0.480108 -0.0120751 -0.0064244 0.999906 -0.741157 0 0 0 1 
26875431820093;0.345934;0.0155936;0.933283 -0.311318 -0.179062 2.63541 0.304386 0.950281 -0.0656808 -1.14031 0.190607 0.00679478 0.981643 -0.635212 0 0 0 1 
26875431820094;0.529735;0.0194517;0.940547 0.281183 0.190545 -2.53416 -0.268204 0.959023 -0.091332 1.87865 -0.208418 0.0347973 0.977421 0.616 0 0 0 1 
26875431820095;0.39088;0.0199227;0.962479 -0.0121174 -0.271084 0.323604 0.00691843 0.999774 -0.0201258 -0.155392 0.271267 0.0174952 0.962345 -0.781533 0 0 0 1 
26875431820096;0.29099;0.00952558;0.969867 0.154888 -0.188064 -0.46572 -0.193298 0.959058 -0.206987 1.2356 0.148304 0.237102 0.960098 -2.30937 0 0 0 1 
26875431820097;0.411668;0.027508;0.959642 0.279313 0.0327353 -1.79345 -0.278989 0.96019 -0.0141688 2.36948 -0.0353896 0.00446415 0.999364 0.122233 0 0 0 1 
26875431820098;0.305728;0.0221313;0.963719 -0.201773 0.174738 0.999931 0.210497 0.977047 -0.0327218 -0.919063 -0.164125 0.0683164 0.984071 0.211628 0 0 0 1 
26875431820099;0.324227;0.312233;0.999037 -0.0430578 -0.00843507 0.368506 0.0431762 0.998964 0.0143917 -0.11027 0.00780666 -0.0147421 0.999861 0.0624183 0 0 0 1 
26875431820100;0.476247;0.0300316;0.97232 -0.232976 -0.0177621 1.94755 0.233263 0.972278 0.0162675 -0.522494 0.0134798 -0.0199605 0.99971 -0.545463 0 0 0 1 
26875431820101;0.325622;0.00679209;0.954516 0.254475 0.155379 -1.7716 -0.19231 0.923685 -0.331395 1.8134 -0.227853 0.28644 0.93061 -0.721631 0 0 0 1 
26875431820102;0.315339;0.011957;0.975156 0.221482 0.00405258 -1.19763 -0.217742 0.96173 -0.166325 1.24454 -0.0407355 0.16131 0.986063 -1.23516 0 0 0 1 
26875431820103;0.395286;0.0272339;0.996873 -0.0780442 0.0123676 0.29759 0.0781517 0.996906 -0.0084618 -0.327953 -0.011669 0.00940189 0.999888 -0.742118 0 0 0 1 
26875431820104;0.491587;0.0311084;0.998953 0.0405404 0.0212015 0.398883 -0.0392637 0.997572 -0.0575146 0.589681 -0.0234817 0.0566219 0.99812 -0.818557 0 0 0 1 
26875431820105;0.296198;0.0253057;0.99027 -0.0380983 0.133846 0.153485 0.0776426 0.949441 -0.304194 0.218453 -0.115489 0.311626 0.94316 -0.98192 0 0 0 1 
26875431820106;0.351999;0.0259323;0.95296 -0.29161 -0.0826505 1.96063 0.297732 0.951695 0.0750486 -1.72182 0.0567731 -0.096126 0.993749 0.474031 0 0 0 1 
26875431820107;0.398745;0.0092592;0.895671 0.442972 -0.0393753 -2.39121 -0.441528 0.875165 -0.197835 3.45072 -0.0531755 0.194581 0.979444 -0.949641 0 0 0 1 
26875431820108;0.476963;0.029397;0.963641 0.2563 0.0755415 -1.75062 -0.26104 0.963375 0.0613701 2.31351 -0.0570457 -0.0788581 0.995252 1.06855 0 0 0 1 
26875431820109;0.419848;0.389049;0.998174 -0.0435276 -0.0418771 0.43634 0.0445898 0.998698 0.0247732 -0.144442 0.0407443 -0.0265953 0.998816 0.142562 0 0 0 1 
26875431820110;0.205033;0.0215535;0.996397 0.0161415 0.083266 0.010504 -0.00949733 0.996783 -0.0795822 0.403993 -0.0842827 0.0785046 0.993345 -0.194683 0 0 0 1 
26875431820111;0.333895;0.0253958;0.986533 -0.16331 0.00910651 1.29454 0.163495 0.986203 -0.0259354 -0.593308 -0.00474537 0.0270749 0.999622 0.408924 0 0 0 1 
26875431820112;0.392948;0.0143414;0.87426 -0.446482 -0.190588 3.53161 0.454666 0.890662 -0.000884898 -1.73234 0.170144 -0.08588 0.98167 -0.235097 0 0 0 1 
26875431820113;0.35267;0.026522;0.94328 -0.163495 0.28895 0.891953 0.238926 0.938598 -0.248894 -0.442814 -0.230515 0.303814 0.924424 -0.752094 0 0 0 1 
26875431820114;0.433722;0.357615;0.995576 -0.0601855 0.0721534 0.411475 0.0611163 0.998073 -0.0107614 -0.0252165 -0.0713666 0.0151235 0.997335 0.231613 0 0 0 1 
26875431820115;0.334392;0.0298537;0.974025 -0.222025 0.0445024 1.89931 0.196305 0.925891 0.322785 -0.865914 -0.112871 -0.305665 0.945425 2.51676 0 0 0 1 
26875431820116;0.39563;0.00818249;0.952483 -0.252379 0.170529 2.35867 0.259327 0.965594 -0.0194053 -1.3154 -0.159765 0.0627062 0.985162 0.505828 0 0 0 1 
26875431820117;0.505945;0.0114653;0.96727 0.253743 -0.00170935 -2.18282 -0.253469 0.965866 -0.053436 0.921265 -0.011908 0.0521203 0.99857 -0.508275 0 0 0 1 
26875431820118;0.542637;0.0248407;0.911111 0.194279 0.363501 -1.05181 -0.280192 0.938758 0.200565 0.831761 -0.302274 -0.284587 0.909748 3.29882 0 0 0 1 
26875431820119;0.33961;0.0194119;0.958217 -0.0564781 -0.280411 0.9673 -0.00884095 0.973997 -0.226386 0.0683303 0.285905 0.219406 0.932802 -2.60394 0 0 0 1 
26875431820120;0.431883;0.0187218;0.987962 0.133478 -0.0781923 -0.149223 -0.0950856 0.922683 0.37365 0.424434 0.122021 -0.361717 0.924268 1.87984 0 0 0 1 
26875431820121;0.296141;0.023059;0.934718 -0.352168 -0.0477526 2.75822 0.350877 0.935825 -0.0334317 -1.41716 0.0564617 0.0144939 0.9983 -0.573204 0 0 0 1 
26875431820122;0.699318;0.0144178;0.901632 0.0497013 0.42964 -1.16156 -0.0823259 0.994935 0.0576719 -0.143251 -0.424597 -0.0873693 0.901157 3.24456 0 0 0 1 
26875431820124;0.463953;0.0628386;0.981684 0.0702471 -0.177094 -0.133679 -0.100957 0.98011 -0.170859 1.06738 0.16157 0.185608 0.96925 -3.1794 0 0 0 1 
26875431820125;0.172503;0.0659301;0.975497 0.217639 -0.0322237 -1.83665 -0.216799 0.975825 0.0276411 1.24827 0.0374605 -0.0199778 0.999098 -0.0323611 0 0 0 1 
26875431820126;0.469661;0.0723549;0.999899 -0.0132794 -0.00502491 -0.424689 0.0129946 0.99851 -0.0529927 0.363473 0.00572114 0.0529221 0.998582 0.0908 0 0 0 1 
26875431820127;0.198437;0.0616572;0.996513 -0.0830703 -0.00780939 0.666062 0.0830586 0.996543 -0.00181208 -0.154215 0.00793292 0.00115712 0.999968 -0.0763778 0 0 0 1 
26875431820128;0.38452;0.0655075;0.947512 -0.319686 0.00470935 3.20356 0.319707 0.947505 -0.00470577 -1.00506 -0.00295776 0.00596438 0.999978 -0.451598 0 0 0 1 
26875431820129;0.474436;0.0744888;0.936462 -0.339257 0.0891306 3.41496 0.347966 0.930549 -0.114013 -1.2707 -0.0442606 0.137783 0.989473 -1.64855 0 0 0 1 
26875431820130;0.313572;0.0664815;0.994326 -0.10633 -0.0031948 0.836934 0.106222 0.994042 -0.024429 -0.648248 0.00577331 0.0239511 0.999696 -0.817769 0 0 0 1 
26875431820131;0.549583;0.0496854;0.992796 0.117158 -0.0251053 -1.61397 -0.113649 0.987144 0.112388 0.364042 0.0379497 -0.108725 0.993347 1.5503 0 0 0 1 
26875431820132;0.557397;0.0729945;0.895692 0.443649 -0.0302009 -2.89102 -0.441569 0.879365 -0.17814 3.85422 -0.0524741 0.172895 0.983542 -0.852354 0 0 0 1 
26875431820133;0.523064;0.243867;0.997859 -0.0257961 0.0600924 0.247182 0.014425 0.983102 0.182487 -0.287224 -0.0637845 -0.18123 0.98137 2.63797 0 0 0 1 
26875431820134;0.28355;0.0565323;0.981605 0.186256 0.041961 -1.89321 -0.186145 0.9825 -0.0065701 1.32706 -0.0424504 -0.00136159 0.999098 -0.012554 0 0 0 1 
26875431820135;0.398345;0.068756;0.981434 -0.048826 -0.185483 0.453257 0.0777173 0.985345 0.151841 -0.648511 0.175351 -0.163437 0.970845 1.15249 0 0 0 1 
26875431820136;0.188337;0.056744;0.996774 0.063846 0.0486339 -0.801258 -0.0631133 0.997871 -0.0164567 0.58638 -0.049581 0.0133342 0.998681 0.156445 0 0 0 1 
26875431820137;0.314888;0.0548468;0.936817 -0.0173201 0.349392 -0.0991141 0.0422177 0.997071 -0.0637704 -0.251449 -0.347264 0.0744917 0.934804 1.30199 0 0 0 1 
26875431820138;0.521003;0.0380746;0.999841 0.0168216 0.00586275 -0.498088 -0.0168039 0.999854 -0.00305108 -0.408249 -0.00591322 0.00295207 0.999978 0.806165 0 0 0 1 
26875431820139;0.534563;0.050077;0.96267 -0.224524 -0.151181 3.00567 0.204136 0.968993 -0.139215 -1.2661 0.177751 0.103156 0.978654 -1.72256 0 0 0 1 
26875431820140;0.635129;0.0720397;0.933664 0.118359 -0.338027 0.347252 -0.112837 0.992961 0.0360173 1.15081 0.33991 0.00451372 0.940447 -1.60346 0 0 0 1 
26875431820141;0.451247;0.0577578;0.937195 -0.347381 -0.0314995 3.3722 0.34348 0.90339 0.256725 -1.63542 -0.0607252 -0.251421 0.965971 3.01934 0 0 0 1 
26875431820142;0.45211;0.0718885;0.96879 0.0498528 -0.242817 -0.686252 -0.0730703 0.993475 -0.0875651 0.666168 0.236867 0.102575 0.966112 -1.69083 0 0 0 1 
26875431820143;0.371493;0.0749127;0.925217 0.0428241 0.377014 -0.666785 -0.135217 0.965591 0.222152 0.568897 -0.354528 -0.256517 0.899171 4.35808 0 0 0 1 
26875431820144;0.382734;0.0572793;0.9746 0.0125532 0.2236 -0.228881 0.0649564 0.939663 -0.335878 0.818596 -0.214325 0.341871 0.91498 -1.91922 0 0 0 1 
26875431820145;0.502979;0.0769335;0.970827 0.233346 0.0551765 -2.27013 -0.231738 0.972183 -0.0340255 1.94006 -0.0615813 0.0202464 0.997897 -0.462655 0 0 0 1 
26875431820146;0.275674;0.0731438;0.958636 0.282992 0.0305301 -2.17605 -0.284521 0.955745 0.0748256 1.85257 -0.00800397 -0.080417 0.996729 0.594443 0 0 0 1 
26875431820147;0.238197;0.0787792;0.992367 0.038314 -0.117214 -0.0368173 -0.0513904 0.992529 -0.110655 0.547651 0.112099 0.115835 0.986923 -1.44965 0 0 0 1 
26875431820148;0.24302;0.0386398;0.985144 -0.134435 0.106854 1.01313 0.151767 0.972727 -0.17541 -0.709124 -0.0803588 0.189021 0.97868 -1.42958 0 0 0 1 
26875431820149;0.23664;0.0654153;0.941565 -0.327438 0.07899 3.02424 0.333098 0.93998 -0.0740446 -1.30103 -0.050004 0.0960292 0.994122 -0.60042 0 0 0 1 
26875431820150;0.324251;0.0464942;0.984487 -0.172623 -0.0314134 1.62167 0.168726 0.980536 -0.1004 -0.86902 0.0481332 0.0935418 0.994451 -0.576795 0 0 0 1 
26875431820151;0.348638;0.0671261;0.959669 -0.184951 -0.21173 2.11491 0.234167 0.942625 0.237959 -1.30005 0.155571 -0.277942 0.947917 1.85973 0 0 0 1 
26875431820152;0.39459;0.0701423;0.993272 -0.0857464 0.0778397 0.416445 0.0902737 0.994306 -0.0566321 -0.313103 -0.0725404 0.0632779 0.995356 -0.842678 0 0 0 1 
26875431820153;0.461448;0.0691299;0.963247 0.265728 -0.0392907 -2.03249 -0.263978 0.963497 0.0446013 1.51735 0.0497083 -0.0325902 0.998232 -0.680713 0 0 0 1 
26875431820155;0.281618;0.0138595;0.997156 0.0471544 -0.0587935 0.469274 -0.0479772 0.998768 -0.0126615 0.0925646 0.058124 0.0154462 0.99819 -0.0641065 0 0 0 1 
26875431820156;0.544215;0.0135875;0.979395 0.197459 -0.0423846 -0.0721455 -0.196553 0.980185 0.024597 0.171156 0.0464016 -0.0157593 0.998799 0.673762 0 0 0 1 
26875431820157;0.2633;0.0192416;0.983217 -0.182432 -0.00196034 0.0716459 0.176064 0.951603 -0.2519 -0.099251 0.0478199 0.247327 0.967751 -0.098497 0 0 0 1 
26875431820158;0.308459;0.218435;0.992654 0.120259 -0.0132261 0.0755392 -0.120115 0.992696 0.0112314 0.434581 0.0144802 -0.00956029 0.999849 0.121698 0 0 0 1 
26875431820159;0.600497;0.0137783;0.998082 0.0564385 0.0254395 0.76324 -0.0527479 0.990402 -0.127756 0.0441219 -0.0324057 0.126169 0.991479 0.577015 0 0 0 1 
26875431820160;0.450407;0.0345741;0.901811 -0.213559 0.375671 -0.183885 0.285089 0.947343 -0.145826 -0.255895 -0.324747 0.238607 0.915208 0.762928 0 0 0 1 
26875431820161;0.500041;0.0187396;0.974705 -0.220817 -0.0344806 -0.272823 0.219272 0.97469 -0.0435803 -0.573208 0.0432312 0.0349174 0.998455 0.50862 0 0 0 1 
26875431820162;0.266888;0.014248;0.977881 0.148806 0.146986 -0.117134 -0.119383 0.974119 -0.191938 0.145828 -0.171744 0.170145 0.970338 0.533021 0 0 0 1 
26875431820163;0.112835;0.0169628;0.993984 -0.00351056 0.109469 -0.000470195 -0.00100487 0.999152 0.041166 0.019742 -0.109521 -0.0410283 0.993137 0.364647 0 0 0 1 
26875431820164;0.259006;0.0294364;0.984079 -0.176331 -0.0222524 0.0216037 0.176901 0.983859 0.0269602 -0.601798 0.0171393 -0.0304674 0.999389 -0.248001 0 0 0 1 
26875431820165;0.440579;0.0306062;0.928036 0.372487 0.00148816 0.0996977 -0.363069 0.903664 0.227095 0.521071 0.0832449 -0.211292 0.973872 -0.436924 0 0 0 1 
26875431820166;0.350624;0.289065;0.997447 -0.0445395 -0.0558146 -0.0367657 0.0425292 0.998421 -0.0367019 0.0198086 0.0573612 0.0342345 0.997766 -0.138192 0 0 0 1 
26875431820167;0.350308;0.0224925;0.979094 -0.189433 0.0740943 0.411189 0.199781 0.964052 -0.175189 -0.106998 -0.0382442 0.186329 0.981743 0.0551446 0 0 0 1 
26875431820168;0.226339;0.0267864;0.983551 -0.0579366 -0.171086 0.366858 0.0498651 0.997447 -0.0511083 -0.240082 0.17361 0.0417364 0.98393 -0.435002 0 0 0 1 
26875431820169;0.436398;0.00911787;0.998996 -0.0438905 -0.00901054 0.247834 0.0439352 0.999023 0.00482823 0.241985 0.00878982 -0.00521927 0.999948 0.550604 0 0 0 1 
26875431820170;0.561995;0.0204104;0.978003 0.0355435 0.205538 -0.46875 -0.0203004 0.996916 -0.075801 -0.446972 -0.207598 0.0699612 0.975709 -0.0306145 0 0 0 1 
26875431820171;0.275385;0.011876;0.997386 0.0703146 0.0166649 -0.0582792 -0.0705932 0.997364 0.0167638 0.162907 -0.0154423 -0.0178964 0.999721 0.474619 0 0 0 1 
26875431820172;0.126727;0.015338;0.999964 -0.00365979 0.00770318 0.0031463 0.00430846 0.99629 -0.0859506 0.033775 -0.00736004 0.0859806 0.99627 0.174948 0 0 0 1 
26875431820173;0.248339;0.0141804;0.988876 -0.105306 0.10505 -0.109097 0.102144 0.994152 0.0350537 0.053256 -0.108127 -0.0239336 0.993849 0.344061 0 0 0 1 
26875431820174;0.442063;0.00962474;0.918607 -0.194912 0.343759 -0.309483 0.173037 0.980465 0.0935271 -0.666749 -0.355273 -0.0264314 0.934389 0.643473 0 0 0 1 
26875431820175;0.573407;0.0363918;0.91636 0.247108 -0.314996 0.820072 -0.328558 0.913744 -0.239 0.796996 0.228767 0.322504 0.918508 -0.897822 0 0 0 1 
26875431820176;0.270556;0.0210562;0.990926 0.130241 -0.0332112 -0.305847 -0.133676 0.980728 -0.142488 0.321655 0.0140135 0.145634 0.989239 -0.0171174 0 0 0 1 
26875431820177;0.516211;0.0377538;0.994802 0.0593608 -0.0827359 -0.465209 -0.0736207 0.980604 -0.181645 -0.21974 0.0703486 0.186792 0.979878 -0.0315731 0 0 0 1 
26875431820178;0.516876;0.23159;0.988853 -0.0949854 -0.114663 0.258349 0.107317 0.988489 0.106646 -0.3917 0.103213 -0.117763 0.987663 0.38052 0 0 0 1 
26875431820179;0.506678;0.351841;0.975191 0.208655 0.0739309 -0.358875 -0.208824 0.977938 -0.00552369 0.544354 -0.0734523 -0.0100519 0.997248 0.0623011 0 0 0 1 
26875431820180;0.166082;0.016999;0.997635 -0.00722413 0.0683546 -0.197899 0.000962074 0.995832 0.091204 0.0875451 -0.0687286 -0.0909226 0.993484 0.136585 0 0 0 1 
26875431820181;0.220973;0.0121445;0.979615 -0.199 0.0274374 0.226805 0.192334 0.968561 0.157791 -0.445095 -0.0579751 -0.149297 0.987091 0.305238 0 0 0 1 
26875431820182;0.311591;0.0184371;0.999953 0.00722427 -0.00644892 0.478777 -0.0073034 0.999897 -0.0123326 0.0869922 0.00635917 0.0123791 0.999903 -0.104623 0 0 0 1 
26875431820183;0.378261;0.216719;0.965726 0.245442 -0.0844454 0.000474201 -0.232828 0.962941 0.136149 0.817671 0.114732 -0.111821 0.987083 -0.338129 0 0 0 1 
26875431820184;0.707951;0.0223141;0.953388 -0.293239 0.0711539 -0.0781416 0.299407 0.94863 -0.102262 -0.38355 -0.0375117 0.118799 0.992209 -0.881855 0 0 0 1 
26875431820186;0.0232744;0.0345551;0.999989 -0.00405884 -0.00248338 -0.0214563 0.00404416 0.999974 -0.00588933 -0.0479615 0.00250722 0.00587922 0.99998 0.0394774 0 0 0 1 
26875431820187;0.469951;0.0352285;0.997812 -0.0488071 0.0446037 0.11362 0.0488096 0.998808 0.00103287 0.0503045 -0.044601 0.00114648 0.999004 -0.720119 0 0 0 1 
26875431820188;0.333415;0.0328534;0.96583 0.0887462 0.243507 -0.157991 -0.0823979 0.995944 -0.0361542 0.546468 -0.245728 0.0148543 0.969225 0.147404 0 0 0 1 
26875431820189;0.215891;0.0383138;0.999565 -0.0230698 0.0183684 -0.00929851 0.0258401 0.985342 -0.16862 0.312691 -0.0142091 0.169021 0.98551 0.0926667 0 0 0 1 
26875431820190;0.353199;0.0303726;0.999011 -0.00539554 -0.0441288 0.120941 0.00491493 0.999928 -0.0109923 -0.0385146 0.0441849 0.0107645 0.998965 0.572634 0 0 0 1 
26875431820191;0.375035;0.0491995;0.885038 0.108465 -0.452706 0.610085 -0.0664463 0.991954 0.107763 -0.0831291 0.460752 -0.0652941 0.885124 -0.431391 0 0 0 1 
26875431820192;0.269163;0.0381899;0.998889 -0.0346942 0.0318761 -0.165382 0.0354817 0.99907 -0.0244802 0.334894 -0.0309972 0.025584 0.999192 0.250663 0 0 0 1 
26875431820193;0.42369;0.0353754;0.912718 -0.173014 0.370152 -0.297216 0.265427 0.939805 -0.215211 -0.0588829 -0.310636 0.294676 0.903699 0.52184 0 0 0 1 
26875431820194;0.276623;0.0311011;0.948383 0.254773 0.188838 -0.239067 -0.249816 0.967001 -0.0500138 0.412344 -0.195349 0.000257367 0.980734 0.560645 0 0 0 1 
26875431820195;0.12753;0.0377381;0.997809 0.065974 0.00486948 -0.189475 -0.0659957 0.99781 0.00444455 0.0692634 -0.00456559 -0.00475618 0.999978 -0.0910559 0 0 0 1 
26875431820196;0.182656;0.037126;0.998327 -0.0578238 -0.00042071 -0.132532 0.0577407 0.997233 -0.0468257 -0.327913 0.00312718 0.046723 0.998903 -0.115229 0 0 0 1 
26875431820197;0.141522;0.0394652;0.999357 0.0308549 -0.0182813 -0.25804 -0.030398 0.999231 0.0247693 0.0590395 0.0190315 -0.0241976 0.999526 -0.0369137 0 0 0 1 
26875431820198;0.296595;0.0337308;0.961064 -0.265418 -0.0768724 0.392885 0.265666 0.964038 -0.00716633 -0.251755 0.07601 -0.0135351 0.997015 -0.302523 0 0 0 1 
26875431820199;0.374604;0.310313;0.99624 -0.0655799 -0.0566208 0.0984784 0.0681113 0.996707 0.0439982 -0.149388 0.053549 -0.0476893 0.997426 0.00536071 0 0 0 1 
26875431820200;0.14975;0.0372021;0.998945 0.0121889 -0.044268 -0.215121 -0.00929353 0.99784 0.0650311 0.058891 0.0449651 -0.0645511 0.996901 0.0145309 0 0 0 1 
26875431820201;0.180431;0.0439545;0.995669 -0.040168 -0.0838495 0.315117 0.040246 0.99919 -0.000760649 -0.138543 0.0838121 -0.00261725 0.996478 -0.111681 0 0 0 1 
26875431820202;0.0568232;0.039198;0.999314 -0.0351049 -0.0118274 -0.0237538 0.0342878 0.997401 -0.0633663 0.0308592 0.0140211 0.0629172 0.99792 -0.0163952 0 0 0 1 
26875431820203;0.370175;0.324321;0.999509 -0.0283315 -0.0133758 -0.0316782 0.0290163 0.998112 0.0541278 -0.0667104 0.0118171 -0.0544893 0.998444 0.0142652 0 0 0 1 
26875431820204;0.336699;0.317991;0.993099 0.117193 0.00444832 -0.175798 -0.115755 0.985596 -0.12329 0.532322 -0.018833 0.121925 0.992361 0.0750082 0 0 0 1 
26875431820205;0.579018;0.175303;0.974944 0.0142747 0.221992 0.39295 -0.0308295 0.996979 0.0712882 -0.435053 -0.220304 -0.0763459 0.972439 -0.0807646 0 0 0 1 
26875431820206;0.454909;0.0272869;0.947395 0.0250637 0.319083 -0.245243 0.0531447 0.970772 -0.234046 -0.0634751 -0.315623 0.238692 0.918373 1.05923 0 0 0 1 
26875431820207;0.201469;0.0298789;0.993487 0.0991113 0.0562098 -0.158698 -0.107635 0.978195 0.177621 -0.0597051 -0.0373799 -0.182514 0.982492 0.285816 0 0 0 1 
26875431820208;0.418791;0.317204;0.998094 -0.0546912 0.0285766 -0.191421 0.0495441 0.986318 0.157233 -0.264864 -0.0367848 -0.155518 0.987148 -0.00629025 0 0 0 1 
26875431820209;0.261543;0.236066;0.998874 -0.0473743 0.00249893 0.0341282 0.047422 0.998563 -0.024962 0.00630883 -0.00131278 0.0250524 0.999685 0.0196809 0 0 0 1 
26875431820210;0.579052;0.335276;0.997126 -0.0752415 0.0088336 -0.422159 0.0741756 0.993345 0.0881089 -0.299034 -0.0154043 -0.0872005 0.996072 -0.0549675 0 0 0 1 
26875431820211;0.254845;0.0361689;0.972919 -0.229456 -0.0278867 0.246959 0.229179 0.9733 -0.0128069 -0.419839 0.0300807 0.00606901 0.999529 0.251774 0 0 0 1 
26875431820212;0.320883;0.035871;0.966396 -0.129707 0.221936 0.0218775 0.157242 0.98128 -0.111198 -0.257613 -0.203358 0.142359 0.9687 0.725925 0 0 0 1 
26875431820213;0.233658;0.0403748;0.998618 -0.0524108 0.00380153 -0.126376 0.0524969 0.991822 -0.116329 -0.0162607 0.00232644 0.116368 0.993203 -0.390182 0 0 0 1 
26875431820214;0.442932;0.0378173;0.981671 0.0382279 -0.186711 0.341888 -0.0850414 0.964601 -0.249626 0.545443 0.170559 0.260929 0.950171 0.292356 0 0 0 1 
26875431820215;0.292551;0.0296688;0.971446 0.060921 0.229306 0.0292596 -0.00793923 0.974279 -0.225207 -0.153496 -0.237128 0.216956 0.946943 0.344706 0 0 0 1 
26875431820217;0.53888;0.0182957;0.946889 -0.257155 0.193061 1.0136 0.311264 0.883703 -0.349547 -0.678668 -0.0807211 0.391075 0.916812 -0.403157 0 0 0 1 
26875431820218;0.132212;0.0305257;0.999997 -0.000810208 0.00236781 -0.0194543 0.000884086 0.999508 -0.0313682 0.174701 -0.00234123 0.0313702 0.999505 0.135597 0 0 0 1 
26875431820219;0.276971;0.0228004;0.991377 -0.04294 0.123802 0.39257 0.0459363 0.998714 -0.021449 -0.609308 -0.122722 0.026951 0.992075 0.3697 0 0 0 1 
26875431820220;0.346183;0.378027;0.996444 0.07747 0.0331285 -0.201478 -0.0788413 0.995989 0.042313 0.124562 -0.0297177 -0.0447745 0.998555 0.225529 0 0 0 1 
26875431820221;0.22686;0.0173365;0.999893 0.000891409 0.0146006 0.392121 -0.000813551 0.999985 -0.00533758 -0.0185524 -0.0146051 0.00532513 0.999879 -0.232441 0 0 0 1 
26875431820222;0.271182;0.230962;0.991873 0.088218 0.0916778 -0.186525 -0.0859709 0.995899 -0.0281846 0.212258 -0.0937882 0.0200739 0.99539 0.306747 0 0 0 1 
26875431820223;0.173034;0.0193018;0.999935 -0.00220799 0.0112171 -0.182461 0.00223127 0.999995 -0.00206294 -0.188787 -0.0112125 0.00208784 0.999935 -0.253 0 0 0 1 
26875431820224;0.421446;0.0251511;0.995185 0.0578893 0.0790983 -0.699239 -0.06261 0.996318 0.0585641 -0.32351 -0.0754168 -0.0632344 0.995145 0.614909 0 0 0 1 
26875431820225;0.149136;0.022343;0.983882 0.178806 0.00214499 -0.162042 -0.17864 0.982293 0.0564611 0.781676 0.00798855 -0.0559343 0.998402 -0.0425132 0 0 0 1 
26875431820226;0.0692592;0.0174817;0.999545 -0.027215 0.0130148 0.142598 0.0274273 0.999489 -0.016427 -0.100748 -0.0125611 0.0167765 0.99978 -0.0381371 0 0 0 1 
26875431820227;0.394953;0.277356;0.985917 0.148194 0.0774965 -0.42827 -0.155973 0.98201 0.106441 0.142527 -0.0603285 -0.117029 0.991294 -0.174484 0 0 0 1 
26875431820228;0.385763;0.0269851;0.999741 -0.0213369 0.00789274 -0.267455 0.022059 0.994022 -0.106929 0.651543 -0.00556402 0.107076 0.994235 0.143411 0 0 0 1 
26875431820229;0.236316;0.0296751;0.979634 -0.0937318 0.17757 0.150537 0.0919336 0.995596 0.0183457 -0.137649 -0.178507 -0.00164742 0.983937 0.799742 0 0 0 1 
26875431820230;0.353557;0.281062;0.974788 0.209793 0.0759937 -0.453252 -0.206804 0.977331 -0.0453547 0.859444 -0.083786 0.0284954 0.996076 0.158518 0 0 0 1 
26875431820231;0.448584;0.0262366;0.999076 0.0156214 0.0400326 -0.275382 -0.0139256 0.999008 -0.0422951 0.302065 -0.0406536 0.0416985 0.998303 -0.773336 0 0 0 1 
26875431820232;0.290281;0.0283127;0.96471 -0.187577 0.184793 0.538734 0.127067 0.946316 0.297219 -0.632729 -0.230624 -0.263249 0.936756 1.267 0 0 0 1 
26875431820233;0.217224;0.0242947;0.996765 -0.0691513 -0.0409691 0.550826 0.0686147 0.99754 -0.0143632 -0.30555 0.0418615 0.0115056 0.999057 -0.283001 0 0 0 1 
26875431820234;0.288361;0.023191;0.986528 -0.156122 -0.0488726 0.304175 0.159765 0.983693 0.082604 -1.34226 0.0351793 -0.0892993 0.995383 -0.295014 0 0 0 1 
26875431820235;0.189456;0.0254356;0.979962 -0.147104 -0.134292 0.485478 0.149523 0.988725 0.00805256 -0.75287 0.131593 -0.0279709 0.990909 -0.654937 0 0 0 1 
26875431820236;0.315102;0.0278473;0.93249 0.245946 0.264524 -0.149435 -0.221595 0.967882 -0.118747 1.31774 -0.285233 0.0521131 0.95704 1.515 0 0 0 1 
26875431820237;0.012092;0.0201246;0.999939 0.000747417 0.0110535 -0.00440867 -0.000677904 0.99998 -0.0062912 -0.0223136 -0.0110579 0.00628332 0.999919 0.0257484 0 0 0 1 
26875431820238;0.26454;0.0272848;0.954035 -0.27242 0.124914 0.494153 0.262332 0.960635 0.0914464 -1.42286 -0.144908 -0.0544743 0.987944 0.938361 0 0 0 1 
26875431820239;0.246987;0.0256431;0.998971 0.0350099 0.0288168 -0.322503 -0.0374014 0.995495 0.0871261 -0.292565 -0.0256367 -0.0881143 0.99578 0.161072 0 0 0 1 
26875431820240;0.363487;0.0291646;0.905443 0.407381 -0.11922 -0.121215 -0.381772 0.904354 0.190773 1.84944 0.185535 -0.127219 0.974368 -0.906864 0 0 0 1 
26875431820241;0.468508;0.028412;0.891819 -0.452099 0.0162945 0.64575 0.452249 0.891864 -0.00697035 -2.24017 -0.0113812 0.0135855 0.999843 0.399541 0 0 0 1 
26875431820242;0.496458;0.0221587;0.964128 -0.208145 -0.164721 0.873584 0.257068 0.886794 0.384073 -1.98757 0.0661303 -0.41264 0.908491 -0.0349452 0 0 0 1 
26875431820243;0.419239;0.0297869;0.903685 0.265514 0.33594 -0.396116 -0.218388 0.960625 -0.171774 1.3293 -0.368321 0.0818643 0.926088 1.4641 0 0 0 1 
26875431820244;0.327061;0.0349504;0.999927 0.00564422 0.0107202 -0.513182 -0.00439915 0.993607 -0.112806 0.486621 -0.0112884 0.112751 0.993559 0.0169181 0 0 0 1 
26875431820245;0.440644;0.0201105;0.909823 0.055695 0.411242 -0.400613 -0.101582 0.990696 0.0905668 0.251787 -0.402372 -0.124175 0.907016 1.92583 0 0 0 1 
26875431820246;0.33651;0.0218601;0.987812 -0.0513633 0.146931 -0.0849273 0.0397637 0.995935 0.0808229 -0.623285 -0.150485 -0.0739954 0.985839 0.245488 0 0 0 1 
26875431820248;0.482971;0.0302639;0.9418 -0.0842038 -0.325459 0.80189 0.114914 0.990442 0.0762816 -0.357008 0.315925 -0.109242 0.942474 -2.2706 0 0 0 1 
26875431820249;0.481186;0.0269;0.971026 -0.194689 -0.138581 0.352883 0.183687 0.97901 -0.088308 -0.720197 0.152864 0.060294 0.986406 0.335166 0 0 0 1 
26875431820250;0.362957;0.0256181;0.965441 0.225417 0.130805 0.133785 -0.209281 0.969657 -0.126361 1.51174 -0.15532 0.094619 0.983322 0.533429 0 0 0 1 
26875431820251;0.294996;0.0298033;0.995946 0.0898592 -0.00406899 0.62578 -0.0894546 0.99418 0.0600346 0.0988249 0.00943996 -0.0594272 0.998188 -0.253085 0 0 0 1 
26875431820252;0.28587;0.0264904;0.999627 -0.0266709 0.0058814 0.314887 0.0266716 0.999644 -2.89933e-05 -0.62939 -0.00587853 0.000185849 0.999983 0.293081 0 0 0 1 
26875431820253;0.612372;0.0256695;0.960338 0.0877218 -0.264682 1.13753 -0.0258154 0.973119 0.22885 -0.954803 0.277642 -0.21294 0.936788 -1.08055 0 0 0 1 
26875431820254;0.431445;0.363332;0.998968 0.0349061 0.0290703 -0.0228681 -0.032515 0.996343 -0.0790163 0.231341 -0.0317222 0.0779895 0.996449 -0.00685621 0 0 0 1 
26875431820255;0.351175;0.0322129;0.99956 -0.0267473 0.0128238 -0.270719 0.0266438 0.999612 0.00817478 -0.0295 -0.0130375 -0.00782951 0.999884 0.848862 0 0 0 1 
26875431820256;0.151421;0.0242647;0.982183 0.187918 -0.00158119 0.133245 -0.187925 0.982132 -0.0100757 0.865931 -0.000340466 0.0101933 0.999948 0.0413047 0 0 0 1 
26875431820257;0.412483;0.0266873;0.986464 -0.155764 -0.0512505 -0.118519 0.160499 0.981204 0.107136 -1.64436 0.0335993 -0.113911 0.992923 -0.292062 0 0 0 1 
26875431820258;0.238327;0.0269093;0.982422 0.186313 -0.0115822 0.173487 -0.181492 0.967833 0.17424 0.598145 0.0436729 -0.169075 0.984635 -0.0244908 0 0 0 1 
