#;prob_registration_l1 -r /home/probabilistic_point_clouds_registration/build/tester /home/point_clouds_registration_benchmark//devel/registration_pairs/wood_summer_local.txt /home/point_clouds_registration_benchmark//eth/wood_summer -s 0.2 -t 0.2 -p 0.3 -r 1000 -m 15 -i 40 
id;initial_error;final_error;transformation
2318808360000;0.0774618;0.0356574;0.997976 0.0430143 0.0468351 -0.506337 -0.0429481 0.999074 -0.00241885 0.43744 -0.0468958 0.000402475 0.9989 0.338579 0 0 0 1 
2318808360001;0.306883;0.0372812;0.997415 0.0711201 -0.0102268 -0.183602 -0.071283 0.997319 -0.0165621 0.593492 0.00902144 0.0172483 0.999811 -0.402448 0 0 0 1 
2318808360002;0.495258;0.0335587;0.915661 -0.388043 -0.104823 4.80467 0.386899 0.921571 -0.0318658 -1.78552 0.108967 -0.0113775 0.99398 -0.15326 0 0 0 1 
2318808360003;0.524546;0.0345621;0.911665 -0.407693 -0.0515116 4.41786 0.410708 0.899813 0.147157 -2.68043 -0.0136439 -0.155314 0.987771 1.28929 0 0 0 1 
2318808360004;0.20511;0.021743;0.99791 -0.0604651 0.0228087 0.574817 0.0603778 0.998165 0.00449868 -0.502811 -0.0230389 -0.00311214 0.99973 -0.183096 0 0 0 1 
2318808360005;0.440296;0.262789;0.995903 -0.0255349 -0.0867526 0.411098 0.0401985 0.984321 0.171744 -0.670593 0.0810069 -0.174528 0.981314 0.606534 0 0 0 1 
2318808360006;0.169359;0.0378685;0.99631 -0.0821187 0.0249469 0.968487 0.0825575 0.99644 -0.0170962 -0.420996 -0.0234541 0.0190926 0.999543 0.0977736 0 0 0 1 
2318808360007;0.299345;0.0327972;0.928808 -0.36554 0.0607952 4.24348 0.364373 0.93078 0.0296888 -2.26004 -0.0674394 -0.00542312 0.997709 0.489275 0 0 0 1 
2318808360008;0.34518;0.247272;0.985599 0.109727 0.128663 -1.17922 -0.116682 0.992018 0.0478028 0.669684 -0.122391 -0.0621271 0.990536 1.81431 0 0 0 1 
2318808360009;0.553788;0.409517;0.995867 0.0686727 0.0594376 -0.671585 -0.0685557 0.997639 -0.00400734 0.286225 -0.0595725 -8.40132e-05 0.998224 0.611453 0 0 0 1 
2318808360010;0.296129;0.02798;0.992268 -0.124081 0.00280266 1.18618 0.123887 0.991571 0.0379291 -1.2296 -0.00748533 -0.0372886 0.999277 -0.013288 0 0 0 1 
2318808360011;0.267088;0.0364124;0.97417 -0.187912 0.125227 2.08115 0.174676 0.978519 0.109496 -1.26599 -0.143113 -0.0847941 0.986067 2.33206 0 0 0 1 
2318808360012;0.117207;0.0306937;0.996888 -0.00555703 -0.0786333 0.0768798 0.00926969 0.998855 0.0469289 -0.184671 0.0782825 -0.0475118 0.995798 -0.281392 0 0 0 1 
2318808360013;0.297157;0.0381116;0.996416 -0.0521574 0.0665936 -0.0365279 0.0544934 0.997943 -0.0337565 -0.617523 -0.064696 0.0372644 0.997209 -0.0238282 0 0 0 1 
2318808360014;0.320442;0.0292301;0.99995 0.00604693 0.00792708 -0.0531139 -0.00604005 0.999981 -0.000892063 0.062134 -0.00793233 0.000844138 0.999968 -0.602955 0 0 0 1 
2318808360015;0.329054;0.0290252;0.96258 0.241773 -0.122412 -2.12349 -0.254022 0.962344 -0.0967847 2.4637 0.0944028 0.124259 0.987749 -2.49151 0 0 0 1 
2318808360016;0.335073;0.0266435;0.999511 0.0312095 0.00201075 -0.248293 -0.0312214 0.999493 0.00620444 -0.0706977 -0.00181609 -0.00626419 0.999979 -0.515743 0 0 0 1 
2318808360017;0.483715;0.023788;0.972895 0.226834 -0.0449678 -2.53572 -0.226995 0.973895 0.0015441 1.77544 0.0441441 0.00870523 0.998987 0.258192 0 0 0 1 
2318808360018;0.313611;0.0328152;0.909199 -0.405158 -0.0959353 4.93729 0.396492 0.912844 -0.0975215 -2.09421 0.127086 0.0506288 0.990599 -1.49651 0 0 0 1 
2318808360019;0.502137;0.446603;0.999582 0.0208271 0.0200542 -0.269542 -0.0202776 0.999424 -0.027226 -0.00256645 -0.0206097 0.0268079 0.999428 -0.263187 0 0 0 1 
2318808360020;0.421809;0.0337362;0.964782 0.0227721 0.262064 -0.587197 0.00040102 0.996117 -0.088034 0.232443 -0.263051 0.0850386 0.961027 0.540536 0 0 0 1 
2318808360021;0.393879;0.0319646;0.91036 -0.299041 -0.286039 4.28993 0.205196 0.926468 -0.315517 -0.837417 0.359359 0.22854 0.904782 -5.06521 0 0 0 1 
2318808360022;0.404256;0.0297124;0.99538 0.0358341 -0.089073 -0.316541 -0.0420381 0.996746 -0.0687799 1.1379 0.0863185 0.0722066 0.993647 -1.75995 0 0 0 1 
2318808360023;0.175152;0.0285708;0.978751 -0.192576 0.0704288 1.97798 0.195919 0.97963 -0.044052 -1.29501 -0.0605109 0.0569142 0.996544 -0.102489 0 0 0 1 
2318808360024;0.438639;0.0208402;0.993551 0.0141898 -0.112492 -0.856601 -0.0264464 0.993775 -0.108224 0.414865 0.110256 0.110501 0.987741 -2.07385 0 0 0 1 
2318808360025;0.493149;0.0352982;0.984981 -0.172497 -0.00758113 1.7208 0.172187 0.984576 -0.0310112 -0.690324 0.0128135 0.0292401 0.99949 0.322518 0 0 0 1 
2318808360026;0.26214;0.0328332;0.981707 0.0136736 -0.189906 -0.15941 -0.00127799 0.997869 0.065242 -0.0761314 0.190393 -0.0638058 0.979632 -0.505806 0 0 0 1 
2318808360027;0.301824;0.0330624;0.971656 0.236337 -0.00537667 -2.25007 -0.228823 0.934568 -0.27244 2.96106 -0.0593626 0.265948 0.962158 -2.22648 0 0 0 1 
2318808360028;0.111442;0.0287488;0.999053 -0.0313179 -0.0301944 0.335541 0.0349795 0.990955 0.129553 -0.377217 0.025864 -0.130486 0.991113 1.11897 0 0 0 1 
2318808360029;0.556383;0.0261107;0.994739 -0.0613899 -0.0820069 0.137307 0.0870542 0.928549 0.360857 -0.453393 0.0539945 -0.366097 0.929009 4.15471 0 0 0 1 
2318808360031;0.47988;0.031645;0.906204 0.375925 -0.193585 -2.62331 -0.364091 0.926521 0.0948486 3.86627 0.215016 -0.0154696 0.976488 -1.93499 0 0 0 1 
2318808360032;0.536016;0.017096;0.930957 0.0489472 -0.361834 0.659685 -0.152042 0.95294 -0.262277 2.74442 0.331968 0.299182 0.894588 -6.0144 0 0 0 1 
2318808360033;0.38485;0.00869342;0.988765 0.144472 0.0383578 -1.33207 -0.144109 0.989488 -0.0120734 1.18658 -0.0396989 0.00641007 0.999191 -0.418865 0 0 0 1 
2318808360034;0.495664;0.436732;0.961709 0.273685 0.0145367 -2.29966 -0.271913 0.959437 -0.0744637 3.66246 -0.0343267 0.0676597 0.997118 -1.03225 0 0 0 1 
2318808360035;0.329409;0.0170463;0.993452 0.105025 -0.0449805 -0.828071 -0.10533 0.994427 -0.00446814 1.09406 0.0442606 0.00917669 0.998978 -1.0131 0 0 0 1 
2318808360036;0.430313;0.012461;0.904561 0.246459 -0.34789 -1.18589 -0.234962 0.969061 0.0755871 2.01561 0.355756 0.013368 0.934483 -3.08179 0 0 0 1 
2318808360037;0.120765;0.0112623;0.994365 0.0112647 -0.10541 0.0314201 -0.0239565 0.992494 -0.119926 0.467579 0.103267 0.121775 0.987171 -2.11829 0 0 0 1 
2318808360038;0.516165;0.0136164;0.976556 -0.184505 0.110888 1.81602 0.182281 0.98279 0.0299594 -1.99861 -0.114507 -0.0090443 0.993381 1.71772 0 0 0 1 
2318808360039;0.413132;0.0133858;0.972557 -0.128653 0.193858 1.11175 0.12233 0.991501 0.0442915 -0.57096 -0.197908 -0.0193613 0.980029 2.30514 0 0 0 1 
2318808360040;0.306491;0.0139929;0.990201 0.113878 -0.0808361 -0.786735 -0.100724 0.98332 0.151445 0.822724 0.0967341 -0.141819 0.985155 0.330056 0 0 0 1 
2318808360041;0.475776;0.014498;0.875183 -0.483744 -0.00685976 6.42548 0.482981 0.874449 -0.0454837 -2.6193 0.028001 0.0364934 0.998942 -0.155076 0 0 0 1 
2318808360042;0.392346;0.0132801;0.99448 0.0445197 0.0950103 -0.571914 -0.0442421 0.999008 -0.00502743 0.388263 -0.0951399 0.000796227 0.995464 1.54086 0 0 0 1 
2318808360043;0.212163;0.00925164;0.992048 0.0620724 -0.109486 -0.442321 -0.0342279 0.970192 0.239906 0.267404 0.121114 -0.234251 0.964602 1.61876 0 0 0 1 
2318808360044;0.216595;0.00892875;0.988996 0.116137 -0.0916497 -1.34508 -0.110018 0.991516 0.0692273 0.674707 0.098912 -0.0583824 0.993382 -0.0505842 0 0 0 1 
2318808360045;0.469606;0.0154797;0.924302 0.240494 -0.29636 -1.83476 -0.322575 0.907272 -0.269819 4.04004 0.20399 0.344993 0.91617 -4.89027 0 0 0 1 
2318808360046;0.276896;0.0041429;0.999166 0.0190844 0.0361078 -0.0340546 -0.0187848 0.999786 -0.00861859 -0.316667 -0.0362646 0.00793312 0.999311 0.0435763 0 0 0 1 
2318808360047;0.219223;0.0197098;0.964811 -0.134047 -0.226211 1.98295 0.129254 0.99096 -0.0359394 -0.801765 0.228984 0.00543603 0.973415 -1.97981 0 0 0 1 
2318808360048;0.2746;0.0132847;0.948628 -0.0248248 0.315418 0.191349 0.00403799 0.997786 0.0663859 -0.0216129 -0.316368 -0.0617019 0.946628 3.29952 0 0 0 1 
2318808360049;0.475244;0.0107535;0.919209 -0.300394 -0.254594 4.55266 0.318665 0.947299 0.0328254 -2.16787 0.231316 -0.111304 0.966491 -1.18632 0 0 0 1 
2318808360050;0.266943;0.0177852;0.953657 -0.30084 -0.00580472 3.69372 0.300872 0.953648 0.00565981 -2.08026 0.00383296 -0.00714399 0.999967 -0.150512 0 0 0 1 
2318808360051;0.316495;0.0157103;0.975994 -0.0584227 0.209813 0.609149 0.0287442 0.989476 0.14181 -0.419151 -0.21589 -0.132375 0.967403 3.74597 0 0 0 1 
2318808360052;0.442125;0.367899;0.982256 0.153981 0.107066 -1.48403 -0.14605 0.986166 -0.0783917 1.60071 -0.117656 0.0613637 0.991157 0.499267 0 0 0 1 
2318808360053;0.502153;0.0117107;0.99937 -0.0317677 0.0157981 1.04252 0.0295158 0.991509 0.126643 -0.438704 -0.0196871 -0.126097 0.991823 2.21912 0 0 0 1 
2318808360054;0.189299;0.0135278;0.967595 -0.252089 -0.0145594 3.04735 0.250031 0.964564 -0.084266 -1.62049 0.035286 0.077895 0.996337 -1.16957 0 0 0 1 
2318808360055;0.56348;0.0179601;0.950778 0.137244 -0.277822 -0.105891 -0.169596 0.98084 -0.0958655 2.35332 0.259342 0.138264 0.955837 -3.60308 0 0 0 1 
2318808360056;0.0419399;0.00917608;0.998656 0.04954 -0.0152443 -0.517355 -0.0495161 0.998771 0.00193943 0.38697 0.0153217 -0.00118198 0.999882 -0.101483 0 0 0 1 
2318808360057;0.467263;0.00775854;0.997465 -0.0711442 -0.00128577 0.927764 0.0710772 0.99705 -0.0289682 -1.31257 0.0033429 0.0288034 0.99958 -0.833479 0 0 0 1 
2318808360058;0.291617;0.0153046;0.999968 0.00499096 0.00628412 -0.0117798 -0.00579815 0.990721 0.135788 0.494854 -0.0055481 -0.13582 0.990718 1.7591 0 0 0 1 
2318808360059;0.25976;0.00479789;0.975938 0.0235926 -0.216768 0.407135 -0.0398738 0.996676 -0.0710442 0.469372 0.214371 0.0779781 0.973635 -2.33145 0 0 0 1 
2318808360060;0.11731;0.00706041;0.991579 0.10064 0.0815079 -1.1593 -0.096341 0.993824 -0.055066 0.96998 -0.0865463 0.0467497 0.99515 0.208216 0 0 0 1 
2318808360062;0.468711;0.0159337;0.915151 0.397761 -0.0654563 -1.02304 -0.358474 0.877285 0.319167 2.11823 0.184376 -0.268621 0.945435 0.284049 0 0 0 1 
2318808360063;0.468392;0.0143163;0.992534 -0.120656 0.0178179 -0.42073 0.117947 0.986731 0.111577 -1.16698 -0.0310439 -0.108643 0.993596 -0.0178159 0 0 0 1 
2318808360064;0.317402;0.0161515;0.94675 0.321902 0.00653532 -0.526427 -0.321875 0.94677 -0.00489602 1.98353 -0.00776349 0.00253175 0.999967 -0.35934 0 0 0 1 
2318808360065;0.263432;0.0162267;0.973307 -0.217915 0.0720208 0.764677 0.209547 0.971768 0.108428 -1.53098 -0.0936157 -0.0904423 0.991492 1.04354 0 0 0 1 
2318808360066;0.238324;0.0206622;0.999465 -0.0326539 -0.00174324 -0.345111 0.0326795 0.999312 0.0175213 -0.422582 0.0011699 -0.0175689 0.999845 0.145032 0 0 0 1 
2318808360067;0.429905;0.0169078;0.993654 0.0943003 -0.061317 0.735953 -0.0904312 0.993903 0.0630817 0.554426 0.0668917 -0.0571364 0.996123 -0.510477 0 0 0 1 
2318808360068;0.55967;0.016048;0.887268 -0.146567 -0.437347 1.98978 0.225678 0.964874 0.134488 -1.52944 0.402274 -0.218026 0.88918 -2.20177 0 0 0 1 
2318808360069;0.324897;0.0124993;0.997288 0.066252 0.0320577 0.172335 -0.0667349 0.997669 0.0142344 0.101899 -0.0310399 -0.0163351 0.999385 -0.364765 0 0 0 1 
2318808360070;0.327797;0.014433;0.995975 0.0590736 0.0674039 0.502955 -0.0554243 0.996959 -0.0547841 0.312458 -0.0704352 0.0508278 0.996221 0.061797 0 0 0 1 
2318808360071;0.127608;0.0120566;0.989337 0.121036 0.0810059 -0.428811 -0.121631 0.992572 0.00242656 0.747552 -0.0801105 -0.0122535 0.996711 0.448393 0 0 0 1 
2318808360072;0.27755;0.0125807;0.963595 -0.260407 -0.0606123 0.724999 0.26018 0.965489 -0.0117372 -1.13704 0.061577 -0.00446026 0.998092 -0.542215 0 0 0 1 
2318808360073;0.377754;0.0171899;0.992707 -0.0646419 0.101756 0.014614 0.0804835 0.983797 -0.160207 0.0269081 -0.0897515 0.167228 0.981825 -0.68467 0 0 0 1 
2318808360074;0.367604;0.0286446;0.891858 -0.452045 -0.0156209 1.9097 0.447105 0.886286 -0.120806 -2.19197 0.0684543 0.100757 0.992553 -0.488419 0 0 0 1 
2318808360075;0.223733;0.0153088;0.964783 -0.0145673 0.262643 0.0750509 0.0118599 0.999859 0.011891 -0.255767 -0.262779 -0.00835736 0.96482 1.61865 0 0 0 1 
2318808360076;0.344651;0.0166783;0.993072 -0.116547 -0.0149877 0.864899 0.116729 0.96379 0.239758 -0.836759 -0.0134981 -0.239847 0.970717 1.24607 0 0 0 1 
2318808360077;0.167206;0.0177067;0.995294 0.0295694 0.0922762 -0.00285694 -0.0322949 0.999081 0.0281843 0.432769 -0.091358 -0.0310317 0.995334 0.510717 0 0 0 1 
2318808360078;0.455663;0.0165374;0.926283 0.368935 0.076723 -0.540966 -0.374812 0.923063 0.0864355 1.9807 -0.0389311 -0.10882 0.993299 -0.155044 0 0 0 1 
2318808360079;0.349782;0.0215703;0.990797 0.0790858 0.109848 -0.207138 -0.0946889 0.984892 0.144986 0.470179 -0.0967222 -0.154053 0.983317 1.71794 0 0 0 1 
2318808360080;0.31557;0.0206551;0.992549 0.040618 -0.114875 0.0495893 0.00693512 0.922439 0.38608 -0.49086 0.121647 -0.384001 0.915284 0.47065 0 0 0 1 
2318808360081;0.265138;0.0125037;0.99384 0.0768321 -0.0798696 -0.077447 -0.0939867 0.966201 -0.240048 1.14874 0.0587267 0.246076 0.96747 -0.788875 0 0 0 1 
2318808360082;0.291619;0.0127942;0.980365 0.128528 -0.149548 0.0056267 -0.168924 0.938647 -0.300675 1.62132 0.101728 0.320034 0.941929 -1.48111 0 0 0 1 
2318808360083;0.406111;0.0169614;0.989474 -0.144034 0.0139749 0.00170907 0.142538 0.986736 0.0776813 -0.926378 -0.0249783 -0.0748717 0.99688 -0.385075 0 0 0 1 
2318808360084;0.25521;0.0124358;0.999402 0.033392 -0.00894083 0.0782638 -0.0344731 0.943566 -0.329385 0.831849 -0.00256254 0.329496 0.944154 -0.910865 0 0 0 1 
2318808360085;0.097134;0.0177141;0.999276 -0.0137515 0.0354727 -0.0230812 0.0128353 0.999581 0.0259289 -0.0421756 -0.0358144 -0.0254549 0.999034 0.446771 0 0 0 1 
2318808360086;0.630308;0.523571;0.99741 0.0325207 -0.0641515 0.00352676 -0.0265205 0.995382 0.0922606 -0.12556 0.0668556 -0.0903203 0.993666 -0.238566 0 0 0 1 
2318808360087;0.164964;0.0163635;0.988897 0.145201 0.0316257 -0.338508 -0.141301 0.98465 -0.102457 1.08688 -0.0460171 0.0968508 0.994235 -0.0344411 0 0 0 1 
2318808360088;0.426784;0.0185367;0.922 0.206402 0.327589 -0.277743 -0.13823 0.965781 -0.219453 1.07935 -0.361675 0.157053 0.918981 2.21844 0 0 0 1 
2318808360089;0.0156956;0.0129776;0.999882 -0.0132783 -0.00767707 0.0637632 0.0134258 0.99972 0.0194986 -0.113783 0.00741601 -0.0195994 0.99978 0.0028749 0 0 0 1 
2318808360090;0.105965;0.0179377;0.999815 0.00677853 -0.0180183 -0.140558 -0.00692482 0.999943 -0.00806918 0.180807 0.0179626 0.00819246 0.999805 -0.0571204 0 0 0 1 
2318808360091;0.471367;0.0188105;0.941579 -0.0871573 -0.325318 0.935802 0.0120305 0.974022 -0.226134 0.889668 0.336576 0.209009 0.918167 -2.81494 0 0 0 1 
2318808360093;0.358587;0.00758701;0.9947 0.0901577 0.0494268 -0.132664 -0.0909667 0.99575 0.0143658 0.913655 -0.0479215 -0.0187858 0.998674 -0.488106 0 0 0 1 
2318808360094;0.104341;0.0114121;0.99701 0.0771687 0.00396799 0.127711 -0.0770138 0.996568 -0.0303335 0.307991 -0.00629518 0.0299372 0.999532 0.132573 0 0 0 1 
2318808360095;0.369651;0.0145074;0.955057 -0.296392 -0.00430372 0.461527 0.29616 0.95472 -0.0282702 -1.27577 0.0124879 0.025725 0.999591 -0.711206 0 0 0 1 
2318808360096;0.316121;0.00517384;0.999551 0.0297926 -0.00312778 0.697073 -0.0297592 0.999505 0.0102303 0.281681 0.00343102 -0.0101326 0.999943 0.361881 0 0 0 1 
2318808360097;0.369151;0.0118773;0.914763 0.283028 0.288279 0.14866 -0.272397 0.959079 -0.0772428 1.10784 -0.298344 -0.00786761 0.954426 1.08746 0 0 0 1 
2318808360098;0.287285;0.0122951;0.953654 -0.300452 0.0164928 0.12853 0.299468 0.953026 0.0453988 -1.55747 -0.0293582 -0.0383557 0.998833 -0.124824 0 0 0 1 
2318808360099;0.367143;0.0145069;0.930874 -0.364904 0.0178659 0.542519 0.365089 0.930935 -0.00838619 -2.31135 -0.0135719 0.0143291 0.999805 -0.199808 0 0 0 1 
2318808360100;0.403666;0.0083777;0.989439 -0.137323 -0.0463921 1.01111 0.141032 0.985959 0.0894149 -0.68864 0.033462 -0.0950134 0.994913 -0.563212 0 0 0 1 
2318808360101;0.302239;0.00578373;0.94334 -0.166 0.287322 -0.197041 0.17785 0.983936 -0.0154532 -0.931234 -0.280142 0.065678 0.957709 1.44695 0 0 0 1 
2318808360102;0.281834;0.00693671;0.988209 0.152188 -0.0167871 0.157556 -0.142231 0.953042 0.267359 0.138986 0.0566876 -0.261818 0.963451 -0.338353 0 0 0 1 
2318808360103;0.378578;0.0113976;0.933208 0.193924 -0.302516 0.790215 -0.110307 0.955828 0.272442 0.141722 0.341986 -0.220875 0.913378 -1.49878 0 0 0 1 
2318808360104;0.557659;0.0572837;0.902837 -0.429016 -0.0288135 0.140352 0.42777 0.902962 -0.0408973 -2.03455 0.043563 0.0245981 0.998748 -1.00212 0 0 0 1 
2318808360105;0.460355;0.279882;0.992674 -0.113376 0.0417546 -0.0545618 0.112667 0.993452 0.0189679 -0.648156 -0.0436317 -0.0141246 0.998948 -0.30318 0 0 0 1 
2318808360106;0.53681;0.0167183;0.924263 -0.071508 -0.374999 1.43254 0.065889 0.99744 -0.0278032 0.443792 0.376027 0.000989166 0.926608 -1.52522 0 0 0 1 
2318808360107;0.116161;0.0126958;0.993482 -0.0171395 0.112694 -0.0390495 0.0278653 0.995154 -0.0943013 -0.043599 -0.110532 0.0968269 0.989145 0.664707 0 0 0 1 
2318808360108;0.426496;0.00654212;0.972583 0.232487 0.00566864 0.743675 -0.232194 0.972141 -0.0320463 1.18603 -0.0129611 0.0298515 0.99947 -0.595034 0 0 0 1 
2318808360109;0.361092;0.00559713;0.989959 0.139876 0.020393 -0.824754 -0.138919 0.98939 -0.0425436 1.06803 -0.0261274 0.0392834 0.998886 -0.0710909 0 0 0 1 
2318808360110;0.188673;0.0149234;0.99068 -0.030664 -0.13271 0.450989 0.0196539 0.996315 -0.0834924 0.183952 0.134782 0.080106 0.987632 -0.78315 0 0 0 1 
2318808360111;0.302097;0.00935028;0.977608 0.180406 -0.108334 -0.388948 -0.148335 0.95594 0.253329 0.622145 0.149263 -0.231587 0.961295 -0.567915 0 0 0 1 
2318808360112;0.226828;0.0156278;0.9615 -0.25762 -0.0956546 0.519147 0.260958 0.965052 0.023981 -1.28359 0.0861337 -0.0480195 0.995126 -0.361734 0 0 0 1 
2318808360113;0.311079;0.0202672;0.918646 -0.32441 -0.225493 0.606465 0.267404 0.930701 -0.24958 -1.04839 0.290833 0.168977 0.941734 -1.39271 0 0 0 1 
2318808360114;0.267587;0.00368303;0.990464 -0.051455 0.127802 -0.0379176 0.0507104 0.998672 0.00907553 0.0548706 -0.128099 -0.00250811 0.991758 1.20342 0 0 0 1 
2318808360115;0.283003;0.00616471;0.99481 -0.101754 0.000248682 -0.0428031 0.0972769 0.951751 0.291044 -0.911183 -0.0298515 -0.289509 0.95671 0.723363 0 0 0 1 
2318808360116;0.15967;0.0110485;0.999969 0.00278165 0.00735781 0.207169 -0.00278402 0.999996 0.000311687 0.0288668 -0.00735691 -0.000332161 0.999973 -0.291201 0 0 0 1 
2318808360117;0.274094;0.0142396;0.966262 0.166402 -0.196589 0.581501 -0.200024 0.965667 -0.165762 1.26146 0.162256 0.199492 0.966372 -0.951119 0 0 0 1 
2318808360118;0.309171;0.00649764;0.995819 -0.0606935 0.068264 0.209246 0.067688 0.992133 -0.105312 -0.0484754 -0.0613352 0.109492 0.992093 0.968752 0 0 0 1 
2318808360119;0.136528;0.0103148;0.999734 0.00369349 -0.0227696 0.000974374 0.000495327 0.983433 0.181272 -0.212649 0.0230619 -0.181236 0.983169 0.147075 0 0 0 1 
2318808360120;0.394337;0.0132976;0.965244 -0.261299 0.00526579 0.379855 0.261346 0.965163 -0.0125987 -1.26111 -0.00179032 0.013537 0.999907 -0.791418 0 0 0 1 
2318808360121;0.407083;0.281586;0.991453 -0.115778 0.060143 -0.139673 0.116258 0.993209 -0.00452494 -0.672364 -0.0592107 0.0114784 0.99818 -0.094711 0 0 0 1 
2318808360122;0.325576;0.0131035;0.962966 0.0203808 -0.268852 0.866997 -0.00605995 0.998523 0.0539895 -0.0696762 0.269556 -0.0503608 0.961667 -0.972767 0 0 0 1 
2318808360124;0.330187;0.032877;0.952482 -0.159078 0.259754 1.57773 0.110679 0.975249 0.191416 -1.09146 -0.283775 -0.153571 0.946514 3.44184 0 0 0 1 
2318808360125;0.152771;0.0393966;0.989411 -0.14514 -0.00098172 1.45085 0.145133 0.989232 0.0188654 -1.22579 -0.00176698 -0.0188081 0.999822 0.274313 0 0 0 1 
2318808360126;0.0910746;0.0289709;0.998482 0.00227001 -0.0550241 -0.11458 -0.00392542 0.999542 -0.0299958 0.161911 0.0549308 0.0301663 0.998034 -0.755031 0 0 0 1 
2318808360127;0.146509;0.0340264;0.993055 -0.105937 0.0511779 0.974284 0.10355 0.993502 0.0472434 -0.801411 -0.0558502 -0.0416159 0.997571 1.02527 0 0 0 1 
2318808360128;0.288596;0.0296131;0.942229 0.132115 -0.307815 -0.482576 -0.157586 0.985723 -0.0592989 1.42103 0.295586 0.10438 0.949597 -3.25077 0 0 0 1 
2318808360129;0.489639;0.0341195;0.980481 -0.13364 -0.144209 2.06361 0.0662232 0.915091 -0.397772 1.19681 0.185123 0.380458 0.90608 -5.2391 0 0 0 1 
2318808360130;0.532869;0.317413;0.958969 -0.137115 0.24815 0.740594 0.0831473 0.972802 0.216199 -0.960779 -0.271045 -0.186695 0.944288 4.28765 0 0 0 1 
2318808360131;0.255773;0.0247441;0.998307 -0.0127601 0.0567401 -0.0866151 0.00747096 0.995687 0.0924709 -0.174176 -0.0576753 -0.0918905 0.994097 0.8631 0 0 0 1 
2318808360132;0.368015;0.340557;0.995025 0.0681791 0.0726404 -1.02689 -0.0619597 0.99448 -0.0846815 0.551687 -0.0780129 0.0797595 0.993757 -0.204266 0 0 0 1 
2318808360133;0.203483;0.0338409;0.98787 0.13037 -0.0843616 -1.09606 -0.115102 0.979429 0.165744 0.791102 0.104234 -0.154023 0.982554 0.574629 0 0 0 1 
2318808360134;0.215895;0.0354457;0.997618 -0.0230237 -0.0650273 0.587993 0.0204845 0.999012 -0.0394486 -0.217585 0.0658713 0.0380226 0.997103 -0.721237 0 0 0 1 
2318808360135;0.357096;0.031661;0.957447 0.0850743 -0.275785 -0.0628185 -0.0900219 0.995926 -0.00530674 1.03201 0.27421 0.0299077 0.961205 -2.09619 0 0 0 1 
2318808360136;0.39267;0.0369219;0.989752 -0.0902747 0.110637 0.843112 0.105027 0.985165 -0.135717 -0.0653046 -0.0967441 0.145946 0.984551 -0.196734 0 0 0 1 
2318808360137;0.205186;0.0298743;0.982704 -0.0157766 -0.184508 0.642458 0.0220412 0.999246 0.0319514 -0.228656 0.183865 -0.0354655 0.982311 -1.09727 0 0 0 1 
2318808360138;0.524941;0.035725;0.984726 -0.163918 0.0586918 1.32181 0.16367 0.986474 0.00903298 -1.35869 -0.0593786 0.000711096 0.998235 -0.503821 0 0 0 1 
2318808360139;0.224459;0.0243561;0.991853 0.121724 -0.0375548 -1.16196 -0.127105 0.965253 -0.228322 1.73938 0.00845749 0.231235 0.972861 -2.32077 0 0 0 1 
2318808360140;0.242736;0.0358899;0.99187 0.0638579 0.110076 -0.80584 -0.0541214 0.994535 -0.0892793 0.68585 -0.115176 0.0825959 0.989905 -0.319077 0 0 0 1 
2318808360141;0.27546;0.0375899;0.967883 0.237939 0.0811644 -2.04482 -0.233922 0.970642 -0.0559852 2.23903 -0.0921026 0.035201 0.995127 0.0845408 0 0 0 1 
2318808360142;0.19755;0.0409527;0.993484 -0.0994632 0.0556508 0.836653 0.0990781 0.995033 0.0096428 -0.585401 -0.0563335 -0.00406619 0.998404 0.15404 0 0 0 1 
2318808360143;0.359468;0.0289525;0.972892 -0.0719518 -0.219781 1.04249 0.0772001 0.996897 0.0153737 -0.672737 0.217993 -0.0319241 0.975428 -0.745924 0 0 0 1 
2318808360144;0.260225;0.0312816;0.982526 -0.178655 0.0522055 1.58655 0.183762 0.975671 -0.119575 -0.957834 -0.0295727 0.127078 0.991452 -1.31029 0 0 0 1 
2318808360145;0.465801;0.0311784;0.908914 -0.228914 0.34853 2.58239 0.246484 0.969127 -0.00627341 -1.57072 -0.336333 0.091609 0.937277 2.34343 0 0 0 1 
2318808360146;0.208847;0.0287076;0.984939 -0.172901 0.000719695 1.77191 0.168229 0.957347 -0.234915 -0.554964 0.039928 0.231498 0.972016 -2.68648 0 0 0 1 
2318808360147;0.522631;0.0216296;0.947937 0.254893 0.190905 -2.73221 -0.224541 0.960065 -0.166903 2.46589 -0.225824 0.115348 0.967315 -0.130214 0 0 0 1 
2318808360148;0.348601;0.205573;0.991069 0.0609977 0.118585 -0.679736 -0.0687627 0.995672 0.0625278 0.289086 -0.114258 -0.0701236 0.990973 1.8701 0 0 0 1 
2318808360149;0.220362;0.0304042;0.98578 0.166888 -0.0196493 -1.63525 -0.167438 0.985401 -0.0308034 1.50452 0.0142218 0.0336554 0.999332 -0.76122 0 0 0 1 
2318808360150;0.310305;0.0332293;0.997307 0.0621818 0.0388937 -0.983187 -0.0642992 0.99637 0.0557911 0.479692 -0.0352833 -0.0581417 0.997685 0.311379 0 0 0 1 
2318808360151;0.0639999;0.0264498;0.999251 0.0241834 -0.0302145 -0.204268 -0.0230145 0.998995 0.0384523 0.1285 0.031114 -0.0377282 0.998804 0.178013 0 0 0 1 
2318808360152;0.508923;0.0275466;0.975505 0.219701 -0.0110305 -1.26024 -0.219753 0.975548 -0.00375387 1.95272 0.00993605 0.0060859 0.999932 0.426056 0 0 0 1 
2318808360153;0.520442;0.248968;0.99775 0.065894 0.0124016 -0.810665 -0.0656876 0.997706 -0.0163766 0.304841 -0.0134523 0.0155252 0.999789 0.668027 0 0 0 1 
2318808360155;0.242296;0.0391205;0.967877 -0.000420694 0.251422 0.198084 0.0466695 0.98292 -0.178015 -0.0838247 -0.247053 0.18403 0.951366 0.037048 0 0 0 1 
2318808360156;0.545461;0.055822;0.959292 -0.24054 0.147985 2.42784 0.224128 0.967231 0.119293 -2.00115 -0.17183 -0.0812694 0.981769 1.19413 0 0 0 1 
2318808360157;0.417219;0.0530317;0.957237 -0.214647 -0.19397 2.50921 0.162947 0.954022 -0.251576 -0.0860178 0.239052 0.209211 0.948201 -3.46132 0 0 0 1 
2318808360158;0.428586;0.0522802;0.89823 0.220899 -0.379981 -0.652545 -0.247839 0.968532 -0.0228142 2.21061 0.362985 0.114667 0.924713 -3.54504 0 0 0 1 
2318808360159;0.360686;0.035369;0.947728 -0.168749 0.270803 1.80038 0.256429 0.907868 -0.331692 -0.598776 -0.189881 0.383796 0.903685 -2.17844 0 0 0 1 
2318808360160;0.334724;0.0366955;0.924977 0.0535233 0.376236 -0.547585 -0.0282726 0.996981 -0.072322 0.298641 -0.378971 0.056259 0.923697 2.38404 0 0 0 1 
2318808360161;0.319806;0.278465;0.998495 0.0376481 0.0398759 -0.506184 -0.0382585 0.99916 0.0146551 0.00518504 -0.0392907 -0.0161587 0.999097 0.35829 0 0 0 1 
2318808360162;0.00881013;0.0334287;0.999967 -0.00172835 0.00787756 -0.0135636 0.001713 0.999997 0.00195466 -0.0724356 -0.00788091 -0.0019411 0.999967 0.0779695 0 0 0 1 
2318808360163;0.15049;0.0312937;0.996065 0.0883752 0.0066734 -0.889302 -0.0883341 0.996071 -0.00622909 0.451254 -0.00719768 0.00561509 0.999958 0.141583 0 0 0 1 
2318808360164;0.34564;0.340007;0.999284 0.0238757 0.0293473 -0.366844 -0.0227354 0.998996 -0.0385947 0.145876 -0.0302393 0.0378999 0.998824 -0.0747381 0 0 0 1 
2318808360165;0.629483;0.0287993;0.931492 -0.152441 0.33028 0.849893 0.193772 0.976352 -0.0958631 -1.79962 -0.307856 0.153295 0.939002 0.505982 0 0 0 1 
2318808360166;0.356263;0.027227;0.997603 0.0609566 -0.0327574 -0.10724 -0.062932 0.996021 -0.0631039 0.234186 0.0287804 0.0650141 0.997469 -0.348166 0 0 0 1 
2318808360167;0.348773;0.0424435;0.977223 -0.0379261 0.208797 0.167414 0.115277 0.920948 -0.372245 0.372724 -0.178174 0.387836 0.904344 -2.1514 0 0 0 1 
2318808360168;0.491205;0.0411224;0.9689 -0.113207 -0.220041 1.08951 0.142743 0.982051 0.123291 -0.739639 0.202134 -0.150866 0.967668 0.68322 0 0 0 1 
2318808360169;0.364685;0.0669392;0.99981 -0.0186925 -0.00547554 0.277345 0.0186033 0.9997 -0.0159149 0.196962 0.00577139 0.01581 0.999858 -0.776993 0 0 0 1 
2318808360170;0.293853;0.0372558;0.999224 0.0201719 0.0338365 -0.449742 -0.0201824 0.999796 -3.247e-05 0.00188619 -0.0338302 -0.000650457 0.999427 -0.294622 0 0 0 1 
2318808360171;0.404455;0.0488806;0.995182 0.0517805 0.0832533 -0.970448 -0.0707865 0.967008 0.244715 -0.0199247 -0.0678352 -0.249429 0.966014 2.62613 0 0 0 1 
2318808360172;0.214721;0.0366785;0.988892 -0.0298436 0.14561 0.229129 0.0151437 0.994767 0.101036 -0.19433 -0.147864 -0.0977089 0.984169 2.37169 0 0 0 1 
2318808360173;0.439959;0.0396928;0.996015 -0.064761 -0.0613236 1.05698 0.044737 0.957588 -0.284648 0.827972 0.0771569 0.280771 0.956669 -3.48542 0 0 0 1 
2318808360174;0.284722;0.0371727;0.982348 -0.126843 0.137493 1.26518 0.155735 0.961726 -0.225454 -0.958709 -0.103633 0.242886 0.964503 -1.74081 0 0 0 1 
2318808360175;0.207536;0.0192751;0.997379 -0.0522603 -0.0500394 0.503204 0.0508554 0.998286 -0.0289497 -0.750789 0.0514665 0.026329 0.998328 -0.744169 0 0 0 1 
2318808360176;0.417626;0.0526961;0.969309 -0.170843 -0.176787 1.67094 0.214104 0.940043 0.265479 -1.35418 0.120832 -0.295182 0.94777 1.28864 0 0 0 1 
2318808360177;0.414555;0.0460686;0.956654 -0.0627586 -0.284383 1.50548 0.0301245 0.992591 -0.117711 0.0931603 0.289664 0.104041 0.951457 -2.61898 0 0 0 1 
2318808360178;0.192544;0.0446339;0.994917 -0.0993513 0.0164141 0.858532 0.0992321 0.995033 0.00792559 -0.702733 -0.01712 -0.0062565 0.999834 -0.168821 0 0 0 1 
2318808360179;0.369856;0.0454201;0.951128 0.297735 0.0819109 -2.44175 -0.291224 0.953075 -0.0826821 2.69226 -0.102685 0.0547869 0.993204 0.751219 0 0 0 1 
2318808360180;0.269585;0.0398621;0.999821 0.00447082 0.0183929 -0.057222 -0.00466737 0.999932 0.0106569 0.0259342 -0.018344 -0.0107408 0.999774 0.748569 0 0 0 1 
2318808360181;0.159003;0.0391366;0.999085 -0.0427784 -0.000148364 0.23347 0.0427769 0.999007 0.0124786 -0.373168 -0.000385597 -0.0124735 0.999922 0.363605 0 0 0 1 
2318808360182;0.250033;0.0423948;0.989893 0.139907 -0.0232067 -1.59103 -0.13435 0.977525 0.162464 0.861242 0.0454149 -0.157704 0.986442 1.19816 0 0 0 1 
2318808360183;0.583654;0.0534411;0.940887 -0.325264 -0.0945277 3.77209 0.329459 0.943615 0.0323719 -1.89611 0.0786683 -0.0616013 0.994996 -0.95331 0 0 0 1 
2318808360184;0.254669;0.0389701;0.988912 0.147449 -0.0176758 -1.12275 -0.146982 0.988815 0.0253379 1.19287 0.0212142 -0.0224589 0.999523 0.439125 0 0 0 1 
2318808360186;0.32371;0.0158947;0.926587 -0.0061298 -0.37603 0.443892 -0.0244129 0.996778 -0.0764053 0.130775 0.375287 0.0799762 0.923452 -2.56975 0 0 0 1 
2318808360187;0.391738;0.0227224;0.925338 -0.346649 -0.153573 1.38653 0.377146 0.883102 0.27909 -1.77987 0.0388747 -0.316172 0.947905 0.448783 0 0 0 1 
2318808360188;0.250929;0.0237535;0.964726 -0.263046 0.0105195 0.960114 0.254933 0.943446 0.211942 -1.53208 -0.065675 -0.201784 0.977226 0.862963 0 0 0 1 
2318808360189;0.35413;0.0183514;0.945239 0.24574 -0.214792 0.0388049 -0.196665 0.954056 0.226051 1.18262 0.260473 -0.17143 0.95014 -0.678177 0 0 0 1 
2318808360190;0.38404;0.0141361;0.97124 0.0922377 0.219511 -0.597593 -0.081574 0.995026 -0.0571771 0.593949 -0.223693 0.0376263 0.973933 0.485737 0 0 0 1 
2318808360191;0.142007;0.0232516;0.993814 -0.0625184 0.0917852 0.296535 0.0597789 0.997689 0.0323014 -0.396323 -0.0935926 -0.0266148 0.995255 0.416548 0 0 0 1 
2318808360192;0.308225;0.0134755;0.997912 -0.0462456 0.0450868 -0.589316 0.047734 0.998331 -0.032512 -0.198339 -0.043508 0.0345963 0.998454 0.165474 0 0 0 1 
2318808360193;0.19468;0.0136733;0.987224 0.0889407 -0.132207 -0.128538 -0.0792743 0.9939 0.0766727 0.67533 0.13822 -0.0652125 0.988252 -0.692253 0 0 0 1 
2318808360194;0.35362;0.0115072;0.994918 -0.0340894 0.0947422 -0.174292 0.0322591 0.999263 0.0207843 -0.846507 -0.0953809 -0.0176224 0.995285 0.18467 0 0 0 1 
2318808360195;0.220312;0.0275057;0.99431 -0.105838 0.0120741 0.323884 0.103494 0.986639 0.125831 -0.647337 -0.0252305 -0.123866 0.991978 0.10842 0 0 0 1 
2318808360196;0.321597;0.0174141;0.995549 0.0471537 0.0816063 -0.469359 -0.0420814 0.997139 -0.0627974 0.62979 -0.0843339 0.0590838 0.994684 0.875597 0 0 0 1 
2318808360197;0.117422;0.0183399;0.999765 -0.00570115 0.0209314 0.153366 0.00514812 0.999639 0.0263802 -0.0675048 -0.0210743 -0.0262662 0.999433 0.406916 0 0 0 1 
2318808360198;0.145591;0.013995;0.996037 -0.0733545 -0.0502878 0.139068 0.0728568 0.997274 -0.0116625 -0.459832 0.0510062 0.00795251 0.998667 -0.554838 0 0 0 1 
2318808360199;0.334769;0.011242;0.999999 -0.000539943 -0.00162148 -0.243406 0.000534999 0.999995 -0.00304824 -0.0120023 0.00162312 0.00304737 0.999994 0.709216 0 0 0 1 
2318808360200;0.307694;0.0202574;0.968158 0.248788 -0.0278358 -0.330656 -0.246718 0.967079 0.0623504 1.89279 0.0424314 -0.0534975 0.997666 0.0511757 0 0 0 1 
2318808360201;0.28708;0.0193686;0.994579 -0.103807 0.0060505 0.857554 0.103857 0.994556 -0.00853138 -0.518245 -0.00513195 0.00911351 0.999945 0.325982 0 0 0 1 
2318808360202;0.140274;0.0211925;0.990848 0.134969 -0.00168464 -0.292476 -0.134976 0.990651 -0.0198039 0.873717 -0.00100403 0.01985 0.999802 0.105314 0 0 0 1 
2318808360203;0.354364;0.0175079;0.994359 0.0916076 -0.0534568 -0.241039 -0.0813011 0.981994 0.170523 -0.22465 0.0681154 -0.165215 0.983903 0.596929 0 0 0 1 
2318808360204;0.41534;0.0160664;0.905528 -0.0692384 0.418598 -0.0430292 0.0136416 0.990836 0.13438 -0.349232 -0.424066 -0.115974 0.898175 2.65824 0 0 0 1 
2318808360205;0.260883;0.0137744;0.989121 -0.131174 -0.0665855 0.321877 0.127903 0.990463 -0.0512332 -1.08926 0.0726709 0.0421594 0.996465 -0.226503 0 0 0 1 
2318808360206;0.381649;0.0174013;0.904535 -0.306814 0.296111 0.915028 0.337371 0.939647 -0.0569605 -1.71961 -0.260764 0.151422 0.953454 1.17965 0 0 0 1 
2318808360207;0.376035;0.0138871;0.904188 0.300916 0.303139 -0.788388 -0.283333 0.953632 -0.101528 1.96395 -0.319634 0.00591116 0.947523 1.95646 0 0 0 1 
2318808360208;0.370049;0.0159973;0.994448 0.0110038 0.104654 -0.374709 -0.0207887 0.995461 0.0928714 -0.0306553 -0.103157 -0.0945314 0.990163 1.6388 0 0 0 1 
2318808360209;0.193142;0.0101501;0.97377 0.199884 -0.108709 -0.203041 -0.199158 0.979809 0.0176013 1.17421 0.110032 0.0045107 0.993918 -0.593003 0 0 0 1 
2318808360210;0.416709;0.224344;0.964947 -0.256977 0.0532841 1.01349 0.239727 0.945694 0.219532 -1.47264 -0.106805 -0.199063 0.974149 1.23456 0 0 0 1 
2318808360211;0.229662;0.0170552;0.980389 -0.18967 -0.0534976 0.729092 0.196668 0.958993 0.204093 -1.36065 0.0125935 -0.210612 0.977489 0.513096 0 0 0 1 
2318808360212;0.235303;0.0153501;0.958552 0.284468 0.0160038 -0.704807 -0.28374 0.958185 -0.0370711 1.49846 -0.0258801 0.0309936 0.999184 0.0546643 0 0 0 1 
2318808360213;0.418371;0.0144315;0.970263 0.241613 0.0146215 -0.846064 -0.241853 0.97015 0.0177771 1.34201 -0.00988984 -0.0207847 0.999735 0.890404 0 0 0 1 
2318808360214;0.104638;0.0203849;0.993573 0.113144 0.00327852 -0.261959 -0.113185 0.992771 0.0399295 0.545794 0.00126297 -0.0400439 0.999197 0.0262994 0 0 0 1 
2318808360215;0.379457;0.353899;0.997948 0.00826434 -0.0634945 -0.0960124 -0.0126281 0.997562 -0.0686364 0.325199 0.0627724 0.0692974 0.995619 -0.393547 0 0 0 1 
2318808360217;0.475077;0.0127102;0.878888 0.231861 -0.416888 -0.0340029 -0.273912 0.960788 -0.0431017 1.91096 0.390547 0.152072 0.907936 -2.89438 0 0 0 1 
2318808360218;0.538469;0.0222689;0.945367 -0.323971 -0.0363903 2.56275 0.325632 0.933021 0.153084 -1.72649 -0.0156418 -0.15657 0.987543 1.80105 0 0 0 1 
2318808360219;0.26223;0.0224021;0.978489 -0.0570729 -0.198245 0.479645 0.0680453 0.996479 0.0489779 -0.211842 0.194752 -0.061414 0.978928 -1.1394 0 0 0 1 
2318808360220;0.178884;0.0258619;0.994688 0.0735608 0.0720084 -0.560361 -0.0653228 0.9917 -0.110744 0.633908 -0.0795571 0.105452 0.991237 0.0404727 0 0 0 1 
2318808360221;0.32248;0.0270595;0.926528 -0.303392 0.222484 1.92922 0.294841 0.952866 0.071526 -1.68724 -0.233698 -0.000673463 0.972309 1.40347 0 0 0 1 
2318808360222;0.547442;0.395943;0.996342 0.0788363 -0.0329653 -0.544821 -0.0815609 0.992443 -0.0916759 0.566423 0.0254888 0.0940293 0.995243 -0.41103 0 0 0 1 
2318808360223;0.279763;0.212588;0.996248 0.0835933 0.0223985 -0.506601 -0.0837014 0.996483 0.00393063 0.411689 -0.0219912 -0.00579066 0.999741 -0.109314 0 0 0 1 
2318808360224;0.19078;0.0181215;0.987358 -0.155752 0.0294111 0.905812 0.15756 0.984655 -0.0750282 -0.647246 -0.0172741 0.0787137 0.996748 -0.512077 0 0 0 1 
2318808360225;0.382191;0.0223278;0.941033 0.338238 0.00715548 -1.63743 -0.330758 0.924256 -0.190658 2.74312 -0.0711014 0.177049 0.98163 -1.00253 0 0 0 1 
2318808360226;0.232462;0.0246969;0.980353 -0.196618 -0.0157815 1.23217 0.196572 0.967225 0.160732 -1.08341 -0.0163384 -0.160676 0.986872 1.25654 0 0 0 1 
2318808360227;0.121258;0.0217719;0.999971 0.00142469 0.00751692 -0.0147121 -0.00150104 0.999947 0.0101618 -0.0279493 -0.00750205 -0.0101728 0.99992 -0.144862 0 0 0 1 
2318808360228;0.342472;0.330195;0.999753 0.0173627 -0.013872 -0.121633 -0.0180416 0.998565 -0.0504193 0.115857 0.0129767 0.0506571 0.998632 -0.381116 0 0 0 1 
2318808360229;0.411101;0.0260903;0.984553 -0.000696639 0.175087 -0.450582 0.0202931 0.993707 -0.110159 -0.0525821 -0.173909 0.11201 0.978371 1.01528 0 0 0 1 
2318808360230;0.270984;0.0273875;0.940435 -0.338899 -0.027008 2.42071 0.336749 0.939486 -0.0629782 -1.66161 0.0467169 0.050132 0.997649 -0.721157 0 0 0 1 
2318808360231;0.448163;0.0227968;0.995115 -0.0302317 -0.0939791 -0.341147 -0.0121227 0.907332 -0.420239 0.973914 0.0979748 0.419326 0.902534 -3.07132 0 0 0 1 
2318808360232;0.480703;0.0229832;0.993216 -0.107216 -0.04503 0.928052 0.105098 0.99335 -0.0470215 -0.444559 0.049772 0.0419699 0.997878 -1.43605 0 0 0 1 
2318808360233;0.538633;0.0228322;0.978152 0.180465 0.103201 -1.30213 -0.127498 0.912859 -0.387857 2.31254 -0.164203 0.366225 0.915924 -1.13557 0 0 0 1 
2318808360234;0.46577;0.0316444;0.998307 -0.0570173 0.0115319 0.380293 0.0570001 0.998373 0.00181633 0.488442 -0.0116167 -0.00115594 0.999932 0.189374 0 0 0 1 
2318808360235;0.501727;0.0247278;0.998404 0.0349646 -0.0443458 -0.124352 -0.034003 0.999174 0.0222562 0.11641 0.0450873 -0.0207128 0.998768 -1.13213 0 0 0 1 
2318808360236;0.219286;0.0129644;0.974751 0.191571 -0.114724 -0.793343 -0.192258 0.981331 0.00515076 1.35912 0.113569 0.017036 0.993384 -1.04937 0 0 0 1 
2318808360237;0.1427;0.0240271;0.998202 -0.0585091 -0.0130442 0.258701 0.0578168 0.997158 -0.048296 -0.283867 0.0158328 0.047455 0.998748 -0.595303 0 0 0 1 
2318808360238;0.478527;0.010378;0.900866 -0.146637 -0.40858 2.14919 0.0503504 0.970163 -0.23717 0.320931 0.431167 0.193086 0.88137 -4.10547 0 0 0 1 
2318808360239;0.07712;0.0219107;0.99863 0.0262038 -0.0452916 -0.121576 -0.0274135 0.999278 -0.0262971 0.178714 0.0445699 0.0275027 0.998628 -0.58991 0 0 0 1 
2318808360240;0.277432;0.0329797;0.968514 0.0343595 0.246578 -0.353636 -0.0638241 0.991598 0.112515 0.159562 -0.24064 -0.12471 0.962569 2.43162 0 0 0 1 
2318808360241;0.414755;0.0204669;0.903635 0.198266 -0.379649 0.0739547 -0.156581 0.977971 0.138039 0.876515 0.398654 -0.0652906 0.914774 -1.9599 0 0 0 1 
2318808360242;0.207147;0.02297;0.987701 -0.155064 -0.0200246 1.10948 0.155553 0.987493 0.0257241 -1.24109 0.0157852 -0.0285226 0.999469 0.107217 0 0 0 1 
2318808360243;0.526989;0.540324;0.999905 -0.0103933 -0.00903272 0.167829 0.0109081 0.998202 0.0589412 -0.284429 0.00840388 -0.0590342 0.998221 0.166161 0 0 0 1 
2318808360244;0.293823;0.0199354;0.99651 0.0706687 0.0444158 -0.374828 -0.0749229 0.991874 0.102824 0.371605 -0.0367884 -0.105793 0.993707 1.3701 0 0 0 1 
2318808360245;0.161157;0.0194437;0.99914 -0.0411954 0.00475213 0.266772 0.041302 0.998831 -0.025099 -0.359989 -0.00371262 0.0252737 0.999674 -0.407426 0 0 0 1 
2318808360246;0.48133;0.0270083;0.947823 -0.00966324 0.31865 0.0813542 -0.0530818 0.980803 0.187635 -0.295311 -0.314346 -0.194759 0.929115 2.63488 0 0 0 1 
2318808360248;0.277285;0.0234576;0.999887 -0.0150141 -0.000491737 0.0314653 0.015022 0.999503 0.027728 0.224014 7.51808e-05 -0.0277322 0.999615 0.587094 0 0 0 1 
2318808360249;0.346523;0.0236616;0.925035 0.345453 0.158025 0.0402069 -0.368941 0.916088 0.157052 1.68805 -0.0905105 -0.20358 0.974866 0.839557 0 0 0 1 
2318808360250;0.347649;0.0164083;0.961108 -0.19606 0.194506 0.051151 0.205597 0.978179 -0.0299164 -1.6649 -0.184397 0.0687427 0.980445 1.21563 0 0 0 1 
2318808360251;0.136295;0.019821;0.997521 0.0296745 -0.0638055 0.00667139 -0.020806 0.99057 0.135417 -0.0658857 0.0672222 -0.133754 0.988732 -0.500845 0 0 0 1 
2318808360252;0.263745;0.0178181;0.943477 -0.316769 -0.0975138 0.560845 0.323767 0.943782 0.0667113 -1.72646 0.0708997 -0.0945123 0.992996 -0.269555 0 0 0 1 
2318808360253;0.38952;0.0186082;0.94418 -0.323233 0.0636043 -0.31841 0.323427 0.946223 0.00750322 -1.82312 -0.0626092 0.013487 0.997947 0.332137 0 0 0 1 
2318808360254;0.304973;0.0177387;0.994064 -0.10831 0.0102699 0.644349 0.108076 0.993919 0.0211042 -0.452054 -0.0124932 -0.019869 0.999725 -0.411282 0 0 0 1 
2318808360255;0.467336;0.22394;0.984642 -0.167564 -0.0490189 0.0733173 0.165066 0.984951 -0.0512361 -0.939285 0.0568665 0.0423579 0.997483 0.301798 0 0 0 1 
2318808360256;0.501332;0.0190975;0.991463 0.130347 0.00334228 -0.213911 -0.118138 0.887161 0.446082 -0.535723 0.0551801 -0.442668 0.894986 0.433203 0 0 0 1 
2318808360257;0.448145;0.0200009;0.884505 0.425723 0.190818 0.804029 -0.4438 0.893924 0.0627816 1.88046 -0.143849 -0.140216 0.979616 0.697751 0 0 0 1 
2318808360258;0.160463;0.0200323;0.987524 -0.120809 -0.101007 0.308685 0.123438 0.992147 0.020173 -0.660908 0.0977772 -0.0323894 0.994681 -0.687072 0 0 0 1 
2318808360259;0.461634;0.0285327;0.899222 0.401307 -0.174219 0.133894 -0.364447 0.907431 0.209159 2.31956 0.242029 -0.124587 0.962237 -1.10285 0 0 0 1 
2318808360260;0.337574;0.0250492;0.936157 0.327251 -0.128516 0.32699 -0.346089 0.92212 -0.172964 2.2556 0.0619048 0.2064 0.976508 -0.509573 0 0 0 1 
