#;prob_registration_l1 -r /home/probabilistic_point_clouds_registration/build/tester /home/point_clouds_registration_benchmark//devel/registration_pairs/apartment_local.txt /home/point_clouds_registration_benchmark//eth/apartment -s 0.2 -t 0.2 -p 0.3 -r 1000 -m 10 -i 40 
id;initial_error;final_error;transformation
13001298760000;0.820981;1.39166;0.924545 -0.356123 0.13562 -0.397581 0.336657 0.930056 0.147169 -3.24575 -0.178544 -0.0904071 0.97977 0.403917 0 0 0 1 
13001298760001;0.68771;1.41013;0.946186 -0.270491 -0.177671 0.462695 0.317634 0.88134 0.349784 -2.84412 0.0619756 -0.387395 0.919828 0.416233 0 0 0 1 
13001298760002;0.636186;0.43824;0.973041 0.180525 -0.143531 0.338139 -0.137542 0.953782 0.267175 -0.325003 0.185129 -0.240231 0.952899 -1.03028 0 0 0 1 
13001298760003;0.411513;1.25636;0.960595 -0.274251 0.0452036 0.100774 0.272352 0.961192 0.0439818 -2.22937 -0.0555114 -0.0299374 0.998009 -0.152948 0 0 0 1 
13001298760004;0.857932;1.48124;0.964333 -0.195125 -0.178853 0.130811 0.187694 0.980529 -0.0577365 -2.06811 0.186636 0.0221076 0.98218 0.368225 0 0 0 1 
13001298760005;0.460674;0.452436;0.911083 0.409289 0.0491048 0.300645 -0.411271 0.910598 0.0408264 0.362166 -0.028005 -0.0573917 0.997959 0.383117 0 0 0 1 
13001298760006;0.655521;1.71428;0.977801 0.209028 0.014566 -0.887924 -0.209535 0.975596 0.0656399 -1.15446 -0.000489907 -0.0672348 0.997737 0.241737 0 0 0 1 
13001298760007;0.308888;0.698195;0.915801 0.19371 0.351829 -0.281378 -0.247047 0.962369 0.113196 -0.135295 -0.316663 -0.190583 0.929195 1.14597 0 0 0 1 
13001298760008;0.466988;0.430696;0.942948 0.308273 0.125761 -0.29162 -0.312091 0.949984 0.0113801 0.150037 -0.115962 -0.0499796 0.991995 0.152047 0 0 0 1 
13001298760009;0.423945;0.439339;0.954035 0.291149 0.0710595 -0.210941 -0.265797 0.931535 -0.248184 0.627235 -0.138453 0.217888 0.966103 0.0176759 0 0 0 1 
13001298760010;0.258498;0.567889;0.973356 0.227197 -0.0309663 0.0224208 -0.22828 0.972868 -0.0376355 0.336725 0.0215754 0.0437018 0.998812 0.0123081 0 0 0 1 
13001298760011;0.784351;1.8022;0.967617 0.244562 0.0625057 -0.10885 -0.249707 0.891162 0.378784 -1.50555 0.0369334 -0.382126 0.923372 -0.834522 0 0 0 1 
13001298760012;0.622128;0.431796;0.970659 0.239679 -0.0193598 0.154167 -0.238555 0.969958 0.0476665 -0.240923 0.0302029 -0.0416495 0.998676 0.16017 0 0 0 1 
13001298760013;0.398004;0.507208;0.908593 0.365068 0.202941 -0.0332779 -0.332098 0.926089 -0.179083 0.56127 -0.253319 0.0953174 0.962676 1.13858 0 0 0 1 
13001298760014;0.755219;0.979942;0.983407 0.0823541 -0.161644 0.416679 -0.0712454 0.994757 0.0733652 -0.603364 0.166839 -0.0606314 0.984118 -1.15663 0 0 0 1 
13001298760015;0.388158;1.72713;0.932804 0.324547 -0.156674 0.427477 -0.320748 0.945861 0.0496668 -0.708096 0.164311 0.00392352 0.986401 -0.298002 0 0 0 1 
13001298760016;0.851768;0.630328;0.97178 0.235887 -0.00098505 0.500829 -0.235737 0.971294 0.0318687 0.629004 0.00847419 -0.0307372 0.999492 0.458582 0 0 0 1 
13001298760017;0.399547;0.523432;0.924298 0.379752 -0.0382285 0.530535 -0.381133 0.92367 -0.0396305 0.52452 0.0202608 0.0512006 0.998483 0.335211 0 0 0 1 
13001298760018;0.820633;0.483758;0.91904 0.329552 -0.216244 0.124534 -0.339593 0.94052 -0.00993681 0.499625 0.200107 0.0825671 0.976289 0.372277 0 0 0 1 
13001298760019;0.329854;0.402201;0.990027 0.110173 -0.0878018 0.0220424 -0.103574 0.991677 0.0764804 -0.362619 0.095497 -0.0666237 0.993198 -0.282914 0 0 0 1 
13001298760020;0.847185;0.660564;0.987647 0.148279 0.0506571 -0.697826 -0.147931 0.988941 -0.0105794 0.0341118 -0.0516656 0.00295503 0.99866 1.01528 0 0 0 1 
13001298760021;0.886722;1.30916;0.899934 -0.250505 -0.356882 1.03967 0.342863 0.912222 0.224268 -2.91065 0.269376 -0.324188 0.906829 -1.21743 0 0 0 1 
13001298760022;0.59893;0.588311;0.969802 0.195454 -0.145881 -0.0722567 -0.156422 0.957375 0.242829 -0.135539 0.187125 -0.212677 0.959038 -0.872295 0 0 0 1 
13001298760023;0.367247;0.370301;0.988335 0.145031 0.0464748 0.0278135 -0.147571 0.987413 0.056897 -0.1876 -0.037638 -0.0630917 0.997298 -0.0953897 0 0 0 1 
13001298760024;0.0968236;0.462776;0.977189 0.196108 0.0815036 -0.151565 -0.201079 0.977856 0.0580002 0.128801 -0.0683246 -0.0730659 0.994984 0.298147 0 0 0 1 
13001298760025;0.689632;0.425311;0.987212 0.143196 0.0700531 -0.281552 -0.114422 0.942481 -0.314065 0.493753 -0.110997 0.302034 0.946813 0.758195 0 0 0 1 
13001298760026;0.452516;1.33851;0.984972 -0.164708 0.0519768 -0.0365436 0.158996 0.982243 0.0995933 -1.54925 -0.0674577 -0.0898325 0.99367 0.214852 0 0 0 1 
13001298760027;0.353163;1.37841;0.917121 -0.317924 0.240442 0.0561327 0.244513 0.925091 0.290551 -2.33092 -0.314804 -0.207679 0.926158 0.730117 0 0 0 1 
13001298760028;0.770166;1.09782;0.962235 0.269751 0.0365821 0.179985 -0.262918 0.955754 -0.131944 0.480145 -0.0705556 0.117344 0.990582 0.0292694 0 0 0 1 
13001298760029;0.444231;0.472865;0.882406 0.416898 0.218075 0.651186 -0.441184 0.894219 0.0756868 0.546817 -0.163453 -0.162998 0.972993 0.700075 0 0 0 1 
13001298760031;1.0814;0.487634;0.947149 0.309575 0.084098 0.344299 -0.267455 0.906801 -0.325853 1.49454 -0.177136 0.286139 0.941673 1.73203 0 0 0 1 
13001298760032;0.762366;0.203442;0.976779 -0.197609 -0.0827922 -0.660731 0.19967 0.97971 0.0173169 -0.58879 0.0776904 -0.0334459 0.996416 -0.717605 0 0 0 1 
13001298760033;0.562268;0.182159;0.969291 -0.219001 -0.111866 -0.657967 0.208599 0.973117 -0.0976193 -0.623893 0.130237 0.0712864 0.988917 0.0619167 0 0 0 1 
13001298760034;0.913227;0.164711;0.986774 -0.151658 -0.0572509 -0.549744 0.121092 0.924418 -0.361647 -0.188104 0.107771 0.349932 0.930555 1.0154 0 0 0 1 
13001298760035;0.190074;0.226632;0.987033 0.126772 -0.0984632 0.248971 -0.120064 0.990201 0.0713232 0.387011 0.10654 -0.0585765 0.992581 -0.450529 0 0 0 1 
13001298760036;1.3176;0.181817;0.929563 -0.365381 -0.0490962 -1.40645 0.368131 0.912783 0.176937 -0.819505 -0.0198352 -0.182548 0.982997 -0.303301 0 0 0 1 
13001298760037;0.408209;0.181781;0.991953 0.115451 -0.0519694 0.0161892 -0.120946 0.985464 -0.119305 0.667007 0.0374401 0.12463 0.991497 0.0522269 0 0 0 1 
13001298760038;0.799177;0.199072;0.999912 0.0111272 -0.00720234 0.405364 -0.00984713 0.987344 0.15829 -0.278835 0.0088725 -0.158205 0.987366 -0.263516 0 0 0 1 
13001298760039;0.512139;0.134498;0.999919 0.00798964 -0.00988823 -0.027602 -0.00809683 0.999908 -0.0108478 0.0539802 0.00980066 0.010927 0.999892 0.394959 0 0 0 1 
13001298760040;0.790161;0.186121;0.999982 0.00515154 -0.00307479 0.112822 -0.0051936 0.999891 -0.0138319 0.286009 0.0030032 0.0138476 0.9999 -0.429134 0 0 0 1 
13001298760041;0.304867;0.195772;0.986591 -0.112562 0.118184 -0.355903 0.120921 0.990459 -0.0660994 -0.109048 -0.109616 0.0795039 0.990789 0.465155 0 0 0 1 
13001298760042;0.323258;0.17075;0.998362 0.056665 0.00792242 0.096779 -0.0569982 0.997053 0.0513411 0.0138997 -0.00498983 -0.0517086 0.99865 0.0204687 0 0 0 1 
13001298760043;1.1294;0.201223;0.946958 -0.315365 -0.0617736 -0.57273 0.319501 0.903292 0.286328 -1.89597 -0.0344982 -0.290877 0.956138 -0.798269 0 0 0 1 
13001298760044;0.672602;0.159188;0.989043 -0.06912 0.13045 -0.599981 0.0733931 0.996903 -0.0282324 -0.0229013 -0.128095 0.0374972 0.991053 0.181889 0 0 0 1 
13001298760045;0.603165;0.168242;0.868247 0.495468 0.0256746 1.3838 -0.49246 0.86695 -0.0766886 1.43666 -0.0602553 0.0539409 0.996724 0.0227829 0 0 0 1 
13001298760046;0.435224;0.198742;0.900506 0.119216 -0.418182 0.770677 -0.139129 0.990122 -0.0173338 0.624834 0.411985 0.0737906 0.908198 -1.05601 0 0 0 1 
13001298760047;1.03472;0.158486;0.998982 -0.0262594 0.0366884 -0.286256 0.0166497 0.970342 0.241164 -0.467733 -0.0419331 -0.240307 0.969791 -0.97345 0 0 0 1 
13001298760048;1.38851;0.240237;0.992644 0.0882202 0.0829121 0.163504 -0.115477 0.89563 0.429548 -0.655987 -0.0363638 -0.435963 0.89923 -1.34183 0 0 0 1 
13001298760049;0.308211;0.225533;0.989865 0.123923 -0.0693506 0.0597382 -0.114622 0.985515 0.124988 0.259559 0.0838349 -0.115772 0.989732 -0.478406 0 0 0 1 
13001298760050;0.383404;0.18346;0.998859 -0.0458343 0.0134413 -0.434804 0.0459779 0.998886 -0.0105734 -0.156432 -0.0129417 0.0111793 0.999854 0.163234 0 0 0 1 
13001298760051;1.39486;0.197963;0.923491 -0.35821 0.137295 -1.63143 0.368197 0.928113 -0.0551188 -1.3007 -0.107681 0.101453 0.988995 0.641912 0 0 0 1 
13001298760052;0.390791;0.220552;0.999988 -0.000792039 0.00475198 -0.314724 0.000756174 0.999971 0.00754452 -0.051025 -0.00475782 -0.00754083 0.99996 -0.00572964 0 0 0 1 
13001298760053;0.738841;0.505169;0.968987 0.246307 0.0199133 0.796734 -0.246738 0.959955 0.13269 0.657817 0.0135666 -0.133489 0.990957 -0.086974 0 0 0 1 
13001298760054;0.290741;0.149497;0.985178 -0.171483 -0.00420863 -0.484469 0.171441 0.985154 -0.00887809 -0.426682 0.00566859 0.00802496 0.999952 -0.121239 0 0 0 1 
13001298760055;0.983527;0.321374;0.979109 0.155188 0.131386 -0.488182 -0.13454 0.978923 -0.153652 0.70947 -0.152462 0.132765 0.979351 1.01854 0 0 0 1 
13001298760056;0.893456;0.539527;0.998989 -0.0448707 0.00276931 0.151178 0.0449158 0.998805 -0.019264 -0.186571 -0.00190161 0.0193689 0.999811 -0.104685 0 0 0 1 
13001298760057;1.32906;0.187224;0.994964 0.084181 0.0544123 0.548637 -0.084704 0.996379 0.00737495 0.910635 -0.0535944 -0.0119468 0.998491 -0.408129 0 0 0 1 
13001298760058;1.04418;0.204727;0.940887 -0.302164 0.153063 -0.723704 0.296795 0.953218 0.0573452 -0.850669 -0.16323 -0.00852702 0.986551 -0.196253 0 0 0 1 
13001298760059;1.02726;0.147502;0.997138 0.0638653 -0.0404682 0.495982 -0.0527926 0.971278 0.232019 -0.105228 0.0541238 -0.229218 0.971869 -1.16649 0 0 0 1 
13001298760060;1.18019;0.906236;0.984305 -0.166077 -0.0596777 -0.128918 0.174331 0.967606 0.182614 -1.3983 0.0274165 -0.190151 0.981372 -0.263551 0 0 0 1 
13001298760062;0.42647;0.833052;0.987119 -0.159262 0.0151873 -0.388479 0.156781 0.981887 0.106381 -0.229935 -0.0318547 -0.102629 0.994209 0.0453541 0 0 0 1 
13001298760063;0.820769;0.837117;0.974116 -0.22395 0.0307424 -0.165444 0.223663 0.974586 0.0125163 -0.221912 -0.0327641 -0.00531642 0.999449 0.694768 0 0 0 1 
13001298760064;0.637796;0.852543;0.99995 0.00916758 -0.00391539 0.105261 -0.0092428 0.999764 -0.019646 0.646734 0.00373436 0.0196812 0.999799 0.457535 0 0 0 1 
13001298760065;1.32441;1.08471;0.937834 -0.253593 -0.236978 0.0229398 0.327969 0.870937 0.36593 -1.12974 0.113595 -0.420903 0.899965 -2.30674 0 0 0 1 
13001298760066;0.832986;1.08331;0.927112 -0.374401 0.0169643 -0.525586 0.374675 0.924796 -0.0661172 -0.283799 0.00906584 0.0676542 0.997668 0.431054 0 0 0 1 
13001298760067;0.500971;1.36202;0.8723 -0.488569 0.0198447 -0.665149 0.487223 0.865035 -0.119699 -1.02294 0.0413147 0.114082 0.992612 -0.047003 0 0 0 1 
13001298760068;1.1413;0.902097;0.920776 -0.354117 0.163624 -0.903335 0.330734 0.93109 0.153906 -0.254756 -0.20685 -0.087597 0.974443 0.886004 0 0 0 1 
13001298760069;0.277143;1.0199;0.980599 -0.138949 -0.138272 -0.0173171 0.163452 0.968961 0.185468 -0.117764 0.108209 -0.20447 0.972873 -0.884057 0 0 0 1 
13001298760070;1.31041;1.09804;0.961246 -0.26141 0.087585 -0.540464 0.266944 0.961922 -0.0587204 -0.29222 -0.0688998 0.079825 0.994425 -0.371929 0 0 0 1 
13001298760071;0.311671;1.30903;0.790227 -0.566127 -0.234608 -0.477262 0.59662 0.798162 0.0835606 -1.91582 0.139949 -0.206003 0.968492 -1.05262 0 0 0 1 
13001298760072;0.364438;1.75965;0.850882 -0.52341 0.0451795 -0.801884 0.525302 0.848876 -0.0588864 -0.84403 -0.00753004 0.0738383 0.997242 0.437283 0 0 0 1 
13001298760073;1.33186;0.963804;0.851635 -0.4289 0.301269 -0.805119 0.503235 0.829801 -0.241217 -0.832147 -0.146535 0.357038 0.922524 1.14618 0 0 0 1 
13001298760074;0.375476;1.13087;0.822143 -0.414617 -0.390094 -0.0103552 0.34768 0.908293 -0.232641 -0.618317 0.450777 0.0556366 0.890901 -1.40753 0 0 0 1 
13001298760075;0.892832;1.03085;0.954918 -0.216385 0.203247 -0.131499 0.246114 0.959878 -0.134395 -0.37954 -0.166012 0.178358 0.96986 1.76635 0 0 0 1 
13001298760076;0.49285;0.941894;0.920443 -0.390876 0.000856704 -0.780521 0.39028 0.918914 -0.0572587 -0.964391 0.0215938 0.0530377 0.998359 -0.0649993 0 0 0 1 
13001298760077;1.25077;1.01645;0.975741 -0.218241 0.0173451 -0.698016 0.218549 0.975651 -0.0184584 0.129178 -0.0128944 0.0218014 0.999679 0.916861 0 0 0 1 
13001298760078;0.873453;1.09699;0.963405 -0.179118 -0.199418 -0.0653003 0.193 0.979802 0.0523338 0.213816 0.186016 -0.0889063 0.978516 -1.36321 0 0 0 1 
13001298760079;0.135451;0.966127;0.966452 -0.252375 -0.0477284 -0.39098 0.249756 0.966764 -0.0546745 -0.335436 0.0599405 0.0409198 0.997363 -0.044895 0 0 0 1 
13001298760080;0.477523;1.23275;0.729428 -0.59914 0.3301 -0.628467 0.538996 0.800536 0.261965 -1.94947 -0.421211 -0.0131627 0.906867 1.52415 0 0 0 1 
13001298760081;0.486196;1.23097;0.944159 -0.0513151 -0.32547 0.478944 0.0572014 0.998326 0.00853527 0.444369 0.324487 -0.026676 0.945514 -1.1105 0 0 0 1 
13001298760082;0.60999;2.02564;0.834858 0.549194 -0.0373913 1.43484 -0.547166 0.820512 -0.165434 2.39125 -0.0601756 0.158574 0.985512 0.50745 0 0 0 1 
13001298760083;0.578912;1.20865;0.807847 -0.588647 -0.0296337 -0.507266 0.568539 0.765023 0.302496 -2.21872 -0.155393 -0.261218 0.95269 -0.0881932 0 0 0 1 
13001298760084;0.295038;1.1039;0.999334 -0.00682442 0.0358355 0.229494 0.00900612 0.998092 -0.0610769 0.666152 -0.0353503 0.061359 0.99749 0.355284 0 0 0 1 
13001298760085;0.331689;1.16759;0.974899 -0.21859 -0.0423112 -0.274429 0.222614 0.960287 0.1682 -0.359717 0.00386405 -0.173398 0.984844 -0.37501 0 0 0 1 
13001298760086;0.698459;0.874342;0.965178 -0.258622 0.0393196 -0.575782 0.259882 0.965136 -0.0312079 -0.698486 -0.0298777 0.0403397 0.998739 0.658672 0 0 0 1 
13001298760087;0.67213;1.16834;0.831398 -0.436351 -0.344058 0.00715151 0.412552 0.8995 -0.14388 -0.842238 0.372262 -0.0223203 0.927859 -1.65197 0 0 0 1 
13001298760088;0.268562;1.11586;0.869794 -0.399427 -0.289683 -0.182332 0.390671 0.916106 -0.0901498 -0.884705 0.301388 -0.0347588 0.952868 -1.06687 0 0 0 1 
13001298760089;1.15866;1.06471;0.786973 -0.549937 0.279717 -1.13287 0.585874 0.808228 -0.0593192 -1.89824 -0.193454 0.210562 0.958248 1.79862 0 0 0 1 
13001298760090;0.714198;1.13587;0.943718 -0.324156 -0.0657239 -0.735956 0.3285 0.94175 0.0720769 -0.720411 0.0385313 -0.0896106 0.995231 0.0997372 0 0 0 1 
13001298760091;1.1529;1.19511;0.95657 -0.286755 -0.0523921 -0.536737 0.28385 0.957203 -0.056501 -0.622431 0.0663518 0.0391757 0.997027 -0.800862 0 0 0 1 
13001298760093;1.04775;0.324817;0.86348 -0.398882 0.308699 -0.90587 0.388592 0.916288 0.0970177 -1.43316 -0.321556 0.0361852 0.946199 0.306644 0 0 0 1 
13001298760094;1.11373;0.353858;0.964549 -0.263213 0.0190858 -0.426595 0.260294 0.960784 0.0956097 -1.3683 -0.0435031 -0.0872523 0.995236 -1.08012 0 0 0 1 
13001298760095;0.293853;0.359911;0.980977 -0.0371945 0.190525 0.0577501 0.0733003 0.979786 -0.186134 -0.373934 -0.179751 0.196559 0.963875 1.29759 0 0 0 1 
13001298760096;0.895384;0.367724;0.988893 -0.139029 0.0525483 0.419326 0.126872 0.973786 0.188798 -1.04654 -0.0774191 -0.180034 0.980609 -0.0366502 0 0 0 1 
13001298760097;0.339617;0.314914;0.982398 -0.179548 -0.0515496 -0.102218 0.179113 0.983743 -0.0129664 -0.705492 0.0530397 0.00350489 0.998586 -0.388948 0 0 0 1 
13001298760098;0.188558;0.432776;0.985768 -0.114697 -0.122908 0.110031 0.116522 0.993158 0.00773956 -0.585266 0.121179 -0.0219509 0.992388 -0.542468 0 0 0 1 
13001298760099;0.958706;0.351576;0.969351 0.130407 0.208213 0.44704 -0.109701 0.988067 -0.108117 -0.481643 -0.219827 0.0819623 0.97209 0.522673 0 0 0 1 
13001298760100;0.754489;0.654854;0.983793 -0.0401874 -0.174745 0.0642238 -0.0118892 0.957795 -0.287207 -0.443194 0.178912 0.28463 0.941794 0.779792 0 0 0 1 
13001298760101;0.427244;0.497599;0.987578 0.143529 0.0639396 0.919599 -0.14003 0.988549 -0.0562341 0.080682 -0.0712787 0.0465821 0.996368 0.132876 0 0 0 1 
13001298760102;0.55757;0.626158;0.999519 0.00112651 -0.0309868 0.37039 -0.00100578 0.999992 0.00391163 -0.253128 0.030991 -0.00387858 0.999512 0.0504523 0 0 0 1 
13001298760103;0.502682;0.529366;0.987684 -0.150937 -0.0411984 -0.022663 0.14895 0.987694 -0.0476848 -0.300571 0.0478889 0.040961 0.998012 0.0708502 0 0 0 1 
13001298760104;0.301846;0.329376;0.869534 -0.493845 0.00528248 -0.820778 0.493435 0.869162 0.0328613 -1.95183 -0.0208197 -0.0259674 0.999446 0.00438269 0 0 0 1 
13001298760105;0.905526;0.442863;0.992548 0.0828077 -0.0893973 0.644791 -0.0910247 0.991578 -0.0921286 0.0685017 0.0810154 0.0995793 0.991726 -0.677875 0 0 0 1 
13001298760106;0.994487;0.370516;0.889582 -0.456755 -0.00437026 -0.844074 0.456709 0.889574 -0.00865197 -2.48135 0.0078395 0.0057007 0.999953 0.623109 0 0 0 1 
13001298760107;0.0362635;0.357002;0.98781 -0.153531 -0.0256795 -0.206824 0.154114 0.987797 0.0225004 -0.690797 0.0219116 -0.0261836 0.999417 -0.125626 0 0 0 1 
13001298760108;1.01768;0.34687;0.94995 -0.285752 -0.126259 -0.263738 0.283668 0.958299 -0.0345729 -1.0382 0.130873 -0.00297313 0.991395 -1.3002 0 0 0 1 
13001298760109;0.830454;0.3033;0.959278 -0.272182 -0.0755099 -0.260591 0.271211 0.962244 -0.0230335 -0.972907 0.0789283 0.00161648 0.996879 -0.831178 0 0 0 1 
13001298760110;0.923517;0.51052;0.972743 -0.231448 -0.0142509 -0.659138 0.228141 0.966225 -0.119836 -0.858204 0.0415053 0.113318 0.992691 0.736851 0 0 0 1 
13001298760111;0.26829;0.328239;0.892292 -0.449891 0.0375917 -0.817471 0.450656 0.892576 -0.0147353 -1.72474 -0.0269242 0.0300891 0.999185 0.203869 0 0 0 1 
13001298760112;0.495558;0.565144;0.986936 -0.0146466 -0.160444 0.362464 0.0393152 0.987648 0.151678 -0.046562 0.156241 -0.156005 0.975321 -1.04288 0 0 0 1 
13001298760113;0.269314;0.375227;0.999092 0.0424499 0.00356756 0.347036 -0.0425121 0.998902 0.0197092 -0.0485214 -0.00272699 -0.019843 0.999799 -0.217021 0 0 0 1 
13001298760114;0.734561;0.701943;0.827079 -0.559504 0.053805 -1.0289 0.562058 0.824187 -0.0693304 -2.02473 -0.00555471 0.0875833 0.996142 0.316009 0 0 0 1 
13001298760115;0.321726;0.325497;0.982954 -0.183788 0.00486548 -0.328838 0.183847 0.982393 -0.0332206 -0.771435 0.00132572 0.0335488 0.999436 -0.205609 0 0 0 1 
13001298760116;1.15818;0.569043;0.999001 0.0288781 -0.0340936 1.25603 -0.038149 0.94852 -0.31441 0.0650591 0.0232589 0.315397 0.948675 1.3127 0 0 0 1 
13001298760117;0.977589;0.477038;0.948281 -0.283159 -0.143471 -0.440291 0.251384 0.945871 -0.205266 -1.21146 0.193828 0.158584 0.968133 0.513944 0 0 0 1 
13001298760118;0.349631;0.437564;0.979617 0.176875 0.0952113 0.757419 -0.171558 0.983255 -0.0614666 0.232475 -0.104489 0.0438796 0.993558 0.371992 0 0 0 1 
13001298760119;0.966956;0.526063;0.842861 -0.461582 -0.276634 -0.127334 0.455582 0.885663 -0.0896987 -1.56857 0.286408 -0.0504262 0.95678 -1.72337 0 0 0 1 
13001298760120;0.820899;0.489653;0.998982 -0.0267077 0.0363423 0.614419 0.0271381 0.999567 -0.0114023 -0.422519 -0.036022 0.0123769 0.999274 0.633572 0 0 0 1 
13001298760121;0.247186;0.397832;0.981178 -0.192718 -0.0121992 -0.230222 0.193007 0.980726 0.030404 -0.644142 0.00610463 -0.0321863 0.999463 0.0143324 0 0 0 1 
13001298760122;0.958553;0.38029;0.997053 -0.0527351 -0.0557182 0.444381 0.0562354 0.996413 0.0632419 -1.08471 0.0521832 -0.0661888 0.996442 -0.112981 0 0 0 1 
13001298760124;1.10954;0.13316;0.878245 -0.477052 0.0332683 -0.637034 0.47187 0.875792 0.101619 -3.32557 -0.0776137 -0.0735482 0.994267 -0.218397 0 0 0 1 
13001298760125;0.573277;0.0831454;0.940092 0.0279205 -0.339777 0.659938 0.0969449 0.933604 0.344943 -0.80579 0.326848 -0.357218 0.874966 -2.89243 0 0 0 1 
13001298760126;0.254431;0.116626;0.963802 0.184942 -0.192049 0.8957 -0.178716 0.98266 0.0494026 0.806273 0.197855 -0.0132921 0.980141 -0.813307 0 0 0 1 
13001298760127;0.992788;0.123309;0.913199 -0.353807 -0.202209 -0.648997 0.355386 0.934248 -0.0297004 -2.64834 0.199422 -0.0447398 0.978892 -1.13013 0 0 0 1 
13001298760128;0.0799235;0.134098;0.999372 0.0329563 -0.0130566 0.112264 -0.033845 0.99661 -0.0749875 0.216816 0.010541 0.0753822 0.997099 0.286672 0 0 0 1 
13001298760129;0.127861;0.108698;0.998389 -0.0354916 -0.0442736 0.0259399 0.0354973 0.99937 -0.000657586 -0.0265072 0.044269 -0.000915065 0.999019 -0.133271 0 0 0 1 
13001298760130;0.557579;0.114173;0.969452 -0.230203 -0.0846662 -0.668294 0.226834 0.972769 -0.0476025 -1.25504 0.093319 0.0269432 0.995272 0.155317 0 0 0 1 
13001298760131;0.697726;0.106833;0.985061 -0.171238 -0.0182077 0.014574 0.166959 0.975603 -0.142558 -1.13219 0.0421748 0.137388 0.989619 0.381503 0 0 0 1 
13001298760132;0.915785;0.0878859;0.974485 0.0153199 0.223931 0.0810249 -0.0133859 0.999859 -0.010152 0.20515 -0.224055 0.00689539 0.974552 0.293731 0 0 0 1 
13001298760133;0.526097;0.108629;0.990447 0.111694 0.0808615 0.323905 -0.114726 0.99282 0.033857 0.628954 -0.0764993 -0.0428105 0.99615 0.754716 0 0 0 1 
13001298760134;0.640051;0.109463;0.993111 -0.0375705 -0.110995 0.189141 0.034123 0.998879 -0.0327984 0.0668288 0.112103 0.028785 0.99328 0.174613 0 0 0 1 
13001298760135;0.744448;0.0872895;0.892364 0.425568 -0.150262 2.01091 -0.429842 0.902893 0.00443946 1.86872 0.13756 0.0606275 0.988636 0.150124 0 0 0 1 
13001298760136;0.470128;0.0842666;0.994277 0.101398 -0.03363 0.0744456 -0.101081 0.994817 0.010992 0.466797 0.0345702 -0.00752971 0.999374 -0.425025 0 0 0 1 
13001298760137;0.306436;0.0928871;0.962883 0.0606197 0.263023 0.125036 -0.00181756 0.975888 -0.218262 0.0511703 -0.269912 0.209683 0.939777 2.09494 0 0 0 1 
13001298760138;0.926249;0.102408;0.999368 -0.0159147 -0.031784 -0.384235 0.0136059 0.997342 -0.0715827 -0.394 0.0328387 0.071105 0.996928 -0.530146 0 0 0 1 
13001298760139;0.738974;0.108919;0.972035 0.234612 -0.0102345 0.814986 -0.234751 0.969598 -0.0690757 1.24045 -0.00628261 0.0695465 0.997559 0.93755 0 0 0 1 
13001298760140;1.02616;0.0954926;0.989156 0.126678 -0.0743113 0.164861 -0.126224 0.991943 0.0107964 0.44269 0.0750802 -0.00129946 0.997177 -1.16611 0 0 0 1 
13001298760141;0.897713;0.130377;0.952794 -0.229255 0.199065 -0.793716 0.263366 0.950277 -0.16617 -1.69035 -0.151071 0.210752 0.965795 2.05675 0 0 0 1 
13001298760142;0.158181;0.0779596;0.998463 0.00986805 0.0545417 0.0398332 -0.00367128 0.993637 -0.112568 0.21309 -0.0553055 0.112194 0.992146 0.675786 0 0 0 1 
13001298760143;0.631582;0.108491;0.936252 0.341236 -0.0836034 1.38732 -0.350694 0.893424 -0.280725 1.60521 -0.0211003 0.292149 0.95614 1.48799 0 0 0 1 
13001298760144;0.855274;0.114606;0.984777 -0.111135 -0.133653 0.48901 0.115247 0.993061 0.0234054 -0.482687 0.130124 -0.0384521 0.990752 -0.289817 0 0 0 1 
13001298760145;0.0426315;0.102656;0.999009 -0.0397908 -0.019962 -0.103715 0.0389162 0.998341 -0.0424371 -0.0846429 0.0216175 0.0416182 0.9989 0.117501 0 0 0 1 
13001298760146;0.950154;0.13701;0.994688 0.0104519 -0.102404 0.155117 -0.0138152 0.999386 -0.0321897 0.0059871 0.102005 0.0334335 0.994222 0.588755 0 0 0 1 
13001298760147;0.397392;0.118147;0.941889 0.105184 -0.319033 0.816095 -0.196521 0.942774 -0.269363 1.02731 0.272443 0.316407 0.908659 -0.153768 0 0 0 1 
13001298760148;0.554781;0.101362;0.997293 -0.0705848 0.0206194 -0.231166 0.0732315 0.978779 -0.191386 -0.428249 -0.0066729 0.192378 0.981298 0.220476 0 0 0 1 
13001298760149;0.73823;0.133745;0.998624 -0.0430403 -0.0299557 -0.0264962 0.0408814 0.996759 -0.0692881 0.206711 0.0328408 0.0679681 0.997147 0.762214 0 0 0 1 
13001298760150;0.886242;0.12983;0.970103 -0.24252 0.00913013 -0.300693 0.242615 0.968163 -0.0616292 -1.53708 0.00610687 0.0620018 0.998057 -0.35569 0 0 0 1 
13001298760151;1.10427;0.111529;0.935437 0.299397 0.187936 2.00017 -0.331681 0.927259 0.173719 1.76774 -0.122254 -0.224838 0.966696 -0.0473183 0 0 0 1 
13001298760152;0.722566;0.0896037;0.953371 0.221968 0.204483 0.284599 -0.155266 0.941739 -0.298363 0.541166 -0.258797 0.252701 0.932291 2.33398 0 0 0 1 
13001298760153;0.343462;0.118574;0.955699 0.270238 -0.116665 1.14224 -0.287902 0.940696 -0.179455 1.35757 0.0612505 0.205093 0.976824 0.384219 0 0 0 1 
13001298760155;0.0682714;1.00363;0.935348 -0.343725 0.0835359 -0.752906 0.352329 0.926289 -0.133616 -1.9581 -0.0314511 0.15441 0.987506 0.213004 0 0 0 1 
13001298760156;0.228778;0.464567;0.999751 -0.0020364 -0.0222043 -0.425971 -0.000977559 0.99086 -0.134889 0.135565 0.022276 0.134877 0.990612 -0.00172708 0 0 0 1 
13001298760157;0.606065;0.607529;0.999217 0.0287403 -0.0271887 -1.10837 -0.0313119 0.99455 -0.0994452 -0.364384 0.0241824 0.100219 0.994672 0.208428 0 0 0 1 
13001298760158;0.344682;0.657093;0.9673 -0.0573911 -0.247057 -0.341925 0.0336214 0.994481 -0.0993797 -0.0368476 0.251397 0.0878236 0.963891 -0.935526 0 0 0 1 
13001298760159;0.780294;0.755648;0.999033 0.0255264 -0.0357952 -0.0289774 -0.0235327 0.998206 0.0550533 -0.00910284 0.0371363 -0.0541577 0.997842 -0.524197 0 0 0 1 
13001298760160;0.374691;1.11301;0.936528 -0.282436 -0.207713 -0.687027 0.324305 0.922983 0.207191 -2.18648 0.133198 -0.261403 0.955995 -0.151128 0 0 0 1 
13001298760161;0.829311;0.610195;0.967091 0.059088 0.247474 -1.3631 -0.0964849 0.985179 0.141823 0.034149 -0.235426 -0.161033 0.958459 1.01473 0 0 0 1 
13001298760162;0.477774;0.572308;0.97874 0.112273 -0.171647 -0.65747 -0.156916 0.948803 -0.274134 0.465313 0.132081 0.29524 0.946249 -0.0685488 0 0 0 1 
13001298760163;0.737936;0.559332;0.993184 -0.108001 0.043828 -0.154208 0.107728 0.994144 0.00854091 -0.969678 -0.0444938 -0.00376118 0.999003 0.507434 0 0 0 1 
13001298760164;0.306679;0.578531;0.995365 0.0106088 -0.0955847 -0.563916 -0.0364064 0.961495 -0.2724 0.189798 0.0890143 0.274617 0.957425 -0.146744 0 0 0 1 
13001298760165;0.655134;0.473619;0.990729 -0.135055 -0.0147284 -0.869673 0.135811 0.987346 0.0818729 -0.837494 0.0034847 -0.0831141 0.996534 -0.395483 0 0 0 1 
13001298760166;0.142166;0.447284;0.998865 0.0465261 0.0101674 -0.497493 -0.0459079 0.997467 -0.0543291 0.153143 -0.0126694 0.0538007 0.998471 0.0504152 0 0 0 1 
13001298760167;0.73402;1.17424;0.981027 0.0968391 0.167954 -0.648129 -0.0809765 0.991801 -0.0988659 -0.588169 -0.176151 0.0833898 0.980825 1.19296 0 0 0 1 
13001298760168;0.457979;1.05028;0.991475 0.120306 0.0500399 -0.809783 -0.108847 0.975839 -0.189446 -0.10751 -0.0716223 0.182384 0.980615 0.178877 0 0 0 1 
13001298760169;0.0971797;0.458395;0.994287 0.10553 0.0160492 -0.460631 -0.106738 0.984398 0.139885 0.143422 -0.00103686 -0.140799 0.990038 -0.0353008 0 0 0 1 
13001298760170;0.865636;1.06895;0.988748 -0.0776078 -0.127885 -1.27013 0.0622105 0.990788 -0.120283 -0.557769 0.136042 0.110974 0.984468 0.11879 0 0 0 1 
13001298760171;0.53187;0.544457;0.993561 -0.0837232 -0.0763344 -0.645053 0.106735 0.917657 0.382769 -0.854263 0.0380022 -0.388452 0.920685 0.255727 0 0 0 1 
13001298760172;0.399772;1.06044;0.973612 -0.109393 0.20028 -0.724332 0.0724344 0.980373 0.183361 -1.10916 -0.216408 -0.164015 0.962428 1.13042 0 0 0 1 
13001298760173;0.409814;0.911311;0.970717 0.159556 0.179583 -0.741285 -0.14989 0.98648 -0.0662551 0.0958446 -0.187726 0.0373972 0.981509 0.795512 0 0 0 1 
13001298760174;0.230776;0.61715;0.992219 0.0861152 -0.0899231 -0.64206 -0.0868741 0.996209 -0.00455283 0.0926356 0.0891902 0.0123294 0.995938 -0.109204 0 0 0 1 
13001298760175;0.184973;0.393188;0.975559 0.115458 -0.186958 -0.266629 -0.124197 0.991616 -0.0356811 0.360204 0.181271 0.0580286 0.98172 -0.798672 0 0 0 1 
13001298760176;0.684651;1.08337;0.993474 -0.0908999 -0.068897 -0.929996 0.109504 0.929141 0.353138 -1.88782 0.0319149 -0.358378 0.933031 -0.591424 0 0 0 1 
13001298760177;0.712892;0.937926;0.992861 0.0832016 0.0854721 -0.648647 -0.0506982 0.942969 -0.328999 0.0647007 -0.107971 0.322316 0.940454 0.254452 0 0 0 1 
13001298760178;0.372998;0.99367;0.993649 0.10091 0.0497909 -0.816509 -0.0974283 0.992917 -0.0679895 -0.250568 -0.0562991 0.0627066 0.996443 0.14317 0 0 0 1 
13001298760179;0.364497;0.873373;0.982727 -0.126204 0.13535 -0.99818 0.0748283 0.939917 0.333101 -0.82669 -0.169257 -0.317219 0.933126 0.811617 0 0 0 1 
13001298760180;0.444705;1.07099;0.923986 -0.281245 -0.259137 -0.609469 0.362033 0.861607 0.355761 -2.25469 0.123218 -0.422534 0.897932 -0.675844 0 0 0 1 
13001298760181;0.327893;0.498415;0.988843 -0.0597766 0.136443 -0.712267 0.0652119 0.997232 -0.0357166 -0.404966 -0.13393 0.0442158 0.990004 0.336562 0 0 0 1 
13001298760182;0.549357;0.433571;0.997203 0.0358853 -0.0655566 -0.327602 -0.0318054 0.997554 0.0622529 -0.466694 0.0676301 -0.0599937 0.995905 0.13802 0 0 0 1 
13001298760183;0.363905;0.674135;0.959409 -0.186103 -0.211899 -0.475888 0.215302 0.968629 0.124107 -1.09282 0.182155 -0.164692 0.969379 -0.331212 0 0 0 1 
13001298760184;0.185151;1.07164;0.989141 -0.0874035 0.118155 -1.16698 0.103746 0.984686 -0.140107 -0.751824 -0.1041 0.150844 0.983061 0.563777 0 0 0 1 
13001298760186;0.752269;1.15152;0.954334 -0.274878 0.116997 -0.523645 0.279989 0.959552 -0.0294334 -1.34636 -0.104174 0.0608473 0.992696 0.854039 0 0 0 1 
13001298760187;1.11885;1.25191;0.773539 -0.624217 0.1095 -0.372116 0.629838 0.776368 -0.0235883 -3.32139 -0.0702884 0.0872141 0.993707 0.625763 0 0 0 1 
13001298760188;1.47853;0.624435;0.981813 -0.188166 0.0252535 -0.501727 0.181953 0.894628 -0.408086 -0.486751 0.0541953 0.405259 0.912594 0.0884447 0 0 0 1 
13001298760189;0.694353;1.384;0.998482 -0.0446341 0.032276 0.292154 0.0458698 0.998201 -0.0386139 -1.23117 -0.0304945 0.0400358 0.998733 -0.0752698 0 0 0 1 
13001298760190;1.04867;1.22883;0.885949 -0.449212 -0.115336 -0.503283 0.447306 0.893328 -0.0433833 -2.79954 0.122521 -0.0131549 0.992379 -0.551393 0 0 0 1 
13001298760191;0.608395;0.940608;0.994589 -0.0876798 0.0557312 -0.223295 0.0902533 0.99488 -0.0454676 -0.795736 -0.0514592 0.0502515 0.99741 -0.116884 0 0 0 1 
13001298760192;0.728377;0.921148;0.958639 -0.278008 0.0610159 -0.547653 0.277802 0.960563 0.0120027 -1.10214 -0.0619465 0.00544412 0.998065 0.591744 0 0 0 1 
13001298760193;0.223967;1.32978;0.936593 -0.349933 0.0184293 -0.627818 0.349355 0.936553 0.0286174 -1.80774 -0.0272742 -0.0203645 0.999421 -0.0396977 0 0 0 1 
13001298760194;0.894476;0.607613;0.993641 -0.0674786 0.0901334 -0.388931 0.0545422 0.988792 0.138982 -0.844427 -0.0985015 -0.133182 0.986185 -0.605019 0 0 0 1 
13001298760195;0.58478;0.910912;0.998085 0.0445714 0.0429001 0.263497 -0.043512 0.998732 -0.0253203 -0.339981 -0.0439743 0.0234051 0.998758 0.391111 0 0 0 1 
13001298760196;0.904607;1.3697;0.958707 -0.278297 0.0585809 -0.919964 0.280002 0.959722 -0.0230756 -1.37205 -0.0497995 0.0385254 0.998016 -0.143835 0 0 0 1 
13001298760197;0.286883;0.451384;0.939605 -0.341847 0.0168468 -0.635752 0.341753 0.939754 0.00823179 -1.44244 -0.0186458 -0.00197719 0.999824 0.0699368 0 0 0 1 
13001298760198;1.24998;1.22917;0.978343 0.198701 0.0579883 0.380943 -0.198034 0.980046 -0.0170906 0.216158 -0.0602271 0.00523681 0.998171 -0.291448 0 0 0 1 
13001298760199;1.55468;1.23285;0.923692 -0.22935 -0.306906 0.179843 0.20917 0.972998 -0.0975805 -1.14231 0.320999 0.0259386 0.946724 -1.6502 0 0 0 1 
13001298760200;0.663257;0.513838;0.981377 -0.181749 0.0621782 -0.603558 0.183301 0.982849 -0.0201892 -1.1978 -0.0574424 0.0312106 0.997861 0.101496 0 0 0 1 
13001298760201;0.427557;1.28063;0.999361 -0.0345188 0.00929362 -0.0574112 0.030922 0.965171 0.259785 -1.16178 -0.0179374 -0.259332 0.965622 -0.773148 0 0 0 1 
13001298760202;1.14516;1.32918;0.942479 -0.298403 -0.15063 -0.193355 0.330543 0.89906 0.287112 -2.34655 0.0497508 -0.320387 0.945979 -1.57169 0 0 0 1 
13001298760203;0.345194;1.29077;0.998109 -0.00705245 -0.0610602 0.0694239 0.0121328 0.996456 0.083236 -0.814787 0.0602568 -0.0838195 0.994657 -0.235503 0 0 0 1 
13001298760204;0.987501;1.36516;0.906319 -0.419944 0.0472498 -1.00134 0.419782 0.90752 0.0137907 -1.91539 -0.0486715 0.00733584 0.998788 -0.391181 0 0 0 1 
13001298760205;1.27725;0.871368;0.933815 -0.35631 0.0321252 -0.062529 0.356908 0.934017 -0.0151441 -1.63113 -0.0246094 0.0256076 0.999369 0.646096 0 0 0 1 
13001298760206;0.732057;1.33801;0.991302 -0.0245767 0.129295 -0.0819318 0.0611505 0.955937 -0.287134 -0.91028 -0.116541 0.292543 0.949124 1.42363 0 0 0 1 
13001298760207;0.280311;0.572185;0.926741 -0.348357 -0.14071 -0.527523 0.349441 0.936791 -0.0177412 -1.34865 0.137996 -0.0327283 0.989892 -0.36296 0 0 0 1 
13001298760208;0.976835;0.670452;0.981399 -0.185497 0.0494719 -0.0929656 0.186264 0.982434 -0.0113329 -1.34134 -0.0465007 0.0203369 0.998711 0.59902 0 0 0 1 
13001298760209;0.510095;0.528724;0.981171 -0.190235 -0.0333716 -0.0779618 0.189008 0.981288 -0.0367415 -0.907644 0.0397367 0.0297422 0.998767 -0.192517 0 0 0 1 
13001298760210;0.786915;0.9757;0.928813 -0.328419 0.171604 -0.725721 0.332435 0.94311 0.00562429 -1.15934 -0.163689 0.0518233 0.98515 0.327809 0 0 0 1 
13001298760211;0.331308;0.812809;0.966477 -0.223344 0.126651 -0.470267 0.203121 0.966819 0.15493 -1.15928 -0.157051 -0.12401 0.979774 0.207769 0 0 0 1 
13001298760212;0.525518;1.22253;0.978257 -0.142247 0.150927 -0.573056 0.143624 0.989631 0.00179339 -1.22522 -0.149617 0.0199224 0.988543 0.26536 0 0 0 1 
13001298760213;1.26584;0.680886;0.982926 -0.176024 0.0535869 -0.0528771 0.182065 0.972557 -0.144862 -0.783874 -0.0266172 0.152145 0.988 1.13846 0 0 0 1 
13001298760214;1.19532;1.42391;0.935026 -0.154752 0.319026 0.0866667 0.11942 0.984609 0.127607 -0.763851 -0.333864 -0.0812183 0.939116 0.911214 0 0 0 1 
13001298760215;0.473246;1.20817;0.995418 0.0565684 0.0770897 0.0138932 -0.0591205 0.997762 0.0312347 -0.862764 -0.0751503 -0.0356492 0.996535 0.0496825 0 0 0 1 
13001298760217;0.222897;0.165444;0.995138 -0.0805399 -0.0566885 -0.0900837 0.0828472 0.995775 0.0395987 -0.388636 0.0532598 -0.0441026 0.997606 -0.173344 0 0 0 1 
13001298760218;0.56062;0.183696;0.979895 0.112786 0.164576 0.681155 -0.148186 0.96376 0.221829 0.195062 -0.133593 -0.241757 0.961096 -0.109438 0 0 0 1 
13001298760219;1.35156;0.158399;0.995422 -0.0946345 -0.0134274 -0.282782 0.0943789 0.995364 -0.0185405 -0.0663402 0.0151197 0.0171883 0.999738 0.950522 0 0 0 1 
13001298760220;0.477483;0.157207;0.919932 -0.207058 0.332944 -0.192369 0.17315 0.976433 0.128829 -0.617781 -0.351773 -0.0608644 0.934105 1.4323 0 0 0 1 
13001298760221;0.489369;0.163345;0.952508 -0.143821 0.268408 -0.223911 0.11518 0.986113 0.119645 -0.720472 -0.281888 -0.0830476 0.955846 1.12079 0 0 0 1 
13001298760222;1.04527;0.161824;0.997787 0.045359 0.0486178 -0.187501 -0.0560157 0.967374 0.247081 -0.432378 -0.0358242 -0.249257 0.967774 -0.849039 0 0 0 1 
13001298760223;0.25956;0.226198;0.97094 0.116793 0.208889 0.313447 -0.126208 0.991479 0.0322766 0.52934 -0.203339 -0.0577021 0.977407 0.616501 0 0 0 1 
13001298760224;0.137794;0.139185;0.999057 0.0138168 -0.0411718 0.0941054 -0.0142961 0.999833 -0.0113716 0.0971037 0.0410078 0.0119495 0.999087 0.0289931 0 0 0 1 
13001298760225;1.05742;0.172001;0.90704 -0.0145031 0.420794 -0.429596 0.030398 0.999054 -0.0310906 -0.281456 -0.419945 0.0409917 0.906623 1.88422 0 0 0 1 
13001298760226;1.15936;0.14427;0.985793 0.16619 -0.0243436 -0.0140229 -0.167028 0.985227 -0.0377964 0.529083 0.0177026 0.0413255 0.998989 0.648821 0 0 0 1 
13001298760227;0.324156;0.0817335;0.941326 0.32083 -0.104755 1.25896 -0.332889 0.933738 -0.131599 1.15133 0.0555929 0.158749 0.985753 0.341424 0 0 0 1 
13001298760228;1.39459;0.13603;0.939022 -0.115289 0.323955 -0.641042 0.22952 0.911672 -0.340844 -0.0662658 -0.256045 0.394414 0.882541 1.95511 0 0 0 1 
13001298760229;0.664996;0.176076;0.96514 -0.0368132 0.259131 -0.153256 -0.0271831 0.970606 0.239132 0.0306548 -0.260317 -0.23784 0.935771 0.798694 0 0 0 1 
13001298760230;0.977712;0.147381;0.95512 -0.295675 0.0179495 -0.472705 0.292708 0.951366 0.0960495 -1.54444 -0.045476 -0.0864848 0.995215 -0.563135 0 0 0 1 
13001298760231;0.367575;0.546077;0.954053 0.0925693 0.284981 0.486321 -0.111244 0.992533 0.0500205 0.0673272 -0.278223 -0.0794248 0.957227 0.822554 0 0 0 1 
13001298760232;0.090517;0.149154;0.995528 0.0474555 -0.0816827 0.28955 -0.0506916 0.997991 -0.0380095 0.263152 0.0797148 0.0419802 0.995933 -0.133635 0 0 0 1 
13001298760233;0.668099;0.169091;0.970039 -0.242365 -0.0168413 -0.110449 0.242665 0.969926 0.0189039 -0.629363 0.0117532 -0.0224243 0.999679 0.0197591 0 0 0 1 
13001298760234;0.755306;0.172168;0.992115 0.116987 -0.0449651 0.30699 -0.109396 0.983394 0.144804 0.0943079 0.0611586 -0.138743 0.988438 -0.0947929 0 0 0 1 
13001298760235;0.973297;0.199077;0.998975 0.0279576 -0.0355895 0.211513 -0.0274703 0.999523 0.0141094 -0.480205 0.035967 -0.0131173 0.999267 -0.336959 0 0 0 1 
13001298760236;0.97211;0.189546;0.952998 -0.136482 -0.270497 0.29033 0.181229 0.972251 0.147936 -0.902216 0.2428 -0.190004 0.951287 -1.9244 0 0 0 1 
13001298760237;0.48343;0.135636;0.998633 0.0434127 0.0291237 0.141906 -0.0421469 0.998196 -0.0427534 -0.0858097 -0.0309272 0.0414674 0.998661 0.132019 0 0 0 1 
13001298760238;0.245894;0.180262;0.998691 0.0508157 -0.00576626 0.287992 -0.0511101 0.99568 -0.0775184 0.119506 0.00180219 0.0777117 0.996974 0.381112 0 0 0 1 
13001298760239;0.597612;0.177481;0.942374 0.333463 -0.0270861 1.33263 -0.330762 0.940781 0.0743545 1.00393 0.0502766 -0.0611107 0.996864 -0.635117 0 0 0 1 
13001298760240;0.379328;0.21839;0.999116 -0.04038 0.0117227 0.0269706 0.0398489 0.998303 0.042462 -0.00415125 -0.0134175 -0.0419573 0.999029 0.255965 0 0 0 1 
13001298760241;0.905295;0.15801;0.998416 -0.0378898 -0.0416019 0.560996 0.0449077 0.98202 0.183358 0.0515955 0.0339065 -0.184936 0.982166 -0.734784 0 0 0 1 
13001298760242;0.886526;0.182438;0.921941 -0.344464 0.177115 -0.945143 0.32526 0.936803 0.128865 -1.41523 -0.210311 -0.0611976 0.975717 0.21917 0 0 0 1 
13001298760243;0.836676;0.146191;0.949325 0.256532 0.181584 1.04024 -0.236674 0.963639 -0.124039 0.577622 -0.206802 0.0747773 0.975521 0.580315 0 0 0 1 
13001298760244;1.22657;0.135207;0.992606 0.121352 0.00258774 1.00501 -0.121292 0.992476 -0.0167419 0.61432 -0.00459994 0.0163043 0.999856 0.774376 0 0 0 1 
13001298760245;1.14759;0.218984;0.999229 -0.0389898 -0.00469658 -0.7435 0.0383656 0.99471 -0.0952859 0.200898 0.00838691 0.0950322 0.995439 0.0428026 0 0 0 1 
13001298760246;0.304771;0.175383;0.941532 0.272911 -0.197575 1.18583 -0.281396 0.959464 -0.0156639 1.00541 0.185292 0.0703449 0.980163 -0.541268 0 0 0 1 
13001298760248;0.0489943;0.933495;0.934605 -0.350828 0.0585951 -1.16213 0.352631 0.935465 -0.0236121 -1.93433 -0.0465298 0.0427304 0.998003 0.262836 0 0 0 1 
13001298760249;0.420407;0.709235;0.98465 -0.171591 -0.0319538 -0.640293 0.17248 0.984629 0.0274988 -1.33726 0.0267441 -0.0325881 0.999111 -0.523728 0 0 0 1 
13001298760250;0.517589;0.81176;0.953656 -0.289438 0.0822525 -1.01051 0.289709 0.957074 0.00888466 -1.57816 -0.0812932 0.0153563 0.996572 0.765565 0 0 0 1 
13001298760251;0.918817;0.668645;0.97193 -0.231333 0.0428548 -0.0849059 0.227418 0.970443 0.0807544 -1.05893 -0.0602692 -0.0687417 0.995812 -0.276701 0 0 0 1 
13001298760252;0.624083;0.924551;0.957556 -0.287847 0.0152023 -1.35523 0.287984 0.953087 -0.0932233 -1.15466 0.012345 0.0936445 0.995529 0.351866 0 0 0 1 
13001298760253;0.848575;0.95156;0.982678 -0.16059 0.0924873 -0.429142 0.150309 0.982601 0.109098 -1.17332 -0.108398 -0.0933065 0.989719 0.620293 0 0 0 1 
13001298760254;0.316984;0.878973;0.959299 -0.225502 -0.169982 -0.336949 0.218159 0.974008 -0.0609557 -1.30454 0.17931 0.0213917 0.98356 -0.296397 0 0 0 1 
13001298760255;0.292142;0.862786;0.986698 -0.0615868 -0.150448 -0.354688 0.0629567 0.998007 0.00435506 -0.852934 0.14988 -0.0137688 0.988608 -0.598245 0 0 0 1 
13001298760256;0.288912;0.783586;0.941885 -0.333978 0.0362282 -0.996317 0.334959 0.941888 -0.0254974 -1.92799 -0.0256074 0.0361505 0.999018 0.371925 0 0 0 1 
13001298760257;0.0896223;0.891348;0.937597 -0.317513 0.141767 -1.09836 0.317929 0.947897 0.0203173 -1.81132 -0.140832 0.0260226 0.989691 0.538152 0 0 0 1 
13001298760258;0.918056;0.920754;0.994523 -0.0888044 0.0551246 -0.26214 0.0849791 0.994043 0.0682414 -0.305729 -0.0608564 -0.0631832 0.996145 0.0393878 0 0 0 1 
13001298760259;0.628443;0.878913;0.944196 -0.315747 0.093792 -1.40055 0.312871 0.948761 0.044318 -1.55701 -0.10298 -0.0125001 0.994605 -0.19704 0 0 0 1 
13001298760260;0.777086;0.868009;0.979328 -0.196861 0.0464956 -0.810879 0.19602 0.980352 0.0220539 -0.789402 -0.0499236 -0.012484 0.998675 0.0491011 0 0 0 1 
