#;prob_registration_l1 -r /home/probabilistic_point_clouds_registration/build/tester /home/point_clouds_registration_benchmark//devel/registration_pairs/box_met_local.txt /home/point_clouds_registration_benchmark//planetary/box_met -s 0.2 -t 0.2 -p 0.3 -r 1000 -m 10 -i 40 
id;initial_error;final_error;transformation
7680147070000;1.79635;3.219;0.875763 0.201639 0.438611 -9.25701 -0.142298 0.976044 -0.164586 -4.85856 -0.461291 0.081725 0.883477 -32.2968 0 0 0 1 
7680147070001;0.811107;2.98182;0.981569 0.170133 0.0870505 -5.51841 -0.146655 0.962621 -0.227713 -4.632 -0.122538 0.210749 0.969829 -12.4178 0 0 0 1 
7680147070002;1.49386;3.11804;0.962941 -0.0137725 -0.269361 -4.23907 -0.059298 0.963449 -0.261246 0.154536 0.263114 0.267537 0.926928 8.19106 0 0 0 1 
7680147070003;0.946768;3.18463;0.991518 0.129943 -0.00266327 -4.94843 -0.12805 0.973154 -0.191245 -4.43757 -0.0222593 0.189964 0.981539 -4.47104 0 0 0 1 
7680147070004;1.43077;4.11033;0.995917 -0.0887473 -0.0165417 -0.819316 0.0857375 0.987203 -0.134457 7.70564 0.0282627 0.13249 0.990781 -1.6829 0 0 0 1 
7680147070005;0.312811;3.3187;0.990849 0.122356 0.0569756 -4.27473 -0.123489 0.992204 0.0167851 -2.6103 -0.0544777 -0.0236674 0.998234 -3.97594 0 0 0 1 
7680147070006;1.56238;3.61039;0.99975 0.0190289 -0.0117355 -2.07254 -0.0188051 0.999645 0.0188931 2.73984 0.0120908 -0.0186677 0.999753 -1.92063 0 0 0 1 
7680147070007;1.77223;3.60432;0.966652 0.131607 0.219691 -5.07535 -0.182072 0.956447 0.228165 -4.19184 -0.180095 -0.260556 0.948513 -9.63731 0 0 0 1 
7680147070008;0.368314;3.51385;0.986494 0.137914 0.0883659 -4.52222 -0.138982 0.990277 0.00601563 -3.22847 -0.0866771 -0.0182156 0.99607 -5.81898 0 0 0 1 
7680147070009;2.02654;3.38948;0.999806 0.0038788 0.0192903 -2.79951 -0.00235894 0.996935 -0.0781958 3.40274 -0.0195345 0.0781352 0.996751 -6.45366 0 0 0 1 
7680147070010;1.67484;3.38741;0.991695 -0.00336056 -0.128568 -2.68175 0.00157103 0.999901 -0.0140179 4.12158 0.128602 0.0136995 0.991602 8.46703 0 0 0 1 
7680147070011;1.58383;3.40063;0.970631 0.0318628 0.238456 -3.52617 0.052921 0.938632 -0.340835 5.10055 -0.234682 0.343445 0.909379 -19.4039 0 0 0 1 
7680147070012;1.55669;2.91512;0.996056 0.0329826 0.0823687 -3.55638 -0.0154698 0.978678 -0.204818 2.26021 -0.0873678 0.202735 0.975328 -7.90663 0 0 0 1 
7680147070013;1.90796;3.31752;0.994051 0.108786 0.00522413 -3.99113 -0.10781 0.976066 0.188873 -1.07916 0.0154476 -0.188312 0.981988 0.493862 0 0 0 1 
7680147070014;1.7784;2.97719;0.991443 0.127931 -0.0259543 -4.63508 -0.129721 0.987776 -0.086436 -3.30863 0.0145791 0.0890632 0.995919 -4.00848 0 0 0 1 
7680147070015;0.363704;3.2511;0.997903 0.00130869 -0.0647145 -3.29221 0.0226011 0.929822 0.367315 8.76857 0.0606537 -0.368007 0.927843 8.74886 0 0 0 1 
7680147070016;0.265959;3.07414;0.99596 0.0871596 0.0216134 -3.87277 -0.0880989 0.994994 0.0471777 -0.760644 -0.0173933 -0.0488912 0.998653 -1.43525 0 0 0 1 
7680147070017;0.994504;3.3153;0.999311 -0.0350221 -0.0123017 -2.17834 0.0351752 0.999303 0.0124607 6.0934 0.0118567 -0.0128849 0.999847 -1.28556 0 0 0 1 
7680147070018;1.14391;3.24428;0.925574 0.0729881 -0.371465 -10.8878 -0.075472 0.997117 0.00786823 0.253998 0.370968 0.0207525 0.928414 20.3301 0 0 0 1 
7680147070019;1.59901;2.69651;0.997324 0.0716942 0.0143185 -2.24457 -0.0717095 0.997425 0.000557982 0.718315 -0.0142416 -0.00158326 0.999897 -1.36888 0 0 0 1 
7680147070020;1.99055;3.18959;0.972827 0.0746384 0.219174 -5.76877 -0.097172 0.990829 0.0938869 -0.420367 -0.210156 -0.112633 0.971158 -10.1267 0 0 0 1 
7680147070021;1.30849;2.85865;0.965586 -0.0351045 -0.257703 -4.88485 0.0863445 0.977919 0.190311 10.9763 0.245332 -0.206013 0.947297 15.5899 0 0 0 1 
7680147070022;0.490232;3.54638;0.998575 -0.00936569 0.0525364 -2.19719 0.00706806 0.999017 0.0437507 4.95475 -0.0528945 -0.043317 0.99766 -2.89626 0 0 0 1 
7680147070023;1.93092;2.27281;0.98692 0.155482 0.0425959 -4.67778 -0.14771 0.97798 -0.147437 -3.75608 -0.0645818 0.139217 0.988154 -6.27042 0 0 0 1 
7680147070024;2.01577;3.89344;0.983367 0.11433 -0.141133 -4.77302 -0.0858031 0.977276 0.193829 0.0561709 0.160086 -0.178495 0.970831 10.0253 0 0 0 1 
7680147070025;1.53658;3.71641;0.958514 -0.0663762 -0.277209 -4.36749 0.0285621 0.98998 -0.138285 4.69982 0.28361 0.124631 0.950806 11.1209 0 0 0 1 
7680147070026;1.23157;3.30862;0.987332 0.149046 0.0544219 -4.86468 -0.153098 0.984968 0.0799903 -3.2386 -0.0416816 -0.0873088 0.995309 -0.478852 0 0 0 1 
7680147070027;1.05263;3.22987;0.937818 0.065174 0.340955 -5.9306 -0.118645 0.983245 0.138391 -1.73078 -0.326223 -0.170238 0.929837 -17.5672 0 0 0 1 
7680147070028;0.137424;3.20932;0.99896 0.0410252 0.0199199 -2.73305 -0.0412592 0.999083 0.0114783 1.62637 -0.0194308 -0.0122882 0.999736 -1.79819 0 0 0 1 
7680147070029;1.81513;2.31111;0.996759 0.0433604 -0.0677627 -4.02341 -0.0451354 0.998671 -0.0248869 2.46204 0.0665935 0.0278648 0.997391 3.14883 0 0 0 1 
7680147070031;0.429088;1.74664;0.973968 -0.0371461 -0.223619 -4.06217 0.0379758 0.999278 -0.000590527 1.82559 0.22348 -0.00791698 0.974676 1.24261 0 0 0 1 
7680147070032;0.91489;1.81861;0.995299 -0.0136672 0.0958833 -2.06066 0.00491778 0.995848 0.0908997 2.68583 -0.0967276 -0.0900008 0.991233 0.15127 0 0 0 1 
7680147070033;0.415478;1.54363;0.976689 -0.000238706 0.214659 -2.3261 0.0650104 0.953365 -0.294734 1.31893 -0.204578 0.301818 0.931157 -9.80168 0 0 0 1 
7680147070034;0.600344;1.82088;0.984722 -0.0649573 -0.161564 -3.17684 0.0357381 0.983457 -0.17758 1.0545 0.170427 0.169093 0.970753 -2.02679 0 0 0 1 
7680147070035;0.44843;1.61938;0.997125 -0.0265863 0.0709545 -2.36934 0.0114817 0.978625 0.205333 2.50063 -0.0748969 -0.203928 0.976117 2.54899 0 0 0 1 
7680147070036;0.879785;1.38138;0.999787 -0.0196995 -0.00615928 -4.02303 0.0194716 0.999195 -0.0350844 1.95419 0.00684547 0.034957 0.999365 -1.51404 0 0 0 1 
7680147070037;0.82527;1.7303;0.999621 -0.00554185 0.0269767 -3.00261 0.00492515 0.999726 0.0228735 2.00324 -0.027096 -0.022732 0.999374 1.40875 0 0 0 1 
7680147070038;0.802274;1.49803;0.978222 -0.0389554 0.203871 -1.97174 -0.0217741 0.95755 0.287444 4.09831 -0.206415 -0.285624 0.935848 4.03876 0 0 0 1 
7680147070039;1.33952;1.48221;0.999056 0.0419482 0.0112476 -5.88037 -0.0421851 0.998874 0.021721 1.27767 -0.0103237 -0.0221749 0.999701 0.885841 0 0 0 1 
7680147070040;0.158831;1.61017;0.999725 -0.0180341 -0.0149964 -2.81594 0.0160416 0.992183 -0.12376 0.986569 0.0171111 0.123485 0.992199 -3.00128 0 0 0 1 
7680147070041;1.36617;1.54108;0.998867 -0.0171436 0.0443939 -2.67913 0.0157413 0.999372 0.0317487 1.795 -0.0449103 -0.0310139 0.998509 -3.17203 0 0 0 1 
7680147070042;0.46675;1.70096;0.996031 0.00852075 0.0886002 -2.98502 0.010252 0.9778 -0.209288 0.777573 -0.0884166 0.209365 0.973832 -6.66213 0 0 0 1 
7680147070043;1.14629;1.551;0.965037 0.0513353 0.257036 -1.26641 0.00831051 0.974148 -0.225759 -0.16331 -0.26198 0.220002 0.939662 -7.54156 0 0 0 1 
7680147070044;0.702038;1.66152;0.999449 -0.00876813 -0.0320007 -3.32015 0.0109675 0.997542 0.0692138 2.19644 0.0313151 -0.0695266 0.997088 2.72477 0 0 0 1 
7680147070045;0.887978;1.65137;0.998959 -0.0226678 0.0395972 -2.69782 0.023026 0.999698 -0.00861198 2.20826 -0.03939 0.00951477 0.999179 -2.33872 0 0 0 1 
7680147070046;0.520495;1.61314;0.993004 -0.0371281 0.112092 -1.88226 0.0563504 0.983215 -0.173529 1.39554 -0.103768 0.178631 0.978429 -6.45142 0 0 0 1 
7680147070047;1.3778;1.54015;0.996219 0.0444083 -0.0746678 -6.41876 -0.0217244 0.959515 0.280819 3.78006 0.0841156 -0.278135 0.956852 7.66093 0 0 0 1 
7680147070048;1.12108;1.81289;0.999884 -0.0146828 0.00406904 -1.18919 0.0148612 0.998738 -0.0479654 0.514227 -0.00335965 0.0480203 0.998841 -1.01301 0 0 0 1 
7680147070049;0.932757;1.62186;0.996985 -0.056181 -0.053519 -2.83783 0.0476359 0.987634 -0.149366 2.20136 0.0612487 0.146366 0.987333 -1.66058 0 0 0 1 
7680147070050;1.2993;1.38238;0.957076 -0.0698509 -0.281295 -5.20459 0.0335194 0.990688 -0.131961 1.36878 0.287893 0.116868 0.950505 -0.508066 0 0 0 1 
7680147070051;0.92457;1.71294;0.997392 -0.0431222 0.0578794 -1.70405 0.0266296 0.965185 0.260209 3.20894 -0.0670851 -0.257989 0.963816 2.66935 0 0 0 1 
7680147070052;0.840224;1.68151;0.963061 -0.0479256 -0.264983 -3.17977 0.0890181 0.985373 0.145312 3.58136 0.254143 -0.163533 0.953241 6.62341 0 0 0 1 
7680147070053;0.82655;1.6445;0.999963 -0.0052056 0.00681929 -2.55246 0.00532697 0.999826 -0.0179018 1.24527 -0.00672491 0.0179375 0.999816 0.619171 0 0 0 1 
7680147070054;0.270576;1.73608;0.998202 0.0164555 0.0576437 -3.63339 -0.0190091 0.998849 0.0440348 1.45131 -0.0568527 -0.0450513 0.997366 -0.12556 0 0 0 1 
7680147070055;0.73698;1.59757;0.984622 -0.118141 -0.128692 -1.18356 0.0500822 0.89663 -0.43994 1.67509 0.167363 0.426729 0.888758 -7.43755 0 0 0 1 
7680147070056;0.896614;1.63349;0.998604 -0.0485961 -0.0207161 -2.33667 0.0479553 0.998387 -0.0303837 1.69443 0.0221592 0.0293478 0.999324 -2.90319 0 0 0 1 
7680147070057;0.403726;1.55302;0.997765 0.0224814 0.0629244 -3.9585 -0.0194219 0.998619 -0.0488177 1.1776 -0.063935 0.0474865 0.996824 -2.12769 0 0 0 1 
7680147070058;0.771956;1.58916;0.992554 0.0302647 0.117982 -3.51114 -0.00929387 0.984633 -0.17439 0.724616 -0.121447 0.171995 0.977583 -7.04496 0 0 0 1 
7680147070059;0.054331;1.64454;0.999606 -0.0110632 0.0258031 -2.74744 0.0114704 0.999811 -0.0156878 1.48507 -0.0256247 0.0159776 0.999544 -1.24541 0 0 0 1 
7680147070060;0.252286;1.5207;0.99982 0.0100384 0.0161043 -3.1689 -0.0139906 0.963277 0.268144 3.19852 -0.0128212 -0.268321 0.963244 4.74348 0 0 0 1 
7680147070062;0.694613;2.48735;0.997222 0.0384705 0.0637831 1.93254 -0.0404638 0.998723 0.0302579 -1.67113 -0.0625376 -0.0327547 0.997505 -1.11519 0 0 0 1 
7680147070063;0.642429;2.30706;0.99913 -0.031497 -0.0273267 3.24677 0.0314938 0.999504 -0.000544483 -0.0363378 0.0273302 -0.000316612 0.999626 0.336841 0 0 0 1 
7680147070064;1.73702;2.08264;0.997138 -0.0560218 -0.0507627 1.493 0.0439389 0.975872 -0.213877 -0.227716 0.0615197 0.211035 0.975541 -3.26252 0 0 0 1 
7680147070065;2.03958;2.483;0.9821 -0.0105195 -0.188067 -0.667441 0.0380103 0.988967 0.143175 1.74204 0.184486 -0.147761 0.971664 6.28422 0 0 0 1 
7680147070066;1.4044;2.21805;0.996882 -0.00414445 0.0787966 1.41032 0.0149023 0.990537 -0.136435 -0.643094 -0.0774855 0.137184 0.98751 -4.03578 0 0 0 1 
7680147070067;2.44929;1.94133;0.997141 -0.0240624 -0.0716319 2.75229 0.0249805 0.999617 0.0119491 -0.346099 0.0713169 -0.0137044 0.99736 -0.561138 0 0 0 1 
7680147070068;0.72785;2.29503;0.997549 -0.0183606 -0.0675163 2.43812 0.0156834 0.999078 -0.0399715 -0.418272 0.068188 0.0388146 0.996917 2.00064 0 0 0 1 
7680147070069;0.403431;1.8751;0.995357 -0.050694 0.0818253 3.14078 0.0802848 0.906179 -0.415203 0.270088 -0.0531002 0.419844 0.906042 -8.89867 0 0 0 1 
7680147070070;2.46104;2.90165;0.928668 -0.132738 -0.346347 1.49441 0.0538801 0.972144 -0.228106 -0.895613 0.366978 0.193174 0.909951 3.69194 0 0 0 1 
7680147070071;1.40642;1.59399;0.945493 0.0492502 0.321898 1.47145 -0.0901483 0.989451 0.113402 -1.64975 -0.312917 -0.136239 0.939958 -6.82405 0 0 0 1 
7680147070072;0.468235;2.03452;0.996703 0.0237986 -0.0775631 1.31525 -0.024472 0.999671 -0.00774356 -1.06633 0.0773533 0.00961616 0.996957 1.52938 0 0 0 1 
7680147070073;0.953779;1.58752;0.994445 0.00875372 0.10489 1.81745 0.0125331 0.979598 -0.200577 -1.30246 -0.104506 0.200778 0.974047 -5.13286 0 0 0 1 
7680147070074;0.189263;1.82561;0.998954 -0.0427697 -0.016206 2.57253 0.0392775 0.983757 -0.175157 -0.665596 0.0234342 0.174337 0.984407 -2.38863 0 0 0 1 
7680147070075;2.44638;2.37874;0.962498 -0.11301 -0.246629 4.5362 0.0334653 0.95162 -0.305448 -1.17395 0.269216 0.28574 0.919715 1.91252 0 0 0 1 
7680147070076;2.31741;2.11181;0.996363 -0.0305105 -0.0795668 2.38017 0.0278319 0.999015 -0.0345602 -0.406434 0.0805429 0.03222 0.99623 3.63099 0 0 0 1 
7680147070077;2.21484;1.89601;0.99973 -0.00185951 -0.0231825 3.60123 -0.000773777 0.993587 -0.113066 -1.23022 0.0232441 0.113053 0.993317 0.690106 0 0 0 1 
7680147070078;0.226189;2.15126;0.992436 0.0108307 -0.122287 1.32459 0.0305503 0.942978 0.331451 2.93668 0.118904 -0.33268 0.935514 8.36696 0 0 0 1 
7680147070079;1.94297;2.48435;0.995207 0.0237825 0.0948588 1.83141 0.000104152 0.969721 -0.244216 -0.859034 -0.0977946 0.243055 0.96507 -7.06316 0 0 0 1 
7680147070080;2.14298;2.26667;0.998884 -0.0462502 -0.00955772 2.64128 0.0434739 0.979535 -0.196521 -0.0964622 0.0184513 0.195887 0.980453 -0.385444 0 0 0 1 
7680147070081;1.69906;2.27587;0.998743 -0.00275165 0.0500459 3.92196 0.00902745 0.992038 -0.125612 -1.1023 -0.0493018 0.125906 0.990816 -1.83657 0 0 0 1 
7680147070082;2.0972;2.43529;0.956395 -0.0979766 -0.275154 1.24026 0.0206394 0.962374 -0.270942 -1.20563 0.291347 0.253448 0.922432 4.24797 0 0 0 1 
7680147070083;0.59076;1.91828;0.999684 -0.017928 0.0175964 2.45631 0.0226341 0.946686 -0.321363 -0.892975 -0.0108969 0.32166 0.946793 -6.22071 0 0 0 1 
7680147070084;0.946739;2.01611;0.999346 -4.82913e-05 -0.0361731 2.83675 0.00032757 0.99997 0.00771472 -0.719036 0.0361717 -0.00772152 0.999316 1.92173 0 0 0 1 
7680147070085;1.67199;2.6413;0.960768 0.0525694 -0.272326 -0.175285 0.0456173 0.93855 0.342115 3.80672 0.273576 -0.341116 0.899331 13.4751 0 0 0 1 
7680147070086;1.58068;2.60554;0.999473 0.0154009 -0.0285913 2.25772 -0.0148571 0.999707 0.0191341 -1.25968 0.0288776 -0.0186992 0.999408 -0.534025 0 0 0 1 
7680147070087;0.945675;2.80412;0.992788 -0.0242344 -0.117412 2.13633 -0.000685867 0.978192 -0.207703 -2.11278 0.119885 0.206285 0.97112 -0.858076 0 0 0 1 
7680147070088;1.00125;3.04904;0.982314 0.0512112 0.180102 2.89608 -0.0465074 0.99846 -0.0302467 -2.65776 -0.181374 0.0213357 0.983183 -4.9446 0 0 0 1 
7680147070089;1.42162;2.63084;0.99835 0.0413903 0.0397983 2.40479 -0.0421589 0.998936 0.0186712 -1.91761 -0.0389832 -0.0203183 0.999033 1.0255 0 0 0 1 
7680147070090;0.678915;1.73563;0.998637 -0.0126738 -0.0506307 2.14631 0.0143619 0.999348 0.0331183 -0.0153497 0.050178 -0.0338004 0.998168 1.66491 0 0 0 1 
7680147070091;1.30647;2.33716;0.987343 -0.0516774 -0.149941 1.04966 0.0355374 0.993473 -0.108392 0.250797 0.154564 0.101692 0.982735 1.99191 0 0 0 1 
7680147070093;0.528987;0.580661;0.995699 -0.0193422 -0.090601 -0.751448 0.0250434 0.997748 0.0622184 1.98321 0.0891936 -0.0642197 0.993942 7.50963 0 0 0 1 
7680147070094;0.750267;0.791518;0.975909 -0.0269645 -0.216504 -2.67902 0.0543168 0.991117 0.121399 4.66528 0.211307 -0.130234 0.968705 17.6854 0 0 0 1 
7680147070095;1.32662;1.03743;0.994555 0.0808854 0.0657161 -3.39797 -0.0595496 0.95856 -0.278596 -6.96179 -0.0855272 0.273166 0.958157 -12.8393 0 0 0 1 
7680147070096;1.72861;0.306743;0.999103 0.0359083 0.0224631 -1.29393 -0.0347426 0.99813 -0.0502928 -3.03891 -0.024227 0.0494672 0.998482 0.305335 0 0 0 1 
7680147070097;1.58172;1.6754;0.997205 -0.00740562 -0.0743491 -0.69623 0.0116946 0.998282 0.0574181 1.23562 0.0737961 -0.0581271 0.995578 6.91759 0 0 0 1 
7680147070098;0.811119;0.350511;0.980052 -0.0362633 -0.195403 -2.54536 0.0158616 0.994348 -0.104979 0.0454183 0.198105 0.0997851 0.975088 12.6041 0 0 0 1 
7680147070099;0.734807;0.307659;0.999891 0.0058497 0.0135556 -1.11042 -0.00577854 0.999969 -0.00528304 -1.44637 -0.0135861 0.00520413 0.999894 -1.46465 0 0 0 1 
7680147070100;0.613699;0.284267;0.936463 0.0764027 0.342344 -4.37946 -0.0546942 0.995858 -0.0726378 -4.6553 -0.346475 0.0492984 0.936763 -26.8584 0 0 0 1 
7680147070101;0.463274;0.50991;0.998917 -0.00401363 -0.0463453 -0.550282 -0.00175662 0.992306 -0.123798 -1.1706 0.0464856 0.123746 0.991225 0.181238 0 0 0 1 
7680147070102;1.71997;1.29152;0.991211 0.0481314 0.123221 -1.54855 -0.0239941 0.981425 -0.190341 -3.04917 -0.130094 0.185712 0.973954 -15.9409 0 0 0 1 
7680147070103;0.768405;0.55289;0.984979 0.0269065 0.170565 -0.750045 -0.0332365 0.998857 0.0343653 -2.15472 -0.169445 -0.0395181 0.984747 -9.86455 0 0 0 1 
7680147070104;1.11988;0.625116;0.999684 0.02207 0.0120036 -1.80254 -0.0214007 0.99835 -0.0532865 -3.39471 -0.0131598 0.0530128 0.998507 -2.33462 0 0 0 1 
7680147070105;0.792054;0.67539;0.971162 0.0484886 0.23344 -1.92177 -0.0453561 0.998794 -0.0187716 -3.74686 -0.234068 0.00764238 0.97219 -17.6982 0 0 0 1 
7680147070106;0.562855;0.35662;0.99831 0.00911334 -0.0574002 -1.1843 -0.0127714 0.997888 -0.0636884 -1.47028 0.0566986 0.0643138 0.996318 3.47618 0 0 0 1 
7680147070107;0.610731;0.549157;0.999913 -0.00635824 0.011585 -0.0637161 0.00468819 0.9903 0.138867 1.33765 -0.0123556 -0.138801 0.990243 3.20882 0 0 0 1 
7680147070108;1.42716;1.15433;0.999244 0.00178867 -0.0388413 -0.6847 -0.00362102 0.998881 -0.0471564 -0.73824 0.0387135 0.0472613 0.998132 0.460695 0 0 0 1 
7680147070109;0.474796;0.393119;0.900005 0.0406444 0.433981 -5.23629 -0.100399 0.988202 0.115661 -6.32338 -0.42416 -0.147667 0.893467 -27.7771 0 0 0 1 
7680147070110;0.941477;0.459449;0.999912 -0.00419211 0.0126001 -0.716459 0.00505772 0.997571 -0.0694713 -1.00101 -0.0122783 0.0695289 0.997504 -2.61691 0 0 0 1 
7680147070111;1.47967;1.31134;0.99996 0.00509628 0.00728249 -0.0733218 -0.0049375 0.999753 -0.0216565 -0.467201 -0.00739106 0.0216197 0.999739 0.436732 0 0 0 1 
7680147070112;1.75011;0.624571;0.996039 0.00641645 -0.088682 -3.2476 0.0251646 0.936269 0.35038 3.93064 0.0852785 -0.351224 0.9324 12.4897 0 0 0 1 
7680147070113;1.0332;0.880143;0.997399 0.0140591 0.0706984 -0.507059 -0.00989132 0.998211 -0.0589591 -1.23064 -0.0714009 0.0581065 0.995754 -5.96318 0 0 0 1 
7680147070114;0.426388;0.442136;0.982305 -0.0425327 0.182397 0.485594 -0.0316489 0.922171 0.385484 2.33959 -0.184597 -0.384436 0.904507 -4.16154 0 0 0 1 
7680147070115;1.70185;1.36991;0.994887 -0.0130336 -0.100152 -1.26067 -0.0244451 0.931078 -0.364001 -3.7028 0.0979934 0.364588 0.925998 -2.4319 0 0 0 1 
7680147070116;1.08478;0.167373;0.997704 0.0523546 0.0429555 -2.18193 -0.0339841 0.935712 -0.351125 -3.73617 -0.0585769 0.348859 0.935343 -14.0892 0 0 0 1 
7680147070117;0.562653;0.669702;0.997031 0.0175958 0.0749683 -0.29563 -0.0246777 0.995208 0.0946134 -1.04514 -0.0729442 -0.0961825 0.992687 -2.735 0 0 0 1 
7680147070118;0.421204;0.529872;0.992553 -0.0256334 -0.119082 -1.07363 0.0141139 0.995224 -0.0965902 0.228402 0.12099 0.0941902 0.988175 6.56721 0 0 0 1 
7680147070119;1.56631;0.475127;0.998043 0.0127876 0.0612023 -0.47392 -0.00910063 0.998148 -0.0601466 -1.65054 -0.0618581 0.0594719 0.996312 -8.20405 0 0 0 1 
7680147070120;0.829004;0.599801;0.999444 0.0176167 -0.0282996 -1.79676 -0.0223674 0.983872 -0.177473 -3.37007 0.0247167 0.178007 0.983719 -1.40976 0 0 0 1 
7680147070121;0.0967963;0.330849;0.997456 0.00351546 0.0712032 -0.192568 -0.00608935 0.999335 0.0359638 -0.489657 -0.0710294 -0.0363059 0.996813 -3.95467 0 0 0 1 
7680147070122;0.194803;0.379012;0.999649 -0.00832428 -0.0251354 -0.475444 0.00741391 0.999321 -0.036097 -0.0848892 0.0254188 0.035898 0.999032 1.26282 0 0 0 1 
7680147070124;1.64617;1.22138;0.996023 0.00297753 0.0890417 -0.951245 0.00972572 0.989834 -0.141892 1.41197 -0.088559 0.142194 0.985869 -7.62487 0 0 0 1 
7680147070125;1.40625;1.21721;0.998176 -0.0515203 0.031469 -1.21476 0.0515304 0.998671 0.000489988 5.23097 -0.0314524 0.00113252 0.999505 -4.19724 0 0 0 1 
7680147070126;1.2267;1.51874;0.998638 -0.0408484 -0.032465 -2.28599 0.0412124 0.999094 0.0106228 5.7223 0.0320016 -0.0119463 0.999416 1.99961 0 0 0 1 
7680147070127;1.9725;1.09231;0.986751 -0.0533819 -0.153206 -1.37987 0.0338666 0.991289 -0.127273 3.15523 0.158666 0.120399 0.979964 8.66698 0 0 0 1 
7680147070128;1.62499;1.94256;0.96533 -0.074255 -0.250248 -4.37993 0.0756354 0.997127 -0.00410981 6.793 0.249834 -0.0149603 0.968173 13.4216 0 0 0 1 
7680147070129;0.486275;1.4632;0.99878 -0.022416 -0.0440022 -1.11023 0.0202852 0.998627 -0.0482886 2.9167 0.0450243 0.0473371 0.997864 3.11268 0 0 0 1 
7680147070130;1.63305;2.12759;0.996988 -0.0117974 0.0766522 -1.32493 0.00342429 0.994095 0.108461 3.08766 -0.0774791 -0.107872 0.991141 -3.95231 0 0 0 1 
7680147070131;2.14793;1.21799;0.932038 0.0599387 0.357368 -4.09021 0.028869 0.970807 -0.238119 3.28856 -0.361208 0.232252 0.903099 -25.0349 0 0 0 1 
7680147070132;1.4581;2.088;0.995155 -0.0486146 -0.0854565 -2.09187 0.0480256 0.998806 -0.00893599 4.85292 0.0857889 0.0047886 0.996302 3.29088 0 0 0 1 
7680147070133;1.07349;2.1387;0.999328 -0.0117642 -0.0347168 -1.32392 0.011459 0.999894 -0.00897626 1.98436 0.0348187 0.0085724 0.999357 2.20656 0 0 0 1 
7680147070134;1.69636;1.30191;0.992861 -0.0356585 -0.113824 -1.60714 0.0209587 0.991576 -0.12782 2.25193 0.117423 0.124522 0.985244 9.83743 0 0 0 1 
7680147070135;0.51747;1.34067;0.937628 -0.103804 -0.33178 -5.83391 0.102158 0.994515 -0.0224523 8.01017 0.332291 -0.0128419 0.943089 20.1368 0 0 0 1 
7680147070136;0.646267;1.84401;0.915232 -0.101026 -0.390058 -8.34994 0.0507631 0.989255 -0.137108 4.75902 0.399718 0.105685 0.910525 26.1985 0 0 0 1 
7680147070137;2.04694;2.12128;0.992674 -0.0126549 -0.120157 -2.06374 0.0301346 0.989003 0.144794 4.11713 0.117003 -0.147355 0.982139 8.77122 0 0 0 1 
7680147070138;0.720049;1.20114;0.999043 -0.0320442 -0.0297616 -0.935971 0.0288938 0.994483 -0.100842 2.95786 0.0328288 0.0998855 0.994457 1.56153 0 0 0 1 
7680147070139;1.74647;1.32919;0.999209 -0.0191584 0.0348477 -1.16206 0.020156 0.99939 -0.0285077 2.81935 -0.0342803 0.0291875 0.998986 -4.80267 0 0 0 1 
7680147070140;0.663015;1.95777;0.999607 -0.0278215 0.00336096 -1.28824 0.0280029 0.99628 -0.0814996 3.29537 -0.00108102 0.0815617 0.996668 -0.540004 0 0 0 1 
7680147070141;0.53013;1.44278;0.999364 -0.0342814 0.00979907 -0.580636 0.0343883 0.999348 -0.0109656 3.43199 -0.00941677 0.0112956 0.999892 -0.744796 0 0 0 1 
7680147070142;1.96977;1.55836;0.981543 -0.0798075 -0.173793 -4.97793 0.0399811 0.974315 -0.221611 4.94524 0.187016 0.210572 0.959523 13.7439 0 0 0 1 
7680147070143;0.856847;1.65848;0.98281 -0.0427103 0.179612 -2.58658 0.0117272 0.98535 0.170139 3.23949 -0.184248 -0.165108 0.968913 -13.0319 0 0 0 1 
7680147070144;1.63732;1.98954;0.997063 0.0161484 0.074868 -0.590256 -0.0171696 0.999768 0.0130161 -0.330911 -0.0746404 -0.0142633 0.997109 -6.20593 0 0 0 1 
7680147070145;0.140484;1.24961;0.99875 -0.0495561 0.00647521 -0.949466 0.0496155 0.998724 -0.00936822 4.67113 -0.0060027 0.00967778 0.999935 -0.529965 0 0 0 1 
7680147070146;1.19743;1.20579;0.994422 -0.0839703 -0.0638253 -2.26177 0.0850415 0.996275 0.0142511 7.66266 0.0623909 -0.0195994 0.997859 2.41427 0 0 0 1 
7680147070147;0.293378;1.35278;0.997932 -0.000573561 0.0642692 -0.711833 0.00676528 0.995342 -0.0961643 1.6793 -0.0639147 0.0964003 0.993288 -4.05734 0 0 0 1 
7680147070148;2.08491;1.34946;0.993831 -0.026913 -0.107589 -0.973302 0.0449807 0.984552 0.169217 4.52274 0.101373 -0.173012 0.979689 7.92289 0 0 0 1 
7680147070149;2.16398;1.65971;0.9867 -0.0538021 -0.153391 -2.29798 0.0279192 0.985706 -0.166145 3.86737 0.160137 0.159653 0.974098 10.376 0 0 0 1 
7680147070150;0.570326;1.87482;0.999674 0.00479734 0.0250917 -1.27109 0.00638913 0.904043 -0.427394 0.491161 -0.0247343 0.427415 0.903717 -0.266265 0 0 0 1 
7680147070151;0.700204;2.07102;0.994335 -0.0370312 -0.0996281 -2.73143 0.038587 0.999161 0.0137338 5.3058 0.099036 -0.0175003 0.99493 5.6568 0 0 0 1 
7680147070152;0.196422;1.15735;0.998602 -0.0484447 -0.0211578 -0.901747 0.0480962 0.998703 -0.0166842 4.40269 0.0219386 0.0156433 0.999637 1.36417 0 0 0 1 
7680147070153;0.328459;1.86072;0.999249 -0.0235233 -0.0308005 -1.40785 0.0131629 0.953481 -0.301164 1.97551 0.0364521 0.300533 0.953075 3.18765 0 0 0 1 
7680147070155;0.140686;2.85429;0.999572 -0.0113923 -0.02693 4.1402 0.0104641 0.999355 -0.0343599 2.31748 0.0273041 0.0340635 0.999047 2.87401 0 0 0 1 
7680147070156;0.73666;2.78447;0.999427 -0.00893548 -0.0326425 4.7566 0.00762901 0.999173 -0.0399309 1.70293 0.0329723 0.039659 0.998669 3.73376 0 0 0 1 
7680147070157;1.89722;3.34079;0.99736 -0.0182941 -0.0702664 2.8226 0.0209617 0.99908 0.0374156 4.21419 0.0695173 -0.0387897 0.996826 9.39789 0 0 0 1 
7680147070158;1.79956;3.02096;0.997624 -0.0395359 -0.0564183 3.81596 0.0278381 0.980446 -0.194809 4.41231 0.0630171 0.192776 0.979217 8.14153 0 0 0 1 
7680147070159;1.65931;3.54196;0.998997 -0.00113629 -0.0447699 3.16401 -0.000585105 0.999262 -0.038418 0.732434 0.0447805 0.0384057 0.998258 3.44539 0 0 0 1 
7680147070160;0.0621527;2.90685;0.999031 0.0164586 -0.0408287 4.18029 -0.0180299 0.999099 -0.0384205 -0.814137 0.0401595 0.0391194 0.998427 4.53179 0 0 0 1 
7680147070161;0.430207;2.96109;0.995914 -0.0709538 -0.0558685 3.82531 0.0668635 0.995164 -0.0719598 8.41808 0.0607041 0.0679302 0.995842 6.84044 0 0 0 1 
7680147070162;0.473536;2.65493;0.96847 0.0485186 0.244359 1.36247 -0.0506828 0.998711 0.00257301 -4.4176 -0.243919 -0.0148766 0.969682 -27.2903 0 0 0 1 
7680147070163;0.736349;2.97443;0.991369 0.0137311 0.130377 3.25477 -0.0305258 0.991342 0.127708 -2.16863 -0.127495 -0.130585 0.983205 -14.011 0 0 0 1 
7680147070164;0.540732;3.11873;0.997374 -0.0345416 -0.0636519 3.87837 0.0236496 0.986086 -0.164544 3.48771 0.0684498 0.162606 0.984314 8.51894 0 0 0 1 
7680147070165;1.76832;2.98554;0.999771 -0.00678131 -0.0202828 4.06876 0.00593627 0.999123 -0.0414369 1.8681 0.020546 0.041307 0.998935 5.05932 0 0 0 1 
7680147070166;0.877488;2.85307;0.99516 0.0185388 -0.0965075 3.78278 -0.00628426 0.99204 0.125766 0.501945 0.0980708 -0.124551 0.987355 8.75258 0 0 0 1 
7680147070167;0.355143;2.93413;0.997065 -0.0319767 -0.0695599 3.56516 0.0294931 0.9989 -0.0364424 4.60541 0.0706487 0.0342839 0.996912 8.03404 0 0 0 1 
7680147070168;0.458362;2.79177;0.999673 -0.00244646 0.0254689 4.53765 0.000134704 0.995908 0.0903767 1.87239 -0.0255857 -0.0903437 0.995582 -3.62457 0 0 0 1 
7680147070169;1.52541;2.73858;0.96121 -0.0362179 -0.273429 0.552788 0.0553612 0.996501 0.0626218 7.33831 0.270204 -0.0753301 0.959852 27.9148 0 0 0 1 
7680147070170;1.71122;3.26637;0.996599 0.0488942 0.0663281 3.6082 -0.0437948 0.996125 -0.0762698 -3.60735 -0.0698002 0.0731056 0.994879 -6.65153 0 0 0 1 
7680147070171;1.73488;2.2775;0.994107 -0.0477527 -0.0973151 4.61621 0.0195391 0.961973 -0.272444 3.06738 0.106624 0.268937 0.957238 11.4527 0 0 0 1 
7680147070172;1.09968;2.8797;0.999865 0.00243022 -0.016241 5.08125 -0.00300007 0.999377 -0.0351554 0.407527 0.0161454 0.0351994 0.99925 1.98991 0 0 0 1 
7680147070173;0.591876;2.82308;0.961371 -0.00151479 -0.275252 -1.23245 0.0154149 0.998712 0.0483433 3.28836 0.274824 -0.0507188 0.960156 30.0501 0 0 0 1 
7680147070174;1.36958;3.40645;0.997978 -0.0435729 0.0462805 3.79122 0.0504899 0.98571 -0.160706 5.82442 -0.0386167 0.162718 0.985917 -5.20335 0 0 0 1 
7680147070175;0.533565;2.84043;0.999173 -0.00411521 -0.0404544 4.13894 0.00259209 0.999288 -0.0376309 1.775 0.0405805 0.0374949 0.998473 5.02049 0 0 0 1 
7680147070176;0.79171;2.7339;0.992213 0.0444958 0.11633 3.9813 -0.0308685 0.99272 -0.116425 -2.86357 -0.120664 0.111927 0.986363 -12.0522 0 0 0 1 
7680147070177;1.74498;3.26775;0.959432 0.0659354 0.274122 0.770598 -0.0370563 0.993326 -0.10923 -3.76723 -0.279494 0.094641 0.955472 -30.4807 0 0 0 1 
7680147070178;1.38005;3.41946;0.995631 -0.032368 0.0875887 3.66277 0.0432664 0.991145 -0.125541 5.19103 -0.0827496 0.128782 0.988214 -10.0682 0 0 0 1 
7680147070179;1.66284;2.85571;0.998639 0.0335771 0.0399102 5.0261 -0.0344786 0.999161 0.0221198 -2.87843 -0.039134 -0.0234657 0.998958 -3.28431 0 0 0 1 
7680147070180;1.25183;2.99027;0.968575 0.0691339 -0.238919 -0.10536 -0.0357704 0.989326 0.141259 -2.36259 0.246135 -0.128274 0.96071 24.45 0 0 0 1 
7680147070181;1.00094;2.87934;0.997382 0.0486426 0.0535021 4.23553 -0.0576772 0.981434 0.18292 -4.86887 -0.043611 -0.185527 0.981671 -6.78696 0 0 0 1 
7680147070182;1.8528;3.17013;0.979629 0.0443032 0.195868 3.18439 -0.0656973 0.992393 0.104115 -5.70933 -0.189765 -0.114862 0.975088 -24.0641 0 0 0 1 
7680147070183;0.963883;2.49482;0.989208 0.0283128 0.143759 4.17156 -0.0526763 0.984273 0.168617 -4.43031 -0.136724 -0.174369 0.975142 -16.6619 0 0 0 1 
7680147070184;0.147928;2.87909;0.998662 0.00901695 -0.0509225 4.11048 -0.0096085 0.999889 -0.0113839 0.243128 0.0508142 0.0118579 0.998638 5.66078 0 0 0 1 
7680147070186;1.27351;3.96472;0.99502 0.095189 0.0295663 2.75111 -0.0928422 0.993032 -0.0725793 -5.6765 -0.036269 0.0694729 0.996924 -3.25769 0 0 0 1 
7680147070187;0.700101;3.55014;0.945938 0.104486 0.307057 -1.83752 -0.15823 0.975056 0.155658 -12.0845 -0.283133 -0.195829 0.938875 -30.5979 0 0 0 1 
7680147070188;1.39118;3.99655;0.997469 0.0489076 0.0516185 3.48863 -0.0504888 0.99828 0.0297851 -1.26726 -0.0500731 -0.0323158 0.998223 -7.53238 0 0 0 1 
7680147070189;1.30828;3.77321;0.962476 0.00531173 -0.271314 -0.599919 0.0924486 0.933582 0.346235 17.491 0.255133 -0.358326 0.898059 29.5814 0 0 0 1 
7680147070190;1.12112;4.03368;0.992187 0.0468543 0.115625 3.07188 -0.0831645 0.939239 0.333038 -2.45256 -0.0929951 -0.340052 0.935797 -9.32933 0 0 0 1 
7680147070191;1.94775;3.31496;0.997544 -0.0200621 -0.0671024 5.03673 0.032965 0.979827 0.197111 9.26654 0.0617943 -0.198839 0.978082 7.49419 0 0 0 1 
7680147070192;1.68036;3.94774;0.98757 0.0204846 0.155836 3.0134 -0.0160936 0.999439 -0.0293863 3.48574 -0.156351 0.0265131 0.987346 -17.3652 0 0 0 1 
7680147070193;1.11849;3.75501;0.99836 -0.00586021 0.056954 4.76633 0.0209274 0.963267 -0.267727 5.9313 -0.053293 0.26848 0.96181 -7.29603 0 0 0 1 
7680147070194;0.766853;4.22424;0.999381 0.0300055 0.0183691 3.29909 -0.0303423 0.999371 0.0183407 1.05241 -0.0178073 -0.0188867 0.999663 -2.57593 0 0 0 1 
7680147070195;0.416426;3.83898;0.996429 0.0499464 0.0680842 3.55904 -0.0444763 0.995833 -0.0796198 -0.620597 -0.0717772 0.0763073 0.994497 -9.15107 0 0 0 1 
7680147070196;0.748225;4.18671;0.999121 0.0288794 0.0303943 3.26474 -0.0312238 0.996328 0.07972 1.24526 -0.0279804 -0.0805989 0.996354 -2.51633 0 0 0 1 
7680147070197;0.500793;3.78743;0.997124 0.0728621 0.0208587 3.10249 -0.0665782 0.973615 -0.218271 -3.58227 -0.036212 0.216254 0.975665 -5.98915 0 0 0 1 
7680147070198;0.104802;3.78924;0.999853 0.0122926 0.0119709 3.73009 -0.0133824 0.995323 0.0956683 3.4654 -0.0107389 -0.0958144 0.995341 -0.719332 0 0 0 1 
7680147070199;1.797;4.26425;0.980291 0.0774956 0.181727 2.43737 -0.0705326 0.996517 -0.0444801 -4.05222 -0.184541 0.0307858 0.982342 -23.307 0 0 0 1 
7680147070200;0.574851;3.81822;0.997606 0.0663777 -0.0193794 2.89432 -0.0649315 0.995599 0.0675716 -2.24722 0.0237794 -0.0661516 0.997526 2.26551 0 0 0 1 
7680147070201;1.66238;4.46298;0.972161 -0.0419909 -0.23052 0.127282 0.0412276 0.999117 -0.00812923 7.79999 0.230657 -0.00160084 0.973034 24.5114 0 0 0 1 
7680147070202;0.856075;4.34498;0.999265 0.0245287 0.0294712 3.69716 -0.0292432 0.984661 0.172008 1.8378 -0.0248 -0.172743 0.984655 -1.32456 0 0 0 1 
7680147070203;0.151635;3.92002;0.999634 0.0174309 0.0206658 3.9465 -0.0177315 0.999738 0.0144516 2.89092 -0.0204085 -0.0148127 0.999682 -2.37166 0 0 0 1 
7680147070204;1.87474;4.67005;0.999676 0.0107939 0.0230346 3.12563 -0.0106614 0.999926 -0.00586847 3.07292 -0.0230962 0.00562099 0.999717 -1.24183 0 0 0 1 
7680147070205;1.34644;3.43485;0.999762 0.0106162 0.0190663 4.73247 -0.0124663 0.99494 0.099694 4.66954 -0.0179114 -0.0999079 0.994835 -1.77766 0 0 0 1 
7680147070206;0.882492;3.85643;0.909053 -0.100673 -0.404335 -6.80019 0.055524 0.990987 -0.121906 10.8108 0.412964 0.088369 0.90645 44.241 0 0 0 1 
7680147070207;1.16879;4.33551;0.992785 0.0926064 0.0761767 2.28542 -0.0981346 0.99254 0.0723437 -6.12648 -0.0689089 -0.0792972 0.994466 -6.13555 0 0 0 1 
7680147070208;1.24601;4.25723;0.994779 0.089329 0.0493457 2.82631 -0.0947375 0.988108 0.12111 -5.76107 -0.0379403 -0.125152 0.991412 -3.51011 0 0 0 1 
7680147070209;1.20929;3.58622;0.997761 0.0112779 -0.0659238 3.86297 0.0159524 0.917102 0.398333 8.8341 0.0649512 -0.398493 0.914869 8.63088 0 0 0 1 
7680147070210;1.69015;3.43837;0.999664 -0.000977317 0.0258912 4.621 0.000442919 0.999787 0.0206379 5.90106 -0.0259058 -0.0206195 0.999452 -1.41663 0 0 0 1 
7680147070211;0.940014;4.17674;0.988892 0.0079839 -0.148422 1.79872 0.021167 0.980815 0.193789 8.0695 0.147122 -0.194778 0.969751 18.5172 0 0 0 1 
7680147070212;1.74535;3.68146;0.999857 -0.00190427 0.0168045 4.16063 0.00185217 0.999993 0.00311501 5.62546 -0.0168103 -0.00308344 0.999854 -3.14243 0 0 0 1 
7680147070213;0.400202;3.78451;0.998465 0.0394589 0.0388547 3.56891 -0.0409399 0.998435 0.0380861 0.438866 -0.037291 -0.0396184 0.998519 -4.28746 0 0 0 1 
7680147070214;0.315659;4.12924;0.99822 -0.00299806 -0.0595683 3.68745 0.00803251 0.996395 0.0844569 5.96069 0.0591004 -0.0847851 0.994645 6.89967 0 0 0 1 
7680147070215;0.611277;4.0501;0.997087 0.0325155 0.0689984 3.46358 -0.0347741 0.99889 0.0317886 0.825531 -0.0678881 -0.0340953 0.99711 -8.32511 0 0 0 1 
7680147070217;0.89674;3.09077;0.998305 0.00491007 0.0579908 -3.67798 -0.00604792 0.999792 0.019462 -1.12609 -0.0578832 -0.0197797 0.998127 -2.02643 0 0 0 1 
7680147070218;1.73564;2.94972;0.999953 -0.000547705 0.00972405 -4.15724 0.000514172 0.999994 0.00345064 -0.422598 -0.00972588 -0.00344548 0.999947 1.6761 0 0 0 1 
7680147070219;1.39452;2.9684;0.961223 -0.0470786 -0.271723 -4.72135 0.0217486 0.995193 -0.0954906 -0.862969 0.274913 0.0858782 0.957626 6.25211 0 0 0 1 
7680147070220;0.267296;3.01336;0.999744 -0.000879513 -0.0225881 -3.76477 -0.0083188 0.914806 -0.403808 -1.83568 0.0210189 0.403893 0.914565 4.07798 0 0 0 1 
7680147070221;1.27015;3.58539;0.99982 -0.00235599 0.0188402 -2.94003 -0.00200755 0.973592 0.228286 -0.50884 -0.0188805 -0.228283 0.973412 -2.77872 0 0 0 1 
7680147070222;1.97297;2.35142;0.995998 -0.00131103 0.0893641 -4.8732 -0.0017708 0.999407 0.0343982 -1.36741 -0.0893562 -0.0344188 0.995405 -1.04648 0 0 0 1 
7680147070223;1.53331;2.96242;0.997695 0.00762634 -0.0674318 -4.184 -0.00722476 0.999955 0.00619725 -1.50987 0.067476 -0.00569578 0.997705 -0.0237008 0 0 0 1 
7680147070224;2.30376;2.753;0.9124 -0.0952087 -0.398071 -5.47838 0.0514645 0.991537 -0.119191 -0.442035 0.40605 0.0882638 0.909578 4.06812 0 0 0 1 
7680147070225;1.4585;3.20789;0.998732 -0.0200159 -0.0462026 -3.63629 0.017672 0.998563 -0.0505937 0.0107638 0.0471489 0.0497131 0.99765 2.25642 0 0 0 1 
7680147070226;1.86707;3.05601;0.998314 -0.0273688 -0.0511876 -4.27076 0.0267659 0.999564 -0.0124271 0.126252 0.0515054 0.0110361 0.998612 2.91155 0 0 0 1 
7680147070227;0.781577;3.08643;0.999778 0.00550975 -0.0203421 -3.35613 -0.00541 0.999973 0.00495542 -1.18021 0.0203689 -0.00484426 0.999781 -0.577802 0 0 0 1 
7680147070228;0.400914;3.03377;0.998416 0.00598072 0.0559478 -3.38052 -0.00773554 0.999483 0.0312015 -1.09758 -0.0557322 -0.0315849 0.997946 -1.05521 0 0 0 1 
7680147070229;0.955663;2.86619;0.999691 0.00377087 -0.0245757 -4.00796 -0.00471077 0.999255 -0.0383002 -0.707854 0.024413 0.0384042 0.998964 0.992628 0 0 0 1 
7680147070230;0.317185;2.92763;0.980634 -0.0334913 -0.192962 -4.37263 0.0257804 0.998771 -0.042335 -0.556052 0.194143 0.0365406 0.980293 3.45063 0 0 0 1 
7680147070231;1.12926;3.27359;0.999936 -0.00850559 0.00745165 -3.5806 0.00841446 0.99989 0.0121768 -0.484015 -0.0075544 -0.0121134 0.999898 -1.02307 0 0 0 1 
7680147070232;1.51388;2.88123;0.999952 0.00672642 0.00716604 -4.11461 -0.0068862 0.999723 0.0225115 -1.73454 -0.00701263 -0.0225598 0.999721 -1.36766 0 0 0 1 
7680147070233;1.97376;2.92347;0.991368 -0.00971488 -0.130749 -4.79346 0.0519338 0.944777 0.323574 -0.0379244 0.120385 -0.327571 0.937126 -2.45028 0 0 0 1 
7680147070234;1.9935;2.96657;0.999748 -0.00340237 -0.0222086 -3.342 0.0013501 0.995779 -0.0917775 -1.21171 0.0224271 0.0917244 0.995532 -1.20674 0 0 0 1 
7680147070235;1.53051;3.2023;0.987175 -0.0356964 -0.155601 -4.03256 0.0345613 0.999353 -0.00999482 -0.648656 0.155857 0.00448885 0.987769 1.01401 0 0 0 1 
7680147070236;0.104269;3.03512;0.999919 0.00396635 0.0120766 -3.61005 -0.00404569 0.99997 0.00655231 -1.06562 -0.0120503 -0.00660064 0.999906 -0.104673 0 0 0 1 
7680147070237;2.06657;2.30288;0.997662 -0.016811 -0.0662372 -5.07515 0.00522284 0.985192 -0.171375 -0.914095 0.0681373 0.170629 0.982977 4.0716 0 0 0 1 
7680147070238;1.4657;3.41625;0.915877 0.0274109 0.400522 -3.37289 -0.130131 0.96407 0.231592 -2.95887 -0.379784 -0.26423 0.886536 -8.72195 0 0 0 1 
7680147070239;0.672786;2.94166;0.992509 0.0209027 0.120372 -3.2791 -0.0295312 0.997085 0.0703495 -1.09384 -0.118551 -0.0733772 0.990233 -1.84151 0 0 0 1 
7680147070240;1.69401;3.30392;0.998845 0.00586389 0.047693 -3.74677 -0.00974872 0.996615 0.0816349 -0.438204 -0.0470529 -0.0820056 0.995521 0.494222 0 0 0 1 
7680147070241;1.89764;3.14236;0.996254 -0.0108222 -0.0857908 -3.52179 0.029201 0.97596 0.215987 -1.03628 0.0813909 -0.217683 0.97262 -3.01395 0 0 0 1 
7680147070242;1.04234;2.71867;0.998001 -0.0145623 -0.0614924 -4.29475 0.0152026 0.999835 0.00995724 -0.50862 0.0613372 -0.0108722 0.998058 1.58163 0 0 0 1 
7680147070243;1.63774;2.66906;0.969984 0.025039 0.241877 -4.406 -0.0347034 0.998757 0.0357777 -1.88527 -0.240681 -0.0430977 0.969647 -3.97928 0 0 0 1 
7680147070244;2.23994;3.46185;0.996513 0.0143063 -0.0821973 -3.34001 0.00396277 0.975962 0.217906 -0.85203 0.0833388 -0.217472 0.972502 1.33651 0 0 0 1 
7680147070245;0.410551;3.08674;0.99977 -0.0025128 -0.0213153 -3.76907 0.0026793 0.999966 0.00778624 -0.77563 0.021295 -0.00784155 0.999742 -0.214803 0 0 0 1 
7680147070246;0.921508;2.98508;0.994665 -0.0260842 -0.0998089 -3.85856 0.0214676 0.998662 -0.0470526 -0.573286 0.100903 0.0446589 0.993893 0.854202 0 0 0 1 
7680147070248;1.50847;1.79748;0.976098 0.0307353 -0.215146 1.16716 0.0355455 0.954041 0.297559 6.33747 0.214404 -0.298095 0.930145 22.33 0 0 0 1 
7680147070249;1.33018;1.79802;0.994686 0.0811838 0.0633235 3.64146 -0.0812192 0.996694 -0.00201849 -4.56081 -0.063278 -0.00313532 0.997991 -4.56004 0 0 0 1 
7680147070250;0.124558;1.79054;0.997505 0.0670511 0.0220922 2.39518 -0.0669607 0.997744 -0.00480978 -4.11239 -0.0223649 0.00331847 0.999744 -2.55424 0 0 0 1 
7680147070251;0.53556;2.19453;0.978676 0.115487 0.169873 0.957925 -0.131924 0.987269 0.0888581 -9.314 -0.157448 -0.109374 0.981452 -13.3153 0 0 0 1 
7680147070252;1.1295;1.97766;0.979358 0.165353 0.116264 0.387865 -0.156326 0.984216 -0.0829517 -11.6957 -0.128145 0.0630644 0.989748 -10.3071 0 0 0 1 
7680147070253;0.578449;1.66576;0.998917 0.00306125 -0.0464335 2.97018 -0.00324052 0.999988 -0.00378597 1.70967 0.0464213 0.00393234 0.998914 4.38062 0 0 0 1 
7680147070254;1.15198;1.64748;0.998505 0.0534562 0.011374 3.35818 -0.0534396 0.99857 -0.00175346 -2.09296 -0.0114515 0.00114302 0.999934 -2.94139 0 0 0 1 
7680147070255;0.370863;1.87467;0.990928 0.104561 0.0844284 1.57436 -0.132303 0.86931 0.47623 -7.09933 -0.0235994 -0.48308 0.875258 1.45324 0 0 0 1 
7680147070256;1.32328;1.68197;0.964036 0.1276 0.233136 -1.34651 -0.0780919 0.974483 -0.210438 -5.70367 -0.254039 0.184664 0.949402 -27.0266 0 0 0 1 
7680147070257;0.807316;1.73083;0.972869 -0.0153681 -0.230845 0.667098 -0.0320856 0.979187 -0.200408 -1.56014 0.22912 0.202378 0.952128 19.0823 0 0 0 1 
7680147070258;0.260139;1.79118;0.950921 0.158038 0.266034 -1.96249 -0.119235 0.980492 -0.156265 -8.99594 -0.28554 0.116875 0.951213 -27.3533 0 0 0 1 
7680147070259;0.965988;1.6596;0.987855 0.0466951 0.148193 2.03693 -0.0562651 0.996547 0.0610544 -3.18453 -0.144831 -0.068651 0.987072 -12.7401 0 0 0 1 
7680147070260;0.831214;1.69312;0.997338 0.0723859 -0.00877839 2.68315 -0.0701346 0.985249 0.156094 -2.84365 0.0199479 -0.155063 0.987703 2.48135 0 0 0 1 
7680147070261;1.06706;1.63971;0.984067 0.0868376 0.155152 1.14809 -0.0460817 0.967368 -0.249151 -2.61723 -0.171725 0.238032 0.955956 -19.6457 0 0 0 1 
7680147070262;1.52451;2.19121;0.987201 0.0731171 0.141735 2.73491 -0.0746525 0.997194 0.00553836 -5.62745 -0.140932 -0.0160483 0.989889 -14.6284 0 0 0 1 
7680147070263;1.15131;2.00593;0.991564 0.121772 0.0444053 0.691099 -0.120322 0.992152 -0.0340016 -9.4207 -0.0481973 0.0283718 0.998435 -6.92004 0 0 0 1 
7680147070264;1.15529;2.00992;0.996176 0.0838186 0.0246338 1.96013 -0.083638 0.996462 -0.00827651 -5.42164 -0.0252403 0.00618455 0.999662 -0.528769 0 0 0 1 
7680147070265;0.426203;1.61849;0.965713 0.0571187 0.253251 -0.15312 -0.0980422 0.9835 0.15204 -6.23908 -0.240388 -0.171657 0.955378 -20.4899 0 0 0 1 
