#;prob_registration_l1 -r /home/probabilistic_point_clouds_registration/build/tester /home/point_clouds_registration_benchmark//devel/registration_pairs/gazebo_winter_local.txt /home/point_clouds_registration_benchmark//eth/gazebo_winter -s 0.2 -t 0.2 -p 0.3 -r 1000 -m 10 -i 40 
id;initial_error;final_error;transformation
38591597440000;0.538033;0.0267829;0.993615 -0.0996996 -0.0528093 -0.390704 0.10135 0.994412 0.0295485 -0.436023 0.0495682 -0.0347121 0.998167 0.555663 0 0 0 1 
38591597440001;0.518725;0.022037;0.950864 0.249496 0.183328 0.0226672 -0.266026 0.961309 0.0715198 1.0685 -0.158391 -0.116776 0.980447 -0.0455647 0 0 0 1 
38591597440002;0.466312;0.0172643;0.984226 -0.130325 0.119645 0.0614597 0.134516 0.990526 -0.0276166 -0.318089 -0.114913 0.0432751 0.992433 -0.216038 0 0 0 1 
38591597440003;0.369171;0.0330464;0.979774 0.200109 0.000391609 -0.183386 -0.200109 0.979773 0.000700847 0.77057 -0.000243443 -0.000765036 1 0.38751 0 0 0 1 
38591597440004;0.566929;0.185338;0.922631 0.286571 -0.258125 0.975154 -0.276485 0.958057 0.0753824 0.942937 0.268901 0.00181733 0.963166 -1.63024 0 0 0 1 
38591597440005;0.214626;0.0345908;0.99464 -0.0841792 -0.0600393 0.00521083 0.0838182 0.996445 -0.00851 -0.284559 0.0605422 0.003432 0.99816 -0.594763 0 0 0 1 
38591597440006;0.296525;0.0219206;0.960414 -0.216991 -0.1747 0.176501 0.238949 0.964056 0.116191 -1.00798 0.143209 -0.153335 0.977742 -0.36294 0 0 0 1 
38591597440007;0.55939;0.0325195;0.989956 0.14134 -0.00320362 0.0732968 -0.140765 0.987527 0.0705379 0.181353 0.0131335 -0.0693785 0.997504 -0.874975 0 0 0 1 
38591597440008;0.573696;0.025218;0.910108 0.00648669 0.414321 0.31534 -0.10996 0.967811 0.226388 0.465788 -0.399515 -0.251596 0.881525 2.44746 0 0 0 1 
38591597440009;0.226381;0.00915759;0.999445 -0.0287107 0.0169006 0.0571322 0.0280544 0.998889 0.0378695 0.0632447 -0.0179691 -0.0373744 0.99914 -0.250931 0 0 0 1 
38591597440010;0.405479;0.040473;0.933949 -0.112614 0.339202 0.0757342 0.226664 0.92042 -0.318513 -0.764113 -0.276339 0.37436 0.885151 1.65946 0 0 0 1 
38591597440011;0.432428;0.0168534;0.932706 -0.344716 -0.105974 0.390548 0.360562 0.885301 0.293661 -1.77742 -0.00741048 -0.31211 0.950017 -0.27356 0 0 0 1 
38591597440012;0.493861;0.0375476;0.996335 -0.0035301 -0.0854665 0.340676 -0.00101506 0.99859 -0.0530787 -0.24576 0.0855334 0.052971 0.994926 0.327983 0 0 0 1 
38591597440013;0.489902;0.166141;0.939006 0.289215 0.186071 0.142067 -0.294873 0.955532 0.00286548 0.715218 -0.176968 -0.057558 0.982532 0.408235 0 0 0 1 
38591597440014;0.265078;0.0218983;0.950948 -0.055837 0.304271 -0.0550779 0.0880606 0.991743 -0.0932227 -0.272931 -0.296554 0.115444 0.948013 1.43987 0 0 0 1 
38591597440015;0.50504;0.02762;0.941887 -0.328126 0.0719824 0.409228 0.302095 0.921068 0.245707 -1.68094 -0.146923 -0.209683 0.966668 0.169572 0 0 0 1 
38591597440016;0.306367;0.0318463;0.961106 0.116396 -0.250455 0.274933 -0.0691607 0.979392 0.189759 0.00990063 0.267381 -0.165057 0.949349 -1.3638 0 0 0 1 
38591597440017;0.306001;0.0362384;0.991974 -0.126006 0.0105166 -0.198718 0.126435 0.989458 -0.0706197 -0.877566 -0.0015072 0.0713826 0.997448 0.0978539 0 0 0 1 
38591597440018;0.310987;0.0259059;0.975091 0.221379 -0.0137474 0.444206 -0.221577 0.975027 -0.0150499 1.03726 0.0100724 0.0177212 0.999792 -0.294522 0 0 0 1 
38591597440019;0.565481;0.0103203;0.985677 -0.161765 0.0476797 -0.562204 0.145963 0.959917 0.239277 -0.258563 -0.0844752 -0.22889 0.96978 -0.145023 0 0 0 1 
38591597440020;0.471158;0.0266779;0.947757 -0.31868 -0.0141186 -0.0269069 0.310004 0.930582 -0.194718 -1.31146 0.0751912 0.180169 0.980758 0.281395 0 0 0 1 
38591597440021;0.264772;0.0221461;0.958969 0.219319 0.179661 0.091573 -0.229306 0.972667 0.0365833 1.05046 -0.166727 -0.0762795 0.983048 0.544544 0 0 0 1 
38591597440022;0.382739;0.0328477;0.994517 -0.0269001 -0.101059 -0.301013 0.0333647 0.997466 0.0628322 -0.45671 0.0991132 -0.0658595 0.992894 -0.0790932 0 0 0 1 
38591597440023;0.504596;0.020701;0.941379 0.33502 -0.0395898 0.220677 -0.336671 0.940437 -0.0472311 1.86697 0.0214083 0.0577911 0.998099 -0.609405 0 0 0 1 
38591597440024;0.223621;0.0206103;0.997232 -0.053044 0.0521011 -0.0191614 0.064654 0.964682 -0.255358 0.0517195 -0.0367158 0.25802 0.965442 0.318864 0 0 0 1 
38591597440025;0.497841;0.0329297;0.938058 -0.229014 0.259998 -0.349498 0.264274 0.958216 -0.109458 -1.32437 -0.224067 0.171389 0.959385 0.619498 0 0 0 1 
38591597440026;0.507307;0.0158394;0.915735 -0.33493 -0.221928 0.444818 0.344412 0.938809 0.00430126 -0.905731 0.206907 -0.0803735 0.975054 -0.605409 0 0 0 1 
38591597440027;0.37107;0.0278484;0.995932 0.00343181 0.0900416 -0.231322 -0.044963 0.884903 0.4636 0.119999 -0.0780871 -0.465763 0.881458 0.358007 0 0 0 1 
38591597440028;0.144155;0.0241383;0.985986 -0.157694 -0.054447 0.0318064 0.156287 0.987279 -0.0292176 -0.587227 0.0583619 0.0202988 0.998089 -0.157732 0 0 0 1 
38591597440029;0.386592;0.0223861;0.932545 -0.326525 0.15408 0.038261 0.277858 0.921538 0.271225 -1.45525 -0.230553 -0.210118 0.950103 0.855838 0 0 0 1 
38591597440031;0.613756;0.244499;0.958923 -0.086191 -0.270256 0.230983 0.0638868 0.993865 -0.0902836 -0.795795 0.27638 0.0693092 0.958546 -1.27602 0 0 0 1 
38591597440032;0.317715;0.0393004;0.935726 0.296553 -0.190982 1.02931 -0.316192 0.945185 -0.0815352 1.444 0.156334 0.136681 0.978201 -0.418551 0 0 0 1 
38591597440033;0.586776;0.0534854;0.926334 -0.0997466 0.363257 0.466618 0.0828087 0.994638 0.0619487 0.110453 -0.367489 -0.0273043 0.929627 1.45807 0 0 0 1 
38591597440034;0.22655;0.0438474;0.986401 -0.142263 0.082311 -0.336501 0.156048 0.967853 -0.197258 -0.969264 -0.0516025 0.207419 0.97689 0.615012 0 0 0 1 
38591597440035;0.489052;0.0372215;0.986699 -0.0892384 0.135874 -0.0355423 0.102125 0.990599 -0.0910161 -1.23553 -0.126475 0.103682 0.986537 0.74034 0 0 0 1 
38591597440036;0.235684;0.0434679;0.986444 -0.164071 0.00311003 -0.144681 0.1641 0.986215 -0.0212628 -0.54181 0.000421445 0.0214849 0.999769 -0.0253213 0 0 0 1 
38591597440037;0.200232;0.0430656;0.994647 0.100851 0.0225255 0.154644 -0.100917 0.994893 0.00180553 0.385394 -0.0222284 -0.00406907 0.999745 -0.231124 0 0 0 1 
38591597440038;0.419626;0.0264646;0.947736 0.310648 -0.0727574 0.824158 -0.318992 0.927089 -0.196852 1.0774 0.00630083 0.209773 0.97773 0.821019 0 0 0 1 
38591597440039;0.360484;0.0427315;0.998761 -0.017002 0.0467611 -0.084398 0.0238934 0.988243 -0.151016 -0.265281 -0.0436437 0.151946 0.987425 -0.0728532 0 0 0 1 
38591597440040;0.46013;0.042234;0.879604 0.23671 -0.412632 1.39289 -0.245689 0.968819 0.0320392 0.916517 0.407349 0.0731972 0.910334 -1.93747 0 0 0 1 
38591597440041;0.266595;0.0381294;0.998446 0.0550035 0.00892834 -0.342463 -0.0551103 0.998406 0.0121879 0.15428 -0.00824373 -0.012661 0.999886 0.0489027 0 0 0 1 
38591597440042;0.263344;0.0415505;0.965955 0.214788 -0.14421 0.594361 -0.198972 0.973055 0.116511 0.462427 0.16535 -0.0838503 0.982664 -0.741886 0 0 0 1 
38591597440043;0.518284;0.0454335;0.962304 0.266529 -0.054163 1.00085 -0.259336 0.959207 0.112549 1.08124 0.081951 -0.0942599 0.992169 -1.28168 0 0 0 1 
38591597440044;0.328581;0.023678;0.963722 0.251045 0.0906469 0.562666 -0.243278 0.9659 -0.0886129 1.26248 -0.109802 0.0633458 0.991933 0.909146 0 0 0 1 
38591597440045;0.358212;0.0429107;0.977921 0.166135 0.12677 0.124223 -0.170059 0.985216 0.0207135 0.922593 -0.121454 -0.0418146 0.991716 0.863995 0 0 0 1 
38591597440046;0.061941;0.04719;0.999379 -0.00990444 0.0338107 0.000879477 0.00904369 0.999633 0.0255168 -0.0603389 -0.034051 -0.0251952 0.999102 0.0672958 0 0 0 1 
38591597440047;0.281023;0.048525;0.983222 0.168211 -0.0705631 0.538324 -0.159751 0.980776 0.112063 0.388374 0.0880568 -0.0989098 0.991193 -0.938669 0 0 0 1 
38591597440048;0.595102;0.0311832;0.985733 0.0548683 -0.159123 0.0366347 -0.00396439 0.952682 0.303943 -0.835791 0.16827 -0.298976 0.939307 -2.06319 0 0 0 1 
38591597440049;0.461067;0.0364592;0.897476 0.124865 -0.42302 0.964394 -0.207327 0.965956 -0.154737 0.823988 0.389297 0.226576 0.892811 -1.63021 0 0 0 1 
38591597440050;0.266343;0.0368037;0.998625 0.0158483 -0.0499754 0.0764837 -0.0303515 0.951999 -0.304593 0.178573 0.0427492 0.305691 0.951171 0.129058 0 0 0 1 
38591597440051;0.432966;0.0387762;0.927224 0.189215 -0.323192 1.0994 -0.188188 0.981519 0.0347352 1.08433 0.323791 0.0286133 0.945696 -1.19279 0 0 0 1 
38591597440052;0.0767887;0.0378001;0.994979 -0.0155751 0.0988658 -0.0534823 0.0181576 0.999516 -0.0252751 -0.11505 -0.0984242 0.0269433 0.99478 0.431933 0 0 0 1 
38591597440053;0.465189;0.0394452;0.972263 0.224233 -0.0665075 0.961617 -0.217342 0.971236 0.0972779 1.41364 0.0864074 -0.0801249 0.993033 -0.430527 0 0 0 1 
38591597440054;0.503874;0.0496078;0.997128 0.048871 0.0578611 -0.735966 -0.053451 0.995325 0.0804493 0.142562 -0.053659 -0.083311 0.995078 0.214723 0 0 0 1 
38591597440055;0.362809;0.0363175;0.992942 -0.118255 0.00904995 -0.21587 0.118254 0.992983 0.000723808 -0.663642 -0.00907204 0.000351491 0.999959 -0.547397 0 0 0 1 
38591597440056;0.349297;0.030419;0.952109 0.28288 0.116045 0.626745 -0.305386 0.898502 0.31533 0.888276 -0.0150663 -0.335667 0.94186 -0.375145 0 0 0 1 
38591597440057;0.335627;0.0391868;0.926972 -0.0174065 -0.374726 0.5404 0.0347895 0.998607 0.0396733 -0.127327 0.373514 -0.0498126 0.926286 -1.68159 0 0 0 1 
38591597440058;0.689618;0.0492737;0.905995 0.419861 -0.0537519 0.44676 -0.418642 0.90756 0.0327673 1.97314 0.0625407 -0.00718424 0.998017 -0.652433 0 0 0 1 
38591597440059;0.45308;0.0233759;0.999944 0.00945109 0.00471201 -0.385309 -0.00940743 0.999913 -0.00920281 -0.323908 -0.00479858 0.00915797 0.999947 -0.543947 0 0 0 1 
38591597440060;0.265486;0.0327836;0.995626 -0.0911526 0.0204905 -0.00408501 0.0896652 0.993881 0.0645054 -0.660922 -0.0262449 -0.062386 0.997707 0.288481 0 0 0 1 
38591597440062;0.128316;0.048599;0.997052 -0.0766279 0.00404502 -0.241646 0.0752197 0.986432 0.145926 -0.532267 -0.0151721 -0.145191 0.989287 -0.422879 0 0 0 1 
38591597440063;0.451456;0.0470178;0.996093 -0.0326779 0.0820454 -0.25509 0.0049325 0.948159 0.317758 -0.51153 -0.0881758 -0.316112 0.944615 0.194071 0 0 0 1 
38591597440064;0.130373;0.0484641;0.99783 0.0658054 0.0021557 0.0061743 -0.065419 0.994607 -0.0804756 0.175601 -0.0074398 0.08016 0.996754 0.15599 0 0 0 1 
38591597440065;0.480669;0.0682549;0.950432 0.0815357 0.30005 -0.109625 -0.0606241 0.995079 -0.0783717 0.373671 -0.304964 0.0562967 0.950699 0.841812 0 0 0 1 
38591597440066;0.373674;0.0630218;0.918025 0.032222 0.395211 0.0767396 -0.072816 0.993443 0.088146 0.385118 -0.389779 -0.109698 0.914352 1.65937 0 0 0 1 
38591597440067;0.212733;0.0525762;0.984291 0.141964 0.104962 0.269965 -0.165192 0.950346 0.263731 0.411965 -0.0623094 -0.276927 0.958869 -0.390674 0 0 0 1 
38591597440068;0.0642751;0.0506929;0.998513 -0.0378636 -0.0392237 -0.147615 0.0356592 0.997824 -0.055452 -0.123721 0.041238 0.0539708 0.997691 -0.0473176 0 0 0 1 
38591597440069;0.225205;0.0524786;0.994165 -0.0512621 -0.0949083 -0.139239 0.0435561 0.995716 -0.0815583 -0.141934 0.0986826 0.0769486 0.992139 -0.641042 0 0 0 1 
38591597440070;0.596655;0.0508336;0.982966 -0.133668 0.126139 -1.06864 0.146575 0.984206 -0.0992694 -0.00607146 -0.110877 0.116067 0.987033 0.492519 0 0 0 1 
38591597440071;0.538974;0.0559643;0.969034 0.198617 0.146712 0.216641 -0.227 0.950378 0.212727 1.2122 -0.0971808 -0.239443 0.966035 0.415536 0 0 0 1 
38591597440072;0.398938;0.0512522;0.986867 0.0821285 -0.139098 0.341446 -0.127505 0.924736 -0.358616 0.892242 0.0991767 0.371642 0.923064 0.19111 0 0 0 1 
38591597440073;0.454646;0.0609191;0.971451 0.236682 0.0162628 0.126575 -0.236669 0.971586 -0.00274069 0.744317 -0.0164494 -0.00118647 0.999864 -0.331216 0 0 0 1 
38591597440074;0.403252;0.0518766;0.995328 -0.0964889 0.00349038 0.329463 0.096552 0.994716 -0.0348866 -0.377213 -0.000105767 0.0350606 0.999385 0.257028 0 0 0 1 
38591597440075;0.606683;0.0458934;0.998799 -0.0412744 -0.0263878 0.313037 0.0257065 0.900112 -0.434899 0.0205579 0.0417022 0.433698 0.900093 1.6819 0 0 0 1 
38591597440076;0.528752;0.0466147;0.99933 0.0215497 -0.029593 -0.633113 -0.0208761 0.99952 0.0228873 0.218204 0.030072 -0.0222541 0.9993 0.317971 0 0 0 1 
38591597440077;0.46683;0.398568;0.972593 0.0129228 0.232156 -0.632708 -0.0611065 0.977563 0.201583 0.150884 -0.224343 -0.210244 0.951561 0.422343 0 0 0 1 
38591597440078;0.164495;0.0397859;0.999942 -0.00944516 0.00516564 -0.315302 0.00948317 0.999928 -0.00738365 -0.0804988 -0.00509553 0.00743221 0.999959 0.0703243 0 0 0 1 
38591597440079;0.383028;0.0553313;0.934826 0.0692199 0.348295 0.461773 -0.12402 0.982697 0.137569 0.38036 -0.332746 -0.171798 0.927235 0.619631 0 0 0 1 
38591597440080;0.593423;0.0533764;0.945095 -0.323517 -0.0461735 -0.306743 0.324008 0.946048 0.00336857 -1.29357 0.0425926 -0.0181442 0.998928 0.447758 0 0 0 1 
38591597440081;0.611108;0.0483507;0.939557 -0.0100834 -0.342245 0.930787 -0.105078 0.942839 -0.316248 0.459308 0.325871 0.333095 0.884791 -1.17074 0 0 0 1 
38591597440082;0.502695;0.364117;0.996341 0.0795986 0.0311211 -0.363751 -0.0827816 0.989339 0.119813 0.190336 -0.0212524 -0.121951 0.992309 -0.718291 0 0 0 1 
38591597440083;0.715049;0.0415091;0.909879 -0.36993 0.187807 -0.527025 0.400303 0.901734 -0.163196 -2.18932 -0.108981 0.223669 0.968553 2.01204 0 0 0 1 
38591597440084;0.378082;0.0499924;0.988652 -0.00621989 0.150097 -0.227218 -0.0227982 0.981358 0.190833 -0.0585166 -0.148486 -0.192089 0.970079 -0.435238 0 0 0 1 
38591597440085;0.428084;0.439632;0.998253 0.0359986 0.0468524 -0.0752137 -0.0365784 0.999264 0.0115776 0.0600788 -0.0464011 -0.0132712 0.998835 0.230007 0 0 0 1 
38591597440086;0.348552;0.0538372;0.951759 0.214434 -0.219484 0.767432 -0.278646 0.903528 -0.325566 1.10177 0.128497 0.371019 0.919692 0.568997 0 0 0 1 
38591597440087;0.456571;0.0443854;0.971278 -0.236159 -0.0291059 -1.0021 0.236877 0.971235 0.0243267 -1.28762 0.0225237 -0.0305225 0.99928 -0.671718 0 0 0 1 
38591597440088;0.581918;0.0567043;0.991507 0.0416817 0.12319 -0.475633 -0.0445851 0.998787 0.0209049 0.532214 -0.122169 -0.0262197 0.992163 -0.315633 0 0 0 1 
38591597440089;0.343578;0.0533212;0.975374 -0.181636 -0.125119 -0.300419 0.137958 0.945033 -0.296447 -0.458555 0.172087 0.271885 0.946818 -0.420527 0 0 0 1 
38591597440090;0.290589;0.0533522;0.994164 -0.1048 0.0255722 -0.272501 0.104489 0.994438 0.0131935 -0.131091 -0.0268127 -0.0104445 0.999586 0.336407 0 0 0 1 
38591597440091;0.344699;0.340652;0.999286 -0.0258106 0.0276078 -0.165744 0.0263806 0.999442 -0.020485 -0.105688 -0.0270636 0.0211987 0.999409 0.109154 0 0 0 1 
38591597440093;0.395285;0.0241021;0.920461 -0.328499 0.211755 -0.0151186 0.340132 0.940165 -0.0199992 -0.0673795 -0.192515 0.0904331 0.977118 -0.218712 0 0 0 1 
38591597440094;0.48271;0.0228721;0.900991 0.0990777 0.422374 0.0576605 -0.132958 0.989786 0.0514438 0.449964 -0.412963 -0.102509 0.904961 -0.120094 0 0 0 1 
38591597440095;0.208258;0.0283344;0.966072 0.258166 -0.00745913 -0.104395 -0.257827 0.965697 0.0309079 0.246952 0.0151826 -0.0279361 0.999494 0.00501635 0 0 0 1 
38591597440096;0.348707;0.0327432;0.904351 0.368012 -0.216142 0.0338085 -0.326905 0.922879 0.203538 0.31235 0.274377 -0.113412 0.954911 -0.0534022 0 0 0 1 
38591597440097;0.0996698;0.0155251;0.995915 -0.084574 -0.0316393 0.0420224 0.084337 0.996399 -0.00875236 -0.127952 0.0322656 0.00604823 0.999461 0.0764327 0 0 0 1 
38591597440098;0.341585;0.0243056;0.919127 -0.296974 0.258867 0.183454 0.265992 0.952501 0.14829 -0.437233 -0.29061 -0.067441 0.954462 0.426673 0 0 0 1 
38591597440099;0.517514;0.0236168;0.868029 0.252871 0.427296 -0.636704 -0.28055 0.959837 0.00189684 0.574296 -0.409655 -0.121524 0.90411 0.50995 0 0 0 1 
38591597440100;0.554576;0.018876;0.900038 0.239506 0.3641 -0.801247 -0.224415 0.970875 -0.0839006 -0.300751 -0.37359 -0.00619575 0.927573 0.370967 0 0 0 1 
38591597440101;0.308911;0.0219362;0.99747 0.011565 -0.0701473 0.419845 -0.012852 0.999757 -0.0179231 -0.204795 0.0699229 0.0187793 0.997376 -0.681174 0 0 0 1 
38591597440102;0.281264;0.0297901;0.965491 0.227654 0.126494 -0.112578 -0.249943 0.946436 0.204419 0.474925 -0.0731816 -0.228981 0.970676 0.0636161 0 0 0 1 
38591597440103;0.458862;0.0274961;0.941204 -0.32356 0.0971839 0.701348 0.304317 0.936904 0.17205 -0.790012 -0.146721 -0.13236 0.980283 -0.0570047 0 0 0 1 
38591597440104;0.179607;0.0174319;0.980405 0.0440443 -0.192004 0.133142 -0.0340195 0.997896 0.0552004 -0.126622 0.194032 -0.0475869 0.97984 -0.252895 0 0 0 1 
38591597440105;0.407802;0.0233189;0.892664 -0.448938 -0.0400605 0.59189 0.447617 0.893421 -0.0379159 -0.474648 0.0528127 0.0159144 0.998478 -0.132923 0 0 0 1 
38591597440106;0.119513;0.0232503;0.998026 -0.00659997 0.0624566 -0.110889 0.0103067 0.998192 -0.0592135 0.0817007 -0.0619529 0.0597403 0.99629 -0.131194 0 0 0 1 
38591597440107;0.268114;0.0271584;0.957028 -0.289565 -0.015783 0.0256311 0.287567 0.954637 -0.0772868 -0.122365 0.0374466 0.0694269 0.996884 0.0649562 0 0 0 1 
38591597440108;0.407271;0.02565;0.924669 0.358189 -0.129177 -0.326464 -0.337773 0.928214 0.155973 0.374299 0.175772 -0.100591 0.979278 0.327111 0 0 0 1 
38591597440109;0.443389;0.0170474;0.975403 0.160151 0.151463 -0.707011 -0.183825 0.97018 0.157982 -0.519189 -0.121645 -0.181939 0.975757 0.0946507 0 0 0 1 
38591597440110;0.432632;0.0194207;0.972918 -0.073011 0.219318 -0.607226 0.129646 0.957878 -0.256245 0.445649 -0.191371 0.277739 0.941402 0.039814 0 0 0 1 
38591597440111;0.338245;0.0188944;0.911816 0.347179 -0.219224 0.0723977 -0.341588 0.937656 0.0641735 0.16648 0.227837 0.0163701 0.973562 -0.0168367 0 0 0 1 
38591597440112;0.277197;0.012923;0.970684 0.137146 0.197393 -0.340436 -0.100503 0.977588 -0.184992 -0.0431748 -0.21834 0.15973 0.962712 0.245488 0 0 0 1 
38591597440113;0.357829;0.0307067;0.959394 0.281876 0.0103907 -0.0985687 -0.281824 0.956384 0.0768471 0.165818 0.0117239 -0.076655 0.996989 -0.529274 0 0 0 1 
38591597440114;0.246214;0.020252;0.973771 0.223202 0.0441764 -0.170696 -0.215708 0.967374 -0.13288 0.467091 -0.0723942 0.119865 0.990147 -0.0464541 0 0 0 1 
38591597440115;0.388473;0.0302539;0.88165 -0.355786 0.310015 0.165872 0.379246 0.925143 -0.0168033 -0.407753 -0.28083 0.132387 0.950583 0.339097 0 0 0 1 
38591597440116;0.336493;0.0272975;0.942259 -0.299145 0.15053 0.274643 0.333151 0.883018 -0.330591 -0.000261961 -0.0340261 0.361651 0.931692 -0.205461 0 0 0 1 
38591597440117;0.374866;0.0195348;0.999728 0.0206732 -0.0108212 0.849361 -0.0203777 0.999435 0.0267399 -0.204388 0.0113679 -0.0265121 0.999584 0.23663 0 0 0 1 
38591597440118;0.178075;0.0228595;0.985784 -0.134867 0.100203 0.057208 0.154913 0.960477 -0.23127 0.00873386 -0.0650523 0.243505 0.967716 -0.0258503 0 0 0 1 
38591597440119;0.473817;0.0248247;0.984092 -0.175289 0.0289341 1.06391 0.175601 0.984424 -0.00859567 -0.381305 -0.0269767 0.0135398 0.999544 0.379 0 0 0 1 
38591597440120;0.215098;0.0225388;0.968707 -0.247826 0.0137201 0.249759 0.247694 0.96878 0.0106779 -0.322842 -0.015938 -0.00694539 0.999849 0.0174965 0 0 0 1 
38591597440121;0.418127;0.0193621;0.992228 0.0923364 0.0834115 0.0469073 -0.0976567 0.993279 0.0621236 -0.00523077 -0.0771146 -0.0697865 0.994577 1.05951 0 0 0 1 
38591597440122;0.192825;0.0254873;0.97194 0.233314 0.0299609 -0.154752 -0.235222 0.964992 0.116023 0.149707 -0.00184232 -0.119814 0.992795 0.109756 0 0 0 1 
38591597440124;0.0779043;0.0488063;0.99932 0.0157874 -0.0333319 0.0523036 -0.0162635 0.999769 -0.0140604 0.10241 0.0331022 0.0145929 0.999345 0.140003 0 0 0 1 
38591597440125;0.14453;0.0514898;0.998618 0.0169393 -0.0497586 0.153504 -0.00480753 0.972116 0.234453 -0.157306 0.0523426 -0.23389 0.970853 -0.57811 0 0 0 1 
38591597440126;0.34028;0.0533838;0.953327 -0.151841 0.260982 -0.659938 0.18587 0.976291 -0.110943 -0.1996 -0.237948 0.154274 0.958947 0.295388 0 0 0 1 
38591597440127;0.280733;0.0516366;0.976659 -0.106132 0.186741 -0.447085 0.102657 0.994317 0.0282091 0.261412 -0.188674 -0.00838035 0.982004 0.266129 0 0 0 1 
38591597440128;0.300881;0.0518494;0.932886 0.357641 -0.0426319 0.980708 -0.341977 0.916675 0.206781 0.0579486 0.113033 -0.178324 0.977458 -0.537861 0 0 0 1 
38591597440129;0.231531;0.0495918;0.957326 0.0944824 -0.273129 0.550045 -0.0327951 0.974462 0.222144 0.018079 0.287142 -0.203707 0.935977 -0.720814 0 0 0 1 
38591597440130;0.346361;0.20283;0.998195 -0.055437 0.0231053 -0.141014 0.0553324 0.998455 0.0051417 -0.31669 -0.0233546 -0.00385395 0.99972 -0.187126 0 0 0 1 
38591597440131;0.336968;0.330361;0.984389 -0.165827 0.058984 -0.160981 0.166024 0.98612 0.00158179 0.258986 -0.0584276 0.00823566 0.998258 0.131555 0 0 0 1 
38591597440132;0.344656;0.0606049;0.901451 0.356786 -0.245131 1.15559 -0.37309 0.927534 -0.0219944 0.200766 0.21952 0.111283 0.96924 0.238347 0 0 0 1 
38591597440133;0.350181;0.0631161;0.988236 0.152344 0.0134345 0.266836 -0.150107 0.983024 -0.105503 -0.367075 -0.0292792 0.102245 0.994328 0.489364 0 0 0 1 
38591597440134;0.561974;0.0525569;0.905325 -0.353411 0.235557 -0.392988 0.352134 0.934669 0.0489339 -0.243271 -0.237462 0.0386468 0.970628 0.912455 0 0 0 1 
38591597440135;0.216019;0.0623829;0.979087 -0.0296708 -0.201269 0.235622 0.0559329 0.990442 0.12608 -0.197377 0.195604 -0.134701 0.971388 -0.561816 0 0 0 1 
38591597440136;0.499684;0.054861;0.969425 -0.245387 -0.000691719 -0.152402 0.244639 0.966241 0.0808114 -0.700375 -0.0191617 -0.0785098 0.996729 -0.853508 0 0 0 1 
38591597440137;0.297035;0.0458408;0.99427 0.106079 0.0131941 0.145543 -0.105154 0.99278 -0.0577162 0.721907 -0.0192213 0.0559981 0.998246 0.118951 0 0 0 1 
38591597440138;0.314957;0.0535832;0.937799 0.275201 0.211653 0.75939 -0.28321 0.959026 0.00788721 0.364612 -0.200811 -0.067339 0.977313 -0.10701 0 0 0 1 
38591597440139;0.155913;0.0500302;0.99496 -0.00476402 0.100159 0.186799 0.0206947 0.987122 -0.158625 0.166049 -0.0981132 0.159899 0.982245 0.614476 0 0 0 1 
38591597440140;0.442404;0.0540866;0.984278 -0.0632143 0.164929 -0.103782 0.0120088 0.955552 0.294579 -0.215593 -0.17622 -0.287967 0.941287 0.165665 0 0 0 1 
38591597440141;0.257242;0.0647636;0.976042 0.172812 -0.132203 0.812517 -0.111616 0.919237 0.377551 -0.317495 0.186771 -0.35375 0.916503 -1.08357 0 0 0 1 
38591597440142;0.222719;0.0535763;0.978388 0.11926 0.168923 0.288461 -0.12212 0.992493 0.00660988 0.182085 -0.166866 -0.0270959 0.985607 0.293471 0 0 0 1 
38591597440143;0.482302;0.0503258;0.942093 0.180138 -0.282863 0.839417 -0.0959104 0.952979 0.287459 -0.772683 0.321345 -0.243683 0.915072 -0.776409 0 0 0 1 
38591597440144;0.255934;0.0412766;0.996617 0.0808991 -0.0144597 0.334838 -0.0806426 0.996589 0.0175231 0.345302 0.015828 -0.0162978 0.999742 -0.537978 0 0 0 1 
38591597440145;0.370694;0.327193;0.964169 -0.140343 -0.225124 0.202468 0.125624 0.988967 -0.0785005 0.366732 0.233658 0.0474068 0.971163 -0.137683 0 0 0 1 
38591597440146;0.299941;0.0569417;0.996039 0.0661843 -0.0593828 0.273583 -0.0715154 0.993126 -0.0926675 -0.0983152 0.0528414 0.0965472 0.993925 0.765442 0 0 0 1 
38591597440147;0.410512;0.0509339;0.984388 -0.173531 0.0294484 -0.736272 0.173596 0.984817 0.000345469 0.18333 -0.0290612 0.00477206 0.999566 -0.608366 0 0 0 1 
38591597440148;0.471802;0.424081;0.971286 -0.166503 -0.169942 0.340432 0.167563 0.985827 -0.00818995 0.260805 0.168897 -0.0205211 0.98542 -0.0364019 0 0 0 1 
38591597440149;0.337741;0.0424788;0.999936 0.0058595 -0.00967599 0.167818 -0.00591415 0.999967 -0.00562893 0.270206 0.00964269 0.0056858 0.999937 -0.691333 0 0 0 1 
38591597440150;0.131256;0.0397897;0.998692 -0.0504304 -0.00842781 -0.182412 0.0504054 0.998724 -0.00315206 0.0795031 0.00857601 0.00272313 0.99996 -0.216289 0 0 0 1 
38591597440151;0.387023;0.276237;0.990492 -0.0951968 -0.0993146 -0.00956871 0.0961873 0.99535 0.00522221 -0.0769882 0.0983556 -0.0147254 0.995042 0.269143 0 0 0 1 
38591597440152;0.263342;0.29063;0.994813 -0.099964 -0.0188267 0.0710056 0.0998069 0.994965 -0.00910637 0.286614 0.0196422 0.0071801 0.999781 0.0553389 0 0 0 1 
38591597440153;0.441403;0.0504393;0.98894 0.137697 -0.0551085 0.443602 -0.12792 0.979925 0.152916 0.601022 0.0750583 -0.144176 0.986701 0.239804 0 0 0 1 
38591597440155;0.258376;0.00674448;0.998699 0.0432795 0.0269824 -0.599959 -0.0444399 0.998043 0.0440015 0.240786 -0.0250253 -0.0451434 0.998667 0.519276 0 0 0 1 
38591597440156;0.221561;0.00547748;0.999728 0.0138564 -0.0187729 0.0260844 -0.0152702 0.996884 -0.0773928 0.0113434 0.0176421 0.0776584 0.996824 -0.711236 0 0 0 1 
38591597440157;0.430412;0.00571132;0.909393 -0.415291 -0.0231954 0.815838 0.404433 0.895888 -0.183898 0.15803 0.0971516 0.157854 0.982672 -0.396694 0 0 0 1 
38591597440158;0.209175;0.0103561;0.987373 0.0355058 0.154381 -0.102794 -0.0421685 0.998306 0.0400984 0.171425 -0.152696 -0.0461021 0.987197 0.646313 0 0 0 1 
38591597440159;0.222826;0.00854834;0.96366 -0.22261 -0.147664 0.000609674 0.212562 0.973796 -0.080859 -0.238426 0.161794 0.0465329 0.985727 -0.235939 0 0 0 1 
38591597440160;0.348174;0.00714206;0.998023 0.0463222 -0.0424805 -0.26585 -0.0492953 0.996197 -0.0718401 0.90936 0.0389911 0.0737921 0.996511 -0.553868 0 0 0 1 
38591597440161;0.528254;0.0174236;0.887754 -0.460306 0.0033723 1.16441 0.460013 0.886876 -0.0428898 -0.536202 0.0167516 0.0396269 0.999074 0.169989 0 0 0 1 
38591597440162;0.274646;0.00620778;0.997624 -0.0683173 -0.00893119 -0.739188 0.0683848 0.997631 0.00748174 -0.0249239 0.0083989 -0.00807472 0.999932 -0.132492 0 0 0 1 
38591597440163;0.298037;0.00766383;0.962175 -0.269932 -0.0368228 0.583028 0.271531 0.961176 0.0491045 -0.152779 0.0221384 -0.0572456 0.998115 -0.269564 0 0 0 1 
38591597440164;0.263298;0.00997251;0.976265 0.183906 -0.114395 -0.255182 -0.179129 0.982513 0.05081 0.0727734 0.121739 -0.0291125 0.992135 0.545282 0 0 0 1 
38591597440165;0.352749;0.00831487;0.977957 0.20663 -0.030075 -0.587271 -0.208338 0.955925 -0.20689 0.603773 -0.0140002 0.208595 0.977902 -0.423506 0 0 0 1 
38591597440166;0.206209;0.00925303;0.982819 -0.181957 0.0309511 0.323472 0.18336 0.981721 -0.0510124 0.199344 -0.0211033 0.0558112 0.998218 -0.202609 0 0 0 1 
38591597440167;0.319448;0.00650473;0.999941 -0.00534483 0.00946737 0.355531 0.00536836 0.999983 -0.00246182 -0.458578 -0.00945405 0.0025125 0.999952 -0.754622 0 0 0 1 
38591597440168;0.116047;0.00682881;0.999767 0.0177782 -0.0122347 -0.0242996 -0.0192373 0.991083 -0.131851 0.124079 0.00978157 0.132056 0.991194 -0.212902 0 0 0 1 
38591597440169;0.218803;0.00930691;0.997533 -0.026347 0.0650708 -0.00561826 0.00975712 0.96994 0.24315 -0.212678 -0.069521 -0.241915 0.967804 0.481686 0 0 0 1 
38591597440170;0.167043;0.00744011;0.999667 0.0085456 -0.02435 0.0570977 -0.00844422 0.999955 0.00426324 -0.0890513 0.0243854 -0.00405621 0.999694 -0.491717 0 0 0 1 
38591597440171;0.339075;0.0122802;0.962402 -0.252813 0.0993349 0.458577 0.254512 0.967059 -0.00461243 0.0542375 -0.0948966 0.029721 0.995043 0.674184 0 0 0 1 
38591597440172;0.374586;0.0102158;0.976312 -0.0858281 -0.198617 1.04952 0.0490763 0.981876 -0.183059 0.0873073 0.210729 0.168976 0.962829 -0.0255369 0 0 0 1 
38591597440173;0.118391;0.0063149;0.99773 0.028081 0.0612118 -0.298699 -0.0258192 0.998966 -0.0374322 0.0278894 -0.0621996 0.0357667 0.997423 0.170345 0 0 0 1 
38591597440174;0.158802;0.00780232;0.993085 -0.0373627 0.111295 -0.124724 0.0145576 0.97988 0.199057 -0.0859133 -0.116493 -0.19606 0.973648 0.200558 0 0 0 1 
38591597440175;0.263758;0.00749864;0.963446 0.184006 0.194714 -0.555524 -0.198919 0.978186 0.0598579 0.096763 -0.179452 -0.0964021 0.979032 0.359178 0 0 0 1 
38591597440176;0.174741;0.00527799;0.998537 -0.0530746 0.0103097 0.0662618 0.0504303 0.983039 0.176328 -0.351942 -0.0194934 -0.17555 0.984277 0.149089 0 0 0 1 
38591597440177;0.253101;0.00670038;0.992385 0.120771 0.0242333 -0.616046 -0.120119 0.992399 -0.026771 -0.326044 -0.0272823 0.0236563 0.999348 -0.195838 0 0 0 1 
38591597440178;0.247175;0.00769274;0.996643 0.0770201 0.0277747 -0.347282 -0.0755968 0.995929 -0.0490945 -0.559959 -0.0314429 0.04683 0.998408 -0.16087 0 0 0 1 
38591597440179;0.388374;0.339451;0.995775 -0.0901525 0.0174402 -0.10099 0.0907139 0.995274 -0.034642 0.0475073 -0.0142347 0.0360777 0.999248 0.0682718 0 0 0 1 
38591597440180;0.287474;0.0100694;0.906594 0.288769 -0.307735 -0.0340105 -0.273825 0.957398 0.0916997 0.248851 0.321105 0.001131 0.947043 -0.342574 0 0 0 1 
38591597440181;0.269146;0.00752973;0.998936 -0.0332586 0.0319512 0.238043 0.0300341 0.994872 0.0965808 -0.734591 -0.0349994 -0.0955184 0.994812 -0.130807 0 0 0 1 
38591597440182;0.36237;0.00595677;0.950621 0.284627 0.123724 -0.744259 -0.300429 0.943947 0.136771 0.0996788 -0.0778598 -0.167188 0.982846 -0.156529 0 0 0 1 
38591597440183;0.418551;0.00745549;0.935532 -0.35241 0.0242483 0.873388 0.351354 0.921246 -0.166902 -0.452689 0.0364793 0.164662 0.985675 -0.128181 0 0 0 1 
38591597440184;0.369769;0.00746003;0.999564 -0.0226711 0.0189376 -0.80996 0.0252216 0.988727 -0.147592 -0.0545293 -0.015378 0.148005 0.988867 -0.692463 0 0 0 1 
38591597440186;0.226268;0.0666609;0.999991 -0.00272836 -0.00339202 -0.0753195 0.00275958 0.999954 0.00923466 -0.273154 0.00336667 -0.00924393 0.999952 0.0342089 0 0 0 1 
38591597440187;0.539163;0.0682862;0.959564 -0.268975 0.0830075 0.313819 0.267842 0.963146 0.0246959 -1.11586 -0.0865909 -0.00146437 0.996243 0.733964 0 0 0 1 
38591597440188;0.243538;0.0375592;0.971833 0.175416 0.157386 -0.238629 -0.19858 0.969144 0.146033 0.53467 -0.126913 -0.173174 0.97668 0.465925 0 0 0 1 
38591597440189;0.327282;0.0813249;0.99792 -0.00235773 -0.0644264 0.208799 0.00589789 0.998479 0.0548141 -0.148452 0.0641992 -0.05508 0.996416 -0.619309 0 0 0 1 
38591597440190;0.477387;0.0366481;0.945667 0.106736 0.307118 -0.109223 -0.183395 0.955083 0.232772 0.418244 -0.268478 -0.276449 0.922765 1.38646 0 0 0 1 
38591597440191;0.452785;0.0639251;0.992624 0.00513534 0.121126 -0.0477234 -0.0589644 0.893421 0.445333 -0.110894 -0.10593 -0.44919 0.887134 0.931731 0 0 0 1 
38591597440192;0.627235;0.293976;0.985193 -0.17048 0.0182033 0.293879 0.168534 0.982464 0.0797607 -0.765191 -0.0314816 -0.0755118 0.996648 0.80151 0 0 0 1 
38591597440193;0.3706;0.0639992;0.999963 0.00476745 0.00720648 -0.0817277 -0.00368065 0.98958 -0.143935 0.215686 -0.00781759 0.143903 0.989561 -0.514485 0 0 0 1 
38591597440194;0.358294;0.0500692;0.982617 0.156894 0.0992407 0.280238 -0.157899 0.987453 0.00230738 0.146094 -0.0976335 -0.0179373 0.995061 0.145303 0 0 0 1 
38591597440195;0.380792;0.0530205;0.932581 0.294111 -0.209263 0.0691052 -0.295598 0.954989 0.0248682 0.812811 0.207158 0.0386662 0.977543 -0.320021 0 0 0 1 
38591597440196;0.614704;0.513084;0.992982 -0.076094 -0.0905335 0.0227545 0.0932455 0.974612 0.203559 -0.305385 0.0727455 -0.210572 0.974868 0.148892 0 0 0 1 
38591597440197;0.540834;0.0383454;0.947971 0.304831 -0.0918077 0.586105 -0.308245 0.950971 -0.0252864 0.938573 0.0795984 0.05227 0.995456 0.016871 0 0 0 1 
38591597440198;0.653732;0.0406555;0.974481 0.22329 -0.0229756 0.0268299 -0.221276 0.938374 -0.265503 0.2869 -0.0377244 0.263812 0.963836 0.524948 0 0 0 1 
38591597440199;0.0659977;0.0593406;0.99987 -0.0149982 0.00584447 -0.0261817 0.0150461 0.999853 -0.00824525 -0.0686649 -0.00571995 0.00833212 0.999949 -0.0303632 0 0 0 1 
38591597440200;0.599375;0.0464812;0.99798 0.0611044 -0.0173805 0.540845 -0.061091 0.998131 0.00130238 0.743133 0.0174276 -0.000237952 0.999848 0.0945839 0 0 0 1 
38591597440201;0.617035;0.0448314;0.995813 0.0546407 0.0732856 0.416237 -0.0357825 0.970719 -0.237538 0.202354 -0.0841189 0.233921 0.96861 -0.550286 0 0 0 1 
38591597440202;0.728849;0.0649882;0.909888 -0.0362045 -0.413271 0.59722 0.14715 0.959577 0.239914 -0.728369 0.387879 -0.279107 0.878435 -0.0797181 0 0 0 1 
38591597440203;0.628996;0.0375818;0.958653 0.282824 -0.0315478 0.723005 -0.281724 0.95885 0.0351956 0.916838 0.0402037 -0.0248526 0.998882 0.0950452 0 0 0 1 
38591597440204;0.361491;0.10045;0.974791 -0.221386 -0.0277473 0.0639604 0.22237 0.974155 0.0396604 -0.666572 0.0182499 -0.0448308 0.998828 0.231312 0 0 0 1 
38591597440205;0.426394;0.0406235;0.980681 0.147478 0.128508 -0.405952 -0.172028 0.962948 0.207697 0.28214 -0.0931156 -0.225791 0.969715 0.694364 0 0 0 1 
38591597440206;0.39785;0.0488937;0.982513 0.101238 0.156268 0.0122553 -0.151736 0.921751 0.356864 0.267656 -0.107912 -0.374335 0.920993 0.814931 0 0 0 1 
38591597440207;0.654746;0.0561133;0.987245 0.154207 0.0395803 -0.55344 -0.156274 0.986131 0.0558863 -0.185568 -0.0304133 -0.0613589 0.997652 0.4416 0 0 0 1 
38591597440208;0.405729;0.0606343;0.96449 -0.02851 0.262576 -0.126247 -0.0257336 0.979283 0.200853 -0.450577 -0.262863 -0.200477 0.943775 0.596226 0 0 0 1 
38591597440209;0.302589;0.0374644;0.943466 0.331466 -0.00151602 -0.172929 -0.331319 0.943165 0.025849 0.931592 0.00999793 -0.0238854 0.999665 0.0383209 0 0 0 1 
38591597440210;0.290612;0.0417653;0.996005 0.0868035 -0.0209752 -0.106574 -0.0892755 0.973543 -0.21034 0.395708 0.00216198 0.211372 0.977403 0.0612887 0 0 0 1 
38591597440211;0.669792;0.0397769;0.983513 0.144892 0.108206 -0.281245 -0.158467 0.97881 0.129687 -0.451595 -0.0871223 -0.144696 0.985633 0.545035 0 0 0 1 
38591597440212;0.674895;0.0472979;0.923738 0.112964 0.365987 0.709236 -0.229927 0.927747 0.293972 0.614499 -0.306335 -0.355703 0.882969 1.14886 0 0 0 1 
38591597440213;0.74739;0.055481;0.989443 0.0636784 -0.13018 0.105434 -0.0319485 0.972036 0.23265 -1.00106 0.141354 -0.226035 0.963809 -0.0260251 0 0 0 1 
38591597440214;0.177349;0.0542489;0.999706 0.0017687 -0.0241657 0.102793 -0.00609871 0.983591 -0.180307 0.00647744 0.0234503 0.180401 0.983313 -0.266343 0 0 0 1 
38591597440215;0.720627;0.0685054;0.991239 0.0644169 -0.115307 0.0227941 -0.0723522 0.995193 -0.0660069 0.528577 0.110501 0.0737713 0.991134 -1.31628 0 0 0 1 
38591597440217;0.284412;0.0319518;0.99992 -0.0121261 -0.00352797 0.237723 0.0121659 0.99986 0.0114994 0.0325243 0.00338804 -0.0115414 0.999928 0.600045 0 0 0 1 
38591597440218;0.175507;0.0304184;0.980864 0.191749 -0.0337312 -0.146778 -0.192961 0.980495 -0.0373557 0.224084 0.0259104 0.0431496 0.998733 -0.033229 0 0 0 1 
38591597440219;0.263573;0.027941;0.983501 0.180863 0.00374252 -0.180543 -0.180862 0.983508 -0.00044244 0.338853 -0.00376082 -0.00024174 0.999993 0.402211 0 0 0 1 
38591597440220;0.260161;0.028011;0.998739 0.0330693 -0.0377826 0.0407275 -0.0318417 0.99896 0.0326451 0.510332 0.0388229 -0.0314009 0.998753 0.221143 0 0 0 1 
38591597440221;0.443483;0.0316551;0.994001 -0.0908414 -0.0609077 0.922546 0.101069 0.975755 0.19413 0.0785857 0.041796 -0.199121 0.979083 0.372986 0 0 0 1 
38591597440222;0.400675;0.0303827;0.99539 0.0914426 0.0289318 -0.24262 -0.0921869 0.995414 0.0255307 0.309821 -0.0264645 -0.0280802 0.999255 -0.826846 0 0 0 1 
38591597440223;0.500048;0.0299852;0.899498 0.430514 0.074574 -0.465997 -0.434678 0.899028 0.0529475 0.968369 -0.0442495 -0.0800419 0.995809 0.410674 0 0 0 1 
38591597440224;0.319063;0.0233296;0.999642 0.0245625 -0.0105679 0.149058 -0.0245436 0.999697 0.00191531 0.155646 0.0106118 -0.00165526 0.999942 -0.737054 0 0 0 1 
38591597440225;0.246702;0.0314033;0.986478 -0.100942 0.12912 0.127815 0.0778699 0.981894 0.172689 0.131889 -0.144213 -0.160299 0.976477 -0.0651977 0 0 0 1 
38591597440226;0.422905;0.0271186;0.8847 0.404518 0.231671 -0.262891 -0.355287 0.906855 -0.226685 0.540778 -0.301789 0.118238 0.946014 0.306739 0 0 0 1 
38591597440227;0.114525;0.0271098;0.998762 0.00334012 0.0496249 -0.0858082 -0.00788521 0.995758 0.0916778 -0.281044 -0.0491081 -0.0919556 0.994551 0.0277334 0 0 0 1 
38591597440228;0.227089;0.0322168;0.963507 -0.264674 0.0400168 0.114849 0.26625 0.963026 -0.0411238 -0.162051 -0.0276528 0.0502775 0.998352 0.0689977 0 0 0 1 
38591597440229;0.366377;0.0261934;0.962427 0.269757 0.0310744 -0.542165 -0.267877 0.961939 -0.0539969 0.599329 -0.0444577 0.043644 0.998057 -0.222207 0 0 0 1 
38591597440230;0.40791;0.024974;0.999875 0.00892441 0.0130394 -0.0663408 -0.00986039 0.997241 0.0735747 -0.0625708 -0.0123468 -0.0736941 0.997204 0.996695 0 0 0 1 
38591597440231;0.122929;0.0218124;0.997564 0.0604185 -0.0348649 0.0823327 -0.0570589 0.994268 0.0904143 -0.213769 0.0401278 -0.0882047 0.995294 0.0397609 0 0 0 1 
38591597440232;0.235296;0.031809;0.964876 -0.260777 0.031772 0.283715 0.260325 0.965359 0.0177136 -0.312171 -0.0352907 -0.00882043 0.999338 -0.0226021 0 0 0 1 
38591597440233;0.450082;0.0284547;0.909518 -0.0062537 -0.415618 0.656381 0.120516 0.960905 0.249272 -0.430371 0.397811 -0.276806 0.874714 -0.406519 0 0 0 1 
38591597440234;0.442338;0.0389443;0.890718 -0.451786 -0.0500958 0.521202 0.442486 0.887014 -0.131958 -0.00433095 0.104053 0.0953712 0.989989 -0.250455 0 0 0 1 
38591597440235;0.600621;0.0338484;0.906 0.422644 -0.0231695 -0.563955 -0.421102 0.905533 0.0517955 1.12405 0.0428718 -0.03717 0.998389 0.558756 0 0 0 1 
38591597440236;0.098733;0.0220322;0.995893 0.0604066 -0.0674445 0.133647 -0.0599957 0.998166 0.00810274 0.0075425 0.0678102 -0.00402308 0.99769 -0.155637 0 0 0 1 
38591597440237;0.391996;0.0315562;0.993013 -0.115942 -0.0219782 0.486799 0.117343 0.989877 0.0798423 0.282301 0.0124986 -0.0818634 0.996565 0.595804 0 0 0 1 
38591597440238;0.352561;0.0306301;0.918702 0.218233 0.329183 -0.306449 -0.262 0.960431 0.0944844 0.107149 -0.295538 -0.173049 0.939527 0.555938 0 0 0 1 
38591597440239;0.273596;0.0343056;0.949542 -0.299229 0.0939819 0.266798 0.301777 0.953278 -0.0138395 -0.341508 -0.0854497 0.0415027 0.995478 -0.0783337 0 0 0 1 
38591597440240;0.59112;0.0320216;0.911009 -0.393907 -0.122067 0.999419 0.405449 0.909613 0.0906386 -0.867576 0.0753309 -0.132065 0.988375 0.577888 0 0 0 1 
38591597440241;0.457943;0.0260065;0.924371 0.381468 0.00458307 -0.0978823 -0.380714 0.923181 -0.0528575 0.493055 -0.0243944 0.0471151 0.998592 -0.660594 0 0 0 1 
38591597440242;0.307705;0.0231192;0.981921 0.18747 0.0261976 0.222181 -0.187826 0.982131 0.0118324 -0.381958 -0.0235113 -0.016539 0.999587 -0.0134121 0 0 0 1 
38591597440243;0.105317;0.031522;0.998194 -0.0598899 0.00476321 0.0765151 0.0598583 0.998186 0.00651539 -0.119007 -0.00514477 -0.00621851 0.999967 -0.183507 0 0 0 1 
38591597440244;0.562292;0.0354344;0.916284 -0.380887 -0.123892 0.896091 0.349751 0.911618 -0.215931 -0.064094 0.195188 0.154523 0.968517 -0.969443 0 0 0 1 
38591597440245;0.374359;0.0315181;0.992795 -0.110516 -0.046314 -0.500035 0.112975 0.992112 0.0543249 0.260127 0.0399449 -0.0591658 0.997449 0.313529 0 0 0 1 
38591597440246;0.451519;0.366915;0.996563 0.0828338 -0.000853737 -0.302844 -0.0828379 0.996483 -0.0126231 0.131369 -0.000194886 0.0126504 0.99992 -0.306703 0 0 0 1 
38591597440248;0.275634;0.00829456;0.952125 0.305567 0.0092872 -0.404796 -0.305309 0.951995 -0.0221936 0.421144 -0.015623 0.0182956 0.999711 0.0313464 0 0 0 1 
38591597440249;0.256114;0.0104385;0.958382 -0.180702 -0.221024 0.584032 0.167566 0.982852 -0.0769633 -0.0592132 0.231141 0.036724 0.972227 -0.374876 0 0 0 1 
38591597440250;0.238063;0.0117393;0.922088 -0.015618 -0.386665 0.239091 -0.0400115 0.989982 -0.135403 0.28676 0.384906 0.140325 0.912226 -0.499286 0 0 0 1 
38591597440251;0.292932;0.00621945;0.999982 -0.000858868 0.0058696 -0.0346553 0.000828663 0.999986 0.00514658 -0.0222146 -0.00587394 -0.00514163 0.99997 0.859447 0 0 0 1 
38591597440252;0.40515;0.00791482;0.994906 0.000568787 0.100802 -0.220116 0.0485789 0.873497 -0.484399 0.49673 -0.0883257 0.486829 0.86902 -0.311649 0 0 0 1 
38591597440253;0.264249;0.0076877;0.999649 -0.0177941 0.0196331 -0.659823 0.0175281 0.999753 0.0136348 0.0200131 -0.0198709 -0.0132858 0.999714 -0.307203 0 0 0 1 
38591597440254;0.377732;0.00873427;0.907943 -0.390868 0.151201 0.587632 0.350468 0.905965 0.237486 -0.512298 -0.229809 -0.162632 0.959551 0.247657 0 0 0 1 
38591597440255;0.159826;0.00753405;0.976334 0.0822434 0.200021 0.106942 -0.0700058 0.995259 -0.067515 0.128491 -0.204626 0.0519145 0.977463 0.379873 0 0 0 1 
38591597440256;0.0516293;0.00677686;0.999022 0.028521 0.0337832 -0.0644222 -0.0276418 0.999274 -0.0262123 0.127882 -0.0345063 0.0252529 0.999085 0.0476584 0 0 0 1 
38591597440257;0.294004;0.00919486;0.986554 -0.124875 -0.105444 0.136001 0.11665 0.989874 -0.0808826 0.496031 0.114476 0.067495 0.99113 0.278964 0 0 0 1 
