#;prob_registration_l1 -r /home/probabilistic_point_clouds_registration/build/tester /home/point_clouds_registration_benchmark//devel/registration_pairs/long_office_household_local.txt /home/point_clouds_registration_benchmark//tum/long_office_household -s 0.1 -t 0.1 -p 0.3 -r 1000 -m 10 -i 40 
id;initial_error;final_error;transformation
26456013410000;0.652746;0.398133;0.842798 0.450778 -0.294094 0.424527 -0.458219 0.887579 0.0473138 -0.096643 0.282359 0.0948835 0.954605 -0.249755 0 0 0 1 
26456013410001;1.0574;0.453282;0.962479 0.257979 -0.0841499 0.183955 -0.243729 0.958196 0.149858 0.114397 0.119292 -0.123725 0.98512 1.10462 0 0 0 1 
26456013410002;0.577722;0.587769;0.933997 0.331374 -0.133571 0.444249 -0.286249 0.917764 0.275266 0.138693 0.213802 -0.218863 0.952044 0.72253 0 0 0 1 
26456013410003;1.10585;0.553628;0.965389 -0.240397 -0.101161 0.470478 0.251026 0.961682 0.110243 0.326435 0.0707827 -0.131822 0.988743 -0.753602 0 0 0 1 
26456013410004;0.510854;0.483842;0.953662 0.255145 0.159466 0.204155 -0.296537 0.886752 0.354594 -0.266147 -0.0509337 -0.38545 0.921322 -0.199335 0 0 0 1 
26456013410005;0.315858;0.466391;0.989885 0.101955 -0.0986532 0.357665 -0.0959614 0.993344 0.0637121 0.294789 0.104492 -0.0536008 0.99308 -0.111973 0 0 0 1 
26456013410006;0.127418;0.451772;0.959987 0.261 -0.101505 0.386511 -0.245986 0.959137 0.139811 -0.0781251 0.133848 -0.109247 0.984962 0.177668 0 0 0 1 
26456013410007;0.936325;0.538474;0.969022 -0.179579 -0.169554 0.0787348 0.180494 0.983524 -0.0101315 0.441682 0.16858 -0.0207859 0.985469 0.733349 0 0 0 1 
26456013410008;0.859142;0.457326;0.986689 0.131199 -0.0960769 0.402128 -0.128003 0.991017 0.0387289 0.0820085 0.100295 -0.0259153 0.99462 0.877589 0 0 0 1 
26456013410009;0.404949;0.494062;0.935024 0.246351 -0.25503 0.163795 -0.226128 0.968283 0.106272 -0.0501457 0.273121 -0.0416973 0.961075 0.495797 0 0 0 1 
26456013410010;0.333714;0.516505;0.955145 0.18807 -0.228754 0.328645 -0.191449 0.981474 0.00753584 0.0253752 0.225933 0.0365969 0.973455 -0.078866 0 0 0 1 
26456013410011;0.463956;0.454551;0.993888 0.0655216 -0.0888491 0.406876 -0.0566963 0.993525 0.0984546 0.170616 0.0947248 -0.0928154 0.991167 -0.27479 0 0 0 1 
26456013410012;1.06761;0.349599;0.939958 0.0922285 -0.328592 0.852524 -0.188078 0.943386 -0.273221 0.65742 0.284791 0.318617 0.904089 0.944717 0 0 0 1 
26456013410013;0.408963;0.474777;0.836834 0.534861 -0.11676 0.423039 -0.513014 0.840597 0.173818 -0.208732 0.191117 -0.0855576 0.977831 0.241979 0 0 0 1 
26456013410014;0.281798;0.478461;0.962088 0.257807 -0.0890022 0.26776 -0.243901 0.959308 0.142271 -0.140872 0.122059 -0.115169 0.985818 -0.0975978 0 0 0 1 
26456013410015;0.444148;0.41996;0.979306 0.0701882 -0.189823 0.157556 -0.0754449 0.996937 -0.0206007 0.14589 0.187796 0.0344956 0.981602 0.417063 0 0 0 1 
26456013410016;0.631913;0.535061;0.857859 0.494052 0.14139 0.0998966 -0.51176 0.846337 0.147702 -0.0641462 -0.0466905 -0.199065 0.978873 0.626733 0 0 0 1 
26456013410017;0.712942;0.501498;0.960882 0.267215 -0.0728196 0.592095 -0.262932 0.962735 0.0633085 0.509165 0.0870229 -0.0416853 0.995334 0.381546 0 0 0 1 
26456013410018;0.599666;0.407822;0.89053 0.422549 0.168548 0.202422 -0.451808 0.864783 0.219135 -0.453496 -0.0531616 -0.271298 0.961026 -0.15556 0 0 0 1 
26456013410019;0.16999;0.389013;0.98583 0.156115 -0.0613769 0.255301 -0.146818 0.979984 0.13445 0.118842 0.0811379 -0.123533 0.989018 0.0272339 0 0 0 1 
26456013410020;0.966938;0.53742;0.959418 0.275346 -0.0608399 0.0933567 -0.267118 0.956559 0.116803 -0.253247 0.0903582 -0.0958114 0.99129 -0.73442 0 0 0 1 
26456013410021;1.2145;0.595161;0.961997 -0.20414 -0.181355 -0.277231 0.231723 0.961657 0.146698 0.386628 0.144454 -0.183147 0.972415 -0.224738 0 0 0 1 
26456013410022;0.808376;0.506473;0.966327 -0.131806 -0.220998 -0.0159096 0.0840275 0.973403 -0.213135 0.553403 0.243213 0.187388 0.9517 -0.0772066 0 0 0 1 
26456013410023;0.310262;0.494694;0.888161 0.440391 -0.131244 0.0874154 -0.429527 0.897101 0.103517 0.010348 0.163327 -0.0355672 0.985931 0.302486 0 0 0 1 
26456013410024;0.290654;0.460676;0.940712 0.333571 -0.0615767 0.416381 -0.309235 0.917951 0.248475 -0.324125 0.139408 -0.214702 0.966679 0.157269 0 0 0 1 
26456013410025;0.115869;0.434402;0.96265 0.246477 -0.112042 0.245172 -0.236472 0.966943 0.0954074 0.0553297 0.131854 -0.0653491 0.989113 0.22793 0 0 0 1 
26456013410026;0.438952;0.502771;0.996601 0.0823051 -0.00344879 0.206692 -0.0794679 0.971589 0.222935 -0.31925 0.0216995 -0.221904 0.974827 -0.0661983 0 0 0 1 
26456013410027;1.02893;0.441041;0.847224 0.524037 -0.0871633 0.455411 -0.509174 0.847827 0.14809 0.746477 0.151504 -0.0810842 0.985125 0.206743 0 0 0 1 
26456013410028;0.910665;0.560885;0.954543 0.263239 -0.139831 0.389933 -0.231053 0.949824 0.210829 0.176143 0.188313 -0.168937 0.96747 1.02312 0 0 0 1 
26456013410029;0.807992;0.364627;0.9416 0.1915 -0.276979 0.486254 -0.226655 0.968752 -0.100738 0.852133 0.249032 0.157633 0.955581 0.0457627 0 0 0 1 
26456013410031;0.378079;1.64636;-0.329948 0.112298 -0.937296 1.0573 -0.724536 0.606351 0.327699 1.2011 0.60513 0.787228 -0.1187 -0.517693 0 0 0 1 
26456013410032;0.347742;1.2769;0.150898 0.547167 -0.823309 0.235177 -0.620015 0.701056 0.352281 1.16485 0.769942 0.457306 0.445039 -0.725875 0 0 0 1 
26456013410033;0.319289;1.4698;-0.183848 0.274697 -0.943791 0.671775 -0.535191 0.777386 0.330517 1.08782 0.824482 0.565874 0.00409453 -0.658913 0 0 0 1 
26456013410034;0.665788;1.1846;0.15208 0.666075 -0.730216 1.3479 -0.617349 0.640978 0.456101 0.889245 0.771849 0.381435 0.508681 -0.648536 0 0 0 1 
26456013410035;0.543286;1.10821;0.427916 0.559386 -0.709912 0.816137 -0.664327 0.72724 0.172601 0.680169 0.612827 0.397755 0.682813 -0.00288905 0 0 0 1 
26456013410036;0.569296;0.899337;0.797176 0.527552 -0.293598 0.194865 -0.567705 0.820491 -0.0671274 1.10581 0.205481 0.220189 0.953569 0.279864 0 0 0 1 
26456013410037;0.587068;1.52172;-0.246271 0.199609 -0.948423 0.940361 -0.770589 0.55318 0.316518 1.86046 0.587829 0.808794 0.0175844 0.0660202 0 0 0 1 
26456013410038;0.163491;1.2459;0.171846 0.336515 -0.925866 0.709202 -0.633631 0.757397 0.157678 1.08406 0.754308 0.559561 0.343381 -0.401099 0 0 0 1 
26456013410039;0.298903;1.22124;0.115693 0.467244 -0.876526 0.527881 -0.628612 0.717693 0.299605 1.41713 0.769065 0.516333 0.376747 -0.371958 0 0 0 1 
26456013410040;0.421915;1.5458;-0.132594 0.113529 -0.984647 0.90875 -0.844699 0.506791 0.172181 1.58415 0.518558 0.854561 0.0287001 -0.104816 0 0 0 1 
26456013410041;0.740902;1.16849;0.413307 0.538607 -0.73422 1.23879 -0.525651 0.799522 0.290612 0.541346 0.743551 0.265832 0.613568 -0.809692 0 0 0 1 
26456013410042;0.386627;1.1851;0.43677 0.737608 -0.514943 0.742523 -0.76996 0.602542 0.210013 1.11214 0.465182 0.304758 0.831101 -0.234585 0 0 0 1 
26456013410043;0.418115;0.862099;0.643111 0.422947 -0.638376 0.157342 -0.595631 0.800213 -0.0698785 1.03416 0.481282 0.425176 0.766546 -0.108435 0 0 0 1 
26456013410044;0.401489;0.909385;0.751707 0.490132 -0.441256 0.0960783 -0.398204 0.870667 0.288743 0.759928 0.525709 -0.04134 0.849659 -0.220457 0 0 0 1 
26456013410045;0.640918;1.52077;-0.0876101 0.357483 -0.929801 0.479051 -0.517664 0.781124 0.349097 0.633639 0.851086 0.511909 0.116622 -0.942037 0 0 0 1 
26456013410046;0.387348;1.02841;0.394649 0.694197 -0.601949 0.1788 -0.711828 0.645238 0.277433 1.37232 0.580993 0.318995 0.748792 -0.193141 0 0 0 1 
26456013410047;0.681694;1.25733;0.525434 0.801751 -0.284805 0.449432 -0.603724 0.587191 0.539189 0.78917 0.59953 -0.111365 0.792566 -0.699058 0 0 0 1 
26456013410048;0.200666;1.539;-0.263322 0.271382 -0.92575 0.970489 -0.52447 0.765143 0.373481 0.99026 0.809687 0.583874 -0.0591476 -0.434663 0 0 0 1 
26456013410049;0.634474;1.28632;0.25833 0.444832 -0.857549 0.891767 -0.685066 0.71023 0.162043 1.21029 0.681139 0.545617 0.488213 0.19172 0 0 0 1 
26456013410050;0.211001;1.28238;0.204715 0.419225 -0.884501 0.51044 -0.633036 0.745925 0.20703 1.13948 0.746563 0.517539 0.418087 -0.550461 0 0 0 1 
26456013410051;0.550163;0.923749;0.72986 0.570136 -0.377159 0.5544 -0.443872 0.814852 0.372818 0.521039 0.519886 -0.104694 0.847796 -0.632107 0 0 0 1 
26456013410052;0.551544;1.08126;0.331751 0.601048 -0.727106 1.19134 -0.651952 0.703153 0.283786 0.73936 0.681835 0.379892 0.625126 -0.695711 0 0 0 1 
26456013410053;0.345543;1.42448;-0.204285 0.291057 -0.934641 1.13096 -0.649026 0.674486 0.3519 1.54957 0.732825 0.678494 0.0511159 -0.208002 0 0 0 1 
26456013410054;0.546651;1.43346;-0.0512852 0.212968 -0.975712 0.882423 -0.823472 0.543747 0.161967 1.9505 0.565035 0.811778 0.147487 -0.820674 0 0 0 1 
26456013410055;0.267657;1.51434;-0.150494 0.307728 -0.939497 1.09103 -0.606706 0.721571 0.333533 1.40462 0.780551 0.620193 0.0781079 -0.415722 0 0 0 1 
26456013410056;0.595541;1.22744;0.42062 0.456683 -0.783913 0.971239 -0.716224 0.697522 0.0220543 1.07144 0.556868 0.552181 0.620479 -0.109986 0 0 0 1 
26456013410057;0.461018;1.52453;-0.130139 0.39196 -0.910731 1.13744 -0.760643 0.549728 0.345284 1.12226 0.635992 0.737676 0.226601 -0.302013 0 0 0 1 
26456013410058;0.576941;1.33922;0.417075 0.84118 -0.344186 0.0286562 -0.821957 0.510705 0.252124 1.15227 0.387859 0.177752 0.904417 -0.629487 0 0 0 1 
26456013410059;0.729412;1.53167;-0.249326 0.542921 -0.801919 1.13211 -0.76446 0.398006 0.50714 1.24278 0.594505 0.739479 0.315808 0.116756 0 0 0 1 
26456013410060;0.670241;0.970899;0.55044 0.619333 -0.559859 0.296192 -0.369136 0.782023 0.502174 0.921546 0.748836 -0.0697526 0.659075 -0.922598 0 0 0 1 
26456013410062;0.727774;1.03408;0.969871 0.237825 -0.0528167 -0.829403 -0.229581 0.964776 0.128452 -0.385102 0.0815054 -0.112456 0.990308 0.291138 0 0 0 1 
26456013410063;1.34575;0.167586;0.956048 0.0268353 0.291981 -0.26293 0.0605006 0.95632 -0.285993 -0.476184 -0.286902 0.291088 0.912664 -0.174 0 0 0 1 
26456013410064;0.325852;0.209173;0.994107 0.0192976 0.106671 -0.0610343 -0.0325882 0.99171 0.124293 -0.151133 -0.103389 -0.127037 0.986495 0.128663 0 0 0 1 
26456013410065;0.371368;1.09378;0.930539 -0.291855 -0.221176 -0.16812 0.295788 0.955121 -0.0158907 0.0517898 0.215888 -0.0506342 0.975104 0.0438248 0 0 0 1 
26456013410066;1.03207;0.228605;0.982274 -0.0937967 -0.162297 -0.171863 0.0452092 0.95879 -0.280496 0.389414 0.181918 0.268186 0.946035 0.426856 0 0 0 1 
26456013410067;0.857765;1.3776;0.973409 -0.145078 0.177276 -0.58166 0.192751 0.936905 -0.291643 0.0443146 -0.12378 0.318058 0.939956 0.228185 0 0 0 1 
26456013410068;1.01715;0.253751;0.995894 -0.0898674 -0.0109181 -0.15067 0.0904861 0.984489 0.15031 -0.0980506 -0.00275918 -0.15068 0.988579 0.616423 0 0 0 1 
26456013410069;0.211374;0.586426;0.951777 -0.232816 -0.199791 -0.0542377 0.232804 0.97223 -0.0238926 -0.0518973 0.199805 -0.0237717 0.979547 0.198243 0 0 0 1 
26456013410070;0.584191;0.632703;0.891998 -0.278991 -0.355674 0.294541 0.255507 0.960248 -0.112431 0.0191365 0.372902 0.00941068 0.927823 0.0731359 0 0 0 1 
26456013410071;0.0848378;0.175314;0.999675 -0.0204983 0.0151804 -0.030263 0.0213266 0.99817 -0.0565792 -0.00717666 -0.0139928 0.0568845 0.998283 -0.0151371 0 0 0 1 
26456013410072;0.345771;0.157415;0.980238 -0.0299576 -0.195542 0.0678221 0.0698843 0.977174 0.200619 -0.280937 0.185069 -0.21032 0.959956 0.229929 0 0 0 1 
26456013410073;0.619828;0.201351;0.959654 0.0960132 0.264283 -0.176489 -0.0632796 0.98953 -0.129715 -0.0649553 -0.27397 0.107758 0.955682 0.146288 0 0 0 1 
26456013410074;0.46439;0.203429;0.977917 -0.158466 -0.136261 -0.0892372 0.132551 0.974352 -0.181845 0.158918 0.161582 0.159768 0.97384 0.108286 0 0 0 1 
26456013410075;1.52576;1.52593;0.961285 -0.274082 -0.0284685 -0.75348 0.275552 0.955539 0.104956 -0.224747 -0.00156383 -0.108738 0.994069 -0.755773 0 0 0 1 
26456013410076;0.479244;0.27083;0.99733 0.0144097 -0.0715943 -0.0661811 -0.0224458 0.993371 -0.112742 0.0362763 0.0694951 0.114048 0.991042 -0.182715 0 0 0 1 
26456013410077;0.704929;0.27597;0.968068 -0.236504 0.083122 -0.380185 0.231991 0.970838 0.0604404 -0.252294 -0.0949925 -0.0392268 0.994705 0.103039 0 0 0 1 
26456013410078;0.365691;0.443112;0.995874 -0.0754169 -0.0504614 0.035102 0.0718795 0.995053 -0.0685839 0.0774181 0.0553841 0.0646738 0.996368 0.0190084 0 0 0 1 
26456013410079;1.72117;1.36308;0.994261 -0.100488 -0.0366986 0.0829506 0.0863118 0.956177 -0.279779 0.322732 0.0632047 0.275006 0.959363 0.502891 0 0 0 1 
26456013410080;1.76411;0.165993;0.994854 -0.0964777 -0.0309413 -0.477606 0.0966003 0.99532 0.0024893 0.769122 0.0305563 -0.00546542 0.999518 -0.041228 0 0 0 1 
26456013410081;1.63412;0.204961;0.979121 0.084696 0.184794 -0.0702363 -0.0544848 0.985148 -0.162835 0.845234 -0.19584 0.149367 0.969194 -0.46575 0 0 0 1 
26456013410082;0.404515;0.583305;0.937972 0.0474713 -0.343445 0.178951 -0.000626498 0.990813 0.13524 0.0634662 0.34671 -0.126636 0.929384 0.171668 0 0 0 1 
26456013410083;1.34753;0.23877;0.995826 -0.091021 -0.00678917 -0.20944 0.0912057 0.995199 0.0354902 -0.587477 0.00352623 -0.0359613 0.999347 0.524983 0 0 0 1 
26456013410084;1.15281;0.318313;0.999685 -0.0219798 0.0121058 0.0904297 0.0204716 0.993374 0.11309 -0.65605 -0.0145113 -0.112806 0.993511 0.396926 0 0 0 1 
26456013410085;0.50976;0.217313;0.997444 0.0345188 0.062567 -0.0396872 -0.0240903 0.986765 -0.16036 0.134326 -0.0672744 0.158442 0.985074 -0.29481 0 0 0 1 
26456013410086;0.789041;0.513255;0.976721 -0.149775 -0.153569 0.0456086 0.132874 0.984436 -0.11502 0.052358 0.168406 0.0919367 0.981421 -0.322844 0 0 0 1 
26456013410087;0.962758;0.269548;0.99133 0.12247 -0.0476016 -0.0165728 -0.128678 0.978181 -0.163109 0.558874 0.026587 0.16782 0.985459 -0.0141581 0 0 0 1 
26456013410088;1.51292;1.68939;0.990023 -0.076399 -0.118394 -1.54206 0.0741354 0.996973 -0.0234133 -0.3374 0.119824 0.0144025 0.992691 0.125825 0 0 0 1 
26456013410089;0.558558;0.429711;0.992732 -0.106904 -0.0552713 -0.113735 0.10371 0.992929 -0.057756 -0.0600061 0.0610549 0.051604 0.9968 0.338133 0 0 0 1 
26456013410090;1.4132;0.263137;0.990608 -0.0306466 -0.133252 0.201421 0.0360605 0.998611 0.038407 -0.0729114 0.13189 -0.0428514 0.990338 -0.64941 0 0 0 1 
26456013410091;1.21795;0.537408;0.967988 -0.179401 0.17554 -0.20718 0.229622 0.915374 -0.330703 -0.110244 -0.101356 0.360424 0.927266 0.409784 0 0 0 1 
26456013410093;0.469907;0.34131;0.961945 -0.238073 0.134101 -0.0964709 0.243414 0.969608 -0.0247067 0.393472 -0.124143 0.0564085 0.99066 -0.343306 0 0 0 1 
26456013410094;0.663694;0.221196;0.886972 0.190671 -0.420624 0.42228 -0.0912353 0.965186 0.245136 0.314909 0.452721 -0.179053 0.873489 0.0993796 0 0 0 1 
26456013410095;0.871627;0.211526;0.976089 0.18491 0.114275 0.486981 -0.185765 0.982589 -0.00321118 0.325518 -0.112879 -0.018094 0.993444 -0.0131551 0 0 0 1 
26456013410096;0.802998;0.230639;0.998183 0.0521898 0.0301231 -0.380359 -0.0525912 0.998536 0.0126878 0.299336 -0.0294168 -0.0142489 0.999466 -0.466623 0 0 0 1 
26456013410097;0.47238;0.210958;0.909959 0.414699 -1.09687e-05 0.0339044 -0.414325 0.909139 0.0424527 0.170244 0.0176151 -0.0386257 0.999098 0.208715 0 0 0 1 
26456013410098;0.153152;0.193161;0.982142 0.112579 -0.150742 0.0802775 -0.107964 0.99341 0.038485 0.158538 0.154081 -0.0215231 0.987824 0.0481185 0 0 0 1 
26456013410099;1.16156;0.167007;0.986907 -0.0789599 -0.140639 -0.324995 0.0479421 0.976172 -0.211635 0.794344 0.153998 0.202122 0.967177 0.521918 0 0 0 1 
26456013410100;0.366643;0.211268;0.963549 0.258586 0.068607 -0.0749704 -0.252891 0.96403 -0.0818062 0.173283 -0.0872932 0.0614742 0.994284 0.176825 0 0 0 1 
26456013410101;1.16745;0.16717;0.989016 0.142264 0.0401023 -0.00924523 -0.147428 0.968913 0.198675 0.489792 -0.0105913 -0.202405 0.979245 0.786033 0 0 0 1 
26456013410102;1.13408;0.368288;0.99303 -0.102787 -0.0576745 0.215117 0.107255 0.990958 0.080613 0.0176252 0.048867 -0.086237 0.995075 -0.903103 0 0 0 1 
26456013410103;0.393965;0.247878;0.991748 0.0824121 -0.0982095 0.00107692 -0.0653123 0.983939 0.166126 -0.191863 0.110323 -0.158341 0.981202 -0.0793906 0 0 0 1 
26456013410104;1.01585;0.242371;0.952218 0.303893 0.0304844 -0.543328 -0.301134 0.917511 0.259793 0.273537 0.0509795 -0.256559 0.965183 -0.395388 0 0 0 1 
26456013410105;1.13047;0.528736;0.994887 -0.0536388 0.0855713 -0.0524486 0.0615957 0.993737 -0.0932313 -0.0992553 -0.0800346 0.0980255 0.99196 0.423583 0 0 0 1 
26456013410106;0.197882;0.214468;0.953177 0.298213 0.0502218 -0.0909037 -0.3005 0.952644 0.0465716 0.147686 -0.0339552 -0.0594826 0.997652 0.0367837 0 0 0 1 
26456013410107;0.85745;0.581689;0.963583 -0.256532 0.0754915 -0.212039 0.252641 0.965857 0.0573882 -0.0653471 -0.0876358 -0.036226 0.995494 -0.507554 0 0 0 1 
26456013410108;1.09003;0.265842;0.973968 0.111871 0.197156 -0.312818 -0.115428 0.993294 0.0066056 -0.536212 -0.195095 -0.0291909 0.98035 0.368585 0 0 0 1 
26456013410109;0.997601;0.207278;0.985055 0.16126 -0.0605074 0.0827462 -0.167411 0.979009 -0.116255 -0.433402 0.0404901 0.124647 0.991375 0.271993 0 0 0 1 
26456013410110;1.0844;0.397146;0.901742 -0.0608948 0.427964 -0.922618 0.0458189 0.997915 0.0454502 0.167229 -0.42984 -0.0213755 0.902652 -0.495912 0 0 0 1 
26456013410111;0.414986;0.34167;0.990326 -0.138309 0.0111754 0.0973442 0.134357 0.935665 -0.326311 0.432986 0.0346752 0.324655 0.945197 -0.0328997 0 0 0 1 
26456013410112;0.40276;0.192413;0.994612 0.0216695 0.101374 -0.0819069 -0.0381081 0.985864 0.163154 -0.0134742 -0.0964059 -0.166138 0.981379 -0.237284 0 0 0 1 
26456013410113;0.220143;0.1772;0.979998 0.192989 -0.0485765 0.043557 -0.193806 0.980958 -0.0126698 0.153144 0.0452064 0.0218307 0.998739 0.0986763 0 0 0 1 
26456013410114;0.883586;0.305304;0.973987 -0.13546 0.181657 -0.568989 0.123284 0.989397 0.0767755 -0.0794127 -0.19013 -0.0523831 0.98036 0.332945 0 0 0 1 
26456013410115;0.901703;0.229776;0.998582 0.00326237 -0.0531384 -0.0378285 0.00616606 0.984316 0.176304 0.158022 0.0528802 -0.176382 0.9829 0.740564 0 0 0 1 
26456013410116;0.0971774;0.202038;0.999551 0.0299536 -0.000484886 -0.00133325 -0.029921 0.999002 0.0331599 0.189484 0.00147766 -0.0331305 0.99945 0.014694 0 0 0 1 
26456013410117;0.308242;0.17019;0.999164 0.0373788 0.0165809 -0.0525362 -0.0387244 0.995183 0.0900611 0.159915 -0.0131347 -0.0906278 0.995798 -0.160398 0 0 0 1 
26456013410118;0.617996;0.330499;0.944897 -0.251633 0.209405 -0.374366 0.247497 0.967788 0.0461673 0.317258 -0.214277 0.00820381 0.976739 -0.332821 0 0 0 1 
26456013410119;0.836682;0.319132;0.986147 -0.163777 0.0262946 -0.0258861 0.161016 0.983244 0.0854667 0.124071 -0.0398515 -0.0800489 0.995994 -0.679193 0 0 0 1 
26456013410120;1.27194;0.283913;0.997907 0.0555299 -0.0331259 0.516523 -0.0511097 0.99122 0.121948 0.299298 0.0396068 -0.119999 0.991984 -0.773569 0 0 0 1 
26456013410121;0.539915;0.281152;0.960352 -0.27087 -0.0659803 0.298058 0.27123 0.962508 -0.00360527 0.238748 0.0644831 -0.0144335 0.997814 -0.411057 0 0 0 1 
26456013410122;0.715537;0.180726;0.999073 0.0383368 -0.0195866 0.148588 -0.0373384 0.9981 0.0490217 0.19687 0.0214288 -0.0482449 0.998606 -0.534253 0 0 0 1 
26456013410124;1.54152;0.152402;0.829197 0.544478 -0.126395 -0.486091 -0.553705 0.831054 -0.0525341 -0.461434 0.0764372 0.113546 0.990588 0.190211 0 0 0 1 
26456013410125;0.0901978;0.0673127;0.995665 0.0926524 -0.00810966 0.0952816 -0.0928952 0.994952 -0.0379533 -0.12153 0.00455225 0.0385422 0.999247 0.0139979 0 0 0 1 
26456013410126;2.04591;0.0997715;0.957992 0.24437 -0.150114 0.167593 -0.235634 0.969041 0.0737338 -0.141591 0.163485 -0.0352644 0.985915 -0.713759 0 0 0 1 
26456013410127;0.892171;0.243794;0.996564 0.0548075 0.0621002 0.0333294 -0.0548401 0.998494 -0.00118076 0.395616 -0.0620714 -0.00222887 0.998069 -0.165126 0 0 0 1 
26456013410128;1.22747;0.145114;0.998121 0.060642 -0.00878035 -0.122858 -0.0612217 0.992911 -0.101881 0.0907212 0.00253987 0.102227 0.994758 -0.52317 0 0 0 1 
26456013410129;0.476134;0.148684;0.972852 0.127582 0.193087 -0.121089 -0.106513 0.987538 -0.115857 -0.168512 -0.205462 0.0921449 0.974317 -0.0989781 0 0 0 1 
26456013410130;2.09219;0.133616;0.974983 0.197671 0.101656 0.232739 -0.200893 0.979357 0.0223948 0.124426 -0.0951306 -0.0422564 0.994568 0.700377 0 0 0 1 
26456013410131;1.46172;0.104358;0.997867 0.064477 0.0101676 -0.301848 -0.0643754 0.997875 -0.0100171 -0.225683 -0.0107919 0.00934121 0.999898 0.58964 0 0 0 1 
26456013410132;0.769284;0.258951;0.992187 -0.0643881 0.106864 -0.231114 0.0515588 0.991584 0.118752 0.184351 -0.113611 -0.112314 0.987157 0.0726531 0 0 0 1 
26456013410133;1.34603;0.123812;0.999515 -0.0217455 0.02228 -0.0185573 0.0210448 0.999291 0.0312153 0.37755 -0.022943 -0.0307312 0.999264 0.490836 0 0 0 1 
26456013410134;1.62064;0.384057;0.994669 -0.0314315 0.0982171 0.197219 0.0349743 0.99879 -0.0345594 0.325546 -0.0970121 0.0378102 0.994565 -0.787105 0 0 0 1 
26456013410135;0.477389;0.130309;0.993337 0.108695 0.038292 0.0466948 -0.106292 0.992522 -0.0600159 0.0227364 -0.0445291 0.0555459 0.997463 -0.243925 0 0 0 1 
26456013410136;1.0412;0.220172;0.97886 -0.177015 -0.102463 -0.480418 0.177056 0.984162 -0.008768 0.512727 0.102392 -0.00955913 0.994698 0.348498 0 0 0 1 
26456013410137;1.90811;0.237318;0.99589 -0.0886771 0.0184188 -0.0223659 0.0893095 0.995319 -0.0369429 0.0847844 -0.0150566 0.0384361 0.999148 0.883196 0 0 0 1 
26456013410138;0.964836;0.0853584;0.977792 0.198807 -0.0663258 0.0583741 -0.203698 0.975953 -0.0776062 -0.274107 0.0493022 0.0893931 0.994775 0.583248 0 0 0 1 
26456013410139;1.47225;0.285206;0.917744 0.394061 -0.0496242 0.53527 -0.397093 0.912874 -0.0947524 -0.873861 0.00796247 0.106664 0.994263 -0.229038 0 0 0 1 
26456013410140;1.16137;0.266472;0.99265 0.121002 0.00231161 0.264881 -0.120984 0.992632 -0.0066846 -0.537666 -0.00310342 0.0063558 0.999975 0.191585 0 0 0 1 
26456013410141;0.944233;0.0747595;0.991048 0.133496 -0.00144265 -0.0592044 -0.133443 0.990217 -0.0407716 -0.539548 -0.00401429 0.0405991 0.999167 -0.231827 0 0 0 1 
26456013410142;1.84842;0.148533;0.944266 0.180763 -0.275113 -0.693354 -0.229469 0.960669 -0.156394 -0.321265 0.236022 0.210807 0.948606 0.543288 0 0 0 1 
26456013410143;0.46443;0.0991773;0.956517 0.289341 0.0368422 0.035606 -0.291282 0.95414 0.0690761 -0.445447 -0.0151661 -0.076804 0.996931 0.117052 0 0 0 1 
26456013410144;0.759937;0.144774;0.972137 -0.0256769 -0.233001 -0.0304677 -0.0460873 0.953646 -0.29738 0.402231 0.229837 0.299832 0.925892 0.371161 0 0 0 1 
26456013410145;0.437138;0.264011;0.987516 -0.0311937 0.154397 -0.153451 -0.00568986 0.972491 0.232871 0.0244044 -0.157414 -0.230842 0.960173 -0.299863 0 0 0 1 
26456013410146;1.81332;0.450222;0.998681 0.0511224 -0.00484169 -0.263568 -0.0506461 0.996151 0.0715395 0.0535861 0.00848033 -0.0711999 0.997426 0.659243 0 0 0 1 
26456013410147;0.897776;0.354386;0.997529 0.0569535 0.041146 0.247381 -0.0472902 0.977339 -0.206329 -0.0290601 -0.0519648 0.203874 0.977617 0.150137 0 0 0 1 
26456013410148;0.647101;0.282802;0.994994 -0.0972806 -0.0228791 -0.169523 0.0991262 0.989795 0.102372 0.0395613 0.0126868 -0.104127 0.994483 0.195349 0 0 0 1 
26456013410149;0.510162;0.110006;0.886778 0.456309 -0.073532 -0.0342405 -0.461756 0.881586 -0.0979125 -0.562554 0.0201464 0.12078 0.992475 0.125423 0 0 0 1 
26456013410150;1.62937;0.101452;0.943706 -0.0246165 0.329867 -0.0209151 0.144226 0.928066 -0.343354 0.954243 -0.297686 0.371601 0.879372 -0.672956 0 0 0 1 
26456013410151;0.991097;0.194681;0.976595 -0.139737 0.163513 -0.38197 0.169767 0.967565 -0.187076 0.424358 -0.132068 0.210457 0.968641 -0.520991 0 0 0 1 
26456013410152;0.386143;0.0930583;0.996307 0.0820555 -0.025265 0.0227818 -0.0833945 0.994855 -0.0575207 0.0433928 0.0204151 0.0594152 0.998025 -0.0945456 0 0 0 1 
26456013410153;1.24713;0.0824114;0.926999 0.372508 0.0437119 -0.266855 -0.373417 0.927549 0.0145802 -0.296508 -0.0351137 -0.0298386 0.998938 0.324438 0 0 0 1 
26456013410155;0.44177;0.160138;0.986176 0.157413 -0.0517424 0.0032133 -0.165034 0.961057 -0.22166 -0.215974 0.0148353 0.227135 0.97375 0.0379804 0 0 0 1 
26456013410156;0.559197;0.333768;0.997344 -0.0708341 -0.016983 -0.26509 0.068854 0.992848 -0.0975326 0.0568889 0.0237701 0.0961041 0.995087 0.499155 0 0 0 1 
26456013410157;0.798739;0.624508;0.997825 0.0265421 -0.0603423 0.169425 -0.0266709 0.999643 -0.00132936 -0.273046 0.0602855 0.00293586 0.998177 -0.156579 0 0 0 1 
26456013410158;0.506235;0.157838;0.982019 0.165624 0.0905926 0.0901799 -0.147099 0.972105 -0.182683 0.248651 -0.118322 0.166072 0.978989 -0.241901 0 0 0 1 
26456013410159;0.771683;0.320558;0.999014 0.0189553 -0.0401362 0.190147 -0.0274809 0.974221 -0.223917 0.633558 0.0348571 0.224799 0.973781 0.163872 0 0 0 1 
26456013410160;0.731372;0.567045;0.999356 -0.023124 -0.0274228 -0.173597 0.0212894 0.997632 -0.0654047 0.179783 0.0288703 0.0647788 0.997482 -0.52296 0 0 0 1 
26456013410161;0.152345;0.270625;0.998624 -0.0259541 0.0455589 -0.222072 0.0286197 0.997856 -0.0588662 0.00394688 -0.0439334 0.0600891 0.997226 -0.139627 0 0 0 1 
26456013410162;0.843744;0.753911;0.912962 -0.104136 -0.394533 -0.057074 0.0914419 0.994509 -0.0508986 0.539633 0.397667 0.0103917 0.917471 0.825537 0 0 0 1 
26456013410163;0.17304;0.279028;0.990407 -0.0688271 -0.119818 -0.108059 0.0485102 0.985117 -0.164899 0.100977 0.129385 0.157504 0.979006 0.201498 0 0 0 1 
26456013410164;1.05704;0.224897;0.993935 -0.0558573 -0.0947283 -0.0320582 0.0574974 0.998238 0.014672 -0.0608 0.0937418 -0.0200297 0.995395 -0.870786 0 0 0 1 
26456013410165;1.01882;0.986364;0.995625 -0.0681299 -0.0639423 -0.546389 0.0732883 0.993923 0.0821335 0.422351 0.057958 -0.0864605 0.994568 0.106269 0 0 0 1 
26456013410166;0.386158;0.358412;0.966693 -0.0574253 -0.249412 0.112738 -0.0293623 0.943185 -0.330967 0.417379 0.254248 0.327267 0.910085 0.133467 0 0 0 1 
26456013410167;0.362618;0.307812;0.994098 0.0240574 -0.105788 -0.213858 0.0229954 0.906223 0.422173 -0.547696 0.106024 -0.422114 0.900321 0.11427 0 0 0 1 
26456013410168;0.272737;0.35021;0.958472 -0.0533106 -0.28016 -0.0654744 0.054026 0.998526 -0.00517452 -0.185977 0.280023 -0.0101763 0.959939 0.129102 0 0 0 1 
26456013410169;0.677811;0.288457;0.997469 -0.0556345 -0.0442751 -0.232385 0.0548715 0.998326 -0.0182666 -0.292952 0.0452173 0.0157909 0.998852 0.504138 0 0 0 1 
26456013410170;0.704368;0.382076;0.999599 0.026734 -0.00932425 -0.0101743 -0.0265742 0.999505 0.0168548 -0.66243 0.00977023 -0.0166002 0.999814 0.113163 0 0 0 1 
26456013410171;1.02478;0.417223;0.965952 -0.136159 -0.219993 -0.326389 0.148022 0.988243 0.0382915 -0.023653 0.212193 -0.0695515 0.97475 0.00292474 0 0 0 1 
26456013410172;0.366617;0.312082;0.963702 -0.0520548 -0.261855 -0.0203364 0.0676066 0.996421 0.0507309 -0.0878446 0.258277 -0.0665926 0.963773 -0.0675174 0 0 0 1 
26456013410173;0.895873;0.134264;0.98651 0.158653 -0.0403477 -0.431701 -0.157502 0.987054 0.0302756 -0.613918 0.0446286 -0.0235123 0.998727 0.519048 0 0 0 1 
26456013410174;0.457447;0.284294;0.999218 -0.0373242 0.0130727 -0.312098 0.0378808 0.998255 -0.0452917 0.188031 -0.0113594 0.0457515 0.998888 0.0364337 0 0 0 1 
26456013410175;0.623034;0.268614;0.997136 -0.0297846 -0.0695199 -0.137507 0.0311111 0.999352 0.0180767 -0.035371 0.0689365 -0.0201877 0.997417 -0.488634 0 0 0 1 
26456013410176;0.235307;0.22476;0.989102 -0.0526891 -0.137479 -0.126231 0.0520721 0.998611 -0.00808352 0.0746525 0.137714 0.000836628 0.990472 0.101199 0 0 0 1 
26456013410177;0.877512;0.337221;0.999546 0.0289665 0.00825956 0.0971455 -0.028865 0.999509 -0.0121498 0.614227 -0.00860744 0.0119059 0.999892 0.0550425 0 0 0 1 
26456013410178;0.197683;0.219346;0.997877 -0.0410808 -0.0505305 -0.226202 0.0408648 0.999151 -0.00529914 0.0868242 0.0507052 0.00322297 0.998708 -0.0378452 0 0 0 1 
26456013410179;0.15124;0.25925;0.997737 -0.0177348 0.064856 -0.22785 0.00927373 0.991666 0.128504 -0.120618 -0.0665945 -0.127612 0.989586 0.019025 0 0 0 1 
26456013410180;0.554153;0.535483;0.999738 0.00880073 0.0211301 -0.0691056 -0.00431848 0.979073 -0.203464 0.297832 -0.0224786 0.203319 0.978854 -0.00874318 0 0 0 1 
26456013410181;0.475904;0.303046;0.999415 -0.014568 0.0309519 -0.283034 0.00375303 0.946023 0.324079 -0.726229 -0.0340023 -0.323773 0.945524 -0.0546968 0 0 0 1 
26456013410182;0.72307;0.211302;0.991614 -0.107545 0.0716631 -0.670227 0.115368 0.986543 -0.11586 0.173416 -0.0582386 0.123156 0.990677 0.240494 0 0 0 1 
26456013410183;0.714484;0.168659;0.998601 0.0495015 0.0185653 -0.270896 -0.0386859 0.923526 -0.381579 0.107039 -0.0360343 0.380328 0.92415 0.443358 0 0 0 1 
26456013410184;0.435457;0.340671;0.99974 0.0117658 0.0195405 -0.0454991 -0.0106682 0.99841 -0.0553511 0.200415 -0.0201607 0.0551282 0.998276 -0.199561 0 0 0 1 
26456013410186;2.57906;2.92393;0.938618 0.321188 -0.125832 0.340648 -0.323535 0.946214 0.00188068 -0.794256 0.119668 0.0389458 0.99205 -0.315468 0 0 0 1 
26456013410187;0.634766;1.23494;0.814802 -0.570671 0.102144 0.452708 0.578412 0.788296 -0.209831 1.2519 0.0392243 0.230052 0.972388 -0.159497 0 0 0 1 
26456013410188;1.09866;2.21521;0.838451 -0.454733 -0.300363 1.08986 0.518851 0.834673 0.184702 0.581594 0.166715 -0.310708 0.935771 0.0591791 0 0 0 1 
26456013410189;0.60767;0.985064;0.908417 -0.41117 -0.075612 0.245414 0.404613 0.910199 -0.0884642 0.781627 0.105196 0.0497688 0.993205 0.0726382 0 0 0 1 
26456013410190;1.29465;1.44299;0.674812 -0.737986 -0.00217289 0.238547 0.73718 0.674207 -0.0448446 1.55282 0.0345597 0.0286599 0.998992 0.393787 0 0 0 1 
26456013410191;1.28532;1.5304;0.80771 -0.580665 0.102134 0.254345 0.588376 0.804937 -0.0767452 0.753578 -0.0376485 0.122081 0.991806 -0.389032 0 0 0 1 
26456013410192;1.88351;3.68025;0.84819 0.528983 -0.0274038 1.41051 -0.322593 0.556908 0.765367 -0.44754 0.420128 -0.640337 0.64301 1.44096 0 0 0 1 
26456013410193;1.11745;1.49322;0.86691 -0.475499 -0.149559 0.422598 0.4812 0.876608 0.00220989 1.0199 0.130054 -0.0738837 0.98875 -0.126958 0 0 0 1 
26456013410194;2.37375;2.05044;0.825484 -0.563814 0.0262665 1.27082 0.564241 0.82313 -0.0639416 0.55559 0.0144304 0.0676034 0.997608 -0.30957 0 0 0 1 
26456013410195;1.70586;1.39196;0.780936 -0.613886 0.115251 0.403152 0.624605 0.766728 -0.148314 1.29938 0.00268218 0.18781 0.982202 -0.70276 0 0 0 1 
26456013410196;0.514644;1.94145;0.87969 -0.474956 0.0237218 0.726124 0.472616 0.878708 0.0671289 0.818194 -0.0527278 -0.0478413 0.997462 0.103315 0 0 0 1 
26456013410197;2.7645;2.37092;0.607514 -0.556536 0.566741 -0.542529 0.649191 0.759016 0.0494535 1.11713 -0.457688 0.337879 0.822411 -0.294623 0 0 0 1 
26456013410198;2.3433;1.58969;0.818076 -0.574282 -0.0308573 1.05651 0.574232 0.818614 -0.0113138 0.452058 0.0317575 -0.00846374 0.99946 0.173525 0 0 0 1 
26456013410199;2.04036;0.999228;0.823486 -0.549456 -0.141315 0.609344 0.531959 0.834381 -0.144318 1.08699 0.197207 0.0436703 0.979389 -0.439473 0 0 0 1 
26456013410200;2.25828;2.09615;0.476092 -0.684813 0.551695 -0.423811 0.699055 0.675339 0.235032 1.58688 -0.533534 0.273768 0.800245 -0.782669 0 0 0 1 
26456013410201;2.32984;1.17662;0.513137 -0.813342 0.274162 -1.19718 0.84907 0.527758 -0.0234937 1.5202 -0.125583 0.244838 0.961397 -0.246166 0 0 0 1 
26456013410202;0.574695;1.54765;0.760406 -0.644521 0.0798437 0.23529 0.645879 0.763361 0.0109299 1.18329 -0.0679941 0.0432582 0.996747 -0.00677113 0 0 0 1 
26456013410203;2.04835;2.06273;0.789364 -0.610954 0.0603341 1.20991 0.54311 0.740752 0.395371 0.333896 -0.286246 -0.279323 0.916538 -0.00872673 0 0 0 1 
26456013410204;0.669991;2.59895;0.990774 0.120699 0.0616271 0.827714 -0.133664 0.945351 0.297397 -0.301345 -0.0223638 -0.302891 0.952763 -0.0546263 0 0 0 1 
26456013410205;0.908947;1.65979;0.821182 -0.567175 0.0630287 0.221455 0.568194 0.822892 0.00211809 1.21933 -0.0530671 0.0340731 0.998009 -0.16937 0 0 0 1 
26456013410206;1.79634;2.72277;0.964172 0.149272 -0.219294 0.477065 -0.0570216 0.923956 0.378225 -0.457724 0.259076 -0.35217 0.899364 0.394842 0 0 0 1 
26456013410207;0.232642;1.15817;0.772627 -0.634777 0.0103125 0.218844 0.634385 0.772574 0.0261699 1.13056 -0.0245792 -0.0136774 0.999604 -0.111908 0 0 0 1 
26456013410208;2.37807;1.10403;0.943943 -0.231448 0.235378 -0.028175 0.24429 0.969339 -0.0265275 0.533186 -0.222022 0.082541 0.971542 -1.13662 0 0 0 1 
26456013410209;2.64335;1.5164;0.770481 -0.637443 0.00505914 1.23056 0.629664 0.762268 0.149901 0.514034 -0.0994098 -0.112311 0.988688 -0.263319 0 0 0 1 
26456013410210;2.26073;2.55431;0.772761 -0.55807 0.302323 -0.0640665 0.633237 0.710195 -0.307625 1.65447 -0.0430319 0.429163 0.902202 -0.114858 0 0 0 1 
26456013410211;1.42407;0.847416;0.766829 -0.619549 0.16773 -0.135198 0.624829 0.780337 0.0257568 1.4314 -0.146844 0.0850516 0.985496 -0.437973 0 0 0 1 
26456013410212;1.48789;2.1285;0.826621 -0.544464 -0.142328 0.417667 0.530957 0.838368 -0.123382 0.784601 0.186501 0.0264198 0.9821 0.0425538 0 0 0 1 
26456013410213;1.60061;1.15996;0.603272 -0.785053 0.140549 -0.657016 0.789227 0.562272 -0.246924 2.01745 0.114822 0.259887 0.958788 0.103938 0 0 0 1 
26456013410214;1.7042;1.28628;0.76366 -0.645236 -0.0222303 -0.107089 0.638875 0.760199 -0.118054 1.55828 0.093072 0.0759506 0.992758 0.406031 0 0 0 1 
26456013410215;0.754244;2.93101;0.888076 -0.400356 0.225913 0.995359 0.435896 0.889473 -0.137231 1.13617 -0.146002 0.220346 0.964433 -0.454535 0 0 0 1 
26456013410217;1.32332;1.80399;0.989 0.0993537 -0.109579 -0.0347578 -0.117095 0.978529 -0.169617 -0.120254 0.0903745 0.180583 0.979399 -0.165547 0 0 0 1 
26456013410218;1.34012;1.78662;0.999305 0.0116196 0.0354107 -0.0823112 -0.0217606 0.953286 0.301284 -0.253036 -0.0302558 -0.301845 0.952877 -0.0645101 0 0 0 1 
26456013410219;0.65608;0.54902;0.970491 0.230117 0.0720634 -0.18052 -0.214242 0.959999 -0.180283 0.0823158 -0.110667 0.159524 0.980971 -0.175122 0 0 0 1 
26456013410220;1.46371;1.31671;0.996156 0.0426441 0.0765115 -0.0785539 -0.0489728 0.995359 0.0828426 0.0426558 -0.0726236 -0.0862711 0.993621 0.0350654 0 0 0 1 
26456013410221;1.60635;1.86865;0.999027 -0.0394485 -0.0197138 -0.0353033 0.0429764 0.97115 0.234565 -0.00693639 0.00989178 -0.235184 0.9719 0.079473 0 0 0 1 
26456013410222;2.32392;0.574932;0.993126 -0.0941939 0.0694825 0.0704558 0.111892 0.938259 -0.327338 0.0561803 -0.0343594 0.332862 0.942349 -0.937387 0 0 0 1 
26456013410223;1.20647;1.02994;0.997248 0.0700102 0.024392 -0.0256969 -0.0721871 0.991925 0.104281 0.143228 -0.0168943 -0.105754 0.994249 0.0711451 0 0 0 1 
26456013410224;0.781646;0.0886986;0.953565 0.139353 0.26701 -0.355006 -0.192215 0.964083 0.183294 -0.217767 -0.231878 -0.226106 0.946102 -0.334926 0 0 0 1 
26456013410225;1.91639;0.855008;0.97602 0.161045 -0.146456 0.244464 -0.0675318 0.86362 0.4996 -0.9309 0.20694 -0.477729 0.853786 0.0542935 0 0 0 1 
26456013410226;0.740714;0.450228;0.978837 0.193934 0.065335 -0.19025 -0.18617 0.976432 -0.109185 0.134616 -0.0849698 0.0947105 0.991872 -0.111987 0 0 0 1 
26456013410227;0.854149;0.799237;0.994363 -0.0976957 0.0412134 -0.0115534 0.0981587 0.995127 -0.00935762 0.0361513 -0.0400984 0.0133503 0.999107 -0.021826 0 0 0 1 
26456013410228;0.477964;0.139594;0.968073 -0.0950388 -0.231952 0.170025 0.0382197 0.970482 -0.238127 0.319671 0.247736 0.221659 0.94313 0.045404 0 0 0 1 
26456013410229;0.488387;0.0994032;0.899564 -0.209891 -0.383054 0.35555 0.273132 0.954673 0.118319 -0.00154537 0.340857 -0.211059 0.916117 0.348055 0 0 0 1 
26456013410230;0.907029;0.0836095;0.992423 0.119699 -0.0277362 0.00478606 -0.118464 0.992046 0.0425559 0.0985227 0.0326095 -0.0389477 0.998709 -0.228779 0 0 0 1 
26456013410231;2.37848;0.0762241;0.973579 -0.136078 -0.183374 0.330773 0.190392 0.9271 0.322855 -0.418903 0.126073 -0.349238 0.928514 -0.640683 0 0 0 1 
26456013410232;0.758672;0.2623;0.99641 0.0846535 0.000121377 0.106012 -0.0845187 0.994741 0.0578551 -0.1412 0.0047769 -0.0576577 0.998325 -0.161085 0 0 0 1 
26456013410233;0.876115;0.0817654;0.998916 -0.0464508 0.00287832 0.0340616 0.0462603 0.997784 0.0478253 0.348184 -0.00509346 -0.0476403 0.998852 0.0731777 0 0 0 1 
26456013410234;0.436918;0.0581011;0.986967 0.154289 0.0457378 -0.119969 -0.16089 0.940071 0.300633 -0.424858 0.00338773 -0.304074 0.952642 0.307806 0 0 0 1 
26456013410235;0.42537;0.0647969;0.931163 -0.017815 0.364166 -0.36711 0.0606455 0.99246 -0.106518 0.07549 -0.359523 0.121271 0.925223 -0.353401 0 0 0 1 
26456013410236;1.61117;1.03425;0.992543 0.0849879 0.0873758 -0.18497 -0.121385 0.623873 0.772042 -1.10714 0.0111029 -0.776891 0.629537 0.344296 0 0 0 1 
26456013410237;1.76467;1.1454;0.979122 0.116744 0.166404 -0.0262271 -0.160786 0.94566 0.282623 -0.148842 -0.124367 -0.303478 0.944687 -0.0473486 0 0 0 1 
26456013410238;1.19544;0.0742769;0.922098 0.377321 -0.0858169 0.136342 -0.326412 0.877562 0.351197 -0.414371 0.207824 -0.295826 0.93236 -0.0274426 0 0 0 1 
26456013410239;0.73293;0.145636;0.900287 -0.35905 -0.246103 0.262352 0.371924 0.928242 0.00630994 0.316687 0.226177 -0.0972123 0.969223 0.00889229 0 0 0 1 
26456013410240;1.79116;2.1532;0.965244 0.226172 -0.130961 -0.160958 -0.232273 0.972086 -0.0331473 -0.10067 0.119808 0.0624138 0.990833 0.00290423 0 0 0 1 
26456013410241;1.92987;0.885879;0.9978 0.0475925 0.0461545 0.35295 -0.0459349 0.998283 -0.036335 -0.0824648 -0.0478045 0.034135 0.998273 0.133445 0 0 0 1 
26456013410242;1.40722;0.0697571;0.938177 0.276381 0.208416 -0.284464 -0.337615 0.863507 0.374662 -0.418084 -0.0764193 -0.421864 0.903433 -0.371951 0 0 0 1 
26456013410243;0.583238;0.0781036;0.925947 -0.326812 0.189251 -0.196855 0.354985 0.924199 -0.140863 0.357743 -0.12887 0.197613 0.971772 -0.264863 0 0 0 1 
26456013410244;0.533279;0.0637686;0.995762 0.0581185 0.0712704 -0.0619903 -0.0582668 0.998301 7.47484e-07 0.0139221 -0.0711492 -0.00415344 0.997457 0.156619 0 0 0 1 
26456013410245;0.736282;0.081263;0.97018 -0.169458 0.173305 -0.280059 0.204589 0.955922 -0.210611 0.28957 -0.129976 0.239787 0.962085 0.0826552 0 0 0 1 
26456013410246;1.05866;0.798736;0.997047 -0.0764308 -0.00740199 0.0480713 0.0732629 0.975714 -0.206432 0.140038 0.023 0.20528 0.978433 -0.169685 0 0 0 1 
26456013410248;1.23759;0.456166;0.940253 -0.180008 -0.289 -0.101553 0.226745 0.964256 0.137105 -0.0357557 0.25399 -0.194442 0.947461 1.11871 0 0 0 1 
26456013410249;1.46586;0.376541;0.783822 0.542159 0.302799 -0.546098 -0.601896 0.78326 0.155641 -0.880141 -0.152788 -0.304249 0.94026 0.598035 0 0 0 1 
26456013410250;0.412958;0.39576;0.990108 -0.119945 -0.0727994 -0.284786 0.108235 0.983092 -0.1477 0.257583 0.0892844 0.13836 0.986349 0.211174 0 0 0 1 
26456013410251;1.34871;0.351943;0.98244 0.176844 0.0594842 -0.176211 -0.173341 0.983052 -0.059688 -0.316904 -0.0690315 0.0483288 0.996443 0.760788 0 0 0 1 
26456013410252;1.49487;0.910556;0.984619 -0.0827187 -0.153892 0.056491 0.163277 0.7491 0.64202 -0.664773 0.0621732 -0.657272 0.751085 -0.300971 0 0 0 1 
26456013410253;0.288077;0.372368;0.966084 0.256209 -0.0322382 -0.163847 -0.257834 0.963966 -0.065511 -0.540777 0.014292 0.0716012 0.997331 -0.197075 0 0 0 1 
26456013410254;0.399182;0.325555;0.933523 0.344452 0.0994309 -0.379384 -0.338302 0.938143 -0.0737516 -0.478028 -0.118684 0.0352112 0.992308 -0.34844 0 0 0 1 
26456013410255;1.26559;0.651307;0.989301 0.145759 0.00622404 -0.340435 -0.144066 0.982758 -0.115899 -0.142331 -0.02301 0.113762 0.993242 0.683506 0 0 0 1 
26456013410256;0.836061;0.757693;0.939729 0.328901 -0.0934544 -0.0396591 -0.333123 0.94229 -0.0334333 -0.3104 0.0770649 0.06255 0.995062 -0.0542202 0 0 0 1 
26456013410257;1.31918;0.663321;0.963271 0.235625 -0.128803 -0.501061 -0.219125 0.966974 0.130176 -0.925667 0.155222 -0.0971711 0.983089 -0.0594665 0 0 0 1 
26456013410258;1.48742;0.421169;0.959478 0.257169 0.115179 0.389399 -0.198186 0.906445 -0.372934 -0.563936 -0.20031 0.334995 0.920681 0.308307 0 0 0 1 
26456013410259;1.01942;0.352575;0.861962 0.502735 -0.0654136 -0.803818 -0.495032 0.862464 0.105354 -0.469373 0.109382 -0.0584297 0.992281 0.228906 0 0 0 1 
26456013410260;0.460663;0.485706;0.976278 0.102049 -0.190966 -0.170228 -0.00387692 0.890066 0.455816 -0.304843 0.216488 -0.444262 0.869347 0.55057 0 0 0 1 
26456013410261;1.44656;0.4891;0.898652 0.293433 -0.32607 0.638985 -0.344024 0.93263 -0.10885 -0.356029 0.272163 0.209994 0.939058 0.809845 0 0 0 1 
