#;prob_registration_l1 -r /home/probabilistic_point_clouds_registration/build/tester /home/point_clouds_registration_benchmark//devel/registration_pairs/p2at_met_local.txt /home/point_clouds_registration_benchmark//planetary/p2at_met -s 0.2 -t 0.2 -p 0.3 -r 1000 -m 10 -i 40 
id;initial_error;final_error;transformation
27844314100000;0.368279;0.345872;0.999462 0.00287299 0.032684 0.213252 -0.00736377 0.990388 0.138123 -0.115138 -0.031973 -0.13829 0.989876 -8.26959 0 0 0 1 
27844314100001;0.325629;0.147992;0.987596 0.0285941 -0.154389 0.827039 0.000375203 0.982845 0.184432 -0.288372 0.157014 -0.182202 0.970644 -7.73446 0 0 0 1 
27844314100002;0.342132;0.12602;0.931674 -0.0367951 0.361426 -2.45831 -0.0681907 0.959464 0.273459 -2.96239 -0.356837 -0.27942 0.891399 -24.6835 0 0 0 1 
27844314100003;0.135271;0.12369;0.995087 -0.010099 0.0984896 -0.349141 -0.00714023 0.984873 0.173129 -0.316304 -0.0987482 -0.172981 0.979962 -12.536 0 0 0 1 
27844314100004;0.89077;0.701812;0.98566 0.0417221 -0.163505 1.53594 0.00153729 0.966691 0.255941 -0.937755 0.168737 -0.252522 0.952764 -12.2262 0 0 0 1 
27844314100005;0.300669;0.260174;0.934889 0.0479103 -0.351692 0.028092 -0.00292552 0.991855 0.127342 -0.0368476 0.354928 -0.118021 0.927414 1.11278 0 0 0 1 
27844314100006;0.461976;0.409546;0.999885 0.0143781 0.0049155 0.931573 -0.0145366 0.99932 0.0338861 -0.172407 -0.00442494 -0.0339536 0.999414 -1.93188 0 0 0 1 
27844314100007;1.17629;1.00759;0.999414 0.0157473 0.0303965 0.992259 -0.0183675 0.995956 0.0879416 -0.244741 -0.0288888 -0.0884483 0.995662 -4.53221 0 0 0 1 
27844314100008;0.519074;0.422954;0.999907 0.0125392 0.00529563 0.759229 -0.012719 0.999292 0.0354111 -0.220492 -0.00484785 -0.0354752 0.999359 -1.56922 0 0 0 1 
27844314100009;0.482706;0.467758;0.993144 -0.0140452 0.116048 -0.677715 0.0196698 0.998679 -0.0474665 0.228502 -0.115228 0.0494237 0.992109 0.139462 0 0 0 1 
27844314100010;0.848926;0.0736873;0.999036 0.0261634 -0.0352506 1.58909 -0.0197078 0.984827 0.172414 -0.746344 0.0392267 -0.171553 0.984394 -11.279 0 0 0 1 
27844314100011;0.370547;0.290378;0.981069 -0.000597975 -0.193658 -1.21911 -0.0109869 0.998213 -0.0587421 -0.610414 0.193347 0.0597578 0.979309 8.45817 0 0 0 1 
27844314100012;1.02719;0.403056;0.991486 0.00596101 -0.130073 -0.502004 -0.0116894 0.998993 -0.0433209 -0.45683 0.129684 0.0444726 0.990558 7.87686 0 0 0 1 
27844314100013;0.818365;0.718077;0.998759 0.0201558 -0.0455332 1.1139 -0.0156698 0.995179 0.0968139 -0.41902 0.0472651 -0.0959803 0.99426 -5.36124 0 0 0 1 
27844314100014;0.722224;0.283417;0.998378 0.00122135 -0.0569252 0.007352 -0.000871222 0.999981 0.00617504 -0.021632 0.0569317 -0.00611543 0.998359 -0.844476 0 0 0 1 
27844314100015;1.11358;0.63152;0.999525 -0.00114878 -0.0308035 0.10546 0.000384414 0.999692 -0.0248087 -0.120772 0.0308225 0.0247851 0.999218 -0.30438 0 0 0 1 
27844314100016;0.370882;0.0651058;0.992582 -0.0176052 0.120295 -0.83108 0.0659765 0.90909 -0.411342 -5.15617 -0.102117 0.416227 0.903508 21.7473 0 0 0 1 
27844314100017;0.341055;0.248744;0.995537 1.74687e-05 -0.0943725 -0.519307 0.00350864 0.999302 0.0371977 0.314106 0.0943072 -0.0373628 0.994842 0.121708 0 0 0 1 
27844314100018;0.853373;0.275115;0.999559 0.00670757 0.0289193 0.587315 -0.00677854 0.999974 0.00235668 -0.098305 -0.0289027 -0.00255167 0.999579 -2.96663 0 0 0 1 
27844314100019;0.871961;0.0881502;0.999971 0.00549022 0.00534579 0.524069 -0.00535217 0.99966 -0.0255037 -0.174487 -0.005484 0.0254744 0.99966 -0.989317 0 0 0 1 
27844314100020;0.613803;0.621698;0.996535 0.0261216 -0.0789671 1.16063 -0.00712253 0.972718 0.231882 -0.779466 0.0828699 -0.230516 0.969533 -11.9901 0 0 0 1 
27844314100021;0.300355;0.0787978;0.948234 -0.0184701 -0.317034 -3.40083 -0.000921779 0.998143 -0.0609079 -0.375615 0.31757 0.0580472 0.946456 10.8824 0 0 0 1 
27844314100022;0.628187;0.0718146;0.99996 0.00549405 0.00709714 0.477697 -0.00533837 0.999749 -0.0217721 -0.187895 -0.00721497 0.0217333 0.999738 -0.611828 0 0 0 1 
27844314100023;0.278091;0.0881704;0.996391 0.00675244 0.0846132 0.604597 -0.00311496 0.999068 -0.0430479 -0.285816 -0.0848251 0.042629 0.995484 -0.239874 0 0 0 1 
27844314100024;0.416131;0.28739;0.969074 -0.000446357 -0.246771 -1.45063 -0.00917819 0.999241 -0.0378503 -0.270643 0.246601 0.0389446 0.968334 7.26101 0 0 0 1 
27844314100025;0.365706;0.32808;0.992011 -0.00662783 -0.125976 -0.963768 0.00642872 0.999977 -0.00198701 0.187403 0.125987 0.00116127 0.992031 2.6102 0 0 0 1 
27844314100026;0.38807;0.182069;0.983208 -0.00854646 0.18229 -0.372599 -0.000292161 0.998828 0.0484047 0.00557466 -0.18249 -0.0476451 0.982053 -7.91688 0 0 0 1 
27844314100027;0.827287;0.734915;0.980739 -0.0219726 -0.194085 -2.38045 -0.00351658 0.991505 -0.130019 -1.10889 0.195293 0.128198 0.97233 11.6843 0 0 0 1 
27844314100028;0.216847;0.17063;0.993603 -0.0175598 0.111557 -0.869016 0.03164 0.99156 -0.125729 -0.0974276 -0.108408 0.128454 0.985772 4.96241 0 0 0 1 
27844314100029;0.528223;0.391854;0.997053 0.00746041 0.0763579 0.74298 -0.00589199 0.999767 -0.020745 -0.210071 -0.076495 0.020234 0.996865 -1.32335 0 0 0 1 
27844314100031;1.32944;0.667689;0.999753 -0.0167041 -0.0146898 -0.132763 0.0166401 0.999852 -0.00446938 0.053702 0.0147623 0.00422383 0.999882 2.62726 0 0 0 1 
27844314100032;1.35252;0.951662;0.950413 0.0514223 -0.306711 -1.2464 0.043381 0.954671 0.294484 1.49906 0.307951 -0.293186 0.905101 6.20565 0 0 0 1 
27844314100033;0.908498;0.515716;0.974526 0.0220667 -0.223187 -0.954014 0.0310963 0.972241 0.231905 1.13234 0.222109 -0.232938 0.946788 4.97908 0 0 0 1 
27844314100034;0.315932;0.273126;0.999946 0.00905145 0.00514718 -0.0780749 -0.00913755 0.999814 0.0169574 -0.152406 -0.00499274 -0.0170035 0.999843 -0.158594 0 0 0 1 
27844314100035;0.38412;0.167398;0.999559 -0.00436918 -0.029386 0.0462739 0.00301103 0.998932 -0.046104 -0.133591 0.029556 0.0459952 0.998504 -0.472303 0 0 0 1 
27844314100036;0.255516;0.14919;0.996892 0.0225517 0.075478 -0.0426771 -0.0350391 0.985086 0.168458 -0.0833168 -0.0705533 -0.170579 0.982815 -0.130495 0 0 0 1 
27844314100037;0.704806;0.449224;0.999627 -0.0211765 0.0172445 0.175852 0.023444 0.989277 -0.144155 -0.0897683 -0.0140069 0.144506 0.989405 0.195695 0 0 0 1 
27844314100038;1.02577;0.662478;0.996436 0.0116264 0.083552 0.0544839 -0.00895371 0.999438 -0.0322923 0.0480706 -0.0838805 0.0314291 0.99598 0.663933 0 0 0 1 
27844314100039;0.646323;0.225484;0.998352 -0.0100092 0.0565057 0.028208 0.02168 0.977483 -0.209898 -0.158114 -0.0531324 0.210778 0.976089 0.123573 0 0 0 1 
27844314100040;0.526776;0.390287;0.957652 0.00858341 0.287799 -0.276805 0.00136339 0.999409 -0.0343434 -0.285225 -0.287923 0.0332815 0.957075 -4.02423 0 0 0 1 
27844314100041;0.240913;0.189914;0.986782 -0.0278032 -0.159649 -0.19738 0.0183655 0.998012 -0.0602897 0.0206419 0.161008 0.0565608 0.985331 1.88396 0 0 0 1 
27844314100042;1.10623;0.769331;0.999679 -0.00910508 -0.0236586 0.113378 0.0103024 0.998646 0.0509902 -0.226344 0.0231623 -0.0512176 0.998419 -0.883719 0 0 0 1 
27844314100043;0.537176;0.444101;0.951968 0.0210488 0.305473 -0.296096 -0.106832 0.957776 0.266931 -0.996048 -0.286957 -0.286744 0.914021 -3.40107 0 0 0 1 
27844314100044;0.682374;0.392275;0.991036 -0.00518293 0.133493 0.22173 0.0237326 0.990184 -0.137744 0.00185313 -0.131469 0.139677 0.981431 -1.08747 0 0 0 1 
27844314100045;0.577329;0.350859;0.996634 -0.0150615 -0.0805865 -0.0544784 0.0112281 0.998793 -0.0478124 0.189036 0.0812094 0.0467466 0.9956 -0.0341771 0 0 0 1 
27844314100046;0.842689;0.607003;0.978223 0.0228535 -0.206293 -0.767795 0.00587558 0.990472 0.137588 -0.0297086 0.207471 -0.135804 0.968769 3.4648 0 0 0 1 
27844314100047;0.331521;0.330187;0.999713 0.0036966 0.023663 -0.0183857 -0.00304911 0.999622 -0.027341 -0.0466664 -0.0237551 0.027261 0.999346 -0.258338 0 0 0 1 
27844314100048;0.326512;0.233968;0.999705 -0.00522841 0.0237033 0.116963 0.00663415 0.998199 -0.0596204 -0.0115588 -0.0233489 0.05976 0.99794 -0.0604829 0 0 0 1 
27844314100049;0.286094;0.158661;0.987179 0.00470922 -0.159546 -0.375209 0.000803248 0.999405 0.0344688 -0.0203196 0.159614 -0.034155 0.986589 1.62271 0 0 0 1 
27844314100050;1.23172;0.850943;0.999823 0.00346739 -0.0185087 -0.192002 -0.00314242 0.999841 0.0175583 0.340062 0.0185667 -0.017497 0.999675 1.83023 0 0 0 1 
27844314100051;0.428034;0.168772;0.999729 -0.00290496 -0.0230938 -0.0436897 0.00251346 0.999853 -0.0169637 -0.0120198 0.0231397 0.0169011 0.999589 1.11288 0 0 0 1 
27844314100052;1.33827;0.907096;0.99955 -0.00784725 -0.0289438 0.229849 0.011199 0.993007 0.117525 -0.195203 0.0278191 -0.117796 0.992648 -1.02505 0 0 0 1 
27844314100053;1.32669;0.777648;0.97053 -0.00453253 0.240936 0.266991 -0.0322967 0.988356 0.14869 -0.340638 -0.238804 -0.152089 0.959084 -0.312622 0 0 0 1 
27844314100054;0.560805;0.21928;0.990635 -0.0025973 0.13651 0.0720591 -0.00440448 0.998691 0.0509642 -0.224421 -0.136464 -0.0510882 0.989327 -0.426059 0 0 0 1 
27844314100055;0.956315;0.834322;0.999173 -0.00118578 0.0406364 0.0449956 0.00367809 0.998112 -0.0613123 0.175311 -0.040487 0.061411 0.997291 0.297797 0 0 0 1 
27844314100056;1.36899;1.02911;0.998139 -0.0160956 0.0588147 0.194841 0.0234127 0.991764 -0.125923 -0.231581 -0.0563034 0.127066 0.990295 0.029588 0 0 0 1 
27844314100057;0.0905846;0.0468523;0.990791 -0.00266316 0.135371 0.00714371 0.00359562 0.999971 -0.00664419 -0.0432453 -0.135349 0.00706975 0.990773 -1.64782 0 0 0 1 
27844314100058;0.707405;0.209641;0.999776 0.0174837 0.0119395 0.0647452 -0.0174724 0.999847 -0.00104922 -0.0242515 -0.0119561 0.000840369 0.999928 -1.48337 0 0 0 1 
27844314100059;0.65531;0.202849;0.892335 0.00677646 0.451322 -1.20093 -0.0622331 0.992185 0.108147 -0.874357 -0.447062 -0.124591 0.885783 -6.20711 0 0 0 1 
27844314100060;1.27536;0.449876;0.981596 0.0159575 0.190302 0.0513377 -0.00467244 0.998211 -0.0596023 -0.647316 -0.190913 0.0576162 0.979915 -4.86102 0 0 0 1 
27844314100062;0.6633;0.491733;0.999973 -0.0073831 -0.000220149 -0.198566 0.0073709 0.999363 -0.0349311 -0.00470345 0.000477909 0.0349286 0.99939 0.511657 0 0 0 1 
27844314100063;1.6099;0.0957784;0.994404 0.00912953 -0.105249 0.298668 -0.010336 0.999887 -0.010923 -0.117175 0.105137 0.0119497 0.994386 -0.418464 0 0 0 1 
27844314100064;1.94982;1.80102;0.998605 0.00139032 0.0527777 0.133498 0.00104807 0.998934 -0.0461454 -0.0112776 -0.0527856 0.0461363 0.99754 1.34415 0 0 0 1 
27844314100065;1.77485;0.759909;0.989152 0.0264652 0.144494 1.04612 -0.0814112 0.917524 0.389258 -3.04781 -0.122275 -0.396799 0.909725 -15.9419 0 0 0 1 
27844314100066;1.08018;0.524342;0.997423 0.0142691 0.0703118 0.778322 -0.0182252 0.998267 0.0559498 -0.222908 -0.0693916 -0.0570871 0.995955 -3.93214 0 0 0 1 
27844314100067;1.0783;0.513709;0.999481 -0.00515435 0.0318082 -0.17727 0.00472232 0.999896 0.0136426 0.167193 -0.0318752 -0.0134853 0.999401 0.370734 0 0 0 1 
27844314100068;0.329721;0.296404;0.999884 0.0129379 0.00802987 0.425727 -0.0131439 0.999571 0.0261598 -0.0615935 -0.00768798 -0.0262623 0.999626 -1.06322 0 0 0 1 
27844314100069;0.992581;0.825142;0.917686 -0.0127142 0.397103 -0.0922247 0.0409991 0.997182 -0.0628197 0.248586 -0.395186 0.0739296 0.915621 -4.0411 0 0 0 1 
27844314100070;1.68809;1.13141;0.999746 0.00453949 -0.0220697 -0.0901173 -0.00401062 0.999705 0.0239491 0.0146503 0.022172 -0.0238545 0.99947 1.28587 0 0 0 1 
27844314100071;2.20263;0.94267;0.987035 0.0378783 -0.155972 0.985724 0.00319096 0.966931 0.255016 -0.601819 0.160474 -0.252208 0.954274 -8.16298 0 0 0 1 
27844314100072;0.844195;0.197649;0.918906 -0.028618 -0.393438 -3.27834 -0.0234429 0.991641 -0.126883 -1.00401 0.39378 0.125817 0.910553 9.96814 0 0 0 1 
27844314100073;1.02691;0.525876;0.999367 0.0103668 0.034042 0.213708 -0.0158183 0.986332 0.164009 0.115655 -0.0318765 -0.164444 0.985871 -4.342 0 0 0 1 
27844314100074;0.384882;0.340956;0.998287 0.00565793 0.0582282 0.301547 -0.0153217 0.985857 0.166887 -0.110747 -0.0564604 -0.167494 0.984255 -6.10351 0 0 0 1 
27844314100075;1.31596;0.604105;0.997847 0.00107498 -0.065575 0.0831093 -0.00307021 0.999535 -0.0303336 -0.0913231 0.0655119 0.0304696 0.997386 0.227943 0 0 0 1 
27844314100076;1.20785;1.1757;0.999913 -0.00144328 0.0130941 -0.0121353 0.00120058 0.999828 0.0185236 0.109345 -0.0131186 -0.0185063 0.999743 -0.752073 0 0 0 1 
27844314100077;1.66098;0.442767;0.998033 0.0206272 -0.0592044 0.71653 -0.015711 0.996481 0.0823334 -0.253978 0.0606944 -0.0812413 0.994845 -3.8192 0 0 0 1 
27844314100078;1.89852;1.66038;0.999996 -0.000829328 -0.00253104 0.0447308 0.000813234 0.999979 -0.00635318 0.120896 0.00253626 0.0063511 0.999977 -0.804735 0 0 0 1 
27844314100079;1.7021;1.53271;0.996489 0.00466532 0.0835978 0.37517 -0.0141688 0.993442 0.113452 -0.0929735 -0.0825203 -0.114238 0.99002 -3.88219 0 0 0 1 
27844314100080;1.10438;0.479775;0.97213 -0.0101424 0.234224 -0.139542 -0.00829575 0.99695 0.077601 -0.0444533 -0.234297 -0.0773813 0.969081 -6.92125 0 0 0 1 
27844314100081;0.430079;0.410075;0.999976 -0.0068869 0.0005067 -0.232571 0.00689172 0.999924 -0.0102411 0.105181 -0.000436132 0.0102444 0.999947 0.312888 0 0 0 1 
27844314100082;1.95213;1.45879;0.999212 0.0208534 0.0337738 0.562235 -0.0312737 0.937588 0.346338 -0.834406 -0.0244436 -0.347121 0.937502 -9.62412 0 0 0 1 
27844314100083;0.583263;0.225897;0.96584 0.00426544 0.259104 0.355726 -0.0251791 0.996678 0.0774501 -0.117282 -0.257913 -0.0813284 0.962739 -6.69701 0 0 0 1 
27844314100084;0.503644;0.468045;0.990869 -0.000643666 0.134828 0.246672 -0.0336964 0.967073 0.252257 -0.659611 -0.130551 -0.254497 0.958221 -9.96344 0 0 0 1 
27844314100085;0.720603;0.46074;0.997867 0.0236084 0.0608629 0.946928 -0.0375984 0.97 0.240181 -0.77573 -0.0533667 -0.241957 0.968818 -8.84574 0 0 0 1 
27844314100086;1.70425;1.3812;0.995911 0.0475072 -0.0768346 1.17186 -0.0205283 0.947314 0.319647 -0.897492 0.087972 -0.316763 0.944416 -9.5419 0 0 0 1 
27844314100087;1.08193;0.863835;0.978097 -0.0318608 -0.205695 -1.72377 0.00482934 0.991423 -0.130601 -0.532723 0.208092 0.126747 0.969862 5.84702 0 0 0 1 
27844314100088;1.41218;0.803107;0.998117 -0.0126443 0.0600281 -0.381258 0.0179569 0.995887 -0.0888052 -0.0633505 -0.0586584 0.0897158 0.994239 3.44777 0 0 0 1 
27844314100089;0.394008;0.333811;0.998549 0.00632251 -0.0534756 -0.036102 -0.00698748 0.9999 -0.0122572 -0.0912946 0.0533928 0.0126131 0.998494 1.06447 0 0 0 1 
27844314100090;1.35838;0.74318;0.990527 -0.0440698 -0.130053 -1.47298 0.00854471 0.965047 -0.261936 -1.4302 0.137051 0.258344 0.956282 8.31659 0 0 0 1 
27844314100091;1.04859;1.03948;0.999416 0.000550815 -0.0341623 -0.129669 0.00193529 0.997352 0.0726976 0.193048 0.0341119 -0.0727212 0.996769 -1.85726 0 0 0 1 
27844314100093;0.967031;0.445664;0.99498 -0.0395983 -0.0919059 -4.07367 0.0267563 0.990213 -0.136975 -0.515923 0.0964304 0.133828 0.986302 17.2399 0 0 0 1 
27844314100094;1.92323;0.224443;0.972444 0.0573125 -0.225984 3.31029 -0.0114887 0.979915 0.199082 -0.824673 0.232855 -0.191 0.953571 -8.28925 0 0 0 1 
27844314100095;0.873202;0.530004;0.99228 -0.00558585 0.123895 0.163489 -0.0358477 0.943426 0.329639 -5.28839 -0.118727 -0.331536 0.935942 -35.7878 0 0 0 1 
27844314100096;0.430323;0.604976;0.989382 0.0271739 -0.142777 2.01892 -0.0262176 0.999619 0.00857551 -0.830605 0.142956 -0.00474119 0.989718 4.46629 0 0 0 1 
27844314100097;1.73872;0.202794;0.999336 0.0363507 -0.00236134 4.58638 -0.0363317 0.999311 0.0076443 0.158256 0.00263759 -0.00755344 0.999968 0.805715 0 0 0 1 
27844314100098;0.721991;0.40379;0.999939 0.00798443 0.00758746 0.950646 -0.00901654 0.989019 0.147511 -0.869578 -0.00632635 -0.14757 0.989031 -13.7537 0 0 0 1 
27844314100099;0.836004;0.707527;0.998534 -0.0383792 -0.0381756 -4.02376 0.0406101 0.997403 0.0594889 1.42527 0.0357933 -0.060952 0.997499 -4.85977 0 0 0 1 
27844314100100;2.4061;0.154984;0.999656 -0.023777 -0.0110817 -2.18574 0.0259032 0.961439 0.273794 -0.834561 0.00414434 -0.273987 0.961725 -23.7594 0 0 0 1 
27844314100101;0.366989;0.448942;0.999632 0.0251717 -0.0101187 2.48833 -0.0190703 0.917257 0.397838 -7.04502 0.0192957 -0.397499 0.9174 -38.1571 0 0 0 1 
27844314100102;1.52564;1.2721;0.975234 -0.0351075 0.218372 -3.43958 0.0868935 0.968752 -0.232314 -1.23163 -0.203393 0.245536 0.94781 16.7292 0 0 0 1 
27844314100103;2.09748;0.362063;0.99992 0.00758341 -0.0100795 1.32923 -0.00752647 0.999956 0.00567525 -0.334655 0.0101221 -0.00559893 0.999933 -2.56133 0 0 0 1 
27844314100104;0.507469;0.317944;0.999383 0.0344708 -0.00678323 3.53347 -0.0343756 0.999315 0.0136926 -1.2181 0.00725058 -0.0134509 0.999883 -1.58763 0 0 0 1 
27844314100105;1.7041;1.8385;0.999034 -0.0329381 0.0290734 -2.90042 0.0372177 0.986144 -0.161661 -0.642579 -0.0233458 0.162587 0.986418 14.7128 0 0 0 1 
27844314100106;0.621555;0.313945;0.975354 0.0267968 -0.219013 1.39955 -0.0060468 0.995471 0.0948694 -0.411488 0.220564 -0.0912069 0.971099 -1.52688 0 0 0 1 
27844314100107;0.153647;0.26178;0.997573 -0.0691404 -0.00827064 -6.7389 0.0691303 0.997607 -0.00149868 2.42481 0.00835446 0.000923295 0.999965 0.38802 0 0 0 1 
27844314100108;1.53872;0.121055;0.99905 0.0242009 -0.0362536 3.24252 -0.0289176 0.990312 -0.135812 -1.39263 0.0326156 0.136731 0.990071 15.7325 0 0 0 1 
27844314100109;1.60611;0.672875;0.999318 -0.0157924 -0.0333725 -1.97229 0.0180112 0.997572 0.0672682 0.322337 0.0322291 -0.0678234 0.997177 -6.92579 0 0 0 1 
27844314100110;2.36031;0.916792;0.999555 0.0296786 -0.00309749 3.78576 -0.0298381 0.995201 -0.093192 -2.53361 0.000316815 0.0932429 0.995643 11.0761 0 0 0 1 
27844314100111;0.227132;0.207329;0.967932 0.0455244 -0.247053 2.48227 0.00237699 0.981739 0.190218 -0.798966 0.251201 -0.184705 0.950148 -9.23232 0 0 0 1 
27844314100112;2.20462;2.0226;0.999021 -0.0417814 -0.0145046 -3.96789 0.0355612 0.953828 -0.298242 -4.06772 0.0262958 0.297434 0.95438 28.5708 0 0 0 1 
27844314100113;2.4063;0.183244;0.994298 -0.0671092 0.0828707 -6.18031 0.0795481 0.984341 -0.157308 0.315295 -0.0710162 0.163003 0.984066 16.2087 0 0 0 1 
27844314100114;0.335195;0.195469;0.98076 -0.038476 0.191387 -3.6968 0.0554876 0.994891 -0.0843345 1.24328 -0.187165 0.0933315 0.977885 2.21236 0 0 0 1 
27844314100115;1.83608;1.28101;0.999998 0.000104889 0.00186312 0.586474 -0.000137415 0.999847 0.0174662 0.397372 -0.001861 -0.0174664 0.999846 -1.40871 0 0 0 1 
27844314100116;1.89876;1.4821;0.977871 -0.0224433 0.208001 -1.85977 0.00442182 0.996224 0.0867041 0.440909 -0.209162 -0.0838657 0.974278 -14.1401 0 0 0 1 
27844314100117;2.29451;0.585442;0.991755 0.0452065 -0.119909 3.63291 -0.0130113 0.966397 0.256724 -2.27449 0.127485 -0.253047 0.959018 -17.6308 0 0 0 1 
27844314100118;2.1601;2.1741;0.999808 -0.0126248 0.0150033 -1.04239 0.0129273 0.999712 -0.0202416 0.4378 -0.0147435 0.0204317 0.999683 1.8197 0 0 0 1 
27844314100119;1.47956;0.66747;0.999967 0.00798276 -0.00125292 1.34649 -0.00791276 0.998796 0.0484064 -0.396771 0.00163782 -0.0483949 0.998827 -5.86506 0 0 0 1 
27844314100120;0.852594;0.490493;0.978151 -0.0311 -0.205557 -4.27835 -0.0130942 0.977568 -0.210211 -3.49884 0.207484 0.20831 0.955802 28.2543 0 0 0 1 
27844314100121;1.87824;0.676782;0.998063 -0.00503727 0.0620008 0.112128 0.00366251 0.999745 0.022267 0.0802059 -0.0620971 -0.0219968 0.997828 -6.38392 0 0 0 1 
27844314100122;1.73464;0.204102;0.969016 -0.0208691 -0.246116 -2.20893 0.0184732 0.999757 -0.01204 1.69298 0.246307 0.00712045 0.969166 8.43269 0 0 0 1 
27844314100124;0.405551;0.175371;0.997209 -0.0578816 -0.0471506 -5.05432 0.0626408 0.992321 0.106655 1.99484 0.0406152 -0.109311 0.993178 -7.88881 0 0 0 1 
27844314100125;0.438401;0.185137;0.90752 -0.0958253 0.408933 -10.797 0.142997 0.985953 -0.086305 3.26107 -0.394918 0.136799 0.908474 -1.99424 0 0 0 1 
27844314100126;1.24567;0.200755;0.977489 -0.205821 -0.0464009 -20.3206 0.202114 0.976563 -0.0739851 2.96351 0.0605411 0.0629414 0.996179 6.96197 0 0 0 1 
27844314100127;1.48846;1.09837;0.999613 0.00901923 -0.0263284 -1.05076 -0.00720811 0.997653 0.0680916 -1.24181 0.0268808 -0.0678754 0.997332 -2.73315 0 0 0 1 
27844314100128;1.19785;0.160138;0.996696 -0.0186937 -0.0790439 -2.255 0.0141911 0.998265 -0.0571465 0.420831 0.079975 0.0558359 0.995232 5.82445 0 0 0 1 
27844314100129;1.23822;0.179426;0.989333 0.145294 0.0104997 10.5994 -0.144242 0.987143 -0.0688671 -7.12559 -0.0203707 0.0666179 0.997571 6.40097 0 0 0 1 
27844314100130;0.532996;0.215754;0.982234 0.00606022 -0.187563 -0.693011 -0.0456451 0.977178 -0.207462 -3.93072 0.182025 0.212338 0.960093 24.5763 0 0 0 1 
27844314100131;0.768744;0.175471;0.983746 0.178404 -0.0203993 15.0299 -0.170343 0.963114 0.208313 -9.06459 0.0568106 -0.201452 0.97785 -14.7443 0 0 0 1 
27844314100132;0.304449;0.165843;0.989989 0.0546168 -0.130148 3.68707 -0.0295124 0.981815 0.18753 -2.1883 0.138024 -0.181812 0.973598 -11.5737 0 0 0 1 
27844314100133;0.242712;0.194482;0.971593 -0.10129 -0.213886 -11.0288 0.0259953 0.943987 -0.328958 -5.42398 0.235225 0.314053 0.919804 35.8998 0 0 0 1 
27844314100134;1.30166;0.184304;0.971434 0.0394101 0.234014 2.97737 -0.0363411 0.999188 -0.0174139 -1.2217 -0.23451 0.00841207 0.972077 -9.45647 0 0 0 1 
27844314100135;0.261851;0.174754;0.993427 -0.099726 0.0561858 -8.80876 0.0975808 0.994435 0.0397178 3.2124 -0.059834 -0.0339741 0.99763 -4.87224 0 0 0 1 
27844314100136;1.42144;0.195339;0.991386 0.130735 0.00789799 11.0174 -0.129356 0.986812 -0.0973103 -7.70294 -0.0205157 0.0954504 0.995223 9.5256 0 0 0 1 
27844314100137;1.20547;0.520857;0.997193 -0.0531242 0.0527593 -5.14435 0.0681236 0.936134 -0.344982 -5.3375 -0.0310629 0.347607 0.937125 31.0772 0 0 0 1 
27844314100138;0.244336;0.166934;0.993862 0.0277434 -0.107089 1.71431 -0.047116 0.982009 -0.182862 -3.95583 0.100089 0.186785 0.977289 19.7339 0 0 0 1 
27844314100139;1.59431;0.18787;0.998887 -0.0471693 -0.000517522 -3.35744 0.0471721 0.998844 0.00921359 -0.593408 8.23251e-05 -0.00922775 0.999957 -1.82651 0 0 0 1 
27844314100140;0.22734;0.183414;0.995472 -0.0939293 0.0146015 -8.55919 0.0941641 0.995423 -0.01632 3.00296 -0.0130018 0.017621 0.99976 1.24667 0 0 0 1 
27844314100141;0.358346;0.186131;0.953841 -0.210903 -0.213793 -21.1916 0.167846 0.964721 -0.202832 2.1258 0.249028 0.157585 0.95559 22.3111 0 0 0 1 
27844314100142;0.117962;0.185017;0.994338 0.104754 0.0178355 8.9873 -0.103691 0.993214 -0.0526734 -4.54825 -0.0232322 0.0505258 0.998453 3.81189 0 0 0 1 
27844314100143;1.8568;1.69307;0.999846 0.0131983 0.0115894 1.28805 -0.0118176 0.993633 -0.112041 -2.10102 -0.0129943 0.111887 0.993636 9.57248 0 0 0 1 
27844314100144;0.573265;0.190662;0.987475 6.38562e-05 -0.157777 -1.74092 0.00330064 0.999773 0.0210622 0.727147 0.157743 -0.0213191 0.98725 3.58499 0 0 0 1 
27844314100145;0.564902;0.5536;0.993418 -0.0538864 -0.101075 -5.72895 0.0398121 0.98985 -0.136428 -0.0886929 0.1074 0.131506 0.98548 15.5523 0 0 0 1 
27844314100146;0.457208;0.163937;0.999678 0.0156821 0.0199719 1.1571 -0.0163348 0.999323 0.0329517 -0.609268 -0.0194416 -0.0332673 0.999257 -2.66053 0 0 0 1 
27844314100147;0.839697;0.171668;0.99442 -0.0452703 -0.0952871 -5.60955 0.0556369 0.992471 0.109112 1.76559 0.0896302 -0.113805 0.989452 -7.98102 0 0 0 1 
27844314100148;1.27087;0.175441;0.999336 0.00250118 0.0363584 -1.35719 0.00353608 0.98628 -0.16504 -3.24994 -0.0362723 0.165059 0.985616 13.4465 0 0 0 1 
27844314100149;0.814525;0.233257;0.993513 0.00292529 0.113684 -0.418468 0.0545063 0.865114 -0.498605 -11.2575 -0.0998081 0.501567 0.859342 41.1376 0 0 0 1 
27844314100150;1.30625;0.965192;0.997077 -0.0133799 0.075217 -1.51736 0.0355574 0.952682 -0.301882 -4.26783 -0.0676187 0.303675 0.950373 23.6125 0 0 0 1 
27844314100151;1.21483;0.919499;0.987305 -0.0660248 0.144466 -5.94902 0.0683721 0.997595 -0.0113387 2.24752 -0.14337 0.0210721 0.989445 -1.79641 0 0 0 1 
27844314100152;0.850848;1.10511;0.979865 -0.0118318 0.19931 -1.94848 0.0637228 0.964569 -0.256018 -2.22209 -0.18922 0.263564 0.945902 16.3674 0 0 0 1 
27844314100153;1.33869;0.172019;0.985669 0.14537 0.0855837 10.585 -0.147203 0.988985 0.0154809 -7.13204 -0.0823905 -0.0278572 0.996211 -5.80565 0 0 0 1 
27844314100155;1.31103;1.29548;0.997519 -0.0493136 -0.0502446 -2.53632 0.0384301 0.979391 -0.198282 -0.803781 0.0589871 0.195859 0.978856 10.4278 0 0 0 1 
27844314100156;0.173499;0.21201;0.999643 -0.0132438 -0.0232 -0.934105 0.0136546 0.999751 0.0176379 0.568672 0.0229606 -0.0179484 0.999575 -0.43511 0 0 0 1 
27844314100157;1.77732;0.692194;0.994511 0.0304787 -0.100099 0.654547 -0.0201782 0.994544 0.102348 0.287426 0.102672 -0.0997666 0.989699 -3.72088 0 0 0 1 
27844314100158;2.31932;0.215339;0.975206 0.0803801 -0.206185 1.35874 0.0224957 0.890871 0.4537 -0.715909 0.220153 -0.447089 0.866974 -14.7931 0 0 0 1 
27844314100159;1.17995;0.282979;0.997215 0.0375754 -0.0644175 1.32856 -0.0325784 0.996503 0.0769411 -0.479231 0.0670833 -0.0746283 0.994952 -3.27175 0 0 0 1 
27844314100160;1.94121;0.40344;0.98073 -0.0451964 -0.190066 -3.19986 0.0503723 0.998477 0.0224872 1.71039 0.18876 -0.0316279 0.981514 4.6777 0 0 0 1 
27844314100161;0.541664;0.453108;0.992171 0.0167388 -0.123758 -0.10337 -0.031063 0.99291 -0.114737 -1.32555 0.12096 0.117683 0.985657 8.58499 0 0 0 1 
27844314100162;1.51732;1.05145;0.993417 -0.109099 -0.0349237 -6.25583 0.109191 0.994021 0.000726775 3.32288 0.0346356 -0.00453535 0.99939 1.10267 0 0 0 1 
27844314100163;1.36524;1.1612;0.997244 -0.0623379 -0.0402227 -3.31828 0.0599281 0.996483 -0.0585674 1.04154 0.0437322 0.0559956 0.997473 2.98217 0 0 0 1 
27844314100164;0.587208;0.326329;0.998805 -0.0478625 -0.00992223 -2.49457 0.0483259 0.997402 0.0534151 1.6121 0.00733988 -0.0538308 0.998523 -1.83621 0 0 0 1 
27844314100165;1.53313;0.237102;0.999366 0.0353314 -0.00440209 2.0817 -0.0352153 0.999089 0.0241199 -1.68561 0.00525027 -0.0239496 0.999699 0.0977493 0 0 0 1 
27844314100166;0.330265;0.484017;0.99533 -0.081402 -0.0518929 -4.29508 0.0757363 0.991783 -0.103107 1.22714 0.0598596 0.0986958 0.993316 6.0505 0 0 0 1 
27844314100167;0.903395;0.471015;0.997397 -0.0446772 0.0565961 -1.83121 0.0544668 0.981164 -0.185337 -0.530098 -0.0472497 0.187937 0.981044 6.83685 0 0 0 1 
27844314100168;2.432;0.286986;0.994992 -0.041288 0.0910273 -1.73946 0.0391182 0.998909 0.0254937 0.361187 -0.0919806 -0.0218052 0.995522 -0.517936 0 0 0 1 
27844314100169;1.16953;0.988796;0.938399 0.0319852 0.344071 1.57047 0.0784824 0.949958 -0.302357 -1.99506 -0.336524 0.310735 0.888929 6.61197 0 0 0 1 
27844314100170;0.524881;0.257271;0.981559 -0.0480426 -0.185024 -3.25833 0.0698696 0.991099 0.113316 1.40564 0.177934 -0.124154 0.976179 -1.81165 0 0 0 1 
27844314100171;2.35705;0.244571;0.963481 0.0462088 0.263759 1.93172 -0.00966029 0.990355 -0.138215 -0.375645 -0.267602 0.13062 0.954635 -2.51233 0 0 0 1 
27844314100172;0.422262;0.208298;0.997242 0.019864 -0.0715055 0.181838 -0.0153136 0.997856 0.0636312 0.383919 0.0726162 -0.0623608 0.995408 -1.31817 0 0 0 1 
27844314100173;0.404553;0.275265;0.997216 -0.0311075 -0.0677658 -1.8189 0.0386625 0.99282 0.113195 0.900216 0.0637581 -0.1155 0.991259 -3.82683 0 0 0 1 
27844314100174;0.99992;0.581179;0.999484 0.0261474 -0.0186703 0.782119 -0.0251782 0.998413 0.0503837 -0.171055 0.0199581 -0.0498876 0.998555 -2.34971 0 0 0 1 
27844314100175;0.837078;0.282142;0.999415 0.0317785 -0.0126342 1.09868 -0.0314505 0.999183 0.0253642 0.408185 0.01343 -0.024952 0.999598 -1.13724 0 0 0 1 
27844314100176;0.793248;0.576949;0.997758 0.00217294 -0.0668957 -0.47791 -0.0237415 0.945971 -0.32338 -4.26436 0.0625788 0.324243 0.943902 16.9574 0 0 0 1 
27844314100177;2.13358;0.192179;0.999935 -0.00475127 -0.0103835 -0.222452 0.00491649 0.999861 0.0159445 0.459632 0.0103063 -0.0159945 0.999819 -2.8577 0 0 0 1 
27844314100178;1.06641;1.09225;0.998137 -0.0212319 -0.0571934 -1.30372 0.0206695 0.999732 -0.0104086 0.390885 0.057399 0.0092071 0.998309 1.58058 0 0 0 1 
27844314100179;2.46162;0.502979;0.964207 0.0135838 -0.264801 -1.27659 -0.0516163 0.989197 -0.137204 -0.78594 0.260076 0.145961 0.954492 10.1265 0 0 0 1 
27844314100180;2.13141;1.45402;0.965031 0.0544758 0.256414 2.26656 -0.109312 0.972691 0.204751 -3.20062 -0.238258 -0.22562 0.944632 -16.6484 0 0 0 1 
27844314100181;0.683715;0.435602;0.999603 0.0232378 0.0159068 1.00798 -0.0239797 0.998552 0.0481588 -0.131217 -0.0147646 -0.0485211 0.998713 -1.9582 0 0 0 1 
27844314100182;1.078;0.262865;0.982088 -0.0763751 0.172248 -3.21183 0.0644522 0.995189 0.0737886 1.37622 -0.177054 -0.0613652 0.982286 -5.76658 0 0 0 1 
27844314100183;1.04239;0.442035;0.909917 -0.0506748 0.411684 -2.61327 -0.0424842 0.975904 0.214025 -0.784521 -0.41261 -0.212235 0.885838 -18.659 0 0 0 1 
27844314100184;1.3844;0.280898;0.983751 -0.0350497 0.176082 -1.10413 0.0181118 0.99513 0.0968958 -0.62418 -0.17862 -0.0921322 0.979595 -8.61995 0 0 0 1 
27844314100186;0.793481;0.196648;0.972272 0.11089 -0.205891 5.80824 -0.0603343 0.969566 0.237279 -2.67332 0.225936 -0.218277 0.949372 -6.93457 0 0 0 1 
27844314100187;1.90684;0.206104;0.996311 0.0853937 0.00854639 6.41978 -0.0851196 0.995964 -0.0284812 -2.52017 -0.010944 0.0276486 0.999558 2.96402 0 0 0 1 
27844314100188;0.899725;0.430914;0.911575 -0.00193645 0.411129 -1.03535 -0.0169709 0.998959 0.0423338 -0.634261 -0.410783 -0.0455677 0.910594 -18.0697 0 0 0 1 
27844314100189;2.92803;2.66096;0.996207 -0.0279658 -0.0823947 -2.4743 0.018102 0.992835 -0.118116 -0.829128 0.0851076 0.116176 0.989576 10.9543 0 0 0 1 
27844314100190;2.25734;1.58229;0.998775 0.0373194 -0.0324799 2.74776 -0.0423397 0.984374 -0.170924 -3.57394 0.0255935 0.17209 0.984749 13.3814 0 0 0 1 
27844314100191;2.96618;1.10723;0.988502 -0.0259146 0.148972 -1.14733 0.0806919 0.923602 -0.374765 -5.31474 -0.127878 0.382477 0.915073 23.5802 0 0 0 1 
27844314100192;2.51273;1.82702;0.932833 -0.038657 -0.358229 -6.10828 0.00275016 0.994963 -0.100206 -1.0928 0.360299 0.0924905 0.928241 18.0458 0 0 0 1 
27844314100193;1.47826;0.875364;0.995043 0.0272616 -0.0956378 1.44646 -0.0222704 0.998353 0.0528733 -0.638643 0.0969217 -0.0504813 0.994011 0.655269 0 0 0 1 
27844314100194;2.31253;1.41478;0.969906 0.0246766 -0.242228 -0.901911 -0.0158662 0.999142 0.0382564 -0.229704 0.242964 -0.0332619 0.969465 7.07545 0 0 0 1 
27844314100195;2.39108;0.314848;0.980197 -0.180248 -0.0820065 -12.1181 0.148032 0.942016 -0.301151 -0.12789 0.131533 0.283048 0.950044 21.49 0 0 0 1 
27844314100196;0.463067;0.419771;0.995661 0.0217507 0.0904799 2.06594 -0.0269401 0.998037 0.0565337 -0.869929 -0.0890726 -0.0587259 0.994292 -7.17722 0 0 0 1 
27844314100197;2.03095;1.92229;0.995032 -0.042206 -0.0901707 -3.33825 0.0315157 0.992649 -0.116852 -0.193607 0.0944397 0.11343 0.989047 9.87521 0 0 0 1 
27844314100198;1.85236;0.153737;0.978653 -0.118524 -0.167899 -8.36876 0.123403 0.992177 0.0188931 3.89635 0.164346 -0.039209 0.985623 3.91725 0 0 0 1 
27844314100199;0.504668;0.32136;0.98898 -0.135076 -0.0606093 -9.58736 0.141466 0.98291 0.117792 4.0867 0.0436626 -0.125068 0.991187 -7.58488 0 0 0 1 
27844314100200;2.93423;1.19588;0.999499 -0.0299864 0.0101055 -1.74258 0.0308857 0.993947 -0.105425 0.337177 -0.00688303 0.105685 0.994376 4.25896 0 0 0 1 
27844314100201;1.21539;0.461805;0.988782 0.019956 0.148024 1.79281 -0.0468966 0.982397 0.18082 -2.33223 -0.14181 -0.185734 0.972313 -18.4682 0 0 0 1 
27844314100202;1.66781;0.228265;0.949595 0.0796111 -0.303203 1.88986 -0.0470402 0.992451 0.11326 -1.07066 0.309931 -0.0932887 0.946171 5.1154 0 0 0 1 
27844314100203;0.429271;0.655799;0.931953 -0.06976 0.355804 -4.99031 -0.0210382 0.969259 0.245141 -1.92627 -0.361967 -0.235945 0.901837 -28.9099 0 0 0 1 
27844314100204;0.64969;0.843555;0.922642 0.0388492 -0.383695 -1.51611 0.0398393 0.979989 0.195023 0.687931 0.383593 -0.195222 0.902632 -1.31071 0 0 0 1 
27844314100205;2.89316;2.27937;0.995889 -0.0216719 -0.087956 -1.70719 0.0176973 0.998798 -0.0457189 -0.0492436 0.0888411 0.0439743 0.995075 4.63511 0 0 0 1 
27844314100206;1.28236;0.280478;0.996664 -0.0508461 0.0638339 -2.56242 0.06098 0.983821 -0.168454 -0.980543 -0.0542359 0.171785 0.98364 9.6715 0 0 0 1 
27844314100207;1.92404;0.738818;0.977939 0.076986 -0.194188 3.61724 -0.0599076 0.993923 0.0923442 -1.92895 0.200117 -0.0786736 0.976608 2.84846 0 0 0 1 
27844314100208;1.88311;0.401155;0.917664 0.0158191 0.397041 0.528396 0.0497837 0.986757 -0.154378 0.11292 -0.394226 0.161433 0.904724 -4.4932 0 0 0 1 
27844314100209;2.33052;0.485096;0.995786 0.0884061 0.0243819 6.49456 -0.0887448 0.995967 0.0131753 -2.83021 -0.0231188 -0.0152835 0.999616 -4.04097 0 0 0 1 
27844314100210;0.530209;0.515077;0.995062 -0.0258529 0.0958283 -1.26623 0.0338227 0.996017 -0.0824984 0.325874 -0.0933138 0.0853322 0.991973 2.2264 0 0 0 1 
27844314100211;2.44996;1.07836;0.99811 0.0230873 -0.0569524 1.34049 -0.0241774 0.999536 -0.0185276 -0.852191 0.0564982 0.0198696 0.998205 5.28376 0 0 0 1 
27844314100212;2.84301;0.727733;0.997473 0.0439266 -0.0558436 3.3158 -0.0477702 0.99644 -0.0694671 -1.30061 0.0525934 0.0719592 0.99602 4.04633 0 0 0 1 
27844314100213;1.50297;0.948737;0.998741 -0.00196473 0.0501302 0.523111 0.0110042 0.983478 -0.180691 -1.93191 -0.0489469 0.181015 0.982262 10.8264 0 0 0 1 
27844314100214;0.564234;0.34146;0.987184 -0.0984036 0.125634 -6.33997 0.0993252 0.995054 -0.0010767 2.8286 -0.124906 0.0135415 0.992076 -2.90638 0 0 0 1 
27844314100215;0.386204;0.452208;0.994538 0.0121272 -0.103666 0.412931 -0.0190036 0.997665 -0.065604 -1.12474 0.102629 0.0672158 0.992446 7.83401 0 0 0 1 
27844314100217;0.459527;0.774728;0.996018 0.0100432 -0.0885831 0.0874284 -0.0114998 0.999807 -0.0159481 -0.673052 0.0884058 0.0169033 0.995941 2.81573 0 0 0 1 
27844314100218;2.20727;0.177653;0.99849 0.0501737 -0.0223692 0.702651 -0.0502968 0.998722 -0.00497467 -1.78511 0.022091 0.00609226 0.999737 3.4505 0 0 0 1 
27844314100219;2.19715;0.359074;0.998256 -0.0549779 -0.0215218 -1.28919 0.0542096 0.997923 -0.0347856 1.49351 0.0233895 0.0335582 0.999163 3.99249 0 0 0 1 
27844314100220;1.31114;0.141655;0.997584 -0.0216512 -0.0660154 0.519589 0.0199589 0.999458 -0.0261878 -0.40239 0.0665466 0.0248069 0.997475 2.34404 0 0 0 1 
27844314100221;1.65894;1.66595;0.999846 0.00899304 0.0150541 0.357261 -0.00942881 0.999531 0.0291305 -0.233768 -0.0147851 -0.029268 0.999462 -0.477673 0 0 0 1 
27844314100222;1.73745;0.937921;0.978297 0.0732309 -0.193833 0.537827 -0.051961 0.992277 0.112633 -1.70117 0.200585 -0.100117 0.974547 4.90821 0 0 0 1 
27844314100223;2.40198;1.72068;0.998605 -0.00353609 -0.0526773 0.0970109 0.00335558 0.999988 -0.00351468 0.195019 0.0526891 0.00333302 0.998605 3.17066 0 0 0 1 
27844314100224;0.843273;0.788828;0.999211 0.0280083 -0.0281626 0.50349 -0.0255906 0.996236 0.0828223 -0.725446 0.0303763 -0.0820362 0.996166 -0.355098 0 0 0 1 
27844314100225;1.09219;1.26432;0.999882 0.0124763 0.00892292 0.560585 -0.0118907 0.997948 -0.0629168 -0.440745 -0.00968958 0.0628033 0.997979 0.903333 0 0 0 1 
27844314100226;2.28577;0.46359;0.93324 0.230446 -0.275604 1.32757 -0.160077 0.953532 0.255249 -5.28689 0.321618 -0.194091 0.926763 8.4642 0 0 0 1 
27844314100227;0.739768;0.94386;0.990504 0.0377469 -0.132203 0.425236 -0.0334624 0.998845 0.0344821 -0.967012 0.133352 -0.0297308 0.990623 3.70724 0 0 0 1 
27844314100228;0.965544;0.145015;0.990029 0.0857901 -0.111721 1.26718 -0.0818314 0.995861 0.0395588 -2.74568 0.114653 -0.0300221 0.992952 3.87609 0 0 0 1 
27844314100229;0.882458;0.739518;0.963371 -0.00220654 0.268164 0.231726 0.0467723 0.986022 -0.159915 0.609029 -0.264063 0.1666 0.950008 -6.02282 0 0 0 1 
27844314100230;0.333053;0.122887;0.951944 0.154829 -0.264257 0.245672 -0.0633572 0.943699 0.324682 -1.68561 0.299649 -0.292336 0.908158 3.10891 0 0 0 1 
27844314100231;2.08116;0.05437;0.995419 -0.0377881 0.0878251 -0.233372 0.0397512 0.998995 -0.0207118 0.904142 -0.0869542 0.024108 0.995921 0.281778 0 0 0 1 
27844314100232;2.3687;1.85124;0.999463 0.0157721 -0.028736 -0.0361786 -0.0166295 0.999416 -0.0298493 -0.204077 0.0282485 0.0303111 0.999141 0.223071 0 0 0 1 
27844314100233;0.91161;0.583374;0.999209 0.0338441 -0.0208592 0.962854 -0.0334908 0.999293 0.0170586 -0.943544 0.0214217 -0.0163466 0.999637 -0.612573 0 0 0 1 
27844314100234;2.15311;0.661472;0.997506 -0.00168952 0.0705675 0.833499 0.000993987 0.999951 0.00989018 0.284173 -0.0705808 -0.00979536 0.997458 -5.00712 0 0 0 1 
27844314100235;1.5865;1.37291;0.939931 -0.0029805 -0.34135 -3.6063 -0.0128632 0.998942 -0.044142 -0.624261 0.341121 0.0458813 0.938899 10.7649 0 0 0 1 
27844314100236;0.801975;0.77659;0.999779 0.0153601 -0.0143616 0.798765 -0.0163693 0.997196 -0.0730211 -0.711269 0.0131997 0.07324 0.997227 1.68588 0 0 0 1 
27844314100237;0.36254;0.0879319;0.989119 0.131651 -0.0656575 1.61139 -0.128545 0.990468 0.049499 -3.75044 0.0715482 -0.0405205 0.996614 1.59811 0 0 0 1 
27844314100238;0.509991;0.31329;0.995192 0.000293049 -0.0979474 -0.120579 -0.0362448 0.930113 -0.365481 -3.90682 0.090995 0.367274 0.925651 8.91765 0 0 0 1 
27844314100239;2.45541;1.45465;0.999393 0.0185213 -0.0295045 0.0440404 -0.0178211 0.999557 0.0238206 -0.579252 0.0299326 -0.0232803 0.999281 2.91573 0 0 0 1 
27844314100240;0.531694;0.12234;0.996381 -0.0806566 0.0268176 -1.68559 0.080057 0.996531 0.0227263 2.31701 -0.0285576 -0.0204971 0.999382 -0.751129 0 0 0 1 
27844314100241;1.90316;0.962349;0.998623 -0.0160367 0.0499579 0.777351 0.0128755 0.997932 0.0629693 0.898816 -0.0508645 -0.0622393 0.996764 -4.04098 0 0 0 1 
27844314100242;0.857743;0.197736;0.987604 0.0303916 0.153995 1.22247 -0.0345649 0.999102 0.0244947 -0.648514 -0.153112 -0.0295139 0.987768 -4.4917 0 0 0 1 
27844314100243;1.52979;1.81658;0.989091 -0.00557212 -0.147202 -0.630155 -0.00119375 0.998948 -0.045835 -0.167853 0.147302 0.0455107 0.988044 4.89367 0 0 0 1 
27844314100244;1.45043;0.899904;0.986923 0.0857841 -0.136467 0.527503 -0.0390004 0.94855 0.314216 -0.698021 0.1564 -0.304784 0.939492 0.15046 0 0 0 1 
27844314100245;0.353496;0.604177;0.998305 0.036089 0.0456498 1.31324 -0.0449302 0.976551 0.210546 -0.997957 -0.0369809 -0.21224 0.976518 -5.04434 0 0 0 1 
27844314100246;0.304746;0.0846462;0.994681 0.097344 0.0336713 1.68911 -0.089058 0.977012 -0.193693 -4.32347 -0.0517521 0.189664 0.980484 1.82646 0 0 0 1 
27844314100248;1.91005;1.73139;0.999968 0.00044254 0.00793262 0.0336298 -0.000697852 0.999481 0.0322112 0.300005 -0.00791425 -0.0322157 0.99945 -2.22704 0 0 0 1 
27844314100249;1.74539;1.00781;0.919728 0.0102859 0.392421 1.12459 0.0207829 0.996979 -0.0748416 0.0420509 -0.392006 0.0769896 0.916736 4.27678 0 0 0 1 
27844314100250;2.4193;1.99026;0.889016 0.0259325 -0.457142 0.781994 -0.0206069 0.999649 0.0166329 -0.318931 0.457413 -0.00536661 0.889238 0.222142 0 0 0 1 
27844314100251;0.382775;0.19252;0.998165 0.0244112 0.0554224 1.48304 -0.0325528 0.98798 0.151117 -0.470498 -0.0510672 -0.152644 0.986961 -8.44218 0 0 0 1 
27844314100252;0.517763;0.645288;0.995308 -0.00498864 -0.0966318 -0.231666 -0.0195645 0.967667 -0.251471 -2.2737 0.0947619 0.252182 0.963029 13.134 0 0 0 1 
27844314100253;0.421961;0.347842;0.995753 0.00701419 0.0917991 0.645675 -0.000788786 0.997707 -0.0676768 -0.45745 -0.0920633 0.067317 0.993475 3.25154 0 0 0 1 
27844314100254;1.06506;0.303323;0.998349 0.051384 -0.0256644 2.87963 -0.0441875 0.972576 0.228348 -1.18596 0.036694 -0.226837 0.973241 -12.9161 0 0 0 1 
27844314100255;0.41574;0.301982;0.944954 0.006887 -0.327131 -0.409948 -0.0194607 0.999192 -0.0351786 -0.347227 0.326624 0.0396084 0.944324 2.83826 0 0 0 1 
27844314100256;0.221269;0.110392;0.999742 0.00355526 -0.0224307 0.092895 -0.00236242 0.998593 0.0529826 0.110723 0.0225875 -0.052916 0.998343 -3.03564 0 0 0 1 
27844314100257;0.472366;0.287388;0.996842 0.0410454 0.0679858 2.33832 -0.0650168 0.913388 0.401865 -3.88986 -0.0456027 -0.405016 0.913172 -21.5682 0 0 0 1 
27844314100258;0.965959;0.519449;0.961631 0.0108176 -0.274132 -0.527623 0.00107594 0.999066 0.0431986 0.138492 0.274344 -0.0418361 0.960721 -1.26778 0 0 0 1 
27844314100259;0.701583;0.6265;0.999677 0.0193908 -0.0164274 1.21663 -0.0195354 0.999771 -0.00868332 -0.190328 0.0162552 0.00900143 0.999827 0.0125626 0 0 0 1 
27844314100260;1.49458;1.09439;0.991587 0.024904 -0.127021 0.641692 0.0119167 0.959585 0.281166 -0.663973 0.128889 -0.280314 0.951216 -13.9208 0 0 0 1 
