#;prob_registration_l1 -r /home/probabilistic_point_clouds_registration/build/tester /home/point_clouds_registration_benchmark//devel/registration_pairs/pioneer_slam3_local.txt /home/point_clouds_registration_benchmark//tum/pioneer_slam3 -s 0.1 -t 0.1 -p 0.3 -r 1000 -m 10 -i 40 
id;initial_error;final_error;transformation
39885980090000;0.518509;0.133373;0.993945 0.0443391 -0.100537 0.0107445 -0.0309927 0.990947 0.130625 0.0555099 0.105419 -0.126718 0.986321 -0.432683 0 0 0 1 
39885980090001;1.1366;0.678309;0.997896 0.038468 -0.0521887 0.120371 -0.0363468 0.998498 0.041002 -0.268036 0.0536876 -0.0390189 0.997795 0.284105 0 0 0 1 
39885980090002;0.639436;0.575151;0.999739 0.0136071 0.0183731 0.0260558 -0.00960804 0.979251 -0.202425 0.0423953 -0.0207463 0.202196 0.979125 -0.110649 0 0 0 1 
39885980090003;0.346141;0.178044;0.954186 -0.0313779 -0.297564 0.0668663 -0.0577984 0.956427 -0.286194 0.151889 0.293579 0.290281 0.910796 -0.838067 0 0 0 1 
39885980090004;1.0895;0.694132;0.968404 -0.0925875 -0.231562 0.125623 0.0395236 0.973773 -0.224063 0.176045 0.246234 0.207831 0.946665 -1.12478 0 0 0 1 
39885980090005;0.90722;0.6381;0.999184 0.0352039 -0.0197877 0.0392262 -0.0364748 0.997016 -0.0680281 0.207384 0.0173338 0.0686943 0.997487 -0.445316 0 0 0 1 
39885980090006;0.367469;0.0933665;0.978633 -0.0186504 -0.204766 0.0407394 -0.0282452 0.974242 -0.223728 0.117081 0.203664 0.224731 0.952899 -0.98358 0 0 0 1 
39885980090007;0.500039;0.297697;0.998245 -0.0575672 0.0138768 0.0473672 0.0589228 0.942346 -0.329412 -0.143745 0.00588661 0.329652 0.944084 -0.345497 0 0 0 1 
39885980090008;1.30544;0.714708;0.984712 0.0196537 -0.173079 0.11865 -0.0312389 0.997431 -0.0644685 0.331531 0.171368 0.0688897 0.982796 -1.08247 0 0 0 1 
39885980090009;1.07285;0.910861;0.999091 0.0296185 -0.0306547 -0.288831 -0.0297652 0.999548 -0.0043386 0.212904 0.0305124 0.0052471 0.999521 -0.0376933 0 0 0 1 
39885980090010;0.993349;0.805434;0.999254 0.0379554 -0.00706328 0.0172123 -0.0383242 0.997297 -0.0626954 0.0856306 0.00466456 0.0629193 0.998008 0.310901 0 0 0 1 
39885980090011;1.19076;0.789635;0.99731 -0.0189735 0.0707966 -0.147719 0.0361393 0.967631 -0.249769 0.098037 -0.063766 0.251656 0.965714 -0.593905 0 0 0 1 
39885980090012;1.08018;0.31563;0.978356 0.179301 -0.103302 0.124084 -0.19065 0.975121 -0.113099 0.224251 0.0804534 0.130346 0.988199 -0.977456 0 0 0 1 
39885980090013;0.734434;0.229292;0.998955 0.0151831 -0.0431028 -0.0971164 -0.0250796 0.97061 -0.239346 0.0441299 0.038202 0.240177 0.969977 0.0832541 0 0 0 1 
39885980090014;1.32795;0.830012;0.927806 0.0551262 -0.368967 0.305563 0.0213105 0.979576 0.199943 0.0467851 0.372453 -0.193371 0.907682 -1.13494 0 0 0 1 
39885980090015;0.724355;0.0245553;0.999752 0.00554164 0.0215839 0.00306279 -0.00557831 0.999983 0.00163914 0.0621372 -0.0215744 -0.00175913 0.999766 -0.497391 0 0 0 1 
39885980090016;0.348273;0.0360487;0.980812 0.0090053 -0.19475 0.0624471 0.0334495 0.976347 0.213607 -0.0679077 0.192067 -0.216022 0.957311 -0.373854 0 0 0 1 
39885980090017;0.847163;0.443318;0.997774 -0.0149028 -0.0650057 0.197436 0.00108076 0.978199 -0.207667 0.241513 0.0666833 0.207134 0.976037 -0.838771 0 0 0 1 
39885980090018;0.98085;0.507276;0.987357 0.0119644 -0.15806 -0.13102 -0.0379238 0.986018 -0.162263 0.189331 0.153909 0.166206 0.974006 -0.0309532 0 0 0 1 
39885980090019;1.01873;0.282566;0.992365 0.114057 0.0469352 -0.329243 -0.116296 0.992049 0.0481048 0.0262999 -0.0410753 -0.0531958 0.997739 0.79081 0 0 0 1 
39885980090020;0.349842;0.162729;0.973819 0.145779 0.174427 -0.194266 -0.115421 0.97812 -0.173087 0.351659 -0.195843 0.148423 0.969338 0.347063 0 0 0 1 
39885980090021;0.142777;0.0343853;0.97772 -0.0105501 -0.209649 0.0598702 -0.00854825 0.995907 -0.0899826 0.0263706 0.20974 0.0897699 0.973628 -0.545126 0 0 0 1 
39885980090022;0.343863;0.148917;0.991135 0.0394203 0.126877 -0.0246743 -0.0331875 0.998154 -0.0508692 0.101617 -0.128648 0.0462075 0.990613 0.429144 0 0 0 1 
39885980090023;0.973502;0.897327;0.950714 0.0428915 -0.307089 0.109766 0.0196758 0.980045 0.197798 -0.00918381 0.309445 -0.194092 0.930899 -0.555915 0 0 0 1 
39885980090024;1.13358;0.107246;0.998944 0.0346897 0.0301163 -0.0741211 -0.0331858 0.998244 -0.0490741 -0.0413607 -0.0317658 0.0480229 0.998341 -0.841294 0 0 0 1 
39885980090025;0.64818;0.417825;0.998916 -0.0405398 -0.022865 0.0116976 0.0389191 0.99697 -0.0673527 -0.183152 0.0255262 0.0663898 0.997467 0.10012 0 0 0 1 
39885980090026;1.25567;0.266804;0.990855 -0.0724669 0.113824 0.123531 0.0550169 0.987216 0.149589 -0.135501 -0.123209 -0.141958 0.982175 1.41253 0 0 0 1 
39885980090027;0.709211;0.0721059;0.996599 0.0731088 0.0380255 -0.135622 -0.0727868 0.9973 -0.00978435 0.480879 -0.0386381 0.00698332 0.999229 0.511158 0 0 0 1 
39885980090028;1.02062;0.560901;0.998927 0.0452085 0.0100842 -0.00412022 -0.0452208 0.998977 0.000997463 0.249456 -0.0100288 -0.00145241 0.999949 0.57732 0 0 0 1 
39885980090029;0.737875;0.350052;0.979762 0.179872 -0.0878165 -0.192166 -0.160938 0.968758 0.188699 0.225027 0.119015 -0.170747 0.978101 0.409219 0 0 0 1 
39885980090031;0.500388;0.346248;0.959986 0.0129501 -0.279749 0.503914 0.00799056 0.997257 0.0735854 0.345118 0.279934 -0.0728763 0.957249 -1.49851 0 0 0 1 
39885980090032;0.490152;0.69438;0.910673 -0.395485 -0.119445 0.251277 0.392113 0.918473 -0.0515317 -0.727729 0.130087 9.27766e-05 0.991503 -0.387483 0 0 0 1 
39885980090033;0.259006;0.455766;0.937351 -0.252437 -0.2401 0.311362 0.251166 0.967259 -0.0364069 -0.256591 0.241429 -0.0261788 0.970065 -0.766875 0 0 0 1 
39885980090034;0.13399;0.410483;0.990019 -0.121435 -0.0715292 0.198162 0.112415 0.986521 -0.118912 0.0102569 0.0850051 0.109684 0.990325 -0.183012 0 0 0 1 
39885980090035;0.310003;0.438009;0.98875 -0.146745 -0.0289592 0.228776 0.13229 0.94829 -0.288523 0.0428404 0.0698009 0.281446 0.957035 0.308696 0 0 0 1 
39885980090036;0.791909;0.364721;0.893444 -0.003597 -0.449159 1.64529 0.0697487 0.988949 0.130821 -0.0962086 0.443725 -0.148209 0.883822 -1.91831 0 0 0 1 
39885980090037;0.326129;0.401657;0.998447 -0.0537275 -0.0147474 -0.0483327 0.0520514 0.993923 -0.0969937 0.0967811 0.019869 0.0960755 0.995176 0.300101 0 0 0 1 
39885980090038;0.582863;0.638672;0.999692 -0.0136161 -0.0207252 0.0616351 0.0113672 0.994407 -0.105006 0.023278 0.022039 0.104738 0.994256 -0.0485224 0 0 0 1 
39885980090039;0.172583;0.377062;0.997825 -0.0559903 -0.0348013 0.114745 0.0527054 0.994632 -0.0890492 0.225621 0.0396003 0.0870212 0.995419 0.154958 0 0 0 1 
39885980090040;0.259945;0.330499;0.996931 -0.0527457 0.0578487 0.276482 0.0439205 0.988539 0.144436 0.383359 -0.0648041 -0.141452 0.987822 -0.0894418 0 0 0 1 
39885980090041;0.477445;0.64785;0.98868 -0.137229 0.0606694 0.304674 0.139165 0.989847 -0.0289145 -0.28974 -0.0560855 0.0370303 0.997739 -0.0708957 0 0 0 1 
39885980090042;0.418217;0.454537;0.99893 -0.0445994 0.0122218 0.227639 0.0449613 0.998503 -0.031141 0.576983 -0.0108147 0.0316572 0.99944 0.343239 0 0 0 1 
39885980090043;0.341309;0.460645;0.972684 -0.185064 -0.14013 0.227927 0.209202 0.960466 0.183684 -0.417567 0.100597 -0.207982 0.972946 -0.70585 0 0 0 1 
39885980090044;0.352045;0.431545;0.928197 -0.188182 0.320994 0.174462 0.133332 0.973608 0.185228 -0.157565 -0.347379 -0.129129 0.928791 0.526697 0 0 0 1 
39885980090045;0.207777;0.457584;0.968836 -0.175271 0.175032 0.149975 0.184316 0.982181 -0.0367063 -0.15367 -0.16548 0.0678236 0.983878 0.590938 0 0 0 1 
39885980090046;0.379302;0.417179;0.948834 -0.0163298 0.315353 0.25218 0.0962542 0.966093 -0.239583 0.106715 -0.300748 0.257678 0.918233 1.03971 0 0 0 1 
39885980090047;0.227046;0.421974;0.974162 0.0294994 0.223916 0.563283 -0.0334734 0.999342 0.0139718 0.390858 -0.223356 -0.021106 0.974508 0.303797 0 0 0 1 
39885980090048;0.266999;0.356761;0.992931 0.0044917 0.118607 0.516053 0.0253042 0.9683 -0.248507 0.238907 -0.115963 0.249751 0.961341 1.00864 0 0 0 1 
39885980090049;0.523967;0.388862;0.956775 -0.0605034 0.284467 0.671096 0.00319305 0.980247 0.197749 0.241161 -0.290813 -0.188293 0.938069 1.06881 0 0 0 1 
39885980090050;0.207409;0.507638;0.993995 -0.101953 -0.0397383 0.361623 0.0990978 0.992738 -0.0681926 -0.10324 0.0464022 0.0638451 0.99688 0.016364 0 0 0 1 
39885980090051;0.499446;0.339891;0.994369 0.046405 0.0952756 0.758792 -0.0256054 0.977599 -0.208913 0.622303 -0.102836 0.205297 0.973282 0.0725507 0 0 0 1 
39885980090052;0.316512;0.375868;0.993353 0.0585743 0.0990886 0.288511 -0.0358365 0.975435 -0.217353 0.633616 -0.109386 0.212357 0.971051 0.38006 0 0 0 1 
39885980090053;0.450592;0.376124;0.990062 -0.139447 0.0182319 0.0968699 0.140626 0.983018 -0.117895 0.13976 -0.00148215 0.119287 0.992859 -0.402038 0 0 0 1 
39885980090054;0.48513;0.599165;0.971761 -0.228104 -0.0604107 0.249071 0.235552 0.922538 0.305678 -0.359117 -0.0139952 -0.311276 0.950217 -0.627094 0 0 0 1 
39885980090055;0.127893;0.435158;0.98991 -0.127568 -0.0616894 0.354898 0.118552 0.984058 -0.13257 0.0587995 0.0776176 0.123919 0.989252 0.0802822 0 0 0 1 
39885980090056;0.526201;0.524704;0.944752 -0.326809 -0.0252796 0.269687 0.327719 0.940194 0.0929277 -0.392634 -0.00660196 -0.0960783 0.995352 0.426877 0 0 0 1 
39885980090057;0.593626;0.380709;0.963847 -0.039241 -0.263551 1.00446 0.113041 0.955896 0.271082 -0.0537979 0.24129 -0.291074 0.925773 -0.734182 0 0 0 1 
39885980090058;0.12749;0.329883;0.980548 -0.0190889 -0.195348 0.362525 0.00058046 0.995537 -0.0943675 0.303661 0.196278 0.0924184 0.976183 -0.351339 0 0 0 1 
39885980090059;0.597495;0.391974;0.924434 -0.151409 -0.349996 0.145149 0.0476086 0.956443 -0.288012 0.00311811 0.378359 0.249585 0.891376 0.221253 0 0 0 1 
39885980090060;0.466612;0.459571;0.949436 -0.313367 0.0193076 0.131316 0.306814 0.91302 -0.268811 -0.44698 0.0666082 0.261143 0.962999 0.773044 0 0 0 1 
39885980090062;0.722072;0.630055;0.987463 0.00150131 -0.157842 -0.0211612 0.00397056 0.999402 0.0343456 0.0247757 0.1578 -0.0345417 0.986867 -0.322775 0 0 0 1 
39885980090063;0.21414;0.0787279;0.998214 0.0318747 0.0505299 -0.0367147 -0.00921047 0.917777 -0.396989 0.129709 -0.0590291 0.395815 0.916431 -0.335842 0 0 0 1 
39885980090064;0.937509;0.570303;0.999609 -0.00151993 0.0279163 -0.108698 0.00678538 0.981856 -0.189509 -0.0454205 -0.0271217 0.189624 0.981482 -0.694445 0 0 0 1 
39885980090065;0.614008;0.371038;0.942351 0.101605 0.318828 -0.188296 -0.00756074 0.95901 -0.283273 0.171605 -0.334541 0.264532 0.904492 0.465745 0 0 0 1 
39885980090066;0.857809;0.0700275;0.99902 0.0063298 0.0438117 0.131838 -0.00205335 0.995285 -0.0969746 -0.364375 -0.0442189 0.0967896 0.994322 0.59995 0 0 0 1 
39885980090067;0.711929;0.637669;0.993458 0.016907 -0.112944 0.0401423 -0.0317423 0.99089 -0.130876 0.126843 0.109702 0.133605 0.984944 -0.57256 0 0 0 1 
39885980090068;0.589386;0.128325;0.999996 -0.00282527 0.000420607 0.0304018 0.00282317 0.999984 0.00490752 0.0220691 -0.000434465 -0.00490631 0.999988 0.486455 0 0 0 1 
39885980090069;0.410197;0.195721;0.998958 -0.00123464 -0.0456276 0.0559664 0.00209374 0.999821 0.0187855 -0.00555736 0.0455962 -0.0188615 0.998782 -0.357241 0 0 0 1 
39885980090070;0.483885;0.188211;0.938653 0.0491209 0.341347 -0.0251447 -0.0628236 0.997597 0.0291982 0.119832 -0.339092 -0.0488516 0.939484 1.10855 0 0 0 1 
39885980090071;0.64931;0.569094;0.974786 -0.0303312 -0.221071 0.0538692 -0.0452682 0.943238 -0.329018 0.215026 0.218502 0.33073 0.918082 -0.848882 0 0 0 1 
39885980090072;0.398606;0.360537;0.999195 -0.0157951 0.0368749 -0.00216415 0.0074503 0.976296 0.21631 -0.0211394 -0.0394175 -0.215861 0.975628 0.380214 0 0 0 1 
39885980090073;0.928997;0.749324;0.957325 0.0568412 -0.283368 0.00580221 -0.0511168 0.998312 0.0275609 0.278523 0.284457 -0.0118999 0.958615 -0.435329 0 0 0 1 
39885980090074;0.42064;0.232667;0.913042 -0.0118774 0.407692 0.179604 0.0447779 0.996453 -0.071252 -0.131271 -0.4054 0.0833117 0.910335 1.03891 0 0 0 1 
39885980090075;0.428471;0.195242;0.9426 0.0838945 0.323214 -0.0493983 -0.14028 0.977859 0.155287 0.424027 -0.30303 -0.191714 0.933498 1.18357 0 0 0 1 
39885980090076;0.878954;0.6506;0.993122 -0.0168368 0.115866 0.0999999 0.0171932 0.99985 -0.00207704 -0.0695767 -0.115813 0.00405486 0.993263 0.713971 0 0 0 1 
39885980090077;0.395145;0.371899;0.983771 0.177216 -0.0281089 -0.251635 -0.179183 0.962051 -0.205795 0.310479 -0.00942792 0.207492 0.978191 -0.212932 0 0 0 1 
39885980090078;1.1758;0.142134;0.999207 -0.0310538 0.0249147 -0.0508393 0.0322453 0.998281 -0.0489365 -0.109711 -0.0233522 0.0497011 0.998491 -0.970405 0 0 0 1 
39885980090079;1.02505;0.787206;0.964103 -0.0203342 -0.264747 -0.063268 -0.0494574 0.965863 -0.254288 0.0985349 0.26088 0.258254 0.930186 -0.499445 0 0 0 1 
39885980090080;0.475546;0.0936975;0.999953 -0.0084563 -0.00480033 0.0480504 0.00835358 0.999744 -0.0210306 -0.027574 0.00497694 0.0209895 0.999767 -0.417973 0 0 0 1 
39885980090081;0.321616;0.113339;0.944859 -0.00417371 0.327451 0.117596 0.0122072 0.999673 -0.022482 -0.0378709 -0.32725 0.0252395 0.944601 0.956869 0 0 0 1 
39885980090082;1.0641;0.469522;0.973206 0.0169699 0.22931 -0.292987 -0.0249083 0.999185 0.0317687 -0.0797297 -0.228584 -0.0366292 0.972835 -0.0223579 0 0 0 1 
39885980090083;0.893927;0.155902;0.950226 -0.0258748 0.310486 -0.123376 -0.0826017 0.939962 0.331131 -0.0999484 -0.300413 -0.340296 0.891039 0.791124 0 0 0 1 
39885980090084;0.543877;0.495563;0.99488 0.0317283 -0.0959486 0.0871428 -0.0464158 0.98683 -0.154955 -0.420271 0.0897685 0.158616 0.983251 -0.340807 0 0 0 1 
39885980090085;0.738131;0.696309;0.881826 0.0576056 0.468043 0.0487131 -0.0788958 0.996544 0.0259931 0.056031 -0.464928 -0.059848 0.883323 0.975207 0 0 0 1 
39885980090086;0.60161;0.0576698;0.999675 0.0245556 0.00686466 -0.0231315 -0.0248092 0.998904 0.039702 0.0635122 -0.00588222 -0.0398594 0.999188 0.578939 0 0 0 1 
39885980090087;0.217577;0.138723;0.999396 0.0201814 -0.0283002 -0.0439307 -0.0195548 0.999561 0.0222482 -0.0374457 0.0287368 -0.0216813 0.999352 -0.117861 0 0 0 1 
39885980090088;0.201974;0.123456;0.999102 -0.0117301 0.0407138 0.0124576 0.0205798 0.974299 -0.224315 0.00455382 -0.0370362 0.224952 0.973666 -0.242702 0 0 0 1 
39885980090089;0.645809;0.284784;0.913388 0.051322 -0.403843 0.250376 -0.0125231 0.995094 0.0981365 -0.12719 0.406898 -0.0845793 0.909549 -1.32849 0 0 0 1 
39885980090090;0.450371;0.367865;0.961328 0.0657429 0.267444 -0.0984877 -0.0798236 0.995919 0.0421099 0.0704503 -0.263584 -0.0618298 0.962653 0.93902 0 0 0 1 
39885980090091;0.498519;0.192066;0.996798 0.0317024 -0.0734025 0.0172655 -0.0238365 0.994117 0.10566 -0.0838164 0.0763203 -0.103572 0.99169 0.324024 0 0 0 1 
39885980090093;0.227552;0.177806;0.980954 -0.00201174 0.194228 -0.121691 -0.0068747 0.99896 0.0450678 0.160487 -0.194116 -0.0455447 0.979921 0.444129 0 0 0 1 
39885980090094;0.336698;0.305966;0.98006 -0.148646 0.131859 0.580398 0.153735 0.987679 -0.0292409 0.046299 -0.125888 0.0489292 0.990837 -0.153055 0 0 0 1 
39885980090095;0.148785;0.196733;0.987062 0.00684098 -0.160193 -0.093411 -0.0163462 0.998177 -0.0580936 0.216609 0.159503 0.0599606 0.985375 -0.184372 0 0 0 1 
39885980090096;0.662123;0.420704;0.973068 0.119204 -0.197307 -0.209665 -0.0606205 0.958117 0.279887 0.169073 0.222407 -0.260388 0.939539 0.162021 0 0 0 1 
39885980090097;0.657715;0.451701;0.96664 0.0587404 0.249314 -0.361325 -0.0766106 0.995095 0.0625823 -0.326601 -0.244415 -0.0795946 0.966399 0.307545 0 0 0 1 
39885980090098;0.630821;0.267762;0.999518 0.0304361 -0.0060975 -0.313691 -0.0308062 0.948533 -0.315175 0.0198642 -0.00380902 0.315211 0.949014 -0.294046 0 0 0 1 
39885980090099;0.628543;0.305436;0.941119 -0.183638 0.283852 0.631699 0.18933 0.981885 0.00749849 0.656279 -0.280087 0.0466848 0.958839 0.538464 0 0 0 1 
39885980090100;0.425699;0.288856;0.953813 0.254818 0.159088 -1.20457 -0.227147 0.958343 -0.173155 0.728258 -0.196584 0.129021 0.971961 -0.545625 0 0 0 1 
39885980090101;0.696606;0.474756;0.999598 -0.00444893 -0.0280051 -0.0279401 0.00992383 0.980046 0.198524 -0.105404 0.0265631 -0.198722 0.979696 1.10238 0 0 0 1 
39885980090102;0.122477;0.0701237;0.999685 0.0249307 0.00305564 -0.172139 -0.024965 0.999619 0.0117538 0.107241 -0.00276144 -0.0118264 0.999926 0.103278 0 0 0 1 
39885980090103;0.717527;0.11684;0.902717 0.382434 0.197095 -2.09486 -0.365399 0.923337 -0.118033 0.455852 -0.227125 0.0345324 0.973253 0.23559 0 0 0 1 
39885980090104;0.685443;0.532348;0.975342 0.220021 0.0172886 -1.07657 -0.220583 0.974375 0.0440067 -0.34591 -0.00716316 -0.0467352 0.998882 -0.0315138 0 0 0 1 
39885980090105;0.47354;0.383196;0.981195 0.191124 0.0269853 -0.969826 -0.191676 0.981263 0.019591 -0.131412 -0.0227354 -0.0243951 0.999444 0.141434 0 0 0 1 
39885980090106;0.459683;0.189931;0.954553 0.161197 -0.250686 -0.571002 -0.134291 0.983517 0.121077 0.296052 0.266071 -0.0819092 0.960467 -0.435668 0 0 0 1 
39885980090107;0.891834;0.777849;0.96862 -0.237372 0.073681 0.79981 0.237739 0.971321 0.00387712 -0.12794 -0.0724882 0.0137614 0.997274 0.0457962 0 0 0 1 
39885980090108;0.424446;0.232326;0.895983 -0.174544 0.408349 0.426431 0.133369 0.982835 0.127469 0.187653 -0.423589 -0.0597488 0.903882 0.475165 0 0 0 1 
39885980090109;0.495711;0.238438;0.955162 0.296061 -0.00361429 -1.39562 -0.295663 0.954388 0.0415476 0.841511 0.01575 -0.0386161 0.99913 0.344807 0 0 0 1 
39885980090110;0.968235;0.543503;0.887077 0.392615 0.242793 -1.7407 -0.43713 0.883483 0.168451 1.07664 -0.148368 -0.255561 0.955341 1.9834 0 0 0 1 
39885980090111;0.425117;0.113399;0.998749 0.046196 0.0191418 -0.309479 -0.0467006 0.998549 0.0268108 0.235316 -0.0178755 -0.0276712 0.999457 0.64824 0 0 0 1 
39885980090112;0.465914;0.38354;0.90511 0.421373 -0.0567501 -1.85922 -0.420721 0.868333 -0.262662 1.03991 -0.0614008 0.261614 0.963218 -0.923759 0 0 0 1 
39885980090113;0.34947;0.145894;0.993144 0.111546 0.0349716 -0.614014 -0.116684 0.927731 0.354541 0.561047 0.0071035 -0.356191 0.934386 1.50854 0 0 0 1 
39885980090114;0.0961654;0.0954246;0.996671 0.0664736 -0.047204 -0.344468 -0.0661589 0.997775 0.00820082 0.160178 0.0476441 -0.00505055 0.998852 -0.117109 0 0 0 1 
39885980090115;0.726185;0.369945;0.982899 -0.0988793 -0.155346 0.0786378 0.0932558 0.994709 -0.043098 0.327539 0.158786 0.0278741 0.98692 0.711547 0 0 0 1 
39885980090116;0.788969;0.539941;0.961379 -0.27365 -0.029443 0.983739 0.27035 0.958971 -0.0853542 0.553388 0.0515921 0.0740978 0.995916 0.503075 0 0 0 1 
39885980090117;0.478045;0.191948;0.995704 0.0455159 0.0806319 -0.283521 -0.0468809 0.998786 0.0151163 0.205169 -0.079846 -0.0188314 0.996629 0.722473 0 0 0 1 
39885980090118;0.326438;0.315454;0.992631 -0.119278 0.0213562 0.352494 0.119046 0.992818 0.0118507 0.210884 -0.0226164 -0.00922101 0.999702 0.247831 0 0 0 1 
39885980090119;0.735474;0.322628;0.979122 -0.121083 0.163275 0.404068 0.127296 0.991467 -0.0281017 0.014596 -0.15848 0.0482993 0.98618 0.787433 0 0 0 1 
39885980090120;0.723848;0.11945;0.992949 -0.00485931 0.118439 -0.185999 0.0155788 0.995842 -0.0897498 0.649032 -0.117511 0.0909622 0.988897 0.52294 0 0 0 1 
39885980090121;0.394688;0.296315;0.998723 0.0483993 -0.0144974 -0.273034 -0.0499474 0.989032 -0.139003 -0.115607 0.00761078 0.13955 0.990186 -0.205314 0 0 0 1 
39885980090122;0.722168;0.291672;0.983383 0.175891 0.0449549 -0.872281 -0.174737 0.984204 -0.0284517 0.325853 -0.0492492 0.0201236 0.998584 0.890488 0 0 0 1 
39885980090124;0.340489;0.0104466;0.994933 0.100349 0.00619419 0.305013 -0.100311 0.994937 -0.00621269 -0.651826 -0.00678627 0.00555987 0.999962 -0.352614 0 0 0 1 
39885980090125;0.370091;0.015908;0.913584 0.0041008 0.40663 -0.475637 -0.0401343 0.995976 0.0801264 -0.244684 -0.404665 -0.089522 0.910073 -0.984395 0 0 0 1 
39885980090126;0.34208;0.0165911;0.889415 0.241229 0.388265 0.559206 -0.256096 0.966552 -0.0138676 -0.536187 -0.378624 -0.0870992 0.921443 -0.626076 0 0 0 1 
39885980090127;0.0863411;0.0307572;0.995924 -0.0166841 -0.0886391 -0.0382655 0.021713 0.99819 0.0560763 0.00743953 0.0875431 -0.0577724 0.994484 -0.0162396 0 0 0 1 
39885980090128;0.358883;0.0176302;0.973325 0.162588 0.161875 0.658012 -0.169504 0.985079 0.0297805 0.000356802 -0.154618 -0.0564246 0.986362 0.204148 0 0 0 1 
39885980090129;0.382249;0.0446785;0.938262 0.345917 0.00255249 1.35198 -0.345924 0.938259 0.00270782 -0.792384 -0.00145822 -0.00342361 0.999993 -0.0306414 0 0 0 1 
39885980090130;0.323168;0.0467154;0.977283 0.162902 -0.135576 0.804279 -0.178783 0.977194 -0.114578 -0.0644151 0.113819 0.136214 0.984119 0.32904 0 0 0 1 
39885980090131;0.505537;0.0512186;0.996634 -0.0811982 -0.0113069 -0.718534 0.0804547 0.995219 -0.0553739 -0.639739 0.0157491 0.0542778 0.998402 -0.217752 0 0 0 1 
39885980090132;0.44134;0.0583409;0.999133 0.0169428 -0.0380367 -0.561184 -0.0206009 0.994979 -0.097942 0.107342 0.0361863 0.0986407 0.994465 0.781326 0 0 0 1 
39885980090133;0.275576;0.0316349;0.999193 -0.0398469 -0.00496527 -0.589162 0.0398586 0.999203 0.00227738 -0.0938173 0.00487056 -0.00247345 0.999985 -0.152521 0 0 0 1 
39885980090134;0.264805;0.0469685;0.986662 -0.108555 0.121299 -0.389565 0.135471 0.960736 -0.242143 0.0662358 -0.0902508 0.255346 0.962628 0.962037 0 0 0 1 
39885980090135;0.321182;0.0206202;0.981558 0.189338 0.0263685 0.28725 -0.184207 0.973667 -0.134317 -0.218745 -0.0511054 0.126982 0.990588 0.710706 0 0 0 1 
39885980090136;0.536598;0.0173064;0.991588 0.0598017 -0.114789 -0.196244 -0.0746099 0.988784 -0.129378 0.105569 0.105765 0.136854 0.984929 1.50529 0 0 0 1 
39885980090137;0.239766;0.0240208;0.999191 0.0250616 0.0314543 -0.0801875 -0.0267846 0.998093 0.055607 0.0516462 -0.0300008 -0.0564045 0.997957 -0.64942 0 0 0 1 
39885980090138;0.366462;0.0542793;0.945108 -0.309504 -0.104778 -1.17653 0.301787 0.949732 -0.0832712 0.237427 0.125284 0.0470795 0.991003 0.101498 0 0 0 1 
39885980090139;0.522118;0.0465485;0.988793 0.144219 0.0386053 -0.119166 -0.14659 0.986861 0.067945 -0.679412 -0.0282992 -0.0728427 0.996942 0.173186 0 0 0 1 
39885980090140;0.328612;0.0213844;0.977623 -0.0288923 -0.208369 -0.135181 0.0120484 0.996588 -0.0816579 0.0183507 0.210017 0.0773202 0.974636 1.09077 0 0 0 1 
39885980090141;0.0802768;0.0119532;0.999049 -0.0115406 0.042043 -0.147631 0.00970682 0.999004 0.0435618 -0.0534499 -0.0425038 -0.0431123 0.998166 -0.131934 0 0 0 1 
39885980090142;0.374391;0.0440816;0.940656 0.24024 -0.239689 1.06365 -0.166736 0.942342 0.290155 -0.615616 0.295576 -0.232972 0.926477 -0.625175 0 0 0 1 
39885980090143;0.228673;0.0457803;0.986661 0.154067 -0.0525595 0.617247 -0.154155 0.988044 0.00241243 -0.137555 0.0523028 0.00572204 0.998615 -0.155086 0 0 0 1 
39885980090144;0.446317;0.0423151;0.928149 0.372024 0.0117812 1.36045 -0.372204 0.927852 0.0235681 -0.855784 -0.00216331 -0.0262597 0.999653 0.237818 0 0 0 1 
39885980090145;0.0431272;0.0185173;0.999727 0.00668215 0.0223817 -0.0377284 -0.00746037 0.999364 0.0348694 -0.0172052 -0.0221345 -0.0350269 0.999141 -0.160475 0 0 0 1 
39885980090146;0.329175;0.0425368;0.994176 -0.0995777 -0.0412092 -0.247277 0.0983242 0.994659 -0.0314082 0.419816 0.0441166 0.0271734 0.998657 0.63368 0 0 0 1 
39885980090147;0.155218;0.0167575;0.998766 0.0453597 0.0202064 0.00871009 -0.046489 0.997148 0.0594496 -0.113223 -0.0174521 -0.0603156 0.998027 0.00610248 0 0 0 1 
39885980090148;0.427209;0.0192022;0.987954 0.13698 0.0719992 0.289976 -0.116249 0.964041 -0.238978 -0.453783 -0.102146 0.22773 0.968352 1.47261 0 0 0 1 
39885980090149;0.211483;0.0213368;0.985995 -0.108877 0.126328 -0.59297 0.108306 0.994052 0.0114033 0.158866 -0.126818 0.00243839 0.991923 0.0892587 0 0 0 1 
39885980090150;0.560906;0.0378805;0.924233 0.208683 -0.319758 1.18421 -0.238687 0.969408 -0.0572399 0.305055 0.298031 0.129225 0.945769 0.343206 0 0 0 1 
39885980090151;0.283425;0.0347476;0.953124 0.269943 0.136694 0.862521 -0.224095 0.933311 -0.280558 -0.434277 -0.203313 0.236774 0.950054 0.633836 0 0 0 1 
39885980090152;0.461176;0.0512062;0.915646 -0.381605 0.126374 -1.63771 0.375175 0.924136 0.0722257 0.208558 -0.144349 -0.0187206 0.98935 -0.40259 0 0 0 1 
39885980090153;0.364593;0.0300923;0.991909 0.11576 0.0521088 0.0994063 -0.119073 0.990706 0.065751 -0.589076 -0.0440132 -0.0714238 0.996475 -0.709793 0 0 0 1 
39885980090155;0.220386;0.94538;0.996743 -0.0789613 0.0163978 -0.476976 0.0786766 0.996749 0.0173354 0.477411 -0.0177133 -0.0159888 0.999715 0.0969181 0 0 0 1 
39885980090156;0.547565;1.1351;0.956223 -0.0947095 0.276891 -0.0246952 0.0524398 0.986321 0.15627 0.674011 -0.287904 -0.134909 0.948109 1.37355 0 0 0 1 
39885980090157;0.178395;0.920741;0.996412 0.0835446 0.0135094 -0.396458 -0.0835906 0.996496 0.00287585 0.988128 -0.0132218 -0.00399479 0.999905 -0.0818075 0 0 0 1 
39885980090158;0.913519;0.944732;0.910893 0.0100267 0.412521 0.399751 -0.0648148 0.990772 0.119037 0.968786 -0.407521 -0.135167 0.903137 2.03741 0 0 0 1 
39885980090159;0.31181;0.375825;0.999224 0.0255445 -0.0299656 -0.273104 -0.0358108 0.905964 -0.421837 0.476069 0.0163722 0.422583 0.906176 -0.171014 0 0 0 1 
39885980090160;0.529179;1.07646;0.995524 0.0930969 -0.0162942 -0.400538 -0.0928259 0.995543 0.0166711 1.35104 0.0177736 -0.015084 0.999728 0.458208 0 0 0 1 
39885980090161;0.588623;1.06107;0.976137 -0.133553 0.171229 -0.350427 0.106512 0.98161 0.158422 0.604324 -0.189238 -0.136404 0.972411 1.19351 0 0 0 1 
39885980090162;0.825722;1.08214;0.973025 -0.228841 -0.029221 -0.244484 0.229375 0.9732 0.0164102 0.202117 0.0246825 -0.0226701 0.999438 -0.778146 0 0 0 1 
39885980090163;0.504725;0.426244;0.999942 0.0105724 0.00220196 -0.152767 -0.010642 0.999351 0.0344184 0.581548 -0.00183665 -0.0344398 0.999405 0.0609737 0 0 0 1 
39885980090164;0.244441;0.380779;0.996567 0.0180502 -0.0807964 -0.288513 -0.00717123 0.991095 0.132962 0.155189 0.0824769 -0.131926 0.987822 -0.424525 0 0 0 1 
39885980090165;0.707584;0.603661;0.997227 0.0723471 0.0174224 -0.569607 -0.0722439 0.997366 -0.00648096 0.940083 -0.0178454 0.00520432 0.999827 -0.615195 0 0 0 1 
39885980090166;0.507941;0.950221;0.979285 0.146866 0.139395 -0.378981 -0.131292 0.984644 -0.115058 1.63601 -0.154153 0.0943732 0.98353 0.733249 0 0 0 1 
39885980090167;0.79424;0.806066;0.978052 -0.200427 -0.0569443 -0.193715 0.193234 0.974749 -0.111911 0.237595 0.0779364 0.0984513 0.992085 0.438289 0 0 0 1 
39885980090168;0.994365;0.807767;0.996114 0.0856826 -0.0204032 0.292613 -0.0870404 0.993058 -0.0791202 1.42863 0.0134824 0.0805886 0.996656 0.688026 0 0 0 1 
39885980090169;0.602224;0.872603;0.956177 0.234687 -0.175067 -0.305729 -0.25044 0.965316 -0.0737886 2.19997 0.151678 0.114399 0.981788 -0.754104 0 0 0 1 
39885980090170;0.878287;1.09349;0.978875 -0.109004 -0.172982 -0.456405 0.142849 0.969906 0.197173 0.358311 0.146283 -0.217717 0.964987 0.459597 0 0 0 1 
39885980090171;0.174618;0.456674;0.988944 0.0956255 -0.113339 -0.229807 -0.0947141 0.995414 0.0134114 0.752799 0.114102 -0.00252835 0.993466 -0.451855 0 0 0 1 
39885980090172;0.809772;1.00166;0.992104 0.125375 0.00329546 -0.825622 -0.125403 0.992052 0.0103137 1.5226 -0.00197619 -0.0106455 0.999941 0.751866 0 0 0 1 
39885980090173;0.12527;0.986511;0.999067 0.00692031 -0.0426406 -0.484172 -0.0113837 0.994371 -0.105338 0.982128 0.0416716 0.105725 0.993522 -0.200942 0 0 0 1 
39885980090174;1.08358;1.04784;0.953303 0.10173 0.284366 -0.338449 -0.116499 0.992557 0.0354688 1.59022 -0.278641 -0.066941 0.958059 1.84628 0 0 0 1 
39885980090175;0.382051;0.468313;0.999619 0.0267666 0.00674781 -0.460373 -0.0266658 0.999537 -0.0146208 0.288088 -0.00713604 0.0144353 0.99987 0.414982 0 0 0 1 
39885980090176;1.01834;1.38583;0.944658 -0.121173 0.304857 -0.593801 0.129057 0.99162 -0.00576112 0.388672 -0.301605 0.0447861 0.952381 1.45875 0 0 0 1 
39885980090177;0.304463;0.539733;0.999033 0.00109186 0.043958 -0.147704 -0.00191987 0.999821 0.0187985 0.469998 -0.0439296 -0.0188647 0.998857 -0.0806501 0 0 0 1 
39885980090178;0.543046;1.07317;0.993802 0.0536942 0.0973334 -0.718629 -0.0486732 0.997394 -0.0532474 1.04982 -0.0999389 0.0481799 0.993826 0.691701 0 0 0 1 
39885980090179;0.361753;0.628759;0.987602 0.0536889 -0.147513 -0.390658 -0.0597093 0.997541 -0.0366893 0.723243 0.14518 0.0450423 0.988379 -0.148162 0 0 0 1 
39885980090180;0.25283;1.03527;0.996456 -0.073235 -0.0413751 -0.485806 0.0748174 0.99647 0.038087 0.697158 0.0384398 -0.0410476 0.998417 0.072563 0 0 0 1 
39885980090181;0.881259;1.0299;0.980793 -0.0172265 -0.194288 0.0710332 0.0379553 0.993907 0.103479 0.280027 0.191321 -0.108866 0.975471 -0.0534438 0 0 0 1 
39885980090182;0.669254;0.489091;0.999255 0.0383989 0.00377295 -0.0126242 -0.038417 0.99925 0.00483171 0.310708 -0.00358459 -0.00497305 0.999981 -0.571603 0 0 0 1 
39885980090183;0.198594;0.985884;0.96467 0.0841743 0.249653 -0.234499 -0.0903518 0.99582 0.0133673 1.25378 -0.247484 -0.0354517 0.968243 0.896595 0 0 0 1 
39885980090184;0.838159;0.398031;0.997436 0.0700874 -0.0144363 -0.213957 -0.0706916 0.93378 -0.350795 0.852712 -0.0111059 0.350916 0.936341 -0.744477 0 0 0 1 
39885980090186;1.03403;0.439403;0.988742 0.143665 0.0418373 0.0881276 -0.142672 0.989432 -0.0258477 -0.243283 -0.0451086 0.0195877 0.99879 -0.561022 0 0 0 1 
39885980090187;0.391456;0.25817;0.998635 -0.0182443 0.0489407 -0.12264 0.0138174 0.995908 0.0893143 -0.338394 -0.0503698 -0.0885162 0.9948 -0.109662 0 0 0 1 
39885980090188;0.19321;0.215167;0.995309 -0.0175778 -0.0951414 -0.0594808 0.00829558 0.995241 -0.0970917 -0.163937 0.0963953 0.095847 0.990718 -0.543934 0 0 0 1 
39885980090189;0.694654;0.309312;0.965928 -0.163486 0.200636 0.0958408 0.149062 0.985158 0.085111 -0.719496 -0.211573 -0.052304 0.975962 1.18533 0 0 0 1 
39885980090190;0.710931;0.256924;0.998808 -0.0223351 -0.0434099 -0.113771 0.032184 0.969866 0.241503 -0.170231 0.0367078 -0.242612 0.969429 0.732 0 0 0 1 
39885980090191;0.303973;0.40328;0.997856 0.0594554 0.0273585 -0.323963 -0.0598248 0.998126 0.0128856 -0.0514597 -0.0265411 -0.0144947 0.999543 -0.0911092 0 0 0 1 
39885980090192;0.937341;0.280978;0.999784 -0.00499921 0.0201873 -0.0125936 0.00485669 0.999963 0.00710314 -0.6482 -0.0202221 -0.00700356 0.999771 0.79803 0 0 0 1 
39885980090193;0.0973903;0.24827;0.999783 0.0149145 0.0145658 -0.125438 -0.0151126 0.999793 0.01359 -0.0809477 -0.0143601 -0.0138072 0.999802 0.0779923 0 0 0 1 
39885980090194;0.330993;0.232325;0.998833 -0.0438566 0.0202524 -0.0632819 0.0447029 0.998056 -0.043424 -0.539315 -0.0183086 0.0442786 0.998851 0.111695 0 0 0 1 
39885980090195;0.913121;0.229965;0.998963 0.0445612 -0.00928643 -0.129606 -0.0450737 0.996848 -0.0652801 0.245323 0.00634821 0.065631 0.997824 -0.896787 0 0 0 1 
39885980090196;0.843835;0.325682;0.992403 0.0945012 0.0787748 -0.184465 -0.0973262 0.994711 0.0328205 0.117712 -0.0752566 -0.040238 0.996352 -0.48392 0 0 0 1 
39885980090197;0.709255;0.338125;0.999352 0.0135119 0.0333691 -0.189008 -0.0183399 0.98868 0.148912 -0.363518 -0.0309792 -0.149428 0.988287 -0.407085 0 0 0 1 
39885980090198;1.04503;0.608427;0.998829 -0.0256198 -0.0410364 -0.0704764 0.0210678 0.993955 -0.107752 -0.170306 0.0435489 0.106762 0.99333 0.656742 0 0 0 1 
39885980090199;0.0833687;0.325579;0.998615 -0.0219173 0.0478401 -0.111614 0.0212895 0.999681 0.0135927 -0.377876 -0.0481227 -0.0125554 0.998763 0.143977 0 0 0 1 
39885980090200;1.06244;0.645873;0.999868 0.00767162 -0.0143194 -0.118127 -0.00790488 0.999836 -0.0163047 0.0311971 0.014192 0.0164158 0.999765 0.768155 0 0 0 1 
39885980090201;0.454509;0.415818;0.970736 -0.111051 -0.212929 -0.115719 0.101663 0.993321 -0.0545793 -0.33974 0.217567 0.0313352 0.975542 -0.451901 0 0 0 1 
39885980090202;0.602175;0.405423;0.923773 0.0790911 -0.374683 -0.285087 -0.0480124 0.994639 0.091583 0.0645441 0.379918 -0.0666125 0.922619 -0.896499 0 0 0 1 
39885980090203;0.367742;0.352694;0.91364 -0.0121719 0.406343 0.0881986 -0.0572646 0.985732 0.158284 0.0739812 -0.402472 -0.167883 0.899906 1.54621 0 0 0 1 
39885980090204;1.06319;0.393851;0.97265 0.0843835 0.216405 -0.0157769 -0.0642788 0.993076 -0.0983271 -0.134177 -0.223203 0.0817277 0.97134 1.62488 0 0 0 1 
39885980090205;0.675409;0.259014;0.995026 0.0995281 0.0040729 -0.656392 -0.0990577 0.992973 -0.0647401 -0.166175 -0.0104877 0.0640146 0.997894 -0.252644 0 0 0 1 
39885980090206;0.947378;0.282266;0.993881 0.0687347 0.0864685 -0.316595 -0.076166 0.993397 0.0858012 -0.217622 -0.0799999 -0.0918621 0.992553 1.1738 0 0 0 1 
39885980090207;0.975527;0.351294;0.997839 -0.0480936 -0.0447721 -0.104527 0.0488585 0.998675 0.0161487 -0.164256 0.0439362 -0.0183013 0.998867 -0.96927 0 0 0 1 
39885980090208;0.357335;0.452596;0.965784 0.114375 0.232766 -0.239851 -0.0961947 0.99146 -0.0880493 0.0616624 -0.240849 0.0626458 0.968539 0.500271 0 0 0 1 
39885980090209;0.567849;0.25994;0.98947 0.144243 0.0119265 -0.636586 -0.14444 0.989354 0.0177732 0.103438 -0.00923593 -0.0193087 0.999771 0.165926 0 0 0 1 
39885980090210;0.29383;0.33482;0.975969 0.00342735 0.217882 -0.0041668 -0.0231014 0.995869 0.0878137 -0.187671 -0.216681 -0.0907368 0.972017 1.00832 0 0 0 1 
39885980090211;0.573799;0.339958;0.995379 0.0860017 0.0427131 -0.544572 -0.0617659 0.914012 -0.400958 0.0683798 -0.0735233 0.396467 0.9151 0.040353 0 0 0 1 
39885980090212;0.324919;0.477639;0.992656 0.114654 -0.0385789 -0.252938 -0.11066 0.98947 0.093291 -0.0239265 0.0488689 -0.0883367 0.994891 0.182607 0 0 0 1 
39885980090213;0.920265;0.416442;0.991086 -0.0687195 -0.114129 -0.0201244 0.0773044 0.994362 0.072578 -0.826371 0.108498 -0.0807537 0.990811 0.497294 0 0 0 1 
39885980090214;0.527822;0.619523;0.979559 0.193478 0.0550469 -0.32726 -0.194676 0.980716 0.0172495 0.390221 -0.050648 -0.0276133 0.998335 0.499777 0 0 0 1 
39885980090215;0.58213;0.531618;0.968836 -0.23284 0.0845143 0.043746 0.235813 0.971425 -0.0269512 -1.08551 -0.075824 0.0460408 0.996058 0.231661 0 0 0 1 
39885980090217;1.03417;1.65414;0.935673 0.350429 -0.041426 0.373821 -0.352276 0.934446 -0.0520814 1.63194 0.0204595 0.0633245 0.997783 -0.589147 0 0 0 1 
39885980090218;0.202378;1.01296;0.961838 0.271625 -0.0329891 0.122557 -0.271291 0.962391 0.0143126 1.4662 0.0356361 -0.00481672 0.999353 -0.201691 0 0 0 1 
39885980090219;0.470141;1.42437;0.991437 0.0729665 0.108298 0.150737 -0.0791334 0.995412 0.0537783 1.12692 -0.103877 -0.0618878 0.992663 0.389575 0 0 0 1 
39885980090220;1.3181;0.60705;0.97556 -0.118194 -0.185237 -0.0489964 0.100858 0.989822 -0.100402 0.477103 0.195218 0.0792653 0.977551 -0.424521 0 0 0 1 
39885980090221;1.15923;1.10203;0.941293 0.0424155 0.334916 -0.176552 0.0183711 0.98417 -0.176273 0.224405 -0.337091 0.172077 0.925613 0.715942 0 0 0 1 
39885980090222;0.407338;0.474787;0.974766 0.0641454 0.213815 0.0700071 -0.086163 0.991713 0.0952922 0.491213 -0.205931 -0.111311 0.972215 0.861354 0 0 0 1 
39885980090223;0.517255;0.466591;0.981206 -0.0431083 0.188087 -0.033133 0.0255933 0.995189 0.0945764 0.124147 -0.191259 -0.0879851 0.977588 0.80027 0 0 0 1 
39885980090224;1.08029;0.912623;0.985715 -0.121144 0.117006 -0.219966 0.108711 0.988258 0.107373 -0.253605 -0.12864 -0.093119 0.98731 0.544072 0 0 0 1 
39885980090225;0.715361;0.595365;0.996064 -0.0200639 -0.0863338 0.0929281 -0.00301045 0.965822 -0.259189 0.44085 0.0885834 0.258428 0.96196 0.138205 0 0 0 1 
39885980090226;0.549209;0.511475;0.955793 -0.0124238 0.293777 0.0547261 -0.017676 0.994872 0.0995816 0.113097 -0.293508 -0.100372 0.950673 0.996398 0 0 0 1 
39885980090227;1.15995;1.4647;0.891824 0.452383 -0.00031311 1.15644 -0.451892 0.890886 0.0459911 2.32525 0.0210846 -0.0408745 0.998942 -0.511251 0 0 0 1 
39885980090228;0.215505;0.593673;0.994281 -0.0893891 0.058441 0.0383209 0.0899903 0.995913 -0.00773202 0.173543 -0.057511 0.0129469 0.998261 -0.00107002 0 0 0 1 
39885980090229;0.121617;1.14996;0.978324 0.207081 0.0004309 0.228481 -0.206847 0.977114 0.0496327 1.37951 0.00985695 -0.048646 0.998767 -0.0644409 0 0 0 1 
39885980090230;1.03093;1.57677;0.974204 0.225616 -0.00500623 0.438143 -0.225616 0.974216 0.000446676 1.27601 0.00497792 0.000694333 0.999987 0.488591 0 0 0 1 
39885980090231;0.888653;0.701728;0.993418 0.00602842 0.114383 -0.0533068 -0.0200822 0.992313 0.122116 0.270092 -0.112768 -0.123609 0.985903 0.516688 0 0 0 1 
39885980090232;0.59802;1.10091;0.971894 0.0746328 -0.223276 0.468931 -0.140709 0.944526 -0.29677 1.00273 0.188741 0.319846 0.92848 -0.44945 0 0 0 1 
39885980090233;0.0427632;0.550071;0.996537 0.0831462 -0.00108263 0.0243007 -0.0831522 0.996505 -0.00790658 0.677927 0.000421442 0.00796922 0.999968 -0.0167812 0 0 0 1 
39885980090234;0.404716;0.440679;0.987975 0.0687398 -0.138496 0.127466 -0.00885264 0.919418 0.393183 0.317065 0.154363 -0.387229 0.90897 -0.446842 0 0 0 1 
39885980090235;0.881271;1.19593;0.986265 0.103981 -0.128335 0.783949 -0.125832 0.976316 -0.17599 1.37178 0.106996 0.189721 0.975991 -0.633707 0 0 0 1 
39885980090236;1.0378;1.4658;0.921666 0.387812 -0.011597 0.375201 -0.387887 0.921694 -0.00499957 2.21001 0.00875003 0.00910627 0.99992 -0.858692 0 0 0 1 
39885980090237;0.452033;0.457587;0.977196 0.0593718 -0.20387 0.0941381 0.00271328 0.956544 0.291574 0.275224 0.212322 -0.285479 0.93457 -0.779022 0 0 0 1 
39885980090238;0.922552;0.447924;0.944921 0.0692251 -0.319895 0.251853 -0.137083 0.971227 -0.194749 1.20136 0.297209 0.227874 0.927222 -0.383029 0 0 0 1 
39885980090239;0.393854;0.381481;0.995598 -0.0214063 -0.0912462 0.0642189 -0.00408501 0.962732 -0.270428 0.199354 0.0936345 0.26961 0.958406 -0.271697 0 0 0 1 
39885980090240;0.68439;1.1254;0.956709 0.29075 -0.0131346 0.238149 -0.290709 0.95245 -0.0912556 2.13719 -0.0140225 0.0911233 0.995741 -0.276158 0 0 0 1 
39885980090241;0.655728;0.540683;0.958558 -0.00812713 0.284781 -0.00147812 0.0821116 0.965057 -0.248842 0.439897 -0.272808 0.261913 0.925731 0.321891 0 0 0 1 
39885980090242;0.353633;0.901135;0.897917 0.271496 0.346462 0.376671 -0.15566 0.932114 -0.327008 1.21246 -0.411723 0.239696 0.879221 1.16416 0 0 0 1 
39885980090243;1.27115;1.09212;0.998901 -0.0312228 0.0349663 0.319351 0.0305818 0.999357 0.018719 0.833782 -0.0355283 -0.017629 0.999213 0.845501 0 0 0 1 
39885980090244;0.554019;1.24283;0.989184 -0.0757938 0.125583 0.292218 0.0479379 0.976187 0.211568 0.531986 -0.138628 -0.20326 0.969261 0.30689 0 0 0 1 
39885980090245;0.651828;0.439421;0.996891 0.0516586 -0.0594999 0.0777223 -0.0540551 0.99776 -0.0393969 0.642838 0.0573314 0.0424907 0.997451 0.266192 0 0 0 1 
39885980090246;0.546588;1.63512;0.975902 0.204026 -0.0773903 0.411975 -0.193963 0.973554 0.120708 1.57962 0.0999713 -0.102788 0.989667 -0.555774 0 0 0 1 
39885980090248;0.37448;0.222578;0.952965 -0.232377 0.19457 -0.0726491 0.224148 0.972477 0.0636059 0.234641 -0.203996 -0.0170015 0.978824 0.0341519 0 0 0 1 
39885980090249;0.482365;0.105101;0.96096 -0.274502 -0.0346978 -0.0430856 0.274797 0.961494 0.00393283 -0.0305886 0.0322822 -0.0133142 0.99939 -0.320143 0 0 0 1 
39885980090250;0.869457;0.102259;0.938048 0.0252761 0.345581 -0.0911465 -0.0937263 0.978667 0.182831 -0.675144 -0.333587 -0.203894 0.920406 0.330228 0 0 0 1 
39885980090251;0.521745;0.105278;0.99445 -0.0920908 -0.0508837 0.0187393 0.0914855 0.995706 -0.014106 -0.266899 0.0519643 0.00937262 0.998605 0.32296 0 0 0 1 
39885980090252;1.01023;0.109731;0.99611 0.084227 0.0259046 0.284065 -0.0880262 0.964682 0.248274 -0.12279 -0.00407826 -0.249589 0.968343 -0.94792 0 0 0 1 
39885980090253;0.430197;0.10619;0.980888 0.124335 -0.149668 0.0914873 -0.0854841 0.966364 0.242555 0.27005 0.174792 -0.225125 0.958523 -0.092632 0 0 0 1 
39885980090254;0.437029;0.144723;0.997405 -0.068305 0.0227584 -0.00646916 0.0692006 0.996751 -0.0412125 0.17251 -0.0198695 0.0426804 0.998891 0.398473 0 0 0 1 
39885980090255;0.581357;0.0931165;0.996946 0.0411148 0.0663894 0.121142 -0.0443012 0.9979 0.0472597 -0.270999 -0.0643069 -0.0500565 0.996674 0.403577 0 0 0 1 
39885980090256;0.383432;0.133604;0.940459 -0.335696 0.0533429 -0.184149 0.338011 0.940178 -0.0425825 0.207495 -0.0358571 0.0580776 0.997668 0.0167236 0 0 0 1 
39885980090257;0.931685;0.0861771;0.984921 0.153259 -0.0802587 -0.116436 -0.158898 0.984859 -0.0693104 0.109677 0.0684211 0.0810182 0.994361 -0.840097 0 0 0 1 
39885980090258;0.517582;0.0835412;0.986568 -0.103432 -0.126435 -0.264949 0.107559 0.993852 0.026245 0.158865 0.122943 -0.0394916 0.991628 0.423742 0 0 0 1 
