#;prob_registration_l1 -r /home/probabilistic_point_clouds_registration/build/tester /home/point_clouds_registration_benchmark//devel/registration_pairs/pioneer_slam_local.txt /home/point_clouds_registration_benchmark//tum/pioneer_slam -s 0.1 -t 0.1 -p 0.3 -r 1000 -m 10 -i 40 
id;initial_error;final_error;transformation
1807261650000;0.252801;0.153203;0.996453 0.0170703 0.0824038 -0.135523 -0.0135939 0.999001 -0.042566 0.110716 -0.0830481 0.0412948 0.99569 0.175412 0 0 0 1 
1807261650001;0.370505;0.127676;0.972409 0.118211 0.201115 -0.0942367 -0.155651 0.97092 0.181898 0.465793 -0.173765 -0.208183 0.962531 0.864987 0 0 0 1 
1807261650002;0.611698;0.197019;0.99995 0.00857293 -0.00512421 0.133258 -0.00868378 0.99972 -0.0220177 -0.666054 0.00493402 0.0220611 0.999744 0.558536 0 0 0 1 
1807261650003;0.65444;0.270704;0.963725 0.261092 -0.0553574 0.273746 -0.256531 0.963396 0.0778393 0.869705 0.0736543 -0.0608148 0.995428 -0.991391 0 0 0 1 
1807261650004;0.70178;0.267002;0.918511 0.351379 0.181302 -0.00461925 -0.324821 0.932019 -0.160726 1.25002 -0.225453 0.0887378 0.970204 1.3808 0 0 0 1 
1807261650005;0.564667;0.105168;0.992678 -0.120305 0.0108269 0.106099 0.120368 0.992715 -0.00531797 -0.0927559 -0.0101082 0.00658223 0.999927 0.768207 0 0 0 1 
1807261650006;0.456118;0.105414;0.997453 -0.0322512 -0.0636199 -0.253815 0.0225928 0.988867 -0.147075 0.283629 0.067655 0.145263 0.987077 -0.666166 0 0 0 1 
1807261650007;0.0911852;0.035722;0.997808 0.0149445 0.0644599 -0.112115 -0.0159345 0.999762 0.0148716 0.0507073 -0.0642223 -0.0158661 0.997809 0.25837 0 0 0 1 
1807261650008;0.628711;0.274092;0.957135 -0.060364 0.283282 0.572997 0.025363 0.991752 0.125636 -0.348069 -0.288529 -0.113066 0.950772 0.739642 0 0 0 1 
1807261650009;0.268333;0.26358;0.98625 -0.165157 -0.00584665 0.0232138 0.165135 0.986263 -0.00405115 -0.337825 0.00643541 0.00302997 0.999975 -0.106181 0 0 0 1 
1807261650010;0.71038;0.247041;0.950421 0.310809 0.00991441 0.0560459 -0.310868 0.950439 0.00510424 0.933521 -0.0078366 -0.00793326 0.999938 -0.868353 0 0 0 1 
1807261650011;0.818748;0.259551;0.920011 0.391862 -0.00479484 0.0124003 -0.391884 0.920001 -0.00497207 1.39134 0.00246289 0.00645338 0.999976 -0.878015 0 0 0 1 
1807261650012;0.646177;0.0408116;0.999998 -0.00163358 0.000771668 0.18246 0.00166992 0.998762 -0.0497095 -0.599509 -0.000689508 0.0497107 0.998763 -0.723744 0 0 0 1 
1807261650013;0.5425;0.0961883;0.989462 0.0235989 -0.142856 0.0955849 -0.0304039 0.998495 -0.045641 -0.10706 0.141564 0.0495035 0.988691 -1.19334 0 0 0 1 
1807261650014;0.402811;0.154357;0.948622 0.18194 -0.258871 0.300467 -0.151976 0.979589 0.131565 0.399934 0.277524 -0.0854636 0.95691 -1.37784 0 0 0 1 
1807261650015;0.62098;0.1401;0.910691 -0.360305 0.202043 0.299684 0.359611 0.932181 0.0414535 -0.876661 -0.203277 0.0349055 0.978499 1.31011 0 0 0 1 
1807261650016;0.314215;0.171828;0.993987 0.097154 -0.0505026 -0.0378059 -0.0950986 0.994597 0.0416289 0.424731 0.0542742 -0.0365759 0.997856 0.00200752 0 0 0 1 
1807261650017;0.544853;0.179404;0.952379 0.0959708 -0.289419 0.202606 -0.193415 0.923921 -0.330093 0.759537 0.235721 0.370352 0.898485 -1.08669 0 0 0 1 
1807261650018;0.870541;0.40956;0.922722 0.361911 0.132681 0.0373131 -0.355265 0.932021 -0.0715853 1.30389 -0.149569 0.0189166 0.98857 1.23014 0 0 0 1 
1807261650019;0.408282;0.165759;0.974784 0.223149 -0.00100111 -0.231619 -0.223151 0.974764 -0.00625663 0.540118 -0.000420316 0.00632226 0.99998 0.334458 0 0 0 1 
1807261650020;0.378251;0.205925;0.967458 -0.00468535 -0.25299 0.0496742 -0.083384 0.938077 -0.336242 0.155221 0.238899 0.346395 0.907159 -0.901374 0 0 0 1 
1807261650021;0.0584465;0.11455;0.999604 0.0153122 -0.0236115 -0.00175508 -0.0152358 0.999878 0.00341302 -0.13467 0.0236609 -0.00305192 0.999715 -0.0518917 0 0 0 1 
1807261650022;0.492617;0.186234;0.981453 -0.0947337 -0.166658 0.224604 0.0820603 0.9933 -0.081368 -0.0675296 0.17325 0.0661828 0.982652 -1.15333 0 0 0 1 
1807261650023;0.436303;0.308216;0.956903 0.288668 0.0317545 -0.0436721 -0.289567 0.956728 0.0286753 0.881108 -0.0221028 -0.0366345 0.999084 0.172433 0 0 0 1 
1807261650024;0.611538;0.190359;0.996059 -0.0121655 0.0878494 0.0811712 0.0189857 0.996833 -0.0772222 0.345573 -0.0866318 0.0785857 0.993136 -0.391827 0 0 0 1 
1807261650025;0.222007;0.156317;0.9924 -0.0945934 -0.078705 -0.145265 0.083494 0.987456 -0.134012 -0.220859 0.0903944 0.126422 0.987849 -0.115777 0 0 0 1 
1807261650026;0.125003;0.019989;0.997871 -0.0132181 -0.0638722 -0.150037 0.00653159 0.994579 -0.103782 0.00648343 0.0648977 0.103144 0.992547 -0.100918 0 0 0 1 
1807261650027;0.446617;0.24704;0.931104 -0.358909 0.06504 0.208603 0.352282 0.931084 0.0947588 -1.06456 -0.0945675 -0.0653178 0.993373 0.405408 0 0 0 1 
1807261650028;0.18577;0.235854;0.98571 0.155857 -0.0639074 0.0147179 -0.158151 0.986879 -0.0325327 0.141783 0.0579984 0.0421748 0.997425 -0.196102 0 0 0 1 
1807261650029;0.503137;0.279784;0.991026 0.0526698 -0.122857 0.0683694 -0.0796025 0.970897 -0.225881 0.543335 0.107385 0.233634 0.966377 -0.251934 0 0 0 1 
1807261650031;0.869936;0.828409;0.999953 0.000425923 -0.00969584 0.0226028 0.00187791 0.971664 0.236357 -0.075758 0.00952178 -0.236364 0.971618 -0.943354 0 0 0 1 
1807261650032;0.361529;0.27423;0.975572 -0.0203576 -0.218736 -0.0399542 -0.0201486 0.983209 -0.18137 0.0780569 0.218756 0.181347 0.95878 0.289895 0 0 0 1 
1807261650033;0.495733;0.465885;0.998656 0.0225162 0.046676 0.043186 -0.022273 0.999736 -0.00572459 0.05531 -0.0467926 0.00467728 0.998894 0.043508 0 0 0 1 
1807261650034;1.09057;0.846313;0.994558 0.0984522 -0.0340793 0.507117 -0.100277 0.993339 -0.0567609 0.53975 0.0282641 0.0598694 0.997806 0.713473 0 0 0 1 
1807261650035;0.885672;0.846855;0.990751 0.053919 -0.124522 0.204413 -0.0355374 0.988737 0.14538 0.195271 0.130959 -0.13961 0.981508 -0.085435 0 0 0 1 
1807261650036;0.893017;0.194069;0.987939 0.0278897 0.152309 0.11245 -0.0408419 0.995747 0.0825838 0.151068 -0.149358 -0.0878084 0.984877 0.717423 0 0 0 1 
1807261650037;0.513994;0.347104;0.999944 0.00158475 0.0104702 0.128939 -0.00244622 0.996564 0.0827854 0.135917 -0.010303 -0.0828064 0.996512 -0.510952 0 0 0 1 
1807261650038;0.984234;0.449369;0.920146 0.0302296 0.390406 -0.12784 -0.0103597 0.998546 -0.0529018 0.396924 -0.391438 0.0446329 0.919122 -0.228221 0 0 0 1 
1807261650039;0.787771;0.267185;0.98686 0.057114 0.151146 0.114837 -0.0357623 0.989451 -0.140388 0.291678 -0.15757 0.133138 0.978492 -0.138509 0 0 0 1 
1807261650040;0.449489;0.0904487;0.972439 0.00321782 0.233133 -0.00308648 -0.0120013 0.99927 0.0362671 0.0663032 -0.232847 -0.0380654 0.971768 0.530642 0 0 0 1 
1807261650041;0.636202;0.190807;0.999602 0.0273538 -0.00684113 0.292229 -0.0273323 0.999621 0.003219 0.421469 0.00692659 -0.00303074 0.999971 -0.330319 0 0 0 1 
1807261650042;0.394001;0.30345;0.999935 -0.00459663 -0.0104475 -0.0906854 0.00446907 0.999916 -0.0122001 0.0442587 0.0105027 0.0121526 0.999871 0.0708703 0 0 0 1 
1807261650043;0.493104;0.245366;0.967884 0.0612822 0.243815 0.183733 -0.0632162 0.998 0.000108174 0.276508 -0.243321 -0.0155178 0.969822 0.263209 0 0 0 1 
1807261650044;0.603128;0.395973;0.999746 0.00703533 -0.0214027 -0.103103 -0.00687126 0.999947 0.00772993 0.116702 0.021456 -0.00758091 0.999741 -0.436592 0 0 0 1 
1807261650045;0.822026;0.343335;0.993399 -0.034274 -0.109471 -0.0344905 0.0740511 0.920443 0.383799 -0.37085 0.0876078 -0.389372 0.916905 -1.85595 0 0 0 1 
1807261650046;0.726796;1.18725;0.999552 0.00133132 -0.0298921 -0.0202534 -0.0050494 0.992187 -0.124656 0.819934 0.0294926 0.124751 0.99175 0.799038 0 0 0 1 
1807261650047;0.841796;0.493047;0.998245 0.0033333 -0.0591218 -0.00927056 -0.00419923 0.999886 -0.0145283 0.133906 0.0590666 0.014751 0.998145 0.63995 0 0 0 1 
1807261650048;0.923373;0.0712651;0.984308 0.0157373 0.175756 0.0932424 -0.0506385 0.979314 0.195908 0.196975 -0.169037 -0.201734 0.964743 0.418254 0 0 0 1 
1807261650049;0.894299;0.74577;0.96778 -0.00178841 0.251789 0.0345593 -0.0230117 0.995162 0.0955164 0.0801012 -0.250742 -0.098233 0.963057 0.513678 0 0 0 1 
1807261650050;0.776112;0.972106;0.988258 0.0565305 0.141954 0.0750054 -0.0167988 0.963609 -0.266789 0.947798 -0.151869 0.261272 0.953243 1.26653 0 0 0 1 
1807261650051;0.472646;0.902942;0.98193 0.097142 0.162408 0.320609 -0.0966293 0.995259 -0.0110724 0.840429 -0.162714 -0.0048211 0.986661 0.509599 0 0 0 1 
1807261650052;0.367213;0.305945;0.999182 0.00475089 0.0401528 0.00751381 -0.01275 0.979428 0.201391 -0.0217464 -0.03837 -0.201739 0.978688 -0.421471 0 0 0 1 
1807261650053;0.543637;0.217349;0.906947 0.0108775 -0.421105 0.241467 -0.105663 0.973582 -0.202421 0.429936 0.407778 0.22808 0.884136 0.292581 0 0 0 1 
1807261650054;0.296591;0.637545;0.992631 -0.0601893 -0.105173 -0.131979 0.0406511 0.983026 -0.178906 0.543909 0.114156 0.173312 0.978229 0.215332 0 0 0 1 
1807261650055;0.546573;0.961361;0.969269 0.0938451 -0.227398 0.194015 -0.0111217 0.940148 0.340585 0.720141 0.24575 -0.32759 0.9123 -0.877968 0 0 0 1 
1807261650056;0.638977;0.168205;0.999162 0.0149043 -0.0381097 -0.150515 -0.0163875 0.999108 -0.0389085 0.315051 0.0374958 0.0395005 0.998516 0.364937 0 0 0 1 
1807261650057;0.733154;1.05142;0.999464 0.0223113 -0.0239708 -0.245916 -0.0265446 0.980636 -0.194031 1.15139 0.0191776 0.194564 0.980702 0.481825 0 0 0 1 
1807261650058;1.00454;0.774255;0.975429 0.00965327 -0.220102 0.216302 -2.67232e-08 0.99904 0.0438159 0.353693 0.220314 -0.0427393 0.974492 -0.0480983 0 0 0 1 
1807261650059;0.328863;0.226625;0.960265 -0.0887251 0.264613 -0.247304 -0.0260071 0.91555 0.401363 -0.115436 -0.277877 -0.392297 0.876862 -0.709695 0 0 0 1 
1807261650060;0.479524;0.404714;0.999957 0.0092385 3.51869e-05 0.00902552 -0.00923192 0.999375 -0.0341259 0.0312818 -0.000350437 0.0341241 0.999418 -0.0851959 0 0 0 1 
1807261650062;0.610394;0.145235;0.994951 0.09517 -0.0318767 0.395375 -0.0965697 0.994276 -0.0457027 0.286141 0.0273448 0.0485502 0.998446 -0.59604 0 0 0 1 
1807261650063;0.0702684;0.148347;0.999328 0.0146316 0.0336185 0.030662 -0.0135054 0.999348 -0.0334869 0.178363 -0.0340865 0.0330104 0.998874 0.0859124 0 0 0 1 
1807261650064;0.431381;0.145485;0.972598 -0.134283 -0.189791 -0.447068 0.119664 0.989035 -0.0865478 -0.121067 0.199332 0.061465 0.978002 -0.307795 0 0 0 1 
1807261650065;0.67345;0.192068;0.9835 0.0152388 -0.180264 0.029422 0.0666068 0.895947 0.439138 0.221683 0.168199 -0.443899 0.880149 -1.89798 0 0 0 1 
1807261650066;0.179936;0.189569;0.991707 -0.127738 -0.0141798 -0.589182 0.127279 0.991427 -0.0295442 0.15776 0.0178322 0.0274943 0.999463 0.114767 0 0 0 1 
1807261650067;0.697139;0.387842;0.955129 -0.291339 -0.0533857 -1.04753 0.294136 0.95416 0.0553388 0.021971 0.0348162 -0.0685584 0.997039 -0.971452 0 0 0 1 
1807261650068;0.609754;0.546165;0.964868 -0.260142 -0.036836 -1.04984 0.25943 0.965487 -0.0230227 0.351043 0.0415539 0.0126575 0.999056 0.141731 0 0 0 1 
1807261650069;0.14606;0.179525;0.996912 -0.0674297 -0.0402357 -0.306031 0.067033 0.997689 -0.0111297 0.168812 0.0408931 0.00839818 0.999128 -0.0108228 0 0 0 1 
1807261650070;0.531087;0.119829;0.982451 0.0685909 -0.173449 0.413006 -0.00482276 0.938959 0.343996 0.0792926 0.186457 -0.337123 0.922812 -1.85819 0 0 0 1 
1807261650071;0.140553;0.131606;0.992733 -0.0108599 -0.119848 -0.0444058 0.00186442 0.997188 -0.0749163 0.290744 0.120324 0.0741484 0.989962 0.155184 0 0 0 1 
1807261650072;0.380476;0.323077;0.996445 0.0204757 -0.0817139 0.167241 -0.0256074 0.997732 -0.0622552 0.0605559 0.0802538 0.0641263 0.99471 0.012427 0 0 0 1 
1807261650073;0.531138;0.284783;0.983613 -0.123186 0.131644 -0.366588 0.0751529 0.943858 0.321688 -0.155651 -0.163881 -0.306524 0.937649 -0.714615 0 0 0 1 
1807261650074;0.56209;0.180217;0.946479 0.196998 0.255674 0.809033 -0.183998 0.980133 -0.0740539 0.788737 -0.265183 0.0230468 0.963923 0.433248 0 0 0 1 
1807261650075;0.57785;0.155266;0.999485 -0.031591 -0.00558835 -0.150716 0.0315461 0.999471 -0.00794239 0.728753 0.0058363 0.00776201 0.999953 -0.440152 0 0 0 1 
1807261650076;0.523862;0.24667;0.982992 -0.15988 -0.0903565 -0.746064 0.140227 0.971154 -0.192862 0.459273 0.118585 0.176911 0.977057 1.08349 0 0 0 1 
1807261650077;0.611234;0.509045;0.99841 -0.021922 0.0519256 -0.0599973 0.0328514 0.974933 -0.22006 -0.259005 -0.0457999 0.221416 0.974103 0.518034 0 0 0 1 
1807261650078;0.330727;0.138434;0.950212 0.0540676 -0.306877 0.367484 -0.0409059 0.997953 0.049165 0.215288 0.308907 -0.0341641 0.950479 0.0664263 0 0 0 1 
1807261650079;0.421945;0.310334;0.917469 -0.126405 -0.377191 -0.384108 0.0785723 0.987075 -0.139673 -0.0647747 0.389971 0.098509 0.915543 0.578514 0 0 0 1 
1807261650080;0.560936;0.269219;0.977242 0.132935 -0.165307 0.798829 -0.185791 0.912456 -0.364563 0.314513 0.102372 0.386979 0.916388 1.29665 0 0 0 1 
1807261650081;0.503671;0.130351;0.983372 0.104359 0.14862 0.331351 -0.126534 0.980777 0.148547 0.100596 -0.130261 -0.164883 0.977674 -1.25279 0 0 0 1 
1807261650082;0.722741;0.318309;0.997837 0.0656794 -0.00259983 0.383554 -0.0656932 0.995145 -0.0732856 0.0366866 -0.00222615 0.0732979 0.997308 -0.528687 0 0 0 1 
1807261650083;0.552134;0.242497;0.998028 -0.0508212 -0.0368391 -0.0442809 0.0476742 0.995509 -0.0817838 -0.32698 0.04083 0.0798663 0.995969 0.0132357 0 0 0 1 
1807261650084;0.867721;0.171744;0.933628 0.343774 -0.100793 2.13658 -0.321001 0.927686 0.190677 0.39214 0.159053 -0.145667 0.976465 -0.938418 0 0 0 1 
1807261650085;0.404997;0.156426;0.978904 -0.148178 -0.140675 -0.612273 0.0829445 0.917422 -0.389176 -0.0464475 0.186726 0.369298 0.910359 1.02595 0 0 0 1 
1807261650086;0.258185;0.160765;0.997725 -0.0660828 0.0133071 -0.199133 0.0671144 0.992257 -0.104507 0.1895 -0.00629793 0.105162 0.994435 0.628639 0 0 0 1 
1807261650087;0.211815;0.140087;0.994468 0.0986923 0.0359628 0.412586 -0.0952253 0.991566 -0.0879103 0.152321 -0.0443356 0.0839994 0.995479 0.351665 0 0 0 1 
1807261650088;0.669831;0.267957;0.958192 -0.2853 -0.0217456 -1.22483 0.263131 0.908485 -0.324679 0.174205 0.112386 0.305383 0.945574 0.586461 0 0 0 1 
1807261650089;0.143654;0.145355;0.992725 0.048506 0.110202 0.128446 -0.0539841 0.997422 0.0472804 0.0505513 -0.107624 -0.0528855 0.992784 -0.0860605 0 0 0 1 
1807261650090;0.732491;0.417345;0.99511 0.0700254 -0.0696634 0.212767 -0.0786338 0.988433 -0.129679 0.83837 0.0597768 0.134523 0.989106 0.58855 0 0 0 1 
1807261650091;0.403612;0.144545;0.984862 0.157875 -0.071572 0.716048 -0.131934 0.95053 0.281222 0.0489662 0.112429 -0.267522 0.95697 -0.764997 0 0 0 1 
1807261650093;1.16071;0.322752;0.8674 0.307815 0.390983 -0.416657 -0.300508 0.950293 -0.0814738 0.192901 -0.396627 -0.046823 0.916785 -0.207828 0 0 0 1 
1807261650094;0.696816;0.42831;0.980123 0.188278 0.0625311 -0.147 -0.185697 0.981583 -0.0448472 -0.0682821 -0.0698232 0.0323439 0.997035 -0.0934691 0 0 0 1 
1807261650095;0.832378;0.266596;0.928884 0.126103 0.348242 0.386165 -0.135214 0.990815 0.00187617 0.269459 -0.344807 -0.04883 0.937403 -0.0482847 0 0 0 1 
1807261650096;1.24922;0.473062;0.965571 0.219969 0.138878 0.158056 -0.15098 0.9086 -0.389425 -0.470227 -0.211846 0.355049 0.910528 0.731207 0 0 0 1 
1807261650097;1.57732;0.313253;0.954734 0.155455 0.253607 0.348918 -0.201777 0.964888 0.168161 0.0945514 -0.218561 -0.211721 0.952578 0.926394 0 0 0 1 
1807261650098;0.431654;0.25653;0.951023 -0.280387 0.130143 -0.040038 0.289778 0.95524 -0.0595383 -0.204605 -0.107624 0.094335 0.989706 0.282869 0 0 0 1 
1807261650099;1.43162;0.365453;0.979574 -0.194043 0.052742 0.651077 0.20104 0.939652 -0.276834 0.355034 0.00415858 0.281782 0.959469 0.587529 0 0 0 1 
1807261650100;0.198846;0.170401;0.996339 -0.0395854 -0.0757746 0.123978 0.0477332 0.992903 0.108927 -0.166921 0.0709249 -0.112145 0.991157 -0.0938522 0 0 0 1 
1807261650101;0.403364;0.225864;0.994587 -0.0850101 0.0597428 0.140861 0.087584 0.995277 -0.0418681 -0.141501 -0.0559014 0.046874 0.997335 -0.176563 0 0 0 1 
1807261650102;0.400187;0.272758;0.994724 -0.0493223 0.0899547 -0.148043 0.051544 0.998416 -0.0225427 -0.164304 -0.0887004 0.0270604 0.995691 -0.00102728 0 0 0 1 
1807261650103;1.02195;0.27648;0.949553 0.25887 0.177021 -0.0147272 -0.278772 0.955309 0.0983369 -0.22841 -0.143654 -0.142725 0.979282 0.55918 0 0 0 1 
1807261650104;1.18672;0.156448;0.999857 -0.00547356 -0.0159736 -0.111657 0.00715076 0.994243 0.106907 -0.518605 0.0152965 -0.107006 0.994141 -0.645496 0 0 0 1 
1807261650105;1.18857;0.323669;0.995859 0.057286 0.0705971 -0.435852 -0.0582215 0.99824 0.0112632 -0.473256 -0.0698276 -0.0153268 0.997441 0.0922298 0 0 0 1 
1807261650106;0.708535;0.296469;0.997727 -0.0299986 0.0603465 -0.223165 0.0306124 0.999488 -0.00927228 -0.32162 -0.0600375 0.0110986 0.998134 0.209549 0 0 0 1 
1807261650107;0.503291;0.251031;0.997647 0.00258714 -0.0685151 0.127173 0.000642013 0.998892 0.0470666 -0.107109 0.0685609 -0.0469998 0.996539 0.243868 0 0 0 1 
1807261650108;1.52224;0.315857;0.953221 -0.22307 0.203984 0.110326 0.244422 0.965851 -0.0859653 0.601341 -0.177842 0.131802 0.975193 -0.335779 0 0 0 1 
1807261650109;0.339127;0.211178;0.915645 -0.122819 0.382766 -0.0528753 0.095149 0.991342 0.0904819 -0.0764845 -0.390565 -0.0464295 0.919404 0.22691 0 0 0 1 
1807261650110;0.998065;0.129205;0.955032 -0.244598 0.167585 0.0637475 0.22604 0.966403 0.122352 -0.164662 -0.191882 -0.0789693 0.978236 -0.516113 0 0 0 1 
1807261650111;0.873902;0.312998;0.969817 0.12724 0.208 0.204353 -0.140393 0.988848 0.0496886 -0.454459 -0.199358 -0.0773907 0.976866 0.417248 0 0 0 1 
1807261650112;0.213542;0.188169;0.998501 -0.0425365 -0.0344548 0.111924 0.0456261 0.994478 0.0945036 -0.142122 0.0302447 -0.0959339 0.994928 -0.155031 0 0 0 1 
1807261650113;1.08553;0.336436;0.972471 -0.211521 0.0977693 -0.219202 0.227023 0.954607 -0.192837 -0.688445 -0.0525422 0.209724 0.976348 -0.131119 0 0 0 1 
1807261650114;0.757919;0.425322;0.948336 0.311899 0.058126 0.302206 -0.290775 0.927724 -0.234048 -0.0354775 -0.126924 0.205055 0.970486 0.549423 0 0 0 1 
1807261650115;1.40826;0.413815;0.975122 0.214861 0.0545207 -0.407251 -0.217672 0.974622 0.0522528 0.364308 -0.04191 -0.0628205 0.997144 0.299163 0 0 0 1 
1807261650116;0.547781;0.226488;0.98625 0.137928 0.0910375 0.106456 -0.148031 0.982207 0.115573 -0.134776 -0.0734768 -0.127461 0.989118 0.279377 0 0 0 1 
1807261650117;1.14474;0.208447;0.959438 0.276962 -0.0526422 -0.210475 -0.259437 0.940465 0.219584 0.38467 0.110324 -0.19702 0.974172 -0.40214 0 0 0 1 
1807261650118;1.22447;0.461042;0.954988 0.235065 -0.18095 -0.0496029 -0.268427 0.944415 -0.189807 0.016566 0.126275 0.229836 0.965003 -0.524124 0 0 0 1 
1807261650119;1.49971;0.241751;0.984087 0.107982 -0.141114 0.208141 -0.125239 0.984874 -0.119742 0.637042 0.126049 0.135509 0.982725 -0.721066 0 0 0 1 
1807261650120;0.30517;0.325953;0.938808 0.222364 0.263046 0.203373 -0.233652 0.972246 0.0120241 0.107454 -0.253072 -0.0727498 0.964708 0.174421 0 0 0 1 
1807261650121;1.42718;0.163281;0.944181 0.320854 0.0746627 0.439888 -0.32876 0.932161 0.151632 -0.763704 -0.0209458 -0.167715 0.985613 0.244074 0 0 0 1 
1807261650122;1.45607;0.268832;0.959906 -0.203823 0.192449 -0.133851 0.236324 0.957649 -0.164497 -0.383798 -0.150771 0.203382 0.967421 -0.701082 0 0 0 1 
1807261650124;1.36594;2.75969;0.293706 0.944797 0.145246 -0.547264 -0.75296 0.135058 0.644058 -0.139164 0.588887 -0.298528 0.751061 0.823642 0 0 0 1 
1807261650125;0.804333;5.13412;0.154515 -0.937787 0.310936 2.24508 -0.00614794 0.313797 0.94947 0.239602 -0.987971 -0.148619 0.0427208 0.631017 0 0 0 1 
1807261650126;0.880272;5.27948;0.167122 -0.915867 0.365044 2.49192 0.908958 0.286548 0.302795 -0.106634 -0.381923 0.281207 0.880374 0.305577 0 0 0 1 
1807261650127;1.55898;5.41394;0.0056973 -0.971052 0.2388 2.39581 0.991235 -0.026036 -0.129521 -0.0978239 0.131989 0.237445 0.962392 -1.12283 0 0 0 1 
1807261650128;0.837192;5.49839;0.194496 -0.951734 0.237432 2.22417 0.974078 0.215905 0.0675135 -0.278152 -0.115517 0.218146 0.969055 -0.245703 0 0 0 1 
1807261650129;0.284015;5.18068;0.0769443 -0.968751 0.235801 2.53052 0.99431 0.0570822 -0.0899405 -0.00944643 0.0736698 0.241379 0.96763 -0.321945 0 0 0 1 
1807261650130;0.193395;8.09339;0.48719 0.704845 0.515596 -2.50296 -0.526375 -0.234094 0.817392 0.282537 0.696833 -0.669622 0.256964 2.89287 0 0 0 1 
1807261650131;0.6404;10.8467;-0.154338 -0.959172 -0.237001 5.24174 0.951803 -0.208689 0.224765 1.77307 -0.265047 -0.190888 0.945152 0.257864 0 0 0 1 
1807261650132;1.48669;6.7353;0.0326934 -0.981121 0.190614 3.83827 0.999347 0.035025 0.00887466 0.522534 -0.0153834 0.190199 0.981625 -0.781778 0 0 0 1 
1807261650133;0.878362;6.95371;0.279136 -0.934061 0.222742 3.27902 0.954915 0.294435 0.0380237 -0.173789 -0.1011 0.202086 0.974136 -0.160888 0 0 0 1 
1807261650134;0.764145;8.30551;0.553296 0.61805 0.558461 -2.49302 -0.681584 -0.0495023 0.730064 0.295005 0.478861 -0.784579 0.393863 3.43385 0 0 0 1 
1807261650135;0.938287;5.20073;0.0308369 -0.967927 0.249332 2.57302 0.984427 -0.0137821 -0.175255 -0.189203 0.17307 0.250854 0.952428 0.0931746 0 0 0 1 
1807261650136;0.165136;5.87411;0.297175 -0.931678 0.208959 2.79402 0.953988 0.280566 -0.105782 -0.072496 0.0399282 0.23078 0.972186 -0.429521 0 0 0 1 
1807261650137;0.685906;4.99525;0.419411 -0.856169 0.301776 2.28216 0.9009 0.351656 -0.254394 -0.145124 0.111683 0.378566 0.918812 -0.0681092 0 0 0 1 
1807261650138;1.14592;5.21966;0.42093 -0.842687 0.335704 2.33288 0.814136 0.514167 0.269843 -0.653542 -0.400001 0.159724 0.902489 -0.259853 0 0 0 1 
1807261650139;0.608764;4.86516;0.100479 -0.975711 0.194659 2.46425 0.99235 0.112388 0.0510996 -0.400311 -0.0717357 0.188035 0.979539 -0.596307 0 0 0 1 
1807261650140;1.51409;6.15963;0.224549 -0.949082 0.220955 2.49764 0.970233 0.238854 0.0399502 0.50626 -0.090692 0.205407 0.974466 0.0195237 0 0 0 1 
1807261650141;0.713806;5.27089;-0.0199525 -0.999707 -0.013709 2.51366 0.861332 -0.0102253 -0.50794 -0.199278 0.507651 -0.0219427 0.861283 -0.463545 0 0 0 1 
1807261650142;1.81337;5.29883;0.131019 -0.964623 0.228772 2.22504 0.979688 0.0906426 -0.178875 -0.0292919 0.15181 0.247561 0.956905 0.455213 0 0 0 1 
1807261650143;1.33398;4.99891;0.0897772 -0.958641 0.270088 2.37606 0.98962 0.116418 0.0842596 0.295855 -0.112218 0.25972 0.959142 0.0962749 0 0 0 1 
1807261650144;0.523192;4.84256;0.286516 -0.936605 0.201692 2.14735 0.854761 0.344984 0.387775 -0.180204 -0.432773 0.061295 0.899417 -0.337116 0 0 0 1 
1807261650145;1.32014;5.51445;0.0627251 -0.972948 0.222346 3.34714 0.996828 0.0501391 -0.0618106 -0.296867 0.0489903 0.225518 0.973006 -0.445293 0 0 0 1 
1807261650146;0.396214;5.29542;0.401258 -0.871448 0.282082 2.38743 0.778543 0.486725 0.396193 -0.149306 -0.482558 0.0606373 0.873762 -0.161374 0 0 0 1 
1807261650147;1.75836;5.18873;-0.0447945 -0.975036 0.217482 2.13057 0.997291 -0.0309322 0.0667328 -0.393794 -0.0583396 0.219882 0.97378 -1.07944 0 0 0 1 
1807261650148;1.81564;5.75614;0.289673 -0.910956 0.293683 2.92456 0.956459 0.286957 -0.0533046 -0.78936 -0.0357162 0.296336 0.954416 0.0753097 0 0 0 1 
1807261650149;1.27562;5.70845;0.0163024 -0.987029 0.15971 2.90497 0.99589 0.030262 0.085368 -0.418669 -0.0890938 0.157662 0.983466 -1.03123 0 0 0 1 
1807261650150;1.69552;5.26551;0.161841 -0.915992 0.367104 2.89409 0.986121 0.136153 -0.0950121 -0.271902 0.037048 0.377386 0.925315 0.416889 0 0 0 1 
1807261650151;1.06641;5.96667;0.068016 -0.982983 0.17064 2.91503 0.990671 0.0867862 0.105063 -0.228152 -0.118084 0.161902 0.979716 -0.923581 0 0 0 1 
1807261650152;1.1455;5.70035;0.12323 -0.970678 0.206396 3.08217 0.991463 0.111496 -0.067596 -0.335303 0.0426016 0.212964 0.976131 -0.089747 0 0 0 1 
1807261650153;0.956413;5.37345;0.250835 -0.931164 0.264603 2.91828 0.965209 0.261431 0.00501235 -0.421409 -0.0738427 0.25414 0.964344 -0.336415 0 0 0 1 
1807261650155;0.606131;0.392037;0.996434 -0.0542466 -0.06463 -0.0243059 0.0571676 0.997384 0.0442367 0.0869324 0.0620613 -0.0477737 0.996928 -0.588485 0 0 0 1 
1807261650156;0.187806;0.0698634;0.997008 -0.077293 0.00083743 -0.295018 0.077289 0.997 0.00405749 -0.144006 -0.00114853 -0.00398062 0.999991 0.198777 0 0 0 1 
1807261650157;0.551788;0.339702;0.99292 -0.11398 0.0334476 -0.504913 0.118026 0.978453 -0.16941 -0.118691 -0.0134177 0.172158 0.984978 0.960915 0 0 0 1 
1807261650158;0.699792;0.479065;0.994117 -0.0862344 -0.0655333 -0.466817 0.0902346 0.994066 0.0607493 -0.0692624 0.0599058 -0.0663053 0.995999 -0.639113 0 0 0 1 
1807261650159;0.309546;0.0943135;0.990697 0.102404 -0.0896255 0.421219 -0.119735 0.968925 -0.216445 -0.0640276 0.0646755 0.225163 0.972172 1.06159 0 0 0 1 
1807261650160;0.485518;0.351264;0.996548 -0.0733425 -0.0389018 -0.372121 0.0797039 0.976326 0.201085 -0.0861069 0.0232328 -0.203492 0.978801 -0.801787 0 0 0 1 
1807261650161;0.330335;0.0886441;0.99825 -0.058554 0.00823019 -0.328389 0.0568429 0.911973 -0.406294 -0.348826 0.0162844 0.406051 0.913705 1.34926 0 0 0 1 
1807261650162;0.550603;0.235975;0.938379 0.345607 -0.00013916 1.12366 -0.345577 0.938302 0.0129102 0.148351 0.00459244 -0.0120666 0.999917 -0.0731424 0 0 0 1 
1807261650163;0.739956;0.313752;0.982344 0.155527 0.103977 0.625271 -0.149264 0.986621 -0.0655706 -0.859489 -0.112784 0.0488929 0.992416 0.60999 0 0 0 1 
1807261650164;0.228506;0.103977;0.958301 0.107422 0.2648 0.355432 -0.113656 0.993486 0.0082888 -0.111506 -0.262185 -0.0380393 0.964268 -0.198096 0 0 0 1 
1807261650165;0.0638727;0.0680382;0.9999 0.0029878 0.0138223 0.0167015 -0.00275034 0.999849 -0.0171663 -0.0713518 -0.0138715 0.0171265 0.999757 0.146924 0 0 0 1 
1807261650166;0.691573;0.076271;0.954887 -0.294696 -0.0366749 -1.24256 0.296743 0.951671 0.0791552 -0.954821 0.0115757 -0.0864673 0.996187 0.00724548 0 0 0 1 
1807261650167;0.645574;0.370966;0.952146 0.0123671 0.305395 0.0860128 -0.0710649 0.980756 0.181847 0.295804 -0.297269 -0.194847 0.934701 -0.933931 0 0 0 1 
1807261650168;0.448255;0.119832;0.95655 0.288962 -0.0388861 1.12623 -0.283233 0.889251 -0.359181 -0.295113 -0.0692102 0.354589 0.932457 1.40181 0 0 0 1 
1807261650169;0.539907;0.163229;0.955898 0.291112 -0.0388925 0.959332 -0.282945 0.948294 0.143811 -0.516727 0.0787465 -0.126464 0.988841 -0.872409 0 0 0 1 
1807261650170;0.652735;0.338575;0.955843 0.0884931 0.280239 0.444331 -0.0932807 0.995633 0.00376469 0.111326 -0.278682 -0.0297394 0.959923 0.501904 0 0 0 1 
1807261650171;0.437786;0.158157;0.942737 0.215096 0.254913 0.673262 -0.265984 0.945967 0.185471 0.0585 -0.201245 -0.242654 0.94901 -0.559431 0 0 0 1 
1807261650172;0.513271;0.279286;0.97491 0.173364 -0.139623 0.270804 -0.171113 0.984852 0.0280644 -0.602085 0.142373 -0.003469 0.989807 0.0610632 0 0 0 1 
1807261650173;0.421662;0.0850361;0.924569 -0.131803 -0.357492 -0.461257 0.126544 0.991226 -0.0381777 0.157215 0.359388 -0.00994049 0.933135 -0.371201 0 0 0 1 
1807261650174;0.342158;0.104304;0.995126 0.0842581 -0.0512372 0.33926 -0.0974767 0.919131 -0.381701 -0.155624 0.0149323 0.384835 0.922865 1.28809 0 0 0 1 
1807261650175;0.695425;0.339675;0.998791 -0.0481893 0.00974831 0.024234 0.0479096 0.998483 0.0271423 0.67262 -0.0110415 -0.0266425 0.999584 -0.288182 0 0 0 1 
1807261650176;0.628882;0.122593;0.936328 0.351049 0.00732673 1.441 -0.348763 0.932243 -0.0963737 -0.156741 -0.0406622 0.0876822 0.995318 -0.199041 0 0 0 1 
1807261650177;0.385778;0.0827856;0.999236 -0.0372896 -0.0117233 -0.142059 0.0372928 0.999304 5.6571e-05 0.0183749 0.011713 -0.000493721 0.999931 0.451344 0 0 0 1 
1807261650178;0.865032;0.259231;0.953014 -0.27276 0.131782 -1.11583 0.277825 0.960394 -0.0213502 -0.570437 -0.120739 0.0569594 0.991049 1.12348 0 0 0 1 
1807261650179;0.799283;0.0610348;0.902697 -0.238936 -0.357837 -1.30554 0.230018 0.970809 -0.067978 -0.267555 0.363634 -0.0209454 0.931306 0.55793 0 0 0 1 
1807261650180;0.951142;0.111148;0.915372 0.376725 0.142032 1.64326 -0.327911 0.902291 -0.279903 0.110562 -0.2336 0.209642 0.949464 1.8016 0 0 0 1 
1807261650181;0.58947;0.10904;0.987656 -0.154829 0.0237385 -0.818068 0.154037 0.98754 0.0321991 -0.726152 -0.0284281 -0.0281451 0.9992 0.0743666 0 0 0 1 
1807261650182;0.51362;0.184199;0.992914 0.0182918 -0.117417 -0.123025 -0.0249433 0.998151 -0.0554315 0.251372 0.116186 0.0579675 0.991534 -0.148798 0 0 0 1 
1807261650183;0.518467;0.327225;0.975237 0.0458834 -0.216351 0.299954 -0.067524 0.993306 -0.0937165 0.160486 0.210603 0.106005 0.971807 0.400238 0 0 0 1 
1807261650184;0.540083;0.0575069;0.968289 -0.24938 0.0150327 -0.990167 0.248693 0.967867 0.0372294 -0.761211 -0.0238339 -0.0323103 0.999194 -0.417549 0 0 0 1 
1807261650186;0.453969;0.203454;0.996948 -0.0711548 -0.0321246 0.135828 0.0738392 0.993016 0.0920154 0.069876 0.0253529 -0.0941066 0.995239 0.033129 0 0 0 1 
1807261650187;0.217396;0.0832437;0.996867 0.0448241 -0.0651674 -0.0365976 -0.0430049 0.998652 0.0290574 0.172528 0.066382 -0.0261639 0.997451 -0.466082 0 0 0 1 
1807261650188;0.833964;0.153831;0.983098 0.0143148 0.182519 -0.0558719 -0.0565772 0.971895 0.228516 0.350867 -0.174118 -0.23498 0.956278 1.30207 0 0 0 1 
1807261650189;0.543168;0.0947519;0.859564 0.384773 -0.336302 0.236727 -0.372575 0.922276 0.10293 0.54885 0.349768 0.0368226 0.936112 -1.14351 0 0 0 1 
1807261650190;0.468639;0.147398;0.917189 -0.267496 0.295314 -0.0481607 0.290876 0.956028 -0.0374357 -0.924641 -0.272315 0.120236 0.954666 1.08514 0 0 0 1 
1807261650191;0.203867;0.073696;0.991385 0.0659484 0.113163 -0.165416 -0.0594723 0.996444 -0.0596831 0.0178611 -0.116697 0.0524389 0.991782 0.466051 0 0 0 1 
1807261650192;0.50492;0.234654;0.986041 0.162992 0.0340099 0.425641 -0.156203 0.97627 -0.149995 0.237608 -0.0576507 0.142589 0.988102 0.0390724 0 0 0 1 
1807261650193;0.791638;0.138754;0.977304 -0.210527 -0.0235788 0.0100148 0.210685 0.977544 0.0044241 -0.480035 0.022118 -0.00929141 0.999712 -0.99907 0 0 0 1 
1807261650194;0.736741;0.226569;0.970054 0.238671 -0.0450625 0.316056 -0.242883 0.954353 -0.173836 0.28391 0.00151576 0.179576 0.983743 -0.664377 0 0 0 1 
1807261650195;0.187863;0.163464;0.973792 0.021748 -0.2264 0.0221028 -0.00236014 0.996331 0.0855562 -0.00916138 0.22743 -0.0827796 0.97027 -0.655053 0 0 0 1 
1807261650196;0.587609;0.20247;0.990522 0.134032 -0.0300213 -0.230217 -0.136905 0.981057 -0.137059 -0.0715431 0.0110824 0.13987 0.990108 0.715181 0 0 0 1 
1807261650197;0.541762;0.0907261;0.949375 0.314127 -0.00340214 -0.280765 -0.313838 0.948869 0.0339635 1.09537 0.013897 -0.0311764 0.999417 -0.217306 0 0 0 1 
1807261650198;0.789459;0.263941;0.994269 0.0464699 -0.0962798 0.399385 -0.0577532 0.99134 -0.117935 0.0780582 0.0899656 0.122819 0.988343 -0.920485 0 0 0 1 
1807261650199;0.344499;0.190202;0.991599 -0.0652286 -0.111697 0.00421537 0.0574481 0.995784 -0.071516 -0.0706115 0.115891 0.0644984 0.991166 -0.532618 0 0 0 1 
1807261650200;0.665434;0.188807;0.996027 0.0890367 -0.00167122 0.187071 -0.0889154 0.99536 0.0367753 -0.534678 0.00493782 -0.0364806 0.999322 -0.0326512 0 0 0 1 
1807261650201;0.637949;0.0717165;0.998349 0.0560905 -0.0123843 -0.654733 -0.0561492 0.998412 -0.00445138 -0.257547 0.0121149 0.0051394 0.999913 -0.289767 0 0 0 1 
1807261650202;0.360138;0.0768921;0.994597 0.103685 -0.00514203 -0.285294 -0.103791 0.99418 -0.0288769 0.202462 0.002118 0.0292545 0.99957 -0.360577 0 0 0 1 
1807261650203;0.394841;0.201537;0.902125 -0.138933 -0.408496 0.118864 0.192177 0.977028 0.0921077 -0.648434 0.386315 -0.161596 0.908101 -1.1287 0 0 0 1 
1807261650204;0.612524;0.142078;0.99746 -0.0693422 -0.0162597 -0.147333 0.0697684 0.99719 0.0272951 -0.353589 0.0143213 -0.0283602 0.999495 0.710914 0 0 0 1 
1807261650205;0.404722;0.238672;0.871355 0.251868 -0.421074 0.211207 -0.305676 0.94996 -0.0643312 0.808659 0.3838 0.184768 0.904742 -0.938498 0 0 0 1 
1807261650206;0.626556;0.142756;0.956452 -0.289669 -0.0359366 -0.553657 0.283014 0.950443 -0.128693 -1.02233 0.0714342 0.112918 0.991033 0.440651 0 0 0 1 
1807261650207;0.542445;0.184913;0.999832 0.00184946 0.01825 -0.243217 -0.00182035 0.999997 -0.00161169 -0.227519 -0.0182529 0.0015782 0.999832 0.715617 0 0 0 1 
1807261650208;0.417306;0.165051;0.949192 -0.0438757 -0.311623 -0.137971 0.00144118 0.990829 -0.135116 0.0562023 0.314694 0.127802 0.94055 -1.09138 0 0 0 1 
1807261650209;0.115948;0.159437;0.996915 -0.0331994 -0.0711238 -0.215062 0.0289204 0.997757 -0.0603714 -0.0551 0.0729686 0.0581282 0.995639 -0.185614 0 0 0 1 
1807261650210;0.290494;0.184482;0.965901 0.257434 0.0276337 0.0159779 -0.244596 0.942278 -0.228658 0.811963 -0.0849029 0.214102 0.973114 0.35769 0 0 0 1 
1807261650211;0.634223;0.232013;0.975903 0.167625 -0.139696 0.661361 -0.188544 0.970047 -0.153164 0.537257 0.109838 0.175812 0.978277 -0.297211 0 0 0 1 
1807261650212;0.518398;0.0721462;0.919155 0.286304 -0.270527 0.148033 -0.259897 0.956892 0.129662 0.883996 0.295988 -0.0488706 0.953941 -1.22987 0 0 0 1 
1807261650213;0.562773;0.270821;0.991792 -0.127641 0.00750724 0.154068 0.120946 0.95558 0.268774 -0.124583 -0.0414802 -0.26566 0.963174 -0.145814 0 0 0 1 
1807261650214;0.522212;0.130828;0.915285 -0.400463 -0.0433938 -0.0578897 0.401639 0.899119 0.173986 -1.45238 -0.0306586 -0.176675 0.983792 0.0763634 0 0 0 1 
1807261650215;0.876402;0.152675;0.905134 -0.371786 -0.206176 0.575748 0.364745 0.92827 -0.0726324 -1.54006 0.21839 -0.00945945 0.975816 -0.798097 0 0 0 1 
1807261650217;0.532131;0.431612;0.980976 0.0286289 0.192006 -0.103411 -0.0702598 0.974374 0.213681 -0.109001 -0.180968 -0.223106 0.957849 -0.767591 0 0 0 1 
1807261650218;0.499155;0.39757;0.99582 -0.0338565 -0.0848263 -0.310853 0.0433617 0.992666 0.112846 -0.111974 0.0803836 -0.116053 0.989985 -0.196365 0 0 0 1 
1807261650219;0.721512;0.707588;0.997425 0.0591675 -0.0405343 -0.225273 -0.0570426 0.997031 0.0517143 -0.930067 0.0434738 -0.0492689 0.997839 -0.587605 0 0 0 1 
1807261650220;0.121853;0.387195;0.986414 -0.13598 0.0921736 -0.557528 0.132662 0.990303 0.0412438 -0.496788 -0.0968881 -0.0284555 0.994888 -0.0499731 0 0 0 1 
1807261650221;0.995809;0.485646;0.993728 -0.11173 0.00449755 -0.659415 0.111657 0.993648 0.0140226 -0.535641 -0.00603573 -0.0134325 0.999892 -0.873772 0 0 0 1 
1807261650222;1.09618;1.04668;0.978135 -0.207972 0.000392535 -0.950848 0.207651 0.976727 0.0537183 -1.05649 -0.0115553 -0.0524622 0.998556 -1.00687 0 0 0 1 
1807261650223;0.826304;0.585369;0.981766 -0.189949 0.00741759 -0.731197 0.189172 0.9801 0.0601453 -0.956801 -0.0186945 -0.0576454 0.998162 -0.416489 0 0 0 1 
1807261650224;0.375842;0.249415;0.975922 -0.184959 -0.115616 -0.662793 0.208243 0.947779 0.241559 -0.779673 0.0649001 -0.259818 0.963474 -1.02191 0 0 0 1 
1807261650225;0.55112;1.13792;0.99746 0.0591741 -0.0396386 -0.449872 -0.0633479 0.991461 -0.113986 -0.9616 0.0325551 0.116207 0.992691 0.536257 0 0 0 1 
1807261650226;0.761509;0.820911;0.989076 -0.146811 -0.0132654 -0.728913 0.146528 0.988998 -0.0203064 -0.386974 0.0161006 0.0181408 0.999706 0.467955 0 0 0 1 
1807261650227;0.75985;0.574724;0.999693 0.00773714 -0.023544 -0.234526 -0.0066999 0.999017 0.04382 0.185747 0.0238599 -0.0436488 0.998762 -0.310243 0 0 0 1 
1807261650228;0.464961;0.742098;0.997011 -0.0629703 -0.0447606 -0.383827 0.0662818 0.99484 0.0768178 -0.509272 0.0396924 -0.079555 0.99604 -0.460609 0 0 0 1 
1807261650229;0.961907;0.434827;0.97688 0.0191158 0.212934 -0.089383 -0.0712541 0.96816 0.239978 0.066561 -0.201567 -0.249602 0.947138 0.190613 0 0 0 1 
1807261650230;1.24871;0.45879;0.960594 -0.0658119 -0.270051 -0.156771 0.0907568 0.992579 0.0809365 -0.545956 0.26272 -0.102256 0.959438 -1.63678 0 0 0 1 
1807261650231;0.35278;0.49348;0.976161 -0.108571 -0.18794 -0.545168 0.0786449 0.983986 -0.159956 -0.477043 0.202297 0.141363 0.969068 0.0801584 0 0 0 1 
1807261650232;0.725754;0.794354;0.967476 -0.0956329 -0.234189 -0.41765 0.131168 0.981257 0.141172 -0.658968 0.216299 -0.167299 0.961887 -0.752583 0 0 0 1 
1807261650233;0.807473;0.709506;0.995333 0.0247788 0.0932607 -0.0213947 -0.0342917 0.994211 0.101825 0.124533 -0.0901977 -0.104548 0.990421 -0.287304 0 0 0 1 
1807261650234;0.330571;0.403304;0.978136 -0.206241 -0.0267405 -0.778219 0.20518 0.977997 -0.0377354 -0.680402 0.0339347 0.0314238 0.99893 0.321474 0 0 0 1 
1807261650235;0.476097;0.712886;0.99566 -0.0406941 -0.0836984 -0.457065 0.0559452 0.980414 0.188836 -0.772428 0.0743745 -0.192699 0.978435 -0.236288 0 0 0 1 
1807261650236;0.451212;0.666408;0.915094 -0.0756064 -0.39609 -0.309715 0.0362892 0.99372 -0.105844 -0.378863 0.401605 0.082483 0.912091 -0.0401575 0 0 0 1 
1807261650237;0.797582;0.383499;0.946691 0.0142245 0.321829 -0.370559 -0.0698627 0.984314 0.162002 -0.380297 -0.314477 -0.17585 0.932835 -0.682372 0 0 0 1 
1807261650238;1.08583;1.45584;0.997795 0.0143756 -0.0648004 -0.644734 -0.0149922 0.999847 -0.00903968 -0.991419 0.0646605 0.00999124 0.997857 0.841136 0 0 0 1 
1807261650239;1.02135;0.895362;0.956586 0.211071 0.200976 0.164268 -0.173009 0.966176 -0.191237 -0.257944 -0.234543 0.148164 0.960748 0.0784582 0 0 0 1 
1807261650240;0.859825;0.392899;0.99716 -0.07443 0.011483 -0.583927 0.0744333 0.997226 0.000135447 -0.212842 -0.0114612 0.000719652 0.999934 0.723881 0 0 0 1 
1807261650241;0.991567;1.02638;0.994416 -0.0839986 0.0638849 -0.408286 0.0595249 0.946318 0.317709 -0.517033 -0.0871426 -0.312132 0.946034 -0.648497 0 0 0 1 
1807261650242;0.558163;0.655236;0.98185 -0.00625228 -0.189554 -0.0466744 0.0246267 0.995198 0.0947359 -0.278493 0.188051 -0.0976845 0.977289 -0.788037 0 0 0 1 
1807261650243;0.371812;0.52558;0.991108 0.0900453 0.0979631 0.0298403 -0.123911 0.892878 0.432915 -0.512196 -0.0484871 -0.441205 0.896096 -1.13812 0 0 0 1 
1807261650244;0.711238;0.195287;0.989397 -0.143709 -0.0210273 -0.577697 0.139042 0.979042 -0.148811 -0.58908 0.0419721 0.14431 0.988642 -0.197769 0 0 0 1 
1807261650245;0.732714;0.420172;0.99047 -0.0422857 -0.131075 -0.245004 0.01507 0.979261 -0.202039 0.0669791 0.1369 0.198139 0.970567 0.0614645 0 0 0 1 
1807261650246;1.2033;0.972039;0.983041 0.106762 0.149105 -0.102905 -0.116389 0.991545 0.0573801 -0.382457 -0.141719 -0.0737612 0.987155 0.942564 0 0 0 1 
1807261650248;0.419559;1.00188;0.998004 -0.0573276 0.0265006 -1.26799 0.0581015 0.997877 -0.0294217 -0.578394 -0.0247577 0.0309027 0.999216 0.138742 0 0 0 1 
1807261650249;0.496114;0.875411;0.992185 0.116286 -0.0452427 -0.755459 -0.1207 0.986384 -0.111703 -0.583882 0.0316371 0.116291 0.992711 0.680711 0 0 0 1 
1807261650250;0.34812;0.854607;0.996183 0.0438429 -0.075481 -0.608357 -0.0541604 0.988587 -0.140582 -0.251182 0.068456 0.144133 0.987188 0.787962 0 0 0 1 
1807261650251;0.451728;0.931362;0.94205 0.323416 -0.0891297 0.0763092 -0.331332 0.938599 -0.0961875 -0.25043 0.0525485 0.120145 0.991365 0.679418 0 0 0 1 
1807261650252;0.33029;0.912056;0.899209 -0.260521 -0.351499 -2.08246 0.177568 0.951558 -0.251011 -0.309481 0.399865 0.163297 0.90191 0.842789 0 0 0 1 
1807261650253;0.249687;0.958101;0.99501 -0.0865507 0.0496459 -1.58706 0.0875216 0.996005 -0.0177248 -0.14853 -0.0479135 0.0219814 0.99861 -0.212839 0 0 0 1 
1807261650254;0.24129;1.01598;0.991607 0.112043 0.0645184 -0.950535 -0.0981684 0.977205 -0.188239 -0.115986 -0.0841387 0.180325 0.980002 0.816682 0 0 0 1 
1807261650255;0.565737;0.951808;0.954726 0.119785 0.272303 -0.805857 -0.00306781 0.919266 -0.393626 -0.611226 -0.297469 0.374969 0.878015 2.08568 0 0 0 1 
1807261650256;0.73595;0.870998;0.890999 0.187076 0.41367 -0.52143 -0.243566 0.965902 0.0877999 0.0275558 -0.383139 -0.178986 0.906184 -1.39247 0 0 0 1 
1807261650257;0.0754684;0.896835;0.999973 0.00114037 0.00730121 -1.11335 -0.00118405 0.999981 0.0059809 -0.0883338 -0.00729425 -0.00598938 0.999955 -0.0557676 0 0 0 1 
1807261650258;0.796962;1.1022;0.994854 0.101315 0.00092845 -0.53742 -0.101181 0.992975 0.0613407 0.711955 0.00529283 -0.061119 0.998116 -0.0666593 0 0 0 1 
1807261650259;0.200045;0.899587;0.999031 -0.038453 0.0214174 -1.21607 0.0381559 0.999172 0.0141115 0.0932439 -0.0219423 -0.0132806 0.999671 0.0188527 0 0 0 1 
1807261650260;0.602384;0.907607;0.967983 -0.165202 -0.188988 -1.86349 0.210815 0.943726 0.254828 -0.282896 0.136255 -0.286511 0.948339 -0.516054 0 0 0 1 
1807261650261;0.61809;0.946942;0.935563 -0.127963 -0.32916 -1.56075 0.133046 0.991084 -0.00713748 -0.147294 0.327139 -0.0371159 0.944247 0.483512 0 0 0 1 
