#;prob_registration_l1 -r /home/probabilistic_point_clouds_registration/build/tester /home/point_clouds_registration_benchmark//devel/registration_pairs/plain_local.txt /home/point_clouds_registration_benchmark//eth/plain -s 0.2 -t 0.2 -p 0.3 -r 1000 -m 10 -i 40 
id;initial_error;final_error;transformation
4215528470000;0.567788;0.413889;0.962479 -0.0173264 0.270802 0.306943 0.00156458 0.998297 0.058312 -0.0138114 -0.271351 -0.0557003 0.960867 1.96413 0 0 0 1 
4215528470001;0.547226;0.0789117;0.991999 0.0996682 -0.0774893 -0.620566 -0.060279 0.913237 0.402945 0.806458 0.110927 -0.39505 0.911938 1.06764 0 0 0 1 
4215528470002;0.032832;0.0242847;0.999931 0.0102878 0.00571756 -0.0545016 -0.0103075 0.999941 0.00343017 0.016155 -0.00568193 -0.00348886 0.999978 0.0378111 0 0 0 1 
4215528470003;0.731607;0.115125;0.995593 -0.0376463 0.0858936 -0.0565432 0.0361722 0.999171 0.0186548 -0.781278 -0.0865247 -0.0154656 0.99613 0.396352 0 0 0 1 
4215528470004;0.518474;0.296375;0.966887 0.0711223 -0.245094 -0.283348 -0.0140562 0.973765 0.22712 0.0921311 0.254817 -0.216154 0.942521 -0.218253 0 0 0 1 
4215528470005;0.0948906;0.0552074;0.999275 0.0293497 0.0242476 -0.160808 -0.0270453 0.995535 -0.0904408 0.241217 -0.0267937 0.0897195 0.995607 -0.290302 0 0 0 1 
4215528470006;0.93827;0.0753837;0.99806 0.053465 -0.0318866 -0.976133 -0.0610804 0.939954 -0.33579 0.480732 0.012019 0.337086 0.941397 -1.30635 0 0 0 1 
4215528470007;0.649378;0.521321;0.994529 -0.0249241 -0.10144 0.0944424 -0.0127292 0.934962 -0.354521 0.49348 0.103679 0.353872 0.929529 -2.01606 0 0 0 1 
4215528470008;0.524363;0.423605;0.961927 0.0329964 -0.271309 0.147992 -0.0701338 0.989246 -0.128348 0.488469 0.264156 0.14249 0.953896 -2.35651 0 0 0 1 
4215528470009;0.400063;0.303343;0.96774 -0.0499367 0.246953 0.248084 0.0626571 0.997068 -0.0439173 -0.36115 -0.244036 0.0579739 0.968032 1.34166 0 0 0 1 
4215528470010;0.581956;0.398267;0.99238 -0.0865389 -0.0877126 0.459456 0.0592686 0.959345 -0.275943 -0.13117 0.108026 0.268642 0.957163 -2.0902 0 0 0 1 
4215528470011;0.358216;0.191165;0.98515 -0.100099 0.139497 0.464391 0.128799 0.968102 -0.214918 -0.76323 -0.113535 0.229694 0.966618 -0.158707 0 0 0 1 
4215528470012;0.581653;0.313575;0.984654 0.120298 -0.126429 -0.431578 -0.0792172 0.953616 0.290414 0.610959 0.155501 -0.275942 0.948512 -0.0738386 0 0 0 1 
4215528470013;0.612837;0.0303238;0.98226 -0.0599466 0.177683 0.142264 0.0578683 0.998182 0.0168611 -0.359065 -0.178371 -0.00627971 0.983943 0.552041 0 0 0 1 
4215528470014;0.871128;0.620559;0.99871 -0.0242364 0.0446122 0.019079 0.025103 0.999505 -0.0189688 -0.256825 -0.0441303 0.0200642 0.998824 0.730066 0 0 0 1 
4215528470015;0.0605696;0.0512177;0.999915 -0.00164336 0.0129228 0.0132056 0.00179915 0.999926 -0.0120532 -0.073622 -0.0129021 0.0120754 0.999844 -0.000319961 0 0 0 1 
4215528470016;0.462589;0.221256;0.972628 0.0151059 0.231877 -0.224433 0.033804 0.978071 -0.205511 -0.184891 -0.229897 0.207724 0.950788 0.798746 0 0 0 1 
4215528470017;0.763704;0.245391;0.993903 0.0512953 0.0975988 -0.319445 -0.0881735 0.901241 0.424252 0.863888 -0.0661979 -0.430271 0.900269 3.02898 0 0 0 1 
4215528470018;0.320962;0.371322;0.998204 0.00102729 0.05989 -0.174349 -0.00704597 0.994925 0.100371 0.0184485 -0.059483 -0.100613 0.993146 0.718248 0 0 0 1 
4215528470019;0.470754;0.243938;0.904938 0.134006 -0.403892 -0.0374323 -0.0767009 0.984942 0.154939 0.507834 0.418573 -0.109231 0.90159 -2.05138 0 0 0 1 
4215528470020;0.901423;0.694112;0.987957 -0.0425832 0.148755 0.1527 0.0573414 0.993692 -0.0963749 -0.262081 -0.143713 0.103744 0.984167 0.0160272 0 0 0 1 
4215528470021;0.310289;0.0648068;0.999481 -0.0186647 -0.0262605 -0.0351322 0.0211881 0.994827 0.0993484 -0.211412 0.0242703 -0.0998532 0.994706 0.514418 0 0 0 1 
4215528470022;0.501427;0.172522;0.9809 0.0544677 -0.18673 -0.019329 -0.0701206 0.994463 -0.0782688 0.455749 0.181433 0.0898675 0.979288 -1.96904 0 0 0 1 
4215528470023;0.509895;0.39587;0.994566 -0.0234298 0.101435 0.166893 0.038455 0.988118 -0.148811 -0.0460209 -0.0967432 0.151903 0.983649 -0.407262 0 0 0 1 
4215528470024;0.756959;0.444816;0.997718 -0.0308224 0.060065 0.0783098 0.0297536 0.999384 0.018608 -0.279536 -0.0606016 -0.0167784 0.998021 0.988721 0 0 0 1 
4215528470025;0.187466;0.123616;0.995011 0.0753011 -0.0654426 -0.310196 -0.0690189 0.993227 0.0934647 0.416722 0.0720374 -0.0884816 0.993469 -0.0875297 0 0 0 1 
4215528470026;0.0729172;0.0451726;0.99963 -0.0270009 -0.00342101 0.149262 0.0269803 0.999618 -0.00594163 -0.164958 0.00358014 0.00584713 0.999976 -0.102731 0 0 0 1 
4215528470027;0.80863;0.203494;0.997378 0.0226509 -0.0687252 -0.268596 -0.031187 0.991566 -0.125795 0.0285182 0.0652962 0.127609 0.989673 -0.354696 0 0 0 1 
4215528470028;0.511375;0.479622;0.996046 0.0332224 -0.0823903 -0.237775 -0.0176779 0.983016 0.182668 0.0486786 0.0870597 -0.18049 0.979716 0.42037 0 0 0 1 
4215528470029;0.874225;0.477404;0.883504 0.0621709 -0.46428 0.706606 -0.0373276 0.997345 0.0625201 0.427147 0.466934 -0.0379063 0.883479 -3.14649 0 0 0 1 
4215528470031;0.986719;0.13147;0.999678 -0.0173646 0.0185203 0.0763169 0.0172687 0.999837 0.00532508 -0.485966 -0.0186097 -0.00500354 0.999814 0.924691 0 0 0 1 
4215528470032;1.06872;0.106472;0.998093 -0.0535001 0.0308049 0.110682 0.0617274 0.872656 -0.484418 -0.0227635 -0.000965651 0.485396 0.874294 -2.56466 0 0 0 1 
4215528470033;0.525088;0.0327708;0.996244 -0.0864067 0.00561655 0.370023 0.0864904 0.996109 -0.016912 -0.923444 -0.00413339 0.0173343 0.999841 -0.454273 0 0 0 1 
4215528470034;0.461314;0.122776;0.998845 0.0472121 0.00897735 -0.282365 -0.0473597 0.998733 0.0170001 0.370424 -0.00816337 -0.0174056 0.999815 -0.177999 0 0 0 1 
4215528470035;0.980295;0.129462;0.999921 -0.011174 0.00574448 -0.667117 0.0111642 0.999936 0.00174816 -0.195174 -0.00576365 -0.00168389 0.999982 0.161487 0 0 0 1 
4215528470036;1.14169;0.570893;0.99734 0.0695903 0.0216788 -0.681978 -0.072847 0.961733 0.264127 0.546006 -0.0024685 -0.265004 0.964244 2.24351 0 0 0 1 
4215528470037;0.241412;0.110158;0.999944 -0.00174536 0.010449 0.0931178 0.00203348 0.999616 -0.027627 0.0343825 -0.0103968 0.0276467 0.999564 0.0146805 0 0 0 1 
4215528470038;0.130156;0.149312;0.99911 0.0287522 0.0308582 -0.205415 -0.0290842 0.999523 0.0103664 0.188347 -0.0305454 -0.0112546 0.99947 0.328531 0 0 0 1 
4215528470039;0.797747;0.415561;0.994541 -0.0631774 -0.0830454 0.257311 0.0390354 0.96335 -0.265392 -0.221335 0.0967686 0.260702 0.960557 -1.81314 0 0 0 1 
4215528470040;0.689028;0.75505;0.988832 -0.132918 -0.0674056 0.640495 0.139903 0.983756 0.11248 -1.23743 0.0513601 -0.120654 0.991365 -0.156939 0 0 0 1 
4215528470041;0.231676;0.0658126;0.946894 -0.122366 -0.297353 1.49102 0.0821431 0.986129 -0.144232 -0.536882 0.310878 0.112147 0.94381 -3.38861 0 0 0 1 
4215528470042;0.841266;0.660988;0.98912 -0.0455047 0.139895 0.1826 0.0306834 0.993857 0.106334 -0.149545 -0.143874 -0.100885 0.98444 1.51117 0 0 0 1 
4215528470043;0.639843;0.605477;0.996215 0.024393 -0.0834316 0.0122968 -0.0218713 0.99928 0.0310064 0.203568 0.0841279 -0.0290643 0.996031 -0.682462 0 0 0 1 
4215528470044;0.994474;0.0747369;0.999916 9.13861e-05 0.0129473 0.0711013 5.82008e-05 0.999933 -0.0115526 0.00362533 -0.0129475 0.0115524 0.999849 -0.794414 0 0 0 1 
4215528470045;0.386524;0.097224;0.994578 0.0156879 0.102801 -0.22292 -0.0623 0.881406 0.468233 0.661527 -0.0832638 -0.472099 0.877605 3.42616 0 0 0 1 
4215528470046;1.07289;0.534559;0.977089 0.0634425 -0.203155 -0.131174 -0.0515532 0.996662 0.063295 0.29713 0.206493 -0.0513716 0.977099 -0.821752 0 0 0 1 
4215528470047;0.459821;0.471862;0.994008 -0.00440582 0.10922 -0.0514181 0.00569736 0.999917 -0.0115158 -0.11083 -0.109161 0.0120691 0.993951 0.809708 0 0 0 1 
4215528470048;0.649857;0.471667;0.998965 0.0372377 -0.0261323 -0.316778 -0.0369494 0.999252 0.0114323 0.280638 0.0265385 -0.0104549 0.999593 -0.084785 0 0 0 1 
4215528470049;0.633618;0.242574;0.99682 -0.0699726 -0.0381315 0.401854 0.0751696 0.984499 0.158468 -0.71419 0.026452 -0.160831 0.986627 1.09995 0 0 0 1 
4215528470050;0.671958;0.342432;0.998123 0.0336533 -0.0511643 -0.152488 -0.0320655 0.998988 0.0315436 0.239759 0.052174 -0.0298437 0.998192 -0.712327 0 0 0 1 
4215528470051;0.865997;0.684558;0.997318 -0.0243642 -0.0690089 0.30349 0.0111592 0.982557 -0.185628 0.169221 0.0723279 0.18436 0.980194 -2.16303 0 0 0 1 
4215528470052;0.470145;0.411996;0.99782 0.0437303 -0.0494279 -0.193131 -0.0451023 0.998618 -0.0269897 0.369522 0.0481793 0.0291602 0.998413 -0.632842 0 0 0 1 
4215528470053;1.01323;0.0632687;0.992632 0.0315355 0.116994 -0.114582 -0.0193835 0.994431 -0.103589 0.133501 -0.119609 0.100558 0.987715 -0.27228 0 0 0 1 
4215528470054;0.877545;0.635337;0.999093 0.0149201 -0.03988 0.0965767 -0.0138084 0.999512 0.0280076 0.149099 0.0402784 -0.0274315 0.998812 -0.728845 0 0 0 1 
4215528470055;0.503431;0.110428;0.997202 -0.0190641 0.0722796 -0.00229678 0.0277896 0.992177 -0.121705 0.20476 -0.069394 0.123373 0.989931 0.131745 0 0 0 1 
4215528470056;0.338949;0.216766;0.96493 -0.249064 0.0829264 1.46618 0.260015 0.950247 -0.171532 -1.92942 -0.036078 0.187079 0.981682 -0.798143 0 0 0 1 
4215528470057;0.60477;0.0299317;0.999665 -0.0159386 0.0203849 0.0578284 0.0153397 0.999456 0.029205 -0.151726 -0.0208393 -0.0288825 0.999366 -0.17432 0 0 0 1 
4215528470058;0.117082;0.041194;0.994425 -0.104635 0.0130375 0.61837 0.104861 0.994324 -0.0179885 -0.928589 -0.0110812 0.0192553 0.999753 -0.0401587 0 0 0 1 
4215528470059;0.289428;0.294538;0.998102 -0.0233462 -0.0569936 0.145004 0.016975 0.993807 -0.109816 -0.0182469 0.0592045 0.10864 0.992317 -1.19548 0 0 0 1 
4215528470060;0.876862;0.617779;0.96299 0.0876859 -0.254876 0.224435 -0.065934 0.99351 0.0926847 0.543198 0.261349 -0.0724494 0.962522 -2.41432 0 0 0 1 
4215528470062;1.03489;0.678275;0.960939 -0.114139 0.252127 0.319284 0.175912 0.955193 -0.238037 -1.81133 -0.213661 0.273091 0.937961 2.60828 0 0 0 1 
4215528470063;0.150783;0.16466;0.997054 0.0349306 0.0682832 -0.263931 -0.041363 0.9946 0.09518 0.477295 -0.0645898 -0.0977241 0.993115 1.23789 0 0 0 1 
4215528470064;1.26892;0.208534;0.979387 0.0901892 -0.180742 0.539507 -0.068057 0.989804 0.125126 0.760156 0.190185 -0.110246 0.975539 -2.99858 0 0 0 1 
4215528470065;0.672821;0.170099;0.998654 -0.0506553 0.0111523 0.0316879 0.0510325 0.998025 -0.0366354 -0.773049 -0.00927447 0.0371553 0.999266 -0.286758 0 0 0 1 
4215528470066;0.971407;0.230329;0.973786 -0.0629427 0.218583 0.103683 0.144424 0.913492 -0.380361 -1.10736 -0.175733 0.401959 0.898636 1.7825 0 0 0 1 
4215528470067;0.479383;0.714594;0.998873 -0.0150119 0.04503 -0.235683 0.0217633 0.987922 -0.153415 0.0207598 -0.0421831 0.154222 0.987135 0.0675121 0 0 0 1 
4215528470068;1.75898;1.46232;0.995126 0.094115 -0.0294314 -0.120697 -0.0879062 0.981914 0.167682 1.18717 0.0446805 -0.164278 0.985402 -0.336667 0 0 0 1 
4215528470069;1.1695;0.41358;0.996347 -0.0517453 0.0679372 -0.145126 0.0480005 0.997296 0.0556436 -0.670178 -0.0706328 -0.0521793 0.996137 1.80381 0 0 0 1 
4215528470070;0.627154;0.205315;0.999854 -0.0143145 0.00929678 0.0204956 0.0139964 0.999343 0.0334202 -0.132828 -0.00976906 -0.0332852 0.999398 -0.0239277 0 0 0 1 
4215528470071;1.13782;0.265134;0.986355 0.0136109 -0.164067 0.769675 0.000271712 0.996441 0.0842977 -0.0133386 0.16463 -0.0831921 0.982841 -2.57641 0 0 0 1 
4215528470072;1.12233;0.584988;0.998748 0.0167204 -0.047137 -0.220474 -0.01584 0.999694 0.0189897 0.0388707 0.0474401 -0.0182193 0.998708 -0.218053 0 0 0 1 
4215528470073;0.253366;0.0175269;0.957159 -0.0972915 0.272728 0.332588 0.172702 0.947815 -0.267993 -1.68545 -0.232422 0.303613 0.924013 2.43142 0 0 0 1 
4215528470074;0.891847;0.211451;0.925678 0.172662 -0.336614 1.26718 -0.0938982 0.966793 0.237687 0.887559 0.366475 -0.188414 0.911151 -4.8043 0 0 0 1 
4215528470075;0.661748;0.412239;0.998449 0.0192256 0.0522518 -0.305841 -0.0194642 0.999802 0.00406043 0.348859 -0.0521634 -0.00507117 0.998626 1.0612 0 0 0 1 
4215528470076;1.55682;0.183756;0.999904 0.0038525 -0.0132929 -0.0692358 -0.0039075 0.999984 -0.00411413 0.244539 0.0132768 0.00416568 0.999903 -1.08758 0 0 0 1 
4215528470077;0.434483;0.386681;0.998455 -0.0555546 0.000569391 0.135868 0.055485 0.996576 -0.0612977 -0.555216 0.00283793 0.0612346 0.998119 -0.346693 0 0 0 1 
4215528470078;1.12372;1.21233;0.960397 -0.067241 0.270399 0.0678457 0.0677567 0.997674 0.00743805 -0.95658 -0.27027 0.0111778 0.96272 3.90013 0 0 0 1 
4215528470079;1.36039;1.20002;0.993991 -0.0107729 0.10893 -0.383316 0.0262785 0.989528 -0.141931 -0.160942 -0.10626 0.143941 0.983865 1.32042 0 0 0 1 
4215528470080;1.57691;1.06316;0.981746 0.120802 -0.146904 0.0956668 -0.0899598 0.975462 0.200951 1.23094 0.167575 -0.184067 0.968524 -1.62011 0 0 0 1 
4215528470081;1.29705;1.16063;0.993854 0.104279 -0.0371407 -0.474104 -0.0997581 0.989155 0.107796 1.58934 0.0479788 -0.103428 0.993479 -0.314805 0 0 0 1 
4215528470082;0.754436;0.155349;0.996102 -0.0559214 -0.0682138 0.434635 0.0459353 0.989076 -0.140064 -0.670468 0.0753012 0.136384 0.98779 -1.27509 0 0 0 1 
4215528470083;1.36137;0.459056;0.995268 0.00418434 0.0970791 -0.397466 0.00249257 0.997644 -0.0685549 0.143895 -0.0971372 0.0684725 0.992913 1.86353 0 0 0 1 
4215528470084;1.66015;0.972491;0.985399 -0.0399712 -0.165503 0.389985 0.0291414 0.997303 -0.0673555 -0.247663 0.167749 0.0615491 0.983907 -2.90308 0 0 0 1 
4215528470085;1.13067;0.0916984;0.999507 -0.020713 -0.0236059 -0.127907 0.0227377 0.995771 0.0890086 -0.74866 0.0216624 -0.0895014 0.995751 0.584543 0 0 0 1 
4215528470086;1.1632;1.16744;0.92995 -0.0246894 0.366856 0.239514 0.0137838 0.999383 0.0323177 -0.278373 -0.367427 -0.0249972 0.929716 5.49455 0 0 0 1 
4215528470087;0.757202;0.793821;0.997479 -0.0101322 0.0702366 -0.292001 0.017298 0.994616 -0.10218 -0.0260132 -0.0688231 0.103137 0.992283 0.849426 0 0 0 1 
4215528470088;1.28516;0.693452;0.999465 -0.0325363 0.00327281 -0.088188 0.0326183 0.999039 -0.0292875 -0.529298 -0.00231676 0.0293786 0.999566 0.537354 0 0 0 1 
4215528470089;0.703952;0.412214;0.997526 0.0486338 -0.0507626 -0.235607 -0.0468956 0.99829 0.0348891 0.680497 0.0523726 -0.0324223 0.998101 -0.310224 0 0 0 1 
4215528470090;1.03548;0.414213;0.957838 -0.116231 0.262748 0.226223 0.209052 0.909287 -0.359854 -1.81342 -0.197088 0.39961 0.895248 1.22481 0 0 0 1 
4215528470091;1.49069;1.48009;0.997768 0.0613105 0.0264703 -0.261126 -0.0636173 0.993196 0.0975403 0.778878 -0.02031 -0.0990065 0.994879 0.657959 0 0 0 1 
4215528470093;0.435815;0.458724;0.995877 -0.09071 0.000735648 0.473137 0.087819 0.966106 0.242748 -0.257148 -0.0227304 -0.241682 0.970089 0.25328 0 0 0 1 
4215528470094;0.626818;0.02887;0.999167 0.0392274 0.0112815 -0.0511391 -0.0387578 0.998479 -0.0391993 0.230895 -0.012802 0.0387294 0.999168 -0.641567 0 0 0 1 
4215528470095;0.64508;0.486797;0.998942 -0.0445397 -0.0114525 0.23405 0.043782 0.997264 -0.0595639 -0.150171 0.0140741 0.0589995 0.998159 -0.393462 0 0 0 1 
4215528470096;0.715932;0.53418;0.999373 -0.0353651 0.00169119 0.120932 0.0354055 0.998291 -0.0464986 -0.236638 -4.38712e-05 0.0465293 0.998917 -0.351485 0 0 0 1 
4215528470097;0.899584;0.918844;0.993428 -0.112332 0.0219705 0.333482 0.114459 0.974134 -0.194838 -0.498214 0.000484279 0.196072 0.980589 0.302128 0 0 0 1 
4215528470098;0.598276;0.293787;0.98977 -0.0487436 0.134084 0.152959 0.0248632 0.984376 0.174317 -0.218836 -0.140486 -0.1692 0.975518 0.103964 0 0 0 1 
4215528470099;0.333474;0.0393981;0.97098 0.0465323 -0.234589 0.0928583 0.0533578 0.914016 0.402153 -0.122077 0.233131 -0.403 0.885009 -0.444024 0 0 0 1 
4215528470100;0.645112;0.02419;0.99974 -0.0227471 -0.00123289 0.0219124 0.0227405 0.999728 -0.00512387 -0.0280406 0.0013491 0.00509451 0.999986 -0.696188 0 0 0 1 
4215528470101;0.802084;0.0672636;0.999392 -0.00701695 0.034144 0.700007 0.00906603 0.998143 -0.060233 0.15465 -0.0336579 0.060506 0.9976 0.370687 0 0 0 1 
4215528470102;0.571321;0.0415667;0.999858 -0.0160542 0.00517164 -0.175414 0.0162729 0.998834 -0.0454592 0.194807 -0.0044358 0.0455369 0.998953 -0.532232 0 0 0 1 
4215528470103;0.118159;0.122857;0.999877 -0.0138643 -0.00727353 0.0124221 0.0138584 0.999904 -0.000854615 -0.0440474 0.00728468 0.000753711 0.999973 -0.0602975 0 0 0 1 
4215528470104;0.483078;0.0600101;0.959156 -0.0119201 0.282627 0.169605 -0.0136323 0.996003 0.0882718 -0.232398 -0.28255 -0.0885193 0.95516 1.1603 0 0 0 1 
4215528470105;0.856272;0.690123;0.963885 0.00571593 0.266258 -0.017655 0.0451459 0.981793 -0.18451 -0.161161 -0.262465 0.189867 0.946077 0.614541 0 0 0 1 
4215528470106;0.960069;0.555286;0.995482 -0.022794 0.0921768 0.225866 0.0202185 0.999381 0.0287786 -0.218947 -0.0927757 -0.0267849 0.995327 0.825504 0 0 0 1 
4215528470107;0.403602;0.22706;0.95175 0.053613 -0.302156 0.0874132 -0.0558032 0.998441 0.00138562 0.282649 0.301759 0.0155425 0.953258 -1.02564 0 0 0 1 
4215528470108;0.717513;0.548668;0.999993 -0.00193787 0.00328332 0.12622 0.0021264 0.998289 -0.0584258 -0.131197 -0.00316448 0.0584324 0.998286 0.0588597 0 0 0 1 
4215528470109;0.671253;0.172865;0.999541 -0.0296341 0.00625824 0.0552274 0.0297129 0.999475 -0.0129076 -0.105925 -0.00587245 0.0130876 0.999897 0.614266 0 0 0 1 
4215528470110;0.085073;0.0229858;0.999759 0.0215767 0.00401445 -0.0238855 -0.0215463 0.99974 -0.0074617 0.070713 -0.00417441 0.00737341 0.999964 -0.0744754 0 0 0 1 
4215528470111;0.687198;0.0194324;0.998502 0.0044177 0.0545401 -0.132145 -0.00770236 0.998159 0.0601623 0.00273548 -0.0541739 -0.0604922 0.996697 0.894245 0 0 0 1 
4215528470112;0.990082;0.193399;0.998385 0.0526031 -0.0214513 -0.0323524 -0.0484357 0.98553 0.162434 0.235126 0.0296854 -0.161132 0.986486 0.957595 0 0 0 1 
4215528470113;0.115928;0.0240127;0.998666 0.0516264 -0.00133618 -0.108039 -0.0516308 0.99866 -0.00350107 0.207704 0.00115364 0.00356538 0.999993 -0.0235254 0 0 0 1 
4215528470114;0.310906;0.0464771;0.999992 -0.00337641 0.00199 -0.137584 0.00338368 0.999988 -0.00366481 -0.022477 -0.0019776 0.00367152 0.999991 -0.274916 0 0 0 1 
4215528470115;0.363564;0.2399;0.999788 0.0166146 0.0121407 0.1178 -0.0155694 0.996541 -0.0816309 0.0673264 -0.013455 0.0814246 0.996589 -0.0491787 0 0 0 1 
4215528470116;0.348278;0.27219;0.921298 -0.0666761 0.383099 0.291013 0.0179836 0.991442 0.129306 -0.0164146 -0.388442 -0.11224 0.914612 0.970695 0 0 0 1 
4215528470117;0.290367;0.291471;0.997707 0.0026872 -0.0676289 0.0391716 -0.00832811 0.996492 -0.0832667 0.0365164 0.0671679 0.083639 0.99423 -0.153031 0 0 0 1 
4215528470118;0.65787;0.32065;0.998992 -0.00415351 0.0447008 0.276685 0.00769011 0.996826 -0.0792388 -0.145855 -0.0442298 0.0795026 0.995853 -0.360671 0 0 0 1 
4215528470119;0.205525;0.0231664;0.992517 -0.0798071 0.0924143 0.0706831 0.0894766 0.990363 -0.105709 -0.112905 -0.0830874 0.113187 0.990094 0.216622 0 0 0 1 
4215528470120;0.310799;0.0487482;0.992272 -0.0382514 -0.118035 0.0863131 0.0756468 0.940548 0.33113 -0.303354 0.0983514 -0.3375 0.936173 -0.0403193 0 0 0 1 
4215528470121;0.660347;0.0328495;0.93875 -0.035589 0.342757 0.264054 0.153159 0.934102 -0.322485 -0.511486 -0.308693 0.355229 0.882338 1.19225 0 0 0 1 
4215528470122;0.789381;0.466978;0.983199 0.01755 0.181693 -0.0626958 -0.0400432 0.991859 0.120881 0.0928376 -0.178093 -0.126126 0.975897 0.00656545 0 0 0 1 
4215528470124;0.80876;0.534542;0.946975 0.0115175 0.321101 0.109716 0.0442042 0.985185 -0.165702 0.0341911 -0.318252 0.17111 0.932436 0.726316 0 0 0 1 
4215528470125;0.139303;0.0655453;0.991243 -0.0386659 -0.126264 0.119431 0.0215781 0.990747 -0.133997 -0.0954097 0.130276 0.130099 0.982905 -0.88219 0 0 0 1 
4215528470126;0.0966618;0.103335;0.997839 -0.0208668 -0.0623091 0.038337 0.0217273 0.999677 0.013165 -0.0516344 0.0620143 -0.0144903 0.99797 -0.270615 0 0 0 1 
4215528470127;0.789796;0.107889;0.999074 -0.0429977 0.00142279 -0.172618 0.0430001 0.999074 -0.00167211 -0.0117806 -0.00134957 0.00173175 0.999998 0.660048 0 0 0 1 
4215528470128;0.207096;0.0611432;0.999091 0.0349594 0.0243987 -0.0446621 -0.0348961 0.999386 -0.00301815 0.15141 -0.0244893 0.00216399 0.999698 -0.0934545 0 0 0 1 
4215528470129;0.938911;0.103284;0.999952 0.00768633 0.00605945 -0.107065 -0.00767672 0.999969 -0.0016075 0.223475 -0.00607162 0.0015609 0.99998 0.862599 0 0 0 1 
4215528470130;0.991785;0.704077;0.985943 0.0319519 -0.163995 -0.272372 -0.0109377 0.991781 0.127475 -0.000350719 0.166721 -0.12389 0.97819 -0.148251 0 0 0 1 
4215528470131;0.387282;0.27698;0.999927 -0.0112626 0.00432823 -0.111673 0.0112864 0.999921 -0.00551595 -0.0131267 -0.00426577 0.0055644 0.999975 -0.109151 0 0 0 1 
4215528470132;0.92999;0.451684;0.999289 -0.0302423 0.0224989 0.0764844 0.0311244 0.998717 -0.0399466 -0.0413175 -0.021262 0.0406185 0.998948 -0.782698 0 0 0 1 
4215528470133;0.555582;0.468564;0.999705 0.00334281 0.0240535 0.050055 0.00193597 0.976358 -0.216151 0.0242705 -0.0242073 0.216134 0.976064 -0.573617 0 0 0 1 
4215528470134;0.99593;0.65371;0.966459 0.0189598 0.256119 -0.0236341 -0.0393628 0.996423 0.074772 0.184276 -0.253785 -0.0823456 0.963749 0.467041 0 0 0 1 
4215528470135;1.17319;0.821701;0.988954 -0.0212762 0.146685 -0.11745 0.0771425 0.918927 -0.38681 -0.304323 -0.126563 0.393854 0.910418 0.306577 0 0 0 1 
4215528470136;0.830588;0.695683;0.998773 -0.00673583 0.0490572 -0.0619038 -0.00815825 0.954782 0.297194 -0.026268 -0.0488408 -0.297229 0.953556 0.907401 0 0 0 1 
4215528470137;0.395265;0.258617;0.988499 -0.038566 0.146224 -0.0135995 -0.0271223 0.906042 0.422317 0.332935 -0.148772 -0.421426 0.894577 1.76031 0 0 0 1 
4215528470138;1.02893;0.912605;0.994714 0.0659409 -0.0787078 -0.00682791 -0.0552251 0.989802 0.131311 0.212515 0.0865639 -0.126271 0.988212 -0.405693 0 0 0 1 
4215528470139;0.649753;0.272319;0.988331 -0.0722716 -0.134086 -0.0642679 0.0416223 0.974909 -0.218678 -0.234425 0.146526 0.210545 0.966541 -0.693631 0 0 0 1 
4215528470140;0.360307;0.0955977;0.901631 -0.0391352 0.430732 0.429711 0.0769728 0.994519 -0.070764 -0.323939 -0.425602 0.0969576 0.899701 1.75892 0 0 0 1 
4215528470141;0.657293;0.112441;0.998022 0.0169388 -0.0605336 -0.54511 -0.0181667 0.999639 -0.0197921 0.0429499 0.0601765 0.0208527 0.99797 -0.421025 0 0 0 1 
4215528470142;0.724166;0.519296;0.999792 0.0201347 0.00329457 -0.131858 -0.0199877 0.999007 -0.0398184 -0.0532955 -0.00409303 0.0397443 0.999202 0.233933 0 0 0 1 
4215528470143;0.681426;0.0759622;0.945229 0.114818 -0.305546 -0.39324 -0.038275 0.96862 0.245581 0.346873 0.324155 -0.220436 0.919963 -1.20871 0 0 0 1 
4215528470144;0.404104;0.25316;0.99984 0.0177702 -0.00206503 -0.208371 -0.0176615 0.998865 0.0442311 0.168322 0.00284868 -0.0441875 0.999019 -0.00997986 0 0 0 1 
4215528470145;0.189223;0.030528;0.997762 -0.0533297 -0.0403323 0.156477 0.0396438 0.957578 -0.285436 -0.0545771 0.0538435 0.283198 0.957549 -0.896241 0 0 0 1 
4215528470146;0.235131;0.0523161;0.991729 0.0411379 0.121579 -0.162495 -0.0398753 0.999123 -0.0128006 0.125269 -0.121999 0.00784674 0.992499 0.615934 0 0 0 1 
4215528470147;0.605051;0.248223;0.999266 0.00643062 -0.0377731 -0.279882 -0.00654426 0.999974 -0.00288561 -0.0363088 0.0377536 0.00313068 0.999282 -0.455033 0 0 0 1 
4215528470148;0.594371;0.276417;0.909437 -0.06037 0.411437 0.468419 0.00970759 0.992218 0.12413 -0.0914762 -0.415729 -0.108895 0.902946 2.46295 0 0 0 1 
4215528470149;0.787506;0.597201;0.999773 0.00946881 0.0191057 0.0554761 -0.0094646 0.999955 -0.00031047 -0.124999 -0.0191078 0.000129572 0.999817 0.0473479 0 0 0 1 
4215528470150;0.616542;0.266139;0.984509 0.0329281 0.172215 -0.115111 -0.0354061 0.999309 0.011336 0.103845 -0.171722 -0.0172579 0.984994 1.27681 0 0 0 1 
4215528470151;0.660847;0.623178;0.999685 -0.0198583 0.0153554 -0.0247217 0.0211038 0.996095 -0.0857295 0.0312733 -0.013593 0.0860265 0.9962 -0.456338 0 0 0 1 
4215528470152;0.936036;0.217926;0.994419 0.0289369 0.10146 -0.0644782 -0.0335016 0.998488 0.0435775 0.104868 -0.100046 -0.0467334 0.993885 -0.336854 0 0 0 1 
4215528470153;0.43556;0.451248;0.993235 -0.0410004 -0.108644 -0.0245691 0.0234227 0.9871 -0.158382 -0.118504 0.113736 0.154766 0.981382 -0.929714 0 0 0 1 
4215528470155;0.767559;0.552544;0.998546 0.0513683 -0.0163589 -0.129618 -0.04955 0.99406 0.096904 0.35786 0.0212396 -0.0959524 0.995159 -0.256084 0 0 0 1 
4215528470156;0.534127;0.0613138;0.955729 0.0944384 -0.278682 0.140933 -0.0662932 0.991855 0.108765 0.215495 0.286684 -0.085475 0.954205 -1.40011 0 0 0 1 
4215528470157;0.770434;0.378158;0.990711 0.042899 0.129037 -0.116305 -0.0365763 0.99803 -0.050977 0.066296 -0.130969 0.0457838 0.990329 1.12949 0 0 0 1 
4215528470158;0.945303;0.585505;0.983597 0.083211 -0.16004 0.0160462 -0.0559514 0.984222 0.167861 0.357293 0.171483 -0.156153 0.972733 -1.12849 0 0 0 1 
4215528470159;0.28795;0.172561;0.999271 -0.0171553 -0.0341176 -0.0804499 0.0163155 0.999561 -0.0247421 -0.0173161 0.0345271 0.0241674 0.999112 0.0915501 0 0 0 1 
4215528470160;0.771203;0.464913;0.998525 -0.0145927 -0.0522943 -0.127952 0.0129879 0.999438 -0.0308969 0.00565249 0.0527158 0.0301721 0.998154 -0.852469 0 0 0 1 
4215528470161;0.233784;0.195502;0.992692 0.019855 0.119032 -0.0260185 -0.0203306 0.999789 0.00278201 0.0551293 -0.118952 -0.00518168 0.992886 0.319137 0 0 0 1 
4215528470162;0.571431;0.109886;0.996842 0.0206421 0.0766846 -0.564248 -0.0333039 0.985274 0.167707 0.0910846 -0.0720935 -0.169732 0.98285 0.662183 0 0 0 1 
4215528470163;0.611739;0.0141755;0.995891 -0.0798189 0.0427865 -0.0754947 0.0810011 0.996358 -0.0266443 0.00345221 -0.0405039 0.0300005 0.998729 0.785618 0 0 0 1 
4215528470164;0.552648;0.472544;0.999111 -0.0182464 0.0380072 0.125604 0.0196424 0.999134 -0.0366879 -0.150013 -0.0373048 0.0374018 0.998604 0.158061 0 0 0 1 
4215528470165;0.294545;0.0860029;0.998956 0.0239543 -0.0388882 -0.0931027 -0.0230688 0.999468 0.023064 0.308919 0.03942 -0.0221428 0.998977 -0.224481 0 0 0 1 
4215528470166;0.624564;0.512813;0.999286 0.0191548 0.0325624 0.206119 -0.0177382 0.998907 -0.0432498 0.000830469 -0.0333552 0.0426413 0.998533 -0.233826 0 0 0 1 
4215528470167;0.723593;0.119184;0.996969 0.0778019 0.000680923 -0.328146 -0.0775913 0.994842 -0.0653438 0.328439 -0.00576129 0.0650929 0.997863 0.787501 0 0 0 1 
4215528470168;0.682452;0.388082;0.924721 0.120666 -0.361013 -0.217002 -0.0926122 0.991246 0.0940946 0.40019 0.369207 -0.0535771 0.927802 -0.492941 0 0 0 1 
4215528470169;0.452691;0.117234;0.995972 0.0556815 -0.0702767 -0.0561734 -0.0473259 0.992189 0.115419 0.157965 0.0761545 -0.111629 0.990828 -0.601797 0 0 0 1 
4215528470170;0.927037;0.0575702;0.973365 0.189592 -0.128899 -0.540814 -0.119839 0.900075 0.418932 1.04708 0.195445 -0.392327 0.898822 -0.801261 0 0 0 1 
4215528470171;0.544194;0.369863;0.909891 -0.00412973 -0.414827 0.378442 -0.0914976 0.973328 -0.210383 0.41509 0.404631 0.229381 0.885245 -1.77494 0 0 0 1 
4215528470172;0.700934;0.350952;0.902122 0.0380156 0.429804 -0.0228798 -0.0182059 0.998578 -0.0501103 -0.0194606 -0.431097 0.0373806 0.901531 1.72067 0 0 0 1 
4215528470173;0.534414;0.199613;0.976189 0.125054 -0.177247 -0.0290455 -0.128728 0.991636 -0.00933386 0.548917 0.174597 0.0319282 0.984122 -1.12458 0 0 0 1 
4215528470174;0.297039;0.0374321;0.996987 0.0735647 0.0246158 -0.111052 -0.0767062 0.982213 0.171387 0.269085 -0.0115699 -0.172759 0.984896 -0.0932371 0 0 0 1 
4215528470175;0.347703;0.163119;0.992805 0.0311144 0.11563 -0.0593572 -0.0751347 0.913767 0.399229 0.174081 -0.0932369 -0.405045 0.90953 0.552927 0 0 0 1 
4215528470176;0.75672;0.518271;0.950207 -0.00380583 0.311596 -0.0317876 0.0692536 0.977499 -0.199249 0.0558698 -0.303827 0.210907 0.92909 0.438855 0 0 0 1 
4215528470177;0.756848;0.128906;0.99083 0.135003 -0.0055618 -0.0532624 -0.127281 0.946389 0.296897 0.50614 0.0453455 -0.293466 0.954893 -0.673753 0 0 0 1 
4215528470178;0.523311;0.495628;0.982807 -0.0360909 -0.181075 0.161736 0.0207142 0.996071 -0.0861028 -0.0155489 0.183471 0.0808716 0.979693 -0.888526 0 0 0 1 
4215528470179;0.41696;0.20659;0.957266 0.127698 -0.259489 0.00449558 -0.0591511 0.964722 0.256539 0.329698 0.283094 -0.230227 0.931049 -0.745329 0 0 0 1 
4215528470180;0.591922;0.279323;0.991935 0.0572157 -0.1131 0.0191412 -0.0532231 0.997859 0.0380135 0.227712 0.115033 -0.0316873 0.992856 -0.874419 0 0 0 1 
4215528470181;0.100371;0.0209635;0.99713 0.0723144 -0.0224022 -0.0877255 -0.0690181 0.98994 0.123509 0.251582 0.0311083 -0.121608 0.992091 0.0152742 0 0 0 1 
4215528470182;0.852078;0.36238;0.99221 0.00713091 -0.124368 0.0778757 -0.00223974 0.99922 0.0394237 0.0874232 0.124553 -0.038838 0.991453 -1.30228 0 0 0 1 
4215528470183;0.165427;0.0154602;0.999016 -0.00844538 0.0435358 0.107391 0.0131792 0.993886 -0.109621 -0.0351751 -0.0423438 0.110087 0.99302 0.13125 0 0 0 1 
4215528470184;0.841318;0.176428;0.882202 -0.0209223 -0.470406 0.379268 -0.0264646 0.99523 -0.0938968 0.540247 0.470126 0.095285 0.877441 -2.40236 0 0 0 1 
4215528470186;0.933251;0.533265;0.999866 0.00211528 0.016239 0.00233522 -0.00366064 0.9954 0.0957321 0.0150163 -0.0159619 -0.0957787 0.995275 -0.557373 0 0 0 1 
4215528470187;0.872934;0.462798;0.960541 -0.0710606 -0.268909 0.273764 0.00256158 0.969032 -0.246921 0.268783 0.278128 0.236489 0.930977 -2.32371 0 0 0 1 
4215528470188;0.636802;0.118581;0.998901 0.0439347 -0.016343 -0.407181 -0.0461231 0.983421 -0.175373 0.0696086 0.00836706 0.175934 0.984366 0.00911706 0 0 0 1 
4215528470189;0.616608;0.329146;0.919558 0.0150988 0.392664 0.333311 0.0308903 0.993392 -0.110538 -0.0670493 -0.391738 0.113776 0.913015 1.73315 0 0 0 1 
4215528470190;0.721491;0.0624159;0.997514 0.0672289 0.0211299 -0.498498 -0.0668633 0.997608 -0.0175562 0.124184 -0.0222596 0.0160998 0.999623 -0.516759 0 0 0 1 
4215528470191;0.988569;0.309628;0.998262 0.0589282 -0.00115057 -0.253246 -0.0585875 0.994242 0.0897281 0.324645 0.00643146 -0.0895047 0.995966 0.974506 0 0 0 1 
4215528470192;0.483071;0.491693;0.996246 0.0160268 0.0850754 -0.0478706 -0.0082172 0.995784 -0.091364 0.0815595 -0.086181 0.0903219 0.992177 0.238636 0 0 0 1 
4215528470193;1.00219;0.821667;0.993376 0.00102401 0.114907 0.00715091 -0.00929915 0.997397 0.0715031 6.99169e-05 -0.114535 -0.072098 0.9908 1.15406 0 0 0 1 
4215528470194;0.574823;0.451175;0.971359 -0.0272283 -0.236052 0.254922 -0.0432486 0.956561 -0.288307 0.390278 0.233648 0.290258 0.927986 -1.82079 0 0 0 1 
4215528470195;0.262201;0.193038;0.999332 0.0335857 -0.0144 -0.175196 -0.0329513 0.998564 0.042232 0.166686 0.0157977 -0.0417293 0.999004 0.0960825 0 0 0 1 
4215528470196;0.705585;0.0331617;0.996613 0.0746491 0.0344851 -0.153171 -0.0775502 0.992707 0.0922991 0.577165 -0.0273435 -0.0946608 0.995134 0.934586 0 0 0 1 
4215528470197;0.958351;0.528586;0.972685 -0.018067 -0.231424 -0.134182 0.00322026 0.997921 -0.0643715 -0.0919386 0.232106 0.0618679 0.970721 -0.504289 0 0 0 1 
4215528470198;0.657229;0.381255;0.991661 0.0340235 -0.124301 0.16128 -0.0274529 0.998153 0.054197 0.269112 0.125915 -0.0503326 0.990763 -0.630264 0 0 0 1 
4215528470199;0.280312;0.0617474;0.955887 0.00590666 0.293674 0.191119 -0.0764656 0.97033 0.229374 0.491365 -0.283606 -0.241712 0.927978 1.59025 0 0 0 1 
4215528470200;0.717676;0.513542;0.977357 0.0843331 -0.194064 -0.282466 -0.0645181 0.992243 0.106262 0.24453 0.20152 -0.0913356 0.975217 -0.468899 0 0 0 1 
4215528470201;0.269494;0.0543017;0.99857 -0.0252141 0.0471338 0.00632009 0.0261491 0.999471 -0.0193273 0.0551639 -0.0466215 0.0205322 0.998702 0.283853 0 0 0 1 
4215528470202;0.839096;0.54285;0.956019 -0.0289905 0.291869 -0.0635193 0.0108586 0.997919 0.0635532 -0.0608107 -0.293104 -0.0575887 0.954344 0.663016 0 0 0 1 
4215528470203;0.446878;0.417365;0.998809 0.0469795 -0.0132094 -0.162387 -0.0469241 0.998888 0.00447282 0.163075 0.0134048 -0.00384765 0.999903 -0.0337112 0 0 0 1 
4215528470204;0.245546;0.2494;0.999885 -0.0103884 -0.0110606 -0.058146 0.0101413 0.999703 -0.022166 -0.00587948 0.0112876 0.0220513 0.999693 -0.10519 0 0 0 1 
4215528470205;0.862633;0.0319669;0.999584 0.0284988 -0.00441815 -0.123219 -0.0284907 0.999592 0.00187853 -0.0317736 0.00446989 -0.00175187 0.999988 0.827238 0 0 0 1 
4215528470206;0.412937;0.249572;0.998167 0.0552218 -0.0247446 -0.177071 -0.0455321 0.954736 0.293949 0.15753 0.0398569 -0.292284 0.955501 0.259338 0 0 0 1 
4215528470207;0.79837;0.046394;0.997781 0.0631297 -0.0211715 0.322997 -0.0469415 0.892419 0.448759 0.0538387 0.0472238 -0.446769 0.893402 0.282944 0 0 0 1 
4215528470208;0.797346;0.341585;0.998549 -0.00844579 0.053193 -0.198275 -0.00416419 0.972566 0.232591 0.0274658 -0.0536981 -0.232475 0.971119 1.37796 0 0 0 1 
4215528470209;0.744174;0.099813;0.999649 0.0212267 -0.0158655 -0.143867 -0.021565 0.999537 -0.0214624 0.262534 0.0154025 0.021797 0.999644 0.577955 0 0 0 1 
4215528470210;0.00963021;0.0211035;0.999985 -0.00140999 0.00524288 0.00658729 0.00142498 0.999995 -0.00285615 0.0105609 -0.00523883 0.00286358 0.999982 -0.00089264 0 0 0 1 
4215528470211;0.575999;0.277449;0.993805 0.0443165 -0.101919 -0.0399101 -0.0407631 0.998495 0.0366885 0.177043 0.103392 -0.0323066 0.994116 -0.878471 0 0 0 1 
4215528470212;0.0961837;0.0122654;0.999213 -0.0382414 -0.0105047 0.100905 0.0365143 0.990501 -0.132572 -0.110959 0.0154746 0.132084 0.991118 -0.294804 0 0 0 1 
4215528470213;0.289621;0.176364;0.967826 -0.0328897 -0.249461 0.0907947 -0.0483429 0.948645 -0.312627 0.329447 0.246932 0.314628 0.916533 -1.68009 0 0 0 1 
4215528470214;0.573067;0.173624;0.999043 -0.0160973 -0.0406757 0.175124 0.0180898 0.99863 0.0491015 0.00149635 0.0398296 -0.0497903 0.997965 -0.590893 0 0 0 1 
4215528470215;0.890995;0.393361;0.999909 -0.0130379 0.00342823 0.0407929 0.0130779 0.999844 -0.011901 0.0588231 -0.00327253 0.0119448 0.999923 -0.837671 0 0 0 1 
4215528470217;1.22438;0.139361;0.999768 0.0153347 -0.0151341 0.271001 -0.0156623 0.99964 -0.0217679 0.264118 0.0147948 0.0219999 0.999648 -0.963548 0 0 0 1 
4215528470218;0.463441;0.715783;0.99936 -0.0164951 -0.0317332 -0.0409504 0.00997699 0.980644 -0.195545 0.145964 0.0343445 0.195103 0.980181 -1.44617 0 0 0 1 
4215528470219;1.25639;0.216848;0.996433 -0.0362317 -0.0762085 0.0692697 0.0577112 0.951491 0.302214 -1.12749 0.061562 -0.305534 0.950189 0.454917 0 0 0 1 
4215528470220;0.864498;0.109671;0.988393 0.0446323 0.145212 -0.32794 -0.101328 0.905865 0.411267 0.708023 -0.113187 -0.421207 0.899874 3.20643 0 0 0 1 
4215528470221;0.77456;0.698626;0.97769 0.0028361 0.210035 -0.0693884 -0.00571172 0.999898 0.0130858 -0.06999 -0.209977 -0.0139935 0.977606 2.19332 0 0 0 1 
4215528470222;0.34545;0.523096;0.985363 -0.167996 0.0289435 0.640669 0.16747 0.98568 0.0197378 -1.73457 -0.0318449 -0.0146017 0.999386 0.235749 0 0 0 1 
4215528470223;0.822643;0.62132;0.955804 -0.280814 -0.0870804 1.80906 0.272459 0.957309 -0.0965671 -2.4507 0.11048 0.0685733 0.99151 -1.97369 0 0 0 1 
4215528470224;0.61224;0.275743;0.998495 -0.0178648 0.0518462 0.146031 0.0257079 0.987612 -0.154798 -0.0373141 -0.0484385 0.155898 0.986585 -0.0796782 0 0 0 1 
4215528470225;0.96443;0.114822;0.998823 0.0361431 0.0323415 -0.428785 -0.0356398 0.999237 -0.0160039 0.862545 -0.0328952 0.0148324 0.999349 -0.0020681 0 0 0 1 
4215528470226;1.60186;0.459455;0.999771 0.0120579 -0.0177071 -0.45295 -0.0040302 0.917661 0.397344 0.103094 0.0210403 -0.397181 0.917499 2.77377 0 0 0 1 
4215528470227;0.62327;0.0784182;0.988596 0.0900191 0.120724 -0.631585 -0.0791681 0.99262 -0.0918583 1.08082 -0.128102 0.0812532 0.988427 0.564266 0 0 0 1 
4215528470228;0.76285;0.764068;0.968887 -0.0337581 -0.245191 0.67213 0.0567714 0.994554 0.0874049 -0.551373 0.240905 -0.0986052 0.965527 -1.98574 0 0 0 1 
4215528470229;0.828483;0.16898;0.935302 0.0164479 -0.353468 0.721505 -0.0391402 0.997598 -0.0571466 0.627963 0.351679 0.0672842 0.933699 -4.0971 0 0 0 1 
4215528470230;1.52282;1.11165;0.999959 -0.0035401 -0.00830577 -0.174534 0.00370744 0.999789 0.0202201 0.0886162 0.00823243 -0.0202501 0.999761 -0.103355 0 0 0 1 
4215528470231;1.36079;1.10872;0.95219 0.0721706 -0.296859 0.719745 -0.0658812 0.997341 0.0311503 0.745894 0.298318 -0.0101036 0.954413 -3.19405 0 0 0 1 
4215528470232;1.01124;0.0720848;0.990991 0.0787727 0.108316 -0.616445 -0.0833871 0.995764 0.038746 0.580331 -0.104805 -0.047429 0.993361 0.836845 0 0 0 1 
4215528470233;0.360528;0.0689955;0.999582 -0.0264768 -0.0116378 0.167492 0.0266231 0.999566 0.0126049 -0.446155 0.0112991 -0.0129094 0.999853 0.0777988 0 0 0 1 
4215528470234;0.247697;0.066143;0.999995 0.00230168 0.00221795 -0.122768 -0.00230146 0.999997 -9.90227e-05 0.00587706 -0.00221818 9.39177e-05 0.999998 -0.0529637 0 0 0 1 
4215528470235;1.12906;1.10585;0.966134 -0.207826 -0.152946 1.43666 0.172293 0.960799 -0.217211 -1.15839 0.192093 0.183503 0.964068 -3.11142 0 0 0 1 
4215528470236;0.421865;0.228397;0.983137 0.176974 -0.0460596 -0.677386 -0.155904 0.942786 0.294701 1.58704 0.0955788 -0.28255 0.954479 0.448965 0 0 0 1 
4215528470237;1.6174;1.11874;0.999644 0.0200006 -0.0176548 -0.289829 -0.0197367 0.999693 0.0149937 0.0619819 0.0179492 -0.0146399 0.999732 0.573498 0 0 0 1 
4215528470238;1.42655;0.148268;0.973829 -0.0899203 0.208737 0.213345 0.118266 0.984758 -0.127534 -1.43876 -0.194087 0.148883 0.969621 2.0245 0 0 0 1 
4215528470239;1.23487;0.571981;0.992395 0.0423207 -0.115592 -0.313458 -0.0378592 0.998461 0.0405237 0.296527 0.117129 -0.0358392 0.99247 -0.443912 0 0 0 1 
4215528470240;1.31981;0.587933;0.980213 -0.190113 0.0551281 0.589867 0.190621 0.981655 -0.00404897 -2.07998 -0.053347 0.0144774 0.998471 1.09372 0 0 0 1 
4215528470241;0.144224;0.0995533;0.994359 -0.0509086 0.0930505 0.139799 0.0570641 0.99627 -0.0647339 -0.518817 -0.0894078 0.0696786 0.993555 0.502222 0 0 0 1 
4215528470242;0.341886;0.156206;0.994308 -0.0892317 0.0582258 0.37192 0.0954344 0.988854 -0.114279 -0.889901 -0.0473795 0.119185 0.991741 -0.275624 0 0 0 1 
4215528470243;0.806737;0.126732;0.995973 -0.0825586 0.0349444 0.25213 0.0845996 0.994507 -0.061637 -0.388131 -0.0296638 0.0643451 0.997487 -0.152925 0 0 0 1 
4215528470244;0.044198;0.039928;0.999317 0.0366488 0.0046792 -0.202368 -0.0366536 0.999328 0.000934595 0.394664 -0.0046418 -0.00110547 0.999989 0.0214181 0 0 0 1 
4215528470245;1.65415;0.673969;0.999845 0.0165403 -0.00600438 0.054563 -0.0169469 0.996997 -0.0755611 0.555774 0.00473655 0.0756512 0.997123 -1.31511 0 0 0 1 
4215528470246;0.359411;0.618743;0.96292 -0.253934 0.0911202 1.22478 0.256646 0.966315 -0.0192002 -2.50317 -0.0831752 0.0418739 0.995655 0.551446 0 0 0 1 
4215528470248;1.05013;0.907583;0.992201 0.013491 -0.123916 -0.141275 -0.017657 0.999313 -0.0325836 0.200629 0.123391 0.0345174 0.991758 -0.631489 0 0 0 1 
4215528470249;0.429566;0.0248334;0.9759 -0.0538628 0.211468 0.250458 -0.00843478 0.959025 0.283197 0.0218703 -0.218057 -0.278156 0.935457 2.72691 0 0 0 1 
4215528470250;0.0803374;0.032426;0.998516 0.0522423 -0.0154011 -0.185363 -0.0509494 0.995888 0.0749105 0.283839 0.0192513 -0.0740146 0.997071 0.168753 0 0 0 1 
4215528470251;0.907231;0.662032;0.994678 -0.00578205 0.102866 -0.255107 -0.00267255 0.99664 0.0818631 0.0293481 -0.102994 -0.0817024 0.991321 0.692086 0 0 0 1 
4215528470252;0.54782;0.0210712;0.999679 0.0235546 -0.00931419 -0.0278631 -0.0233296 0.99945 0.0235707 0.0541607 0.00986427 -0.0233458 0.999679 -0.494333 0 0 0 1 
4215528470253;0.780027;0.668046;0.972039 0.0374892 -0.231808 0.140724 -0.0337745 0.99923 0.019974 0.277652 0.232379 -0.0115862 0.972556 -1.42475 0 0 0 1 
4215528470254;0.503441;0.0424812;0.971237 0.0605333 0.230291 -0.191146 -0.0990753 0.982186 0.15967 0.409218 -0.216524 -0.177894 0.959933 1.54614 0 0 0 1 
4215528470255;0.683372;0.391456;0.997083 -0.00628598 0.0760709 -0.0790664 0.0132202 0.995763 -0.0909979 -0.198422 -0.0751766 0.0917381 0.992941 0.394303 0 0 0 1 
4215528470256;0.928983;0.333587;0.996398 0.0602789 -0.0596472 -0.424119 -0.0582832 0.997698 0.0346523 0.449297 0.0615987 -0.0310511 0.997618 0.422751 0 0 0 1 
4215528470257;0.749547;0.256349;0.994936 -0.0450207 -0.0898609 0.319669 0.0275992 0.982077 -0.186447 0.111392 0.0966444 0.183023 0.978347 -1.90944 0 0 0 1 
4215528470258;0.0650151;0.0474876;0.999709 -0.0237193 0.00449014 0.0669456 0.0237299 0.999716 -0.00232545 -0.1491 -0.00443371 0.00243132 0.999987 -0.0378219 0 0 0 1 
