#;prob_registration_l1 -r /home/probabilistic_point_clouds_registration/build/tester /home/point_clouds_registration_benchmark//devel/registration_pairs/planetary_map_local.txt /home/point_clouds_registration_benchmark//planetary/p2at_met -s 0.2 -t 0.2 -p 0.3 -r 1000 -m 10 -i 40 
id;initial_error;final_error;transformation
25528382210000;2.8561;1.54546;0.999768 -0.0210399 0.00466904 -1.24157 0.0209649 0.999659 0.0155754 -0.382365 -0.00499515 -0.0154739 0.999868 1.46234 0 0 0 1 
25528382210001;2.11331;1.57083;0.999891 -0.0124372 -0.008005 -0.694949 0.0136071 0.985649 0.168258 -1.04949 0.00579746 -0.168348 0.985711 -9.16388 0 0 0 1 
25528382210002;1.70145;1.51127;0.975607 0.0111222 0.219242 1.13396 0.0444585 0.968009 -0.246944 -2.38679 -0.214975 0.250667 0.943902 13.9169 0 0 0 1 
25528382210003;1.37022;0.444337;1 -0.000342144 -0.00069874 -0.338506 0.000347437 0.999971 0.00758931 0.0369453 0.000696123 -0.00758955 0.999971 0.70423 0 0 0 1 
25528382210004;1.75339;1.26041;0.966984 -0.0444693 0.250927 -1.84938 0.01255 0.991772 0.127399 -0.22125 -0.254528 -0.120043 0.959586 -5.5561 0 0 0 1 
25528382210005;0.735848;0.442792;0.994557 0.00981927 0.10373 0.749282 0.0228176 0.950859 -0.308783 -3.0213 -0.101665 0.309469 0.945459 16.5176 0 0 0 1 
25528382210006;1.57164;0.55462;0.997395 -0.016976 -0.070113 -0.930508 0.015872 0.999742 -0.0162728 -0.122765 0.0703711 0.0151175 0.997406 -1.24104 0 0 0 1 
25528382210007;1.73822;1.3911;0.999971 -0.00678326 -0.00343025 -0.0363197 0.00658871 0.998527 -0.0538603 -0.406028 0.00379055 0.0538361 0.998543 2.20852 0 0 0 1 
25528382210008;0.906109;0.852735;0.994985 0.0169555 0.0985735 1.18494 -0.0173694 0.999844 0.00334219 0.117604 -0.0985014 -0.00503759 0.995124 0.308516 0 0 0 1 
25528382210009;0.490985;0.253964;0.971098 0.0406025 -0.235203 1.89814 -0.0163614 0.994431 0.104114 0.138459 0.23812 -0.0972564 0.966354 -6.45892 0 0 0 1 
25528382210010;2.17163;1.27332;0.990651 -0.0405774 -0.130243 -1.87189 -0.0201489 0.900744 -0.433883 -4.61792 0.134922 0.432452 0.891505 18.5092 0 0 0 1 
25528382210011;2.42393;1.67198;0.999509 0.0282328 -0.0136117 1.40171 -0.0259482 0.988962 0.145879 0.0612338 0.0175801 -0.145454 0.989209 -8.96189 0 0 0 1 
25528382210012;1.04957;0.44607;0.997771 -0.0176926 -0.0643484 -0.908256 0.0137021 0.997986 -0.0619346 -0.708013 0.0653146 0.0609148 0.996004 3.24247 0 0 0 1 
25528382210013;1.47687;1.21144;0.999983 -0.0046554 0.00347461 -0.182694 0.00463654 0.999975 0.00541449 -0.0109906 -0.00349973 -0.00539829 0.999979 0.388058 0 0 0 1 
25528382210014;2.77484;2.26451;0.983305 -0.0204035 0.180816 -0.43142 -0.0456355 0.934283 0.353599 -2.62554 -0.176148 -0.355947 0.917755 -15.7701 0 0 0 1 
25528382210015;1.8346;1.70749;0.996807 -0.00167335 0.0798294 0.0632909 0.00712847 0.997653 -0.0680989 -0.287334 -0.0795281 0.0684505 0.99448 4.62868 0 0 0 1 
25528382210016;0.567147;0.397248;0.994205 0.00317443 -0.10745 0.0490445 0.0144261 0.986582 0.162628 -0.852932 0.106525 -0.163236 0.980819 -9.35123 0 0 0 1 
25528382210017;2.04883;1.46892;0.952291 0.0424671 -0.302221 1.67623 0.0254003 0.975807 0.217153 -1.16723 0.304132 -0.214469 0.928174 -11.5634 0 0 0 1 
25528382210018;2.95759;1.63255;0.999233 0.0373305 -0.0118446 1.36493 -0.0298619 0.921888 0.386303 -2.53994 0.0253403 -0.385653 0.922296 -17.5417 0 0 0 1 
25528382210019;2.21355;1.92225;0.995935 0.0127453 0.0891682 0.917494 -0.0124149 0.999914 -0.00425832 0.233689 -0.0892148 0.00313399 0.996007 -0.141919 0 0 0 1 
25528382210020;0.308749;0.263212;0.982411 -0.036345 0.18316 -1.65067 0.080309 0.967763 -0.238715 -2.60566 -0.16858 0.249226 0.95366 13.4339 0 0 0 1 
25528382210021;1.80312;1.40141;0.999861 0.0152292 -0.00685063 0.833961 -0.014831 0.998385 0.0548326 0.0324776 0.00767463 -0.0547234 0.998472 -1.96152 0 0 0 1 
25528382210022;2.94324;2.51099;0.872468 -0.0309791 -0.487689 -1.64015 -0.00184044 0.997773 -0.0666734 0.0276583 0.488669 0.0590679 0.870468 0.0697974 0 0 0 1 
25528382210023;1.21687;0.98119;0.888718 -0.0137751 -0.458248 -0.578523 -0.0248839 0.996626 -0.0782183 0.131645 0.457779 0.080917 0.885376 0.249195 0 0 0 1 
25528382210024;1.44022;1.33444;0.998777 -0.0237712 0.0433611 -1.21932 0.0253669 0.999007 -0.036631 -0.473198 -0.0424472 0.0376861 0.998388 1.69962 0 0 0 1 
25528382210025;2.35204;2.1271;0.99999 0.00184756 -0.00400585 0.368291 -0.00181573 0.999967 0.00793455 -0.111852 0.00402038 -0.0079272 0.99996 -0.572186 0 0 0 1 
25528382210026;1.69358;0.525137;0.997763 0.0054503 0.0666282 0.206051 -0.00670036 0.999805 0.0185526 0.304306 -0.0665142 -0.0189575 0.997605 -2.03346 0 0 0 1 
25528382210027;2.42888;1.68584;0.997597 -0.011847 0.0682607 -0.662472 0.0134835 0.999631 -0.0235645 -0.331046 -0.0679563 0.0244283 0.997389 3.3745 0 0 0 1 
25528382210028;0.814222;0.296764;0.9694 0.0105417 -0.245259 0.714542 -0.0308154 0.9964 -0.0789725 0.139037 0.243544 0.0841137 0.966236 1.75521 0 0 0 1 
25528382210029;0.390701;0.356915;0.973116 -0.0629759 -0.221538 -3.29793 -0.00319741 0.958104 -0.286402 -2.61098 0.230293 0.279411 0.932145 12.1176 0 0 0 1 
25528382210031;1.54457;0.784368;0.999532 0.0246212 -0.0181705 0.659109 -0.0236975 0.998498 0.0494067 -0.00128066 0.0193596 -0.048953 0.998613 -3.14763 0 0 0 1 
25528382210032;0.49374;0.384327;0.999773 0.0209612 -0.00369971 0.537467 -0.0203694 0.992632 0.119447 -0.0121446 0.0061762 -0.119345 0.992834 -3.67587 0 0 0 1 
25528382210033;0.496545;0.394056;0.998289 0.0102149 0.0575762 0.265305 -0.0110012 0.99985 0.0133561 0.0220498 -0.0574312 -0.0139666 0.998252 -0.424934 0 0 0 1 
25528382210034;1.67751;1.33453;0.99955 -0.00658648 -0.0292704 -0.137665 0.00352971 0.994646 -0.103282 -0.19516 0.029794 0.103132 0.994221 1.84342 0 0 0 1 
25528382210035;1.14274;0.48666;0.996764 0.0181684 -0.0783068 0.573108 -0.0145223 0.998795 0.0468823 -0.00855565 0.0790642 -0.0455934 0.995826 -3.28618 0 0 0 1 
25528382210036;0.657758;0.233729;0.99864 0.014527 0.0500741 0.38393 -0.0204002 0.992702 0.118853 0.175915 -0.0479821 -0.119713 0.991648 -2.71252 0 0 0 1 
25528382210037;0.42747;0.302955;0.942675 0.0241587 -0.332837 0.906762 -0.00423491 0.998162 0.0604565 -0.139541 0.333686 -0.0555813 0.941044 -5.0213 0 0 0 1 
25528382210038;2.16463;1.55028;0.995033 -0.0160304 -0.0982483 -0.658119 0.0126467 0.999308 -0.0349677 -0.239665 0.0987409 0.0335514 0.994547 1.75134 0 0 0 1 
25528382210039;1.45509;1.24949;0.999809 0.00468754 0.0189868 0.0944708 -0.00588817 0.997953 0.0636814 0.0851316 -0.0186494 -0.063781 0.99779 -1.03262 0 0 0 1 
25528382210040;1.05221;1.04447;0.995628 -0.0151231 -0.0921739 -0.425426 0.0106258 0.998738 -0.0490883 -0.167911 0.0927999 0.0478942 0.994532 0.398311 0 0 0 1 
25528382210041;1.71424;0.736623;0.908745 -0.0214327 0.416801 0.540416 -0.00683221 0.997783 0.0662041 0.127009 -0.417296 -0.0630103 0.906584 3.24438 0 0 0 1 
25528382210042;0.574012;0.39003;0.988621 -0.00470113 0.150351 -0.0818836 0.0539825 0.944021 -0.32544 -2.34359 -0.140405 0.329853 0.933533 11.6138 0 0 0 1 
25528382210043;0.513876;0.20122;0.99995 0.00524071 0.00854334 0.347081 -0.0068973 0.978276 0.20719 -0.393693 -0.00727193 -0.207238 0.978263 -6.75941 0 0 0 1 
25528382210044;0.355334;0.246465;0.915161 -0.00972002 0.402971 0.740666 -0.0446033 0.991128 0.125203 0.155454 -0.400613 -0.132554 0.906608 -0.780619 0 0 0 1 
25528382210045;1.15928;1.06613;0.999253 0.00404306 -0.0384446 0.0232631 -0.00588289 0.998837 -0.0478647 -0.0208075 0.0382063 0.0480551 0.998114 0.84504 0 0 0 1 
25528382210046;2.5411;1.21336;0.995136 0.0210107 0.0962392 0.765711 -0.0575161 0.917088 0.394514 -2.22582 -0.0799708 -0.39813 0.913836 -13.7743 0 0 0 1 
25528382210047;2.63214;2.34396;0.962897 -0.0787575 -0.25812 -2.55052 -0.0152131 0.939106 -0.343291 -2.1882 0.269439 0.334481 0.903064 8.75556 0 0 0 1 
25528382210048;0.0550198;0.0932743;0.99971 0.0104371 -0.0217243 0.210384 -0.0107682 0.999827 -0.0151798 0.0897614 0.0215621 0.0154093 0.999649 0.21229 0 0 0 1 
25528382210049;0.624254;0.342964;0.999025 0.0189935 0.0398513 0.551056 -0.0271109 0.976396 0.214279 -0.259424 -0.0348407 -0.21515 0.975959 -5.88388 0 0 0 1 
25528382210050;1.7141;0.286754;0.999662 0.0131595 0.0224381 0.221523 -0.0120352 0.9987 -0.0495279 0.13221 -0.0230607 0.0492411 0.998521 3.54211 0 0 0 1 
25528382210051;0.731618;0.733633;0.998786 0.0122671 -0.0477157 0.317049 -0.00789244 0.995837 0.0908132 -0.00682094 0.0486311 -0.0903263 0.994724 -3.18679 0 0 0 1 
25528382210052;0.501673;0.407561;0.945391 0.0186069 -0.325406 0.745987 0.0199501 0.993194 0.114752 -0.251651 0.325326 -0.114977 0.938586 -6.34113 0 0 0 1 
25528382210053;0.245766;0.305865;0.996471 0.00411516 0.0838365 0.09935 0.00813134 0.989367 -0.145212 -0.544725 -0.0835426 0.145381 0.985842 5.04474 0 0 0 1 
25528382210054;2.27774;1.77702;0.998446 -0.00687807 0.0553082 -0.189381 0.00975254 0.998606 -0.0518711 -0.0942661 -0.0548744 0.0523299 0.997121 3.47376 0 0 0 1 
25528382210055;0.613367;0.669432;0.996777 0.0131597 -0.0791406 0.247126 -0.0107877 0.999482 0.0303258 0.0307612 0.0794987 -0.0293744 0.996402 -1.47124 0 0 0 1 
25528382210056;2.21606;2.06903;0.992749 0.0381716 -0.113988 1.26819 -0.0125634 0.975998 0.217418 -0.529465 0.119552 -0.214409 0.9694 -8.42374 0 0 0 1 
25528382210057;2.17431;1.92253;0.999879 -0.00355166 -0.0151554 -0.315772 0.00297008 0.999265 -0.038226 -0.23632 0.01528 0.0381763 0.999154 1.74039 0 0 0 1 
25528382210058;0.777574;0.461323;0.943944 0.0945714 -0.316268 2.95045 0.0303748 0.929135 0.36849 -2.21127 0.328705 -0.35744 0.874179 -13.7416 0 0 0 1 
25528382210059;0.655634;0.315346;0.998391 0.0233744 -0.0516723 0.644998 -0.0185217 0.995543 0.0924742 -0.0524785 0.0536035 -0.0913683 0.994373 -4.00233 0 0 0 1 
25528382210060;1.3379;0.420326;0.945219 -0.0590001 -0.321062 -1.88814 -0.00704482 0.979615 -0.20076 -0.889659 0.326362 0.192024 0.925535 4.33752 0 0 0 1 
25528382210062;1.314;0.939313;0.996124 0.0106207 -0.0873163 0.464341 -0.00622029 0.998704 0.0505152 0.0166163 0.0877396 -0.0497763 0.994899 -2.15468 0 0 0 1 
25528382210063;2.15505;1.4619;0.999967 -0.00789017 -0.00210585 -0.507339 0.0077699 0.998614 -0.0520465 0.095292 0.00251359 0.0520284 0.998642 3.14908 0 0 0 1 
25528382210064;0.553066;0.449979;0.984821 -0.00113581 0.173567 -0.0437806 0.0273561 0.988496 -0.148751 -0.716099 -0.171401 0.151241 0.973523 10.1083 0 0 0 1 
25528382210065;1.61508;0.703476;0.994536 0.0288117 -0.100344 2.11443 -0.0113064 0.985236 0.170829 -0.946626 0.103785 -0.168761 0.980178 -12.4547 0 0 0 1 
25528382210066;1.78743;0.970141;0.999971 0.000767342 0.00754767 -0.000982969 -0.000941162 0.999734 0.0230531 0.00466203 -0.00752797 -0.0230595 0.999706 -0.742318 0 0 0 1 
25528382210067;0.672032;0.57808;0.993699 -0.0150229 -0.11107 -2.03317 0.0047457 0.995727 -0.0922201 -0.573986 0.111981 0.091112 0.989525 11.8997 0 0 0 1 
25528382210068;1.84994;0.818965;0.997884 0.00672056 -0.064673 0.0173586 -0.00348716 0.998744 0.0499797 0.0950506 0.0649277 -0.0496484 0.996654 -1.56208 0 0 0 1 
25528382210069;2.23987;0.420947;0.981122 -0.0327881 -0.190593 -3.68479 -0.0123219 0.972922 -0.230804 -3.07905 0.192999 0.228796 0.954151 24.8076 0 0 0 1 
25528382210070;2.2156;0.862034;0.99993 -0.0031158 -0.0113707 -0.633262 0.003165 0.999986 0.00431123 0.0397944 0.0113571 -0.00434692 0.999926 2.20751 0 0 0 1 
25528382210071;1.44584;1.26182;0.999006 -0.0442957 0.00493367 -4.37016 0.0417132 0.890242 -0.453574 -10.9648 0.0156992 0.453329 0.891205 44.4392 0 0 0 1 
25528382210072;1.6175;1.62768;0.998241 -0.0413476 -0.0424951 -4.35842 0.0234081 0.93333 -0.358255 -7.10775 0.0544749 0.35663 0.932656 36.9373 0 0 0 1 
25528382210073;2.148;0.378192;0.999064 0.0085256 -0.0424098 0.315043 -0.00657526 0.998924 0.0459167 0.0943511 0.0427556 -0.0455949 0.998045 -1.05028 0 0 0 1 
25528382210074;1.21241;0.399311;0.991409 -0.00640834 0.130641 -0.439752 0.00433934 0.999861 0.0161158 0.182381 -0.130726 -0.0154104 0.991299 -6.40359 0 0 0 1 
25528382210075;0.469924;0.154136;0.967689 -0.0254807 -0.250857 -3.99538 -0.0157145 0.986852 -0.160858 -2.04967 0.251657 0.159603 0.954566 21.4588 0 0 0 1 
25528382210076;1.94829;1.2517;0.999891 0.00663719 -0.0131954 0.336301 -0.00555835 0.996765 0.0801784 0.117443 0.0136848 -0.0800963 0.996693 -5.68524 0 0 0 1 
25528382210077;1.55351;0.71017;0.999857 0.00973671 -0.0138415 1.07539 -0.00880148 0.997775 0.066093 -0.126185 0.0144542 -0.0659617 0.997717 -8.07935 0 0 0 1 
25528382210078;1.78754;1.48713;0.999833 0.000811375 0.0182379 0.0336754 -0.00138612 0.999502 0.0315233 0.0562779 -0.0182032 -0.0315433 0.999337 -2.65943 0 0 0 1 
25528382210079;0.52952;0.376956;0.966271 -0.0200768 -0.256743 -3.53716 -0.00738189 0.994387 -0.105542 -0.992815 0.257421 0.103877 0.9607 16.2694 0 0 0 1 
25528382210080;0.579865;0.171769;0.999944 0.000565029 -0.0105817 -0.0406128 -0.000564542 1 4.89403e-05 -0.0178244 0.0105818 -4.29637e-05 0.999944 0.832379 0 0 0 1 
25528382210081;1.6725;1.65945;0.99962 -0.00909233 0.0260373 -0.809884 0.0108636 0.997577 -0.0687151 -0.123281 -0.0253495 0.0689718 0.997296 5.9891 0 0 0 1 
25528382210082;1.80785;0.163157;0.960163 -0.0138684 0.279096 -1.1584 -0.0265505 0.989722 0.14052 -1.08636 -0.278176 -0.142333 0.949926 -19.3156 0 0 0 1 
25528382210083;0.928935;0.25908;0.981689 -0.034376 -0.187365 -4.64061 -0.00528031 0.978294 -0.207154 -3.04375 0.19042 0.20435 0.960199 25.8689 0 0 0 1 
25528382210084;1.83208;1.4595;0.998758 -0.0168617 -0.0468838 -1.70909 0.0106982 0.991622 -0.128733 -0.77774 0.0486617 0.128071 0.99057 12.3472 0 0 0 1 
25528382210085;0.401662;0.270867;0.993921 0.0503868 -0.0978858 4.69013 -0.0185078 0.952938 0.302599 -4.26913 0.108526 -0.298948 0.948078 -27.6024 0 0 0 1 
25528382210086;1.45129;1.21622;0.996659 0.00319077 -0.0816133 -0.0975933 -0.00533144 0.999647 -0.0260249 -0.165748 0.0815015 0.0263731 0.996324 5.39943 0 0 0 1 
25528382210087;0.345605;0.141885;0.939369 -0.0063515 0.34285 -1.11491 0.0357797 0.996186 -0.0795773 0.251366 -0.341037 0.0870195 0.936014 0.0238251 0 0 0 1 
25528382210088;0.167837;0.136659;0.999923 -0.00554168 -0.0110624 -0.610917 0.00556294 0.999983 0.00189217 0.155148 0.0110518 -0.00195356 0.999937 -0.224341 0 0 0 1 
25528382210089;1.83562;1.81638;0.999881 -0.00364757 0.014991 -0.306494 0.00414078 0.999447 -0.0330024 0.015058 -0.0148623 0.0330605 0.999343 2.53834 0 0 0 1 
25528382210090;2.15758;0.161102;0.999987 -0.000364933 -0.00511645 -0.25846 0.000223791 0.99962 -0.0275593 -0.1917 0.00512457 0.0275578 0.999607 5.42158 0 0 0 1 
25528382210091;0.893388;0.49635;0.999849 -0.013897 0.0104157 -1.39833 0.0150793 0.992207 -0.123683 -0.816683 -0.00861572 0.123821 0.992267 12.7404 0 0 0 1 
25528382210093;1.89713;0.235442;0.977736 0.0441458 -0.205144 -1.07528 -0.024563 0.994977 0.0970438 -0.425175 0.208397 -0.0898443 0.973909 4.45059 0 0 0 1 
25528382210094;0.825331;0.2561;0.998006 0.0232699 -0.0586686 -0.0139178 -0.00276804 0.944795 0.32765 0.335806 0.0630542 -0.326834 0.942976 -1.96324 0 0 0 1 
25528382210095;0.858473;0.693733;0.960257 0.0712797 0.269862 0.39248 -0.107659 0.986614 0.122487 -1.62827 -0.257519 -0.146672 0.955077 -4.42202 0 0 0 1 
25528382210096;0.8797;0.31804;0.95783 0.0508817 0.282795 0.503183 -0.153801 0.922123 0.355014 -2.38621 -0.242708 -0.383537 0.891062 -7.03171 0 0 0 1 
25528382210097;2.1961;1.38889;0.998949 -0.00440568 0.0456288 0.336032 0.00371673 0.999878 0.0151728 -0.222143 -0.0456901 -0.0149873 0.998843 -2.09948 0 0 0 1 
25528382210098;1.08082;0.290773;0.99973 0.0232211 -0.000242249 0.303922 -0.0231765 0.99705 -0.0731686 -1.06498 -0.00145752 0.0731545 0.99732 -0.224124 0 0 0 1 
25528382210099;0.565162;0.349015;0.948635 -0.0467165 -0.312905 -1.89044 0.00843164 0.99242 -0.122605 -0.0794583 0.316261 0.113669 0.941838 5.77251 0 0 0 1 
25528382210100;1.81678;1.74661;0.998437 0.0460458 0.0316742 0.53694 -0.0525785 0.966026 0.253041 -0.492375 -0.0189466 -0.254311 0.966937 -1.78208 0 0 0 1 
25528382210101;0.708323;0.425181;0.998609 -0.034601 -0.0397766 -0.459985 0.0327689 0.998412 -0.0458225 0.547691 0.041299 0.0444554 0.998157 1.42901 0 0 0 1 
25528382210102;2.25601;1.8192;0.99648 -0.014679 -0.0825314 0.00744014 0.0051212 0.99337 -0.114847 -0.320462 0.0836701 0.11402 0.989949 0.824814 0 0 0 1 
25528382210103;0.72475;0.462884;0.999369 0.0344084 -0.00880917 0.338267 -0.033797 0.9975 0.0620588 -0.475361 0.0109225 -0.061722 0.998034 0.451606 0 0 0 1 
25528382210104;2.73972;1.5848;0.990687 0.0549985 -0.124558 -0.173267 -0.0197429 0.963147 0.26825 0.391314 0.134721 -0.263292 0.955263 2.4742 0 0 0 1 
25528382210105;1.37462;0.238168;0.985591 0.04747 0.16235 0.471192 0.037161 0.875595 -0.481615 -1.95723 -0.165015 0.480708 0.861214 -0.671912 0 0 0 1 
25528382210106;1.98093;0.162766;0.9948 -0.0583615 -0.0834675 -0.215178 0.0242442 0.931674 -0.362485 -0.243342 0.0989197 0.358577 0.928244 1.91655 0 0 0 1 
25528382210107;2.7132;2.00262;0.999666 0.00879224 0.0242956 0.196489 -0.00986666 0.998962 0.044463 -0.166021 -0.0238794 -0.0446878 0.998716 -2.32109 0 0 0 1 
25528382210108;2.24596;0.905188;0.981488 0.0543812 -0.183643 0.168208 -0.0490732 0.998239 0.0333294 -1.7244 0.185132 -0.0237004 0.982428 1.61959 0 0 0 1 
25528382210109;1.35089;0.308534;0.996665 0.0125648 0.0806312 0.467285 -0.00535608 0.996017 -0.0890045 -0.263045 -0.0814284 0.0882758 0.992762 -1.90342 0 0 0 1 
25528382210110;1.54595;0.975201;0.997797 0.0558946 -0.0357391 0.0714813 -0.0302062 0.862366 0.505383 0.318285 0.0590684 -0.50319 0.862155 -2.31974 0 0 0 1 
25528382210111;0.364366;0.264292;0.985911 -0.0156125 -0.166539 -0.859395 0.00872284 0.999079 -0.0420213 -0.0458345 0.167041 0.0399766 0.985139 3.14484 0 0 0 1 
25528382210112;2.44837;2.15666;0.994616 -0.0120267 0.102926 -0.0945996 -0.0099032 0.977665 0.209937 0.567503 -0.103152 -0.209826 0.972282 -1.2618 0 0 0 1 
25528382210113;0.357128;0.312807;0.998476 0.0519025 0.0187672 0.452646 -0.0530314 0.996427 0.0657292 -0.903 -0.0152887 -0.0666242 0.997661 -0.265464 0 0 0 1 
25528382210114;2.52967;0.857197;0.948467 -0.0428308 0.313969 -0.805618 0.144826 0.939876 -0.309288 1.66427 -0.281845 0.33882 0.897644 -4.51271 0 0 0 1 
25528382210115;1.99023;0.2637;0.997815 -0.0118425 -0.0650018 -0.590301 0.0126675 0.999844 0.0122956 0.364989 0.0648461 -0.0130921 0.997809 2.98766 0 0 0 1 
25528382210116;0.274109;0.248278;0.998569 0.0128286 -0.0519123 -0.189894 0.000376439 0.969086 0.246722 0.475513 0.0534726 -0.246389 0.967695 -0.644618 0 0 0 1 
25528382210117;0.456139;0.291321;0.97217 0.0542881 0.227899 0.489699 -0.099201 0.976658 0.19052 -1.44816 -0.212236 -0.207826 0.954863 -4.75879 0 0 0 1 
25528382210118;1.00279;0.208826;0.9987 -0.00800305 0.0503372 -0.0366994 0.00758985 0.999936 0.00839455 0.149613 -0.0504012 -0.00800159 0.998697 -1.74454 0 0 0 1 
25528382210119;1.53716;0.943944;0.994311 0.0512111 0.0933984 0.220412 -0.0294392 0.974809 -0.221089 -1.70915 -0.102368 0.217082 0.970771 0.419486 0 0 0 1 
25528382210120;1.16367;0.567369;0.999611 -0.00713917 0.0269727 -0.00412074 0.00631398 0.999513 0.030556 0.520638 -0.0271777 -0.0303738 0.999169 0.267271 0 0 0 1 
25528382210121;1.92017;1.60192;0.998199 0.0223131 0.0556783 0.353638 -0.033178 0.978699 0.2026 -0.213778 -0.0499716 -0.204082 0.977677 -3.08559 0 0 0 1 
25528382210122;1.42171;0.49639;0.995438 0.0258127 -0.0918564 0.17252 -0.0284556 0.999215 -0.0275795 -0.40593 0.0910723 0.0300675 0.99539 0.326935 0 0 0 1 
25528382210124;1.41534;0.514613;0.999769 0.0150385 -0.0153728 1.28875 -0.0141916 0.998452 0.0537882 -0.368994 0.0161579 -0.0535576 0.998434 -5.74928 0 0 0 1 
25528382210125;0.633729;0.336292;0.991882 -0.0373459 -0.12155 -3.25331 0.0200533 0.989878 -0.140497 -0.914013 0.125567 0.136919 0.982592 12.0234 0 0 0 1 
25528382210126;0.445145;0.31353;0.951965 -0.0058921 -0.306149 -1.2618 0.0122471 0.999747 0.0188412 0.0972009 0.305961 -0.0216856 0.951797 -0.0477633 0 0 0 1 
25528382210127;0.670288;0.613263;0.998415 -0.0117865 -0.0550301 -1.04583 0.0083116 0.997982 -0.062952 -0.211921 0.055661 0.0623949 0.996498 5.41263 0 0 0 1 
25528382210128;2.24311;1.73547;0.999958 -0.00848882 0.00333859 -0.377782 0.00855403 0.999763 -0.020027 -0.0418496 -0.0031678 0.0200547 0.999794 -0.368872 0 0 0 1 
25528382210129;1.80511;1.4812;0.985002 0.0124311 0.172092 1.24524 -0.0137022 0.999887 0.00620013 0.150056 -0.171995 -0.00846518 0.985061 -0.320054 0 0 0 1 
25528382210130;0.986557;0.170481;0.998988 0.0113375 0.0435149 0.859756 -0.0147491 0.996774 0.0788977 -0.0302314 -0.04248 -0.0794597 0.995933 -5.39762 0 0 0 1 
25528382210131;2.11864;1.90511;0.98381 -0.108538 -0.142609 -8.67197 0.0349326 0.896621 -0.441419 -8.43551 0.175777 0.429291 0.885896 34.2236 0 0 0 1 
25528382210132;0.163045;0.145532;0.99992 0.00129766 -0.0125782 0.0539662 -0.00169173 0.999506 -0.0313702 -0.129994 0.0125312 0.0313889 0.999429 2.35664 0 0 0 1 
25528382210133;1.8377;0.882364;0.999875 -0.00254796 -0.0156088 -0.458368 0.00240898 0.999957 -0.00891624 0.117902 0.0156309 0.00887753 0.999838 2.70816 0 0 0 1 
25528382210134;1.18998;0.863634;0.99999 -0.00414981 0.00137716 -0.421515 0.00419092 0.9995 -0.0313295 -0.0554306 -0.00124646 0.0313349 0.999508 3.36041 0 0 0 1 
25528382210135;0.879278;0.679644;0.999183 0.0153337 0.0373933 1.12353 -0.0168644 0.999018 0.0409673 -0.0581668 -0.0367284 -0.0415644 0.998461 -2.88752 0 0 0 1 
25528382210136;1.20454;0.986442;0.938072 0.027552 0.345342 2.32486 0.0288551 0.987155 -0.157138 -0.94676 -0.345235 0.157372 0.925228 11.1963 0 0 0 1 
25528382210137;0.490225;0.520267;0.999883 -0.0104138 0.0112366 -0.745422 0.0111277 0.997793 -0.0654668 -0.23063 -0.01053 0.0655842 0.997791 4.81814 0 0 0 1 
25528382210138;0.898047;0.918923;0.999869 -0.0118847 0.0109497 -0.823599 0.012761 0.996402 -0.0837813 -0.330926 -0.00991463 0.0839101 0.996424 6.19622 0 0 0 1 
25528382210139;0.258844;0.196955;0.998333 -0.00825898 0.0571213 -0.529525 0.0110474 0.998754 -0.0486741 -0.167537 -0.0566481 0.049224 0.99718 3.59909 0 0 0 1 
25528382210140;1.51354;1.36261;0.999536 -0.0121858 0.0278999 -0.851745 0.0152218 0.993667 -0.111328 -0.578086 -0.0263666 0.111701 0.993392 7.80154 0 0 0 1 
25528382210141;0.177514;0.168363;0.96831 0.0192478 0.24901 1.71995 -0.03479 0.997701 0.0581659 -0.289018 -0.247318 -0.0649856 0.966753 -6.66995 0 0 0 1 
25528382210142;1.7221;1.42309;0.991 0.0119197 -0.133332 0.497373 0.00673496 0.990327 0.138592 -0.292821 0.133695 -0.138242 0.981333 -9.6633 0 0 0 1 
25528382210143;1.74732;1.62592;0.993692 -0.0122188 -0.111476 -1.23349 0.00766626 0.999122 -0.0411763 0.058129 0.111881 0.040062 0.992914 3.84502 0 0 0 1 
25528382210144;0.62636;0.600564;0.98525 -0.0146206 -0.170496 -1.38948 0.0145271 0.999893 -0.00179585 0.0737179 0.170504 -0.000707453 0.985357 0.822839 0 0 0 1 
25528382210145;2.23099;1.65912;0.982295 0.0180339 0.186472 1.86564 -0.0274662 0.998464 0.0481234 -0.136222 -0.185318 -0.052393 0.981281 -3.56731 0 0 0 1 
25528382210146;0.123351;0.130813;0.987618 -0.00246799 0.156858 0.0477696 0.00188434 0.999991 0.00386952 -0.0153755 -0.156866 -0.00352603 0.987614 -1.25144 0 0 0 1 
25528382210147;2.1323;0.333287;0.99994 -0.00120452 0.0108576 -0.334543 0.00135378 0.999905 -0.0137505 0.0748828 -0.01084 0.0137643 0.999847 3.63239 0 0 0 1 
25528382210148;1.17842;0.498556;0.999953 -0.00645747 -0.00729746 -0.584926 0.00614642 0.999104 -0.0418721 -0.0640591 0.00756131 0.0418253 0.999096 4.49294 0 0 0 1 
25528382210149;1.8032;1.70859;0.974335 0.035459 -0.222291 2.36365 0.0205785 0.969349 0.244826 -2.01581 0.224158 -0.243117 0.943741 -18.4885 0 0 0 1 
25528382210150;1.89528;1.80677;0.991764 0.00377183 0.128019 0.433196 0.00924361 0.994851 -0.100921 -0.368495 -0.127741 0.101274 0.986623 7.1573 0 0 0 1 
25528382210151;1.38396;0.499127;0.999977 0.0063573 0.00221037 0.680574 -0.00635116 0.999976 -0.00277786 -0.192628 -0.00222797 0.00276375 0.999994 -1.59954 0 0 0 1 
25528382210152;1.90731;1.8065;0.999433 0.005264 -0.0332507 0.477861 -0.00245328 0.996462 0.0840127 -0.310702 0.0335753 -0.0838835 0.99591 -7.4547 0 0 0 1 
25528382210153;0.627318;0.211835;0.968655 -0.0604895 -0.240932 -5.47871 0.0201402 0.98583 -0.166534 -1.32049 0.247592 0.156462 0.956147 14.3372 0 0 0 1 
25528382210155;0.972428;0.596829;0.996568 -0.0443791 -0.0698709 -2.9375 0.00965527 0.900685 -0.434365 -7.31121 0.0822084 0.4322 0.898023 27.1542 0 0 0 1 
25528382210156;1.01473;0.733893;0.99181 0.0146458 -0.126882 0.492104 -0.0085559 0.998791 0.0484092 -0.151308 0.127437 -0.0469272 0.990736 -1.50495 0 0 0 1 
25528382210157;0.233342;0.24356;0.99841 0.00326225 -0.056276 0.0048933 -0.00666368 0.998154 -0.0603605 -0.479407 0.0559752 0.0606396 0.996589 4.76386 0 0 0 1 
25528382210158;0.218897;0.191491;0.999927 -0.00690182 -0.00989071 -0.422897 0.00695292 0.999963 0.00514081 0.197381 0.00985486 -0.0052092 0.999938 -0.404833 0 0 0 1 
25528382210159;0.424214;0.203555;0.968759 -0.0111518 0.247753 -0.591435 0.0948882 0.939643 -0.328735 -2.43879 -0.229134 0.341973 0.911346 14.6057 0 0 0 1 
25528382210160;0.944861;0.80179;0.999102 -0.0136641 -0.0401125 -0.84528 0.00573563 0.981481 -0.191475 -1.7587 0.041986 0.191073 0.980678 11.8868 0 0 0 1 
25528382210161;0.607772;0.420087;0.984102 -0.0147864 0.176986 -0.712094 0.0355493 0.992761 -0.114726 0.0744339 -0.174008 0.119193 0.977504 1.65777 0 0 0 1 
25528382210162;0.465464;0.280377;0.991575 0.00828149 0.129269 0.790099 -0.0262836 0.990058 0.138185 -0.637336 -0.126839 -0.140419 0.981934 -12.0225 0 0 0 1 
25528382210163;0.301031;0.19169;0.999891 0.00840615 -0.0121727 0.408187 -0.00801351 0.999457 0.0319535 0.0597747 0.0124347 -0.0318524 0.999415 -1.18172 0 0 0 1 
25528382210164;0.262538;0.251238;0.999965 -0.00838561 -0.000285648 -0.518458 0.00838712 0.999948 0.00577955 0.250572 0.000237168 -0.00578174 0.999983 -0.545373 0 0 0 1 
25528382210165;0.165591;0.170251;0.999918 0.00190551 -0.0126622 0.0153807 -0.000664786 0.995257 0.0972769 0.0741461 0.0127875 -0.0972605 0.995177 -5.36189 0 0 0 1 
25528382210166;1.12952;0.742795;0.972768 0.00410518 -0.231746 -0.714458 0.00514004 0.999215 0.0392758 0.133628 0.231726 -0.0393974 0.971983 0.854988 0 0 0 1 
25528382210167;0.708722;0.186877;0.9948 -0.0147767 -0.100773 -1.61467 0.00856887 0.998054 -0.0617596 -0.280048 0.101489 0.0605749 0.992991 7.34111 0 0 0 1 
25528382210168;1.1418;0.265644;0.999813 0.00562876 0.0184791 0.185666 -0.00507766 0.999545 -0.0297355 -0.192914 -0.0186381 0.0296361 0.999387 4.09811 0 0 0 1 
25528382210169;0.757933;0.729778;0.994971 0.00638017 0.0999556 0.643982 -0.00347822 0.999568 -0.0291798 -0.254938 -0.100099 0.0286854 0.994564 -0.92154 0 0 0 1 
25528382210170;0.338329;0.0862737;0.98827 0.00580874 0.152605 0.599139 0.055446 0.91744 -0.393991 -4.80026 -0.142294 0.397831 0.906357 19.7034 0 0 0 1 
25528382210171;0.814741;0.692045;0.994873 0.0193563 -0.0992652 0.469485 -0.0151144 0.998947 0.0433078 -0.152179 0.099999 -0.0415854 0.994118 1.05667 0 0 0 1 
25528382210172;0.85032;0.302939;0.991045 0.0622383 -0.118138 2.45303 -0.0175952 0.937885 0.346499 -1.90289 0.132366 -0.341317 0.930582 -14.9875 0 0 0 1 
25528382210173;0.630488;0.5354;0.999724 0.000182365 -0.0235125 -0.00579136 0.0015031 0.997429 0.0716459 0.15129 0.0234651 -0.0716614 0.997153 -4.57117 0 0 0 1 
25528382210174;0.36066;0.256745;0.961457 0.104774 -0.254208 4.04174 -0.0063375 0.932749 0.360472 -2.42259 0.274881 -0.344967 0.897462 -14.4077 0 0 0 1 
25528382210175;0.400793;0.385975;0.999737 0.00147668 0.0228775 0.194154 0.00095988 0.994352 -0.106129 -0.647849 -0.022905 0.106123 0.994089 5.84393 0 0 0 1 
25528382210176;0.342834;0.19232;0.984299 0.00124092 0.176506 0.413378 -0.0320163 0.984643 0.171619 -0.910448 -0.173582 -0.174576 0.969223 -14.8181 0 0 0 1 
25528382210177;0.260067;0.130473;0.997328 -0.0312843 -0.0660135 -2.04795 0.0123356 0.962805 -0.269916 -2.71879 0.0720022 0.26838 0.960618 17.0789 0 0 0 1 
25528382210178;0.926206;0.237641;0.999824 -0.00697211 0.0174237 -0.573267 0.00679266 0.999923 0.0103371 0.280882 -0.0174944 -0.0102169 0.999795 1.20816 0 0 0 1 
25528382210179;0.695785;0.263519;0.999964 -0.0052514 -0.0066876 -0.153933 0.00407416 0.986243 -0.165252 -1.00162 0.00746341 0.165219 0.986229 8.07227 0 0 0 1 
25528382210180;0.109455;0.0923445;0.999643 0.0137279 0.0229358 0.877271 -0.0152528 0.99759 0.0676904 -0.190133 -0.0219513 -0.068016 0.997443 -4.58916 0 0 0 1 
25528382210181;0.971587;0.637287;0.94436 0.00310864 0.3289 -0.344389 0.0154745 0.998428 -0.0538681 0.274274 -0.328551 0.0559604 0.942827 -6.44827 0 0 0 1 
25528382210182;0.540657;0.323566;0.998473 0.0038779 0.0551022 0.461543 -0.00325092 0.999929 -0.0114637 -0.191278 -0.0551428 0.0112671 0.998415 -1.70916 0 0 0 1 
25528382210183;0.488607;0.360352;0.97014 0.00570273 0.242479 0.542014 -0.00426394 0.99997 -0.00645806 0.00763357 -0.242508 0.00523131 0.970135 -4.79575 0 0 0 1 
25528382210184;0.107925;0.0632696;0.999912 0.00732108 -0.0110726 0.346498 -0.00716707 0.999878 0.0138854 -0.107852 0.0111729 -0.0138048 0.999842 -0.35821 0 0 0 1 
25528382210186;2.61464;0.599449;0.906315 0.0419871 -0.420513 0.288105 0.047008 0.978861 0.199051 -0.0961391 0.419981 -0.20017 0.885182 -5.47376 0 0 0 1 
25528382210187;2.55948;0.293309;0.999959 0.00866581 0.00272455 0.660905 -0.00863739 0.99991 -0.0102752 -0.291736 -0.00281335 0.0102512 0.999943 -2.00181 0 0 0 1 
25528382210188;2.1137;0.689164;0.993172 -0.0136601 -0.115854 -0.453487 -0.000797692 0.992302 -0.123839 -0.243899 0.116654 0.123086 0.985516 4.38254 0 0 0 1 
25528382210189;3.03095;1.67534;0.932605 -0.00634099 0.360842 0.32183 0.0237265 0.99876 -0.0437708 0.221045 -0.360117 0.0493825 0.931599 -0.69815 0 0 0 1 
25528382210190;2.58604;2.40681;0.943028 0.0402837 0.330266 1.89094 0.0259773 0.980698 -0.193794 -1.10259 -0.331698 0.191332 0.923779 4.36968 0 0 0 1 
25528382210191;2.29839;1.3098;0.993808 -0.00323453 0.111064 0.0059992 -0.0370989 0.932552 0.359123 -1.16409 -0.104734 -0.36102 0.926658 -13.9852 0 0 0 1 
25528382210192;1.26077;0.995514;0.997547 0.0213195 -0.0666696 0.82661 -0.0190075 0.999202 0.0351226 -0.260442 0.0673652 -0.0337693 0.997157 -1.4073 0 0 0 1 
25528382210193;1.94741;1.24521;0.975534 -0.0253994 0.218376 -0.853841 0.0538782 0.990634 -0.125465 0.209853 -0.213144 0.134161 0.967766 0.87567 0 0 0 1 
25528382210194;0.500481;0.422504;0.99137 0.0650259 -0.113826 2.10527 -0.0149959 0.918854 0.394312 -2.10446 0.13023 -0.389202 0.9119 -14.2161 0 0 0 1 
25528382210195;0.447325;0.152657;0.99369 0.00689555 0.111951 0.44213 0.0223927 0.965819 -0.25825 -1.70074 -0.109905 0.259127 0.95957 8.81396 0 0 0 1 
25528382210196;0.672791;0.464148;0.999708 -0.0237701 -0.0042436 -1.09802 0.0239288 0.998815 0.0423868 0.520665 0.00323103 -0.042476 0.999092 -1.4627 0 0 0 1 
25528382210197;1.68816;1.58852;0.999795 0.0163923 0.0119228 0.597978 -0.0168184 0.99919 0.036563 -0.0645625 -0.0113138 -0.036756 0.99926 -1.58233 0 0 0 1 
25528382210198;0.0806703;0.138343;0.99976 -0.0218509 -0.00173862 -0.92346 0.0218224 0.99965 -0.0149614 0.300743 0.00206493 0.0149199 0.999887 0.545418 0 0 0 1 
25528382210199;2.04506;0.622872;0.985472 -0.0272002 0.167644 -0.790351 0.0288199 0.999558 -0.00723602 0.440436 -0.167373 0.0119624 0.985821 -3.43456 0 0 0 1 
25528382210200;1.86353;1.40188;0.985718 -0.0855245 -0.145068 -4.25193 0.0357959 0.948164 -0.315759 -2.40683 0.164554 0.306056 0.937684 14.5598 0 0 0 1 
25528382210201;1.69978;1.56666;0.977713 -0.0153497 0.209385 -0.271767 -0.00843734 0.993645 0.11224 0.0998483 -0.209778 -0.111505 0.97137 -7.93805 0 0 0 1 
25528382210202;3.09717;0.494144;0.999568 -0.0162066 0.0245158 -0.980489 0.0174176 0.998596 -0.0500198 0.0365342 -0.0236708 0.0504252 0.998447 4.42913 0 0 0 1 
25528382210203;2.66545;0.390142;0.999934 0.0103188 -0.00510381 0.159903 -0.00992991 0.997419 0.071113 0.208681 0.00582444 -0.0710576 0.997455 -0.404044 0 0 0 1 
25528382210204;2.12678;1.91353;0.999973 -0.00711197 0.00167466 -0.341268 0.00709941 0.999948 0.00738864 0.379735 -0.00172712 -0.00737655 0.999971 -0.245159 0 0 0 1 
25528382210205;2.17534;0.444042;0.971319 0.0204571 -0.236897 0.509813 -0.0121193 0.999257 0.0365992 -0.290527 0.237469 -0.0326785 0.970845 -0.46675 0 0 0 1 
25528382210206;0.615844;0.309626;0.99963 -0.00300814 0.0270273 -0.0999529 0.00514925 0.996821 -0.0795036 -0.277556 -0.0267022 0.0796134 0.996468 3.23361 0 0 0 1 
25528382210207;2.70191;2.47918;0.998419 -0.0173481 0.0534645 -0.450231 0.0221163 0.995703 -0.0899258 -0.0431904 -0.0516747 0.0909661 0.994512 1.60222 0 0 0 1 
25528382210208;0.254784;0.256948;0.998517 0.0260415 -0.0478125 0.907679 -0.0245802 0.99922 0.0309015 -0.350048 0.0485799 -0.0296804 0.998378 -0.62824 0 0 0 1 
25528382210209;0.401221;0.384633;0.999923 0.00900122 -0.00854175 0.309394 -0.00863887 0.999099 0.0415499 -0.0091757 0.00890805 -0.0414729 0.9991 -1.49504 0 0 0 1 
25528382210210;3.26762;2.81183;0.998261 0.0552869 0.0204353 2.34567 -0.0589333 0.93 0.362804 -2.66497 0.00105345 -0.363378 0.931641 -15.7981 0 0 0 1 
25528382210211;2.11433;0.857063;0.998646 0.0347966 0.0386664 1.37433 -0.0410966 0.983465 0.176372 -0.39005 -0.03189 -0.177722 0.983564 -5.84171 0 0 0 1 
25528382210212;0.939666;0.368338;0.981709 0.0114087 0.190047 0.730146 0.0234178 0.983388 -0.180001 -0.821912 -0.188944 0.181159 0.965133 4.06042 0 0 0 1 
25528382210213;1.20317;1.06312;0.996429 0.0013365 0.0844223 0.208987 -0.00939099 0.995425 0.0950823 0.0887471 -0.083909 -0.0955356 0.991883 -4.65398 0 0 0 1 
25528382210214;2.77469;0.999877;0.985031 0.0371189 0.168331 1.82299 -0.000754801 0.977459 -0.211124 -1.71604 -0.172373 0.207837 0.962856 8.20138 0 0 0 1 
25528382210215;2.52413;2.38601;0.99964 0.0145698 -0.0225188 0.544966 -0.00855104 0.968903 0.247294 -0.660297 0.0254216 -0.247013 0.968679 -10.0673 0 0 0 1 
25528382210217;1.06109;1.04105;0.97204 -0.0131615 -0.234447 -1.3825 0.00402373 0.999215 -0.0394115 -0.0828676 0.234781 0.0373662 0.97133 4.15298 0 0 0 1 
25528382210218;0.551084;0.50846;0.999849 0.0147379 0.00925544 1.34715 -0.0152884 0.997926 0.0625361 -0.256912 -0.00831459 -0.0626681 0.998 -5.47949 0 0 0 1 
25528382210219;0.422673;0.403695;0.974988 -0.00538161 0.222191 -0.41578 -0.00363417 0.999187 0.0401479 -0.0259013 -0.222226 -0.0399512 0.974176 -4.44164 0 0 0 1 
25528382210220;1.03905;0.97038;0.961752 0.0603853 -0.267184 5.20121 -0.022932 0.989724 0.141139 -1.0302 0.272961 -0.129613 0.953254 -10.9395 0 0 0 1 
25528382210221;1.31298;0.675922;0.997813 -0.0153608 -0.0642932 -1.63755 0.00638143 0.990467 -0.137603 -1.06823 0.065794 0.136891 0.988399 13.9976 0 0 0 1 
25528382210222;1.56771;1.21644;0.986955 0.0364309 -0.156821 3.70932 -0.018491 0.993266 0.114371 -0.77541 0.159932 -0.109979 0.980982 -11.0461 0 0 0 1 
25528382210223;0.395381;0.291694;0.998186 0.00188253 -0.0601699 0.0461623 0.00130787 0.998597 0.0529398 -0.0372862 0.0601851 -0.0529225 0.996783 -4.24494 0 0 0 1 
25528382210224;1.45898;1.12977;0.99486 -0.0043183 -0.101171 -0.816063 0.0060637 0.999838 0.0169508 0.0399701 0.101082 -0.0174771 0.994725 -0.0787162 0 0 0 1 
25528382210225;0.647882;0.282125;0.95558 0.0418288 -0.291749 2.96002 0.00408516 0.987903 0.155019 -0.873535 0.294704 -0.149325 0.943849 -11.6754 0 0 0 1 
25528382210226;0.247807;0.252163;0.994452 0.0106195 -0.104657 0.89341 -0.00863026 0.999774 0.0194417 -0.114059 0.104839 -0.0184306 0.994318 -1.31813 0 0 0 1 
25528382210227;1.67052;0.441232;0.999834 -0.00495769 0.0175133 -0.717706 0.0049501 0.999988 0.000476726 0.0227271 -0.0175155 -0.000389955 0.999847 2.13543 0 0 0 1 
25528382210228;0.941077;0.322622;0.999847 -0.00193453 -0.017375 0.118279 0.000818837 0.99795 -0.0639913 -0.157651 0.0174632 0.0639673 0.997799 4.3074 0 0 0 1 
25528382210229;1.84373;1.80759;0.999511 -0.0126499 -0.0286042 -1.23755 0.0106831 0.997635 -0.067896 -0.183556 0.0293954 0.0675572 0.997282 6.29078 0 0 0 1 
25528382210230;0.815476;0.700987;0.999941 -0.00569471 -0.0092592 -0.651404 0.00564265 0.999968 -0.00563857 0.0241262 0.00929102 0.00558599 0.999941 0.878561 0 0 0 1 
25528382210231;0.945073;0.480599;0.999942 0.00334183 -0.0102508 0.149962 -0.00344257 0.999946 -0.00982578 -0.0530679 0.0102174 0.0098605 0.999899 1.97178 0 0 0 1 
25528382210232;0.385786;0.317753;0.994804 0.00503083 0.101688 0.486272 -0.0142313 0.995844 0.089956 -0.349202 -0.100813 -0.0909358 0.990741 -9.00626 0 0 0 1 
25528382210233;0.215723;0.141391;0.999134 0.037756 0.0174799 3.33529 -0.0414113 0.943033 0.330111 -5.05766 -0.00402047 -0.330549 0.94378 -29.7536 0 0 0 1 
25528382210234;1.80049;1.31731;0.999835 -0.0168959 0.0066949 -1.21344 0.0173175 0.997471 -0.068932 0.038463 -0.0055133 0.0690365 0.997599 4.11296 0 0 0 1 
25528382210235;1.841;1.94652;0.981388 0.0010457 0.192034 0.238574 -0.0396056 0.979589 0.19707 -1.69228 -0.187908 -0.201007 0.961398 -18.2726 0 0 0 1 
25528382210236;0.783834;0.534735;0.992469 0.00336105 0.122447 0.416596 -0.00934094 0.998789 0.0482954 -0.10364 -0.122136 -0.0490754 0.991299 -4.21771 0 0 0 1 
25528382210237;0.646121;0.480321;0.995668 -0.0052789 -0.0928306 -0.393499 0.00506795 0.999984 -0.00250799 0.0546902 0.0928423 0.00202666 0.995679 -0.165359 0 0 0 1 
25528382210238;0.978297;0.788088;0.994391 -0.0161383 0.104523 -1.50834 0.0284035 0.992732 -0.116942 -0.633024 -0.101877 0.119255 0.987623 10.8496 0 0 0 1 
25528382210239;1.51578;0.133541;0.995479 -0.00937465 0.0945157 -1.20729 0.0150157 0.998136 -0.05915 -0.154575 -0.093785 0.0603018 0.993765 7.08601 0 0 0 1 
25528382210240;0.466545;0.395381;0.999811 0.0183576 -0.00642151 1.56083 -0.0167378 0.980349 0.196559 -1.63096 0.00990367 -0.196414 0.980471 -17.5083 0 0 0 1 
25528382210241;1.93577;1.80565;0.989234 0.0075492 0.146146 0.834682 -0.0284316 0.989554 0.141332 -0.883081 -0.143553 -0.143966 0.979115 -13.4777 0 0 0 1 
25528382210242;0.86252;0.4722;0.996411 -0.0293797 0.0793897 -2.72153 0.0447642 0.978858 -0.199584 -1.90813 -0.0718475 0.202421 0.976659 18.6414 0 0 0 1 
25528382210243;0.905546;0.257377;0.970145 -0.00521769 0.242468 -0.292249 -0.00744865 0.998656 0.0512931 -0.0440739 -0.24241 -0.0515678 0.968802 -4.58043 0 0 0 1 
25528382210244;0.219604;0.219317;0.99984 0.00171869 -0.0177932 0.14101 -0.00206364 0.99981 -0.0193869 -0.0622569 0.0177565 0.0194205 0.999654 1.65038 0 0 0 1 
25528382210245;0.165948;0.110206;0.980698 -0.0114661 0.195193 -0.975597 0.00777526 0.999776 0.0196645 0.0663246 -0.195375 -0.0177673 0.980568 -2.77505 0 0 0 1 
25528382210246;1.5805;1.40015;0.998634 -7.53705e-05 0.0522508 -0.123198 -0.000837919 0.999847 0.0174568 -0.00292958 -0.0522442 -0.0174767 0.998481 -0.802261 0 0 0 1 
25528382210248;1.80404;1.55735;0.997351 0.00251401 0.0726962 0.291106 0.00870472 0.988096 -0.153595 -0.670747 -0.0722169 0.15382 0.985456 8.00888 0 0 0 1 
25528382210249;2.65063;0.653292;0.999331 -0.010576 0.0350225 -0.378897 0.0102438 0.999901 0.00965251 0.114825 -0.0351211 -0.00928729 0.99934 -3.44359 0 0 0 1 
25528382210250;0.988386;0.213053;0.988533 -0.0280266 -0.148379 -1.92599 0.018992 0.997898 -0.0619592 -0.183572 0.149804 0.0584308 0.986988 3.77554 0 0 0 1 
25528382210251;1.96971;0.595629;0.999292 0.00399105 -0.0374044 0.33719 -0.00255734 0.999263 0.0382998 0.510726 0.0375297 -0.038177 0.998566 -4.31344 0 0 0 1 
25528382210252;1.48555;1.23383;0.999858 0.0167414 0.00192888 1.05441 -0.0167376 0.999858 -0.00200213 -0.197122 -0.00196212 0.00196956 0.999996 0.460701 0 0 0 1 
25528382210253;1.51489;0.441333;0.999289 0.0131728 0.0353263 0.923813 -0.0118581 0.999239 -0.0371698 0.0216888 -0.0357891 0.0367245 0.998684 0.36798 0 0 0 1 
25528382210254;2.5409;1.94235;0.999326 0.0116935 0.0348033 0.738318 -0.0167043 0.988941 0.147366 -0.0328301 -0.0326952 -0.147848 0.98847 -10.1206 0 0 0 1 
25528382210255;0.438009;0.175781;0.99561 8.70161e-05 -0.0935956 -0.186248 -0.00839466 0.996052 -0.0883709 -0.438689 0.0932185 0.0887687 0.991681 5.01974 0 0 0 1 
25528382210256;0.895108;0.4617;0.961106 0.010055 0.275995 1.23024 0.0687403 0.959178 -0.274321 -3.2558 -0.267487 0.282623 0.921181 16.7816 0 0 0 1 
25528382210257;0.887196;0.800769;0.99935 -0.00314359 0.0359168 -0.0175721 0.00278657 0.999946 0.00998584 -0.0629691 -0.0359462 -0.00987926 0.999305 -0.774059 0 0 0 1 
25528382210258;2.46932;0.581235;0.999156 0.0305158 -0.0274831 2.0825 -0.0319523 0.99806 -0.0534427 0.0389983 0.025799 0.0542758 0.998193 0.190392 0 0 0 1 
25528382210259;0.355498;0.251296;0.995073 -0.00714427 0.0988893 -0.144864 0.0513558 0.890312 -0.452446 -7.20821 -0.0848099 0.455296 0.886292 25.2711 0 0 0 1 
