#;prob_registration_l1 -r /home/probabilistic_point_clouds_registration/build/tester /home/point_clouds_registration_benchmark//devel/registration_pairs/stairs_local.txt /home/point_clouds_registration_benchmark//eth/stairs -s 0.2 -t 0.2 -p 0.3 -r 1000 -m 10 -i 40 
id;initial_error;final_error;transformation
5494384560000;0.832403;0.0599881;0.99454 0.103399 -0.0140792 0.828745 -0.102452 0.993129 0.0565519 0.343844 0.0198299 -0.0548007 0.9983 0.351708 0 0 0 1 
5494384560001;0.315086;0.063708;0.912283 0.24735 -0.326432 1.56856 -0.216361 0.967797 0.128672 1.36565 0.347747 -0.0467579 0.936422 -2.32604 0 0 0 1 
5494384560002;0.630491;0.0519193;0.99938 -0.0224805 -0.0270811 0.725972 0.0229203 0.999609 0.0160417 -0.314033 0.0267099 -0.0166525 0.999505 0.0823398 0 0 0 1 
5494384560003;0.317466;0.0461767;0.96928 -0.0529268 -0.240198 0.920614 0.13005 0.939179 0.317853 -1.88842 0.208766 -0.339326 0.91721 -1.39319 0 0 0 1 
5494384560004;0.657978;0.0510428;0.99861 0.0501265 0.0162661 -0.180139 -0.0515985 0.992771 0.108365 0.636401 -0.0107165 -0.109054 0.993978 0.568765 0 0 0 1 
5494384560005;0.751618;0.0423745;0.994324 -0.0926883 -0.0522287 -0.425075 0.0985971 0.987237 0.12507 -1.52675 0.0399695 -0.12951 0.990772 -0.440786 0 0 0 1 
5494384560006;0.696898;0.103689;0.93726 0.291481 -0.191265 1.30652 -0.311501 0.946528 -0.083981 2.18755 0.156559 0.138291 0.977939 -0.595026 0 0 0 1 
5494384560007;0.399045;0.0312302;0.929354 -0.366313 -0.04601 0.806234 0.36832 0.928489 0.0474256 -3.07751 0.0253471 -0.0610216 0.997815 -0.190823 0 0 0 1 
5494384560008;0.231215;0.0539625;0.974656 -0.19386 -0.111646 0.380961 0.184212 0.97865 -0.0911568 -1.15449 0.126934 0.0682798 0.989558 -0.821423 0 0 0 1 
5494384560009;0.454804;0.0319385;0.990029 -0.0233137 -0.138919 0.664483 0.0303956 0.998332 0.0490768 -0.585699 0.137543 -0.05281 0.989087 -0.662822 0 0 0 1 
5494384560010;0.83506;0.0411382;0.999984 0.00142843 -0.00551597 -0.0185143 -0.00121261 0.999241 0.0389344 0.067222 0.0055674 -0.0389271 0.999227 0.841944 0 0 0 1 
5494384560011;0.300381;0.069776;0.996623 0.0542774 0.0616134 -0.191463 -0.0336781 0.954551 -0.296139 0.954103 -0.0748868 0.293064 0.953155 0.637536 0 0 0 1 
5494384560012;0.513405;0.0442287;0.940847 0.0621363 -0.333086 1.138 -0.119997 0.980433 -0.156049 1.22801 0.316873 0.186788 0.929894 -1.7381 0 0 0 1 
5494384560013;0.592232;0.0361022;0.993365 0.00721526 -0.114775 0.458556 -0.00998319 0.999673 -0.0235596 0.783781 0.114568 0.0245491 0.993112 -0.805694 0 0 0 1 
5494384560014;0.784839;0.0629134;0.948899 0.205195 0.23976 0.504536 -0.252167 0.949812 0.18512 1.24449 -0.189741 -0.23612 0.953019 1.93411 0 0 0 1 
5494384560015;1.02961;0.0921521;0.944733 0.31378 -0.0949824 0.307259 -0.327831 0.901908 -0.281226 3.81867 -0.00257777 0.296822 0.954929 0.815467 0 0 0 1 
5494384560016;0.692498;0.106984;0.99192 0.116904 -0.0492848 0.19405 -0.126805 0.901264 -0.414299 2.52859 -0.00401469 0.417201 0.908805 -0.129608 0 0 0 1 
5494384560017;0.125802;0.0452072;0.999958 0.00279525 -0.00878019 0.0548834 -0.00251531 0.999493 0.0317336 -0.110394 0.00886445 -0.0317102 0.999458 0.043683 0 0 0 1 
5494384560018;0.697368;0.0597138;0.995756 0.0567617 -0.0724492 0.789228 -0.0699389 0.978358 -0.194741 1.11734 0.0598274 0.198982 0.978175 0.116777 0 0 0 1 
5494384560019;0.372102;0.101662;0.959061 0.269235 0.0878333 0.190287 -0.278033 0.954108 0.111247 1.85745 -0.0538507 -0.131114 0.989904 0.146185 0 0 0 1 
5494384560020;0.725979;0.0653363;0.9411 0.329557 0.0756429 0.217859 -0.336592 0.891792 0.302344 2.21043 0.0321819 -0.309997 0.950193 0.394186 0 0 0 1 
5494384560021;0.810082;0.0604204;0.995798 0.0812424 -0.042273 -0.154439 -0.0803856 0.99653 0.0215905 0.594328 0.0438804 -0.0181016 0.998873 0.468849 0 0 0 1 
5494384560022;1.01164;0.0528069;0.887993 -0.28885 -0.357819 1.53019 0.325705 0.944354 0.0459627 -3.53241 0.324631 -0.157358 0.932659 -1.97056 0 0 0 1 
5494384560023;0.527542;0.0718062;0.980594 0.0882195 -0.175081 0.842082 -0.087411 0.996096 0.0123395 0.613995 0.175486 0.00320395 0.984477 -1.79095 0 0 0 1 
5494384560024;0.419936;0.0765817;0.941715 0.325632 -0.0844815 0.974762 -0.328368 0.944329 -0.0204269 2.60223 0.0731267 0.0469774 0.996216 -0.756717 0 0 0 1 
5494384560025;0.495752;0.0681529;0.939558 0.30184 -0.161628 0.97358 -0.30001 0.953249 0.0362042 2.29048 0.165 0.0144742 0.986187 -0.784894 0 0 0 1 
5494384560026;0.350666;0.04815;0.974367 0.0978857 0.202554 -0.245298 -0.0365577 0.957303 -0.286766 0.984888 -0.221976 0.27201 0.936342 2.10578 0 0 0 1 
5494384560027;0.90423;0.0370668;0.991417 0.0707224 -0.109957 1.31249 -0.0516704 0.984541 0.167358 0.149233 0.120093 -0.16024 0.979745 -0.698813 0 0 0 1 
5494384560028;0.914969;0.0477752;0.996346 -0.083905 -0.0159311 -0.866283 0.0845289 0.995464 0.0436681 -0.626901 0.0121948 -0.0448552 0.998919 -0.317666 0 0 0 1 
5494384560029;0.844853;0.0625267;0.999543 0.0232192 0.0193704 0.0105136 -0.023452 0.999654 0.0118749 -0.499721 -0.019088 -0.0123238 0.999742 -0.485312 0 0 0 1 
5494384560031;0.314572;0.0607691;0.915876 -0.353443 -0.190392 0.528916 0.363003 0.931638 0.0167322 -1.46916 0.171462 -0.0844374 0.981566 -0.700599 0 0 0 1 
5494384560032;0.143255;0.0582742;0.996277 0.0561853 0.0653895 0.0158743 -0.0499948 0.994435 -0.0927351 0.264397 -0.0702359 0.0891207 0.993541 0.298813 0 0 0 1 
5494384560033;0.256973;0.0859939;0.999538 0.0142533 0.0268573 0.198072 -0.0118376 0.996046 -0.0880511 0.173969 -0.0280061 0.0876925 0.995754 0.185591 0 0 0 1 
5494384560034;0.872658;0.0445075;0.970769 -0.218094 0.100214 0.0866313 0.198319 0.96404 0.17691 -1.77274 -0.135193 -0.151864 0.979112 -0.093818 0 0 0 1 
5494384560035;0.383527;0.0483019;0.996849 -0.0668946 0.0426335 0.0737981 0.0637165 0.995368 0.071988 0.032307 -0.0472517 -0.0690447 0.996494 0.22903 0 0 0 1 
5494384560036;0.699819;0.0606123;0.952741 0.259658 -0.157678 0.577839 -0.295515 0.912461 -0.282995 0.906707 0.0703927 0.316217 0.946072 0.429038 0 0 0 1 
5494384560037;0.785083;0.0581051;0.968769 -0.0952185 0.228954 -0.333628 0.159779 0.9458 -0.282726 -0.223072 -0.189624 0.310478 0.931475 0.126453 0 0 0 1 
5494384560038;1.00964;0.0673641;0.901774 -0.429931 0.0443087 -0.865057 0.430336 0.902669 0.000456272 -1.34027 -0.0401922 0.0186562 0.999018 -0.167102 0 0 0 1 
5494384560039;0.16472;0.0882143;0.983663 -0.0771734 -0.162642 0.198069 0.0813167 0.996508 0.0189637 -0.31503 0.16061 -0.0318793 0.986503 -0.627714 0 0 0 1 
5494384560040;0.656318;0.0536696;0.910972 0.33792 0.236515 0.58468 -0.32962 0.941126 -0.0750505 0.812816 -0.247952 -0.00959126 0.968725 1.16892 0 0 0 1 
5494384560041;0.496934;0.0391879;0.881398 -0.305513 0.360277 -0.142937 0.308388 0.94989 0.0510463 -1.13706 -0.357819 0.0661131 0.931448 1.86201 0 0 0 1 
5494384560042;0.516103;0.127137;0.978362 -0.0353906 -0.203852 0.17055 0.0692568 0.984443 0.16148 -0.670393 0.194966 -0.172104 0.965592 -1.18415 0 0 0 1 
5494384560043;0.0787389;0.044241;0.999975 -0.005109 0.00485657 -0.0233852 0.00496834 0.99958 0.0285471 -0.170418 -0.00500038 -0.0285223 0.999581 0.0697517 0 0 0 1 
5494384560044;0.670233;0.0443616;0.998969 0.0438376 0.0117673 0.231315 -0.0443142 0.998054 0.0438665 0.237022 -0.00982143 -0.0443428 0.998968 0.779252 0 0 0 1 
5494384560045;0.454928;0.0330138;0.913333 -0.266316 0.308056 -0.456258 0.173775 0.939056 0.296607 -1.13613 -0.368273 -0.217369 0.90395 1.4663 0 0 0 1 
5494384560046;0.663952;0.0764511;0.979505 0.138834 -0.145929 0.389115 -0.136886 0.990311 0.0233585 1.17193 0.147758 -0.00290419 0.989019 -0.625058 0 0 0 1 
5494384560047;0.60701;0.0650912;0.982251 0.0139775 -0.18705 -0.120773 -0.0501962 0.980436 -0.19033 0.79698 0.180731 0.196341 0.963736 -0.844935 0 0 0 1 
5494384560048;0.280379;0.0461239;0.999881 -0.00462627 0.0146846 -0.0570794 0.00416165 0.999495 0.0315149 -0.198014 -0.014823 -0.03145 0.999395 0.386453 0 0 0 1 
5494384560049;0.480826;0.0469247;0.927175 0.333799 0.170074 0.600767 -0.330823 0.942551 -0.0464025 1.38102 -0.175792 -0.0132412 0.984338 0.673087 0 0 0 1 
5494384560050;0.519994;0.0656711;0.976834 0.201344 0.0724935 -0.180123 -0.195747 0.977587 -0.077501 0.285494 -0.086473 0.0615152 0.994353 0.438378 0 0 0 1 
5494384560051;0.245903;0.0605786;0.999828 -0.0171717 0.00703777 0.0422073 0.0168442 0.99888 0.044205 -0.325823 -0.00778896 -0.0440788 0.998998 -0.149942 0 0 0 1 
5494384560052;0.581213;0.0565616;0.94922 0.164237 0.268343 -0.36778 -0.199706 0.9736 0.110544 0.0603547 -0.243103 -0.15852 0.95696 0.722526 0 0 0 1 
5494384560053;0.543864;0.0493197;0.962566 -0.214415 0.165812 -0.445723 0.19551 0.972938 0.123156 -1.28385 -0.187731 -0.0861281 0.978437 0.364673 0 0 0 1 
5494384560054;0.812423;0.0698602;0.975377 -0.0191601 -0.219712 0.323651 0.0295631 0.998587 0.0441582 -0.420779 0.218556 -0.0495663 0.974565 -1.65236 0 0 0 1 
5494384560055;0.804846;0.0584447;0.9263 0.0103346 0.376644 0.508245 -0.0552944 0.99253 0.108755 0.544 -0.372707 -0.121566 0.919952 1.53281 0 0 0 1 
5494384560056;0.404608;0.0526014;0.98303 0.153136 0.101 -0.159505 -0.152405 0.988205 -0.0149519 0.147465 -0.102099 -0.000694814 0.994774 0.318102 0 0 0 1 
5494384560057;0.241612;0.0642254;0.971098 0.20953 -0.114303 0.39399 -0.195798 0.973208 0.120534 0.453491 0.136496 -0.09467 0.986107 -0.434544 0 0 0 1 
5494384560058;0.361634;0.0554114;0.99229 -0.107393 0.0618623 0.145912 0.114654 0.984973 -0.129161 -0.0433378 -0.0470616 0.135258 0.989692 0.288513 0 0 0 1 
5494384560059;0.672349;0.0503549;0.999438 -0.0140607 0.0304152 -0.0299298 0.0136957 0.999832 0.0121749 -0.0978994 -0.0305813 -0.0117515 0.999463 -0.626081 0 0 0 1 
5494384560060;0.435775;0.0498997;0.955348 -0.274754 -0.108725 -0.0630715 0.294787 0.91149 0.286858 -1.60525 0.0202862 -0.306099 0.951783 -0.266591 0 0 0 1 
5494384560062;0.821662;0.0541254;0.965439 -0.192325 -0.175893 0.367307 0.190179 0.981317 -0.0291403 -1.60633 0.178211 -0.00531792 0.983978 -1.35039 0 0 0 1 
5494384560063;1.2461;0.0475725;0.942726 0.0991541 -0.318489 1.76829 -0.107139 0.994215 -0.00760469 0.786653 0.315893 0.0412917 0.947896 -2.44875 0 0 0 1 
5494384560064;0.351118;0.0639456;0.92571 -0.378234 -4.81124e-05 0.183711 0.378228 0.925696 -0.00560006 -2.41205 0.00216267 0.00516584 0.999984 -0.0139955 0 0 0 1 
5494384560065;1.02628;0.0322762;0.997201 0.0746496 0.00429478 -0.0474702 -0.0742298 0.995232 -0.0632642 0.357905 -0.00899695 0.0627683 0.997988 0.844059 0 0 0 1 
5494384560066;0.385602;0.82099;0.974422 0.187803 -0.123419 1.1901 -0.169218 0.974563 0.146943 0.670581 0.147875 -0.1223 0.981415 -0.731568 0 0 0 1 
5494384560067;1.09812;0.0329177;0.979692 -0.134371 0.148821 -0.375982 0.155429 0.977832 -0.140309 -0.968939 -0.126669 0.160591 0.978859 0.155765 0 0 0 1 
5494384560068;0.284277;0.0540187;0.987428 0.145558 -0.0616307 0.293367 -0.122674 0.951559 0.281935 0.046438 0.0996831 -0.27083 0.957452 -0.618667 0 0 0 1 
5494384560069;0.305684;0.045795;0.988521 0.148038 -0.0301772 0.400959 -0.148062 0.988977 0.00145128 0.928662 0.0300594 0.00303349 0.999544 -0.0964989 0 0 0 1 
5494384560070;1.06788;0.046406;0.998699 0.0501251 -0.00936875 0.783004 -0.048373 0.989392 0.136978 -0.0104377 0.0161354 -0.136347 0.99053 -0.419531 0 0 0 1 
5494384560071;0.199717;0.0463177;0.999964 -0.00826305 0.00166985 -0.0163554 0.00825917 0.999963 0.00231801 -0.127219 -0.00168894 -0.00230414 0.999996 0.183255 0 0 0 1 
5494384560072;1.02349;0.0546635;0.96345 -0.0191947 -0.267199 1.08958 -0.0618441 0.95455 -0.291565 1.73514 0.260652 0.297433 0.918474 -1.30084 0 0 0 1 
5494384560073;0.123206;0.0306944;0.992686 -0.12066 0.00391113 -0.0428891 0.120546 0.992464 0.0219909 -0.839364 -0.00653508 -0.0213586 0.999751 0.0774779 0 0 0 1 
5494384560074;0.700296;0.57489;0.970357 0.241438 0.01072 0.273661 -0.241675 0.969256 0.0462163 1.77968 0.000767978 -0.0474371 0.998874 -0.232435 0 0 0 1 
5494384560075;0.186882;0.0640567;0.999938 0.0111063 0.000481448 0.0570199 -0.0110944 0.999737 -0.0200469 0.116345 -0.000703968 0.0200403 0.999799 -0.0678845 0 0 0 1 
5494384560076;1.00141;0.0591566;0.992242 -0.0977515 0.0768112 -0.312953 0.0924696 0.993283 0.0695566 -0.595232 -0.0830945 -0.0619143 0.994616 1.27676 0 0 0 1 
5494384560077;0.605922;0.0446349;0.890635 -0.332108 -0.310603 1.41732 0.358132 0.933218 0.0290884 -2.32083 0.280199 -0.137144 0.950095 -1.94833 0 0 0 1 
5494384560078;0.686652;0.0464821;0.920061 -0.390019 0.0370618 0.0886516 0.384987 0.882526 -0.270062 -1.78606 0.0726215 0.262742 0.962129 0.161772 0 0 0 1 
5494384560079;0.330281;0.0488544;0.928095 0.371386 -0.0266962 0.646621 -0.364751 0.921235 0.135214 1.90035 0.0748099 -0.115754 0.990457 -0.449559 0 0 0 1 
5494384560080;0.779401;0.0466717;0.917539 0.388113 -0.0865479 1.2911 -0.378016 0.918873 0.11303 2.32496 0.123395 -0.0709926 0.989815 -0.624753 0 0 0 1 
5494384560081;0.603531;0.0622373;0.98113 0.189242 -0.0396411 0.469497 -0.193078 0.969812 -0.148947 1.74308 0.0102573 0.15379 0.98805 0.376578 0 0 0 1 
5494384560082;0.617118;0.0600566;0.891413 -0.273267 -0.361535 1.43246 0.325065 0.941406 0.0899276 -2.05503 0.315777 -0.197685 0.928012 -2.12348 0 0 0 1 
5494384560083;0.290683;0.0483139;0.944498 0.309133 0.111173 0.176671 -0.294609 0.946773 -0.129719 2.13623 -0.145356 0.0897664 0.985299 0.953138 0 0 0 1 
5494384560084;0.175327;0.0441348;0.985693 -0.121155 -0.11718 0.313512 0.104223 0.984483 -0.141177 -0.30122 0.132466 0.126944 0.983025 -0.737395 0 0 0 1 
5494384560085;0.943472;0.0435074;0.992527 -0.117723 -0.0321043 0.0532926 0.101922 0.944491 -0.312329 -0.255167 0.0670903 0.306723 0.949432 0.46139 0 0 0 1 
5494384560086;0.821732;0.0581776;0.992258 -0.0246149 0.121729 -0.48391 0.013898 0.996013 0.0881168 -0.548436 -0.123413 -0.0857428 0.988644 1.31034 0 0 0 1 
5494384560087;0.12902;0.0480248;0.999135 0.0086782 -0.0406615 0.033053 -0.00891924 0.999944 -0.00575031 0.0616839 0.0406093 0.00610801 0.999156 -0.151629 0 0 0 1 
5494384560088;1.25698;0.435041;0.887194 0.0564729 -0.457928 1.85908 -0.0457543 0.998358 0.0344754 -0.446527 0.459123 -0.00963418 0.888321 -2.40797 0 0 0 1 
5494384560089;1.3654;0.875024;0.949873 0.304994 0.0686998 0.367918 -0.30321 0.952269 -0.0353068 2.42714 -0.0761891 0.0127065 0.997012 -0.180088 0 0 0 1 
5494384560090;0.736364;0.0503751;0.95614 -0.292616 -0.0131197 0.553598 0.266203 0.886776 -0.377842 -0.54756 0.122197 0.357778 0.925777 -0.296286 0 0 0 1 
5494384560091;0.484121;0.0468606;0.939445 -0.152903 -0.306699 1.14289 0.214303 0.960489 0.177583 -1.79951 0.267428 -0.232556 0.935094 -1.28298 0 0 0 1 
5494384560093;0.0553842;0.233284;0.997604 0.00876351 -0.0686302 0.0975882 -0.00958333 0.999886 -0.0116253 0.0993611 0.0685206 0.0122552 0.997574 -0.282589 0 0 0 1 
5494384560094;0.672056;0.611731;0.893165 -0.040623 -0.44789 1.64358 0.124448 0.979348 0.159344 -1.31926 0.432167 -0.19806 0.879775 -2.34525 0 0 0 1 
5494384560095;0.854827;0.280534;0.919286 0.388176 -0.0650567 0.900759 -0.388814 0.921311 0.00307642 2.12914 0.0611317 0.0224668 0.997877 0.129256 0 0 0 1 
5494384560096;0.268636;0.298944;0.966338 -0.210625 -0.147744 0.331227 0.195317 0.974373 -0.111574 -1.18903 0.167459 0.0789616 0.982712 -1.03031 0 0 0 1 
5494384560097;0.745786;0.218786;0.998726 -0.0340468 -0.0372483 -0.298083 0.034421 0.999363 0.00945135 -0.728732 0.0369028 -0.0107214 0.999261 0.125086 0 0 0 1 
5494384560098;0.365154;0.404363;0.944809 -0.252612 -0.208623 0.58429 0.270764 0.960575 0.0631127 -2.14462 0.184455 -0.116117 0.975958 -1.15124 0 0 0 1 
5494384560099;0.345567;0.236034;0.99955 -0.00626568 0.0293447 -0.318886 0.00653641 0.999937 -0.0091391 0.0602455 -0.0292855 0.00932679 0.999528 0.298784 0 0 0 1 
5494384560100;0.37298;0.262175;0.938119 -0.215788 -0.270866 0.662843 0.20197 0.976261 -0.0782454 -1.04947 0.281321 0.0186968 0.959432 -1.51474 0 0 0 1 
5494384560101;0.595346;0.208431;0.904882 0.401073 0.142581 0.219867 -0.422934 0.885012 0.19463 2.50114 -0.0481248 -0.236419 0.970459 0.761698 0 0 0 1 
5494384560102;0.240088;0.270262;0.978168 -0.196185 0.0685435 -0.256654 0.206683 0.952769 -0.222514 -0.864494 -0.0216522 0.231823 0.972517 0.440316 0 0 0 1 
5494384560103;0.65911;0.233384;0.997917 0.0249691 -0.0594817 0.177724 -0.0257582 0.99959 -0.0125377 0.0563072 0.0591442 0.0140437 0.998151 -0.72469 0 0 0 1 
5494384560104;0.317417;0.280694;0.993058 -0.0811238 -0.0851698 0.0335773 0.105395 0.935184 0.338116 -1.64033 0.0522202 -0.344745 0.937243 -0.172117 0 0 0 1 
5494384560105;0.561217;0.202026;0.951915 0.0720211 -0.297775 0.727259 -0.100916 0.991442 -0.082811 0.917231 0.289263 0.108879 0.951038 -1.31684 0 0 0 1 
5494384560106;0.669368;0.457395;0.988474 0.0226167 0.149692 -0.390037 -0.0144039 0.998342 -0.0557232 -0.130174 -0.150704 0.0529248 0.987161 1.46411 0 0 0 1 
5494384560107;0.196586;0.232824;0.98207 0.16326 -0.0942596 0.324542 -0.161262 0.9865 0.0284931 1.07173 0.0976389 -0.0127817 0.99514 -0.604514 0 0 0 1 
5494384560108;0.588165;0.225649;0.967381 0.213805 -0.135869 0.601418 -0.134766 0.888504 0.438633 -0.338558 0.214502 -0.406015 0.888336 -1.48558 0 0 0 1 
5494384560109;0.964218;0.277417;0.988954 0.1147 0.0938866 -0.224831 -0.122927 0.988586 0.0871014 0.790668 -0.0828244 -0.0976804 0.991765 1.3748 0 0 0 1 
5494384560110;0.522946;0.347013;0.935045 -0.347744 -0.0690212 -0.021213 0.348819 0.937183 0.00378786 -2.62289 0.0633683 -0.0276177 0.997608 -0.337871 0 0 0 1 
5494384560111;0.382633;0.244903;0.998979 0.017865 0.0415006 -0.249665 -0.0126781 0.992444 -0.122044 0.396992 -0.0433673 0.121393 0.991657 0.307933 0 0 0 1 
5494384560112;1.20633;0.348362;0.982787 -0.156641 -0.0979451 -0.440772 0.155 0.987618 -0.0241912 -0.506614 0.100522 0.00859326 0.994898 0.137381 0 0 0 1 
5494384560113;0.493118;0.227281;0.981672 0.171776 -0.0825424 0.407599 -0.174787 0.984127 -0.0307097 1.21396 0.075957 0.0445742 0.996114 -0.691833 0 0 0 1 
5494384560114;0.011633;0.204786;0.998486 0.0264322 -0.0482385 0.0623402 -0.0273534 0.999454 -0.0185368 0.284496 0.0477221 0.0198282 0.998664 -0.169882 0 0 0 1 
5494384560115;0.837027;0.302927;0.946101 -0.0623823 -0.317807 0.52047 0.123639 0.976525 0.176388 -1.77289 0.299343 -0.206174 0.931604 -1.54703 0 0 0 1 
5494384560116;0.753813;0.206943;0.994111 -0.0453114 -0.098443 -0.307192 0.0464134 0.998882 0.00893259 -0.239088 0.0979282 -0.0134491 0.995103 -0.76386 0 0 0 1 
5494384560117;0.39392;0.21641;0.956659 0.290799 -0.0154665 0.343796 -0.290657 0.956766 0.0108044 2.02627 0.0179397 -0.00584074 0.999822 0.228375 0 0 0 1 
5494384560118;0.486867;0.317328;0.995448 0.0870268 -0.038855 0.162719 -0.0947503 0.947651 -0.304926 1.23935 0.0102843 0.30722 0.951583 -0.00943946 0 0 0 1 
5494384560119;0.307339;0.245972;0.94941 0.309594 -0.0526429 0.437085 -0.291076 0.93046 0.222527 1.36152 0.117875 -0.195947 0.973504 -0.658486 0 0 0 1 
5494384560120;1.07013;0.228856;0.96297 -0.227286 -0.145017 0.463011 0.198884 0.962001 -0.187078 -0.694155 0.182027 0.151309 0.971582 -1.81318 0 0 0 1 
5494384560121;0.937742;0.21328;0.8743 0.427607 -0.22968 1.16497 -0.434167 0.900517 0.0238399 2.15901 0.217025 0.0788761 0.972974 -1.35 0 0 0 1 
5494384560122;0.448809;0.242985;0.911072 0.390481 0.132185 0.134694 -0.394998 0.91864 0.00877335 2.80234 -0.118005 -0.060206 0.991186 0.998707 0 0 0 1 
5494384560124;0.180601;0.1841;0.992343 -0.0913173 0.0831651 -0.288547 0.0814348 0.989984 0.115329 -0.33124 -0.0928636 -0.107673 0.98984 0.321809 0 0 0 1 
5494384560125;0.336264;0.117161;0.950586 -0.151738 0.270852 -0.536049 0.166647 0.985471 -0.0327822 -0.642965 -0.261943 0.0762991 0.962063 1.03956 0 0 0 1 
5494384560126;0.158937;0.115336;0.993057 0.104688 0.0536568 -0.246829 -0.106418 0.993854 0.0304751 0.400241 -0.0501366 -0.0359736 0.998094 0.135413 0 0 0 1 
5494384560127;0.459182;0.135559;0.988173 -0.12513 -0.0886342 0.484534 0.122549 0.991879 -0.0340165 0.0135995 0.0921709 0.0227522 0.995483 -0.363695 0 0 0 1 
5494384560128;0.768681;0.175372;0.970446 -0.096573 0.22115 -0.700341 0.145317 0.965507 -0.216055 0.0225627 -0.192657 0.241807 0.951006 0.243461 0 0 0 1 
5494384560129;0.8631;0.149101;0.921026 -0.000909391 0.3895 -0.935681 -0.0960295 0.968598 0.229337 -0.581038 -0.377477 -0.248628 0.892017 1.9294 0 0 0 1 
5494384560130;0.294138;0.112763;0.987519 -0.15395 -0.0332628 0.222416 0.157438 0.970856 0.180697 -0.938078 0.0044752 -0.183678 0.982976 -0.255027 0 0 0 1 
5494384560131;0.331415;0.123396;0.996248 -0.0433858 -0.0748892 0.0437929 0.0448694 0.998826 0.0182424 -0.0979732 0.0740098 -0.0215342 0.997025 -0.00666185 0 0 0 1 
5494384560132;0.299743;0.140188;0.926286 0.0142233 -0.376552 0.955507 0.0791956 0.96962 0.231439 -0.644372 0.368405 -0.2442 0.89702 -1.52978 0 0 0 1 
5494384560133;0.275606;0.106637;0.91658 0.132356 -0.37731 1.08711 -0.0811416 0.985561 0.14861 0.144654 0.391531 -0.105597 0.914086 -1.50561 0 0 0 1 
5494384560134;0.715759;0.123277;0.975169 0.221148 0.0118073 0.0762749 -0.221258 0.975175 0.00889175 1.07608 -0.00954781 -0.0112834 0.999891 0.798403 0 0 0 1 
5494384560135;0.221863;0.10927;0.954641 0.279667 0.10221 0.0199725 -0.289679 0.951728 0.101483 1.15264 -0.068895 -0.126488 0.989573 0.208493 0 0 0 1 
5494384560136;0.513605;0.116297;0.966257 0.257542 0.00438549 -0.219811 -0.257516 0.966257 -0.00582399 1.52395 -0.00573743 0.00449814 0.999973 -0.206932 0 0 0 1 
5494384560137;0.0725673;0.123083;0.999931 0.00680084 -0.00952664 -0.0354998 -0.00676022 0.999968 0.00428911 0.146613 0.0095555 -0.00422441 0.999945 0.0120425 0 0 0 1 
5494384560138;0.458946;0.127318;0.995222 -0.0440542 -0.0871331 0.0605245 0.0338435 0.992746 -0.115373 0.159847 0.0915837 0.111873 0.989493 0.12674 0 0 0 1 
5494384560139;0.373858;0.103178;0.983595 0.15176 0.0975158 0.0884099 -0.149401 0.988288 -0.031093 0.425615 -0.101092 0.016014 0.994748 0.315765 0 0 0 1 
5494384560140;0.407687;0.116797;0.93234 0.332374 -0.142373 0.401047 -0.307033 0.935697 0.173785 1.03717 0.19098 -0.118314 0.974438 -0.549383 0 0 0 1 
5494384560141;0.827786;0.114845;0.998651 0.0175839 0.048847 -0.240448 -0.0177306 0.999839 0.00257035 0.329309 -0.048794 -0.00343297 0.998803 1.10364 0 0 0 1 
5494384560142;0.791925;0.137008;0.998293 -0.0266896 0.0519529 -0.80258 0.0269702 0.999625 -0.00470821 -0.210503 -0.0518077 0.00610135 0.998638 -0.389496 0 0 0 1 
5494384560143;0.413054;0.0992227;0.87669 0.406719 0.256895 0.113401 -0.439732 0.894087 0.085118 1.51415 -0.195067 -0.187587 0.962684 0.734547 0 0 0 1 
5494384560144;0.460909;0.101425;0.989511 0.110174 -0.0934289 0.197002 -0.103078 0.991637 0.0776575 0.450506 0.101203 -0.0672125 0.992593 0.0342429 0 0 0 1 
5494384560145;0.514439;0.0958756;0.994416 -0.0636525 0.0841721 -0.369758 0.0390655 0.962986 0.266705 -0.0677516 -0.098033 -0.261927 0.960096 0.383945 0 0 0 1 
5494384560146;0.876277;0.0923159;0.962583 0.270723 -0.0119248 1.03818 -0.270466 0.962531 0.0195537 0.907358 0.0167716 -0.0155968 0.999738 -0.657679 0 0 0 1 
5494384560147;0.0882485;0.134296;0.98875 0.0344106 -0.145566 0.278621 -0.0332051 0.999391 0.0107043 0.257844 0.145846 -0.0057503 0.989291 -0.619874 0 0 0 1 
5494384560148;0.565514;0.0827253;0.894678 0.309594 0.322031 0.219736 -0.276945 0.950044 -0.143935 1.86124 -0.350505 0.0395908 0.935724 1.46323 0 0 0 1 
5494384560149;0.651367;0.14722;0.994869 -0.0900227 0.0461631 -0.497568 0.0860144 0.992873 0.0824904 -0.292052 -0.0532601 -0.0780965 0.995522 0.808123 0 0 0 1 
5494384560150;0.389377;0.121236;0.93085 -0.310092 0.193293 -0.357991 0.329221 0.941233 -0.0754622 -1.33841 -0.158533 0.13388 0.978235 0.851322 0 0 0 1 
5494384560151;0.428451;0.147057;0.943497 -0.327345 -0.0515671 0.0165258 0.329893 0.94255 0.0526293 -1.39398 0.0313766 -0.0666672 0.997282 -0.492769 0 0 0 1 
5494384560152;0.492131;0.556012;0.931919 -0.362182 -0.0187305 -0.0189147 0.360158 0.930303 -0.0694519 -1.16107 0.0425793 0.0579776 0.997409 -0.213572 0 0 0 1 
5494384560153;0.585822;0.113264;0.999657 0.0148645 -0.0215419 0.022047 -0.0190113 0.978089 -0.207318 0.720669 0.0179882 0.207656 0.978036 -0.599234 0 0 0 1 
5494384560155;0.510199;0.501965;0.990703 -0.13535 -0.0137357 0.243532 0.135716 0.976235 0.168955 -0.578171 -0.00945882 -0.169248 0.985528 0.430961 0 0 0 1 
5494384560156;0.606536;0.359303;0.999856 -0.0107726 -0.0131483 0.348996 0.0118303 0.996462 0.0832126 -0.441459 0.0122053 -0.0833561 0.996445 -0.665197 0 0 0 1 
5494384560157;0.698949;0.359355;0.964567 -0.261751 -0.0331253 0.646329 0.263823 0.955492 0.132034 -0.808877 -0.00290924 -0.136095 0.990692 0.46153 0 0 0 1 
5494384560158;0.932434;0.615943;0.97996 0.0346029 0.196165 0.228766 -0.0462071 0.997423 0.0548894 -0.112901 -0.19376 -0.0628536 0.979033 1.14734 0 0 0 1 
5494384560159;0.588127;0.478165;0.960377 0.169472 0.221259 0.560854 -0.188586 0.979688 0.0681716 -0.260257 -0.205211 -0.107197 0.972829 0.687165 0 0 0 1 
5494384560160;0.813406;0.479973;0.960051 0.0710465 -0.270657 1.23108 -0.0178785 0.980829 0.194047 -0.387141 0.279255 -0.181456 0.942916 -0.870593 0 0 0 1 
5494384560161;0.869163;0.455769;0.999001 0.0131124 -0.0427227 0.578313 -0.0066339 0.988907 0.148391 -1.33371 0.0441945 -0.147959 0.988006 -0.0694668 0 0 0 1 
5494384560162;0.520155;0.29964;0.990474 -0.0738258 -0.116241 0.313428 0.0976177 0.971817 0.214577 -0.213385 0.0971235 -0.22388 0.969765 0.248919 0 0 0 1 
5494384560163;0.884248;0.545897;0.919577 0.392829 -0.00793987 1.34202 -0.390553 0.916087 0.0908474 0.31131 0.0429611 -0.0804402 0.995833 0.0210258 0 0 0 1 
5494384560164;0.069281;0.271648;0.998665 -0.0365835 -0.0364613 0.260136 0.0387898 0.997337 0.0617641 -0.316571 0.0341047 -0.063096 0.997425 -0.0418592 0 0 0 1 
5494384560165;0.359877;0.416246;0.930891 0.332206 0.151927 0.277849 -0.339403 0.940349 0.0234206 0.119749 -0.135084 -0.0733667 0.988114 0.245105 0 0 0 1 
5494384560166;0.617506;0.535135;0.955852 -0.00331024 -0.29383 0.834737 0.059379 0.981484 0.182107 -0.579504 0.287787 -0.191515 0.93835 -0.0578403 0 0 0 1 
5494384560167;0.359577;0.576422;0.955811 -0.186428 0.227311 0.129912 0.189283 0.981878 0.00937459 -0.801242 -0.224939 0.0340657 0.973777 0.212798 0 0 0 1 
5494384560168;0.367236;0.37595;0.951912 0.240012 0.190417 0.35321 -0.271192 0.949268 0.159203 -0.187972 -0.142546 -0.203186 0.968708 0.165324 0 0 0 1 
5494384560169;0.299703;0.385145;0.995912 0.0461546 -0.07765 0.415157 -0.0277458 0.974357 0.223292 -0.591212 0.0859648 -0.220225 0.971654 -0.0473168 0 0 0 1 
5494384560170;0.388752;0.410294;0.999767 -0.00778746 -0.0201502 0.580883 0.0102245 0.992252 0.12382 -0.200557 0.0190298 -0.123997 0.9921 -0.123705 0 0 0 1 
5494384560171;0.436725;0.301187;0.999917 -0.00395622 0.0122428 0.547262 0.000877158 0.970299 0.241908 -0.371072 -0.0128362 -0.241877 0.970222 -0.349434 0 0 0 1 
5494384560172;0.743415;0.426148;0.986593 0.162165 -0.0183715 1.04739 -0.158314 0.978301 0.133658 -0.0277932 0.0396477 -0.128958 0.990857 0.0448262 0 0 0 1 
5494384560173;0.766137;0.317339;0.996375 0.0838707 -0.014261 0.59434 -0.0719265 0.919991 0.385283 0.00434125 0.045434 -0.38286 0.922688 -0.682257 0 0 0 1 
5494384560174;0.152675;0.365524;0.987905 -0.125941 -0.0904537 0.182489 0.135461 0.984854 0.108224 -0.550506 0.0754539 -0.119168 0.990003 -0.146495 0 0 0 1 
5494384560175;0.731473;0.667363;0.997144 0.0238343 -0.0716597 0.582817 -0.0236082 0.999713 0.00400023 -0.403569 0.0717345 -0.00229705 0.997421 -0.756883 0 0 0 1 
5494384560176;0.458408;0.425256;0.923722 0.0534681 0.379313 0.186403 -0.147007 0.963871 0.222131 0.0897734 -0.353731 -0.260949 0.898209 0.414678 0 0 0 1 
5494384560177;0.329052;0.453383;0.976134 -0.0341387 -0.214469 0.44241 0.0438431 0.998211 0.0406545 -0.355702 0.212698 -0.0490872 0.975884 -0.126259 0 0 0 1 
5494384560178;0.128329;0.34613;0.994092 0.00821394 -0.108229 0.336749 0.00975216 0.98634 0.164432 -0.414683 0.108101 -0.164516 0.980433 -0.195208 0 0 0 1 
5494384560179;0.884119;0.42264;0.950745 -0.220735 0.217623 -0.00838654 0.19127 0.970239 0.148499 -1.14562 -0.243926 -0.0995597 0.96467 -0.391474 0 0 0 1 
5494384560180;0.395688;0.361269;0.99804 -0.0421713 -0.0462341 0.073123 0.0480278 0.989829 0.133913 -0.203166 0.0401165 -0.135871 0.989914 -0.37218 0 0 0 1 
5494384560181;0.929561;0.503624;0.958686 -0.282796 -0.0307778 -0.350494 0.284423 0.954806 0.0863063 -1.27321 0.00497974 -0.0914946 0.995793 -0.678957 0 0 0 1 
5494384560182;0.699324;0.594802;0.951018 -0.247803 0.184819 -0.121535 0.243821 0.968806 0.0443397 -1.27038 -0.190041 0.00289497 0.981772 -0.203742 0 0 0 1 
5494384560183;0.638253;0.527356;0.923108 -0.116606 0.366434 -0.23891 0.0287469 0.971175 0.236628 -0.695396 -0.383464 -0.207899 0.899852 1.04016 0 0 0 1 
5494384560184;0.208766;0.516736;0.979098 0.202237 -0.0216285 0.461882 -0.199879 0.976415 0.0816271 -0.19554 0.0376264 -0.0755979 0.996428 -0.113264 0 0 0 1 
5494384560186;0.36111;0.0766711;0.999535 -0.0282083 0.0115623 -0.0120175 0.0283062 0.999564 -0.00838947 0.118707 -0.0113206 0.00871285 0.999898 0.475447 0 0 0 1 
5494384560187;0.496451;0.0637449;0.954119 0.271351 -0.126592 0.936448 -0.21857 0.920127 0.324952 0.295441 0.204656 -0.282374 0.93722 -0.803745 0 0 0 1 
5494384560188;0.447898;0.0689696;0.938308 -0.336955 0.0777167 -0.24035 0.310906 0.920425 0.23697 -1.71365 -0.151381 -0.198188 0.968404 0.469187 0 0 0 1 
5494384560189;0.616026;0.0770877;0.951124 -0.211134 -0.225359 0.629901 0.215944 0.9764 -0.00337976 -0.365397 0.220754 -0.0454503 0.97427 -0.490089 0 0 0 1 
5494384560190;0.219844;0.0857638;0.982123 -0.164437 -0.091628 0.0136014 0.170193 0.983645 0.0589676 -0.73822 0.080433 -0.0735079 0.994046 -0.277669 0 0 0 1 
5494384560191;0.269957;0.0846925;0.965091 0.26009 0.0308576 0.37718 -0.260983 0.964888 0.0296361 0.976822 -0.0220661 -0.0366549 0.999084 0.15878 0 0 0 1 
5494384560192;0.563983;0.0980942;0.994269 0.103656 -0.026182 -0.0880556 -0.0843713 0.911161 0.40332 -0.0295534 0.0656626 -0.398799 0.914684 0.209811 0 0 0 1 
5494384560193;0.714742;0.0639024;0.978023 -0.195259 -0.0731037 0.531925 0.161146 0.930408 -0.329201 -0.502192 0.132296 0.310186 0.941426 -0.806617 0 0 0 1 
5494384560194;0.621903;0.0810258;0.98642 -0.163071 -0.0195865 -0.118823 0.163005 0.986613 -0.00495343 -0.759802 0.020132 0.00169348 0.999796 0.691956 0 0 0 1 
5494384560195;0.355585;0.0755416;0.955282 -0.284168 0.0817644 -0.282958 0.282192 0.958718 0.035024 -1.20322 -0.0883418 -0.0103845 0.996036 0.634638 0 0 0 1 
5494384560196;0.150749;0.086878;0.997704 0.0671367 0.00888697 0.0293653 -0.0673974 0.99717 0.0333011 0.136138 -0.0066261 -0.0338236 0.999406 0.249048 0 0 0 1 
5494384560197;0.514288;0.0992901;0.890965 -0.431255 -0.142126 0.721986 0.446815 0.888408 0.105302 -1.91518 0.0808538 -0.157324 0.984232 0.0570065 0 0 0 1 
5494384560198;0.530599;0.083279;0.994201 0.0178709 0.106038 -0.427124 0.0288435 0.905641 -0.423063 0.369881 -0.103593 0.423668 0.899874 0.554503 0 0 0 1 
5494384560199;0.148187;0.0842669;0.989464 0.14478 -0.000449683 0.161781 -0.144549 0.987703 -0.0595728 0.676321 -0.00818076 0.0590101 0.998224 0.175975 0 0 0 1 
5494384560200;0.674054;0.0907718;0.998121 -0.0580386 0.0196343 -0.636327 0.056706 0.996419 0.0627126 -0.715412 -0.0232038 -0.0614814 0.997838 -0.207524 0 0 0 1 
5494384560201;0.851959;0.0943284;0.957014 -0.195159 0.214563 -0.177164 0.128195 0.9482 0.290659 -1.04679 -0.260174 -0.250659 0.932459 0.270329 0 0 0 1 
5494384560202;0.0584502;0.0806015;0.999366 -0.0176183 -0.0309293 0.0860885 0.0185489 0.999376 0.0300622 -0.142843 0.0303803 -0.0306168 0.999069 -0.0797579 0 0 0 1 
5494384560203;0.443983;0.0622418;0.994927 -0.0463869 0.0892701 -0.221198 0.0795449 0.905987 -0.415766 0.56949 -0.0615915 0.420757 0.90508 0.399534 0 0 0 1 
5494384560204;0.212563;0.0728551;0.999333 0.0285012 0.0228257 -0.0250838 -0.0288975 0.999434 0.0172219 0.0537934 -0.0223219 -0.01787 0.999591 -0.0763994 0 0 0 1 
5494384560205;0.664348;0.0910761;0.875569 -0.289176 0.386983 -0.166249 0.234384 0.954739 0.183131 -1.06344 -0.422426 -0.0696414 0.903718 2.58685 0 0 0 1 
5494384560206;0.578856;0.073275;0.9956 -0.0885242 0.0307166 -0.0357527 0.08784 0.99587 0.0229529 -0.301481 -0.0326216 -0.0201538 0.999265 0.860231 0 0 0 1 
5494384560207;0.371227;0.0827085;0.98006 -0.0392609 0.194782 -0.498956 -0.0225859 0.95192 0.305514 -0.558437 -0.197412 -0.303822 0.932052 0.997483 0 0 0 1 
5494384560208;0.803964;0.0796252;0.995661 0.0330039 0.0870051 -0.0705798 -0.0366911 0.99848 0.0411268 0.208348 -0.0855156 -0.0441406 0.995359 1.35117 0 0 0 1 
5494384560209;0.402561;0.0924382;0.896374 -0.409775 -0.169106 0.471306 0.380768 0.907054 -0.179637 -1.2929 0.226999 0.0966314 0.969089 -0.672814 0 0 0 1 
5494384560210;0.831689;0.0739478;0.983115 0.15706 0.0939 -0.187548 -0.13207 0.964191 -0.229987 1.60866 -0.126659 0.213702 0.968653 0.160232 0 0 0 1 
5494384560211;0.793568;0.109411;0.995701 -0.0397883 -0.0836448 0.936317 0.0394131 0.999204 -0.00613254 0.146641 0.0838223 0.00280948 0.996477 -0.541511 0 0 0 1 
5494384560212;0.459124;0.0995727;0.999719 -0.00825149 0.0222341 0.212541 0.00750599 0.999414 0.0334068 0.0538128 -0.0224968 -0.0332305 0.999194 0.62123 0 0 0 1 
5494384560213;0.436091;0.333182;0.999842 -0.017307 0.00395327 0.0471079 0.0174671 0.998839 -0.0448978 0.0475437 -0.00317163 0.0449598 0.998984 0.187089 0 0 0 1 
5494384560214;0.701608;0.104587;0.999861 -0.0138086 0.00934459 0.0185698 0.0135428 0.999518 0.0279418 0.60301 -0.00972593 -0.0278114 0.999566 -0.202342 0 0 0 1 
5494384560215;0.568246;0.0833992;0.959256 0.0577527 -0.276574 1.17992 0.0245007 0.958196 0.285062 -0.617231 0.281475 -0.280224 0.91774 -0.957815 0 0 0 1 
5494384560217;0.781012;0.136202;0.989165 0.14673 0.00470288 0.791979 -0.146379 0.988227 -0.0444933 0.661067 -0.011176 0.0433228 0.998999 0.442164 0 0 0 1 
5494384560218;0.673342;0.146587;0.865075 -0.0693122 -0.496832 2.06399 0.131676 0.987054 0.0915703 -1.06012 0.484053 -0.144636 0.863002 -1.96004 0 0 0 1 
5494384560219;0.333437;0.191363;0.944958 -0.310451 -0.103319 0.525242 0.314473 0.948942 0.0248133 -1.84829 0.0903408 -0.0559386 0.994339 -0.42658 0 0 0 1 
5494384560220;0.675306;0.145372;0.955045 -0.137371 -0.262712 0.826342 0.105796 0.985743 -0.130835 -0.254644 0.276939 0.0971597 0.955963 -0.797336 0 0 0 1 
5494384560221;0.374554;0.112818;0.910464 0.412681 0.0273767 0.710387 -0.398574 0.893163 -0.208324 2.84929 -0.110423 0.17876 0.977677 0.903714 0 0 0 1 
5494384560222;1.07278;0.143379;0.955077 0.136796 -0.262898 0.39912 -0.183424 0.969622 -0.161827 2.19 0.232774 0.202779 0.951156 -0.796683 0 0 0 1 
5494384560223;0.406435;0.126007;0.924246 0.381798 -4.5799e-05 0.513588 -0.38112 0.922597 -0.0596817 2.27418 -0.0227441 0.0551781 0.998217 0.42511 0 0 0 1 
5494384560224;0.20751;0.174034;0.988231 -0.0514996 0.144038 -0.292658 0.0498447 0.998643 0.0150768 -0.296277 -0.144619 -0.00771989 0.989457 0.939706 0 0 0 1 
5494384560225;0.828158;0.112831;0.993153 0.0121398 -0.116192 0.270775 -0.00469249 0.997929 0.0641544 0.0296753 0.116731 -0.0631699 0.991153 0.168711 0 0 0 1 
5494384560226;0.429538;0.103407;0.870021 0.0613736 -0.489179 1.90512 0.00788177 0.990363 0.138271 -0.0506339 0.492951 -0.124155 0.861153 -2.67095 0 0 0 1 
5494384560227;0.623994;0.198897;0.943945 -0.312214 0.10719 -0.150406 0.290632 0.940016 0.178615 -1.70175 -0.156527 -0.13745 0.978063 0.741919 0 0 0 1 
5494384560228;0.349478;0.167141;0.982727 -0.0795829 -0.167076 0.504443 0.121232 0.958966 0.256295 -1.04423 0.139823 -0.272123 0.95205 -0.772912 0 0 0 1 
5494384560229;0.390705;0.112113;0.996208 0.0735306 -0.0465054 0.100103 -0.0748849 0.996797 -0.0280812 0.798303 0.0442916 0.0314573 0.998523 0.064094 0 0 0 1 
5494384560230;0.944473;0.123846;0.987382 0.10028 0.122557 -0.852947 -0.101221 0.994863 0.00146107 0.747881 -0.121781 -0.013848 0.99246 0.258814 0 0 0 1 
5494384560231;0.749473;0.141116;0.932669 -0.230894 0.277157 -0.715866 0.21099 0.972355 0.100044 -1.30342 -0.292595 -0.0348304 0.955602 1.3601 0 0 0 1 
5494384560232;0.1939;0.150962;0.998009 -0.0505584 0.037696 -0.0391903 0.0437588 0.985594 0.163369 -0.610316 -0.0454127 -0.161394 0.985845 0.226166 0 0 0 1 
5494384560233;0.634182;0.105768;0.928411 0.254736 0.270487 -0.1958 -0.319533 0.918894 0.231371 1.36365 -0.18961 -0.301237 0.934508 0.702148 0 0 0 1 
5494384560234;0.39885;0.15861;0.915003 -0.333717 -0.226723 1.01929 0.353631 0.933908 0.0525414 -2.17047 0.194204 -0.128252 0.972541 -1.20504 0 0 0 1 
5494384560235;0.0516956;0.166721;0.995317 0.0925741 -0.027825 0.208781 -0.0928092 0.995657 -0.00727671 0.676312 0.0270305 0.00982504 0.999586 -0.102758 0 0 0 1 
5494384560236;0.391323;0.147348;0.996201 -0.0815861 -0.0304448 0.155969 0.0829307 0.995499 0.0458812 -0.190044 0.0265645 -0.0482317 0.998483 -0.157436 0 0 0 1 
5494384560237;1.02921;0.0896788;0.997741 -0.00142847 0.0671567 0.416712 0.0155557 0.977509 -0.210318 0.803642 -0.0653458 0.210887 0.975324 1.30086 0 0 0 1 
5494384560238;0.757061;0.160045;0.954664 0.28312 -0.0919748 0.851975 -0.279708 0.958867 0.0483443 1.96395 0.101879 -0.0204265 0.994587 -1.02498 0 0 0 1 
5494384560239;0.288361;0.105415;0.917458 0.300631 0.260562 0.0216494 -0.285677 0.953663 -0.0944273 1.91763 -0.276876 0.0121965 0.960828 1.79413 0 0 0 1 
5494384560240;0.0978136;0.0970505;0.985164 0.101391 -0.138459 0.49302 -0.0945589 0.993995 0.0550769 0.472147 0.143212 -0.0411672 0.988835 -0.788757 0 0 0 1 
5494384560241;0.673589;0.11395;0.931812 0.335809 -0.137689 0.787248 -0.355136 0.921866 -0.155052 2.97977 0.0748626 0.193377 0.978264 -0.171743 0 0 0 1 
5494384560242;1.04802;0.113605;0.982507 0.115207 0.146315 -0.472784 -0.0904235 0.981972 -0.165998 1.51309 -0.162801 0.149864 0.975211 1.89108 0 0 0 1 
5494384560243;0.111566;0.127422;0.999126 0.00579032 -0.0413853 0.162597 -0.00496427 0.999787 0.0200351 0.117722 0.0414925 -0.0198121 0.998942 -0.30032 0 0 0 1 
5494384560244;1.00468;0.196152;0.987653 -0.156356 0.00969544 0.46406 0.15591 0.987098 0.0364518 -0.78509 -0.0152698 -0.0344902 0.999288 -0.695593 0 0 0 1 
5494384560245;0.648612;0.124065;0.994815 -0.0962648 0.03281 -0.0814441 0.0980898 0.993398 -0.0594941 -0.0543424 -0.0268662 0.0624039 0.997689 0.761814 0 0 0 1 
5494384560246;0.310363;0.138052;0.999059 0.00795174 0.0426285 0.0574087 -0.0140874 0.989239 0.14563 -0.0945255 -0.0410118 -0.146094 0.98842 0.502588 0 0 0 1 
5494384560248;0.548689;0.139464;0.965489 -0.258234 0.0338647 0.211022 0.254538 0.963116 0.0872815 -2.98899 -0.0551546 -0.0756494 0.995608 1.31979 0 0 0 1 
5494384560249;0.350307;0.118583;0.965563 0.229922 0.121751 -0.211355 -0.211268 0.966032 -0.148822 2.67595 -0.151833 0.117975 0.98134 1.25149 0 0 0 1 
5494384560250;0.482059;0.107816;0.991591 0.0372502 0.123934 0.384931 -0.0293159 0.997439 -0.0652397 -0.177416 -0.126047 0.0610579 0.990143 1.27183 0 0 0 1 
5494384560251;0.346948;0.122482;0.947484 0.227909 0.224345 -0.340936 -0.250381 0.965078 0.0770363 2.05808 -0.198953 -0.129163 0.97146 2.50824 0 0 0 1 
5494384560252;0.590914;0.0930235;0.917481 -0.238984 -0.317986 2.01832 0.188206 0.965068 -0.182271 -2.16304 0.350438 0.107383 0.93041 -3.45258 0 0 0 1 
5494384560253;0.449485;0.160264;0.928 0.00275071 -0.37257 1.8462 -0.0406357 0.994755 -0.0938713 0.890159 0.370358 0.102252 0.923244 -3.62542 0 0 0 1 
5494384560254;0.682288;0.151553;0.948097 -0.31495 0.0437913 1.3344 0.304568 0.939029 0.159572 -3.86937 -0.0913784 -0.137952 0.986215 1.85688 0 0 0 1 
5494384560255;0.468787;0.135863;0.998371 -0.0076605 0.0565436 -0.4426 0.0137802 0.993985 -0.108647 0.0733941 -0.0553712 0.109249 0.992471 -0.284251 0 0 0 1 
5494384560256;0.445109;0.111423;0.917897 0.350464 0.186118 -0.406343 -0.373631 0.921283 0.107878 3.22879 -0.13366 -0.16856 0.976587 1.13077 0 0 0 1 
5494384560257;0.358958;0.167638;0.975029 -0.0812279 0.20669 -0.46158 0.0500563 0.987142 0.151808 -1.14429 -0.216363 -0.137671 0.966558 2.70119 0 0 0 1 
5494384560258;0.299214;0.150222;0.948012 -0.298106 0.111384 0.600344 0.313487 0.935034 -0.165644 -2.64727 -0.0547687 0.19195 0.979875 0.197984 0 0 0 1 
5494384560259;0.232186;0.141001;0.990334 -0.138556 0.00633328 0.314063 0.137114 0.98487 0.105971 -1.94203 -0.0209204 -0.104078 0.994349 0.0921796 0 0 0 1 
5494384560260;0.561418;0.0887942;0.958148 0.263502 0.111886 -0.368509 -0.272809 0.958908 0.0779163 2.35371 -0.086757 -0.105179 0.990662 1.82572 0 0 0 1 
5494384560261;0.428236;0.129157;0.867735 0.258752 0.424363 -0.287851 -0.23342 0.965941 -0.111681 2.43237 -0.438807 -0.00214545 0.898579 4.61727 0 0 0 1 
5494384560262;0.264025;0.142028;0.995469 -0.0267607 0.0912479 0.169962 0.0402629 0.98794 -0.14951 -0.133827 -0.0861464 0.152507 0.984541 0.346374 0 0 0 1 
