#;prob_registration_l1 -r /home/probabilistic_point_clouds_registration/build/tester /home/point_clouds_registration_benchmark//devel/registration_pairs/urban05_local.txt /home/point_clouds_registration_benchmark//kaist/urban05 -s 0.2 -t 0.2 -p 0.3 -r 1000 -m 10 -i 40 
id;initial_error;final_error;transformation
34562489690000;0.13992;0.691082;1 -1.5132e-07 7.85583e-07 -1.02274 1.5132e-07 1 3.07865e-08 5.01003 -7.85583e-07 -3.07864e-08 1 -0.127815 0 0 0 1 
34562489690001;0.182436;0.230575;1 -7.15057e-08 4.37558e-07 -0.608434 7.15057e-08 1 4.1707e-08 0.565273 -4.37558e-07 -4.1707e-08 1 -0.309451 0 0 0 1 
34562489690002;0.400034;1.29517;1 -4.81046e-08 -9.79143e-07 -1.0987 4.81045e-08 1 -1.13679e-08 -9.47213 9.79143e-07 1.13679e-08 1 -0.0573375 0 0 0 1 
34562489690003;0.381518;0.431816;0.999789 1.71653e-05 -0.0205391 12.4536 1.96431e-05 0.999998 0.00179191 -1.8204 0.0205391 -0.00179194 0.999787 -9.09328 0 0 0 1 
34562489690004;0.467995;0.697201;1 -1.15631e-07 4.98652e-07 -0.88236 1.15631e-07 1 5.2436e-08 1.89072 -4.98652e-07 -5.2436e-08 1 -0.370936 0 0 0 1 
34562489690005;0.423309;0.697638;1 -1.40559e-07 7.14595e-07 -1.06201 1.40559e-07 1 7.4437e-08 2.4538 -7.14595e-07 -7.44369e-08 1 -0.543798 0 0 0 1 
34562489690006;0.190415;1.19544;1 -5.66152e-08 1.41019e-06 -1.02594 5.66153e-08 1 -2.75751e-08 -10.1912 -1.41019e-06 2.75752e-08 1 -0.00336321 0 0 0 1 
34562489690007;0.167146;0.796883;1 -3.6893e-08 1.10556e-06 0.118128 3.6893e-08 1 6.836e-10 5.8968 -1.10556e-06 -6.83559e-10 1 0.239718 0 0 0 1 
34562489690008;0.102809;0.100115;1 -1.88706e-08 6.1646e-08 -0.131241 1.88706e-08 1 3.39974e-09 -0.325146 -6.1646e-08 -3.39974e-09 1 -0.0113052 0 0 0 1 
34562489690009;0.0509686;0.109021;1 -6.50569e-06 2.52471e-05 51.9733 6.50578e-06 1 -3.69886e-06 -5.59176 -2.52471e-05 3.69902e-06 1 -12.0119 0 0 0 1 
34562489690010;0.0869115;0.707955;1 -1.21533e-07 -2.52013e-08 -0.807876 1.21533e-07 1 2.34819e-08 6.04996 2.52013e-08 -2.34819e-08 1 -0.0685759 0 0 0 1 
34562489690011;0.0782188;0.230235;0.999631 0.000265065 -0.0271686 -1870.28 -0.00019875 0.999997 0.00244354 164.965 0.0271692 -0.00243724 0.999628 525.152 0 0 0 1 
34562489690012;0.0495854;0.814688;1 -1.07419e-08 1.96239e-07 -0.75699 1.07419e-08 1 -1.86172e-09 -7.03515 -1.96239e-07 1.86172e-09 1 -0.205777 0 0 0 1 
34562489690013;0.0622498;0.182191;1 1.91878e-06 1.50433e-05 -15.5385 -1.91877e-06 1 -7.98697e-07 2.77985 -1.50433e-05 7.98668e-07 1 4.37023 0 0 0 1 
34562489690014;0.30978;1.11366;1 -2.41512e-07 -2.2984e-07 -1.19563 2.41512e-07 1 3.94034e-08 8.06502 2.2984e-07 -3.94035e-08 1 -0.0990365 0 0 0 1 
34562489690015;0.264634;0.33503;1 -3.00989e-08 1.36071e-07 -0.277709 3.00989e-08 1 7.29174e-09 -0.833609 -1.36071e-07 -7.29174e-09 1 -0.0552159 0 0 0 1 
34562489690016;0.0384264;0.859851;1 -9.97602e-08 1.8874e-07 -0.454588 9.97602e-08 1 8.95214e-09 7.6587 -1.8874e-07 -8.95212e-09 1 0.0830694 0 0 0 1 
34562489690017;0.317284;0.459036;1 -1.21447e-07 2.19183e-07 -1.1247 1.21447e-07 1 3.42615e-08 -2.39072 -2.19183e-07 -3.42615e-08 1 -0.251805 0 0 0 1 
34562489690018;0.287954;1.16235;1 -1.38809e-07 6.23299e-07 -0.555032 1.38809e-07 1 -4.38909e-09 9.27617 -6.23299e-07 4.38917e-09 1 0.151792 0 0 0 1 
34562489690019;0.362659;0.502815;0.990988 0.000776655 0.133945 60.0452 0.000795837 0.999931 -0.0116859 -8.59363 -0.133945 0.0116872 0.99092 53.534 0 0 0 1 
34562489690020;0.112961;0.079447;0.999894 -3.81639e-06 -0.0145492 106.73 2.27596e-05 0.999999 0.00130185 -10.1685 0.0145492 -0.00130204 0.999893 255.238 0 0 0 1 
34562489690021;0.197833;0.276968;1 -1.25399e-08 -4.3188e-07 -0.16877 1.25399e-08 1 -2.16258e-08 -1.61547 4.3188e-07 2.16258e-08 1 0.154742 0 0 0 1 
34562489690022;0.278308;1.14336;1 -8.27178e-08 8.81749e-07 -1.24861 8.27178e-08 1 -4.56456e-08 -8.65758 -8.81749e-07 4.56456e-08 1 0.16302 0 0 0 1 
34562489690023;0.193536;0.235791;1 -4.35619e-08 -1.86017e-07 -0.378897 4.35619e-08 1 1.23792e-08 0.21481 1.86017e-07 -1.23792e-08 1 -0.0836241 0 0 0 1 
34562489690024;0.347959;0.515092;1 -4.09836e-08 1.76436e-06 -0.480878 4.09835e-08 1 5.1887e-08 -3.40707 -1.76436e-06 -5.18869e-08 1 -0.440293 0 0 0 1 
34562489690025;0.302077;0.615355;0.999905 6.31787e-06 -0.0137562 15.2631 1.01986e-05 0.999999 0.00120058 0.979945 0.0137562 -0.00120061 0.999905 -3.36127 0 0 0 1 
34562489690026;0.218188;0.207925;1 -4.35816e-08 3.86279e-07 -0.37093 4.35816e-08 1 2.75837e-08 0.584271 -3.86279e-07 -2.75837e-08 1 -0.202108 0 0 0 1 
34562489690027;0.18191;0.332685;0.999198 6.07789e-05 -0.040036 79.213 7.91551e-05 0.999994 0.00349361 -5.11102 0.040036 -0.00349398 0.999192 -10.5309 0 0 0 1 
34562489690028;0.340963;0.500529;1 -7.18622e-08 3.15978e-07 -0.698883 7.18622e-08 1 1.10815e-08 -1.81381 -3.15978e-07 -1.10815e-08 1 -0.0883259 0 0 0 1 
34562489690029;0.238574;0.24898;0.99953 4.50447e-05 0.0306572 -37.2549 3.69492e-05 0.999996 -0.00267396 1.72811 -0.0306572 0.00267384 0.999526 21.1127 0 0 0 1 
34562489690031;0.530935;0.641128;0.999996 3.16963e-06 -0.00267905 -21.9187 -2.54983e-06 1 0.000231353 2.37253 0.00267905 -0.000231345 0.999996 -19.8275 0 0 0 1 
34562489690032;0.306555;0.483482;0.990482 0.000830283 0.137639 -13.6828 0.000830274 0.999928 -0.0120068 0.63441 -0.137639 0.0120068 0.99041 72.8163 0 0 0 1 
34562489690033;0.46032;0.661638;0.99876 0.000109162 -0.0497748 -0.286596 0.000107183 0.999991 0.00434378 0.850399 0.0497748 -0.00434373 0.998751 -12.7165 0 0 0 1 
34562489690034;0.385219;0.627638;0.999651 3.45126e-05 -0.0264013 -27.6845 2.62546e-05 0.999997 0.00230133 3.20411 0.0264013 -0.00230122 0.999649 -29.3625 0 0 0 1 
34562489690035;0.341621;0.360141;1 1.49754e-08 1.40987e-07 0.104524 -1.49754e-08 1 -1.21004e-08 -0.249748 -1.40987e-07 1.21004e-08 1 0.0947713 0 0 0 1 
34562489690036;0.158469;0.110393;0.994271 0.000504031 -0.106886 -15.9834 0.000495493 0.999956 0.00932456 1.28412 0.106886 -0.00932411 0.994228 -54.6996 0 0 0 1 
34562489690037;0.364175;0.433239;0.99586 0.000363831 -0.0909045 -5.3633 0.000358975 0.999968 0.0079348 -0.236897 0.0909045 -0.00793458 0.995828 -10.8401 0 0 0 1 
34562489690038;0.437441;1.40729;0.991903 0.000717784 0.126997 -102.641 0.000695695 0.999938 -0.0110853 12.1939 -0.126997 0.0110839 0.991841 24.7489 0 0 0 1 
34562489690039;0.392147;0.36731;0.998365 0.00014072 0.0571615 8.42914 0.000144768 0.999988 -0.00499023 -1.18503 -0.0571615 0.00499034 0.998352 -0.970062 0 0 0 1 
34562489690040;0.283513;0.361253;0.998784 0.000110241 -0.0492966 -25.2337 0.000101943 0.999991 0.00430171 2.1044 0.0492966 -0.0043015 0.998775 -16.9911 0 0 0 1 
34562489690041;0.287266;0.633386;0.994811 0.00046715 -0.101743 -98.1033 0.000438728 0.99996 0.008881 9.41135 0.101744 -0.00887955 0.994771 -20.4135 0 0 0 1 
34562489690042;0.329992;1.22286;0.994711 0.000477905 0.102716 -141.687 0.00044535 0.99996 -0.00896529 14.6321 -0.102716 0.00896361 0.99467 28.2576 0 0 0 1 
34562489690043;0.516204;0.846914;0.999442 5.46327e-05 -0.0334093 -41.6344 4.27441e-05 0.999996 0.00291394 4.12849 0.0334093 -0.00291374 0.999438 -22.7588 0 0 0 1 
34562489690044;0.236329;0.1783;0.999598 3.48738e-05 -0.0283584 6.03974 3.53018e-05 0.999997 0.00247409 -0.676004 0.0283584 -0.0024741 0.999595 -12.8901 0 0 0 1 
34562489690045;0.316589;0.471175;1 9.40873e-09 -6.0803e-06 0.40576 -9.40532e-09 1 5.62333e-07 -0.499874 6.0803e-06 -5.62333e-07 1 -0.0156055 0 0 0 1 
34562489690046;0.376135;0.265168;0.999483 4.48461e-05 -0.0321565 7.06503 4.54315e-05 0.999996 0.00280671 -1.00952 0.0321565 -0.00280672 0.999479 -4.62926 0 0 0 1 
34562489690047;0.485231;0.420346;1 3.62275e-08 -4.26584e-06 0.0469969 -3.62259e-08 1 3.86362e-07 0.0998185 4.26584e-06 -3.86362e-07 1 -0.458701 0 0 0 1 
34562489690048;0.199981;0.191929;0.999998 -3.95146e-07 -0.00201618 5.3539 7.4697e-07 1 0.0001745 -0.21001 0.00201618 -0.000174501 0.999998 -12.0123 0 0 0 1 
34562489690049;0.208318;0.341724;0.99401 0.000522752 -0.109286 16.3505 0.00052296 0.999954 0.00953966 -2.02194 0.109286 -0.00953967 0.993965 -6.86715 0 0 0 1 
34562489690050;0.378047;0.696793;0.975968 0.00211414 -0.217904 -97.9736 0.00208115 0.999817 0.0190216 8.57687 0.217904 -0.019018 0.975785 -35.9909 0 0 0 1 
34562489690051;0.381473;0.733019;0.999794 2.42487e-05 0.0202761 -52.0404 1.15789e-05 0.999998 -0.00176687 5.26604 -0.0202761 0.00176674 0.999793 26.7157 0 0 0 1 
34562489690052;0.123011;0.715479;0.999304 7.07789e-05 -0.0372934 -73.4288 5.05315e-05 0.999995 0.00325191 6.52155 0.0372934 -0.00325153 0.999299 -33.4071 0 0 0 1 
34562489690053;0.447449;0.784267;0.999895 1.39639e-05 0.0145244 -38.966 4.42541e-06 0.999999 -0.00126606 4.18627 -0.0145244 0.001266 0.999894 15.8199 0 0 0 1 
34562489690054;0.341689;0.620332;0.995542 0.000399803 -0.0943197 -70.6207 0.0003785 0.999966 0.00823371 6.26948 0.0943198 -0.00823271 0.995508 -10.3584 0 0 0 1 
34562489690055;0.435439;0.634449;0.99994 9.6929e-06 -0.0109956 -32.9665 8.01037e-07 1 0.000954375 2.7694 0.0109956 -0.000954326 0.999939 -44.4218 0 0 0 1 
34562489690056;0.453077;0.253612;0.930444 0.00526045 -0.366396 6582.85 0.00632045 0.999518 0.0304008 -562.93 0.366379 -0.0306021 0.929962 -11113.4 0 0 0 1 
34562489690057;0.243925;0.360119;0.99957 3.69039e-05 0.0293267 1.76021 3.8226e-05 0.999997 -0.00256126 -1.66367 -0.0293267 0.00256128 0.999567 -8.42949 0 0 0 1 
34562489690058;0.299623;0.5899;0.989068 0.000961294 0.147454 -75.4526 0.00094637 0.999917 -0.0128667 7.34633 -0.147454 0.0128656 0.988985 57.8397 0 0 0 1 
34562489690059;0.121954;0.0936332;1 6.40969e-09 -1.88333e-07 0.214854 -6.40969e-09 1 2.06101e-09 -0.122522 1.88333e-07 -2.06101e-09 1 -0.642995 0 0 0 1 
34562489690060;0.336224;0.961272;0.998986 9.93588e-05 0.0450316 -90.3529 7.7644e-05 0.999992 -0.00392887 8.66092 -0.0450316 0.00392838 0.998978 23.2421 0 0 0 1 
34562489690062;0.450678;0.373937;1 2.18522e-07 0.000883638 -1.3692 -1.50682e-07 1 -7.67737e-05 -0.151213 -0.000883638 7.67736e-05 1 2.62795 0 0 0 1 
34562489690063;0.504888;0.762856;0.993249 0.000584325 0.116 25.1704 0.000594168 0.999949 -0.0101246 -3.6075 -0.116 0.0101251 0.993198 32.7662 0 0 0 1 
34562489690064;0.452148;0.438495;1 -1.2336e-08 8.34264e-09 -0.122039 1.2336e-08 1 -1.22149e-09 -0.24773 -8.34264e-09 1.22149e-09 1 -0.00866951 0 0 0 1 
34562489690065;0.324911;0.552348;0.999319 5.83285e-05 -0.0368876 13.6235 6.05071e-05 0.999995 0.00322043 -2.0797 0.0368876 -0.00322047 0.999314 -3.91647 0 0 0 1 
34562489690066;0.34336;0.39656;0.99736 0.000231819 0.0726183 -19.9922 0.00022905 0.99998 -0.00633806 1.39226 -0.0726183 0.00633796 0.99734 24.1374 0 0 0 1 
34562489690067;0.18061;0.398806;0.999994 -5.94979e-07 0.0035658 8.50882 1.70298e-06 1 -0.000310727 -1.60727 -0.0035658 0.000310731 0.999994 5.29158 0 0 0 1 
34562489690068;0.143206;0.227902;0.99998 3.65251e-06 0.00634314 -15.7845 -1.42463e-07 1 -0.000553362 1.02462 -0.00634314 0.00055335 0.99998 4.24932 0 0 0 1 
34562489690069;0.265071;0.355138;0.999948 6.17517e-06 0.0101504 -15.0492 2.79305e-06 1 -0.000883521 0.343889 -0.0101504 0.000883504 0.999948 21.9066 0 0 0 1 
34562489690070;0.337998;0.359167;0.917713 0.00573211 -0.397202 11746.7 0.00866626 0.999369 0.034445 -1017.29 0.397149 -0.0350529 0.917085 3022.93 0 0 0 1 
34562489690071;0.291767;0.181271;0.999998 4.43877e-07 -0.00175004 -1.9994 -1.78436e-07 1 0.000151678 -0.338641 0.00175004 -0.000151677 0.999998 -8.42483 0 0 0 1 
34562489690072;0.432542;0.337118;0.964789 0.00307608 0.263005 -48.5872 0.00319149 0.999721 -0.0234 4.47051 -0.263004 0.0234155 0.964511 -3617.49 0 0 0 1 
34562489690073;0.333627;0.299631;0.998621 0.000121524 -0.0524957 -1.67128 0.000119172 0.999989 0.00458191 -0.207947 0.0524957 -0.00458185 0.998611 -16.663 0 0 0 1 
34562489690074;0.333091;0.96428;0.962001 0.00334115 0.273024 -222.423 0.00329398 0.99971 -0.0238404 18.2744 -0.273025 0.0238338 0.961712 57.1197 0 0 0 1 
34562489690075;0.300984;0.524521;0.967995 0.00272114 -0.250954 626.641 0.00284108 0.999758 0.0217994 -56.0923 0.250953 -0.0218147 0.967754 -786.503 0 0 0 1 
34562489690076;0.255405;0.382636;0.999685 2.67138e-05 0.0251087 2.8849 2.83563e-05 0.999998 -0.00219291 -0.726791 -0.0251087 0.00219294 0.999682 -3.2518 0 0 0 1 
34562489690077;0.37018;0.345429;0.873883 0.0110218 -0.486012 -7.09845 0.0110007 0.999039 0.0424363 -0.495683 0.486013 -0.0424308 0.872921 -41.5593 0 0 0 1 
34562489690078;0.123389;0.238468;0.999998 -2.46874e-08 -0.00216182 2.17478 4.31593e-07 1 0.000188223 -0.653668 0.00216182 -0.000188224 0.999998 -4.36648 0 0 0 1 
34562489690079;0.437756;0.55639;0.999986 3.01886e-06 -0.00526945 -13.2 -5.95246e-07 1 0.000459937 0.787 0.00526945 -0.000459928 0.999986 -1.72162 0 0 0 1 
34562489690080;0.248888;0.341878;0.999998 3.14738e-07 -0.00173301 -1.18721 -5.28462e-08 1 0.000151119 -0.229868 0.00173301 -0.000151119 0.999998 -1.4795 0 0 0 1 
34562489690081;0.238106;0.389419;0.999862 1.05118e-05 0.0166282 10.0214 1.35785e-05 0.999999 -0.00144865 -1.89688 -0.0166282 0.00144867 0.999861 26.1934 0 0 0 1 
34562489690082;0.176775;0.598311;0.978244 0.00190226 0.207449 -49.1538 0.00189714 0.999834 -0.0181144 2.73108 -0.207449 0.0181138 0.978078 6.36656 0 0 0 1 
34562489690083;0.334152;2.32048;0.999983 1.50767e-05 0.00588707 -110.333 -1.2084e-05 1 -0.00050839 2.81485 -0.00588707 0.00050831 0.999983 46.9207 0 0 0 1 
34562489690084;0.376441;0.367668;0.999471 4.84671e-05 -0.0325276 -13.4456 4.39298e-05 0.999996 0.00283985 1.15752 0.0325276 -0.00283978 0.999467 -3.93695 0 0 0 1 
34562489690085;0.162081;0.139286;0.998847 0.000101069 -0.0480108 3.73673 0.000100313 0.999991 0.00419208 -0.539474 0.0480108 -0.00419207 0.998838 -1.65196 0 0 0 1 
34562489690086;0.435379;0.43059;0.999743 2.1501e-05 0.0226508 3.97627 2.32964e-05 0.999998 -0.00197747 -0.776432 -0.0226508 0.00197749 0.999741 3.80344 0 0 0 1 
34562489690087;0.326485;0.293512;0.99989 9.51097e-06 0.0148319 -1.41903 9.69529e-06 0.999999 -0.00129485 -0.307432 -0.0148319 0.00129485 0.999889 2.15354 0 0 0 1 
34562489690088;0.343468;0.327991;0.999863 1.15536e-05 -0.01654 5.68476 1.23071e-05 0.999999 0.00144251 -0.69248 0.01654 -0.00144251 0.999862 -13.9205 0 0 0 1 
34562489690089;0.181879;0.259866;1 5.23185e-08 -1.32727e-05 -0.279823 -5.23035e-08 1 1.13272e-06 -0.28906 1.32727e-05 -1.13272e-06 1 -0.145339 0 0 0 1 
34562489690090;0.274172;0.35252;0.981368 0.00162983 -0.192129 3.22457 0.00162343 0.999858 0.0167741 -0.962072 0.192129 -0.0167735 0.981226 -21.5286 0 0 0 1 
34562489690091;0.516972;0.741943;0.99997 1.0524e-05 -0.00768911 -61.3145 -5.37243e-06 1 0.000670008 4.2533 0.00768912 -0.000669946 0.99997 -12.5677 0 0 0 1 
34562489690093;0.4248;0.494413;1 1.71262e-07 6.7838e-07 -1.77748 -1.71264e-07 1 2.17921e-06 1.48094 -6.78379e-07 -2.17921e-06 1 19.2253 0 0 0 1 
34562489690094;0.0934313;0.168225;0.998614 0.000128012 0.0526264 -63.9866 0.000113676 0.999989 -0.00458952 6.86016 -0.0526264 0.00458914 0.998604 44.5547 0 0 0 1 
34562489690095;0.144672;0.175084;0.999996 1.23198e-06 0.00271038 -7.71219 -5.90799e-07 1 -0.000236567 1.70559 -0.00271038 0.000236565 0.999996 1.10306 0 0 0 1 
34562489690096;0.228702;0.289823;0.998999 8.1208e-05 -0.0447392 55.6567 9.36583e-05 0.999992 0.00390646 -4.46178 0.0447392 -0.00390674 0.998991 3.92962 0 0 0 1 
34562489690097;0.121961;0.219899;0.998204 0.000140088 0.0598996 123.457 0.000173324 0.999986 -0.00522706 -12.1424 -0.0598995 0.00522806 0.998191 14.0584 0 0 0 1 
34562489690098;0.286027;0.322885;0.998325 -2.64136e-06 0.0578513 1188.84 0.000300953 0.999987 -0.00514782 -102.968 -0.0578506 0.00515661 0.998312 -849.936 0 0 0 1 
34562489690099;0.0245713;0.0659013;0.999893 7.84212e-06 0.0146064 9.33917 1.07662e-05 0.999999 -0.0012739 -1.36625 -0.0146064 0.00127393 0.999893 10.5615 0 0 0 1 
34562489690100;0.214406;0.214274;1 -1.7038e-08 -2.41041e-08 -0.123435 1.7038e-08 1 2.78957e-08 0.615273 2.41041e-08 -2.78957e-08 1 -0.249906 0 0 0 1 
34562489690101;0.290539;0.328257;0.998197 -0.000375626 0.0600139 4279.27 0.000692778 0.999986 -0.00526392 -371.87 -0.0600111 0.00529601 0.998184 -454.382 0 0 0 1 
34562489690102;0.160438;0.209055;0.992749 0.00113719 -0.120198 -4039.01 8.46064e-06 0.999955 0.00953044 356.506 0.120203 -0.00946236 0.992704 -8306.97 0 0 0 1 
34562489690103;0.385248;0.427108;1 -1.55495e-08 2.32688e-08 -0.156613 1.55495e-08 1 -3.11835e-08 -0.520574 -2.32688e-08 3.11835e-08 1 0.183011 0 0 0 1 
34562489690104;0.150227;0.221929;0.999996 -8.45174e-07 0.00268206 8.30995 1.4731e-06 1 -0.000234118 -1.67589 -0.00268206 0.000234121 0.999996 0.141075 0 0 0 1 
34562489690105;0.212702;0.242768;0.999084 7.57609e-05 0.0427859 26.6161 8.40603e-05 0.999993 -0.00373356 -3.52915 -0.0427859 0.00373373 0.999077 13.9012 0 0 0 1 
34562489690106;0.369761;0.393402;1 -2.12886e-08 4.04651e-07 -0.124623 2.12886e-08 1 -1.53462e-08 0.358402 -4.04651e-07 1.53462e-08 1 0.254521 0 0 0 1 
34562489690107;0.232667;0.215555;1 -2.05724e-08 2.90597e-07 -0.155995 2.05724e-08 1 1.83987e-08 0.279333 -2.90597e-07 -1.83987e-08 1 -0.142348 0 0 0 1 
34562489690108;0.240619;0.272661;1 -1.43935e-08 -4.44079e-08 -0.0680506 1.43935e-08 1 1.25297e-08 0.244835 4.44079e-08 -1.25297e-08 1 -0.0705819 0 0 0 1 
34562489690109;0.185949;0.206182;1 -2.37326e-08 -2.5489e-07 -0.110398 2.37326e-08 1 9.73139e-09 0.213556 2.5489e-07 -9.73139e-09 1 -0.0457906 0 0 0 1 
34562489690110;0.265953;0.240094;0.992556 7.5566e-06 -0.121788 5185.73 0.00129557 0.999943 0.0106207 -451.01 0.121781 -0.0106995 0.992499 538.535 0 0 0 1 
34562489690111;0.165425;0.240727;0.999678 3.0203e-05 0.0253598 -20.5586 2.58929e-05 0.999998 -0.00221167 3.12264 -0.0253598 0.00221161 0.999676 20.0388 0 0 0 1 
34562489690112;0.350609;0.342598;0.993153 0.000600769 0.116822 -40.1323 0.000594262 0.999948 -0.0101944 4.83942 -0.116822 0.010194 0.993101 45.4112 0 0 0 1 
34562489690113;0.399049;0.41846;1 -1.96599e-08 6.52587e-08 -0.139622 1.96599e-08 1 2.88661e-09 0.171829 -6.52587e-08 -2.88661e-09 1 -0.0189081 0 0 0 1 
34562489690114;0.0997142;0.164123;1 5.59479e-09 2.35225e-07 0.0907839 -5.5948e-09 1 1.0685e-08 1.16896 -2.35225e-07 -1.0685e-08 1 -0.0578906 0 0 0 1 
34562489690115;0.280795;0.310761;1 -2.04032e-07 6.1318e-07 1.15248 2.04032e-07 1 -1.49762e-07 -0.377355 -6.1318e-07 1.49762e-07 1 -0.960281 0 0 0 1 
34562489690116;0.37279;0.400249;1 -3.52557e-08 2.63237e-07 -0.245988 3.52557e-08 1 4.0968e-08 0.0532961 -2.63237e-07 -4.0968e-08 1 -0.346474 0 0 0 1 
34562489690117;0.26675;0.414352;1 -2.22603e-08 -1.0767e-07 -0.0237963 2.22603e-08 1 3.55568e-09 1.91141 1.0767e-07 -3.55568e-09 1 0.0820024 0 0 0 1 
34562489690118;0.0989808;0.227409;0.995802 -0.00130066 -0.0915224 13426.2 0.00197221 0.999972 0.00724749 -1161.53 0.0915104 -0.00739757 0.995777 -4763.55 0 0 0 1 
34562489690119;0.386067;0.683197;0.998514 0.00011806 -0.054502 98.3708 0.000141197 0.999989 0.00475296 -7.909 0.054502 -0.00475359 0.998502 -38.792 0 0 0 1 
34562489690120;0.309421;0.368514;1 7.54196e-09 9.99447e-08 0.136831 -7.54196e-09 1 -1.12496e-08 1.11114 -9.99447e-08 1.12496e-08 1 0.149689 0 0 0 1 
34562489690121;0.382301;0.417197;1 -2.38006e-08 8.1065e-08 -0.137253 2.38006e-08 1 5.06495e-09 0.32892 -8.1065e-08 -5.06494e-09 1 0.0205485 0 0 0 1 
34562489690122;0.179762;0.254778;0.999969 2.15755e-06 0.00784503 2.88881 3.21774e-06 1 -0.000685172 -1.21232 -0.00784503 0.000685176 0.999969 -1.4075 0 0 0 1 
34562489690124;0.346704;0.43093;1 -4.67039e-08 -1.71943e-07 -0.359317 4.67039e-08 1 2.4095e-08 0.217481 1.71943e-07 -2.4095e-08 1 -0.176538 0 0 0 1 
34562489690125;0.12865;0.240898;0.999812 1.95393e-05 -0.0194112 -21.8143 1.33381e-05 0.999999 0.0016936 2.82475 0.0194112 -0.00169354 0.99981 -9.74078 0 0 0 1 
34562489690126;0.441684;0.631281;0.999771 2.33504e-05 0.0213924 -29.6374 1.65984e-05 0.999998 -0.00186726 4.41257 -0.0213924 0.00186718 0.999769 5.06871 0 0 0 1 
34562489690127;0.210546;0.238739;0.999978 3.55416e-06 0.00657374 -14.1788 2.09424e-07 1 -0.000572518 1.77509 -0.00657374 0.000572507 0.999978 10.9274 0 0 0 1 
34562489690128;0.0334274;0.150806;0.999748 1.41052e-05 -0.0224457 66.2422 2.98263e-05 0.999998 0.0019569 -6.75115 0.0224457 -0.00195708 0.999746 -21.2573 0 0 0 1 
34562489690129;0.0803559;0.110996;1 -2.00097e-06 1.32105e-05 15.6886 2.00098e-06 1 -5.03826e-07 -1.09709 -1.32105e-05 5.03852e-07 1 4.59969 0 0 0 1 
34562489690130;0.355847;0.390391;1 -3.68136e-08 -1.46406e-08 -0.272537 3.68136e-08 1 2.03758e-08 0.116083 1.46406e-08 -2.03758e-08 1 -0.17725 0 0 0 1 
34562489690131;0.103607;0.131929;1 1.06956e-06 1.41652e-05 -7.85112 -1.06954e-06 1 -9.47459e-07 1.99555 -1.41652e-05 9.47444e-07 1 1.80366 0 0 0 1 
34562489690132;0.232394;0.280067;0.999488 3.85105e-05 -0.0319893 53.4301 5.08199e-05 0.999996 0.00279169 -3.13789 0.0319893 -0.00279189 0.999484 -9.36912 0 0 0 1 
34562489690133;0.372111;0.398257;0.999999 -7.8334e-07 -0.00163407 6.7981 1.0162e-06 1 0.000142503 -0.165481 0.00163407 -0.000142504 0.999999 -1.59061 0 0 0 1 
34562489690134;0.23228;0.245857;1 -4.73337e-08 5.43675e-08 -0.337631 4.73337e-08 1 1.41577e-08 0.343829 -5.43675e-08 -1.41577e-08 1 -0.13356 0 0 0 1 
34562489690135;0.171644;1.00082;1 -2.4447e-08 -9.74008e-07 0.0612868 2.4447e-08 1 6.68514e-09 6.98318 9.74008e-07 -6.68516e-09 1 0.191703 0 0 0 1 
34562489690136;0.200279;0.2113;0.999922 3.32149e-06 -0.0124669 28.9612 1.02377e-05 0.999999 0.00108756 -2.11204 0.0124669 -0.0010876 0.999922 -7.25023 0 0 0 1 
34562489690137;0.062551;0.120058;0.998858 0.000339683 -0.0477716 -1924.05 -0.000145876 0.999992 0.00406038 167.116 0.0477726 -0.00404877 0.99885 -982.902 0 0 0 1 
34562489690138;0.126833;0.130014;1 2.79354e-08 -2.76273e-08 0.255445 -2.79354e-08 1 -1.23163e-08 0.740503 2.76273e-08 1.23163e-08 1 0.108905 0 0 0 1 
34562489690139;0.334771;0.425252;1 6.71847e-09 4.84261e-08 0.103163 -6.71847e-09 1 1.1941e-08 0.913745 -4.84261e-08 -1.1941e-08 1 -0.0621302 0 0 0 1 
34562489690140;0.169798;0.231912;1 -4.29525e-08 1.12662e-07 -0.224962 4.29525e-08 1 1.04555e-08 1.1045 -1.12662e-07 -1.04555e-08 1 -0.0737259 0 0 0 1 
34562489690141;0.269667;0.357306;1 2.3947e-08 -2.08818e-07 0.257364 -2.3947e-08 1 1.28124e-08 1.1041 2.08818e-07 -1.28124e-08 1 -0.0701722 0 0 0 1 
34562489690142;0.0756236;0.231552;0.999287 -0.000181372 -0.0377486 1964.19 0.000301673 0.999995 0.00318122 -172.101 0.0377479 -0.00319034 0.999282 -848.219 0 0 0 1 
34562489690143;0.273373;0.432327;0.999978 3.74687e-06 0.00659148 -14.6374 3.83012e-08 1 -0.000574252 2.78801 -0.00659148 0.000574239 0.999978 9.52277 0 0 0 1 
34562489690144;0.115892;1.20372;1 6.14836e-08 1.69654e-06 0.934374 -6.14835e-08 1 -2.29566e-08 9.25905 -1.69654e-06 2.29565e-08 1 0.422559 0 0 0 1 
34562489690145;0.160443;0.194611;0.999586 0.000103048 0.0287571 -542.465 -1.64858e-05 0.999995 -0.00301034 47.3163 -0.0287573 0.00300862 0.999582 -4006.15 0 0 0 1 
34562489690146;0.0878609;1.24877;1 1.65129e-08 7.14262e-07 0.696718 -1.65129e-08 1 -2.336e-08 9.6467 -7.14262e-07 2.336e-08 1 0.472812 0 0 0 1 
34562489690147;0.0902058;0.202745;0.998621 7.89696e-05 -0.0525032 340.233 0.000162046 0.999989 0.00458623 -28.7353 0.052503 -0.00458841 0.99861 35.3518 0 0 0 1 
34562489690148;0.253989;0.461779;1 2.42546e-08 -2.97312e-07 0.343107 -2.42546e-08 1 -8.095e-10 2.16675 2.97312e-07 8.09507e-10 1 0.0903092 0 0 0 1 
34562489690149;0.415878;0.414129;1 -1.99092e-08 1.67477e-07 -0.143872 1.99092e-08 1 2.14565e-08 0.0556268 -1.67477e-07 -2.14565e-08 1 -0.197064 0 0 0 1 
34562489690150;0.323952;0.362095;0.999998 -9.86825e-07 -0.00213783 9.1787 1.38503e-06 1 0.000186266 -0.824619 0.00213783 -0.000186269 0.999998 -3.1281 0 0 0 1 
34562489690151;0.0908205;0.261967;1 4.07603e-08 5.15716e-09 0.360557 -4.07603e-08 1 5.30891e-09 1.61106 -5.15716e-09 -5.30891e-09 1 -0.0307172 0 0 0 1 
34562489690152;0.416208;0.402805;0.997898 0.000183359 -0.0648013 10.2865 0.000183486 0.999984 0.00565508 -0.479904 0.0648013 -0.00565508 0.997882 -20.451 0 0 0 1 
34562489690153;0.0988573;0.190604;0.999923 9.50929e-06 -0.0124323 -19.9275 3.93418e-06 0.999999 0.00108131 -0.116711 0.0124323 -0.00108128 0.999922 -33.1122 0 0 0 1 
34562489690155;0.259195;0.422815;0.999895 7.95986e-06 -0.0145083 11.7346 1.04167e-05 0.999999 0.00126655 0.411714 0.0145083 -0.00126657 0.999894 -1.75058 0 0 0 1 
34562489690156;0.172496;0.166104;0.999648 -3.92588e-05 -0.0265445 567.486 9.66485e-05 0.999998 0.00216074 -48.533 0.0265444 -0.00216254 0.999645 -1247.81 0 0 0 1 
34562489690157;0.159263;0.240141;1 4.82163e-08 6.56701e-07 0.420623 -4.82163e-08 1 -1.63812e-08 -0.168718 -6.56701e-07 1.63812e-08 1 0.089374 0 0 0 1 
34562489690158;0.105511;0.177525;0.999115 8.61982e-05 0.0420674 -76.8073 6.82877e-05 0.999993 -0.0036709 6.50049 -0.0420674 0.00367052 0.999108 18.3512 0 0 0 1 
34562489690159;0.266866;0.319638;1 4.57075e-09 3.43295e-07 0.0985589 -4.57076e-09 1 3.53512e-08 0.882425 -3.43295e-07 -3.53512e-08 1 -0.266117 0 0 0 1 
34562489690160;0.0473697;0.0913079;0.999992 1.85955e-06 0.00388971 -9.73215 -5.43313e-07 1 -0.000338389 1.04673 -0.00388971 0.000338385 0.999992 9.29756 0 0 0 1 
34562489690161;0.216211;0.23525;1 -1.33864e-06 0.000730219 10.8989 1.38549e-06 1 -6.41592e-05 -0.460953 -0.000730219 6.41602e-05 1 -3.08371 0 0 0 1 
34562489690162;0.156911;0.288876;0.999838 1.89293e-05 0.018007 -39.2591 9.36241e-06 0.999999 -0.00157107 3.88368 -0.018007 0.00157098 0.999837 8.9028 0 0 0 1 
34562489690163;0.149607;0.101439;0.999972 2.48185e-06 0.00742091 -1.2209 2.31898e-06 1 -0.000646924 0.618527 -0.00742091 0.000646923 0.999972 7.29974 0 0 0 1 
34562489690164;0.334807;0.362788;1 2.31913e-08 4.09649e-07 0.164251 -2.31913e-08 1 -1.56596e-08 -0.19188 -4.09649e-07 1.56596e-08 1 0.0850876 0 0 0 1 
34562489690165;0.385816;0.498243;0.999978 2.40492e-06 0.0065704 -4.29291 1.35543e-06 1 -0.000572311 1.61986 -0.0065704 0.000572308 0.999978 10.9473 0 0 0 1 
34562489690166;0.333068;0.381304;0.999979 3.62237e-06 0.00652567 -14.1257 8.5258e-08 1 -0.00056816 1.56586 -0.00652567 0.000568148 0.999979 12.3158 0 0 0 1 
34562489690167;0.363242;0.415167;1 -1.84062e-09 2.12488e-07 0.0426935 1.84061e-09 1 2.06111e-08 0.408849 -2.12488e-07 -2.06111e-08 1 -0.165532 0 0 0 1 
34562489690168;0.405801;0.284145;0.999601 3.55418e-05 -0.0282524 -1.12276 3.4113e-05 0.999997 0.00246496 0.951864 0.0282524 -0.00246494 0.999598 -15.1408 0 0 0 1 
34562489690169;0.233383;0.335352;0.999214 6.67743e-05 -0.0396461 20.7277 7.0537e-05 0.999994 0.00346201 -0.927904 0.0396461 -0.00346209 0.999208 4.75401 0 0 0 1 
34562489690170;0.111556;0.133301;1 1.35649e-08 3.04002e-07 0.190449 -1.35649e-08 1 1.273e-08 0.41339 -3.04002e-07 -1.273e-08 1 -0.135481 0 0 0 1 
34562489690171;0.0960451;0.23691;0.999512 4.28868e-05 -0.0312289 2.27796 4.22332e-05 0.999996 0.00272502 1.4277 0.0312289 -0.00272501 0.999509 -13.1075 0 0 0 1 
34562489690172;0.321124;0.384225;0.999872 1.4118e-05 0.0159743 -24.5699 8.1245e-06 0.999999 -0.00139233 2.72839 -0.0159743 0.00139228 0.999871 18.1582 0 0 0 1 
34562489690173;0.268086;0.289104;1 1.04738e-08 5.78754e-07 0.324479 -1.04738e-08 1 -3.58711e-08 0.540778 -5.78754e-07 3.5871e-08 1 0.75119 0 0 0 1 
34562489690174;0.189053;0.246742;1 1.93685e-08 3.70368e-07 0.212545 -1.93685e-08 1 -2.80259e-09 0.348467 -3.70368e-07 2.80258e-09 1 -0.00643065 0 0 0 1 
34562489690175;0.133957;0.25375;0.999979 5.62819e-06 0.00651713 -29.9071 -1.92798e-06 1 -0.000567772 2.44482 -0.00651714 0.000567747 0.999979 9.95667 0 0 0 1 
34562489690176;0.144022;0.341935;0.999576 4.17011e-05 0.0291141 -40.4719 3.22877e-05 0.999997 -0.00254086 2.56567 -0.0291142 0.00254072 0.999573 9.37052 0 0 0 1 
34562489690177;0.320514;0.37022;1 1.77573e-08 1.13121e-07 0.196986 -1.77573e-08 1 -1.30184e-09 0.333787 -1.13121e-07 1.30183e-09 1 0.0103435 0 0 0 1 
34562489690178;0.353901;0.494498;0.996205 0.000331861 -0.0870423 8.34509 0.000330566 0.999971 0.00759588 1.09061 0.0870423 -0.00759583 0.996176 -29.8788 0 0 0 1 
34562489690179;0.0142393;0.0498503;1 1.56127e-08 1.25934e-07 0.170809 -1.56127e-08 1 -2.40314e-09 0.0435728 -1.25934e-07 2.40314e-09 1 0.00141764 0 0 0 1 
34562489690180;0.106434;0.115794;0.999963 3.00326e-06 -0.00862665 3.1094 3.49147e-06 1 0.000752853 -0.205636 0.00862665 -0.000752856 0.999963 -2.6788 0 0 0 1 
34562489690181;0.139987;0.113094;0.999982 6.86731e-07 0.00603546 6.27581 2.49499e-06 1 -0.000527164 -0.472027 -0.00603546 0.00052717 0.999982 -1.44417 0 0 0 1 
34562489690182;0.247912;0.403066;0.996714 0.000282705 -0.0810011 45.5239 0.000290858 0.999975 0.00706904 -2.44286 0.0810011 -0.00706937 0.996689 -21.9154 0 0 0 1 
34562489690183;0.115667;0.249102;1 2.19606e-08 5.67451e-07 0.242134 -2.19606e-08 1 3.768e-08 0.989113 -5.67451e-07 -3.768e-08 1 -0.25644 0 0 0 1 
34562489690184;0.228068;0.254219;1 2.01908e-08 3.28186e-07 0.196674 -2.01908e-08 1 -1.60288e-08 0.0804307 -3.28186e-07 1.60288e-08 1 0.085601 0 0 0 1 
34562489690186;0.0711037;0.373803;1 1.11631e-07 3.17744e-07 0.323817 -1.11631e-07 1 -1.37672e-09 -4.19608 -3.17744e-07 1.37669e-09 1 -0.160996 0 0 0 1 
34562489690187;0.0441165;0.0529327;0.999939 5.09157e-06 0.0110845 0.611209 5.6256e-06 1 -0.000966827 -0.229434 -0.0110845 0.00096683 0.999938 6.57219 0 0 0 1 
34562489690188;0.231973;0.230831;0.99977 0.000122568 -0.0214393 -821.602 -7.96719e-05 0.999998 0.00200166 72.653 0.0214395 -0.00199949 0.999768 1027.67 0 0 0 1 
34562489690189;0.393005;0.530855;0.99802 0.000166793 -0.0628919 56.9785 0.000178749 0.999985 0.00548856 -1.16572 0.0628919 -0.00548894 0.998005 -12.6827 0 0 0 1 
34562489690190;0.219538;0.405371;0.999912 5.6356e-06 -0.0133006 18.0505 9.814e-06 0.999999 0.00116151 2.5042 0.0133006 -0.00116153 0.999911 1.56786 0 0 0 1 
34562489690191;0.389147;0.990692;1 1.76235e-07 1.69593e-07 0.749251 -1.76235e-07 1 -7.78134e-08 -10.0432 -1.69593e-07 7.78134e-08 1 0.372599 0 0 0 1 
34562489690192;0.192134;0.209121;0.999987 3.16567e-06 0.00503467 -16.976 -9.53414e-07 1 -0.000439407 0.864913 -0.00503467 0.000439396 0.999987 0.910461 0 0 0 1 
34562489690193;0.281462;0.279719;1 -3.14202e-08 4.17223e-07 -0.159682 3.14202e-08 1 6.64663e-08 0.336144 -4.17223e-07 -6.64663e-08 1 -0.526205 0 0 0 1 
34562489690194;0.204314;0.183921;0.999533 -5.44057e-05 0.0305678 761.281 0.000138724 0.999996 -0.00275631 -67.0066 -0.0305675 0.00275926 0.999529 -729.263 0 0 0 1 
34562489690195;0.157469;0.243229;0.999995 1.14076e-06 -0.00304469 -5.8226 -3.31686e-07 1 0.000265732 2.69395 0.00304469 -0.000265729 0.999995 -1.10133 0 0 0 1 
34562489690196;0.0529904;0.0458737;0.999957 -3.81701e-05 -0.00926534 338.603 4.60988e-05 1 0.000855522 -29.0265 0.00926531 -0.000855913 0.999957 377.603 0 0 0 1 
34562489690197;0.438295;1.14756;1 1.72147e-07 -2.18905e-07 0.265017 -1.72147e-07 1 -2.05675e-08 -11.6741 2.18905e-07 2.05675e-08 1 -0.195798 0 0 0 1 
34562489690198;0.0525853;0.0413157;0.999981 1.86233e-06 -0.00617758 -0.336629 1.46522e-06 1 0.000538644 0.885348 0.00617758 -0.000538643 0.999981 -5.58412 0 0 0 1 
34562489690199;0.186435;0.702722;1 -9.21157e-08 -1.23679e-07 -0.195765 9.21158e-08 1 5.63299e-08 7.85079 1.23679e-07 -5.63299e-08 1 -0.208095 0 0 0 1 
34562489690200;0.246291;0.234566;1 1.14634e-07 -6.68931e-06 -0.730007 -1.14632e-07 1 4.14936e-07 0.212029 6.68931e-06 -4.14935e-07 1 -0.99517 0 0 0 1 
34562489690201;0.100046;0.442401;1 3.71986e-08 4.8801e-07 0.0929565 -3.71986e-08 1 -3.33638e-08 -5.5615 -4.8801e-07 3.33638e-08 1 0.123341 0 0 0 1 
34562489690202;0.155088;0.15779;1 8.07328e-09 9.21181e-08 0.0518755 -8.07328e-09 1 7.26481e-09 0.374529 -9.21181e-08 -7.26481e-09 1 -0.0466722 0 0 0 1 
34562489690203;0.0877176;0.0737103;0.999999 2.72275e-06 0.00104727 -21.2989 -2.62732e-06 1 -9.11179e-05 2.90551 -0.00104727 9.11151e-05 0.999999 3.15124 0 0 0 1 
34562489690204;0.244178;0.333806;0.999404 5.58409e-05 0.0345299 -35.4121 4.8265e-05 0.999995 -0.00301411 0.576505 -0.03453 0.00301397 0.999399 5.3868 0 0 0 1 
34562489690205;0.481854;0.383796;0.998423 0.000143695 -0.0561397 -38.8321 0.000131686 0.999988 0.00490156 3.29926 0.0561397 -0.00490122 0.998411 0.0687366 0 0 0 1 
34562489690206;0.097924;0.301357;0.998306 0.000139173 0.0581886 61.4792 0.00015651 0.999987 -0.00507689 -9.16554 -0.0581885 0.00507739 0.998293 19.89 0 0 0 1 
34562489690207;0.417969;0.403441;0.999195 7.18881e-05 -0.0401235 -7.01169 6.90754e-05 0.999994 0.00351185 2.05672 0.0401235 -0.00351179 0.999189 71.0496 0 0 0 1 
34562489690208;0.41666;0.406005;1 2.73176e-08 -1.74771e-09 0.136171 -2.73176e-08 1 1.00528e-08 -0.557052 1.74771e-09 -1.00528e-08 1 -0.0847042 0 0 0 1 
34562489690209;0.102897;0.0722956;0.999868 1.65319e-05 -0.0162618 -37.4532 6.55951e-06 0.999999 0.00141992 3.66485 0.0162618 -0.00141984 0.999867 0.55384 0 0 0 1 
34562489690210;0.0465566;0.183913;0.999827 3.39501e-05 0.0185871 -154.398 -3.14561e-06 0.999999 -0.00165733 11.7102 -0.0185872 0.00165698 0.999826 -276.847 0 0 0 1 
34562489690211;0.156365;0.584665;1 1.54352e-07 -1.93829e-07 0.319719 -1.54352e-07 1 -1.59816e-08 -7.56798 1.93829e-07 1.59816e-08 1 -0.0319647 0 0 0 1 
34562489690212;0.249667;0.280587;0.999991 2.83524e-06 0.0041327 -17.0054 -1.34547e-06 1 -0.000360486 0.743809 -0.0041327 0.000360478 0.999991 2.45164 0 0 0 1 
34562489690213;0.302086;0.322714;0.999902 1.07133e-05 0.0140138 -18.995 6.43083e-06 0.999999 -0.00122333 0.810459 -0.0140138 0.0012233 0.999901 1.12238 0 0 0 1 
34562489690214;0.0408606;0.0911132;0.999995 -6.92112e-07 -0.00327974 9.85178 1.63143e-06 1 0.000286397 -0.00377611 0.00327974 -0.000286401 0.999995 0.27539 0 0 0 1 
34562489690215;0.322976;0.706581;1 -1.20413e-07 5.33448e-07 -0.263135 1.20413e-07 1 -6.57673e-10 7.31121 -5.33448e-07 6.57738e-10 1 0.134101 0 0 0 1 
34562489690217;0.345856;0.210745;0.999952 5.04576e-06 0.00984416 -8.54794 3.39459e-06 1 -0.00085738 0.929207 -0.00984416 0.000857372 0.999951 17.9673 0 0 0 1 
34562489690218;0.369096;0.256316;1 -1.96791e-08 -5.34179e-08 -0.188393 1.96791e-08 1 1.28171e-09 -0.329606 5.34179e-08 -1.28171e-09 1 -0.0216532 0 0 0 1 
34562489690219;0.344434;0.471542;0.999954 2.31734e-06 -0.00955235 14.1317 5.64696e-06 1 0.000833726 -0.768008 0.00955235 -0.000833742 0.999954 -2.04436 0 0 0 1 
34562489690220;0.281678;0.322528;1 1.45592e-08 -3.54216e-07 0.118956 -1.45592e-08 1 -3.98715e-09 0.0129373 3.54216e-07 3.98715e-09 1 0.0234129 0 0 0 1 
34562489690221;0.2479;0.56054;0.998589 0.000117618 -0.0531112 51.3584 0.000128871 0.999989 0.00463755 -4.74618 0.0531111 -0.00463785 0.998578 3.47737 0 0 0 1 
34562489690222;0.309448;0.705873;0.998443 0.000127121 -0.0557895 77.3072 0.000144874 0.999988 0.00487132 -6.62683 0.0557895 -0.00487181 0.998431 4.01033 0 0 0 1 
34562489690223;0.503992;0.499829;0.970961 0.00252773 -0.239226 95.0306 0.00254154 0.999779 0.0208795 -8.45476 0.239226 -0.0208811 0.970739 -50.6626 0 0 0 1 
34562489690224;0.505738;0.383823;0.99648 0.00030165 -0.0838337 56.6611 0.000313002 0.999973 0.00731857 -5.3212 0.0838337 -0.00731904 0.996453 -7.39974 0 0 0 1 
34562489690225;0.255572;0.518841;0.99348 0.000560785 0.114007 51.6652 0.000577712 0.99995 -0.00995291 -5.07391 -0.114007 0.00995388 0.99343 5.83739 0 0 0 1 
34562489690226;0.59187;0.636234;0.995996 0.000348676 -0.0894011 19.744 0.000350371 0.999969 0.0078034 -2.14285 0.0894011 -0.00780348 0.995965 -19.7025 0 0 0 1 
34562489690227;0.535961;0.473272;0.993697 0.000549374 -0.1121 22.6555 0.000554236 0.999952 0.00981345 -2.29786 0.1121 -0.00981372 0.993648 207.142 0 0 0 1 
34562489690228;0.492348;0.793683;0.993473 0.000563834 -0.114062 63.2555 0.000575729 0.99995 0.00995756 -5.53842 0.114062 -0.00995824 0.993424 -7.68822 0 0 0 1 
34562489690229;0.377629;0.397719;0.998843 9.96978e-05 -0.0480876 16.7819 0.000102096 0.999991 0.0041939 -2.20524 0.0480876 -0.00419396 0.998834 -37.9799 0 0 0 1 
34562489690230;0.309344;0.830844;0.989165 0.000932679 -0.146807 127.115 0.000959073 0.999917 0.0128146 -9.53801 0.146807 -0.0128166 0.989082 -13.7451 0 0 0 1 
34562489690231;0.422227;0.704001;0.998961 8.58766e-05 0.0455836 32.1608 9.56264e-05 0.999992 -0.00397956 -2.09659 -0.0455836 0.00397978 0.998953 4.01736 0 0 0 1 
34562489690232;0.215127;0.30431;1 -2.37309e-08 1.92358e-07 -0.189278 2.37309e-08 1 3.30658e-09 -0.0320195 -1.92358e-07 -3.30657e-09 1 -0.0122991 0 0 0 1 
34562489690233;0.420689;0.43905;0.999932 3.19207e-06 -0.0116766 23.3645 8.73996e-06 0.999999 0.00102182 -2.04628 0.0116766 -0.00102185 0.999931 18.3175 0 0 0 1 
34562489690234;0.244511;0.332348;1 -2.92799e-08 2.06351e-08 -0.22037 2.92799e-08 1 6.65119e-09 0.125992 -2.06351e-08 -6.65119e-09 1 -0.0404911 0 0 0 1 
34562489690235;0.305129;0.165961;0.999861 1.06579e-05 0.0166937 9.2951 1.36869e-05 0.999999 -0.00145821 -0.492649 -0.0166937 0.00145823 0.99986 -4.37223 0 0 0 1 
34562489690236;0.196522;0.738597;0.995603 0.000371358 0.0936695 86.1567 0.000395788 0.999967 -0.00817122 -6.42693 -0.0936694 0.00817237 0.99557 51.5927 0 0 0 1 
34562489690237;0.236663;0.53674;0.998954 0.000202366 -0.0457172 -888.447 9.40346e-07 0.99999 0.00444698 78.5475 0.0457176 -0.00444238 0.998945 3624.95 0 0 0 1 
34562489690238;0.36003;0.459762;0.999994 -6.36427e-07 0.00343189 8.0441 1.66381e-06 1 -0.000299362 -0.726639 -0.00343189 0.000299366 0.999994 1.95148 0 0 0 1 
34562489690239;0.243492;0.35186;0.999963 -1.0337e-06 -0.00864143 34.6472 7.51102e-06 1 0.000749533 -3.84899 0.00864142 -0.00074957 0.999962 -39.3181 0 0 0 1 
34562489690240;0.35283;0.285173;1 -7.61163e-07 -0.000790002 5.81092 8.139e-07 1 6.67549e-05 -1.40072 0.000790002 -6.67555e-05 1 -18.3503 0 0 0 1 
34562489690241;0.379757;0.650991;0.981542 0.00159751 0.191242 86.1593 0.00162534 0.999859 -0.0166941 -7.84016 -0.191242 0.0166968 0.981401 14.3164 0 0 0 1 
34562489690242;0.378853;0.383578;1 -2.02328e-08 -8.1082e-08 -0.157969 2.02328e-08 1 -2.12334e-08 0.125836 8.1082e-08 2.12334e-08 1 0.147098 0 0 0 1 
34562489690243;0.301434;0.477038;1 -3.88819e-08 -3.14045e-08 -0.286123 3.88819e-08 1 -5.00603e-10 0.267594 3.14045e-08 5.00602e-10 1 -0.0132837 0 0 0 1 
34562489690244;0.500189;0.721306;0.985835 0.00123265 -0.167714 56.3374 0.00124056 0.999892 0.014641 -4.41345 0.167714 -0.0146416 0.985727 -16.1106 0 0 0 1 
34562489690245;0.271456;0.247783;0.999866 1.06538e-05 0.0163985 5.99044 1.28147e-05 0.999999 -0.00143103 -0.453625 -0.0163985 0.00143105 0.999865 6.73656 0 0 0 1 
34562489690246;0.262584;0.438898;0.997948 0.000174559 -0.0640252 45.0057 0.000183705 0.999984 0.00558975 -3.5581 0.0640252 -0.00559004 0.997933 -2.33969 0 0 0 1 
34562489690248;0.122472;0.1718;0.998146 -0.000274701 0.0608579 3504.29 0.000583353 0.999987 -0.00505398 -304.259 -0.0608557 0.00508011 0.998134 1880.62 0 0 0 1 
34562489690249;0.236877;0.581655;0.984355 0.00137363 -0.176191 -33.8796 0.00135773 0.999881 0.0153808 6.52823 0.176191 -0.0153793 0.984236 -39.7475 0 0 0 1 
34562489690250;0.361013;0.428945;0.99816 0.000164163 0.0606302 -35.7783 0.000156997 0.999986 -0.00529222 2.03867 -0.0606302 0.005292 0.998146 16.778 0 0 0 1 
34562489690251;0.0844088;0.0683226;0.999751 2.24992e-05 -0.022332 -2.23765 2.10273e-05 0.999998 0.00194883 0.406921 0.022332 -0.00194881 0.999749 -8.98605 0 0 0 1 
34562489690252;0.195046;0.295046;1 1.66462e-08 -7.40921e-08 0.230716 -1.66462e-08 1 4.60583e-10 0.770814 7.40921e-08 -4.60582e-10 1 0.031353 0 0 0 1 
34562489690253;0.120903;0.258005;0.995163 -3.04629e-05 0.0982414 3630.94 0.000899579 0.999961 -0.00880246 -316.908 -0.0982373 0.00884825 0.995124 -2175.28 0 0 0 1 
34562489690254;0.246774;0.308255;1 6.78788e-08 -3.13751e-07 0.520963 -6.78788e-08 1 -2.38865e-08 -0.693792 3.13751e-07 2.38865e-08 1 0.162117 0 0 0 1 
34562489690255;0.134202;0.147182;0.999806 1.45551e-05 0.0197045 16.7306 1.92978e-05 0.999999 -0.00171784 -1.88135 -0.0197045 0.00171788 0.999804 20.8838 0 0 0 1 
34562489690256;0.130561;0.146977;0.999388 3.82371e-05 0.0349747 118.384 6.83372e-05 0.999995 -0.00304598 -9.89718 -0.0349746 0.00304651 0.999384 59.8495 0 0 0 1 
34562489690257;0.163799;0.175634;0.99988 1.30164e-05 -0.0154756 -18.3898 7.88041e-06 0.999999 0.00135025 2.12345 0.0154756 -0.00135021 0.999879 -9.17389 0 0 0 1 
34562489690258;0.294851;0.342162;0.999992 6.861e-07 -0.00395159 0.550272 6.73856e-07 1 0.000344153 -1.06934 0.00395159 -0.000344153 0.999992 -6.45845 0 0 0 1 
34562489690259;0.334686;0.867077;1 1.79252e-07 -1.21937e-08 1.16175 -1.79252e-07 1 -3.95318e-08 -4.70071 1.21937e-08 3.95318e-08 1 0.178697 0 0 0 1 
34562489690260;0.32082;0.679182;0.994361 0.000497256 -0.106048 -22.3018 0.000487163 0.999957 0.00925664 5.58621 0.106048 -0.0092561 0.994318 -28.446 0 0 0 1 
