#;prob_registration_l1 -r /home/probabilistic_point_clouds_registration/build/tester /home/point_clouds_registration_benchmark//devel/registration_pairs/wood_autumn_local.txt /home/point_clouds_registration_benchmark//eth/wood_autumn -s 0.2 -t 0.2 -p 0.3 -r 1000 -m 10 -i 40 
id;initial_error;final_error;transformation
26875431820000;0.498992;0.491013;0.989591 0.116624 -0.0843168 0.473781 -0.116145 0.993176 0.0105792 0.488492 0.0849752 -0.000676058 0.996383 -0.635042 0 0 0 1 
26875431820001;0.336145;0.0251778;0.909874 0.323513 -0.259749 0.714473 -0.290714 0.943814 0.157165 0.863505 0.295999 -0.0674875 0.952801 -0.779607 0 0 0 1 
26875431820002;0.60541;0.188625;0.953642 0.221322 -0.203922 0.575338 -0.21186 0.974973 0.0674031 0.673645 0.213736 -0.0210755 0.976664 -1.34483 0 0 0 1 
26875431820003;0.366204;0.0189395;0.99348 0.100279 -0.0542355 -0.142757 -0.0977852 0.994105 0.0468386 -0.125333 0.0586127 -0.0412298 0.997429 -0.540009 0 0 0 1 
26875431820004;0.698046;0.0264316;0.955276 -0.295707 -0.00215258 0.865734 0.295584 0.95461 0.0367418 -1.27328 -0.00880996 -0.0357349 0.999322 0.422893 0 0 0 1 
26875431820005;0.325213;0.0302741;0.919957 -0.241343 0.308922 -0.374502 0.273211 0.95984 -0.0637432 -0.711641 -0.281132 0.143042 0.948949 0.99087 0 0 0 1 
26875431820006;0.554876;0.0241673;0.999996 -0.00185943 0.00191304 -0.264383 0.00185922 0.999998 0.000110521 0.690015 -0.00191324 -0.000106964 0.999998 0.560398 0 0 0 1 
26875431820007;0.383756;0.023207;0.987735 -0.0482398 -0.148498 0.209205 0.107437 0.900105 0.422217 -0.843245 0.113296 -0.432993 0.894249 -0.400234 0 0 0 1 
26875431820008;0.203498;0.0266729;0.96599 0.0511377 -0.253472 0.118825 -0.0278449 0.995121 0.0946469 0.0877079 0.257075 -0.0843701 0.962701 -0.985154 0 0 0 1 
26875431820009;0.180609;0.028994;0.978665 -0.156211 -0.133466 0.109777 0.152966 0.987636 -0.0342968 -0.357295 0.137174 0.0131492 0.99046 -0.383562 0 0 0 1 
26875431820010;0.462102;0.0294407;0.959828 -0.140496 -0.242881 0.723269 0.147076 0.989084 0.00908077 -0.740129 0.238953 -0.0444378 0.970014 -0.939386 0 0 0 1 
26875431820011;0.575398;0.0227381;0.910385 0.0487634 0.410879 0.110566 -0.138564 0.971622 0.191704 0.322391 -0.38987 -0.231458 0.891307 1.88062 0 0 0 1 
26875431820012;0.688058;0.0188499;0.94489 0.31567 -0.0868103 0.309147 -0.266767 0.896079 0.354792 -0.391316 0.189786 -0.312081 0.930907 -0.699351 0 0 0 1 
26875431820013;0.421251;0.2658;0.983267 -0.179599 0.0304922 -0.316787 0.179389 0.983732 0.00950499 -0.612431 -0.0317033 -0.00387598 0.99949 -0.243661 0 0 0 1 
26875431820014;0.330264;0.0263375;0.951413 -0.300431 0.0674829 -0.42362 0.300922 0.953644 0.00301007 -1.15477 -0.065259 0.0174433 0.997716 0.178059 0 0 0 1 
26875431820015;0.226693;0.0225931;0.980833 0.192888 0.0275929 0.0658338 -0.183784 0.962845 -0.197872 0.807431 -0.0647349 0.189009 0.979839 0.306224 0 0 0 1 
26875431820016;0.538469;0.0183902;0.904409 -0.0168733 0.426332 0.330557 -0.037367 0.992246 0.11854 0.424151 -0.425026 -0.12314 0.896766 0.809211 0 0 0 1 
26875431820017;0.524419;0.0279634;0.983036 -0.159813 -0.0899995 -0.0171721 0.142852 0.974894 -0.170805 -0.428455 0.115037 0.155051 0.981186 0.550828 0 0 0 1 
26875431820018;0.579586;0.0319769;0.979239 0.038888 -0.198946 0.392123 -0.0613751 0.992239 -0.108143 -0.0473504 0.193197 0.118108 0.974025 0.34277 0 0 0 1 
26875431820019;0.351798;0.0268675;0.979061 0.0927375 -0.181215 0.259639 -0.0954356 0.995416 -0.00620726 0.575005 0.179809 0.0233716 0.983424 -0.944126 0 0 0 1 
26875431820020;0.0809749;0.0297034;0.994669 -0.102757 0.00866261 -0.0970927 0.102918 0.994471 -0.0208581 -0.312257 -0.0064714 0.0216384 0.999745 0.00208131 0 0 0 1 
26875431820021;0.644904;0.0315444;0.945805 0.088592 -0.312417 1.17865 -0.00657198 0.967092 0.254342 0.0929076 0.324669 -0.238505 0.915263 -0.650961 0 0 0 1 
26875431820022;0.0317767;0.0276903;0.999541 0.0277439 0.0121429 -0.0239644 -0.0276938 0.999607 -0.00427457 0.107883 -0.0122568 0.00393632 0.999917 0.076955 0 0 0 1 
26875431820023;0.284901;0.0253713;0.997579 -0.0695346 -0.00035646 0.382008 0.0695227 0.997284 0.0243054 -0.291181 -0.00133458 -0.0242714 0.999705 -0.0268284 0 0 0 1 
26875431820024;0.398113;0.028143;0.997076 0.00338101 -0.0763395 0.353004 -0.0045155 0.999882 -0.0146935 0.433948 0.0762808 0.0149953 0.996974 -0.575562 0 0 0 1 
26875431820025;0.5828;0.0357337;0.897896 -0.425619 -0.112384 0.165711 0.418217 0.904456 -0.0839854 -1.25468 0.137392 0.0284093 0.990109 0.300664 0 0 0 1 
26875431820026;0.630426;0.0210754;0.98088 0.194366 0.00983744 -0.268913 -0.194384 0.980925 0.000920874 0.51722 -0.00947081 -0.00281551 0.999951 0.919025 0 0 0 1 
26875431820027;0.464713;0.0306577;0.994341 0.106188 0.00330345 0.217048 -0.106227 0.993258 0.0464254 0.463415 0.00164865 -0.0465136 0.998916 0.677724 0 0 0 1 
26875431820028;0.337162;0.0249123;0.999934 -0.0113822 -0.00162612 -0.44346 0.0114442 0.998908 0.0452994 -0.343073 0.00110874 -0.045315 0.998972 0.240637 0 0 0 1 
26875431820029;0.206492;0.0263495;0.999584 0.00876133 0.0274619 -0.314364 -0.00707677 0.998122 -0.0608498 -0.0958851 -0.0279434 0.0606302 0.997769 0.249205 0 0 0 1 
26875431820031;0.22611;0.0104338;0.971317 0.10119 0.215183 -0.201506 -0.122051 0.988795 0.0859475 0.391542 -0.204075 -0.109746 0.972784 0.915951 0 0 0 1 
26875431820032;0.537519;0.343946;0.974362 -0.157575 -0.160589 0.538639 0.157844 0.987401 -0.0111598 -0.70083 0.160324 -0.0144743 0.986958 -0.726758 0 0 0 1 
26875431820033;0.515263;0.0140142;0.997193 0.0290171 -0.0690226 -0.135377 -0.00991226 0.964898 0.262438 -0.72224 0.074215 -0.261017 0.962477 -1.02088 0 0 0 1 
26875431820034;0.18246;0.00815506;0.99454 0.0198882 -0.102445 -0.203245 -0.0185001 0.999724 0.0144824 0.0648854 0.102704 -0.0125081 0.994633 -0.295992 0 0 0 1 
26875431820035;0.31218;0.00815554;0.939114 0.196941 0.281564 0.059657 -0.235086 0.965901 0.108492 0.864504 -0.250596 -0.168078 0.953389 1.47101 0 0 0 1 
26875431820036;0.352511;0.0152771;0.95958 -0.268344 0.084839 -0.0255377 0.281431 0.916739 -0.283523 -0.905561 -0.00169345 0.29594 0.955205 -0.222237 0 0 0 1 
26875431820037;0.447509;0.015167;0.9971 -0.0761005 0.00109058 0.284206 0.0761014 0.9971 -0.000889328 -0.762866 -0.00101974 0.000969744 0.999999 -0.785346 0 0 0 1 
26875431820038;0.350569;0.0113522;0.985704 -0.162656 -0.0439422 0.223154 0.139079 0.93271 -0.33273 -0.0732701 0.095106 0.321862 0.941998 -0.857435 0 0 0 1 
26875431820039;0.337073;0.00864971;0.97107 -0.215656 0.102542 0.0552483 0.179011 0.941628 0.285117 -1.18281 -0.158044 -0.258512 0.952992 1.29208 0 0 0 1 
26875431820040;0.229197;0.0115231;0.983028 -0.18186 -0.0241393 0.214696 0.172036 0.959524 -0.222976 -0.461698 0.0637125 0.215038 0.974525 -0.357306 0 0 0 1 
26875431820041;0.10838;0.0069496;0.998064 0.0617015 0.00781297 -0.0626926 -0.0616772 0.998091 -0.00330532 0.169694 -0.00800199 0.00281704 0.999964 0.176184 0 0 0 1 
26875431820042;0.455772;0.0310724;0.893613 -0.439167 0.0926721 0.643191 0.448284 0.883538 -0.135654 -2.42665 -0.0223046 0.162766 0.986413 0.339281 0 0 0 1 
26875431820043;0.274946;0.00729089;0.978373 0.106971 0.17704 -0.175076 -0.128433 0.98508 0.114552 0.284604 -0.162145 -0.134813 0.977514 1.12396 0 0 0 1 
26875431820044;0.287192;0.0131386;0.999158 0.00459927 0.0407698 0.0539632 -0.00408323 0.999911 -0.0127317 0.589137 -0.0408247 0.0125545 0.999087 0.286439 0 0 0 1 
26875431820045;0.572084;0.0105638;0.986331 0.0660159 -0.150974 0.697109 -0.00597477 0.929962 0.367608 -0.87005 0.164668 -0.361681 0.917644 -1.13626 0 0 0 1 
26875431820046;0.148614;0.0163335;0.998029 -0.0599646 -0.0184999 0.00644156 0.0624268 0.978751 0.195319 -0.532829 0.00639459 -0.196088 0.980565 0.0423587 0 0 0 1 
26875431820047;0.191966;0.00930262;0.988974 0.147667 0.0111838 -0.0874381 -0.143781 0.975539 -0.166282 0.880749 -0.0354647 0.162841 0.986015 0.311116 0 0 0 1 
26875431820048;0.552949;0.00963339;0.904654 0.414486 0.0990073 -0.0523714 -0.397319 0.904377 -0.155691 2.04557 -0.154071 0.101509 0.982832 -0.0552694 0 0 0 1 
26875431820049;0.452544;0.00942814;0.89648 0.400846 0.188802 0.058419 -0.400794 0.915287 -0.0401783 1.58177 -0.188913 -0.0396518 0.981193 1.27244 0 0 0 1 
26875431820050;0.381287;0.0105045;0.956802 0.23615 0.169597 -0.117202 -0.243862 0.969465 0.0258773 0.879166 -0.158307 -0.0661178 0.985174 1.29137 0 0 0 1 
26875431820051;0.357531;0.0125166;0.97366 -0.0690618 -0.217292 0.702608 0.0606862 0.997142 -0.0449933 -0.0783888 0.219778 0.0306216 0.975069 -0.616516 0 0 0 1 
26875431820052;0.469273;0.0121266;0.964314 0.147661 -0.219759 0.504222 -0.205186 0.94136 -0.267843 1.87303 0.167322 0.303377 0.938065 -1.05357 0 0 0 1 
26875431820053;0.393672;0.0114294;0.99272 0.0275573 0.117248 0.671675 -0.0465355 0.985635 0.162351 -0.045982 -0.11109 -0.166625 0.979742 0.560673 0 0 0 1 
26875431820054;0.384531;0.0110127;0.933683 0.225346 -0.278307 0.681059 -0.149282 0.95136 0.269497 0.376004 0.3255 -0.210079 0.921909 -1.39797 0 0 0 1 
26875431820055;0.28566;0.00943477;0.979992 -0.191624 -0.053806 0.46717 0.193826 0.980254 0.0391647 -1.15004 0.0452386 -0.0488101 0.997783 0.114149 0 0 0 1 
26875431820056;0.596591;0.0124639;0.918364 -0.288358 0.27103 -0.0436876 0.332647 0.933486 -0.13398 -1.32242 -0.214368 0.2132 0.953201 0.0877617 0 0 0 1 
26875431820057;0.446113;0.337833;0.9793 -0.172114 0.106531 0.312439 0.174249 0.98464 -0.0109951 -1.02002 -0.103002 0.0293303 0.994249 0.575756 0 0 0 1 
26875431820058;0.224686;0.00943321;0.999669 -0.0106962 -0.023409 -0.124898 0.0126245 0.996399 0.0838437 -0.20591 0.0224279 -0.0841114 0.996204 0.348615 0 0 0 1 
26875431820059;0.444316;0.010159;0.953921 -0.170449 0.246945 -0.495551 0.173645 0.984768 0.00894386 -0.629892 -0.244707 0.0343491 0.968988 0.777075 0 0 0 1 
26875431820060;0.410765;0.00907079;0.985388 0.0945186 0.141689 0.293889 -0.140268 0.922231 0.360299 0.374323 -0.0966153 -0.374909 0.922014 1.17745 0 0 0 1 
26875431820062;0.368904;0.017652;0.953133 0.181504 0.24206 0.450235 -0.231349 0.952819 0.196503 0.504159 -0.194974 -0.243294 0.950154 0.404874 0 0 0 1 
26875431820063;0.231158;0.0153458;0.956361 -0.0740866 -0.282639 0.441977 0.113808 0.985378 0.126798 -0.612247 0.269112 -0.153431 0.950809 -1.11141 0 0 0 1 
26875431820064;0.204838;0.0140233;0.997651 -0.00716962 0.0681235 0.0736627 -0.00212373 0.990792 0.135377 0.271345 -0.0684668 -0.135204 0.988449 0.124291 0 0 0 1 
26875431820065;0.171053;0.0143498;0.998227 0.0555413 0.0214163 -0.078025 -0.054777 0.997893 -0.0347623 -0.0339597 -0.0233019 0.0335275 0.999166 0.0157154 0 0 0 1 
26875431820066;0.341828;0.0151676;0.885358 0.460577 -0.0633218 0.905357 -0.458118 0.88749 0.0498927 1.86904 0.0791769 -0.0151641 0.996745 -0.303894 0 0 0 1 
26875431820067;0.359104;0.0157858;0.999753 0.00904822 -0.0202886 -0.20071 -0.00896199 0.99995 0.00433719 0.346354 0.0203268 -0.00415429 0.999785 0.59627 0 0 0 1 
26875431820068;0.231956;0.0135832;0.999717 -0.0234586 0.00398496 0.0501841 0.0234293 0.999699 0.00726138 -0.129884 -0.0041541 -0.00716596 0.999966 0.533761 0 0 0 1 
26875431820069;0.168442;0.0184523;0.984314 -0.155634 0.0830908 0.0891043 0.15824 0.987066 -0.0257149 -0.77072 -0.078014 0.0384597 0.99621 0.491481 0 0 0 1 
26875431820070;0.120851;0.0133136;0.987762 0.133398 -0.0808221 0.249166 -0.128313 0.989591 0.0651652 0.490961 0.0886736 -0.0539972 0.994596 -0.403086 0 0 0 1 
26875431820071;0.559761;0.0138004;0.939667 -0.341779 0.0146162 1.0097 0.341652 0.939768 0.0105086 -1.31092 -0.0173274 -0.00488092 0.999838 0.416969 0 0 0 1 
26875431820072;0.11141;0.0167591;0.998527 -0.054019 0.00514317 -0.144799 0.0542147 0.997151 -0.0524373 -0.321964 -0.00229591 0.0526389 0.998611 0.0172763 0 0 0 1 
26875431820073;0.298534;0.00703307;0.953152 -0.302491 -0.000758528 0.24511 0.302487 0.953117 0.00832438 -1.52781 -0.00179508 -0.00816384 0.999965 0.176978 0 0 0 1 
26875431820074;0.511902;0.0187176;0.944307 -0.239557 -0.225602 0.852444 0.188484 0.955738 -0.225916 -0.686044 0.269737 0.170812 0.947663 -1.6721 0 0 0 1 
26875431820075;0.368729;0.0222165;0.938 -0.237794 0.25221 -0.178111 0.159504 0.942084 0.29502 -1.13901 -0.307757 -0.236501 0.921604 1.48974 0 0 0 1 
26875431820076;0.104083;0.0122737;0.999399 -0.0284211 -0.0198292 -0.0119147 0.0267729 0.99652 -0.0789394 0.0672147 0.0220037 0.0783611 0.996682 0.0342056 0 0 0 1 
26875431820077;0.334061;0.012208;0.958616 0.28007 -0.0511464 0.471536 -0.275704 0.958025 0.0785882 1.28461 0.0710096 -0.0612347 0.995594 -0.780493 0 0 0 1 
26875431820078;0.46154;0.0129262;0.965247 0.259931 0.0270905 -0.233076 -0.252702 0.954747 -0.156845 1.5544 -0.0666334 0.144548 0.987252 -0.0732909 0 0 0 1 
26875431820079;0.388175;0.0153097;0.884519 -0.21434 0.414349 -0.227593 0.132816 0.967145 0.216773 -0.935557 -0.447199 -0.136707 0.883926 1.75373 0 0 0 1 
26875431820080;0.446652;0.0146193;0.968686 0.247609 0.0183695 0.237663 -0.247103 0.968639 -0.0260385 1.23624 -0.0242408 0.0206839 0.999492 -0.675308 0 0 0 1 
26875431820081;0.390076;0.0218342;0.918362 0.395728 -0.00328838 0.720227 -0.386031 0.893965 -0.227611 1.99419 -0.0871323 0.210298 0.973747 0.72595 0 0 0 1 
26875431820082;0.269988;0.00980833;0.991894 0.125298 -0.0211224 -0.119986 -0.120579 0.980595 0.154579 0.0599543 0.040081 -0.150779 0.987755 -0.33282 0 0 0 1 
26875431820083;0.397996;0.014793;0.917885 -0.32836 0.222862 0.444126 0.326405 0.944078 0.0466428 -1.55332 -0.225715 0.0299306 0.973733 1.4021 0 0 0 1 
26875431820084;0.431462;0.0183011;0.984828 0.0908467 -0.147852 0.419199 -0.134793 0.937073 -0.322064 0.962682 0.10929 0.337108 0.935101 0.464391 0 0 0 1 
26875431820085;0.0561572;0.0151521;0.999239 -0.0388885 0.00299341 -0.0763959 0.0388894 0.999243 -0.000251743 -0.16028 -0.00298136 0.000367964 0.999995 0.0828451 0 0 0 1 
26875431820086;0.263745;0.0145196;0.973999 0.221755 0.0463828 0.340267 -0.223599 0.973892 0.0392152 0.590241 -0.0364756 -0.0485666 0.998154 -0.0388413 0 0 0 1 
26875431820087;0.254275;0.0205322;0.971867 -0.0876456 -0.218614 0.361334 0.127797 0.9759 0.17688 -0.817233 0.197843 -0.199843 0.959646 -1.17565 0 0 0 1 
26875431820088;0.2679;0.0154765;0.967044 0.254222 -0.0140262 0.47671 -0.254515 0.966712 -0.0262672 1.28985 0.00688157 0.0289714 0.999557 -0.254191 0 0 0 1 
26875431820089;0.093436;0.0179205;0.99938 0.0313654 -0.0159887 0.0761715 -0.0320439 0.998513 -0.0441087 0.336732 0.0145814 0.0445937 0.998899 0.0445937 0 0 0 1 
26875431820090;0.279476;0.0126463;0.999304 0.0369083 0.00542547 0.190723 -0.0367821 0.999086 -0.021761 -0.248596 -0.00622367 0.0215463 0.999748 0.453341 0 0 0 1 
26875431820091;0.394578;0.0174854;0.993058 0.117045 0.0116641 0.260179 -0.117115 0.993103 0.00554999 0.487726 -0.010934 -0.0068775 0.999917 -0.759637 0 0 0 1 
26875431820093;0.345934;0.0181567;0.93308 -0.313065 -0.177066 2.62455 0.306022 0.949699 -0.0664962 -1.14684 0.188977 0.00786022 0.98195 -0.633258 0 0 0 1 
26875431820094;0.529735;0.0117646;0.940043 0.282225 0.191489 -2.55262 -0.269229 0.958734 -0.0913451 1.90292 -0.209367 0.0343139 0.977235 0.614419 0 0 0 1 
26875431820095;0.39088;0.0175713;0.961578 -0.0131203 -0.274217 0.337059 0.007364 0.999731 -0.0220105 -0.155126 0.274432 0.0191455 0.961416 -0.820105 0 0 0 1 
26875431820096;0.29099;0.012497;0.969016 0.155668 -0.191767 -0.451337 -0.19465 0.959227 -0.204925 1.22843 0.152048 0.235903 0.959808 -2.31903 0 0 0 1 
26875431820097;0.411668;0.0291075;0.959574 0.279841 0.0301149 -1.78774 -0.27954 0.960034 -0.0138555 2.36844 -0.0327886 0.00487709 0.99945 0.107787 0 0 0 1 
26875431820098;0.305728;0.0193799;0.964317 -0.199583 0.173955 0.974714 0.208355 0.977478 -0.0335293 -0.903559 -0.163345 0.0685772 0.984183 0.20183 0 0 0 1 
26875431820099;0.324227;0.297961;0.998549 -0.0536799 -0.00431403 0.446726 0.0537518 0.998378 0.0187765 -0.208997 0.00329911 -0.0189811 0.999814 0.121832 0 0 0 1 
26875431820100;0.476247;0.0331292;0.972584 -0.231733 -0.0195116 1.92875 0.23206 0.972561 0.0165388 -0.524522 0.0151437 -0.0206132 0.999673 -0.551852 0 0 0 1 
26875431820101;0.325622;0.0171073;0.954273 0.254608 0.156644 -1.77555 -0.192307 0.924043 -0.330396 1.7892 -0.228867 0.285165 0.930753 -0.709095 0 0 0 1 
26875431820102;0.315339;0.0169556;0.975149 0.221466 0.00610886 -1.20932 -0.217351 0.961648 -0.16731 1.23553 -0.0429279 0.161824 0.985885 -1.22878 0 0 0 1 
26875431820103;0.395286;0.0199166;0.99691 -0.0782192 0.00716129 0.318722 0.0782828 0.99689 -0.00908304 -0.318508 -0.00642855 0.00961558 0.999933 -0.777734 0 0 0 1 
26875431820104;0.491587;0.0320647;0.998938 0.0407521 0.0214967 0.403407 -0.0394405 0.997522 -0.0582639 0.586723 -0.0238178 0.0573542 0.99807 -0.828373 0 0 0 1 
26875431820105;0.296198;0.0244836;0.990833 -0.0403676 0.12892 0.166401 0.0783095 0.949246 -0.30463 0.212826 -0.11008 0.311933 0.943706 -1.02215 0 0 0 1 
26875431820106;0.351999;0.0179133;0.953193 -0.290704 -0.0831515 1.95333 0.29679 0.952105 0.0735687 -1.70209 0.0577822 -0.0948037 0.993818 0.454946 0 0 0 1 
26875431820107;0.398745;0.298898;0.98766 0.14054 0.0691138 -1.26528 -0.132372 0.984942 -0.111203 1.09064 -0.0837016 0.100682 0.991392 -0.133279 0 0 0 1 
26875431820108;0.476963;0.0281729;0.963633 0.255895 0.0769941 -1.74625 -0.26072 0.963495 0.0608473 2.31315 -0.0586129 -0.0787084 0.995173 1.07464 0 0 0 1 
26875431820109;0.419848;0.394561;0.999091 -0.0252274 -0.0343525 0.30244 0.0260989 0.999343 0.0251617 -0.0881279 0.0336952 -0.0260354 0.999093 0.149624 0 0 0 1 
26875431820110;0.205033;0.0211357;0.996449 0.0185729 0.0821199 -0.0190697 -0.0120913 0.996822 -0.0787326 0.417511 -0.0833212 0.0774601 0.993508 -0.189745 0 0 0 1 
26875431820111;0.333895;0.0149553;0.98663 -0.162856 0.00627391 1.30045 0.162968 0.986243 -0.0276963 -0.57224 -0.0016771 0.0283484 0.999597 0.375714 0 0 0 1 
26875431820112;0.392948;0.0135905;0.875715 -0.442946 -0.192153 3.51796 0.451132 0.892456 -0.00128587 -1.69742 0.172057 -0.0855601 0.981364 -0.247732 0 0 0 1 
26875431820113;0.35267;0.0165398;0.943612 -0.161887 0.288772 0.863892 0.237554 0.938641 -0.250042 -0.412644 -0.230575 0.304541 0.92417 -0.755978 0 0 0 1 
26875431820114;0.433722;0.376315;0.998532 -0.0312408 0.0442453 0.224762 0.0325846 0.999019 -0.0299823 0.116628 -0.0432653 0.03138 0.998571 -0.050844 0 0 0 1 
26875431820115;0.334392;0.0271758;0.97418 -0.221845 0.0419225 1.90638 0.196933 0.925774 0.322738 -0.865279 -0.110409 -0.306149 0.945559 2.50569 0 0 0 1 
26875431820116;0.39563;0.012272;0.952847 -0.252115 0.168878 2.3515 0.259119 0.965629 -0.0204366 -1.3211 -0.157921 0.0632325 0.985425 0.497563 0 0 0 1 
26875431820117;0.505945;0.0151673;0.967322 0.253484 -0.0057676 -2.17396 -0.253422 0.965868 -0.0536335 0.910759 -0.00802448 0.0533425 0.998544 -0.536901 0 0 0 1 
26875431820118;0.542637;0.475168;0.996528 0.00523748 0.0830897 -0.168759 -0.00858286 0.999165 0.0399563 -0.105385 -0.0828111 -0.0405307 0.995741 0.670348 0 0 0 1 
26875431820119;0.33961;0.0155015;0.957376 -0.0564694 -0.283271 0.980737 -0.00922772 0.974224 -0.225396 0.072685 0.288698 0.218403 0.932177 -2.61149 0 0 0 1 
26875431820120;0.431883;0.0234068;0.988008 0.133953 -0.0767929 -0.16098 -0.0960905 0.922732 0.373272 0.42163 0.12086 -0.361417 0.924538 1.88075 0 0 0 1 
26875431820121;0.296141;0.0189178;0.934612 -0.352592 -0.0466869 2.75547 0.35129 0.935652 -0.0339171 -1.40975 0.0556415 0.0152987 0.998334 -0.570467 0 0 0 1 
26875431820122;0.699318;0.0126286;0.901518 0.0521283 0.42959 -1.18069 -0.0840409 0.994908 0.055638 -0.126793 -0.424502 -0.0862618 0.901308 3.23598 0 0 0 1 
26875431820124;0.463953;0.0459296;0.981128 0.0791699 -0.176408 -0.191459 -0.109393 0.979561 -0.168797 1.1377 0.159438 0.184909 0.969736 -3.15654 0 0 0 1 
26875431820125;0.172503;0.0411827;0.973445 0.225741 -0.0380373 -1.86219 -0.224806 0.97402 0.0273305 1.33854 0.0432187 -0.0180537 0.998902 -0.0617561 0 0 0 1 
26875431820126;0.469661;0.0393967;0.99995 -0.00901689 -0.00421389 -0.416806 0.00878551 0.998607 -0.05203 0.432882 0.00467717 0.0519904 0.998637 0.106382 0 0 0 1 
26875431820127;0.198437;0.0434473;0.996803 -0.079209 -0.010475 0.65129 0.0791882 0.996857 -0.00238679 -0.103949 0.0106311 0.00154967 0.999942 -0.0999176 0 0 0 1 
26875431820128;0.38452;0.0526507;0.948508 -0.316706 0.00549962 3.18099 0.316724 0.948514 -0.00275972 -0.978159 -0.00434244 0.00435948 0.999981 -0.425859 0 0 0 1 
26875431820129;0.474436;0.0395839;0.936692 -0.339431 0.0859953 3.44424 0.3478 0.930336 -0.116235 -1.20117 -0.0405506 0.138786 0.989492 -1.6705 0 0 0 1 
26875431820130;0.313572;0.0458537;0.994719 -0.102367 -0.0074628 0.832977 0.102179 0.994516 -0.0222967 -0.605625 0.00970433 0.0214164 0.999724 -0.816578 0 0 0 1 
26875431820131;0.549583;0.0316696;0.992035 0.122744 -0.0283075 -1.63067 -0.118794 0.98637 0.11385 0.42386 0.0418961 -0.109581 0.993095 1.53438 0 0 0 1 
26875431820132;0.557397;0.0365114;0.892298 0.449463 -0.0422739 -2.86623 -0.449348 0.875229 -0.179057 3.97425 -0.0434803 0.178768 0.98293 -0.937536 0 0 0 1 
26875431820133;0.523064;0.0489552;0.984439 -0.0549578 0.16691 0.375783 -0.00541568 0.939896 0.341418 0.439417 -0.175641 -0.33701 0.924973 4.81249 0 0 0 1 
26875431820134;0.28355;0.0374515;0.98165 0.187346 0.0355578 -1.86142 -0.187336 0.982289 -0.00363937 1.35202 -0.0356098 -0.00308865 0.999361 -0.0399972 0 0 0 1 
26875431820135;0.398345;0.0420333;0.982127 -0.0488996 -0.181756 0.481241 0.0772655 0.98529 0.152425 -0.599506 0.171629 -0.163744 0.971458 1.17686 0 0 0 1 
26875431820136;0.188337;0.0437366;0.996314 0.070899 0.0482916 -0.831789 -0.070118 0.997382 -0.0176808 0.640175 -0.0494187 0.0142295 0.998677 0.150377 0 0 0 1 
26875431820137;0.314888;0.0396359;0.934779 -0.014825 0.354919 -0.12429 0.0402145 0.997122 -0.0642663 -0.200536 -0.352945 0.0743477 0.932685 1.36197 0 0 0 1 
26875431820138;0.521003;0.0177099;0.999774 0.0205209 0.00551281 -0.505647 -0.0205121 0.999788 -0.001651 -0.334183 -0.00554553 0.00153755 0.999983 0.817957 0 0 0 1 
26875431820139;0.534563;0.0364913;0.96356 -0.218922 -0.153705 2.95335 0.198688 0.970482 -0.136706 -1.22224 0.179095 0.101185 0.978615 -1.71665 0 0 0 1 
26875431820140;0.635129;0.0512745;0.931544 0.117835 -0.344006 0.393908 -0.111455 0.99303 0.0383356 1.17361 0.346125 0.00262997 0.938185 -1.62809 0 0 0 1 
26875431820141;0.451247;0.140435;0.980829 -0.194427 -0.0131578 1.76399 0.194432 0.971851 0.133046 -1.43134 -0.0130803 -0.133053 0.991023 1.6155 0 0 0 1 
26875431820142;0.45211;0.0375681;0.966449 0.0544049 -0.251032 -0.67312 -0.0789373 0.992925 -0.0887095 0.761738 0.244429 0.105549 0.963905 -1.76546 0 0 0 1 
26875431820143;0.371493;0.320478;0.997576 0.0205797 0.0664699 -0.185619 -0.0235669 0.998733 0.0444737 -0.0649803 -0.0654703 -0.0459324 0.996797 0.728606 0 0 0 1 
26875431820144;0.382734;0.0540734;0.973573 0.0127363 0.228021 -0.254426 0.0675943 0.937639 -0.340976 0.84916 -0.218144 0.347378 0.911999 -1.94172 0 0 0 1 
26875431820145;0.502979;0.054684;0.969529 0.239382 0.0520566 -2.27363 -0.237754 0.970673 -0.0355878 2.01663 -0.059049 0.0221267 0.99801 -0.49892 0 0 0 1 
26875431820146;0.275674;0.037837;0.956203 0.291354 0.028075 -2.19505 -0.292653 0.95341 0.0732321 1.97175 -0.00543053 -0.078241 0.99692 0.560995 0 0 0 1 
26875431820147;0.238197;0.0362094;0.990751 0.0450033 -0.128009 -0.00860817 -0.0594455 0.992003 -0.111339 0.650611 0.121974 0.117919 0.985504 -1.53524 0 0 0 1 
26875431820148;0.24302;0.0350387;0.985247 -0.133431 0.107166 0.999801 0.15069 0.973207 -0.17367 -0.6971 -0.0811214 0.187257 0.978956 -1.40693 0 0 0 1 
26875431820149;0.23664;0.0429539;0.943769 -0.322562 0.0724844 3.00894 0.327749 0.94161 -0.0771406 -1.25363 -0.0433694 0.0965596 0.994382 -0.650708 0 0 0 1 
26875431820150;0.324251;0.0305979;0.984334 -0.172492 -0.036514 1.65261 0.168173 0.980732 -0.0994139 -0.845192 0.0529586 0.0917158 0.994376 -0.592337 0 0 0 1 
26875431820151;0.348638;0.035333;0.959138 -0.179213 -0.218945 2.11661 0.230522 0.943652 0.237447 -1.24559 0.164055 -0.278216 0.946405 1.80457 0 0 0 1 
26875431820152;0.39459;0.0497235;0.993253 -0.0838885 0.0800721 0.401779 0.0886425 0.994386 -0.0577838 -0.257209 -0.0747752 0.0644917 0.995113 -0.843087 0 0 0 1 
26875431820153;0.461448;0.0466749;0.962668 0.267942 -0.0384275 -2.03032 -0.266151 0.962832 0.0460217 1.57179 0.0493303 -0.0340761 0.998201 -0.676176 0 0 0 1 
26875431820155;0.281618;0.0114195;0.997224 0.0482509 -0.0567067 0.464125 -0.0492107 0.998666 -0.0156525 0.106595 0.0558758 0.0183996 0.998268 -0.0735116 0 0 0 1 
26875431820156;0.544215;0.0189345;0.980125 0.193768 -0.0425365 -0.0669851 -0.192891 0.98093 0.0238729 0.174404 0.0463512 -0.0151935 0.99881 0.674128 0 0 0 1 
26875431820157;0.2633;0.0152012;0.982667 -0.18538 -0.000224261 0.0804049 0.17954 0.952009 -0.247878 -0.119038 0.0461653 0.243542 0.968791 -0.0958341 0 0 0 1 
26875431820158;0.308459;0.21909;0.995524 0.094484 -0.00228898 0.00110764 -0.0944472 0.995447 0.0128587 0.335206 0.0034935 -0.012585 0.999915 0.128911 0 0 0 1 
26875431820159;0.600497;0.0124289;0.998121 0.0530462 0.0306571 0.756595 -0.048583 0.990128 -0.131481 0.0322258 -0.037329 0.129744 0.990845 0.586263 0 0 0 1 
26875431820160;0.450407;0.0856258;0.91092 -0.210828 0.354651 -0.135695 0.269961 0.954603 -0.125915 -0.29967 -0.312004 0.21044 0.926482 0.719881 0 0 0 1 
26875431820161;0.500041;0.015835;0.974073 -0.224009 -0.0316405 -0.28445 0.222387 0.973782 -0.0478725 -0.587633 0.0415349 0.0395949 0.998352 0.504512 0 0 0 1 
26875431820162;0.266888;0.190315;0.999238 0.0250255 0.0299411 -0.0431766 -0.0239809 0.999108 -0.0347543 0.00922871 -0.0307842 0.0340098 0.998947 0.167861 0 0 0 1 
26875431820163;0.112835;0.00491711;0.992938 -0.00693914 0.118432 -0.0170191 0.00201749 0.999131 0.0416263 0.00662088 -0.118617 -0.0410934 0.992089 0.400447 0 0 0 1 
26875431820164;0.259006;0.0214837;0.98288 -0.183032 -0.0211341 0.032269 0.183522 0.982718 0.0241895 -0.639087 0.0163415 -0.0276539 0.999484 -0.238306 0 0 0 1 
26875431820165;0.440579;0.239198;0.980752 0.187399 -0.0548437 0.118549 -0.175493 0.969128 0.173187 0.328254 0.0856056 -0.160228 0.983361 -0.492136 0 0 0 1 
26875431820166;0.350624;0.304144;0.998745 -0.0270412 -0.0421527 -0.0260005 0.0261162 0.999409 -0.022344 0.00251489 0.042732 0.0212151 0.998861 -0.106621 0 0 0 1 
26875431820167;0.350308;0.0201988;0.977877 -0.194344 0.0773799 0.407273 0.205399 0.962114 -0.179299 -0.110449 -0.0396026 0.191226 0.980747 0.0533767 0 0 0 1 
26875431820168;0.226339;0.0159162;0.982956 -0.0616776 -0.173183 0.350275 0.0535711 0.997256 -0.0511036 -0.26596 0.17586 0.040955 0.983563 -0.434722 0 0 0 1 
26875431820169;0.436398;0.0165137;0.99882 -0.0483622 -0.00441758 0.23447 0.048377 0.998824 0.00329442 0.239545 0.00425306 -0.00350424 0.999985 0.570257 0 0 0 1 
26875431820170;0.561995;0.0110139;0.976294 0.0347538 0.213641 -0.478285 -0.0175664 0.996492 -0.0818289 -0.460843 -0.215735 0.0761362 0.973479 -0.00589945 0 0 0 1 
26875431820171;0.275385;0.0107695;0.997573 0.0674683 0.0172353 -0.0641636 -0.0677312 0.997589 0.0151523 0.149077 -0.0161714 -0.0162828 0.999737 0.482025 0 0 0 1 
26875431820172;0.126727;0.016889;0.999964 -0.00085297 0.00846387 -0.00178237 0.00156331 0.996441 -0.0842784 0.0447323 -0.00836186 0.0842886 0.996406 0.179951 0 0 0 1 
26875431820173;0.248339;0.0170149;0.987614 -0.110489 0.111403 -0.114919 0.107145 0.993606 0.0355912 0.0108226 -0.114623 -0.023214 0.993138 0.366292 0 0 0 1 
26875431820174;0.442063;0.0125517;0.918235 -0.194045 0.345241 -0.312663 0.172514 0.980668 0.0923545 -0.667119 -0.356487 -0.0252441 0.933959 0.662802 0 0 0 1 
26875431820175;0.573407;0.354913;0.963851 0.092432 -0.249894 0.607422 -0.149783 0.963638 -0.221284 0.865619 0.220354 0.250715 0.942648 -0.925648 0 0 0 1 
26875431820176;0.270556;0.0149233;0.990999 0.130234 -0.0309902 -0.326296 -0.133405 0.980017 -0.147548 0.331027 0.0111552 0.150354 0.988569 -0.0194028 0 0 0 1 
26875431820177;0.516211;0.0214266;0.995017 0.0571464 -0.0817064 -0.479772 -0.0713219 0.980573 -0.182731 -0.24893 0.0696766 0.187648 0.979762 -0.0451579 0 0 0 1 
26875431820178;0.516876;0.244863;0.990893 -0.0828017 -0.106181 0.256818 0.0929482 0.99118 0.0944653 -0.323585 0.0974225 -0.103474 0.989849 0.389165 0 0 0 1 
26875431820179;0.506678;0.354451;0.98335 0.171525 0.0600144 -0.241107 -0.172691 0.984865 0.0147833 0.378627 -0.0565703 -0.0249011 0.998088 0.101692 0 0 0 1 
26875431820180;0.166082;0.014344;0.997557 -0.0117412 0.0688619 -0.188122 0.00548164 0.995891 0.0903934 0.0667956 -0.0696403 -0.0897951 0.993523 0.147177 0 0 0 1 
26875431820181;0.220973;0.0113992;0.979391 -0.19964 0.0306292 0.223959 0.192477 0.968496 0.158014 -0.450697 -0.0612102 -0.148862 0.986962 0.315583 0 0 0 1 
26875431820182;0.311591;0.0157158;0.999974 0.00507969 -0.0050866 0.479626 -0.00512405 0.999949 -0.00874555 0.0696158 0.00504191 0.00877138 0.999949 -0.0987343 0 0 0 1 
26875431820183;0.378261;0.23271;0.973529 0.210522 -0.0890078 0.00654148 -0.199402 0.97261 0.119455 0.681939 0.111718 -0.0985441 0.988842 -0.385169 0 0 0 1 
26875431820184;0.707951;0.0203232;0.953599 -0.292144 0.0728043 -0.0856701 0.298505 0.94894 -0.102019 -0.396768 -0.0392826 0.119018 0.992115 -0.876885 0 0 0 1 
26875431820186;0.0232744;0.0214333;0.999996 -0.00255223 -0.000852603 -0.00130787 0.00255055 0.999995 -0.00196479 -0.041896 0.000857613 0.00196261 0.999998 0.035834 0 0 0 1 
26875431820187;0.469951;0.0326909;0.99766 -0.0502271 0.0463886 0.127371 0.0501528 0.998738 0.00276552 0.0286867 -0.0464689 -0.000432532 0.99892 -0.720224 0 0 0 1 
26875431820188;0.333415;0.0201401;0.96481 0.0853362 0.248714 -0.15106 -0.0825104 0.996352 -0.0217839 0.52618 -0.249666 0.000495777 0.968332 0.145067 0 0 0 1 
26875431820189;0.215891;0.0298279;0.999603 -0.0206447 0.019165 0.0024886 0.0235695 0.985561 -0.167675 0.320039 -0.0154267 0.16806 0.985656 0.0869394 0 0 0 1 
26875431820190;0.353199;0.0270871;0.998994 -0.00688226 -0.0443065 0.126628 0.0066716 0.999966 -0.00490079 -0.0546368 0.0443387 0.00460027 0.999006 0.572722 0 0 0 1 
26875431820191;0.375035;0.0295635;0.881038 0.10579 -0.461065 0.645889 -0.0588693 0.991616 0.115031 -0.0985328 0.469368 -0.0742037 0.879879 -0.461911 0 0 0 1 
26875431820192;0.269163;0.0296771;0.999037 -0.0319681 0.0300683 -0.159758 0.0326233 0.999235 -0.0215593 0.355787 -0.0293561 0.0225195 0.999315 0.245098 0 0 0 1 
26875431820193;0.42369;0.0329091;0.909211 -0.172944 0.378717 -0.306678 0.265717 0.941332 -0.20806 -0.093132 -0.320516 0.289802 0.901823 0.527399 0 0 0 1 
26875431820194;0.276623;0.201335;0.995255 0.0681942 0.0694067 -0.12871 -0.0644011 0.99638 -0.0554955 0.252989 -0.0729399 0.0507623 0.996044 0.255306 0 0 0 1 
26875431820195;0.12753;0.0231022;0.997037 0.0766719 0.00614961 -0.183039 -0.0767332 0.996997 0.0104515 0.0836641 -0.0053298 -0.0108924 0.999926 -0.110861 0 0 0 1 
26875431820196;0.182656;0.0282835;0.998348 -0.0573634 -0.00312189 -0.117556 0.0571915 0.99755 -0.040292 -0.336512 0.00542553 0.0400469 0.999183 -0.125673 0 0 0 1 
26875431820197;0.141522;0.0317388;0.999203 0.0328693 -0.0226689 -0.251508 -0.0321576 0.999 0.0310766 0.0461991 0.0236677 -0.0303229 0.99926 -0.0672881 0 0 0 1 
26875431820198;0.296595;0.158072;0.993666 -0.0976665 -0.0555826 0.216005 0.0952524 0.994456 -0.0445457 0.0453702 0.0596251 0.0389691 0.99746 -0.262183 0 0 0 1 
26875431820199;0.374604;0.306511;0.995135 -0.0759234 -0.062785 0.12971 0.0786548 0.996007 0.042238 -0.132549 0.0593274 -0.0469709 0.997133 0.0218001 0 0 0 1 
26875431820200;0.14975;0.0349242;0.999051 0.0155713 -0.0406695 -0.227729 -0.012457 0.99705 0.075737 0.0538544 0.0417289 -0.0751586 0.996298 0.00930369 0 0 0 1 
26875431820201;0.180431;0.0334798;0.995393 -0.0410945 -0.0866301 0.333335 0.0418349 0.999102 0.00674874 -0.159292 0.086275 -0.0103418 0.996218 -0.125351 0 0 0 1 
26875431820202;0.0568232;0.0377105;0.999389 -0.0341281 -0.00756128 -0.0274163 0.0336559 0.997884 -0.0556238 -0.0129933 0.00944362 0.0553354 0.998423 -0.0219761 0 0 0 1 
26875431820203;0.370175;0.334168;0.999781 -0.018346 -0.0101086 -0.0211058 0.0187961 0.998746 0.0464 -0.0496531 0.00924466 -0.0465798 0.998872 0.0149819 0 0 0 1 
26875431820204;0.336699;0.322092;0.99601 0.0890767 0.00549719 -0.130782 -0.0880152 0.990601 -0.104701 0.462418 -0.0147719 0.103799 0.994489 0.0331864 0 0 0 1 
26875431820205;0.579018;0.152853;0.97437 0.0183413 0.224201 0.400704 -0.0387334 0.995464 0.0868975 -0.482393 -0.221591 -0.0933545 0.970661 -0.111859 0 0 0 1 
26875431820206;0.454909;0.0242357;0.945598 0.0351145 0.323435 -0.254842 0.0422961 0.972452 -0.229234 -0.0567531 -0.322575 0.230443 0.918064 1.0618 0 0 0 1 
26875431820207;0.201469;0.165764;0.999299 0.0367397 0.00715799 -0.0355662 -0.0369414 0.998854 0.0304395 0.0368408 -0.00603145 -0.0306826 0.999511 0.0736198 0 0 0 1 
26875431820208;0.418791;0.315781;0.999109 -0.0350767 0.023491 -0.183275 0.0317802 0.991211 0.128413 -0.166238 -0.0277889 -0.127552 0.991442 -0.0273346 0 0 0 1 
26875431820209;0.261543;0.245205;0.999264 -0.0383675 3.74288e-05 0.0145671 0.0383596 0.999037 -0.0212797 0.0239678 0.000779058 0.0212655 0.999774 0.0233114 0 0 0 1 
26875431820210;0.579052;0.337167;0.997743 -0.0667139 0.00766097 -0.31707 0.0656462 0.993023 0.0979617 -0.395434 -0.0141429 -0.0972377 0.995161 -0.093596 0 0 0 1 
26875431820211;0.254845;0.0307124;0.972561 -0.230775 -0.0294548 0.24985 0.230687 0.973007 -0.00641323 -0.435163 0.0301397 -0.00055756 0.999546 0.232488 0 0 0 1 
26875431820212;0.320883;0.0228743;0.96633 -0.123309 0.225835 0.0253052 0.150829 0.982543 -0.108901 -0.236535 -0.208464 0.139297 0.968059 0.715468 0 0 0 1 
26875431820213;0.233658;0.0316451;0.99854 -0.0535742 0.00688143 -0.110278 0.0540076 0.992285 -0.111597 -0.0241551 -0.000849597 0.111806 0.99373 -0.385611 0 0 0 1 
26875431820214;0.442932;0.0345441;0.981818 0.037429 -0.186095 0.335022 -0.0831336 0.966133 -0.244287 0.537726 0.17065 0.255316 0.951679 0.27679 0 0 0 1 
26875431820215;0.292551;0.0278643;0.970366 0.0630673 0.233266 0.0255621 -0.0101298 0.975108 -0.221497 -0.154529 -0.241429 0.21257 0.94685 0.3503 0 0 0 1 
26875431820217;0.53888;0.0130038;0.945681 -0.260644 0.194302 1.01977 0.315148 0.881717 -0.351079 -0.681437 -0.0798126 0.393242 0.915964 -0.401098 0 0 0 1 
26875431820218;0.132212;0.0281598;0.999988 -0.00263682 -0.00418096 -0.00622052 0.00252151 0.999623 -0.02735 0.164597 0.0042515 0.0273392 0.999617 0.113317 0 0 0 1 
26875431820219;0.276971;0.01096;0.991587 -0.0498638 0.119454 0.388957 0.0532295 0.998266 -0.0251508 -0.62375 -0.117992 0.0312977 0.992521 0.353058 0 0 0 1 
26875431820220;0.346183;0.354958;0.997504 0.065511 0.0263455 -0.16959 -0.0661723 0.997493 0.0250653 0.13682 -0.0246374 -0.026746 0.999339 0.194172 0 0 0 1 
26875431820221;0.22686;0.0142368;0.999953 -0.000824256 0.00962649 0.402974 0.000848832 0.999996 -0.00254913 -0.0273465 -0.00962435 0.00255718 0.99995 -0.249227 0 0 0 1 
26875431820222;0.271182;0.240373;0.994925 0.065096 0.0767231 -0.178415 -0.0636884 0.997756 -0.0206545 0.191344 -0.0778955 0.0156633 0.996838 0.258206 0 0 0 1 
26875431820223;0.173034;0.0107981;0.99996 -0.00327728 0.00828567 -0.174934 0.00329786 0.999992 -0.00247108 -0.162558 -0.0082775 0.00249831 0.999963 -0.25195 0 0 0 1 
26875431820224;0.421446;0.0148095;0.995515 0.0577521 0.0749364 -0.705054 -0.0627286 0.995856 0.0658493 -0.327609 -0.0708229 -0.0702546 0.995012 0.62399 0 0 0 1 
26875431820225;0.149136;0.0137957;0.983191 0.182572 -0.00195646 -0.153266 -0.182203 0.981782 0.0539185 0.79671 0.0117648 -0.0526557 0.998543 -0.041537 0 0 0 1 
26875431820226;0.0692592;0.016483;0.999606 -0.0275588 0.00524326 0.168994 0.0276001 0.999587 -0.00796946 -0.115416 -0.00502146 0.00811104 0.999954 -0.0443638 0 0 0 1 
26875431820227;0.394953;0.259465;0.985888 0.150013 0.0742992 -0.380734 -0.156116 0.984112 0.0845687 0.166524 -0.0604323 -0.0949746 0.993644 -0.149433 0 0 0 1 
26875431820228;0.385763;0.021059;0.999769 -0.0207442 0.0055695 -0.249098 0.0212262 0.993871 -0.108493 0.676115 -0.00328477 0.108586 0.994082 0.134431 0 0 0 1 
26875431820229;0.236316;0.0228194;0.979566 -0.0990077 0.175064 0.151744 0.0967952 0.99508 0.0211532 -0.15101 -0.176297 -0.00377553 0.98433 0.79912 0 0 0 1 
26875431820230;0.353557;0.265694;0.981545 0.177606 0.0708942 -0.432155 -0.173289 0.982852 -0.0630371 0.864302 -0.0808742 0.0495886 0.99549 0.182326 0 0 0 1 
26875431820231;0.448584;0.0199665;0.999131 0.0106067 0.0403018 -0.259581 -0.00889492 0.99906 -0.0424174 0.292275 -0.0407139 0.0420221 0.998287 -0.76667 0 0 0 1 
26875431820232;0.290281;0.0173115;0.965036 -0.188112 0.182538 0.549302 0.128043 0.945966 0.297915 -0.608751 -0.228716 -0.264126 0.936977 1.27155 0 0 0 1 
26875431820233;0.217224;0.0175249;0.996548 -0.0705455 -0.0437596 0.566869 0.0700942 0.997471 -0.0117659 -0.295512 0.0444789 0.00865804 0.998973 -0.289472 0 0 0 1 
26875431820234;0.288361;0.0111215;0.986326 -0.155853 -0.053574 0.30677 0.159654 0.984238 0.0760689 -1.29884 0.040874 -0.0835821 0.995662 -0.335964 0 0 0 1 
26875431820235;0.189456;0.0133681;0.978467 -0.150281 -0.141483 0.505805 0.152807 0.988231 0.00709553 -0.753192 0.138752 -0.0285624 0.989915 -0.659153 0 0 0 1 
26875431820236;0.315102;0.0107932;0.934072 0.241085 0.263415 -0.159093 -0.217024 0.969085 -0.117364 1.32736 -0.283566 0.0524595 0.957517 1.5251 0 0 0 1 
26875431820237;0.012092;0.0140158;0.999979 0.000381347 0.00642139 0.00825825 -0.000365082 0.999997 -0.00253393 -0.0346281 -0.00642233 0.00253153 0.999976 0.0316728 0 0 0 1 
26875431820238;0.26454;0.0191326;0.954651 -0.273584 0.117444 0.519129 0.263014 0.959809 0.0979317 -1.40463 -0.139516 -0.0626013 0.988239 0.91996 0 0 0 1 
26875431820239;0.246987;0.0154554;0.999027 0.036775 0.0243268 -0.313486 -0.0388793 0.994945 0.0925897 -0.286399 -0.0207989 -0.0934454 0.995407 0.171569 0 0 0 1 
26875431820240;0.363487;0.195218;0.954691 0.266339 -0.132774 -0.274759 -0.251419 0.960534 0.119007 0.95372 0.159231 -0.0802334 0.983976 -0.948773 0 0 0 1 
26875431820241;0.468508;0.025435;0.892072 -0.451871 0.00441521 0.66913 0.451832 0.89207 0.00771157 -2.25033 -0.00742331 -0.00488435 0.999961 0.433379 0 0 0 1 
26875431820242;0.496458;0.0150719;0.963841 -0.203928 -0.171533 0.874578 0.256693 0.883348 0.39218 -1.99723 0.0715474 -0.42203 0.903754 -0.0188242 0 0 0 1 
26875431820243;0.419239;0.0171409;0.905806 0.263583 0.331723 -0.401417 -0.21615 0.960863 -0.173269 1.34679 -0.364411 0.0852463 0.927328 1.44501 0 0 0 1 
26875431820244;0.327061;0.0191033;0.999985 -0.00114639 0.00532348 -0.493666 0.00175047 0.993376 -0.114895 0.492967 -0.0051565 0.114903 0.993363 -0.0171578 0 0 0 1 
26875431820245;0.440644;0.0112673;0.911888 0.0520153 0.40713 -0.387677 -0.0963667 0.991342 0.0891872 0.240098 -0.398966 -0.120563 0.909006 1.92488 0 0 0 1 
26875431820246;0.33651;0.0166481;0.988394 -0.0526765 0.142485 -0.0817277 0.0407614 0.995522 0.0852879 -0.625322 -0.146339 -0.0784902 0.986116 0.236761 0 0 0 1 
26875431820248;0.482971;0.0244091;0.939711 -0.0842428 -0.331431 0.826366 0.116966 0.989907 0.0800204 -0.398197 0.321345 -0.113962 0.94008 -2.30414 0 0 0 1 
26875431820249;0.481186;0.0242295;0.970805 -0.194486 -0.140403 0.359211 0.183488 0.979115 -0.0875554 -0.724549 0.154499 0.059237 0.986216 0.315122 0 0 0 1 
26875431820250;0.362957;0.0240109;0.965372 0.224435 0.132989 0.138583 -0.208147 0.969953 -0.125964 1.52952 -0.157263 0.0939208 0.98308 0.52713 0 0 0 1 
26875431820251;0.294996;0.0230302;0.995871 0.0902817 -0.00947476 0.627017 -0.0895001 0.993943 0.0637777 0.0825727 0.0151753 -0.0626664 0.997919 -0.28629 0 0 0 1 
26875431820252;0.28587;0.0246375;0.999568 -0.029359 0.0010598 0.317315 0.029359 0.999569 -3.00066e-05 -0.647357 -0.00105846 6.11082e-05 0.999999 0.269874 0 0 0 1 
26875431820253;0.612372;0.0222492;0.95969 0.0872695 -0.267169 1.15715 -0.0243852 0.972842 0.230181 -0.954294 0.280002 -0.214387 0.935755 -1.10619 0 0 0 1 
26875431820254;0.431445;0.365302;0.999151 0.0383084 0.0151772 -0.0449466 -0.0373758 0.997641 -0.0575809 0.245139 -0.0173473 0.0569647 0.998225 -0.0393792 0 0 0 1 
26875431820255;0.351175;0.0227355;0.999629 -0.0255537 0.00942034 -0.28178 0.0254801 0.999644 0.00785446 -0.00221001 -0.0096177 -0.00761152 0.999925 0.811572 0 0 0 1 
26875431820256;0.151421;0.0238311;0.982239 0.187584 -0.00440812 0.14757 -0.187617 0.982203 -0.00882667 0.866985 0.00267393 0.00949693 0.999951 0.0177804 0 0 0 1 
26875431820257;0.412483;0.0262944;0.986796 -0.152651 -0.0541397 -0.101703 0.15769 0.981787 0.10596 -1.64022 0.0369788 -0.113098 0.992895 -0.317461 0 0 0 1 
