#;prob_registration_l1 -r /home/probabilistic_point_clouds_registration/build/tester /home/point_clouds_registration_benchmark//devel/registration_pairs/wood_summer_local.txt /home/point_clouds_registration_benchmark//eth/wood_summer -s 0.2 -t 0.2 -p 0.3 -r 1000 -m 10 -i 40 
id;initial_error;final_error;transformation
2318808360000;0.0774618;0.0248875;0.998009 0.0405257 0.0483327 -0.462493 -0.0403767 0.999176 -0.00405545 0.444859 -0.0484572 0.00209586 0.998823 0.328593 0 0 0 1 
2318808360001;0.306883;0.0217437;0.997367 0.070195 -0.0182191 -0.137696 -0.0704875 0.997385 -0.0159392 0.59582 0.0170526 0.0171814 0.999707 -0.451773 0 0 0 1 
2318808360002;0.495258;0.0375729;0.918396 -0.382155 -0.102504 4.72152 0.380539 0.924077 -0.0356594 -1.77532 0.108349 -0.00625727 0.994093 -0.200888 0 0 0 1 
2318808360003;0.524546;0.320409;0.996913 -0.078515 0.00076887 0.435331 0.0781982 0.993679 0.0805397 -0.89724 -0.00708759 -0.0802309 0.996751 0.63236 0 0 0 1 
2318808360004;0.20511;0.022017;0.99746 -0.0656942 0.0275337 0.624252 0.0656532 0.99784 0.00239235 -0.537172 -0.0276314 -0.000578598 0.999618 -0.173496 0 0 0 1 
2318808360005;0.440296;0.249982;0.995158 -0.0234781 -0.095439 0.402026 0.0386211 0.986351 0.160065 -0.610283 0.0903783 -0.162976 0.982482 0.424777 0 0 0 1 
2318808360006;0.169359;0.0288849;0.996155 -0.0844571 0.0232772 1.0303 0.0848409 0.996266 -0.0160266 -0.457679 -0.0218367 0.0179398 0.999601 0.106752 0 0 0 1 
2318808360007;0.299345;0.251065;0.997324 -0.0642737 0.0348388 0.463223 0.0634948 0.997717 0.0230221 -0.602494 -0.036239 -0.0207484 0.999128 0.403105 0 0 0 1 
2318808360008;0.34518;0.229541;0.985617 0.102609 0.134278 -1.11537 -0.111576 0.99188 0.0610313 0.660751 -0.126925 -0.0751355 0.989063 2.02549 0 0 0 1 
2318808360009;0.553788;0.413254;0.996305 0.0648181 0.0563429 -0.628423 -0.0640792 0.997835 -0.0148244 0.252649 -0.0571818 0.0111592 0.998301 0.452768 0 0 0 1 
2318808360010;0.296129;0.0205099;0.992255 -0.124217 0.000201736 1.2091 0.124099 0.991383 0.0419526 -1.24641 -0.00541121 -0.0416026 0.99912 0.0204698 0 0 0 1 
2318808360011;0.267088;0.0269463;0.973902 -0.191433 0.121934 2.1478 0.178441 0.977796 0.109881 -1.25809 -0.140261 -0.0852553 0.986437 2.30661 0 0 0 1 
2318808360012;0.117207;0.0198454;0.996662 -0.00578174 -0.0814338 0.0984045 0.00975403 0.998777 0.0484664 -0.206501 0.081054 -0.049099 0.9955 -0.277991 0 0 0 1 
2318808360013;0.297157;0.0180935;0.996556 -0.0564401 0.0607565 0.055187 0.0585504 0.997721 -0.0335301 -0.663678 -0.0587256 0.0369719 0.997589 -0.059593 0 0 0 1 
2318808360014;0.320442;0.0261671;0.999992 0.00316728 0.00231037 -0.0103899 -0.00316372 0.999994 -0.00154371 0.0344153 -0.00231525 0.00153639 0.999996 -0.645328 0 0 0 1 
2318808360015;0.329054;0.0230562;0.963268 0.238366 -0.123677 -2.0865 -0.250911 0.963017 -0.0981967 2.45389 0.0956964 0.125622 0.987452 -2.51178 0 0 0 1 
2318808360016;0.335073;0.0208195;0.999314 0.0370086 0.00129068 -0.296436 -0.0370143 0.999303 0.00476254 -0.0403278 -0.00111353 -0.00480705 0.999988 -0.533156 0 0 0 1 
2318808360017;0.483715;0.0148931;0.972082 0.229714 -0.0478253 -2.55105 -0.230033 0.973182 -0.00119616 1.80838 0.046268 0.0121641 0.998855 0.220644 0 0 0 1 
2318808360018;0.313611;0.0217042;0.909478 -0.40317 -0.101509 4.95172 0.393979 0.913742 -0.0992814 -2.08254 0.13278 0.0503019 0.989868 -1.53814 0 0 0 1 
2318808360019;0.502137;0.444652;0.99978 0.0148609 0.014816 -0.179181 -0.0144755 0.999563 -0.0257857 -0.0331142 -0.0151927 0.0255656 0.999558 -0.280704 0 0 0 1 
2318808360020;0.421809;0.0246154;0.965554 0.0236981 0.259121 -0.571276 -0.00159764 0.996365 -0.0851701 0.233625 -0.260197 0.0818224 0.962082 0.551317 0 0 0 1 
2318808360021;0.393879;0.0198466;0.90973 -0.297129 -0.290009 4.29713 0.20211 0.927047 -0.315808 -0.828644 0.362688 0.228686 0.903416 -5.0732 0 0 0 1 
2318808360022;0.404256;0.0320658;0.99529 0.0409751 -0.0878546 -0.36414 -0.0470895 0.996526 -0.0686921 1.16192 0.0847347 0.0725056 0.993762 -1.74734 0 0 0 1 
2318808360023;0.175152;0.0234209;0.979501 -0.189227 0.0690693 1.96062 0.192376 0.980415 -0.0421532 -1.29257 -0.0597401 0.0545764 0.996721 -0.0771543 0 0 0 1 
2318808360024;0.438639;0.0195765;0.993434 0.0142547 -0.113511 -0.847912 -0.0265916 0.993803 -0.107924 0.421046 0.11127 0.110234 0.987658 -2.0835 0 0 0 1 
2318808360025;0.493149;0.0307041;0.985416 -0.170036 -0.00656511 1.70055 0.16977 0.985028 -0.0299718 -0.675104 0.0115631 0.0284201 0.999529 0.350275 0 0 0 1 
2318808360026;0.26214;0.0170159;0.980144 0.0172935 -0.197529 -0.141977 -0.00438253 0.997836 0.0656132 -0.0596712 0.198236 -0.0634448 0.978099 -0.57152 0 0 0 1 
2318808360027;0.301824;0.017624;0.970804 0.239698 -0.00920045 -2.23634 -0.233255 0.934373 -0.269331 2.97808 -0.0559615 0.263614 0.963004 -2.23083 0 0 0 1 
2318808360028;0.111442;0.0220407;0.998951 -0.0306239 -0.0340461 0.350803 0.0348946 0.990516 0.132894 -0.394848 0.0296535 -0.133942 0.990545 1.12764 0 0 0 1 
2318808360029;0.556383;0.0174287;0.99499 -0.0561341 -0.0827266 0.106139 0.0826225 0.927604 0.364313 -0.416574 0.0562872 -0.369323 0.927595 4.17135 0 0 0 1 
2318808360031;0.47988;0.271481;0.990878 0.121672 -0.0579399 -0.593455 -0.122903 0.992252 -0.0181665 1.41243 0.0552807 0.0251218 0.998155 -0.997182 0 0 0 1 
2318808360032;0.536016;0.0104103;0.931281 0.0486013 -0.361046 0.662427 -0.151879 0.952622 -0.263522 2.76346 0.331132 0.300248 0.89454 -6.02482 0 0 0 1 
2318808360033;0.38485;0.00765651;0.988534 0.145814 0.0392363 -1.35518 -0.145504 0.9893 -0.0106538 1.19216 -0.04037 0.00482264 0.999173 -0.395579 0 0 0 1 
2318808360034;0.495664;0.396611;0.999352 0.0337077 0.0126385 -0.284996 -0.0338314 0.99938 0.00971135 0.395303 -0.0123033 -0.0101326 0.999873 -0.149559 0 0 0 1 
2318808360035;0.329409;0.0106518;0.993522 0.104282 -0.0451485 -0.812957 -0.104634 0.994496 -0.00549081 1.10226 0.0443274 0.0101793 0.998965 -1.02839 0 0 0 1 
2318808360036;0.430313;0.00831868;0.906751 0.245212 -0.343037 -1.20794 -0.234018 0.969384 0.0743619 1.99415 0.350769 0.012849 0.936374 -3.02162 0 0 0 1 
2318808360037;0.120765;0.0109612;0.994105 0.0113074 -0.107828 0.0403368 -0.0242498 0.99254 -0.119485 0.469466 0.105673 0.121395 0.986963 -2.1421 0 0 0 1 
2318808360038;0.516165;0.0122622;0.976124 -0.184715 0.114288 1.81017 0.18256 0.982763 0.0291417 -2.00185 -0.117701 -0.00758154 0.99302 1.72929 0 0 0 1 
2318808360039;0.413132;0.0165199;0.972509 -0.128101 0.194466 1.09735 0.121723 0.991568 0.0444512 -0.578777 -0.198521 -0.0195583 0.979902 2.31335 0 0 0 1 
2318808360040;0.306491;0.0140995;0.990134 0.115008 -0.0800555 -0.800933 -0.101637 0.982717 0.154719 0.82746 0.0964657 -0.145056 0.98471 0.375968 0 0 0 1 
2318808360041;0.475776;0.0144392;0.877124 -0.480235 -0.00528215 6.36366 0.47952 0.876324 -0.0460112 -2.61086 0.0267251 0.0378246 0.998927 -0.16101 0 0 0 1 
2318808360042;0.392346;0.00610006;0.994181 0.0453485 0.0977084 -0.583575 -0.0449228 0.998969 -0.00655314 0.412169 -0.0979049 0.00212567 0.995194 1.54809 0 0 0 1 
2318808360043;0.212163;0.0129226;0.992062 0.0632167 -0.108704 -0.463734 -0.0350053 0.969113 0.244119 0.272096 0.120779 -0.238376 0.963633 1.66836 0 0 0 1 
2318808360044;0.216595;0.00858833;0.98882 0.117308 -0.0920505 -1.35229 -0.111077 0.991334 0.0701325 0.689183 0.0994799 -0.0591237 0.993282 -0.0454954 0 0 0 1 
2318808360045;0.469606;0.0185787;0.925244 0.238482 -0.295043 -1.81958 -0.320141 0.9081 -0.269936 4.03949 0.203554 0.344211 0.916561 -4.88281 0 0 0 1 
2318808360046;0.276896;0.00901944;0.999112 0.0181444 0.0380228 -0.0267609 -0.0178734 0.999812 -0.00745431 -0.336764 -0.038151 0.00676809 0.999249 0.0802317 0 0 0 1 
2318808360047;0.219223;0.0115433;0.964035 -0.136686 -0.227933 2.02925 0.131579 0.990595 -0.0375297 -0.799139 0.230919 0.00618877 0.972953 -2.00853 0 0 0 1 
2318808360048;0.2746;0.0170069;0.948159 -0.0259236 0.316737 0.210389 0.00482443 0.997727 0.0672178 -0.0354838 -0.31776 -0.0622051 0.946129 3.31847 0 0 0 1 
2318808360049;0.475244;0.011615;0.919285 -0.301421 -0.253103 4.56844 0.320008 0.946777 0.034769 -2.17858 0.229151 -0.112957 0.966814 -1.15649 0 0 0 1 
2318808360050;0.266943;0.0111822;0.953333 -0.301885 -0.00471972 3.71381 0.301903 0.953332 0.00363494 -2.07073 0.00340213 -0.0048902 0.999982 -0.164319 0 0 0 1 
2318808360051;0.316495;0.0103741;0.975683 -0.0578837 0.211407 0.602489 0.0277282 0.989346 0.142915 -0.403862 -0.217427 -0.133578 0.966893 3.79196 0 0 0 1 
2318808360052;0.442125;0.395093;0.985308 0.139205 0.0989481 -1.40193 -0.132664 0.988693 -0.0699003 1.5059 -0.10756 0.0557464 0.992634 0.456224 0 0 0 1 
2318808360053;0.502153;0.00952124;0.999313 -0.0339871 0.0148121 1.07561 0.0318044 0.991185 0.128611 -0.451279 -0.0190527 -0.128051 0.991585 2.24082 0 0 0 1 
2318808360054;0.189299;0.0121119;0.96712 -0.253966 -0.0133852 3.06421 0.251997 0.964059 -0.084185 -1.62682 0.0342842 0.078044 0.99636 -1.15934 0 0 0 1 
2318808360055;0.56348;0.0155751;0.952807 0.137469 -0.270668 -0.147438 -0.169394 0.980639 -0.0982478 2.36458 0.251922 0.139461 0.957646 -3.55594 0 0 0 1 
2318808360056;0.0419399;0.011289;0.998711 0.0481112 -0.0161687 -0.484264 -0.0480057 0.998824 0.00684592 0.371049 0.0164791 -0.0060609 0.999846 -0.0689841 0 0 0 1 
2318808360057;0.467263;0.0060489;0.997478 -0.0709713 -0.000810714 0.928847 0.0709212 0.997093 -0.0278644 -1.3054 0.00278593 0.0277366 0.999611 -0.81149 0 0 0 1 
2318808360058;0.291617;0.0176281;0.99996 0.00402812 0.00794266 -0.00115275 -0.00509275 0.990288 0.13894 0.483304 -0.00730585 -0.138975 0.990269 1.81395 0 0 0 1 
2318808360059;0.25976;0.0119274;0.975781 0.0238927 -0.21744 0.405395 -0.0403657 0.996614 -0.0716352 0.461393 0.214992 0.0786774 0.973442 -2.35089 0 0 0 1 
2318808360060;0.11731;0.00868488;0.991811 0.0986263 0.0811415 -1.12553 -0.0945677 0.994137 -0.0524362 0.944887 -0.0858373 0.0443334 0.995322 0.23276 0 0 0 1 
2318808360062;0.468711;0.0281825;0.919527 0.386197 -0.0729512 -1.01128 -0.348072 0.886401 0.305187 1.99907 0.182526 -0.255236 0.949494 0.256065 0 0 0 1 
2318808360063;0.468392;0.0109405;0.992478 -0.121413 0.0157082 -0.427168 0.118989 0.986835 0.109539 -1.16415 -0.0288009 -0.106846 0.993858 -0.0439464 0 0 0 1 
2318808360064;0.317402;0.0109956;0.94646 0.322702 0.00871188 -0.542532 -0.322656 0.946495 -0.00636786 1.99272 -0.0103007 0.00321599 0.999942 -0.342718 0 0 0 1 
2318808360065;0.263432;0.0126169;0.97323 -0.21699 0.0757577 0.749639 0.208317 0.972069 0.1081 -1.52257 -0.0970984 -0.0894245 0.991249 1.05935 0 0 0 1 
2318808360066;0.238324;0.0122069;0.999481 -0.0322211 -2.26503e-05 -0.36918 0.0322174 0.999355 0.0158805 -0.412783 -0.00048905 -0.015873 0.999874 0.152919 0 0 0 1 
2318808360067;0.429905;0.0136084;0.993123 0.0969093 -0.0656842 0.750329 -0.0927825 0.993678 0.063213 0.579879 0.0713948 -0.0566839 0.995836 -0.532204 0 0 0 1 
2318808360068;0.55967;0.0119644;0.88703 -0.147327 -0.437577 2.00307 0.226269 0.964827 0.133832 -1.51154 0.402469 -0.217723 0.889166 -2.20967 0 0 0 1 
2318808360069;0.324897;0.0116008;0.997375 0.0660439 0.0296717 0.187252 -0.0665488 0.997649 0.0163604 0.113337 -0.0285214 -0.0182921 0.999426 -0.376254 0 0 0 1 
2318808360070;0.327797;0.0138979;0.995834 0.0586051 0.0698528 0.507527 -0.0547336 0.996923 -0.056106 0.32635 -0.072926 0.052049 0.995978 0.0623578 0 0 0 1 
2318808360071;0.127608;0.0118852;0.989307 0.121309 0.0809727 -0.425999 -0.121855 0.992546 0.00181357 0.751902 -0.0801491 -0.0116611 0.996715 0.447761 0 0 0 1 
2318808360072;0.27755;0.0133863;0.963015 -0.262216 -0.0620113 0.733192 0.262005 0.964996 -0.0116643 -1.15259 0.0628992 -0.0050144 0.998007 -0.54906 0 0 0 1 
2318808360073;0.377754;0.0130133;0.992665 -0.0636436 0.102785 -0.000717872 0.0798003 0.983618 -0.161639 0.0414429 -0.0908138 0.168656 0.981483 -0.684681 0 0 0 1 
2318808360074;0.367604;0.331363;0.997848 -0.063368 -0.0168761 0.313576 0.0632953 0.997983 -0.00481 -0.484241 0.0171469 0.00373147 0.999846 -0.0577161 0 0 0 1 
2318808360075;0.223733;0.0138312;0.964672 -0.0167379 0.262921 0.0748558 0.0143702 0.999837 0.0109259 -0.271831 -0.263061 -0.00676167 0.964755 1.61554 0 0 0 1 
2318808360076;0.344651;0.0110758;0.993294 -0.114896 -0.0128894 0.833582 0.114632 0.964178 0.239209 -0.826661 -0.0150563 -0.239082 0.970883 1.25242 0 0 0 1 
2318808360077;0.167206;0.0138781;0.994981 0.0287877 0.0958386 -0.0109566 -0.0316374 0.999097 0.0283485 0.437152 -0.094936 -0.0312383 0.994993 0.529616 0 0 0 1 
2318808360078;0.455663;0.298227;0.994978 0.0963527 0.0271141 -0.463034 -0.0971732 0.994792 0.0307721 0.322728 -0.0240079 -0.0332523 0.999159 -0.387073 0 0 0 1 
2318808360079;0.349782;0.013389;0.990556 0.0792425 0.111887 -0.213701 -0.0950184 0.985071 0.143552 0.492587 -0.0988412 -0.152828 0.983298 1.72925 0 0 0 1 
2318808360080;0.31557;0.173617;0.993151 0.03031 -0.11284 -0.00637143 -0.0123497 0.987588 0.156582 -0.170035 0.116185 -0.154116 0.981198 -0.195274 0 0 0 1 
2318808360081;0.265138;0.00882012;0.993892 0.077389 -0.0786708 -0.0893887 -0.0943982 0.965458 -0.242858 1.16549 0.0571588 0.248801 0.966866 -0.779333 0 0 0 1 
2318808360082;0.291619;0.169688;0.987677 0.135069 -0.0790607 -0.143134 -0.145205 0.979316 -0.140911 0.986186 0.0583928 0.150654 0.98686 -0.778079 0 0 0 1 
2318808360083;0.406111;0.00960334;0.989449 -0.144071 0.0153219 -0.0161059 0.142584 0.987051 0.0734837 -0.924673 -0.0257104 -0.0705237 0.997179 -0.379446 0 0 0 1 
2318808360084;0.25521;0.19297;0.998329 0.0565993 0.0116543 0.0553491 -0.0544374 0.988804 -0.138933 0.353411 -0.0193873 0.138067 0.990233 -0.31719 0 0 0 1 
2318808360085;0.097134;0.0161732;0.99925 -0.0127492 0.0365541 -0.0213814 0.0118416 0.999619 0.024938 -0.0333277 -0.0368581 -0.0244865 0.99902 0.458855 0 0 0 1 
2318808360086;0.630308;0.551569;0.998588 0.0109134 -0.0519901 0.0205944 -0.00686785 0.996979 0.0773658 -0.127279 0.0526773 -0.0768995 0.995646 -0.17268 0 0 0 1 
2318808360087;0.164964;0.0136903;0.988915 0.144347 0.0347889 -0.352602 -0.140143 0.984813 -0.102486 1.07816 -0.0490542 0.096475 0.994126 -0.0127867 0 0 0 1 
2318808360088;0.426784;0.0155311;0.921481 0.20818 0.327922 -0.28658 -0.139705 0.965379 -0.220287 1.09324 -0.362429 0.157178 0.918662 2.22132 0 0 0 1 
2318808360089;0.0156956;0.00975209;0.999841 -0.0159645 -0.00789245 0.053808 0.0161094 0.999696 0.0186463 -0.124614 0.00759238 -0.0187704 0.999795 0.00474626 0 0 0 1 
2318808360090;0.105965;0.0119424;0.999866 0.00694015 -0.0148042 -0.155031 -0.00709346 0.999921 -0.0103292 0.19071 0.0147313 0.0104329 0.999837 -0.0376674 0 0 0 1 
2318808360091;0.471367;0.00935748;0.941934 -0.0884466 -0.323941 0.919104 0.0121488 0.973033 -0.230345 0.917997 0.335579 0.213034 0.917607 -2.8063 0 0 0 1 
2318808360093;0.358587;0.00850099;0.994667 0.0922999 0.0460242 -0.12361 -0.093 0.995577 0.0133067 0.945435 -0.0445925 -0.017516 0.998852 -0.513217 0 0 0 1 
2318808360094;0.104341;0.0102783;0.996815 0.0794994 0.00636775 0.116638 -0.0792664 0.996373 -0.0309623 0.321066 -0.00880613 0.0303589 0.9995 0.147573 0 0 0 1 
2318808360095;0.369651;0.0135968;0.954293 -0.298719 -0.00952525 0.493574 0.298348 0.954023 -0.028773 -1.27249 0.0176824 0.0246161 0.999541 -0.745446 0 0 0 1 
2318808360096;0.316121;0.00526293;0.999546 0.0296792 -0.00526396 0.697824 -0.029611 0.999482 0.0125897 0.293312 0.00563489 -0.0124281 0.999907 0.348343 0 0 0 1 
2318808360097;0.369151;0.00898247;0.914371 0.282413 0.290119 0.135127 -0.271992 0.959251 -0.0765335 1.11913 -0.299911 -0.00892988 0.953925 1.09285 0 0 0 1 
2318808360098;0.287285;0.0126838;0.953043 -0.302466 0.0149656 0.124083 0.30149 0.952302 0.047167 -1.57026 -0.0285182 -0.0404402 0.998775 -0.122364 0 0 0 1 
2318808360099;0.367143;0.0124169;0.931007 -0.3647 0.0148121 0.540174 0.364827 0.931049 -0.00700149 -2.31363 -0.0112373 0.0119223 0.999866 -0.212548 0 0 0 1 
2318808360100;0.403666;0.00908902;0.989347 -0.138555 -0.0446675 0.990755 0.142069 0.985888 0.0885477 -0.679552 0.0317684 -0.0939503 0.99507 -0.554068 0 0 0 1 
2318808360101;0.302239;0.00864384;0.944089 -0.165592 0.285088 -0.193962 0.177394 0.984011 -0.0158948 -0.910538 -0.277898 0.0655791 0.95837 1.42936 0 0 0 1 
2318808360102;0.281834;0.0121271;0.987908 0.153811 -0.0194909 0.17066 -0.143023 0.952631 0.268401 0.158195 0.0598506 -0.262368 0.96311 -0.352657 0 0 0 1 
2318808360103;0.378578;0.00857232;0.932018 0.194873 -0.30556 0.799703 -0.110404 0.955724 0.272769 0.140845 0.345186 -0.22049 0.912267 -1.52305 0 0 0 1 
2318808360104;0.557659;0.301536;0.993627 -0.10679 0.0360838 -0.381658 0.107683 0.993901 -0.0237908 -0.434079 -0.0333231 0.0275247 0.999066 -0.525123 0 0 0 1 
2318808360105;0.460355;0.274097;0.98909 -0.139747 0.0466019 -0.139369 0.138878 0.990078 0.0213971 -0.786316 -0.0491297 -0.0146917 0.998684 -0.305139 0 0 0 1 
2318808360106;0.53681;0.0115497;0.921413 -0.0763573 -0.381009 1.45446 0.0703657 0.99708 -0.029654 0.42441 0.382161 0.000513559 0.924096 -1.55539 0 0 0 1 
2318808360107;0.116161;0.00266842;0.993693 -0.0171842 0.110812 -0.0506734 0.0274941 0.995361 -0.0921942 -0.0712723 -0.108714 0.0946594 0.989556 0.655459 0 0 0 1 
2318808360108;0.426496;0.00795586;0.971806 0.235765 0.00284055 0.751301 -0.235568 0.971365 -0.0309359 1.20848 -0.0100528 0.0293945 0.999517 -0.608265 0 0 0 1 
2318808360109;0.361092;0.0101898;0.990192 0.138089 0.0212238 -0.8216 -0.137127 0.989681 -0.0415572 1.06686 -0.0267434 0.0382393 0.998911 -0.0626353 0 0 0 1 
2318808360110;0.188673;0.0148632;0.98984 -0.0314585 -0.138661 0.469451 0.0199075 0.996274 -0.0839174 0.186614 0.140784 0.0803045 0.986778 -0.809548 0 0 0 1 
2318808360111;0.302097;0.0101267;0.977055 0.181395 -0.111623 -0.377545 -0.148487 0.955848 0.253586 0.627449 0.152694 -0.231193 0.960851 -0.584161 0 0 0 1 
2318808360112;0.226828;0.00926031;0.960178 -0.260452 -0.101105 0.542336 0.26428 0.964088 0.0262852 -1.30713 0.0906277 -0.0519585 0.994528 -0.389812 0 0 0 1 
2318808360113;0.311079;0.261433;0.995569 -0.0530062 -0.0776661 0.0184989 0.0515767 0.998463 -0.0202989 -0.243149 0.0786226 0.0162032 0.996773 -0.248645 0 0 0 1 
2318808360114;0.267587;0.00510403;0.990486 -0.0485 0.128781 -0.0435305 0.0475194 0.998813 0.0106782 0.0768433 -0.129146 -0.004457 0.991616 1.20491 0 0 0 1 
2318808360115;0.283003;0.00838642;0.995011 -0.0997413 -0.00217841 -0.0457344 0.0961027 0.952394 0.289328 -0.888722 -0.0267832 -0.288094 0.957228 0.703982 0 0 0 1 
2318808360116;0.15967;0.00709256;0.999976 0.00261073 0.00635266 0.222626 -0.0026167 0.999996 0.000931496 0.0233586 -0.0063502 -0.000948097 0.999979 -0.302043 0 0 0 1 
2318808360117;0.274094;0.0156667;0.965926 0.168266 -0.196654 0.565388 -0.201875 0.965308 -0.165611 1.2791 0.161965 0.199668 0.966385 -0.957543 0 0 0 1 
2318808360118;0.309171;0.0116009;0.99597 -0.0596947 0.0669322 0.201615 0.0666999 0.991928 -0.107844 -0.0248677 -0.0599542 0.111874 0.991912 0.958164 0 0 0 1 
2318808360119;0.136528;0.00703536;0.999599 0.00532647 -0.0278102 0.022207 -0.000227402 0.983626 0.18022 -0.209515 0.0283148 -0.180141 0.983233 0.116164 0 0 0 1 
2318808360120;0.394337;0.012001;0.964432 -0.264331 0.000821276 0.394222 0.264316 0.964336 -0.013918 -1.26775 0.00288696 0.01364 0.999903 -0.816726 0 0 0 1 
2318808360121;0.407083;0.302373;0.994546 -0.0875713 0.05665 -0.164143 0.0881725 0.996071 -0.00819802 -0.481131 -0.0557096 0.0131483 0.99836 -0.0597938 0 0 0 1 
2318808360122;0.325576;0.0114782;0.961997 0.0211262 -0.272243 0.873978 -0.00613859 0.998424 0.0557871 -0.0687713 0.272992 -0.0519958 0.96061 -0.99201 0 0 0 1 
2318808360124;0.330187;0.024659;0.952649 -0.162072 0.257279 1.62087 0.113533 0.974509 0.1935 -1.08304 -0.282082 -0.155128 0.946766 3.43367 0 0 0 1 
2318808360125;0.152771;0.0307792;0.989046 -0.147539 0.00450364 1.47621 0.14745 0.988941 0.0159603 -1.20563 -0.00680859 -0.0151214 0.999862 0.288498 0 0 0 1 
2318808360126;0.0910746;0.0216248;0.998372 0.005506 -0.0567724 -0.125139 -0.00723287 0.999516 -0.0302569 0.181326 0.0565784 0.0306183 0.997929 -0.777694 0 0 0 1 
2318808360127;0.146509;0.0222928;0.992833 -0.107041 0.0531535 1.02385 0.104752 0.993518 0.0441438 -0.812101 -0.0575341 -0.0382595 0.99761 0.996592 0 0 0 1 
2318808360128;0.288596;0.016936;0.940201 0.129644 -0.314984 -0.40925 -0.156039 0.985929 -0.0599654 1.40615 0.302777 0.105529 0.947201 -3.31148 0 0 0 1 
2318808360129;0.489639;0.0279249;0.980941 -0.130572 -0.143897 2.04605 0.063292 0.914889 -0.398713 1.2223 0.18371 0.382006 0.905716 -5.24817 0 0 0 1 
2318808360130;0.532869;0.284957;0.990858 -0.040837 0.128583 -0.0761346 0.0336163 0.99776 0.0578353 -0.39906 -0.130657 -0.052984 0.990011 1.8233 0 0 0 1 
2318808360131;0.255773;0.0191752;0.998442 -0.00836469 0.0551647 -0.111711 0.00298745 0.995295 0.096847 -0.15318 -0.0557152 -0.0965313 0.993769 0.894649 0 0 0 1 
2318808360132;0.368015;0.338202;0.997794 0.0387494 0.0539129 -0.647053 -0.0353848 0.997447 -0.0620219 0.328161 -0.0561786 0.0599773 0.996618 -0.18574 0 0 0 1 
2318808360133;0.203483;0.0226643;0.987446 0.131331 -0.0877612 -1.08288 -0.11541 0.979211 0.166814 0.810998 0.107845 -0.154591 0.982075 0.564549 0 0 0 1 
2318808360134;0.215895;0.0278232;0.997645 -0.0205056 -0.0654512 0.569981 0.0179411 0.999057 -0.0395324 -0.202189 0.0662001 0.038265 0.997072 -0.706985 0 0 0 1 
2318808360135;0.357096;0.0215108;0.957746 0.0913179 -0.272733 -0.102785 -0.0983579 0.995076 -0.0122233 1.13166 0.270274 0.0385323 0.962012 -2.15365 0 0 0 1 
2318808360136;0.39267;0.0261791;0.990059 -0.087534 0.110094 0.836925 0.102387 0.985205 -0.137431 -0.0447396 -0.0964352 0.147337 0.984374 -0.203223 0 0 0 1 
2318808360137;0.205186;0.0299135;0.982257 -0.0160403 -0.186851 0.661334 0.0222376 0.999268 0.0311183 -0.226482 0.186216 -0.0347214 0.981895 -1.13814 0 0 0 1 
2318808360138;0.524941;0.0269547;0.984838 -0.164983 0.053618 1.36733 0.164561 0.986291 0.0122082 -1.3783 -0.0548971 -0.00319967 0.998487 -0.511684 0 0 0 1 
2318808360139;0.224459;0.015629;0.991728 0.120337 -0.0446578 -1.12323 -0.127398 0.965263 -0.228115 1.72604 0.0156559 0.231918 0.972609 -2.37785 0 0 0 1 
2318808360140;0.242736;0.0197998;0.992311 0.0617189 0.10728 -0.747836 -0.0523048 0.994706 -0.0884556 0.687219 -0.112172 0.0821642 0.990286 -0.345415 0 0 0 1 
2318808360141;0.27546;0.016908;0.967738 0.240034 0.0765992 -1.99916 -0.236275 0.970129 -0.0549872 2.26793 -0.08751 0.0351147 0.995545 0.0462329 0 0 0 1 
2318808360142;0.19755;0.0296024;0.99358 -0.100774 0.0514214 0.865383 0.100577 0.994909 0.00640971 -0.575643 -0.0518055 -0.00119675 0.998656 0.106067 0 0 0 1 
2318808360143;0.359468;0.0214803;0.972201 -0.0700182 -0.223435 1.04241 0.0751228 0.99707 0.014418 -0.668218 0.221771 -0.0308023 0.974612 -0.770853 0 0 0 1 
2318808360144;0.260225;0.017438;0.982838 -0.177766 0.0492832 1.60611 0.182599 0.975469 -0.122956 -0.925436 -0.0262169 0.129845 0.991188 -1.36832 0 0 0 1 
2318808360145;0.465801;0.0221457;0.908637 -0.23043 0.348255 2.61172 0.248883 0.968496 -0.0085398 -1.55281 -0.335315 0.0944342 0.937361 2.32285 0 0 0 1 
2318808360146;0.208847;0.0285401;0.98432 -0.176388 0.00106238 1.81114 0.171509 0.95565 -0.23941 -0.551584 0.0412137 0.235838 0.970918 -2.74384 0 0 0 1 
2318808360147;0.522631;0.016446;0.946642 0.260052 0.190371 -2.76063 -0.22901 0.958391 -0.170412 2.52211 -0.226766 0.117722 0.966808 -0.149448 0 0 0 1 
2318808360148;0.348601;0.196683;0.992084 0.0798319 0.0969323 -0.859832 -0.0861444 0.994303 0.0627807 0.505373 -0.0913682 -0.070634 0.993309 1.66303 0 0 0 1 
2318808360149;0.220362;0.0245698;0.985565 0.167909 -0.0216193 -1.62187 -0.168562 0.985137 -0.0330606 1.53018 0.0157468 0.0362276 0.999219 -0.812415 0 0 0 1 
2318808360150;0.310305;0.0216339;0.997086 0.0670194 0.0364525 -0.997324 -0.069055 0.995938 0.0577909 0.530664 -0.0324313 -0.0601397 0.997663 0.299207 0 0 0 1 
2318808360151;0.0639999;0.0228954;0.999163 0.0245079 -0.0327556 -0.197259 -0.0232051 0.998947 0.039576 0.116056 0.033691 -0.0387828 0.99868 0.176535 0 0 0 1 
2318808360152;0.508923;0.0216003;0.974339 0.22473 -0.0126226 -1.28671 -0.2248 0.974395 -0.00435495 2.01301 0.0113208 0.00708077 0.999911 0.391062 0 0 0 1 
2318808360153;0.520442;0.263664;0.998231 0.0589349 0.00778545 -0.720527 -0.0587614 0.998053 -0.0208958 0.309737 -0.00900179 0.0204014 0.999751 0.528027 0 0 0 1 
2318808360155;0.242296;0.0258849;0.968571 0.00456932 0.248695 0.153662 0.042193 0.982324 -0.182374 -0.0130692 -0.245133 0.187135 0.951257 -0.00425662 0 0 0 1 
2318808360156;0.545461;0.0383484;0.961185 -0.236051 0.14284 2.4232 0.220375 0.968337 0.117298 -1.95813 -0.166005 -0.0812671 0.982771 1.13068 0 0 0 1 
2318808360157;0.417219;0.0402723;0.957816 -0.213765 -0.192077 2.50522 0.162009 0.953678 -0.253479 -0.044864 0.237364 0.211668 0.94808 -3.48429 0 0 0 1 
2318808360158;0.428586;0.0387336;0.899744 0.220939 -0.37636 -0.669587 -0.248832 0.968184 -0.0265053 2.25939 0.358529 0.117498 0.926094 -3.55588 0 0 0 1 
2318808360159;0.360686;0.0322038;0.948802 -0.165572 0.269 1.78132 0.253547 0.907105 -0.335968 -0.567641 -0.188384 0.386971 0.902643 -2.22257 0 0 0 1 
2318808360160;0.334724;0.0280534;0.925918 0.0580209 0.373242 -0.57116 -0.0330034 0.99678 -0.0730777 0.344198 -0.37628 0.0553457 0.924851 2.35992 0 0 0 1 
2318808360161;0.319806;0.272096;0.998556 0.0304467 0.0442487 -0.471702 -0.0310014 0.999448 0.011905 -0.01797 -0.0438618 -0.0132596 0.99895 0.374546 0 0 0 1 
2318808360162;0.00881013;0.0268016;0.999976 -0.00110631 0.00686475 0.00137513 0.00107475 0.999989 0.00459953 -0.0616889 -0.00686976 -0.00459204 0.999966 0.0942497 0 0 0 1 
2318808360163;0.15049;0.0179668;0.995921 0.0902219 0.00139597 -0.896146 -0.0902078 0.99589 -0.00808287 0.494392 -0.00211948 0.00792397 0.999966 0.0829174 0 0 0 1 
2318808360164;0.34564;0.343187;0.999251 0.0126293 0.0365792 -0.275538 -0.0116308 0.999557 -0.0273815 0.0636148 -0.0369088 0.0269356 0.998956 0.0301658 0 0 0 1 
2318808360165;0.629483;0.0184409;0.932016 -0.151567 0.329202 0.841991 0.192843 0.976484 -0.0963846 -1.76806 -0.306851 0.153316 0.939328 0.494659 0 0 0 1 
2318808360166;0.356263;0.0207424;0.997597 0.0608349 -0.0331486 -0.10113 -0.0628066 0.996092 -0.0621014 0.253129 0.0292411 0.0640341 0.997519 -0.352706 0 0 0 1 
2318808360167;0.348773;0.0320503;0.978038 -0.0412678 0.204299 0.213574 0.116285 0.921506 -0.370546 0.370213 -0.172971 0.386165 0.906067 -2.17517 0 0 0 1 
2318808360168;0.491205;0.0345631;0.968549 -0.11364 -0.221359 1.09673 0.143557 0.981833 0.12408 -0.723745 0.203237 -0.151955 0.967267 0.664766 0 0 0 1 
2318808360169;0.364685;0.0431068;0.99989 -0.0142469 -0.0040551 0.241279 0.0141657 0.999712 -0.019387 0.288072 0.00433014 0.0193274 0.999804 -0.795668 0 0 0 1 
2318808360170;0.293853;0.019794;0.999106 0.0270914 0.0324653 -0.488666 -0.0269188 0.999621 -0.00574036 0.0969487 -0.0326086 0.0048613 0.999456 -0.363317 0 0 0 1 
2318808360171;0.404455;0.0240136;0.995107 0.0535701 0.0830164 -0.962609 -0.072138 0.968087 0.240008 0.038202 -0.0675098 -0.244822 0.967215 2.55344 0 0 0 1 
2318808360172;0.214721;0.0353955;0.989497 -0.0279858 0.141821 0.213298 0.0139443 0.994985 0.0990516 -0.181979 -0.143882 -0.0960337 0.984924 2.31532 0 0 0 1 
2318808360173;0.439959;0.030137;0.996298 -0.0601545 -0.0614191 1.01893 0.0400914 0.957079 -0.28704 0.888483 0.0760497 0.283515 0.955948 -3.49363 0 0 0 1 
2318808360174;0.284722;0.0252934;0.982526 -0.126934 0.136125 1.28502 0.155714 0.961226 -0.227591 -0.935243 -0.101958 0.244811 0.964195 -1.76662 0 0 0 1 
2318808360175;0.207536;0.0232934;0.997864 -0.0477169 -0.0446218 0.457553 0.0463253 0.998423 -0.0317188 -0.720659 0.0460649 0.029584 0.9985 -0.748444 0 0 0 1 
2318808360176;0.417626;0.0312036;0.969135 -0.168452 -0.180006 1.67386 0.212739 0.940394 0.265331 -1.3071 0.124581 -0.295436 0.947205 1.26069 0 0 0 1 
2318808360177;0.414555;0.0356209;0.956353 -0.0572568 -0.286549 1.48463 0.024115 0.992735 -0.11788 0.143866 0.291217 0.105825 0.950786 -2.64225 0 0 0 1 
2318808360178;0.192544;0.0379868;0.995093 -0.097282 0.0180472 0.832105 0.0971763 0.995245 0.00664795 -0.675691 -0.0186081 -0.00486157 0.999815 -0.14931 0 0 0 1 
2318808360179;0.369856;0.182947;0.98985 0.127312 0.063149 -1.13752 -0.122086 0.989235 -0.0806815 0.940565 -0.072741 0.072153 0.994737 0.325169 0 0 0 1 
2318808360180;0.269585;0.0264922;0.999834 0.00887111 0.0159249 -0.100026 -0.00899167 0.999931 0.00751513 0.0860693 -0.0158571 -0.00765707 0.999845 0.705183 0 0 0 1 
2318808360181;0.159003;0.0307963;0.999177 -0.0405062 -0.00189458 0.223216 0.0405262 0.999105 0.0121457 -0.343472 0.0014009 -0.0122125 0.999924 0.351295 0 0 0 1 
2318808360182;0.250033;0.0337476;0.988684 0.147661 -0.0264636 -1.62848 -0.141263 0.975781 0.167022 0.93767 0.0504853 -0.161394 0.985598 1.18495 0 0 0 1 
2318808360183;0.583654;0.0442314;0.943174 -0.318554 -0.0945827 3.70873 0.322858 0.945838 0.0339472 -1.85522 0.0786459 -0.062555 0.994938 -0.95957 0 0 0 1 
2318808360184;0.254669;0.0258797;0.988682 0.148862 -0.0186786 -1.13123 -0.148494 0.988716 0.0197581 1.23746 0.021409 -0.0167609 0.99963 0.36638 0 0 0 1 
2318808360186;0.32371;0.00888948;0.926729 -0.00464032 -0.375702 0.428694 -0.0262715 0.996676 -0.0771129 0.158289 0.374811 0.081333 0.923527 -2.57754 0 0 0 1 
2318808360187;0.391738;0.027637;0.925432 -0.344427 -0.157945 1.40236 0.37642 0.883413 0.279087 -1.78678 0.0434051 -0.31773 0.947187 0.423618 0 0 0 1 
2318808360188;0.250929;0.0149792;0.964661 -0.263419 0.00631148 0.96821 0.255996 0.942615 0.214341 -1.52351 -0.0624107 -0.205151 0.976739 0.830853 0 0 0 1 
2318808360189;0.35413;0.0174852;0.945375 0.246201 -0.21366 0.0257835 -0.197135 0.953784 0.226792 1.18995 0.259622 -0.172284 0.950218 -0.680797 0 0 0 1 
2318808360190;0.38404;0.0114448;0.971706 0.091656 0.217685 -0.58487 -0.0813676 0.995122 -0.0557849 0.590849 -0.221736 0.036494 0.974423 0.463347 0 0 0 1 
2318808360191;0.142007;0.0175751;0.993837 -0.0615087 0.0922156 0.291481 0.0588283 0.997771 0.0315109 -0.377208 -0.0939483 -0.0258918 0.99524 0.408413 0 0 0 1 
2318808360192;0.308225;0.011942;0.997821 -0.0481072 0.0451562 -0.580755 0.0495855 0.99825 -0.0322082 -0.207028 -0.0435277 0.0343771 0.998461 0.164296 0 0 0 1 
2318808360193;0.19468;0.0158105;0.987633 0.0867586 -0.130588 -0.12731 -0.0771002 0.994023 0.0772913 0.658296 0.136513 -0.0662671 0.988419 -0.674302 0 0 0 1 
2318808360194;0.35362;0.0162465;0.994272 -0.0327945 0.101723 -0.203656 0.0309156 0.999322 0.0199931 -0.844675 -0.102309 -0.0167337 0.994612 0.225239 0 0 0 1 
2318808360195;0.220312;0.0151979;0.994397 -0.105243 0.00996154 0.346975 0.103148 0.986577 0.126592 -0.620922 -0.0231508 -0.124855 0.991905 0.0990597 0 0 0 1 
2318808360196;0.321597;0.0173516;0.995454 0.0462752 0.0832462 -0.461523 -0.0413319 0.997333 -0.0601564 0.624996 -0.0858079 0.0564422 0.994712 0.896694 0 0 0 1 
2318808360197;0.117422;0.0197937;0.999745 -0.00641829 0.0216372 0.147116 0.00580017 0.999577 0.0285102 -0.0729788 -0.021811 -0.0283774 0.999359 0.420711 0 0 0 1 
2318808360198;0.145591;0.0120855;0.996151 -0.0699786 -0.0527846 0.130567 0.0696482 0.997539 -0.00807593 -0.445351 0.0532198 0.00436849 0.998573 -0.563619 0 0 0 1 
2318808360199;0.334769;0.0171026;0.999999 0.000569362 -0.00158274 -0.254125 -0.000576831 0.999989 -0.0047226 -0.0178378 0.00158003 0.00472351 0.999988 0.697098 0 0 0 1 
2318808360200;0.307694;0.0175326;0.967947 0.249696 -0.0270207 -0.33132 -0.247603 0.966752 0.0639013 1.90409 0.0420782 -0.0551626 0.99759 0.0595651 0 0 0 1 
2318808360201;0.28708;0.0180934;0.994735 -0.102357 0.00499347 0.842574 0.102386 0.994728 -0.00575188 -0.508287 -0.0043784 0.00623286 0.999971 0.332466 0 0 0 1 
2318808360202;0.140274;0.0130889;0.990678 0.136157 -0.00439565 -0.278058 -0.136216 0.990497 -0.0189814 0.893608 0.00176943 0.0194032 0.99981 0.0893458 0 0 0 1 
2318808360203;0.354364;0.0156129;0.993955 0.0951652 -0.0547481 -0.248278 -0.0845134 0.981509 0.17175 -0.202656 0.0700804 -0.166085 0.983618 0.588084 0 0 0 1 
2318808360204;0.41534;0.017378;0.904196 -0.0706119 0.42124 -0.0441466 0.0141033 0.990638 0.135786 -0.350552 -0.426885 -0.116836 0.896727 2.68515 0 0 0 1 
2318808360205;0.260883;0.0125929;0.988899 -0.131829 -0.0685634 0.326738 0.128397 0.990344 -0.0522794 -1.0874 0.0747933 0.0428957 0.996276 -0.241957 0 0 0 1 
2318808360206;0.381649;0.0117438;0.903119 -0.306259 0.300968 0.902601 0.337369 0.939697 -0.0561331 -1.70932 -0.265628 0.152232 0.951981 1.20307 0 0 0 1 
2318808360207;0.376035;0.0172821;0.902931 0.302683 0.30512 -0.795701 -0.284934 0.953076 -0.102268 1.97495 -0.321758 0.0054022 0.946807 1.98157 0 0 0 1 
2318808360208;0.370049;0.0159535;0.993877 0.0123813 0.1098 -0.397979 -0.0227528 0.995339 0.0937145 -0.0159427 -0.108128 -0.0956389 0.989526 1.67309 0 0 0 1 
2318808360209;0.193142;0.0143313;0.973448 0.201586 -0.108448 -0.213893 -0.200742 0.979464 0.0187655 1.17441 0.110004 0.00350292 0.993925 -0.589123 0 0 0 1 
2318808360210;0.416709;0.197672;0.964834 -0.248725 0.0850404 0.894921 0.222241 0.944635 0.241399 -1.4212 -0.140374 -0.21401 0.966693 1.56214 0 0 0 1 
2318808360211;0.229662;0.0138848;0.98045 -0.189445 -0.0531886 0.731531 0.196401 0.958744 0.205517 -1.35513 0.0120599 -0.211946 0.977207 0.514214 0 0 0 1 
2318808360212;0.235303;0.00945445;0.958557 0.284428 0.0163814 -0.71042 -0.283741 0.95826 -0.0350574 1.50973 -0.025669 0.0289564 0.999251 0.0545766 0 0 0 1 
2318808360213;0.418371;0.0120799;0.970243 0.241921 0.0101309 -0.834536 -0.242072 0.970089 0.0181154 1.34545 -0.00544542 -0.0200288 0.999785 0.856884 0 0 0 1 
2318808360214;0.104638;0.0161347;0.993428 0.114456 -0.00121399 -0.258639 -0.114323 0.992685 0.0388156 0.562853 0.00564779 -0.0384217 0.999246 -0.00161084 0 0 0 1 
2318808360215;0.379457;0.345414;0.998638 0.00882258 -0.0514321 -0.0270206 -0.0110731 0.998986 -0.0436381 0.232834 0.050995 0.0441482 0.997723 -0.261029 0 0 0 1 
2318808360217;0.475077;0.00957937;0.87852 0.230951 -0.418168 -0.0241827 -0.274132 0.960621 -0.0453732 1.91063 0.391222 0.154494 0.907236 -2.90288 0 0 0 1 
2318808360218;0.538469;0.0164935;0.945245 -0.324743 -0.0324518 2.55952 0.325821 0.933296 0.150993 -1.73113 -0.0187466 -0.153299 0.988002 1.80538 0 0 0 1 
2318808360219;0.26223;0.0143193;0.979587 -0.0578777 -0.192511 0.434675 0.0675756 0.996735 0.0441921 -0.209599 0.189324 -0.056299 0.980299 -1.11416 0 0 0 1 
2318808360220;0.178884;0.0140811;0.993996 0.0743664 0.0802562 -0.602662 -0.0651908 0.991629 -0.11145 0.649689 -0.0878725 0.105549 0.990524 0.100378 0 0 0 1 
2318808360221;0.32248;0.0181874;0.926067 -0.304136 0.223386 1.92192 0.296052 0.952627 0.0696731 -1.67384 -0.233993 0.00161189 0.972237 1.39411 0 0 0 1 
2318808360222;0.547442;0.399417;0.998371 0.0550672 -0.0149365 -0.460121 -0.0562288 0.99401 -0.0937196 0.37642 0.00968612 0.0944067 0.995487 -0.280548 0 0 0 1 
2318808360223;0.279763;0.221306;0.998197 0.058319 0.0141894 -0.364396 -0.0585305 0.998173 0.014981 0.225648 -0.0132898 -0.0157845 0.999787 -0.0342234 0 0 0 1 
2318808360224;0.19078;0.0184353;0.987656 -0.153581 0.0307997 0.893989 0.155548 0.984799 -0.0773019 -0.650898 -0.0184594 0.0811385 0.996532 -0.499465 0 0 0 1 
2318808360225;0.382191;0.00917539;0.940307 0.340209 0.00895318 -1.66948 -0.332083 0.922967 -0.194558 2.74725 -0.074454 0.179971 0.98085 -0.980727 0 0 0 1 
2318808360226;0.232462;0.0140042;0.98097 -0.193784 -0.012059 1.1938 0.193141 0.967591 0.162676 -1.03992 -0.0198559 -0.161909 0.986606 1.2835 0 0 0 1 
2318808360227;0.121258;0.0148957;0.999977 0.000275529 0.00684858 -0.00275634 -0.000340466 0.999955 0.00948248 -0.0236866 -0.00684565 -0.00948459 0.999932 -0.142363 0 0 0 1 
2318808360228;0.342472;0.284642;0.999063 0.0415757 -0.0120614 -0.227676 -0.0422133 0.99739 -0.0585745 0.419089 0.00959464 0.0590287 0.99821 -0.418403 0 0 0 1 
2318808360229;0.411101;0.024162;0.984258 0.000614654 0.176737 -0.451208 0.0193846 0.993586 -0.111409 -0.0294797 -0.175672 0.113082 0.977933 1.02791 0 0 0 1 
2318808360230;0.270984;0.00448489;0.941376 -0.336959 -0.0164543 2.3624 0.335136 0.939647 -0.0688986 -1.63142 0.0386773 0.0593451 0.997488 -0.689336 0 0 0 1 
2318808360231;0.448163;0.0163207;0.995263 -0.0275693 -0.0932304 -0.367536 -0.0143162 0.906937 -0.421022 0.989026 0.0961614 0.420362 0.902246 -3.05664 0 0 0 1 
2318808360232;0.480703;0.0140119;0.993378 -0.10612 -0.0440283 0.914342 0.103953 0.99338 -0.0488955 -0.403658 0.0489256 0.0439948 0.997833 -1.44748 0 0 0 1 
2318808360233;0.538633;0.013272;0.977707 0.180732 0.106885 -1.32326 -0.126273 0.912799 -0.388399 2.31201 -0.167761 0.366244 0.915271 -1.09547 0 0 0 1 
2318808360234;0.46577;0.0225188;0.998155 -0.0572829 0.0201488 0.340058 0.0573071 0.998356 -0.000622325 0.498599 -0.02008 0.00177584 0.999797 0.240941 0 0 0 1 
2318808360235;0.501727;0.00531607;0.998416 0.0385709 -0.040951 -0.167448 -0.0377377 0.999069 0.0209277 0.183492 0.04172 -0.0193491 0.998942 -1.12052 0 0 0 1 
2318808360236;0.219286;0.0170493;0.974822 0.191642 -0.113998 -0.803631 -0.192382 0.981309 0.00457892 1.35738 0.112744 0.0174674 0.99347 -1.06305 0 0 0 1 
2318808360237;0.1427;0.0130655;0.99812 -0.0601682 -0.0116627 0.25361 0.0594797 0.996854 -0.0523921 -0.274935 0.0147784 0.0515999 0.998558 -0.603784 0 0 0 1 
2318808360238;0.478527;0.00778381;0.899809 -0.149746 -0.409779 2.17 0.0510914 0.968956 -0.241897 0.332382 0.433281 0.196725 0.879526 -4.14524 0 0 0 1 
2318808360239;0.07712;0.00969603;0.998845 0.0245282 -0.0413056 -0.134341 -0.0257919 0.999207 -0.0303428 0.178303 0.0405286 0.0313731 0.998686 -0.56985 0 0 0 1 
2318808360240;0.277432;0.0130259;0.965482 0.0371269 0.257809 -0.373704 -0.0672847 0.991745 0.109157 0.205459 -0.251628 -0.122736 0.96001 2.52009 0 0 0 1 
2318808360241;0.414755;0.0168914;0.903831 0.196671 -0.380012 0.0707381 -0.155093 0.978294 0.137428 0.874863 0.398792 -0.0652742 0.914715 -1.97317 0 0 0 1 
2318808360242;0.207147;0.0085877;0.987538 -0.156318 -0.018233 1.10015 0.156657 0.987472 0.0189373 -1.22385 0.0150443 -0.0215576 0.999654 0.0978618 0 0 0 1 
2318808360243;0.526989;0.526331;0.999769 -0.018985 -0.0100722 0.200033 0.019628 0.997483 0.0681358 -0.313462 0.00875325 -0.0683178 0.997625 0.21167 0 0 0 1 
2318808360244;0.293823;0.00909494;0.996648 0.0674223 0.0463414 -0.365573 -0.0717798 0.992406 0.099886 0.366975 -0.039255 -0.102878 0.993919 1.37987 0 0 0 1 
2318808360245;0.161157;0.0200574;0.999062 -0.0432912 0.000997989 0.284487 0.0433023 0.998699 -0.0269369 -0.351531 0.000169437 0.0269548 0.999637 -0.452499 0 0 0 1 
2318808360246;0.48133;0.0156644;0.946165 -0.00650172 0.323619 0.058894 -0.0563803 0.981204 0.184552 -0.256279 -0.318736 -0.192863 0.928015 2.66433 0 0 0 1 
2318808360248;0.277285;0.0126049;0.999904 -0.0127478 -0.00542804 0.0440292 0.0129138 0.999413 0.0317311 0.257384 0.00502035 -0.0317981 0.999482 0.574553 0 0 0 1 
2318808360249;0.346523;0.0163078;0.923619 0.350078 0.156122 0.0554651 -0.373517 0.913469 0.161426 1.71382 -0.0861011 -0.20741 0.974458 0.831767 0 0 0 1 
2318808360250;0.347649;0.0149815;0.961971 -0.193448 0.192846 0.0602652 0.201701 0.979155 -0.0239319 -1.64573 -0.184196 0.061919 0.980937 1.22385 0 0 0 1 
2318808360251;0.136295;0.0203326;0.997461 0.0267744 -0.0659905 0.0307402 -0.0169313 0.989222 0.145438 -0.0833625 0.0691733 -0.143952 0.987164 -0.516081 0 0 0 1 
2318808360252;0.263745;0.218164;0.99838 -0.0543042 -0.0169695 0.0488519 0.0544029 0.998504 0.00540946 -0.420461 0.0166503 -0.00632389 0.999841 -0.112428 0 0 0 1 
2318808360253;0.38952;0.0149263;0.943779 -0.325168 0.0595628 -0.3114 0.324944 0.945634 0.0136858 -1.83451 -0.0607748 0.00643815 0.998131 0.329495 0 0 0 1 
2318808360254;0.304973;0.0123646;0.994165 -0.107553 0.0082794 0.649296 0.107301 0.993874 0.0264768 -0.45055 -0.0110763 -0.025434 0.999615 -0.402648 0 0 0 1 
2318808360255;0.467336;0.226329;0.989629 -0.137237 -0.0424256 0.0375807 0.134907 0.989406 -0.0536262 -0.687417 0.0493357 0.0473466 0.997659 0.363508 0 0 0 1 
2318808360256;0.501332;0.215141;0.996991 0.0755441 -0.0174072 -0.138459 -0.0686391 0.964565 0.254761 -0.43231 0.0360361 -0.2528 0.966847 0.014875 0 0 0 1 
2318808360257;0.448145;0.0403695;0.894076 0.408063 0.184695 0.779902 -0.424484 0.903538 0.0585871 1.75569 -0.142972 -0.130781 0.981048 0.671505 0 0 0 1 
2318808360258;0.160463;0.0171262;0.987165 -0.121756 -0.103345 0.329683 0.124665 0.991952 0.0221385 -0.64166 0.0998176 -0.0347378 0.994399 -0.688877 0 0 0 1 
2318808360259;0.461634;0.0391325;0.903537 0.389614 -0.178385 0.141396 -0.353206 0.912861 0.204771 2.25131 0.242622 -0.122011 0.962418 -1.11396 0 0 0 1 
